slabs/1.grd
DSAA
631 301
642000 642630
4946000 4946300
39.16 55.24
[rows 204 to 237 of 300, columns 308 to 384 of 631]
49.96 49.98 49.97 49.94 49.94 49.93 49.91 49.92 49.92 49.85 49.82 49.85 49.83 49.79 49.77 49.78 49.76 49.74 49.74 49.73 49.73 49.66 49.61 49.7 49.74 49.74 49.78 49.77 49.72 49.7 49.68 49.69 49.68 49.67 49.71 49.75 49.75 49.72 49.73 49.77 49.88 49.93 49.86 49.73 49.71 49.76 49.81 49.82 49.8 49.74 49.8 49.81 49.79 49.69 49.67 49.67 49.66 49.65 49.56 49.53 49.52 49.62 49.73 49.81 49.87 49.82 49.81 49.82 49.84 49.83 49.83 49.82 49.79 49.73 49.76 49.81 49.83
49.88 49.94 49.95 49.95 50 49.99 49.94 49.96 49.97 49.87 49.83 49.86 49.88 49.82 49.79 49.78 49.71 49.72 49.76 49.73 49.73 49.71 49.66 49.73 49.75 49.74 49.72 49.73 49.71 49.67 49.67 49.7 49.69 49.68 49.73 49.75 49.77 49.76 49.7 49.73 49.82 49.88 49.89 49.78 49.73 49.81 49.82 49.77 49.73 49.71 49.79 49.78 49.75 49.68 49.66 49.64 49.61 49.58 49.52 49.53 49.52 49.58 49.72 49.8 49.84 49.85 49.82 49.82 49.84 49.84 49.83 49.83 49.79 49.74 49.74 49.77 49.79
49.86 49.93 49.96 49.97 50.04 50.03 50 50.02 50.03 49.94 49.89 49.9 49.88 49.81 49.78 49.77 49.7 49.73 49.75 49.76 49.77 49.77 49.73 49.74 49.75 49.77 49.76 49.72 49.7 49.7 49.68 49.71 49.72 49.71 49.75 49.77 49.79 49.79 49.7 49.73 49.8 49.86 49.9 49.83 49.78 49.83 49.83 49.74 49.7 49.69 49.75 49.73 49.68 49.65 49.65 49.63 49.59 49.52 49.49 49.51 49.53 49.5 49.67 49.75 49.78 49.84 49.8 49.78 49.8 49.83 49.81 49.81 49.76 49.71 49.69 49.69 49.72
49.9 49.96 49.99 50.01 50.03 50.02 50 50.02 50 49.94 49.89 49.88 49.87 49.86 49.81 49.78 49.75 49.75 49.74 49.77 49.79 49.8 49.75 49.78 49.79 49.8 49.76 49.71 49.71 49.72 49.71 49.73 49.74 49.74 49.73 49.78 49.78 49.76 49.7 49.73 49.79 49.86 49.89 49.89 49.86 49.86 49.85 49.79 49.77 49.7 49.71 49.69 49.66 49.64 49.65 49.64 49.62 49.57 49.5 49.5 49.52 49.51 49.63 49.69 49.71 49.79 49.8 49.78 49.81 49.81 49.81 49.79 49.76 49.7 49.67 49.67 49.73
49.95 49.99 50 50.02 50.02 50 49.99 49.97 49.95 49.92 49.89 49.88 49.91 49.96 49.87 49.76 49.74 49.74 49.76 49.78 49.8 49.8 49.74 49.8 49.8 49.75 49.7 49.68 49.7 49.7 49.71 49.7 49.71 49.73 49.68 49.72 49.71 49.71 49.68 49.7 49.75 49.81 49.85 49.88 49.88 49.87 49.84 49.83 49.84 49.74 49.71 49.69 49.68 49.66 49.68 49.64 49.61 49.58 49.5 49.49 49.5 49.56 49.66 49.7 49.68 49.76 49.8 49.79 49.79 49.78 49.79 49.79 49.77 49.73 49.71 49.7 49.76
49.95 49.99 50.01 49.99 49.99 50 50 49.94 49.94 49.95 49.94 49.94 49.95 50 49.9 49.75 49.72 49.71 49.77 49.75 49.75 49.76 49.75 49.8 49.75 49.69 49.63 49.64 49.67 49.67 49.67 49.64 49.67 49.7 49.65 49.63 49.64 49.65 49.66 49.68 49.69 49.75 49.8 49.83 49.85 49.85 49.81 49.82 49.83 49.78 49.76 49.73 49.71 49.69 49.69 49.63 49.57 49.58 49.54 49.53 49.53 49.58 49.66 49.7 49.71 49.74 49.76 49.75 49.75 49.74 49.77 49.82 49.79 49.75 49.72 49.7 49.74
49.88 49.97 50.01 49.98 49.98 50 50.01 49.96 49.95 49.98 49.97 49.96 49.95 49.97 49.89 49.75 49.7 49.69 49.76 49.73 49.73 49.74 49.76 49.77 49.73 49.7 49.64 49.63 49.64 49.66 49.62 49.6 49.63 49.64 49.62 49.58 49.6 49.62 49.65 49.66 49.64 49.69 49.75 49.8 49.85 49.86 49.82 49.79 49.79 49.79 49.75 49.71 49.69 49.67 49.65 49.61 49.55 49.56 49.55 49.56 49.53 49.58 49.65 49.68 49.7 49.74 49.74 49.74 49.71 49.72 49.77 49.82 49.81 49.77 49.71 49.68 49.66
49.85 49.95 50.01 50 50 50.02 50.03 50.01 49.97 49.97 49.98 49.93 49.9 49.89 49.85 49.75 49.68 49.68 49.72 49.73 49.74 49.75 49.75 49.73 49.71 49.7 49.67 49.62 49.62 49.66 49.62 49.57 49.58 49.58 49.57 49.55 49.55 49.6 49.65 49.65 49.61 49.62 49.69 49.78 49.88 49.91 49.86 49.77 49.73 49.74 49.71 49.65 49.64 49.61 49.59 49.58 49.52 49.5 49.48 49.5 49.51 49.57 49.62 49.62 49.7 49.76 49.76 49.76 49.72 49.74 49.77 49.79 49.82 49.82 49.77 49.73 49.63
49.86 49.96 50.02 50.02 50.02 50.05 50.05 50.05 49.97 49.93 49.96 49.9 49.84 49.84 49.84 49.78 49.71 49.7 49.7 49.7 49.75 49.77 49.73 49.73 49.71 49.68 49.68 49.61 49.56 49.6 49.62 49.57 49.57 49.57 49.57 49.55 49.55 49.59 49.65 49.66 49.65 49.66 49.69 49.8 49.92 49.93 49.87 49.78 49.75 49.74 49.67 49.61 49.6 49.57 49.57 49.57 49.49 49.45 49.44 49.45 49.49 49.54 49.58 49.57 49.67 49.75 49.78 49.79 49.76 49.75 49.78 49.79 49.81 49.85 49.83 49.79 49.68
49.88 49.96 50.01 50.05 50.05 50.05 50.04 50.04 49.96 49.9 49.92 49.91 49.86 49.85 49.87 49.83 49.76 49.73 49.74 49.73 49.74 49.77 49.76 49.77 49.72 49.68 49.69 49.61 49.55 49.56 49.61 49.6 49.58 49.58 49.6 49.58 49.58 49.59 49.64 49.67 49.69 49.72 49.75 49.82 49.88 49.89 49.85 49.79 49.78 49.75 49.67 49.62 49.6 49.57 49.59 49.58 49.5 49.44 49.44 49.45 49.47 49.51 49.56 49.59 49.66 49.72 49.74 49.76 49.78 49.78 49.78 49.79 49.82 49.83 49.82 49.76 49.67
49.85 49.92 49.99 50.06 50.06 50.01 50 50.03 49.98 49.92 49.9 49.9 49.85 49.81 49.86 49.85 49.8 49.78 49.79 49.77 49.75 49.76 49.8 49.78 49.72 49.68 49.67 49.61 49.59 49.6 49.61 49.59 49.58 49.57 49.6 49.59 49.58 49.58 49.6 49.63 49.66 49.72 49.75 49.78 49.82 49.83 49.83 49.79 49.79 49.76 49.7 49.68 49.65 49.6 49.62 49.61 49.56 49.5 49.48 49.46 49.48 49.49 49.55 49.58 49.63 49.66 49.68 49.7 49.75 49.79 49.77 49.78 49.8 49.81 49.8 49.78 49.66
49.81 49.87 49.97 50.06 50.06 50.01 50.01 50.03 50 49.96 49.9 49.84 49.78 49.76 49.86 49.84 49.81 49.83 49.74 49.73 49.72 49.77 49.82 49.78 49.71 49.67 49.66 49.64 49.65 49.65 49.64 49.61 49.58 49.54 49.55 49.57 49.58 49.59 49.58 49.6 49.64 49.71 49.74 49.76 49.8 49.81 49.81 49.79 49.78 49.75 49.7 49.71 49.69 49.63 49.64 49.65 49.64 49.57 49.49 49.46 49.51 49.54 49.58 49.55 49.56 49.6 49.67 49.7 49.68 49.74 49.76 49.76 49.77 49.79 49.81 49.83 49.71
49.8 49.86 49.94 50.02 50.05 50.05 49.99 49.99 49.98 49.97 49.91 49.8 49.76 49.77 49.86 49.83 49.8 49.84 49.74 49.72 49.68 49.73 49.82 49.78 49.71 49.66 49.67 49.69 49.69 49.67 49.67 49.63 49.59 49.53 49.52 49.53 49.56 49.59 49.58 49.57 49.62 49.71 49.76 49.77 49.8 49.82 49.82 49.79 49.79 49.74 49.65 49.64 49.64 49.62 49.65 49.68 49.66 49.59 49.5 49.49 49.57 49.57 49.6 49.57 49.54 49.57 49.65 49.7 49.68 49.72 49.76 49.77 49.76 49.76 49.79 49.82 49.76
49.81 49.85 49.87 49.94 50.02 50.07 49.96 49.94 49.95 49.97 49.91 49.78 49.75 49.77 49.86 49.86 49.82 49.86 49.82 49.71 49.64 49.64 49.77 49.79 49.75 49.7 49.68 49.68 49.69 49.66 49.64 49.62 49.61 49.58 49.53 49.51 49.52 49.59 49.6 49.6 49.61 49.69 49.77 49.79 49.79 49.81 49.83 49.82 49.82 49.73 49.64 49.58 49.6 49.63 49.66 49.68 49.65 49.58 49.54 49.55 49.57 49.54 49.56 49.55 49.56 49.57 49.6 49.65 49.67 49.73 49.76 49.78 49.75 49.72 49.72 49.8 49.79
49.79 49.8 49.78 49.86 49.97 50.03 49.97 49.95 49.95 49.97 49.94 49.84 49.82 49.82 49.87 49.86 49.82 49.85 49.84 49.69 49.59 49.59 49.72 49.81 49.81 49.76 49.68 49.64 49.64 49.63 49.61 49.6 49.6 49.58 49.53 49.51 49.53 49.6 49.64 49.64 49.63 49.64 49.71 49.76 49.79 49.79 49.81 49.83 49.82 49.71 49.66 49.63 49.63 49.65 49.66 49.67 49.63 49.56 49.54 49.53 49.53 49.53 49.54 49.57 49.59 49.62 49.62 49.63 49.64 49.69 49.74 49.76 49.75 49.7 49.67 49.77 49.8
49.78 49.77 49.76 49.86 49.92 49.94 49.96 49.98 49.96 49.98 50.01 49.94 49.88 49.85 49.86 49.83 49.81 49.83 49.86 49.74 49.63 49.6 49.69 49.79 49.81 49.77 49.68 49.63 49.61 49.62 49.59 49.55 49.55 49.53 49.5 49.51 49.56 49.61 49.66 49.66 49.69 49.63 49.64 49.7 49.77 49.74 49.76 49.79 49.79 49.72 49.67 49.65 49.62 49.63 49.63 49.61 49.57 49.52 49.5 49.49 49.48 49.52 49.55 49.61 49.61 49.64 49.67 49.63 49.61 49.66 49.69 49.72 49.75 49.73 49.69 49.74 49.79
49.78 49.77 49.83 49.91 49.9 49.9 49.95 50 49.97 49.98 50.03 49.97 49.89 49.87 49.85 49.83 49.82 49.84 49.88 49.81 49.7 49.65 49.69 49.74 49.75 49.74 49.68 49.66 49.62 49.64 49.56 49.5 49.5 49.5 49.48 49.51 49.58 49.61 49.65 49.67 49.73 49.69 49.65 49.65 49.68 49.64 49.7 49.75 49.73 49.69 49.62 49.61 49.57 49.6 49.59 49.55 49.51 49.47 49.46 49.44 49.44 49.53 49.58 49.63 49.61 49.62 49.65 49.63 49.63 49.64 49.63 49.68 49.73 49.73 49.71 49.68 49.72
49.8 49.78 49.86 49.92 49.9 49.91 49.96 49.99 49.96 49.96 50 49.98 49.94 49.91 49.9 49.87 49.85 49.86 49.88 49.86 49.79 49.72 49.72 49.72 49.71 49.7 49.68 49.7 49.65 49.65 49.58 49.51 49.5 49.5 49.47 49.49 49.56 49.62 49.64 49.65 49.7 49.7 49.69 49.67 49.64 49.62 49.67 49.7 49.68 49.65 49.57 49.57 49.53 49.59 49.61 49.56 49.5 49.47 49.46 49.44 49.44 49.56 49.62 49.62 49.6 49.6 49.59 49.61 49.64 49.66 49.64 49.68 49.71 49.75 49.74 49.61 49.58
49.81 49.79 49.86 49.88 49.86 49.9 49.96 49.99 49.96 49.95 49.97 49.99 50 49.95 49.93 49.9 49.86 49.87 49.86 49.85 49.85 49.75 49.73 49.73 49.71 49.68 49.66 49.68 49.61 49.61 49.61 49.58 49.57 49.52 49.48 49.46 49.5 49.6 49.63 49.62 49.67 49.7 49.72 49.73 49.7 49.69 49.7 49.7 49.66 49.64 49.57 49.54 49.54 49.58 49.61 49.58 49.54 49.54 49.54 49.52 49.48 49.54 49.59 49.58 49.59 49.59 49.58 49.59 49.64 49.68 49.69 49.69 49.72 49.78 49.76 49.6 49.52
49.78 49.81 49.86 49.89 49.86 49.87 49.94 49.98 49.97 49.95 49.94 49.97 50 49.94 49.86 49.88 49.9 49.86 49.82 49.78 49.8 49.75 49.72 49.71 49.69 49.69 49.66 49.66 49.6 49.58 49.63 49.62 49.57 49.53 49.49 49.48 49.47 49.56 49.59 49.6 49.65 49.68 49.68 49.69 49.72 49.75 49.75 49.73 49.66 49.63 49.57 49.53 49.56 49.57 49.56 49.56 49.54 49.57 49.59 49.59 49.51 49.49 49.52 49.54 49.56 49.57 49.58 49.58 49.63 49.67 49.69 49.66 49.72 49.78 49.76 49.7 49.64
49.77 49.82 49.86 49.91 49.9 49.88 49.91 49.95 49.98 49.98 49.94 49.95 49.99 49.92 49.81 49.84 49.89 49.85 49.83 49.8 49.8 49.8 49.75 49.7 49.65 49.71 49.7 49.66 49.6 49.59 49.62 49.61 49.54 49.52 49.49 49.48 49.45 49.51 49.55 49.57 49.62 49.66 49.67 49.64 49.71 49.78 49.79 49.77 49.7 49.64 49.56 49.53 49.56 49.54 49.51 49.51 49.53 49.58 49.56 49.58 49.52 49.46 49.46 49.48 49.52 49.56 49.58 49.6 49.65 49.66 49.68 49.64 49.69 49.76 49.79 49.81 49.79
49.81 49.84 49.86 49.87 49.87 49.89 49.9 49.94 49.97 49.99 49.95 49.95 49.98 49.91 49.82 49.79 49.84 49.85 49.86 49.85 49.84 49.81 49.74 49.68 49.65 49.71 49.68 49.61 49.55 49.6 49.61 49.59 49.54 49.51 49.48 49.47 49.48 49.49 49.5 49.52 49.59 49.68 49.69 49.66 49.68 49.76 49.8 49.81 49.74 49.68 49.63 49.6 49.57 49.51 49.48 49.51 49.57 49.59 49.54 49.56 49.53 49.46 49.44 49.46 49.53 49.59 49.62 49.64 49.66 49.66 49.66 49.66 49.69 49.76 49.81 49.8 49.8
49.79 49.82 49.83 49.79 49.79 49.84 49.86 49.91 49.95 49.99 49.97 49.95 49.95 49.92 49.83 49.78 49.8 49.83 49.84 49.82 49.81 49.77 49.71 49.66 49.69 49.71 49.65 49.59 49.56 49.61 49.61 49.6 49.55 49.5 49.47 49.44 49.48 49.46 49.44 49.48 49.58 49.7 49.72 49.67 49.64 49.7 49.78 49.81 49.73 49.68 49.69 49.66 49.57 49.49 49.46 49.49 49.58 49.6 49.56 49.56 49.55 49.49 49.47 49.49 49.51 49.55 49.6 49.63 49.63 49.64 49.63 49.67 49.7 49.73 49.77 49.76 49.75
49.78 49.81 49.83 49.79 49.77 49.78 49.83 49.9 49.94 49.98 49.98 49.98 49.94 49.93 49.87 49.8 49.75 49.76 49.78 49.77 49.77 49.75 49.76 49.76 49.73 49.7 49.65 49.62 49.6 49.6 49.6 49.6 49.56 49.5 49.49 49.44 49.48 49.45 49.42 49.48 49.56 49.66 49.68 49.65 49.61 49.66 49.73 49.75 49.68 49.66 49.69 49.67 49.59 49.51 49.47 49.46 49.54 49.58 49.54 49.51 49.54 49.51 49.49 49.48 49.48 49.53 49.58 49.59 49.62 49.62 49.6 49.66 49.69 49.68 49.71 49.71 49.7
49.83 49.84 49.87 49.84 49.79 49.8 49.84 49.89 49.91 49.92 49.96 49.98 49.93 49.91 49.87 49.81 49.76 49.74 49.75 49.74 49.75 49.76 49.8 49.81 49.74 49.66 49.64 49.64 49.64 49.6 49.58 49.56 49.55 49.54 49.55 49.51 49.49 49.45 49.42 49.45 49.5 49.59 49.65 49.68 49.62 49.62 49.68 49.7 49.67 49.67 49.68 49.67 49.63 49.57 49.51 49.47 49.5 49.56 49.55 49.51 49.52 49.5 49.49 49.45 49.5 49.57 49.6 49.56 49.6 49.61 49.6 49.65 49.67 49.66 49.7 49.7 49.69
49.8 49.84 49.86 49.85 49.81 49.79 49.82 49.86 49.87 49.91 49.95 49.95 49.92 49.9 49.88 49.85 49.79 49.76 49.78 49.78 49.78 49.78 49.78 49.78 49.69 49.62 49.62 49.61 49.65 49.6 49.58 49.56 49.55 49.56 49.58 49.56 49.51 49.46 49.41 49.41 49.45 49.55 49.63 49.7 49.62 49.58 49.63 49.65 49.67 49.69 49.68 49.67 49.66 49.58 49.55 49.48 49.5 49.56 49.58 49.56 49.54 49.52 49.51 49.47 49.52 49.56 49.57 49.53 49.58 49.62 49.63 49.65 49.68 49.68 49.71 49.72 49.7
49.75 49.84 49.87 49.86 49.83 49.78 49.83 49.86 49.87 49.92 49.93 49.92 49.93 49.92 49.9 49.88 49.81 49.78 49.79 49.8 49.79 49.78 49.75 49.72 49.66 49.62 49.62 49.58 49.57 49.55 49.55 49.59 49.57 49.56 49.59 49.57 49.51 49.46 49.43 49.43 49.45 49.52 49.58 49.63 49.58 49.58 49.64 49.62 49.65 49.72 49.7 49.68 49.65 49.57 49.56 49.5 49.48 49.5 49.53 49.59 49.58 49.56 49.53 49.51 49.54 49.51 49.54 49.52 49.58 49.62 49.64 49.66 49.7 49.71 49.73 49.72 49.72
49.79 49.85 49.85 49.82 49.82 49.8 49.87 49.89 49.9 49.92 49.94 49.94 49.98 49.97 49.91 49.87 49.81 49.79 49.78 49.79 49.78 49.78 49.76 49.72 49.68 49.64 49.68 49.59 49.49 49.51 49.54 49.59 49.57 49.56 49.59 49.59 49.5 49.47 49.48 49.5 49.49 49.53 49.55 49.56 49.57 49.58 49.64 49.64 49.67 49.74 49.72 49.66 49.62 49.58 49.55 49.51 49.45 49.43 49.49 49.58 49.58 49.55 49.52 49.53 49.55 49.52 49.55 49.57 49.6 49.61 49.62 49.67 49.7 49.72 49.71 49.69 49.71
49.81 49.84 49.83 49.79 49.83 49.83 49.87 49.89 49.88 49.9 49.96 49.98 50 49.98 49.91 49.87 49.83 49.8 49.79 49.77 49.76 49.79 49.8 49.75 49.7 49.67 49.69 49.61 49.51 49.51 49.54 49.57 49.54 49.55 49.58 49.58 49.5 49.47 49.49 49.51 49.51 49.53 49.53 49.55 49.57 49.56 49.59 49.63 49.66 49.73 49.71 49.63 49.61 49.59 49.53 49.46 49.42 49.41 49.47 49.54 49.56 49.55 49.52 49.52 49.54 49.55 49.57 49.6 49.59 49.59 49.6 49.66 49.69 49.69 49.67 49.63 49.65
49.8 49.83 49.84 49.81 49.85 49.83 49.86 49.89 49.84 49.86 49.96 49.99 49.94 49.94 49.89 49.87 49.85 49.81 49.8 49.76 49.72 49.75 49.77 49.74 49.69 49.68 49.66 49.58 49.54 49.56 49.6 49.6 49.53 49.53 49.54 49.52 49.47 49.46 49.46 49.47 49.48 49.51 49.51 49.56 49.57 49.56 49.57 49.6 49.63 49.67 49.66 49.59 49.56 49.54 49.5 49.41 49.39 49.41 49.45 49.51 49.56 49.57 49.55 49.55 49.52 49.54 49.55 49.57 49.55 49.55 49.57 49.63 49.66 49.67 49.66 49.63 49.63
49.8 49.82 49.83 49.81 49.83 49.82 49.85 49.88 49.82 49.79 49.86 49.88 49.85 49.89 49.87 49.85 49.83 49.81 49.78 49.71 49.69 49.7 49.69 49.7 49.7 49.68 49.65 49.55 49.54 49.61 49.69 49.64 49.54 49.52 49.53 49.5 49.46 49.44 49.44 49.44 49.47 49.51 49.52 49.56 49.57 49.57 49.58 49.59 49.61 49.61 49.6 49.54 49.51 49.48 49.5 49.42 49.39 49.43 49.46 49.52 49.57 49.57 49.56 49.56 49.5 49.5 49.55 49.56 49.52 49.51 49.54 49.6 49.62 49.65 49.67 49.68 49.68
49.83 49.8 49.8 49.8 49.82 49.85 49.85 49.84 49.78 49.72 49.75 49.75 49.78 49.87 49.85 49.79 49.76 49.75 49.74 49.66 49.69 49.7 49.68 49.7 49.72 49.72 49.69 49.57 49.51 49.59 49.68 49.67 49.54 49.51 49.53 49.52 49.49 49.46 49.42 49.43 49.48 49.51 49.52 49.56 49.57 49.59 49.62 49.6 49.59 49.59 49.59 49.56 49.5 49.45 49.48 49.44 49.42 49.46 49.51 49.54 49.56 49.56 49.54 49.55 49.54 49.49 49.54 49.56 49.52 49.51 49.56 49.6 49.62 49.64 49.68 49.71 49.72
49.87 49.82 49.82 49.83 49.84 49.85 49.85 49.83 49.75 49.69 49.7 49.7 49.74 49.84 49.84 49.76 49.71 49.73 49.75 49.69 49.72 49.73 49.71 49.69 49.72 49.74 49.73 49.59 49.49 49.57 49.62 49.65 49.56 49.49 49.51 49.52 49.49 49.46 49.42 49.44 49.48 49.49 49.51 49.57 49.59 49.59 49.62 49.59 49.58 49.6 49.61 49.61 49.54 49.46 49.46 49.43 49.42 49.47 49.54 49.54 49.54 49.57 49.54 49.54 49.59 49.53 49.54 49.54 49.51 49.52 49.6 49.62 49.61 49.63 49.68 49.71 49.72
49.88 49.83 49.83 49.84 49.83 49.83 49.83 49.85 49.77 49.66 49.63 49.65 49.68 49.78 49.82 49.75 49.72 49.76 49.78 49.73 49.72 49.72 49.72 49.66 49.69 49.71 49.71 49.61 49.53 49.56 49.54 49.61 49.58 49.5 49.52 49.51 49.5 49.5 49.46 49.48 49.49 49.48 49.51 49.57 49.6 49.58 49.57 49.6 49.59 49.59 49.59 49.6 49.54 49.47 49.46 49.41 49.38 49.43 49.49 49.53 49.53 49.58 49.55 49.54 49.59 49.56 49.56 49.54 49.5 49.53 49.6 49.64 49.62 49.64 49.67 49.68 49.71
