slabs/1.grd
DSAA
631 301
642000 642630
4946000 4946300
39.16 55.24
[rows 204 to 237 of 300, columns 231 to 307 of 631]
49.82 49.77 49.78 49.77 49.75 49.74 49.74 49.76 49.74 49.76 49.78 49.74 49.67 49.64 49.64 49.55 49.48 49.19 48.88 48.31 47.7 47.67 47.79 47.83 47.88 47.89 47.89 47.9 47.89 47.89 47.92 47.91 47.85 47.76 47.73 47.9 48.43 48.85 49.29 49.67 49.77 49.71 49.73 49.74 49.75 49.76 49.75 49.81 49.88 49.93 49.82 49.79 49.91 50.04 50.16 50.21 50.24 50.2 50.17 50.18 50.19 50.19 50.19 50.17 50.16 50.17 50.18 50.17 50.16 50.09 50.02 49.96 49.92 49.96 49.97 50 49.99
49.86 49.79 49.78 49.75 49.73 49.73 49.75 49.78 49.74 49.77 49.81 49.79 49.73 49.69 49.69 49.61 49.51 49.31 49.11 48.64 47.91 47.7 47.78 47.85 47.88 47.89 47.91 47.9 47.89 47.89 47.91 47.93 47.9 47.84 47.75 47.74 48.13 48.51 48.99 49.53 49.78 49.79 49.75 49.72 49.71 49.73 49.73 49.79 49.88 49.95 49.89 49.86 49.9 49.99 50.12 50.18 50.2 50.19 50.15 50.16 50.16 50.14 50.16 50.16 50.16 50.13 50.14 50.14 50.13 50.09 49.98 49.91 49.88 49.91 49.89 49.89 49.89
49.85 49.79 49.78 49.73 49.73 49.78 49.82 49.84 49.76 49.75 49.79 49.82 49.8 49.73 49.67 49.63 49.54 49.37 49.24 48.93 48.21 47.83 47.78 47.85 47.88 47.88 47.9 47.91 47.92 47.94 47.93 47.94 47.95 47.93 47.85 47.74 48 48.32 48.77 49.39 49.76 49.84 49.77 49.72 49.73 49.75 49.77 49.82 49.86 49.93 49.96 49.94 49.93 49.95 50.08 50.13 50.15 50.16 50.12 50.14 50.14 50.11 50.14 50.13 50.12 50.09 50.1 50.12 50.1 50.12 50.03 49.94 49.9 49.88 49.83 49.81 49.83
49.85 49.81 49.79 49.73 49.74 49.83 49.89 49.88 49.8 49.77 49.79 49.84 49.86 49.73 49.63 49.61 49.54 49.41 49.32 49.18 48.66 48.19 47.85 47.82 47.88 47.89 47.88 47.92 47.94 47.96 47.94 47.94 47.96 47.96 47.93 47.8 47.91 48.14 48.55 49.19 49.67 49.83 49.78 49.71 49.71 49.76 49.8 49.82 49.83 49.89 50.01 50 49.94 49.93 50.05 50.09 50.11 50.13 50.12 50.15 50.15 50.13 50.15 50.11 50.09 50.06 50.1 50.12 50.1 50.15 50.11 50.02 49.95 49.89 49.81 49.79 49.85
49.87 49.83 49.79 49.74 49.76 49.85 49.88 49.86 49.84 49.82 49.82 49.85 49.83 49.69 49.6 49.59 49.53 49.46 49.42 49.39 49.05 48.63 48.03 47.78 47.85 47.9 47.9 47.92 47.95 47.97 47.95 47.94 47.96 47.98 47.95 47.84 47.82 47.93 48.34 48.98 49.5 49.76 49.81 49.73 49.7 49.75 49.79 49.8 49.81 49.85 50.02 50.05 49.96 49.95 50.02 50.06 50.08 50.13 50.15 50.15 50.15 50.16 50.19 50.15 50.1 50.09 50.1 50.11 50.09 50.13 50.12 50.08 49.99 49.9 49.82 49.82 49.89
49.87 49.82 49.77 49.72 49.74 49.79 49.81 49.81 49.85 49.87 49.89 49.87 49.78 49.63 49.55 49.56 49.52 49.48 49.48 49.45 49.19 48.89 48.31 47.82 47.84 47.92 47.93 47.94 47.96 47.97 47.97 47.95 47.96 47.97 47.97 47.87 47.78 47.77 48.15 48.79 49.28 49.65 49.82 49.78 49.72 49.75 49.8 49.8 49.79 49.84 50.01 50.06 50 49.99 50 50.04 50.07 50.14 50.16 50.14 50.15 50.17 50.21 50.2 50.11 50.09 50.1 50.1 50.09 50.08 50.09 50.08 49.99 49.88 49.82 49.83 49.87
49.86 49.84 49.8 49.74 49.74 49.74 49.74 49.78 49.85 49.92 49.95 49.92 49.81 49.66 49.56 49.51 49.47 49.44 49.47 49.45 49.28 49.08 48.62 47.98 47.85 47.92 47.93 47.94 47.96 47.97 47.96 47.97 47.97 47.96 48 47.91 47.79 47.71 47.99 48.6 49.05 49.49 49.78 49.83 49.79 49.77 49.78 49.79 49.79 49.86 49.99 50.07 50.06 49.99 49.97 50.01 50.06 50.11 50.15 50.17 50.17 50.16 50.19 50.21 50.14 50.08 50.1 50.13 50.13 50.08 50.04 50.03 49.98 49.88 49.83 49.81 49.8
49.85 49.85 49.85 49.81 49.76 49.7 49.67 49.72 49.84 49.9 49.92 49.93 49.86 49.74 49.61 49.52 49.47 49.45 49.47 49.48 49.37 49.24 48.88 48.17 47.85 47.88 47.91 47.93 47.96 47.97 47.97 47.98 47.98 47.99 48.02 47.94 47.82 47.71 47.87 48.4 48.8 49.3 49.71 49.87 49.85 49.81 49.76 49.76 49.78 49.85 49.97 50.04 50.05 49.97 49.94 49.99 50.03 50.08 50.16 50.19 50.18 50.16 50.16 50.17 50.15 50.11 50.09 50.11 50.13 50.09 50.05 50.07 50.03 49.92 49.83 49.8 49.77
49.84 49.87 49.88 49.88 49.76 49.66 49.62 49.66 49.8 49.83 49.84 49.85 49.82 49.78 49.68 49.58 49.51 49.49 49.48 49.49 49.42 49.33 49.08 48.37 47.88 47.83 47.91 47.94 47.96 47.97 47.97 47.98 47.99 48.01 48.01 47.94 47.87 47.77 47.81 48.2 48.55 49.04 49.58 49.89 49.92 49.85 49.77 49.76 49.78 49.83 49.96 50.03 50.04 49.98 49.95 50 50.02 50.08 50.17 50.19 50.17 50.13 50.13 50.13 50.14 50.11 50.09 50.08 50.09 50.09 50.08 50.1 50.06 49.96 49.85 49.8 49.78
49.86 49.88 49.89 49.87 49.78 49.69 49.66 49.69 49.76 49.78 49.79 49.8 49.79 49.81 49.74 49.64 49.57 49.53 49.49 49.49 49.46 49.4 49.23 48.55 47.94 47.76 47.87 47.95 47.97 47.95 47.97 47.98 47.99 48 47.99 47.96 47.94 47.88 47.79 47.99 48.25 48.71 49.34 49.8 49.92 49.87 49.75 49.77 49.81 49.83 49.94 50.04 50.09 50.05 50.01 50.02 50 50.05 50.13 50.15 50.17 50.15 50.13 50.13 50.14 50.13 50.09 50.06 50.06 50.08 50.06 50.03 50.02 49.96 49.89 49.85 49.82
49.88 49.89 49.88 49.85 49.78 49.74 49.72 49.73 49.77 49.77 49.81 49.81 49.77 49.77 49.74 49.67 49.62 49.61 49.53 49.5 49.49 49.47 49.34 48.75 48.1 47.77 47.83 47.95 47.98 47.97 47.98 47.99 48 48.01 48 47.98 47.98 47.96 47.84 47.85 47.98 48.44 49.12 49.69 49.89 49.91 49.75 49.75 49.8 49.84 49.91 50.03 50.07 50.09 50.07 50.03 49.94 49.96 50.05 50.08 50.15 50.16 50.15 50.14 50.13 50.12 50.08 50.07 50.06 50.07 50.03 49.98 49.97 49.96 49.91 49.88 49.84
49.86 49.88 49.88 49.85 49.81 49.79 49.76 49.72 49.75 49.78 49.84 49.82 49.74 49.7 49.69 49.64 49.63 49.65 49.58 49.51 49.51 49.53 49.42 48.98 48.47 48.02 47.86 47.94 47.98 47.99 47.99 48.02 48.03 48.02 48 47.99 47.99 47.98 47.9 47.82 47.84 48.24 48.92 49.55 49.83 49.91 49.78 49.73 49.79 49.85 49.91 50 50.02 50.07 50.08 50.02 49.91 49.89 49.99 50.05 50.11 50.15 50.16 50.15 50.13 50.1 50.08 50.09 50.07 50.05 50.03 49.99 49.93 49.91 49.89 49.86 49.81
49.82 49.83 49.85 49.84 49.83 49.83 49.8 49.73 49.73 49.77 49.81 49.81 49.72 49.65 49.66 49.6 49.61 49.64 49.62 49.53 49.51 49.52 49.48 49.23 48.96 48.45 47.96 47.92 47.97 48 48 48.03 48.06 48.04 48 48 48.01 48.01 47.95 47.82 47.75 48.05 48.67 49.25 49.61 49.81 49.78 49.7 49.73 49.84 49.94 50 50.01 50.05 50.08 50.04 49.96 49.94 49.98 50.04 50.09 50.14 50.15 50.15 50.12 50.07 50.07 50.09 50.05 50.02 50.02 49.98 49.9 49.87 49.87 49.84 49.79
49.8 49.81 49.84 49.84 49.84 49.86 49.83 49.77 49.74 49.72 49.74 49.8 49.72 49.65 49.66 49.61 49.64 49.66 49.64 49.54 49.49 49.47 49.48 49.4 49.28 48.84 48.12 47.88 47.94 47.98 47.98 48.01 48.03 48.04 48.03 48.05 48.06 48.02 47.99 47.88 47.76 47.93 48.47 48.92 49.35 49.71 49.76 49.66 49.67 49.81 49.96 50.01 50.03 50.06 50.12 50.14 50.08 50.04 50.01 50.03 50.09 50.12 50.13 50.14 50.1 50.07 50.06 50.06 50.02 49.98 49.99 49.94 49.9 49.89 49.91 49.88 49.8
49.81 49.82 49.84 49.85 49.84 49.83 49.81 49.79 49.72 49.67 49.67 49.73 49.69 49.63 49.63 49.64 49.67 49.68 49.63 49.53 49.49 49.48 49.48 49.44 49.38 49.07 48.33 47.9 47.88 47.96 47.98 48 48.01 48.03 48.06 48.08 48.07 48.02 48 47.96 47.85 47.86 48.28 48.68 49.13 49.61 49.76 49.7 49.65 49.78 49.97 50.03 50.05 50.11 50.17 50.19 50.15 50.11 50.03 50.02 50.08 50.1 50.1 50.13 50.1 50.07 50.04 50.04 50.03 49.99 49.98 49.95 49.95 49.91 49.9 49.87 49.79
49.83 49.84 49.84 49.84 49.82 49.8 49.79 49.78 49.7 49.64 49.61 49.63 49.62 49.6 49.62 49.67 49.69 49.66 49.63 49.57 49.53 49.54 49.52 49.46 49.43 49.21 48.57 48 47.86 47.95 47.99 48 48 48.04 48.06 48.07 48.06 48.02 48.02 48.01 47.94 47.83 48.12 48.48 48.93 49.49 49.75 49.76 49.66 49.75 49.96 50.06 50.09 50.14 50.18 50.2 50.13 50.11 50.06 50.04 50.06 50.09 50.1 50.12 50.1 50.06 50.04 50.01 50.05 50.01 49.96 49.95 49.96 49.9 49.88 49.86 49.79
49.82 49.84 49.83 49.82 49.82 49.81 49.81 49.79 49.71 49.66 49.6 49.54 49.57 49.63 49.67 49.72 49.71 49.67 49.65 49.62 49.59 49.58 49.53 49.47 49.45 49.35 48.83 48.16 47.85 47.91 47.98 47.99 47.99 48.04 48.07 48.07 48.05 48.04 48.03 48.02 47.99 47.86 48.01 48.29 48.74 49.33 49.72 49.81 49.69 49.74 49.93 50.06 50.09 50.11 50.14 50.16 50.13 50.09 50.08 50.09 50.06 50.1 50.13 50.12 50.09 50.05 50.03 50 50.03 49.97 49.9 49.9 49.91 49.88 49.9 49.9 49.82
49.81 49.83 49.81 49.82 49.83 49.83 49.83 49.82 49.77 49.71 49.64 49.55 49.55 49.64 49.73 49.77 49.75 49.7 49.66 49.62 49.59 49.56 49.5 49.44 49.44 49.43 48.97 48.28 47.9 47.88 47.97 47.99 47.99 48.03 48.05 48.06 48.05 48.06 48.05 48.04 48.04 47.93 47.94 48.12 48.52 49.14 49.65 49.83 49.74 49.74 49.86 49.95 50 50.05 50.1 50.12 50.12 50.08 50.07 50.1 50.03 50.08 50.08 50.08 50.08 50.05 49.99 49.99 49.99 49.92 49.87 49.85 49.86 49.87 49.88 49.88 49.84
49.8 49.82 49.8 49.82 49.83 49.82 49.83 49.83 49.83 49.77 49.66 49.57 49.52 49.62 49.78 49.83 49.8 49.74 49.66 49.6 49.57 49.56 49.5 49.46 49.46 49.46 49.03 48.44 48.08 47.88 47.93 47.98 48 48.02 48.04 48.05 48.06 48.06 48.08 48.08 48.06 47.99 47.92 47.97 48.27 48.88 49.48 49.74 49.79 49.75 49.75 49.79 49.92 50.03 50.08 50.1 50.1 50.04 49.99 49.99 49.97 50.06 50.06 50.07 50.08 50.03 49.97 49.98 49.97 49.88 49.81 49.79 49.8 49.83 49.84 49.85 49.82
49.79 49.79 49.79 49.82 49.82 49.82 49.84 49.85 49.85 49.8 49.69 49.56 49.51 49.6 49.77 49.85 49.84 49.79 49.66 49.59 49.57 49.59 49.54 49.47 49.47 49.48 49.13 48.72 48.35 47.96 47.91 47.97 47.99 48.01 48.04 48.05 48.08 48.07 48.08 48.09 48.06 48.04 47.95 47.89 48.06 48.64 49.28 49.6 49.81 49.81 49.73 49.72 49.88 50.02 50.06 50.11 50.14 50.07 49.98 49.92 49.95 50.03 50.06 50.1 50.08 50.01 49.98 49.98 49.97 49.85 49.77 49.76 49.76 49.79 49.81 49.83 49.78
49.79 49.79 49.8 49.82 49.81 49.82 49.84 49.84 49.84 49.78 49.71 49.59 49.55 49.57 49.72 49.82 49.83 49.79 49.67 49.61 49.58 49.58 49.53 49.47 49.49 49.5 49.27 48.96 48.59 48.13 47.93 47.96 47.98 48.01 48.06 48.08 48.11 48.09 48.08 48.09 48.07 48.07 48 47.91 47.92 48.44 49.02 49.41 49.75 49.83 49.77 49.71 49.8 49.94 50.01 50.09 50.15 50.11 50.05 49.98 49.97 49.98 50.02 50.08 50.07 50 49.97 49.97 49.98 49.9 49.83 49.79 49.77 49.78 49.79 49.8 49.77
49.76 49.8 49.81 49.81 49.8 49.81 49.82 49.82 49.82 49.79 49.73 49.62 49.57 49.54 49.66 49.77 49.8 49.78 49.69 49.61 49.58 49.54 49.52 49.52 49.55 49.52 49.3 49.04 48.7 48.27 47.97 47.91 47.96 48.02 48.06 48.09 48.11 48.1 48.09 48.1 48.08 48.08 48.06 47.98 47.84 48.25 48.73 49.2 49.66 49.82 49.79 49.73 49.74 49.88 49.96 50.04 50.11 50.09 50.05 49.99 49.99 49.98 50 50.05 50.04 50 49.97 49.94 50 49.99 49.91 49.85 49.78 49.77 49.76 49.76 49.78
49.74 49.78 49.8 49.8 49.8 49.8 49.83 49.84 49.84 49.81 49.75 49.66 49.61 49.55 49.62 49.71 49.74 49.75 49.68 49.61 49.58 49.54 49.55 49.59 49.6 49.45 49.13 48.9 48.63 48.29 47.99 47.85 47.91 48.02 48.07 48.09 48.1 48.11 48.1 48.1 48.1 48.09 48.11 48.03 47.84 48.11 48.51 48.99 49.55 49.82 49.86 49.74 49.7 49.82 49.92 50.02 50.1 50.1 50.08 50.03 50 49.99 49.98 50 50.02 50.01 49.98 49.93 49.99 50.01 49.95 49.87 49.77 49.74 49.74 49.72 49.76
49.73 49.76 49.78 49.8 49.81 49.8 49.82 49.86 49.86 49.83 49.77 49.7 49.64 49.57 49.57 49.63 49.68 49.69 49.67 49.65 49.65 49.63 49.62 49.64 49.59 49.32 48.96 48.75 48.53 48.28 48.03 47.89 47.88 48.01 48.08 48.1 48.12 48.12 48.11 48.11 48.13 48.12 48.11 48.06 47.91 48.01 48.28 48.73 49.39 49.79 49.89 49.76 49.69 49.78 49.88 49.98 50.08 50.1 50.07 50.05 49.99 49.95 49.92 49.92 49.99 50.01 49.98 49.95 49.97 49.97 49.91 49.82 49.74 49.72 49.72 49.71 49.75
49.74 49.77 49.78 49.8 49.81 49.76 49.78 49.85 49.88 49.85 49.77 49.72 49.68 49.59 49.54 49.55 49.6 49.64 49.67 49.69 49.73 49.74 49.69 49.67 49.52 49.24 48.95 48.79 48.61 48.38 48.15 48.02 47.92 47.99 48.07 48.09 48.11 48.11 48.11 48.11 48.13 48.11 48.1 48.1 48.01 47.96 48.06 48.49 49.18 49.68 49.84 49.77 49.7 49.78 49.87 49.93 50.04 50.08 50.04 50.02 49.96 49.92 49.88 49.87 49.96 49.96 49.94 49.93 49.92 49.9 49.84 49.74 49.72 49.74 49.71 49.72 49.79
49.75 49.76 49.75 49.77 49.78 49.72 49.71 49.83 49.9 49.88 49.8 49.74 49.73 49.65 49.56 49.53 49.57 49.63 49.67 49.69 49.73 49.76 49.7 49.65 49.48 49.24 48.99 48.86 48.69 48.46 48.23 48.1 47.96 47.97 48.06 48.08 48.12 48.12 48.11 48.12 48.13 48.13 48.13 48.14 48.08 47.93 47.91 48.26 48.91 49.5 49.76 49.78 49.73 49.77 49.83 49.88 50 50.06 50.01 49.99 49.93 49.88 49.88 49.86 49.91 49.92 49.93 49.9 49.87 49.84 49.82 49.75 49.74 49.75 49.73 49.71 49.74
49.76 49.71 49.69 49.7 49.7 49.68 49.68 49.8 49.89 49.9 49.84 49.79 49.76 49.74 49.62 49.56 49.58 49.63 49.67 49.7 49.72 49.73 49.67 49.61 49.45 49.21 48.96 48.83 48.66 48.43 48.22 48.1 47.95 47.94 48.04 48.08 48.11 48.13 48.12 48.11 48.12 48.15 48.17 48.17 48.09 47.93 47.86 48.08 48.67 49.3 49.62 49.77 49.75 49.73 49.76 49.83 49.92 49.96 49.95 49.98 49.95 49.92 49.92 49.88 49.88 49.91 49.94 49.91 49.86 49.81 49.83 49.81 49.8 49.79 49.78 49.71 49.71
49.8 49.71 49.65 49.63 49.63 49.64 49.69 49.76 49.85 49.89 49.86 49.83 49.78 49.76 49.68 49.61 49.57 49.62 49.67 49.69 49.71 49.7 49.62 49.55 49.39 49.15 48.93 48.81 48.64 48.43 48.27 48.15 47.98 47.92 47.99 48.06 48.1 48.13 48.14 48.1 48.12 48.15 48.16 48.18 48.11 47.98 47.9 47.94 48.42 49 49.33 49.66 49.76 49.73 49.72 49.8 49.84 49.84 49.92 49.97 49.97 50 49.94 49.9 49.89 49.9 49.9 49.88 49.85 49.82 49.8 49.78 49.8 49.8 49.79 49.75 49.76
49.84 49.77 49.65 49.6 49.6 49.63 49.68 49.72 49.8 49.88 49.88 49.87 49.85 49.81 49.74 49.7 49.62 49.62 49.66 49.68 49.7 49.68 49.59 49.51 49.35 49.13 48.98 48.86 48.69 48.49 48.36 48.23 48.05 47.92 47.91 48.03 48.1 48.13 48.15 48.12 48.14 48.16 48.15 48.17 48.14 48.08 48.03 47.91 48.15 48.58 48.97 49.5 49.76 49.78 49.7 49.73 49.79 49.81 49.92 49.93 49.95 49.99 49.95 49.9 49.85 49.84 49.85 49.83 49.84 49.84 49.77 49.76 49.78 49.76 49.76 49.75 49.76
49.84 49.81 49.7 49.63 49.61 49.65 49.68 49.68 49.75 49.84 49.88 49.9 49.89 49.87 49.81 49.76 49.67 49.64 49.67 49.69 49.71 49.65 49.56 49.5 49.38 49.19 49.07 48.95 48.78 48.58 48.45 48.32 48.13 47.94 47.86 47.98 48.1 48.14 48.15 48.14 48.17 48.18 48.17 48.18 48.17 48.15 48.13 47.95 47.99 48.27 48.71 49.35 49.72 49.81 49.69 49.68 49.75 49.8 49.91 49.91 49.94 49.98 50.01 49.93 49.82 49.75 49.79 49.8 49.83 49.81 49.76 49.78 49.82 49.79 49.77 49.75 49.75
49.81 49.84 49.75 49.68 49.63 49.66 49.68 49.67 49.73 49.81 49.87 49.9 49.88 49.86 49.8 49.74 49.66 49.64 49.67 49.69 49.68 49.59 49.55 49.52 49.45 49.29 49.18 49.05 48.87 48.67 48.54 48.4 48.19 47.98 47.87 47.91 48.07 48.15 48.16 48.16 48.2 48.2 48.18 48.19 48.18 48.15 48.16 48.04 47.97 48.09 48.5 49.17 49.65 49.8 49.72 49.69 49.74 49.79 49.91 49.94 49.96 50 50.01 49.92 49.82 49.76 49.76 49.79 49.8 49.75 49.74 49.79 49.83 49.83 49.82 49.79 49.78
49.77 49.84 49.8 49.72 49.66 49.66 49.68 49.69 49.74 49.81 49.86 49.89 49.84 49.83 49.75 49.67 49.61 49.59 49.6 49.6 49.57 49.54 49.54 49.53 49.5 49.39 49.29 49.15 48.96 48.76 48.63 48.47 48.25 48.04 47.94 47.87 48.02 48.14 48.16 48.16 48.19 48.21 48.2 48.2 48.18 48.17 48.2 48.14 48 47.96 48.31 48.97 49.53 49.74 49.74 49.69 49.72 49.77 49.91 49.96 49.98 50 49.98 49.89 49.8 49.79 49.77 49.77 49.76 49.74 49.75 49.79 49.82 49.85 49.85 49.84 49.85
49.74 49.82 49.84 49.8 49.72 49.67 49.69 49.71 49.74 49.81 49.86 49.86 49.78 49.76 49.68 49.59 49.54 49.51 49.51 49.5 49.5 49.52 49.53 49.54 49.51 49.46 49.4 49.26 49.05 48.81 48.67 48.51 48.32 48.15 48.05 47.93 47.98 48.12 48.17 48.17 48.18 48.21 48.23 48.21 48.21 48.2 48.2 48.17 48.03 47.93 48.13 48.74 49.38 49.65 49.73 49.71 49.72 49.74 49.84 49.92 49.96 49.98 49.96 49.88 49.77 49.79 49.75 49.74 49.75 49.76 49.75 49.78 49.81 49.86 49.85 49.86 49.88
49.74 49.79 49.85 49.86 49.79 49.69 49.7 49.74 49.74 49.79 49.83 49.83 49.71 49.66 49.61 49.52 49.48 49.47 49.49 49.48 49.49 49.51 49.54 49.53 49.52 49.5 49.47 49.31 49.06 48.81 48.69 48.57 48.43 48.26 48.16 48.03 48 48.09 48.16 48.18 48.2 48.23 48.26 48.23 48.22 48.21 48.2 48.18 48.08 47.97 48.02 48.52 49.21 49.55 49.71 49.72 49.7 49.71 49.74 49.85 49.92 49.95 49.94 49.89 49.79 49.8 49.72 49.7 49.73 49.77 49.76 49.79 49.79 49.82 49.85 49.87 49.88
