slabs/1.grd
DSAA
631 301
642000 642630
4946000 4946300
39.16 55.24
[rows 68 to 101 of 300, columns 77 to 153 of 631]
52.76 52.78 52.8 52.81 52.84 52.86 52.87 52.89 52.91 52.93 52.95 52.96 52.99 53.02 53.04 53.05 53.06 53.06 53.07 53.07 53.08 53.08 53.09 53.09 53.1 53.1 53.11 53.12 53.12 53.13 53.14 53.12 53.07 53.04 53.07 53.14 53.16 53.16 53.16 53.17 53.19 53.19 53.19 53.19 53.18 53.19 53.21 53.23 53.23 53.23 53.22 53.16 53.1 52.94 52.84 52.83 52.84 52.85 52.86 52.87 52.89 52.9 52.89 52.89 52.9 52.91 52.94 52.97 52.97 52.98 52.98 52.98 52.99 53.04 53.08 53.11 53.12
52.75 52.77 52.78 52.8 52.82 52.84 52.86 52.87 52.89 52.91 52.93 52.94 52.97 52.99 53.01 53.03 53.04 53.04 53.05 53.05 53.06 53.06 53.07 53.08 53.08 53.09 53.1 53.1 53.11 53.12 53.1 53.07 53.02 52.98 52.98 53.07 53.13 53.15 53.16 53.17 53.17 53.17 53.18 53.17 53.15 53.17 53.2 53.2 53.19 53.18 53.16 53.08 53 52.86 52.81 52.8 52.81 52.83 52.83 52.83 52.85 52.82 52.81 52.82 52.84 52.84 52.86 52.91 52.93 52.96 52.97 52.96 52.97 53.01 53.04 53.07 53.08
52.74 52.75 52.77 52.78 52.8 52.82 52.84 52.85 52.87 52.89 52.9 52.92 52.94 52.96 52.98 53.01 53.02 53.02 53.03 53.04 53.04 53.05 53.06 53.06 53.07 53.08 53.08 53.09 53.08 53.07 53.05 53.01 52.97 52.95 52.92 53.02 53.12 53.15 53.16 53.16 53.16 53.16 53.17 53.15 53.12 53.12 53.15 53.13 53.08 53.06 53.03 52.93 52.86 52.8 52.79 52.78 52.77 52.79 52.77 52.77 52.78 52.76 52.75 52.75 52.77 52.77 52.82 52.89 52.94 52.98 52.98 52.98 52.98 53.01 53.04 53.05 53.05
52.76 52.75 52.75 52.76 52.78 52.8 52.81 52.83 52.85 52.86 52.88 52.9 52.92 52.94 52.96 52.99 53 53.01 53.02 53.02 53.03 53.04 53.04 53.05 53.06 53.06 53.06 53.06 53.03 53.01 52.99 52.96 52.94 52.91 52.88 52.98 53.09 53.16 53.17 53.15 53.15 53.15 53.16 53.11 53.05 53.03 53.03 53 52.94 52.9 52.87 52.83 52.81 52.74 52.74 52.73 52.73 52.75 52.73 52.73 52.73 52.73 52.73 52.73 52.75 52.79 52.87 52.93 52.97 53 52.99 52.98 52.99 53.04 53.07 53.06 53.04
52.76 52.77 52.76 52.75 52.76 52.78 52.79 52.8 52.83 52.85 52.86 52.88 52.9 52.92 52.94 52.97 52.99 53 53 53.01 53.02 53.02 53.03 53.04 53.04 53.05 53.04 53.01 52.97 52.96 52.94 52.92 52.91 52.88 52.83 52.95 53.08 53.15 53.15 53.14 53.12 53.12 53.1 53.01 52.93 52.89 52.88 52.87 52.83 52.79 52.78 52.79 52.8 52.74 52.71 52.7 52.71 52.73 52.72 52.71 52.72 52.72 52.74 52.75 52.78 52.85 52.93 52.97 53 53.04 53.01 52.98 53.01 53.09 53.1 53.08 53.07
52.75 52.79 52.79 52.77 52.76 52.76 52.77 52.79 52.81 52.83 52.84 52.86 52.88 52.9 52.91 52.95 52.98 52.98 52.99 53 53 53.01 53.01 53.02 53.03 53.03 53 52.94 52.92 52.91 52.9 52.89 52.87 52.84 52.78 52.9 53.04 53.08 53.05 53.03 53.01 53.02 52.94 52.86 52.8 52.79 52.79 52.78 52.77 52.75 52.76 52.78 52.77 52.76 52.73 52.69 52.71 52.73 52.72 52.71 52.72 52.73 52.77 52.8 52.83 52.91 52.99 53.02 53.03 53.05 53.02 52.98 52.99 53.05 53.07 53.08 53.07
52.72 52.76 52.79 52.79 52.77 52.76 52.76 52.77 52.79 52.81 52.82 52.85 52.87 52.88 52.9 52.94 52.96 52.97 52.97 52.98 52.99 53 53 53.01 53 52.98 52.92 52.89 52.89 52.88 52.87 52.85 52.83 52.79 52.76 52.85 52.95 52.95 52.88 52.85 52.82 52.84 52.79 52.74 52.71 52.72 52.74 52.75 52.75 52.75 52.75 52.76 52.74 52.75 52.74 52.72 52.74 52.76 52.78 52.78 52.77 52.78 52.83 52.86 52.9 52.97 53.02 53.04 53.01 53.01 52.97 52.94 52.91 52.93 52.96 53.02 53.05
52.7 52.72 52.75 52.79 52.79 52.77 52.76 52.76 52.78 52.79 52.81 52.83 52.85 52.87 52.88 52.92 52.95 52.96 52.96 52.97 52.98 52.98 52.99 52.98 52.95 52.9 52.85 52.85 52.85 52.85 52.84 52.81 52.78 52.76 52.76 52.8 52.83 52.81 52.77 52.74 52.72 52.72 52.74 52.71 52.68 52.67 52.7 52.71 52.73 52.74 52.75 52.74 52.73 52.75 52.76 52.76 52.78 52.81 52.83 52.86 52.85 52.85 52.88 52.9 52.93 52.97 53 53 52.95 52.92 52.88 52.86 52.83 52.85 52.88 52.97 53.02
52.7 52.69 52.71 52.77 52.8 52.8 52.78 52.77 52.77 52.78 52.79 52.81 52.84 52.85 52.87 52.9 52.93 52.94 52.95 52.95 52.96 52.97 52.96 52.91 52.86 52.81 52.81 52.82 52.81 52.8 52.79 52.77 52.75 52.75 52.76 52.76 52.75 52.74 52.72 52.72 52.72 52.71 52.71 52.71 52.7 52.7 52.71 52.7 52.73 52.74 52.77 52.78 52.76 52.77 52.78 52.79 52.81 52.85 52.88 52.91 52.91 52.93 52.93 52.91 52.91 52.92 52.93 52.93 52.88 52.86 52.84 52.84 52.84 52.87 52.9 52.95 52.99
52.72 52.69 52.69 52.73 52.79 52.82 52.81 52.78 52.77 52.77 52.78 52.8 52.82 52.84 52.85 52.88 52.92 52.93 52.93 52.93 52.94 52.93 52.89 52.79 52.75 52.75 52.78 52.78 52.77 52.76 52.76 52.76 52.75 52.75 52.75 52.74 52.73 52.73 52.71 52.71 52.72 52.71 52.7 52.72 52.73 52.73 52.73 52.73 52.76 52.77 52.78 52.8 52.8 52.8 52.82 52.84 52.86 52.91 52.95 52.96 52.96 52.96 52.94 52.91 52.89 52.88 52.88 52.88 52.85 52.85 52.85 52.86 52.87 52.9 52.9 52.9 52.94
52.73 52.72 52.69 52.7 52.76 52.81 52.82 52.8 52.78 52.76 52.76 52.78 52.8 52.82 52.83 52.86 52.9 52.91 52.91 52.89 52.87 52.83 52.75 52.72 52.74 52.74 52.74 52.74 52.74 52.74 52.75 52.76 52.75 52.75 52.74 52.72 52.71 52.72 52.72 52.69 52.7 52.7 52.7 52.7 52.7 52.72 52.74 52.75 52.78 52.78 52.81 52.83 52.83 52.87 52.91 52.92 52.93 52.98 52.99 52.99 52.96 52.93 52.9 52.9 52.89 52.86 52.87 52.86 52.87 52.88 52.89 52.9 52.87 52.86 52.84 52.82 52.88
52.74 52.74 52.72 52.7 52.73 52.76 52.81 52.82 52.8 52.79 52.77 52.77 52.78 52.79 52.81 52.83 52.86 52.87 52.87 52.83 52.79 52.74 52.69 52.72 52.76 52.74 52.73 52.73 52.72 52.73 52.74 52.73 52.73 52.73 52.72 52.71 52.7 52.7 52.7 52.69 52.69 52.7 52.69 52.69 52.69 52.74 52.78 52.79 52.81 52.82 52.85 52.86 52.88 52.95 53.01 53 52.96 52.98 52.96 52.95 52.9 52.87 52.86 52.89 52.91 52.9 52.89 52.9 52.9 52.9 52.91 52.89 52.84 52.82 52.8 52.8 52.86
52.74 52.74 52.74 52.71 52.71 52.72 52.77 52.82 52.83 52.83 52.81 52.79 52.78 52.77 52.78 52.8 52.81 52.8 52.8 52.77 52.76 52.73 52.73 52.74 52.76 52.75 52.73 52.71 52.7 52.71 52.71 52.71 52.71 52.7 52.69 52.69 52.7 52.7 52.7 52.71 52.72 52.72 52.72 52.72 52.72 52.76 52.8 52.82 52.84 52.86 52.9 52.92 52.95 52.98 53 52.99 52.93 52.92 52.88 52.9 52.89 52.87 52.88 52.91 52.92 52.92 52.91 52.89 52.86 52.85 52.85 52.85 52.81 52.81 52.81 52.82 52.86
52.74 52.74 52.74 52.74 52.72 52.71 52.71 52.77 52.81 52.84 52.85 52.82 52.8 52.77 52.75 52.76 52.76 52.74 52.74 52.74 52.74 52.71 52.71 52.75 52.78 52.76 52.71 52.7 52.68 52.69 52.68 52.69 52.7 52.7 52.69 52.69 52.71 52.72 52.73 52.74 52.73 52.74 52.76 52.77 52.77 52.8 52.83 52.85 52.89 52.91 52.94 52.95 52.98 52.93 52.89 52.88 52.85 52.87 52.85 52.9 52.91 52.9 52.92 52.94 52.92 52.89 52.87 52.84 52.81 52.81 52.81 52.82 52.8 52.8 52.8 52.78 52.78
52.75 52.75 52.75 52.75 52.74 52.73 52.69 52.71 52.75 52.81 52.85 52.84 52.81 52.78 52.73 52.72 52.72 52.72 52.71 52.71 52.72 52.7 52.71 52.73 52.74 52.72 52.71 52.7 52.71 52.7 52.67 52.67 52.69 52.69 52.71 52.72 52.73 52.73 52.75 52.75 52.75 52.76 52.8 52.83 52.83 52.86 52.87 52.88 52.9 52.91 52.9 52.89 52.9 52.85 52.82 52.83 52.83 52.87 52.88 52.9 52.91 52.9 52.89 52.9 52.88 52.84 52.82 52.82 52.82 52.82 52.82 52.82 52.76 52.7 52.68 52.67 52.67
52.76 52.75 52.75 52.75 52.75 52.75 52.72 52.68 52.68 52.74 52.82 52.83 52.8 52.75 52.72 52.7 52.69 52.69 52.67 52.69 52.7 52.7 52.7 52.71 52.7 52.69 52.7 52.7 52.72 52.7 52.68 52.67 52.68 52.7 52.73 52.75 52.74 52.75 52.78 52.78 52.79 52.8 52.85 52.91 52.9 52.93 52.91 52.9 52.88 52.85 52.83 52.82 52.82 52.84 52.85 52.87 52.87 52.87 52.88 52.88 52.9 52.88 52.85 52.83 52.8 52.81 52.81 52.83 52.81 52.79 52.76 52.75 52.66 52.58 52.53 52.55 52.58
52.76 52.76 52.76 52.75 52.75 52.75 52.74 52.68 52.64 52.69 52.75 52.77 52.76 52.71 52.69 52.68 52.67 52.66 52.66 52.68 52.7 52.69 52.68 52.7 52.71 52.68 52.68 52.68 52.7 52.69 52.69 52.7 52.7 52.73 52.75 52.77 52.77 52.8 52.84 52.84 52.85 52.84 52.88 52.95 52.92 52.91 52.87 52.84 52.83 52.83 52.84 52.82 52.84 52.88 52.89 52.89 52.88 52.86 52.84 52.85 52.87 52.85 52.84 52.82 52.8 52.81 52.81 52.79 52.74 52.67 52.6 52.57 52.52 52.48 52.41 52.42 52.5
52.76 52.76 52.76 52.76 52.75 52.76 52.75 52.69 52.66 52.66 52.68 52.68 52.68 52.66 52.65 52.66 52.67 52.66 52.66 52.68 52.69 52.68 52.67 52.68 52.71 52.7 52.67 52.67 52.7 52.7 52.72 52.74 52.74 52.78 52.81 52.82 52.8 52.88 52.92 52.9 52.87 52.84 52.86 52.89 52.86 52.82 52.8 52.79 52.8 52.84 52.87 52.86 52.87 52.89 52.88 52.87 52.85 52.81 52.79 52.82 52.84 52.83 52.84 52.83 52.8 52.76 52.72 52.68 52.61 52.54 52.47 52.41 52.38 52.37 52.32 52.29 52.39
52.77 52.76 52.76 52.75 52.76 52.77 52.74 52.66 52.64 52.63 52.64 52.64 52.63 52.62 52.62 52.64 52.64 52.67 52.67 52.67 52.67 52.67 52.66 52.65 52.69 52.7 52.68 52.7 52.73 52.73 52.77 52.82 52.81 52.85 52.89 52.9 52.85 52.93 52.94 52.9 52.85 52.81 52.79 52.79 52.79 52.8 52.81 52.83 52.84 52.86 52.86 52.85 52.85 52.84 52.83 52.83 52.82 52.79 52.78 52.8 52.84 52.81 52.79 52.77 52.72 52.63 52.56 52.55 52.49 52.44 52.4 52.35 52.3 52.29 52.29 52.25 52.32
52.77 52.76 52.76 52.76 52.76 52.75 52.69 52.64 52.65 52.65 52.65 52.64 52.62 52.6 52.59 52.6 52.59 52.65 52.67 52.67 52.65 52.67 52.67 52.65 52.7 52.71 52.7 52.73 52.77 52.79 52.84 52.89 52.89 52.91 52.93 52.92 52.88 52.9 52.87 52.84 52.81 52.78 52.75 52.76 52.79 52.83 52.85 52.86 52.87 52.86 52.84 52.83 52.8 52.79 52.79 52.81 52.82 52.8 52.78 52.78 52.78 52.72 52.68 52.63 52.58 52.53 52.46 52.46 52.42 52.4 52.39 52.36 52.29 52.26 52.27 52.24 52.27
52.75 52.74 52.75 52.74 52.73 52.7 52.66 52.65 52.67 52.67 52.66 52.65 52.64 52.61 52.58 52.57 52.56 52.62 52.65 52.66 52.66 52.66 52.68 52.67 52.7 52.72 52.74 52.76 52.8 52.85 52.9 52.92 52.93 52.94 52.91 52.88 52.86 52.83 52.8 52.78 52.79 52.79 52.78 52.79 52.82 52.85 52.87 52.84 52.83 52.81 52.8 52.81 52.79 52.79 52.79 52.82 52.82 52.78 52.75 52.71 52.67 52.61 52.57 52.52 52.49 52.48 52.45 52.44 52.39 52.34 52.36 52.34 52.28 52.27 52.26 52.23 52.24
52.74 52.73 52.72 52.7 52.7 52.67 52.67 52.67 52.68 52.66 52.66 52.65 52.65 52.64 52.6 52.58 52.57 52.6 52.62 52.64 52.7 52.7 52.71 52.71 52.73 52.77 52.79 52.79 52.85 52.92 52.93 52.92 52.9 52.88 52.84 52.82 52.81 52.8 52.8 52.79 52.81 52.82 52.82 52.82 52.82 52.82 52.83 52.8 52.78 52.78 52.78 52.81 52.81 52.79 52.79 52.78 52.74 52.69 52.64 52.61 52.57 52.55 52.52 52.47 52.45 52.42 52.41 52.4 52.36 52.32 52.33 52.32 52.29 52.3 52.28 52.24 52.24
52.74 52.73 52.69 52.68 52.69 52.68 52.68 52.69 52.7 52.68 52.66 52.64 52.63 52.64 52.63 52.61 52.6 52.64 52.67 52.68 52.72 52.74 52.76 52.78 52.81 52.82 52.8 52.79 52.87 52.92 52.89 52.87 52.81 52.79 52.77 52.78 52.79 52.81 52.81 52.81 52.82 52.83 52.82 52.81 52.78 52.78 52.79 52.77 52.76 52.78 52.8 52.81 52.78 52.73 52.7 52.65 52.59 52.57 52.56 52.54 52.52 52.51 52.46 52.42 52.42 52.42 52.41 52.38 52.35 52.32 52.3 52.28 52.27 52.26 52.26 52.24 52.23
52.72 52.72 52.68 52.67 52.67 52.68 52.66 52.65 52.69 52.68 52.66 52.64 52.63 52.63 52.66 52.65 52.65 52.68 52.7 52.7 52.76 52.78 52.79 52.8 52.84 52.83 52.8 52.79 52.84 52.84 52.8 52.81 52.77 52.75 52.77 52.78 52.79 52.8 52.8 52.8 52.79 52.79 52.78 52.78 52.77 52.77 52.77 52.76 52.73 52.75 52.78 52.76 52.67 52.57 52.55 52.52 52.51 52.52 52.52 52.48 52.44 52.43 52.4 52.39 52.43 52.45 52.43 52.37 52.31 52.26 52.24 52.23 52.24 52.23 52.25 52.25 52.24
52.68 52.7 52.68 52.67 52.65 52.65 52.65 52.64 52.68 52.66 52.66 52.67 52.65 52.65 52.69 52.71 52.7 52.7 52.7 52.71 52.79 52.79 52.79 52.79 52.82 52.81 52.78 52.77 52.78 52.77 52.76 52.79 52.78 52.77 52.78 52.78 52.79 52.77 52.78 52.76 52.75 52.76 52.76 52.76 52.76 52.76 52.72 52.72 52.59 52.56 52.57 52.57 52.51 52.46 52.46 52.47 52.48 52.47 52.44 52.42 52.41 52.42 52.41 52.41 52.41 52.42 52.37 52.31 52.27 52.25 52.23 52.24 52.24 52.24 52.25 52.24 52.25
52.65 52.67 52.67 52.66 52.65 52.64 52.65 52.66 52.7 52.68 52.68 52.68 52.67 52.67 52.68 52.7 52.72 52.74 52.74 52.75 52.79 52.79 52.78 52.76 52.76 52.76 52.75 52.74 52.75 52.74 52.76 52.78 52.78 52.79 52.78 52.78 52.78 52.75 52.75 52.74 52.72 52.73 52.74 52.71 52.66 52.61 52.57 52.55 52.44 52.39 52.39 52.42 52.44 52.46 52.45 52.46 52.44 52.42 52.41 52.42 52.44 52.46 52.43 52.37 52.35 52.34 52.31 52.28 52.26 52.26 52.23 52.23 52.24 52.24 52.24 52.23 52.24
52.61 52.63 52.64 52.64 52.64 52.66 52.66 52.64 52.68 52.68 52.68 52.67 52.7 52.7 52.69 52.71 52.74 52.76 52.76 52.76 52.78 52.76 52.75 52.74 52.72 52.72 52.72 52.72 52.76 52.76 52.77 52.77 52.77 52.77 52.77 52.77 52.75 52.74 52.75 52.75 52.71 52.65 52.63 52.57 52.49 52.43 52.43 52.41 52.39 52.39 52.41 52.42 52.43 52.43 52.4 52.42 52.45 52.46 52.47 52.45 52.42 52.4 52.39 52.33 52.29 52.27 52.28 52.26 52.26 52.27 52.25 52.24 52.23 52.23 52.22 52.21 52.2
52.58 52.59 52.61 52.62 52.63 52.68 52.68 52.65 52.67 52.7 52.69 52.69 52.72 52.73 52.73 52.74 52.78 52.77 52.75 52.74 52.74 52.72 52.71 52.73 52.72 52.73 52.73 52.74 52.78 52.77 52.76 52.75 52.75 52.74 52.73 52.74 52.72 52.72 52.72 52.67 52.61 52.53 52.5 52.46 52.4 52.38 52.4 52.4 52.39 52.39 52.39 52.39 52.42 52.42 52.41 52.42 52.46 52.48 52.48 52.44 52.39 52.35 52.33 52.29 52.26 52.25 52.26 52.26 52.25 52.26 52.26 52.24 52.22 52.21 52.2 52.18 52.16
52.59 52.59 52.6 52.59 52.6 52.67 52.7 52.68 52.69 52.71 52.73 52.75 52.75 52.75 52.74 52.73 52.76 52.75 52.72 52.71 52.71 52.71 52.71 52.74 52.75 52.76 52.76 52.73 52.75 52.73 52.71 52.71 52.73 52.72 52.72 52.74 52.71 52.67 52.63 52.53 52.46 52.45 52.46 52.44 52.4 52.39 52.4 52.39 52.38 52.38 52.37 52.37 52.41 52.44 52.44 52.43 52.42 52.41 52.44 52.42 52.39 52.37 52.31 52.26 52.25 52.25 52.26 52.26 52.25 52.25 52.25 52.23 52.21 52.19 52.18 52.17 52.14
52.61 52.61 52.6 52.58 52.59 52.64 52.69 52.69 52.71 52.7 52.73 52.76 52.74 52.73 52.72 52.69 52.71 52.73 52.72 52.71 52.72 52.73 52.74 52.75 52.74 52.73 52.73 52.71 52.71 52.7 52.69 52.73 52.74 52.7 52.67 52.68 52.62 52.57 52.53 52.48 52.44 52.45 52.45 52.42 52.4 52.39 52.39 52.38 52.39 52.4 52.38 52.34 52.35 52.37 52.39 52.4 52.37 52.36 52.41 52.41 52.4 52.4 52.32 52.26 52.25 52.25 52.25 52.25 52.25 52.24 52.24 52.21 52.19 52.18 52.16 52.15 52.13
52.63 52.63 52.61 52.62 52.63 52.65 52.68 52.7 52.71 52.68 52.69 52.72 52.71 52.71 52.7 52.69 52.7 52.74 52.75 52.74 52.73 52.73 52.72 52.71 52.69 52.69 52.68 52.69 52.7 52.73 52.76 52.77 52.71 52.61 52.55 52.54 52.48 52.45 52.46 52.46 52.45 52.45 52.43 52.39 52.38 52.38 52.38 52.37 52.39 52.38 52.35 52.31 52.29 52.3 52.34 52.38 52.38 52.35 52.36 52.39 52.4 52.4 52.35 52.28 52.23 52.23 52.24 52.23 52.23 52.21 52.22 52.2 52.17 52.15 52.13 52.12 52.11
52.64 52.65 52.66 52.69 52.69 52.68 52.68 52.68 52.69 52.66 52.65 52.69 52.71 52.72 52.72 52.73 52.75 52.78 52.77 52.73 52.7 52.69 52.69 52.67 52.67 52.69 52.7 52.68 52.69 52.73 52.78 52.73 52.62 52.53 52.48 52.48 52.44 52.43 52.44 52.43 52.41 52.41 52.41 52.38 52.36 52.37 52.38 52.34 52.32 52.31 52.29 52.29 52.28 52.28 52.35 52.43 52.44 52.38 52.32 52.32 52.34 52.35 52.36 52.31 52.25 52.22 52.23 52.22 52.21 52.2 52.2 52.18 52.16 52.13 52.11 52.1 52.09
52.66 52.69 52.73 52.75 52.73 52.71 52.69 52.67 52.69 52.68 52.67 52.71 52.74 52.75 52.76 52.77 52.77 52.77 52.75 52.71 52.68 52.68 52.69 52.68 52.7 52.71 52.7 52.65 52.64 52.67 52.71 52.66 52.55 52.48 52.47 52.46 52.44 52.44 52.42 52.4 52.39 52.38 52.41 52.38 52.35 52.34 52.33 52.3 52.27 52.27 52.26 52.28 52.3 52.31 52.42 52.51 52.52 52.42 52.32 52.29 52.29 52.32 52.37 52.35 52.31 52.26 52.23 52.2 52.19 52.2 52.16 52.14 52.14 52.11 52.09 52.08 52.09
52.72 52.73 52.73 52.72 52.71 52.69 52.68 52.67 52.71 52.72 52.72 52.75 52.77 52.75 52.75 52.73 52.7 52.7 52.69 52.7 52.7 52.71 52.72 52.72 52.68 52.64 52.61 52.56 52.55 52.56 52.58 52.55 52.48 52.44 52.44 52.43 52.43 52.42 52.4 52.4 52.38 52.36 52.37 52.36 52.33 52.32 52.28 52.28 52.28 52.29 52.3 52.33 52.37 52.4 52.48 52.55 52.55 52.45 52.34 52.31 52.32 52.36 52.38 52.37 52.34 52.28 52.23 52.2 52.2 52.2 52.13 52.11 52.12 52.09 52.08 52.07 52.08
