slabs/1.grd
DSAA
631 301
642000 642630
4946000 4946300
39.16 55.24
[rows 136 to 169 of 300, columns 0 to 76 of 631]
1.70141e38 1.70141e38 1.70141e38 1.70141e38 1.70141e38 1.70141e38 1.70141e38 1.70141e38 1.70141e38 1.70141e38 1.70141e38 1.70141e38 1.70141e38 1.70141e38 1.70141e38 52.44 52.46 52.49 52.51 52.52 52.52 52.49 52.49 52.48 52.48 52.5 52.5 52.48 52.47 52.46 52.46 52.46 52.43 52.39 52.39 52.41 52.44 52.46 52.49 52.49 52.56 52.64 52.74 52.75 52.76 52.8 52.81 52.75 52.68 52.68 52.67 52.64 52.61 52.57 52.57 52.6 52.62 52.64 52.72 52.83 52.89 52.9 52.9 52.89 52.88 52.85 52.79 52.77 52.79 52.83 52.89 52.93 52.94 52.95 52.99 52.99 52.97
1.70141e38 1.70141e38 1.70141e38 1.70141e38 1.70141e38 1.70141e38 1.70141e38 1.70141e38 1.70141e38 1.70141e38 1.70141e38 1.70141e38 1.70141e38 1.70141e38 1.70141e38 52.48 52.5 52.51 52.51 52.51 52.49 52.47 52.48 52.47 52.48 52.49 52.47 52.47 52.48 52.46 52.45 52.45 52.43 52.4 52.4 52.44 52.47 52.51 52.54 52.53 52.56 52.6 52.71 52.77 52.81 52.82 52.82 52.77 52.75 52.81 52.81 52.77 52.74 52.72 52.7 52.74 52.75 52.77 52.86 52.93 52.97 52.96 52.95 52.96 52.94 52.91 52.87 52.88 52.9 52.93 52.98 52.99 52.99 52.98 53 52.99 52.98
1.70141e38 1.70141e38 1.70141e38 1.70141e38 1.70141e38 1.70141e38 1.70141e38 1.70141e38 1.70141e38 1.70141e38 1.70141e38 1.70141e38 1.70141e38 1.70141e38 1.70141e38 52.5 52.5 52.48 52.47 52.48 52.48 52.49 52.5 52.49 52.51 52.51 52.5 52.5 52.5 52.47 52.44 52.45 52.44 52.44 52.45 52.47 52.5 52.53 52.57 52.59 52.58 52.6 52.68 52.79 52.85 52.84 52.85 52.87 52.92 52.99 52.97 52.97 52.93 52.91 52.87 52.88 52.88 52.91 52.96 53.01 53.04 53 52.99 53 52.98 52.97 52.95 52.97 52.98 52.99 53.03 53.03 53.01 53 53.01 53.01 53
1.70141e38 1.70141e38 1.70141e38 1.70141e38 1.70141e38 1.70141e38 1.70141e38 1.70141e38 1.70141e38 1.70141e38 1.70141e38 1.70141e38 1.70141e38 1.70141e38 1.70141e38 52.49 52.47 52.45 52.44 52.46 52.5 52.53 52.54 52.53 52.55 52.55 52.54 52.52 52.53 52.53 52.48 52.46 52.46 52.47 52.49 52.51 52.55 52.58 52.62 52.68 52.69 52.7 52.75 52.84 52.9 52.91 52.92 52.98 53.01 53.02 53 53.01 53 52.96 52.93 52.94 52.94 52.97 52.98 53 53.01 53 52.99 52.99 52.99 52.99 52.97 52.96 52.97 52.98 53.01 53.02 53.01 53 53.01 53.02 53.03
1.70141e38 1.70141e38 1.70141e38 1.70141e38 1.70141e38 1.70141e38 1.70141e38 1.70141e38 1.70141e38 1.70141e38 1.70141e38 1.70141e38 1.70141e38 1.70141e38 1.70141e38 52.47 52.46 52.46 52.46 52.49 52.52 52.54 52.56 52.55 52.56 52.57 52.56 52.56 52.57 52.59 52.55 52.53 52.53 52.57 52.61 52.63 52.69 52.72 52.77 52.82 52.84 52.85 52.88 52.92 52.93 52.92 52.94 52.99 52.98 52.96 52.93 52.93 52.95 52.94 52.91 52.92 52.95 53.01 53.01 52.99 53 53 52.98 52.96 52.97 52.98 52.97 52.97 52.97 52.97 53 53.01 53.02 53.02 53.02 53.03 53.03
1.70141e38 1.70141e38 1.70141e38 1.70141e38 1.70141e38 1.70141e38 1.70141e38 1.70141e38 1.70141e38 1.70141e38 1.70141e38 1.70141e38 1.70141e38 1.70141e38 52.45 52.47 52.47 52.48 52.49 52.5 52.53 52.55 52.56 52.6 52.61 52.61 52.6 52.59 52.62 52.68 52.68 52.72 52.74 52.78 52.8 52.8 52.85 52.88 52.93 52.93 52.93 52.92 52.93 52.93 52.91 52.89 52.91 52.95 52.93 52.92 52.88 52.89 52.92 52.93 52.92 52.94 52.97 53.01 53.02 53.01 53.03 53.01 52.98 52.96 52.97 52.98 52.99 53 53 53 53 53.02 53.02 53.03 53.02 53.03 53.01
1.70141e38 1.70141e38 1.70141e38 1.70141e38 1.70141e38 1.70141e38 1.70141e38 1.70141e38 1.70141e38 1.70141e38 1.70141e38 1.70141e38 1.70141e38 1.70141e38 52.46 52.48 52.48 52.48 52.48 52.51 52.56 52.59 52.62 52.72 52.77 52.78 52.73 52.71 52.77 52.83 52.84 52.89 52.91 52.92 52.91 52.89 52.91 52.94 52.92 52.92 52.92 52.9 52.9 52.9 52.91 52.91 52.91 52.92 52.9 52.91 52.91 52.91 52.92 52.94 52.96 52.98 53 53.01 53.02 53.03 53.04 53 53 52.99 52.98 52.99 53 53.02 53.03 53.02 53.02 53.02 53.03 53.04 53.03 53.03 53.03
1.70141e38 1.70141e38 1.70141e38 1.70141e38 1.70141e38 1.70141e38 1.70141e38 1.70141e38 1.70141e38 1.70141e38 1.70141e38 1.70141e38 1.70141e38 1.70141e38 52.5 52.5 52.49 52.49 52.53 52.61 52.71 52.72 52.77 52.87 52.92 52.93 52.87 52.83 52.86 52.88 52.91 52.92 52.9 52.88 52.89 52.89 52.9 52.92 52.9 52.88 52.89 52.88 52.92 52.92 52.92 52.94 52.94 52.94 52.92 52.92 52.94 52.94 52.92 52.94 52.96 52.99 53.01 52.99 52.99 53 52.99 52.98 53 53 52.99 52.99 53.01 53.03 53.04 53.02 53.02 53.02 53.03 53.04 53.02 53.01 53.04
1.70141e38 1.70141e38 1.70141e38 1.70141e38 1.70141e38 1.70141e38 1.70141e38 1.70141e38 1.70141e38 1.70141e38 1.70141e38 1.70141e38 1.70141e38 1.70141e38 52.54 52.53 52.56 52.61 52.69 52.78 52.86 52.86 52.89 52.94 52.94 52.93 52.89 52.85 52.84 52.82 52.88 52.9 52.89 52.87 52.89 52.9 52.9 52.91 52.92 52.92 52.91 52.91 52.94 52.93 52.91 52.92 52.94 52.94 52.94 52.92 52.93 52.93 52.91 52.92 52.93 52.95 52.98 52.96 52.97 52.97 52.96 52.96 52.99 52.99 52.98 52.98 53.01 53.03 53.04 53 53 53.01 53.04 53.05 53.02 52.97 53
1.70141e38 1.70141e38 1.70141e38 1.70141e38 1.70141e38 1.70141e38 1.70141e38 1.70141e38 1.70141e38 1.70141e38 1.70141e38 1.70141e38 1.70141e38 1.70141e38 52.62 52.67 52.74 52.82 52.88 52.89 52.92 52.94 52.92 52.9 52.89 52.89 52.87 52.86 52.86 52.84 52.86 52.89 52.91 52.92 52.92 52.92 52.91 52.92 52.92 52.93 52.93 52.92 52.91 52.9 52.88 52.9 52.91 52.91 52.92 52.89 52.9 52.91 52.91 52.9 52.92 52.94 52.95 52.95 52.95 52.95 52.96 52.97 52.99 52.98 52.98 52.98 53 53.01 53.02 53 53.01 53.01 53.04 53.05 53.02 52.98 52.99
1.70141e38 1.70141e38 1.70141e38 1.70141e38 1.70141e38 1.70141e38 1.70141e38 1.70141e38 1.70141e38 1.70141e38 1.70141e38 1.70141e38 1.70141e38 1.70141e38 52.79 52.83 52.86 52.9 52.93 52.88 52.89 52.91 52.88 52.88 52.88 52.89 52.89 52.89 52.9 52.89 52.89 52.91 52.92 52.92 52.9 52.89 52.89 52.91 52.9 52.9 52.91 52.91 52.88 52.87 52.87 52.88 52.9 52.89 52.88 52.88 52.91 52.93 52.93 52.92 52.95 52.96 52.96 52.94 52.94 52.94 52.98 53 52.99 52.98 52.99 53 53 53 53.01 53 53.03 53.04 53.03 53.03 53.02 53.02 53.03
1.70141e38 1.70141e38 1.70141e38 1.70141e38 1.70141e38 1.70141e38 1.70141e38 1.70141e38 1.70141e38 1.70141e38 1.70141e38 1.70141e38 1.70141e38 1.70141e38 52.91 52.89 52.86 52.86 52.9 52.87 52.86 52.86 52.86 52.89 52.9 52.9 52.92 52.91 52.91 52.91 52.9 52.9 52.89 52.9 52.88 52.86 52.86 52.88 52.88 52.88 52.88 52.88 52.89 52.88 52.87 52.88 52.91 52.91 52.9 52.92 52.94 52.95 52.96 52.94 52.94 52.96 52.96 52.96 52.95 52.95 52.98 53 52.97 52.97 52.95 52.95 52.98 53.01 53.01 53 53.01 53.02 53 53 53.01 53.01 53.03
1.70141e38 1.70141e38 1.70141e38 1.70141e38 1.70141e38 1.70141e38 1.70141e38 1.70141e38 1.70141e38 1.70141e38 1.70141e38 1.70141e38 1.70141e38 1.70141e38 52.88 52.87 52.87 52.84 52.88 52.89 52.89 52.89 52.88 52.88 52.89 52.9 52.9 52.89 52.9 52.91 52.88 52.87 52.88 52.89 52.86 52.85 52.85 52.86 52.88 52.88 52.88 52.89 52.92 52.91 52.89 52.88 52.92 52.94 52.94 52.95 52.94 52.93 52.95 52.92 52.9 52.93 52.94 52.95 52.96 52.96 52.96 52.96 52.95 52.95 52.89 52.85 52.91 52.95 52.95 52.94 52.93 52.91 52.89 52.91 52.91 52.91 52.94
1.70141e38 1.70141e38 1.70141e38 1.70141e38 1.70141e38 1.70141e38 1.70141e38 1.70141e38 1.70141e38 1.70141e38 1.70141e38 1.70141e38 1.70141e38 1.70141e38 52.83 52.86 52.88 52.86 52.88 52.9 52.91 52.91 52.89 52.86 52.86 52.86 52.87 52.88 52.9 52.9 52.85 52.87 52.89 52.89 52.87 52.87 52.86 52.87 52.88 52.89 52.88 52.9 52.92 52.92 52.92 52.88 52.89 52.91 52.9 52.9 52.9 52.9 52.92 52.91 52.91 52.91 52.91 52.93 52.96 52.97 52.95 52.9 52.9 52.91 52.85 52.78 52.74 52.74 52.74 52.76 52.75 52.73 52.74 52.77 52.79 52.78 52.8
1.70141e38 1.70141e38 1.70141e38 1.70141e38 1.70141e38 1.70141e38 1.70141e38 1.70141e38 1.70141e38 1.70141e38 1.70141e38 1.70141e38 1.70141e38 1.70141e38 52.86 52.88 52.88 52.87 52.88 52.88 52.88 52.9 52.87 52.84 52.84 52.85 52.84 52.87 52.9 52.89 52.85 52.87 52.89 52.88 52.87 52.87 52.86 52.86 52.86 52.87 52.87 52.86 52.88 52.9 52.93 52.91 52.88 52.88 52.85 52.82 52.83 52.85 52.91 52.94 52.88 52.84 52.87 52.9 52.92 52.9 52.85 52.78 52.79 52.82 52.79 52.68 52.53 52.44 52.43 52.47 52.47 52.49 52.55 52.6 52.64 52.6 52.59
1.70141e38 1.70141e38 1.70141e38 1.70141e38 1.70141e38 1.70141e38 1.70141e38 1.70141e38 1.70141e38 1.70141e38 1.70141e38 1.70141e38 1.70141e38 1.70141e38 52.88 52.88 52.86 52.86 52.86 52.86 52.85 52.87 52.84 52.83 52.84 52.85 52.84 52.85 52.88 52.87 52.85 52.87 52.88 52.86 52.86 52.85 52.84 52.83 52.85 52.86 52.84 52.83 52.85 52.86 52.89 52.9 52.86 52.84 52.8 52.75 52.75 52.77 52.86 52.86 52.75 52.69 52.72 52.78 52.73 52.66 52.59 52.52 52.55 52.6 52.6 52.45 52.24 52.11 52.07 52.1 52.12 52.17 52.23 52.27 52.27 52.26 52.2
1.70141e38 1.70141e38 1.70141e38 1.70141e38 1.70141e38 1.70141e38 1.70141e38 1.70141e38 1.70141e38 1.70141e38 1.70141e38 1.70141e38 1.70141e38 1.70141e38 52.86 52.86 52.84 52.83 52.84 52.84 52.84 52.85 52.83 52.83 52.83 52.86 52.86 52.85 52.86 52.84 52.84 52.85 52.86 52.84 52.86 52.84 52.82 52.79 52.8 52.81 52.79 52.77 52.79 52.76 52.78 52.8 52.77 52.75 52.72 52.68 52.66 52.65 52.67 52.62 52.49 52.42 52.45 52.53 52.43 52.33 52.23 52.12 52.12 52.16 52.19 52.09 51.93 51.79 51.71 51.67 51.67 51.71 51.76 51.71 51.59 51.55 51.43
1.70141e38 1.70141e38 1.70141e38 1.70141e38 1.70141e38 1.70141e38 1.70141e38 1.70141e38 1.70141e38 1.70141e38 1.70141e38 1.70141e38 1.70141e38 1.70141e38 52.83 52.83 52.83 52.82 52.84 52.84 52.84 52.85 52.83 52.83 52.82 52.84 52.84 52.84 52.85 52.84 52.85 52.85 52.84 52.82 52.82 52.79 52.76 52.69 52.68 52.71 52.69 52.65 52.64 52.61 52.63 52.65 52.63 52.61 52.61 52.57 52.48 52.39 52.35 52.27 52.14 52.07 52.11 52.17 52.06 51.97 51.84 51.68 51.6 51.58 51.6 51.59 51.53 51.42 51.3 51.08 51 51.03 51.05 50.98 50.85 50.79 50.63
1.70141e38 1.70141e38 1.70141e38 1.70141e38 1.70141e38 1.70141e38 1.70141e38 1.70141e38 1.70141e38 1.70141e38 1.70141e38 1.70141e38 1.70141e38 1.70141e38 52.84 52.83 52.84 52.83 52.85 52.83 52.83 52.83 52.82 52.82 52.81 52.82 52.83 52.84 52.84 52.83 52.81 52.79 52.77 52.75 52.72 52.69 52.68 52.63 52.64 52.66 52.62 52.5 52.42 52.41 52.42 52.43 52.41 52.4 52.43 52.38 52.17 52.03 51.95 51.86 51.75 51.69 51.74 51.77 51.64 51.54 51.41 51.22 51.1 50.9 50.85 50.9 50.93 50.88 50.74 50.48 50.35 50.36 50.37 50.35 50.34 50.23 50.15
1.70141e38 1.70141e38 1.70141e38 1.70141e38 1.70141e38 1.70141e38 1.70141e38 1.70141e38 1.70141e38 1.70141e38 1.70141e38 1.70141e38 1.70141e38 1.70141e38 52.85 52.85 52.86 52.84 52.83 52.81 52.81 52.82 52.83 52.83 52.82 52.84 52.8 52.77 52.76 52.72 52.68 52.67 52.65 52.68 52.68 52.64 52.63 52.64 52.66 52.66 52.54 52.3 52.16 52.14 52.16 52.15 52.14 52.15 52.16 52.07 51.81 51.66 51.54 51.42 51.29 51.26 51.28 51.29 51.12 50.96 50.83 50.65 50.52 50.28 50.26 50.37 50.45 50.43 50.26 50.07 49.99 49.99 50.01 49.98 49.94 49.76 49.84
1.70141e38 1.70141e38 1.70141e38 1.70141e38 1.70141e38 1.70141e38 1.70141e38 1.70141e38 1.70141e38 1.70141e38 1.70141e38 1.70141e38 1.70141e38 1.70141e38 52.83 52.83 52.84 52.83 52.81 52.8 52.8 52.83 52.8 52.76 52.74 52.74 52.67 52.63 52.62 52.61 52.62 52.64 52.64 52.68 52.67 52.64 52.6 52.61 52.62 52.61 52.43 52.09 51.9 51.87 51.87 51.84 51.81 51.8 51.71 51.6 51.38 51.23 51.08 50.89 50.65 50.62 50.58 50.55 50.42 50.32 50.27 50.12 49.99 49.89 50 50.16 50.24 50.21 50 49.79 49.72 49.71 49.71 49.64 49.56 49.49 49.67
1.70141e38 1.70141e38 1.70141e38 1.70141e38 1.70141e38 1.70141e38 1.70141e38 1.70141e38 1.70141e38 1.70141e38 1.70141e38 1.70141e38 1.70141e38 1.70141e38 52.81 52.8 52.81 52.83 52.78 52.75 52.74 52.74 52.68 52.65 52.64 52.64 52.62 52.62 52.6 52.61 52.64 52.66 52.65 52.64 52.61 52.59 52.54 52.44 52.42 52.43 52.22 51.85 51.61 51.48 51.42 51.34 51.28 51.26 50.97 50.86 50.73 50.58 50.4 50.21 49.99 49.96 49.86 49.77 49.74 49.77 49.84 49.75 49.64 49.59 49.77 49.94 50 49.98 49.78 49.58 49.51 49.47 49.42 49.33 49.26 49.31 49.56
1.70141e38 1.70141e38 1.70141e38 1.70141e38 1.70141e38 1.70141e38 1.70141e38 1.70141e38 1.70141e38 1.70141e38 1.70141e38 1.70141e38 1.70141e38 1.70141e38 52.81 52.79 52.79 52.78 52.7 52.66 52.64 52.63 52.63 52.67 52.7 52.7 52.68 52.68 52.64 52.62 52.57 52.55 52.57 52.51 52.42 52.41 52.35 52.07 51.97 51.97 51.79 51.44 51.1 50.74 50.49 50.41 50.39 50.4 50.2 50.2 50.17 50 49.8 49.64 49.55 49.5 49.38 49.29 49.28 49.36 49.51 49.48 49.41 49.41 49.58 49.73 49.77 49.74 49.63 49.52 49.48 49.41 49.29 49.19 49.12 49.21 49.48
1.70141e38 1.70141e38 1.70141e38 1.70141e38 1.70141e38 1.70141e38 1.70141e38 1.70141e38 1.70141e38 1.70141e38 1.70141e38 1.70141e38 1.70141e38 1.70141e38 52.76 52.72 52.69 52.66 52.61 52.62 52.62 52.65 52.72 52.76 52.77 52.74 52.68 52.66 52.61 52.47 52.29 52.26 52.34 52.19 51.99 51.95 51.86 51.51 51.28 51.17 51.06 50.74 50.29 49.86 49.62 49.6 49.63 49.67 49.73 49.83 49.87 49.7 49.57 49.38 49.28 49.14 49.11 49.08 49.06 49.13 49.33 49.36 49.31 49.36 49.5 49.61 49.64 49.62 49.63 49.64 49.64 49.55 49.39 49.27 49.16 49.21 49.45
1.70141e38 1.70141e38 1.70141e38 1.70141e38 1.70141e38 1.70141e38 1.70141e38 1.70141e38 1.70141e38 1.70141e38 1.70141e38 1.70141e38 1.70141e38 1.70141e38 52.66 52.61 52.58 52.57 52.58 52.62 52.63 52.7 52.76 52.77 52.72 52.63 52.54 52.51 52.35 52.01 51.75 51.73 51.81 51.45 51.09 50.98 50.9 50.76 50.56 50.4 50.34 50.07 49.64 49.36 49.3 49.29 49.31 49.34 49.39 49.47 49.54 49.43 49.41 49.29 49.18 49.02 49.08 49.06 49.01 49.04 49.19 49.24 49.22 49.33 49.52 49.67 49.72 49.73 49.78 49.83 49.83 49.73 49.56 49.46 49.33 49.31 49.47
1.70141e38 1.70141e38 1.70141e38 1.70141e38 1.70141e38 1.70141e38 1.70141e38 1.70141e38 1.70141e38 1.70141e38 1.70141e38 1.70141e38 1.70141e38 1.70141e38 52.59 52.57 52.57 52.54 52.54 52.57 52.54 52.55 52.55 52.52 52.43 52.29 52.16 52.12 51.7 51.23 50.97 50.88 50.82 50.49 50.14 49.98 49.95 50.02 49.98 49.91 49.84 49.6 49.32 49.11 49.08 49.04 49.03 49.05 49.09 49.14 49.19 49.17 49.26 49.26 49.21 49.09 49.11 49.08 49.03 49.05 49.12 49.17 49.18 49.35 49.63 49.82 49.95 50.01 50.05 50.07 50.02 49.87 49.72 49.66 49.56 49.5 49.58
1.70141e38 1.70141e38 1.70141e38 1.70141e38 1.70141e38 1.70141e38 1.70141e38 1.70141e38 1.70141e38 1.70141e38 1.70141e38 1.70141e38 1.70141e38 1.70141e38 52.56 52.57 52.59 52.49 52.41 52.39 52.31 52.21 52.08 51.92 51.77 51.62 51.46 51.38 50.93 50.54 50.31 50.18 49.98 49.8 49.58 49.44 49.42 49.48 49.5 49.48 49.38 49.17 48.99 48.92 48.92 48.88 48.84 48.85 48.89 48.94 48.97 49.01 49.15 49.24 49.25 49.15 49.13 49.09 49.04 49.1 49.15 49.19 49.22 49.41 49.75 49.98 50.18 50.3 50.31 50.27 50.17 50 49.85 49.82 49.79 49.76 49.79
1.70141e38 1.70141e38 1.70141e38 1.70141e38 1.70141e38 1.70141e38 1.70141e38 1.70141e38 1.70141e38 1.70141e38 1.70141e38 1.70141e38 1.70141e38 1.70141e38 52.44 52.44 52.46 52.34 52.04 51.91 51.78 51.62 51.43 51.28 51.08 50.89 50.7 50.59 50.34 50.08 49.91 49.82 49.62 49.39 49.22 49.14 49.16 49.17 49.17 49.17 49.08 48.93 48.84 48.85 48.85 48.8 48.77 48.78 48.86 48.94 48.98 49.01 49.12 49.2 49.19 49.12 49.12 49.1 49.09 49.15 49.21 49.25 49.29 49.47 49.82 50.06 50.3 50.47 50.42 50.33 50.23 50.11 50 49.96 49.94 49.94 49.94
1.70141e38 1.70141e38 1.70141e38 1.70141e38 1.70141e38 1.70141e38 1.70141e38 1.70141e38 1.70141e38 1.70141e38 1.70141e38 1.70141e38 1.70141e38 1.70141e38 52.01 51.93 51.87 51.75 51.45 51.29 51.09 50.91 50.78 50.74 50.54 50.31 50.14 50.05 49.83 49.65 49.5 49.43 49.26 49.09 49.02 49.03 49.09 49.1 49.1 49.09 49.02 48.92 48.85 48.84 48.83 48.8 48.8 48.83 48.93 49.03 49.07 49.08 49.14 49.14 49.1 49.08 49.13 49.14 49.17 49.23 49.3 49.35 49.38 49.54 49.84 50.07 50.31 50.44 50.39 50.31 50.21 50.13 50.07 50.03 50 50 49.99
1.70141e38 1.70141e38 1.70141e38 1.70141e38 1.70141e38 1.70141e38 1.70141e38 1.70141e38 1.70141e38 1.70141e38 1.70141e38 1.70141e38 1.70141e38 1.70141e38 51.41 51.27 51.11 51 50.82 50.7 50.46 50.33 50.21 50.14 49.94 49.73 49.61 49.6 49.4 49.33 49.28 49.21 49.06 48.98 48.98 49.04 49.09 49.1 49.09 49.07 49.03 48.97 48.9 48.86 48.86 48.86 48.87 48.9 49.01 49.12 49.16 49.16 49.18 49.16 49.14 49.14 49.2 49.23 49.28 49.35 49.43 49.48 49.53 49.63 49.86 50.06 50.26 50.32 50.3 50.27 50.17 50.09 50.05 50.06 50.03 50.06 50.05
1.70141e38 1.70141e38 1.70141e38 1.70141e38 1.70141e38 1.70141e38 1.70141e38 1.70141e38 1.70141e38 1.70141e38 1.70141e38 1.70141e38 1.70141e38 1.70141e38 50.82 50.72 50.58 50.45 50.28 50.16 49.95 49.77 49.63 49.54 49.36 49.2 49.16 49.19 49.09 49.16 49.24 49.22 49.08 49.07 49.07 49.09 49.11 49.11 49.11 49.09 49.06 49.01 48.96 48.92 48.91 48.94 48.96 49.01 49.09 49.19 49.24 49.25 49.26 49.29 49.31 49.32 49.35 49.36 49.41 49.46 49.56 49.61 49.66 49.73 49.89 50.06 50.18 50.21 50.21 50.21 50.15 50.07 50.06 50.07 50.07 50.09 50.09
1.70141e38 1.70141e38 1.70141e38 1.70141e38 1.70141e38 1.70141e38 1.70141e38 1.70141e38 1.70141e38 1.70141e38 1.70141e38 1.70141e38 1.70141e38 1.70141e38 50.22 50.14 50.02 49.89 49.78 49.73 49.56 49.31 49.12 49.05 48.96 48.89 48.9 48.96 48.99 49.1 49.2 49.27 49.16 49.15 49.14 49.14 49.14 49.14 49.13 49.12 49.09 49.06 49.02 49 49 49.03 49.07 49.16 49.2 49.24 49.3 49.37 49.41 49.45 49.48 49.49 49.49 49.49 49.5 49.54 49.63 49.7 49.75 49.81 49.94 50.06 50.1 50.1 50.13 50.14 50.13 50.1 50.08 50.07 50.08 50.1 50.1
1.70141e38 1.70141e38 1.70141e38 1.70141e38 1.70141e38 1.70141e38 1.70141e38 1.70141e38 1.70141e38 1.70141e38 1.70141e38 1.70141e38 1.70141e38 1.70141e38 49.71 49.57 49.49 49.33 49.3 49.29 49.15 48.96 48.84 48.8 48.77 48.77 48.84 48.95 49.04 49.14 49.22 49.32 49.24 49.21 49.21 49.21 49.2 49.18 49.18 49.16 49.12 49.1 49.09 49.12 49.12 49.15 49.16 49.26 49.33 49.33 49.38 49.5 49.59 49.6 49.59 49.59 49.59 49.59 49.59 49.61 49.69 49.77 49.83 49.9 49.98 50.04 50.05 50.08 50.13 50.15 50.13 50.12 50.13 50.1 50.11 50.15 50.15
1.70141e38 1.70141e38 1.70141e38 1.70141e38 1.70141e38 1.70141e38 1.70141e38 1.70141e38 1.70141e38 1.70141e38 1.70141e38 1.70141e38 1.70141e38 1.70141e38 49.2 49.04 49 48.92 48.96 48.96 48.85 48.76 48.76 48.77 48.73 48.75 48.86 49 49.11 49.2 49.26 49.35 49.3 49.25 49.25 49.27 49.29 49.26 49.28 49.23 49.16 49.16 49.18 49.23 49.21 49.2 49.16 49.3 49.48 49.54 49.55 49.66 49.73 49.72 49.7 49.69 49.69 49.69 49.69 49.7 49.76 49.82 49.91 49.99 50.05 50.07 50.07 50.11 50.15 50.16 50.15 50.16 50.2 50.17 50.14 50.19 50.22
