slabs/100.grd
DSAA
631 301
647670 648300
4948700 4949000
28.54 42.07
[rows 245 to 279 of 301, columns 539 to 615 of 631]
40.07 39.72 39.4 39.16 39.08 38.93 38.75 38.6 38.56 38.48 38.4 38.34 38.33 38.33 38.31 38.29 38.31 38.32 38.31 38.29 38.29 38.29 38.31 38.3 38.29 38.29 38.27 38.28 38.3 38.29 38.28 38.27 38.27 38.27 38.25 38.26 38.28 38.3 38.32 38.33 38.35 38.38 38.41 38.44 38.47 38.5 38.53 38.56 38.61 38.65 38.67 38.71 38.71 38.7 38.69 38.68 38.67 38.63 38.62 38.6 38.57 38.57 38.6 38.62 38.6 38.61 38.61 38.61 38.65 38.66 38.65 38.66 38.66 38.67 38.67 38.64 38.63
39.82 39.41 39.15 39 38.94 38.81 38.67 38.55 38.51 38.41 38.34 38.3 38.3 38.3 38.29 38.28 38.29 38.3 38.29 38.27 38.27 38.27 38.29 38.29 38.29 38.29 38.29 38.29 38.31 38.31 38.29 38.28 38.27 38.27 38.26 38.28 38.31 38.32 38.33 38.34 38.36 38.37 38.4 38.44 38.46 38.5 38.53 38.57 38.61 38.65 38.67 38.71 38.72 38.71 38.71 38.69 38.66 38.63 38.63 38.61 38.58 38.57 38.59 38.62 38.61 38.61 38.61 38.63 38.65 38.65 38.65 38.65 38.65 38.66 38.66 38.65 38.63
39.49 39.18 38.95 38.8 38.75 38.67 38.59 38.48 38.44 38.36 38.31 38.29 38.29 38.3 38.29 38.29 38.28 38.27 38.27 38.27 38.27 38.27 38.29 38.3 38.3 38.29 38.3 38.3 38.31 38.31 38.3 38.3 38.29 38.28 38.28 38.3 38.33 38.34 38.34 38.35 38.37 38.37 38.39 38.43 38.46 38.51 38.53 38.58 38.61 38.64 38.66 38.71 38.72 38.71 38.71 38.7 38.66 38.63 38.63 38.63 38.6 38.58 38.59 38.62 38.63 38.62 38.61 38.61 38.63 38.64 38.65 38.65 38.65 38.65 38.64 38.66 38.65
39.25 39.02 38.81 38.68 38.64 38.59 38.51 38.4 38.38 38.34 38.31 38.3 38.31 38.3 38.3 38.28 38.26 38.28 38.29 38.28 38.27 38.27 38.28 38.3 38.31 38.29 38.31 38.3 38.3 38.31 38.3 38.3 38.29 38.28 38.29 38.3 38.34 38.36 38.35 38.35 38.37 38.39 38.4 38.43 38.48 38.5 38.53 38.57 38.6 38.63 38.66 38.72 38.74 38.74 38.74 38.71 38.68 38.66 38.65 38.63 38.63 38.61 38.58 38.62 38.64 38.63 38.61 38.6 38.61 38.61 38.63 38.64 38.64 38.64 38.64 38.67 38.68
39.13 38.87 38.68 38.59 38.57 38.52 38.44 38.37 38.35 38.31 38.31 38.3 38.29 38.29 38.29 38.28 38.26 38.27 38.28 38.27 38.27 38.28 38.28 38.3 38.31 38.3 38.29 38.29 38.29 38.31 38.29 38.29 38.29 38.29 38.3 38.31 38.33 38.36 38.36 38.37 38.38 38.4 38.4 38.42 38.48 38.48 38.51 38.56 38.6 38.63 38.66 38.72 38.75 38.75 38.75 38.73 38.71 38.69 38.65 38.64 38.65 38.63 38.59 38.61 38.65 38.64 38.63 38.61 38.62 38.62 38.63 38.65 38.64 38.64 38.65 38.68 38.69
39 38.74 38.58 38.55 38.52 38.47 38.41 38.37 38.34 38.31 38.31 38.3 38.29 38.28 38.27 38.26 38.26 38.26 38.28 38.28 38.3 38.3 38.3 38.3 38.31 38.31 38.29 38.28 38.29 38.31 38.31 38.31 38.31 38.3 38.31 38.32 38.32 38.35 38.36 38.38 38.4 38.43 38.43 38.44 38.48 38.48 38.51 38.56 38.6 38.63 38.64 38.69 38.73 38.73 38.73 38.73 38.71 38.7 38.66 38.66 38.66 38.65 38.62 38.63 38.68 38.67 38.64 38.63 38.63 38.63 38.64 38.64 38.64 38.64 38.66 38.68 38.69
38.85 38.64 38.52 38.51 38.48 38.43 38.39 38.37 38.33 38.3 38.28 38.28 38.29 38.28 38.27 38.27 38.25 38.25 38.29 38.3 38.3 38.3 38.29 38.29 38.3 38.32 38.31 38.3 38.3 38.32 38.33 38.33 38.32 38.3 38.31 38.33 38.32 38.34 38.35 38.39 38.43 38.45 38.44 38.45 38.48 38.49 38.51 38.54 38.57 38.61 38.63 38.68 38.74 38.74 38.74 38.72 38.71 38.7 38.68 38.66 38.67 38.67 38.65 38.65 38.7 38.68 38.64 38.63 38.62 38.64 38.65 38.64 38.64 38.65 38.66 38.67 38.67
38.71 38.57 38.49 38.46 38.44 38.39 38.37 38.35 38.32 38.29 38.26 38.27 38.29 38.29 38.28 38.28 38.26 38.26 38.31 38.31 38.3 38.3 38.26 38.27 38.3 38.33 38.34 38.33 38.32 38.32 38.33 38.34 38.32 38.31 38.32 38.33 38.33 38.36 38.36 38.39 38.42 38.44 38.44 38.45 38.48 38.51 38.52 38.54 38.56 38.57 38.61 38.66 38.73 38.74 38.75 38.74 38.72 38.71 38.69 38.68 38.69 38.69 38.68 38.65 38.68 38.67 38.64 38.63 38.63 38.65 38.66 38.65 38.64 38.65 38.66 38.66 38.66
38.62 38.54 38.47 38.44 38.4 38.37 38.35 38.34 38.32 38.29 38.27 38.28 38.3 38.3 38.28 38.28 38.28 38.28 38.31 38.3 38.29 38.31 38.28 38.28 38.32 38.35 38.35 38.34 38.33 38.31 38.33 38.35 38.35 38.35 38.35 38.35 38.36 38.37 38.38 38.39 38.41 38.43 38.44 38.45 38.47 38.49 38.51 38.55 38.57 38.58 38.61 38.66 38.73 38.74 38.74 38.75 38.75 38.73 38.71 38.72 38.73 38.72 38.7 38.65 38.66 38.67 38.65 38.64 38.65 38.65 38.65 38.65 38.65 38.65 38.66 38.66 38.65
38.57 38.51 38.46 38.44 38.39 38.36 38.35 38.34 38.32 38.3 38.28 38.29 38.31 38.3 38.3 38.3 38.3 38.29 38.31 38.3 38.29 38.32 38.31 38.3 38.31 38.33 38.33 38.35 38.34 38.33 38.34 38.36 38.37 38.37 38.37 38.36 38.37 38.38 38.38 38.39 38.42 38.44 38.44 38.44 38.45 38.48 38.52 38.55 38.57 38.58 38.62 38.65 38.72 38.72 38.73 38.74 38.75 38.74 38.72 38.73 38.75 38.74 38.72 38.68 38.65 38.66 38.65 38.64 38.64 38.65 38.65 38.67 38.66 38.64 38.65 38.66 38.66
38.5 38.44 38.43 38.41 38.37 38.36 38.35 38.33 38.32 38.31 38.27 38.29 38.31 38.31 38.32 38.33 38.31 38.29 38.31 38.32 38.31 38.3 38.3 38.3 38.31 38.31 38.33 38.37 38.36 38.36 38.35 38.36 38.38 38.39 38.38 38.36 38.37 38.38 38.38 38.39 38.41 38.43 38.45 38.45 38.45 38.47 38.52 38.54 38.55 38.57 38.61 38.64 38.68 38.69 38.71 38.73 38.74 38.73 38.72 38.72 38.74 38.75 38.74 38.71 38.68 38.67 38.65 38.63 38.64 38.65 38.66 38.67 38.66 38.64 38.64 38.67 38.67
38.41 38.38 38.38 38.37 38.35 38.34 38.32 38.31 38.33 38.32 38.27 38.28 38.31 38.3 38.3 38.31 38.32 38.31 38.31 38.31 38.32 38.3 38.3 38.32 38.32 38.31 38.34 38.38 38.36 38.36 38.37 38.37 38.39 38.41 38.4 38.38 38.38 38.38 38.38 38.39 38.42 38.43 38.45 38.47 38.48 38.49 38.51 38.52 38.54 38.56 38.59 38.62 38.64 38.67 38.7 38.7 38.7 38.7 38.7 38.71 38.73 38.75 38.75 38.73 38.71 38.67 38.66 38.65 38.65 38.65 38.65 38.66 38.66 38.66 38.65 38.67 38.67
38.35 38.35 38.34 38.34 38.34 38.33 38.3 38.3 38.32 38.32 38.29 38.3 38.31 38.29 38.29 38.3 38.31 38.33 38.32 38.3 38.32 38.32 38.33 38.34 38.33 38.34 38.35 38.37 38.37 38.36 38.37 38.38 38.4 38.43 38.42 38.39 38.38 38.38 38.39 38.41 38.44 38.45 38.46 38.48 38.5 38.49 38.51 38.52 38.53 38.54 38.57 38.6 38.63 38.65 38.68 38.68 38.66 38.68 38.68 38.69 38.72 38.77 38.77 38.73 38.71 38.67 38.66 38.68 38.67 38.66 38.65 38.67 38.67 38.66 38.63 38.63 38.63
38.33 38.34 38.32 38.32 38.33 38.33 38.31 38.31 38.3 38.31 38.31 38.32 38.33 38.31 38.3 38.3 38.32 38.34 38.33 38.31 38.34 38.34 38.35 38.36 38.36 38.37 38.35 38.35 38.36 38.33 38.36 38.39 38.41 38.43 38.42 38.4 38.38 38.39 38.4 38.43 38.45 38.45 38.46 38.48 38.49 38.49 38.51 38.52 38.53 38.55 38.56 38.58 38.62 38.62 38.65 38.67 38.67 38.68 38.69 38.67 38.7 38.77 38.77 38.74 38.72 38.68 38.67 38.69 38.68 38.67 38.66 38.65 38.66 38.66 38.63 38.61 38.61
38.33 38.33 38.33 38.33 38.32 38.31 38.31 38.31 38.3 38.32 38.32 38.33 38.33 38.33 38.31 38.3 38.31 38.33 38.33 38.32 38.35 38.36 38.35 38.36 38.37 38.38 38.36 38.36 38.38 38.35 38.36 38.39 38.41 38.42 38.43 38.42 38.4 38.4 38.43 38.44 38.44 38.45 38.47 38.48 38.48 38.48 38.5 38.53 38.55 38.56 38.57 38.57 38.59 38.6 38.63 38.69 38.68 38.67 38.68 38.68 38.7 38.75 38.76 38.76 38.75 38.7 38.65 38.67 38.67 38.67 38.66 38.63 38.65 38.66 38.64 38.62 38.6
38.33 38.33 38.35 38.33 38.31 38.29 38.3 38.33 38.33 38.34 38.34 38.35 38.34 38.34 38.33 38.3 38.32 38.34 38.34 38.34 38.35 38.38 38.36 38.36 38.38 38.38 38.38 38.38 38.4 38.4 38.39 38.39 38.41 38.43 38.44 38.45 38.43 38.43 38.44 38.44 38.46 38.46 38.46 38.47 38.47 38.48 38.5 38.54 38.55 38.55 38.57 38.56 38.57 38.58 38.62 38.67 38.67 38.66 38.68 38.69 38.69 38.72 38.76 38.77 38.76 38.7 38.65 38.66 38.66 38.67 38.67 38.64 38.65 38.66 38.66 38.63 38.59
38.33 38.35 38.35 38.33 38.32 38.31 38.32 38.34 38.35 38.36 38.36 38.37 38.34 38.35 38.34 38.32 38.34 38.35 38.35 38.34 38.34 38.38 38.38 38.38 38.39 38.4 38.4 38.4 38.41 38.42 38.42 38.41 38.42 38.43 38.46 38.47 38.45 38.45 38.45 38.45 38.47 38.47 38.46 38.47 38.48 38.49 38.51 38.54 38.55 38.55 38.56 38.57 38.57 38.58 38.61 38.63 38.65 38.67 38.67 38.68 38.68 38.71 38.76 38.78 38.76 38.7 38.64 38.64 38.65 38.66 38.66 38.65 38.64 38.65 38.64 38.62 38.58
38.35 38.36 38.35 38.33 38.34 38.36 38.36 38.35 38.35 38.37 38.37 38.37 38.35 38.33 38.33 38.33 38.35 38.36 38.37 38.36 38.35 38.38 38.39 38.4 38.41 38.42 38.45 38.44 38.41 38.43 38.45 38.43 38.44 38.44 38.46 38.47 38.46 38.46 38.46 38.46 38.47 38.46 38.46 38.47 38.49 38.5 38.52 38.52 38.53 38.56 38.55 38.56 38.56 38.57 38.59 38.61 38.63 38.66 38.64 38.66 38.67 38.69 38.74 38.77 38.75 38.7 38.65 38.64 38.65 38.65 38.64 38.64 38.63 38.63 38.63 38.62 38.58
38.35 38.34 38.34 38.34 38.36 38.39 38.38 38.36 38.36 38.36 38.37 38.38 38.36 38.32 38.33 38.35 38.37 38.39 38.39 38.4 38.39 38.4 38.41 38.42 38.42 38.43 38.48 38.46 38.41 38.44 38.49 38.46 38.46 38.46 38.46 38.47 38.49 38.48 38.46 38.46 38.47 38.47 38.46 38.47 38.49 38.5 38.51 38.51 38.53 38.55 38.54 38.56 38.56 38.55 38.57 38.59 38.62 38.65 38.63 38.65 38.65 38.67 38.72 38.75 38.73 38.69 38.66 38.65 38.64 38.63 38.62 38.63 38.63 38.63 38.62 38.61 38.59
38.34 38.34 38.34 38.35 38.37 38.38 38.37 38.36 38.38 38.39 38.4 38.41 38.39 38.37 38.37 38.37 38.39 38.4 38.41 38.42 38.43 38.42 38.43 38.44 38.42 38.44 38.47 38.46 38.42 38.44 38.49 38.47 38.45 38.45 38.46 38.47 38.49 38.49 38.48 38.48 38.49 38.48 38.48 38.49 38.5 38.5 38.5 38.5 38.52 38.54 38.53 38.55 38.56 38.56 38.55 38.58 38.6 38.63 38.64 38.64 38.63 38.66 38.7 38.72 38.71 38.69 38.66 38.65 38.62 38.6 38.61 38.63 38.64 38.61 38.59 38.59 38.59
38.34 38.36 38.35 38.35 38.37 38.38 38.37 38.37 38.4 38.41 38.42 38.43 38.44 38.43 38.42 38.41 38.4 38.4 38.41 38.44 38.45 38.45 38.45 38.45 38.43 38.44 38.47 38.46 38.43 38.45 38.49 38.5 38.46 38.46 38.48 38.49 38.49 38.48 38.48 38.49 38.49 38.48 38.49 38.5 38.5 38.5 38.5 38.5 38.51 38.53 38.54 38.54 38.56 38.58 38.56 38.56 38.57 38.6 38.63 38.62 38.62 38.67 38.69 38.69 38.7 38.69 38.65 38.63 38.61 38.59 38.61 38.62 38.63 38.61 38.58 38.58 38.58
38.35 38.35 38.35 38.34 38.37 38.41 38.39 38.39 38.41 38.41 38.42 38.45 38.47 38.46 38.44 38.44 38.43 38.42 38.43 38.45 38.46 38.46 38.46 38.48 38.47 38.48 38.5 38.5 38.47 38.48 38.5 38.52 38.49 38.48 38.48 38.5 38.49 38.47 38.47 38.47 38.46 38.47 38.5 38.49 38.49 38.5 38.51 38.5 38.5 38.52 38.54 38.53 38.55 38.58 38.57 38.55 38.56 38.58 38.6 38.6 38.6 38.64 38.66 38.67 38.7 38.7 38.65 38.64 38.61 38.57 38.58 38.6 38.62 38.6 38.57 38.57 38.55
38.36 38.35 38.34 38.34 38.37 38.41 38.41 38.4 38.41 38.42 38.42 38.45 38.47 38.46 38.46 38.45 38.44 38.44 38.45 38.45 38.47 38.47 38.47 38.49 38.48 38.48 38.5 38.53 38.52 38.5 38.5 38.53 38.52 38.5 38.5 38.5 38.5 38.49 38.49 38.47 38.46 38.47 38.5 38.49 38.49 38.51 38.51 38.5 38.5 38.53 38.54 38.53 38.55 38.57 38.57 38.56 38.56 38.58 38.61 38.6 38.59 38.6 38.63 38.65 38.69 38.71 38.68 38.67 38.64 38.6 38.61 38.62 38.62 38.6 38.57 38.56 38.56
38.35 38.35 38.35 38.34 38.35 38.37 38.4 38.42 38.41 38.41 38.43 38.45 38.47 38.47 38.49 38.47 38.45 38.46 38.47 38.47 38.49 38.48 38.48 38.49 38.49 38.49 38.5 38.51 38.53 38.52 38.51 38.53 38.53 38.51 38.5 38.51 38.51 38.51 38.51 38.5 38.49 38.47 38.49 38.5 38.51 38.52 38.52 38.52 38.52 38.53 38.54 38.54 38.55 38.56 38.56 38.56 38.57 38.58 38.6 38.6 38.6 38.59 38.61 38.62 38.66 38.69 38.7 38.68 38.64 38.62 38.63 38.62 38.61 38.6 38.58 38.56 38.55
38.35 38.34 38.34 38.35 38.36 38.37 38.41 38.45 38.44 38.43 38.45 38.48 38.49 38.49 38.51 38.5 38.47 38.47 38.48 38.48 38.5 38.5 38.49 38.49 38.5 38.5 38.51 38.51 38.52 38.52 38.53 38.54 38.54 38.53 38.5 38.49 38.5 38.52 38.52 38.52 38.51 38.49 38.48 38.5 38.51 38.52 38.52 38.53 38.53 38.53 38.52 38.53 38.55 38.54 38.55 38.56 38.57 38.58 38.59 38.6 38.6 38.59 38.61 38.61 38.63 38.68 38.71 38.69 38.65 38.63 38.64 38.62 38.6 38.59 38.58 38.56 38.53
38.37 38.36 38.36 38.36 38.39 38.39 38.41 38.46 38.45 38.45 38.47 38.49 38.5 38.5 38.52 38.52 38.49 38.49 38.49 38.49 38.5 38.5 38.51 38.51 38.51 38.51 38.52 38.52 38.52 38.53 38.55 38.55 38.56 38.56 38.52 38.49 38.5 38.51 38.53 38.52 38.52 38.5 38.49 38.49 38.5 38.52 38.53 38.52 38.52 38.52 38.5 38.52 38.54 38.53 38.55 38.55 38.57 38.57 38.58 38.6 38.6 38.58 38.59 38.6 38.62 38.68 38.7 38.69 38.66 38.64 38.64 38.61 38.58 38.57 38.57 38.55 38.52
38.39 38.38 38.37 38.38 38.41 38.41 38.43 38.47 38.46 38.46 38.48 38.5 38.51 38.52 38.53 38.53 38.52 38.52 38.51 38.49 38.5 38.51 38.52 38.53 38.53 38.52 38.52 38.52 38.52 38.53 38.55 38.55 38.55 38.57 38.55 38.5 38.49 38.49 38.52 38.52 38.52 38.52 38.52 38.5 38.49 38.51 38.52 38.53 38.53 38.51 38.51 38.51 38.52 38.53 38.55 38.55 38.56 38.57 38.57 38.58 38.59 38.58 38.58 38.59 38.63 38.68 38.7 38.7 38.67 38.64 38.63 38.6 38.58 38.56 38.55 38.53 38.52
38.38 38.38 38.39 38.4 38.43 38.43 38.44 38.47 38.48 38.47 38.49 38.52 38.53 38.53 38.54 38.55 38.54 38.55 38.53 38.49 38.5 38.52 38.52 38.53 38.53 38.52 38.51 38.52 38.53 38.54 38.54 38.55 38.55 38.57 38.56 38.5 38.5 38.5 38.51 38.51 38.53 38.55 38.54 38.52 38.5 38.5 38.49 38.5 38.53 38.51 38.51 38.52 38.53 38.55 38.55 38.55 38.55 38.56 38.57 38.58 38.58 38.57 38.57 38.59 38.63 38.67 38.69 38.71 38.68 38.62 38.61 38.59 38.59 38.57 38.56 38.54 38.52
38.39 38.39 38.4 38.4 38.42 38.42 38.44 38.47 38.51 38.5 38.51 38.53 38.55 38.55 38.55 38.57 38.57 38.58 38.56 38.51 38.51 38.54 38.55 38.56 38.56 38.53 38.51 38.51 38.52 38.54 38.54 38.58 38.57 38.57 38.58 38.51 38.51 38.5 38.49 38.5 38.53 38.55 38.52 38.51 38.5 38.49 38.49 38.5 38.53 38.51 38.5 38.52 38.54 38.55 38.55 38.55 38.55 38.56 38.57 38.58 38.57 38.57 38.57 38.59 38.63 38.65 38.66 38.68 38.69 38.65 38.62 38.59 38.6 38.59 38.58 38.54 38.51
38.41 38.41 38.41 38.41 38.41 38.42 38.44 38.48 38.53 38.53 38.52 38.55 38.58 38.58 38.58 38.58 38.58 38.58 38.57 38.53 38.54 38.56 38.57 38.58 38.57 38.54 38.53 38.51 38.51 38.52 38.54 38.57 38.56 38.57 38.59 38.55 38.53 38.51 38.5 38.52 38.54 38.54 38.52 38.52 38.5 38.5 38.51 38.52 38.52 38.51 38.49 38.51 38.53 38.53 38.54 38.54 38.55 38.56 38.56 38.56 38.56 38.56 38.57 38.58 38.62 38.63 38.63 38.65 38.69 38.69 38.65 38.6 38.6 38.59 38.58 38.55 38.52
38.43 38.43 38.42 38.42 38.43 38.43 38.45 38.48 38.52 38.53 38.53 38.55 38.57 38.59 38.6 38.61 38.6 38.59 38.57 38.56 38.56 38.56 38.56 38.57 38.56 38.55 38.55 38.53 38.53 38.54 38.55 38.55 38.55 38.57 38.59 38.58 38.55 38.51 38.51 38.51 38.52 38.53 38.53 38.53 38.51 38.5 38.51 38.51 38.52 38.51 38.48 38.5 38.52 38.52 38.52 38.53 38.54 38.54 38.54 38.54 38.54 38.56 38.56 38.58 38.59 38.6 38.61 38.65 38.69 38.69 38.66 38.61 38.59 38.59 38.58 38.56 38.53
38.44 38.45 38.44 38.44 38.44 38.45 38.46 38.48 38.5 38.53 38.55 38.56 38.57 38.59 38.61 38.63 38.63 38.62 38.6 38.6 38.59 38.57 38.56 38.58 38.57 38.57 38.57 38.55 38.55 38.55 38.56 38.55 38.54 38.56 38.56 38.57 38.57 38.51 38.49 38.5 38.52 38.53 38.53 38.53 38.52 38.51 38.5 38.51 38.52 38.52 38.51 38.51 38.51 38.51 38.52 38.53 38.53 38.53 38.53 38.53 38.54 38.54 38.55 38.57 38.58 38.6 38.62 38.65 38.69 38.7 38.68 38.62 38.58 38.6 38.59 38.57 38.54
38.43 38.44 38.46 38.46 38.46 38.46 38.47 38.47 38.5 38.54 38.57 38.59 38.6 38.61 38.62 38.65 38.65 38.63 38.63 38.61 38.61 38.59 38.56 38.57 38.56 38.55 38.56 38.55 38.54 38.53 38.54 38.54 38.53 38.55 38.54 38.56 38.58 38.52 38.48 38.49 38.53 38.54 38.55 38.55 38.53 38.51 38.52 38.52 38.52 38.52 38.53 38.52 38.49 38.48 38.5 38.53 38.51 38.53 38.53 38.54 38.53 38.52 38.53 38.56 38.57 38.59 38.61 38.64 38.67 38.7 38.68 38.64 38.62 38.62 38.6 38.58 38.56
38.4 38.43 38.47 38.47 38.48 38.48 38.48 38.48 38.5 38.54 38.58 38.58 38.6 38.63 38.65 38.67 38.66 38.65 38.63 38.62 38.63 38.6 38.56 38.57 38.56 38.54 38.55 38.54 38.53 38.52 38.52 38.52 38.53 38.55 38.54 38.56 38.58 38.54 38.5 38.5 38.51 38.54 38.56 38.55 38.54 38.52 38.53 38.52 38.52 38.53 38.53 38.51 38.46 38.45 38.48 38.52 38.52 38.53 38.53 38.52 38.52 38.51 38.52 38.55 38.56 38.56 38.58 38.62 38.65 38.68 38.68 38.66 38.66 38.64 38.59 38.59 38.55
38.41 38.44 38.48 38.49 38.49 38.49 38.5 38.5 38.51 38.53 38.56 38.56 38.59 38.64 38.66 38.67 38.67 38.67 38.65 38.64 38.64 38.61 38.57 38.57 38.57 38.55 38.55 38.55 38.54 38.54 38.54 38.54 38.54 38.55 38.56 38.57 38.57 38.57 38.53 38.51 38.48 38.51 38.54 38.54 38.53 38.52 38.51 38.51 38.53 38.53 38.54 38.52 38.47 38.46 38.48 38.52 38.52 38.53 38.53 38.51 38.51 38.51 38.52 38.55 38.56 38.55 38.57 38.61 38.62 38.65 38.69 38.68 38.65 38.63 38.59 38.58 38.54
