slabs/100.grd
DSAA
631 301
647670 648300
4948700 4949000
28.54 42.07
[rows 210 to 244 of 301, columns 154 to 230 of 631]
38.21 38.19 38.17 38.14 38.13 38.16 38.16 38.14 38.1 38.04 38.04 38.08 38.16 38.22 38.24 38.28 38.28 38.26 38.25 38.22 38.19 38.19 38.21 38.23 38.23 38.21 38.17 38.16 38.19 38.19 38.22 38.26 38.27 38.25 38.24 38.25 38.22 38.2 38.16 38.13 38.09 38.08 38.05 38.05 38.05 38.06 38.07 38.04 38.01 38.01 38.09 38.14 38.14 38.11 38.11 38.14 38.13 38.13 38.17 38.15 38.14 38.12 38.12 38.14 38.12 38.12 38.14 38.09 38.07 38.09 38.09 38.08 38.06 38.06 38.1 38.11 38.11
38.22 38.21 38.17 38.11 38.12 38.17 38.16 38.15 38.11 38.05 38.04 38.07 38.14 38.19 38.22 38.27 38.28 38.26 38.26 38.24 38.24 38.24 38.25 38.23 38.23 38.21 38.16 38.18 38.21 38.21 38.23 38.27 38.28 38.27 38.24 38.23 38.22 38.2 38.15 38.12 38.1 38.09 38.07 38.06 38.05 38.04 38.04 38.02 38.01 38.01 38.07 38.1 38.12 38.12 38.09 38.11 38.11 38.12 38.15 38.15 38.14 38.12 38.12 38.14 38.13 38.15 38.19 38.13 38.07 38.07 38.05 38.05 38.05 38.02 38.05 38.07 38.09
38.19 38.2 38.17 38.1 38.13 38.17 38.17 38.16 38.13 38.06 38.06 38.06 38.12 38.18 38.22 38.27 38.27 38.26 38.25 38.24 38.27 38.27 38.26 38.22 38.24 38.22 38.17 38.18 38.2 38.22 38.25 38.27 38.27 38.26 38.24 38.23 38.22 38.2 38.15 38.13 38.13 38.12 38.1 38.08 38.05 38.02 38.02 38 38 38.02 38.05 38.09 38.11 38.11 38.09 38.09 38.09 38.1 38.12 38.11 38.11 38.12 38.13 38.14 38.14 38.15 38.18 38.15 38.1 38.1 38.08 38.08 38.06 38.02 38.03 38.04 38.07
38.18 38.18 38.15 38.12 38.17 38.21 38.2 38.18 38.15 38.11 38.08 38.06 38.12 38.19 38.25 38.28 38.28 38.28 38.24 38.22 38.24 38.25 38.25 38.22 38.23 38.22 38.18 38.16 38.16 38.19 38.25 38.25 38.23 38.23 38.23 38.24 38.24 38.21 38.16 38.15 38.15 38.13 38.11 38.08 38.05 38.02 38.03 37.98 37.98 38.02 38.06 38.09 38.1 38.1 38.09 38.1 38.1 38.11 38.12 38.1 38.09 38.11 38.14 38.15 38.14 38.11 38.13 38.11 38.1 38.12 38.14 38.12 38.08 38.07 38.11 38.11 38.1
38.18 38.16 38.14 38.13 38.19 38.22 38.2 38.18 38.18 38.15 38.1 38.06 38.12 38.19 38.27 38.28 38.27 38.27 38.24 38.21 38.23 38.24 38.25 38.22 38.23 38.23 38.19 38.14 38.15 38.17 38.23 38.26 38.26 38.26 38.25 38.25 38.24 38.21 38.15 38.14 38.14 38.14 38.12 38.08 38.06 38.03 38.04 37.99 37.99 38.02 38.06 38.1 38.1 38.08 38.07 38.09 38.11 38.14 38.15 38.14 38.12 38.12 38.18 38.17 38.13 38.1 38.12 38.11 38.09 38.1 38.14 38.13 38.09 38.1 38.17 38.17 38.14
38.19 38.17 38.14 38.12 38.15 38.17 38.17 38.18 38.19 38.16 38.08 38.05 38.1 38.15 38.24 38.27 38.26 38.25 38.23 38.22 38.22 38.23 38.23 38.21 38.23 38.23 38.18 38.14 38.17 38.19 38.23 38.28 38.3 38.31 38.27 38.25 38.24 38.21 38.16 38.13 38.13 38.15 38.14 38.09 38.07 38.06 38.07 38.05 38.03 38.03 38.06 38.09 38.1 38.08 38.05 38.08 38.12 38.16 38.18 38.17 38.14 38.14 38.21 38.21 38.16 38.12 38.13 38.13 38.12 38.11 38.13 38.12 38.09 38.09 38.14 38.16 38.14
38.21 38.2 38.16 38.09 38.09 38.13 38.14 38.18 38.2 38.17 38.07 38.03 38.07 38.12 38.2 38.25 38.27 38.27 38.25 38.23 38.24 38.24 38.23 38.21 38.23 38.22 38.19 38.17 38.19 38.2 38.24 38.29 38.31 38.33 38.27 38.25 38.25 38.21 38.17 38.13 38.13 38.14 38.15 38.12 38.09 38.07 38.1 38.1 38.04 38.03 38.05 38.08 38.11 38.1 38.06 38.08 38.14 38.17 38.17 38.17 38.15 38.16 38.22 38.22 38.19 38.15 38.12 38.13 38.13 38.12 38.13 38.12 38.11 38.11 38.15 38.16 38.14
38.21 38.23 38.17 38.09 38.09 38.12 38.14 38.16 38.2 38.17 38.08 38.04 38.11 38.15 38.2 38.22 38.25 38.27 38.27 38.22 38.23 38.24 38.23 38.21 38.22 38.2 38.17 38.18 38.19 38.2 38.25 38.31 38.32 38.31 38.26 38.24 38.23 38.2 38.16 38.13 38.13 38.12 38.13 38.12 38.09 38.06 38.1 38.1 38.04 38.03 38.05 38.08 38.13 38.1 38.06 38.07 38.12 38.16 38.14 38.14 38.14 38.15 38.2 38.19 38.15 38.16 38.16 38.15 38.13 38.13 38.14 38.13 38.11 38.12 38.13 38.14 38.13
38.2 38.21 38.17 38.12 38.11 38.11 38.11 38.14 38.17 38.15 38.07 38.06 38.18 38.2 38.22 38.21 38.23 38.25 38.26 38.21 38.22 38.23 38.24 38.22 38.19 38.17 38.15 38.15 38.16 38.19 38.25 38.3 38.3 38.29 38.24 38.21 38.21 38.2 38.17 38.15 38.14 38.12 38.09 38.08 38.07 38.06 38.09 38.1 38.07 38.03 38.06 38.09 38.12 38.08 38.04 38.05 38.08 38.12 38.14 38.13 38.12 38.13 38.19 38.17 38.14 38.14 38.15 38.14 38.12 38.12 38.13 38.15 38.13 38.13 38.13 38.12 38.12
38.2 38.19 38.17 38.15 38.15 38.13 38.1 38.14 38.17 38.15 38.08 38.07 38.16 38.19 38.22 38.22 38.25 38.25 38.24 38.21 38.21 38.22 38.22 38.22 38.2 38.18 38.16 38.12 38.13 38.19 38.25 38.27 38.28 38.27 38.22 38.19 38.19 38.19 38.17 38.16 38.15 38.12 38.08 38.07 38.07 38.08 38.11 38.11 38.06 38.01 38.05 38.09 38.13 38.08 38.03 38.05 38.09 38.12 38.13 38.14 38.13 38.12 38.16 38.16 38.16 38.15 38.13 38.13 38.12 38.11 38.12 38.14 38.14 38.12 38.12 38.11 38.11
38.18 38.19 38.18 38.17 38.18 38.16 38.13 38.14 38.19 38.17 38.12 38.07 38.11 38.14 38.19 38.23 38.27 38.28 38.24 38.21 38.22 38.21 38.21 38.22 38.22 38.2 38.18 38.14 38.13 38.18 38.24 38.28 38.27 38.24 38.2 38.17 38.18 38.18 38.16 38.15 38.14 38.12 38.1 38.1 38.09 38.08 38.1 38.11 38.09 38.03 38.03 38.08 38.14 38.08 38.05 38.08 38.13 38.15 38.15 38.16 38.14 38.12 38.15 38.17 38.2 38.17 38.14 38.13 38.13 38.13 38.13 38.14 38.14 38.12 38.12 38.11 38.11
38.16 38.17 38.16 38.15 38.19 38.18 38.15 38.15 38.16 38.15 38.1 38.05 38.07 38.1 38.16 38.22 38.26 38.29 38.25 38.23 38.23 38.23 38.21 38.22 38.22 38.22 38.18 38.17 38.15 38.17 38.23 38.28 38.27 38.22 38.19 38.17 38.17 38.18 38.17 38.15 38.14 38.13 38.12 38.12 38.1 38.07 38.06 38.08 38.09 38.05 38.03 38.07 38.12 38.08 38.08 38.11 38.15 38.15 38.14 38.16 38.15 38.14 38.16 38.2 38.22 38.17 38.15 38.14 38.14 38.15 38.15 38.15 38.14 38.13 38.13 38.13 38.12
38.18 38.18 38.17 38.16 38.2 38.19 38.17 38.17 38.17 38.15 38.1 38.05 38.07 38.1 38.16 38.21 38.24 38.27 38.26 38.25 38.25 38.23 38.21 38.21 38.22 38.23 38.19 38.17 38.17 38.18 38.22 38.26 38.25 38.22 38.19 38.18 38.18 38.2 38.19 38.18 38.16 38.15 38.15 38.14 38.09 38.07 38.05 38.06 38.05 38.02 38.03 38.05 38.08 38.07 38.09 38.11 38.15 38.15 38.15 38.16 38.17 38.15 38.17 38.21 38.21 38.16 38.16 38.16 38.15 38.16 38.16 38.14 38.13 38.12 38.13 38.14 38.14
38.18 38.19 38.19 38.17 38.18 38.19 38.18 38.18 38.19 38.17 38.12 38.07 38.08 38.12 38.17 38.21 38.22 38.24 38.24 38.25 38.24 38.2 38.2 38.24 38.24 38.25 38.21 38.18 38.18 38.19 38.21 38.25 38.24 38.23 38.21 38.2 38.18 38.2 38.2 38.2 38.19 38.15 38.14 38.12 38.08 38.05 38.04 38.05 38.03 38.01 38.04 38.02 38.03 38.07 38.09 38.12 38.16 38.18 38.17 38.18 38.19 38.17 38.18 38.2 38.17 38.14 38.15 38.16 38.16 38.15 38.14 38.13 38.14 38.13 38.14 38.14 38.14
38.18 38.2 38.21 38.19 38.17 38.18 38.18 38.18 38.19 38.17 38.13 38.07 38.07 38.13 38.19 38.21 38.22 38.23 38.23 38.22 38.21 38.19 38.2 38.26 38.26 38.25 38.22 38.2 38.19 38.18 38.2 38.24 38.25 38.26 38.24 38.22 38.19 38.18 38.16 38.18 38.22 38.17 38.14 38.12 38.08 38.04 38.05 38.05 38.03 38.03 38.07 38.04 38.02 38.08 38.1 38.13 38.19 38.21 38.2 38.19 38.2 38.21 38.2 38.17 38.17 38.15 38.15 38.16 38.17 38.15 38.15 38.14 38.16 38.17 38.16 38.15 38.15
38.15 38.17 38.2 38.18 38.15 38.16 38.17 38.17 38.18 38.16 38.1 38.04 38.05 38.12 38.2 38.23 38.23 38.22 38.24 38.22 38.2 38.18 38.19 38.23 38.22 38.19 38.19 38.2 38.2 38.2 38.19 38.21 38.25 38.28 38.23 38.22 38.21 38.19 38.18 38.19 38.21 38.18 38.14 38.12 38.07 38.03 38.04 38.04 38.02 38.02 38.07 38.06 38.04 38.07 38.08 38.13 38.21 38.21 38.2 38.17 38.17 38.2 38.18 38.17 38.18 38.16 38.17 38.19 38.19 38.19 38.18 38.17 38.17 38.19 38.16 38.14 38.15
38.08 38.1 38.14 38.15 38.13 38.15 38.16 38.17 38.16 38.14 38.08 38.03 38.05 38.12 38.2 38.22 38.21 38.21 38.25 38.24 38.21 38.17 38.19 38.21 38.19 38.18 38.19 38.2 38.21 38.21 38.18 38.19 38.22 38.25 38.23 38.23 38.22 38.21 38.21 38.21 38.19 38.17 38.13 38.12 38.08 38.04 38.03 38.02 37.98 37.97 38.01 38.06 38.06 38.06 38.07 38.12 38.19 38.18 38.18 38.16 38.15 38.16 38.17 38.18 38.16 38.13 38.14 38.18 38.21 38.23 38.22 38.2 38.18 38.17 38.13 38.14 38.16
38.08 38.07 38.11 38.12 38.14 38.16 38.16 38.17 38.15 38.12 38.09 38.05 38.07 38.15 38.22 38.2 38.21 38.23 38.25 38.23 38.21 38.19 38.2 38.2 38.18 38.16 38.17 38.18 38.19 38.18 38.17 38.18 38.2 38.22 38.24 38.24 38.22 38.19 38.2 38.19 38.16 38.14 38.11 38.12 38.09 38.05 38.04 38.01 37.95 37.92 37.98 38.08 38.08 38.05 38.06 38.12 38.17 38.17 38.17 38.17 38.17 38.2 38.2 38.19 38.15 38.11 38.12 38.15 38.2 38.22 38.21 38.2 38.19 38.17 38.16 38.18 38.19
38.15 38.13 38.15 38.15 38.15 38.17 38.16 38.16 38.14 38.12 38.1 38.06 38.09 38.17 38.21 38.19 38.19 38.22 38.25 38.23 38.22 38.21 38.23 38.23 38.2 38.16 38.15 38.16 38.18 38.16 38.17 38.19 38.19 38.23 38.28 38.27 38.21 38.16 38.16 38.17 38.16 38.14 38.12 38.12 38.09 38.07 38.06 38.02 37.97 37.99 38.03 38.12 38.12 38.04 38.06 38.14 38.23 38.22 38.21 38.2 38.2 38.2 38.2 38.17 38.14 38.13 38.15 38.17 38.17 38.18 38.19 38.19 38.19 38.18 38.17 38.2 38.21
38.18 38.16 38.18 38.16 38.17 38.17 38.15 38.16 38.16 38.16 38.13 38.09 38.11 38.15 38.17 38.18 38.17 38.19 38.22 38.21 38.21 38.22 38.25 38.25 38.21 38.16 38.15 38.16 38.17 38.15 38.17 38.19 38.21 38.25 38.32 38.29 38.22 38.14 38.11 38.13 38.15 38.16 38.14 38.11 38.09 38.07 38.06 38.03 38.03 38.05 38.07 38.1 38.09 38.05 38.06 38.13 38.2 38.22 38.21 38.2 38.19 38.17 38.18 38.17 38.15 38.16 38.19 38.18 38.16 38.17 38.19 38.18 38.18 38.17 38.16 38.18 38.2
38.17 38.16 38.18 38.19 38.19 38.17 38.13 38.13 38.14 38.16 38.13 38.1 38.12 38.15 38.17 38.18 38.17 38.17 38.18 38.19 38.22 38.25 38.26 38.25 38.2 38.17 38.16 38.16 38.15 38.14 38.15 38.17 38.21 38.27 38.31 38.27 38.17 38.1 38.06 38.07 38.1 38.14 38.13 38.08 38.07 38.06 38.05 38.04 38.04 38.04 38.05 38.08 38.06 38.03 38.04 38.09 38.14 38.15 38.16 38.17 38.16 38.15 38.17 38.17 38.17 38.17 38.18 38.18 38.16 38.18 38.2 38.2 38.2 38.18 38.14 38.15 38.17
38.16 38.17 38.22 38.23 38.22 38.17 38.12 38.1 38.12 38.14 38.11 38.09 38.13 38.17 38.19 38.19 38.18 38.17 38.17 38.19 38.23 38.26 38.26 38.24 38.21 38.2 38.19 38.17 38.14 38.14 38.14 38.15 38.2 38.25 38.26 38.22 38.12 38.07 38.07 38.08 38.1 38.12 38.1 38.04 38.06 38.08 38.07 38.05 38.04 38.03 38.04 38.07 38.08 38.07 38.07 38.11 38.17 38.16 38.17 38.17 38.16 38.17 38.19 38.19 38.19 38.19 38.17 38.18 38.17 38.19 38.21 38.21 38.2 38.19 38.14 38.15 38.17
38.17 38.18 38.24 38.23 38.21 38.17 38.14 38.11 38.13 38.14 38.1 38.08 38.12 38.19 38.2 38.2 38.19 38.18 38.18 38.18 38.2 38.23 38.23 38.22 38.23 38.25 38.22 38.18 38.12 38.13 38.15 38.16 38.19 38.22 38.22 38.23 38.19 38.13 38.13 38.13 38.12 38.13 38.11 38.05 38.07 38.08 38.08 38.07 38.06 38.03 38.03 38.06 38.09 38.08 38.08 38.12 38.2 38.2 38.2 38.18 38.19 38.2 38.2 38.19 38.2 38.19 38.18 38.18 38.18 38.19 38.21 38.21 38.2 38.18 38.14 38.15 38.17
38.16 38.16 38.2 38.17 38.18 38.18 38.15 38.11 38.12 38.13 38.09 38.08 38.1 38.17 38.17 38.17 38.17 38.18 38.18 38.18 38.18 38.2 38.2 38.2 38.23 38.25 38.2 38.15 38.1 38.13 38.16 38.16 38.19 38.21 38.22 38.23 38.21 38.18 38.18 38.18 38.18 38.16 38.13 38.08 38.09 38.11 38.09 38.08 38.07 38.04 38.04 38.05 38.08 38.08 38.09 38.11 38.19 38.21 38.21 38.2 38.21 38.2 38.19 38.19 38.2 38.2 38.19 38.19 38.17 38.18 38.21 38.21 38.22 38.2 38.14 38.11 38.15
38.15 38.15 38.16 38.14 38.17 38.2 38.16 38.11 38.09 38.11 38.08 38.07 38.09 38.13 38.14 38.13 38.14 38.18 38.22 38.21 38.2 38.2 38.19 38.19 38.18 38.17 38.14 38.11 38.09 38.12 38.13 38.15 38.19 38.22 38.22 38.21 38.2 38.21 38.21 38.2 38.19 38.16 38.13 38.09 38.1 38.12 38.11 38.08 38.08 38.05 38.04 38.06 38.08 38.09 38.09 38.1 38.17 38.2 38.21 38.19 38.18 38.18 38.18 38.21 38.24 38.22 38.19 38.19 38.17 38.19 38.22 38.21 38.22 38.2 38.13 38.1 38.12
38.16 38.16 38.15 38.14 38.16 38.18 38.14 38.11 38.08 38.1 38.09 38.08 38.08 38.1 38.12 38.12 38.14 38.21 38.28 38.26 38.23 38.21 38.19 38.18 38.15 38.13 38.12 38.09 38.09 38.11 38.13 38.16 38.2 38.24 38.24 38.22 38.2 38.21 38.2 38.19 38.17 38.14 38.12 38.09 38.1 38.1 38.09 38.08 38.06 38.04 38.04 38.07 38.09 38.1 38.1 38.11 38.18 38.2 38.19 38.17 38.17 38.18 38.19 38.22 38.25 38.23 38.2 38.2 38.18 38.21 38.23 38.2 38.19 38.19 38.13 38.08 38.1
38.16 38.17 38.16 38.15 38.15 38.16 38.13 38.11 38.11 38.11 38.08 38.07 38.07 38.09 38.1 38.11 38.13 38.18 38.21 38.21 38.21 38.21 38.2 38.18 38.14 38.11 38.11 38.1 38.09 38.11 38.13 38.16 38.21 38.26 38.26 38.24 38.22 38.2 38.19 38.18 38.15 38.11 38.09 38.08 38.1 38.09 38.06 38.04 38.05 38.05 38.05 38.06 38.1 38.11 38.11 38.12 38.21 38.22 38.2 38.18 38.2 38.21 38.22 38.23 38.23 38.22 38.21 38.22 38.22 38.24 38.24 38.19 38.18 38.17 38.11 38.07 38.09
38.16 38.16 38.16 38.15 38.15 38.16 38.15 38.14 38.11 38.08 38.05 38.05 38.07 38.11 38.12 38.12 38.12 38.13 38.12 38.13 38.16 38.19 38.19 38.18 38.13 38.09 38.09 38.09 38.08 38.13 38.15 38.16 38.2 38.25 38.24 38.22 38.21 38.2 38.19 38.19 38.14 38.09 38.08 38.09 38.1 38.08 38.04 38.02 38.03 38.04 38.05 38.06 38.09 38.09 38.1 38.12 38.21 38.22 38.22 38.2 38.22 38.22 38.22 38.2 38.22 38.23 38.22 38.22 38.23 38.25 38.22 38.19 38.17 38.15 38.11 38.07 38.09
38.15 38.14 38.14 38.14 38.14 38.14 38.13 38.12 38.09 38.06 38.05 38.05 38.08 38.15 38.15 38.14 38.12 38.12 38.12 38.14 38.16 38.19 38.19 38.18 38.13 38.09 38.09 38.07 38.08 38.12 38.14 38.16 38.2 38.24 38.21 38.17 38.17 38.2 38.2 38.19 38.15 38.11 38.1 38.12 38.12 38.09 38.03 38.02 38.02 38.02 38.04 38.06 38.07 38.08 38.09 38.13 38.22 38.23 38.22 38.2 38.21 38.2 38.19 38.2 38.23 38.25 38.23 38.22 38.23 38.25 38.21 38.2 38.18 38.14 38.11 38.08 38.09
38.14 38.13 38.11 38.11 38.13 38.15 38.14 38.13 38.1 38.08 38.08 38.08 38.09 38.13 38.15 38.14 38.14 38.14 38.15 38.16 38.18 38.19 38.19 38.17 38.13 38.1 38.09 38.06 38.07 38.1 38.12 38.16 38.21 38.25 38.23 38.19 38.17 38.21 38.21 38.18 38.15 38.13 38.12 38.13 38.1 38.08 38.04 38.05 38.03 38.02 38.03 38.06 38.06 38.08 38.11 38.13 38.2 38.21 38.2 38.19 38.21 38.22 38.23 38.24 38.25 38.26 38.24 38.23 38.24 38.24 38.22 38.23 38.21 38.16 38.13 38.09 38.1
38.16 38.13 38.1 38.11 38.14 38.19 38.19 38.16 38.11 38.1 38.11 38.12 38.11 38.11 38.12 38.14 38.15 38.15 38.15 38.17 38.19 38.2 38.19 38.17 38.14 38.12 38.1 38.08 38.07 38.1 38.12 38.17 38.22 38.28 38.28 38.26 38.2 38.2 38.21 38.17 38.13 38.12 38.12 38.11 38.08 38.06 38.06 38.08 38.05 38.04 38.03 38.08 38.12 38.14 38.14 38.13 38.18 38.2 38.19 38.17 38.2 38.24 38.25 38.26 38.25 38.24 38.23 38.24 38.25 38.24 38.23 38.25 38.23 38.19 38.14 38.08 38.1
38.16 38.13 38.12 38.12 38.15 38.2 38.2 38.16 38.1 38.11 38.13 38.14 38.12 38.12 38.12 38.14 38.15 38.15 38.16 38.17 38.18 38.18 38.17 38.16 38.14 38.12 38.11 38.09 38.07 38.09 38.12 38.17 38.2 38.25 38.28 38.24 38.17 38.17 38.2 38.2 38.17 38.15 38.12 38.12 38.13 38.12 38.09 38.06 38.04 38.02 38 38.06 38.15 38.16 38.15 38.13 38.14 38.17 38.18 38.17 38.19 38.23 38.25 38.26 38.26 38.24 38.24 38.25 38.25 38.25 38.23 38.23 38.21 38.18 38.13 38.07 38.09
38.15 38.14 38.13 38.12 38.14 38.2 38.19 38.16 38.11 38.09 38.1 38.12 38.12 38.13 38.13 38.13 38.14 38.13 38.15 38.18 38.19 38.15 38.15 38.15 38.13 38.09 38.1 38.09 38.06 38.07 38.12 38.17 38.2 38.21 38.25 38.21 38.17 38.19 38.24 38.24 38.23 38.21 38.16 38.13 38.13 38.13 38.12 38.07 38.01 37.99 37.98 38.04 38.14 38.15 38.13 38.11 38.13 38.17 38.19 38.18 38.19 38.22 38.24 38.26 38.26 38.26 38.24 38.25 38.25 38.26 38.22 38.21 38.19 38.17 38.13 38.08 38.08
38.13 38.11 38.11 38.11 38.13 38.19 38.18 38.15 38.11 38.07 38.09 38.12 38.12 38.1 38.1 38.11 38.12 38.12 38.15 38.2 38.2 38.16 38.15 38.14 38.12 38.08 38.09 38.09 38.08 38.09 38.13 38.17 38.23 38.24 38.23 38.2 38.2 38.22 38.26 38.25 38.24 38.23 38.19 38.13 38.11 38.12 38.11 38.06 38 37.98 37.98 38.02 38.08 38.11 38.12 38.11 38.13 38.19 38.21 38.2 38.21 38.23 38.23 38.24 38.25 38.24 38.22 38.23 38.25 38.25 38.23 38.21 38.2 38.2 38.15 38.13 38.11
38.13 38.08 38.09 38.11 38.14 38.19 38.18 38.15 38.12 38.08 38.09 38.12 38.1 38.09 38.1 38.11 38.11 38.08 38.12 38.2 38.2 38.14 38.14 38.13 38.11 38.09 38.09 38.09 38.09 38.09 38.11 38.16 38.23 38.24 38.25 38.24 38.22 38.23 38.24 38.25 38.23 38.22 38.18 38.12 38.1 38.11 38.07 38.03 38.01 37.99 37.98 38.02 38.03 38.07 38.1 38.12 38.15 38.21 38.23 38.22 38.23 38.25 38.24 38.24 38.24 38.22 38.2 38.22 38.24 38.25 38.24 38.23 38.21 38.2 38.15 38.13 38.12
