slabs/100.grd
DSAA
631 301
647670 648300
4948700 4949000
28.54 42.07
[rows 35 to 69 of 301, columns 462 to 538 of 631]
39 38.79 38.47 38.42 38.42 38.43 38.43 38.42 38.45 38.45 38.43 38.41 38.41 38.42 38.44 38.43 38.43 38.43 38.42 38.42 38.43 38.44 38.44 38.43 38.43 38.43 38.43 38.42 38.42 38.42 38.42 38.43 38.42 38.42 38.42 38.42 38.45 38.63 38.99 39.22 39.46 39.53 39.51 39.4 39.05 38.63 38.39 38.26 37.97 37.74 37.62 37.57 37.47 37.39 37.34 37.26 37.16 37.18 37.21 37.22 37.23 37.23 37.25 37.29 37.28 37.25 37.25 37.26 37.27 37.25 37.26 37.29 37.31 37.31 37.32 37.34 37.33
39.07 38.85 38.5 38.43 38.42 38.42 38.43 38.42 38.44 38.44 38.43 38.42 38.42 38.42 38.44 38.43 38.43 38.43 38.42 38.42 38.42 38.44 38.43 38.43 38.43 38.43 38.42 38.43 38.43 38.43 38.42 38.42 38.41 38.41 38.43 38.42 38.42 38.5 38.69 38.93 39.37 39.51 39.53 39.46 39.19 38.84 38.59 38.46 38.16 37.88 37.72 37.65 37.54 37.46 37.35 37.27 37.17 37.17 37.18 37.2 37.23 37.23 37.25 37.28 37.28 37.26 37.26 37.26 37.27 37.26 37.27 37.28 37.31 37.33 37.33 37.33 37.33
39.1 38.89 38.53 38.44 38.44 38.43 38.43 38.42 38.42 38.42 38.43 38.45 38.44 38.43 38.44 38.43 38.43 38.43 38.43 38.42 38.42 38.43 38.43 38.43 38.43 38.42 38.42 38.43 38.44 38.42 38.42 38.42 38.42 38.42 38.42 38.41 38.41 38.45 38.56 38.8 39.32 39.53 39.56 39.51 39.28 38.87 38.57 38.49 38.27 38.01 37.8 37.72 37.59 37.53 37.39 37.3 37.18 37.16 37.18 37.23 37.26 37.23 37.24 37.27 37.28 37.27 37.26 37.25 37.27 37.28 37.27 37.29 37.34 37.37 37.36 37.34 37.33
39.2 38.95 38.54 38.42 38.42 38.43 38.43 38.42 38.41 38.41 38.42 38.43 38.44 38.44 38.44 38.43 38.43 38.43 38.43 38.41 38.41 38.42 38.43 38.43 38.42 38.42 38.43 38.44 38.43 38.42 38.42 38.42 38.42 38.42 38.42 38.42 38.42 38.42 38.48 38.71 39.22 39.52 39.56 39.55 39.4 38.94 38.52 38.44 38.24 37.99 37.82 37.72 37.59 37.57 37.5 37.36 37.21 37.15 37.17 37.25 37.28 37.25 37.24 37.27 37.28 37.27 37.26 37.26 37.28 37.3 37.29 37.29 37.33 37.37 37.37 37.35 37.33
39.37 39.07 38.56 38.41 38.41 38.42 38.43 38.42 38.42 38.42 38.41 38.41 38.42 38.44 38.43 38.42 38.42 38.43 38.42 38.42 38.41 38.42 38.43 38.43 38.42 38.42 38.43 38.43 38.42 38.42 38.42 38.42 38.42 38.42 38.42 38.42 38.42 38.41 38.44 38.63 39.14 39.51 39.55 39.57 39.48 39.06 38.58 38.46 38.18 37.94 37.84 37.72 37.58 37.53 37.51 37.42 37.25 37.15 37.16 37.23 37.27 37.26 37.25 37.26 37.28 37.28 37.27 37.27 37.29 37.32 37.31 37.3 37.3 37.33 37.35 37.36 37.35
39.54 39.21 38.66 38.43 38.41 38.42 38.43 38.43 38.43 38.42 38.42 38.42 38.42 38.43 38.42 38.42 38.43 38.43 38.42 38.43 38.43 38.43 38.44 38.44 38.43 38.41 38.42 38.42 38.42 38.41 38.42 38.41 38.42 38.41 38.41 38.41 38.41 38.41 38.42 38.58 39.05 39.48 39.58 39.58 39.53 39.21 38.79 38.53 38.16 37.93 37.85 37.72 37.59 37.5 37.49 37.43 37.27 37.16 37.16 37.2 37.24 37.27 37.26 37.27 37.28 37.29 37.28 37.27 37.28 37.31 37.33 37.31 37.3 37.31 37.35 37.35 37.34
39.72 39.38 38.79 38.47 38.44 38.42 38.42 38.44 38.43 38.42 38.42 38.42 38.43 38.43 38.43 38.44 38.44 38.43 38.43 38.44 38.44 38.44 38.43 38.43 38.42 38.41 38.41 38.41 38.42 38.42 38.41 38.41 38.41 38.41 38.41 38.41 38.42 38.41 38.42 38.53 38.95 39.44 39.57 39.57 39.55 39.37 39.09 38.64 38.22 37.98 37.88 37.74 37.66 37.55 37.53 37.45 37.31 37.22 37.19 37.18 37.23 37.3 37.28 37.27 37.29 37.31 37.3 37.28 37.28 37.29 37.32 37.32 37.3 37.31 37.34 37.35 37.35
39.85 39.58 38.98 38.55 38.48 38.41 38.43 38.44 38.43 38.41 38.42 38.42 38.42 38.42 38.43 38.45 38.44 38.43 38.45 38.44 38.43 38.42 38.42 38.42 38.42 38.42 38.4 38.41 38.42 38.43 38.42 38.42 38.41 38.4 38.41 38.42 38.42 38.41 38.41 38.49 38.87 39.38 39.51 39.57 39.56 39.47 39.29 38.8 38.33 38.03 37.93 37.81 37.78 37.68 37.62 37.49 37.38 37.33 37.26 37.18 37.24 37.34 37.32 37.29 37.3 37.32 37.32 37.3 37.3 37.3 37.3 37.32 37.31 37.31 37.33 37.36 37.38
39.9 39.73 39.23 38.72 38.59 38.43 38.43 38.44 38.43 38.42 38.42 38.43 38.44 38.43 38.42 38.43 38.43 38.43 38.44 38.44 38.43 38.42 38.42 38.42 38.43 38.42 38.41 38.41 38.42 38.42 38.42 38.42 38.41 38.41 38.42 38.42 38.42 38.41 38.4 38.45 38.76 39.25 39.41 39.59 39.57 39.52 39.41 39.02 38.45 38.05 37.97 37.88 37.86 37.78 37.71 37.56 37.46 37.4 37.31 37.18 37.23 37.31 37.34 37.3 37.28 37.29 37.3 37.31 37.31 37.3 37.31 37.32 37.31 37.32 37.35 37.38 37.39
39.89 39.75 39.36 38.9 38.7 38.44 38.43 38.42 38.43 38.43 38.42 38.44 38.44 38.43 38.42 38.43 38.44 38.42 38.43 38.43 38.43 38.42 38.41 38.41 38.42 38.42 38.41 38.41 38.42 38.41 38.42 38.42 38.42 38.41 38.42 38.42 38.41 38.42 38.41 38.43 38.67 39.11 39.3 39.57 39.57 39.55 39.52 39.21 38.56 38.1 38 37.89 37.88 37.8 37.74 37.61 37.51 37.43 37.32 37.17 37.18 37.23 37.31 37.3 37.28 37.28 37.31 37.32 37.31 37.31 37.32 37.32 37.31 37.32 37.35 37.38 37.38
39.88 39.75 39.42 39.06 38.81 38.46 38.42 38.41 38.42 38.42 38.42 38.44 38.43 38.42 38.43 38.43 38.44 38.43 38.43 38.43 38.42 38.42 38.41 38.42 38.42 38.42 38.41 38.41 38.42 38.42 38.41 38.41 38.42 38.42 38.42 38.42 38.41 38.42 38.41 38.42 38.6 38.97 39.18 39.52 39.54 39.55 39.55 39.31 38.68 38.17 38.05 37.92 37.9 37.78 37.69 37.57 37.52 37.46 37.35 37.18 37.16 37.21 37.29 37.31 37.28 37.29 37.32 37.34 37.33 37.33 37.32 37.33 37.33 37.33 37.35 37.38 37.38
39.91 39.8 39.57 39.29 38.99 38.53 38.41 38.41 38.42 38.42 38.42 38.42 38.41 38.42 38.43 38.43 38.42 38.43 38.44 38.43 38.42 38.42 38.42 38.42 38.42 38.42 38.41 38.42 38.42 38.42 38.41 38.41 38.41 38.42 38.42 38.42 38.41 38.41 38.41 38.42 38.51 38.79 39.06 39.46 39.52 39.55 39.56 39.41 38.83 38.27 38.1 37.9 37.89 37.77 37.67 37.54 37.48 37.45 37.36 37.2 37.12 37.16 37.28 37.34 37.31 37.31 37.32 37.35 37.35 37.34 37.33 37.34 37.33 37.33 37.34 37.38 37.38
39.92 39.83 39.69 39.5 39.17 38.61 38.41 38.4 38.41 38.42 38.42 38.42 38.41 38.42 38.43 38.42 38.41 38.42 38.44 38.43 38.42 38.42 38.42 38.42 38.42 38.42 38.42 38.42 38.42 38.42 38.42 38.41 38.41 38.42 38.42 38.42 38.41 38.41 38.42 38.42 38.5 38.74 39.01 39.43 39.52 39.58 39.57 39.46 39.05 38.59 38.21 37.89 37.9 37.85 37.7 37.57 37.5 37.45 37.33 37.21 37.11 37.14 37.26 37.33 37.3 37.3 37.32 37.36 37.38 37.35 37.33 37.34 37.33 37.34 37.35 37.38 37.38
39.88 39.89 39.79 39.62 39.31 38.73 38.44 38.42 38.41 38.42 38.42 38.42 38.42 38.42 38.42 38.42 38.42 38.42 38.42 38.42 38.43 38.43 38.42 38.42 38.42 38.42 38.42 38.42 38.42 38.41 38.41 38.41 38.42 38.42 38.42 38.42 38.42 38.42 38.42 38.43 38.56 38.85 39.09 39.45 39.52 39.59 39.59 39.48 39.21 38.91 38.32 37.97 37.95 37.89 37.73 37.6 37.54 37.48 37.35 37.24 37.16 37.16 37.24 37.31 37.3 37.3 37.32 37.37 37.39 37.38 37.34 37.34 37.35 37.36 37.37 37.37 37.37
39.8 39.91 39.85 39.75 39.44 38.85 38.46 38.43 38.42 38.43 38.43 38.42 38.42 38.42 38.42 38.42 38.43 38.42 38.41 38.41 38.42 38.42 38.42 38.42 38.43 38.42 38.42 38.42 38.41 38.41 38.41 38.42 38.42 38.42 38.42 38.42 38.42 38.42 38.45 38.54 38.77 39.08 39.25 39.5 39.54 39.59 39.58 39.46 39.23 38.98 38.4 38.06 37.99 37.92 37.74 37.62 37.57 37.52 37.38 37.25 37.18 37.17 37.21 37.29 37.32 37.32 37.32 37.35 37.37 37.38 37.36 37.36 37.37 37.38 37.38 37.38 37.38
39.65 39.84 39.84 39.79 39.53 38.95 38.5 38.46 38.43 38.44 38.44 38.44 38.42 38.42 38.42 38.42 38.43 38.42 38.41 38.41 38.42 38.42 38.42 38.42 38.43 38.43 38.42 38.41 38.42 38.42 38.42 38.42 38.42 38.42 38.42 38.42 38.46 38.55 38.63 38.86 39.12 39.33 39.42 39.53 39.56 39.58 39.55 39.44 39.26 39.03 38.49 38.11 37.97 37.89 37.72 37.62 37.55 37.51 37.39 37.24 37.16 37.15 37.18 37.28 37.34 37.34 37.32 37.31 37.34 37.39 37.39 37.38 37.38 37.39 37.4 37.4 37.4
39.48 39.73 39.81 39.78 39.59 39.08 38.6 38.52 38.43 38.43 38.44 38.44 38.42 38.42 38.42 38.42 38.43 38.42 38.42 38.42 38.42 38.42 38.43 38.43 38.42 38.43 38.42 38.42 38.43 38.42 38.42 38.42 38.42 38.42 38.44 38.49 38.61 38.84 38.98 39.24 39.37 39.44 39.5 39.54 39.55 39.55 39.53 39.45 39.29 39.07 38.56 38.15 37.95 37.85 37.68 37.6 37.49 37.47 37.39 37.26 37.16 37.13 37.14 37.22 37.29 37.34 37.34 37.32 37.34 37.4 37.41 37.39 37.38 37.38 37.4 37.41 37.41
39.37 39.6 39.75 39.75 39.64 39.29 38.83 38.66 38.44 38.43 38.43 38.42 38.42 38.42 38.42 38.42 38.43 38.43 38.43 38.43 38.42 38.42 38.42 38.42 38.42 38.42 38.43 38.43 38.43 38.42 38.43 38.46 38.52 38.55 38.61 38.75 38.89 39.08 39.25 39.46 39.47 39.49 39.53 39.56 39.55 39.53 39.5 39.38 39.16 38.96 38.52 38.14 37.82 37.71 37.57 37.56 37.48 37.46 37.4 37.32 37.22 37.13 37.12 37.18 37.23 37.33 37.35 37.32 37.34 37.41 37.42 37.39 37.39 37.39 37.4 37.41 37.4
39.31 39.49 39.67 39.68 39.65 39.44 39.04 38.82 38.48 38.44 38.42 38.42 38.42 38.42 38.43 38.43 38.42 38.42 38.42 38.42 38.42 38.42 38.41 38.41 38.42 38.42 38.43 38.45 38.49 38.51 38.54 38.65 38.8 38.89 38.99 39.15 39.21 39.29 39.42 39.5 39.47 39.47 39.48 39.49 39.45 39.42 39.29 38.99 38.72 38.59 38.31 37.96 37.54 37.48 37.46 37.52 37.49 37.45 37.36 37.31 37.27 37.16 37.12 37.16 37.2 37.3 37.36 37.33 37.35 37.4 37.42 37.39 37.39 37.39 37.4 37.41 37.41
39.29 39.43 39.62 39.66 39.68 39.53 39.22 38.94 38.52 38.44 38.42 38.42 38.42 38.42 38.42 38.42 38.42 38.41 38.41 38.42 38.42 38.42 38.41 38.42 38.44 38.49 38.51 38.6 38.73 38.81 38.86 39 39.14 39.22 39.33 39.42 39.42 39.43 39.45 39.44 39.4 39.34 39.21 39.13 39.03 38.98 38.77 38.41 38.18 38.12 37.92 37.59 37.29 37.33 37.4 37.44 37.42 37.36 37.31 37.29 37.27 37.19 37.13 37.15 37.18 37.27 37.35 37.33 37.34 37.36 37.38 37.38 37.37 37.37 37.39 37.4 37.4
39.28 39.4 39.65 39.69 39.75 39.72 39.49 39.02 38.51 38.43 38.43 38.43 38.41 38.42 38.42 38.42 38.42 38.42 38.42 38.41 38.42 38.42 38.44 38.5 38.6 38.75 38.81 38.95 39.1 39.22 39.24 39.3 39.37 39.41 39.47 39.48 39.46 39.44 39.35 39.22 39.12 39.01 38.75 38.56 38.44 38.38 38.18 37.94 37.74 37.67 37.45 37.21 37.15 37.22 37.32 37.36 37.36 37.34 37.35 37.36 37.34 37.24 37.14 37.13 37.16 37.25 37.34 37.38 37.36 37.35 37.37 37.37 37.36 37.36 37.37 37.38 37.38
39.26 39.34 39.57 39.66 39.79 39.83 39.65 39.05 38.53 38.45 38.44 38.43 38.41 38.43 38.43 38.43 38.42 38.43 38.43 38.45 38.51 38.55 38.62 38.77 38.93 39.08 39.16 39.3 39.39 39.45 39.46 39.46 39.47 39.46 39.43 39.39 39.33 39.26 39.04 38.77 38.61 38.53 38.29 38.03 37.95 37.89 37.69 37.48 37.29 37.26 37.16 37.11 37.13 37.23 37.33 37.4 37.41 37.41 37.39 37.38 37.35 37.25 37.15 37.14 37.15 37.21 37.32 37.4 37.38 37.35 37.36 37.36 37.36 37.36 37.35 37.35 37.36
39.27 39.3 39.45 39.61 39.8 39.81 39.71 39.31 38.77 38.49 38.46 38.42 38.41 38.42 38.43 38.45 38.47 38.51 38.54 38.63 38.82 38.94 39.03 39.2 39.28 39.34 39.42 39.53 39.58 39.56 39.55 39.52 39.41 39.36 39.24 39.09 38.96 38.85 38.55 38.26 38.17 38.09 37.86 37.6 37.51 37.43 37.29 37.17 37.11 37.14 37.2 37.24 37.28 37.36 37.4 37.42 37.42 37.42 37.39 37.39 37.36 37.28 37.19 37.14 37.15 37.2 37.3 37.38 37.37 37.35 37.35 37.35 37.35 37.35 37.33 37.33 37.33
39.26 39.27 39.34 39.54 39.76 39.77 39.75 39.57 39.08 38.64 38.54 38.42 38.43 38.44 38.48 38.56 38.65 38.81 38.87 38.99 39.2 39.36 39.43 39.53 39.54 39.55 39.59 39.64 39.62 39.6 39.55 39.41 39.17 39.07 38.84 38.6 38.42 38.32 38.05 37.85 37.78 37.67 37.43 37.31 37.28 37.2 37.13 37.17 37.19 37.25 37.31 37.36 37.39 37.43 37.44 37.43 37.45 37.46 37.44 37.42 37.4 37.34 37.23 37.14 37.15 37.19 37.27 37.31 37.34 37.33 37.33 37.34 37.34 37.33 37.32 37.31 37.31
39.26 39.26 39.31 39.49 39.75 39.79 39.8 39.74 39.34 38.89 38.72 38.52 38.58 38.66 38.73 38.86 39 39.24 39.35 39.41 39.5 39.58 39.62 39.64 39.63 39.66 39.69 39.58 39.42 39.38 39.25 39.02 38.78 38.66 38.38 38.14 37.99 37.88 37.64 37.48 37.38 37.29 37.15 37.15 37.15 37.13 37.16 37.24 37.27 37.33 37.39 37.42 37.44 37.47 37.48 37.48 37.49 37.5 37.48 37.46 37.44 37.38 37.27 37.19 37.17 37.18 37.22 37.25 37.3 37.33 37.33 37.33 37.33 37.32 37.32 37.31 37.31
39.25 39.26 39.3 39.49 39.77 39.83 39.84 39.83 39.58 39.21 39.05 38.88 39.02 39.19 39.24 39.33 39.44 39.59 39.66 39.65 39.66 39.67 39.64 39.56 39.5 39.53 39.55 39.34 39.09 38.99 38.75 38.52 38.35 38.24 37.99 37.77 37.66 37.56 37.36 37.25 37.22 37.17 37.11 37.18 37.18 37.19 37.26 37.33 37.34 37.38 37.44 37.46 37.48 37.52 37.52 37.51 37.52 37.52 37.5 37.47 37.46 37.41 37.32 37.27 37.22 37.17 37.2 37.23 37.29 37.32 37.32 37.32 37.31 37.3 37.32 37.32 37.32
39.26 39.26 39.31 39.52 39.8 39.86 39.87 39.89 39.83 39.64 39.54 39.44 39.52 39.62 39.62 39.66 39.7 39.71 39.7 39.67 39.66 39.62 39.51 39.36 39.26 39.25 39.18 38.96 38.69 38.57 38.3 38.1 38.01 37.9 37.66 37.48 37.39 37.31 37.21 37.18 37.18 37.17 37.18 37.26 37.28 37.29 37.34 37.39 37.4 37.43 37.49 37.51 37.53 37.56 37.57 37.53 37.53 37.51 37.49 37.47 37.46 37.41 37.36 37.34 37.28 37.19 37.2 37.22 37.27 37.31 37.31 37.31 37.3 37.28 37.3 37.31 37.32
39.29 39.3 39.37 39.63 39.86 39.89 39.89 39.92 39.96 39.92 39.85 39.76 39.71 39.66 39.65 39.66 39.65 39.64 39.6 39.56 39.54 39.47 39.28 39.09 38.94 38.89 38.75 38.54 38.32 38.21 37.97 37.84 37.74 37.6 37.41 37.27 37.22 37.19 37.19 37.22 37.23 37.26 37.3 37.35 37.35 37.37 37.4 37.46 37.46 37.49 37.54 37.55 37.56 37.59 37.59 37.56 37.55 37.52 37.49 37.49 37.45 37.4 37.38 37.37 37.32 37.21 37.16 37.18 37.24 37.29 37.32 37.32 37.3 37.29 37.29 37.3 37.31
39.4 39.43 39.52 39.77 39.92 39.9 39.89 39.88 39.85 39.84 39.81 39.73 39.71 39.7 39.65 39.59 39.49 39.46 39.4 39.32 39.29 39.18 38.93 38.72 38.56 38.51 38.36 38.18 38.02 37.92 37.72 37.59 37.52 37.36 37.22 37.17 37.18 37.21 37.28 37.33 37.34 37.36 37.39 37.4 37.41 37.43 37.46 37.52 37.51 37.52 37.54 37.54 37.56 37.58 37.56 37.55 37.54 37.53 37.51 37.49 37.44 37.41 37.4 37.4 37.36 37.24 37.13 37.15 37.22 37.29 37.35 37.34 37.33 37.33 37.33 37.32 37.32
39.6 39.62 39.7 39.86 39.94 39.93 39.9 39.8 39.76 39.77 39.79 39.73 39.68 39.65 39.56 39.43 39.28 39.22 39.09 38.94 38.84 38.74 38.51 38.32 38.23 38.17 38.01 37.86 37.77 37.69 37.5 37.37 37.33 37.25 37.22 37.24 37.27 37.34 37.39 37.42 37.42 37.42 37.44 37.47 37.48 37.51 37.53 37.56 37.55 37.54 37.53 37.53 37.54 37.54 37.51 37.52 37.52 37.51 37.49 37.48 37.46 37.44 37.45 37.44 37.41 37.3 37.14 37.15 37.2 37.28 37.35 37.34 37.33 37.34 37.33 37.32 37.31
39.74 39.74 39.79 39.89 39.95 39.96 39.92 39.79 39.79 39.79 39.74 39.61 39.53 39.49 39.36 39.15 38.98 38.88 38.68 38.5 38.37 38.3 38.11 37.97 37.93 37.88 37.75 37.6 37.56 37.46 37.31 37.27 37.27 37.28 37.33 37.36 37.38 37.43 37.45 37.48 37.48 37.47 37.5 37.53 37.55 37.58 37.58 37.57 37.56 37.54 37.53 37.52 37.51 37.5 37.47 37.49 37.52 37.49 37.48 37.48 37.47 37.46 37.48 37.47 37.46 37.36 37.17 37.17 37.18 37.24 37.29 37.31 37.32 37.31 37.31 37.31 37.3
39.77 39.75 39.79 39.87 39.93 39.93 39.87 39.75 39.7 39.66 39.52 39.33 39.24 39.19 38.99 38.72 38.55 38.45 38.26 38.11 37.99 37.96 37.85 37.74 37.69 37.62 37.54 37.44 37.41 37.34 37.26 37.31 37.37 37.39 37.42 37.43 37.44 37.47 37.5 37.53 37.53 37.52 37.52 37.55 37.56 37.57 37.56 37.55 37.54 37.52 37.51 37.5 37.5 37.5 37.5 37.51 37.51 37.48 37.46 37.47 37.48 37.48 37.5 37.5 37.49 37.4 37.22 37.19 37.17 37.19 37.22 37.29 37.31 37.28 37.29 37.32 37.31
39.75 39.72 39.74 39.82 39.87 39.84 39.71 39.5 39.3 39.22 39.05 38.9 38.82 38.76 38.54 38.28 38.13 38.05 37.92 37.88 37.79 37.75 37.69 37.61 37.54 37.42 37.39 37.41 37.41 37.4 37.4 37.41 37.46 37.46 37.45 37.46 37.47 37.51 37.54 37.55 37.55 37.55 37.54 37.54 37.54 37.54 37.53 37.52 37.51 37.5 37.47 37.48 37.49 37.49 37.51 37.51 37.51 37.48 37.46 37.47 37.5 37.5 37.52 37.51 37.5 37.44 37.3 37.23 37.17 37.18 37.21 37.3 37.32 37.28 37.3 37.33 37.31
39.71 39.67 39.65 39.72 39.75 39.69 39.46 39.12 38.81 38.71 38.53 38.42 38.36 38.3 38.15 37.99 37.88 37.83 37.74 37.73 37.67 37.55 37.46 37.39 37.39 37.38 37.4 37.46 37.47 37.5 37.5 37.47 37.47 37.48 37.47 37.47 37.48 37.51 37.55 37.57 37.56 37.55 37.52 37.51 37.51 37.52 37.53 37.51 37.49 37.48 37.46 37.46 37.49 37.49 37.5 37.51 37.51 37.48 37.45 37.48 37.51 37.51 37.53 37.53 37.51 37.48 37.41 37.29 37.18 37.2 37.22 37.29 37.32 37.31 37.31 37.32 37.32
39.68 39.64 39.59 39.61 39.6 39.48 39.14 38.69 38.34 38.26 38.11 38.02 38 37.98 37.93 37.88 37.82 37.74 37.58 37.48 37.45 37.38 37.31 37.29 37.34 37.45 37.5 37.51 37.51 37.51 37.5 37.47 37.49 37.51 37.51 37.51 37.51 37.51 37.52 37.55 37.54 37.51 37.48 37.48 37.48 37.49 37.51 37.5 37.5 37.48 37.44 37.45 37.48 37.5 37.51 37.51 37.5 37.49 37.47 37.48 37.51 37.52 37.52 37.53 37.52 37.52 37.48 37.34 37.21 37.19 37.21 37.26 37.31 37.33 37.32 37.31 37.33
