slabs/100.grd
DSAA
631 301
647670 648300
4948700 4949000
28.54 42.07
[rows 35 to 69 of 301, columns 385 to 461 of 631]
39.89 39.81 39.6 39.32 39.09 39.03 38.9 38.77 38.67 38.66 38.68 38.78 38.88 38.9 38.92 38.76 38.56 38.5 38.41 38.35 38.3 38.32 38.32 38.25 38.26 38.27 38.36 38.68 38.95 39.59 40.11 40.13 40.13 40.23 40.36 40.38 40.33 40.28 40.23 40.08 39.85 39.45 39.35 39.34 39.35 39.36 39.36 39.36 39.35 39.36 39.37 39.37 39.37 39.36 39.37 39.39 39.45 39.54 39.6 39.67 39.82 39.83 39.8 39.84 39.92 39.89 39.69 39.67 39.63 39.66 39.77 39.97 40.04 40.09 40.08 39.9 39.43
39.42 39.36 39.18 39.04 38.97 38.93 38.82 38.71 38.65 38.67 38.77 38.9 38.96 38.87 38.79 38.63 38.44 38.37 38.29 38.28 38.27 38.3 38.3 38.22 38.23 38.26 38.3 38.51 38.82 39.59 40.17 40.16 40.15 40.24 40.39 40.4 40.36 40.31 40.27 40.16 39.94 39.53 39.37 39.36 39.35 39.36 39.37 39.36 39.36 39.36 39.36 39.37 39.38 39.4 39.41 39.46 39.58 39.68 39.71 39.75 39.83 39.84 39.77 39.75 39.7 39.59 39.39 39.35 39.32 39.34 39.46 39.77 40 40.06 40.06 39.96 39.55
39.03 38.99 38.9 38.84 38.82 38.81 38.74 38.65 38.65 38.71 38.81 38.87 38.87 38.71 38.53 38.39 38.23 38.24 38.26 38.29 38.3 38.32 38.3 38.24 38.24 38.28 38.29 38.37 38.66 39.41 40.01 40.12 40.15 40.29 40.44 40.42 40.37 40.29 40.27 40.21 40.01 39.62 39.39 39.37 39.36 39.36 39.36 39.36 39.36 39.36 39.38 39.4 39.46 39.53 39.54 39.58 39.7 39.74 39.72 39.73 39.76 39.69 39.55 39.5 39.4 39.32 39.3 39.28 39.27 39.26 39.31 39.58 39.96 40.03 40.03 39.97 39.6
38.78 38.78 38.73 38.66 38.6 38.62 38.62 38.61 38.66 38.71 38.71 38.63 38.6 38.48 38.29 38.22 38.17 38.24 38.31 38.33 38.34 38.34 38.32 38.27 38.28 38.32 38.31 38.26 38.49 39.13 39.7 39.9 40.03 40.32 40.49 40.45 40.38 40.28 40.27 40.23 40.04 39.7 39.41 39.37 39.37 39.38 39.39 39.41 39.41 39.4 39.42 39.49 39.63 39.67 39.67 39.69 39.73 39.7 39.61 39.58 39.53 39.43 39.31 39.3 39.28 39.26 39.26 39.27 39.27 39.26 39.29 39.51 39.87 39.97 39.96 39.93 39.67
38.62 38.63 38.61 38.57 38.58 38.58 38.56 38.54 38.58 38.58 38.5 38.38 38.37 38.3 38.2 38.2 38.22 38.28 38.32 38.33 38.33 38.33 38.32 38.3 38.3 38.33 38.3 38.18 38.35 38.86 39.42 39.74 39.91 40.25 40.43 40.44 40.39 40.27 40.24 40.2 40.07 39.81 39.51 39.45 39.43 39.46 39.52 39.6 39.59 39.57 39.57 39.63 39.73 39.71 39.7 39.68 39.63 39.53 39.43 39.35 39.29 39.27 39.27 39.27 39.27 39.25 39.26 39.27 39.27 39.27 39.28 39.39 39.69 39.87 39.89 39.89 39.71
38.46 38.5 38.57 38.65 38.71 38.66 38.52 38.41 38.43 38.41 38.33 38.23 38.23 38.25 38.25 38.26 38.28 38.31 38.31 38.3 38.3 38.31 38.3 38.28 38.29 38.31 38.29 38.18 38.27 38.64 39.15 39.54 39.76 40.09 40.29 40.36 40.42 40.3 40.2 40.19 40.14 40 39.79 39.72 39.67 39.71 39.76 39.83 39.79 39.73 39.71 39.67 39.62 39.61 39.59 39.5 39.41 39.34 39.32 39.26 39.26 39.25 39.25 39.26 39.26 39.26 39.26 39.27 39.27 39.27 39.27 39.33 39.56 39.81 39.86 39.9 39.78
38.45 38.5 38.61 38.66 38.66 38.61 38.46 38.32 38.31 38.27 38.24 38.25 38.27 38.29 38.3 38.32 38.32 38.32 38.29 38.26 38.26 38.26 38.28 38.27 38.27 38.29 38.29 38.23 38.24 38.46 38.85 39.13 39.48 39.88 40.15 40.3 40.53 40.43 40.22 40.21 40.22 40.18 40.11 40.04 39.97 39.96 39.9 39.88 39.79 39.69 39.64 39.56 39.45 39.43 39.4 39.31 39.29 39.27 39.27 39.26 39.26 39.26 39.26 39.26 39.26 39.26 39.26 39.26 39.26 39.26 39.26 39.3 39.46 39.72 39.84 39.91 39.86
38.55 38.56 38.58 38.57 38.53 38.47 38.36 38.26 38.24 38.22 38.26 38.3 38.32 38.32 38.33 38.35 38.34 38.31 38.25 38.21 38.2 38.22 38.26 38.25 38.25 38.25 38.27 38.24 38.21 38.32 38.57 38.72 39.14 39.69 40.09 40.29 40.61 40.57 40.32 40.27 40.25 40.28 40.24 40.18 40.08 39.98 39.84 39.79 39.67 39.59 39.52 39.42 39.31 39.3 39.29 39.28 39.27 39.28 39.27 39.26 39.27 39.27 39.27 39.26 39.26 39.25 39.26 39.27 39.27 39.27 39.26 39.27 39.34 39.51 39.76 39.9 39.89
38.53 38.52 38.49 38.47 38.43 38.34 38.28 38.26 38.27 38.28 38.31 38.34 38.35 38.36 38.36 38.35 38.34 38.31 38.24 38.18 38.17 38.19 38.22 38.21 38.21 38.22 38.24 38.21 38.16 38.21 38.41 38.56 38.96 39.56 40.02 40.19 40.5 40.55 40.42 40.35 40.26 40.29 40.26 40.19 40.05 39.9 39.78 39.66 39.5 39.44 39.4 39.32 39.28 39.28 39.28 39.27 39.26 39.27 39.27 39.26 39.27 39.27 39.27 39.26 39.26 39.26 39.27 39.27 39.27 39.28 39.27 39.27 39.27 39.35 39.62 39.85 39.92
38.47 38.45 38.42 38.39 38.36 38.31 38.31 38.32 38.34 38.37 38.38 38.38 38.37 38.37 38.36 38.35 38.34 38.31 38.23 38.15 38.14 38.15 38.17 38.17 38.17 38.17 38.18 38.16 38.13 38.13 38.3 38.53 39.07 39.57 39.93 40.05 40.31 40.49 40.49 40.41 40.28 40.24 40.21 40.14 39.97 39.82 39.71 39.5 39.35 39.31 39.3 39.28 39.27 39.27 39.27 39.27 39.26 39.27 39.27 39.27 39.27 39.28 39.27 39.26 39.27 39.27 39.27 39.27 39.27 39.27 39.27 39.27 39.27 39.31 39.48 39.75 39.91
38.42 38.4 38.39 38.39 38.38 38.37 38.39 38.39 38.41 38.44 38.44 38.41 38.39 38.35 38.35 38.36 38.35 38.31 38.25 38.18 38.13 38.13 38.14 38.14 38.13 38.12 38.11 38.12 38.13 38.11 38.19 38.5 39.17 39.63 39.89 39.96 40.18 40.47 40.55 40.43 40.26 40.22 40.2 40.11 39.92 39.73 39.6 39.36 39.28 39.28 39.28 39.28 39.28 39.27 39.27 39.27 39.26 39.27 39.27 39.28 39.27 39.27 39.27 39.27 39.27 39.27 39.27 39.27 39.27 39.27 39.26 39.27 39.27 39.28 39.37 39.64 39.88
38.39 38.41 38.42 38.43 38.43 38.43 38.45 38.44 38.45 38.46 38.45 38.4 38.39 38.36 38.37 38.38 38.35 38.31 38.27 38.23 38.14 38.13 38.14 38.14 38.13 38.11 38.07 38.08 38.1 38.1 38.16 38.42 39.02 39.52 39.83 39.9 40.1 40.39 40.5 40.43 40.26 40.24 40.21 40.11 39.9 39.65 39.51 39.3 39.27 39.27 39.27 39.28 39.28 39.27 39.28 39.27 39.26 39.26 39.26 39.27 39.27 39.26 39.26 39.27 39.27 39.27 39.27 39.27 39.27 39.27 39.27 39.27 39.27 39.28 39.35 39.64 39.93
38.43 38.47 38.48 38.48 38.48 38.48 38.47 38.47 38.45 38.45 38.43 38.39 38.38 38.37 38.39 38.38 38.34 38.29 38.25 38.22 38.15 38.12 38.14 38.14 38.13 38.09 38.05 38.06 38.08 38.07 38.04 38.22 38.73 39.32 39.7 39.77 39.99 40.25 40.38 40.47 40.33 40.27 40.23 40.11 39.91 39.62 39.48 39.29 39.27 39.27 39.27 39.27 39.27 39.27 39.27 39.27 39.26 39.25 39.26 39.27 39.28 39.27 39.27 39.27 39.27 39.27 39.27 39.27 39.26 39.27 39.28 39.27 39.28 39.28 39.34 39.63 39.95
38.51 38.54 38.55 38.53 38.52 38.49 38.46 38.45 38.44 38.43 38.42 38.41 38.39 38.36 38.38 38.36 38.31 38.27 38.23 38.21 38.16 38.12 38.12 38.14 38.14 38.09 38.04 38.05 38.07 38.04 37.96 38.07 38.46 38.99 39.31 39.49 39.79 40.11 40.31 40.58 40.42 40.27 40.23 40.14 39.94 39.67 39.52 39.29 39.27 39.27 39.28 39.28 39.27 39.26 39.26 39.26 39.26 39.26 39.27 39.27 39.27 39.27 39.27 39.26 39.27 39.27 39.27 39.27 39.27 39.27 39.27 39.27 39.26 39.26 39.3 39.52 39.85
38.58 38.57 38.55 38.55 38.53 38.47 38.42 38.42 38.42 38.42 38.41 38.39 38.38 38.37 38.35 38.34 38.3 38.28 38.25 38.23 38.18 38.12 38.1 38.11 38.13 38.1 38.03 38.05 38.06 38.02 37.96 38 38.23 38.56 38.79 39.13 39.55 39.94 40.22 40.65 40.54 40.28 40.25 40.17 39.99 39.73 39.56 39.3 39.27 39.28 39.28 39.27 39.26 39.27 39.27 39.26 39.26 39.26 39.27 39.27 39.27 39.27 39.27 39.26 39.26 39.27 39.27 39.27 39.26 39.26 39.26 39.26 39.25 39.26 39.27 39.39 39.67
38.6 38.56 38.51 38.5 38.49 38.45 38.39 38.4 38.41 38.4 38.39 38.37 38.36 38.36 38.33 38.33 38.32 38.31 38.27 38.25 38.2 38.13 38.11 38.11 38.12 38.09 38.04 38.05 38.04 38.01 37.98 37.96 38.04 38.26 38.41 38.78 39.25 39.72 40.05 40.62 40.65 40.38 40.32 40.19 40.07 39.81 39.62 39.32 39.27 39.27 39.28 39.27 39.26 39.27 39.26 39.26 39.27 39.27 39.27 39.27 39.28 39.27 39.27 39.27 39.27 39.27 39.27 39.26 39.27 39.27 39.26 39.26 39.26 39.26 39.26 39.3 39.43
38.58 38.55 38.5 38.46 38.45 38.43 38.41 38.41 38.42 38.4 38.39 38.39 38.37 38.35 38.32 38.31 38.32 38.31 38.28 38.26 38.21 38.14 38.11 38.1 38.09 38.09 38.06 38.04 38.01 37.98 37.96 37.92 37.93 38.08 38.19 38.46 38.88 39.34 39.72 40.43 40.58 40.39 40.31 40.19 40.15 39.93 39.72 39.36 39.27 39.26 39.27 39.26 39.27 39.27 39.26 39.26 39.27 39.27 39.27 39.27 39.26 39.26 39.27 39.27 39.27 39.27 39.27 39.27 39.27 39.27 39.26 39.26 39.26 39.26 39.26 39.26 39.3
38.56 38.54 38.5 38.47 38.45 38.44 38.43 38.43 38.42 38.39 38.36 38.36 38.37 38.34 38.28 38.27 38.29 38.3 38.28 38.25 38.2 38.15 38.12 38.1 38.08 38.08 38.07 38.04 38 37.96 37.94 37.92 37.9 37.9 37.98 38.21 38.6 39.06 39.43 40.1 40.31 40.23 40.22 40.22 40.21 40.05 39.82 39.41 39.27 39.27 39.28 39.26 39.27 39.27 39.27 39.27 39.27 39.27 39.27 39.27 39.25 39.26 39.27 39.27 39.27 39.27 39.27 39.27 39.27 39.26 39.26 39.26 39.26 39.26 39.26 39.26 39.28
38.55 38.51 38.47 38.46 38.44 38.43 38.41 38.41 38.41 38.37 38.34 38.33 38.33 38.32 38.25 38.25 38.26 38.28 38.26 38.24 38.19 38.17 38.13 38.09 38.08 38.07 38.07 38.05 37.99 37.94 37.93 37.95 37.92 37.79 37.84 38.11 38.6 39.11 39.39 39.9 40.15 40.23 40.23 40.24 40.24 40.16 39.94 39.49 39.29 39.28 39.27 39.26 39.26 39.27 39.27 39.27 39.28 39.27 39.27 39.27 39.25 39.26 39.27 39.27 39.27 39.27 39.26 39.26 39.26 39.26 39.26 39.27 39.27 39.27 39.27 39.27 39.27
38.54 38.52 38.48 38.46 38.44 38.43 38.43 38.42 38.4 38.36 38.32 38.3 38.29 38.29 38.25 38.25 38.24 38.24 38.24 38.21 38.18 38.16 38.1 38.07 38.04 38.04 38.04 38.03 37.96 37.92 37.91 37.93 37.95 37.85 37.84 38.07 38.64 39.11 39.39 39.89 40.17 40.3 40.34 40.27 40.19 40.18 40.03 39.59 39.3 39.27 39.27 39.26 39.27 39.27 39.27 39.27 39.27 39.27 39.27 39.27 39.26 39.26 39.26 39.27 39.27 39.27 39.27 39.26 39.26 39.27 39.27 39.27 39.27 39.26 39.27 39.28 39.27
38.53 38.51 38.49 38.46 38.43 38.43 38.44 38.43 38.41 38.34 38.29 38.27 38.26 38.26 38.24 38.24 38.22 38.2 38.2 38.18 38.15 38.1 38.05 38.04 38.02 38.03 38.03 38.01 37.95 37.91 37.9 37.9 37.94 37.93 37.86 38.01 38.55 38.93 39.3 39.84 40.1 40.21 40.35 40.28 40.17 40.16 40.07 39.69 39.33 39.29 39.27 39.27 39.27 39.27 39.27 39.27 39.27 39.27 39.27 39.27 39.27 39.27 39.27 39.27 39.27 39.27 39.27 39.26 39.26 39.27 39.27 39.26 39.26 39.26 39.26 39.26 39.26
38.51 38.49 38.48 38.46 38.42 38.41 38.42 38.41 38.38 38.33 38.29 38.27 38.24 38.23 38.22 38.22 38.18 38.15 38.15 38.15 38.13 38.07 38.05 38.01 38 38.02 38.03 38.02 37.97 37.91 37.9 37.9 37.93 37.95 37.9 38.03 38.48 38.75 39.26 39.78 40.01 40.09 40.26 40.29 40.19 40.16 40.08 39.8 39.42 39.35 39.27 39.27 39.27 39.27 39.27 39.27 39.27 39.27 39.27 39.28 39.28 39.27 39.27 39.27 39.27 39.27 39.27 39.26 39.26 39.27 39.27 39.26 39.26 39.26 39.26 39.25 39.25
38.49 38.48 38.47 38.46 38.42 38.39 38.39 38.38 38.34 38.31 38.3 38.28 38.24 38.21 38.2 38.19 38.14 38.11 38.11 38.13 38.13 38.1 38.08 38.01 37.96 37.97 37.98 38.01 37.99 37.94 37.91 37.88 37.92 37.94 37.93 38.1 38.52 38.78 39.34 39.82 40.05 40.11 40.27 40.34 40.23 40.16 40.08 39.9 39.5 39.4 39.27 39.27 39.27 39.27 39.27 39.27 39.27 39.27 39.26 39.27 39.27 39.26 39.26 39.27 39.26 39.26 39.27 39.27 39.27 39.26 39.27 39.27 39.27 39.27 39.26 39.26 39.26
38.5 38.47 38.47 38.46 38.45 38.41 38.38 38.35 38.3 38.28 38.28 38.27 38.25 38.22 38.2 38.17 38.14 38.09 38.09 38.1 38.12 38.12 38.09 38.02 37.97 37.93 37.95 37.99 38 37.96 37.91 37.87 37.92 37.93 37.96 38.13 38.47 38.77 39.4 39.86 40.12 40.22 40.38 40.36 40.23 40.15 40.09 39.97 39.59 39.46 39.29 39.27 39.27 39.27 39.26 39.27 39.27 39.26 39.26 39.26 39.26 39.26 39.26 39.25 39.25 39.26 39.27 39.27 39.27 39.27 39.27 39.28 39.27 39.26 39.26 39.26 39.26
38.52 38.48 38.46 38.46 38.47 38.45 38.4 38.33 38.28 38.27 38.26 38.26 38.24 38.23 38.21 38.17 38.13 38.09 38.08 38.08 38.09 38.09 38.07 38.03 37.98 37.94 37.96 37.98 37.99 37.97 37.92 37.87 37.9 37.92 37.95 38.06 38.3 38.67 39.4 39.81 40.07 40.18 40.3 40.2 40.11 40.08 40.05 39.98 39.77 39.6 39.33 39.26 39.26 39.26 39.26 39.27 39.27 39.26 39.26 39.26 39.26 39.25 39.26 39.25 39.25 39.26 39.26 39.27 39.27 39.27 39.27 39.27 39.27 39.26 39.26 39.26 39.26
38.53 38.51 38.48 38.46 38.48 38.5 38.45 38.33 38.28 38.25 38.25 38.24 38.23 38.24 38.22 38.17 38.13 38.1 38.08 38.04 38.05 38.06 38.06 38.02 37.98 37.96 37.96 37.98 37.99 37.98 37.93 37.89 37.89 37.9 37.94 37.96 38.03 38.41 39.2 39.63 39.85 39.87 39.87 39.83 39.87 39.93 40.02 39.99 39.96 39.78 39.42 39.27 39.26 39.26 39.26 39.27 39.27 39.27 39.26 39.26 39.26 39.25 39.26 39.26 39.26 39.27 39.27 39.26 39.26 39.26 39.26 39.27 39.26 39.26 39.26 39.26 39.26
38.53 38.51 38.49 38.47 38.48 38.52 38.48 38.35 38.27 38.25 38.23 38.21 38.22 38.21 38.2 38.16 38.11 38.11 38.07 38.01 38.02 38.04 38.05 38.02 37.98 37.96 37.95 37.96 37.97 37.98 37.95 37.91 37.88 37.89 37.92 37.92 37.87 38.11 38.75 39.27 39.46 39.44 39.43 39.53 39.69 39.83 40.02 40.04 40.04 39.9 39.49 39.28 39.27 39.26 39.26 39.26 39.26 39.27 39.27 39.27 39.27 39.26 39.26 39.25 39.26 39.26 39.26 39.26 39.26 39.26 39.25 39.26 39.26 39.26 39.26 39.26 39.26
38.49 38.48 38.48 38.47 38.48 38.51 38.47 38.37 38.29 38.27 38.25 38.2 38.2 38.2 38.19 38.16 38.09 38.08 38.06 38.01 38 38.01 38.03 38.01 37.97 37.95 37.93 37.94 37.95 37.96 37.97 37.93 37.89 37.88 37.9 37.92 37.91 37.97 38.33 38.86 39.06 39.1 39.22 39.44 39.62 39.81 40 40.03 40.06 39.99 39.61 39.3 39.27 39.26 39.26 39.26 39.27 39.27 39.27 39.27 39.26 39.26 39.27 39.26 39.26 39.26 39.26 39.26 39.26 39.26 39.25 39.26 39.27 39.26 39.26 39.26 39.27
38.45 38.47 38.47 38.47 38.46 38.47 38.45 38.39 38.33 38.3 38.26 38.21 38.19 38.19 38.18 38.15 38.1 38.07 38.06 38.03 37.99 37.99 38 38 37.97 37.95 37.92 37.92 37.93 37.94 37.95 37.94 37.91 37.9 37.9 37.93 37.95 37.97 38.15 38.55 38.74 38.85 39.05 39.33 39.47 39.78 39.99 40.05 40.08 40.07 39.74 39.33 39.29 39.26 39.26 39.27 39.27 39.27 39.27 39.27 39.26 39.26 39.26 39.26 39.26 39.26 39.26 39.26 39.26 39.26 39.26 39.26 39.27 39.28 39.27 39.28 39.33
38.45 38.46 38.46 38.46 38.45 38.45 38.44 38.4 38.35 38.3 38.27 38.22 38.19 38.19 38.17 38.14 38.12 38.09 38.08 38.05 37.99 37.98 37.98 37.99 37.97 37.96 37.92 37.91 37.93 37.92 37.92 37.95 37.94 37.92 37.91 37.94 37.97 37.96 38.01 38.2 38.34 38.59 38.85 39.16 39.34 39.71 39.95 40.01 40.05 40.07 39.8 39.39 39.33 39.26 39.26 39.26 39.27 39.27 39.26 39.27 39.27 39.26 39.26 39.26 39.26 39.26 39.26 39.26 39.27 39.27 39.27 39.28 39.31 39.34 39.35 39.39 39.5
38.49 38.41 38.43 38.45 38.44 38.44 38.43 38.41 38.37 38.32 38.29 38.24 38.22 38.21 38.17 38.15 38.14 38.12 38.1 38.07 38.03 38 37.96 37.97 37.97 37.96 37.92 37.91 37.91 37.9 37.9 37.94 37.96 37.94 37.92 37.92 37.95 37.96 37.96 37.95 38.05 38.33 38.63 38.93 39.15 39.61 39.91 39.99 40.03 40.1 39.97 39.62 39.48 39.28 39.26 39.27 39.27 39.27 39.26 39.27 39.26 39.26 39.27 39.26 39.26 39.27 39.27 39.28 39.29 39.3 39.34 39.37 39.47 39.54 39.55 39.59 39.69
38.63 38.37 38.38 38.42 38.42 38.42 38.42 38.4 38.37 38.33 38.3 38.26 38.24 38.23 38.19 38.18 38.16 38.13 38.11 38.07 38.06 38.03 37.98 37.97 37.98 37.97 37.95 37.92 37.91 37.91 37.91 37.91 37.95 37.96 37.93 37.92 37.93 37.96 37.95 37.89 37.94 38.13 38.45 38.75 38.97 39.5 39.89 40.02 40.05 40.12 40.12 39.92 39.69 39.33 39.27 39.27 39.27 39.27 39.27 39.26 39.26 39.26 39.27 39.27 39.26 39.28 39.3 39.32 39.37 39.42 39.5 39.57 39.72 39.79 39.78 39.79 39.8
38.87 38.44 38.42 38.38 38.37 38.38 38.39 38.4 38.36 38.33 38.31 38.27 38.25 38.24 38.22 38.21 38.19 38.17 38.12 38.08 38.06 38.04 38 37.97 37.99 37.98 37.97 37.95 37.93 37.92 37.91 37.9 37.92 37.95 37.95 37.92 37.93 37.96 37.96 37.93 37.92 38.01 38.35 38.65 38.84 39.37 39.87 40.07 40.08 40.14 40.19 40.11 39.88 39.44 39.28 39.27 39.27 39.27 39.27 39.27 39.27 39.27 39.27 39.28 39.28 39.3 39.35 39.41 39.5 39.57 39.67 39.75 39.87 39.88 39.86 39.84 39.83
39.26 38.78 38.6 38.37 38.28 38.3 38.35 38.38 38.37 38.36 38.33 38.28 38.25 38.24 38.23 38.22 38.21 38.19 38.15 38.11 38.07 38.07 38.03 37.98 37.96 37.97 37.98 37.97 37.95 37.94 37.94 37.93 37.94 37.96 37.97 37.94 37.94 37.98 37.99 37.99 37.96 37.96 38.22 38.54 38.72 39.25 39.83 40.07 40.11 40.14 40.15 40.12 40.04 39.68 39.34 39.3 39.28 39.27 39.28 39.28 39.28 39.29 39.31 39.34 39.38 39.42 39.5 39.55 39.62 39.65 39.74 39.79 39.85 39.84 39.82 39.8 39.8
39.89 39.47 38.97 38.45 38.2 38.22 38.3 38.34 38.38 38.37 38.34 38.29 38.26 38.26 38.24 38.23 38.23 38.22 38.18 38.15 38.12 38.11 38.06 38.01 37.96 37.97 38 37.99 37.97 37.95 37.97 37.97 37.96 37.97 37.98 37.96 37.96 37.98 38.01 38.02 38 37.94 38.07 38.36 38.57 39.17 39.74 39.96 40.12 40.15 40.09 40.08 40.14 39.95 39.58 39.46 39.33 39.32 39.36 39.39 39.45 39.49 39.55 39.56 39.57 39.62 39.7 39.72 39.73 39.72 39.77 39.77 39.77 39.76 39.77 39.79 39.75
