slabs/11.grd
DSAA
631 301
642630 643260
4946000 4946300
38.34 52.74
[rows 68 to 101 of 300, columns 0 to 77 of 631]
45.82 45.88 45.94 46 46.05 46.1 46.13 46.17 46.3 46.55 46.68 46.71 46.65 46.61 46.64 46.69 46.76 46.81 46.87 46.85 46.81 46.78 46.78 46.75 46.72 46.72 46.72 46.72 46.76 46.8 46.86 46.94 47 47.04 47.1 47.16 47.18 47.19 47.34 47.42 47.43 47.45 47.5 47.51 47.53 47.64 47.71 47.78 47.84 47.93 48.15 48.47 48.68 49.02 49.35 49.5 49.55 49.54 49.58 49.58 49.54 49.34 48.95 48.68 48.43 48.24 48.1 48.05 48.05 48.07 48.05 48.03 48.01 47.93 47.81 47.76 47.67 47.62
45.83 45.93 46.02 46.06 46.05 46.08 46.11 46.16 46.28 46.44 46.55 46.64 46.66 46.66 46.67 46.7 46.74 46.76 46.78 46.8 46.8 46.8 46.83 46.79 46.73 46.72 46.72 46.71 46.75 46.8 46.85 46.89 46.93 46.98 47.04 47.11 47.14 47.2 47.37 47.44 47.45 47.45 47.46 47.49 47.53 47.63 47.7 47.74 47.77 47.84 47.98 48.22 48.41 48.75 49.15 49.38 49.48 49.53 49.56 49.59 49.59 49.48 49.21 48.98 48.72 48.52 48.27 48.13 48.08 48.08 48.07 48.06 48.07 48.02 47.93 47.89 47.77 47.66
45.88 46.03 46.14 46.15 46.1 46.1 46.12 46.21 46.32 46.38 46.43 46.53 46.59 46.59 46.59 46.65 46.68 46.68 46.69 46.73 46.8 46.84 46.87 46.83 46.74 46.71 46.72 46.72 46.74 46.79 46.85 46.87 46.88 46.92 46.99 47.06 47.11 47.21 47.37 47.41 47.4 47.39 47.42 47.47 47.51 47.6 47.68 47.7 47.71 47.79 47.88 48.04 48.18 48.48 48.91 49.19 49.36 49.49 49.55 49.57 49.59 49.59 49.46 49.33 49.1 48.87 48.51 48.28 48.14 48.07 48.06 48.07 48.07 48.04 47.99 47.95 47.84 47.72
46 46.16 46.25 46.23 46.16 46.15 46.19 46.25 46.32 46.34 46.38 46.45 46.49 46.45 46.44 46.57 46.62 46.61 46.61 46.68 46.8 46.86 46.89 46.86 46.8 46.74 46.72 46.72 46.72 46.76 46.82 46.84 46.84 46.87 46.94 47.03 47.1 47.21 47.36 47.39 47.38 47.33 47.36 47.43 47.47 47.56 47.64 47.64 47.64 47.73 47.83 47.91 48.01 48.24 48.63 48.86 49.06 49.31 49.49 49.55 49.58 49.6 49.59 49.58 49.44 49.18 48.79 48.52 48.27 48.1 48.05 48.05 48.05 48.05 48.05 48.01 47.9 47.77
46.16 46.31 46.34 46.25 46.15 46.15 46.23 46.26 46.27 46.29 46.33 46.4 46.4 46.33 46.33 46.49 46.57 46.57 46.55 46.66 46.84 46.92 46.96 46.91 46.88 46.82 46.74 46.71 46.71 46.73 46.79 46.81 46.81 46.84 46.91 47.01 47.08 47.2 47.35 47.39 47.39 47.3 47.33 47.41 47.45 47.52 47.6 47.6 47.6 47.69 47.76 47.82 47.9 48.04 48.29 48.44 48.66 49 49.33 49.49 49.58 49.59 49.61 49.65 49.6 49.42 49.08 48.82 48.5 48.22 48.09 48.04 48.04 48.05 48.06 48.05 47.94 47.82
46.24 46.36 46.33 46.19 46.09 46.11 46.19 46.25 46.24 46.24 46.28 46.34 46.33 46.27 46.29 46.43 46.53 46.53 46.49 46.64 46.86 46.99 47.04 46.96 46.9 46.85 46.77 46.72 46.7 46.7 46.76 46.79 46.79 46.83 46.88 46.95 47.01 47.14 47.3 47.39 47.38 47.3 47.33 47.4 47.45 47.48 47.55 47.58 47.6 47.65 47.68 47.73 47.83 47.94 48.1 48.2 48.36 48.68 49.08 49.32 49.51 49.59 49.61 49.64 49.66 49.57 49.33 49.11 48.77 48.42 48.19 48.09 48.06 48.06 48.06 48.05 47.98 47.89
46.2 46.27 46.24 46.08 46.01 46.07 46.17 46.23 46.21 46.2 46.25 46.29 46.29 46.28 46.31 46.41 46.48 46.47 46.46 46.64 46.84 47.02 47.09 47 46.92 46.88 46.83 46.75 46.7 46.7 46.74 46.76 46.78 46.8 46.83 46.86 46.88 47.01 47.2 47.32 47.31 47.27 47.31 47.36 47.42 47.46 47.52 47.57 47.59 47.6 47.62 47.65 47.75 47.88 48.05 48.13 48.22 48.45 48.82 49.07 49.33 49.52 49.58 49.61 49.65 49.61 49.52 49.37 49.06 48.68 48.4 48.22 48.11 48.07 48.06 48.03 47.99 47.94
46.19 46.23 46.17 45.93 45.9 46 46.13 46.19 46.18 46.18 46.25 46.28 46.3 46.31 46.33 46.39 46.43 46.43 46.47 46.67 46.85 47.01 47.08 47.01 46.94 46.93 46.91 46.8 46.73 46.72 46.73 46.74 46.76 46.76 46.76 46.76 46.77 46.87 47.07 47.21 47.23 47.23 47.26 47.29 47.35 47.42 47.49 47.53 47.55 47.57 47.59 47.61 47.67 47.8 47.97 48.06 48.17 48.32 48.58 48.78 49.06 49.36 49.52 49.58 49.61 49.6 49.58 49.52 49.3 48.96 48.69 48.42 48.2 48.08 48.05 48.02 48 47.96
46.2 46.22 46.04 45.75 45.82 45.96 46.1 46.16 46.17 46.19 46.26 46.3 46.32 46.34 46.35 46.36 46.38 46.42 46.5 46.7 46.86 46.96 47 46.97 46.92 46.95 46.95 46.87 46.8 46.74 46.72 46.74 46.76 46.75 46.73 46.73 46.75 46.82 46.98 47.13 47.19 47.21 47.26 47.29 47.33 47.39 47.44 47.46 47.51 47.56 47.56 47.57 47.62 47.75 47.93 48.03 48.14 48.22 48.36 48.51 48.8 49.17 49.4 49.5 49.57 49.59 49.59 49.58 49.45 49.19 48.96 48.65 48.34 48.13 48.05 48.03 48.02 47.98
46.18 46.18 45.96 45.71 45.84 45.99 46.09 46.15 46.18 46.2 46.27 46.32 46.35 46.36 46.37 46.34 46.34 46.42 46.54 46.71 46.82 46.86 46.89 46.89 46.87 46.91 46.93 46.87 46.84 46.77 46.72 46.73 46.75 46.76 46.74 46.73 46.78 46.83 46.94 47.06 47.14 47.2 47.29 47.35 47.37 47.42 47.43 47.43 47.47 47.52 47.55 47.56 47.6 47.71 47.86 47.95 48.08 48.16 48.19 48.3 48.58 48.97 49.25 49.41 49.53 49.57 49.58 49.59 49.54 49.36 49.21 48.93 48.59 48.27 48.13 48.08 48.04 48.01
46.14 46.15 45.97 45.82 45.91 46 46.08 46.15 46.19 46.22 46.29 46.36 46.39 46.4 46.4 46.36 46.35 46.43 46.55 46.67 46.72 46.75 46.78 46.8 46.82 46.87 46.86 46.84 46.83 46.82 46.76 46.73 46.72 46.74 46.74 46.74 46.78 46.81 46.88 46.96 47.07 47.16 47.26 47.32 47.35 47.4 47.43 47.44 47.45 47.49 47.54 47.57 47.59 47.66 47.78 47.86 48 48.09 48.1 48.17 48.38 48.73 49.01 49.26 49.47 49.54 49.56 49.58 49.56 49.48 49.43 49.27 48.97 48.56 48.35 48.21 48.07 48.03
46.06 46.08 45.98 45.89 45.93 45.99 46.07 46.15 46.2 46.25 46.34 46.41 46.44 46.43 46.4 46.39 46.4 46.46 46.55 46.64 46.66 46.68 46.68 46.71 46.77 46.82 46.84 46.86 46.89 46.88 46.81 46.77 46.74 46.75 46.76 46.75 46.78 46.8 46.82 46.88 46.97 47.1 47.21 47.26 47.31 47.39 47.43 47.44 47.43 47.46 47.52 47.55 47.57 47.62 47.67 47.74 47.88 47.99 48.03 48.07 48.17 48.44 48.68 48.99 49.29 49.43 49.51 49.58 49.58 49.57 49.58 49.52 49.29 48.89 48.66 48.42 48.16 48.05
46 46.02 45.98 45.92 45.94 46 46.08 46.18 46.23 46.29 46.4 46.45 46.45 46.44 46.4 46.39 46.42 46.47 46.55 46.62 46.65 46.67 46.63 46.65 46.69 46.76 46.82 46.88 46.93 46.93 46.87 46.82 46.76 46.75 46.75 46.75 46.78 46.8 46.8 46.82 46.88 47.04 47.18 47.23 47.28 47.38 47.42 47.43 47.43 47.45 47.48 47.5 47.53 47.59 47.61 47.64 47.76 47.88 47.93 47.96 48.01 48.16 48.3 48.53 48.85 49.19 49.39 49.56 49.6 49.6 49.62 49.58 49.45 49.21 48.98 48.67 48.33 48.13
46.02 46.03 46.03 45.97 45.95 46.01 46.12 46.24 46.3 46.37 46.45 46.45 46.43 46.42 46.39 46.37 46.37 46.43 46.54 46.62 46.64 46.66 46.65 46.65 46.64 46.68 46.76 46.82 46.89 46.93 46.89 46.83 46.78 46.75 46.76 46.77 46.78 46.78 46.79 46.79 46.84 47 47.15 47.21 47.27 47.36 47.42 47.45 47.46 47.45 47.46 47.46 47.5 47.56 47.59 47.6 47.66 47.76 47.82 47.86 47.91 47.99 48.05 48.15 48.44 48.91 49.2 49.47 49.57 49.59 49.61 49.6 49.57 49.48 49.28 48.94 48.54 48.27
46.17 46.16 46.12 46.04 45.98 46.01 46.14 46.29 46.37 46.43 46.45 46.42 46.4 46.38 46.37 46.35 46.34 46.39 46.5 46.6 46.63 46.65 46.65 46.62 46.58 46.6 46.69 46.75 46.81 46.89 46.88 46.85 46.84 46.81 46.78 46.79 46.78 46.76 46.77 46.77 46.85 47 47.12 47.18 47.24 47.32 47.37 47.43 47.46 47.44 47.43 47.43 47.47 47.51 47.54 47.56 47.62 47.69 47.74 47.79 47.85 47.93 47.97 48.03 48.23 48.65 48.93 49.26 49.49 49.57 49.61 49.61 49.6 49.57 49.44 49.17 48.78 48.51
46.25 46.22 46.14 46.05 46.01 46.03 46.17 46.32 46.39 46.44 46.43 46.39 46.37 46.34 46.33 46.32 46.32 46.34 46.48 46.59 46.6 46.61 46.57 46.53 46.5 46.54 46.63 46.69 46.75 46.83 46.86 46.86 46.9 46.88 46.82 46.8 46.78 46.76 46.77 46.78 46.83 46.95 47.05 47.12 47.17 47.21 47.24 47.31 47.35 47.36 47.38 47.42 47.45 47.48 47.51 47.54 47.59 47.64 47.67 47.73 47.8 47.88 47.93 47.96 48.07 48.35 48.57 48.92 49.3 49.48 49.57 49.59 49.59 49.59 49.54 49.36 49.04 48.8
46.17 46.12 46.05 46.02 46.03 46.08 46.21 46.35 46.39 46.44 46.43 46.39 46.36 46.32 46.32 46.32 46.32 46.35 46.5 46.6 46.58 46.54 46.47 46.44 46.45 46.52 46.61 46.66 46.72 46.79 46.85 46.88 46.92 46.94 46.88 46.85 46.81 46.77 46.78 46.8 46.79 46.84 46.9 46.96 47.02 47.08 47.14 47.23 47.25 47.25 47.31 47.38 47.42 47.46 47.49 47.51 47.54 47.57 47.59 47.66 47.76 47.83 47.87 47.9 47.98 48.12 48.27 48.58 49.04 49.29 49.46 49.56 49.59 49.6 49.6 49.5 49.28 49.08
46.08 46.04 46.02 46.06 46.1 46.15 46.26 46.37 46.41 46.44 46.44 46.41 46.38 46.33 46.33 46.36 46.37 46.43 46.55 46.6 46.57 46.47 46.4 46.4 46.44 46.51 46.59 46.64 46.68 46.74 46.83 46.88 46.93 46.96 46.95 46.93 46.86 46.79 46.77 46.76 46.74 46.75 46.76 46.8 46.87 47.02 47.13 47.25 47.25 47.22 47.23 47.31 47.4 47.44 47.45 47.46 47.5 47.52 47.52 47.59 47.7 47.79 47.82 47.85 47.92 47.99 48.08 48.31 48.75 49.04 49.3 49.51 49.58 49.6 49.6 49.58 49.44 49.3
46.02 46.02 46.06 46.14 46.18 46.23 46.32 46.39 46.4 46.41 46.44 46.44 46.41 46.34 46.33 46.38 46.43 46.51 46.59 46.59 46.54 46.44 46.38 46.38 46.42 46.47 46.52 46.56 46.59 46.64 46.75 46.86 46.92 46.96 46.98 46.99 46.91 46.79 46.74 46.71 46.69 46.7 46.7 46.74 46.79 46.95 47.09 47.23 47.26 47.23 47.23 47.3 47.41 47.43 47.42 47.43 47.46 47.47 47.46 47.52 47.61 47.71 47.77 47.81 47.88 47.92 47.98 48.11 48.48 48.76 49.05 49.37 49.53 49.58 49.58 49.6 49.53 49.45
46.02 46.06 46.13 46.2 46.24 46.29 46.37 46.38 46.35 46.36 46.42 46.45 46.42 46.36 46.36 46.41 46.48 46.56 46.6 46.57 46.51 46.4 46.33 46.33 46.36 46.35 46.37 46.4 46.43 46.48 46.58 46.74 46.86 46.91 46.94 46.97 46.95 46.83 46.76 46.71 46.68 46.68 46.7 46.71 46.75 46.87 46.99 47.15 47.24 47.23 47.22 47.29 47.35 47.38 47.38 47.39 47.42 47.43 47.43 47.46 47.53 47.61 47.69 47.76 47.84 47.9 47.94 48.01 48.26 48.47 48.72 49.1 49.39 49.51 49.56 49.59 49.56 49.53
46.05 46.09 46.17 46.24 46.29 46.35 46.4 46.41 46.38 46.36 46.4 46.42 46.42 46.38 46.41 46.45 46.49 46.55 46.56 46.51 46.43 46.33 46.26 46.24 46.23 46.21 46.23 46.25 46.28 46.34 46.39 46.55 46.71 46.81 46.86 46.9 46.95 46.89 46.82 46.74 46.69 46.69 46.71 46.73 46.74 46.81 46.87 47.02 47.16 47.19 47.19 47.23 47.29 47.33 47.34 47.34 47.37 47.39 47.41 47.43 47.49 47.53 47.59 47.67 47.79 47.86 47.91 47.96 48.1 48.22 48.37 48.7 49.08 49.3 49.5 49.58 49.59 49.57
46.1 46.11 46.2 46.26 46.31 46.38 46.41 46.43 46.44 46.42 46.43 46.45 46.44 46.41 46.44 46.45 46.47 46.49 46.46 46.41 46.35 46.28 46.21 46.17 46.14 46.12 46.12 46.14 46.18 46.23 46.27 46.39 46.52 46.65 46.73 46.79 46.89 46.93 46.91 46.82 46.73 46.7 46.7 46.72 46.74 46.77 46.8 46.89 47.04 47.11 47.15 47.21 47.26 47.29 47.29 47.3 47.33 47.36 47.38 47.41 47.47 47.5 47.52 47.61 47.75 47.78 47.8 47.86 47.96 48.03 48.1 48.36 48.66 48.95 49.32 49.53 49.6 49.59
46.19 46.13 46.21 46.28 46.34 46.38 46.39 46.42 46.46 46.48 46.52 46.54 46.52 46.48 46.46 46.45 46.45 46.43 46.37 46.33 46.3 46.24 46.18 46.15 46.1 46.06 46.04 46.04 46.08 46.13 46.16 46.23 46.32 46.48 46.59 46.69 46.82 46.94 46.97 46.89 46.78 46.72 46.69 46.7 46.72 46.75 46.77 46.8 46.92 47.03 47.12 47.23 47.24 47.22 47.22 47.26 47.31 47.35 47.35 47.38 47.43 47.46 47.49 47.57 47.68 47.7 47.68 47.75 47.88 47.94 48 48.18 48.34 48.62 49.06 49.4 49.54 49.57
46.28 46.17 46.24 46.31 46.38 46.37 46.35 46.37 46.44 46.53 46.61 46.63 46.62 46.57 46.53 46.5 46.47 46.44 46.36 46.31 46.28 46.21 46.15 46.12 46.07 46.02 46 45.98 45.98 46.02 46.06 46.09 46.14 46.32 46.47 46.62 46.78 46.96 47.03 46.97 46.82 46.73 46.7 46.69 46.7 46.72 46.73 46.74 46.85 46.95 47.05 47.17 47.19 47.15 47.15 47.21 47.29 47.33 47.32 47.33 47.37 47.4 47.45 47.52 47.58 47.63 47.64 47.71 47.81 47.89 47.95 48.06 48.17 48.39 48.79 49.21 49.41 49.51
46.34 46.29 46.33 46.38 46.44 46.42 46.36 46.36 46.44 46.56 46.67 46.72 46.7 46.65 46.58 46.54 46.49 46.41 46.33 46.29 46.25 46.16 46.09 46.06 46.02 45.99 45.96 45.94 45.95 45.96 45.99 46 46.02 46.17 46.32 46.53 46.75 46.98 47.09 47.03 46.88 46.76 46.71 46.7 46.68 46.68 46.68 46.7 46.79 46.86 46.92 47.06 47.12 47.12 47.13 47.16 47.23 47.27 47.27 47.28 47.33 47.36 47.4 47.47 47.51 47.54 47.59 47.67 47.73 47.8 47.87 47.97 48.05 48.23 48.57 48.98 49.2 49.38
46.36 46.37 46.41 46.44 46.46 46.47 46.42 46.42 46.49 46.6 46.7 46.75 46.73 46.67 46.59 46.54 46.45 46.33 46.27 46.25 46.19 46.09 46.03 45.99 45.98 45.97 45.93 45.92 45.95 45.98 45.98 45.97 45.96 46.05 46.16 46.4 46.65 46.9 47.03 47.03 46.91 46.82 46.75 46.7 46.66 46.65 46.64 46.67 46.72 46.76 46.8 46.98 47.09 47.12 47.14 47.14 47.18 47.2 47.23 47.26 47.31 47.35 47.37 47.42 47.46 47.48 47.53 47.65 47.68 47.72 47.77 47.87 47.95 48.09 48.37 48.74 48.97 49.2
46.37 46.37 46.4 46.43 46.44 46.47 46.44 46.45 46.48 46.55 46.63 46.66 46.67 46.61 46.55 46.49 46.39 46.26 46.21 46.21 46.12 46.04 45.99 45.95 45.97 45.96 45.93 45.92 45.96 46 46 45.96 45.91 45.96 46.03 46.22 46.46 46.67 46.84 46.94 46.92 46.89 46.82 46.72 46.66 46.64 46.61 46.63 46.66 46.69 46.73 46.88 47.03 47.09 47.12 47.11 47.14 47.16 47.21 47.25 47.28 47.32 47.36 47.41 47.43 47.44 47.5 47.59 47.62 47.66 47.7 47.78 47.87 47.98 48.18 48.51 48.74 48.99
46.36 46.36 46.39 46.41 46.42 46.43 46.39 46.37 46.37 46.4 46.44 46.49 46.53 46.52 46.48 46.44 46.35 46.24 46.2 46.17 46.08 46.02 46 45.97 45.96 45.94 45.91 45.9 45.96 46 45.98 45.91 45.89 45.93 45.97 46.05 46.18 46.28 46.45 46.69 46.85 46.89 46.91 46.81 46.7 46.64 46.61 46.62 46.64 46.65 46.68 46.76 46.94 47.04 47.09 47.09 47.11 47.12 47.18 47.21 47.22 47.28 47.32 47.4 47.44 47.45 47.5 47.53 47.56 47.59 47.64 47.72 47.79 47.89 48.03 48.27 48.46 48.77
46.35 46.35 46.37 46.39 46.38 46.34 46.28 46.25 46.22 46.23 46.26 46.29 46.35 46.39 46.41 46.4 46.33 46.25 46.23 46.16 46.05 46.01 45.99 45.98 45.96 45.94 45.92 45.91 45.95 45.95 45.91 45.89 45.94 45.99 45.99 45.95 45.95 45.97 46.06 46.37 46.71 46.85 46.95 46.9 46.75 46.67 46.63 46.61 46.62 46.63 46.65 46.7 46.81 46.92 47.04 47.09 47.08 47.05 47.11 47.16 47.18 47.25 47.29 47.37 47.43 47.47 47.5 47.5 47.5 47.54 47.59 47.69 47.77 47.86 47.95 48.09 48.21 48.54
46.34 46.33 46.34 46.33 46.28 46.21 46.17 46.13 46.1 46.11 46.12 46.15 46.21 46.27 46.29 46.31 46.3 46.27 46.26 46.17 46.06 46 45.98 45.96 45.96 45.97 45.97 45.96 45.93 45.9 45.86 45.9 45.98 46.02 46.01 45.96 45.93 45.91 45.9 46.12 46.51 46.74 46.91 46.93 46.8 46.71 46.65 46.61 46.59 46.6 46.61 46.64 46.68 46.78 46.95 47.06 47.06 47 47.04 47.13 47.15 47.22 47.27 47.33 47.37 47.41 47.44 47.45 47.45 47.48 47.53 47.66 47.76 47.85 47.89 47.92 48 48.24
46.33 46.29 46.25 46.21 46.14 46.09 46.06 46.03 46.02 46.03 46.04 46.06 46.12 46.15 46.14 46.16 46.21 46.23 46.23 46.16 46.08 46.03 45.99 45.96 45.99 46.03 46.01 46 45.93 45.9 45.88 45.9 45.93 45.95 45.98 46 45.97 45.92 45.88 45.98 46.29 46.54 46.77 46.87 46.83 46.78 46.71 46.62 46.58 46.57 46.58 46.6 46.62 46.69 46.84 46.99 47.02 46.96 46.98 47.07 47.1 47.15 47.21 47.26 47.28 47.31 47.35 47.4 47.42 47.43 47.47 47.57 47.64 47.72 47.75 47.76 47.81 47.96
46.34 46.22 46.13 46.06 46.01 45.99 45.97 45.96 45.98 45.99 45.98 45.98 46.01 46.01 45.98 45.99 46.03 46.07 46.09 46.06 46.06 46.06 46.04 46.01 46.05 46.08 46.05 45.99 45.95 45.95 45.93 45.91 45.9 45.92 45.95 46 45.99 45.96 45.93 45.95 46.15 46.34 46.54 46.72 46.78 46.79 46.74 46.63 46.58 46.56 46.56 46.57 46.58 46.62 46.73 46.87 46.94 46.91 46.92 46.99 47.04 47.08 47.16 47.21 47.22 47.2 47.25 47.33 47.36 47.38 47.42 47.47 47.49 47.54 47.58 47.61 47.68 47.87
46.38 46.19 46.02 45.93 45.91 45.91 45.9 45.92 45.95 45.94 45.91 45.85 45.83 45.85 45.84 45.86 45.88 45.9 45.91 45.94 46.01 46.07 46.09 46.07 46.07 46.08 46.04 45.96 45.97 46.02 46 45.94 45.96 45.98 45.97 45.97 45.98 45.98 45.94 45.94 46.04 46.14 46.33 46.53 46.62 46.68 46.74 46.64 46.57 46.55 46.53 46.53 46.55 46.56 46.63 46.75 46.83 46.86 46.88 46.94 47 47.03 47.11 47.17 47.18 47.14 47.19 47.25 47.26 47.31 47.39 47.4 47.41 47.47 47.5 47.52 47.62 47.86
46.46 46.21 46 45.89 45.88 45.88 45.86 45.87 45.9 45.9 45.86 45.78 45.7 45.7 45.72 45.77 45.82 45.81 45.84 45.92 46.01 46.08 46.12 46.11 46.07 46.04 46.01 45.99 46.03 46.09 46.06 45.97 46.01 46.05 46 45.97 45.97 45.98 45.94 45.94 45.98 46.01 46.18 46.37 46.48 46.59 46.77 46.68 46.58 46.55 46.51 46.5 46.51 46.53 46.58 46.67 46.74 46.79 46.83 46.92 46.97 46.99 47.04 47.07 47.09 47.1 47.2 47.24 47.21 47.29 47.37 47.38 47.4 47.44 47.5 47.52 47.62 47.79
