slabs/11.grd
DSAA
631 301
642630 643260
4946000 4946300
38.34 52.74
[rows 170 to 203 of 300, columns 468 to 545 of 631]
49.19 49.12 49.05 49.02 49.07 49.08 49.07 49.06 49.01 48.92 48.85 48.79 48.82 48.84 48.85 48.85 48.85 48.85 48.86 48.87 48.85 48.68 48.55 48.39 48.23 48.15 48.12 48.19 48.34 48.46 48.54 48.7 48.85 48.91 48.95 49 48.97 48.92 48.91 48.91 48.83 48.75 48.62 48.39 48.24 48.21 48.2 48.24 48.24 48.24 48.25 48.26 48.26 48.27 48.21 48.11 48.07 48.07 48.05 48.01 48 48.08 48.28 48.35 48.35 48.32 48.28 48.23 48.21 48.18 48.11 47.96 47.86 47.79 47.7 47.69 47.72 47.7
48.92 48.85 48.8 48.76 48.72 48.71 48.7 48.72 48.69 48.63 48.6 48.56 48.49 48.46 48.45 48.45 48.44 48.45 48.47 48.51 48.53 48.38 48.27 48.14 48.06 48.04 48.04 48.1 48.25 48.36 48.46 48.62 48.74 48.77 48.78 48.81 48.79 48.74 48.72 48.69 48.63 48.58 48.43 48.21 48.06 48.03 48.02 48.06 48.08 48.08 48.03 47.98 47.98 48.08 48.08 48.01 47.99 47.97 47.94 47.92 47.9 48.04 48.29 48.33 48.31 48.27 48.22 48.16 48.13 48.07 47.94 47.74 47.63 47.61 47.56 47.56 47.62 47.64
48.68 48.61 48.56 48.5 48.41 48.37 48.38 48.43 48.42 48.37 48.34 48.31 48.18 48.1 48.09 48.09 48.09 48.11 48.14 48.19 48.19 48.08 48.01 47.99 47.99 48.01 48.02 48.05 48.13 48.21 48.32 48.46 48.55 48.54 48.52 48.53 48.5 48.45 48.43 48.41 48.39 48.36 48.24 48.03 47.92 47.88 47.9 47.93 47.95 47.94 47.88 47.82 47.78 47.85 47.92 47.9 47.9 47.86 47.84 47.83 47.83 48 48.23 48.25 48.21 48.18 48.11 48.04 48.01 47.91 47.72 47.54 47.47 47.47 47.45 47.46 47.52 47.56
48.44 48.4 48.38 48.3 48.18 48.12 48.13 48.16 48.15 48.11 48.09 48.07 47.95 47.88 47.87 47.88 47.88 47.9 47.91 47.93 47.91 47.86 47.86 47.9 47.93 47.93 47.93 47.95 47.97 48.01 48.09 48.19 48.26 48.27 48.26 48.25 48.13 48.04 48.05 48.17 48.21 48.19 48.09 47.91 47.8 47.75 47.78 47.82 47.85 47.85 47.87 47.82 47.76 47.71 47.77 47.79 47.78 47.77 47.76 47.76 47.76 47.93 48.12 48.13 48.1 48.06 47.99 47.91 47.84 47.71 47.55 47.46 47.43 47.42 47.42 47.42 47.44 47.48
48.22 48.2 48.2 48.13 48.02 47.95 47.92 47.93 47.91 47.9 47.91 47.91 47.84 47.79 47.79 47.79 47.8 47.78 47.75 47.75 47.72 47.71 47.74 47.81 47.78 47.7 47.67 47.73 47.78 47.81 47.89 47.94 47.99 48.03 48.06 47.98 47.83 47.74 47.77 47.89 47.99 48.01 47.92 47.78 47.68 47.64 47.68 47.75 47.8 47.82 47.83 47.81 47.79 47.68 47.66 47.71 47.7 47.69 47.69 47.69 47.71 47.82 48 48.01 47.98 47.94 47.85 47.77 47.67 47.55 47.47 47.44 47.42 47.41 47.41 47.41 47.4 47.41
48.01 48.01 48.02 47.96 47.89 47.83 47.78 47.78 47.76 47.77 47.81 47.79 47.77 47.75 47.75 47.75 47.74 47.71 47.64 47.59 47.56 47.52 47.53 47.62 47.59 47.46 47.32 47.43 47.57 47.64 47.73 47.78 47.82 47.84 47.86 47.76 47.67 47.64 47.64 47.69 47.75 47.8 47.74 47.66 47.59 47.58 47.61 47.69 47.75 47.78 47.77 47.75 47.74 47.64 47.62 47.66 47.66 47.63 47.62 47.63 47.63 47.69 47.86 47.89 47.86 47.81 47.71 47.62 47.55 47.49 47.45 47.42 47.4 47.4 47.4 47.4 47.39 47.36
47.85 47.82 47.83 47.8 47.77 47.75 47.73 47.72 47.7 47.68 47.69 47.67 47.67 47.67 47.67 47.67 47.63 47.6 47.5 47.43 47.41 47.36 47.34 47.42 47.46 47.38 47.22 47.24 47.39 47.48 47.57 47.64 47.68 47.71 47.71 47.67 47.63 47.61 47.6 47.6 47.61 47.63 47.61 47.58 47.54 47.54 47.57 47.64 47.7 47.72 47.71 47.68 47.66 47.62 47.6 47.62 47.62 47.58 47.58 47.58 47.58 47.61 47.74 47.75 47.7 47.66 47.58 47.53 47.5 47.47 47.43 47.4 47.38 47.4 47.4 47.4 47.39 47.36
47.74 47.67 47.67 47.66 47.67 47.68 47.68 47.68 47.63 47.57 47.55 47.55 47.57 47.58 47.58 47.58 47.54 47.5 47.39 47.34 47.35 47.33 47.29 47.34 47.39 47.37 47.29 47.24 47.33 47.4 47.46 47.53 47.61 47.64 47.65 47.63 47.61 47.6 47.58 47.57 47.57 47.56 47.54 47.52 47.51 47.51 47.54 47.6 47.65 47.67 47.67 47.65 47.63 47.62 47.6 47.6 47.6 47.58 47.57 47.58 47.58 47.57 47.62 47.63 47.59 47.56 47.53 47.5 47.49 47.46 47.41 47.38 47.37 47.4 47.4 47.4 47.39 47.37
47.65 47.58 47.56 47.54 47.56 47.58 47.57 47.53 47.5 47.48 47.46 47.46 47.47 47.5 47.52 47.51 47.47 47.43 47.36 47.37 47.39 47.35 47.3 47.29 47.31 47.31 47.27 47.25 47.3 47.35 47.4 47.47 47.54 47.59 47.62 47.61 47.59 47.59 47.57 47.55 47.54 47.53 47.51 47.49 47.48 47.48 47.51 47.57 47.62 47.65 47.66 47.64 47.62 47.62 47.6 47.58 47.57 47.58 47.57 47.58 47.59 47.55 47.54 47.56 47.55 47.54 47.51 47.49 47.48 47.45 47.4 47.36 47.36 47.39 47.4 47.39 47.38 47.36
47.55 47.51 47.49 47.45 47.47 47.47 47.45 47.4 47.38 47.4 47.39 47.39 47.41 47.44 47.46 47.45 47.41 47.38 47.35 47.39 47.39 47.36 47.3 47.25 47.21 47.2 47.19 47.21 47.26 47.3 47.35 47.41 47.47 47.52 47.56 47.57 47.58 47.58 47.56 47.54 47.53 47.51 47.49 47.48 47.47 47.47 47.5 47.55 47.58 47.61 47.63 47.63 47.62 47.6 47.58 47.56 47.53 47.5 47.51 47.56 47.58 47.54 47.53 47.53 47.52 47.5 47.48 47.48 47.47 47.43 47.38 47.34 47.35 47.38 47.38 47.37 47.32 47.29
47.47 47.46 47.44 47.41 47.42 47.41 47.41 47.37 47.32 47.31 47.31 47.32 47.35 47.38 47.4 47.41 47.4 47.39 47.35 47.35 47.35 47.32 47.27 47.22 47.14 47.1 47.12 47.18 47.22 47.26 47.31 47.37 47.41 47.46 47.5 47.53 47.55 47.55 47.54 47.52 47.51 47.48 47.47 47.47 47.45 47.47 47.49 47.53 47.55 47.58 47.59 47.6 47.62 47.59 47.55 47.52 47.46 47.41 47.43 47.5 47.54 47.51 47.5 47.49 47.49 47.46 47.45 47.44 47.44 47.41 47.36 47.32 47.33 47.35 47.34 47.33 47.25 47.23
47.43 47.42 47.4 47.38 47.4 47.39 47.37 47.31 47.28 47.28 47.28 47.28 47.31 47.33 47.36 47.41 47.41 47.38 47.33 47.3 47.29 47.28 47.24 47.2 47.13 47.07 47.09 47.15 47.19 47.22 47.28 47.33 47.37 47.39 47.43 47.47 47.49 47.5 47.51 47.49 47.49 47.46 47.44 47.43 47.43 47.46 47.49 47.5 47.53 47.56 47.58 47.58 47.62 47.58 47.52 47.48 47.44 47.39 47.4 47.43 47.46 47.47 47.44 47.42 47.44 47.42 47.4 47.39 47.39 47.37 47.32 47.28 47.27 47.28 47.27 47.25 47.2 47.18
47.41 47.4 47.37 47.37 47.39 47.37 47.33 47.28 47.25 47.26 47.27 47.28 47.29 47.3 47.33 47.38 47.38 47.35 47.28 47.25 47.25 47.25 47.22 47.19 47.17 47.09 47.07 47.12 47.16 47.2 47.25 47.31 47.34 47.33 47.35 47.39 47.41 47.43 47.47 47.47 47.47 47.45 47.43 47.43 47.43 47.45 47.48 47.49 47.52 47.53 47.54 47.56 47.6 47.55 47.47 47.45 47.43 47.4 47.38 47.38 47.4 47.4 47.37 47.35 47.37 47.34 47.32 47.31 47.29 47.25 47.21 47.17 47.15 47.14 47.14 47.12 47.11 47.07
47.37 47.38 47.36 47.36 47.36 47.33 47.29 47.24 47.22 47.22 47.26 47.28 47.28 47.28 47.29 47.32 47.32 47.3 47.23 47.22 47.23 47.24 47.22 47.2 47.19 47.13 47.09 47.12 47.17 47.21 47.26 47.3 47.31 47.28 47.29 47.33 47.35 47.38 47.42 47.45 47.46 47.44 47.42 47.43 47.43 47.44 47.46 47.48 47.51 47.51 47.51 47.53 47.56 47.5 47.42 47.37 47.36 47.35 47.33 47.33 47.34 47.36 47.31 47.28 47.26 47.23 47.2 47.18 47.14 47.08 47.04 47.01 46.98 46.95 46.94 46.93 46.92 46.87
47.33 47.34 47.34 47.34 47.32 47.3 47.27 47.22 47.2 47.21 47.26 47.28 47.27 47.27 47.26 47.26 47.26 47.25 47.21 47.21 47.22 47.24 47.24 47.24 47.24 47.19 47.18 47.2 47.23 47.26 47.3 47.3 47.29 47.27 47.27 47.31 47.33 47.36 47.4 47.43 47.44 47.43 47.41 47.42 47.42 47.43 47.44 47.44 47.48 47.5 47.49 47.51 47.51 47.45 47.36 47.31 47.28 47.26 47.25 47.25 47.27 47.28 47.23 47.18 47.12 47.07 47.04 47.01 46.96 46.88 46.83 46.8 46.77 46.72 46.66 46.63 46.61 46.55
47.31 47.33 47.33 47.31 47.28 47.27 47.24 47.19 47.2 47.22 47.26 47.26 47.26 47.26 47.24 47.23 47.22 47.21 47.22 47.22 47.24 47.25 47.25 47.26 47.27 47.25 47.24 47.25 47.27 47.28 47.28 47.28 47.27 47.27 47.27 47.29 47.31 47.34 47.38 47.41 47.44 47.42 47.39 47.4 47.4 47.4 47.41 47.41 47.43 47.46 47.45 47.46 47.43 47.37 47.3 47.26 47.2 47.17 47.16 47.16 47.19 47.18 47.11 47.01 46.93 46.86 46.82 46.81 46.75 46.61 46.55 46.51 46.47 46.43 46.38 46.35 46.3 46.23
47.31 47.32 47.33 47.29 47.26 47.25 47.22 47.18 47.2 47.23 47.26 47.26 47.27 47.28 47.26 47.23 47.21 47.18 47.21 47.23 47.25 47.27 47.27 47.26 47.27 47.27 47.25 47.23 47.25 47.25 47.26 47.26 47.26 47.26 47.27 47.28 47.29 47.32 47.36 47.39 47.42 47.4 47.38 47.38 47.38 47.37 47.38 47.38 47.38 47.38 47.38 47.4 47.36 47.26 47.2 47.18 47.14 47.08 47.06 47.07 47.09 47.02 46.92 46.73 46.61 46.57 46.55 46.53 46.46 46.34 46.28 46.24 46.2 46.17 46.17 46.15 46.08 46.01
47.31 47.32 47.32 47.29 47.25 47.24 47.2 47.18 47.2 47.24 47.28 47.29 47.28 47.29 47.29 47.25 47.21 47.18 47.21 47.26 47.28 47.29 47.3 47.3 47.3 47.3 47.29 47.26 47.26 47.26 47.27 47.27 47.26 47.26 47.26 47.27 47.28 47.29 47.33 47.35 47.37 47.37 47.37 47.38 47.37 47.35 47.34 47.36 47.33 47.3 47.3 47.34 47.28 47.16 47.08 47.05 47.04 47 46.98 46.97 46.92 46.76 46.62 46.41 46.27 46.25 46.25 46.23 46.19 46.13 46.1 46.06 46.01 45.98 45.97 45.93 45.86 45.78
47.31 47.32 47.31 47.29 47.23 47.2 47.19 47.2 47.21 47.25 47.3 47.3 47.28 47.3 47.3 47.25 47.19 47.2 47.25 47.33 47.35 47.34 47.34 47.33 47.34 47.34 47.33 47.3 47.28 47.28 47.27 47.28 47.26 47.25 47.25 47.26 47.26 47.26 47.29 47.31 47.32 47.34 47.35 47.36 47.34 47.32 47.31 47.31 47.27 47.23 47.22 47.25 47.18 47.04 46.92 46.88 46.92 46.94 46.9 46.83 46.7 46.48 46.33 46.16 45.99 45.94 45.95 45.95 45.95 45.92 45.9 45.87 45.82 45.78 45.76 45.71 45.64 45.57
47.33 47.33 47.3 47.26 47.21 47.18 47.2 47.22 47.23 47.26 47.28 47.28 47.27 47.28 47.28 47.23 47.17 47.2 47.29 47.4 47.42 47.4 47.38 47.37 47.37 47.37 47.36 47.35 47.32 47.29 47.26 47.24 47.23 47.22 47.23 47.24 47.22 47.23 47.25 47.26 47.28 47.3 47.32 47.34 47.3 47.28 47.27 47.25 47.21 47.13 47.09 47.09 47.04 46.9 46.8 46.76 46.83 46.83 46.77 46.63 46.45 46.26 46.12 45.95 45.74 45.65 45.64 45.65 45.65 45.65 45.65 45.65 45.61 45.56 45.54 45.49 45.42 45.36
47.32 47.3 47.27 47.23 47.2 47.18 47.19 47.21 47.22 47.25 47.27 47.26 47.25 47.24 47.23 47.2 47.17 47.21 47.3 47.41 47.44 47.43 47.42 47.41 47.4 47.39 47.39 47.39 47.35 47.27 47.23 47.2 47.2 47.18 47.19 47.2 47.17 47.18 47.21 47.22 47.24 47.26 47.28 47.28 47.22 47.21 47.19 47.18 47.12 47.03 46.98 46.95 46.9 46.8 46.76 46.76 46.74 46.64 46.52 46.37 46.18 46.02 45.91 45.74 45.52 45.37 45.34 45.34 45.34 45.35 45.35 45.36 45.33 45.27 45.23 45.19 45.13 45.1
47.32 47.28 47.25 47.2 47.18 47.18 47.17 47.2 47.21 47.25 47.26 47.24 47.22 47.21 47.2 47.18 47.17 47.22 47.3 47.39 47.43 47.43 47.43 47.42 47.41 47.41 47.4 47.42 47.38 47.28 47.19 47.16 47.15 47.15 47.16 47.17 47.15 47.16 47.18 47.18 47.19 47.2 47.2 47.18 47.16 47.15 47.12 47.09 47.02 46.95 46.92 46.88 46.82 46.76 46.74 46.69 46.58 46.39 46.26 46.11 45.91 45.78 45.7 45.54 45.3 45.1 45.04 45.04 45.04 45.04 45.05 45.05 44.97 44.84 44.8 44.77 44.73 44.7
47.34 47.29 47.28 47.22 47.18 47.18 47.18 47.2 47.22 47.25 47.25 47.22 47.21 47.2 47.19 47.18 47.18 47.21 47.28 47.36 47.41 47.42 47.42 47.42 47.41 47.4 47.41 47.44 47.42 47.3 47.17 47.13 47.12 47.13 47.14 47.14 47.15 47.15 47.15 47.15 47.16 47.14 47.12 47.11 47.11 47.08 47.04 46.99 46.93 46.88 46.85 46.81 46.74 46.65 46.59 46.5 46.33 46.12 45.99 45.84 45.64 45.52 45.47 45.33 45.09 44.88 44.77 44.74 44.73 44.73 44.74 44.72 44.55 44.36 44.31 44.29 44.26 44.24
47.32 47.3 47.3 47.23 47.19 47.18 47.18 47.2 47.22 47.25 47.24 47.21 47.2 47.19 47.18 47.18 47.18 47.2 47.26 47.32 47.39 47.41 47.41 47.4 47.39 47.38 47.4 47.45 47.43 47.33 47.2 47.14 47.14 47.13 47.12 47.13 47.12 47.11 47.12 47.12 47.12 47.09 47.06 47.07 47.03 46.97 46.93 46.88 46.82 46.79 46.78 46.74 46.61 46.44 46.34 46.22 46.05 45.85 45.72 45.57 45.37 45.25 45.21 45.1 44.88 44.69 44.55 44.45 44.43 44.43 44.43 44.36 44.1 43.88 43.84 43.81 43.77 43.75
47.27 47.27 47.27 47.21 47.17 47.17 47.19 47.21 47.22 47.23 47.23 47.21 47.2 47.17 47.16 47.16 47.17 47.2 47.24 47.29 47.36 47.38 47.37 47.34 47.32 47.34 47.38 47.42 47.4 47.32 47.19 47.11 47.13 47.09 47.09 47.11 47.1 47.08 47.09 47.08 47.06 47.02 46.99 47 46.95 46.88 46.84 46.78 46.72 46.7 46.72 46.65 46.45 46.2 46.06 45.93 45.76 45.57 45.45 45.3 45.1 44.98 44.94 44.86 44.66 44.5 44.34 44.18 44.1 44.08 44.07 43.95 43.68 43.47 43.41 43.36 43.31 43.28
47.23 47.22 47.21 47.19 47.18 47.18 47.21 47.22 47.23 47.21 47.21 47.2 47.19 47.18 47.16 47.15 47.16 47.19 47.22 47.26 47.29 47.27 47.25 47.22 47.22 47.3 47.37 47.39 47.37 47.27 47.11 47.02 47.04 47.01 47.01 47.05 47.08 47.07 47.07 47.05 47.03 46.98 46.93 46.92 46.87 46.82 46.79 46.72 46.65 46.63 46.64 46.51 46.26 45.98 45.83 45.67 45.47 45.29 45.19 45.03 44.82 44.7 44.65 44.6 44.41 44.26 44.11 43.91 43.74 43.61 43.58 43.49 43.34 43.23 43.08 42.97 42.91 42.87
47.22 47.19 47.17 47.17 47.18 47.19 47.22 47.23 47.22 47.22 47.23 47.22 47.2 47.22 47.21 47.19 47.19 47.18 47.21 47.25 47.23 47.19 47.15 47.13 47.17 47.28 47.35 47.36 47.35 47.22 47.04 46.94 46.93 46.93 46.95 46.99 47.04 47.04 47.03 47 47 46.93 46.86 46.84 46.81 46.77 46.74 46.68 46.61 46.53 46.49 46.33 46.07 45.8 45.64 45.44 45.2 45.04 44.91 44.72 44.51 44.38 44.33 44.27 44.07 43.94 43.79 43.58 43.4 43.28 43.21 43.13 43.04 42.98 42.82 42.66 42.56 42.53
47.23 47.19 47.16 47.17 47.18 47.19 47.21 47.23 47.22 47.26 47.3 47.29 47.25 47.28 47.28 47.26 47.24 47.21 47.22 47.25 47.22 47.17 47.15 47.15 47.19 47.25 47.3 47.31 47.32 47.21 47.03 46.93 46.93 46.94 46.93 46.95 46.99 46.99 46.97 46.94 46.95 46.84 46.74 46.75 46.75 46.71 46.67 46.61 46.51 46.37 46.29 46.11 45.86 45.65 45.48 45.25 44.97 44.8 44.58 44.33 44.11 43.98 43.91 43.86 43.71 43.64 43.49 43.27 43.07 43.01 42.94 42.8 42.65 42.57 42.48 42.33 42.24 42.21
47.22 47.17 47.17 47.18 47.18 47.19 47.19 47.21 47.21 47.29 47.33 47.33 47.28 47.3 47.32 47.31 47.27 47.25 47.25 47.26 47.21 47.15 47.14 47.17 47.22 47.22 47.24 47.26 47.29 47.23 47.12 47.03 47.05 47.02 46.95 46.91 46.95 46.93 46.89 46.89 46.89 46.77 46.66 46.67 46.67 46.61 46.56 46.46 46.31 46.12 46.01 45.83 45.59 45.42 45.26 45.02 44.75 44.58 44.35 44.07 43.85 43.72 43.65 43.6 43.55 43.53 43.39 43.15 42.89 42.79 42.7 42.56 42.41 42.32 42.21 42.07 41.91 41.89
47.18 47.16 47.17 47.19 47.18 47.19 47.19 47.21 47.23 47.28 47.29 47.27 47.25 47.28 47.3 47.29 47.27 47.27 47.24 47.22 47.19 47.14 47.14 47.15 47.16 47.18 47.18 47.21 47.25 47.23 47.16 47.1 47.09 47.04 46.97 46.91 46.92 46.89 46.83 46.84 46.84 46.75 46.68 46.65 46.58 46.43 46.33 46.2 46 45.77 45.64 45.43 45.18 45.02 44.86 44.64 44.39 44.23 44.06 43.83 43.6 43.47 43.35 43.26 43.17 43.13 43 42.77 42.5 42.38 42.34 42.22 42.08 41.99 41.88 41.7 41.51 41.54
47.16 47.15 47.16 47.19 47.18 47.19 47.2 47.23 47.25 47.27 47.23 47.2 47.21 47.23 47.24 47.25 47.24 47.27 47.21 47.15 47.15 47.12 47.11 47.08 47.06 47.09 47.1 47.13 47.18 47.17 47.13 47.07 47.03 46.99 46.97 46.93 46.92 46.87 46.81 46.81 46.79 46.73 46.7 46.66 46.45 46.18 45.99 45.81 45.61 45.42 45.28 45.06 44.79 44.63 44.46 44.24 43.99 43.84 43.67 43.45 43.2 43.06 42.86 42.65 42.47 42.39 42.28 42.06 41.81 41.66 41.67 41.59 41.49 41.42 41.31 41.2 41.15 41.26
47.16 47.15 47.17 47.19 47.19 47.18 47.2 47.21 47.23 47.24 47.21 47.18 47.18 47.19 47.2 47.21 47.22 47.22 47.16 47.12 47.1 47.07 47.05 47.03 47 47 47.02 47.05 47.12 47.12 47.08 47.01 46.94 46.91 46.92 46.91 46.91 46.87 46.81 46.76 46.72 46.69 46.68 46.66 46.36 46 45.71 45.45 45.25 45.14 45.02 44.8 44.52 44.36 44.19 43.96 43.71 43.56 43.4 43.17 42.92 42.76 42.52 42.24 42.01 41.88 41.74 41.5 41.29 41.15 41.22 41.19 41.12 41.06 40.98 40.94 40.96 41.1
47.16 47.17 47.19 47.19 47.2 47.19 47.2 47.22 47.24 47.23 47.21 47.19 47.17 47.16 47.17 47.19 47.19 47.16 47.11 47.09 47.06 47.02 47 46.98 46.95 46.93 46.93 46.97 47.06 47.1 47.08 47 46.89 46.82 46.81 46.81 46.86 46.82 46.76 46.68 46.64 46.65 46.68 46.69 46.35 45.98 45.59 45.22 44.99 44.88 44.76 44.54 44.26 44.1 43.92 43.69 43.44 43.3 43.13 42.9 42.62 42.45 42.19 41.89 41.68 41.51 41.29 41.03 40.84 40.8 40.94 40.99 40.96 40.91 40.87 40.86 40.87 40.99
47.16 47.18 47.19 47.19 47.2 47.21 47.26 47.3 47.3 47.24 47.2 47.19 47.17 47.14 47.15 47.16 47.17 47.12 47.09 47.07 47.04 47 46.97 46.95 46.91 46.88 46.87 46.91 47 47.07 47.08 47.01 46.87 46.78 46.74 46.76 46.82 46.78 46.7 46.64 46.62 46.64 46.7 46.73 46.35 45.97 45.53 45.04 44.74 44.62 44.51 44.27 44 43.84 43.66 43.42 43.17 43.03 42.86 42.62 42.35 42.15 41.86 41.55 41.35 41.16 40.93 40.7 40.6 40.66 40.79 40.88 40.87 40.83 40.8 40.8 40.81 40.89
