slabs/11.grd
DSAA
631 301
642630 643260
4946000 4946300
38.34 52.74
[rows 34 to 67 of 300, columns 312 to 389 of 631]
51.83 51.81 51.81 52 52.14 52.09 51.93 51.81 51.78 51.77 51.74 51.74 51.77 51.87 51.86 51.79 51.74 51.68 51.76 51.92 51.99 51.85 51.67 51.64 51.68 51.76 51.72 51.66 51.63 51.74 51.88 51.93 51.91 51.84 51.79 51.78 51.8 51.82 51.82 51.82 51.84 51.91 52 52.05 52.1 52.14 52.12 52.1 52.06 52.02 51.98 52.01 51.97 51.89 51.9 51.99 51.98 51.9 51.86 51.84 51.9 51.89 51.86 51.9 51.92 51.92 51.93 51.92 51.96 51.98 51.98 51.96 51.88 51.84 51.83 51.76 51.68 51.63
51.85 51.84 51.83 52.04 52.18 52.13 51.96 51.84 51.81 51.8 51.78 51.74 51.73 51.81 51.86 51.83 51.8 51.73 51.73 51.87 51.96 51.85 51.68 51.64 51.69 51.76 51.71 51.69 51.67 51.72 51.86 51.93 51.92 51.86 51.81 51.79 51.79 51.8 51.82 51.83 51.86 51.92 52 52.03 52.08 52.14 52.14 52.1 52.07 52.03 51.98 51.99 51.93 51.84 51.82 51.9 51.93 51.91 51.87 51.85 51.92 51.94 51.92 51.96 51.94 51.9 51.9 51.89 51.96 52 52 52 51.88 51.83 51.82 51.77 51.73 51.7
51.89 51.88 51.9 52.1 52.21 52.15 52 51.86 51.83 51.84 51.84 51.78 51.72 51.75 51.85 51.86 51.84 51.78 51.74 51.82 51.9 51.81 51.71 51.67 51.68 51.73 51.72 51.72 51.71 51.71 51.85 51.93 51.91 51.86 51.82 51.8 51.78 51.78 51.81 51.83 51.86 51.91 51.96 51.99 52.05 52.13 52.14 52.11 52.09 52.05 52 52.02 51.95 51.85 51.82 51.84 51.87 51.89 51.89 51.86 51.91 51.96 51.97 52 51.95 51.89 51.87 51.88 51.95 52 52 52.02 51.97 51.93 51.91 51.89 51.87 51.85
51.86 51.86 51.93 52.1 52.18 52.14 52.02 51.87 51.83 51.86 51.9 51.82 51.73 51.73 51.84 51.86 51.86 51.8 51.75 51.78 51.81 51.76 51.72 51.7 51.71 51.73 51.73 51.72 51.71 51.71 51.86 51.98 51.94 51.88 51.83 51.79 51.78 51.79 51.81 51.84 51.87 51.9 51.92 51.96 52.03 52.11 52.13 52.12 52.11 52.08 52.05 52.06 52.01 51.92 51.89 51.89 51.85 51.87 51.88 51.87 51.87 51.93 51.97 51.99 51.95 51.9 51.85 51.88 51.94 51.99 51.98 52.03 52.03 52 51.99 51.99 51.96 51.94
51.84 51.84 51.91 52.03 52.08 52.07 52.01 51.89 51.84 51.91 51.95 51.86 51.78 51.73 51.78 51.82 51.83 51.79 51.75 51.76 51.78 51.76 51.74 51.72 51.74 51.79 51.78 51.74 51.72 51.71 51.86 52.01 51.99 51.9 51.82 51.78 51.78 51.8 51.81 51.84 51.87 51.89 51.91 51.95 52.02 52.09 52.12 52.12 52.12 52.11 52.1 52.11 52.06 51.97 51.94 51.93 51.85 51.84 51.85 51.85 51.84 51.88 51.94 51.94 51.92 51.89 51.87 51.92 51.99 52.03 52.01 52.04 52.05 52.04 52.04 51.99 51.96 51.95
51.9 51.88 51.91 51.97 51.97 51.99 51.97 51.87 51.82 51.94 52.01 51.95 51.86 51.74 51.73 51.75 51.77 51.77 51.77 51.8 51.82 51.82 51.79 51.77 51.76 51.85 51.84 51.77 51.74 51.7 51.81 51.94 51.98 51.9 51.82 51.78 51.79 51.81 51.82 51.82 51.84 51.87 51.9 51.95 52.03 52.09 52.11 52.12 52.11 52.14 52.16 52.17 52.07 51.98 51.95 51.92 51.85 51.83 51.85 51.84 51.83 51.86 51.92 51.9 51.87 51.87 51.94 52.04 52.07 52.05 52.03 52.02 52.05 52.06 52.05 51.98 51.92 51.92
52 51.96 51.93 51.92 51.91 51.93 51.93 51.85 51.81 52.02 52.12 52.08 51.99 51.82 51.75 51.75 51.74 51.74 51.75 51.79 51.83 51.86 51.84 51.84 51.8 51.89 51.9 51.82 51.76 51.7 51.75 51.83 51.92 51.89 51.81 51.79 51.8 51.81 51.83 51.82 51.82 51.85 51.88 51.94 52.02 52.1 52.12 52.12 52.1 52.15 52.19 52.17 52.08 52 51.97 51.91 51.86 51.83 51.83 51.81 51.82 51.84 51.88 51.89 51.88 51.9 51.99 52.09 52.11 52.07 52.03 51.97 51.99 52 52.01 51.96 51.93 51.93
52 51.98 51.91 51.89 51.89 51.92 51.9 51.86 51.9 52.12 52.19 52.17 52.11 51.9 51.79 51.77 51.74 51.71 51.71 51.76 51.83 51.84 51.85 51.86 51.82 51.9 51.92 51.84 51.76 51.7 51.7 51.79 51.91 51.9 51.82 51.8 51.79 51.8 51.83 51.82 51.83 51.85 51.87 51.93 52.02 52.1 52.13 52.12 52.11 52.14 52.17 52.13 52.09 52.05 52 51.93 51.88 51.84 51.82 51.81 51.82 51.83 51.84 51.89 51.9 51.93 51.98 52.03 52.06 52.06 52.02 51.96 51.95 51.96 51.97 51.93 51.91 51.91
51.96 51.97 51.91 51.88 51.88 51.89 51.87 51.85 51.91 52.12 52.22 52.22 52.15 51.92 51.79 51.75 51.72 51.7 51.73 51.79 51.85 51.82 51.8 51.81 51.8 51.9 51.91 51.84 51.75 51.68 51.65 51.81 51.97 51.92 51.85 51.82 51.81 51.81 51.84 51.83 51.83 51.86 51.89 51.92 52 52.09 52.13 52.12 52.12 52.14 52.17 52.14 52.14 52.13 52.05 51.97 51.89 51.84 51.82 51.82 51.83 51.84 51.88 51.91 51.9 51.92 51.97 51.97 51.98 51.99 52 51.97 51.95 51.95 51.95 51.92 51.89 51.87
52.03 52.02 51.92 51.87 51.87 51.85 51.82 51.82 51.86 52.09 52.21 52.2 52.13 51.92 51.78 51.73 51.68 51.67 51.73 51.78 51.81 51.78 51.76 51.75 51.78 51.89 51.92 51.83 51.71 51.65 51.62 51.81 51.97 51.91 51.84 51.84 51.86 51.84 51.83 51.84 51.83 51.86 51.89 51.91 51.98 52.09 52.14 52.13 52.14 52.14 52.16 52.18 52.2 52.18 52.1 51.99 51.89 51.83 51.8 51.81 51.82 51.82 51.88 51.94 51.93 51.91 51.94 51.94 51.94 51.95 51.98 51.98 51.98 51.99 51.98 51.95 51.91 51.84
52.1 52.06 51.92 51.84 51.84 51.84 51.83 51.82 51.84 52.07 52.14 52.08 52.05 51.89 51.76 51.71 51.65 51.66 51.7 51.73 51.71 51.7 51.73 51.73 51.77 51.86 51.9 51.8 51.66 51.63 51.64 51.79 51.91 51.85 51.81 51.85 51.89 51.84 51.81 51.84 51.85 51.86 51.88 51.91 51.97 52.06 52.13 52.15 52.15 52.14 52.16 52.21 52.22 52.19 52.07 51.99 51.94 51.89 51.87 51.87 51.86 51.86 51.91 52.01 51.99 51.94 51.93 51.93 51.95 51.95 51.95 51.95 51.96 51.96 51.97 51.97 51.96 51.86
52.07 52.03 51.88 51.8 51.8 51.83 51.83 51.83 51.84 52.01 52.01 51.94 51.94 51.84 51.74 51.7 51.65 51.65 51.67 51.68 51.63 51.62 51.65 51.68 51.73 51.78 51.79 51.71 51.62 51.65 51.7 51.78 51.87 51.83 51.8 51.85 51.88 51.84 51.82 51.83 51.85 51.87 51.88 51.92 51.98 52.03 52.1 52.14 52.14 52.14 52.16 52.23 52.21 52.15 52.02 51.98 51.99 51.97 51.98 51.96 51.94 51.95 52.01 52.08 52.06 52.01 51.96 51.96 51.97 51.96 51.93 51.9 51.89 51.9 51.93 51.96 51.95 51.89
51.99 51.95 51.82 51.75 51.77 51.81 51.8 51.79 51.8 51.87 51.83 51.78 51.81 51.78 51.7 51.67 51.65 51.65 51.66 51.66 51.63 51.6 51.59 51.62 51.67 51.7 51.68 51.63 51.63 51.68 51.7 51.8 51.89 51.87 51.83 51.86 51.87 51.86 51.85 51.81 51.84 51.88 51.89 51.93 51.99 52.04 52.1 52.14 52.15 52.15 52.18 52.25 52.19 52.11 52 51.95 51.97 51.98 52.02 52.01 51.99 52.02 52.09 52.08 52.05 52.03 51.99 51.97 51.95 51.94 51.94 51.93 51.91 51.93 51.96 51.97 51.96 51.93
51.91 51.85 51.75 51.69 51.72 51.76 51.75 51.72 51.74 51.74 51.68 51.63 51.68 51.7 51.69 51.64 51.59 51.61 51.64 51.64 51.62 51.65 51.66 51.66 51.7 51.75 51.74 51.7 51.74 51.75 51.73 51.85 51.95 51.89 51.84 51.84 51.85 51.86 51.86 51.83 51.88 51.9 51.91 51.94 52 52.05 52.1 52.15 52.17 52.18 52.21 52.24 52.16 52.08 52 51.92 51.94 51.97 52 51.99 51.99 52.03 52.09 52.02 51.96 52.01 52.04 52.01 51.99 51.98 52.01 52.03 52.03 52.04 52.05 52.05 52.05 52.02
51.85 51.79 51.7 51.65 51.66 51.69 51.68 51.65 51.66 51.63 51.58 51.54 51.58 51.62 51.66 51.63 51.57 51.57 51.59 51.62 51.62 51.71 51.77 51.78 51.84 51.91 51.9 51.87 51.89 51.91 51.9 51.98 52 51.91 51.87 51.85 51.85 51.87 51.86 51.86 51.91 51.92 51.93 51.94 52.01 52.08 52.13 52.17 52.19 52.21 52.23 52.24 52.16 52.08 52.01 51.95 51.96 51.98 51.96 51.95 52.01 52.07 52.09 52.02 51.98 52.07 52.12 52.09 52.08 52.08 52.1 52.12 52.12 52.13 52.13 52.15 52.15 52.12
51.79 51.74 51.68 51.64 51.62 51.63 51.62 51.6 51.59 51.58 51.54 51.5 51.54 51.59 51.61 51.63 51.62 51.64 51.65 51.68 51.7 51.78 51.83 51.89 51.98 52.02 52 51.97 51.98 52.03 52.05 52.12 52.07 51.99 51.96 51.91 51.88 51.87 51.87 51.89 51.92 51.93 51.95 51.96 52.04 52.12 52.17 52.19 52.21 52.22 52.23 52.26 52.21 52.13 52.05 52.04 52.07 52.08 52.04 52.05 52.11 52.17 52.16 52.13 52.12 52.19 52.2 52.16 52.15 52.15 52.18 52.2 52.2 52.19 52.18 52.2 52.2 52.2
51.71 51.67 51.66 51.67 51.65 51.64 51.62 51.6 51.59 51.6 51.56 51.54 51.58 51.61 51.62 51.64 51.73 51.8 51.8 51.81 51.86 51.91 51.9 51.96 52.02 52.02 52 51.97 51.98 52.04 52.08 52.17 52.16 52.11 52.05 51.96 51.91 51.88 51.87 51.91 51.93 51.95 51.98 52 52.09 52.17 52.22 52.23 52.23 52.23 52.25 52.31 52.31 52.24 52.17 52.17 52.2 52.23 52.21 52.22 52.23 52.25 52.24 52.22 52.22 52.25 52.25 52.23 52.21 52.22 52.23 52.23 52.23 52.24 52.22 52.21 52.21 52.23
51.63 51.62 51.64 51.7 51.71 51.71 51.68 51.68 51.65 51.64 51.62 51.64 51.68 51.66 51.65 51.67 51.82 51.92 51.92 51.91 52 52.03 51.99 52 52.01 51.98 51.98 51.95 51.98 52.04 52.1 52.18 52.22 52.2 52.11 51.99 51.94 51.92 51.92 51.95 51.99 52.01 52.04 52.07 52.17 52.23 52.26 52.26 52.25 52.24 52.27 52.31 52.33 52.3 52.29 52.25 52.24 52.27 52.3 52.29 52.27 52.27 52.26 52.27 52.29 52.29 52.27 52.27 52.26 52.27 52.27 52.25 52.24 52.27 52.25 52.23 52.23 52.25
51.63 51.64 51.67 51.74 51.77 51.81 51.81 51.82 51.77 51.74 51.73 51.81 51.8 51.77 51.75 51.74 51.8 51.93 51.97 51.98 52.09 52.12 52.07 52.04 52.01 51.98 51.99 51.99 52.04 52.11 52.15 52.18 52.23 52.24 52.17 52.06 52.03 52.03 52.05 52.08 52.13 52.15 52.15 52.19 52.24 52.28 52.27 52.26 52.26 52.25 52.29 52.31 52.32 52.29 52.29 52.27 52.25 52.27 52.3 52.3 52.29 52.27 52.27 52.29 52.31 52.32 52.3 52.29 52.3 52.3 52.29 52.28 52.26 52.29 52.28 52.27 52.27 52.29
51.71 51.78 51.82 51.89 51.91 51.95 51.95 51.94 51.89 51.87 51.87 51.94 51.93 51.88 51.86 51.83 51.83 51.91 51.97 52.03 52.15 52.18 52.14 52.09 52.04 52.03 52.06 52.1 52.16 52.2 52.22 52.21 52.23 52.25 52.21 52.17 52.17 52.18 52.19 52.22 52.27 52.29 52.28 52.28 52.29 52.3 52.28 52.27 52.27 52.28 52.33 52.34 52.35 52.33 52.29 52.29 52.31 52.31 52.31 52.32 52.33 52.3 52.29 52.3 52.31 52.32 52.31 52.31 52.33 52.31 52.32 52.31 52.28 52.31 52.3 52.31 52.29 52.32
51.78 51.9 51.97 52.02 52.05 52.06 52.03 52 51.93 51.92 51.94 51.98 52 51.97 51.95 51.92 51.89 51.92 51.97 52.08 52.18 52.22 52.19 52.14 52.1 52.1 52.14 52.2 52.25 52.27 52.28 52.27 52.25 52.25 52.24 52.25 52.25 52.24 52.27 52.29 52.3 52.31 52.32 52.3 52.31 52.31 52.31 52.3 52.29 52.3 52.33 52.33 52.34 52.35 52.31 52.32 52.35 52.34 52.33 52.33 52.35 52.33 52.33 52.32 52.33 52.34 52.31 52.31 52.32 52.32 52.34 52.33 52.31 52.33 52.31 52.32 52.31 52.33
51.78 51.91 52 52.09 52.13 52.12 52.09 52.05 51.99 51.98 51.99 52.02 52.04 52.03 52.01 51.99 51.96 51.95 52.02 52.14 52.2 52.22 52.21 52.18 52.17 52.18 52.21 52.25 52.26 52.26 52.26 52.27 52.27 52.26 52.28 52.28 52.27 52.27 52.27 52.28 52.28 52.3 52.31 52.3 52.31 52.33 52.34 52.34 52.34 52.32 52.34 52.34 52.35 52.36 52.34 52.34 52.35 52.33 52.34 52.34 52.34 52.35 52.37 52.35 52.34 52.35 52.33 52.32 52.32 52.34 52.34 52.34 52.32 52.33 52.32 52.32 52.34 52.33
51.84 51.93 52.02 52.11 52.15 52.13 52.1 52.08 52.08 52.05 52.04 52.09 52.09 52.07 52.07 52.05 52.02 52.01 52.08 52.18 52.21 52.22 52.19 52.2 52.22 52.23 52.23 52.22 52.23 52.23 52.21 52.22 52.25 52.26 52.28 52.28 52.28 52.29 52.27 52.27 52.27 52.3 52.32 52.3 52.31 52.33 52.36 52.36 52.35 52.34 52.37 52.36 52.36 52.37 52.37 52.36 52.36 52.36 52.36 52.35 52.35 52.35 52.35 52.34 52.33 52.36 52.35 52.34 52.32 52.34 52.35 52.35 52.33 52.32 52.33 52.34 52.35 52.32
51.93 51.97 52.03 52.09 52.11 52.11 52.1 52.1 52.11 52.09 52.08 52.12 52.12 52.11 52.11 52.11 52.11 52.11 52.15 52.21 52.21 52.19 52.17 52.2 52.22 52.23 52.21 52.2 52.22 52.23 52.22 52.22 52.26 52.29 52.29 52.3 52.3 52.29 52.28 52.28 52.28 52.3 52.32 52.31 52.32 52.34 52.36 52.34 52.32 52.31 52.34 52.31 52.27 52.3 52.35 52.38 52.38 52.4 52.39 52.37 52.37 52.34 52.33 52.32 52.33 52.37 52.37 52.36 52.34 52.37 52.38 52.37 52.34 52.31 52.33 52.34 52.32 52.29
52 52.02 52.04 52.05 52.07 52.09 52.1 52.12 52.12 52.11 52.12 52.14 52.14 52.13 52.14 52.15 52.16 52.17 52.17 52.19 52.18 52.17 52.16 52.18 52.2 52.2 52.2 52.19 52.21 52.2 52.21 52.22 52.27 52.31 52.33 52.35 52.34 52.31 52.28 52.28 52.3 52.31 52.3 52.3 52.31 52.31 52.31 52.28 52.25 52.17 52.17 52.1 52.05 52.1 52.25 52.35 52.37 52.39 52.37 52.37 52.37 52.36 52.35 52.34 52.37 52.39 52.38 52.36 52.35 52.38 52.39 52.38 52.36 52.32 52.31 52.31 52.29 52.26
52.02 52.05 52.05 52.02 52.03 52.07 52.09 52.13 52.12 52.11 52.14 52.15 52.15 52.13 52.16 52.17 52.17 52.17 52.16 52.16 52.17 52.16 52.16 52.18 52.2 52.2 52.22 52.2 52.19 52.19 52.19 52.2 52.25 52.31 52.35 52.38 52.39 52.36 52.3 52.29 52.3 52.32 52.3 52.25 52.21 52.18 52.15 52.12 52.1 51.98 51.91 51.85 51.82 51.85 52.1 52.25 52.27 52.28 52.3 52.33 52.36 52.36 52.37 52.37 52.38 52.4 52.39 52.36 52.36 52.39 52.4 52.4 52.38 52.3 52.27 52.28 52.26 52.24
52.02 52.05 52.06 52.02 52.02 52.06 52.1 52.11 52.12 52.13 52.13 52.13 52.13 52.13 52.16 52.14 52.14 52.16 52.15 52.16 52.17 52.16 52.15 52.16 52.19 52.21 52.22 52.21 52.19 52.2 52.19 52.21 52.27 52.31 52.35 52.38 52.4 52.4 52.35 52.29 52.28 52.3 52.28 52.18 52.11 52.06 52.01 51.98 51.96 51.82 51.72 51.68 51.68 51.7 51.89 52.07 52.16 52.18 52.22 52.29 52.35 52.37 52.38 52.38 52.4 52.41 52.38 52.36 52.36 52.41 52.42 52.4 52.34 52.25 52.23 52.25 52.24 52.21
52.02 52.04 52.06 52.05 52.04 52.07 52.09 52.09 52.11 52.12 52.12 52.12 52.13 52.14 52.15 52.11 52.1 52.12 52.13 52.15 52.16 52.15 52.14 52.15 52.18 52.2 52.19 52.2 52.19 52.21 52.2 52.24 52.28 52.31 52.34 52.37 52.38 52.37 52.36 52.28 52.25 52.26 52.23 52.17 52.1 52.07 52.02 51.97 51.94 51.76 51.65 51.62 51.61 51.63 51.76 51.96 52.1 52.11 52.14 52.2 52.33 52.41 52.4 52.39 52.41 52.41 52.39 52.37 52.36 52.37 52.39 52.37 52.31 52.21 52.19 52.21 52.21 52.19
52.04 52.04 52.06 52.07 52.07 52.08 52.08 52.08 52.09 52.1 52.13 52.13 52.16 52.2 52.19 52.14 52.1 52.1 52.13 52.16 52.16 52.16 52.16 52.18 52.2 52.19 52.18 52.18 52.18 52.19 52.21 52.25 52.28 52.31 52.33 52.34 52.34 52.32 52.31 52.24 52.21 52.21 52.19 52.17 52.15 52.15 52.13 52.1 52.02 51.77 51.64 51.61 51.61 51.59 51.67 51.84 51.99 52.01 52.03 52.09 52.29 52.43 52.42 52.39 52.39 52.39 52.39 52.37 52.35 52.33 52.33 52.33 52.31 52.2 52.15 52.16 52.17 52.16
52.04 52.05 52.08 52.09 52.09 52.09 52.1 52.1 52.14 52.16 52.18 52.19 52.21 52.25 52.23 52.16 52.1 52.09 52.14 52.18 52.18 52.17 52.17 52.21 52.23 52.19 52.17 52.16 52.15 52.17 52.2 52.24 52.27 52.3 52.31 52.29 52.28 52.26 52.25 52.22 52.2 52.2 52.18 52.17 52.18 52.18 52.2 52.24 52.06 51.73 51.62 51.61 51.61 51.56 51.56 51.64 51.84 51.91 51.96 52.04 52.27 52.42 52.43 52.41 52.39 52.36 52.36 52.37 52.33 52.31 52.3 52.29 52.31 52.2 52.12 52.11 52.13 52.13
52.03 52.06 52.08 52.09 52.09 52.09 52.09 52.11 52.17 52.2 52.23 52.25 52.26 52.27 52.23 52.16 52.12 52.09 52.14 52.19 52.2 52.17 52.16 52.21 52.22 52.18 52.13 52.13 52.14 52.15 52.18 52.22 52.25 52.28 52.28 52.26 52.25 52.24 52.23 52.23 52.22 52.21 52.21 52.19 52.19 52.21 52.23 52.26 52.04 51.7 51.59 51.59 51.59 51.54 51.54 51.58 51.76 51.85 51.91 52 52.26 52.4 52.43 52.43 52.39 52.35 52.34 52.35 52.3 52.28 52.26 52.27 52.29 52.19 52.1 52.07 52.08 52.08
52.04 52.07 52.08 52.09 52.08 52.08 52.09 52.1 52.13 52.16 52.21 52.26 52.27 52.27 52.25 52.18 52.17 52.13 52.16 52.21 52.22 52.19 52.19 52.22 52.2 52.15 52.11 52.1 52.12 52.12 52.15 52.18 52.22 52.26 52.27 52.26 52.26 52.27 52.26 52.25 52.24 52.23 52.23 52.22 52.21 52.22 52.24 52.24 52.04 51.71 51.58 51.57 51.57 51.54 51.54 51.57 51.73 51.8 51.86 51.96 52.23 52.37 52.42 52.42 52.37 52.34 52.33 52.33 52.28 52.25 52.24 52.26 52.27 52.19 52.12 52.05 52.02 52.01
52.06 52.08 52.08 52.08 52.08 52.08 52.08 52.09 52.1 52.11 52.14 52.22 52.26 52.27 52.26 52.23 52.22 52.2 52.2 52.24 52.24 52.24 52.25 52.24 52.21 52.15 52.11 52.1 52.1 52.11 52.13 52.18 52.21 52.26 52.28 52.29 52.29 52.29 52.28 52.27 52.27 52.26 52.25 52.24 52.23 52.23 52.25 52.26 52.07 51.72 51.57 51.55 51.55 51.54 51.55 51.58 51.68 51.74 51.79 51.89 52.18 52.33 52.37 52.38 52.36 52.33 52.32 52.3 52.25 52.23 52.23 52.26 52.27 52.22 52.18 52.06 51.99 51.98
52.06 52.07 52.07 52.07 52.07 52.08 52.08 52.08 52.08 52.09 52.1 52.16 52.22 52.25 52.25 52.21 52.2 52.2 52.2 52.22 52.22 52.24 52.27 52.25 52.23 52.16 52.12 52.1 52.1 52.12 52.15 52.18 52.2 52.28 52.32 52.32 52.32 52.31 52.3 52.3 52.29 52.28 52.27 52.26 52.26 52.25 52.26 52.27 52.12 51.75 51.59 51.57 51.57 51.55 51.56 51.59 51.66 51.71 51.75 51.82 52.07 52.22 52.28 52.34 52.36 52.35 52.34 52.31 52.26 52.24 52.25 52.26 52.27 52.25 52.21 52.11 52.01 51.97
