slabs/11.grd
DSAA
631 301
642630 643260
4946000 4946300
38.34 52.74
[rows 170 to 203 of 300, columns 234 to 311 of 631]
47.84 47.83 47.84 47.83 47.81 47.77 47.78 47.84 47.9 47.88 47.84 47.76 47.67 47.66 47.66 47.65 47.66 47.67 47.66 47.65 47.7 47.76 47.76 47.73 47.69 47.68 47.68 47.64 47.61 47.63 47.67 47.72 47.7 47.66 47.65 47.63 47.63 47.64 47.6 47.57 47.55 47.54 47.52 47.5 47.47 47.45 47.42 47.38 47.38 47.39 47.43 47.38 47.35 47.34 47.31 47.27 47.26 47.25 47.21 47.2 47.22 47.24 47.27 47.26 47.24 47.22 47.21 47.18 47.15 47.15 47.14 47.15 47.15 47.12 47.11 47.11 47.08 47.06
47.84 47.83 47.82 47.81 47.8 47.8 47.83 47.91 47.97 47.92 47.84 47.75 47.68 47.67 47.67 47.65 47.64 47.65 47.65 47.64 47.67 47.72 47.72 47.72 47.7 47.68 47.65 47.63 47.65 47.66 47.69 47.71 47.68 47.65 47.64 47.63 47.65 47.67 47.62 47.57 47.54 47.53 47.51 47.52 47.49 47.47 47.44 47.4 47.4 47.39 47.42 47.38 47.34 47.32 47.29 47.27 47.26 47.25 47.22 47.21 47.22 47.23 47.24 47.22 47.21 47.2 47.2 47.17 47.15 47.15 47.15 47.15 47.15 47.14 47.13 47.13 47.09 47.07
47.81 47.81 47.78 47.77 47.78 47.8 47.86 47.96 47.99 47.9 47.81 47.74 47.7 47.69 47.69 47.69 47.69 47.71 47.73 47.71 47.68 47.68 47.65 47.68 47.68 47.66 47.64 47.64 47.7 47.72 47.7 47.67 47.65 47.64 47.64 47.64 47.66 47.66 47.63 47.57 47.53 47.51 47.49 47.5 47.48 47.46 47.44 47.4 47.39 47.39 47.39 47.37 47.36 47.32 47.28 47.27 47.26 47.24 47.25 47.25 47.25 47.24 47.22 47.19 47.17 47.15 47.15 47.14 47.14 47.14 47.14 47.13 47.14 47.14 47.11 47.13 47.11 47.09
47.78 47.77 47.75 47.73 47.73 47.75 47.8 47.92 47.94 47.84 47.77 47.72 47.69 47.69 47.71 47.74 47.77 47.82 47.84 47.82 47.74 47.74 47.71 47.71 47.69 47.68 47.63 47.63 47.69 47.73 47.7 47.65 47.64 47.63 47.62 47.65 47.65 47.64 47.6 47.57 47.53 47.51 47.48 47.48 47.47 47.45 47.43 47.4 47.38 47.37 47.36 47.36 47.37 47.33 47.29 47.27 47.26 47.25 47.26 47.26 47.27 47.24 47.19 47.14 47.11 47.07 47.07 47.09 47.13 47.17 47.19 47.18 47.15 47.12 47.1 47.14 47.13 47.1
47.78 47.76 47.74 47.71 47.69 47.69 47.71 47.8 47.82 47.76 47.71 47.68 47.66 47.69 47.71 47.75 47.81 47.88 47.89 47.87 47.8 47.81 47.84 47.8 47.72 47.68 47.61 47.61 47.64 47.67 47.64 47.61 47.62 47.62 47.62 47.63 47.65 47.64 47.6 47.57 47.53 47.52 47.48 47.47 47.46 47.45 47.43 47.4 47.39 47.37 47.34 47.34 47.35 47.31 47.28 47.28 47.27 47.26 47.24 47.24 47.24 47.21 47.16 47.11 47.07 47.03 47.04 47.07 47.12 47.18 47.22 47.23 47.19 47.12 47.11 47.13 47.12 47.1
47.8 47.74 47.69 47.66 47.65 47.65 47.65 47.7 47.68 47.67 47.66 47.64 47.65 47.67 47.69 47.76 47.85 47.93 47.93 47.88 47.82 47.81 47.88 47.84 47.72 47.66 47.61 47.6 47.61 47.63 47.61 47.62 47.61 47.6 47.6 47.61 47.63 47.64 47.62 47.58 47.53 47.52 47.49 47.46 47.44 47.44 47.42 47.39 47.39 47.36 47.33 47.31 47.31 47.28 47.25 47.26 47.26 47.24 47.23 47.24 47.23 47.21 47.15 47.11 47.07 47.03 47.05 47.1 47.12 47.15 47.18 47.21 47.17 47.1 47.09 47.08 47.08 47.07
47.77 47.69 47.62 47.62 47.61 47.62 47.63 47.64 47.62 47.61 47.61 47.6 47.64 47.67 47.68 47.77 47.87 47.94 47.95 47.89 47.84 47.83 47.88 47.83 47.71 47.66 47.62 47.58 47.6 47.61 47.63 47.65 47.61 47.56 47.56 47.59 47.62 47.64 47.64 47.58 47.53 47.51 47.48 47.45 47.43 47.42 47.39 47.38 47.39 47.35 47.32 47.29 47.27 47.26 47.24 47.22 47.22 47.21 47.24 47.26 47.25 47.21 47.15 47.11 47.07 47.03 47.09 47.15 47.16 47.16 47.18 47.19 47.16 47.11 47.07 47.06 47.05 47.05
47.7 47.64 47.6 47.59 47.59 47.6 47.62 47.6 47.58 47.57 47.57 47.57 47.61 47.64 47.67 47.75 47.84 47.89 47.94 47.91 47.88 47.87 47.89 47.83 47.73 47.69 47.64 47.57 47.58 47.59 47.64 47.67 47.61 47.55 47.53 47.58 47.61 47.64 47.64 47.58 47.53 47.5 47.47 47.43 47.42 47.39 47.36 47.36 47.37 47.33 47.32 47.28 47.25 47.24 47.23 47.2 47.19 47.19 47.23 47.26 47.25 47.22 47.16 47.11 47.07 47.07 47.17 47.23 47.22 47.18 47.19 47.2 47.19 47.13 47.08 47.06 47.05 47.04
47.66 47.63 47.59 47.57 47.57 47.59 47.59 47.6 47.57 47.55 47.55 47.56 47.57 47.58 47.63 47.71 47.8 47.85 47.91 47.93 47.92 47.91 47.88 47.82 47.76 47.74 47.69 47.62 47.59 47.58 47.65 47.66 47.62 47.57 47.54 47.55 47.59 47.62 47.63 47.57 47.51 47.48 47.45 47.41 47.38 47.37 47.35 47.35 47.34 47.3 47.28 47.27 47.25 47.23 47.22 47.19 47.19 47.19 47.21 47.23 47.22 47.2 47.16 47.13 47.09 47.13 47.22 47.25 47.22 47.18 47.21 47.23 47.22 47.15 47.09 47.07 47.05 47.03
47.66 47.62 47.58 47.57 47.56 47.58 47.57 47.58 47.57 47.55 47.54 47.55 47.55 47.55 47.61 47.7 47.79 47.83 47.88 47.91 47.9 47.89 47.83 47.78 47.77 47.77 47.75 47.7 47.66 47.63 47.67 47.66 47.61 47.56 47.53 47.52 47.53 47.57 47.57 47.51 47.46 47.45 47.43 47.41 47.38 47.36 47.35 47.33 47.31 47.28 47.26 47.25 47.24 47.23 47.22 47.2 47.2 47.19 47.19 47.21 47.2 47.17 47.14 47.13 47.13 47.15 47.19 47.2 47.18 47.17 47.22 47.24 47.19 47.14 47.1 47.08 47.06 47.03
47.66 47.61 47.59 47.57 47.56 47.57 47.57 47.56 47.55 47.53 47.53 47.54 47.54 47.52 47.61 47.72 47.77 47.79 47.8 47.8 47.81 47.79 47.75 47.74 47.74 47.76 47.79 47.78 47.76 47.74 47.72 47.67 47.62 47.53 47.49 47.48 47.47 47.49 47.48 47.44 47.43 47.44 47.42 47.4 47.38 47.34 47.32 47.31 47.3 47.28 47.26 47.24 47.23 47.23 47.22 47.2 47.19 47.17 47.17 47.18 47.17 47.14 47.13 47.13 47.14 47.14 47.15 47.15 47.15 47.17 47.21 47.2 47.13 47.11 47.1 47.08 47.06 47.01
47.66 47.62 47.61 47.59 47.57 47.56 47.56 47.54 47.55 47.54 47.53 47.52 47.52 47.51 47.57 47.65 47.66 47.66 47.67 47.66 47.69 47.66 47.65 47.68 47.7 47.73 47.78 47.82 47.85 47.83 47.76 47.69 47.65 47.58 47.52 47.48 47.47 47.45 47.45 47.43 47.44 47.45 47.43 47.38 47.35 47.31 47.3 47.3 47.28 47.26 47.24 47.24 47.22 47.22 47.21 47.2 47.19 47.16 47.15 47.16 47.13 47.12 47.12 47.12 47.14 47.12 47.11 47.1 47.11 47.15 47.18 47.14 47.06 47.04 47.05 47.05 47.03 47
47.66 47.62 47.6 47.59 47.58 47.56 47.56 47.54 47.55 47.55 47.55 47.52 47.52 47.52 47.52 47.54 47.54 47.56 47.56 47.57 47.61 47.59 47.59 47.62 47.64 47.69 47.74 47.79 47.83 47.82 47.79 47.73 47.68 47.65 47.6 47.53 47.49 47.47 47.45 47.45 47.45 47.46 47.43 47.38 47.36 47.32 47.29 47.28 47.26 47.24 47.23 47.24 47.21 47.21 47.22 47.2 47.19 47.14 47.14 47.14 47.11 47.1 47.1 47.11 47.11 47.1 47.07 47.05 47.04 47.05 47.07 47.03 47.01 46.99 47.01 47.01 47 47
47.68 47.61 47.58 47.59 47.58 47.57 47.56 47.55 47.54 47.55 47.54 47.52 47.52 47.52 47.5 47.49 47.48 47.52 47.52 47.52 47.55 47.56 47.57 47.59 47.59 47.62 47.64 47.68 47.71 47.72 47.76 47.75 47.71 47.68 47.63 47.55 47.5 47.5 47.49 47.48 47.46 47.46 47.43 47.39 47.38 47.34 47.3 47.27 47.26 47.24 47.24 47.23 47.21 47.22 47.22 47.21 47.19 47.14 47.12 47.12 47.1 47.07 47.08 47.1 47.08 47.05 47.02 47.01 46.99 46.94 46.91 46.9 46.96 46.99 47.01 47 46.97 46.98
47.71 47.62 47.55 47.57 47.57 47.56 47.55 47.56 47.55 47.56 47.53 47.51 47.52 47.52 47.5 47.47 47.47 47.5 47.51 47.51 47.54 47.56 47.57 47.57 47.57 47.57 47.57 47.58 47.59 47.59 47.63 47.68 47.69 47.67 47.63 47.57 47.54 47.55 47.56 47.54 47.51 47.47 47.42 47.4 47.37 47.34 47.31 47.29 47.3 47.26 47.25 47.24 47.24 47.24 47.23 47.21 47.18 47.14 47.12 47.11 47.09 47.05 47.06 47.09 47.06 47.03 47.01 47 47 46.96 46.92 46.88 46.91 46.98 47.02 47 46.95 46.95
47.71 47.61 47.5 47.54 47.55 47.54 47.52 47.53 47.55 47.56 47.52 47.51 47.53 47.52 47.49 47.49 47.5 47.52 47.53 47.52 47.54 47.56 47.56 47.56 47.57 47.57 47.56 47.56 47.56 47.52 47.52 47.56 47.6 47.61 47.6 47.58 47.57 47.6 47.64 47.62 47.58 47.49 47.41 47.38 47.36 47.33 47.31 47.3 47.3 47.26 47.26 47.27 47.27 47.27 47.23 47.21 47.17 47.13 47.11 47.09 47.07 47.04 47.02 47.04 47.03 47.03 47.02 47.03 47.03 47.01 47 46.92 46.91 46.96 47 46.99 46.95 46.92
47.71 47.62 47.52 47.52 47.52 47.52 47.51 47.52 47.54 47.54 47.52 47.52 47.55 47.53 47.51 47.51 47.52 47.53 47.52 47.5 47.51 47.52 47.54 47.55 47.55 47.57 47.56 47.56 47.55 47.51 47.48 47.49 47.49 47.51 47.54 47.55 47.58 47.62 47.67 47.66 47.6 47.48 47.4 47.38 47.36 47.33 47.3 47.3 47.28 47.25 47.26 47.28 47.28 47.27 47.22 47.19 47.16 47.13 47.1 47.07 47.05 47.02 47 47 47 47.01 47 47.01 47.01 46.98 46.97 46.93 46.91 46.94 46.96 46.97 46.95 46.92
47.71 47.66 47.59 47.53 47.5 47.5 47.5 47.51 47.53 47.53 47.52 47.51 47.56 47.56 47.53 47.53 47.54 47.53 47.52 47.5 47.48 47.47 47.51 47.51 47.52 47.54 47.55 47.55 47.54 47.5 47.46 47.45 47.44 47.43 47.45 47.48 47.53 47.59 47.63 47.62 47.55 47.45 47.4 47.4 47.39 47.37 47.33 47.31 47.29 47.27 47.27 47.29 47.28 47.26 47.22 47.17 47.14 47.11 47.09 47.06 47.02 47 46.98 46.98 46.98 46.99 46.99 46.98 46.98 46.95 46.93 46.92 46.91 46.91 46.93 46.96 46.94 46.92
47.61 47.6 47.55 47.51 47.47 47.48 47.47 47.5 47.53 47.53 47.51 47.51 47.54 47.54 47.53 47.53 47.53 47.51 47.5 47.5 47.49 47.46 47.47 47.48 47.48 47.49 47.51 47.52 47.52 47.48 47.45 47.44 47.42 47.38 47.38 47.4 47.41 47.45 47.49 47.51 47.46 47.41 47.4 47.41 47.41 47.4 47.35 47.33 47.29 47.28 47.26 47.26 47.27 47.24 47.21 47.16 47.12 47.09 47.07 47.04 47 46.99 46.99 46.97 46.97 46.97 46.97 46.95 46.95 46.93 46.92 46.92 46.91 46.9 46.89 46.92 46.91 46.9
47.5 47.49 47.49 47.5 47.47 47.47 47.48 47.49 47.51 47.5 47.5 47.5 47.51 47.5 47.51 47.49 47.47 47.42 47.43 47.47 47.47 47.46 47.44 47.45 47.46 47.47 47.48 47.49 47.5 47.48 47.45 47.43 47.37 47.35 47.36 47.36 47.32 47.33 47.36 47.39 47.38 47.39 47.41 47.41 47.4 47.38 47.34 47.32 47.29 47.28 47.24 47.23 47.24 47.21 47.18 47.14 47.1 47.07 47.05 47.02 46.99 46.98 46.97 46.96 46.95 46.96 46.96 46.92 46.92 46.93 46.93 46.91 46.9 46.89 46.87 46.88 46.88 46.87
47.47 47.47 47.5 47.53 47.52 47.51 47.49 47.48 47.49 47.49 47.48 47.48 47.49 47.49 47.49 47.46 47.42 47.38 47.39 47.42 47.42 47.43 47.42 47.42 47.44 47.45 47.46 47.47 47.49 47.46 47.43 47.41 47.35 47.36 47.37 47.36 47.33 47.33 47.33 47.32 47.35 47.4 47.43 47.43 47.38 47.34 47.34 47.32 47.3 47.29 47.26 47.24 47.23 47.2 47.17 47.11 47.08 47.04 47.01 46.98 46.96 46.94 46.94 46.93 46.92 46.94 46.96 46.92 46.9 46.91 46.91 46.9 46.88 46.86 46.85 46.86 46.86 46.84
47.46 47.47 47.51 47.55 47.55 47.54 47.48 47.47 47.47 47.47 47.46 47.47 47.47 47.48 47.48 47.46 47.43 47.41 47.41 47.41 47.41 47.41 47.39 47.39 47.42 47.43 47.45 47.48 47.47 47.45 47.4 47.38 47.37 47.37 47.36 47.37 47.34 47.34 47.32 47.3 47.33 47.41 47.45 47.43 47.35 47.31 47.32 47.31 47.31 47.3 47.27 47.24 47.23 47.19 47.16 47.1 47.07 47.03 47 46.96 46.93 46.92 46.92 46.89 46.9 46.92 46.94 46.91 46.89 46.9 46.88 46.87 46.86 46.85 46.84 46.85 46.83 46.8
47.44 47.48 47.5 47.53 47.54 47.52 47.48 47.46 47.47 47.46 47.46 47.47 47.46 47.45 47.46 47.45 47.43 47.42 47.42 47.41 47.42 47.41 47.37 47.37 47.38 47.41 47.45 47.47 47.46 47.47 47.42 47.4 47.37 47.36 47.35 47.36 47.34 47.33 47.32 47.31 47.33 47.38 47.4 47.38 47.31 47.27 47.28 47.28 47.3 47.28 47.25 47.23 47.23 47.19 47.16 47.11 47.07 47.03 47 46.97 46.92 46.91 46.91 46.88 46.88 46.89 46.9 46.89 46.9 46.91 46.87 46.87 46.87 46.86 46.85 46.83 46.82 46.8
47.43 47.46 47.47 47.48 47.49 47.48 47.46 47.46 47.46 47.47 47.48 47.48 47.46 47.43 47.42 47.41 47.4 47.4 47.4 47.41 47.41 47.4 47.36 47.36 47.37 47.41 47.44 47.46 47.44 47.45 47.44 47.44 47.39 47.36 47.35 47.33 47.32 47.32 47.32 47.32 47.32 47.32 47.32 47.32 47.29 47.25 47.24 47.23 47.25 47.24 47.21 47.22 47.23 47.2 47.16 47.14 47.09 47.03 47 46.98 46.93 46.91 46.91 46.89 46.87 46.86 46.86 46.9 46.92 46.93 46.88 46.89 46.89 46.88 46.86 46.84 46.84 46.84
47.41 47.43 47.44 47.44 47.45 47.44 47.43 47.45 47.48 47.52 47.48 47.46 47.44 47.43 47.41 47.41 47.39 47.4 47.4 47.41 47.41 47.37 47.36 47.36 47.39 47.43 47.45 47.46 47.43 47.43 47.44 47.43 47.4 47.37 47.34 47.32 47.31 47.31 47.31 47.32 47.31 47.29 47.28 47.29 47.27 47.24 47.23 47.21 47.2 47.19 47.18 47.18 47.2 47.19 47.17 47.15 47.11 47.05 47.02 47 46.95 46.92 46.9 46.9 46.87 46.85 46.87 46.91 46.93 46.93 46.89 46.9 46.91 46.91 46.89 46.86 46.86 46.87
47.4 47.42 47.41 47.41 47.41 47.39 47.4 47.45 47.52 47.53 47.47 47.44 47.41 47.41 47.41 47.41 47.39 47.38 47.4 47.41 47.4 47.38 47.36 47.35 47.38 47.42 47.45 47.46 47.44 47.43 47.43 47.42 47.4 47.37 47.36 47.34 47.32 47.3 47.29 47.29 47.27 47.27 47.27 47.27 47.26 47.23 47.22 47.21 47.19 47.16 47.14 47.12 47.13 47.12 47.11 47.12 47.1 47.07 47.04 47.04 46.99 46.95 46.92 46.93 46.92 46.9 46.91 46.92 46.94 46.94 46.91 46.92 46.93 46.93 46.9 46.87 46.87 46.87
47.39 47.4 47.38 47.37 47.36 47.34 47.38 47.43 47.47 47.47 47.44 47.42 47.39 47.38 47.38 47.39 47.38 47.36 47.37 47.39 47.37 47.37 47.35 47.35 47.38 47.41 47.44 47.45 47.43 47.42 47.42 47.41 47.39 47.38 47.37 47.36 47.32 47.28 47.26 47.26 47.24 47.25 47.27 47.27 47.25 47.24 47.23 47.2 47.2 47.16 47.12 47.08 47.08 47.06 47.04 47.06 47.08 47.07 47.03 47.05 47.03 47 46.99 46.98 46.97 46.96 46.95 46.95 46.97 46.97 46.95 46.94 46.93 46.92 46.89 46.88 46.88 46.87
47.36 47.36 47.35 47.35 47.34 47.34 47.36 47.38 47.4 47.43 47.41 47.39 47.37 47.36 47.37 47.39 47.38 47.37 47.37 47.38 47.37 47.37 47.36 47.37 47.39 47.41 47.42 47.42 47.42 47.41 47.41 47.4 47.4 47.39 47.37 47.36 47.33 47.27 47.23 47.24 47.24 47.25 47.26 47.25 47.23 47.22 47.22 47.21 47.23 47.19 47.15 47.1 47.06 47.02 47.02 47.04 47.04 47.03 47.02 47.06 47.07 47.05 47.03 47 46.98 46.97 46.97 46.97 46.97 46.97 46.96 46.94 46.92 46.91 46.9 46.9 46.89 46.88
47.35 47.35 47.34 47.35 47.34 47.34 47.36 47.36 47.36 47.38 47.36 47.35 47.33 47.34 47.37 47.39 47.37 47.38 47.38 47.39 47.37 47.37 47.37 47.37 47.38 47.39 47.4 47.4 47.4 47.39 47.39 47.39 47.39 47.39 47.37 47.36 47.33 47.26 47.22 47.21 47.25 47.26 47.27 47.23 47.2 47.2 47.21 47.23 47.26 47.23 47.19 47.13 47.05 47.01 47.01 47.03 47.03 47.01 47 47.03 47.06 47.07 47.05 47 46.97 46.97 46.96 46.97 46.97 46.96 46.95 46.92 46.91 46.92 46.92 46.9 46.89 46.9
47.33 47.35 47.35 47.35 47.3 47.32 47.34 47.34 47.34 47.34 47.32 47.32 47.3 47.33 47.37 47.38 47.37 47.38 47.38 47.37 47.37 47.36 47.36 47.36 47.35 47.36 47.38 47.38 47.38 47.37 47.36 47.36 47.36 47.36 47.35 47.35 47.33 47.26 47.21 47.21 47.24 47.25 47.26 47.24 47.22 47.21 47.21 47.2 47.21 47.21 47.18 47.12 47.06 47.03 47.03 47.04 47.02 47.01 47 46.99 47.01 47.03 47.01 46.98 46.96 46.96 46.95 46.97 46.97 46.96 46.95 46.94 46.92 46.93 46.93 46.9 46.88 46.91
47.3 47.35 47.37 47.36 47.28 47.29 47.31 47.32 47.32 47.32 47.31 47.32 47.3 47.32 47.36 47.37 47.36 47.36 47.36 47.34 47.35 47.35 47.35 47.34 47.34 47.35 47.35 47.35 47.35 47.34 47.33 47.33 47.34 47.33 47.32 47.33 47.32 47.26 47.22 47.23 47.23 47.23 47.25 47.24 47.23 47.21 47.19 47.16 47.14 47.15 47.14 47.1 47.07 47.06 47.05 47.04 47.02 47.01 46.99 46.99 46.97 46.96 46.94 46.94 46.93 46.93 46.94 46.97 46.97 46.95 46.95 46.95 46.95 46.95 46.93 46.89 46.87 46.89
47.29 47.33 47.37 47.37 47.32 47.28 47.28 47.29 47.3 47.29 47.3 47.32 47.3 47.31 47.33 47.32 47.33 47.34 47.34 47.34 47.33 47.33 47.32 47.32 47.34 47.35 47.35 47.34 47.34 47.33 47.34 47.35 47.35 47.33 47.32 47.32 47.3 47.26 47.23 47.25 47.25 47.25 47.24 47.24 47.22 47.17 47.17 47.15 47.13 47.12 47.12 47.1 47.07 47.05 47.05 47.04 47.02 47.02 47.01 47 46.97 46.93 46.9 46.89 46.89 46.9 46.93 46.96 46.95 46.94 46.95 46.96 46.99 46.99 46.93 46.89 46.87 46.86
47.3 47.32 47.34 47.34 47.32 47.28 47.26 47.27 47.28 47.27 47.29 47.31 47.29 47.29 47.3 47.29 47.3 47.33 47.36 47.34 47.31 47.29 47.26 47.29 47.35 47.36 47.35 47.34 47.33 47.34 47.35 47.35 47.34 47.33 47.33 47.32 47.3 47.27 47.24 47.25 47.25 47.26 47.24 47.22 47.2 47.16 47.15 47.14 47.12 47.1 47.11 47.09 47.05 47.03 47.04 47.03 47.03 47.04 47.03 47.01 46.98 46.92 46.88 46.87 46.87 46.87 46.88 46.91 46.93 46.94 46.96 47 47.04 46.99 46.94 46.9 46.88 46.84
47.28 47.3 47.3 47.3 47.3 47.28 47.26 47.26 47.28 47.26 47.26 47.27 47.26 47.27 47.28 47.28 47.29 47.33 47.39 47.36 47.3 47.25 47.2 47.26 47.34 47.36 47.36 47.35 47.34 47.33 47.32 47.32 47.34 47.33 47.33 47.33 47.3 47.28 47.26 47.24 47.23 47.24 47.23 47.2 47.16 47.14 47.13 47.11 47.1 47.09 47.09 47.07 47.04 47.02 47.04 47.03 47.03 47.05 47.04 47.01 46.99 46.92 46.88 46.87 46.88 46.87 46.85 46.88 46.92 46.94 46.99 47.04 47.05 46.95 46.92 46.9 46.88 46.84
