slabs/12.grd
DSAA
631 301
642630 643260
4946300 4946600
35.21 49.7
[rows 170 to 203 of 301, columns 234 to 311 of 631]
43.95 44.05 44.05 43.99 44.02 44.05 44.05 43.99 43.93 43.89 43.87 43.82 43.79 43.8 43.76 43.7 43.67 43.64 43.59 43.85 43.96 43.92 43.84 43.82 43.85 43.98 44.16 44.19 44.12 44.16 44.19 44.15 44.18 44.22 44.32 44.4 44.44 44.45 44.54 44.69 44.78 44.8 44.71 44.59 44.56 44.6 44.55 44.49 44.52 44.63 44.66 44.59 44.47 44.38 44.41 44.46 44.42 44.32 44.2 44.13 44.11 44.06 43.99 43.96 43.93 43.98 44.06 44.13 44.19 44.3 44.4 44.45 44.46 44.4 44.34 44.2 44.1 44.03
44.07 44.14 44.15 44.11 44.1 44.11 44.12 44.08 43.99 43.91 43.88 43.85 43.81 43.82 43.8 43.75 43.74 43.69 43.62 43.75 43.8 43.8 43.83 43.8 43.75 43.79 43.92 43.92 43.9 44.01 44.13 44.17 44.19 44.22 44.27 44.34 44.37 44.36 44.43 44.58 44.72 44.72 44.62 44.51 44.52 44.57 44.53 44.51 44.56 44.68 44.72 44.65 44.53 44.5 44.56 44.61 44.59 44.46 44.31 44.23 44.17 44.14 44.12 44.12 44.1 44.08 44.09 44.12 44.13 44.21 44.28 44.36 44.46 44.43 44.38 44.32 44.28 44.18
44.18 44.19 44.15 44.14 44.13 44.14 44.15 44.14 44.07 43.99 43.94 43.91 43.87 43.9 43.94 43.87 43.81 43.7 43.65 43.62 43.61 43.65 43.79 43.83 43.78 43.74 43.77 43.78 43.79 43.89 44.07 44.19 44.22 44.26 44.27 44.3 44.34 44.31 44.31 44.42 44.56 44.56 44.48 44.43 44.45 44.49 44.5 44.55 44.63 44.8 44.81 44.73 44.61 44.62 44.68 44.72 44.69 44.57 44.44 44.36 44.28 44.28 44.3 44.31 44.33 44.29 44.28 44.26 44.16 44.2 44.24 44.32 44.51 44.48 44.39 44.35 44.36 44.3
44.24 44.2 44.12 44.11 44.11 44.12 44.09 44.12 44.14 44.14 44.1 44.06 44.03 44.03 44.03 43.93 43.81 43.67 43.66 43.62 43.56 43.59 43.72 43.78 43.74 43.7 43.7 43.74 43.77 43.82 43.96 44.09 44.17 44.22 44.22 44.23 44.26 44.25 44.25 44.31 44.4 44.4 44.36 44.36 44.38 44.42 44.49 44.58 44.69 44.88 44.88 44.78 44.7 44.71 44.74 44.76 44.73 44.63 44.56 44.52 44.44 44.45 44.46 44.46 44.48 44.45 44.45 44.4 44.24 44.25 44.29 44.35 44.58 44.57 44.45 44.34 44.3 44.3
44.32 44.29 44.19 44.13 44.11 44.1 44.01 44.04 44.14 44.23 44.21 44.13 44.07 44.01 43.96 43.86 43.76 43.67 43.68 43.65 43.58 43.6 43.68 43.72 43.71 43.71 43.73 43.77 43.78 43.8 43.86 43.93 44.05 44.14 44.14 44.14 44.17 44.21 44.22 44.25 44.29 44.29 44.29 44.32 44.33 44.37 44.46 44.55 44.65 44.8 44.84 44.78 44.75 44.76 44.76 44.78 44.77 44.71 44.69 44.66 44.58 44.56 44.54 44.52 44.48 44.45 44.45 44.41 44.28 44.29 44.33 44.37 44.6 44.62 44.51 44.35 44.21 44.21
44.49 44.52 44.4 44.23 44.16 44.13 44 43.97 44.05 44.15 44.14 44 43.89 43.85 43.84 43.79 43.72 43.67 43.64 43.6 43.55 43.61 43.67 43.73 43.77 43.78 43.77 43.78 43.77 43.75 43.75 43.79 43.92 44.02 44.07 44.08 44.1 44.17 44.19 44.2 44.23 44.25 44.27 44.28 44.29 44.32 44.38 44.44 44.5 44.54 44.62 44.62 44.64 44.71 44.73 44.73 44.8 44.78 44.73 44.7 44.64 44.58 44.54 44.51 44.48 44.46 44.45 44.39 44.28 44.31 44.37 44.43 44.61 44.63 44.51 44.31 44.15 44.12
44.66 44.72 44.53 44.29 44.19 44.18 44.04 43.93 43.93 44 43.98 43.87 43.8 43.79 43.8 43.77 43.71 43.68 43.64 43.57 43.53 43.57 43.65 43.74 43.81 43.81 43.76 43.75 43.74 43.67 43.67 43.7 43.81 43.91 44.01 44.05 44.05 44.11 44.13 44.14 44.18 44.21 44.26 44.27 44.27 44.24 44.19 44.18 44.22 44.25 44.32 44.35 44.44 44.61 44.65 44.63 44.7 44.71 44.68 44.66 44.63 44.58 44.56 44.54 44.54 44.51 44.48 44.37 44.25 44.26 44.34 44.46 44.57 44.57 44.41 44.2 44.08 44.07
44.72 44.76 44.52 44.3 44.23 44.23 44.12 43.96 43.9 43.89 43.85 43.8 43.79 43.8 43.81 43.78 43.74 43.72 43.68 43.6 43.55 43.56 43.64 43.73 43.78 43.77 43.71 43.71 43.71 43.67 43.64 43.64 43.72 43.83 43.95 43.99 43.95 43.98 44.02 44.05 44.07 44.14 44.23 44.26 44.26 44.17 44.04 43.95 43.98 44.07 44.12 44.19 44.39 44.55 44.58 44.53 44.55 44.57 44.57 44.53 44.56 44.61 44.62 44.63 44.65 44.6 44.55 44.39 44.25 44.22 44.25 44.44 44.51 44.48 44.31 44.13 44.06 44.06
44.67 44.66 44.5 44.32 44.26 44.26 44.19 44.03 43.96 43.87 43.81 43.79 43.8 43.82 43.82 43.82 43.8 43.75 43.7 43.65 43.6 43.57 43.64 43.7 43.74 43.72 43.68 43.68 43.69 43.68 43.64 43.62 43.66 43.79 43.87 43.9 43.87 43.86 43.92 43.97 44 44.06 44.15 44.21 44.23 44.13 44.02 43.92 43.93 43.98 44 44.12 44.33 44.46 44.48 44.46 44.48 44.44 44.41 44.38 44.53 44.66 44.69 44.72 44.72 44.67 44.63 44.48 44.31 44.23 44.21 44.4 44.46 44.42 44.28 44.16 44.14 44.13
44.64 44.58 44.49 44.37 44.31 44.3 44.27 44.15 44.07 43.94 43.87 43.85 43.83 43.81 43.82 43.87 43.89 43.82 43.73 43.68 43.64 43.58 43.64 43.69 43.73 43.73 43.68 43.67 43.67 43.66 43.64 43.61 43.63 43.74 43.82 43.86 43.88 43.79 43.85 43.92 43.96 44 44.06 44.14 44.17 44.08 44.01 43.96 43.96 43.96 43.94 43.97 44.17 44.31 44.39 44.41 44.4 44.34 44.28 44.34 44.49 44.65 44.71 44.72 44.69 44.63 44.62 44.54 44.36 44.27 44.22 44.36 44.41 44.38 44.28 44.25 44.26 44.24
44.68 44.65 44.59 44.5 44.44 44.41 44.36 44.28 44.21 44.08 44 43.93 43.86 43.81 43.84 43.9 43.96 43.89 43.75 43.68 43.65 43.6 43.63 43.69 43.73 43.72 43.69 43.69 43.68 43.67 43.63 43.6 43.62 43.71 43.83 43.89 43.89 43.79 43.79 43.85 43.93 44 44.05 44.11 44.08 44.01 44 43.99 43.99 43.98 43.96 43.9 44.01 44.17 44.28 44.3 44.28 44.24 44.21 44.3 44.4 44.54 44.61 44.63 44.57 44.5 44.49 44.46 44.34 44.3 44.24 44.31 44.34 44.3 44.25 44.3 44.32 44.27
44.75 44.79 44.78 44.66 44.56 44.5 44.42 44.34 44.3 44.18 44.09 43.98 43.91 43.86 43.86 43.91 43.98 43.92 43.76 43.66 43.64 43.62 43.61 43.61 43.69 43.72 43.73 43.74 43.74 43.68 43.61 43.59 43.62 43.72 43.84 43.9 43.88 43.82 43.78 43.78 43.88 44.03 44.09 44.07 44.01 43.98 43.98 43.98 43.99 44 44 43.94 43.91 44.01 44.11 44.14 44.15 44.16 44.15 44.21 44.29 44.39 44.45 44.5 44.42 44.34 44.35 44.37 44.31 44.29 44.23 44.23 44.22 44.2 44.19 44.29 44.29 44.25
44.82 44.9 44.92 44.77 44.6 44.5 44.4 44.34 44.32 44.23 44.12 44.03 44 43.96 43.94 43.95 43.99 43.93 43.78 43.69 43.67 43.66 43.61 43.57 43.63 43.69 43.72 43.73 43.75 43.67 43.58 43.57 43.6 43.74 43.85 43.89 43.89 43.82 43.76 43.75 43.8 43.94 44.04 43.99 43.95 43.96 43.97 43.98 43.99 44 44.03 43.98 43.89 43.89 43.94 44.02 44.08 44.1 44.11 44.13 44.2 44.27 44.29 44.34 44.21 44.12 44.16 44.28 44.32 44.3 44.2 44.15 44.12 44.11 44.12 44.24 44.24 44.2
44.75 44.85 44.91 44.79 44.64 44.46 44.34 44.31 44.35 44.29 44.19 44.13 44.06 44 44.01 44.02 43.99 43.92 43.8 43.75 43.74 43.73 43.66 43.6 43.58 43.63 43.67 43.68 43.7 43.65 43.57 43.55 43.58 43.73 43.83 43.87 43.87 43.78 43.73 43.74 43.76 43.81 43.89 43.88 43.87 43.89 43.92 43.96 43.96 43.98 44.02 44 43.91 43.85 43.87 43.98 44.05 44.06 44.05 44.08 44.12 44.14 44.12 44.13 44.03 43.96 44 44.2 44.3 44.29 44.16 44.1 44.07 44.06 44.08 44.19 44.21 44.19
44.66 44.73 44.81 44.75 44.65 44.49 44.4 44.37 44.38 44.32 44.23 44.17 44.04 43.94 44.01 44.07 43.99 43.93 43.85 43.79 43.77 43.75 43.66 43.59 43.54 43.61 43.68 43.68 43.67 43.66 43.6 43.54 43.57 43.69 43.75 43.79 43.81 43.75 43.7 43.75 43.75 43.75 43.79 43.83 43.81 43.81 43.82 43.89 43.91 43.92 43.95 43.98 43.93 43.86 43.86 43.95 44.03 44.04 44.01 44 44.03 44.04 44 43.98 43.96 43.93 44 44.17 44.23 44.23 44.11 44.04 44.02 44.02 44.05 44.13 44.15 44.13
44.61 44.66 44.71 44.71 44.63 44.56 44.49 44.44 44.38 44.28 44.18 44.11 44.02 43.95 44.02 44.06 44 43.97 43.91 43.86 43.79 43.74 43.63 43.56 43.52 43.63 43.72 43.7 43.65 43.65 43.61 43.55 43.57 43.64 43.67 43.69 43.7 43.69 43.68 43.75 43.75 43.77 43.82 43.86 43.81 43.77 43.78 43.84 43.85 43.85 43.85 43.89 43.87 43.84 43.83 43.91 44 44.04 43.99 43.91 43.94 43.98 43.95 43.95 43.95 43.96 44.02 44.1 44.14 44.17 44.08 44 43.97 43.98 44.04 44.08 44.06 44.02
44.49 44.59 44.68 44.72 44.69 44.57 44.46 44.43 44.35 44.23 44.14 44.11 44.06 44.02 43.98 43.93 43.91 43.94 43.94 43.92 43.83 43.73 43.62 43.55 43.52 43.64 43.73 43.69 43.6 43.59 43.59 43.57 43.57 43.6 43.62 43.61 43.6 43.63 43.66 43.7 43.71 43.77 43.86 43.89 43.87 43.84 43.82 43.83 43.84 43.81 43.77 43.79 43.81 43.82 43.81 43.91 43.96 43.97 43.92 43.86 43.9 43.95 43.95 43.9 43.93 43.97 44 44.04 44.06 44.07 44.04 43.97 43.92 43.93 44.05 44.07 44.03 43.97
44.3 44.47 44.63 44.72 44.75 44.57 44.41 44.39 44.31 44.21 44.16 44.15 44.09 44.01 43.89 43.81 43.83 43.89 43.94 43.95 43.86 43.73 43.63 43.56 43.52 43.62 43.69 43.64 43.53 43.51 43.54 43.54 43.51 43.54 43.57 43.57 43.55 43.6 43.63 43.66 43.66 43.71 43.78 43.84 43.88 43.87 43.83 43.84 43.83 43.79 43.76 43.77 43.8 43.84 43.86 43.91 43.9 43.88 43.85 43.82 43.88 43.94 43.95 43.88 43.89 43.93 43.97 43.98 43.97 43.99 43.99 43.95 43.9 43.9 44.02 44.06 44.05 44
44.09 44.29 44.51 44.66 44.74 44.55 44.34 44.3 44.27 44.24 44.21 44.17 44.05 43.94 43.85 43.8 43.82 43.89 43.94 43.97 43.89 43.73 43.63 43.56 43.51 43.6 43.64 43.57 43.47 43.45 43.48 43.46 43.42 43.47 43.52 43.58 43.6 43.6 43.6 43.64 43.62 43.65 43.69 43.75 43.79 43.79 43.77 43.82 43.83 43.79 43.75 43.76 43.79 43.83 43.9 43.93 43.91 43.91 43.86 43.82 43.87 43.92 43.93 43.88 43.88 43.89 43.91 43.9 43.89 43.93 43.96 43.94 43.89 43.87 43.95 44.02 44.07 44.06
43.9 44.14 44.4 44.57 44.64 44.47 44.25 44.19 44.25 44.31 44.24 44.16 44.01 43.87 43.82 43.82 43.84 43.88 43.91 43.95 43.9 43.74 43.63 43.55 43.48 43.55 43.58 43.51 43.47 43.48 43.49 43.42 43.39 43.44 43.49 43.58 43.63 43.6 43.57 43.58 43.59 43.63 43.69 43.73 43.7 43.69 43.68 43.78 43.82 43.78 43.74 43.73 43.74 43.76 43.85 43.96 43.99 43.97 43.9 43.87 43.92 43.95 43.9 43.87 43.87 43.87 43.87 43.86 43.84 43.89 43.96 43.93 43.88 43.85 43.9 44.01 44.08 44.1
43.72 43.93 44.23 44.42 44.48 44.34 44.19 44.16 44.25 44.36 44.28 44.16 43.98 43.83 43.77 43.8 43.86 43.85 43.83 43.87 43.89 43.76 43.65 43.58 43.47 43.47 43.49 43.5 43.53 43.53 43.51 43.4 43.4 43.44 43.45 43.5 43.55 43.55 43.55 43.54 43.57 43.62 43.69 43.71 43.63 43.6 43.64 43.77 43.82 43.79 43.75 43.72 43.71 43.72 43.78 43.93 44.01 44 43.91 43.88 43.93 43.96 43.91 43.9 43.89 43.87 43.86 43.84 43.83 43.87 43.96 43.93 43.88 43.86 43.88 43.95 44.01 44
43.58 43.7 44.01 44.22 44.29 44.21 44.15 44.15 44.23 44.36 44.32 44.19 43.97 43.78 43.71 43.76 43.85 43.81 43.74 43.75 43.81 43.76 43.69 43.61 43.49 43.42 43.42 43.46 43.49 43.45 43.41 43.34 43.37 43.37 43.35 43.41 43.47 43.49 43.53 43.53 43.57 43.63 43.7 43.7 43.63 43.6 43.66 43.79 43.85 43.84 43.78 43.72 43.71 43.72 43.77 43.88 43.96 43.94 43.87 43.84 43.86 43.92 43.95 43.94 43.91 43.88 43.87 43.84 43.85 43.88 43.91 43.89 43.9 43.88 43.88 43.89 43.9 43.85
43.62 43.64 43.85 44.02 44.11 44.09 44.09 44.1 44.16 44.29 44.31 44.18 43.95 43.73 43.65 43.72 43.76 43.73 43.68 43.69 43.71 43.71 43.68 43.6 43.51 43.43 43.39 43.39 43.4 43.34 43.3 43.28 43.29 43.27 43.25 43.33 43.44 43.48 43.51 43.53 43.57 43.62 43.68 43.69 43.65 43.64 43.68 43.76 43.85 43.87 43.8 43.73 43.72 43.74 43.78 43.83 43.85 43.84 43.8 43.79 43.81 43.89 43.99 43.96 43.91 43.88 43.89 43.89 43.91 43.92 43.85 43.84 43.87 43.86 43.87 43.86 43.84 43.79
43.75 43.72 43.74 43.82 43.97 44 44.01 43.99 43.98 44.1 44.19 44.1 43.9 43.7 43.63 43.71 43.75 43.74 43.72 43.72 43.7 43.66 43.63 43.56 43.5 43.42 43.37 43.38 43.36 43.32 43.29 43.28 43.24 43.2 43.17 43.23 43.39 43.48 43.52 43.55 43.56 43.56 43.65 43.65 43.61 43.6 43.62 43.72 43.84 43.87 43.82 43.74 43.74 43.77 43.79 43.76 43.74 43.75 43.76 43.79 43.85 43.95 44.04 43.98 43.91 43.88 43.9 43.91 43.93 43.9 43.85 43.83 43.82 43.83 43.82 43.82 43.8 43.76
43.97 43.86 43.74 43.82 44.01 43.98 43.92 43.87 43.83 43.98 44.12 44.1 43.95 43.77 43.73 43.81 43.84 43.82 43.8 43.78 43.72 43.62 43.57 43.52 43.48 43.43 43.39 43.38 43.35 43.32 43.32 43.32 43.26 43.21 43.16 43.23 43.38 43.47 43.53 43.55 43.54 43.52 43.61 43.61 43.56 43.52 43.59 43.76 43.89 43.92 43.86 43.77 43.78 43.79 43.77 43.69 43.64 43.65 43.7 43.81 43.93 44.04 44.07 43.97 43.89 43.86 43.85 43.88 43.9 43.87 43.88 43.86 43.82 43.82 43.78 43.79 43.78 43.75
44.35 44.17 44.02 44.07 44.23 44.11 43.97 43.91 43.91 44.07 44.21 44.21 44.05 43.92 43.91 43.93 43.88 43.83 43.82 43.82 43.73 43.61 43.56 43.52 43.49 43.47 43.42 43.38 43.37 43.37 43.37 43.37 43.34 43.31 43.27 43.31 43.4 43.44 43.46 43.48 43.49 43.48 43.55 43.57 43.52 43.48 43.62 43.88 44.02 44.05 43.91 43.8 43.81 43.79 43.74 43.67 43.63 43.61 43.66 43.82 43.95 44.05 44.03 43.93 43.85 43.81 43.81 43.84 43.86 43.86 43.88 43.87 43.82 43.78 43.76 43.77 43.77 43.75
44.73 44.52 44.34 44.24 44.36 44.21 44.06 44.02 44.08 44.18 44.24 44.23 44.11 44.06 44.06 43.99 43.93 43.89 43.86 43.81 43.7 43.63 43.61 43.58 43.54 43.52 43.42 43.37 43.39 43.4 43.39 43.42 43.45 43.44 43.41 43.4 43.4 43.37 43.33 43.38 43.44 43.45 43.49 43.51 43.48 43.49 43.59 43.82 44 44.06 43.87 43.79 43.81 43.76 43.73 43.71 43.7 43.68 43.67 43.8 43.9 43.99 43.95 43.87 43.82 43.8 43.8 43.79 43.78 43.77 43.77 43.79 43.77 43.74 43.76 43.77 43.76 43.74
44.9 44.68 44.46 44.27 44.35 44.21 44.03 44.03 44.14 44.19 44.18 44.15 44.13 44.13 44.12 44.04 44.03 44 43.93 43.79 43.7 43.67 43.68 43.65 43.6 43.56 43.43 43.37 43.4 43.41 43.39 43.47 43.5 43.49 43.49 43.46 43.39 43.33 43.32 43.41 43.47 43.47 43.46 43.47 43.45 43.48 43.52 43.65 43.78 43.87 43.77 43.74 43.74 43.71 43.71 43.75 43.76 43.74 43.65 43.72 43.82 43.89 43.85 43.81 43.8 43.79 43.77 43.74 43.72 43.66 43.65 43.7 43.75 43.74 43.74 43.75 43.72 43.7
44.98 44.7 44.51 44.35 44.38 44.23 44.01 43.99 44.07 44.13 44.14 44.13 44.11 44.13 44.14 44.08 44.12 44.12 44.01 43.84 43.75 43.73 43.74 43.71 43.63 43.57 43.45 43.38 43.4 43.4 43.41 43.49 43.5 43.49 43.53 43.52 43.43 43.37 43.41 43.48 43.49 43.46 43.45 43.45 43.41 43.4 43.5 43.63 43.7 43.73 43.72 43.66 43.62 43.63 43.67 43.75 43.79 43.76 43.66 43.68 43.73 43.75 43.76 43.77 43.8 43.77 43.73 43.71 43.69 43.63 43.63 43.7 43.76 43.78 43.72 43.68 43.64 43.62
45.01 44.75 44.58 44.46 44.45 44.26 44.05 44.01 44.03 44.1 44.18 44.2 44.15 44.15 44.17 44.15 44.21 44.22 44.11 43.93 43.84 43.8 43.79 43.74 43.65 43.58 43.47 43.41 43.4 43.39 43.4 43.45 43.45 43.44 43.51 43.54 43.49 43.42 43.44 43.47 43.46 43.41 43.42 43.42 43.37 43.34 43.46 43.61 43.67 43.68 43.65 43.57 43.54 43.57 43.62 43.72 43.78 43.75 43.68 43.68 43.68 43.64 43.7 43.76 43.77 43.72 43.67 43.65 43.65 43.62 43.64 43.7 43.75 43.78 43.71 43.62 43.57 43.54
45.04 44.83 44.71 44.56 44.48 44.33 44.2 44.13 44.1 44.11 44.19 44.23 44.19 44.18 44.19 44.22 44.31 44.32 44.21 44.05 43.95 43.91 43.85 43.75 43.65 43.59 43.51 43.41 43.38 43.37 43.37 43.38 43.38 43.38 43.45 43.52 43.52 43.47 43.46 43.45 43.45 43.42 43.42 43.39 43.34 43.33 43.4 43.5 43.55 43.61 43.58 43.51 43.5 43.54 43.58 43.65 43.72 43.72 43.68 43.66 43.61 43.59 43.65 43.71 43.69 43.62 43.57 43.57 43.59 43.58 43.61 43.66 43.71 43.72 43.67 43.61 43.55 43.5
45.05 44.9 44.83 44.66 44.54 44.44 44.35 44.27 44.2 44.14 44.17 44.2 44.21 44.22 44.23 44.31 44.4 44.4 44.33 44.21 44.1 44.04 43.93 43.83 43.7 43.62 43.58 43.45 43.38 43.37 43.37 43.36 43.35 43.35 43.42 43.5 43.51 43.49 43.46 43.45 43.46 43.47 43.45 43.4 43.36 43.37 43.38 43.44 43.49 43.54 43.51 43.47 43.47 43.52 43.56 43.57 43.61 43.66 43.63 43.59 43.52 43.53 43.58 43.6 43.57 43.5 43.48 43.5 43.54 43.54 43.56 43.58 43.59 43.6 43.59 43.59 43.51 43.45
45.06 44.96 44.93 44.74 44.61 44.54 44.44 44.33 44.24 44.19 44.17 44.18 44.23 44.28 44.32 44.39 44.45 44.44 44.38 44.27 44.18 44.13 44.03 43.98 43.8 43.66 43.67 43.58 43.48 43.43 43.43 43.42 43.4 43.36 43.4 43.47 43.5 43.49 43.46 43.48 43.49 43.51 43.49 43.44 43.4 43.4 43.38 43.41 43.45 43.49 43.47 43.43 43.45 43.5 43.53 43.51 43.53 43.59 43.56 43.49 43.46 43.48 43.51 43.49 43.47 43.44 43.43 43.45 43.51 43.52 43.49 43.48 43.47 43.51 43.52 43.52 43.42 43.38
45.13 45.06 45.06 44.89 44.73 44.64 44.5 44.38 44.33 44.29 44.19 44.18 44.25 44.3 44.34 44.39 44.45 44.43 44.31 44.2 44.15 44.13 44.06 44.03 43.86 43.72 43.74 43.7 43.62 43.55 43.52 43.53 43.52 43.43 43.4 43.44 43.47 43.48 43.46 43.47 43.48 43.52 43.5 43.43 43.4 43.38 43.35 43.36 43.38 43.44 43.44 43.4 43.41 43.46 43.48 43.47 43.47 43.53 43.5 43.4 43.4 43.42 43.42 43.4 43.42 43.45 43.45 43.44 43.47 43.5 43.47 43.44 43.43 43.47 43.48 43.46 43.39 43.36
