slabs/12.grd
DSAA
631 301
642630 643260
4946300 4946600
35.21 49.7
[rows 170 to 203 of 301, columns 312 to 389 of 631]
43.99 44.03 44.21 44.37 44.41 44.39 44.18 43.94 43.78 43.51 42.84 42.37 42.03 41.53 41.17 40.94 40.55 40.05 39.62 39.36 39.17 38.87 38.68 38.61 38.6 38.61 38.61 38.6 38.6 38.59 38.59 38.58 38.58 38.58 38.57 38.57 38.56 38.53 38.49 38.4 38.31 38.26 38.22 38.19 38.13 38.09 38.07 38.14 38.2 38.23 38.25 38.25 38.12 38.02 38.01 38.09 38.22 38.32 38.41 38.39 38.31 38.32 38.34 38.29 38.32 38.39 38.48 38.48 38.43 38.4 38.44 38.51 38.55 38.57 38.58 38.57 38.56 38.56
44.09 44.03 44.13 44.33 44.43 44.44 44.35 44.27 44.23 44.12 43.51 43.03 42.61 42.13 41.83 41.68 41.35 40.88 40.41 40.12 39.81 39.38 39.02 38.81 38.67 38.64 38.64 38.64 38.63 38.63 38.62 38.62 38.62 38.62 38.61 38.6 38.59 38.55 38.52 38.5 38.46 38.4 38.35 38.27 38.14 38.01 37.94 38.05 38.14 38.17 38.19 38.2 38.04 38 38.04 38.13 38.23 38.29 38.4 38.48 38.44 38.42 38.41 38.36 38.39 38.45 38.49 38.5 38.47 38.44 38.45 38.48 38.5 38.51 38.52 38.51 38.51 38.54
44.22 44.12 44.13 44.25 44.31 44.37 44.41 44.41 44.4 44.35 43.94 43.6 43.23 42.83 42.54 42.36 42.1 41.66 41.17 40.89 40.52 40.06 39.57 39.27 38.94 38.81 38.79 38.77 38.75 38.75 38.75 38.75 38.75 38.74 38.73 38.68 38.63 38.57 38.54 38.51 38.47 38.39 38.32 38.21 38.06 37.9 37.81 37.95 38.1 38.15 38.17 38.17 38.06 38.03 38.05 38.07 38.15 38.21 38.29 38.45 38.49 38.49 38.48 38.46 38.47 38.5 38.51 38.52 38.52 38.51 38.5 38.44 38.41 38.41 38.43 38.44 38.45 38.51
44.29 44.25 44.24 44.25 44.26 44.29 44.36 44.42 44.4 44.38 44.24 44.11 43.92 43.61 43.28 43.04 42.8 42.38 41.9 41.62 41.31 40.82 40.24 39.88 39.53 39.27 39.21 39.13 39.01 38.94 38.92 38.93 38.92 38.87 38.84 38.77 38.68 38.59 38.54 38.46 38.41 38.34 38.26 38.14 38 37.85 37.78 37.9 38.09 38.16 38.17 38.18 38.14 38.11 38.08 38.06 38.08 38.12 38.16 38.32 38.43 38.47 38.5 38.52 38.53 38.53 38.53 38.54 38.55 38.56 38.52 38.43 38.35 38.34 38.35 38.38 38.41 38.48
44.27 44.3 44.32 44.33 44.3 44.27 44.3 44.35 44.31 44.32 44.43 44.51 44.51 44.25 43.89 43.66 43.44 43.06 42.6 42.35 42.17 41.78 41.3 40.9 40.43 40.04 40 39.83 39.51 39.21 39.01 38.98 38.99 38.93 38.88 38.81 38.72 38.63 38.57 38.46 38.39 38.31 38.23 38.12 37.98 37.88 37.84 37.92 38.12 38.2 38.21 38.22 38.19 38.17 38.15 38.12 38.1 38.09 38.09 38.15 38.25 38.32 38.39 38.49 38.53 38.54 38.54 38.56 38.57 38.53 38.48 38.42 38.37 38.35 38.34 38.35 38.36 38.41
44.21 44.33 44.4 44.42 44.36 44.32 44.32 44.34 44.3 44.31 44.51 44.69 44.73 44.56 44.31 44.17 44.05 43.76 43.38 43.17 43.13 43.16 42.96 42.53 41.73 41.05 40.87 40.61 40.16 39.61 39.16 38.96 38.94 38.93 38.9 38.84 38.75 38.68 38.61 38.5 38.38 38.28 38.2 38.11 38.01 37.96 37.92 37.96 38.15 38.23 38.25 38.25 38.23 38.21 38.19 38.17 38.14 38.11 38.09 38.08 38.12 38.16 38.23 38.36 38.45 38.48 38.5 38.52 38.52 38.43 38.37 38.36 38.38 38.41 38.39 38.34 38.3 38.33
44.17 44.32 44.43 44.47 44.43 44.41 44.41 44.42 44.39 44.36 44.53 44.7 44.72 44.64 44.57 44.56 44.68 44.61 44.41 44.28 44.22 44.29 44.16 43.77 42.81 41.89 41.47 41.17 40.75 40.17 39.66 39.29 39.09 38.97 38.9 38.86 38.79 38.72 38.65 38.53 38.38 38.27 38.2 38.14 38.07 38.04 38.01 38.02 38.19 38.27 38.29 38.29 38.27 38.25 38.23 38.2 38.17 38.15 38.11 38.08 38.07 38.08 38.11 38.2 38.29 38.34 38.34 38.34 38.3 38.25 38.29 38.36 38.43 38.48 38.44 38.34 38.26 38.28
44.13 44.25 44.36 44.42 44.45 44.46 44.44 44.44 44.42 44.4 44.53 44.64 44.67 44.73 44.81 44.91 45.14 45.26 45.26 45.17 45 44.8 44.66 44.26 43.39 42.44 41.99 41.69 41.3 40.77 40.35 39.97 39.6 39.29 39.12 39.02 38.88 38.77 38.7 38.62 38.48 38.33 38.26 38.2 38.15 38.12 38.1 38.1 38.23 38.31 38.33 38.33 38.31 38.29 38.27 38.24 38.21 38.18 38.14 38.09 38.08 38.08 38.07 38.11 38.14 38.17 38.16 38.16 38.14 38.2 38.34 38.47 38.51 38.5 38.42 38.32 38.25 38.24
44.13 44.15 44.24 44.31 44.41 44.41 44.37 44.35 44.38 44.43 44.48 44.5 44.54 44.72 44.9 45.05 45.27 45.4 45.44 45.39 45.25 45.13 45.11 44.63 43.93 43.11 42.62 42.27 41.85 41.37 41.04 40.67 40.24 39.88 39.69 39.47 39.16 39 38.93 38.89 38.73 38.51 38.36 38.29 38.23 38.2 38.18 38.18 38.27 38.34 38.37 38.37 38.35 38.33 38.31 38.28 38.25 38.23 38.17 38.12 38.1 38.1 38.09 38.09 38.08 38.07 38.07 38.11 38.16 38.26 38.42 38.53 38.54 38.49 38.41 38.32 38.26 38.23
44.19 44.16 44.23 44.27 44.37 44.35 44.29 44.27 44.34 44.43 44.42 44.42 44.44 44.61 44.77 44.93 45.15 45.3 45.33 45.34 45.31 45.23 45.18 44.83 44.34 43.74 43.32 42.92 42.45 42 41.73 41.39 40.96 40.61 40.39 40.07 39.65 39.43 39.33 39.27 39.03 38.76 38.52 38.38 38.32 38.29 38.27 38.27 38.32 38.39 38.41 38.42 38.4 38.39 38.36 38.33 38.3 38.26 38.19 38.14 38.13 38.12 38.11 38.11 38.1 38.09 38.1 38.13 38.18 38.28 38.42 38.53 38.54 38.51 38.45 38.37 38.32 38.26
44.21 44.18 44.25 44.3 44.4 44.38 44.3 44.23 44.26 44.35 44.37 44.43 44.46 44.53 44.62 44.71 44.9 45.09 45.17 45.19 45.2 45.12 45.06 44.9 44.59 44.16 43.88 43.55 43.11 42.72 42.48 42.15 41.75 41.43 41.1 40.65 40.16 39.88 39.7 39.56 39.32 39.09 38.78 38.53 38.42 38.38 38.4 38.39 38.42 38.46 38.48 38.47 38.45 38.44 38.41 38.37 38.34 38.29 38.21 38.16 38.14 38.14 38.13 38.12 38.11 38.12 38.17 38.18 38.18 38.27 38.41 38.52 38.54 38.51 38.46 38.41 38.37 38.31
44.17 44.14 44.23 44.33 44.44 44.4 44.33 44.22 44.16 44.24 44.29 44.37 44.39 44.41 44.45 44.51 44.65 44.81 44.91 44.98 44.98 44.92 44.88 44.81 44.66 44.39 44.21 44 43.68 43.44 43.22 42.88 42.44 42.09 41.67 41.17 40.73 40.44 40.17 39.9 39.68 39.52 39.22 38.85 38.6 38.53 38.53 38.52 38.52 38.53 38.53 38.52 38.49 38.47 38.44 38.4 38.36 38.31 38.23 38.18 38.16 38.15 38.15 38.14 38.13 38.17 38.26 38.24 38.19 38.26 38.41 38.51 38.53 38.51 38.46 38.43 38.4 38.35
44.16 44.11 44.15 44.27 44.38 44.34 44.31 44.24 44.15 44.19 44.24 44.28 44.29 44.32 44.37 44.42 44.49 44.57 44.64 44.73 44.74 44.73 44.72 44.68 44.63 44.5 44.4 44.25 44.08 43.99 43.8 43.42 42.89 42.5 42.09 41.71 41.46 41.27 40.96 40.57 40.2 39.99 39.67 39.25 38.9 38.75 38.7 38.67 38.65 38.62 38.58 38.55 38.53 38.51 38.47 38.43 38.38 38.32 38.24 38.19 38.17 38.17 38.16 38.17 38.18 38.26 38.37 38.3 38.21 38.26 38.4 38.51 38.53 38.5 38.46 38.43 38.4 38.36
44.16 44.12 44.12 44.19 44.26 44.27 44.28 44.23 44.17 44.18 44.21 44.23 44.24 44.31 44.36 44.39 44.38 44.42 44.46 44.51 44.53 44.55 44.57 44.58 44.59 44.58 44.54 44.42 44.31 44.29 44.14 43.8 43.26 42.89 42.59 42.32 42.14 42.01 41.73 41.28 40.74 40.41 40.04 39.68 39.31 39.1 38.97 38.9 38.85 38.78 38.7 38.6 38.56 38.54 38.5 38.45 38.4 38.34 38.26 38.2 38.19 38.18 38.18 38.22 38.27 38.37 38.47 38.39 38.28 38.28 38.39 38.5 38.52 38.5 38.45 38.43 38.4 38.35
44.11 44.13 44.17 44.17 44.17 44.2 44.21 44.15 44.14 44.15 44.15 44.16 44.2 44.29 44.34 44.34 44.32 44.34 44.37 44.4 44.39 44.4 44.44 44.51 44.59 44.69 44.72 44.57 44.45 44.42 44.33 44.09 43.62 43.31 43.09 42.85 42.61 42.47 42.22 41.76 41.18 40.85 40.53 40.21 39.87 39.61 39.32 39.15 39.04 38.93 38.84 38.68 38.6 38.57 38.53 38.46 38.42 38.36 38.27 38.22 38.2 38.2 38.21 38.31 38.38 38.49 38.57 38.5 38.38 38.29 38.38 38.48 38.51 38.49 38.45 38.42 38.39 38.35
44 44.06 44.14 44.12 44.11 44.12 44.12 44.08 44.07 44.05 44.01 44.04 44.15 44.25 44.28 44.26 44.27 44.29 44.33 44.4 44.35 44.33 44.34 44.41 44.64 44.83 44.84 44.66 44.51 44.47 44.42 44.24 43.89 43.67 43.48 43.23 42.97 42.82 42.63 42.23 41.75 41.39 41.09 40.77 40.53 40.25 39.86 39.54 39.33 39.14 38.95 38.75 38.64 38.6 38.56 38.48 38.43 38.37 38.29 38.23 38.22 38.22 38.28 38.4 38.48 38.6 38.67 38.61 38.47 38.33 38.38 38.46 38.51 38.49 38.44 38.41 38.38 38.34
43.92 43.97 44.03 44.03 44.07 44.07 44.05 43.99 43.97 43.92 43.87 43.95 44.13 44.22 44.22 44.21 44.24 44.29 44.34 44.4 44.35 44.31 44.31 44.33 44.6 44.77 44.78 44.63 44.52 44.49 44.45 44.32 44.08 43.92 43.73 43.46 43.2 43.06 42.91 42.64 42.34 41.94 41.55 41.22 41.03 40.83 40.5 40.08 39.79 39.5 39.16 38.89 38.74 38.66 38.59 38.5 38.45 38.39 38.31 38.25 38.24 38.28 38.39 38.5 38.59 38.72 38.79 38.73 38.59 38.42 38.39 38.45 38.5 38.48 38.43 38.41 38.38 38.34
43.93 43.92 43.94 43.96 44.03 44.05 44.01 43.88 43.86 43.88 43.89 43.98 44.12 44.14 44.11 44.15 44.25 44.33 44.36 44.38 44.34 44.31 44.33 44.32 44.44 44.52 44.61 44.54 44.49 44.47 44.46 44.37 44.16 44.01 43.82 43.58 43.38 43.25 43.09 42.96 42.77 42.36 41.94 41.6 41.4 41.27 41 40.56 40.22 39.89 39.51 39.22 39.05 38.85 38.66 38.53 38.49 38.43 38.34 38.27 38.27 38.4 38.56 38.66 38.76 38.89 38.92 38.84 38.7 38.51 38.42 38.45 38.49 38.48 38.43 38.41 38.37 38.35
43.99 43.93 43.92 43.93 43.99 44.03 44 43.83 43.81 43.89 43.97 44.03 44.07 44.05 44.02 44.11 44.25 44.34 44.36 44.36 44.33 44.32 44.34 44.32 44.34 44.37 44.46 44.46 44.45 44.45 44.47 44.41 44.25 44.12 43.95 43.73 43.56 43.42 43.25 43.23 43.14 42.75 42.39 42.08 41.88 41.67 41.36 40.9 40.56 40.25 39.94 39.72 39.57 39.27 38.92 38.67 38.64 38.57 38.42 38.3 38.36 38.55 38.72 38.82 38.92 39.05 39.01 38.92 38.77 38.58 38.45 38.44 38.49 38.47 38.43 38.4 38.38 38.37
44 43.9 43.9 43.91 43.91 43.95 43.95 43.87 43.83 43.88 43.96 44 44.03 44.03 44.04 44.1 44.24 44.33 44.34 44.34 44.3 44.3 44.32 44.33 44.34 44.35 44.38 44.41 44.44 44.46 44.49 44.45 44.39 44.28 44.1 43.87 43.72 43.56 43.4 43.46 43.47 43.12 42.89 42.63 42.43 42.16 41.77 41.31 41.01 40.74 40.47 40.33 40.21 39.97 39.54 39.21 39.12 38.87 38.54 38.32 38.44 38.65 38.83 38.93 39.03 39.15 39.09 38.99 38.85 38.65 38.49 38.45 38.48 38.46 38.42 38.4 38.39 38.39
43.91 43.84 43.85 43.85 43.84 43.85 43.86 43.86 43.83 43.87 43.91 43.94 43.97 43.99 44.01 44.09 44.23 44.33 44.31 44.31 44.27 44.29 44.34 44.38 44.37 44.35 44.34 44.36 44.4 44.42 44.46 44.45 44.45 44.39 44.23 44 43.86 43.7 43.56 43.67 43.77 43.53 43.43 43.26 43.09 42.77 42.44 42.08 41.86 41.64 41.35 41.14 40.86 40.62 40.23 39.92 39.71 39.3 38.84 38.55 38.58 38.74 38.92 39.03 39.15 39.26 39.18 39.07 38.92 38.72 38.54 38.45 38.48 38.46 38.43 38.42 38.42 38.42
43.8 43.81 43.82 43.81 43.8 43.78 43.79 43.81 43.78 43.79 43.81 43.83 43.88 43.91 43.94 44.06 44.22 44.32 44.31 44.27 44.24 44.3 44.43 44.49 44.46 44.4 44.35 44.31 44.3 44.31 44.33 44.37 44.41 44.41 44.32 44.14 44.02 43.86 43.74 43.9 44.04 44.03 44.11 44.05 43.91 43.55 43.23 42.89 42.69 42.49 42.19 41.92 41.52 41.11 40.74 40.45 40.14 39.77 39.36 39.09 38.98 39 39.12 39.21 39.31 39.38 39.26 39.14 38.99 38.8 38.61 38.5 38.48 38.46 38.45 38.44 38.44 38.45
43.76 43.77 43.77 43.77 43.74 43.71 43.75 43.8 43.76 43.72 43.72 43.77 43.85 43.89 43.89 44 44.14 44.23 44.26 44.19 44.2 44.3 44.52 44.58 44.56 44.48 44.38 44.3 44.27 44.26 44.25 44.3 44.34 44.36 44.34 44.26 44.2 44.07 43.98 44.16 44.32 44.49 44.64 44.63 44.56 44.22 43.78 43.41 43.14 42.87 42.61 42.44 42.15 41.68 41.29 41 40.67 40.31 39.96 39.75 39.56 39.49 39.48 39.47 39.51 39.51 39.4 39.31 39.14 38.92 38.75 38.61 38.51 38.48 38.47 38.47 38.47 38.48
43.76 43.77 43.76 43.73 43.69 43.68 43.74 43.83 43.8 43.73 43.71 43.76 43.85 43.87 43.84 43.91 44.01 44.07 44.12 44.13 44.17 44.29 44.52 44.59 44.59 44.51 44.39 44.32 44.3 44.29 44.26 44.26 44.26 44.28 44.29 44.28 44.27 44.22 44.21 44.39 44.53 44.7 44.82 44.84 44.81 44.55 44.1 43.77 43.47 43.19 42.96 42.82 42.58 42.17 41.79 41.56 41.24 40.88 40.57 40.4 40.18 40.03 39.86 39.73 39.65 39.62 39.6 39.56 39.37 39.1 38.92 38.75 38.56 38.5 38.49 38.49 38.5 38.51
43.77 43.77 43.77 43.71 43.67 43.67 43.73 43.83 43.81 43.74 43.73 43.76 43.81 43.81 43.78 43.84 43.91 43.95 44.02 44.1 44.15 44.27 44.43 44.48 44.5 44.46 44.38 44.33 44.31 44.3 44.27 44.21 44.18 44.22 44.23 44.23 44.23 44.25 44.33 44.51 44.63 44.79 44.94 44.98 44.94 44.73 44.31 44 43.72 43.5 43.3 43.16 42.89 42.59 42.26 42.03 41.73 41.35 41.06 40.92 40.75 40.53 40.24 40.04 39.83 39.73 39.75 39.76 39.56 39.26 39.07 38.89 38.66 38.55 38.53 38.53 38.55 38.55
43.75 43.72 43.73 43.7 43.69 43.69 43.74 43.77 43.74 43.71 43.71 43.74 43.75 43.74 43.73 43.79 43.85 43.88 43.95 44.05 44.1 44.16 44.23 44.27 44.3 44.33 44.32 44.3 44.29 44.26 44.23 44.19 44.17 44.19 44.22 44.26 44.28 44.33 44.44 44.57 44.72 44.86 45.02 45.09 45.06 44.88 44.51 44.23 43.99 43.83 43.63 43.49 43.27 43.05 42.72 42.48 42.17 41.79 41.51 41.38 41.23 40.97 40.69 40.43 40.1 39.9 39.92 39.96 39.73 39.42 39.22 39.08 38.85 38.66 38.61 38.59 38.59 38.59
43.72 43.67 43.69 43.71 43.73 43.73 43.77 43.73 43.67 43.65 43.66 43.7 43.71 43.73 43.73 43.78 43.82 43.85 43.9 43.96 43.99 44.01 44.05 44.1 44.13 44.18 44.23 44.23 44.22 44.2 44.17 44.13 44.15 44.24 44.3 44.35 44.4 44.46 44.58 44.68 44.83 44.92 45.04 45.11 45.12 44.98 44.7 44.49 44.3 44.16 43.97 43.83 43.69 43.53 43.18 42.92 42.6 42.22 41.96 41.84 41.67 41.44 41.22 40.92 40.51 40.25 40.29 40.31 40.03 39.69 39.46 39.29 39.04 38.8 38.69 38.66 38.64 38.63
43.67 43.62 43.66 43.71 43.77 43.77 43.78 43.71 43.65 43.64 43.66 43.67 43.69 43.73 43.75 43.77 43.79 43.82 43.88 43.9 43.93 43.96 44.01 44.07 44.09 44.11 44.15 44.15 44.14 44.13 44.09 44.07 44.17 44.37 44.45 44.46 44.48 44.53 44.71 44.85 44.97 44.98 45.01 45.04 45.06 44.97 44.8 44.68 44.55 44.43 44.27 44.16 44.07 43.95 43.62 43.37 43.08 42.72 42.5 42.36 42.16 42.06 41.92 41.6 41.15 40.84 40.82 40.77 40.43 40.1 39.88 39.56 39.2 38.91 38.77 38.72 38.7 38.68
43.6 43.58 43.62 43.68 43.74 43.72 43.7 43.67 43.66 43.65 43.66 43.66 43.65 43.7 43.74 43.74 43.75 43.77 43.84 43.91 43.93 43.96 44.03 44.1 44.12 44.11 44.1 44.08 44.07 44.08 44.09 44.14 44.31 44.49 44.55 44.52 44.47 44.51 44.73 44.91 44.99 44.97 44.95 44.97 44.98 44.9 44.79 44.72 44.66 44.58 44.47 44.42 44.35 44.22 44.04 43.83 43.68 43.4 43.21 43.04 42.84 42.69 42.5 42.18 41.77 41.48 41.38 41.21 40.89 40.63 40.47 40.06 39.53 39.09 38.88 38.79 38.76 38.74
43.53 43.54 43.59 43.64 43.69 43.64 43.63 43.65 43.66 43.65 43.64 43.62 43.59 43.64 43.66 43.68 43.72 43.74 43.81 43.92 43.95 43.97 44.05 44.13 44.16 44.14 44.1 44.05 44.04 44.07 44.15 44.22 44.39 44.54 44.56 44.52 44.4 44.44 44.66 44.82 44.88 44.89 44.93 44.97 44.96 44.88 44.77 44.71 44.66 44.61 44.63 44.66 44.52 44.36 44.3 44.21 44.14 44 43.88 43.73 43.51 43.11 42.77 42.48 42.2 41.99 41.9 41.68 41.46 41.26 41.12 40.7 40.09 39.56 39.22 38.96 38.83 38.8
43.49 43.5 43.55 43.63 43.67 43.6 43.63 43.67 43.66 43.64 43.62 43.61 43.61 43.62 43.58 43.62 43.68 43.71 43.8 43.91 43.95 43.95 44.02 44.11 44.15 44.15 44.08 44.01 44.01 44.06 44.15 44.21 44.35 44.53 44.53 44.48 44.35 44.37 44.57 44.69 44.74 44.79 44.88 44.94 44.95 44.87 44.76 44.72 44.62 44.62 44.74 44.75 44.56 44.42 44.39 44.39 44.34 44.33 44.31 44.24 43.97 43.44 43.07 42.81 42.59 42.38 42.26 42.13 42.01 41.84 41.71 41.31 40.68 40.2 39.78 39.31 39.02 38.9
43.47 43.51 43.53 43.58 43.6 43.57 43.62 43.7 43.69 43.66 43.64 43.67 43.69 43.67 43.6 43.6 43.62 43.68 43.77 43.84 43.88 43.89 43.93 44 44.05 44.08 44.02 43.96 43.97 44.06 44.12 44.15 44.27 44.45 44.49 44.44 44.33 44.32 44.5 44.6 44.62 44.64 44.71 44.78 44.81 44.77 44.72 44.69 44.58 44.63 44.74 44.68 44.53 44.44 44.42 44.45 44.51 44.58 44.61 44.62 44.3 43.77 43.47 43.23 42.96 42.7 42.58 42.54 42.5 42.37 42.22 41.84 41.21 40.76 40.33 39.81 39.38 39.16
43.42 43.49 43.52 43.52 43.52 43.54 43.62 43.72 43.74 43.74 43.73 43.74 43.76 43.72 43.64 43.6 43.59 43.65 43.73 43.77 43.77 43.8 43.85 43.89 43.93 43.97 43.96 43.95 43.98 44.07 44.09 44.08 44.18 44.32 44.39 44.36 44.33 44.37 44.48 44.54 44.55 44.53 44.56 44.58 44.64 44.66 44.69 44.67 44.63 44.67 44.74 44.68 44.56 44.49 44.48 44.49 44.64 44.77 44.8 44.81 44.57 44.15 43.91 43.66 43.34 43.1 43.01 42.99 42.95 42.86 42.67 42.31 41.72 41.28 40.88 40.36 39.89 39.62
43.37 43.43 43.47 43.48 43.5 43.55 43.61 43.68 43.7 43.74 43.8 43.8 43.78 43.72 43.66 43.6 43.57 43.61 43.68 43.71 43.68 43.71 43.8 43.85 43.86 43.88 43.93 43.96 44.03 44.1 44.07 44.02 44.05 44.13 44.23 44.25 44.31 44.42 44.45 44.43 44.42 44.47 44.51 44.53 44.55 44.62 44.68 44.69 44.71 44.71 44.74 44.7 44.6 44.52 44.51 44.49 44.73 44.9 44.93 44.95 44.77 44.42 44.21 44.02 43.75 43.57 43.52 43.49 43.44 43.36 43.13 42.79 42.23 41.83 41.44 40.95 40.51 40.26
