slabs/12.grd
DSAA
631 301
642630 643260
4946300 4946600
35.21 49.7
[rows 204 to 237 of 301, columns 390 to 467 of 631]
40.78 40.28 39.85 39.7 39.48 39.23 39.07 39 39.05 39.13 39.19 39.23 39.3 39.27 39.19 39.08 38.93 38.69 38.45 38.26 38.21 38.26 38.3 38.35 38.4 38.45 38.49 38.54 38.58 38.58 38.58 38.58 38.57 38.55 38.54 38.54 38.54 38.53 38.53 38.56 38.61 38.65 38.68 38.72 38.77 38.8 38.82 38.8 38.76 38.74 38.73 38.71 38.71 38.71 38.72 38.74 38.75 38.77 38.8 38.83 38.86 38.89 38.92 38.83 38.73 38.66 38.78 39.15 39.48 39.92 40.37 40.62 40.73 40.91 41.29 41.79 42.06 42.37
41.49 40.93 40.4 40.14 39.86 39.51 39.27 39.02 38.94 39.1 39.22 39.3 39.41 39.37 39.29 39.18 38.99 38.67 38.38 38.22 38.22 38.27 38.3 38.34 38.39 38.45 38.47 38.52 38.55 38.55 38.55 38.56 38.56 38.56 38.55 38.54 38.53 38.52 38.52 38.56 38.61 38.63 38.67 38.71 38.75 38.78 38.79 38.76 38.72 38.71 38.69 38.69 38.69 38.7 38.71 38.74 38.76 38.78 38.81 38.85 38.88 38.91 38.93 38.85 38.75 38.61 38.49 38.62 38.81 39.2 39.71 39.95 39.99 40.26 40.74 41.32 41.66 41.97
41.88 41.31 40.86 40.6 40.27 39.87 39.57 39.23 39.12 39.3 39.45 39.56 39.62 39.58 39.48 39.32 39.08 38.67 38.34 38.18 38.2 38.26 38.28 38.32 38.37 38.42 38.45 38.48 38.5 38.51 38.51 38.52 38.52 38.51 38.51 38.51 38.5 38.5 38.53 38.56 38.59 38.61 38.65 38.69 38.74 38.77 38.75 38.72 38.7 38.68 38.67 38.68 38.69 38.7 38.71 38.75 38.77 38.8 38.83 38.87 38.9 38.93 38.95 38.87 38.8 38.66 38.47 38.45 38.51 38.79 39.19 39.34 39.28 39.6 40.15 40.72 41.18 41.54
42.23 41.69 41.34 41.07 40.68 40.23 39.91 39.73 39.76 39.85 39.88 39.92 39.98 39.87 39.69 39.45 39.15 38.69 38.35 38.15 38.17 38.23 38.26 38.29 38.34 38.38 38.42 38.44 38.45 38.45 38.46 38.47 38.46 38.45 38.44 38.45 38.48 38.51 38.54 38.56 38.58 38.6 38.63 38.68 38.72 38.74 38.72 38.7 38.68 38.66 38.66 38.67 38.68 38.7 38.73 38.76 38.79 38.81 38.85 38.9 38.92 38.95 38.96 38.88 38.83 38.71 38.51 38.4 38.39 38.57 38.91 39.05 38.9 39.12 39.63 40.15 40.69 41.08
42.52 42.07 41.77 41.49 41.1 40.65 40.35 40.36 40.51 40.59 40.52 40.49 40.46 40.19 39.94 39.6 39.25 38.81 38.47 38.23 38.19 38.24 38.25 38.29 38.33 38.35 38.38 38.39 38.39 38.38 38.39 38.4 38.39 38.38 38.39 38.43 38.49 38.53 38.56 38.56 38.58 38.59 38.62 38.67 38.7 38.72 38.7 38.67 38.66 38.65 38.66 38.67 38.69 38.71 38.74 38.78 38.8 38.83 38.88 38.92 38.95 38.98 38.97 38.88 38.83 38.76 38.56 38.42 38.33 38.42 38.72 38.89 38.76 38.91 39.31 39.63 40.05 40.39
42.75 42.41 42.19 41.93 41.56 41.12 40.84 40.96 41.2 41.26 41.19 41.08 40.91 40.5 40.21 39.83 39.4 39.04 38.74 38.53 38.45 38.43 38.36 38.42 38.38 38.32 38.32 38.32 38.32 38.32 38.33 38.33 38.34 38.35 38.39 38.44 38.51 38.54 38.56 38.57 38.59 38.59 38.62 38.66 38.69 38.7 38.67 38.65 38.63 38.63 38.65 38.68 38.7 38.73 38.76 38.81 38.83 38.86 38.9 38.95 38.97 39 38.97 38.87 38.83 38.78 38.62 38.48 38.34 38.32 38.54 38.7 38.65 38.82 39.02 39.08 39.19 39.39
42.99 42.73 42.57 42.37 42.04 41.62 41.33 41.45 41.71 41.74 41.67 41.54 41.28 40.86 40.57 40.17 39.67 39.36 39.21 39.08 39.01 38.96 38.84 38.77 38.55 38.35 38.28 38.26 38.27 38.28 38.28 38.3 38.34 38.36 38.4 38.46 38.52 38.55 38.57 38.58 38.59 38.6 38.62 38.65 38.68 38.68 38.65 38.63 38.62 38.63 38.66 38.7 38.72 38.75 38.79 38.83 38.85 38.88 38.93 38.97 38.99 39.02 38.98 38.87 38.82 38.78 38.67 38.55 38.43 38.3 38.34 38.45 38.5 38.65 38.69 38.65 38.69 38.78
43.26 43.04 42.91 42.77 42.5 42.12 41.85 41.91 42.14 42.17 42.09 41.91 41.63 41.38 41.13 40.73 40.26 39.96 39.84 39.69 39.58 39.54 39.43 39.16 38.73 38.44 38.3 38.24 38.23 38.24 38.26 38.32 38.35 38.37 38.41 38.47 38.52 38.55 38.58 38.59 38.6 38.61 38.62 38.65 38.67 38.66 38.63 38.61 38.62 38.64 38.68 38.72 38.74 38.77 38.81 38.86 38.88 38.91 38.95 38.99 39.02 39.05 38.98 38.88 38.81 38.77 38.71 38.64 38.53 38.33 38.2 38.22 38.33 38.44 38.49 38.54 38.66 38.76
43.56 43.36 43.25 43.15 42.95 42.64 42.43 42.4 42.63 42.71 42.63 42.37 42.04 41.85 41.63 41.29 40.88 40.61 40.41 40.18 40.02 39.95 39.79 39.38 38.83 38.54 38.38 38.25 38.22 38.23 38.29 38.37 38.34 38.35 38.42 38.48 38.52 38.56 38.59 38.6 38.61 38.61 38.62 38.64 38.65 38.63 38.6 38.61 38.63 38.66 38.7 38.74 38.76 38.8 38.84 38.88 38.9 38.94 38.99 39.02 39.05 39.08 39 38.88 38.8 38.75 38.71 38.69 38.6 38.4 38.19 38.11 38.19 38.3 38.44 38.53 38.65 38.75
43.89 43.71 43.6 43.6 43.47 43.25 43.11 42.96 43.02 43.07 42.99 42.74 42.39 42.14 41.91 41.64 41.27 41.01 40.8 40.62 40.45 40.35 40.1 39.57 38.98 38.68 38.51 38.33 38.25 38.26 38.36 38.44 38.36 38.31 38.39 38.49 38.54 38.57 38.6 38.61 38.62 38.62 38.64 38.65 38.65 38.62 38.6 38.63 38.65 38.68 38.72 38.77 38.79 38.83 38.88 38.91 38.93 38.97 39.02 39.05 39.08 39.1 39 38.89 38.8 38.74 38.7 38.68 38.64 38.47 38.24 38.11 38.14 38.27 38.43 38.52 38.64 38.73
44.25 44.13 44.05 44.04 43.91 43.76 43.65 43.31 43.13 43.11 43.06 42.89 42.61 42.41 42.22 41.98 41.65 41.41 41.19 41.01 40.83 40.73 40.48 39.93 39.34 39.04 38.78 38.51 38.36 38.34 38.45 38.52 38.43 38.29 38.33 38.47 38.54 38.58 38.61 38.62 38.64 38.65 38.68 38.69 38.67 38.65 38.63 38.65 38.68 38.72 38.76 38.8 38.82 38.87 38.91 38.94 38.97 39.01 39.05 39.08 39.11 39.13 39.01 38.89 38.78 38.72 38.69 38.67 38.64 38.52 38.31 38.18 38.19 38.28 38.41 38.5 38.62 38.71
44.46 44.43 44.41 44.33 44.18 44.06 43.94 43.47 43.24 43.21 43.17 43.06 42.87 42.74 42.56 42.32 42.03 41.81 41.58 41.39 41.21 41.1 40.91 40.43 39.93 39.63 39.22 38.78 38.53 38.46 38.56 38.6 38.52 38.34 38.27 38.41 38.52 38.59 38.65 38.68 38.7 38.72 38.75 38.72 38.72 38.76 38.69 38.68 38.71 38.75 38.8 38.82 38.85 38.9 38.94 38.96 38.99 39.03 39.08 39.1 39.13 39.15 39.01 38.89 38.77 38.71 38.68 38.65 38.62 38.55 38.39 38.28 38.27 38.32 38.39 38.48 38.61 38.7
44.45 44.47 44.49 44.47 44.4 44.33 44.19 43.75 43.55 43.5 43.42 43.33 43.2 43.07 42.9 42.67 42.39 42.2 41.97 41.78 41.6 41.48 41.29 40.92 40.54 40.22 39.68 39.14 38.8 38.66 38.68 38.69 38.59 38.48 38.33 38.42 38.56 38.67 38.83 38.91 38.93 38.86 38.77 38.74 38.8 38.9 38.77 38.69 38.71 38.77 38.82 38.85 38.88 38.92 38.96 38.99 39.02 39.06 39.1 39.12 39.15 39.16 39.01 38.89 38.77 38.7 38.67 38.64 38.61 38.56 38.48 38.38 38.36 38.39 38.43 38.49 38.61 38.68
44.4 44.42 44.44 44.47 44.5 44.5 44.39 44.07 43.94 43.91 43.82 43.67 43.49 43.34 43.2 43 42.75 42.59 42.36 42.15 42 41.87 41.67 41.32 41.02 40.67 40.12 39.6 39.27 39.08 38.94 38.86 38.77 38.83 38.75 38.84 39.01 39.13 39.22 39.23 39.23 38.95 38.74 38.77 38.93 39 38.84 38.7 38.71 38.78 38.83 38.87 38.9 38.94 38.98 39.01 39.04 39.08 39.12 39.14 39.17 39.17 39.01 38.89 38.76 38.69 38.65 38.63 38.6 38.57 38.53 38.46 38.44 38.48 38.5 38.53 38.61 38.66
44.36 44.39 44.43 44.47 44.53 44.56 44.55 44.37 44.31 44.31 44.22 44.02 43.77 43.59 43.45 43.29 43.1 42.97 42.75 42.53 42.39 42.25 42.03 41.67 41.37 41 40.52 40.13 39.97 39.8 39.57 39.39 39.34 39.45 39.41 39.56 39.73 39.73 39.62 39.49 39.41 39.02 38.78 38.85 39.07 39.11 38.9 38.74 38.72 38.78 38.85 38.89 38.92 38.96 39.01 39.03 39.06 39.1 39.15 39.17 39.2 39.18 39.03 38.91 38.75 38.68 38.65 38.62 38.59 38.56 38.54 38.5 38.49 38.51 38.52 38.54 38.59 38.61
44.4 44.42 44.46 44.52 44.58 44.62 44.64 44.58 44.57 44.59 44.51 44.31 44.08 43.89 43.72 43.58 43.46 43.35 43.16 42.94 42.8 42.66 42.41 42.05 41.77 41.44 41.02 40.65 40.55 40.47 40.24 40.03 40.01 40.05 40.06 40.18 40.23 40.13 39.96 39.8 39.68 39.21 38.93 39.03 39.23 39.21 38.97 38.8 38.74 38.78 38.85 38.9 38.94 38.99 39.03 39.06 39.09 39.13 39.17 39.2 39.23 39.19 39.07 38.94 38.76 38.67 38.64 38.61 38.58 38.54 38.52 38.51 38.47 38.41 38.37 38.38 38.42 38.44
44.49 44.49 44.51 44.59 44.66 44.71 44.72 44.69 44.67 44.67 44.62 44.52 44.44 44.29 44.11 43.98 43.9 43.79 43.67 43.47 43.35 43.22 42.9 42.58 42.38 42.12 41.67 41.07 40.85 40.8 40.63 40.43 40.37 40.44 40.56 40.64 40.65 40.53 40.34 40.22 40.09 39.51 39.09 39.14 39.31 39.28 39.05 38.88 38.77 38.79 38.86 38.9 38.95 39.01 39.06 39.08 39.11 39.16 39.2 39.22 39.25 39.2 39.09 38.95 38.76 38.65 38.62 38.6 38.56 38.52 38.51 38.52 38.46 38.34 38.24 38.18 38.18 38.22
44.56 44.55 44.55 44.65 44.75 44.79 44.79 44.72 44.66 44.65 44.65 44.71 44.78 44.76 44.63 44.53 44.53 44.41 44.18 43.96 43.86 43.76 43.46 43.22 43.1 42.92 42.4 41.49 41.13 41.06 40.95 40.8 40.7 40.73 40.87 40.98 41.06 40.97 40.76 40.62 40.49 39.94 39.37 39.25 39.31 39.33 39.13 38.97 38.81 38.79 38.86 38.9 38.95 39.02 39.07 39.1 39.14 39.18 39.22 39.24 39.27 39.2 39.09 38.95 38.76 38.64 38.61 38.58 38.53 38.51 38.51 38.52 38.51 38.39 38.28 38.16 38.07 38.08
44.61 44.59 44.57 44.66 44.74 44.76 44.76 44.69 44.63 44.66 44.74 44.89 44.99 45.04 44.97 44.92 44.96 44.85 44.5 44.31 44.26 44.16 43.97 43.83 43.75 43.64 43.08 41.95 41.44 41.33 41.22 41.13 41 41.02 41.18 41.3 41.41 41.42 41.24 41.08 40.91 40.43 39.84 39.54 39.38 39.38 39.2 39.05 38.87 38.81 38.86 38.9 38.96 39.02 39.07 39.11 39.16 39.21 39.24 39.27 39.3 39.21 39.1 38.96 38.76 38.63 38.59 38.54 38.51 38.51 38.51 38.52 38.52 38.43 38.34 38.21 38.07 38.01
44.55 44.54 44.56 44.56 44.54 44.54 44.53 44.54 44.56 44.65 44.79 44.96 45.03 45.03 45.02 45 44.99 44.89 44.65 44.58 44.58 44.46 44.38 44.33 44.28 44.17 43.52 42.44 41.81 41.58 41.46 41.4 41.29 41.31 41.49 41.61 41.73 41.84 41.72 41.57 41.39 40.89 40.31 39.95 39.62 39.48 39.27 39.13 38.97 38.86 38.87 38.9 38.96 39.03 39.07 39.12 39.18 39.24 39.28 39.31 39.33 39.22 39.1 38.96 38.76 38.61 38.55 38.51 38.5 38.51 38.51 38.52 38.53 38.49 38.41 38.28 38.14 38.05
44.33 44.32 44.37 44.36 44.33 44.34 44.34 44.36 44.41 44.47 44.59 44.79 44.89 44.91 44.93 44.93 44.92 44.84 44.74 44.73 44.72 44.63 44.59 44.6 44.59 44.47 43.71 42.82 42.17 41.79 41.7 41.7 41.6 41.6 41.78 41.9 42.04 42.2 42.18 42.08 41.88 41.27 40.69 40.38 40.03 39.72 39.46 39.3 39.22 39.03 38.92 38.92 38.96 39.03 39.08 39.12 39.19 39.26 39.3 39.33 39.35 39.22 39.1 38.95 38.76 38.58 38.51 38.49 38.5 38.51 38.52 38.52 38.54 38.55 38.49 38.37 38.23 38.15
44.11 44.08 44.14 44.21 44.25 44.28 44.28 44.24 44.23 44.2 44.31 44.53 44.64 44.66 44.66 44.69 44.73 44.74 44.76 44.76 44.74 44.7 44.66 44.65 44.64 44.55 43.83 43.04 42.42 41.97 41.95 42.04 41.93 41.88 42.04 42.17 42.32 42.52 42.61 42.54 42.26 41.57 41.02 40.79 40.56 40.26 40.06 39.86 39.69 39.39 39.17 39.05 39.02 39.06 39.1 39.14 39.2 39.27 39.31 39.35 39.37 39.23 39.11 38.96 38.75 38.57 38.5 38.5 38.5 38.51 38.52 38.53 38.54 38.56 38.54 38.46 38.33 38.25
44.03 43.98 44.05 44.13 44.14 44.19 44.2 44.13 44.08 44.05 44.13 44.3 44.39 44.38 44.35 44.42 44.51 44.56 44.62 44.64 44.64 44.64 44.62 44.6 44.6 44.57 44.02 43.32 42.75 42.21 42.16 42.3 42.25 42.21 42.37 42.5 42.65 42.9 42.99 42.84 42.45 41.83 41.33 41.12 40.96 40.82 40.75 40.56 40.25 39.89 39.65 39.42 39.22 39.15 39.16 39.19 39.25 39.3 39.34 39.38 39.39 39.24 39.12 38.97 38.76 38.58 38.5 38.5 38.52 38.52 38.52 38.53 38.55 38.56 38.57 38.53 38.42 38.33
44 43.95 43.99 44.04 44.02 44.06 44.1 44.05 44 43.96 43.99 44.1 44.19 44.18 44.14 44.22 44.3 44.36 44.44 44.48 44.52 44.55 44.53 44.51 44.52 44.53 44.12 43.61 43.13 42.66 42.54 42.6 42.63 42.77 42.99 43.11 43.25 43.44 43.33 43.04 42.6 42.08 41.7 41.43 41.25 41.23 41.22 41.07 40.76 40.39 40.16 39.92 39.62 39.38 39.29 39.28 39.32 39.39 39.44 39.47 39.43 39.25 39.13 38.97 38.74 38.58 38.5 38.5 38.53 38.54 38.54 38.54 38.55 38.56 38.57 38.58 38.46 38.37
43.98 43.95 43.96 43.98 43.96 43.99 44.01 43.97 43.94 43.89 43.86 43.91 43.98 43.98 43.96 44.02 44.08 44.15 44.24 44.3 44.37 44.43 44.4 44.36 44.39 44.4 44.06 43.69 43.45 43.39 43.44 43.45 43.39 43.55 43.78 43.88 43.95 43.97 43.75 43.4 42.89 42.39 42.09 41.85 41.67 41.7 41.74 41.6 41.27 40.9 40.67 40.42 40.1 39.78 39.61 39.48 39.43 39.53 39.61 39.6 39.46 39.25 39.11 38.92 38.7 38.56 38.49 38.5 38.54 38.56 38.56 38.56 38.55 38.55 38.56 38.58 38.47 38.38
43.96 43.94 43.93 43.91 43.89 43.92 43.92 43.86 43.83 43.79 43.75 43.77 43.8 43.78 43.78 43.81 43.86 43.94 44.02 44.07 44.15 44.22 44.2 44.15 44.17 44.12 43.83 43.63 43.6 43.8 44.15 44.3 44.33 44.37 44.44 44.41 44.33 44.25 44.11 43.78 43.23 42.69 42.37 42.19 42.08 42.15 42.24 42.13 41.8 41.41 41.18 40.92 40.59 40.25 40.06 39.86 39.67 39.69 39.73 39.69 39.43 39.21 39.05 38.84 38.64 38.53 38.5 38.51 38.54 38.56 38.55 38.54 38.54 38.53 38.54 38.57 38.49 38.43
43.92 43.88 43.85 43.81 43.79 43.85 43.82 43.75 43.71 43.67 43.65 43.66 43.63 43.61 43.61 43.62 43.66 43.75 43.8 43.84 43.89 43.99 44.01 43.97 43.97 43.83 43.65 43.61 43.63 43.76 44.13 44.4 44.7 44.83 44.79 44.67 44.47 44.39 44.31 44.05 43.54 42.94 42.59 42.42 42.43 42.58 42.69 42.65 42.34 41.95 41.71 41.44 41.09 40.75 40.56 40.32 40.03 39.9 39.84 39.77 39.39 39.13 38.96 38.75 38.61 38.56 38.54 38.54 38.54 38.53 38.5 38.49 38.49 38.49 38.51 38.55 38.52 38.48
43.89 43.82 43.73 43.7 43.71 43.77 43.72 43.64 43.59 43.55 43.54 43.56 43.46 43.37 43.41 43.47 43.52 43.58 43.62 43.65 43.67 43.81 43.86 43.85 43.83 43.69 43.64 43.65 43.67 43.75 43.98 44.24 44.59 44.8 44.81 44.74 44.54 44.52 44.55 44.38 43.89 43.31 42.95 42.78 42.84 43.02 43.12 43.16 42.89 42.49 42.26 41.97 41.6 41.26 41.05 40.8 40.47 40.29 40.11 39.91 39.42 39.1 38.88 38.72 38.66 38.65 38.62 38.65 38.62 38.56 38.48 38.43 38.42 38.43 38.47 38.54 38.55 38.51
43.9 43.86 43.73 43.65 43.65 43.68 43.61 43.52 43.42 43.36 43.36 43.38 43.28 43.18 43.26 43.36 43.44 43.49 43.51 43.51 43.49 43.6 43.68 43.7 43.68 43.65 43.66 43.69 43.71 43.76 43.83 44.07 44.41 44.63 44.68 44.65 44.55 44.65 44.76 44.68 44.3 43.82 43.53 43.28 43.29 43.45 43.54 43.64 43.43 43.07 42.83 42.52 42.13 41.82 41.57 41.27 40.95 40.84 40.59 40.24 39.7 39.3 38.95 38.8 38.75 38.74 38.76 38.84 38.79 38.72 38.6 38.49 38.42 38.39 38.44 38.51 38.54 38.52
43.83 43.86 43.73 43.59 43.56 43.55 43.46 43.36 43.23 43.16 43.16 43.18 43.14 43.12 43.21 43.3 43.37 43.39 43.39 43.39 43.41 43.45 43.51 43.54 43.54 43.6 43.65 43.69 43.72 43.76 43.8 43.97 44.24 44.45 44.54 44.52 44.52 44.73 44.86 44.86 44.69 44.36 44.17 43.85 43.77 43.9 43.98 44.09 43.99 43.72 43.46 43.09 42.64 42.34 42.07 41.77 41.48 41.36 41.07 40.68 40.15 39.76 39.28 38.96 38.87 38.87 38.96 39.05 39 38.95 38.84 38.68 38.54 38.44 38.43 38.48 38.51 38.51
43.57 43.63 43.52 43.43 43.4 43.36 43.22 43.15 43.07 43 43.01 43.04 43.04 43.05 43.09 43.11 43.16 43.14 43.16 43.21 43.28 43.37 43.42 43.41 43.42 43.51 43.59 43.64 43.7 43.74 43.78 43.9 44.13 44.35 44.44 44.46 44.53 44.74 44.87 44.91 44.92 44.78 44.7 44.42 44.29 44.38 44.44 44.54 44.59 44.44 44.14 43.67 43.13 42.78 42.44 42.13 41.85 41.68 41.41 41.03 40.57 40.22 39.76 39.3 39.1 39.09 39.17 39.24 39.21 39.17 39.07 38.9 38.74 38.58 38.46 38.48 38.52 38.54
43.26 43.27 43.23 43.22 43.21 43.13 42.92 42.84 42.84 42.85 42.9 42.93 42.96 42.93 42.87 42.81 42.84 42.87 42.9 42.95 43.05 43.2 43.29 43.26 43.29 43.4 43.49 43.56 43.64 43.71 43.77 43.9 44.09 44.28 44.37 44.43 44.54 44.73 44.85 44.89 44.97 45.01 45 44.92 44.84 44.88 44.9 44.93 44.97 44.88 44.57 44.07 43.51 43.16 42.77 42.37 42.08 41.94 41.7 41.34 40.88 40.55 40.21 39.83 39.54 39.43 39.41 39.44 39.42 39.38 39.3 39.11 38.96 38.8 38.63 38.62 38.65 38.65
43.16 43.08 43.04 43.03 43.03 42.87 42.64 42.58 42.63 42.72 42.81 42.85 42.87 42.78 42.67 42.59 42.6 42.65 42.69 42.75 42.87 43.01 43.07 43.1 43.18 43.31 43.39 43.47 43.58 43.71 43.8 43.94 44.08 44.2 44.29 44.36 44.51 44.62 44.66 44.7 44.83 44.95 45.04 45.12 45.15 45.16 45.14 45.08 45.02 44.96 44.7 44.24 43.72 43.41 43.18 42.79 42.47 42.3 42.04 41.59 41.09 40.77 40.57 40.37 40.15 39.98 39.78 39.69 39.65 39.62 39.57 39.34 39.18 39.05 38.9 38.84 38.84 38.82
43.21 43.04 42.93 42.91 42.89 42.7 42.52 42.49 42.54 42.62 42.7 42.74 42.75 42.67 42.57 42.5 42.47 42.52 42.58 42.65 42.76 42.84 42.88 42.96 43.09 43.24 43.34 43.44 43.55 43.69 43.81 43.95 44.04 44.1 44.16 44.21 44.28 44.31 44.32 44.4 44.55 44.68 44.88 44.99 45.07 45.13 45.11 45.05 45.01 44.98 44.8 44.37 43.9 43.64 43.7 43.4 42.97 42.7 42.43 41.89 41.35 41.04 40.89 40.8 40.68 40.53 40.3 40.06 39.96 39.93 39.87 39.6 39.37 39.2 39.07 39 38.99 38.98
