slabs/12.grd
DSAA
631 301
642630 643260
4946300 4946600
35.21 49.7
[rows 34 to 67 of 301, columns 234 to 311 of 631]
45.38 45.34 45.34 45.31 45.26 45.29 45.48 45.7 45.81 45.75 45.9 46.04 46.06 46 45.87 45.64 45.48 45.24 45.16 45.2 45.23 45.24 45.24 45.23 45.16 45.05 45.12 45.21 45.1 44.99 44.98 45.04 45.12 45.16 45.21 45.25 45.3 45.3 45.19 45.11 45.06 45 44.95 44.96 45.14 45.25 45.26 45.31 45.24 45.1 45.04 44.94 44.83 44.81 44.8 44.85 44.82 44.78 44.77 44.75 44.76 44.76 44.77 44.75 44.75 44.77 44.78 44.81 44.82 44.83 44.83 44.83 44.88 44.92 44.94 45.03 45.13 45.19
45.3 45.29 45.31 45.28 45.25 45.36 45.57 45.84 46 45.9 45.94 46.06 46.06 45.93 45.77 45.61 45.51 45.35 45.26 45.25 45.24 45.18 45.17 45.18 45.16 45.11 45.15 45.2 45.13 45.06 45.08 45.15 45.24 45.31 45.35 45.39 45.42 45.4 45.29 45.22 45.17 45.12 45.08 45.15 45.4 45.57 45.6 45.62 45.54 45.44 45.43 45.36 45.25 45.28 45.2 45.17 45.1 44.99 44.92 44.85 44.83 44.81 44.79 44.75 44.75 44.76 44.76 44.77 44.8 44.82 44.83 44.81 44.84 44.86 44.85 44.89 44.92 44.95
45.19 45.17 45.18 45.22 45.27 45.41 45.63 45.85 45.96 45.86 45.86 45.93 45.93 45.81 45.69 45.6 45.59 45.51 45.34 45.23 45.14 45.08 45.1 45.13 45.14 45.18 45.25 45.29 45.25 45.17 45.19 45.25 45.33 45.42 45.46 45.49 45.52 45.49 45.4 45.33 45.29 45.24 45.2 45.26 45.5 45.66 45.7 45.73 45.77 45.75 45.75 45.74 45.74 45.81 45.75 45.64 45.46 45.23 45.08 45.01 44.98 44.95 44.92 44.9 44.87 44.85 44.83 44.8 44.81 44.83 44.83 44.83 44.84 44.85 44.84 44.87 44.9 44.91
45.21 45.13 45.11 45.22 45.3 45.45 45.66 45.81 45.86 45.81 45.77 45.75 45.75 45.69 45.63 45.58 45.62 45.63 45.43 45.26 45.11 45.04 45.07 45.11 45.15 45.28 45.4 45.44 45.43 45.34 45.33 45.37 45.4 45.47 45.53 45.56 45.58 45.56 45.5 45.44 45.44 45.37 45.28 45.26 45.38 45.5 45.55 45.63 45.8 45.9 45.89 45.87 45.92 46.03 46.05 45.92 45.63 45.34 45.2 45.16 45.13 45.1 45.06 45.11 45.09 45.04 44.97 44.91 44.88 44.88 44.88 44.88 44.86 44.86 44.86 44.88 44.92 44.94
45.26 45.16 45.13 45.25 45.33 45.46 45.61 45.73 45.78 45.75 45.63 45.52 45.49 45.49 45.52 45.52 45.57 45.64 45.51 45.35 45.2 45.09 45.08 45.11 45.2 45.38 45.53 45.6 45.61 45.55 45.54 45.56 45.58 45.57 45.62 45.65 45.64 45.62 45.59 45.51 45.52 45.43 45.29 45.2 45.2 45.3 45.36 45.49 45.7 45.87 45.9 45.89 46 46.14 46.18 46 45.7 45.44 45.35 45.31 45.25 45.2 45.17 45.23 45.27 45.22 45.13 45.05 44.99 44.96 44.97 44.97 44.95 44.94 44.94 44.95 44.95 44.95
45.34 45.22 45.15 45.24 45.31 45.41 45.53 45.63 45.69 45.64 45.45 45.32 45.24 45.26 45.35 45.4 45.49 45.59 45.55 45.45 45.33 45.19 45.13 45.14 45.26 45.47 45.65 45.73 45.74 45.74 45.78 45.8 45.81 45.76 45.77 45.77 45.69 45.67 45.64 45.56 45.53 45.42 45.28 45.18 45.16 45.27 45.36 45.5 45.67 45.8 45.84 45.89 46.01 46.11 46.13 46.01 45.75 45.56 45.49 45.42 45.35 45.3 45.28 45.32 45.36 45.33 45.25 45.19 45.12 45.06 45.07 45.08 45.08 45.07 45.07 45.08 45.05 45.04
45.44 45.31 45.18 45.18 45.22 45.31 45.43 45.52 45.59 45.5 45.29 45.16 45.1 45.17 45.27 45.34 45.45 45.56 45.55 45.51 45.42 45.32 45.24 45.22 45.34 45.55 45.71 45.78 45.8 45.86 45.94 45.95 45.91 45.88 45.88 45.84 45.74 45.68 45.65 45.61 45.58 45.47 45.35 45.27 45.27 45.41 45.5 45.61 45.72 45.8 45.83 45.85 45.89 45.94 45.97 45.92 45.79 45.67 45.6 45.51 45.44 45.41 45.39 45.41 45.43 45.41 45.37 45.33 45.24 45.17 45.18 45.21 45.23 45.23 45.22 45.26 45.26 45.26
45.46 45.36 45.2 45.11 45.13 45.21 45.33 45.41 45.49 45.38 45.19 45.1 45.08 45.19 45.32 45.39 45.49 45.58 45.57 45.53 45.44 45.42 45.39 45.36 45.47 45.63 45.71 45.75 45.79 45.87 45.91 45.93 45.86 45.84 45.86 45.85 45.75 45.68 45.66 45.63 45.67 45.6 45.52 45.44 45.43 45.55 45.62 45.69 45.74 45.8 45.84 45.8 45.78 45.82 45.86 45.86 45.81 45.75 45.67 45.6 45.54 45.52 45.5 45.5 45.5 45.48 45.49 45.48 45.37 45.28 45.32 45.36 45.4 45.42 45.42 45.44 45.44 45.46
45.43 45.35 45.19 45.08 45.07 45.14 45.25 45.32 45.4 45.35 45.21 45.13 45.13 45.27 45.4 45.45 45.59 45.68 45.63 45.56 45.45 45.45 45.47 45.49 45.59 45.69 45.73 45.74 45.76 45.81 45.83 45.86 45.79 45.81 45.83 45.82 45.73 45.68 45.68 45.68 45.74 45.71 45.67 45.57 45.48 45.59 45.7 45.75 45.74 45.76 45.81 45.79 45.79 45.83 45.88 45.91 45.87 45.82 45.76 45.68 45.62 45.61 45.6 45.58 45.57 45.54 45.58 45.6 45.51 45.42 45.44 45.49 45.54 45.59 45.59 45.56 45.53 45.53
45.45 45.34 45.17 45.06 45.04 45.13 45.22 45.26 45.32 45.33 45.27 45.24 45.26 45.42 45.52 45.53 45.64 45.75 45.71 45.64 45.52 45.43 45.42 45.51 45.65 45.72 45.73 45.69 45.72 45.77 45.79 45.8 45.78 45.82 45.85 45.81 45.73 45.7 45.71 45.74 45.79 45.77 45.76 45.61 45.43 45.45 45.64 45.79 45.77 45.75 45.79 45.79 45.77 45.81 45.91 45.96 45.95 45.93 45.85 45.69 45.6 45.59 45.6 45.59 45.55 45.52 45.59 45.63 45.56 45.5 45.5 45.52 45.54 45.58 45.6 45.6 45.59 45.57
45.49 45.38 45.19 45.05 45.02 45.15 45.23 45.24 45.27 45.29 45.31 45.32 45.35 45.51 45.62 45.63 45.67 45.75 45.76 45.71 45.53 45.38 45.34 45.44 45.6 45.66 45.66 45.65 45.7 45.76 45.77 45.77 45.77 45.81 45.83 45.82 45.76 45.74 45.75 45.79 45.82 45.82 45.8 45.62 45.39 45.29 45.51 45.77 45.8 45.78 45.79 45.76 45.71 45.71 45.83 45.89 45.9 45.92 45.82 45.62 45.51 45.49 45.5 45.47 45.43 45.43 45.52 45.56 45.5 45.47 45.48 45.45 45.44 45.46 45.49 45.55 45.58 45.58
45.52 45.43 45.22 45.06 45.05 45.19 45.26 45.27 45.29 45.29 45.3 45.32 45.33 45.48 45.61 45.63 45.69 45.75 45.74 45.67 45.47 45.35 45.32 45.37 45.45 45.54 45.59 45.64 45.72 45.75 45.74 45.73 45.74 45.8 45.84 45.85 45.82 45.81 45.81 45.81 45.83 45.85 45.84 45.66 45.43 45.27 45.39 45.64 45.74 45.76 45.74 45.71 45.67 45.64 45.7 45.72 45.74 45.81 45.73 45.57 45.49 45.46 45.44 45.38 45.35 45.39 45.45 45.49 45.45 45.42 45.41 45.38 45.36 45.36 45.4 45.46 45.5 45.53
45.53 45.4 45.2 45.07 45.1 45.23 45.3 45.32 45.34 45.32 45.31 45.31 45.32 45.43 45.55 45.59 45.66 45.72 45.7 45.64 45.5 45.38 45.35 45.33 45.33 45.43 45.53 45.62 45.69 45.71 45.69 45.66 45.69 45.76 45.82 45.85 45.88 45.9 45.9 45.84 45.83 45.86 45.87 45.76 45.56 45.41 45.27 45.38 45.55 45.62 45.64 45.65 45.62 45.61 45.64 45.63 45.64 45.72 45.67 45.57 45.52 45.49 45.47 45.41 45.35 45.41 45.44 45.45 45.44 45.4 45.38 45.34 45.3 45.29 45.37 45.4 45.42 45.44
45.53 45.36 45.15 45.06 45.08 45.19 45.29 45.33 45.35 45.34 45.31 45.31 45.33 45.46 45.53 45.57 45.63 45.68 45.67 45.61 45.54 45.43 45.37 45.27 45.24 45.37 45.5 45.6 45.64 45.68 45.68 45.64 45.66 45.71 45.75 45.8 45.9 45.98 45.98 45.89 45.84 45.83 45.85 45.83 45.73 45.59 45.29 45.27 45.43 45.5 45.57 45.59 45.57 45.58 45.63 45.65 45.66 45.65 45.59 45.54 45.51 45.48 45.48 45.45 45.39 45.41 45.42 45.43 45.43 45.4 45.38 45.33 45.28 45.26 45.36 45.37 45.36 45.37
45.45 45.34 45.14 45.04 45.02 45.12 45.25 45.31 45.34 45.32 45.29 45.29 45.35 45.51 45.58 45.59 45.59 45.62 45.61 45.55 45.5 45.44 45.37 45.21 45.17 45.33 45.47 45.54 45.59 45.65 45.68 45.68 45.68 45.7 45.68 45.74 45.82 45.88 45.89 45.86 45.82 45.8 45.79 45.84 45.8 45.69 45.41 45.29 45.39 45.49 45.58 45.62 45.6 45.59 45.63 45.68 45.67 45.61 45.51 45.46 45.45 45.44 45.45 45.44 45.43 45.45 45.43 45.41 45.4 45.38 45.37 45.34 45.31 45.28 45.37 45.37 45.34 45.33
45.26 45.23 45.09 44.99 44.94 45.07 45.19 45.28 45.32 45.31 45.28 45.26 45.33 45.52 45.61 45.61 45.56 45.55 45.53 45.46 45.4 45.39 45.35 45.18 45.09 45.24 45.37 45.44 45.51 45.57 45.6 45.62 45.63 45.63 45.61 45.66 45.67 45.67 45.71 45.77 45.78 45.78 45.77 45.82 45.8 45.71 45.48 45.24 45.27 45.4 45.6 45.7 45.7 45.68 45.68 45.66 45.62 45.54 45.43 45.38 45.37 45.38 45.4 45.42 45.43 45.46 45.47 45.43 45.39 45.37 45.37 45.35 45.35 45.33 45.36 45.37 45.36 45.33
45.11 45.11 45.04 44.91 44.84 44.97 45.06 45.17 45.27 45.28 45.27 45.22 45.29 45.47 45.58 45.59 45.54 45.5 45.46 45.4 45.33 45.32 45.3 45.16 45.04 45.1 45.18 45.28 45.39 45.45 45.48 45.51 45.53 45.53 45.54 45.56 45.58 45.59 45.65 45.72 45.74 45.74 45.76 45.81 45.79 45.73 45.55 45.34 45.28 45.33 45.58 45.72 45.76 45.76 45.72 45.64 45.57 45.49 45.38 45.32 45.3 45.33 45.38 45.41 45.42 45.45 45.49 45.47 45.43 45.41 45.36 45.32 45.33 45.34 45.34 45.36 45.41 45.39
45.03 45.07 45.07 44.92 44.79 44.82 44.9 45.02 45.13 45.2 45.22 45.21 45.25 45.37 45.46 45.47 45.47 45.46 45.43 45.39 45.29 45.26 45.26 45.17 45.09 45.06 45.06 45.16 45.28 45.35 45.4 45.46 45.47 45.48 45.49 45.53 45.58 45.63 45.7 45.7 45.69 45.69 45.74 45.79 45.78 45.76 45.63 45.48 45.38 45.32 45.5 45.66 45.73 45.78 45.73 45.62 45.54 45.45 45.35 45.28 45.26 45.3 45.37 45.42 45.43 45.45 45.48 45.49 45.48 45.42 45.3 45.25 45.3 45.3 45.3 45.32 45.39 45.44
44.98 45.09 45.14 45.01 44.83 44.76 44.83 44.91 44.99 45.08 45.15 45.21 45.21 45.24 45.3 45.31 45.34 45.37 45.37 45.34 45.23 45.21 45.22 45.18 45.12 45.09 45.05 45.12 45.24 45.29 45.34 45.36 45.38 45.39 45.41 45.52 45.61 45.7 45.77 45.7 45.66 45.66 45.69 45.73 45.75 45.76 45.7 45.56 45.39 45.26 45.39 45.56 45.65 45.73 45.7 45.6 45.52 45.43 45.33 45.26 45.24 45.27 45.33 45.38 45.4 45.42 45.44 45.43 45.43 45.35 45.22 45.2 45.27 45.27 45.27 45.29 45.33 45.4
44.98 45.16 45.22 45.16 44.98 44.83 44.82 44.86 44.91 44.95 45 45.13 45.18 45.2 45.23 45.22 45.25 45.25 45.24 45.24 45.21 45.22 45.19 45.12 45.07 45.04 45.05 45.13 45.21 45.24 45.26 45.25 45.28 45.32 45.37 45.49 45.54 45.6 45.67 45.67 45.65 45.65 45.66 45.69 45.69 45.72 45.73 45.6 45.43 45.22 45.28 45.45 45.55 45.62 45.62 45.55 45.48 45.42 45.35 45.29 45.29 45.27 45.26 45.33 45.39 45.37 45.37 45.36 45.36 45.35 45.28 45.29 45.34 45.31 45.27 45.25 45.26 45.33
45.01 45.19 45.26 45.27 45.14 44.96 44.87 44.83 44.83 44.85 44.87 44.99 45.16 45.22 45.22 45.18 45.17 45.16 45.17 45.19 45.22 45.26 45.16 45.04 44.99 45 45.07 45.16 45.19 45.18 45.13 45.11 45.19 45.26 45.35 45.45 45.37 45.31 45.41 45.61 45.67 45.69 45.71 45.7 45.65 45.67 45.72 45.63 45.48 45.28 45.24 45.34 45.43 45.5 45.5 45.43 45.39 45.43 45.48 45.46 45.43 45.34 45.26 45.32 45.4 45.35 45.36 45.38 45.32 45.42 45.45 45.47 45.46 45.4 45.29 45.19 45.18 45.25
44.98 45.12 45.19 45.22 45.17 45.03 44.93 44.81 44.75 44.78 44.81 44.88 45.08 45.19 45.2 45.12 45.11 45.12 45.14 45.16 45.21 45.24 45.14 44.96 44.93 44.98 45.08 45.16 45.14 45.09 44.98 45 45.11 45.19 45.3 45.39 45.24 45.13 45.31 45.58 45.69 45.71 45.74 45.72 45.64 45.64 45.68 45.6 45.5 45.37 45.25 45.23 45.29 45.37 45.37 45.33 45.32 45.45 45.64 45.66 45.58 45.46 45.37 45.39 45.43 45.38 45.41 45.47 45.41 45.49 45.56 45.55 45.53 45.47 45.32 45.18 45.15 45.16
44.92 45.07 45.16 45.16 45.11 45.02 44.96 44.88 44.8 44.81 44.83 44.84 44.94 45.05 45.11 45.05 45.04 45.07 45.09 45.1 45.13 45.13 45.08 44.96 44.9 44.91 45.01 45.09 45.05 45.01 44.86 44.95 45.1 45.18 45.27 45.31 45.2 45.15 45.36 45.57 45.62 45.64 45.7 45.7 45.63 45.6 45.57 45.5 45.43 45.38 45.28 45.16 45.15 45.26 45.29 45.29 45.3 45.46 45.68 45.73 45.64 45.54 45.51 45.52 45.5 45.45 45.5 45.57 45.53 45.52 45.53 45.53 45.54 45.51 45.33 45.19 45.15 45.13
44.96 45.13 45.21 45.14 45.05 45.01 44.98 44.99 44.96 44.95 44.94 44.88 44.84 44.87 44.92 44.92 44.91 44.93 44.97 44.99 45.01 45.01 45.01 44.95 44.85 44.79 44.88 44.99 44.98 44.96 44.87 44.98 45.1 45.18 45.25 45.22 45.15 45.2 45.42 45.53 45.5 45.52 45.61 45.61 45.56 45.53 45.48 45.41 45.37 45.34 45.25 45.09 45 45.17 45.25 45.27 45.29 45.42 45.59 45.65 45.59 45.57 45.6 45.61 45.58 45.53 45.58 45.62 45.56 45.48 45.46 45.47 45.49 45.46 45.3 45.2 45.15 45.13
45.03 45.11 45.17 45.1 45.02 44.97 44.95 45 45 44.97 44.96 44.88 44.78 44.76 44.78 44.81 44.8 44.79 44.84 44.89 44.91 44.92 44.93 44.88 44.76 44.69 44.78 44.93 44.94 44.94 44.94 45.02 45.08 45.12 45.15 45.09 45.07 45.18 45.39 45.45 45.4 45.46 45.57 45.55 45.51 45.48 45.44 45.38 45.34 45.3 45.18 45.03 44.95 45.1 45.19 45.22 45.24 45.32 45.44 45.49 45.51 45.56 45.62 45.63 45.6 45.58 45.66 45.7 45.64 45.54 45.49 45.47 45.46 45.42 45.33 45.24 45.17 45.13
45.02 45.02 45.07 45.07 44.97 44.88 44.86 44.91 44.88 44.85 44.87 44.83 44.75 44.72 44.73 44.76 44.74 44.71 44.8 44.9 44.9 44.88 44.85 44.81 44.75 44.7 44.75 44.91 44.96 44.95 44.98 45.05 45.05 45.02 45 44.97 44.98 45.04 45.23 45.34 45.34 45.44 45.55 45.49 45.41 45.37 45.34 45.31 45.29 45.25 45.14 45.04 44.98 45.01 45.08 45.1 45.13 45.21 45.33 45.39 45.46 45.53 45.57 45.57 45.53 45.59 45.74 45.81 45.77 45.69 45.63 45.6 45.54 45.49 45.45 45.37 45.25 45.18
45.01 44.98 45 45 44.88 44.77 44.77 44.79 44.72 44.68 44.71 44.76 44.73 44.72 44.72 44.73 44.72 44.71 44.85 44.98 44.97 44.93 44.85 44.79 44.78 44.76 44.76 44.88 44.93 44.94 45 45.07 45.05 45 44.96 44.95 44.96 44.94 45.05 45.21 45.26 45.35 45.4 45.29 45.19 45.18 45.2 45.23 45.26 45.2 45.1 45.03 44.95 44.91 44.96 44.98 45.03 45.14 45.28 45.36 45.44 45.51 45.49 45.46 45.43 45.57 45.79 45.89 45.88 45.83 45.78 45.75 45.69 45.63 45.6 45.58 45.46 45.33
45.06 45.03 44.98 44.9 44.79 44.71 44.71 44.71 44.61 44.57 44.61 44.69 44.71 44.71 44.72 44.74 44.77 44.78 44.9 45.04 45.1 45.1 45 44.83 44.76 44.74 44.73 44.81 44.86 44.91 45.01 45.06 45.05 45.02 44.98 44.96 44.97 44.98 44.99 45.05 45.09 45.14 45.15 45.08 45.03 45.05 45.11 45.17 45.22 45.18 45.08 45.02 44.95 44.89 44.89 44.89 44.95 45.08 45.25 45.35 45.42 45.48 45.41 45.34 45.37 45.53 45.76 45.87 45.88 45.86 45.82 45.83 45.83 45.83 45.84 45.82 45.71 45.53
45.09 45.08 44.98 44.85 44.77 44.72 44.72 44.69 44.61 44.59 44.63 44.68 44.7 44.7 44.75 44.82 44.89 44.92 44.93 45.03 45.14 45.2 45.14 44.89 44.73 44.64 44.67 44.75 44.81 44.88 44.97 45.01 45.01 44.99 44.96 44.94 44.95 44.98 44.95 44.91 44.92 44.95 44.98 44.98 44.98 45 45.06 45.13 45.18 45.15 45.06 45 44.96 44.93 44.87 44.86 44.9 45.03 45.22 45.34 45.4 45.43 45.33 45.25 45.31 45.43 45.57 45.66 45.7 45.72 45.71 45.78 45.89 45.98 46.03 45.98 45.83 45.63
45.06 45.06 44.99 44.87 44.79 44.76 44.75 44.71 44.66 44.67 44.69 44.71 44.73 44.75 44.81 44.93 45.01 45.02 44.94 44.97 45.03 45.07 45.04 44.86 44.72 44.62 44.66 44.71 44.75 44.82 44.89 44.93 44.95 44.94 44.93 44.92 44.93 44.95 44.89 44.81 44.81 44.84 44.9 44.94 44.96 44.95 45.01 45.09 45.13 45.1 45.04 45 44.99 44.97 44.88 44.86 44.87 44.98 45.19 45.32 45.37 45.34 45.25 45.16 45.2 45.27 45.33 45.4 45.47 45.53 45.57 45.66 45.77 45.88 45.95 45.94 45.8 45.61
44.99 44.98 44.97 44.9 44.82 44.78 44.72 44.68 44.69 44.73 44.74 44.73 44.76 44.78 44.83 44.94 44.98 44.99 44.91 44.87 44.88 44.88 44.82 44.71 44.67 44.65 44.66 44.66 44.69 44.75 44.8 44.83 44.85 44.86 44.87 44.88 44.9 44.93 44.85 44.75 44.74 44.8 44.88 44.93 44.95 44.9 44.94 45.03 45.06 45.05 45 44.98 45 44.97 44.88 44.84 44.82 44.89 45.07 45.21 45.31 45.27 45.19 45.09 45.11 45.16 45.19 45.21 45.29 45.39 45.44 45.47 45.49 45.6 45.7 45.75 45.65 45.5
44.97 44.92 44.9 44.88 44.83 44.79 44.69 44.64 44.7 44.74 44.76 44.72 44.7 44.69 44.72 44.8 44.82 44.87 44.85 44.82 44.82 44.81 44.71 44.66 44.68 44.68 44.66 44.62 44.63 44.67 44.7 44.73 44.74 44.77 44.8 44.82 44.84 44.88 44.83 44.76 44.77 44.84 44.91 44.94 44.94 44.85 44.86 44.94 44.99 44.96 44.91 44.88 44.9 44.91 44.86 44.82 44.79 44.8 44.87 45.01 45.23 45.23 45.14 45.04 45.11 45.17 45.18 45.15 45.19 45.25 45.29 45.27 45.22 45.28 45.37 45.44 45.44 45.39
44.97 44.9 44.8 44.8 44.81 44.79 44.73 44.71 44.73 44.76 44.79 44.73 44.69 44.66 44.65 44.65 44.63 44.68 44.75 44.78 44.78 44.78 44.72 44.78 44.83 44.79 44.67 44.57 44.55 44.58 44.61 44.64 44.66 44.69 44.72 44.74 44.76 44.8 44.83 44.82 44.83 44.88 44.92 44.92 44.89 44.81 44.81 44.85 44.89 44.85 44.8 44.78 44.81 44.86 44.84 44.81 44.78 44.77 44.75 44.85 45.12 45.15 45.06 45.01 45.11 45.18 45.19 45.18 45.16 45.14 45.13 45.13 45.04 45.02 45.08 45.17 45.24 45.26
44.95 44.89 44.77 44.76 44.78 44.76 44.75 44.78 44.8 44.82 44.83 44.8 44.77 44.74 44.67 44.58 44.53 44.55 44.62 44.69 44.72 44.72 44.71 44.9 45 44.92 44.71 44.53 44.48 44.5 44.53 44.56 44.59 44.62 44.66 44.69 44.71 44.75 44.82 44.85 44.86 44.88 44.86 44.84 44.81 44.76 44.78 44.8 44.79 44.75 44.73 44.73 44.76 44.82 44.83 44.81 44.79 44.78 44.79 44.84 44.96 44.99 44.94 44.96 45.08 45.14 45.16 45.18 45.11 45.05 45.04 44.99 44.89 44.87 44.93 45.05 45.15 45.18
