slabs/13.grd
DSAA
631 301
642630 643260
4946600 4946900
34.28 49.72
[rows 68 to 101 of 300, columns 390 to 467 of 631]
44.19 44.09 44.04 44.05 44.06 44.03 44 44 44.02 44.06 44.13 44.11 44.03 43.91 43.89 43.93 43.95 44.01 44.08 44.04 43.99 43.92 43.82 43.72 43.68 43.67 43.67 43.62 43.56 43.57 43.53 43.5 43.52 43.57 43.42 43.3 43.23 43.17 43.06 42.96 42.85 42.81 42.94 43.02 43.03 42.99 42.95 42.88 42.84 42.9 42.97 43.03 43.09 43.06 43.13 43.16 43.16 43.2 43.3 43.35 43.42 43.47 43.47 43.5 43.54 43.53 43.56 43.7 43.81 43.87 43.91 44.03 44.22 44.33 44.39 44.34 44.3 44.31
44.26 44.12 44.03 44.07 44.11 44.1 44.08 44.07 44.07 44.11 44.16 44.12 44.04 43.93 43.92 43.95 43.95 43.99 44.06 44.05 44.03 43.98 43.9 43.83 43.8 43.79 43.73 43.65 43.6 43.66 43.7 43.69 43.7 43.73 43.53 43.39 43.25 43.12 43.04 42.98 42.91 42.89 43.04 43.14 43.1 43.07 43.08 43.01 42.93 42.97 43.04 43.14 43.22 43.24 43.26 43.27 43.26 43.3 43.43 43.49 43.56 43.59 43.57 43.54 43.57 43.61 43.66 43.76 43.86 43.94 44.01 44.14 44.3 44.37 44.41 44.4 44.37 44.4
44.27 44.16 44.07 44.09 44.14 44.15 44.14 44.13 44.12 44.15 44.15 44.07 44 43.94 43.93 43.96 43.95 43.98 44.06 44.12 44.11 44 43.98 43.97 43.96 43.9 43.85 43.82 43.75 43.81 43.88 43.9 43.95 43.95 43.76 43.61 43.4 43.15 43.08 43.11 43.07 43.08 43.23 43.28 43.25 43.22 43.22 43.22 43.16 43.19 43.25 43.34 43.38 43.4 43.44 43.51 43.54 43.57 43.66 43.69 43.73 43.72 43.69 43.63 43.66 43.73 43.82 43.87 43.95 44.04 44.14 44.28 44.4 44.43 44.44 44.44 44.42 44.44
44.3 44.23 44.18 44.17 44.17 44.19 44.18 44.15 44.16 44.16 44.09 43.99 43.94 43.93 43.95 43.97 43.98 44.02 44.1 44.19 44.18 44 44.01 44.07 44.09 44.06 44.07 44.07 43.99 43.99 44.02 44.03 44.1 44.13 43.95 43.79 43.57 43.35 43.31 43.36 43.37 43.4 43.48 43.48 43.48 43.48 43.46 43.46 43.46 43.47 43.48 43.5 43.49 43.52 43.59 43.77 43.89 43.91 43.93 43.9 43.88 43.84 43.83 43.78 43.79 43.84 43.93 44 44.07 44.12 44.23 44.38 44.44 44.44 44.45 44.47 44.47 44.47
44.37 44.31 44.31 44.31 44.29 44.26 44.23 44.2 44.21 44.17 44.04 43.94 43.91 43.94 44 44.01 44.03 44.12 44.15 44.17 44.14 44.02 44.04 44.1 44.14 44.2 44.2 44.16 44.13 44.1 44.1 44.1 44.14 44.2 44.07 43.95 43.78 43.66 43.64 43.64 43.66 43.69 43.71 43.72 43.81 43.85 43.79 43.73 43.73 43.67 43.63 43.62 43.6 43.67 43.75 43.94 44.14 44.15 44.11 44.05 44 43.96 43.95 43.91 43.88 43.88 43.96 44.08 44.15 44.19 44.28 44.4 44.43 44.43 44.43 44.46 44.46 44.47
44.39 44.34 44.34 44.38 44.38 44.32 44.28 44.26 44.26 44.14 43.98 43.93 43.92 43.97 44.02 44.02 44.06 44.14 44.13 44.1 44.07 44.02 44.05 44.11 44.14 44.22 44.21 44.16 44.14 44.14 44.13 44.11 44.12 44.19 44.17 44.13 44.04 43.95 43.9 43.85 43.82 43.84 43.85 43.92 44.08 44.15 44.06 43.99 43.91 43.79 43.75 43.77 43.78 43.86 43.94 44.03 44.17 44.2 44.16 44.09 44.06 44.04 44 43.94 43.9 43.88 43.96 44.13 44.19 44.23 44.3 44.4 44.42 44.42 44.41 44.41 44.42 44.43
44.37 44.33 44.33 44.38 44.37 44.33 44.28 44.29 44.24 44.06 43.93 43.91 43.95 44 44.03 44.04 44.08 44.09 44.07 44.04 44.01 44.01 44.04 44.06 44.1 44.18 44.16 44.12 44.13 44.16 44.15 44.12 44.08 44.15 44.2 44.22 44.19 44.1 44.04 43.97 43.89 43.91 43.93 44.01 44.18 44.25 44.15 44.11 44.04 43.93 43.9 43.92 43.94 44.01 44.06 44.06 44.08 44.12 44.1 44.05 44.03 44.02 43.99 43.93 43.93 43.95 44.03 44.19 44.22 44.2 44.23 44.3 44.35 44.39 44.37 44.34 44.36 44.38
44.38 44.35 44.35 44.36 44.34 44.31 44.29 44.3 44.19 44.02 43.94 43.94 44.01 44.03 44.06 44.08 44.11 44.1 44.06 44.04 44.01 44.01 44.03 44.03 44.05 44.1 44.11 44.09 44.11 44.16 44.17 44.13 44.09 44.13 44.17 44.21 44.23 44.18 44.13 44.04 43.95 43.93 43.95 44.03 44.12 44.14 44.09 44.09 44.06 44.01 44 43.99 44 44.02 44.03 44.04 44.03 44.04 44.04 44.02 44 44 44 43.97 43.98 44.02 44.1 44.21 44.21 44.19 44.17 44.2 44.28 44.35 44.31 44.27 44.29 44.32
44.39 44.36 44.36 44.35 44.33 44.33 44.31 44.27 44.15 44.04 44 44 44.05 44.06 44.09 44.12 44.16 44.14 44.09 44.06 44.02 44.03 44.06 44.06 44.05 44.05 44.08 44.08 44.1 44.15 44.16 44.14 44.11 44.13 44.14 44.16 44.21 44.21 44.19 44.13 44.03 43.97 43.96 44 44.01 44.01 44 44.03 44.02 44 44 44 44 44 44.01 44.02 44.02 44.02 44.02 44 44.02 44.03 44.04 44.02 44.03 44.06 44.09 44.15 44.18 44.19 44.19 44.23 44.29 44.31 44.26 44.23 44.24 44.27
44.42 44.38 44.36 44.35 44.32 44.34 44.29 44.22 44.14 44.07 44.05 44.06 44.09 44.11 44.13 44.15 44.2 44.19 44.16 44.13 44.08 44.07 44.12 44.13 44.08 44.06 44.09 44.1 44.1 44.15 44.16 44.13 44.11 44.12 44.12 44.12 44.16 44.18 44.17 44.15 44.08 44.02 44 44 44 43.99 43.99 44.01 44.01 44.02 44.03 44.03 44.02 44.03 44.03 44.03 44.04 44.03 44.03 44.02 44.05 44.06 44.07 44.05 44.08 44.1 44.1 44.1 44.15 44.19 44.22 44.28 44.3 44.27 44.25 44.25 44.25 44.26
44.41 44.38 44.36 44.35 44.32 44.32 44.25 44.18 44.14 44.11 44.1 44.11 44.13 44.15 44.18 44.19 44.23 44.26 44.27 44.26 44.18 44.13 44.16 44.15 44.11 44.09 44.11 44.11 44.12 44.14 44.14 44.12 44.11 44.1 44.1 44.09 44.12 44.12 44.11 44.1 44.05 44.02 44.01 44.02 44.01 44.01 44.01 44.02 44.03 44.05 44.07 44.05 44.06 44.07 44.07 44.07 44.08 44.06 44.05 44.05 44.08 44.1 44.1 44.09 44.11 44.12 44.11 44.1 44.13 44.17 44.2 44.27 44.27 44.23 44.28 44.29 44.29 44.3
44.35 44.34 44.32 44.32 44.3 44.27 44.21 44.16 44.14 44.14 44.15 44.15 44.17 44.19 44.22 44.22 44.26 44.31 44.34 44.33 44.26 44.19 44.19 44.17 44.14 44.11 44.12 44.11 44.12 44.11 44.1 44.11 44.12 44.1 44.1 44.09 44.1 44.1 44.11 44.1 44.05 44.02 44.02 44.04 44.03 44.04 44.04 44.04 44.05 44.08 44.1 44.08 44.09 44.09 44.1 44.1 44.1 44.08 44.08 44.09 44.11 44.12 44.12 44.12 44.14 44.14 44.15 44.15 44.16 44.17 44.2 44.25 44.26 44.26 44.31 44.35 44.36 44.38
44.29 44.28 44.26 44.26 44.24 44.23 44.21 44.18 44.16 44.16 44.18 44.19 44.19 44.19 44.21 44.22 44.24 44.27 44.29 44.27 44.24 44.22 44.22 44.2 44.17 44.13 44.12 44.11 44.1 44.09 44.09 44.11 44.11 44.1 44.11 44.1 44.09 44.1 44.11 44.11 44.08 44.06 44.05 44.06 44.06 44.07 44.07 44.07 44.08 44.09 44.11 44.11 44.12 44.13 44.12 44.13 44.13 44.12 44.14 44.15 44.16 44.17 44.17 44.17 44.18 44.18 44.22 44.22 44.23 44.24 44.27 44.28 44.29 44.31 44.35 44.39 44.43 44.5
44.27 44.25 44.23 44.22 44.21 44.21 44.21 44.19 44.17 44.17 44.18 44.19 44.18 44.18 44.19 44.2 44.21 44.2 44.19 44.19 44.19 44.2 44.21 44.2 44.18 44.15 44.15 44.14 44.13 44.11 44.11 44.11 44.1 44.11 44.12 44.1 44.1 44.11 44.11 44.1 44.1 44.09 44.09 44.09 44.08 44.1 44.1 44.11 44.11 44.1 44.13 44.15 44.16 44.17 44.16 44.17 44.2 44.22 44.25 44.25 44.26 44.31 44.31 44.3 44.3 44.29 44.32 44.34 44.35 44.35 44.34 44.34 44.35 44.37 44.4 44.44 44.47 44.55
44.27 44.25 44.23 44.21 44.22 44.21 44.2 44.2 44.17 44.16 44.15 44.16 44.18 44.18 44.18 44.17 44.19 44.19 44.17 44.18 44.18 44.19 44.19 44.19 44.19 44.17 44.18 44.19 44.16 44.15 44.14 44.13 44.13 44.13 44.13 44.11 44.12 44.14 44.13 44.12 44.12 44.12 44.13 44.12 44.13 44.15 44.16 44.17 44.15 44.15 44.19 44.26 44.3 44.32 44.3 44.31 44.4 44.49 44.52 44.53 44.56 44.61 44.57 44.51 44.51 44.51 44.54 44.6 44.63 44.61 44.52 44.45 44.44 44.43 44.45 44.48 44.5 44.55
44.38 44.35 44.31 44.27 44.25 44.22 44.22 44.22 44.2 44.18 44.17 44.17 44.2 44.2 44.19 44.19 44.21 44.21 44.2 44.19 44.2 44.2 44.2 44.2 44.2 44.19 44.2 44.21 44.19 44.18 44.18 44.17 44.17 44.17 44.16 44.15 44.16 44.17 44.17 44.16 44.17 44.16 44.18 44.18 44.21 44.24 44.29 44.32 44.32 44.32 44.37 44.57 44.69 44.73 44.73 44.78 44.89 44.97 44.94 44.91 44.95 44.94 44.84 44.79 44.81 44.86 44.95 45.03 45.05 45.03 44.9 44.73 44.65 44.56 44.52 44.53 44.55 44.56
44.86 44.73 44.6 44.51 44.41 44.32 44.3 44.29 44.27 44.24 44.24 44.23 44.24 44.23 44.22 44.23 44.26 44.26 44.26 44.24 44.24 44.25 44.26 44.26 44.25 44.25 44.25 44.25 44.26 44.28 44.28 44.26 44.26 44.26 44.25 44.26 44.26 44.28 44.28 44.3 44.31 44.35 44.41 44.41 44.43 44.46 44.64 44.74 44.79 44.82 44.88 45.04 45.12 45.2 45.24 45.32 45.4 45.44 45.35 45.24 45.19 45.14 45.13 45.19 45.26 45.3 45.37 45.39 45.39 45.4 45.33 45.15 45.03 44.82 44.66 44.62 44.61 44.6
45.55 45.33 45.17 45.07 44.9 44.7 44.59 44.51 44.44 44.38 44.35 44.33 44.33 44.32 44.32 44.32 44.35 44.37 44.37 44.36 44.37 44.39 44.42 44.4 44.38 44.38 44.37 44.38 44.43 44.45 44.47 44.45 44.45 44.44 44.46 44.5 44.54 44.59 44.6 44.67 44.73 44.91 45.07 45.06 45.03 45.03 45.2 45.32 45.41 45.46 45.53 45.55 45.53 45.6 45.64 45.7 45.77 45.85 45.73 45.53 45.43 45.39 45.46 45.57 45.65 45.67 45.71 45.71 45.71 45.77 45.76 45.63 45.53 45.22 44.91 44.77 44.72 44.68
46.08 45.88 45.77 45.71 45.55 45.35 45.19 45.02 44.85 44.71 44.64 44.58 44.56 44.54 44.54 44.54 44.58 44.61 44.6 44.62 44.65 44.68 44.71 44.69 44.64 44.63 44.61 44.65 44.74 44.77 44.8 44.86 44.87 44.84 44.86 44.93 45.07 45.21 45.25 45.36 45.48 45.67 45.8 45.8 45.75 45.75 45.79 45.87 45.94 45.99 46.04 46.08 46.08 46.11 46.09 46.12 46.16 46.21 46.02 45.84 45.76 45.76 45.82 45.93 45.99 46.01 46.09 46.16 46.18 46.28 46.29 46.25 46.17 45.75 45.24 44.96 44.84 44.77
46.52 46.35 46.23 46.19 46.05 45.88 45.78 45.61 45.35 45.17 45.09 45.01 44.97 44.93 44.91 44.92 45 45.05 45.04 45.07 45.09 45.09 45.11 45.11 45.06 45.04 45.06 45.13 45.22 45.25 45.3 45.54 45.62 45.6 45.62 45.66 45.77 45.85 45.94 46.06 46.18 46.25 46.24 46.27 46.28 46.3 46.34 46.43 46.46 46.52 46.55 46.59 46.63 46.62 46.6 46.55 46.5 46.43 46.31 46.27 46.25 46.25 46.33 46.45 46.5 46.49 46.6 46.71 46.77 46.88 46.94 46.96 46.85 46.3 45.58 45.18 44.96 44.84
46.94 46.79 46.67 46.64 46.49 46.3 46.19 46.05 45.82 45.68 45.64 45.57 45.52 45.46 45.41 45.42 45.55 45.61 45.62 45.63 45.63 45.63 45.65 45.65 45.6 45.56 45.74 45.88 45.98 46.02 46.06 46.28 46.36 46.36 46.41 46.42 46.41 46.37 46.51 46.63 46.7 46.74 46.73 46.77 46.82 46.85 46.88 46.94 46.97 47.01 47.05 47.09 47.11 47.14 47.13 46.96 46.76 46.69 46.79 46.91 46.92 46.89 46.96 47.07 47.12 47.13 47.24 47.33 47.4 47.52 47.61 47.69 47.64 46.99 46.02 45.45 45.1 44.92
47.28 47.17 47.09 47.06 46.95 46.77 46.67 46.55 46.37 46.28 46.27 46.19 46.14 46.08 46.03 46.03 46.18 46.24 46.23 46.22 46.2 46.28 46.39 46.4 46.39 46.36 46.52 46.65 46.76 46.81 46.82 46.9 46.9 46.89 46.95 46.98 46.95 46.92 47.08 47.17 47.21 47.22 47.26 47.3 47.32 47.34 47.36 47.39 47.41 47.41 47.44 47.49 47.5 47.54 47.51 47.26 47.04 47.1 47.37 47.57 47.6 47.57 47.63 47.71 47.75 47.81 47.95 48.05 48.09 48.2 48.26 48.46 48.58 48.05 46.84 45.92 45.26 44.98
47.46 47.41 47.38 47.36 47.3 47.2 47.14 47.07 46.95 46.88 46.86 46.79 46.78 46.74 46.69 46.67 46.9 46.99 46.95 46.93 46.91 46.97 47.08 47.1 47.12 47.13 47.15 47.2 47.26 47.28 47.29 47.36 47.37 47.35 47.4 47.44 47.4 47.39 47.49 47.55 47.57 47.58 47.62 47.63 47.63 47.64 47.65 47.66 47.66 47.67 47.68 47.72 47.74 47.78 47.71 47.51 47.41 47.59 47.9 48.09 48.13 48.22 48.31 48.35 48.37 48.46 48.64 48.82 48.87 48.99 49.06 49.2 49.32 49.03 47.71 46.38 45.38 44.99
47.55 47.51 47.49 47.49 47.47 47.44 47.43 47.42 47.36 47.31 47.3 47.28 47.3 47.29 47.25 47.24 47.41 47.48 47.44 47.44 47.42 47.4 47.42 47.42 47.42 47.42 47.46 47.49 47.53 47.55 47.53 47.58 47.59 47.59 47.63 47.66 47.63 47.65 47.7 47.72 47.73 47.75 47.77 47.8 47.83 47.84 47.87 47.87 47.86 47.9 47.93 47.97 47.99 48.05 47.98 47.84 47.81 48.06 48.36 48.54 48.59 48.91 49.07 49.1 49.1 49.17 49.28 49.4 49.45 49.55 49.58 49.57 49.55 49.42 48.48 47.4 45.74 45.04
47.67 47.64 47.61 47.6 47.58 47.56 47.58 47.58 47.54 47.52 47.53 47.53 47.53 47.53 47.53 47.54 47.56 47.55 47.53 47.53 47.52 47.51 47.53 47.54 47.56 47.59 47.6 47.61 47.64 47.66 47.65 47.68 47.68 47.69 47.72 47.75 47.74 47.77 47.82 47.84 47.86 47.9 47.95 48.06 48.13 48.17 48.2 48.2 48.18 48.24 48.32 48.4 48.44 48.51 48.45 48.32 48.26 48.52 48.87 49.1 49.17 49.43 49.56 49.59 49.57 49.61 49.62 49.61 49.6 49.61 49.58 49.56 49.53 49.47 49.17 48.81 46.78 45.31
48.04 48.09 48.06 47.98 47.89 47.84 47.82 47.76 47.72 47.7 47.7 47.68 47.64 47.63 47.64 47.65 47.64 47.64 47.65 47.65 47.65 47.64 47.66 47.69 47.75 47.79 47.81 47.81 47.81 47.83 47.83 47.84 47.85 47.9 47.91 47.93 47.96 48.02 48.09 48.14 48.18 48.22 48.34 48.51 48.59 48.63 48.69 48.7 48.69 48.75 48.85 48.99 49.1 49.15 49.06 48.85 48.71 48.91 49.25 49.49 49.55 49.57 49.61 49.63 49.61 49.61 49.61 49.6 49.58 49.56 49.53 49.51 49.51 49.46 49.4 49.24 47.45 45.55
48.78 48.78 48.73 48.59 48.44 48.36 48.27 48.18 48.12 48.09 48.07 48.03 47.97 47.94 47.95 47.96 47.94 47.91 47.92 47.92 47.91 47.9 47.94 47.98 48.06 48.09 48.14 48.16 48.16 48.17 48.17 48.19 48.22 48.3 48.3 48.31 48.37 48.5 48.57 48.64 48.69 48.72 48.87 49 49.05 49.1 49.19 49.23 49.23 49.28 49.33 49.43 49.52 49.54 49.43 49.2 49.03 49.19 49.43 49.56 49.56 49.57 49.58 49.59 49.59 49.57 49.56 49.55 49.55 49.52 49.47 49.47 49.47 49.44 49.42 48.88 46.88 45.38
49.37 49.3 49.25 49.15 49.02 48.93 48.86 48.76 48.68 48.65 48.63 48.59 48.51 48.47 48.49 48.49 48.44 48.4 48.37 48.35 48.32 48.31 48.37 48.43 48.48 48.5 48.55 48.6 48.63 48.64 48.65 48.67 48.72 48.81 48.82 48.83 48.91 49.04 49.08 49.14 49.17 49.23 49.31 49.34 49.35 49.4 49.45 49.47 49.48 49.5 49.52 49.53 49.55 49.55 49.48 49.33 49.27 49.41 49.53 49.55 49.56 49.57 49.57 49.56 49.55 49.52 49.52 49.52 49.51 49.45 49.38 49.36 49.34 49.28 49.22 48.03 45.94 45.08
49.46 49.45 49.46 49.43 49.37 49.34 49.29 49.23 49.16 49.14 49.14 49.1 49.05 49.02 49.06 49.05 48.98 48.92 48.9 48.86 48.8 48.79 48.86 48.91 48.93 48.95 48.99 49.04 49.08 49.09 49.12 49.15 49.16 49.23 49.26 49.27 49.32 49.37 49.39 49.42 49.43 49.46 49.47 49.47 49.47 49.49 49.47 49.47 49.48 49.49 49.49 49.5 49.51 49.53 49.49 49.42 49.41 49.49 49.52 49.52 49.54 49.54 49.53 49.5 49.46 49.39 49.35 49.33 49.3 49.22 49.15 49.11 48.98 48.75 48.5 46.94 45.32 44.93
49.42 49.41 49.44 49.43 49.44 49.45 49.44 49.43 49.4 49.39 49.41 49.41 49.39 49.37 49.4 49.39 49.35 49.32 49.3 49.24 49.18 49.2 49.26 49.3 49.32 49.31 49.33 49.39 49.41 49.39 49.38 49.39 49.4 49.41 49.46 49.46 49.47 49.46 49.49 49.48 49.47 49.46 49.45 49.47 49.47 49.49 49.48 49.48 49.49 49.49 49.48 49.49 49.48 49.5 49.44 49.39 49.34 49.38 49.42 49.42 49.4 49.37 49.32 49.27 49.17 49.07 48.99 48.94 48.88 48.79 48.74 48.61 48.31 47.71 47.17 45.83 45.01 44.9
49.43 49.42 49.45 49.43 49.44 49.46 49.46 49.46 49.44 49.44 49.48 49.49 49.48 49.48 49.49 49.5 49.51 49.5 49.46 49.43 49.39 49.42 49.47 49.49 49.51 49.47 49.49 49.52 49.52 49.49 49.46 49.45 49.46 49.45 49.5 49.5 49.49 49.48 49.5 49.49 49.49 49.46 49.45 49.47 49.47 49.48 49.46 49.46 49.45 49.43 49.4 49.39 49.39 49.39 49.27 49.2 49.07 49.07 49.12 49.12 49.07 49 48.93 48.88 48.73 48.62 48.55 48.5 48.43 48.32 48.18 47.81 47.27 46.37 45.72 45.1 44.89 44.91
49.45 49.44 49.45 49.45 49.45 49.47 49.46 49.45 49.44 49.45 49.49 49.49 49.48 49.47 49.48 49.5 49.51 49.52 49.48 49.47 49.45 49.47 49.5 49.51 49.52 49.5 49.5 49.51 49.51 49.5 49.47 49.48 49.48 49.49 49.52 49.52 49.5 49.51 49.52 49.53 49.54 49.5 49.49 49.49 49.45 49.41 49.35 49.33 49.29 49.21 49.12 49.05 49.06 49.03 48.92 48.86 48.71 48.65 48.66 48.64 48.62 48.54 48.48 48.44 48.32 48.21 48.15 48.12 48.06 47.83 47.56 46.83 45.96 45.3 44.97 44.88 44.88 44.9
49.48 49.49 49.48 49.47 49.47 49.48 49.46 49.46 49.45 49.45 49.48 49.49 49.48 49.47 49.48 49.49 49.49 49.5 49.48 49.47 49.47 49.48 49.49 49.49 49.5 49.5 49.49 49.5 49.52 49.52 49.5 49.5 49.51 49.52 49.53 49.51 49.49 49.49 49.47 49.46 49.47 49.39 49.36 49.32 49.23 49.14 49.06 49.02 48.95 48.85 48.71 48.63 48.62 48.54 48.46 48.45 48.35 48.25 48.23 48.21 48.19 48.11 48.07 48.04 48.01 47.93 47.83 47.79 47.66 47.12 46.69 45.98 45.15 44.89 44.88 44.88 44.9 44.91
49.4 49.46 49.49 49.49 49.48 49.5 49.44 49.43 49.43 49.43 49.45 49.48 49.49 49.49 49.49 49.49 49.48 49.49 49.49 49.49 49.5 49.48 49.5 49.5 49.5 49.5 49.5 49.5 49.51 49.5 49.48 49.47 49.46 49.43 49.38 49.33 49.29 49.27 49.21 49.18 49.14 49.03 48.95 48.91 48.81 48.71 48.62 48.58 48.53 48.43 48.33 48.28 48.23 48.12 48.07 48.07 48 47.92 47.91 47.9 47.85 47.75 47.72 47.71 47.7 47.65 47.57 47.51 47.24 46.41 45.86 45.36 44.97 44.89 44.89 44.89 44.91 44.92
