slabs/13.grd
DSAA
631 301
642630 643260
4946600 4946900
34.28 49.72
[rows 102 to 135 of 300, columns 546 to 623 of 631]
42.52 42.35 42.26 42.23 42.16 41.99 41.85 41.86 41.85 41.78 41.75 41.79 41.66 41.57 41.58 41.58 41.47 41.36 41.39 41.44 41.37 41.3 41.29 41.26 41.26 41.25 41.19 41.13 41.12 41.12 41.13 41.06 41.04 41.06 41.04 41.04 41.05 41.05 41 41.03 41.08 41.09 41.12 41.16 41.2 41.27 41.39 41.5 41.56 41.68 41.84 41.85 41.8 41.72 41.73 41.84 41.92 41.92 41.84 41.77 41.7 41.69 41.68 41.69 41.7 41.73 41.76 41.78 41.76 41.75 41.72 41.68 41.74 42.07 42.52 42.79 43.09 43.51
42.05 41.88 41.78 41.75 41.71 41.61 41.58 41.61 41.57 41.51 41.47 41.48 41.33 41.26 41.26 41.25 41.2 41.15 41.2 41.23 41.16 41.09 41.09 41.1 41.13 41.12 41.08 41.03 41 40.99 40.99 40.99 40.98 40.97 40.96 40.95 40.97 40.99 41 41.06 41.08 41.11 41.17 41.22 41.28 41.38 41.6 41.74 41.79 41.88 41.91 41.86 41.83 41.77 41.84 41.95 42 41.98 41.89 41.85 41.73 41.66 41.64 41.63 41.62 41.63 41.66 41.68 41.7 41.71 41.69 41.65 41.65 41.89 42.28 42.5 42.84 43.29
41.6 41.56 41.52 41.48 41.43 41.39 41.37 41.37 41.32 41.27 41.24 41.23 41.1 41.06 41.08 41.07 41.07 41.06 41.1 41.08 41.04 41.01 41 41.03 41.05 41.03 40.98 40.94 40.89 40.86 40.85 40.92 40.92 40.85 40.78 40.75 40.75 40.8 40.9 41.01 41.03 41.07 41.17 41.28 41.37 41.53 41.79 41.91 41.93 41.96 41.9 41.82 41.77 41.73 41.78 41.85 41.92 41.98 41.93 41.88 41.74 41.64 41.64 41.64 41.61 41.58 41.6 41.64 41.67 41.68 41.65 41.61 41.58 41.77 42.07 42.25 42.54 43.03
41.31 41.31 41.32 41.29 41.23 41.21 41.19 41.14 41.12 41.1 41.09 41.08 41 40.98 41.02 41.02 41.03 41.05 41.08 41.02 41 41 40.99 41 40.97 40.93 40.87 40.82 40.78 40.77 40.75 40.77 40.75 40.62 40.5 40.43 40.35 40.46 40.63 40.8 40.86 40.95 41.13 41.31 41.42 41.63 41.91 41.98 41.96 41.95 41.87 41.78 41.72 41.66 41.63 41.65 41.79 41.92 41.88 41.83 41.72 41.62 41.63 41.65 41.64 41.6 41.58 41.6 41.65 41.65 41.61 41.56 41.52 41.68 41.89 41.98 42.22 42.73
41.15 41.15 41.15 41.13 41.08 41.06 41.06 41.01 41 41 41.02 41.01 40.96 40.92 40.97 40.99 40.99 41.01 41 40.97 40.97 40.98 40.95 40.9 40.8 40.72 40.68 40.68 40.69 40.69 40.64 40.51 40.44 40.37 40.26 40.15 40.07 40.2 40.4 40.59 40.71 40.84 41.07 41.32 41.44 41.65 41.91 41.94 41.92 41.9 41.79 41.72 41.66 41.59 41.53 41.52 41.7 41.85 41.82 41.78 41.7 41.6 41.6 41.63 41.65 41.64 41.6 41.59 41.63 41.62 41.56 41.51 41.46 41.59 41.72 41.74 41.94 42.48
41.03 41.05 41.06 41 40.95 40.94 40.95 40.92 40.91 40.91 40.93 40.94 40.89 40.82 40.88 40.92 40.9 40.89 40.84 40.85 40.87 40.87 40.83 40.68 40.54 40.42 40.45 40.53 40.58 40.56 40.45 40.3 40.27 40.24 40.13 40.05 40.06 40.21 40.41 40.62 40.73 40.86 41.06 41.35 41.51 41.69 41.84 41.82 41.79 41.78 41.71 41.65 41.6 41.53 41.46 41.43 41.55 41.71 41.75 41.74 41.67 41.57 41.57 41.59 41.61 41.64 41.64 41.62 41.62 41.59 41.53 41.48 41.42 41.48 41.56 41.57 41.78 42.33
40.92 40.92 40.93 40.89 40.83 40.81 40.83 40.82 40.82 40.82 40.82 40.83 40.76 40.68 40.73 40.79 40.76 40.72 40.63 40.67 40.69 40.67 40.64 40.46 40.32 40.26 40.34 40.45 40.5 40.47 40.34 40.31 40.35 40.23 40.08 40.09 40.17 40.36 40.56 40.74 40.83 40.95 41.12 41.34 41.51 41.68 41.78 41.73 41.67 41.69 41.68 41.65 41.6 41.52 41.43 41.36 41.37 41.51 41.63 41.66 41.64 41.54 41.52 41.52 41.54 41.58 41.59 41.58 41.59 41.56 41.5 41.43 41.38 41.37 41.42 41.48 41.73 42.26
40.74 40.75 40.74 40.75 40.7 40.67 40.68 40.7 40.72 40.71 40.69 40.7 40.64 40.58 40.61 40.64 40.62 40.59 40.52 40.52 40.55 40.52 40.49 40.37 40.27 40.27 40.39 40.5 40.56 40.55 40.44 40.44 40.5 40.29 40.07 40.13 40.27 40.47 40.67 40.84 40.93 41.05 41.21 41.34 41.46 41.62 41.7 41.65 41.61 41.64 41.67 41.67 41.65 41.59 41.47 41.36 41.29 41.38 41.53 41.58 41.61 41.53 41.47 41.46 41.48 41.5 41.47 41.45 41.48 41.49 41.45 41.38 41.35 41.33 41.37 41.45 41.7 42.21
40.48 40.57 40.6 40.61 40.55 40.51 40.49 40.55 40.59 40.59 40.57 40.58 40.58 40.57 40.58 40.6 40.61 40.57 40.53 40.48 40.48 40.47 40.41 40.33 40.29 40.29 40.43 40.58 40.64 40.62 40.55 40.56 40.6 40.42 40.08 40.14 40.32 40.54 40.76 40.93 41.03 41.16 41.31 41.4 41.45 41.54 41.62 41.6 41.59 41.61 41.64 41.65 41.67 41.66 41.53 41.43 41.38 41.47 41.58 41.62 41.63 41.58 41.52 41.51 41.49 41.43 41.37 41.35 41.33 41.35 41.35 41.31 41.34 41.38 41.42 41.46 41.61 42.07
40.32 40.49 40.62 40.61 40.43 40.32 40.3 40.36 40.43 40.44 40.45 40.53 40.57 40.57 40.57 40.59 40.61 40.57 40.54 40.51 40.46 40.41 40.34 40.26 40.23 40.3 40.47 40.59 40.62 40.59 40.56 40.6 40.63 40.49 40.16 40.19 40.37 40.6 40.82 40.98 41.11 41.27 41.4 41.45 41.46 41.5 41.56 41.58 41.59 41.58 41.6 41.61 41.66 41.7 41.59 41.55 41.6 41.7 41.77 41.79 41.77 41.76 41.73 41.71 41.6 41.46 41.38 41.34 41.31 41.28 41.26 41.23 41.32 41.42 41.48 41.49 41.53 41.91
40.29 40.47 40.64 40.65 40.42 40.27 40.23 40.3 40.38 40.41 40.46 40.58 40.62 40.59 40.58 40.58 40.57 40.54 40.52 40.46 40.39 40.32 40.25 40.19 40.18 40.31 40.46 40.51 40.52 40.48 40.48 40.55 40.59 40.45 40.23 40.24 40.4 40.65 40.88 41.03 41.17 41.36 41.49 41.5 41.49 41.52 41.57 41.6 41.61 41.59 41.58 41.57 41.65 41.71 41.68 41.68 41.75 41.82 41.87 41.9 41.89 41.89 41.88 41.86 41.73 41.53 41.43 41.38 41.37 41.32 41.27 41.19 41.26 41.39 41.46 41.48 41.5 41.81
40.27 40.37 40.52 40.62 40.51 40.4 40.32 40.4 40.49 40.52 40.57 40.65 40.69 40.65 40.65 40.65 40.63 40.57 40.48 40.37 40.29 40.21 40.15 40.13 40.15 40.31 40.39 40.39 40.39 40.36 40.38 40.49 40.56 40.47 40.34 40.35 40.48 40.71 40.94 41.08 41.23 41.42 41.55 41.57 41.56 41.57 41.64 41.68 41.66 41.64 41.64 41.64 41.7 41.78 41.81 41.8 41.8 41.84 41.88 41.89 41.89 41.86 41.83 41.83 41.74 41.54 41.44 41.41 41.39 41.3 41.22 41.14 41.19 41.29 41.34 41.37 41.43 41.69
40.19 40.21 40.39 40.6 40.59 40.51 40.42 40.48 40.55 40.57 40.61 40.66 40.7 40.68 40.7 40.69 40.64 40.56 40.44 40.29 40.2 40.1 40.05 40.07 40.14 40.3 40.32 40.28 40.28 40.24 40.35 40.5 40.61 40.58 40.51 40.53 40.64 40.83 41.03 41.15 41.29 41.46 41.6 41.66 41.65 41.68 41.7 41.7 41.69 41.71 41.77 41.8 41.82 41.88 41.92 41.92 41.86 41.87 41.89 41.86 41.86 41.83 41.79 41.75 41.66 41.51 41.44 41.42 41.39 41.25 41.16 41.11 41.12 41.17 41.19 41.21 41.27 41.45
40.05 40.05 40.28 40.56 40.61 40.54 40.47 40.5 40.54 40.54 40.58 40.64 40.69 40.7 40.71 40.67 40.6 40.5 40.36 40.22 40.14 40.02 39.95 40.01 40.12 40.26 40.26 40.23 40.23 40.19 40.38 40.58 40.69 40.71 40.7 40.76 40.88 41.04 41.22 41.34 41.44 41.52 41.59 41.63 41.67 41.75 41.7 41.64 41.65 41.73 41.82 41.87 41.88 41.94 41.98 41.99 41.93 41.88 41.85 41.81 41.81 41.8 41.78 41.71 41.62 41.52 41.46 41.42 41.38 41.26 41.16 41.09 41.05 41.06 41.05 41.05 41.03 41.12
39.96 39.96 40.15 40.45 40.56 40.52 40.44 40.47 40.49 40.5 40.56 40.65 40.73 40.72 40.68 40.63 40.57 40.45 40.28 40.13 40.07 39.97 39.91 39.94 40.08 40.19 40.21 40.22 40.25 40.25 40.44 40.63 40.75 40.81 40.86 40.94 41.07 41.22 41.4 41.52 41.57 41.57 41.56 41.56 41.66 41.74 41.67 41.61 41.65 41.72 41.78 41.83 41.89 41.97 42.02 42.02 41.97 41.87 41.8 41.75 41.77 41.8 41.79 41.74 41.64 41.53 41.48 41.43 41.38 41.27 41.17 41.04 40.98 40.97 40.94 40.9 40.81 40.85
39.95 39.97 40.11 40.35 40.51 40.48 40.4 40.41 40.44 40.48 40.57 40.7 40.76 40.73 40.66 40.6 40.57 40.43 40.22 40.07 40.01 39.96 39.93 39.93 40.04 40.14 40.25 40.32 40.4 40.45 40.53 40.62 40.76 40.84 40.9 40.96 41.09 41.27 41.43 41.53 41.58 41.59 41.59 41.6 41.69 41.72 41.66 41.61 41.63 41.69 41.74 41.8 41.89 41.98 42.03 42.04 42 41.88 41.78 41.74 41.78 41.83 41.84 41.82 41.67 41.55 41.51 41.45 41.37 41.28 41.17 41.01 40.95 40.94 40.89 40.8 40.77 40.79
39.99 40.01 40.11 40.3 40.44 40.43 40.37 40.36 40.38 40.48 40.64 40.76 40.79 40.75 40.67 40.59 40.58 40.45 40.21 40.05 39.97 39.94 39.97 40 40.12 40.24 40.4 40.5 40.59 40.67 40.64 40.63 40.73 40.83 40.86 40.88 41.06 41.3 41.41 41.46 41.51 41.58 41.61 41.62 41.71 41.73 41.68 41.64 41.62 41.65 41.69 41.76 41.86 41.97 42.04 42.07 42.04 41.92 41.85 41.84 41.88 41.93 41.95 41.93 41.74 41.61 41.56 41.5 41.37 41.27 41.17 41.02 40.95 40.95 40.91 40.84 40.88 40.91
40.07 40.09 40.13 40.25 40.35 40.37 40.35 40.35 40.35 40.52 40.73 40.84 40.84 40.81 40.71 40.57 40.54 40.45 40.24 40.09 39.99 39.96 40.04 40.11 40.25 40.43 40.57 40.64 40.72 40.76 40.69 40.63 40.71 40.82 40.85 40.86 41.07 41.32 41.38 41.4 41.45 41.55 41.6 41.6 41.67 41.71 41.71 41.68 41.64 41.64 41.65 41.72 41.84 41.98 42.08 42.12 42.09 42.02 41.99 42.01 42.01 42.03 42.03 42 41.84 41.68 41.59 41.52 41.37 41.24 41.12 40.92 40.88 40.93 40.9 40.89 40.93 40.96
40.19 40.16 40.16 40.22 40.27 40.31 40.38 40.41 40.44 40.63 40.86 41.01 41.05 41.02 40.84 40.59 40.52 40.42 40.25 40.14 40.09 40.11 40.2 40.26 40.37 40.57 40.73 40.8 40.86 40.83 40.71 40.64 40.69 40.8 40.86 40.9 41.07 41.3 41.35 41.38 41.44 41.53 41.58 41.57 41.61 41.68 41.72 41.71 41.69 41.65 41.65 41.71 41.84 42.01 42.13 42.18 42.16 42.13 42.14 42.13 42.05 42 41.96 41.93 41.81 41.68 41.56 41.45 41.31 41.19 41.04 40.75 40.73 40.83 40.84 40.83 40.84 40.86
40.37 40.3 40.25 40.25 40.27 40.35 40.47 40.57 40.66 40.88 41.12 41.28 41.33 41.34 41.1 40.83 40.68 40.52 40.35 40.23 40.2 40.29 40.4 40.46 40.55 40.72 40.9 40.99 41 40.88 40.74 40.68 40.69 40.78 40.85 40.91 41.02 41.28 41.38 41.36 41.42 41.53 41.57 41.57 41.59 41.67 41.7 41.7 41.69 41.65 41.63 41.7 41.85 42.04 42.16 42.23 42.24 42.22 42.22 42.16 42.03 41.93 41.84 41.81 41.7 41.61 41.49 41.36 41.21 41.12 40.97 40.7 40.66 40.72 40.77 40.72 40.72 40.76
40.6 40.57 40.47 40.44 40.44 40.51 40.59 40.68 40.82 41.16 41.41 41.49 41.52 41.5 41.31 41.13 40.96 40.76 40.57 40.46 40.37 40.48 40.6 40.65 40.7 40.84 41.01 41.11 41.09 40.94 40.84 40.81 40.77 40.79 40.82 40.87 40.98 41.26 41.39 41.34 41.39 41.52 41.58 41.6 41.62 41.66 41.67 41.67 41.66 41.63 41.61 41.68 41.87 42.07 42.18 42.27 42.3 42.24 42.21 42.13 41.99 41.88 41.81 41.78 41.66 41.56 41.44 41.28 41.13 41.05 40.93 40.73 40.69 40.72 40.71 40.62 40.6 40.69
40.88 40.84 40.72 40.68 40.69 40.71 40.75 40.79 41 41.33 41.53 41.59 41.59 41.53 41.41 41.31 41.16 40.94 40.82 40.76 40.67 40.72 40.76 40.79 40.82 40.92 41.06 41.15 41.13 41.03 40.98 40.96 40.89 40.83 40.82 40.84 40.92 41.19 41.32 41.31 41.38 41.5 41.56 41.59 41.6 41.65 41.66 41.69 41.71 41.65 41.6 41.69 41.93 42.13 42.23 42.31 42.31 42.24 42.19 42.11 41.96 41.84 41.78 41.73 41.61 41.52 41.39 41.21 41.06 40.99 40.88 40.76 40.74 40.76 40.68 40.55 40.48 40.6
41.1 41.01 40.91 40.88 40.87 40.9 40.97 41.02 41.21 41.41 41.54 41.6 41.6 41.59 41.52 41.42 41.23 41.01 41 41.03 41.01 40.96 40.92 40.92 40.91 41.01 41.12 41.2 41.2 41.14 41.11 41.1 41.02 40.94 40.89 40.9 40.95 41.15 41.27 41.32 41.4 41.47 41.49 41.51 41.55 41.67 41.72 41.77 41.78 41.69 41.61 41.73 41.99 42.15 42.24 42.3 42.27 42.23 42.19 42.11 41.98 41.89 41.77 41.65 41.53 41.45 41.32 41.15 41 40.94 40.83 40.77 40.79 40.81 40.68 40.52 40.45 40.54
41.25 41.19 41.15 41.12 41.06 41.04 41.12 41.19 41.31 41.44 41.55 41.59 41.61 41.64 41.56 41.44 41.24 41.02 41.07 41.16 41.23 41.17 41.06 41.02 41.01 41.12 41.23 41.29 41.3 41.27 41.24 41.23 41.17 41.1 41.03 41.13 41.14 41.26 41.38 41.43 41.47 41.48 41.47 41.46 41.57 41.75 41.83 41.87 41.79 41.68 41.64 41.76 41.94 42.04 42.12 42.17 42.15 42.16 42.15 42.09 42.01 41.96 41.79 41.59 41.45 41.37 41.25 41.1 40.99 40.92 40.78 40.74 40.79 40.83 40.69 40.51 40.47 40.54
41.4 41.36 41.33 41.3 41.24 41.15 41.17 41.22 41.34 41.47 41.55 41.58 41.61 41.65 41.55 41.43 41.23 41.04 41.1 41.22 41.32 41.29 41.2 41.13 41.12 41.22 41.33 41.39 41.43 41.4 41.36 41.37 41.34 41.3 41.27 41.37 41.35 41.42 41.53 41.58 41.59 41.56 41.54 41.52 41.65 41.79 41.87 41.89 41.78 41.67 41.65 41.72 41.8 41.86 41.94 41.99 42 42.03 42.07 42.05 42.03 42.02 41.83 41.57 41.38 41.29 41.19 41.08 40.99 40.91 40.76 40.72 40.78 40.82 40.68 40.54 40.54 40.59
41.5 41.47 41.41 41.37 41.32 41.25 41.22 41.23 41.35 41.49 41.56 41.58 41.61 41.64 41.53 41.43 41.25 41.12 41.19 41.31 41.38 41.34 41.29 41.23 41.21 41.29 41.39 41.48 41.53 41.49 41.43 41.47 41.48 41.46 41.46 41.45 41.42 41.5 41.57 41.63 41.66 41.64 41.62 41.6 41.69 41.76 41.81 41.82 41.77 41.68 41.66 41.65 41.63 41.67 41.74 41.81 41.84 41.88 41.93 41.95 42.01 42.04 41.87 41.59 41.38 41.29 41.2 41.08 40.99 40.92 40.8 40.75 40.78 40.79 40.68 40.61 40.63 40.69
41.57 41.54 41.47 41.41 41.36 41.31 41.26 41.25 41.33 41.48 41.56 41.59 41.62 41.63 41.53 41.44 41.31 41.26 41.32 41.39 41.39 41.37 41.35 41.31 41.29 41.35 41.41 41.5 41.54 41.5 41.46 41.51 41.55 41.54 41.52 41.48 41.47 41.51 41.53 41.56 41.63 41.67 41.65 41.63 41.67 41.73 41.74 41.74 41.75 41.74 41.73 41.63 41.52 41.52 41.57 41.64 41.69 41.73 41.78 41.83 41.9 41.95 41.86 41.64 41.47 41.38 41.24 41.09 40.99 40.92 40.84 40.77 40.76 40.8 40.75 40.69 40.67 40.74
41.61 41.61 41.53 41.47 41.41 41.35 41.32 41.31 41.34 41.46 41.54 41.56 41.59 41.6 41.54 41.46 41.37 41.36 41.4 41.41 41.37 41.38 41.38 41.38 41.37 41.4 41.41 41.47 41.51 41.49 41.5 41.55 41.58 41.58 41.57 41.53 41.5 41.49 41.49 41.48 41.57 41.66 41.66 41.64 41.67 41.72 41.67 41.66 41.73 41.8 41.78 41.67 41.51 41.48 41.49 41.51 41.55 41.6 41.66 41.7 41.73 41.75 41.73 41.6 41.52 41.42 41.26 41.08 40.97 40.91 40.86 40.81 40.78 40.83 40.82 40.77 40.72 40.74
41.6 41.65 41.59 41.54 41.47 41.43 41.41 41.4 41.39 41.44 41.48 41.49 41.51 41.55 41.52 41.47 41.42 41.41 41.43 41.44 41.41 41.37 41.36 41.37 41.39 41.41 41.4 41.45 41.47 41.49 41.52 41.56 41.61 41.63 41.62 41.57 41.54 41.52 41.49 41.46 41.53 41.63 41.65 41.67 41.69 41.7 41.63 41.62 41.71 41.78 41.77 41.71 41.58 41.52 41.51 41.47 41.47 41.5 41.55 41.58 41.56 41.53 41.5 41.44 41.43 41.36 41.21 41.04 40.94 40.91 40.9 40.88 40.86 40.82 40.77 40.74 40.72 40.67
41.56 41.67 41.65 41.6 41.54 41.54 41.53 41.5 41.47 41.48 41.48 41.4 41.4 41.51 41.5 41.48 41.46 41.47 41.49 41.49 41.47 41.36 41.29 41.31 41.36 41.42 41.42 41.44 41.46 41.47 41.5 41.55 41.6 41.64 41.64 41.6 41.56 41.52 41.49 41.48 41.53 41.59 41.61 41.66 41.67 41.65 41.62 41.61 41.66 41.69 41.68 41.72 41.64 41.59 41.55 41.47 41.43 41.41 41.41 41.41 41.39 41.36 41.33 41.3 41.31 41.27 41.13 40.99 40.94 40.93 40.94 40.91 40.86 40.77 40.68 40.61 40.56 40.5
41.54 41.63 41.64 41.62 41.6 41.62 41.61 41.58 41.54 41.54 41.55 41.49 41.48 41.57 41.56 41.53 41.53 41.53 41.52 41.51 41.48 41.36 41.27 41.29 41.36 41.42 41.43 41.45 41.45 41.45 41.48 41.54 41.59 41.62 41.65 41.61 41.53 41.48 41.47 41.49 41.52 41.56 41.58 41.62 41.62 41.62 41.62 41.61 41.6 41.61 41.58 41.63 41.64 41.62 41.54 41.45 41.39 41.35 41.34 41.28 41.26 41.27 41.26 41.24 41.24 41.2 41.08 41.01 41 41 40.99 40.91 40.82 40.69 40.59 40.5 40.43 40.4
41.54 41.58 41.6 41.6 41.6 41.59 41.59 41.59 41.55 41.55 41.61 41.65 41.64 41.63 41.64 41.64 41.65 41.58 41.51 41.49 41.47 41.4 41.36 41.39 41.42 41.43 41.44 41.43 41.42 41.43 41.48 41.54 41.58 41.61 41.66 41.62 41.51 41.44 41.45 41.46 41.52 41.56 41.58 41.6 41.62 41.65 41.64 41.6 41.57 41.57 41.53 41.56 41.61 41.61 41.53 41.42 41.35 41.34 41.33 41.24 41.2 41.22 41.18 41.15 41.16 41.14 41.08 41.09 41.1 41.09 41.03 40.94 40.82 40.64 40.5 40.42 40.36 40.41
41.53 41.56 41.57 41.55 41.53 41.52 41.51 41.5 41.48 41.53 41.61 41.7 41.68 41.65 41.67 41.72 41.72 41.59 41.49 41.45 41.44 41.43 41.45 41.49 41.47 41.44 41.42 41.4 41.39 41.41 41.51 41.58 41.59 41.6 41.63 41.61 41.5 41.42 41.41 41.44 41.52 41.58 41.6 41.62 41.67 41.71 41.67 41.6 41.55 41.55 41.54 41.56 41.55 41.57 41.55 41.44 41.36 41.34 41.28 41.19 41.16 41.15 41.1 41.05 41.04 41.11 41.12 41.14 41.15 41.1 41 40.94 40.81 40.59 40.43 40.36 40.34 40.44
41.51 41.53 41.54 41.51 41.49 41.48 41.46 41.43 41.42 41.51 41.62 41.69 41.68 41.66 41.66 41.71 41.71 41.58 41.49 41.46 41.44 41.44 41.45 41.48 41.44 41.42 41.41 41.37 41.37 41.41 41.53 41.61 41.61 41.6 41.6 41.56 41.45 41.38 41.36 41.41 41.49 41.52 41.55 41.62 41.72 41.74 41.67 41.59 41.54 41.56 41.56 41.52 41.46 41.52 41.56 41.47 41.39 41.31 41.18 41.11 41.1 41.06 40.98 40.93 40.91 41.06 41.15 41.17 41.14 41.03 40.9 40.85 40.72 40.52 40.38 40.35 40.36 40.44
