slabs/13.grd
DSAA
631 301
642630 643260
4946600 4946900
34.28 49.72
[rows 102 to 135 of 300, columns 78 to 155 of 631]
34.95 35.01 35.01 35.07 35.06 34.98 34.9 34.87 34.84 34.81 34.79 34.78 34.77 34.76 34.75 34.74 34.76 34.77 34.76 34.74 34.74 34.75 34.77 34.72 34.85 34.96 35 35.04 35.1 35.13 35.19 35.23 35.27 35.31 35.35 35.38 35.39 35.41 35.4 35.36 35.34 35.33 35.31 35.32 35.34 35.34 35.32 35.35 35.39 35.46 35.57 35.63 35.64 35.67 35.68 35.68 35.68 35.68 35.67 35.65 35.66 35.65 35.64 35.64 35.64 35.65 35.64 35.64 35.61 35.61 35.62 35.62 35.6 35.61 35.63 35.63 35.64 35.64
34.85 34.85 34.83 34.96 35.07 35.01 34.94 34.9 34.88 34.86 34.85 34.86 34.86 34.86 34.85 34.84 34.86 34.87 34.86 34.85 34.84 34.83 34.82 34.87 35.01 35.05 35.05 35.07 35.11 35.15 35.19 35.25 35.3 35.38 35.43 35.44 35.46 35.5 35.49 35.43 35.4 35.39 35.38 35.41 35.43 35.44 35.42 35.45 35.5 35.56 35.64 35.67 35.66 35.69 35.71 35.7 35.69 35.69 35.67 35.66 35.66 35.65 35.64 35.62 35.63 35.65 35.65 35.64 35.62 35.61 35.62 35.63 35.61 35.61 35.63 35.63 35.65 35.65
34.84 34.83 34.79 34.91 35.05 35.02 34.96 34.93 34.91 34.89 34.89 34.89 34.9 34.9 34.9 34.89 34.89 34.89 34.89 34.88 34.88 34.87 34.86 34.94 35.07 35.11 35.1 35.12 35.16 35.18 35.23 35.3 35.36 35.45 35.51 35.51 35.51 35.54 35.57 35.54 35.51 35.5 35.48 35.51 35.53 35.53 35.53 35.56 35.6 35.63 35.68 35.69 35.69 35.71 35.71 35.7 35.69 35.69 35.68 35.69 35.68 35.65 35.63 35.62 35.64 35.64 35.64 35.65 35.62 35.6 35.61 35.63 35.6 35.59 35.62 35.63 35.65 35.65
34.89 34.92 34.92 34.97 35.02 35 34.97 34.94 34.91 34.89 34.88 34.88 34.87 34.87 34.87 34.87 34.87 34.87 34.87 34.87 34.87 34.87 34.86 34.92 35.05 35.12 35.12 35.14 35.17 35.21 35.28 35.35 35.41 35.49 35.55 35.56 35.56 35.57 35.61 35.62 35.61 35.6 35.6 35.61 35.61 35.61 35.62 35.64 35.65 35.67 35.7 35.72 35.73 35.72 35.7 35.7 35.7 35.7 35.69 35.69 35.68 35.65 35.63 35.62 35.64 35.63 35.64 35.63 35.62 35.62 35.62 35.62 35.6 35.59 35.6 35.63 35.66 35.64
34.94 34.99 35.01 35.01 35 34.99 34.97 34.95 34.92 34.9 34.87 34.86 34.85 34.85 34.85 34.85 34.85 34.85 34.84 34.84 34.84 34.84 34.84 34.89 34.98 35.06 35.12 35.15 35.16 35.23 35.35 35.41 35.45 35.52 35.56 35.58 35.59 35.6 35.63 35.66 35.66 35.68 35.7 35.7 35.69 35.68 35.68 35.68 35.67 35.68 35.71 35.73 35.74 35.72 35.7 35.71 35.71 35.7 35.69 35.67 35.67 35.64 35.62 35.62 35.63 35.63 35.63 35.62 35.62 35.61 35.61 35.61 35.6 35.59 35.6 35.63 35.65 35.64
34.98 35 35.01 35.01 35 34.99 34.98 34.96 34.94 34.92 34.88 34.84 34.83 34.83 34.82 34.82 34.82 34.82 34.82 34.81 34.81 34.82 34.83 34.88 34.91 34.97 35.1 35.16 35.17 35.27 35.4 35.45 35.47 35.54 35.57 35.58 35.59 35.61 35.64 35.66 35.68 35.7 35.73 35.74 35.73 35.72 35.71 35.71 35.7 35.7 35.72 35.74 35.74 35.72 35.72 35.72 35.71 35.68 35.66 35.67 35.66 35.64 35.62 35.62 35.62 35.62 35.62 35.62 35.61 35.6 35.6 35.61 35.6 35.6 35.6 35.64 35.65 35.63
34.99 35 35 35 34.99 34.99 34.98 34.96 34.94 34.92 34.9 34.84 34.81 34.8 34.8 34.8 34.8 34.8 34.8 34.79 34.79 34.79 34.82 34.86 34.87 34.9 35.08 35.18 35.22 35.31 35.41 35.46 35.48 35.53 35.56 35.58 35.58 35.61 35.64 35.66 35.68 35.71 35.73 35.73 35.73 35.72 35.71 35.72 35.73 35.72 35.72 35.73 35.73 35.73 35.73 35.71 35.7 35.67 35.64 35.65 35.66 35.64 35.61 35.61 35.61 35.61 35.61 35.62 35.62 35.61 35.61 35.61 35.62 35.62 35.62 35.64 35.65 35.64
34.98 34.99 34.99 34.99 34.98 34.98 34.97 34.96 34.94 34.93 34.91 34.86 34.8 34.78 34.78 34.77 34.77 34.77 34.77 34.77 34.77 34.76 34.81 34.85 34.85 34.85 35.03 35.19 35.27 35.35 35.4 35.44 35.46 35.49 35.54 35.57 35.57 35.61 35.65 35.67 35.69 35.73 35.74 35.73 35.73 35.71 35.69 35.69 35.71 35.72 35.72 35.71 35.72 35.72 35.71 35.68 35.68 35.66 35.63 35.62 35.65 35.63 35.6 35.6 35.61 35.61 35.6 35.61 35.62 35.61 35.61 35.61 35.63 35.63 35.61 35.61 35.64 35.63
34.97 34.98 34.98 34.97 34.97 34.96 34.96 34.95 34.94 34.93 34.92 34.88 34.82 34.78 34.76 34.75 34.75 34.75 34.74 34.74 34.74 34.74 34.79 34.83 34.84 34.83 34.96 35.15 35.29 35.35 35.38 35.41 35.41 35.45 35.5 35.54 35.56 35.6 35.65 35.68 35.7 35.73 35.72 35.72 35.72 35.7 35.68 35.66 35.68 35.7 35.69 35.68 35.7 35.69 35.67 35.65 35.65 35.65 35.62 35.6 35.64 35.61 35.6 35.62 35.62 35.62 35.61 35.61 35.61 35.6 35.62 35.62 35.62 35.61 35.6 35.6 35.61 35.63
34.97 34.97 34.96 34.96 34.96 34.95 34.95 34.95 34.94 34.93 34.92 34.9 34.85 34.81 34.76 34.73 34.72 34.72 34.72 34.72 34.72 34.73 34.78 34.82 34.83 34.87 34.95 35.12 35.26 35.31 35.34 35.39 35.39 35.42 35.48 35.52 35.54 35.6 35.65 35.66 35.67 35.7 35.68 35.68 35.7 35.69 35.67 35.64 35.65 35.68 35.67 35.67 35.67 35.66 35.65 35.65 35.64 35.63 35.62 35.61 35.62 35.61 35.61 35.63 35.62 35.62 35.61 35.6 35.59 35.59 35.61 35.63 35.6 35.6 35.62 35.61 35.61 35.63
34.96 34.96 34.95 34.95 34.95 34.94 34.94 34.93 34.93 34.93 34.91 34.9 34.88 34.86 34.79 34.73 34.7 34.68 34.68 34.68 34.68 34.71 34.77 34.82 34.84 34.92 35.03 35.14 35.22 35.28 35.33 35.38 35.4 35.41 35.45 35.48 35.51 35.57 35.64 35.66 35.67 35.7 35.69 35.68 35.69 35.69 35.68 35.64 35.63 35.65 35.66 35.65 35.63 35.64 35.64 35.63 35.62 35.61 35.61 35.61 35.61 35.6 35.61 35.62 35.63 35.62 35.61 35.59 35.58 35.59 35.59 35.62 35.61 35.62 35.63 35.62 35.61 35.64
34.95 34.94 34.94 34.94 34.93 34.93 34.92 34.92 34.92 34.91 34.91 34.89 34.89 34.88 34.84 34.77 34.72 34.67 34.65 34.64 34.65 34.7 34.77 34.82 34.87 34.96 35.13 35.21 35.24 35.3 35.34 35.37 35.38 35.39 35.42 35.44 35.48 35.54 35.62 35.66 35.71 35.76 35.76 35.74 35.72 35.69 35.67 35.66 35.64 35.64 35.64 35.64 35.61 35.61 35.61 35.6 35.58 35.58 35.59 35.59 35.6 35.59 35.6 35.6 35.61 35.6 35.59 35.57 35.58 35.59 35.59 35.59 35.59 35.61 35.61 35.63 35.63 35.63
34.93 34.93 34.93 34.92 34.92 34.92 34.9 34.9 34.9 34.89 34.89 34.88 34.88 34.88 34.86 34.82 34.78 34.71 34.64 34.62 34.64 34.7 34.76 34.82 34.86 35.02 35.22 35.3 35.33 35.36 35.37 35.36 35.36 35.39 35.41 35.43 35.47 35.52 35.56 35.6 35.73 35.84 35.87 35.84 35.77 35.71 35.66 35.65 35.65 35.63 35.63 35.63 35.6 35.58 35.57 35.57 35.55 35.56 35.57 35.56 35.58 35.58 35.58 35.59 35.6 35.6 35.58 35.57 35.58 35.59 35.58 35.56 35.57 35.6 35.6 35.61 35.63 35.63
34.92 34.91 34.91 34.9 34.9 34.9 34.89 34.88 34.88 34.88 34.88 34.87 34.87 34.87 34.86 34.84 34.82 34.76 34.66 34.66 34.71 34.82 34.93 34.97 35 35.18 35.32 35.38 35.38 35.38 35.38 35.38 35.38 35.39 35.4 35.42 35.46 35.5 35.51 35.54 35.71 35.86 35.91 35.88 35.79 35.72 35.65 35.64 35.63 35.62 35.62 35.63 35.59 35.56 35.56 35.55 35.52 35.54 35.55 35.55 35.58 35.57 35.57 35.58 35.6 35.6 35.59 35.57 35.59 35.59 35.58 35.58 35.6 35.61 35.6 35.59 35.62 35.63
34.91 34.9 34.89 34.89 34.89 34.89 34.88 34.87 34.87 34.87 34.87 34.86 34.86 34.86 34.85 34.84 34.83 34.8 34.74 34.86 34.99 35.14 35.28 35.32 35.33 35.4 35.42 35.43 35.42 35.4 35.39 35.38 35.38 35.39 35.4 35.41 35.45 35.48 35.49 35.5 35.64 35.78 35.84 35.83 35.75 35.69 35.65 35.61 35.6 35.61 35.6 35.6 35.59 35.56 35.55 35.53 35.53 35.55 35.56 35.56 35.57 35.58 35.59 35.59 35.58 35.58 35.58 35.57 35.58 35.6 35.6 35.6 35.61 35.6 35.59 35.6 35.62 35.64
34.89 34.89 34.88 34.88 34.88 34.87 34.87 34.86 34.86 34.86 34.85 34.85 34.85 34.84 34.84 34.83 34.83 34.82 34.88 35.13 35.35 35.47 35.57 35.6 35.58 35.57 35.51 35.45 35.43 35.42 35.4 35.39 35.4 35.39 35.39 35.4 35.43 35.45 35.46 35.46 35.57 35.64 35.68 35.69 35.66 35.63 35.61 35.6 35.6 35.61 35.61 35.6 35.58 35.58 35.56 35.55 35.56 35.57 35.56 35.56 35.57 35.6 35.59 35.6 35.58 35.58 35.58 35.58 35.59 35.59 35.61 35.59 35.6 35.61 35.6 35.61 35.62 35.64
34.88 34.88 34.87 34.86 34.86 34.86 34.86 34.85 34.85 34.84 34.84 34.84 34.83 34.83 34.84 34.84 34.84 34.86 35.04 35.32 35.57 35.71 35.77 35.77 35.74 35.68 35.57 35.5 35.45 35.42 35.4 35.4 35.4 35.38 35.39 35.4 35.41 35.43 35.44 35.44 35.5 35.53 35.55 35.57 35.59 35.57 35.58 35.59 35.61 35.62 35.62 35.59 35.58 35.58 35.57 35.58 35.58 35.57 35.56 35.55 35.56 35.58 35.58 35.59 35.6 35.6 35.59 35.58 35.59 35.59 35.6 35.59 35.61 35.62 35.63 35.61 35.62 35.64
34.87 34.86 34.86 34.85 34.85 34.85 34.84 34.84 34.84 34.83 34.84 34.84 34.84 34.85 34.87 34.89 34.89 34.93 35.15 35.43 35.69 35.84 35.89 35.89 35.84 35.75 35.64 35.57 35.49 35.43 35.42 35.41 35.4 35.38 35.39 35.39 35.39 35.4 35.41 35.41 35.46 35.48 35.5 35.52 35.56 35.55 35.55 35.56 35.59 35.6 35.59 35.57 35.57 35.58 35.58 35.57 35.56 35.55 35.55 35.56 35.56 35.57 35.57 35.59 35.6 35.62 35.6 35.59 35.6 35.6 35.61 35.61 35.62 35.63 35.63 35.61 35.61 35.62
34.85 34.85 34.85 34.84 34.84 34.84 34.84 34.84 34.85 34.85 34.87 34.88 34.89 34.91 34.93 34.95 34.97 35 35.22 35.5 35.77 35.94 36.01 36 35.95 35.86 35.76 35.68 35.57 35.49 35.45 35.44 35.43 35.4 35.38 35.38 35.37 35.37 35.39 35.4 35.42 35.46 35.47 35.5 35.53 35.53 35.53 35.54 35.57 35.58 35.57 35.57 35.57 35.58 35.58 35.56 35.54 35.53 35.55 35.56 35.56 35.57 35.58 35.59 35.6 35.62 35.59 35.59 35.61 35.62 35.64 35.62 35.62 35.63 35.63 35.61 35.61 35.63
34.84 34.84 34.84 34.84 34.84 34.85 34.87 34.88 34.9 34.91 34.93 34.95 34.96 34.98 35 35.02 35.03 35.06 35.28 35.55 35.84 36.05 36.13 36.13 36.11 36.05 35.93 35.82 35.66 35.55 35.48 35.46 35.45 35.42 35.4 35.39 35.39 35.39 35.4 35.41 35.42 35.45 35.46 35.48 35.51 35.53 35.53 35.53 35.55 35.57 35.58 35.58 35.58 35.57 35.57 35.57 35.54 35.53 35.56 35.56 35.57 35.58 35.58 35.59 35.59 35.61 35.58 35.58 35.61 35.62 35.64 35.62 35.61 35.62 35.63 35.62 35.61 35.63
34.84 34.85 34.86 34.88 34.89 34.9 34.92 34.93 34.95 34.96 34.99 35.01 35.02 35.03 35.04 35.05 35.06 35.08 35.34 35.62 35.93 36.13 36.21 36.24 36.25 36.23 36.08 35.94 35.75 35.6 35.53 35.49 35.45 35.42 35.41 35.41 35.4 35.42 35.42 35.42 35.44 35.46 35.46 35.48 35.51 35.54 35.54 35.54 35.55 35.58 35.58 35.58 35.58 35.57 35.56 35.57 35.55 35.53 35.57 35.57 35.58 35.59 35.58 35.59 35.59 35.59 35.57 35.58 35.6 35.61 35.62 35.63 35.64 35.64 35.64 35.62 35.62 35.62
34.87 34.88 34.9 34.91 34.92 34.93 34.95 34.95 34.96 34.97 34.99 35.01 35.02 35.01 35 35.01 35.01 35.04 35.34 35.63 35.96 36.17 36.25 36.28 36.32 36.31 36.17 36.04 35.84 35.66 35.57 35.52 35.46 35.42 35.42 35.42 35.42 35.43 35.44 35.42 35.45 35.47 35.47 35.5 35.53 35.55 35.56 35.57 35.58 35.59 35.59 35.59 35.59 35.57 35.57 35.58 35.56 35.55 35.56 35.57 35.57 35.57 35.57 35.58 35.57 35.57 35.58 35.6 35.6 35.6 35.62 35.63 35.64 35.64 35.64 35.63 35.62 35.63
34.86 34.88 34.89 34.9 34.9 34.92 34.93 34.93 34.93 34.94 34.94 34.94 34.95 34.94 34.95 34.96 34.96 34.98 35.23 35.5 35.85 36.15 36.26 36.29 36.35 36.36 36.26 36.15 35.92 35.7 35.59 35.53 35.47 35.43 35.42 35.42 35.43 35.44 35.45 35.44 35.47 35.49 35.49 35.51 35.54 35.56 35.57 35.6 35.61 35.62 35.6 35.59 35.6 35.59 35.59 35.59 35.57 35.58 35.57 35.58 35.57 35.57 35.57 35.57 35.57 35.57 35.6 35.62 35.61 35.59 35.6 35.62 35.62 35.61 35.63 35.62 35.59 35.62
34.83 34.83 34.84 34.85 34.85 34.87 34.87 34.86 34.87 34.88 34.88 34.88 34.89 34.9 34.92 34.93 34.94 34.94 35.08 35.28 35.6 35.99 36.18 36.26 36.34 36.38 36.37 36.27 36.02 35.76 35.63 35.56 35.5 35.45 35.43 35.43 35.43 35.44 35.44 35.45 35.49 35.5 35.5 35.52 35.54 35.56 35.58 35.63 35.65 35.65 35.62 35.6 35.61 35.6 35.61 35.61 35.59 35.6 35.6 35.59 35.58 35.58 35.59 35.6 35.6 35.6 35.62 35.62 35.61 35.6 35.61 35.62 35.62 35.62 35.64 35.62 35.59 35.6
34.77 34.78 34.78 34.79 34.79 34.8 34.81 34.81 34.82 34.83 34.85 34.86 34.88 34.89 34.89 34.9 34.9 34.91 34.98 35.06 35.3 35.74 36.05 36.21 36.33 36.41 36.44 36.36 36.12 35.84 35.69 35.6 35.53 35.48 35.45 35.43 35.44 35.44 35.44 35.45 35.49 35.51 35.52 35.53 35.53 35.54 35.59 35.63 35.66 35.66 35.64 35.63 35.6 35.58 35.6 35.62 35.6 35.59 35.61 35.59 35.59 35.6 35.62 35.62 35.63 35.63 35.63 35.62 35.61 35.62 35.63 35.64 35.62 35.63 35.65 35.63 35.61 35.6
34.71 34.72 34.73 34.74 34.74 34.76 34.78 34.79 34.81 34.82 34.84 34.85 34.85 34.86 34.87 34.87 34.88 34.91 34.94 34.96 35.08 35.53 35.91 36.14 36.3 36.42 36.47 36.43 36.21 35.92 35.75 35.64 35.55 35.49 35.47 35.45 35.47 35.47 35.47 35.47 35.5 35.52 35.54 35.55 35.56 35.57 35.6 35.62 35.64 35.65 35.64 35.63 35.59 35.59 35.6 35.62 35.6 35.59 35.62 35.59 35.59 35.61 35.63 35.63 35.64 35.64 35.62 35.61 35.6 35.61 35.63 35.65 35.63 35.64 35.65 35.63 35.61 35.61
34.67 34.68 34.7 34.72 34.73 34.75 34.77 34.78 34.8 34.81 34.82 34.83 34.83 34.83 34.84 34.85 34.87 34.92 34.94 34.96 34.98 35.36 35.77 36.06 36.27 36.41 36.47 36.45 36.26 35.96 35.79 35.67 35.59 35.53 35.51 35.51 35.53 35.52 35.5 35.52 35.54 35.55 35.55 35.57 35.59 35.61 35.63 35.64 35.64 35.64 35.64 35.62 35.6 35.6 35.61 35.63 35.62 35.62 35.63 35.61 35.63 35.64 35.64 35.64 35.64 35.65 35.61 35.6 35.59 35.62 35.64 35.65 35.65 35.64 35.65 35.63 35.62 35.61
34.66 34.68 34.7 34.71 34.72 34.74 34.76 34.77 34.78 34.79 34.79 34.8 34.8 34.81 34.81 34.84 34.88 34.93 34.96 34.99 34.96 35.26 35.64 35.98 36.24 36.39 36.45 36.42 36.26 35.99 35.81 35.71 35.65 35.6 35.58 35.58 35.58 35.56 35.55 35.56 35.58 35.59 35.58 35.59 35.61 35.64 35.65 35.65 35.65 35.65 35.63 35.62 35.61 35.61 35.64 35.63 35.63 35.62 35.64 35.63 35.64 35.64 35.64 35.63 35.64 35.65 35.63 35.61 35.62 35.65 35.66 35.67 35.68 35.66 35.65 35.63 35.61 35.6
34.65 34.67 34.69 34.7 34.72 34.73 34.75 34.75 34.75 34.76 34.77 34.77 34.77 34.79 34.81 34.84 34.89 34.94 34.97 35 35 35.17 35.49 35.89 36.18 36.35 36.4 36.38 36.29 36.04 35.86 35.77 35.71 35.67 35.64 35.64 35.62 35.61 35.61 35.61 35.61 35.63 35.63 35.63 35.65 35.67 35.66 35.65 35.65 35.66 35.64 35.63 35.62 35.62 35.63 35.64 35.63 35.63 35.64 35.64 35.64 35.63 35.63 35.63 35.64 35.65 35.63 35.63 35.65 35.66 35.66 35.68 35.69 35.68 35.65 35.61 35.6 35.59
34.64 34.66 34.68 34.69 34.71 34.71 34.72 34.73 34.73 34.73 34.74 34.74 34.75 34.79 34.82 34.85 34.9 34.95 34.98 35.01 35.04 35.15 35.35 35.74 36.08 36.27 36.32 36.35 36.32 36.11 35.96 35.82 35.74 35.7 35.69 35.69 35.68 35.68 35.67 35.68 35.68 35.68 35.68 35.66 35.68 35.7 35.68 35.66 35.66 35.66 35.66 35.64 35.62 35.6 35.61 35.64 35.65 35.65 35.64 35.64 35.64 35.63 35.64 35.64 35.65 35.65 35.64 35.65 35.66 35.66 35.67 35.67 35.67 35.66 35.63 35.61 35.61 35.59
34.63 34.65 34.67 34.67 34.68 34.69 34.69 34.7 34.7 34.7 34.71 34.72 34.75 34.8 34.83 34.86 34.91 34.96 34.99 35.02 35.07 35.17 35.28 35.63 36 36.19 36.25 36.34 36.31 36.18 36.04 35.87 35.78 35.74 35.73 35.72 35.72 35.73 35.73 35.72 35.72 35.72 35.71 35.71 35.71 35.72 35.71 35.69 35.67 35.67 35.68 35.65 35.63 35.61 35.62 35.64 35.66 35.66 35.65 35.64 35.63 35.63 35.64 35.64 35.66 35.66 35.65 35.66 35.67 35.67 35.68 35.66 35.64 35.64 35.62 35.62 35.62 35.61
34.62 34.64 34.64 34.65 34.65 34.66 34.66 34.66 34.66 34.68 34.7 34.72 34.77 34.82 34.85 34.88 34.93 34.97 35 35.03 35.06 35.15 35.24 35.58 35.95 36.12 36.2 36.31 36.29 36.23 36.08 35.91 35.82 35.78 35.78 35.76 35.76 35.76 35.78 35.77 35.76 35.76 35.77 35.76 35.74 35.73 35.74 35.73 35.7 35.69 35.69 35.66 35.63 35.62 35.64 35.65 35.67 35.67 35.66 35.64 35.63 35.64 35.63 35.64 35.66 35.66 35.66 35.67 35.67 35.68 35.67 35.65 35.63 35.63 35.62 35.62 35.62 35.61
34.61 34.61 34.61 34.61 34.62 34.62 34.61 34.62 34.64 34.68 34.7 34.74 34.79 34.84 34.86 34.9 34.93 34.96 34.98 35.01 35.05 35.11 35.16 35.5 35.87 36.05 36.15 36.25 36.27 36.24 36.1 35.95 35.86 35.82 35.8 35.79 35.81 35.81 35.82 35.83 35.82 35.82 35.85 35.84 35.81 35.78 35.77 35.76 35.74 35.72 35.68 35.66 35.65 35.65 35.66 35.67 35.67 35.66 35.66 35.65 35.64 35.66 35.66 35.65 35.65 35.65 35.66 35.65 35.65 35.67 35.67 35.65 35.63 35.63 35.62 35.61 35.61 35.6
34.61 34.57 34.56 34.56 34.57 34.57 34.58 34.6 34.64 34.69 34.72 34.75 34.79 34.83 34.85 34.88 34.92 34.97 35 35.01 35.04 35.07 35.09 35.39 35.77 35.94 36.06 36.2 36.27 36.26 36.15 35.99 35.89 35.86 35.82 35.81 35.84 35.86 35.88 35.88 35.87 35.88 35.91 35.92 35.91 35.87 35.82 35.79 35.77 35.74 35.69 35.67 35.67 35.68 35.69 35.69 35.69 35.67 35.67 35.67 35.67 35.68 35.69 35.67 35.65 35.66 35.66 35.65 35.66 35.68 35.68 35.67 35.65 35.64 35.63 35.62 35.6 35.59
