slabs/13.grd
DSAA
631 301
642630 643260
4946600 4946900
34.28 49.72
[rows 204 to 237 of 300, columns 0 to 77 of 631]
37.41 36.97 36.47 35.93 35.57 35.12 35.02 35.02 35.02 35.03 35.03 35.04 35.05 35.05 35.06 35.07 35.09 35.1 35.13 35.14 35.16 35.18 35.2 35.21 35.21 35.21 35.22 35.23 35.24 35.25 35.23 35.23 35.22 35.21 35.19 35.19 35.18 35.16 35.15 35.14 35.13 35.12 35.11 35.1 35.09 35.07 35.06 35.05 35.04 35.03 35.02 35.01 35 34.98 34.97 34.96 34.95 34.94 34.93 34.92 34.91 34.89 34.88 34.87 34.86 34.85 34.84 34.83 34.82 34.8 34.79 34.82 34.9 34.97 35.02 35.05 35.05 35.02
37.43 37 36.52 35.97 35.62 35.15 35.01 35.04 35.05 35.06 35.06 35.07 35.07 35.08 35.09 35.09 35.1 35.11 35.13 35.14 35.15 35.18 35.2 35.22 35.23 35.22 35.23 35.25 35.25 35.24 35.23 35.23 35.22 35.21 35.2 35.19 35.18 35.16 35.15 35.14 35.13 35.12 35.11 35.1 35.09 35.07 35.06 35.05 35.04 35.02 35.02 35.01 34.99 34.97 34.97 34.96 34.95 34.94 34.93 34.92 34.9 34.89 34.88 34.87 34.86 34.85 34.84 34.83 34.81 34.8 34.79 34.81 34.89 34.95 35.02 35.05 35.05 35.03
37.39 37.01 36.55 36.02 35.69 35.22 35 35.04 35.07 35.08 35.09 35.09 35.1 35.1 35.11 35.11 35.12 35.13 35.14 35.15 35.16 35.18 35.2 35.22 35.23 35.24 35.25 35.26 35.26 35.25 35.24 35.23 35.22 35.21 35.2 35.19 35.17 35.16 35.15 35.14 35.13 35.12 35.11 35.1 35.08 35.07 35.06 35.05 35.04 35.02 35.02 35.01 34.99 34.98 34.97 34.96 34.95 34.94 34.93 34.92 34.9 34.89 34.88 34.87 34.86 34.85 34.84 34.83 34.81 34.8 34.79 34.8 34.87 34.93 35 35.04 35.06 35.04
37.39 36.99 36.53 36.08 35.79 35.32 35.06 35.04 35.06 35.08 35.09 35.1 35.1 35.11 35.12 35.13 35.14 35.15 35.17 35.18 35.18 35.2 35.21 35.22 35.24 35.25 35.26 35.27 35.26 35.25 35.24 35.23 35.22 35.21 35.2 35.18 35.17 35.16 35.15 35.14 35.13 35.12 35.11 35.09 35.08 35.07 35.06 35.05 35.04 35.02 35.02 35 34.99 34.98 34.97 34.96 34.95 34.94 34.93 34.91 34.9 34.89 34.88 34.87 34.86 34.85 34.84 34.82 34.8 34.8 34.79 34.79 34.85 34.91 34.98 35.03 35.07 35.06
37.47 36.95 36.46 36.16 35.88 35.41 35.09 34.99 34.99 35.01 35.04 35.05 35.04 35.05 35.07 35.08 35.1 35.12 35.15 35.16 35.17 35.19 35.21 35.22 35.23 35.25 35.27 35.27 35.26 35.25 35.24 35.23 35.22 35.21 35.19 35.18 35.17 35.16 35.15 35.14 35.13 35.11 35.1 35.09 35.08 35.07 35.06 35.05 35.04 35.02 35.01 35 34.99 34.98 34.97 34.96 34.95 34.94 34.93 34.91 34.9 34.89 34.88 34.87 34.86 34.85 34.84 34.82 34.8 34.8 34.79 34.79 34.82 34.88 34.96 35.03 35.06 35.06
37.56 36.91 36.42 36.2 35.94 35.5 35.1 34.94 34.93 34.97 35 35.02 35.01 35.02 35.05 35.07 35.08 35.11 35.14 35.16 35.17 35.19 35.21 35.21 35.23 35.26 35.27 35.27 35.26 35.25 35.24 35.23 35.22 35.2 35.19 35.18 35.17 35.16 35.15 35.14 35.13 35.11 35.1 35.09 35.08 35.07 35.06 35.05 35.04 35.02 35.01 35 34.99 34.98 34.97 34.96 34.94 34.94 34.92 34.91 34.9 34.89 34.88 34.87 34.85 34.84 34.83 34.82 34.81 34.8 34.79 34.78 34.79 34.85 34.95 35.03 35.06 35.06
37.58 36.88 36.42 36.23 35.99 35.58 35.16 34.97 34.97 35 35.03 35.04 35.06 35.08 35.11 35.13 35.14 35.17 35.18 35.18 35.18 35.2 35.22 35.21 35.24 35.26 35.26 35.27 35.26 35.25 35.24 35.23 35.22 35.2 35.19 35.18 35.17 35.15 35.15 35.14 35.12 35.11 35.1 35.09 35.08 35.07 35.06 35.05 35.03 35.02 35.01 35 34.99 34.98 34.97 34.96 34.94 34.93 34.92 34.91 34.9 34.89 34.88 34.86 34.84 34.84 34.83 34.82 34.81 34.8 34.79 34.78 34.77 34.83 34.93 35.02 35.05 35.06
37.58 36.92 36.45 36.26 36.05 35.64 35.23 35.05 35.03 35.06 35.08 35.1 35.12 35.14 35.15 35.15 35.15 35.16 35.14 35.15 35.16 35.18 35.2 35.21 35.23 35.25 35.26 35.26 35.26 35.26 35.25 35.23 35.22 35.2 35.19 35.18 35.17 35.15 35.15 35.13 35.12 35.11 35.1 35.09 35.08 35.07 35.06 35.05 35.03 35.02 35.01 35 34.99 34.98 34.97 34.95 34.94 34.93 34.92 34.91 34.9 34.89 34.88 34.86 34.85 34.84 34.83 34.82 34.81 34.8 34.79 34.77 34.76 34.81 34.92 35.01 35.05 35.07
37.63 37.01 36.51 36.29 36.07 35.68 35.27 35.1 35.09 35.11 35.12 35.12 35.12 35.13 35.11 35.1 35.1 35.11 35.11 35.13 35.16 35.18 35.19 35.21 35.24 35.25 35.25 35.25 35.25 35.26 35.26 35.24 35.22 35.2 35.19 35.18 35.17 35.15 35.14 35.13 35.12 35.11 35.1 35.09 35.08 35.07 35.06 35.04 35.03 35.02 35.01 35 34.99 34.98 34.96 34.95 34.94 34.93 34.92 34.91 34.9 34.89 34.87 34.86 34.85 34.84 34.83 34.82 34.81 34.8 34.78 34.77 34.76 34.8 34.9 35 35.04 35.07
37.75 37.09 36.55 36.3 36.09 35.71 35.3 35.12 35.1 35.1 35.08 35.07 35.05 35.04 35.04 35.05 35.07 35.1 35.12 35.14 35.15 35.18 35.2 35.22 35.23 35.24 35.24 35.24 35.25 35.25 35.26 35.25 35.23 35.21 35.2 35.19 35.17 35.16 35.15 35.13 35.12 35.11 35.1 35.09 35.08 35.06 35.05 35.04 35.03 35.02 35.01 35 34.98 34.97 34.96 34.95 34.94 34.93 34.92 34.91 34.9 34.88 34.87 34.86 34.85 34.84 34.83 34.82 34.81 34.79 34.78 34.77 34.76 34.79 34.89 34.99 35.04 35.08
37.8 37.11 36.56 36.3 36.09 35.72 35.28 35.07 35.02 35 34.98 34.98 34.98 35.01 35.03 35.06 35.09 35.11 35.12 35.13 35.16 35.19 35.22 35.22 35.23 35.23 35.23 35.23 35.24 35.24 35.25 35.25 35.24 35.23 35.22 35.21 35.19 35.17 35.16 35.14 35.13 35.11 35.1 35.09 35.07 35.06 35.05 35.04 35.03 35.02 35.01 35 34.98 34.97 34.96 34.95 34.94 34.93 34.92 34.91 34.89 34.88 34.87 34.86 34.85 34.84 34.83 34.82 34.8 34.79 34.78 34.77 34.76 34.78 34.87 34.98 35.04 35.07
37.74 37.11 36.59 36.34 36.11 35.73 35.29 35.01 34.92 34.92 34.92 34.95 34.99 35.03 35.06 35.07 35.08 35.1 35.11 35.13 35.17 35.2 35.21 35.22 35.22 35.22 35.23 35.23 35.23 35.23 35.23 35.24 35.24 35.24 35.23 35.22 35.2 35.19 35.17 35.16 35.13 35.12 35.11 35.09 35.07 35.06 35.05 35.04 35.02 35.02 35.01 35 34.98 34.97 34.96 34.95 34.94 34.93 34.92 34.91 34.89 34.88 34.87 34.86 34.85 34.84 34.83 34.81 34.8 34.79 34.78 34.76 34.76 34.77 34.86 34.97 35.03 35.06
37.76 37.14 36.64 36.39 36.14 35.75 35.38 35.02 34.89 34.92 34.95 34.99 35.03 35.05 35.05 35.05 35.07 35.09 35.12 35.15 35.18 35.2 35.21 35.21 35.22 35.22 35.22 35.22 35.22 35.22 35.22 35.23 35.24 35.24 35.23 35.22 35.21 35.2 35.19 35.16 35.14 35.13 35.12 35.1 35.08 35.06 35.05 35.04 35.02 35.02 35.01 34.99 34.98 34.97 34.96 34.95 34.94 34.93 34.92 34.9 34.89 34.88 34.87 34.86 34.85 34.84 34.83 34.81 34.8 34.79 34.78 34.76 34.76 34.76 34.84 34.92 34.99 35.04
37.79 37.16 36.71 36.44 36.18 35.76 35.44 35.07 34.94 34.97 35 35.02 35.03 35.03 35.03 35.04 35.07 35.11 35.14 35.17 35.19 35.2 35.2 35.2 35.21 35.21 35.21 35.21 35.21 35.21 35.21 35.22 35.23 35.24 35.23 35.23 35.21 35.21 35.2 35.17 35.15 35.14 35.13 35.11 35.09 35.07 35.06 35.04 35.02 35.02 35.01 34.99 34.98 34.97 34.96 34.95 34.94 34.93 34.91 34.9 34.89 34.88 34.87 34.86 34.85 34.84 34.82 34.8 34.8 34.79 34.78 34.77 34.76 34.75 34.82 34.88 34.95 35.04
37.78 37.15 36.74 36.45 36.2 35.78 35.44 35.09 34.98 34.99 35 35 35 35.02 35.03 35.06 35.09 35.14 35.16 35.19 35.19 35.19 35.19 35.2 35.2 35.2 35.2 35.2 35.2 35.2 35.2 35.21 35.23 35.23 35.23 35.23 35.22 35.21 35.2 35.19 35.16 35.15 35.14 35.12 35.1 35.08 35.07 35.05 35.03 35.02 35.01 34.99 34.98 34.97 34.96 34.95 34.94 34.93 34.91 34.9 34.89 34.88 34.87 34.86 34.84 34.84 34.82 34.8 34.8 34.79 34.78 34.77 34.76 34.74 34.8 34.87 34.94 35.03
37.79 37.15 36.76 36.46 36.2 35.78 35.44 35.08 34.95 34.95 34.96 34.97 34.99 35.03 35.05 35.08 35.12 35.16 35.18 35.19 35.18 35.18 35.19 35.19 35.19 35.19 35.19 35.19 35.19 35.19 35.19 35.2 35.22 35.22 35.23 35.23 35.22 35.21 35.2 35.19 35.17 35.16 35.15 35.13 35.11 35.1 35.08 35.06 35.05 35.03 35.01 34.99 34.98 34.97 34.96 34.95 34.94 34.92 34.91 34.9 34.89 34.88 34.87 34.85 34.84 34.83 34.82 34.81 34.8 34.79 34.78 34.77 34.75 34.74 34.79 34.85 34.92 35.02
37.8 37.15 36.78 36.47 36.18 35.76 35.45 35.05 34.91 34.92 34.94 34.96 35 35.04 35.07 35.09 35.14 35.17 35.18 35.18 35.18 35.18 35.18 35.18 35.18 35.18 35.18 35.18 35.18 35.18 35.19 35.19 35.2 35.21 35.21 35.22 35.21 35.21 35.2 35.2 35.18 35.18 35.16 35.14 35.13 35.11 35.09 35.07 35.06 35.05 35.03 35.01 35 34.98 34.97 34.95 34.94 34.92 34.91 34.9 34.89 34.88 34.86 34.85 34.84 34.83 34.82 34.81 34.8 34.79 34.77 34.76 34.75 34.74 34.78 34.84 34.91 35.01
37.83 37.18 36.82 36.48 36.15 35.73 35.45 35.04 34.9 34.92 34.95 34.98 35.02 35.05 35.08 35.11 35.15 35.17 35.17 35.17 35.17 35.17 35.17 35.17 35.17 35.17 35.17 35.17 35.17 35.18 35.18 35.18 35.19 35.2 35.2 35.22 35.22 35.21 35.21 35.2 35.19 35.18 35.17 35.15 35.14 35.12 35.11 35.09 35.08 35.07 35.05 35.03 35.02 35 34.98 34.96 34.95 34.93 34.92 34.9 34.89 34.88 34.86 34.85 34.84 34.83 34.82 34.81 34.8 34.79 34.77 34.76 34.75 34.74 34.77 34.82 34.9 35
37.89 37.23 36.85 36.49 36.14 35.72 35.45 35.08 34.93 34.94 34.96 35 35.04 35.07 35.09 35.13 35.15 35.16 35.16 35.16 35.16 35.16 35.16 35.16 35.16 35.16 35.16 35.16 35.17 35.17 35.17 35.17 35.18 35.19 35.2 35.21 35.22 35.21 35.21 35.2 35.19 35.18 35.18 35.16 35.15 35.14 35.13 35.1 35.09 35.08 35.06 35.04 35.03 35.01 34.99 34.97 34.96 34.95 34.92 34.9 34.9 34.88 34.86 34.85 34.84 34.83 34.82 34.81 34.8 34.78 34.77 34.76 34.75 34.74 34.77 34.81 34.88 34.98
37.91 37.23 36.84 36.48 36.12 35.7 35.43 35.12 34.96 34.95 34.98 35.01 35.05 35.08 35.11 35.14 35.15 35.15 35.15 35.15 35.15 35.15 35.15 35.15 35.15 35.15 35.16 35.16 35.16 35.16 35.16 35.16 35.17 35.18 35.19 35.2 35.21 35.21 35.21 35.2 35.2 35.19 35.18 35.17 35.16 35.16 35.14 35.12 35.11 35.09 35.07 35.05 35.04 35.02 35 34.98 34.97 34.96 34.93 34.92 34.91 34.88 34.86 34.85 34.84 34.83 34.82 34.81 34.8 34.78 34.77 34.76 34.75 34.74 34.76 34.79 34.86 34.97
37.88 37.18 36.8 36.43 36.09 35.71 35.42 35.11 34.98 34.97 34.99 35.03 35.07 35.09 35.12 35.14 35.14 35.14 35.14 35.14 35.14 35.14 35.14 35.14 35.14 35.15 35.15 35.16 35.15 35.15 35.15 35.15 35.16 35.16 35.17 35.19 35.19 35.19 35.2 35.2 35.2 35.19 35.18 35.17 35.16 35.16 35.15 35.13 35.12 35.1 35.08 35.06 35.05 35.03 35.01 34.99 34.99 34.96 34.94 34.93 34.92 34.9 34.88 34.86 34.85 34.83 34.82 34.81 34.8 34.78 34.76 34.76 34.75 34.74 34.75 34.77 34.85 34.95
37.82 37.11 36.73 36.38 36.05 35.75 35.42 35.08 34.99 34.99 35.01 35.04 35.09 35.11 35.13 35.14 35.13 35.13 35.13 35.13 35.13 35.13 35.13 35.13 35.14 35.14 35.14 35.14 35.14 35.14 35.14 35.14 35.14 35.15 35.16 35.17 35.18 35.18 35.19 35.2 35.2 35.19 35.18 35.17 35.17 35.16 35.15 35.14 35.13 35.11 35.09 35.07 35.06 35.04 35.02 35.01 35 34.98 34.96 34.94 34.93 34.91 34.89 34.87 34.86 34.84 34.82 34.81 34.8 34.78 34.76 34.76 34.75 34.74 34.74 34.75 34.83 34.94
37.72 37.08 36.71 36.35 36.01 35.74 35.4 35.05 35 35 35.02 35.06 35.1 35.13 35.13 35.13 35.13 35.12 35.12 35.12 35.13 35.13 35.13 35.13 35.13 35.13 35.13 35.13 35.13 35.13 35.13 35.13 35.13 35.14 35.15 35.16 35.17 35.17 35.18 35.2 35.2 35.19 35.18 35.17 35.17 35.16 35.15 35.14 35.14 35.12 35.1 35.09 35.08 35.06 35.03 35.02 35.01 34.99 34.97 34.95 34.94 34.92 34.9 34.89 34.87 34.85 34.83 34.82 34.8 34.79 34.77 34.76 34.75 34.74 34.73 34.73 34.8 34.9
37.64 37.12 36.72 36.31 35.96 35.7 35.39 35.02 34.97 35.01 35.04 35.08 35.11 35.12 35.11 35.11 35.11 35.11 35.11 35.11 35.11 35.12 35.12 35.12 35.12 35.12 35.12 35.12 35.12 35.12 35.12 35.12 35.13 35.13 35.14 35.15 35.16 35.16 35.17 35.19 35.2 35.19 35.18 35.17 35.17 35.16 35.15 35.15 35.14 35.13 35.11 35.1 35.09 35.07 35.04 35.03 35.02 35 34.98 34.97 34.95 34.93 34.91 34.9 34.88 34.86 34.84 34.83 34.82 34.8 34.78 34.77 34.76 34.74 34.73 34.72 34.75 34.8
37.62 37.15 36.71 36.26 35.89 35.65 35.38 35.04 34.96 35.03 35.07 35.09 35.11 35.1 35.1 35.1 35.1 35.1 35.1 35.1 35.1 35.11 35.11 35.11 35.11 35.11 35.11 35.11 35.11 35.11 35.11 35.12 35.12 35.12 35.13 35.14 35.15 35.15 35.16 35.18 35.18 35.19 35.18 35.18 35.17 35.16 35.15 35.15 35.14 35.13 35.12 35.11 35.1 35.08 35.05 35.04 35.03 35.01 34.99 34.98 34.96 34.94 34.92 34.91 34.9 34.88 34.86 34.85 34.84 34.81 34.8 34.79 34.77 34.74 34.71 34.69 34.68 34.69
37.62 37.16 36.7 36.23 35.84 35.61 35.35 35.1 35.02 35.06 35.08 35.09 35.09 35.09 35.09 35.09 35.09 35.09 35.09 35.1 35.1 35.1 35.1 35.1 35.1 35.1 35.1 35.1 35.1 35.11 35.11 35.11 35.11 35.11 35.12 35.13 35.14 35.14 35.16 35.16 35.17 35.17 35.18 35.18 35.17 35.16 35.16 35.15 35.14 35.13 35.12 35.12 35.11 35.09 35.07 35.06 35.04 35.02 35 34.99 34.98 34.96 34.94 34.93 34.92 34.9 34.88 34.87 34.85 34.83 34.82 34.8 34.77 34.71 34.66 34.65 34.67 34.7
37.61 37.17 36.71 36.23 35.84 35.62 35.37 35.16 35.09 35.08 35.09 35.08 35.08 35.08 35.08 35.08 35.08 35.08 35.09 35.09 35.09 35.09 35.09 35.09 35.09 35.09 35.09 35.09 35.1 35.1 35.1 35.1 35.1 35.1 35.11 35.12 35.13 35.13 35.15 35.16 35.16 35.17 35.18 35.18 35.17 35.17 35.16 35.15 35.14 35.13 35.12 35.12 35.11 35.1 35.08 35.07 35.06 35.04 35.02 35.01 35 34.98 34.96 34.95 34.93 34.91 34.9 34.88 34.86 34.84 34.83 34.8 34.75 34.7 34.69 34.71 34.75 34.77
37.62 37.18 36.68 36.23 35.85 35.64 35.41 35.19 35.12 35.11 35.07 35.06 35.07 35.07 35.07 35.07 35.07 35.08 35.08 35.08 35.08 35.08 35.08 35.08 35.08 35.08 35.08 35.09 35.09 35.09 35.09 35.09 35.09 35.09 35.1 35.11 35.12 35.13 35.14 35.14 35.15 35.16 35.17 35.18 35.17 35.17 35.16 35.15 35.14 35.14 35.12 35.12 35.11 35.1 35.09 35.09 35.08 35.06 35.04 35.03 35.01 34.99 34.98 34.96 34.94 34.92 34.91 34.89 34.87 34.84 34.81 34.79 34.76 34.78 34.8 34.82 34.82 34.81
37.61 37.18 36.66 36.24 35.87 35.66 35.42 35.19 35.12 35.11 35.06 35.06 35.07 35.08 35.07 35.07 35.07 35.07 35.07 35.07 35.07 35.07 35.07 35.07 35.07 35.07 35.08 35.08 35.08 35.08 35.08 35.08 35.08 35.08 35.09 35.1 35.11 35.12 35.13 35.13 35.14 35.15 35.16 35.17 35.17 35.17 35.16 35.15 35.15 35.14 35.13 35.12 35.11 35.11 35.09 35.09 35.08 35.07 35.06 35.04 35.02 35 34.99 34.97 34.95 34.93 34.92 34.91 34.88 34.83 34.8 34.81 34.84 34.85 34.85 34.85 34.84 34.82
37.56 37.13 36.68 36.25 35.91 35.73 35.47 35.2 35.11 35.09 35.05 35.06 35.07 35.07 35.07 35.07 35.07 35.07 35.07 35.07 35.07 35.07 35.07 35.07 35.07 35.07 35.07 35.07 35.07 35.07 35.08 35.08 35.07 35.07 35.08 35.09 35.09 35.11 35.11 35.11 35.12 35.14 35.15 35.15 35.15 35.16 35.16 35.16 35.15 35.14 35.13 35.12 35.12 35.11 35.1 35.09 35.08 35.07 35.06 35.05 35.03 35.01 35 34.99 34.96 34.94 34.93 34.9 34.89 34.87 34.87 34.89 34.9 34.88 34.87 34.85 34.84 34.82
37.51 37.07 36.66 36.26 35.99 35.83 35.54 35.22 35.1 35.06 35.03 35.04 35.05 35.05 35.05 35.05 35.05 35.05 35.06 35.06 35.06 35.06 35.06 35.06 35.06 35.06 35.06 35.07 35.06 35.06 35.06 35.07 35.05 35.05 35.04 35.05 35.07 35.08 35.09 35.1 35.11 35.12 35.13 35.14 35.14 35.15 35.16 35.16 35.15 35.14 35.13 35.12 35.12 35.11 35.1 35.09 35.09 35.08 35.07 35.06 35.04 35.02 35.01 34.99 34.97 34.95 34.94 34.9 34.91 34.92 34.93 34.94 34.93 34.89 34.87 34.86 34.84 34.82
37.58 37.14 36.65 36.29 36.11 35.96 35.59 35.22 35.08 35.04 35.02 35.03 35.03 35.03 35.03 35.04 35.04 35.04 35.04 35.04 35.04 35.05 35.05 35.05 35.05 35.05 35.06 35.05 35.04 35.04 35.05 35.04 35.02 34.96 34.9 34.88 34.92 35.01 35.07 35.09 35.1 35.11 35.12 35.13 35.13 35.14 35.16 35.16 35.15 35.14 35.14 35.13 35.12 35.11 35.1 35.1 35.09 35.08 35.07 35.06 35.05 35.03 35.02 35 34.98 34.97 34.96 34.95 34.96 34.96 34.96 34.96 34.93 34.89 34.88 34.86 34.84 34.82
37.73 37.25 36.65 36.31 36.2 36.03 35.63 35.23 35.06 35.02 35.01 35.02 35.02 35.02 35.02 35.02 35.02 35.02 35.02 35.02 35.03 35.03 35.03 35.03 35.03 35.04 35.04 35.04 35.03 35.03 34.99 34.96 34.91 34.83 34.78 34.76 34.8 34.9 34.96 34.98 35.03 35.09 35.11 35.12 35.12 35.13 35.15 35.15 35.15 35.14 35.14 35.13 35.12 35.11 35.1 35.1 35.09 35.08 35.07 35.06 35.06 35.04 35.03 35.01 35 34.99 34.99 34.99 34.98 34.97 34.96 34.95 34.91 34.88 34.89 34.88 34.85 34.83
37.83 37.3 36.64 36.31 36.22 36.04 35.62 35.21 35.05 35.01 35 35 35 35 35 35 35.01 35 35 35 35.01 35.02 35.02 35.02 35.02 35.02 35.03 35.03 35 34.94 34.87 34.83 34.8 34.79 34.82 34.85 34.88 34.9 34.9 34.9 34.95 35.03 35.05 35.05 35.1 35.13 35.13 35.14 35.15 35.14 35.14 35.13 35.12 35.11 35.1 35.1 35.09 35.08 35.07 35.07 35.06 35.04 35.02 35.02 35.01 35.01 35 34.99 34.96 34.94 34.91 34.88 34.86 34.85 34.9 34.91 34.88 34.85
