slabs/14.grd
DSAA
631 301
642630 643260
4946900 4947200
34.02 50.15
[rows 0 to 33 of 301, columns 234 to 311 of 631]
34.87 34.76 34.63 34.57 34.65 34.72 34.81 34.94 35.03 35.06 35.05 35.04 35.02 34.99 34.96 35 35.22 35.38 35.6 36.09 36.43 36.57 36.66 36.77 36.91 37.01 37.07 37.07 37.05 37.04 37.05 36.99 36.92 36.88 36.86 36.8 36.74 36.64 36.48 36.31 36.21 36 35.75 35.6 35.51 35.4 35.35 35.32 35.31 35.3 35.33 35.36 35.37 35.37 35.41 35.45 35.51 35.54 35.54 35.54 35.56 35.64 35.69 35.72 35.73 35.76 35.77 35.75 35.7 35.65 35.58 35.53 35.44 35.35 35.28 35.19 35.14 35.1
34.93 34.86 34.73 34.64 34.66 34.71 34.79 34.91 35 35.03 35.04 35.08 35.17 35.22 35.31 35.55 35.85 36.06 36.29 36.7 36.92 37.02 37.14 37.27 37.36 37.42 37.48 37.54 37.51 37.44 37.41 37.31 37.24 37.18 37.14 37.09 37.05 37.01 36.83 36.66 36.54 36.31 36.01 35.81 35.66 35.5 35.4 35.38 35.35 35.33 35.35 35.37 35.36 35.37 35.39 35.4 35.45 35.47 35.46 35.47 35.48 35.51 35.56 35.58 35.54 35.5 35.48 35.46 35.42 35.33 35.24 35.19 35.13 35.09 35.07 35.03 34.99 34.98
34.99 34.96 34.88 34.78 34.77 34.79 34.84 34.91 34.98 35 35.01 35.06 35.21 35.32 35.57 36.02 36.32 36.52 36.78 37.07 37.25 37.34 37.5 37.65 37.76 37.84 37.93 38.05 38.01 37.85 37.74 37.63 37.56 37.53 37.49 37.45 37.41 37.37 37.17 37.02 36.89 36.62 36.27 36.04 35.84 35.63 35.49 35.45 35.41 35.38 35.38 35.38 35.37 35.38 35.39 35.39 35.41 35.42 35.43 35.41 35.39 35.43 35.47 35.48 35.44 35.37 35.31 35.29 35.25 35.2 35.16 35.09 35 34.88 34.84 34.87 34.9 34.97
35.01 35.01 34.98 34.95 34.96 34.97 34.97 34.96 34.97 34.97 34.99 35.03 35.12 35.31 35.72 36.22 36.51 36.72 37.03 37.35 37.52 37.63 37.84 38.07 38.2 38.3 38.41 38.48 38.42 38.23 38.08 37.97 37.92 37.95 37.94 37.89 37.81 37.69 37.49 37.34 37.18 36.9 36.51 36.25 36.04 35.8 35.62 35.54 35.5 35.45 35.43 35.42 35.41 35.41 35.41 35.42 35.41 35.42 35.43 35.41 35.38 35.41 35.44 35.43 35.43 35.39 35.34 35.29 35.22 35.16 35.11 35.01 34.9 34.79 34.76 34.86 34.96 35.02
34.99 35 35.02 35.04 35.06 35.08 35.05 35.01 34.97 34.95 34.97 35.05 35.14 35.44 35.95 36.43 36.69 36.93 37.26 37.58 37.75 37.9 38.15 38.41 38.56 38.72 38.87 38.89 38.81 38.62 38.43 38.33 38.33 38.41 38.39 38.32 38.17 37.98 37.79 37.64 37.45 37.19 36.79 36.5 36.27 35.99 35.77 35.66 35.61 35.56 35.51 35.49 35.47 35.46 35.44 35.44 35.43 35.44 35.44 35.44 35.46 35.47 35.46 35.47 35.48 35.45 35.41 35.34 35.24 35.15 35.09 34.99 34.91 34.87 34.87 34.95 35.01 35.03
34.97 34.98 35.01 35.04 35.06 35.07 35.04 35 34.97 34.94 34.92 35.08 35.29 35.66 36.17 36.63 36.88 37.15 37.47 37.83 38.04 38.2 38.47 38.76 38.91 39.08 39.27 39.29 39.2 39 38.78 38.71 38.75 38.84 38.78 38.66 38.47 38.26 38.06 37.93 37.74 37.49 37.11 36.82 36.61 36.27 35.98 35.86 35.76 35.68 35.61 35.58 35.53 35.51 35.5 35.48 35.47 35.47 35.47 35.48 35.58 35.58 35.55 35.54 35.57 35.53 35.47 35.38 35.26 35.15 35.09 35.03 34.96 34.96 34.98 35.01 35.02 35.02
34.95 34.97 35 35.03 35.06 35.07 35.03 34.98 34.95 34.92 34.91 35.11 35.36 35.79 36.32 36.79 37.05 37.36 37.7 38.1 38.34 38.49 38.78 39.08 39.21 39.36 39.52 39.58 39.52 39.32 39.13 39.07 39.13 39.2 39.1 38.96 38.76 38.55 38.32 38.23 38.07 37.8 37.46 37.23 36.95 36.53 36.2 36.07 35.92 35.79 35.7 35.65 35.59 35.57 35.57 35.57 35.57 35.58 35.57 35.6 35.7 35.69 35.65 35.65 35.63 35.53 35.45 35.32 35.21 35.12 35.05 34.99 34.96 34.99 35.01 35.02 35 35
34.94 34.95 34.98 35.02 35.05 35.05 35.02 34.97 34.95 34.94 34.95 35.19 35.47 35.89 36.42 36.92 37.21 37.53 37.93 38.38 38.62 38.79 39.07 39.34 39.44 39.53 39.64 39.7 39.7 39.62 39.5 39.46 39.49 39.5 39.39 39.31 39.16 38.94 38.67 38.55 38.36 38.06 37.74 37.55 37.19 36.72 36.41 36.25 36.07 35.89 35.81 35.74 35.67 35.62 35.61 35.65 35.69 35.7 35.69 35.69 35.73 35.7 35.66 35.7 35.54 35.38 35.31 35.21 35.11 35.02 34.95 34.92 34.94 34.98 35.01 35.02 35 34.99
34.92 34.94 34.97 34.99 35 35.01 34.99 34.98 34.98 34.99 35.04 35.31 35.58 35.95 36.47 37.03 37.34 37.65 38.12 38.61 38.86 39.08 39.36 39.57 39.69 39.76 39.82 39.85 39.87 40 40.01 39.99 39.98 39.91 39.77 39.69 39.56 39.34 39.03 38.83 38.58 38.25 37.92 37.74 37.41 36.96 36.67 36.44 36.2 36.02 35.92 35.84 35.76 35.69 35.66 35.69 35.73 35.74 35.74 35.71 35.66 35.62 35.6 35.59 35.35 35.18 35.13 35.08 35 34.92 34.87 34.88 34.93 34.97 35.01 35.02 35 34.99
34.91 34.93 34.95 34.94 34.94 34.95 34.95 34.98 35 35.03 35.11 35.4 35.64 35.98 36.51 37.12 37.44 37.75 38.27 38.74 39.02 39.33 39.66 39.85 40.03 40.19 40.28 40.3 40.28 40.39 40.42 40.42 40.42 40.34 40.15 40.02 39.89 39.63 39.3 39.11 38.88 38.52 38.18 37.99 37.67 37.26 36.98 36.66 36.34 36.14 36.03 35.96 35.86 35.77 35.72 35.7 35.68 35.68 35.67 35.62 35.54 35.49 35.46 35.37 35.14 35 34.96 34.96 34.91 34.85 34.81 34.86 34.93 34.97 35.01 35.02 35.01 35
34.9 34.9 34.89 34.87 34.86 34.87 34.92 34.96 34.99 35.03 35.14 35.44 35.67 36.02 36.55 37.16 37.5 37.85 38.38 38.83 39.18 39.59 39.98 40.18 40.39 40.62 40.73 40.74 40.71 40.65 40.61 40.6 40.64 40.62 40.46 40.33 40.16 39.84 39.57 39.42 39.2 38.83 38.5 38.25 37.91 37.53 37.29 36.95 36.52 36.28 36.17 36.09 35.97 35.83 35.74 35.64 35.58 35.53 35.5 35.44 35.36 35.29 35.24 35.1 34.93 34.85 34.83 34.86 34.84 34.78 34.74 34.82 34.92 34.97 35 35.02 35.01 35
34.87 34.85 34.81 34.8 34.79 34.8 34.87 34.93 34.95 34.97 35.07 35.37 35.62 36.01 36.53 37.02 37.42 37.89 38.45 38.9 39.29 39.75 40.18 40.41 40.62 40.82 40.9 40.91 40.91 40.85 40.81 40.81 40.86 40.85 40.7 40.57 40.32 39.97 39.77 39.63 39.41 39.04 38.73 38.44 38.11 37.76 37.53 37.23 36.78 36.47 36.33 36.22 36.07 35.86 35.73 35.59 35.48 35.39 35.31 35.21 35.1 35.01 34.95 34.84 34.76 34.72 34.73 34.76 34.74 34.69 34.68 34.76 34.89 34.95 35 35.02 35.02 35.01
34.81 34.78 34.74 34.75 34.76 34.76 34.84 34.9 34.91 34.81 34.89 35.17 35.46 35.91 36.45 36.82 37.25 37.83 38.45 38.89 39.27 39.73 40.18 40.43 40.72 40.94 40.98 41 41.03 40.98 40.97 40.98 41.02 41 40.9 40.78 40.49 40.12 39.89 39.74 39.52 39.17 38.89 38.63 38.31 37.96 37.74 37.47 37.04 36.68 36.52 36.35 36.16 35.91 35.75 35.57 35.41 35.3 35.17 35 34.83 34.72 34.67 34.67 34.66 34.64 34.64 34.65 34.65 34.63 34.64 34.72 34.86 34.94 34.99 35.02 35.01 35.01
34.74 34.7 34.66 34.74 34.79 34.79 34.81 34.81 34.78 34.65 34.77 35.05 35.36 35.8 36.34 36.71 37.14 37.69 38.31 38.73 39.15 39.63 40.1 40.38 40.73 40.99 41.03 41.04 41.05 41.04 41.03 41.06 41.07 41.06 41.02 40.94 40.7 40.34 40.06 39.88 39.63 39.3 39.07 38.84 38.53 38.17 37.95 37.67 37.27 36.91 36.72 36.49 36.26 36.01 35.86 35.62 35.36 35.2 35.08 34.92 34.76 34.66 34.57 34.62 34.62 34.6 34.58 34.59 34.6 34.58 34.61 34.68 34.82 34.92 34.98 35.02 35.01 35.01
34.7 34.61 34.57 34.71 34.8 34.83 34.8 34.74 34.67 34.66 34.87 35.11 35.35 35.73 36.24 36.6 37.03 37.55 38.11 38.52 38.99 39.49 40 40.32 40.69 40.96 41.05 41.07 41.04 41.06 41.08 41.08 41.05 41.04 41.03 41.03 40.91 40.57 40.29 40.09 39.79 39.47 39.29 39.06 38.75 38.39 38.18 37.91 37.54 37.16 36.95 36.63 36.32 36.1 35.96 35.66 35.29 35.05 34.96 34.88 34.77 34.68 34.62 34.63 34.61 34.59 34.56 34.55 34.55 34.54 34.57 34.64 34.78 34.88 34.97 35.02 35.02 35.01
34.63 34.51 34.5 34.62 34.74 34.82 34.8 34.75 34.68 34.79 35.02 35.15 35.32 35.65 36.13 36.46 36.88 37.42 37.96 38.33 38.82 39.35 39.91 40.24 40.62 40.92 41.05 41.11 41.08 41.1 41.13 41.12 41.04 40.97 40.94 41.01 41.01 40.74 40.5 40.28 39.96 39.64 39.48 39.23 38.98 38.66 38.48 38.25 37.88 37.51 37.21 36.76 36.33 36.08 35.86 35.54 35.19 34.95 34.85 34.77 34.65 34.58 34.59 34.62 34.6 34.58 34.55 34.51 34.5 34.5 34.54 34.61 34.73 34.82 34.94 35.02 35.03 35.02
34.53 34.4 34.45 34.56 34.69 34.81 34.82 34.77 34.71 34.85 35.04 35.13 35.28 35.56 36 36.3 36.73 37.29 37.86 38.2 38.66 39.2 39.74 40.09 40.52 40.88 41.05 41.15 41.19 41.16 41.13 41.13 41.04 40.92 40.86 40.93 40.97 40.76 40.58 40.33 40 39.66 39.49 39.27 39.11 38.8 38.61 38.42 38.09 37.8 37.43 36.89 36.33 36.02 35.71 35.37 35.1 34.94 34.84 34.74 34.64 34.59 34.63 34.65 34.6 34.57 34.54 34.52 34.55 34.57 34.55 34.58 34.66 34.76 34.9 35 35.03 35.02
34.51 34.41 34.48 34.61 34.72 34.79 34.83 34.83 34.79 34.86 35.02 35.11 35.25 35.52 35.92 36.19 36.58 37.15 37.76 38.08 38.5 39.03 39.46 39.84 40.36 40.8 40.98 41.09 41.17 41.13 41.09 41.09 41.03 40.93 40.89 40.9 40.89 40.69 40.53 40.26 39.91 39.57 39.39 39.12 38.95 38.71 38.51 38.3 38.03 37.84 37.55 36.98 36.37 36.02 35.65 35.28 35.07 34.99 34.92 34.83 34.76 34.74 34.81 34.74 34.62 34.57 34.55 34.6 34.72 34.8 34.72 34.64 34.64 34.73 34.88 34.99 35.02 35.01
34.59 34.56 34.59 34.66 34.71 34.75 34.8 34.83 34.86 34.91 35.04 35.13 35.25 35.49 35.87 36.11 36.45 37 37.58 37.9 38.31 38.82 39.19 39.6 40.16 40.61 40.81 40.94 41.06 41.07 41.04 41.02 41 40.95 40.92 40.91 40.83 40.6 40.43 40.17 39.84 39.55 39.34 38.93 38.6 38.44 38.31 38.13 37.86 37.69 37.43 36.84 36.28 35.99 35.61 35.25 35.08 35.03 35 34.95 34.91 34.9 34.92 34.82 34.69 34.6 34.58 34.75 34.92 35.04 35.03 34.88 34.78 34.82 34.96 35.04 35.03 34.98
34.7 34.69 34.69 34.69 34.7 34.73 34.77 34.8 34.87 34.94 35.05 35.13 35.23 35.45 35.78 36.02 36.34 36.88 37.33 37.64 38.07 38.59 38.97 39.4 39.95 40.36 40.56 40.75 41 41.06 41.03 41 40.96 40.92 40.91 40.9 40.76 40.51 40.34 40.08 39.75 39.52 39.26 38.81 38.34 38.13 38.02 37.88 37.6 37.4 37.04 36.46 35.99 35.79 35.5 35.24 35.11 35.06 35.05 35.04 35.01 34.99 34.95 34.88 34.84 34.72 34.71 34.93 35.1 35.23 35.34 35.24 35.11 35.12 35.23 35.21 35.13 34.96
34.72 34.74 34.74 34.73 34.74 34.77 34.82 34.85 34.92 35 35.07 35.12 35.21 35.42 35.65 35.9 36.25 36.76 37.13 37.42 37.81 38.34 38.72 39.18 39.78 40.21 40.39 40.65 40.97 41.05 41.02 40.97 40.86 40.86 40.91 40.89 40.73 40.48 40.28 39.99 39.64 39.41 39.14 38.69 38.23 37.98 37.81 37.61 37.29 37.08 36.58 36.04 35.69 35.55 35.39 35.25 35.16 35.12 35.12 35.11 35.08 35.05 35 34.98 35.02 34.97 34.97 35.18 35.33 35.47 35.56 35.57 35.54 35.56 35.56 35.45 35.34 35.09
34.7 34.71 34.73 34.74 34.76 34.81 34.88 34.92 34.98 35.04 35.09 35.12 35.22 35.41 35.57 35.81 36.17 36.63 36.96 37.26 37.65 38.17 38.54 39.02 39.69 40.19 40.36 40.61 40.89 41 41 40.96 40.87 40.87 40.92 40.88 40.71 40.5 40.27 39.95 39.56 39.31 39.03 38.61 38.16 37.9 37.66 37.38 37.04 36.81 36.22 35.74 35.51 35.42 35.35 35.28 35.22 35.2 35.2 35.18 35.18 35.17 35.15 35.18 35.24 35.25 35.27 35.45 35.58 35.64 35.65 35.69 35.73 35.77 35.67 35.56 35.49 35.24
34.71 34.7 34.69 34.7 34.73 34.78 34.84 34.88 34.94 35 35.06 35.09 35.21 35.41 35.57 35.81 36.18 36.61 36.89 37.22 37.64 38.14 38.48 38.96 39.62 40.14 40.32 40.55 40.83 40.99 41.02 41.05 41.01 40.99 40.96 40.88 40.7 40.49 40.26 39.94 39.52 39.25 38.96 38.54 38.06 37.77 37.51 37.18 36.82 36.59 36.04 35.62 35.46 35.42 35.38 35.32 35.29 35.3 35.29 35.31 35.33 35.33 35.36 35.4 35.43 35.41 35.44 35.58 35.69 35.64 35.62 35.66 35.68 35.7 35.64 35.58 35.54 35.28
34.77 34.73 34.7 34.69 34.71 34.71 34.73 34.74 34.81 34.92 35.01 35.07 35.2 35.43 35.6 35.87 36.27 36.71 36.98 37.3 37.69 38.14 38.43 38.89 39.54 40.1 40.31 40.54 40.85 41.02 41.07 41.11 41.09 41.07 41 40.9 40.68 40.47 40.23 39.9 39.48 39.22 38.92 38.47 37.94 37.65 37.37 37 36.62 36.4 35.95 35.61 35.49 35.46 35.44 35.42 35.43 35.43 35.43 35.45 35.46 35.48 35.52 35.52 35.51 35.49 35.53 35.62 35.67 35.6 35.6 35.63 35.63 35.64 35.62 35.59 35.56 35.35
34.85 34.82 34.79 34.76 34.75 34.72 34.69 34.67 34.75 34.89 35 35.07 35.22 35.47 35.66 35.95 36.35 36.8 37.07 37.4 37.75 38.16 38.41 38.86 39.5 40.03 40.28 40.57 40.9 41.06 41.13 41.14 41.12 41.09 41.01 40.89 40.66 40.47 40.21 39.87 39.44 39.18 38.86 38.38 37.84 37.57 37.27 36.87 36.49 36.26 35.91 35.64 35.54 35.51 35.52 35.54 35.57 35.57 35.58 35.56 35.54 35.58 35.59 35.56 35.54 35.6 35.65 35.65 35.63 35.57 35.59 35.6 35.59 35.6 35.59 35.57 35.55 35.45
34.92 34.9 34.88 34.86 34.82 34.78 34.75 34.72 34.76 34.92 35.03 35.1 35.25 35.53 35.76 36.06 36.44 36.91 37.19 37.5 37.84 38.26 38.49 38.95 39.54 39.95 40.23 40.6 40.96 41.1 41.14 41.12 41.09 41.08 41.01 40.86 40.66 40.5 40.25 39.88 39.41 39.13 38.79 38.31 37.8 37.53 37.19 36.78 36.47 36.26 35.95 35.71 35.62 35.59 35.6 35.61 35.63 35.65 35.66 35.65 35.63 35.65 35.62 35.59 35.57 35.69 35.73 35.65 35.59 35.56 35.58 35.6 35.58 35.57 35.56 35.55 35.54 35.53
34.96 34.94 34.93 34.91 34.88 34.84 34.81 34.79 34.78 34.93 35.06 35.12 35.31 35.64 35.89 36.18 36.57 37.04 37.32 37.63 38 38.4 38.67 39.11 39.64 39.96 40.25 40.68 41.03 41.14 41.14 41.09 41.06 41.03 40.96 40.82 40.65 40.54 40.31 39.94 39.45 39.15 38.78 38.29 37.88 37.6 37.2 36.77 36.53 36.33 36.01 35.75 35.65 35.63 35.65 35.67 35.66 35.69 35.71 35.7 35.68 35.67 35.64 35.63 35.62 35.77 35.77 35.65 35.58 35.57 35.59 35.6 35.57 35.53 35.53 35.55 35.55 35.62
35.01 34.99 34.98 34.96 34.93 34.9 34.87 34.85 34.82 34.92 35.05 35.15 35.43 35.79 36.02 36.31 36.73 37.17 37.43 37.79 38.21 38.53 38.87 39.35 39.84 40.14 40.44 40.82 41.08 41.15 41.12 41.06 41 40.96 40.88 40.78 40.64 40.56 40.38 40 39.5 39.2 38.83 38.37 38.05 37.75 37.3 36.86 36.62 36.4 36.07 35.77 35.64 35.62 35.65 35.68 35.68 35.7 35.72 35.71 35.69 35.67 35.65 35.66 35.69 35.83 35.78 35.67 35.58 35.57 35.57 35.56 35.53 35.51 35.53 35.56 35.6 35.71
35.05 35.03 35.02 35.01 34.98 34.96 34.93 34.91 34.86 34.92 35.04 35.24 35.56 35.95 36.18 36.49 36.92 37.28 37.55 37.95 38.42 38.71 39.1 39.63 40.12 40.41 40.69 40.94 41.09 41.13 41.08 41 40.94 40.9 40.84 40.74 40.6 40.51 40.42 40.06 39.61 39.29 38.93 38.52 38.22 37.9 37.45 36.99 36.74 36.52 36.16 35.79 35.62 35.6 35.6 35.62 35.65 35.68 35.71 35.71 35.7 35.68 35.67 35.69 35.73 35.83 35.74 35.63 35.56 35.56 35.54 35.53 35.51 35.5 35.56 35.61 35.69 35.84
35.06 35.06 35.05 35.04 35.03 35.01 34.99 34.96 34.91 34.97 35.11 35.35 35.7 36.09 36.34 36.68 37.12 37.42 37.7 38.16 38.67 38.97 39.37 39.89 40.4 40.66 40.86 40.99 41.06 41.08 41.04 40.97 40.92 40.89 40.82 40.65 40.48 40.41 40.38 40.12 39.77 39.42 39.08 38.68 38.39 38.08 37.63 37.16 36.89 36.63 36.2 35.78 35.59 35.56 35.54 35.55 35.59 35.64 35.7 35.7 35.69 35.68 35.67 35.69 35.72 35.75 35.65 35.56 35.53 35.53 35.54 35.55 35.52 35.53 35.62 35.7 35.84 36.1
35.06 35.06 35.06 35.06 35.06 35.05 35.04 35.02 34.98 35.04 35.2 35.48 35.84 36.16 36.48 36.87 37.31 37.59 37.88 38.47 39.03 39.32 39.68 40.13 40.58 40.8 40.96 41.01 41.02 41.03 41.02 40.98 40.91 40.85 40.73 40.5 40.33 40.3 40.3 40.09 39.78 39.48 39.21 38.83 38.56 38.25 37.82 37.31 36.98 36.61 36.13 35.72 35.56 35.51 35.49 35.5 35.54 35.61 35.68 35.68 35.66 35.67 35.65 35.66 35.64 35.63 35.57 35.53 35.53 35.54 35.57 35.6 35.59 35.62 35.76 35.85 36.02 36.43
35.05 35.06 35.06 35.07 35.08 35.08 35.08 35.06 35.03 35.05 35.24 35.57 35.98 36.26 36.61 37.06 37.52 37.82 38.15 38.77 39.32 39.58 39.9 40.31 40.68 40.86 40.97 40.97 40.98 41.01 41 40.96 40.88 40.79 40.59 40.35 40.21 40.19 40.18 39.99 39.69 39.47 39.27 38.92 38.68 38.43 38.01 37.37 36.94 36.44 35.97 35.66 35.53 35.49 35.47 35.46 35.48 35.56 35.64 35.63 35.62 35.63 35.6 35.58 35.54 35.52 35.49 35.49 35.51 35.53 35.58 35.62 35.65 35.75 35.93 36.04 36.2 36.71
35.05 35.06 35.06 35.07 35.08 35.08 35.09 35.09 35.07 35.04 35.2 35.57 36.01 36.32 36.68 37.16 37.67 38.01 38.38 38.91 39.37 39.61 39.96 40.39 40.71 40.84 40.92 40.93 40.96 41.02 40.99 40.92 40.86 40.74 40.44 40.21 40.12 40.07 40.03 39.87 39.62 39.43 39.23 38.93 38.77 38.58 38.16 37.31 36.76 36.19 35.8 35.6 35.51 35.47 35.46 35.45 35.43 35.52 35.59 35.58 35.58 35.55 35.5 35.48 35.45 35.42 35.42 35.42 35.44 35.46 35.54 35.59 35.67 35.85 36.04 36.17 36.38 36.93
35.05 35.05 35.06 35.07 35.07 35.08 35.08 35.09 35.06 35.02 35.1 35.45 35.94 36.26 36.64 37.11 37.62 37.96 38.35 38.87 39.34 39.59 39.99 40.42 40.71 40.81 40.86 40.92 40.97 41.02 40.97 40.89 40.83 40.68 40.33 40.09 40 39.95 39.85 39.69 39.53 39.34 39.15 38.9 38.78 38.62 38.16 37.18 36.54 35.99 35.68 35.56 35.5 35.46 35.45 35.44 35.44 35.51 35.59 35.59 35.56 35.49 35.42 35.4 35.39 35.36 35.37 35.37 35.38 35.4 35.51 35.58 35.73 35.95 36.11 36.26 36.57 37.14
