slabs/14.grd
DSAA
631 301
642630 643260
4946900 4947200
34.02 50.15
[rows 204 to 237 of 301, columns 546 to 623 of 631]
40.72 40.85 40.79 40.61 40.44 40.43 40.44 40.44 40.38 40.3 40.2 39.94 39.62 39.41 39.35 39.32 39.34 39.32 39.32 39.32 39.25 39.22 39.12 38.96 38.75 38.68 38.53 38.42 38.35 38.35 38.32 38.28 38.28 38.29 38.3 38.27 38.25 38.27 38.29 38.28 38.29 38.28 38.28 38.37 38.39 38.49 38.61 38.65 38.59 38.45 38.24 37.88 37.7 37.64 37.85 37.98 38.03 38.11 38.15 38.19 38.15 38.11 38.08 37.99 37.8 37.79 37.93 37.89 37.85 37.77 37.8 37.83 37.9 37.93 37.96 37.94 38.02 38.08
40.8 40.9 40.84 40.68 40.49 40.46 40.46 40.44 40.39 40.37 40.26 39.97 39.63 39.38 39.25 39.25 39.33 39.31 39.3 39.29 39.2 39.16 39.05 38.88 38.69 38.62 38.46 38.39 38.35 38.34 38.32 38.29 38.29 38.29 38.3 38.31 38.28 38.27 38.26 38.27 38.29 38.31 38.37 38.47 38.52 38.62 38.72 38.75 38.7 38.56 38.35 38.04 37.82 37.64 37.84 38 38.06 38.11 38.1 38.13 38.16 38.2 38.18 38.09 37.82 37.74 37.81 37.78 37.79 37.85 37.84 37.88 37.95 38.01 38.04 38.05 38.09 38.08
40.88 40.93 40.87 40.71 40.55 40.47 40.44 40.38 40.37 40.43 40.37 40.09 39.67 39.46 39.16 39.15 39.3 39.29 39.29 39.25 39.12 39.08 38.95 38.79 38.65 38.59 38.44 38.38 38.37 38.35 38.34 38.34 38.34 38.32 38.3 38.31 38.3 38.29 38.28 38.29 38.32 38.38 38.46 38.57 38.62 38.73 38.83 38.91 38.85 38.69 38.43 38.09 37.91 37.69 37.85 38 38.07 38.06 38.02 38.03 38.09 38.21 38.2 38.11 37.84 37.82 37.83 37.8 37.78 37.85 37.84 37.87 37.95 38.05 38.09 38.12 38.16 38.06
40.95 40.93 40.87 40.75 40.64 40.53 40.45 40.34 40.4 40.46 40.48 40.21 39.69 39.49 39.17 39.07 39.19 39.22 39.25 39.22 39.11 39.04 38.87 38.7 38.64 38.59 38.48 38.37 38.37 38.35 38.34 38.36 38.35 38.34 38.31 38.31 38.31 38.31 38.33 38.36 38.38 38.47 38.59 38.67 38.72 38.83 38.93 39.04 38.98 38.78 38.47 38.07 37.94 37.78 37.88 37.98 38.09 38.09 38.03 37.99 38.02 38.16 38.16 38.07 37.9 37.95 37.9 37.89 37.85 37.83 37.79 37.82 37.88 37.98 38.01 38.03 38.09 38.03
41.01 40.94 40.91 40.84 40.78 40.68 40.53 40.36 40.43 40.47 40.48 40.25 39.77 39.56 39.27 39.11 39.15 39.19 39.19 39.17 39.16 39.06 38.86 38.68 38.61 38.56 38.48 38.39 38.39 38.37 38.35 38.37 38.36 38.34 38.34 38.33 38.33 38.34 38.37 38.43 38.45 38.54 38.68 38.78 38.84 38.95 39.06 39.15 39.07 38.84 38.52 38.15 37.99 37.86 37.87 37.95 38.12 38.15 38.07 38.01 37.99 38.05 38.15 38.07 37.99 38.04 37.9 37.93 37.89 37.85 37.83 37.8 37.77 37.89 37.9 37.92 38 38.02
41.09 41.02 41 40.96 40.92 40.86 40.66 40.46 40.46 40.46 40.39 40.15 39.75 39.61 39.39 39.2 39.2 39.22 39.2 39.15 39.16 39.08 38.88 38.69 38.56 38.51 38.47 38.41 38.41 38.38 38.37 38.39 38.37 38.34 38.36 38.35 38.35 38.37 38.43 38.49 38.51 38.58 38.7 38.89 38.94 39.06 39.15 39.19 39.12 38.85 38.55 38.33 38.02 37.85 37.8 37.88 38.04 38.02 37.99 37.98 37.98 38.02 38.14 38.09 38.06 38.02 37.9 37.89 37.84 37.77 37.81 37.82 37.82 37.92 37.95 37.97 37.98 37.99
41.16 41.16 41.17 41.11 41.06 41 40.81 40.65 40.5 40.4 40.17 39.94 39.63 39.54 39.38 39.25 39.19 39.21 39.21 39.15 39.15 39.09 38.91 38.7 38.58 38.49 38.47 38.42 38.41 38.39 38.39 38.39 38.38 38.35 38.39 38.35 38.35 38.39 38.47 38.53 38.54 38.6 38.72 38.95 38.97 39.08 39.13 39.14 39.09 38.76 38.42 38.3 38 37.81 37.7 37.78 37.86 37.69 37.75 37.81 37.96 38.14 38.15 38.09 37.99 37.87 37.78 37.74 37.69 37.62 37.65 37.75 37.96 38.07 38.09 38.08 37.98 37.91
41.36 41.47 41.59 41.49 41.32 41.19 40.86 40.61 40.41 40.27 39.96 39.79 39.56 39.46 39.34 39.26 39.19 39.2 39.2 39.14 39.13 39.06 38.92 38.69 38.61 38.48 38.46 38.44 38.42 38.4 38.39 38.37 38.37 38.37 38.38 38.34 38.35 38.39 38.46 38.53 38.56 38.63 38.8 38.96 38.97 39.01 39.05 39.05 39.02 38.65 38.26 38.18 38.01 37.79 37.62 37.62 37.62 37.52 37.56 37.66 37.87 38.1 38.15 38.06 37.92 37.8 37.75 37.7 37.61 37.54 37.53 37.68 38.09 38.18 38.18 38.14 38 37.83
41.71 41.83 41.94 41.74 41.51 41.3 40.82 40.4 40.25 40.11 39.8 39.67 39.53 39.45 39.33 39.3 39.23 39.2 39.16 39.09 39.06 38.97 38.84 38.64 38.58 38.46 38.46 38.44 38.43 38.41 38.4 38.38 38.37 38.36 38.36 38.35 38.36 38.39 38.45 38.5 38.57 38.68 38.88 38.95 38.98 38.96 38.96 38.88 38.75 38.56 38.37 38.27 38.09 37.87 37.62 37.58 37.51 37.48 37.48 37.57 37.82 38.11 38.13 38.04 37.91 37.88 37.86 37.78 37.67 37.55 37.54 37.7 38.11 38.18 38.19 38.18 38.08 37.89
41.88 41.97 42.02 41.79 41.56 41.32 40.76 40.25 40.07 39.96 39.67 39.55 39.51 39.44 39.32 39.33 39.26 39.18 39.12 39 38.96 38.84 38.71 38.55 38.52 38.45 38.46 38.44 38.42 38.4 38.41 38.37 38.36 38.36 38.37 38.36 38.37 38.38 38.43 38.47 38.57 38.72 38.92 38.96 39.01 38.95 38.87 38.78 38.65 38.59 38.52 38.42 38.25 37.95 37.66 37.62 37.54 37.48 37.46 37.5 37.81 38.19 38.16 38.04 37.94 38.01 37.98 37.88 37.74 37.6 37.61 37.72 38.02 38.11 38.14 38.21 38.16 38
41.78 41.87 41.96 41.76 41.55 41.28 40.72 40.22 39.94 39.86 39.64 39.54 39.52 39.39 39.29 39.3 39.25 39.15 39.08 38.95 38.89 38.75 38.61 38.51 38.5 38.47 38.47 38.45 38.42 38.39 38.38 38.38 38.37 38.37 38.37 38.38 38.38 38.41 38.42 38.44 38.54 38.73 38.93 38.96 39.02 38.93 38.82 38.78 38.71 38.7 38.62 38.54 38.42 38.12 37.73 37.7 37.63 37.56 37.53 37.54 37.84 38.19 38.15 38.02 37.99 38.11 38.05 37.88 37.75 37.75 37.74 37.73 37.87 38.01 38.05 38.21 38.14 37.99
41.59 41.68 41.83 41.74 41.5 41.21 40.69 40.24 39.91 39.81 39.63 39.56 39.52 39.33 39.24 39.21 39.2 39.12 39.06 38.91 38.86 38.74 38.59 38.54 38.52 38.48 38.46 38.46 38.43 38.39 38.36 38.41 38.4 38.4 38.43 38.42 38.38 38.41 38.42 38.43 38.49 38.67 38.87 38.94 39.04 38.93 38.84 38.81 38.78 38.78 38.72 38.65 38.57 38.31 37.89 37.85 37.78 37.73 37.7 37.69 37.9 38.12 38.1 38.02 38.03 38.15 38.07 37.88 37.83 37.96 37.9 37.78 37.78 37.91 38 38.19 38.12 37.97
41.42 41.51 41.65 41.63 41.41 41.14 40.65 40.22 39.95 39.78 39.58 39.5 39.44 39.25 39.15 39.12 39.11 39.09 39.05 38.91 38.91 38.82 38.65 38.57 38.54 38.49 38.45 38.45 38.44 38.42 38.38 38.4 38.41 38.4 38.42 38.42 38.4 38.42 38.43 38.43 38.46 38.6 38.83 38.95 39.11 38.99 38.87 38.87 38.87 38.87 38.77 38.71 38.64 38.42 38.11 37.99 37.91 37.86 37.84 37.82 37.96 38.05 38.09 38.1 38.1 38.17 38.1 38.03 38.08 38.12 38.03 37.89 37.8 37.82 37.97 38.15 38.17 38.09
41.27 41.35 41.42 41.38 41.28 41.04 40.58 40.17 40.01 39.76 39.55 39.41 39.36 39.19 39.05 39.04 39.04 39.04 39.03 38.97 38.97 38.9 38.76 38.61 38.56 38.49 38.48 38.48 38.46 38.43 38.42 38.41 38.42 38.4 38.4 38.41 38.42 38.45 38.43 38.44 38.45 38.56 38.8 38.95 39.16 39.03 38.94 38.95 38.98 38.97 38.81 38.71 38.63 38.46 38.28 38.01 37.9 37.86 37.84 37.85 37.95 38.02 38.09 38.16 38.18 38.19 38.12 38.11 38.16 38.12 38.06 37.96 37.86 37.9 37.96 38.03 38.09 38.1
41.12 41.18 41.17 41.1 41.05 40.84 40.43 40.09 40 39.76 39.56 39.42 39.35 39.17 39.01 39 39.01 39.01 38.98 38.99 38.96 38.89 38.73 38.62 38.56 38.48 38.49 38.49 38.47 38.43 38.44 38.43 38.43 38.42 38.41 38.41 38.42 38.45 38.44 38.44 38.44 38.51 38.74 38.9 39.13 39.05 39.04 39.06 39.08 38.99 38.86 38.68 38.59 38.48 38.34 37.95 37.79 37.76 37.77 37.85 37.99 38.06 38.08 38.06 38.15 38.24 38.17 38.12 38.14 37.99 37.95 37.89 37.96 38.03 38.09 38.02 37.98 38.02
40.96 40.97 40.91 40.82 40.78 40.58 40.29 40.05 39.98 39.78 39.6 39.45 39.35 39.18 39.06 39.04 39.04 39 38.95 38.95 38.9 38.83 38.66 38.62 38.54 38.5 38.48 38.48 38.47 38.42 38.44 38.44 38.43 38.42 38.42 38.41 38.42 38.44 38.45 38.45 38.44 38.47 38.67 38.81 39.05 39.08 39.12 39.14 39.11 38.94 38.83 38.64 38.57 38.49 38.37 37.98 37.73 37.67 37.73 37.95 38.13 38.1 37.95 37.93 38.06 38.16 38.12 38.16 38.19 38.07 38 37.96 38.08 38.12 38.14 37.98 37.91 37.94
40.78 40.73 40.64 40.56 40.5 40.33 40.16 39.91 39.86 39.72 39.58 39.42 39.33 39.17 39.08 39.07 39.06 39.01 38.95 38.9 38.85 38.77 38.65 38.63 38.55 38.5 38.49 38.48 38.47 38.43 38.43 38.43 38.43 38.43 38.42 38.41 38.4 38.43 38.45 38.45 38.44 38.45 38.59 38.71 38.93 39.06 39.1 39.12 39.07 38.91 38.82 38.65 38.56 38.5 38.42 38.11 37.79 37.65 37.76 38.02 38.14 38 37.85 37.88 38.03 38.12 38.13 38.2 38.23 38.2 38.15 38.11 38.15 38.16 38.12 37.96 37.89 37.9
40.58 40.48 40.4 40.36 40.31 40.19 40.05 39.84 39.78 39.65 39.51 39.39 39.32 39.18 39.04 39.04 39.04 39.02 38.97 38.91 38.83 38.75 38.64 38.62 38.55 38.49 38.52 38.49 38.47 38.48 38.43 38.42 38.42 38.43 38.42 38.42 38.39 38.43 38.44 38.44 38.43 38.44 38.5 38.64 38.82 38.98 39.01 39.02 38.99 38.95 38.87 38.7 38.64 38.57 38.52 38.25 37.88 37.68 37.79 38.04 38.13 37.95 37.85 37.86 38 38.09 38.19 38.22 38.16 38.14 38.12 38.11 38.12 38.13 38.08 37.95 37.87 37.89
40.44 40.39 40.34 40.26 40.23 40.13 40.01 39.86 39.79 39.63 39.48 39.35 39.27 39.14 39.07 39.06 39.04 39.02 38.96 38.92 38.82 38.75 38.65 38.62 38.55 38.5 38.53 38.5 38.48 38.5 38.45 38.44 38.43 38.43 38.43 38.42 38.4 38.43 38.43 38.43 38.44 38.46 38.47 38.56 38.74 38.87 38.92 38.97 38.96 38.94 38.87 38.71 38.66 38.62 38.57 38.3 37.96 37.79 37.87 38.06 38.21 38.1 37.99 37.94 38 38.07 38.18 38.12 38.04 38.02 38 38.02 38.05 38.05 38.01 37.92 37.86 37.9
40.43 40.41 40.36 40.22 40.16 40.08 39.99 39.88 39.8 39.65 39.49 39.33 39.22 39.09 39.11 39.1 39.06 39 38.92 38.89 38.81 38.74 38.66 38.64 38.57 38.54 38.54 38.51 38.49 38.49 38.44 38.45 38.44 38.41 38.42 38.41 38.41 38.45 38.44 38.45 38.44 38.46 38.47 38.57 38.73 38.82 38.89 38.99 38.95 38.9 38.86 38.73 38.67 38.65 38.59 38.35 38.07 37.94 37.95 38.04 38.2 38.19 38.11 38.04 38.06 38.11 38.17 38.04 37.99 37.98 37.96 37.96 38.02 38.02 37.99 37.91 37.9 37.95
40.49 40.45 40.35 40.17 40.09 39.99 39.93 39.86 39.78 39.61 39.46 39.35 39.23 39.11 39.17 39.16 39.09 38.98 38.89 38.87 38.79 38.71 38.64 38.63 38.58 38.54 38.54 38.52 38.49 38.48 38.44 38.44 38.43 38.41 38.42 38.42 38.43 38.44 38.44 38.45 38.46 38.46 38.49 38.58 38.69 38.78 38.84 38.94 38.89 38.85 38.83 38.73 38.67 38.66 38.61 38.39 38.17 38.07 37.99 37.95 38.11 38.13 38.1 38.06 38.16 38.18 38.18 38.09 38.04 38.01 37.96 37.96 38.05 38.05 38.01 37.92 37.96 38.02
40.54 40.47 40.3 40.11 40.02 39.9 39.85 39.81 39.71 39.54 39.43 39.37 39.25 39.16 39.21 39.2 39.12 38.97 38.87 38.84 38.77 38.68 38.63 38.62 38.59 38.51 38.51 38.51 38.5 38.49 38.47 38.45 38.44 38.41 38.43 38.44 38.43 38.44 38.45 38.48 38.48 38.47 38.5 38.56 38.63 38.72 38.78 38.87 38.86 38.83 38.8 38.72 38.66 38.65 38.58 38.34 38.1 38.07 37.95 37.87 38 38.03 38 38.04 38.21 38.21 38.19 38.16 38.12 38.06 37.96 38.03 38.13 38.09 37.97 37.92 37.97 38.08
40.58 40.46 40.24 40.06 39.95 39.81 39.76 39.72 39.63 39.5 39.41 39.36 39.25 39.17 39.18 39.16 39.08 38.96 38.87 38.82 38.73 38.65 38.63 38.63 38.62 38.5 38.5 38.5 38.49 38.46 38.46 38.45 38.43 38.42 38.43 38.44 38.43 38.45 38.47 38.5 38.49 38.48 38.5 38.55 38.6 38.68 38.71 38.8 38.86 38.83 38.8 38.71 38.67 38.64 38.54 38.23 37.89 37.94 37.91 37.85 37.94 37.96 37.92 38.01 38.18 38.19 38.22 38.22 38.19 38.13 38 38.14 38.22 38.14 37.94 37.91 38.01 38.19
40.6 40.42 40.19 40.04 39.89 39.72 39.66 39.64 39.58 39.5 39.41 39.36 39.24 39.14 39.11 39.07 39 38.93 38.88 38.8 38.67 38.62 38.59 38.6 38.58 38.52 38.51 38.5 38.47 38.43 38.43 38.42 38.42 38.45 38.45 38.45 38.47 38.48 38.48 38.48 38.49 38.49 38.52 38.55 38.56 38.63 38.66 38.76 38.84 38.82 38.79 38.71 38.65 38.63 38.52 38.14 37.72 37.8 37.87 37.85 37.91 37.89 37.87 38 38.14 38.15 38.23 38.22 38.17 38.17 38.16 38.2 38.23 38.15 38.06 38.08 38.13 38.21
40.59 40.37 40.15 40.05 39.83 39.63 39.57 39.57 39.57 39.51 39.42 39.36 39.24 39.11 39.05 39.02 38.94 38.87 38.84 38.76 38.63 38.58 38.56 38.56 38.54 38.51 38.51 38.5 38.47 38.46 38.43 38.42 38.42 38.45 38.46 38.47 38.49 38.49 38.48 38.47 38.48 38.51 38.54 38.57 38.56 38.59 38.66 38.74 38.84 38.83 38.78 38.69 38.62 38.6 38.49 38.11 37.76 37.8 37.86 37.86 37.8 37.76 37.76 37.99 38.11 38.15 38.22 38.19 38.12 38.1 38.2 38.2 38.2 38.14 38.14 38.19 38.2 38.21
40.56 40.32 40.11 40.01 39.77 39.56 39.5 39.53 39.55 39.46 39.41 39.35 39.22 39.12 39.07 39.03 38.92 38.86 38.81 38.75 38.63 38.54 38.54 38.54 38.51 38.49 38.5 38.5 38.47 38.46 38.44 38.45 38.42 38.45 38.45 38.47 38.48 38.49 38.49 38.48 38.5 38.53 38.55 38.59 38.59 38.61 38.69 38.75 38.86 38.85 38.77 38.68 38.6 38.59 38.5 38.22 37.96 37.9 37.88 37.85 37.68 37.62 37.71 37.95 38.05 38.07 38.15 38.21 38.17 38.12 38.21 38.21 38.2 38.18 38.19 38.18 38.2 38.22
40.52 40.28 40.08 39.99 39.77 39.56 39.48 39.5 39.5 39.35 39.33 39.31 39.22 39.13 39.1 39.05 38.95 38.87 38.82 38.75 38.65 38.53 38.52 38.52 38.49 38.47 38.49 38.49 38.48 38.46 38.45 38.46 38.43 38.45 38.46 38.46 38.48 38.48 38.48 38.49 38.51 38.53 38.55 38.59 38.61 38.63 38.7 38.76 38.84 38.82 38.72 38.67 38.62 38.6 38.55 38.38 38.22 38.19 38.03 37.9 37.74 37.67 37.78 37.93 37.98 38 38.1 38.19 38.17 38.15 38.22 38.23 38.22 38.21 38.22 38.19 38.18 38.2
40.55 40.36 40.27 40.19 39.98 39.73 39.56 39.52 39.47 39.34 39.33 39.31 39.23 39.14 39.1 39.05 38.97 38.88 38.83 38.75 38.68 38.57 38.54 38.5 38.47 38.46 38.47 38.47 38.48 38.46 38.45 38.45 38.45 38.45 38.46 38.45 38.48 38.47 38.48 38.49 38.53 38.53 38.57 38.59 38.64 38.65 38.7 38.75 38.78 38.77 38.7 38.66 38.59 38.58 38.58 38.49 38.39 38.37 38.16 37.96 37.83 37.79 37.89 38.02 38.04 38.07 38.13 38.16 38.15 38.17 38.22 38.25 38.25 38.21 38.17 38.2 38.14 38.13
40.41 40.32 40.28 40.24 40.1 39.89 39.68 39.59 39.47 39.39 39.33 39.28 39.17 39.13 39.07 39.01 38.95 38.86 38.83 38.79 38.75 38.65 38.59 38.5 38.45 38.45 38.45 38.44 38.45 38.44 38.44 38.44 38.44 38.45 38.46 38.48 38.49 38.48 38.5 38.51 38.56 38.56 38.6 38.63 38.65 38.67 38.74 38.75 38.74 38.73 38.7 38.65 38.6 38.58 38.57 38.52 38.47 38.43 38.23 38.01 37.91 37.87 37.99 38.13 38.14 38.17 38.17 38.1 38.1 38.17 38.23 38.24 38.24 38.2 38.17 38.21 38.1 38.06
40.27 40.21 40.18 40.15 40.06 39.91 39.74 39.64 39.48 39.39 39.31 39.22 39.11 39.14 39.07 38.99 38.92 38.83 38.84 38.83 38.81 38.67 38.61 38.5 38.45 38.42 38.42 38.41 38.42 38.4 38.41 38.44 38.45 38.47 38.47 38.49 38.5 38.5 38.5 38.54 38.57 38.59 38.64 38.64 38.67 38.7 38.8 38.8 38.81 38.75 38.67 38.65 38.62 38.59 38.57 38.5 38.49 38.45 38.24 38.02 37.97 37.91 38.08 38.2 38.2 38.22 38.18 38.06 38.07 38.14 38.17 38.19 38.21 38.19 38.22 38.22 38.08 38.05
40.19 40.13 40.1 40.06 39.96 39.85 39.75 39.63 39.47 39.35 39.29 39.18 39.11 39.13 39.08 39 38.93 38.82 38.84 38.82 38.77 38.61 38.55 38.46 38.41 38.39 38.39 38.38 38.37 38.36 38.38 38.43 38.43 38.44 38.47 38.51 38.51 38.51 38.53 38.57 38.64 38.65 38.67 38.68 38.69 38.73 38.81 38.82 38.81 38.75 38.63 38.64 38.59 38.59 38.57 38.49 38.48 38.44 38.26 38.06 38.01 37.95 38.15 38.27 38.24 38.21 38.21 38.13 38.09 38.1 38.04 38.09 38.14 38.19 38.19 38.2 38.11 38.11
40.15 40.04 40.01 39.95 39.85 39.76 39.71 39.58 39.44 39.31 39.26 39.15 39.11 39.09 39.07 39.04 38.96 38.81 38.82 38.73 38.58 38.48 38.43 38.37 38.37 38.37 38.36 38.36 38.36 38.36 38.37 38.41 38.39 38.41 38.46 38.51 38.53 38.56 38.59 38.61 38.67 38.68 38.71 38.7 38.72 38.75 38.8 38.79 38.75 38.71 38.62 38.6 38.58 38.59 38.56 38.49 38.48 38.43 38.29 38.12 38.06 37.98 38.16 38.27 38.23 38.19 38.24 38.21 38.14 38.05 37.96 37.96 38.07 38.17 38.08 38.12 38.17 38.18
40.13 40 39.94 39.84 39.73 39.63 39.6 39.49 39.4 39.28 39.24 39.15 39.1 39.07 39.07 39.06 38.95 38.82 38.8 38.63 38.41 38.37 38.34 38.31 38.33 38.35 38.34 38.32 38.32 38.32 38.31 38.35 38.33 38.37 38.47 38.52 38.55 38.59 38.59 38.56 38.63 38.67 38.73 38.71 38.73 38.78 38.81 38.75 38.71 38.68 38.62 38.59 38.59 38.59 38.55 38.48 38.48 38.43 38.27 38.11 38.07 38.02 38.14 38.23 38.22 38.2 38.22 38.21 38.14 38.01 37.9 37.88 38.06 38.18 38.01 38.04 38.15 38.21
40.18 40.02 39.93 39.74 39.61 39.5 39.46 39.36 39.36 39.29 39.26 39.19 39.13 39.07 39.07 39.06 38.95 38.84 38.78 38.58 38.35 38.31 38.3 38.3 38.28 38.28 38.27 38.28 38.29 38.28 38.27 38.31 38.33 38.37 38.48 38.53 38.55 38.57 38.53 38.49 38.59 38.66 38.74 38.76 38.77 38.8 38.81 38.74 38.71 38.66 38.62 38.6 38.59 38.58 38.55 38.49 38.48 38.42 38.23 38.05 38.04 38.08 38.16 38.23 38.24 38.23 38.22 38.19 38.12 37.98 37.87 37.95 38.18 38.2 38.08 38.05 38.08 38.19
