slabs/14.grd
DSAA
631 301
642630 643260
4946900 4947200
34.02 50.15
[rows 170 to 203 of 301, columns 390 to 467 of 631]
40.84 40.91 41.08 41.32 41.53 41.51 41.32 41.06 40.94 40.51 40.12 40.08 40.2 40.5 40.72 40.86 40.95 41.15 41.34 41.48 41.52 41.55 41.54 41.53 41.53 41.53 41.47 41.43 41.38 41.35 41.35 41.36 41.38 41.43 41.5 41.53 41.54 41.45 41.38 41.34 41.3 41.29 41.29 41.3 41.37 41.48 41.52 41.54 41.59 41.61 41.6 41.6 41.58 41.54 41.53 41.48 41.45 41.42 41.43 41.49 41.55 41.6 41.62 41.67 41.67 41.66 41.66 41.64 41.62 41.62 41.61 41.6 41.59 41.61 41.85 42.35 42.79 42.85
40.79 40.88 41.05 41.21 41.37 41.57 41.49 41.25 41.31 40.87 40.4 40.12 40.14 40.38 40.65 40.86 40.98 41.23 41.43 41.54 41.55 41.56 41.56 41.57 41.57 41.57 41.51 41.47 41.38 41.31 41.27 41.27 41.31 41.42 41.51 41.55 41.57 41.48 41.4 41.35 41.27 41.23 41.22 41.22 41.3 41.42 41.48 41.52 41.57 41.58 41.58 41.59 41.59 41.58 41.58 41.54 41.51 41.5 41.53 41.56 41.58 41.6 41.62 41.66 41.66 41.67 41.68 41.68 41.68 41.69 41.68 41.67 41.66 41.66 41.79 42.13 42.49 42.55
40.68 40.81 40.96 41.12 41.23 41.49 41.59 41.56 41.55 41.13 40.62 40.22 40.13 40.24 40.55 40.8 40.95 41.25 41.5 41.58 41.58 41.59 41.6 41.61 41.61 41.6 41.56 41.52 41.41 41.32 41.25 41.25 41.33 41.45 41.55 41.59 41.62 41.52 41.43 41.38 41.28 41.21 41.18 41.17 41.23 41.34 41.39 41.49 41.54 41.51 41.51 41.52 41.53 41.57 41.58 41.58 41.57 41.57 41.6 41.61 41.6 41.6 41.61 41.63 41.64 41.65 41.64 41.63 41.62 41.63 41.62 41.6 41.58 41.58 41.66 41.87 42.1 42.18
40.5 40.7 40.88 41.06 41.15 41.38 41.6 41.7 41.55 41.12 40.69 40.29 40.15 40.17 40.49 40.75 40.92 41.26 41.55 41.6 41.62 41.63 41.64 41.64 41.65 41.64 41.6 41.56 41.46 41.36 41.28 41.31 41.43 41.51 41.59 41.64 41.66 41.57 41.48 41.42 41.32 41.23 41.19 41.18 41.19 41.25 41.3 41.39 41.51 41.52 41.53 41.55 41.56 41.59 41.6 41.62 41.63 41.65 41.66 41.68 41.66 41.64 41.6 41.56 41.56 41.56 41.54 41.52 41.49 41.49 41.47 41.45 41.43 41.44 41.52 41.65 41.78 41.84
40.32 40.57 40.82 40.99 41.07 41.26 41.51 41.66 41.47 41.04 40.65 40.29 40.15 40.08 40.37 40.65 40.84 41.21 41.49 41.54 41.62 41.66 41.68 41.68 41.69 41.68 41.65 41.6 41.5 41.41 41.36 41.43 41.56 41.6 41.64 41.68 41.7 41.61 41.53 41.47 41.37 41.27 41.27 41.29 41.3 41.32 41.34 41.4 41.51 41.57 41.6 41.63 41.64 41.65 41.66 41.67 41.69 41.7 41.72 41.76 41.76 41.7 41.58 41.44 41.42 41.41 41.38 41.36 41.34 41.33 41.31 41.28 41.26 41.29 41.38 41.45 41.55 41.57
40.16 40.49 40.72 40.87 40.95 41.12 41.37 41.55 41.36 40.94 40.54 40.26 40.11 39.97 40.2 40.43 40.69 41.05 41.29 41.36 41.52 41.63 41.68 41.69 41.72 41.71 41.68 41.64 41.55 41.47 41.48 41.55 41.64 41.68 41.72 41.75 41.74 41.66 41.67 41.59 41.5 41.42 41.42 41.44 41.46 41.47 41.47 41.5 41.49 41.59 41.63 41.68 41.69 41.71 41.71 41.73 41.75 41.76 41.78 41.83 41.81 41.73 41.55 41.32 41.24 41.24 41.21 41.19 41.17 41.16 41.14 41.11 41.1 41.14 41.23 41.25 41.33 41.32
40.02 40.37 40.59 40.73 40.8 40.98 41.23 41.41 41.22 40.81 40.46 40.29 40.08 39.86 40 40.18 40.52 40.86 41.03 41.12 41.33 41.51 41.6 41.63 41.69 41.69 41.66 41.63 41.57 41.52 41.59 41.64 41.68 41.71 41.75 41.76 41.76 41.78 41.79 41.72 41.64 41.57 41.57 41.59 41.61 41.61 41.59 41.53 41.44 41.56 41.63 41.72 41.75 41.77 41.77 41.79 41.81 41.82 41.85 41.84 41.75 41.68 41.48 41.24 41.08 41.07 41.04 41.02 41 41 40.97 40.94 40.93 40.99 41.02 41.04 41.07 41.04
39.9 40.21 40.44 40.57 40.65 40.83 41.08 41.26 41.06 40.7 40.47 40.37 40.08 39.75 39.82 39.97 40.34 40.66 40.78 40.87 41.09 41.3 41.43 41.49 41.59 41.6 41.56 41.45 41.33 41.38 41.54 41.6 41.65 41.68 41.7 41.7 41.7 41.76 41.78 41.8 41.75 41.69 41.7 41.73 41.72 41.69 41.64 41.52 41.4 41.5 41.57 41.68 41.75 41.79 41.81 41.85 41.87 41.87 41.85 41.74 41.58 41.51 41.35 41.17 40.97 40.93 40.87 40.85 40.84 40.83 40.8 40.78 40.78 40.79 40.76 40.79 40.77 40.64
39.77 40.04 40.28 40.41 40.51 40.71 40.95 41.09 40.94 40.69 40.56 40.44 40.07 39.69 39.65 39.8 40.15 40.42 40.5 40.61 40.84 41.04 41.15 41.12 41.25 41.27 41.22 41.13 41.03 41.17 41.32 41.48 41.56 41.62 41.64 41.66 41.61 41.65 41.69 41.77 41.8 41.78 41.78 41.76 41.73 41.7 41.64 41.48 41.36 41.42 41.48 41.59 41.68 41.73 41.78 41.85 41.87 41.85 41.76 41.57 41.39 41.32 41.17 41.05 40.91 40.82 40.7 40.67 40.65 40.65 40.62 40.6 40.56 40.38 40.34 40.35 40.33 40.24
39.63 39.89 40.11 40.23 40.39 40.67 40.85 40.92 40.9 40.76 40.65 40.5 40.1 39.7 39.52 39.65 39.96 40.15 40.07 40.19 40.42 40.63 40.77 40.78 40.89 40.92 40.88 40.85 40.8 40.99 41.1 41.33 41.44 41.52 41.55 41.58 41.55 41.53 41.57 41.65 41.74 41.74 41.73 41.69 41.65 41.65 41.61 41.45 41.3 41.32 41.36 41.47 41.55 41.59 41.66 41.73 41.74 41.71 41.57 41.37 41.2 41.12 40.96 40.85 40.77 40.7 40.54 40.47 40.35 40.35 40.33 40.28 40.18 40.05 40.01 40.02 40.01 40
39.5 39.76 39.91 40 40.27 40.64 40.8 40.84 40.9 40.84 40.7 40.55 40.32 40.08 39.88 39.86 39.84 39.83 39.72 39.85 40.09 40.31 40.46 40.5 40.57 40.62 40.61 40.59 40.61 40.81 40.92 41.16 41.3 41.38 41.41 41.44 41.45 41.42 41.45 41.51 41.59 41.58 41.58 41.57 41.56 41.59 41.58 41.43 41.2 41.2 41.21 41.29 41.36 41.39 41.46 41.51 41.46 41.43 41.32 41.15 41 40.92 40.74 40.5 40.44 40.4 40.27 40.2 40.12 40.11 40.07 39.98 39.93 39.93 39.95 39.98 39.99 40.02
39.36 39.58 39.65 39.69 39.96 40.51 40.75 40.76 40.8 40.81 40.76 40.73 40.66 40.49 40.32 40.21 40.02 39.9 39.78 39.79 39.88 40.07 40.16 40.21 40.25 40.31 40.33 40.34 40.43 40.63 40.74 40.99 41.14 41.19 41.21 41.24 41.27 41.32 41.35 41.4 41.4 41.39 41.4 41.39 41.45 41.53 41.54 41.35 41.08 41.04 41.01 41.08 41.13 41.15 41.2 41.21 41.15 41.03 40.84 40.72 40.61 40.55 40.4 40.22 40.15 40.12 40.06 40 39.98 39.98 39.99 39.98 39.98 40.04 40.1 40.15 40.17 40.22
39.24 39.33 39.31 39.5 39.73 40.21 40.54 40.61 40.7 40.74 40.77 40.82 40.9 40.81 40.64 40.53 40.34 40.19 40.09 40 39.92 39.96 39.96 39.95 39.94 39.99 40.02 40.09 40.29 40.5 40.59 40.79 40.92 40.95 40.97 40.99 41.05 41.18 41.22 41.23 41.19 41.18 41.18 41.16 41.24 41.31 41.35 41.19 40.91 40.85 40.79 40.84 40.86 40.75 40.74 40.67 40.66 40.59 40.45 40.34 40.25 40.26 40.25 40.12 40.07 40.06 40.07 40.05 40.04 40.04 40.12 40.18 40.21 40.29 40.36 40.41 40.43 40.47
39.17 39.22 39.34 39.49 39.67 40.09 40.42 40.51 40.64 40.69 40.73 40.8 40.98 41.07 40.96 40.85 40.67 40.56 40.51 40.4 40.24 40.14 40.09 39.95 39.84 39.8 39.85 39.98 40.2 40.36 40.42 40.53 40.62 40.66 40.67 40.71 40.86 41.04 41.02 40.89 40.91 40.93 40.89 40.89 40.97 41 41.01 40.9 40.54 40.52 40.47 40.47 40.51 40.41 40.32 40.22 40.26 40.25 40.21 40.23 40.25 40.3 40.36 40.22 40.19 40.17 40.22 40.26 40.24 40.26 40.36 40.44 40.47 40.57 40.63 40.68 40.7 40.72
39.14 39.23 39.41 39.51 39.72 40.1 40.34 40.43 40.58 40.65 40.69 40.76 40.95 41.17 41.17 41.16 41.01 40.94 40.92 40.83 40.64 40.49 40.41 40.18 39.95 39.86 39.93 40.05 40.12 40.17 40.2 40.26 40.32 40.36 40.38 40.49 40.72 40.88 40.78 40.53 40.48 40.5 40.43 40.41 40.46 40.47 40.45 40.47 40.38 40.36 40.27 40.17 40.17 40.16 40.12 40.08 40.12 40.16 40.25 40.37 40.44 40.54 40.57 40.43 40.41 40.39 40.43 40.5 40.48 40.5 40.61 40.7 40.74 40.84 40.91 40.95 40.96 40.96
39.12 39.2 39.39 39.54 39.79 40.08 40.24 40.32 40.49 40.61 40.65 40.75 40.93 41.17 41.25 41.39 41.3 41.22 41.23 41.18 40.96 40.78 40.66 40.36 40.05 40.06 40.11 40.15 40.14 40.14 40.14 40.14 40.15 40.16 40.19 40.35 40.57 40.57 40.44 40.32 40.29 40.29 40.27 40.28 40.3 40.33 40.33 40.39 40.49 40.46 40.33 40.17 40.11 40.12 40.13 40.14 40.17 40.28 40.48 40.62 40.68 40.81 40.79 40.64 40.63 40.63 40.65 40.71 40.72 40.73 40.84 40.95 41 41.11 41.18 41.22 41.22 41.2
39.14 39.18 39.4 39.53 39.8 40.05 40.18 40.27 40.44 40.55 40.59 40.73 40.94 41.15 41.26 41.46 41.48 41.45 41.46 41.42 41.18 40.97 40.8 40.41 40.16 40.27 40.27 40.25 40.23 40.21 40.2 40.18 40.17 40.23 40.26 40.34 40.45 40.42 40.37 40.36 40.34 40.34 40.36 40.39 40.43 40.49 40.56 40.58 40.68 40.65 40.52 40.35 40.26 40.26 40.27 40.28 40.31 40.46 40.72 40.89 40.95 41.07 40.99 40.86 40.86 40.87 40.89 40.92 40.94 40.97 41.08 41.19 41.25 41.37 41.46 41.47 41.46 41.45
39.15 39.18 39.33 39.47 39.8 40.06 40.17 40.28 40.42 40.49 40.53 40.69 40.9 41.1 41.22 41.42 41.53 41.57 41.61 41.6 41.32 41.02 40.83 40.45 40.36 40.41 40.38 40.36 40.35 40.34 40.33 40.31 40.32 40.36 40.39 40.43 40.47 40.48 40.49 40.47 40.46 40.46 40.47 40.51 40.57 40.64 40.79 40.8 40.88 40.86 40.75 40.56 40.48 40.43 40.43 40.44 40.47 40.63 40.93 41.15 41.22 41.31 41.19 41.08 41.08 41.11 41.13 41.16 41.18 41.2 41.31 41.42 41.49 41.61 41.7 41.69 41.69 41.69
39.12 39.15 39.2 39.39 39.8 40.09 40.15 40.29 40.39 40.43 40.48 40.64 40.84 41.03 41.17 41.38 41.47 41.57 41.63 41.67 41.35 41.03 40.84 40.63 40.57 40.54 40.5 40.47 40.46 40.46 40.44 40.43 40.45 40.46 40.5 40.54 40.57 40.59 40.6 40.59 40.58 40.57 40.59 40.63 40.72 40.8 40.97 41.04 41.08 41.09 40.97 40.79 40.73 40.62 40.59 40.6 40.62 40.8 41.11 41.36 41.45 41.53 41.38 41.26 41.28 41.34 41.38 41.4 41.42 41.45 41.55 41.65 41.73 41.77 41.75 41.73 41.67 41.67
39.06 39.11 39.14 39.35 39.78 40.06 40.13 40.27 40.33 40.38 40.44 40.59 40.76 40.95 41.09 41.25 41.37 41.48 41.5 41.55 41.35 41.03 40.89 40.78 40.71 40.66 40.6 40.56 40.54 40.54 40.52 40.53 40.55 40.57 40.61 40.64 40.68 40.7 40.72 40.71 40.69 40.69 40.71 40.76 40.87 40.96 41.13 41.26 41.28 41.32 41.2 41.01 40.96 40.83 40.76 40.76 40.78 40.97 41.28 41.52 41.62 41.69 41.55 41.41 41.44 41.52 41.6 41.67 41.76 41.83 41.85 41.86 41.84 41.78 41.7 41.67 41.58 41.53
39.03 39.09 39.14 39.39 39.69 39.89 40.01 40.19 40.25 40.34 40.4 40.55 40.67 40.8 40.87 41.01 41.21 41.35 41.37 41.41 41.35 41.04 40.95 40.86 40.78 40.75 40.67 40.64 40.62 40.61 40.6 40.63 40.66 40.67 40.71 40.75 40.78 40.81 40.86 40.82 40.81 40.8 40.83 40.9 41.01 41.12 41.29 41.44 41.47 41.54 41.41 41.24 41.18 41.05 40.95 40.92 40.95 41.16 41.44 41.64 41.7 41.75 41.68 41.61 41.64 41.73 41.82 41.9 41.98 42.01 41.96 41.93 41.84 41.74 41.66 41.62 41.52 41.43
39.03 39.05 39.13 39.37 39.54 39.59 39.73 39.89 40.08 40.24 40.31 40.5 40.68 40.73 40.73 40.85 41.08 41.24 41.26 41.3 41.29 41.12 41.03 40.94 40.85 40.83 40.75 40.71 40.7 40.69 40.7 40.73 40.77 40.78 40.82 40.85 40.89 40.92 40.98 40.94 40.93 40.92 40.95 41.05 41.12 41.27 41.45 41.59 41.65 41.75 41.6 41.46 41.4 41.29 41.16 41.09 41.13 41.36 41.56 41.68 41.72 41.73 41.71 41.73 41.79 41.9 41.99 42.03 42.06 42.02 41.94 41.91 41.81 41.7 41.63 41.59 41.48 41.38
39.05 39.05 39.1 39.2 39.26 39.33 39.37 39.52 39.86 40.11 40.21 40.44 40.66 40.71 40.68 40.76 40.97 41.08 41.14 41.16 41.2 41.16 41.1 41.01 40.93 40.9 40.82 40.79 40.78 40.78 40.8 40.84 40.87 40.88 40.92 40.96 40.99 41.02 41.1 41.08 41.05 41.04 41.08 41.21 41.26 41.44 41.61 41.75 41.81 41.93 41.79 41.68 41.7 41.66 41.54 41.43 41.38 41.46 41.6 41.68 41.7 41.71 41.72 41.78 41.92 42.03 42.11 42.12 42.08 41.99 41.92 41.88 41.78 41.68 41.6 41.56 41.45 41.36
38.99 39.09 39.08 39.09 39.11 39.2 39.2 39.32 39.64 39.91 40.04 40.28 40.44 40.51 40.57 40.66 40.77 40.84 40.97 41.03 41.09 41.14 41.16 41.08 41 40.97 40.89 40.87 40.87 40.87 40.91 40.94 40.97 40.99 41.02 41.06 41.09 41.13 41.21 41.23 41.2 41.16 41.23 41.36 41.43 41.6 41.76 41.88 41.93 41.95 41.84 41.8 41.83 41.82 41.7 41.61 41.53 41.5 41.6 41.69 41.7 41.72 41.81 41.87 42.05 42.17 42.23 42.19 42.05 41.95 41.89 41.85 41.75 41.65 41.57 41.53 41.43 41.39
38.97 39.06 39.06 39.08 39.09 39.16 39.17 39.26 39.47 39.68 39.81 40.02 40.11 40.18 40.4 40.55 40.6 40.67 40.83 40.92 41 41.08 41.2 41.16 41.08 41.04 40.97 40.95 40.96 40.98 41.01 41.05 41.08 41.1 41.13 41.16 41.18 41.24 41.33 41.38 41.35 41.3 41.43 41.54 41.61 41.74 41.85 41.92 41.93 41.87 41.78 41.77 41.78 41.77 41.68 41.62 41.58 41.54 41.6 41.67 41.71 41.79 41.92 42 42.18 42.3 42.27 42.19 42 41.91 41.85 41.82 41.72 41.62 41.54 41.5 41.43 41.46
38.95 38.99 39.01 39.06 39.1 39.14 39.15 39.23 39.33 39.46 39.62 39.79 39.86 39.98 40.3 40.45 40.53 40.59 40.74 40.83 40.92 41.03 41.22 41.22 41.15 41.11 41.05 41.04 41.07 41.08 41.12 41.15 41.19 41.21 41.24 41.28 41.29 41.39 41.51 41.59 41.57 41.5 41.55 41.65 41.7 41.8 41.86 41.89 41.86 41.78 41.7 41.68 41.69 41.69 41.64 41.61 41.6 41.58 41.62 41.66 41.76 41.9 42.04 42.12 42.31 42.37 42.23 42.13 41.95 41.86 41.81 41.78 41.7 41.59 41.52 41.49 41.48 41.55
38.88 38.91 38.96 39.03 39.12 39.14 39.16 39.18 39.24 39.32 39.5 39.7 39.83 39.97 40.26 40.37 40.5 40.56 40.71 40.77 40.87 40.98 41.2 41.28 41.22 41.18 41.13 41.15 41.17 41.19 41.23 41.27 41.31 41.39 41.42 41.45 41.46 41.54 41.63 41.68 41.68 41.63 41.6 41.69 41.72 41.79 41.82 41.83 41.79 41.69 41.61 41.58 41.59 41.59 41.58 41.58 41.59 41.59 41.6 41.65 41.79 41.98 42.15 42.24 42.41 42.36 42.18 42.08 41.89 41.81 41.77 41.74 41.66 41.57 41.5 41.52 41.58 41.67
38.81 38.87 38.92 39.01 39.11 39.14 39.16 39.17 39.23 39.28 39.45 39.7 39.91 40.01 40.19 40.33 40.5 40.59 40.76 40.79 40.86 40.95 41.16 41.31 41.28 41.25 41.23 41.31 41.32 41.35 41.39 41.42 41.45 41.51 41.54 41.57 41.58 41.6 41.65 41.67 41.68 41.68 41.63 41.69 41.71 41.76 41.79 41.75 41.71 41.61 41.53 41.5 41.5 41.49 41.53 41.55 41.58 41.57 41.54 41.59 41.75 41.96 42.18 42.27 42.44 42.35 42.16 42.04 41.82 41.74 41.7 41.68 41.63 41.56 41.55 41.61 41.74 41.86
38.78 38.83 38.9 38.98 39.06 39.1 39.14 39.18 39.25 39.28 39.4 39.62 39.86 39.95 40.14 40.35 40.58 40.68 40.85 40.85 40.89 40.98 41.19 41.27 41.26 41.27 41.32 41.4 41.41 41.44 41.48 41.51 41.52 41.56 41.58 41.59 41.59 41.59 41.62 41.65 41.67 41.69 41.66 41.66 41.68 41.72 41.74 41.68 41.62 41.53 41.45 41.42 41.4 41.43 41.54 41.56 41.57 41.56 41.49 41.54 41.69 41.9 42.07 42.15 42.38 42.4 42.21 42.05 41.75 41.56 41.53 41.54 41.57 41.61 41.66 41.77 41.89 41.88
38.75 38.79 38.88 38.95 39.01 39.05 39.11 39.17 39.24 39.27 39.34 39.48 39.77 39.87 40.11 40.36 40.63 40.73 40.96 40.98 40.97 41.06 41.19 41.21 41.21 41.27 41.35 41.42 41.44 41.48 41.52 41.55 41.56 41.58 41.58 41.57 41.56 41.56 41.58 41.62 41.64 41.66 41.66 41.64 41.65 41.68 41.66 41.62 41.54 41.44 41.37 41.34 41.31 41.41 41.56 41.56 41.56 41.56 41.54 41.55 41.63 41.8 41.95 42.03 42.31 42.45 42.21 42.04 41.76 41.53 41.5 41.49 41.56 41.68 41.72 41.82 41.9 41.79
38.69 38.74 38.84 38.93 38.97 39.01 39.08 39.15 39.21 39.24 39.28 39.37 39.58 39.61 39.89 40.2 40.46 40.61 40.89 41.01 41.02 41.1 41.14 41.16 41.19 41.27 41.36 41.43 41.46 41.52 41.55 41.57 41.57 41.57 41.55 41.54 41.53 41.52 41.55 41.58 41.59 41.61 41.63 41.63 41.63 41.64 41.59 41.55 41.46 41.37 41.29 41.26 41.26 41.44 41.55 41.56 41.57 41.58 41.59 41.59 41.61 41.7 41.83 41.92 42.17 42.34 42.18 41.98 41.8 41.6 41.56 41.52 41.6 41.71 41.73 41.78 41.84 41.75
38.6 38.64 38.77 38.89 38.95 38.99 39.06 39.11 39.16 39.19 39.24 39.27 39.39 39.45 39.73 40 40.18 40.43 40.69 40.86 40.92 41.03 41.09 41.13 41.17 41.25 41.33 41.4 41.44 41.52 41.56 41.55 41.55 41.53 41.51 41.5 41.49 41.48 41.5 41.52 41.53 41.56 41.57 41.58 41.6 41.58 41.52 41.49 41.4 41.32 41.26 41.23 41.26 41.48 41.56 41.57 41.59 41.61 41.61 41.61 41.62 41.65 41.75 41.85 42.04 42.16 42.1 41.92 41.78 41.67 41.6 41.55 41.63 41.71 41.72 41.75 41.78 41.74
38.57 38.62 38.73 38.81 38.9 38.92 38.99 39.08 39.09 39.13 39.19 39.23 39.34 39.45 39.68 39.83 39.95 40.24 40.47 40.65 40.72 40.88 41.04 41.1 41.12 41.18 41.25 41.32 41.37 41.48 41.53 41.51 41.51 41.49 41.47 41.46 41.45 41.44 41.46 41.47 41.49 41.52 41.53 41.54 41.58 41.56 41.52 41.49 41.42 41.34 41.28 41.26 41.28 41.48 41.59 41.6 41.6 41.61 41.62 41.62 41.62 41.63 41.69 41.78 41.91 41.98 41.96 41.85 41.72 41.67 41.61 41.57 41.64 41.69 41.7 41.71 41.73 41.72
38.5 38.58 38.7 38.77 38.84 38.87 38.96 39.04 39.05 39.08 39.16 39.19 39.28 39.44 39.64 39.7 39.8 40.06 40.29 40.49 40.55 40.75 41.01 41.06 41.08 41.11 41.17 41.25 41.31 41.42 41.47 41.47 41.47 41.45 41.43 41.42 41.41 41.4 41.43 41.44 41.47 41.5 41.53 41.54 41.57 41.56 41.54 41.52 41.47 41.4 41.34 41.31 41.31 41.49 41.6 41.65 41.69 41.69 41.69 41.68 41.68 41.67 41.67 41.68 41.74 41.8 41.79 41.72 41.63 41.6 41.58 41.59 41.66 41.67 41.68 41.67 41.68 41.67
