slabs/14.grd
DSAA
631 301
642630 643260
4946900 4947200
34.02 50.15
[rows 170 to 203 of 301, columns 78 to 155 of 631]
35.01 35.04 35.04 35.06 35.07 35.07 35.06 35.03 34.99 35.01 35.01 35.03 35.06 35.03 35.04 35.05 35.07 35.06 35.05 35.05 35.07 35.06 35.04 35.03 35.05 35.04 35.04 35.06 35.05 35.04 35.01 35.04 35.03 35.04 35.05 35.05 35.06 35.06 35.04 35.04 35.04 35.04 35.06 35.04 35.05 35.07 35.07 35.04 35.05 35.05 35.04 35.06 35.06 35.05 35.03 35.06 35.06 35.05 35.06 35.07 35.04 35.03 35.04 35.05 35.04 35.04 35.04 35.04 35.05 35.04 35.01 35.01 35.05 35.04 35.08 35.06 35.05 35.09
35.01 35.04 35.04 35.05 35.04 35.07 35.07 35.04 34.98 35.02 35.03 35.05 35.05 35.04 35.05 35.04 35.07 35.06 35.05 35.04 35.06 35.05 35.03 35.03 35.06 35.05 35.06 35.02 35.04 35.03 35.04 35.04 35.01 35.02 35.06 35.05 35.05 35.05 35.04 35.03 35.03 35.03 35.06 35.05 35.05 35.07 35.08 35.04 35.04 35.04 35.05 35.04 35.05 35.05 35.02 35.05 35.05 35.04 35.05 35.06 35.04 35.05 35.02 35.03 35.04 35.05 35.03 35.04 35.04 35.06 35.01 35.01 35.03 35.06 35.06 35.05 35.06 35.11
35.04 35.05 35.04 35.04 35.04 35.06 35.06 35.07 35.02 35.03 35.04 35.05 35.05 35.01 35.03 35.02 35.01 35.03 35.03 35.01 35.03 35.03 35.04 35.03 35.03 35.04 35.02 35 35.04 35.02 35.03 35.04 35.02 35.01 35.06 35.06 35.05 35.04 35.05 35.04 35.04 35.04 35.06 35.05 35.06 35.06 35.07 35.05 35.05 35.06 35.07 35.03 35.04 35.05 35.04 35.02 35.03 35.03 35.04 35.06 35.06 35.05 35.01 35.03 35.04 35.06 35.03 35.04 35.03 35.06 35 35.01 35.02 35.07 35.05 35.04 35.05 35.09
35.06 35.07 35.06 35.04 35.05 35.03 35.04 35.04 35.06 35.05 35.03 35.04 35.04 35.02 35.02 35.01 35 35.02 35.04 35.04 35.04 35.04 35.06 35.02 35.02 35.02 35 35.03 35.04 35.03 35.03 35.04 35.03 35.02 35.04 35.08 35.06 35.05 35.06 35.03 35.04 35.05 35.05 35.06 35.06 35.06 35.06 35.07 35.04 35.05 35.08 35.05 35.05 35.05 35.03 35.04 35.07 35.03 35.06 35.07 35.07 35.05 35.01 35.03 35.06 35.07 35.02 35.03 35.03 35.07 35.03 35.03 35.04 35.05 35.03 35.04 35.04 35.03
35.04 35.09 35.06 35.04 35.02 35.02 35 35.02 35.04 35.04 35.04 35.05 35.03 35.02 35.02 34.98 35.02 35.04 35.05 35.04 35.06 35.05 35.07 35.04 35.03 35.03 35.03 35.06 35.04 35.04 35.05 35.05 35.05 35.04 35.03 35.05 35.05 35.04 35.05 35.04 35.04 35.04 35.06 35.07 35.06 35.05 35.06 35.06 35.03 35.03 35.07 35.06 35.06 35.07 35.03 35.05 35.07 35.05 35.08 35.06 35.05 35.07 35.05 35.05 35.06 35.06 35.03 35.03 35.02 35.06 35.07 35.04 35.05 35.03 35.02 35.04 35.04 35.01
35 35.05 35.04 35.05 35.04 35.04 35.01 35.01 35.02 35.03 35.04 35.07 35.04 35.03 35.03 35.01 35.04 35.06 35.05 35.03 35.06 35.05 35.06 35.05 35.04 35.05 35.05 35.07 35.05 35.03 35.05 35.06 35.05 35.04 35.02 35.02 35.03 35.02 35.03 35.05 35.04 35.03 35.06 35.09 35.06 35.03 35.06 35.06 35.04 35.05 35.05 35.05 35.05 35.06 35.06 35.05 35.05 35.02 35.05 35.04 35.03 35.05 35.04 35.04 35.05 35.06 35.05 35.05 35.03 35.05 35.07 35.04 35.05 35.01 35.01 35.04 35.03 35.04
35.02 35.04 35.05 35.02 35.03 35.03 35.01 35.04 35.05 35.05 35.05 35.08 35.04 35.04 35.04 35.03 35.05 35.06 35.07 35.04 35.04 35.02 35.04 35.05 35.05 35.05 35.05 35.06 35.05 35.04 35.05 35.06 35.06 35.05 35 35 35.02 35.03 35.02 35.05 35.05 35.05 35.06 35.08 35.06 35.04 35.07 35.07 35.05 35.03 35.03 35.04 35.04 35.04 35.06 35.04 35.04 35.02 35.04 35.02 35.02 35.02 35.03 35.04 35.03 35.06 35.05 35.05 35.04 35.03 35.04 35.04 35.06 35.02 35.02 35.04 35.03 35.04
35.04 35.04 35.04 35 35.03 35.02 35.01 35.06 35.05 35.06 35.05 35.07 35.03 35.04 35.04 35.04 35.04 35.06 35.08 35.03 35.04 35.01 35.01 35.03 35.04 35.05 35.06 35.05 35.03 35.03 35.05 35.07 35.06 35.05 35.02 35.03 35.02 35.02 35.03 35.02 35.03 35.05 35.04 35.05 35.06 35.05 35.04 35.04 35.05 35.05 35.03 35.02 35.02 35.03 35.06 35.05 35.04 35.06 35.07 35.03 35.03 35.02 35.04 35.04 35.02 35.05 35.04 35.04 35.04 35.02 35.04 35.04 35.04 35.03 35.04 35.06 35.05 35.03
35.04 35.04 35.04 35.03 35.04 35.02 35.01 35.05 35.04 35.04 35.05 35.03 35.03 35.03 35.04 35.05 35.04 35.05 35.06 35.04 35.04 35.02 35.01 35.02 35.03 35.06 35.05 35.01 35.01 35.02 35.03 35.04 35.04 35.01 35.05 35.07 35.05 35.04 35.01 35 35.01 35.04 35.03 35.04 35.04 35.04 35.06 35.05 35.06 35.05 35.04 35.02 35.01 35.03 35.05 35.06 35.06 35.07 35.08 35.05 35.04 35.04 35.05 35.04 35.02 35.04 35.04 35.04 35.03 35.04 35.06 35.04 35.03 35.02 35.03 35.05 35.05 35.01
35.02 35.04 35.05 35.06 35.04 35.03 35.01 35.03 35.05 35.04 35.05 34.99 35.02 35.02 35.02 35.05 35.05 35.06 35.03 35.05 35.06 35.05 35.05 35.02 35.04 35.09 35.04 35.03 35.03 35.02 35.03 35.05 35.05 35.02 35.03 35.04 35.04 35 35 35.01 35.04 35.05 35.06 35.05 35.03 35.02 35.05 35.05 35.05 35.03 35.04 35.04 35.01 35.01 35.05 35.06 35.05 35.05 35.05 35.05 35.05 35.03 35.04 35.03 35.02 35.03 35.04 35.06 35.02 35.03 35.04 35.04 35.02 35.03 35.02 35.03 35.05 35.05
35.02 35.02 35.03 35.05 35.05 35.04 35.03 35.03 35.06 35.05 35.03 34.99 35.01 35.02 35.02 35.01 35.02 35.06 35.04 35.04 35.05 35.06 35.08 35.01 35.02 35.05 35.04 35.02 35.03 35.03 35.04 35.06 35.05 35.04 35.04 35.04 35.03 35 35.02 35.04 35.05 35.03 35.06 35.05 35.03 35.01 35.01 35.01 35.03 35.03 35.04 35.05 35.02 35.01 35.05 35.06 35.03 35.05 35.04 35.05 35.05 35.04 35.03 35.02 35.03 35.03 35.05 35.07 35.04 35.03 35.04 35.03 35.02 35 35.02 35.07 35.04 35.04
35.04 35.04 35.02 35.03 35.05 35.05 35.04 35.04 35.07 35.05 35.01 34.99 35.01 35.03 35.03 35.04 35.04 35.05 35.03 35.04 35.05 35.06 35.05 35.02 35.02 35.03 35.04 35.04 35.03 35.02 35.03 35.05 35.05 35.03 35.03 35.04 35.05 35.05 35.04 35.04 35.04 35.02 35.04 35.03 35.03 35 34.99 35.01 35.04 35.05 35.03 35.04 35.05 35.02 35.06 35.05 35.02 35.06 35.05 35.04 35.04 35.05 35.04 35.03 35.05 35.04 35.05 35.05 35.04 35.04 35.04 35.04 35.03 35 35.02 35.07 35.02 35.01
35.05 35.06 35.03 35.04 35.05 35.05 35.04 35.04 35.06 35.04 35.04 35.04 35.04 35.04 35.05 35.05 35.06 35.05 35.03 35.03 35.04 35.04 35.05 35.04 35.01 35 35.03 35.05 35.04 35.01 35.03 35.04 35.04 35.01 35.01 35.03 35.06 35.08 35.05 35.04 35.05 35.06 35.04 35.04 35.03 35.03 35 35.03 35.05 35.06 35.03 35.04 35.06 35.02 35.04 35.04 35.02 35.06 35.05 35.05 35.05 35.03 35.04 35.04 35.06 35.05 35.04 35.04 35.02 35.03 35.03 35.04 35.03 35.04 35.04 35.07 35.05 35.03
35.05 35.06 35.05 35.03 35.03 35.04 35.07 35.03 35.06 35.06 35.03 35.02 35.02 35.02 35.05 35.07 35.07 35.06 35.05 35.03 35.04 35.05 35.07 35.05 35.01 35 35.03 35.04 35.03 35 35.02 35.03 35.04 35.02 35.03 35.04 35.05 35.06 35.04 35.04 35.07 35.09 35.04 35.04 35.03 35.04 34.99 35.03 35.04 35.05 35.05 35.04 35.05 35.01 35.02 35.05 35.01 35.07 35.05 35.05 35.05 35.03 35.04 35.06 35.06 35.06 35.05 35.05 35.02 35.04 35.03 35.03 35.03 35.05 35.05 35.06 35.05 35.05
35.01 35.04 35.04 35.03 35.03 35.02 35.05 35.05 35.07 35.08 35.06 35.02 35.01 35.02 35.07 35.09 35.08 35.06 35.04 35.04 35.05 35.05 35.08 35.05 35.04 35.02 35.04 35.04 35.04 35 35.01 35.02 35.05 35.04 35.06 35.05 35.05 35.04 35.01 35.02 35.05 35.06 35.04 35.03 35.02 35.04 35.03 35.04 35.03 35.03 35.04 35.05 35.06 35.01 35.03 35.05 35.03 35.03 35.03 35.05 35.03 35.03 35.05 35.06 35.04 35.03 35.04 35.05 35.03 35.06 35.05 35.03 35.03 35.03 35.03 35.04 35.03 35.04
35.06 35.03 35.04 35.05 35.05 35.05 35.04 35.05 35.05 35.07 35.05 34.99 35.02 35.03 35.06 35.06 35.05 35.04 35.03 35.05 35.05 35.03 35.06 35.04 35.04 35.03 35.04 35.05 35.06 35.03 35.01 35.02 35.06 35.03 35.06 35.06 35.07 35.04 35.01 35.04 35.04 35.04 35.05 35.04 35.04 35.06 35.06 35.06 35.03 35.01 35.02 35.04 35.05 35.02 35.03 35.04 35.03 35.04 35.03 35.05 35.05 35.03 35.04 35.04 35.04 35.03 35.03 35.04 35.03 35.05 35.05 35.04 35.03 35.03 35.02 35.04 35.03 35.03
35.1 35.04 35.05 35.05 35.05 35.06 35.05 35.04 35.03 35.04 35.02 35 35.03 35.05 35.05 35.03 35.03 35.02 35.01 35.03 35.04 35.03 35.04 35.04 35.04 35.05 35.04 35.05 35.05 35.05 35.01 35.02 35.06 35.04 35.04 35.05 35.08 35.03 35.02 35.05 35.06 35.05 35.05 35.03 35.04 35.04 35.04 35.03 35.06 35.06 35.04 35.03 35.05 35.04 35.03 35.04 35.05 35.06 35.03 35.04 35.07 35.03 35.02 35.02 35.03 35.03 35.05 35.05 35.05 35.04 35.03 35.04 35.03 35.04 35.04 35.04 35.03 35.03
35.11 35.05 35.04 35.03 35.04 35.04 35.05 35.05 35.04 35.03 35.03 35.04 35.04 35.06 35.04 35.03 35.03 35.01 35 35.02 35.04 35.04 35.04 35.05 35.05 35.04 35.05 35.03 35.02 35.04 35.03 35.03 35.05 35.05 35.03 35.04 35.06 35.03 35 35.02 35.04 35.05 35.05 35.04 35.03 35.01 35.01 35 35.05 35.07 35.05 35.04 35.06 35.03 35.03 35.03 35.05 35.05 35.04 35.03 35.06 35.02 35.02 35.01 35.03 35.05 35.07 35.06 35.08 35.05 35.02 35.04 35.03 35.04 35.05 35.05 35.02 35.03
35.09 35.04 35.04 35.03 35.04 35.02 35.04 35.06 35.05 35.04 35.05 35.05 35.05 35.05 35.03 35.03 35.02 35.03 35.04 35.04 35.03 35.03 35.04 35.05 35.06 35.03 35.03 35.02 35.02 35.05 35.06 35.03 35.04 35.06 35.04 35.04 35.08 35.04 35.03 35.05 35.03 35.03 35.03 35.05 35.02 35 35 35.01 35.01 35.06 35.05 35.04 35.06 35.02 35.03 35.02 35.05 35.04 35.04 35.04 35.04 35.03 35.03 35.03 35.05 35.05 35.06 35.04 35.07 35.05 35.03 35.04 35.05 35.04 35.04 35.04 35.05 35.05
35.07 35.04 35.05 35.03 35.04 35.02 35.05 35.05 35.04 35.04 35.05 35.05 35.05 35.04 35.05 35.05 35.03 35.05 35.07 35.06 35.02 35.03 35.05 35.06 35.07 35.03 35 35.02 35.05 35.06 35.07 35.04 35.04 35.07 35.06 35.05 35.09 35.06 35.07 35.05 35.03 35.04 35.05 35.05 35.01 35.03 35.03 35.04 35 35.06 35.04 35.03 35.05 35.04 35.04 35.02 35.05 35.04 35.03 35.04 35.02 35.02 35.03 35.04 35.03 35.03 35.05 35.04 35.06 35.04 35.03 35.03 35.08 35.07 35.04 35.04 35.05 35.05
35.05 35.04 35.06 35.04 35.04 35.03 35.05 35.05 35.04 35.04 35.06 35.06 35.06 35.03 35.05 35.04 35.03 35.04 35.05 35.04 35.02 35.04 35.04 35.05 35.06 35.02 35.01 35.03 35.07 35.05 35.03 35.05 35.05 35.07 35.06 35.05 35.09 35.09 35.07 35.03 35.03 35.05 35.06 35.06 35.02 35.06 35.06 35.05 35 35.04 35.04 35.03 35.04 35.05 35.05 35.02 35.05 35.04 35.03 35.03 35.03 35.03 35.02 35.03 35.03 35.04 35.06 35.05 35.06 35.05 35.05 35.05 35.05 35.06 35.03 35.03 35.05 35.05
35.03 35.04 35.04 35.05 35.05 35.01 35.03 35.04 35.05 35.06 35.07 35.07 35.06 35.01 35.02 35.02 35.02 35.04 35.03 35.04 35.05 35.06 35.06 35.06 35.05 35.06 35.04 35.03 35.05 35.03 35.03 35.05 35.05 35.05 35.05 35.04 35.08 35.08 35.06 35.03 35.04 35.03 35.05 35.05 35.03 35.06 35.06 35.05 35 35.03 35.03 35.03 35.04 35.05 35.05 35.02 35.04 35.04 35.03 35.04 35.06 35.05 35.03 35.04 35.06 35.05 35.06 35.05 35.04 35.04 35.05 35.05 35.04 35.04 35.04 35.04 35.05 35.04
35.05 35.05 35.04 35.05 35.05 35 35 35.02 35.06 35.07 35.05 35.05 35.03 35.04 35.01 35.04 35.03 34.98 35.02 35.03 35.04 35.06 35.06 35.05 35.03 35.07 35.03 35.02 35.04 35.04 35.04 35.04 35.04 35.02 35.03 35.06 35.08 35.06 35.05 35.06 35.04 35.02 35.04 35.04 35.05 35.07 35.06 35.03 35.02 35.02 35.02 35.03 35.02 35.04 35.05 35.02 35.03 35.03 35.03 35.05 35.06 35.06 35.05 35.05 35.06 35.05 35.05 35.05 35.03 35.04 35.06 35.03 35.07 35.06 35.04 35.04 35.04 35.03
35.06 35.06 35.06 35.06 35.05 35.02 35.02 35.03 35.04 35.04 35.05 35.04 35.03 35.03 35.03 35.06 35.06 35.02 35.01 35.02 35.05 35.05 35.05 35.04 35.03 35.05 35.03 35.02 35.05 35.06 35.05 35.04 35.04 35.01 35.02 35.05 35.08 35.05 35.05 35.05 35.01 35.02 35.05 35.05 35.07 35.08 35.06 35.03 35.06 35.05 35.05 35.04 35.02 35.04 35.05 35.03 35.03 35.03 35.02 35.01 35.04 35.05 35.06 35.04 35.04 35.04 35.04 35.03 35.04 35.05 35.06 35.02 35.07 35.06 35.06 35.04 35.03 35.04
35.05 35.06 35.07 35.06 35.05 35.03 35 35.03 35.06 35.04 35.04 35.03 35.03 35.03 35.05 35.05 35.05 35.06 35.04 35.04 35.05 35.06 35.06 35.06 35.05 35.04 35.02 35.02 35.05 35.06 35.06 35.05 35.05 35.03 35.02 35.04 35.08 35.05 35.05 35.04 35.02 35.02 35.05 35.06 35.06 35.06 35.04 35.03 35.08 35.06 35.04 35.06 35.03 35.03 35.04 35.04 35.05 35.04 35.03 35.04 35.05 35.04 35.02 35.05 35.04 35.05 35.04 35.03 35.04 35.04 35.03 35.03 35.05 35.05 35.06 35.05 35.04 35.04
35.07 35.05 35.06 35.05 35.03 34.99 34.96 35 35.04 35.04 35.04 35.03 35.04 35.03 35.02 35.03 35.03 35.04 35.05 35.05 35.05 35.06 35.06 35.06 35.06 35.04 35.03 35.02 35.04 35.06 35.06 35.06 35.05 35.05 35.05 35.05 35.07 35.05 35.04 35.04 35.04 35.03 35.03 35.03 35.05 35.03 35.01 34.99 35.06 35.04 35.02 35.06 35.02 35.01 35.03 35.07 35.03 35.04 35.05 35.06 35.04 35.04 35.03 35.06 35.05 35.06 35.05 35.05 35.04 35.03 35.02 35.03 35.03 35.04 35.05 35.05 35.03 35.03
35.1 35.04 35.02 34.99 34.96 34.99 34.99 35.02 35.05 35.01 35.04 35.04 35.05 35.01 35 35.02 35.03 35.03 35.04 35.04 35.03 35.04 35.05 35.04 35.07 35.05 35.04 35.04 35.05 35.06 35.05 35.04 35.05 35.05 35.06 35.07 35.06 35.04 35.02 35.03 35.04 35.04 35.05 35.04 35.05 35.03 35.04 35.01 35.04 35.05 35.03 35.03 35.03 35.04 35.02 35.06 35.01 35.03 35.05 35.03 35.02 35.03 35.04 35.05 35.05 35.05 35.04 35.06 35.05 35.04 35.03 35.04 35.04 35.04 35.05 35.05 35.02 35.02
35.11 35.05 35 34.96 34.94 35 35.01 35.03 35.06 34.99 35.03 35.04 35.03 34.99 34.99 35.01 35.04 35.04 35.03 35.01 35.01 35.02 35.03 35.03 35.07 35.06 35.06 35.05 35.06 35.03 35.03 35.01 35.04 35.04 35.06 35.08 35.05 35.03 35.02 35.03 35.04 35.06 35.06 35.07 35.06 35.05 35.04 35.05 35.07 35.06 35.03 35.02 35.04 35.05 35.02 35.05 35.04 35.03 35.04 35.03 35.03 35.03 35.03 35.04 35.04 35.02 35.03 35.05 35.06 35.06 35.04 35.06 35.06 35.05 35.04 35.04 35.02 35.03
35.13 35.05 35.03 34.96 34.94 35.01 35.01 35.03 35.05 35.02 35.03 35.02 35.03 35.01 35 35.01 35.06 35.06 35.04 35.01 35.02 35.04 35.04 35.05 35.05 35.03 35.04 35.06 35.04 35.03 35.02 35.01 35.05 35.03 35.04 35.05 35.03 35.03 35.03 35.02 35.07 35.07 35.04 35.06 35.05 35.03 35.01 35.03 35.07 35.05 35.03 35.04 35.04 35.05 35.03 35.05 35.05 35.03 35.03 35.05 35.05 35.04 35.03 35.02 35.02 35.02 35.04 35.04 35.06 35.06 35.07 35.05 35.05 35.04 35.03 35.01 35.02 35.05
35.17 35.06 35.05 34.98 34.96 35.03 35.05 35.04 35.04 35.05 35.05 35.03 35.03 35.04 35.02 35.02 35.04 35.05 35.04 35.02 35.05 35.06 35.05 35.05 35.05 35.03 35.04 35.07 35.04 35.04 35.05 35.04 35.03 35.02 35.03 35.04 35.05 35.05 35.05 35.05 35.05 35.05 35.03 35.03 35.04 35.03 35.01 35.03 35.05 35.04 35.03 35.05 35.06 35.06 35.05 35.05 35.05 35.03 35.02 35.06 35.06 35.05 35.04 35.01 35.03 35.05 35.05 35.03 35.04 35.06 35.08 35.06 35.04 35.01 35.02 35.03 35.04 35.05
35.25 35.1 35.04 35.01 34.99 35.01 35.03 35.04 35.05 35.06 35.06 35.04 35.02 35.04 35.03 35.02 35.01 35.02 35.02 35.03 35.07 35.06 35.07 35.06 35.06 35.08 35.09 35.08 35.05 35.04 35.04 35.04 35.02 35.01 35.04 35.05 35.06 35.07 35.06 35.07 35.03 35.04 35.03 35.02 35.05 35.04 35.04 35.04 35.06 35.05 35.03 35.05 35.06 35.04 35.04 35.06 35.05 35.03 35.02 35.08 35.07 35.04 35.04 35.03 35.04 35.06 35.02 35.02 35.03 35.05 35.05 34.97 35.01 35.01 35.02 35.05 35.07 35.07
35.33 35.18 35.09 35.04 34.98 34.94 34.98 35.04 35.04 35.04 35.05 35.06 35.03 35.02 35.02 35.01 35.01 35.02 35.03 35.02 35.06 35.07 35.06 35.06 35.04 35.12 35.11 35.07 35.05 35.04 35.03 35.04 35.04 35.04 35.05 35.07 35.06 35.07 35.06 35.05 35.04 35.05 35.05 35.04 35.04 35.05 35.06 35.06 35.06 35.06 35.05 35.06 35.06 35.02 35.02 35.06 35.06 35.04 35.01 35.1 35.08 35.04 35.04 35.06 35.05 35.05 35.03 35.05 35.03 35.03 35.04 35.01 35.02 35.02 35.02 35.04 35.06 35.04
35.38 35.24 35.16 35.03 34.95 34.94 34.98 35.05 35.06 35.05 35.06 35.06 35.05 35 35 35.01 35.04 35.03 35.04 35.04 35.05 35.06 35.06 35.04 35.03 35.08 35.07 35.05 35.03 35.02 35.03 35.05 35.05 35.05 35.05 35.06 35.05 35.05 35.06 35.04 35.05 35.05 35.05 35.05 35.03 35.04 35.06 35.07 35.04 35.04 35.06 35.06 35.05 35.03 35.03 35.04 35.04 35.06 35.03 35.05 35.06 35.04 35.03 35.07 35.06 35.03 35.04 35.05 35.05 35.04 35.02 35.04 35.06 35.03 35.01 35.03 35.05 35.03
35.42 35.26 35.18 35.01 34.91 34.91 34.95 35.03 35.07 35.06 35.05 35.05 35.06 35.02 35.03 35.03 35.05 35.06 35.04 35.02 35.04 35.05 35.07 35.05 35.02 35.04 35.06 35.04 35.04 35.02 35.03 35.06 35.05 35.04 35.04 35.05 35.05 35.04 35.05 35.04 35.04 35.04 35.03 35.05 35.03 35.04 35.03 35.05 35.02 35.02 35.06 35.05 35.04 35.03 35.05 35.01 35.03 35.05 35.03 35.02 35.03 35.04 35.02 35.05 35.05 35.02 35.05 35.05 35.06 35.07 35.03 35.05 35.06 35.04 35.01 35.04 35.06 35.05
