slabs/15.grd
DSAA
631 301
642630 643260
4947200 4947500
34.31 50.15
[rows 238 to 271 of 301, columns 0 to 77 of 631]
45.6 45.57 45.5 45.45 45.48 45.47 45.47 45.46 45.49 45.54 45.56 45.63 45.68 45.64 45.6 45.48 45.42 45.46 45.49 45.51 45.52 45.5 45.46 45.37 45.4 45.4 45.36 45.36 45.39 45.4 45.39 45.41 45.49 45.5 45.51 45.49 45.53 45.53 45.56 45.59 45.59 45.59 45.62 45.63 45.58 45.46 45.22 45.14 45.16 45.18 45.16 45.2 45.22 45.23 45.2 45.26 45.27 45.22 45.2 45.18 45.19 45.23 45.22 45.21 45.26 45.28 45.34 45.43 45.45 45.5 45.53 45.52 45.54 45.54 45.48 45.51 45.55 45.55
45.6 45.59 45.53 45.5 45.52 45.53 45.49 45.43 45.42 45.48 45.48 45.57 45.69 45.66 45.63 45.5 45.39 45.43 45.46 45.48 45.46 45.49 45.51 45.43 45.36 45.36 45.33 45.35 45.42 45.43 45.41 45.39 45.43 45.46 45.48 45.47 45.5 45.5 45.53 45.59 45.59 45.58 45.59 45.65 45.61 45.48 45.24 45.14 45.15 45.17 45.15 45.15 45.14 45.18 45.21 45.25 45.24 45.19 45.17 45.15 45.14 45.17 45.23 45.23 45.23 45.26 45.32 45.42 45.52 45.56 45.56 45.55 45.53 45.54 45.53 45.56 45.58 45.55
45.65 45.51 45.49 45.52 45.55 45.57 45.53 45.47 45.42 45.39 45.4 45.5 45.66 45.65 45.63 45.55 45.4 45.41 45.43 45.46 45.44 45.48 45.55 45.47 45.37 45.37 45.34 45.35 45.44 45.45 45.44 45.39 45.39 45.42 45.46 45.47 45.49 45.5 45.52 45.57 45.59 45.58 45.58 45.65 45.64 45.55 45.32 45.19 45.17 45.17 45.18 45.18 45.15 45.13 45.19 45.22 45.21 45.18 45.18 45.2 45.17 45.13 45.21 45.22 45.21 45.24 45.33 45.41 45.55 45.56 45.59 45.57 45.52 45.52 45.55 45.59 45.61 45.57
45.67 45.55 45.54 45.52 45.52 45.56 45.55 45.51 45.43 45.38 45.39 45.47 45.61 45.63 45.63 45.59 45.43 45.41 45.4 45.47 45.48 45.51 45.55 45.48 45.42 45.42 45.4 45.38 45.45 45.45 45.43 45.36 45.35 45.37 45.43 45.47 45.5 45.51 45.52 45.54 45.55 45.54 45.55 45.57 45.59 45.59 45.39 45.19 45.17 45.16 45.16 45.17 45.17 45.13 45.17 45.21 45.22 45.21 45.22 45.25 45.21 45.15 45.18 45.19 45.2 45.24 45.34 45.41 45.53 45.56 45.61 45.6 45.54 45.48 45.55 45.59 45.63 45.62
45.69 45.59 45.57 45.5 45.49 45.53 45.54 45.51 45.44 45.43 45.43 45.46 45.56 45.6 45.63 45.6 45.46 45.43 45.39 45.46 45.51 45.52 45.54 45.49 45.46 45.45 45.45 45.42 45.46 45.45 45.43 45.35 45.32 45.33 45.38 45.48 45.49 45.49 45.55 45.58 45.57 45.55 45.52 45.46 45.49 45.55 45.4 45.23 45.21 45.17 45.11 45.1 45.12 45.13 45.16 45.18 45.2 45.21 45.22 45.24 45.21 45.17 45.16 45.18 45.22 45.25 45.3 45.38 45.51 45.58 45.62 45.62 45.57 45.46 45.53 45.57 45.61 45.6
45.7 45.63 45.61 45.55 45.52 45.52 45.53 45.52 45.48 45.46 45.45 45.46 45.51 45.55 45.62 45.6 45.52 45.48 45.41 45.43 45.48 45.49 45.49 45.52 45.46 45.45 45.46 45.45 45.47 45.46 45.43 45.38 45.38 45.37 45.36 45.48 45.49 45.49 45.55 45.6 45.59 45.59 45.54 45.47 45.5 45.55 45.46 45.32 45.28 45.2 45.15 45.1 45.1 45.12 45.14 45.15 45.19 45.19 45.2 45.21 45.2 45.18 45.17 45.19 45.23 45.24 45.22 45.31 45.46 45.56 45.63 45.63 45.59 45.48 45.49 45.53 45.59 45.57
45.69 45.66 45.65 45.61 45.57 45.54 45.56 45.56 45.54 45.51 45.47 45.47 45.46 45.5 45.59 45.61 45.57 45.53 45.46 45.43 45.41 45.41 45.46 45.53 45.46 45.44 45.44 45.48 45.44 45.41 45.36 45.38 45.4 45.42 45.39 45.42 45.42 45.42 45.48 45.55 45.57 45.61 45.57 45.51 45.55 45.59 45.53 45.42 45.35 45.24 45.21 45.17 45.13 45.12 45.11 45.13 45.18 45.19 45.21 45.21 45.2 45.19 45.2 45.19 45.18 45.19 45.18 45.26 45.38 45.49 45.58 45.61 45.63 45.52 45.5 45.55 45.59 45.59
45.65 45.64 45.66 45.64 45.6 45.58 45.59 45.59 45.6 45.56 45.5 45.49 45.44 45.45 45.54 45.59 45.58 45.56 45.54 45.44 45.37 45.4 45.42 45.46 45.45 45.47 45.49 45.52 45.48 45.43 45.37 45.38 45.39 45.41 45.42 45.36 45.37 45.35 45.42 45.53 45.55 45.58 45.58 45.54 45.56 45.56 45.5 45.44 45.38 45.28 45.22 45.21 45.17 45.13 45.1 45.13 45.17 45.21 45.21 45.21 45.2 45.2 45.26 45.23 45.17 45.13 45.22 45.29 45.33 45.45 45.53 45.57 45.65 45.61 45.6 45.61 45.59 45.57
45.65 45.65 45.67 45.65 45.63 45.61 45.59 45.58 45.63 45.6 45.51 45.45 45.41 45.41 45.48 45.56 45.58 45.55 45.61 45.52 45.46 45.45 45.42 45.4 45.45 45.49 45.5 45.49 45.49 45.47 45.45 45.42 45.4 45.35 45.39 45.37 45.37 45.34 45.37 45.51 45.54 45.57 45.57 45.58 45.57 45.51 45.43 45.4 45.38 45.3 45.22 45.22 45.2 45.15 45.12 45.13 45.15 45.2 45.2 45.21 45.22 45.24 45.25 45.26 45.2 45.11 45.22 45.26 45.28 45.37 45.46 45.53 45.64 45.62 45.63 45.64 45.62 45.56
45.67 45.67 45.67 45.67 45.66 45.65 45.61 45.56 45.59 45.57 45.5 45.41 45.42 45.42 45.44 45.5 45.54 45.53 45.61 45.57 45.53 45.48 45.42 45.38 45.42 45.46 45.47 45.47 45.47 45.47 45.47 45.43 45.4 45.3 45.3 45.4 45.41 45.39 45.35 45.42 45.48 45.55 45.57 45.6 45.59 45.51 45.43 45.41 45.37 45.3 45.23 45.23 45.22 45.16 45.18 45.17 45.15 45.19 45.18 45.2 45.25 45.26 45.22 45.22 45.21 45.15 45.2 45.18 45.2 45.29 45.34 45.43 45.55 45.6 45.62 45.63 45.63 45.5
45.65 45.66 45.66 45.67 45.7 45.68 45.63 45.61 45.59 45.56 45.52 45.45 45.43 45.42 45.4 45.38 45.44 45.49 45.57 45.57 45.56 45.49 45.41 45.35 45.36 45.41 45.47 45.48 45.47 45.46 45.46 45.42 45.39 45.32 45.26 45.38 45.42 45.43 45.36 45.33 45.39 45.48 45.55 45.57 45.58 45.53 45.46 45.41 45.35 45.32 45.3 45.31 45.29 45.2 45.25 45.21 45.15 45.12 45.12 45.15 45.24 45.27 45.22 45.2 45.18 45.16 45.17 45.17 45.21 45.26 45.3 45.37 45.47 45.56 45.58 45.59 45.57 45.41
45.62 45.62 45.64 45.67 45.69 45.68 45.65 45.64 45.61 45.57 45.52 45.46 45.42 45.41 45.4 45.39 45.42 45.47 45.53 45.58 45.56 45.51 45.4 45.31 45.33 45.39 45.47 45.48 45.46 45.45 45.44 45.41 45.4 45.37 45.29 45.35 45.38 45.42 45.41 45.35 45.33 45.39 45.51 45.52 45.55 45.57 45.44 45.4 45.32 45.34 45.41 45.43 45.41 45.31 45.31 45.28 45.2 45.12 45.11 45.15 45.21 45.24 45.21 45.18 45.13 45.15 45.16 45.18 45.22 45.24 45.27 45.36 45.45 45.53 45.55 45.56 45.5 45.34
45.62 45.61 45.6 45.67 45.67 45.66 45.65 45.67 45.65 45.61 45.52 45.44 45.41 45.4 45.43 45.45 45.45 45.49 45.51 45.57 45.56 45.52 45.42 45.33 45.33 45.39 45.44 45.45 45.43 45.42 45.41 45.39 45.39 45.39 45.32 45.33 45.35 45.41 45.47 45.44 45.36 45.31 45.47 45.5 45.53 45.55 45.39 45.31 45.24 45.26 45.34 45.38 45.45 45.36 45.34 45.33 45.24 45.16 45.17 45.19 45.19 45.18 45.17 45.17 45.14 45.15 45.16 45.18 45.2 45.21 45.22 45.32 45.44 45.51 45.52 45.52 45.44 45.29
45.62 45.62 45.61 45.62 45.64 45.64 45.66 45.69 45.67 45.64 45.54 45.45 45.44 45.43 45.43 45.45 45.46 45.49 45.47 45.53 45.54 45.54 45.47 45.39 45.36 45.39 45.39 45.37 45.36 45.36 45.37 45.36 45.37 45.38 45.35 45.35 45.36 45.4 45.45 45.45 45.4 45.31 45.39 45.39 45.43 45.46 45.32 45.26 45.22 45.23 45.25 45.28 45.39 45.39 45.39 45.38 45.26 45.17 45.19 45.17 45.15 45.11 45.13 45.18 45.16 45.15 45.16 45.18 45.22 45.22 45.22 45.3 45.41 45.47 45.48 45.5 45.41 45.3
45.61 45.62 45.65 45.6 45.61 45.63 45.66 45.67 45.67 45.65 45.57 45.52 45.49 45.46 45.44 45.45 45.46 45.48 45.43 45.42 45.47 45.54 45.51 45.46 45.44 45.41 45.32 45.29 45.3 45.32 45.33 45.32 45.36 45.4 45.38 45.37 45.37 45.39 45.4 45.41 45.41 45.4 45.39 45.38 45.38 45.4 45.26 45.22 45.19 45.22 45.24 45.25 45.32 45.39 45.39 45.38 45.28 45.19 45.18 45.16 45.13 45.09 45.11 45.18 45.17 45.17 45.16 45.18 45.25 45.28 45.28 45.3 45.35 45.46 45.48 45.49 45.42 45.39
45.6 45.62 45.65 45.62 45.62 45.61 45.62 45.64 45.65 45.66 45.61 45.58 45.54 45.49 45.47 45.49 45.49 45.49 45.43 45.35 45.4 45.5 45.54 45.53 45.51 45.45 45.3 45.27 45.28 45.3 45.3 45.3 45.34 45.42 45.38 45.37 45.35 45.33 45.35 45.36 45.38 45.38 45.4 45.39 45.36 45.32 45.2 45.18 45.17 45.19 45.23 45.23 45.26 45.32 45.32 45.33 45.32 45.24 45.21 45.18 45.14 45.1 45.11 45.17 45.17 45.18 45.15 45.17 45.24 45.31 45.32 45.27 45.27 45.46 45.5 45.49 45.44 45.45
45.57 45.59 45.61 45.62 45.62 45.6 45.58 45.6 45.62 45.65 45.63 45.62 45.57 45.53 45.53 45.54 45.52 45.5 45.47 45.41 45.42 45.49 45.54 45.52 45.51 45.45 45.36 45.31 45.28 45.25 45.25 45.27 45.31 45.4 45.41 45.41 45.38 45.35 45.36 45.35 45.33 45.35 45.4 45.38 45.33 45.24 45.16 45.16 45.16 45.16 45.19 45.22 45.26 45.26 45.26 45.3 45.36 45.29 45.25 45.19 45.15 45.11 45.12 45.15 45.15 45.13 45.13 45.14 45.19 45.28 45.31 45.31 45.31 45.48 45.52 45.49 45.45 45.43
45.55 45.57 45.58 45.6 45.61 45.6 45.56 45.59 45.61 45.64 45.63 45.63 45.6 45.56 45.53 45.54 45.53 45.52 45.51 45.49 45.49 45.52 45.5 45.44 45.44 45.45 45.42 45.38 45.29 45.24 45.25 45.25 45.28 45.38 45.45 45.43 45.38 45.38 45.39 45.36 45.31 45.35 45.41 45.4 45.36 45.29 45.2 45.17 45.14 45.15 45.17 45.23 45.27 45.26 45.27 45.31 45.39 45.32 45.28 45.2 45.16 45.12 45.12 45.12 45.15 45.14 45.14 45.13 45.17 45.22 45.27 45.35 45.41 45.46 45.48 45.47 45.47 45.45
45.58 45.55 45.55 45.59 45.6 45.6 45.58 45.57 45.58 45.62 45.63 45.64 45.62 45.56 45.49 45.48 45.5 45.52 45.53 45.52 45.51 45.52 45.47 45.43 45.39 45.43 45.47 45.44 45.34 45.28 45.27 45.24 45.24 45.36 45.45 45.42 45.38 45.38 45.39 45.36 45.32 45.37 45.42 45.41 45.41 45.43 45.31 45.2 45.13 45.16 45.18 45.22 45.23 45.24 45.26 45.33 45.39 45.36 45.32 45.25 45.2 45.16 45.14 45.09 45.13 45.18 45.18 45.18 45.19 45.21 45.24 45.29 45.4 45.43 45.47 45.49 45.5 45.48
45.63 45.56 45.51 45.57 45.59 45.6 45.6 45.58 45.56 45.58 45.62 45.65 45.63 45.59 45.52 45.47 45.49 45.55 45.56 45.51 45.51 45.49 45.47 45.45 45.41 45.45 45.49 45.47 45.38 45.33 45.29 45.27 45.24 45.34 45.39 45.39 45.4 45.39 45.36 45.36 45.36 45.4 45.43 45.42 45.45 45.52 45.43 45.24 45.15 45.19 45.21 45.22 45.2 45.23 45.25 45.28 45.31 45.35 45.34 45.3 45.22 45.22 45.24 45.16 45.12 45.13 45.14 45.21 45.27 45.26 45.24 45.26 45.37 45.41 45.5 45.53 45.53 45.51
45.66 45.59 45.48 45.53 45.55 45.58 45.56 45.57 45.56 45.57 45.59 45.61 45.61 45.61 45.58 45.53 45.52 45.53 45.54 45.49 45.53 45.52 45.48 45.47 45.42 45.45 45.49 45.47 45.41 45.37 45.31 45.31 45.28 45.31 45.32 45.35 45.43 45.43 45.35 45.37 45.39 45.41 45.43 45.45 45.47 45.49 45.44 45.25 45.14 45.15 45.19 45.21 45.2 45.22 45.23 45.24 45.23 45.28 45.27 45.28 45.3 45.29 45.31 45.25 45.17 45.15 45.13 45.19 45.27 45.27 45.25 45.27 45.33 45.39 45.51 45.56 45.54 45.52
45.66 45.59 45.52 45.58 45.57 45.57 45.54 45.56 45.57 45.56 45.54 45.56 45.59 45.61 45.61 45.59 45.57 45.51 45.49 45.48 45.53 45.54 45.5 45.48 45.42 45.41 45.44 45.43 45.42 45.41 45.35 45.35 45.29 45.26 45.27 45.32 45.43 45.46 45.42 45.41 45.39 45.41 45.43 45.46 45.46 45.43 45.36 45.21 45.12 45.08 45.13 45.22 45.26 45.24 45.23 45.21 45.23 45.26 45.23 45.24 45.33 45.32 45.32 45.28 45.2 45.17 45.12 45.16 45.22 45.22 45.24 45.29 45.34 45.38 45.48 45.55 45.52 45.51
45.68 45.62 45.59 45.64 45.6 45.57 45.56 45.57 45.57 45.55 45.53 45.54 45.57 45.62 45.61 45.62 45.6 45.51 45.48 45.48 45.52 45.53 45.52 45.51 45.44 45.4 45.4 45.39 45.42 45.44 45.41 45.4 45.3 45.25 45.25 45.29 45.39 45.46 45.47 45.48 45.43 45.4 45.43 45.47 45.45 45.37 45.28 45.16 45.14 45.13 45.16 45.21 45.27 45.3 45.26 45.19 45.23 45.24 45.23 45.24 45.34 45.34 45.33 45.31 45.22 45.2 45.14 45.15 45.19 45.2 45.26 45.34 45.37 45.37 45.42 45.5 45.5 45.49
45.7 45.63 45.64 45.66 45.63 45.57 45.54 45.55 45.56 45.55 45.54 45.54 45.56 45.6 45.62 45.64 45.63 45.54 45.51 45.5 45.51 45.54 45.54 45.52 45.48 45.45 45.41 45.39 45.41 45.47 45.45 45.43 45.35 45.3 45.28 45.27 45.31 45.42 45.44 45.5 45.51 45.46 45.47 45.49 45.46 45.36 45.27 45.11 45.13 45.19 45.22 45.23 45.23 45.29 45.26 45.21 45.21 45.2 45.22 45.23 45.27 45.32 45.35 45.34 45.26 45.24 45.17 45.16 45.2 45.22 45.27 45.35 45.38 45.36 45.37 45.44 45.47 45.48
45.73 45.68 45.66 45.66 45.64 45.58 45.52 45.54 45.55 45.56 45.56 45.57 45.56 45.55 45.6 45.62 45.64 45.59 45.55 45.53 45.51 45.55 45.54 45.52 45.5 45.48 45.44 45.42 45.4 45.49 45.5 45.46 45.37 45.3 45.3 45.31 45.34 45.4 45.42 45.48 45.52 45.51 45.51 45.5 45.45 45.36 45.29 45.13 45.13 45.18 45.2 45.22 45.21 45.25 45.27 45.22 45.19 45.19 45.2 45.21 45.19 45.26 45.36 45.37 45.31 45.28 45.2 45.19 45.19 45.21 45.25 45.32 45.38 45.36 45.37 45.42 45.45 45.45
45.75 45.73 45.7 45.67 45.64 45.6 45.56 45.56 45.55 45.55 45.55 45.57 45.56 45.53 45.55 45.58 45.61 45.63 45.6 45.56 45.5 45.53 45.52 45.5 45.5 45.48 45.46 45.45 45.42 45.45 45.48 45.48 45.45 45.36 45.34 45.35 45.38 45.37 45.38 45.42 45.48 45.51 45.52 45.5 45.45 45.36 45.27 45.16 45.15 45.16 45.17 45.18 45.21 45.23 45.26 45.24 45.21 45.2 45.18 45.19 45.15 45.2 45.33 45.39 45.35 45.33 45.25 45.22 45.18 45.21 45.26 45.33 45.39 45.4 45.41 45.42 45.43 45.42
45.75 45.72 45.75 45.71 45.65 45.59 45.59 45.58 45.56 45.54 45.53 45.55 45.56 45.52 45.53 45.53 45.55 45.63 45.63 45.58 45.49 45.49 45.51 45.48 45.49 45.47 45.45 45.46 45.47 45.44 45.42 45.41 45.48 45.42 45.39 45.38 45.41 45.39 45.37 45.37 45.45 45.51 45.51 45.51 45.48 45.41 45.31 45.18 45.18 45.18 45.17 45.16 45.21 45.22 45.25 45.24 45.24 45.22 45.17 45.14 45.15 45.16 45.25 45.34 45.36 45.35 45.3 45.25 45.2 45.21 45.28 45.35 45.37 45.42 45.45 45.42 45.41 45.41
45.72 45.67 45.75 45.73 45.66 45.6 45.59 45.58 45.56 45.58 45.54 45.56 45.57 45.55 45.55 45.53 45.52 45.59 45.59 45.57 45.5 45.49 45.48 45.47 45.49 45.45 45.45 45.46 45.46 45.43 45.4 45.39 45.46 45.41 45.4 45.4 45.39 45.38 45.37 45.37 45.44 45.47 45.48 45.5 45.48 45.47 45.38 45.2 45.21 45.21 45.19 45.16 45.2 45.24 45.27 45.22 45.2 45.2 45.17 45.12 45.14 45.13 45.17 45.21 45.31 45.33 45.3 45.26 45.23 45.24 45.27 45.3 45.32 45.38 45.45 45.41 45.39 45.39
45.68 45.66 45.72 45.73 45.67 45.59 45.57 45.56 45.56 45.59 45.53 45.55 45.59 45.6 45.61 45.57 45.53 45.52 45.53 45.53 45.52 45.52 45.49 45.46 45.46 45.45 45.46 45.46 45.45 45.43 45.43 45.42 45.4 45.38 45.38 45.4 45.35 45.32 45.34 45.37 45.4 45.39 45.42 45.47 45.48 45.48 45.42 45.24 45.23 45.22 45.2 45.18 45.22 45.25 45.3 45.24 45.2 45.19 45.17 45.15 45.14 45.12 45.12 45.14 45.24 45.26 45.24 45.19 45.18 45.22 45.26 45.24 45.27 45.34 45.42 45.45 45.41 45.32
45.67 45.68 45.7 45.7 45.66 45.58 45.56 45.56 45.57 45.58 45.52 45.52 45.54 45.59 45.59 45.57 45.52 45.48 45.49 45.5 45.52 45.55 45.53 45.47 45.47 45.5 45.48 45.46 45.43 45.42 45.43 45.42 45.37 45.34 45.36 45.4 45.35 45.28 45.33 45.38 45.39 45.36 45.38 45.46 45.48 45.48 45.41 45.26 45.23 45.22 45.2 45.24 45.24 45.27 45.31 45.29 45.26 45.24 45.19 45.15 45.14 45.12 45.09 45.12 45.15 45.17 45.18 45.16 45.17 45.23 45.27 45.19 45.23 45.3 45.36 45.43 45.42 45.34
45.68 45.69 45.72 45.7 45.65 45.62 45.59 45.59 45.61 45.6 45.58 45.56 45.58 45.63 45.58 45.56 45.53 45.47 45.47 45.49 45.53 45.53 45.52 45.5 45.49 45.54 45.5 45.47 45.43 45.39 45.41 45.4 45.38 45.33 45.35 45.41 45.36 45.29 45.33 45.41 45.43 45.4 45.4 45.48 45.48 45.45 45.36 45.25 45.21 45.2 45.19 45.23 45.22 45.25 45.3 45.3 45.25 45.26 45.23 45.2 45.17 45.15 45.1 45.14 45.16 45.15 45.12 45.16 45.19 45.23 45.27 45.15 45.19 45.23 45.26 45.3 45.36 45.39
45.66 45.69 45.75 45.71 45.62 45.62 45.61 45.61 45.61 45.65 45.59 45.58 45.6 45.65 45.61 45.58 45.56 45.48 45.47 45.47 45.52 45.5 45.5 45.5 45.49 45.53 45.49 45.44 45.43 45.4 45.4 45.39 45.37 45.33 45.36 45.42 45.4 45.36 45.35 45.42 45.45 45.44 45.43 45.45 45.46 45.43 45.34 45.27 45.22 45.2 45.15 45.2 45.18 45.21 45.26 45.25 45.23 45.27 45.25 45.22 45.21 45.19 45.1 45.11 45.15 45.18 45.13 45.14 45.17 45.21 45.26 45.19 45.2 45.2 45.18 45.19 45.27 45.4
45.64 45.66 45.68 45.66 45.59 45.62 45.64 45.63 45.61 45.64 45.59 45.59 45.61 45.63 45.61 45.56 45.54 45.49 45.48 45.47 45.51 45.49 45.5 45.5 45.48 45.49 45.46 45.4 45.42 45.43 45.42 45.4 45.38 45.38 45.37 45.4 45.42 45.43 45.41 45.43 45.47 45.45 45.44 45.42 45.4 45.42 45.39 45.25 45.16 45.19 45.24 45.26 45.22 45.24 45.26 45.25 45.24 45.26 45.27 45.23 45.22 45.17 45.1 45.09 45.12 45.17 45.15 45.14 45.17 45.21 45.27 45.24 45.24 45.21 45.17 45.16 45.23 45.37
45.62 45.64 45.62 45.63 45.61 45.62 45.62 45.62 45.62 45.6 45.59 45.61 45.63 45.63 45.59 45.51 45.51 45.51 45.51 45.49 45.49 45.46 45.49 45.5 45.47 45.48 45.46 45.41 45.44 45.44 45.43 45.42 45.41 45.42 45.39 45.4 45.43 45.44 45.43 45.46 45.49 45.49 45.5 45.42 45.4 45.39 45.39 45.25 45.14 45.2 45.31 45.31 45.29 45.29 45.27 45.27 45.25 45.23 45.25 45.23 45.21 45.16 45.12 45.11 45.11 45.14 45.14 45.16 45.19 45.23 45.27 45.27 45.26 45.24 45.22 45.21 45.25 45.34
