slabs/15.grd
DSAA
631 301
642630 643260
4947200 4947500
34.31 50.15
[rows 68 to 101 of 301, columns 468 to 545 of 631]
39.72 39.71 39.71 39.75 39.74 39.73 39.7 39.66 39.63 39.63 39.62 39.63 39.61 39.57 39.5 39.42 39.37 39.36 39.4 39.43 39.44 39.48 39.47 39.48 39.53 39.6 39.53 39.48 39.49 39.51 39.53 39.58 39.64 39.74 39.8 39.8 39.75 39.67 39.59 39.57 39.52 39.38 39.26 39.27 39.25 39.31 39.34 39.39 39.43 39.43 39.4 39.34 39.25 39.21 39.26 39.31 39.34 39.23 39.3 39.28 39.25 39.25 39.26 39.27 39.29 39.35 39.38 39.45 39.4 39.36 39.34 39.31 39.29 39.24 39.19 39.14 39.04 39.01
39.67 39.68 39.69 39.72 39.71 39.7 39.66 39.63 39.61 39.6 39.58 39.59 39.59 39.54 39.48 39.4 39.38 39.35 39.38 39.42 39.46 39.48 39.45 39.53 39.6 39.73 39.59 39.5 39.49 39.5 39.55 39.59 39.64 39.68 39.71 39.75 39.71 39.63 39.59 39.6 39.58 39.47 39.32 39.3 39.26 39.28 39.26 39.3 39.36 39.4 39.4 39.37 39.29 39.21 39.16 39.23 39.33 39.18 39.18 39.18 39.15 39.13 39.15 39.18 39.27 39.39 39.43 39.53 39.49 39.39 39.38 39.35 39.31 39.22 39.15 39.08 39.01 38.94
39.7 39.7 39.68 39.66 39.63 39.65 39.6 39.55 39.58 39.58 39.56 39.55 39.56 39.51 39.43 39.38 39.37 39.36 39.39 39.44 39.47 39.49 39.46 39.57 39.63 39.71 39.61 39.54 39.52 39.52 39.58 39.6 39.63 39.66 39.64 39.64 39.58 39.55 39.57 39.58 39.56 39.52 39.4 39.36 39.3 39.29 39.26 39.27 39.3 39.36 39.38 39.37 39.31 39.22 39.13 39.15 39.27 39.19 39.12 39.08 39.05 39.03 39.03 39.09 39.23 39.36 39.42 39.53 39.5 39.35 39.34 39.34 39.28 39.16 39.09 38.98 38.94 38.89
39.72 39.69 39.64 39.6 39.57 39.6 39.53 39.43 39.49 39.58 39.59 39.54 39.55 39.5 39.42 39.42 39.41 39.41 39.43 39.45 39.46 39.48 39.46 39.53 39.57 39.63 39.54 39.5 39.53 39.58 39.62 39.63 39.64 39.65 39.59 39.56 39.48 39.47 39.5 39.49 39.46 39.48 39.36 39.31 39.29 39.31 39.28 39.28 39.31 39.33 39.36 39.34 39.28 39.19 39.12 39.09 39.17 39.19 39.13 39.04 38.99 38.96 38.96 39.03 39.16 39.29 39.34 39.4 39.39 39.28 39.28 39.33 39.26 39.12 39.01 38.83 38.77 38.78
39.7 39.66 39.58 39.53 39.53 39.56 39.5 39.37 39.42 39.57 39.6 39.55 39.55 39.52 39.48 39.48 39.48 39.48 39.45 39.43 39.44 39.45 39.46 39.47 39.51 39.58 39.51 39.51 39.57 39.64 39.61 39.62 39.63 39.62 39.54 39.51 39.42 39.43 39.44 39.43 39.41 39.42 39.3 39.25 39.27 39.33 39.29 39.29 39.32 39.31 39.34 39.3 39.25 39.2 39.14 39.07 39.08 39.14 39.12 39.07 39.01 38.98 38.97 38.99 39.08 39.19 39.21 39.22 39.21 39.19 39.2 39.29 39.27 39.08 38.93 38.7 38.59 38.58
39.68 39.65 39.54 39.46 39.48 39.5 39.5 39.46 39.49 39.56 39.58 39.57 39.58 39.55 39.51 39.52 39.52 39.52 39.45 39.4 39.39 39.36 39.37 39.41 39.44 39.5 39.54 39.56 39.63 39.66 39.59 39.58 39.58 39.56 39.49 39.45 39.38 39.42 39.44 39.43 39.41 39.38 39.28 39.25 39.28 39.32 39.29 39.29 39.3 39.28 39.29 39.26 39.24 39.24 39.2 39.12 39.06 39.12 39.13 39.12 39.08 39.05 39.02 39 39.04 39.08 39.1 39.13 39.11 39.11 39.11 39.14 39.16 39.06 38.86 38.61 38.5 38.42
39.7 39.66 39.54 39.42 39.43 39.44 39.5 39.52 39.52 39.53 39.51 39.53 39.53 39.5 39.59 39.57 39.57 39.55 39.48 39.39 39.36 39.28 39.28 39.34 39.38 39.45 39.55 39.59 39.7 39.65 39.57 39.55 39.53 39.5 39.43 39.4 39.38 39.42 39.45 39.44 39.41 39.34 39.28 39.28 39.3 39.31 39.29 39.28 39.27 39.25 39.25 39.24 39.25 39.3 39.3 39.24 39.16 39.16 39.18 39.18 39.15 39.12 39.08 38.96 38.83 38.94 38.97 39.03 39.06 39.07 39.05 39.05 39.05 38.99 38.75 38.5 38.37 38.29
39.74 39.67 39.57 39.46 39.43 39.41 39.47 39.49 39.48 39.46 39.43 39.41 39.42 39.46 39.58 39.57 39.56 39.54 39.5 39.41 39.38 39.29 39.29 39.33 39.39 39.45 39.52 39.58 39.71 39.64 39.54 39.52 39.48 39.42 39.35 39.35 39.38 39.44 39.47 39.45 39.39 39.31 39.29 39.28 39.3 39.31 39.28 39.24 39.23 39.25 39.25 39.26 39.27 39.34 39.36 39.38 39.39 39.34 39.37 39.28 39.21 39.2 39.18 39.08 38.87 38.89 38.91 38.96 38.99 39.01 38.98 38.91 38.88 38.81 38.6 38.38 38.2 38.15
39.77 39.68 39.6 39.53 39.49 39.4 39.43 39.46 39.44 39.42 39.38 39.34 39.39 39.51 39.62 39.58 39.55 39.51 39.49 39.44 39.41 39.33 39.34 39.36 39.41 39.44 39.47 39.54 39.65 39.57 39.48 39.46 39.4 39.35 39.32 39.34 39.4 39.44 39.48 39.45 39.38 39.31 39.29 39.28 39.28 39.29 39.27 39.23 39.26 39.24 39.25 39.27 39.29 39.37 39.4 39.46 39.54 39.5 39.5 39.42 39.33 39.34 39.34 39.31 39.2 39.13 39.03 38.93 38.9 38.91 38.85 38.71 38.61 38.55 38.41 38.26 38.09 38.04
39.78 39.68 39.6 39.57 39.51 39.39 39.43 39.47 39.45 39.41 39.36 39.35 39.43 39.61 39.73 39.69 39.65 39.57 39.53 39.49 39.41 39.37 39.39 39.39 39.41 39.42 39.44 39.49 39.57 39.45 39.4 39.37 39.32 39.32 39.33 39.36 39.4 39.43 39.47 39.45 39.38 39.32 39.3 39.27 39.25 39.25 39.25 39.27 39.26 39.18 39.17 39.2 39.33 39.4 39.44 39.53 39.6 39.57 39.52 39.52 39.51 39.51 39.49 39.46 39.46 39.4 39.18 38.97 38.85 38.8 38.67 38.49 38.34 38.31 38.21 38.13 37.99 37.97
39.8 39.66 39.58 39.54 39.49 39.39 39.43 39.49 39.48 39.44 39.38 39.42 39.53 39.75 39.89 39.87 39.82 39.7 39.55 39.5 39.41 39.38 39.42 39.43 39.43 39.43 39.44 39.46 39.52 39.39 39.38 39.36 39.3 39.32 39.35 39.36 39.37 39.41 39.43 39.42 39.36 39.32 39.32 39.3 39.27 39.3 39.29 39.3 39.26 39.16 39.13 39.14 39.35 39.44 39.48 39.57 39.64 39.6 39.56 39.6 39.62 39.61 39.58 39.53 39.56 39.51 39.28 39.04 38.84 38.74 38.49 38.29 38.15 38.13 38.05 38 37.9 37.9
39.83 39.67 39.59 39.54 39.49 39.4 39.42 39.5 39.49 39.48 39.47 39.53 39.66 39.88 40.06 40.05 39.96 39.76 39.51 39.47 39.4 39.39 39.44 39.46 39.5 39.5 39.48 39.47 39.48 39.48 39.43 39.37 39.28 39.31 39.32 39.32 39.33 39.38 39.39 39.38 39.34 39.3 39.32 39.34 39.34 39.34 39.34 39.35 39.27 39.17 39.12 39.13 39.34 39.46 39.51 39.62 39.67 39.62 39.59 39.61 39.61 39.61 39.6 39.56 39.58 39.54 39.34 39.1 38.85 38.71 38.37 38.15 38.05 38.01 37.94 37.91 37.85 37.84
39.88 39.71 39.65 39.59 39.52 39.43 39.4 39.47 39.5 39.5 39.55 39.6 39.74 39.95 40.18 40.18 40.02 39.71 39.45 39.44 39.41 39.4 39.46 39.48 39.55 39.56 39.53 39.5 39.45 39.49 39.44 39.36 39.29 39.33 39.33 39.3 39.29 39.36 39.37 39.36 39.33 39.31 39.32 39.35 39.41 39.37 39.39 39.39 39.29 39.17 39.12 39.16 39.34 39.47 39.55 39.69 39.68 39.65 39.58 39.58 39.56 39.56 39.58 39.57 39.58 39.55 39.38 39.1 38.83 38.67 38.3 38.03 37.99 37.95 37.88 37.87 37.84 37.82
39.9 39.76 39.73 39.64 39.54 39.44 39.41 39.45 39.5 39.51 39.57 39.61 39.77 39.99 40.23 40.2 39.97 39.59 39.44 39.44 39.42 39.41 39.47 39.5 39.56 39.53 39.49 39.47 39.34 39.38 39.39 39.39 39.37 39.4 39.4 39.37 39.3 39.37 39.38 39.34 39.33 39.33 39.33 39.35 39.42 39.39 39.42 39.43 39.3 39.18 39.14 39.18 39.33 39.44 39.56 39.72 39.71 39.66 39.57 39.51 39.49 39.51 39.56 39.59 39.58 39.55 39.41 39.08 38.8 38.62 38.23 37.96 37.92 37.88 37.84 37.87 37.85 37.82
39.91 39.79 39.8 39.72 39.56 39.48 39.44 39.46 39.5 39.52 39.56 39.6 39.75 39.95 40.12 40.09 39.84 39.48 39.43 39.45 39.44 39.42 39.47 39.47 39.42 39.31 39.23 39.19 39.18 39.3 39.35 39.43 39.44 39.44 39.46 39.43 39.34 39.38 39.37 39.33 39.33 39.35 39.34 39.32 39.35 39.33 39.37 39.41 39.33 39.24 39.16 39.18 39.31 39.38 39.54 39.72 39.73 39.68 39.54 39.43 39.43 39.49 39.61 39.64 39.57 39.54 39.4 39.06 38.76 38.56 38.15 37.93 37.86 37.83 37.81 37.87 37.86 37.85
39.94 39.84 39.86 39.79 39.61 39.56 39.5 39.49 39.49 39.52 39.54 39.58 39.68 39.81 39.91 39.9 39.67 39.39 39.4 39.44 39.47 39.43 39.4 39.37 39.27 39.16 39.1 39.06 39.15 39.31 39.37 39.45 39.46 39.47 39.48 39.46 39.37 39.35 39.36 39.36 39.35 39.35 39.33 39.29 39.28 39.26 39.3 39.38 39.38 39.32 39.19 39.16 39.28 39.33 39.51 39.68 39.72 39.66 39.48 39.36 39.43 39.52 39.7 39.71 39.61 39.55 39.37 39.06 38.76 38.51 38.07 37.87 37.84 37.81 37.82 37.86 37.87 37.86
39.99 39.88 39.87 39.8 39.64 39.63 39.54 39.51 39.49 39.51 39.52 39.55 39.6 39.63 39.65 39.65 39.5 39.32 39.38 39.43 39.48 39.45 39.4 39.33 39.24 39.16 39.14 39.13 39.21 39.36 39.4 39.44 39.46 39.47 39.48 39.45 39.37 39.32 39.34 39.37 39.34 39.34 39.32 39.28 39.27 39.26 39.28 39.37 39.43 39.37 39.22 39.15 39.27 39.35 39.52 39.64 39.66 39.59 39.41 39.34 39.47 39.56 39.74 39.78 39.68 39.58 39.36 39.04 38.82 38.43 38 37.81 37.82 37.85 37.83 37.87 37.87 37.85
40 39.86 39.85 39.8 39.69 39.64 39.49 39.49 39.47 39.47 39.5 39.52 39.52 39.52 39.53 39.52 39.4 39.3 39.35 39.43 39.5 39.49 39.45 39.36 39.27 39.21 39.21 39.21 39.28 39.4 39.41 39.43 39.43 39.45 39.45 39.44 39.37 39.32 39.33 39.33 39.29 39.32 39.34 39.34 39.34 39.34 39.35 39.38 39.46 39.41 39.27 39.15 39.3 39.4 39.57 39.62 39.58 39.5 39.39 39.44 39.52 39.55 39.65 39.69 39.62 39.52 39.29 38.98 38.77 38.28 37.94 37.81 37.82 37.87 37.87 37.88 37.87 37.86
39.94 39.78 39.84 39.89 39.86 39.78 39.68 39.65 39.59 39.56 39.55 39.54 39.51 39.49 39.53 39.49 39.39 39.33 39.34 39.42 39.51 39.53 39.49 39.39 39.31 39.28 39.29 39.31 39.34 39.4 39.4 39.4 39.4 39.43 39.41 39.42 39.36 39.32 39.31 39.29 39.29 39.34 39.41 39.44 39.45 39.44 39.44 39.44 39.46 39.43 39.31 39.19 39.35 39.44 39.48 39.42 39.48 39.46 39.44 39.54 39.55 39.55 39.56 39.57 39.52 39.42 39.24 38.94 38.72 38.19 37.9 37.82 37.83 37.84 37.87 37.82 37.83 37.85
39.96 39.87 39.96 40.02 40.01 39.94 39.88 39.85 39.77 39.68 39.62 39.59 39.53 39.49 39.51 39.49 39.42 39.36 39.36 39.4 39.49 39.55 39.51 39.42 39.36 39.36 39.37 39.38 39.37 39.37 39.36 39.36 39.36 39.42 39.38 39.38 39.36 39.32 39.3 39.28 39.34 39.38 39.48 39.53 39.51 39.48 39.45 39.45 39.41 39.42 39.37 39.27 39.41 39.47 39.47 39.35 39.44 39.46 39.49 39.58 39.58 39.56 39.54 39.52 39.5 39.41 39.24 38.95 38.73 38.21 37.88 37.81 37.82 37.82 37.83 37.81 37.82 37.82
40.03 40.01 40.13 40.15 40.13 40.06 40.01 39.96 39.87 39.77 39.7 39.63 39.56 39.5 39.5 39.5 39.46 39.44 39.43 39.42 39.47 39.53 39.49 39.43 39.41 39.4 39.4 39.39 39.36 39.35 39.33 39.31 39.32 39.4 39.38 39.34 39.35 39.32 39.3 39.28 39.35 39.38 39.46 39.48 39.38 39.36 39.33 39.32 39.38 39.39 39.41 39.35 39.47 39.52 39.56 39.47 39.49 39.5 39.53 39.6 39.61 39.59 39.54 39.49 39.48 39.41 39.27 39.01 38.79 38.3 37.9 37.79 37.8 37.84 37.81 37.86 37.83 37.81
40.17 40.11 40.28 40.29 40.25 40.15 40.08 40.02 39.92 39.82 39.77 39.68 39.59 39.51 39.5 39.51 39.53 39.54 39.53 39.48 39.46 39.5 39.46 39.42 39.41 39.4 39.39 39.37 39.34 39.33 39.31 39.29 39.29 39.36 39.42 39.38 39.35 39.36 39.35 39.33 39.33 39.34 39.37 39.36 39.2 39.18 39.19 39.35 39.46 39.44 39.44 39.42 39.5 39.56 39.59 39.53 39.53 39.53 39.54 39.6 39.62 39.61 39.53 39.45 39.45 39.43 39.34 39.07 38.87 38.42 38 37.81 37.8 37.81 37.83 37.83 37.79 37.8
40.42 40.24 40.44 40.4 40.32 40.2 40.12 40.04 39.94 39.86 39.82 39.71 39.6 39.52 39.52 39.55 39.6 39.62 39.61 39.55 39.48 39.47 39.44 39.41 39.4 39.38 39.38 39.36 39.34 39.33 39.32 39.31 39.31 39.36 39.46 39.51 39.44 39.43 39.41 39.37 39.34 39.33 39.32 39.28 39.08 39.06 39.17 39.47 39.57 39.54 39.48 39.44 39.49 39.54 39.55 39.52 39.53 39.53 39.52 39.58 39.6 39.61 39.53 39.44 39.45 39.47 39.39 39.08 38.9 38.51 38.11 37.84 37.81 37.76 37.86 37.82 37.78 37.76
40.78 40.48 40.6 40.52 40.38 40.23 40.17 40.06 39.97 39.93 39.9 39.81 39.64 39.54 39.55 39.61 39.67 39.7 39.67 39.6 39.51 39.46 39.45 39.4 39.36 39.39 39.38 39.35 39.34 39.35 39.38 39.39 39.38 39.4 39.48 39.58 39.64 39.55 39.44 39.37 39.35 39.34 39.3 39.21 39.08 39.07 39.19 39.5 39.59 39.58 39.54 39.48 39.49 39.5 39.51 39.53 39.53 39.51 39.5 39.57 39.58 39.62 39.56 39.44 39.45 39.47 39.35 39.07 38.9 38.55 38.18 37.87 37.82 37.8 37.9 37.87 37.8 37.75
41.26 40.89 40.89 40.75 40.54 40.32 40.26 40.14 40.09 40.11 40.11 40.06 39.82 39.59 39.59 39.66 39.74 39.77 39.73 39.64 39.55 39.5 39.51 39.48 39.45 39.47 39.41 39.31 39.32 39.33 39.38 39.44 39.43 39.44 39.5 39.59 39.69 39.59 39.44 39.35 39.35 39.34 39.3 39.23 39.2 39.2 39.21 39.45 39.51 39.59 39.61 39.56 39.54 39.5 39.53 39.54 39.53 39.49 39.49 39.54 39.57 39.62 39.56 39.45 39.43 39.4 39.29 39.03 38.88 38.57 38.26 38.05 37.83 37.83 37.88 37.88 37.86 37.84
41.74 41.41 41.37 41.19 40.91 40.63 40.56 40.41 40.38 40.43 40.43 40.4 40.1 39.75 39.69 39.75 39.83 39.83 39.81 39.73 39.66 39.63 39.65 39.68 39.6 39.55 39.41 39.27 39.27 39.3 39.37 39.45 39.47 39.48 39.53 39.59 39.61 39.54 39.44 39.35 39.36 39.36 39.33 39.32 39.35 39.38 39.29 39.37 39.44 39.63 39.69 39.65 39.6 39.53 39.58 39.54 39.51 39.48 39.49 39.53 39.56 39.57 39.48 39.4 39.36 39.3 39.19 39.01 38.86 38.57 38.24 38.09 37.83 37.87 37.89 37.89 37.88 37.89
42.17 41.91 41.88 41.73 41.46 41.21 41.1 40.93 40.83 40.81 40.81 40.76 40.42 40.34 40.28 40.24 40.13 39.98 39.89 39.79 39.73 39.72 39.78 39.79 39.66 39.59 39.41 39.25 39.25 39.29 39.38 39.46 39.5 39.51 39.55 39.59 39.56 39.5 39.41 39.37 39.38 39.39 39.4 39.41 39.45 39.5 39.38 39.32 39.46 39.73 39.76 39.7 39.61 39.5 39.54 39.54 39.51 39.5 39.51 39.53 39.54 39.51 39.44 39.42 39.36 39.21 39.04 38.94 38.76 38.52 38.19 38.05 37.81 37.86 37.91 37.89 37.87 37.88
42.62 42.41 42.4 42.32 42.09 41.88 41.76 41.79 41.75 41.65 41.59 41.38 41.01 40.93 40.88 40.76 40.49 40.32 40.09 39.86 39.76 39.76 39.81 39.77 39.66 39.58 39.4 39.25 39.27 39.31 39.4 39.48 39.51 39.53 39.57 39.58 39.53 39.47 39.4 39.4 39.41 39.44 39.47 39.47 39.5 39.54 39.41 39.29 39.48 39.77 39.77 39.67 39.54 39.42 39.45 39.52 39.51 39.52 39.5 39.56 39.56 39.53 39.49 39.5 39.44 39.2 38.99 38.87 38.59 38.34 38.08 37.99 37.83 37.85 37.86 37.86 37.85 37.87
43.08 42.97 43.15 43.22 42.98 42.8 42.7 42.66 42.57 42.43 42.28 41.93 41.57 41.45 41.35 41.13 40.81 40.68 40.36 39.99 39.77 39.77 39.81 39.74 39.63 39.56 39.38 39.27 39.32 39.36 39.43 39.5 39.53 39.55 39.6 39.58 39.52 39.45 39.41 39.42 39.44 39.47 39.52 39.51 39.54 39.56 39.39 39.18 39.38 39.63 39.62 39.52 39.4 39.33 39.41 39.5 39.51 39.5 39.48 39.54 39.56 39.59 39.62 39.63 39.54 39.23 38.95 38.79 38.42 38.14 37.98 37.93 37.85 37.85 37.79 37.79 37.77 37.82
43.79 43.74 43.85 43.86 43.63 43.44 43.39 43.34 43.16 42.94 42.73 42.34 42.02 41.94 41.76 41.44 41.11 40.98 40.61 40.12 39.76 39.8 39.93 39.85 39.72 39.63 39.41 39.31 39.38 39.41 39.47 39.53 39.56 39.58 39.62 39.6 39.55 39.46 39.42 39.41 39.43 39.48 39.49 39.49 39.52 39.53 39.29 39.07 39.31 39.48 39.45 39.32 39.29 39.32 39.42 39.51 39.51 39.5 39.49 39.5 39.5 39.59 39.67 39.67 39.54 39.22 38.87 38.7 38.29 38 37.91 37.87 37.84 37.84 37.74 37.71 37.69 37.74
44.15 44.21 44.24 44.23 44 43.8 43.8 43.81 43.61 43.41 43.16 42.78 42.43 42.35 42.11 41.74 41.42 41.26 40.8 40.25 39.9 39.97 40.17 40.11 39.97 39.84 39.58 39.49 39.53 39.55 39.59 39.63 39.64 39.66 39.66 39.65 39.61 39.52 39.45 39.38 39.39 39.45 39.43 39.51 39.52 39.5 39.4 39.29 39.38 39.44 39.43 39.34 39.35 39.4 39.45 39.49 39.49 39.48 39.49 39.48 39.47 39.54 39.62 39.62 39.46 39.19 38.79 38.59 38.19 37.92 37.86 37.84 37.81 37.82 37.7 37.67 37.69 37.75
44.2 44.28 44.32 44.38 44.24 44.13 44.13 44.13 43.97 43.87 43.62 43.22 42.81 42.71 42.43 42.05 41.71 41.51 41 40.54 40.3 40.3 40.44 40.42 40.28 40.13 39.96 39.96 39.94 39.95 39.97 39.98 39.97 39.93 39.86 39.78 39.73 39.69 39.59 39.45 39.41 39.43 39.46 39.56 39.55 39.51 39.52 39.49 39.48 39.45 39.45 39.44 39.45 39.46 39.47 39.47 39.45 39.44 39.46 39.43 39.43 39.5 39.55 39.53 39.37 39.16 38.73 38.5 38.12 37.9 37.84 37.82 37.81 37.8 37.72 37.69 37.72 37.78
44.12 44.17 44.22 44.32 44.33 44.3 44.3 44.32 44.25 44.19 44.01 43.65 43.22 43.07 42.78 42.4 42.01 41.79 41.35 41.05 40.87 40.76 40.73 40.73 40.58 40.49 40.45 40.54 40.58 40.61 40.6 40.58 40.65 40.68 40.45 40.29 40.2 40.04 39.86 39.7 39.61 39.5 39.5 39.56 39.54 39.52 39.54 39.55 39.53 39.47 39.45 39.47 39.48 39.48 39.47 39.45 39.4 39.4 39.42 39.36 39.33 39.41 39.44 39.41 39.3 39.13 38.72 38.49 38.11 37.89 37.83 37.82 37.82 37.82 37.77 37.7 37.72 37.77
43.97 44.01 44.08 44.18 44.26 44.27 44.28 44.31 44.33 44.29 44.16 44 43.65 43.47 43.17 42.79 42.4 42.18 41.85 41.67 41.5 41.32 41.07 41.11 41.01 40.94 40.99 41.18 41.56 41.67 41.58 41.42 41.41 41.27 40.95 40.79 40.67 40.39 40.17 40.02 39.92 39.68 39.53 39.55 39.53 39.52 39.55 39.57 39.57 39.5 39.45 39.46 39.49 39.5 39.48 39.46 39.4 39.38 39.39 39.3 39.21 39.27 39.28 39.28 39.25 39.1 38.77 38.55 38.15 37.91 37.86 37.83 37.79 37.82 37.76 37.65 37.65 37.77
