slabs/15.grd
DSAA
631 301
642630 643260
4947200 4947500
34.31 50.15
[rows 102 to 135 of 301, columns 390 to 467 of 631]
46.9 46.88 46.73 46.64 46.51 46.56 46.46 46.3 46.1 45.86 45.79 45.65 45.55 45.39 45.28 45.11 44.95 44.78 44.71 44.5 44.4 44.42 44.48 44.52 44.55 44.45 44.26 43.96 43.88 43.84 43.8 43.74 43.7 43.68 43.67 43.67 43.65 43.61 43.54 43.5 43.49 43.47 43.46 43.44 43.46 43.46 43.45 43.44 43.44 43.43 43.46 43.46 43.48 43.47 43.49 43.47 43.49 43.51 43.52 43.49 43.49 43.49 43.49 43.52 43.52 43.53 43.52 43.54 43.55 43.55 43.54 43.53 43.55 43.57 43.57 43.57 43.61 43.69
47.33 47.31 47.23 47.16 47.06 46.97 46.89 46.68 46.52 46.36 46.3 46.13 45.99 45.83 45.72 45.56 45.34 45.2 45.15 44.94 44.8 44.72 44.73 44.64 44.63 44.61 44.36 44 43.97 43.93 43.85 43.77 43.75 43.75 43.75 43.78 43.78 43.76 43.71 43.65 43.6 43.59 43.53 43.51 43.52 43.54 43.52 43.48 43.46 43.48 43.49 43.48 43.49 43.51 43.53 43.5 43.51 43.52 43.51 43.51 43.51 43.51 43.51 43.54 43.54 43.54 43.55 43.56 43.56 43.57 43.56 43.55 43.56 43.54 43.55 43.56 43.58 43.58
47.67 47.54 47.49 47.38 47.26 47.18 47.13 46.96 46.88 46.82 46.77 46.61 46.4 46.23 46.15 46.01 45.8 45.69 45.6 45.41 45.25 45.16 45.07 44.89 44.9 44.9 44.63 44.21 44.19 44.13 43.98 43.86 43.81 43.82 43.82 43.86 43.8 43.8 43.81 43.8 43.79 43.88 43.77 43.69 43.72 43.73 43.66 43.61 43.6 43.63 43.57 43.51 43.53 43.55 43.55 43.55 43.55 43.54 43.53 43.52 43.53 43.55 43.54 43.56 43.57 43.57 43.56 43.58 43.58 43.59 43.58 43.56 43.57 43.56 43.56 43.57 43.58 43.55
48.14 47.91 47.85 47.67 47.48 47.4 47.35 47.22 47.19 47.16 47.13 47 46.8 46.68 46.6 46.47 46.29 46.19 46.1 45.92 45.7 45.6 45.46 45.28 45.26 45.25 44.99 44.61 44.54 44.47 44.33 44.16 44.03 44 43.95 43.98 43.9 43.85 43.86 43.96 44.04 44.11 43.98 43.82 43.79 43.79 43.76 43.73 43.75 43.8 43.7 43.64 43.63 43.61 43.59 43.59 43.59 43.56 43.56 43.55 43.55 43.56 43.58 43.58 43.6 43.59 43.56 43.6 43.6 43.59 43.59 43.58 43.58 43.59 43.58 43.59 43.59 43.58
48.68 48.46 48.37 48.13 47.87 47.76 47.7 47.55 47.48 47.39 47.38 47.26 47.11 47.1 47.01 46.88 46.75 46.66 46.6 46.43 46.14 46.07 45.89 45.7 45.66 45.65 45.46 45.19 45.07 45 45.01 44.86 44.67 44.56 44.44 44.29 44.16 44.06 44.07 44.25 44.39 44.4 44.19 43.83 43.79 43.78 43.78 43.77 43.81 43.86 43.81 43.78 43.77 43.72 43.72 43.68 43.66 43.63 43.61 43.59 43.59 43.58 43.59 43.6 43.61 43.6 43.58 43.61 43.61 43.58 43.61 43.61 43.61 43.6 43.59 43.6 43.6 43.59
49.15 49 48.9 48.64 48.4 48.28 48.21 47.99 47.81 47.64 47.61 47.46 47.31 47.34 47.28 47.22 47.13 47.08 46.99 46.86 46.71 46.61 46.44 46.29 46.14 46.26 46.34 46.19 46.05 45.89 45.76 45.57 45.4 45.24 44.98 44.75 44.54 44.49 44.52 44.64 44.74 44.76 44.46 44.01 43.92 43.81 43.8 43.8 43.83 43.86 43.84 43.83 43.83 43.83 43.88 43.82 43.8 43.76 43.7 43.67 43.67 43.64 43.62 43.64 43.64 43.63 43.62 43.62 43.63 43.6 43.64 43.64 43.63 43.62 43.62 43.63 43.63 43.63
49.44 49.37 49.3 49.09 48.94 48.88 48.78 48.51 48.27 48.07 47.95 47.78 47.6 47.54 47.46 47.45 47.36 47.34 47.28 47.24 47.29 47.24 47.12 47.03 46.93 46.97 46.99 46.93 46.78 46.63 46.37 46.17 45.95 45.8 45.53 45.24 45.03 45.02 45.05 45.05 45.11 45.13 44.76 44.38 44.23 44.02 43.98 43.94 43.94 43.94 43.88 43.79 43.82 43.85 43.89 43.9 43.9 43.89 43.87 43.82 43.8 43.74 43.67 43.68 43.7 43.71 43.65 43.65 43.66 43.64 43.69 43.69 43.66 43.66 43.65 43.67 43.67 43.65
49.57 49.55 49.53 49.43 49.36 49.31 49.23 49.06 48.82 48.63 48.48 48.29 48.08 47.99 47.85 47.98 47.87 47.81 47.69 47.62 47.55 47.54 47.47 47.45 47.39 47.38 47.33 47.28 47.16 47.05 46.86 46.62 46.46 46.33 46.09 45.84 45.67 45.6 45.6 45.53 45.55 45.48 45.1 44.8 44.65 44.42 44.33 44.24 44.2 44.14 44 43.81 43.83 43.82 43.81 43.88 43.91 43.93 43.96 43.95 43.93 43.83 43.77 43.78 43.79 43.84 43.81 43.82 43.8 43.74 43.74 43.76 43.73 43.69 43.69 43.69 43.7 43.67
49.6 49.63 49.61 49.6 49.57 49.54 49.51 49.46 49.3 49.21 49.19 49.16 49.01 48.91 48.72 48.68 48.49 48.4 48.2 48.01 47.85 47.8 47.69 47.65 47.62 47.59 47.51 47.43 47.36 47.31 47.23 47.02 46.94 46.81 46.61 46.42 46.33 46.22 46.15 46.06 46.03 45.85 45.49 45.23 45.09 44.85 44.69 44.58 44.51 44.41 44.22 44.04 43.98 43.84 43.81 43.9 43.97 43.97 43.98 43.96 43.9 43.84 43.84 43.85 43.88 43.94 43.93 43.95 43.99 43.97 43.9 43.87 43.81 43.79 43.79 43.79 43.79 43.72
49.61 49.65 49.63 49.64 49.61 49.6 49.6 49.59 49.55 49.52 49.53 49.54 49.5 49.45 49.32 49.22 49.07 48.98 48.77 48.54 48.35 48.26 48.07 47.95 47.89 47.83 47.68 47.55 47.52 47.47 47.45 47.34 47.3 47.17 47.07 46.93 46.87 46.75 46.63 46.52 46.46 46.25 45.92 45.67 45.55 45.24 45.03 44.92 44.84 44.71 44.59 44.48 44.39 44.16 44.07 44.27 44.56 44.43 44.25 44.16 43.93 43.85 43.84 43.84 43.86 43.93 43.92 43.95 44.04 44.09 44.1 44.05 43.97 43.97 43.94 43.92 43.89 43.78
49.5 49.55 49.59 49.62 49.61 49.6 49.6 49.6 49.63 49.6 49.57 49.56 49.56 49.54 49.49 49.48 49.42 49.38 49.23 49.09 48.91 48.79 48.56 48.4 48.26 48.18 48.01 47.84 47.79 47.67 47.58 47.52 47.49 47.42 47.45 47.39 47.32 47.14 47 46.88 46.83 46.67 46.35 46.15 46.06 45.74 45.4 45.27 45.19 45.1 45.28 45.24 45.15 44.98 44.92 45.02 45.14 44.93 44.68 44.52 44.17 44 43.93 43.91 43.87 43.89 43.92 43.92 43.99 44.06 44.13 44.14 44.13 44.12 44.09 44.05 43.98 43.88
49.28 49.31 49.41 49.5 49.52 49.54 49.59 49.61 49.62 49.61 49.6 49.57 49.58 49.56 49.55 49.55 49.54 49.53 49.48 49.43 49.32 49.25 49.05 48.9 48.77 48.68 48.53 48.33 48.25 48.04 47.85 47.73 47.71 47.65 47.72 47.7 47.63 47.46 47.35 47.25 47.21 47.11 46.83 46.7 46.67 46.62 46.2 45.86 45.79 45.71 45.82 45.8 45.75 45.65 45.66 45.66 45.57 45.35 45.11 44.94 44.6 44.33 44.2 44.14 44.01 43.94 43.91 43.89 43.91 43.96 44.02 44.09 44.16 44.19 44.19 44.15 44.07 44.02
48.84 48.9 49.05 49.16 49.25 49.32 49.46 49.54 49.56 49.56 49.57 49.56 49.58 49.58 49.59 49.57 49.58 49.58 49.57 49.56 49.53 49.5 49.4 49.33 49.27 49.19 49.07 48.88 48.81 48.57 48.36 48.18 48.12 47.97 47.89 47.93 47.85 47.72 47.67 47.63 47.6 47.52 47.38 47.35 47.33 47.3 47.04 46.7 46.35 46.22 46.19 46.18 46.15 46.1 46.14 46.12 45.99 45.75 45.53 45.37 45.1 44.79 44.63 44.53 44.3 44.14 43.99 43.94 43.9 43.91 43.92 44.01 44.13 44.2 44.19 44.15 44.1 44.13
48.33 48.4 48.57 48.7 48.86 48.95 49.14 49.3 49.38 49.41 49.47 49.49 49.54 49.55 49.58 49.59 49.61 49.61 49.6 49.6 49.59 49.59 49.55 49.54 49.52 49.48 49.45 49.32 49.28 49.12 48.91 48.73 48.64 48.42 48.29 48.54 48.44 48.19 48.05 48.01 47.94 47.83 47.75 47.74 47.7 47.68 47.62 47.38 46.84 46.61 46.57 46.56 46.53 46.52 46.54 46.53 46.44 46.21 45.96 45.83 45.61 45.3 45.1 45 44.73 44.5 44.33 44.22 44.08 44.01 43.98 44 44.09 44.16 44.11 44.04 44.04 44.16
47.84 47.92 48.09 48.22 48.4 48.48 48.67 48.89 49.05 49.13 49.25 49.33 49.41 49.42 49.5 49.58 49.59 49.61 49.61 49.62 49.61 49.61 49.58 49.57 49.56 49.56 49.55 49.49 49.49 49.45 49.37 49.34 49.26 49.12 49.06 49.11 49.01 48.78 48.61 48.52 48.39 48.2 48.06 48.01 47.9 47.96 47.98 47.82 47.35 46.99 46.94 46.93 46.94 46.93 46.94 46.93 46.88 46.68 46.39 46.27 46.06 45.79 45.59 45.46 45.24 45 44.9 44.72 44.49 44.34 44.26 44.16 44.06 44.09 44.02 43.93 43.97 44.08
47.52 47.58 47.69 47.8 47.95 48.02 48.19 48.42 48.61 48.71 48.86 49.03 49.11 49.17 49.32 49.45 49.47 49.55 49.59 49.61 49.59 49.59 49.58 49.59 49.59 49.59 49.59 49.57 49.57 49.58 49.55 49.56 49.53 49.49 49.49 49.38 49.33 49.23 49.12 49.04 48.9 48.72 48.5 48.41 48.24 48.22 48.24 48.13 47.8 47.4 47.33 47.34 47.36 47.3 47.32 47.28 47.22 47.09 46.82 46.7 46.5 46.28 46.15 45.97 45.77 45.58 45.48 45.25 45.04 44.83 44.73 44.53 44.24 44.1 44.13 44.4 44.4 44.23
47.4 47.42 47.47 47.52 47.63 47.67 47.78 47.97 48.14 48.23 48.39 48.57 48.65 48.8 48.98 49.08 49.14 49.31 49.46 49.44 49.33 49.43 49.53 49.56 49.56 49.58 49.6 49.6 49.61 49.6 49.58 49.58 49.56 49.56 49.57 49.52 49.51 49.46 49.4 49.37 49.29 49.2 49.01 48.92 48.73 48.57 48.53 48.46 48.21 47.86 47.74 47.74 47.71 47.59 47.57 47.52 47.45 47.39 47.23 47.15 47.01 46.85 46.76 46.56 46.39 46.17 46.04 45.79 45.6 45.41 45.48 45.5 45.32 45.17 45.13 45.17 45.05 44.75
47.36 47.36 47.39 47.42 47.47 47.46 47.51 47.62 47.78 47.82 47.88 48.04 48.12 48.33 48.48 48.32 48.4 48.63 48.82 48.94 48.91 49.09 49.3 49.36 49.4 49.48 49.53 49.59 49.6 49.6 49.63 49.63 49.61 49.58 49.58 49.59 49.58 49.52 49.51 49.51 49.48 49.45 49.39 49.33 49.21 49.05 48.94 48.86 48.66 48.35 48.2 48.13 48.01 47.86 47.81 47.72 47.64 47.58 47.52 47.47 47.42 47.35 47.27 47.04 46.92 47.04 46.96 46.71 46.51 46.31 46.31 46.33 46.27 46.08 45.99 45.77 45.5 45.26
47.35 47.34 47.37 47.38 47.41 47.38 47.39 47.43 47.51 47.54 47.49 47.56 47.6 47.73 47.85 47.79 47.85 48.01 48.2 48.37 48.45 48.64 48.85 49 49.06 49.21 49.36 49.48 49.51 49.55 49.62 49.62 49.62 49.6 49.59 49.61 49.6 49.53 49.54 49.56 49.54 49.52 49.54 49.52 49.47 49.44 49.38 49.27 49.08 48.84 48.74 48.61 48.43 48.26 48.2 48.06 47.9 47.87 47.81 47.75 47.8 47.71 47.64 47.47 47.38 47.47 47.43 47.28 47.18 46.99 46.92 46.84 46.77 46.56 46.46 46.27 46 45.86
47.23 47.27 47.31 47.35 47.36 47.35 47.37 47.33 47.36 47.39 47.35 47.35 47.37 47.45 47.53 47.57 47.6 47.67 47.8 47.89 47.99 48.18 48.38 48.53 48.61 48.8 49.02 49.13 49.23 49.36 49.46 49.47 49.52 49.56 49.58 49.6 49.62 49.6 49.6 49.59 49.57 49.55 49.56 49.55 49.53 49.56 49.57 49.51 49.38 49.29 49.24 49.13 48.98 48.77 48.71 48.74 48.66 48.5 48.41 48.24 48.15 48.08 47.99 47.84 47.75 47.65 47.61 47.51 47.45 47.33 47.29 47.2 47.1 46.97 46.85 46.71 46.57 46.48
46.7 46.82 47 47.16 47.19 47.26 47.3 47.27 47.29 47.32 47.31 47.3 47.33 47.38 47.42 47.45 47.47 47.52 47.54 47.59 47.66 47.8 47.97 48.05 48.12 48.31 48.51 48.6 48.78 48.97 49.13 49.17 49.29 49.4 49.47 49.51 49.58 49.65 49.64 49.62 49.58 49.6 49.59 49.57 49.55 49.56 49.57 49.56 49.52 49.56 49.53 49.47 49.43 49.33 49.28 49.3 49.24 49.13 49.01 48.8 48.63 48.53 48.41 48.21 48.06 47.92 47.85 47.72 47.66 47.56 47.52 47.45 47.32 47.28 47.2 47.1 47.04 46.97
46.19 46.36 46.61 46.83 46.88 46.98 47.07 47.16 47.2 47.25 47.25 47.27 47.28 47.33 47.34 47.4 47.42 47.43 47.42 47.44 47.47 47.53 47.64 47.66 47.7 47.83 47.98 48.07 48.28 48.47 48.65 48.73 48.95 49.09 49.2 49.26 49.38 49.52 49.52 49.55 49.54 49.61 49.62 49.61 49.57 49.59 49.59 49.6 49.58 49.61 49.6 49.57 49.57 49.54 49.53 49.51 49.46 49.44 49.37 49.24 49.13 49.03 48.93 48.7 48.45 48.33 48.22 48.04 47.93 47.84 47.75 47.69 47.57 47.56 47.49 47.42 47.39 47.32
45.85 46.01 46.26 46.48 46.52 46.59 46.71 46.89 46.94 47.04 47.11 47.16 47.2 47.27 47.3 47.37 47.39 47.34 47.36 47.38 47.38 47.4 47.43 47.43 47.43 47.5 47.57 47.64 47.83 47.98 48.1 48.2 48.46 48.61 48.79 48.83 48.95 49.12 49.23 49.3 49.26 49.35 49.39 49.46 49.51 49.58 49.58 49.6 49.6 49.61 49.61 49.59 49.59 49.55 49.57 49.58 49.53 49.52 49.51 49.48 49.44 49.41 49.36 49.18 48.95 48.87 48.72 48.5 48.31 48.23 48.1 47.99 47.88 47.84 47.73 47.64 47.62 47.56
45.59 45.71 45.89 46.08 46.12 46.19 46.28 46.45 46.54 46.69 46.79 46.9 46.97 47.09 47.18 47.24 47.3 47.3 47.32 47.33 47.33 47.34 47.36 47.34 47.33 47.36 47.35 47.4 47.51 47.61 47.64 47.71 47.9 48.06 48.24 48.13 48.11 48.31 48.48 48.57 48.68 48.85 48.91 49.07 49.25 49.37 49.42 49.5 49.53 49.58 49.59 49.61 49.59 49.62 49.62 49.59 49.55 49.54 49.55 49.58 49.58 49.58 49.56 49.48 49.36 49.33 49.22 49 48.79 48.72 48.57 48.4 48.26 48.17 47.99 47.86 47.8 47.73
45.45 45.51 45.59 45.69 45.74 45.85 45.92 46.01 46.11 46.26 46.37 46.52 46.6 46.77 46.87 46.94 47.09 47.22 47.22 47.24 47.27 47.29 47.31 47.3 47.31 47.29 47.3 47.33 47.39 47.44 47.41 47.43 47.52 47.56 47.63 47.58 47.58 47.68 47.79 47.91 48.11 48.28 48.37 48.56 48.82 49.01 49.1 49.23 49.34 49.41 49.44 49.53 49.53 49.61 49.6 49.6 49.58 49.58 49.58 49.59 49.62 49.61 49.61 49.59 49.55 49.55 49.53 49.39 49.25 49.2 49.08 48.93 48.74 48.62 48.38 48.24 48.08 47.96
45.41 45.43 45.46 45.47 45.5 45.6 45.66 45.69 45.77 45.87 45.99 46.12 46.21 46.39 46.48 46.55 46.73 46.97 47.06 47.07 47.1 47.14 47.2 47.22 47.27 47.26 47.28 47.29 47.33 47.35 47.34 47.34 47.37 47.34 47.36 47.38 47.41 47.43 47.48 47.57 47.67 47.77 47.88 48.07 48.27 48.5 48.6 48.77 48.94 49.06 49.12 49.25 49.33 49.44 49.47 49.54 49.55 49.57 49.59 49.6 49.61 49.62 49.63 49.62 49.61 49.61 49.62 49.58 49.55 49.5 49.43 49.37 49.21 49.12 48.92 49 48.82 48.7
45.4 45.41 45.43 45.41 45.42 45.46 45.48 45.5 45.55 45.64 45.7 45.75 45.87 46.05 46.14 46.16 46.28 46.52 46.69 46.71 46.61 46.61 46.77 46.82 46.94 47.07 47.21 47.21 47.25 47.31 47.31 47.31 47.3 47.3 47.31 47.34 47.35 47.36 47.38 47.43 47.44 47.48 47.54 47.66 47.77 47.94 48.03 48.2 48.4 48.58 48.65 48.82 48.96 49.09 49.19 49.32 49.41 49.45 49.53 49.62 49.6 49.61 49.63 49.63 49.63 49.64 49.65 49.63 49.64 49.6 49.6 49.62 49.57 49.56 49.48 49.49 49.36 49.32
45.38 45.39 45.39 45.39 45.4 45.43 45.4 45.41 45.45 45.48 45.49 45.51 45.59 45.73 45.78 45.65 45.71 45.82 45.93 46.01 46.07 46.06 46.26 46.34 46.49 46.72 46.96 47.02 47.16 47.26 47.27 47.3 47.29 47.28 47.29 47.3 47.3 47.32 47.33 47.36 47.36 47.37 47.38 47.41 47.47 47.57 47.62 47.73 47.88 48.05 48.12 48.31 48.46 48.57 48.76 48.95 49.13 49.18 49.33 49.49 49.47 49.52 49.59 49.62 49.65 49.67 49.69 49.66 49.63 49.61 49.63 49.66 49.63 49.66 49.67 49.63 49.58 49.57
45.39 45.39 45.38 45.4 45.4 45.41 45.4 45.4 45.41 45.42 45.4 45.41 45.43 45.48 45.51 45.43 45.45 45.46 45.5 45.57 45.7 45.7 45.84 45.93 46.07 46.31 46.51 46.73 46.96 47.1 47.13 47.18 47.21 47.21 47.21 47.22 47.24 47.26 47.28 47.31 47.32 47.34 47.34 47.32 47.36 47.41 47.44 47.47 47.51 47.62 47.69 47.85 48 48.07 48.25 48.45 48.65 48.71 48.91 49.11 48.86 48.94 49.11 49.27 49.37 49.44 49.57 49.63 49.63 49.64 49.67 49.69 49.65 49.65 49.66 49.69 49.68 49.65
45.38 45.39 45.38 45.39 45.39 45.39 45.39 45.4 45.38 45.39 45.35 45.36 45.39 45.38 45.43 45.41 45.42 45.39 45.42 45.44 45.51 45.49 45.56 45.63 45.76 45.92 46.06 46.38 46.65 46.77 46.79 46.85 46.93 46.97 46.99 47.07 47.14 47.18 47.21 47.27 47.3 47.31 47.32 47.32 47.33 47.34 47.37 47.39 47.39 47.43 47.44 47.49 47.61 47.65 47.78 47.73 47.85 47.92 48.11 48.26 48.19 48.27 48.52 48.75 48.91 49.01 49.22 49.38 49.47 49.55 49.63 49.68 49.68 49.68 49.66 49.68 49.69 49.68
45.36 45.36 45.37 45.37 45.36 45.37 45.38 45.38 45.36 45.37 45.35 45.37 45.39 45.38 45.4 45.4 45.39 45.38 45.41 45.41 45.42 45.4 45.44 45.47 45.56 45.64 45.72 45.97 46.19 46.29 46.33 46.41 46.5 46.57 46.64 46.8 46.98 47.07 47.13 47.22 47.28 47.26 47.29 47.31 47.29 47.29 47.31 47.32 47.37 47.38 47.34 47.32 47.35 47.39 47.46 47.38 47.46 47.49 47.57 47.62 47.71 47.8 48.02 48.23 48.4 48.53 48.75 48.91 49.02 49.18 49.37 49.51 49.55 49.6 49.65 49.66 49.68 49.69
45.32 45.33 45.36 45.35 45.35 45.35 45.37 45.37 45.36 45.36 45.36 45.37 45.38 45.39 45.38 45.39 45.39 45.39 45.4 45.41 45.39 45.38 45.4 45.41 45.44 45.47 45.5 45.6 45.71 45.81 45.86 45.96 46.06 46.16 46.25 46.44 46.68 46.83 46.96 47.14 47.14 47.12 47.16 47.23 47.26 47.19 47.21 47.22 47.25 47.28 47.3 47.27 47.27 47.31 47.35 47.34 47.36 47.39 47.41 47.39 47.44 47.5 47.63 47.76 47.9 48.07 48.24 48.38 48.47 48.69 48.96 49.13 49.2 49.34 49.52 49.6 49.63 49.67
45.31 45.32 45.33 45.33 45.34 45.32 45.33 45.34 45.34 45.35 45.35 45.36 45.37 45.38 45.37 45.38 45.37 45.39 45.4 45.41 45.39 45.38 45.4 45.39 45.39 45.39 45.4 45.42 45.43 45.49 45.51 45.59 45.7 45.81 45.89 46.06 46.29 46.48 46.62 46.81 46.52 46.51 46.59 46.72 46.87 46.88 46.99 47.07 47.09 47.13 47.21 47.21 47.23 47.27 47.31 47.32 47.32 47.34 47.34 47.32 47.35 47.37 47.42 47.49 47.56 47.7 47.79 47.89 47.97 48.18 48.44 48.62 48.72 48.93 49.14 49.32 49.4 49.52
45.33 45.33 45.31 45.31 45.31 45.31 45.33 45.32 45.31 45.32 45.32 45.34 45.35 45.36 45.37 45.36 45.35 45.39 45.39 45.4 45.38 45.38 45.4 45.38 45.37 45.39 45.4 45.4 45.36 45.38 45.39 45.41 45.46 45.52 45.55 45.59 45.69 45.79 45.88 45.95 45.85 45.9 46.04 46.19 46.33 46.42 46.59 46.67 46.78 46.86 47.01 47.06 47.11 47.15 47.23 47.27 47.29 47.3 47.3 47.31 47.33 47.34 47.35 47.39 47.41 47.46 47.49 47.53 47.59 47.73 47.91 48.11 48.22 48.44 48.64 48.81 48.93 49.18
