slabs/15.grd
DSAA
631 301
642630 643260
4947200 4947500
34.31 50.15
[rows 238 to 271 of 301, columns 390 to 467 of 631]
45.38 45.33 45.32 45.33 45.34 45.31 45.33 45.36 45.4 45.39 45.37 45.42 45.49 45.5 45.48 45.48 45.47 45.52 45.53 45.44 45.31 45.11 45.17 45.19 45.24 45.33 45.36 45.41 45.49 45.44 45.46 45.53 45.53 45.57 45.57 45.55 45.58 45.51 45.5 45.52 45.53 45.55 45.57 45.58 45.52 45.55 45.56 45.58 45.57 45.51 45.55 45.54 45.46 45.42 45.42 45.49 45.44 45.45 45.47 45.42 45.43 45.46 45.49 45.51 45.49 45.5 45.52 45.51 45.45 45.43 45.42 45.48 45.45 45.48 45.5 45.52 45.49 45.43
45.38 45.35 45.29 45.31 45.35 45.33 45.34 45.37 45.42 45.42 45.34 45.38 45.47 45.52 45.47 45.49 45.49 45.48 45.51 45.45 45.36 45.23 45.18 45.18 45.24 45.35 45.36 45.41 45.46 45.45 45.47 45.51 45.53 45.55 45.57 45.54 45.55 45.51 45.48 45.48 45.52 45.55 45.57 45.59 45.55 45.57 45.57 45.56 45.54 45.52 45.55 45.55 45.47 45.42 45.41 45.49 45.46 45.46 45.44 45.34 45.41 45.44 45.48 45.47 45.5 45.51 45.48 45.47 45.41 45.38 45.36 45.47 45.46 45.47 45.46 45.47 45.45 45.35
45.39 45.33 45.27 45.3 45.36 45.36 45.36 45.37 45.41 45.4 45.39 45.4 45.41 45.46 45.49 45.52 45.51 45.49 45.51 45.46 45.39 45.35 45.26 45.18 45.2 45.31 45.33 45.39 45.41 45.46 45.49 45.52 45.53 45.54 45.55 45.53 45.52 45.52 45.49 45.45 45.46 45.49 45.53 45.57 45.57 45.58 45.6 45.55 45.54 45.53 45.54 45.54 45.49 45.45 45.44 45.47 45.45 45.47 45.41 45.3 45.41 45.45 45.46 45.43 45.49 45.53 45.53 45.46 45.41 45.39 45.4 45.44 45.43 45.43 45.43 45.41 45.39 45.27
45.41 45.3 45.25 45.29 45.36 45.36 45.39 45.4 45.4 45.34 45.39 45.42 45.43 45.44 45.48 45.52 45.57 45.53 45.54 45.52 45.44 45.41 45.33 45.17 45.13 45.25 45.29 45.39 45.44 45.48 45.51 45.53 45.53 45.51 45.52 45.52 45.5 45.54 45.54 45.51 45.45 45.44 45.45 45.51 45.57 45.57 45.59 45.53 45.51 45.51 45.51 45.51 45.52 45.51 45.49 45.49 45.48 45.47 45.39 45.35 45.43 45.45 45.46 45.42 45.47 45.54 45.58 45.52 45.49 45.44 45.43 45.42 45.41 45.4 45.4 45.35 45.31 45.25
45.45 45.38 45.33 45.32 45.38 45.39 45.36 45.39 45.41 45.33 45.35 45.41 45.47 45.45 45.46 45.5 45.56 45.53 45.55 45.56 45.51 45.46 45.4 45.25 45.16 45.22 45.28 45.42 45.49 45.51 45.51 45.52 45.53 45.51 45.52 45.55 45.53 45.55 45.58 45.57 45.53 45.48 45.44 45.51 45.56 45.55 45.55 45.49 45.48 45.49 45.51 45.53 45.53 45.54 45.55 45.54 45.54 45.51 45.4 45.39 45.47 45.46 45.44 45.47 45.48 45.53 45.6 45.55 45.52 45.48 45.43 45.44 45.42 45.39 45.35 45.3 45.27 45.29
45.5 45.42 45.38 45.35 45.35 45.42 45.37 45.38 45.41 45.37 45.36 45.39 45.44 45.45 45.45 45.47 45.51 45.53 45.53 45.56 45.57 45.48 45.46 45.37 45.25 45.25 45.29 45.44 45.52 45.53 45.5 45.48 45.52 45.53 45.55 45.55 45.54 45.55 45.57 45.57 45.6 45.56 45.5 45.52 45.54 45.54 45.55 45.52 45.49 45.48 45.48 45.52 45.55 45.55 45.53 45.55 45.53 45.52 45.46 45.42 45.48 45.49 45.48 45.54 45.53 45.52 45.58 45.52 45.52 45.5 45.45 45.48 45.45 45.39 45.31 45.31 45.3 45.33
45.55 45.46 45.41 45.39 45.36 45.4 45.38 45.37 45.39 45.39 45.37 45.38 45.41 45.42 45.42 45.44 45.48 45.52 45.5 45.51 45.56 45.5 45.48 45.38 45.28 45.29 45.29 45.42 45.53 45.54 45.5 45.46 45.5 45.54 45.54 45.52 45.54 45.55 45.57 45.52 45.54 45.55 45.54 45.54 45.56 45.57 45.56 45.54 45.51 45.47 45.41 45.4 45.48 45.48 45.45 45.51 45.5 45.5 45.48 45.45 45.48 45.52 45.54 45.56 45.54 45.54 45.56 45.52 45.51 45.51 45.49 45.5 45.46 45.39 45.35 45.37 45.37 45.37
45.56 45.48 45.43 45.42 45.38 45.36 45.35 45.36 45.37 45.38 45.39 45.39 45.4 45.39 45.42 45.46 45.48 45.51 45.48 45.45 45.52 45.52 45.49 45.39 45.24 45.26 45.27 45.38 45.5 45.5 45.5 45.45 45.45 45.46 45.46 45.5 45.53 45.54 45.54 45.49 45.49 45.52 45.56 45.57 45.55 45.55 45.49 45.52 45.54 45.49 45.42 45.35 45.33 45.35 45.35 45.42 45.44 45.48 45.47 45.48 45.5 45.55 45.54 45.53 45.52 45.57 45.6 45.55 45.51 45.48 45.49 45.49 45.44 45.4 45.43 45.43 45.45 45.43
45.54 45.51 45.45 45.42 45.36 45.34 45.33 45.34 45.38 45.38 45.39 45.39 45.41 45.4 45.42 45.48 45.51 45.52 45.49 45.46 45.49 45.51 45.51 45.41 45.22 45.23 45.28 45.39 45.43 45.45 45.48 45.42 45.36 45.36 45.38 45.45 45.48 45.49 45.52 45.5 45.5 45.52 45.55 45.6 45.55 45.54 45.46 45.48 45.53 45.5 45.43 45.31 45.21 45.21 45.23 45.31 45.34 45.41 45.46 45.48 45.5 45.54 45.51 45.49 45.49 45.57 45.63 45.54 45.5 45.46 45.47 45.5 45.47 45.44 45.45 45.45 45.48 45.42
45.51 45.53 45.48 45.45 45.36 45.35 45.34 45.34 45.39 45.36 45.37 45.4 45.44 45.41 45.42 45.46 45.5 45.51 45.47 45.46 45.51 45.48 45.48 45.44 45.36 45.39 45.41 45.42 45.47 45.5 45.49 45.45 45.4 45.38 45.36 45.4 45.43 45.44 45.5 45.51 45.52 45.53 45.54 45.6 45.57 45.57 45.51 45.45 45.49 45.48 45.41 45.25 45.19 45.14 45.16 45.23 45.25 45.33 45.44 45.5 45.5 45.51 45.49 45.45 45.45 45.51 45.61 45.51 45.48 45.45 45.47 45.51 45.47 45.45 45.44 45.44 45.39 45.31
45.47 45.51 45.5 45.48 45.42 45.38 45.38 45.35 45.34 45.32 45.33 45.37 45.44 45.43 45.42 45.45 45.49 45.53 45.51 45.48 45.48 45.47 45.45 45.41 45.38 45.43 45.49 45.45 45.5 45.53 45.51 45.47 45.48 45.45 45.39 45.39 45.4 45.42 45.47 45.51 45.52 45.54 45.53 45.55 45.55 45.58 45.56 45.48 45.47 45.46 45.41 45.26 45.24 45.22 45.22 45.15 45.18 45.29 45.41 45.51 45.51 45.51 45.47 45.43 45.44 45.47 45.54 45.49 45.48 45.47 45.52 45.51 45.45 45.41 45.38 45.37 45.3 45.22
45.43 45.46 45.47 45.47 45.47 45.43 45.42 45.38 45.32 45.29 45.31 45.36 45.41 45.46 45.44 45.45 45.47 45.49 45.5 45.51 45.48 45.48 45.44 45.36 45.32 45.35 45.45 45.49 45.5 45.54 45.54 45.48 45.49 45.47 45.41 45.38 45.38 45.4 45.47 45.51 45.5 45.51 45.51 45.48 45.5 45.54 45.56 45.52 45.49 45.47 45.47 45.32 45.33 45.36 45.34 45.13 45.16 45.3 45.42 45.47 45.48 45.52 45.49 45.47 45.49 45.46 45.42 45.43 45.46 45.48 45.53 45.49 45.39 45.34 45.3 45.27 45.23 45.16
45.41 45.37 45.4 45.43 45.45 45.47 45.44 45.38 45.36 45.3 45.3 45.35 45.4 45.43 45.43 45.44 45.47 45.48 45.51 45.54 45.52 45.52 45.43 45.36 45.34 45.34 45.4 45.52 45.52 45.54 45.55 45.5 45.46 45.47 45.44 45.38 45.38 45.4 45.45 45.5 45.46 45.45 45.46 45.46 45.48 45.5 45.51 45.5 45.5 45.48 45.49 45.37 45.39 45.44 45.41 45.22 45.22 45.31 45.42 45.39 45.43 45.5 45.51 45.51 45.5 45.45 45.38 45.41 45.46 45.48 45.51 45.47 45.35 45.31 45.26 45.2 45.1 45.08
45.41 45.31 45.34 45.41 45.35 45.4 45.4 45.37 45.37 45.31 45.31 45.38 45.43 45.44 45.44 45.46 45.49 45.51 45.53 45.51 45.53 45.51 45.4 45.36 45.39 45.37 45.4 45.54 45.56 45.55 45.54 45.5 45.45 45.46 45.45 45.4 45.4 45.4 45.44 45.47 45.44 45.4 45.41 45.47 45.48 45.47 45.43 45.48 45.49 45.45 45.46 45.44 45.44 45.45 45.41 45.36 45.34 45.31 45.33 45.35 45.39 45.45 45.48 45.47 45.46 45.45 45.43 45.45 45.49 45.47 45.46 45.42 45.33 45.3 45.24 45.15 45.01 45.01
45.39 45.3 45.31 45.32 45.28 45.35 45.38 45.37 45.34 45.32 45.33 45.4 45.4 45.42 45.47 45.5 45.52 45.52 45.53 45.47 45.5 45.47 45.39 45.36 45.41 45.42 45.45 45.54 45.58 45.54 45.53 45.48 45.46 45.48 45.42 45.37 45.39 45.39 45.42 45.44 45.41 45.36 45.4 45.44 45.44 45.46 45.45 45.51 45.52 45.49 45.51 45.47 45.45 45.46 45.43 45.4 45.41 45.38 45.36 45.35 45.34 45.4 45.43 45.4 45.44 45.46 45.47 45.48 45.47 45.47 45.39 45.36 45.29 45.21 45.16 45.09 45 44.99
45.37 45.34 45.33 45.31 45.3 45.33 45.36 45.37 45.33 45.33 45.33 45.38 45.4 45.41 45.45 45.5 45.54 45.53 45.53 45.49 45.47 45.45 45.4 45.39 45.43 45.47 45.53 45.51 45.52 45.52 45.53 45.47 45.47 45.47 45.44 45.36 45.37 45.37 45.39 45.41 45.42 45.41 45.43 45.43 45.42 45.38 45.43 45.5 45.5 45.5 45.51 45.46 45.43 45.43 45.43 45.39 45.42 45.44 45.41 45.37 45.33 45.35 45.34 45.33 45.39 45.46 45.5 45.49 45.43 45.43 45.38 45.33 45.24 45.15 45.08 45.06 45.08 45.04
45.37 45.35 45.35 45.35 45.35 45.37 45.38 45.38 45.37 45.36 45.34 45.36 45.44 45.44 45.43 45.47 45.53 45.52 45.53 45.51 45.46 45.45 45.43 45.45 45.46 45.49 45.55 45.52 45.45 45.47 45.51 45.45 45.45 45.48 45.48 45.4 45.39 45.36 45.33 45.35 45.36 45.44 45.47 45.45 45.43 45.36 45.4 45.46 45.48 45.5 45.47 45.44 45.42 45.4 45.41 45.4 45.44 45.45 45.4 45.38 45.33 45.3 45.27 45.3 45.37 45.46 45.52 45.48 45.38 45.34 45.33 45.28 45.2 45.19 45.17 45.19 45.25 45.15
45.39 45.36 45.35 45.37 45.39 45.4 45.4 45.4 45.4 45.4 45.38 45.38 45.43 45.45 45.45 45.45 45.5 45.49 45.52 45.53 45.45 45.44 45.43 45.47 45.49 45.48 45.5 45.54 45.48 45.45 45.49 45.46 45.46 45.48 45.48 45.46 45.44 45.38 45.29 45.3 45.31 45.38 45.41 45.42 45.4 45.35 45.34 45.41 45.43 45.49 45.48 45.45 45.42 45.37 45.38 45.4 45.44 45.46 45.41 45.39 45.31 45.27 45.27 45.32 45.4 45.45 45.47 45.42 45.34 45.25 45.22 45.19 45.18 45.28 45.3 45.35 45.38 45.23
45.41 45.38 45.35 45.37 45.41 45.42 45.42 45.42 45.41 45.42 45.43 45.42 45.4 45.44 45.48 45.42 45.46 45.47 45.5 45.5 45.45 45.44 45.43 45.45 45.48 45.47 45.47 45.48 45.48 45.5 45.52 45.46 45.45 45.48 45.47 45.45 45.43 45.39 45.27 45.25 45.26 45.32 45.37 45.36 45.35 45.33 45.29 45.31 45.34 45.42 45.47 45.46 45.42 45.36 45.38 45.39 45.42 45.48 45.41 45.39 45.31 45.28 45.3 45.34 45.39 45.41 45.41 45.37 45.28 45.19 45.15 45.13 45.17 45.34 45.36 45.37 45.32 45.11
45.43 45.4 45.35 45.35 45.41 45.41 45.41 45.42 45.4 45.42 45.46 45.46 45.41 45.45 45.47 45.45 45.45 45.49 45.53 45.48 45.45 45.47 45.45 45.43 45.43 45.39 45.42 45.45 45.46 45.48 45.51 45.42 45.43 45.49 45.5 45.42 45.4 45.4 45.33 45.26 45.26 45.3 45.36 45.3 45.31 45.32 45.27 45.26 45.3 45.37 45.43 45.44 45.41 45.36 45.38 45.39 45.42 45.46 45.39 45.37 45.31 45.28 45.3 45.31 45.32 45.32 45.37 45.32 45.21 45.16 45.13 45.1 45.15 45.33 45.31 45.2 45.16 45.08
45.46 45.42 45.35 45.33 45.4 45.4 45.4 45.44 45.42 45.42 45.45 45.44 45.41 45.45 45.44 45.47 45.48 45.5 45.53 45.46 45.47 45.49 45.49 45.48 45.47 45.4 45.4 45.48 45.49 45.49 45.47 45.43 45.45 45.49 45.5 45.38 45.37 45.4 45.38 45.32 45.3 45.31 45.35 45.27 45.25 45.3 45.29 45.29 45.32 45.36 45.4 45.42 45.43 45.38 45.37 45.38 45.4 45.41 45.33 45.3 45.25 45.25 45.29 45.28 45.27 45.25 45.29 45.26 45.18 45.21 45.2 45.15 45.11 45.22 45.18 45.08 45.14 45.16
45.47 45.44 45.39 45.38 45.39 45.39 45.39 45.45 45.44 45.42 45.41 45.39 45.38 45.41 45.42 45.44 45.48 45.48 45.48 45.43 45.44 45.47 45.47 45.47 45.47 45.43 45.4 45.49 45.52 45.56 45.48 45.47 45.49 45.5 45.43 45.32 45.34 45.38 45.39 45.36 45.35 45.33 45.31 45.27 45.19 45.26 45.29 45.32 45.36 45.35 45.36 45.39 45.44 45.39 45.35 45.36 45.35 45.35 45.34 45.29 45.24 45.25 45.28 45.26 45.21 45.19 45.17 45.12 45.13 45.21 45.22 45.18 45.04 45.06 45.05 45.08 45.21 45.23
45.49 45.48 45.47 45.42 45.4 45.4 45.42 45.42 45.39 45.38 45.37 45.36 45.34 45.37 45.43 45.43 45.45 45.46 45.49 45.46 45.46 45.49 45.5 45.44 45.45 45.43 45.38 45.41 45.47 45.57 45.54 45.5 45.5 45.5 45.4 45.31 45.32 45.35 45.4 45.39 45.38 45.33 45.27 45.25 45.21 45.27 45.32 45.32 45.35 45.31 45.29 45.32 45.39 45.39 45.33 45.31 45.3 45.3 45.31 45.25 45.22 45.19 45.2 45.18 45.14 45.13 45.09 45.07 45.11 45.18 45.18 45.11 44.98 45 45.03 45.13 45.28 45.3
45.51 45.5 45.5 45.38 45.39 45.39 45.41 45.48 45.43 45.39 45.37 45.35 45.32 45.32 45.4 45.47 45.46 45.46 45.48 45.47 45.47 45.52 45.55 45.48 45.47 45.44 45.38 45.35 45.4 45.52 45.56 45.51 45.49 45.48 45.43 45.35 45.35 45.36 45.41 45.4 45.39 45.33 45.26 45.25 45.25 45.3 45.33 45.32 45.31 45.26 45.25 45.29 45.36 45.39 45.33 45.32 45.32 45.27 45.21 45.17 45.11 45.07 45.09 45.09 45.02 45.11 45.11 45.15 45.15 45.14 45.12 45.07 45 45.05 45.07 45.18 45.37 45.36
45.53 45.53 45.52 45.42 45.39 45.38 45.39 45.49 45.46 45.42 45.4 45.32 45.31 45.29 45.34 45.48 45.48 45.48 45.47 45.43 45.43 45.48 45.55 45.52 45.49 45.45 45.38 45.36 45.39 45.46 45.53 45.52 45.5 45.45 45.43 45.42 45.4 45.39 45.42 45.42 45.38 45.33 45.29 45.25 45.25 45.34 45.37 45.35 45.3 45.26 45.26 45.28 45.3 45.32 45.27 45.29 45.29 45.25 45.18 45.13 45.03 45.01 45.02 45.01 44.98 45.1 45.14 45.17 45.14 45.07 45.05 45.04 45.05 45.11 45.13 45.25 45.43 45.39
45.52 45.52 45.52 45.48 45.42 45.4 45.41 45.47 45.46 45.42 45.4 45.33 45.32 45.29 45.32 45.4 45.44 45.51 45.48 45.43 45.42 45.43 45.51 45.53 45.52 45.48 45.39 45.4 45.41 45.45 45.46 45.47 45.48 45.42 45.4 45.43 45.46 45.44 45.44 45.43 45.35 45.31 45.32 45.32 45.34 45.34 45.32 45.32 45.31 45.32 45.3 45.3 45.29 45.26 45.25 45.24 45.22 45.22 45.19 45.12 45.03 45.04 45.03 45 45.03 45.11 45.14 45.11 45.03 44.98 44.97 44.97 45.11 45.19 45.2 45.32 45.43 45.38
45.5 45.51 45.52 45.51 45.47 45.44 45.42 45.43 45.41 45.39 45.39 45.37 45.36 45.3 45.34 45.36 45.41 45.51 45.51 45.47 45.44 45.42 45.48 45.53 45.52 45.52 45.43 45.46 45.45 45.44 45.4 45.4 45.4 45.42 45.39 45.41 45.47 45.51 45.48 45.43 45.38 45.4 45.4 45.42 45.43 45.37 45.31 45.3 45.3 45.31 45.31 45.33 45.32 45.26 45.25 45.2 45.17 45.19 45.16 45.09 45 45.02 45.05 45.04 45.07 45.11 45.09 45.01 44.96 44.94 44.95 44.97 45.19 45.29 45.3 45.36 45.36 45.33
45.53 45.52 45.51 45.49 45.48 45.46 45.41 45.39 45.38 45.37 45.36 45.38 45.37 45.33 45.37 45.38 45.4 45.47 45.53 45.51 45.47 45.45 45.47 45.5 45.48 45.53 45.51 45.51 45.46 45.41 45.41 45.39 45.34 45.42 45.44 45.43 45.48 45.55 45.53 45.47 45.42 45.44 45.43 45.44 45.44 45.39 45.33 45.32 45.33 45.38 45.37 45.36 45.37 45.31 45.28 45.19 45.13 45.13 45.09 45.02 44.93 44.95 45.03 45.05 45.05 45.05 45.03 44.96 44.99 45.03 45.06 45.12 45.28 45.34 45.36 45.32 45.32 45.31
45.56 45.54 45.5 45.47 45.45 45.45 45.43 45.39 45.39 45.38 45.34 45.37 45.38 45.37 45.37 45.36 45.38 45.43 45.52 45.55 45.52 45.49 45.43 45.43 45.41 45.48 45.52 45.52 45.48 45.43 45.44 45.44 45.4 45.37 45.41 45.4 45.43 45.5 45.5 45.46 45.39 45.4 45.41 45.4 45.42 45.39 45.35 45.35 45.37 45.43 45.41 45.37 45.38 45.31 45.28 45.17 45.07 45.02 44.98 44.92 44.91 44.91 44.99 45.01 44.99 44.99 45 45.01 45.08 45.19 45.24 45.32 45.35 45.37 45.34 45.3 45.33 45.33
45.54 45.52 45.49 45.48 45.45 45.45 45.47 45.42 45.41 45.39 45.37 45.38 45.39 45.39 45.34 45.29 45.32 45.39 45.45 45.55 45.54 45.51 45.44 45.43 45.38 45.36 45.37 45.42 45.48 45.53 45.47 45.48 45.46 45.37 45.37 45.37 45.36 45.38 45.45 45.44 45.42 45.39 45.4 45.39 45.41 45.37 45.36 45.37 45.41 45.44 45.44 45.38 45.32 45.28 45.23 45.12 44.99 44.93 44.9 44.88 44.94 44.93 44.95 44.97 44.94 44.92 44.99 45.1 45.14 45.25 45.38 45.43 45.4 45.39 45.33 45.28 45.28 45.27
45.48 45.48 45.49 45.51 45.48 45.47 45.48 45.47 45.45 45.4 45.38 45.4 45.39 45.38 45.36 45.32 45.29 45.32 45.38 45.42 45.47 45.51 45.47 45.44 45.4 45.41 45.38 45.4 45.49 45.58 45.52 45.49 45.44 45.42 45.37 45.37 45.33 45.33 45.45 45.47 45.47 45.44 45.44 45.4 45.4 45.3 45.31 45.38 45.44 45.45 45.46 45.36 45.25 45.24 45.18 45.07 44.92 44.9 44.9 44.92 44.97 44.95 44.94 44.92 44.92 44.93 45.04 45.19 45.24 45.33 45.35 45.37 45.35 45.36 45.32 45.24 45.21 45.21
45.45 45.48 45.48 45.51 45.49 45.46 45.47 45.48 45.48 45.45 45.38 45.38 45.38 45.36 45.34 45.34 45.32 45.31 45.31 45.34 45.44 45.5 45.5 45.46 45.42 45.41 45.44 45.44 45.45 45.52 45.53 45.49 45.42 45.43 45.4 45.39 45.33 45.33 45.43 45.48 45.51 45.49 45.47 45.4 45.37 45.23 45.28 45.39 45.45 45.47 45.46 45.29 45.19 45.19 45.14 45.07 44.98 44.95 44.96 44.97 44.98 44.96 44.94 44.9 44.98 45.03 45.19 45.29 45.34 45.36 45.29 45.33 45.34 45.34 45.29 45.23 45.15 45.18
45.48 45.46 45.48 45.47 45.48 45.47 45.48 45.48 45.49 45.49 45.43 45.43 45.4 45.35 45.36 45.36 45.36 45.34 45.27 45.34 45.44 45.44 45.48 45.46 45.48 45.46 45.47 45.45 45.42 45.45 45.49 45.48 45.46 45.42 45.43 45.42 45.36 45.37 45.42 45.47 45.51 45.49 45.46 45.39 45.33 45.26 45.32 45.42 45.44 45.47 45.44 45.26 45.13 45.16 45.1 45.05 45.03 44.99 45 44.98 44.96 44.96 44.96 44.98 45.08 45.14 45.29 45.38 45.36 45.36 45.32 45.37 45.4 45.36 45.26 45.22 45.12 45.17
45.43 45.42 45.45 45.48 45.49 45.48 45.46 45.44 45.46 45.47 45.46 45.44 45.38 45.33 45.34 45.34 45.36 45.35 45.27 45.32 45.41 45.36 45.41 45.44 45.51 45.54 45.48 45.47 45.47 45.47 45.45 45.48 45.5 45.44 45.45 45.44 45.4 45.45 45.48 45.51 45.49 45.45 45.42 45.37 45.34 45.33 45.38 45.44 45.42 45.4 45.37 45.28 45.16 45.12 45.09 45.07 45.04 45.02 45.02 44.98 44.94 44.96 45.01 45.09 45.16 45.21 45.32 45.37 45.3 45.32 45.35 45.36 45.38 45.35 45.26 45.18 45.1 45.15
