slabs/16.grd
DSAA
631 301
642630 643260
4947500 4947800
42.42 49.88
[rows 0 to 33 of 301, columns 390 to 467 of 631]
45.27 45.18 45.08 45.1 45.08 45.07 45.1 45.19 45.18 45.15 45.21 45.29 45.29 45.32 45.35 45.35 45.35 45.34 45.29 45.26 45.3 45.36 45.32 45.29 45.23 45.09 44.99 45.01 44.96 44.9 44.89 44.87 44.9 44.97 45.02 45.04 45.11 45.17 45.15 45.18 45.24 45.17 45.09 45.17 45.31 45.49 45.53 45.51 45.48 45.44 45.41 45.42 45.4 45.38 45.35 45.28 45.25 45.26 45.25 45.25 45.24 45.26 45.28 45.27 45.24 45.17 45.15 45.13 45.15 45.18 45.23 45.29 45.31 45.34 45.34 45.29 45.19 45.14
45.27 45.17 45.06 45.12 45.14 45.16 45.17 45.2 45.16 45.13 45.15 45.26 45.28 45.34 45.35 45.35 45.37 45.36 45.26 45.19 45.23 45.35 45.33 45.26 45.16 44.95 44.86 44.84 44.81 44.86 44.88 44.9 44.95 45.01 45.08 45.11 45.18 45.22 45.19 45.21 45.23 45.15 45.09 45.18 45.35 45.45 45.47 45.44 45.39 45.4 45.41 45.38 45.37 45.36 45.33 45.27 45.22 45.18 45.19 45.18 45.16 45.25 45.26 45.25 45.2 45.1 45.1 45.11 45.19 45.21 45.23 45.24 45.3 45.33 45.36 45.31 45.2 45.15
45.27 45.19 45.15 45.18 45.19 45.22 45.23 45.19 45.15 45.12 45.16 45.22 45.25 45.33 45.34 45.37 45.38 45.35 45.25 45.17 45.18 45.29 45.27 45.2 45.07 44.86 44.8 44.78 44.78 44.85 44.88 44.92 45 45.04 45.11 45.15 45.22 45.28 45.26 45.26 45.26 45.19 45.15 45.29 45.43 45.46 45.45 45.4 45.31 45.32 45.36 45.38 45.37 45.33 45.31 45.27 45.19 45.11 45.13 45.13 45.11 45.18 45.2 45.18 45.14 45.11 45.08 45.03 45.18 45.21 45.24 45.24 45.28 45.32 45.36 45.3 45.22 45.19
45.31 45.25 45.26 45.23 45.21 45.19 45.21 45.19 45.15 45.12 45.17 45.2 45.23 45.31 45.33 45.37 45.37 45.34 45.25 45.18 45.15 45.23 45.19 45.13 44.98 44.79 44.76 44.77 44.81 44.87 44.94 44.99 45.07 45.08 45.13 45.18 45.26 45.34 45.32 45.3 45.3 45.29 45.26 45.39 45.45 45.41 45.36 45.25 45.27 45.3 45.34 45.39 45.39 45.31 45.29 45.24 45.19 45.11 45.09 45.07 45.09 45.13 45.16 45.14 45.11 45.13 45.1 45.02 45.12 45.16 45.24 45.24 45.26 45.31 45.35 45.3 45.24 45.23
45.33 45.32 45.29 45.2 45.17 45.12 45.12 45.14 45.14 45.15 45.18 45.23 45.24 45.28 45.33 45.35 45.35 45.31 45.23 45.2 45.14 45.17 45.11 45.07 44.93 44.78 44.77 44.81 44.92 45.02 45.09 45.14 45.18 45.15 45.18 45.24 45.29 45.38 45.36 45.34 45.31 45.33 45.34 45.42 45.42 45.32 45.29 45.22 45.3 45.33 45.35 45.39 45.39 45.31 45.29 45.25 45.21 45.16 45.1 45.05 45.1 45.13 45.13 45.13 45.08 45.09 45.1 45.08 45.04 45.1 45.22 45.23 45.25 45.28 45.32 45.31 45.26 45.25
45.31 45.31 45.25 45.14 45.1 45.04 45 45.07 45.11 45.19 45.2 45.22 45.21 45.2 45.27 45.3 45.33 45.27 45.21 45.18 45.11 45.09 45.05 45.03 44.94 44.84 44.83 44.87 45.02 45.18 45.22 45.25 45.24 45.17 45.23 45.32 45.4 45.43 45.41 45.37 45.37 45.38 45.39 45.39 45.37 45.29 45.28 45.29 45.35 45.38 45.37 45.37 45.39 45.31 45.31 45.28 45.23 45.18 45.15 45.08 45.11 45.12 45.09 45.13 45.05 45.04 45.06 45.13 44.99 45.05 45.19 45.28 45.27 45.26 45.27 45.31 45.29 45.28
45.28 45.28 45.21 45.1 45.05 44.96 44.9 45 45.09 45.2 45.18 45.15 45.11 45.06 45.15 45.2 45.29 45.24 45.17 45.13 45.08 45.09 45.07 45.06 45 44.94 44.91 44.95 45.1 45.23 45.22 45.22 45.2 45.25 45.43 45.49 45.5 45.46 45.43 45.36 45.36 45.36 45.35 45.34 45.33 45.32 45.32 45.33 45.38 45.4 45.38 45.38 45.39 45.35 45.34 45.3 45.23 45.19 45.19 45.14 45.12 45.12 45.06 45.12 45.06 45.03 45.04 45.12 44.99 45.02 45.19 45.31 45.3 45.27 45.29 45.35 45.31 45.29
45.27 45.28 45.19 45.07 45.03 44.93 44.88 44.96 45.07 45.18 45.12 45.08 45 44.94 45.04 45.11 45.23 45.17 45.05 45.05 45.06 45.1 45.11 45.11 45.1 45.07 45.05 45.08 45.17 45.25 45.23 45.23 45.21 45.33 45.5 45.6 45.53 45.45 45.42 45.34 45.28 45.32 45.34 45.33 45.29 45.37 45.37 45.36 45.39 45.39 45.38 45.38 45.37 45.37 45.36 45.32 45.23 45.21 45.22 45.21 45.2 45.16 45.07 45.12 45.1 45.08 45.06 45.1 45.01 44.99 45.12 45.32 45.31 45.28 45.26 45.31 45.29 45.28
45.27 45.29 45.15 45.05 45.04 44.94 44.91 44.97 45.05 45.12 45.05 45.02 44.9 44.85 44.96 45.02 45.13 45.03 44.99 45.01 45.06 45.1 45.12 45.13 45.13 45.13 45.13 45.15 45.19 45.24 45.26 45.31 45.35 45.39 45.48 45.6 45.51 45.41 45.39 45.29 45.23 45.33 45.34 45.31 45.26 45.37 45.38 45.37 45.37 45.35 45.35 45.35 45.33 45.36 45.35 45.33 45.26 45.25 45.26 45.27 45.23 45.17 45.09 45.14 45.17 45.13 45.09 45.11 45.04 44.98 44.99 45.24 45.27 45.26 45.24 45.26 45.27 45.26
45.26 45.26 45.1 45.05 45.08 44.99 44.93 44.94 44.96 44.97 44.89 44.85 44.79 44.77 44.84 44.88 44.96 44.95 44.98 45.01 45.06 45.11 45.13 45.13 45.14 45.14 45.15 45.2 45.24 45.26 45.28 45.4 45.49 45.45 45.48 45.51 45.46 45.36 45.33 45.25 45.23 45.33 45.34 45.31 45.3 45.35 45.36 45.36 45.32 45.32 45.32 45.34 45.3 45.31 45.3 45.32 45.28 45.27 45.29 45.31 45.24 45.18 45.15 45.18 45.2 45.15 45.07 45.08 45.02 44.99 44.98 45.16 45.26 45.26 45.25 45.25 45.26 45.25
45.24 45.2 45.1 45.1 45.11 45.04 44.94 44.93 44.92 44.9 44.75 44.72 44.7 44.72 44.77 44.82 44.91 44.94 44.98 45.01 45.06 45.11 45.14 45.14 45.15 45.15 45.17 45.27 45.33 45.29 45.31 45.45 45.54 45.49 45.47 45.43 45.39 45.3 45.27 45.22 45.24 45.29 45.32 45.35 45.37 45.37 45.35 45.36 45.34 45.32 45.29 45.34 45.28 45.27 45.25 45.31 45.33 45.33 45.31 45.33 45.28 45.25 45.23 45.21 45.21 45.16 45.1 45.08 45.02 44.96 44.96 45.13 45.22 45.24 45.25 45.27 45.27 45.27
45.25 45.18 45.09 45.12 45.08 44.99 44.93 44.93 44.93 44.88 44.72 44.69 44.66 44.7 44.78 44.84 44.94 44.97 44.99 45.01 45.06 45.11 45.14 45.15 45.16 45.17 45.2 45.33 45.42 45.32 45.32 45.44 45.5 45.47 45.44 45.37 45.33 45.27 45.23 45.17 45.26 45.23 45.29 45.37 45.36 45.35 45.35 45.36 45.35 45.33 45.29 45.29 45.29 45.28 45.25 45.27 45.31 45.32 45.3 45.3 45.31 45.29 45.24 45.21 45.24 45.19 45.11 45.09 45.05 44.97 44.97 45.08 45.13 45.21 45.28 45.28 45.25 45.26
45.3 45.22 45.08 45.06 44.99 44.97 44.98 44.98 44.96 44.88 44.77 44.73 44.67 44.72 44.82 44.88 44.97 45.04 45.04 45.04 45.06 45.11 45.13 45.16 45.16 45.19 45.24 45.4 45.46 45.35 45.34 45.42 45.45 45.43 45.41 45.36 45.32 45.27 45.25 45.18 45.29 45.25 45.31 45.36 45.3 45.3 45.32 45.33 45.3 45.27 45.24 45.26 45.28 45.28 45.25 45.22 45.24 45.26 45.26 45.25 45.3 45.29 45.24 45.21 45.25 45.2 45.09 45.1 45.09 45.03 44.99 44.98 45.06 45.21 45.29 45.27 45.23 45.23
45.27 45.22 45.13 45.06 44.99 45 45.05 45 44.96 44.93 44.8 44.77 44.72 44.77 44.87 44.91 44.99 45.1 45.09 45.09 45.09 45.11 45.12 45.16 45.18 45.22 45.3 45.48 45.49 45.38 45.38 45.39 45.42 45.43 45.41 45.37 45.32 45.26 45.28 45.28 45.29 45.28 45.32 45.3 45.27 45.28 45.29 45.3 45.31 45.28 45.25 45.3 45.3 45.29 45.26 45.16 45.19 45.22 45.27 45.22 45.25 45.26 45.26 45.23 45.25 45.17 45.07 45.09 45.1 45.07 45 44.93 45.02 45.21 45.27 45.25 45.23 45.23
45.22 45.16 45.1 45.03 45 45.02 45.04 45 44.99 44.99 44.82 44.77 44.73 44.83 44.9 44.94 45 45.12 45.14 45.16 45.15 45.14 45.15 45.17 45.21 45.27 45.35 45.53 45.53 45.42 45.39 45.38 45.43 45.44 45.41 45.39 45.35 45.32 45.3 45.25 45.28 45.29 45.24 45.2 45.27 45.29 45.3 45.27 45.32 45.3 45.26 45.3 45.31 45.29 45.25 45.16 45.19 45.23 45.27 45.2 45.21 45.24 45.28 45.24 45.24 45.16 45.05 45.04 45.06 45.05 45 44.95 45.01 45.21 45.25 45.26 45.24 45.2
45.2 45.14 45.05 45.01 44.98 45 45.01 45 45.01 45 44.85 44.77 44.73 44.83 44.9 44.97 45.02 45.13 45.18 45.23 45.22 45.2 45.2 45.2 45.28 45.34 45.39 45.53 45.57 45.46 45.43 45.4 45.37 45.38 45.36 45.34 45.36 45.35 45.33 45.25 45.25 45.25 45.21 45.11 45.2 45.23 45.27 45.24 45.27 45.27 45.24 45.26 45.25 45.25 45.22 45.17 45.21 45.26 45.26 45.19 45.19 45.22 45.26 45.24 45.23 45.17 45.05 45 45 45.01 44.98 44.94 44.98 45.19 45.25 45.27 45.26 45.19
45.23 45.15 45.07 45.03 44.94 44.98 45.01 44.99 44.97 44.94 44.86 44.77 44.8 44.82 44.87 44.99 45.06 45.15 45.2 45.29 45.28 45.25 45.25 45.29 45.38 45.39 45.42 45.5 45.46 45.44 45.42 45.35 45.3 45.31 45.33 45.31 45.32 45.33 45.32 45.27 45.22 45.21 45.17 45.06 45.1 45.15 45.22 45.19 45.19 45.22 45.23 45.23 45.2 45.23 45.21 45.17 45.21 45.24 45.24 45.21 45.2 45.23 45.25 45.26 45.26 45.2 45.09 45.03 45.03 45.02 44.98 44.89 44.93 45.15 45.26 45.23 45.25 45.24
45.25 45.16 45.12 45.08 44.95 45.01 45.02 44.96 44.88 44.86 44.83 44.8 44.88 44.88 44.91 45.01 45.1 45.17 45.21 45.31 45.3 45.29 45.33 45.43 45.4 45.38 45.39 45.41 45.37 45.36 45.36 45.33 45.31 45.32 45.31 45.29 45.28 45.29 45.27 45.26 45.19 45.16 45.1 45.07 45.04 45.08 45.15 45.15 45.12 45.17 45.23 45.22 45.21 45.23 45.2 45.19 45.19 45.18 45.23 45.25 45.24 45.24 45.23 45.27 45.29 45.27 45.18 45.15 45.14 45.1 45 44.89 44.94 45.09 45.21 45.24 45.23 45.23
45.25 45.17 45.15 45.12 45.06 45.05 45.03 44.92 44.82 44.86 44.84 44.87 44.95 44.97 44.99 45.07 45.12 45.17 45.19 45.25 45.27 45.41 45.46 45.5 45.44 45.42 45.37 45.3 45.32 45.3 45.31 45.31 45.34 45.34 45.3 45.26 45.23 45.24 45.22 45.21 45.13 45.11 45.07 45.05 45 45.02 45.11 45.15 45.09 45.13 45.22 45.22 45.22 45.22 45.2 45.2 45.19 45.17 45.22 45.25 45.24 45.23 45.21 45.25 45.3 45.34 45.23 45.22 45.23 45.21 45.1 44.98 44.96 45.03 45.16 45.2 45.22 45.21
45.23 45.15 45.16 45.17 45.15 45.1 45.04 44.91 44.85 44.89 44.91 44.97 45.05 45.12 45.11 45.12 45.14 45.17 45.18 45.2 45.26 45.42 45.48 45.48 45.42 45.42 45.36 45.26 45.31 45.3 45.31 45.29 45.31 45.31 45.28 45.22 45.17 45.19 45.17 45.1 45.06 45.08 45.05 44.98 44.95 44.98 45.1 45.17 45.13 45.13 45.2 45.2 45.21 45.24 45.2 45.2 45.18 45.17 45.22 45.23 45.21 45.19 45.21 45.28 45.3 45.32 45.22 45.18 45.2 45.2 45.11 45.03 44.95 44.99 45.14 45.17 45.22 45.2
45.21 45.17 45.2 45.24 45.18 45.08 45.02 44.94 44.96 44.95 44.98 45.04 45.11 45.17 45.14 45.12 45.15 45.19 45.21 45.24 45.31 45.38 45.43 45.42 45.39 45.39 45.32 45.21 45.22 45.25 45.3 45.28 45.26 45.25 45.23 45.17 45.11 45.12 45.09 45.02 45.04 45.05 45.01 44.92 44.91 44.98 45.11 45.15 45.13 45.11 45.18 45.23 45.22 45.23 45.17 45.13 45.12 45.13 45.13 45.17 45.17 45.14 45.19 45.31 45.31 45.31 45.22 45.17 45.21 45.18 45.11 45.06 44.95 44.98 45.1 45.14 45.21 45.2
45.19 45.22 45.24 45.17 45.05 45.06 45.04 45.03 45.07 45.09 45.13 45.14 45.12 45.14 45.12 45.14 45.17 45.21 45.26 45.31 45.39 45.42 45.43 45.39 45.35 45.35 45.28 45.17 45.13 45.18 45.29 45.29 45.23 45.18 45.17 45.09 45.03 45.03 44.99 45.01 45.02 44.97 44.9 44.9 44.88 44.99 45.1 45.1 45.1 45.08 45.13 45.24 45.22 45.21 45.18 45.13 45.12 45.12 45.09 45.16 45.15 45.14 45.14 45.26 45.3 45.28 45.23 45.21 45.24 45.18 45.1 45.04 44.92 44.97 45.06 45.11 45.2 45.21
45.18 45.11 45.09 45.03 45.01 45.05 45.07 45.11 45.14 45.22 45.26 45.23 45.17 45.17 45.16 45.18 45.19 45.22 45.27 45.36 45.43 45.45 45.44 45.39 45.28 45.29 45.26 45.21 45.17 45.21 45.29 45.29 45.21 45.15 45.09 44.95 44.88 44.89 44.91 45.03 44.98 44.91 44.85 44.89 44.88 44.98 45.07 45.07 45.07 45.1 45.1 45.15 45.16 45.18 45.15 45.14 45.15 45.16 45.12 45.14 45.14 45.19 45.14 45.21 45.26 45.22 45.22 45.23 45.22 45.16 45.06 45 44.9 44.93 45.03 45.09 45.18 45.18
45.13 45.01 44.98 44.97 45.03 45.09 45.11 45.18 45.25 45.28 45.29 45.21 45.19 45.19 45.21 45.22 45.22 45.23 45.28 45.38 45.45 45.45 45.42 45.37 45.25 45.26 45.27 45.26 45.25 45.26 45.27 45.26 45.2 45.15 45.07 44.87 44.77 44.8 44.89 45.05 45 44.94 44.91 44.98 44.98 44.96 44.99 44.99 45.02 45.12 45.13 45.11 45.12 45.13 45.08 45.06 45.11 45.15 45.14 45.14 45.13 45.21 45.17 45.19 45.23 45.21 45.21 45.23 45.2 45.12 45.03 44.99 44.91 44.88 45.02 45.07 45.16 45.13
45.02 44.96 44.95 44.96 45.03 45.13 45.16 45.24 45.33 45.29 45.26 45.18 45.21 45.22 45.25 45.25 45.26 45.26 45.27 45.36 45.42 45.42 45.37 45.34 45.26 45.27 45.27 45.25 45.28 45.28 45.24 45.24 45.21 45.17 45.1 44.9 44.82 44.8 44.98 45.08 45.07 45.05 45.01 45.02 45.02 44.94 44.93 44.95 45 45.14 45.18 45.12 45.12 45.11 45.07 45.07 45.11 45.14 45.14 45.13 45.11 45.19 45.19 45.17 45.2 45.23 45.2 45.22 45.19 45.09 45.01 45 44.95 44.88 45.01 45.06 45.12 45.09
44.93 44.93 44.93 44.97 45.06 45.16 45.2 45.29 45.32 45.26 45.21 45.2 45.27 45.27 45.26 45.28 45.32 45.3 45.28 45.34 45.35 45.36 45.29 45.26 45.24 45.27 45.3 45.26 45.28 45.28 45.24 45.21 45.2 45.16 45.12 44.96 44.87 44.79 44.98 45.07 45.05 45.04 45.03 45.04 45.03 44.94 44.89 44.97 45.01 45.15 45.19 45.13 45.12 45.13 45.13 45.15 45.18 45.17 45.14 45.12 45.08 45.17 45.18 45.15 45.16 45.22 45.17 45.18 45.14 45.12 45.06 45.04 44.98 44.95 45.02 45.05 45.08 45.09
44.89 44.89 44.88 44.99 45.14 45.22 45.26 45.3 45.25 45.22 45.2 45.24 45.32 45.3 45.25 45.3 45.39 45.38 45.35 45.35 45.3 45.31 45.28 45.22 45.25 45.28 45.29 45.26 45.29 45.27 45.19 45.08 45.06 45.05 45.09 44.95 44.86 44.76 44.88 45.03 45.02 45.03 45.01 45.02 45.02 44.92 44.82 44.96 45 45.13 45.21 45.18 45.13 45.14 45.21 45.22 45.23 45.22 45.16 45.13 45.08 45.16 45.17 45.14 45.12 45.2 45.12 45.11 45.11 45.17 45.15 45.14 45.05 45.1 45.12 45.09 45.09 45.11
44.86 44.84 44.84 45.03 45.25 45.29 45.3 45.23 45.19 45.18 45.2 45.28 45.33 45.31 45.26 45.33 45.42 45.43 45.41 45.31 45.25 45.26 45.29 45.32 45.31 45.3 45.25 45.23 45.26 45.24 45.12 44.97 44.95 44.95 45.03 44.86 44.8 44.73 44.85 45.03 45.03 45.06 45.01 45 45 44.91 44.8 44.93 44.97 45.07 45.2 45.19 45.12 45.11 45.25 45.24 45.23 45.23 45.17 45.14 45.09 45.14 45.17 45.15 45.09 45.16 45.1 45.1 45.14 45.17 45.19 45.2 45.15 45.21 45.21 45.16 45.17 45.15
44.81 44.81 44.88 45.11 45.34 45.35 45.3 45.15 45.14 45.15 45.2 45.32 45.37 45.34 45.32 45.38 45.39 45.4 45.36 45.27 45.28 45.27 45.29 45.36 45.33 45.28 45.23 45.21 45.22 45.21 45.05 44.88 44.87 44.88 44.92 44.78 44.74 44.72 44.88 45.03 45.04 45.06 45 44.99 44.99 44.91 44.84 44.89 44.93 45 45.11 45.14 45.11 45.1 45.25 45.24 45.24 45.23 45.18 45.15 45.12 45.13 45.14 45.13 45.08 45.11 45.13 45.14 45.16 45.14 45.15 45.15 45.16 45.21 45.2 45.13 45.21 45.19
44.77 44.84 45.03 45.23 45.35 45.3 45.2 45.12 45.13 45.13 45.18 45.3 45.38 45.33 45.34 45.37 45.32 45.31 45.27 45.25 45.32 45.3 45.3 45.33 45.32 45.24 45.18 45.14 45.14 45.12 44.95 44.8 44.79 44.83 44.84 44.77 44.75 44.73 44.84 44.97 45.01 45.03 44.98 44.98 44.98 44.92 44.87 44.85 44.87 44.93 45.04 45.11 45.14 45.11 45.23 45.22 45.25 45.26 45.21 45.17 45.16 45.15 45.13 45.16 45.14 45.07 45.11 45.12 45.12 45.14 45.15 45.15 45.15 45.17 45.17 45.13 45.22 45.21
44.87 44.96 45.21 45.3 45.32 45.24 45.14 45.21 45.3 45.26 45.2 45.21 45.29 45.28 45.33 45.33 45.29 45.28 45.29 45.28 45.32 45.31 45.29 45.28 45.27 45.2 45.14 45.07 45.07 45.05 44.89 44.77 44.78 44.83 44.85 44.8 44.77 44.73 44.76 44.88 44.95 44.99 44.98 44.99 44.99 44.94 44.9 44.86 44.86 44.94 45.04 45.1 45.18 45.11 45.22 45.21 45.22 45.26 45.22 45.19 45.16 45.17 45.17 45.19 45.18 45.13 45.13 45.09 45.09 45.16 45.17 45.16 45.11 45.17 45.16 45.16 45.23 45.22
45.07 45.12 45.27 45.24 45.23 45.21 45.23 45.37 45.42 45.37 45.26 45.17 45.23 45.27 45.32 45.31 45.29 45.28 45.31 45.3 45.28 45.25 45.26 45.25 45.23 45.17 45.11 45.04 45.04 45.04 44.91 44.84 44.86 44.9 44.92 44.85 44.81 44.73 44.75 44.82 44.89 44.93 44.98 45.01 45 44.96 44.93 44.9 44.9 44.97 45.1 45.12 45.17 45.09 45.15 45.19 45.25 45.29 45.23 45.22 45.19 45.18 45.17 45.15 45.13 45.15 45.13 45.1 45.07 45.14 45.17 45.18 45.12 45.14 45.14 45.18 45.25 45.25
45.23 45.23 45.24 45.21 45.26 45.3 45.39 45.5 45.42 45.4 45.32 45.21 45.21 45.25 45.28 45.24 45.23 45.22 45.26 45.27 45.25 45.22 45.23 45.22 45.21 45.16 45.09 45.03 45.04 45.06 44.99 44.95 44.97 44.99 44.97 44.91 44.87 44.77 44.77 44.77 44.81 44.85 44.95 44.95 44.92 44.96 44.95 44.93 44.93 45 45.1 45.12 45.17 45.12 45.09 45.15 45.27 45.31 45.26 45.25 45.24 45.2 45.17 45.08 45.04 45.07 45.08 45.08 45.04 45.08 45.12 45.18 45.13 45.11 45.14 45.2 45.26 45.23
45.24 45.23 45.22 45.22 45.33 45.41 45.47 45.52 45.4 45.39 45.34 45.25 45.21 45.22 45.25 45.11 45.12 45.15 45.2 45.26 45.24 45.19 45.16 45.18 45.17 45.14 45.11 45.03 45.06 45.09 45.06 45.03 45.06 45.02 44.94 44.92 44.89 44.84 44.76 44.76 44.77 44.79 44.89 44.89 44.92 44.97 44.97 44.95 44.94 45.01 45.08 45.12 45.2 45.18 45.1 45.14 45.26 45.29 45.27 45.26 45.24 45.21 45.16 45.04 45.01 45.04 45.07 45.07 45.03 45.04 45.08 45.17 45.14 45.1 45.13 45.18 45.22 45.17
