slabs/16.grd
DSAA
631 301
642630 643260
4947500 4947800
42.42 49.88
[rows 136 to 169 of 301, columns 546 to 623 of 631]
44.67 44.58 44.35 44.38 44.43 44.57 44.63 44.7 44.74 44.77 44.78 44.84 44.88 44.82 44.81 44.79 44.74 44.7 44.69 44.66 44.68 44.71 44.71 44.82 44.84 44.79 44.81 44.82 44.83 44.85 44.88 44.86 44.9 44.93 44.96 44.93 44.9 44.92 44.94 44.92 44.93 44.94 44.94 44.92 44.89 44.87 44.75 44.55 44.47 44.37 44.16 44.02 44.01 43.97 43.94 44 44.03 44.03 43.8 43.77 43.82 43.88 43.9 43.9 43.92 43.93 43.95 43.97 43.98 43.99 44.02 44.07 44.11 44.17 44.2 44.22 44.17 44.07
44.7 44.62 44.39 44.35 44.41 44.56 44.61 44.69 44.73 44.79 44.8 44.83 44.87 44.83 44.83 44.79 44.74 44.7 44.68 44.69 44.71 44.7 44.73 44.77 44.77 44.8 44.83 44.86 44.86 44.88 44.92 44.86 44.91 44.93 44.95 44.91 44.88 44.89 44.93 44.92 44.93 44.94 44.93 44.92 44.9 44.86 44.76 44.6 44.51 44.38 44.18 44.02 44 43.96 43.92 43.96 44 43.97 43.72 43.79 43.83 43.9 43.92 43.89 43.91 43.94 43.95 43.95 43.97 44 44.02 44.08 44.1 44.12 44.14 44.14 44.13 44.08
44.73 44.67 44.51 44.37 44.45 44.56 44.6 44.71 44.76 44.82 44.82 44.82 44.84 44.87 44.86 44.82 44.8 44.76 44.72 44.7 44.73 44.7 44.73 44.75 44.73 44.79 44.84 44.88 44.88 44.9 44.93 44.86 44.89 44.91 44.93 44.92 44.91 44.9 44.91 44.93 44.95 44.96 44.94 44.93 44.91 44.87 44.77 44.67 44.6 44.41 44.17 44.02 44 43.94 43.91 43.95 43.98 43.93 43.69 43.76 43.8 43.87 43.9 43.91 43.91 43.94 43.95 43.97 43.98 44.02 44.01 44.07 44.12 44.1 44.06 44.07 44.09 44.06
44.74 44.68 44.57 44.38 44.41 44.43 44.49 44.64 44.76 44.83 44.82 44.81 44.83 44.86 44.87 44.84 44.83 44.82 44.76 44.74 44.76 44.74 44.74 44.77 44.76 44.79 44.86 44.87 44.84 44.86 44.87 44.83 44.8 44.84 44.9 44.92 44.9 44.9 44.89 44.89 44.92 44.94 44.93 44.9 44.89 44.86 44.78 44.65 44.61 44.46 44.18 44.02 43.99 43.93 43.9 43.95 43.98 43.99 43.84 43.83 43.83 43.85 43.87 43.91 43.9 43.91 43.95 43.97 43.99 44.03 44.02 44.05 44.17 44.16 44.07 44.08 44.1 44.06
44.7 44.68 44.58 44.45 44.36 44.35 44.43 44.58 44.74 44.79 44.8 44.82 44.84 44.84 44.87 44.84 44.81 44.81 44.76 44.74 44.78 44.77 44.77 44.76 44.77 44.79 44.87 44.85 44.8 44.8 44.81 44.79 44.75 44.79 44.86 44.92 44.88 44.88 44.87 44.88 44.91 44.94 44.93 44.89 44.88 44.83 44.76 44.6 44.6 44.55 44.27 44.05 44 43.94 43.9 43.88 43.94 44.01 43.86 43.77 43.81 43.85 43.86 43.9 43.9 43.89 43.93 43.94 43.97 44.02 44.03 44.07 44.26 44.25 44.15 44.15 44.15 44.09
44.6 44.6 44.53 44.42 44.32 44.35 44.41 44.57 44.69 44.75 44.75 44.79 44.83 44.85 44.86 44.82 44.8 44.8 44.78 44.72 44.75 44.76 44.76 44.75 44.76 44.78 44.86 44.85 44.81 44.8 44.79 44.78 44.78 44.77 44.84 44.91 44.88 44.87 44.85 44.9 44.92 44.97 44.98 44.95 44.91 44.86 44.75 44.62 44.62 44.56 44.3 44.09 44.04 43.96 43.89 43.85 43.9 43.94 43.79 43.72 43.79 43.86 43.87 43.89 43.91 43.92 43.93 43.95 43.99 44.01 44.02 44.09 44.33 44.3 44.22 44.22 44.2 44.12
44.57 44.52 44.47 44.38 44.32 44.3 44.37 44.54 44.63 44.71 44.71 44.75 44.8 44.83 44.84 44.82 44.81 44.82 44.81 44.74 44.71 44.71 44.72 44.72 44.76 44.78 44.83 44.85 44.86 44.84 44.81 44.78 44.81 44.8 44.86 44.91 44.9 44.87 44.85 44.92 44.94 44.97 44.98 44.98 44.93 44.88 44.8 44.69 44.66 44.54 44.29 44.1 44.05 43.96 43.9 43.85 43.89 43.91 43.77 43.74 43.78 43.87 43.88 43.89 43.92 43.94 43.95 43.97 43.99 44 44 44.08 44.33 44.3 44.24 44.25 44.21 44.1
44.65 44.55 44.5 44.44 44.39 44.27 44.33 44.47 44.6 44.66 44.69 44.73 44.79 44.8 44.83 44.86 44.84 44.84 44.8 44.73 44.69 44.69 44.69 44.69 44.77 44.78 44.81 44.85 44.88 44.86 44.82 44.77 44.8 44.82 44.88 44.92 44.92 44.91 44.89 44.9 44.88 44.88 44.93 44.98 44.94 44.86 44.82 44.69 44.64 44.5 44.28 44.12 44.06 43.96 43.94 43.87 43.91 43.92 43.79 43.76 43.79 43.87 43.88 43.89 43.92 43.94 43.95 43.96 43.96 44 44 44.06 44.26 44.27 44.24 44.26 44.23 44.1
44.71 44.6 44.54 44.5 44.45 44.29 44.3 44.4 44.55 44.61 44.69 44.72 44.78 44.8 44.82 44.89 44.87 44.85 44.77 44.7 44.68 44.69 44.72 44.69 44.75 44.77 44.78 44.85 44.88 44.88 44.83 44.79 44.83 44.83 44.88 44.91 44.89 44.86 44.86 44.83 44.82 44.83 44.91 44.96 44.92 44.84 44.8 44.7 44.63 44.47 44.29 44.13 44.06 43.94 43.94 43.9 43.92 43.98 43.88 43.84 43.8 43.83 43.87 43.88 43.92 43.93 43.94 43.95 43.96 43.99 44 44.04 44.17 44.25 44.25 44.26 44.25 44.17
44.72 44.62 44.56 44.52 44.48 44.35 44.3 44.34 44.5 44.56 44.7 44.74 44.8 44.81 44.82 44.86 44.86 44.84 44.76 44.72 44.71 44.72 44.73 44.7 44.73 44.76 44.75 44.76 44.78 44.84 44.84 44.83 44.85 44.85 44.88 44.89 44.87 44.82 44.84 44.79 44.8 44.83 44.93 44.94 44.9 44.83 44.79 44.73 44.65 44.49 44.34 44.19 44.04 43.92 43.92 43.9 43.92 44.03 44.01 43.94 43.81 43.81 43.87 43.88 43.9 43.92 43.95 43.96 43.98 43.99 43.99 44.03 44.17 44.29 44.27 44.26 44.23 44.19
44.7 44.63 44.57 44.54 44.51 44.43 44.32 44.31 44.46 44.52 44.68 44.76 44.81 44.81 44.79 44.82 44.87 44.83 44.76 44.75 44.75 44.73 44.68 44.71 44.74 44.73 44.73 44.72 44.74 44.82 44.85 44.84 44.85 44.86 44.86 44.87 44.85 44.82 44.83 44.8 44.82 44.86 44.94 44.94 44.91 44.85 44.81 44.76 44.66 44.5 44.4 44.28 44.03 43.92 43.9 43.89 43.92 44.04 44.06 43.97 43.82 43.83 43.87 43.89 43.9 43.92 43.95 43.97 43.98 44 44.04 44.06 44.18 44.28 44.26 44.21 44.15 44.16
44.67 44.64 44.59 44.55 44.51 44.47 44.34 44.31 44.39 44.45 44.63 44.74 44.8 44.79 44.78 44.8 44.86 44.82 44.8 44.78 44.75 44.73 44.7 44.7 44.71 44.72 44.72 44.72 44.75 44.82 44.84 44.85 44.84 44.83 44.83 44.86 44.84 44.82 44.81 44.82 44.83 44.88 44.93 44.94 44.91 44.86 44.81 44.78 44.65 44.46 44.41 44.3 44.04 43.94 43.88 43.88 43.9 43.99 44.01 43.9 43.79 43.85 43.87 43.88 43.92 43.93 43.95 43.96 43.99 43.98 44.01 44.04 44.13 44.26 44.26 44.21 44.16 44.16
44.65 44.65 44.62 44.57 44.5 44.47 44.36 44.25 44.36 44.42 44.6 44.72 44.74 44.72 44.75 44.8 44.82 44.81 44.81 44.81 44.78 44.75 44.74 44.73 44.7 44.68 44.71 44.74 44.76 44.8 44.84 44.84 44.82 44.8 44.81 44.83 44.82 44.81 44.81 44.84 44.85 44.88 44.91 44.91 44.9 44.86 44.81 44.77 44.62 44.44 44.34 44.25 44.06 43.94 43.88 43.88 43.89 43.97 43.95 43.83 43.72 43.85 43.85 43.86 43.92 43.96 43.97 43.97 43.98 43.97 43.98 44.03 44.09 44.27 44.29 44.29 44.23 44.19
44.65 44.64 44.63 44.6 44.54 44.5 44.41 44.23 44.29 44.37 44.53 44.66 44.71 44.69 44.77 44.83 44.78 44.8 44.81 44.82 44.81 44.78 44.73 44.75 44.72 44.7 44.72 44.74 44.76 44.78 44.81 44.77 44.78 44.81 44.82 44.82 44.81 44.81 44.8 44.83 44.88 44.89 44.89 44.9 44.89 44.86 44.83 44.77 44.56 44.37 44.25 44.19 44.05 43.95 43.91 43.9 43.91 43.96 43.94 43.86 43.75 43.83 43.85 43.87 43.91 43.95 43.97 43.98 43.99 43.98 43.99 44.01 44.1 44.28 44.31 44.32 44.26 44.19
44.6 44.59 44.58 44.6 44.6 44.58 44.47 44.3 44.26 44.32 44.45 44.59 44.66 44.66 44.74 44.84 44.8 44.8 44.81 44.82 44.81 44.81 44.73 44.76 44.73 44.71 44.71 44.71 44.75 44.78 44.76 44.67 44.72 44.81 44.85 44.83 44.83 44.83 44.8 44.82 44.87 44.92 44.89 44.9 44.88 44.86 44.85 44.79 44.58 44.35 44.28 44.25 44.09 43.98 43.95 43.94 43.93 43.95 43.98 43.9 43.73 43.79 43.82 43.88 43.9 43.93 43.95 43.98 43.99 43.97 43.99 44.01 44.1 44.26 44.29 44.3 44.25 44.18
44.53 44.54 44.57 44.61 44.62 44.61 44.52 44.35 44.25 44.28 44.38 44.51 44.57 44.62 44.7 44.82 44.81 44.79 44.8 44.81 44.82 44.82 44.72 44.74 44.72 44.67 44.68 44.71 44.75 44.8 44.76 44.65 44.69 44.79 44.85 44.83 44.84 44.85 44.84 44.84 44.84 44.92 44.9 44.89 44.83 44.81 44.82 44.8 44.64 44.44 44.4 44.35 44.11 43.99 43.97 43.95 43.94 43.95 44 43.93 43.69 43.76 43.8 43.88 43.89 43.91 43.93 43.96 43.97 43.97 43.98 44.01 44.08 44.23 44.27 44.29 44.26 44.19
44.51 44.55 44.6 44.62 44.58 44.56 44.52 44.39 44.26 44.25 44.33 44.44 44.51 44.61 44.68 44.78 44.8 44.8 44.81 44.82 44.81 44.8 44.71 44.71 44.7 44.67 44.7 44.71 44.74 44.81 44.8 44.74 44.74 44.8 44.86 44.85 44.86 44.83 44.82 44.83 44.83 44.8 44.82 44.84 44.85 44.84 44.82 44.8 44.67 44.51 44.49 44.4 44.14 44.02 43.98 43.96 43.94 43.96 43.99 43.95 43.72 43.78 43.82 43.89 43.9 43.92 43.92 43.95 43.96 43.98 43.99 44 44.06 44.19 44.28 44.32 44.26 44.21
44.55 44.58 44.61 44.59 44.52 44.5 44.46 44.41 44.31 44.26 44.34 44.44 44.5 44.61 44.68 44.76 44.79 44.82 44.83 44.82 44.81 44.78 44.73 44.7 44.71 44.72 44.72 44.69 44.71 44.78 44.79 44.79 44.8 44.86 44.87 44.83 44.82 44.81 44.79 44.81 44.8 44.76 44.79 44.82 44.87 44.87 44.8 44.77 44.64 44.55 44.54 44.4 44.16 44.04 44 43.97 43.94 43.96 44 43.99 43.83 43.84 43.86 43.88 43.89 43.95 43.94 43.96 43.98 44 44 44.01 44.04 44.18 44.3 44.34 44.27 44.24
44.58 44.59 44.58 44.54 44.49 44.45 44.41 44.39 44.34 44.28 44.34 44.48 44.52 44.6 44.69 44.74 44.76 44.8 44.82 44.83 44.82 44.76 44.75 44.7 44.7 44.71 44.7 44.69 44.69 44.74 44.8 44.8 44.79 44.82 44.85 44.82 44.81 44.84 44.83 44.84 44.79 44.8 44.84 44.85 44.86 44.87 44.81 44.77 44.63 44.57 44.56 44.41 44.19 44.05 44.01 43.97 43.93 43.97 44.02 44.07 43.93 43.84 43.87 43.88 43.89 43.96 43.96 43.96 43.99 44 44 44.01 44.04 44.19 44.29 44.33 44.24 44.2
44.56 44.55 44.53 44.5 44.47 44.43 44.4 44.37 44.35 44.3 44.3 44.49 44.53 44.59 44.67 44.69 44.71 44.79 44.83 44.85 44.82 44.76 44.78 44.71 44.69 44.68 44.66 44.66 44.65 44.72 44.79 44.79 44.8 44.81 44.83 44.81 44.81 44.84 44.85 44.84 44.77 44.8 44.89 44.88 44.84 44.82 44.81 44.76 44.64 44.56 44.54 44.44 44.27 44.08 44.03 43.97 43.94 43.97 44.03 44.12 43.94 43.77 43.84 43.9 43.91 43.95 43.95 43.95 43.99 44.01 44.01 44.01 44.04 44.11 44.19 44.27 44.21 44.17
44.5 44.49 44.49 44.49 44.48 44.45 44.42 44.39 44.38 44.31 44.26 44.46 44.5 44.57 44.67 44.69 44.7 44.8 44.84 44.83 44.8 44.76 44.79 44.76 44.75 44.72 44.67 44.67 44.65 44.71 44.78 44.8 44.82 44.83 44.81 44.8 44.79 44.84 44.86 44.84 44.78 44.81 44.88 44.87 44.82 44.78 44.79 44.75 44.63 44.55 44.53 44.47 44.34 44.11 44.05 43.98 43.95 43.95 44.01 44.07 43.87 43.71 43.8 43.9 43.91 43.92 43.93 43.97 43.99 43.99 44 44.01 44.04 44.05 44.1 44.18 44.2 44.17
44.44 44.45 44.5 44.5 44.5 44.47 44.44 44.43 44.42 44.35 44.27 44.38 44.42 44.53 44.66 44.7 44.72 44.73 44.81 44.79 44.8 44.76 44.78 44.77 44.75 44.7 44.69 44.7 44.69 44.73 44.77 44.79 44.83 44.84 44.81 44.81 44.8 44.85 44.89 44.86 44.81 44.81 44.83 44.85 44.81 44.76 44.79 44.76 44.63 44.54 44.52 44.49 44.35 44.09 44.04 43.99 43.95 43.94 43.99 44.03 43.85 43.71 43.8 43.9 43.92 43.92 43.96 43.98 43.98 43.99 44 44.01 44.04 44.03 44.1 44.16 44.19 44.19
44.4 44.45 44.52 44.52 44.51 44.5 44.47 44.47 44.46 44.4 44.34 44.29 44.35 44.48 44.59 44.63 44.68 44.71 44.78 44.77 44.78 44.79 44.76 44.75 44.71 44.66 44.66 44.69 44.73 44.73 44.74 44.76 44.82 44.84 44.82 44.82 44.84 44.87 44.89 44.87 44.82 44.79 44.8 44.83 44.8 44.76 44.8 44.8 44.66 44.52 44.52 44.48 44.31 44.1 44.05 43.98 43.96 43.93 43.98 44.05 43.94 43.84 43.85 43.9 43.91 43.92 43.97 43.99 43.99 44 44.02 44.02 44.03 44.03 44.11 44.18 44.19 44.2
44.38 44.48 44.55 44.55 44.54 44.53 44.56 44.55 44.53 44.48 44.41 44.31 44.35 44.47 44.55 44.57 44.6 44.66 44.72 44.73 44.77 44.82 44.78 44.74 44.7 44.69 44.66 44.68 44.72 44.73 44.73 44.76 44.81 44.84 44.81 44.83 44.87 44.86 44.87 44.85 44.82 44.78 44.79 44.82 44.78 44.74 44.78 44.83 44.71 44.56 44.54 44.46 44.32 44.12 44.08 43.98 43.96 43.95 43.97 44.05 44.08 43.97 43.82 43.87 43.91 43.92 43.96 43.99 44 44.01 44.02 44.02 44.03 44.04 44.11 44.18 44.2 44.22
44.37 44.47 44.56 44.64 44.64 44.64 44.66 44.6 44.56 44.51 44.46 44.38 44.37 44.46 44.52 44.53 44.54 44.58 44.66 44.68 44.74 44.82 44.79 44.75 44.71 44.7 44.65 44.66 44.7 44.73 44.71 44.75 44.81 44.84 44.81 44.83 44.87 44.86 44.87 44.86 44.84 44.78 44.79 44.83 44.78 44.74 44.78 44.82 44.73 44.6 44.55 44.45 44.36 44.21 44.14 44 43.97 43.96 43.96 44.08 44.14 44.04 43.83 43.89 43.95 43.95 43.97 43.99 43.99 44 44.02 44.01 44.03 44.04 44.1 44.17 44.2 44.21
44.36 44.41 44.5 44.61 44.66 44.73 44.69 44.6 44.57 44.52 44.49 44.45 44.38 44.41 44.47 44.5 44.53 44.55 44.61 44.64 44.72 44.8 44.79 44.77 44.7 44.69 44.63 44.65 44.69 44.72 44.68 44.72 44.77 44.79 44.78 44.81 44.85 44.87 44.88 44.87 44.84 44.8 44.79 44.8 44.82 44.81 44.81 44.78 44.71 44.62 44.56 44.45 44.33 44.28 44.21 44.06 43.97 43.97 43.97 44.12 44.13 44.04 43.87 43.92 43.98 43.98 43.99 44 43.97 44 44.03 44.02 44.02 44.05 44.1 44.19 44.19 44.19
44.35 44.38 44.43 44.5 44.58 44.72 44.69 44.63 44.58 44.54 44.52 44.49 44.39 44.36 44.43 44.46 44.53 44.57 44.57 44.63 44.72 44.8 44.82 44.79 44.71 44.72 44.68 44.67 44.67 44.67 44.63 44.68 44.73 44.75 44.75 44.77 44.85 44.88 44.87 44.84 44.81 44.81 44.8 44.81 44.89 44.86 44.84 44.78 44.72 44.66 44.57 44.45 44.37 44.36 44.26 44.08 43.99 43.98 43.99 44.1 44.11 44.03 43.88 43.92 43.96 43.98 43.99 43.99 43.95 43.99 44.03 44.04 44.02 44.05 44.1 44.21 44.2 44.2
44.33 44.36 44.39 44.44 44.51 44.65 44.68 44.65 44.59 44.57 44.54 44.53 44.43 44.33 44.4 44.43 44.52 44.59 44.58 44.64 44.74 44.78 44.82 44.8 44.75 44.75 44.73 44.69 44.61 44.6 44.6 44.65 44.69 44.71 44.69 44.69 44.76 44.85 44.84 44.84 44.79 44.77 44.78 44.8 44.86 44.87 44.85 44.8 44.76 44.72 44.62 44.48 44.43 44.4 44.26 44.08 44.01 44 43.99 44.04 44.06 43.99 43.84 43.92 43.95 43.97 43.98 43.97 43.93 43.97 44.02 44.05 44.03 44.04 44.08 44.19 44.19 44.22
44.31 44.33 44.37 44.41 44.48 44.59 44.65 44.64 44.62 44.59 44.57 44.55 44.45 44.31 44.36 44.39 44.49 44.58 44.59 44.64 44.75 44.76 44.76 44.78 44.78 44.76 44.73 44.67 44.6 44.62 44.63 44.66 44.69 44.73 44.72 44.7 44.75 44.86 44.86 44.87 44.83 44.78 44.79 44.79 44.82 44.86 44.85 44.78 44.77 44.75 44.64 44.48 44.45 44.41 44.28 44.09 44.02 44.01 43.98 43.99 43.97 43.89 43.76 43.9 43.95 43.96 43.98 43.96 43.93 43.97 44.03 44.05 44.04 44.04 44.05 44.16 44.18 44.23
44.31 44.33 44.36 44.38 44.46 44.55 44.62 44.64 44.65 44.62 44.6 44.57 44.4 44.23 44.27 44.31 44.44 44.56 44.59 44.62 44.74 44.79 44.74 44.79 44.78 44.76 44.73 44.68 44.64 44.65 44.66 44.71 44.72 44.76 44.77 44.79 44.83 44.85 44.85 44.89 44.88 44.85 44.81 44.77 44.77 44.82 44.84 44.77 44.74 44.74 44.63 44.48 44.46 44.41 44.3 44.1 44.03 44.01 43.97 43.92 43.86 43.8 43.69 43.86 43.95 43.96 43.97 43.96 43.94 43.97 44.02 44.04 44.05 44.04 44.06 44.14 44.18 44.23
44.32 44.34 44.35 44.37 44.43 44.52 44.59 44.63 44.67 44.65 44.62 44.55 44.32 44.11 44.16 44.23 44.38 44.52 44.55 44.6 44.72 44.73 44.72 44.8 44.79 44.76 44.74 44.67 44.6 44.61 44.64 44.68 44.71 44.76 44.76 44.79 44.81 44.8 44.8 44.87 44.87 44.87 44.82 44.75 44.75 44.78 44.83 44.77 44.71 44.71 44.62 44.51 44.47 44.42 44.29 44.1 44.03 44.01 43.96 43.9 43.83 43.79 43.71 43.82 43.95 43.96 43.99 43.98 43.97 43.99 44.02 44.03 44.04 44.03 44.06 44.1 44.16 44.24
44.32 44.33 44.34 44.35 44.4 44.5 44.57 44.62 44.69 44.68 44.61 44.5 44.27 44.12 44.11 44.19 44.31 44.4 44.44 44.55 44.64 44.67 44.71 44.82 44.83 44.75 44.72 44.65 44.59 44.58 44.59 44.61 44.62 44.7 44.71 44.74 44.76 44.76 44.77 44.85 44.85 44.86 44.82 44.78 44.77 44.79 44.81 44.77 44.7 44.69 44.62 44.52 44.47 44.42 44.28 44.1 44.03 44.02 43.98 43.93 43.87 43.83 43.75 43.8 43.89 43.97 44.01 44 44 43.99 43.98 44.01 44.02 44.02 44.05 44.07 44.15 44.26
44.32 44.33 44.36 44.36 44.43 44.5 44.55 44.61 44.71 44.69 44.56 44.54 44.45 44.29 44.23 44.21 44.28 44.32 44.36 44.5 44.58 44.65 44.7 44.8 44.84 44.74 44.7 44.68 44.66 44.58 44.59 44.6 44.53 44.6 44.65 44.72 44.77 44.77 44.79 44.84 44.84 44.84 44.83 44.82 44.79 44.81 44.82 44.76 44.7 44.69 44.65 44.53 44.47 44.43 44.3 44.12 44.03 44.02 44 43.97 43.93 43.87 43.77 43.71 43.79 43.94 43.98 44 44 43.99 44 44.03 44.03 44.03 44.04 44.06 44.16 44.28
44.33 44.34 44.34 44.35 44.44 44.48 44.53 44.57 44.65 44.64 44.54 44.52 44.46 44.37 44.34 44.25 44.27 44.34 44.37 44.49 44.55 44.61 44.67 44.79 44.85 44.75 44.71 44.71 44.71 44.62 44.62 44.63 44.5 44.56 44.63 44.72 44.8 44.8 44.83 44.84 44.83 44.83 44.83 44.83 44.78 44.81 44.83 44.74 44.74 44.72 44.68 44.54 44.46 44.42 44.34 44.17 44.06 44.06 44.03 43.99 43.98 43.93 43.83 43.74 43.81 43.92 43.96 43.99 44 44 44 44.02 44.02 44.04 44.04 44.07 44.16 44.3
