slabs/16.grd
DSAA
631 301
642630 643260
4947500 4947800
42.42 49.88
[rows 238 to 271 of 301, columns 234 to 311 of 631]
44.66 44.63 44.54 44.49 44.4 44.4 44.34 44.34 44.37 44.35 44.39 44.32 44.32 44.32 44.33 44.34 44.33 44.31 44.36 44.37 44.4 44.5 44.63 44.75 44.65 44.42 44.35 44.36 44.35 44.34 44.31 44.27 44.26 44.22 44.25 44.27 44.26 44.26 44.27 44.27 44.31 44.3 44.29 44.32 44.34 44.29 44.26 44.31 44.35 44.37 44.37 44.39 44.41 44.42 44.42 44.39 44.4 44.48 44.44 44.41 44.39 44.31 44.25 44.2 44.13 44.11 44.13 44.15 44.18 44.16 44.11 44.06 44.1 44.16 44.18 44.19 44.05 44.07
44.65 44.64 44.59 44.51 44.45 44.42 44.36 44.35 44.36 44.37 44.38 44.32 44.32 44.31 44.32 44.36 44.34 44.3 44.34 44.38 44.39 44.44 44.59 44.74 44.69 44.5 44.34 44.37 44.36 44.31 44.3 44.29 44.27 44.24 44.24 44.25 44.26 44.25 44.28 44.27 44.3 44.26 44.25 44.29 44.32 44.27 44.26 44.31 44.36 44.39 44.4 44.42 44.45 44.42 44.44 44.45 44.39 44.46 44.46 44.45 44.45 44.44 44.35 44.23 44.15 44.11 44.13 44.14 44.14 44.15 44.1 44.06 44.09 44.11 44.15 44.21 44.08 44.1
44.59 44.61 44.61 44.54 44.49 44.43 44.38 44.38 44.38 44.37 44.38 44.34 44.34 44.33 44.3 44.34 44.35 44.31 44.32 44.38 44.38 44.42 44.52 44.67 44.68 44.57 44.35 44.38 44.37 44.31 44.33 44.31 44.26 44.26 44.24 44.24 44.25 44.24 44.28 44.27 44.31 44.27 44.25 44.27 44.3 44.22 44.22 44.25 44.29 44.34 44.38 44.45 44.5 44.46 44.49 44.52 44.47 44.49 44.47 44.46 44.48 44.45 44.36 44.26 44.16 44.17 44.17 44.17 44.12 44.12 44.11 44.09 44.08 44.07 44.09 44.17 44.16 44.14
44.54 44.57 44.58 44.57 44.53 44.46 44.38 44.35 44.35 44.36 44.45 44.42 44.4 44.36 44.31 44.31 44.32 44.3 44.32 44.37 44.39 44.42 44.45 44.57 44.66 44.64 44.42 44.41 44.39 44.34 44.33 44.31 44.27 44.27 44.25 44.24 44.24 44.25 44.27 44.28 44.33 44.32 44.29 44.28 44.28 44.19 44.19 44.2 44.23 44.25 44.31 44.43 44.49 44.4 44.46 44.54 44.42 44.42 44.43 44.47 44.48 44.34 44.31 44.29 44.17 44.24 44.22 44.18 44.14 44.1 44.1 44.09 44.06 44.07 44.09 44.12 44.18 44.15
44.53 44.52 44.53 44.53 44.51 44.45 44.39 44.35 44.32 44.34 44.48 44.49 44.45 44.38 44.34 44.33 44.33 44.3 44.32 44.35 44.38 44.42 44.43 44.48 44.63 44.71 44.54 44.49 44.41 44.37 44.32 44.31 44.3 44.27 44.24 44.24 44.24 44.27 44.25 44.27 44.31 44.37 44.35 44.31 44.27 44.2 44.19 44.19 44.2 44.21 44.24 44.32 44.39 44.34 44.36 44.39 44.29 44.29 44.31 44.38 44.42 44.28 44.3 44.35 44.25 44.28 44.25 44.2 44.15 44.12 44.1 44.08 44.07 44.09 44.11 44.08 44.11 44.1
44.5 44.5 44.48 44.45 44.44 44.41 44.43 44.36 44.32 44.31 44.45 44.53 44.49 44.41 44.38 44.38 44.35 44.31 44.33 44.33 44.34 44.4 44.4 44.44 44.59 44.71 44.63 44.55 44.42 44.38 44.34 44.34 44.31 44.27 44.23 44.23 44.22 44.26 44.24 44.26 44.29 44.37 44.38 44.31 44.26 44.23 44.24 44.21 44.17 44.22 44.21 44.23 44.31 44.35 44.34 44.28 44.23 44.26 44.25 44.26 44.3 44.26 44.3 44.38 44.3 44.29 44.28 44.23 44.17 44.15 44.13 44.09 44.08 44.07 44.1 44.06 44.06 44.06
44.54 44.54 44.49 44.45 44.41 44.41 44.53 44.44 44.39 44.34 44.46 44.56 44.53 44.46 44.42 44.38 44.34 44.32 44.31 44.31 44.32 44.37 44.37 44.42 44.54 44.66 44.65 44.57 44.43 44.39 44.36 44.35 44.3 44.26 44.24 44.23 44.22 44.23 44.26 44.26 44.26 44.32 44.33 44.32 44.28 44.26 44.28 44.22 44.16 44.2 44.21 44.23 44.29 44.41 44.37 44.27 44.22 44.28 44.27 44.23 44.2 44.21 44.24 44.31 44.28 44.29 44.29 44.27 44.24 44.2 44.16 44.09 44.06 44.05 44.08 44.07 44.06 44.07
44.61 44.61 44.54 44.48 44.45 44.44 44.59 44.56 44.51 44.44 44.51 44.56 44.54 44.5 44.46 44.39 44.34 44.32 44.27 44.29 44.33 44.38 44.35 44.4 44.49 44.63 44.68 44.61 44.44 44.39 44.35 44.34 44.3 44.26 44.23 44.23 44.24 44.24 44.25 44.25 44.25 44.27 44.29 44.34 44.32 44.28 44.27 44.22 44.17 44.21 44.22 44.23 44.28 44.39 44.36 44.29 44.25 44.28 44.27 44.23 44.19 44.18 44.19 44.22 44.25 44.26 44.28 44.3 44.33 44.27 44.17 44.1 44.06 44.05 44.07 44.09 44.05 44.06
44.66 44.68 44.58 44.49 44.48 44.48 44.57 44.62 44.6 44.52 44.5 44.52 44.5 44.49 44.49 44.45 44.37 44.33 44.27 44.29 44.35 44.39 44.36 44.39 44.47 44.58 44.68 44.65 44.52 44.41 44.33 44.34 44.3 44.29 44.25 44.24 44.26 44.24 44.25 44.28 44.27 44.24 44.26 44.33 44.38 44.31 44.28 44.23 44.2 44.21 44.21 44.2 44.27 44.33 44.33 44.3 44.28 44.27 44.27 44.23 44.22 44.21 44.2 44.19 44.21 44.22 44.25 44.35 44.42 44.34 44.19 44.12 44.1 44.1 44.08 44.09 44.05 44.04
44.69 44.71 44.64 44.57 44.53 44.5 44.53 44.63 44.64 44.59 44.48 44.49 44.45 44.44 44.5 44.47 44.39 44.35 44.31 44.29 44.31 44.35 44.36 44.36 44.43 44.54 44.56 44.63 44.62 44.46 44.38 44.39 44.34 44.28 44.28 44.27 44.27 44.25 44.26 44.28 44.29 44.26 44.27 44.3 44.4 44.35 44.31 44.27 44.23 44.19 44.2 44.21 44.25 44.3 44.3 44.29 44.31 44.29 44.27 44.25 44.25 44.23 44.22 44.21 44.19 44.18 44.2 44.34 44.45 44.38 44.22 44.17 44.14 44.14 44.1 44.07 44.07 44.04
44.66 44.68 44.71 44.7 44.63 44.53 44.53 44.61 44.65 44.63 44.54 44.52 44.47 44.44 44.48 44.45 44.4 44.39 44.36 44.32 44.3 44.28 44.3 44.3 44.35 44.43 44.49 44.59 44.67 44.55 44.48 44.44 44.41 44.33 44.32 44.29 44.29 44.27 44.27 44.28 44.3 44.27 44.27 44.28 44.37 44.36 44.34 44.29 44.28 44.23 44.21 44.21 44.24 44.3 44.3 44.29 44.32 44.3 44.27 44.28 44.24 44.24 44.2 44.21 44.19 44.18 44.17 44.25 44.32 44.3 44.23 44.19 44.13 44.13 44.12 44.06 44.07 44.06
44.59 44.65 44.72 44.77 44.72 44.61 44.59 44.6 44.6 44.61 44.59 44.56 44.48 44.46 44.45 44.41 44.43 44.5 44.41 44.36 44.29 44.26 44.27 44.28 44.32 44.34 44.44 44.55 44.68 44.67 44.59 44.47 44.43 44.36 44.33 44.29 44.28 44.27 44.27 44.28 44.28 44.28 44.26 44.28 44.35 44.36 44.35 44.29 44.33 44.29 44.23 44.21 44.24 44.27 44.29 44.3 44.31 44.29 44.29 44.28 44.27 44.24 44.21 44.24 44.2 44.19 44.2 44.18 44.19 44.18 44.18 44.18 44.17 44.15 44.13 44.07 44.07 44.06
44.57 44.63 44.7 44.73 44.72 44.69 44.66 44.62 44.55 44.57 44.57 44.54 44.54 44.53 44.52 44.55 44.57 44.51 44.44 44.37 44.28 44.26 44.27 44.29 44.32 44.31 44.4 44.52 44.67 44.74 44.64 44.5 44.44 44.38 44.34 44.27 44.27 44.26 44.28 44.27 44.26 44.3 44.27 44.29 44.34 44.35 44.35 44.29 44.34 44.31 44.24 44.2 44.22 44.23 44.29 44.33 44.3 44.28 44.29 44.27 44.28 44.25 44.22 44.24 44.23 44.2 44.21 44.16 44.18 44.18 44.18 44.13 44.17 44.2 44.17 44.13 44.1 44.05
44.59 44.61 44.66 44.67 44.68 44.73 44.75 44.72 44.66 44.6 44.55 44.56 44.59 44.58 44.54 44.6 44.65 44.54 44.48 44.39 44.3 44.27 44.27 44.28 44.31 44.3 44.36 44.48 44.64 44.74 44.66 44.54 44.47 44.41 44.36 44.27 44.27 44.27 44.29 44.28 44.26 44.28 44.27 44.28 44.34 44.35 44.35 44.29 44.32 44.31 44.25 44.19 44.21 44.23 44.28 44.32 44.31 44.29 44.31 44.32 44.27 44.27 44.23 44.23 44.23 44.22 44.2 44.18 44.18 44.17 44.19 44.15 44.16 44.21 44.19 44.15 44.12 44.04
44.65 44.71 44.64 44.63 44.62 44.73 44.73 44.72 44.73 44.7 44.61 44.59 44.56 44.56 44.5 44.54 44.64 44.64 44.56 44.47 44.35 44.28 44.28 44.29 44.31 44.3 44.33 44.42 44.56 44.7 44.66 44.58 44.49 44.44 44.38 44.3 44.28 44.29 44.28 44.29 44.26 44.26 44.27 44.28 44.32 44.33 44.36 44.33 44.3 44.3 44.28 44.21 44.18 44.2 44.24 44.28 44.29 44.28 44.32 44.4 44.32 44.31 44.26 44.24 44.25 44.23 44.2 44.19 44.18 44.16 44.17 44.16 44.16 44.18 44.17 44.14 44.12 44.05
44.87 44.84 44.68 44.65 44.6 44.72 44.69 44.69 44.74 44.74 44.72 44.69 44.59 44.55 44.54 44.51 44.58 44.67 44.64 44.57 44.43 44.35 44.34 44.3 44.31 44.32 44.32 44.38 44.48 44.63 44.65 44.61 44.51 44.47 44.41 44.34 44.31 44.28 44.27 44.28 44.28 44.27 44.28 44.28 44.3 44.3 44.34 44.37 44.31 44.29 44.27 44.23 44.2 44.2 44.24 44.28 44.28 44.29 44.33 44.39 44.35 44.33 44.29 44.28 44.29 44.26 44.22 44.21 44.19 44.17 44.17 44.16 44.15 44.14 44.13 44.13 44.13 44.08
45.02 44.92 44.75 44.7 44.65 44.68 44.62 44.64 44.71 44.7 44.78 44.78 44.67 44.57 44.58 44.52 44.55 44.66 44.66 44.64 44.55 44.49 44.42 44.33 44.33 44.35 44.34 44.36 44.46 44.58 44.65 44.63 44.53 44.52 44.46 44.38 44.33 44.32 44.3 44.31 44.3 44.28 44.27 44.28 44.28 44.27 44.31 44.34 44.31 44.29 44.25 44.28 44.27 44.24 44.23 44.26 44.26 44.29 44.34 44.39 44.37 44.33 44.29 44.29 44.3 44.27 44.22 44.22 44.2 44.19 44.18 44.17 44.15 44.13 44.12 44.12 44.13 44.12
45.12 45.1 44.94 44.84 44.71 44.65 44.58 44.6 44.64 44.67 44.73 44.77 44.71 44.59 44.58 44.53 44.54 44.64 44.67 44.67 44.63 44.61 44.51 44.38 44.37 44.38 44.36 44.34 44.39 44.53 44.63 44.67 44.56 44.5 44.48 44.41 44.35 44.34 44.31 44.3 44.31 44.28 44.25 44.26 44.27 44.26 44.3 44.33 44.32 44.32 44.27 44.33 44.36 44.29 44.22 44.23 44.24 44.28 44.34 44.41 44.39 44.33 44.29 44.26 44.27 44.26 44.21 44.22 44.21 44.22 44.17 44.19 44.18 44.16 44.12 44.11 44.12 44.13
45.2 45.23 45.13 45.02 44.81 44.67 44.59 44.61 44.59 44.63 44.63 44.7 44.71 44.59 44.57 44.53 44.52 44.57 44.63 44.67 44.63 44.65 44.59 44.46 44.39 44.4 44.39 44.33 44.33 44.44 44.56 44.65 44.59 44.52 44.46 44.41 44.38 44.35 44.31 44.27 44.31 44.27 44.23 44.24 44.24 44.25 44.29 44.34 44.34 44.36 44.3 44.36 44.43 44.32 44.21 44.24 44.25 44.27 44.33 44.39 44.38 44.33 44.3 44.28 44.27 44.26 44.22 44.22 44.21 44.23 44.16 44.19 44.19 44.18 44.14 44.11 44.11 44.13
45.24 45.26 45.21 45.15 44.96 44.77 44.68 44.65 44.61 44.58 44.58 44.65 44.7 44.6 44.6 44.62 44.58 44.48 44.57 44.65 44.68 44.68 44.66 44.56 44.38 44.38 44.4 44.39 44.34 44.42 44.49 44.62 44.56 44.51 44.45 44.46 44.44 44.41 44.33 44.26 44.3 44.27 44.25 44.25 44.24 44.24 44.27 44.31 44.32 44.34 44.32 44.37 44.42 44.33 44.22 44.24 44.24 44.25 44.31 44.38 44.36 44.34 44.33 44.31 44.29 44.27 44.25 44.24 44.23 44.24 44.18 44.18 44.19 44.19 44.15 44.12 44.09 44.1
45.22 45.23 45.25 45.23 45.12 44.95 44.86 44.73 44.66 44.58 44.58 44.62 44.7 44.64 44.66 44.73 44.68 44.42 44.48 44.53 44.66 44.69 44.69 44.69 44.55 44.48 44.46 44.47 44.42 44.45 44.45 44.55 44.54 44.52 44.5 44.55 44.49 44.46 44.37 44.29 44.32 44.29 44.26 44.24 44.24 44.24 44.26 44.27 44.29 44.32 44.35 44.35 44.36 44.32 44.24 44.24 44.24 44.24 44.29 44.4 44.36 44.35 44.34 44.35 44.32 44.27 44.25 44.25 44.25 44.26 44.2 44.19 44.2 44.2 44.2 44.17 44.11 44.11
45.14 45.2 45.29 45.29 45.21 45.12 45.03 44.85 44.75 44.65 44.63 44.62 44.69 44.66 44.65 44.71 44.69 44.58 44.52 44.41 44.5 44.64 44.64 44.69 44.7 44.62 44.52 44.54 44.55 44.5 44.43 44.49 44.59 44.59 44.55 44.64 44.54 44.49 44.38 44.32 44.32 44.3 44.27 44.23 44.24 44.25 44.27 44.27 44.29 44.32 44.38 44.34 44.33 44.31 44.26 44.22 44.23 44.25 44.27 44.35 44.35 44.37 44.35 44.35 44.33 44.28 44.23 44.25 44.26 44.25 44.22 44.2 44.19 44.22 44.21 44.19 44.14 44.13
45.04 45.2 45.28 45.32 45.26 45.22 45.14 45 44.92 44.79 44.81 44.78 44.69 44.58 44.59 44.65 44.64 44.63 44.54 44.4 44.42 44.55 44.56 44.6 44.7 44.64 44.53 44.56 44.64 44.57 44.45 44.5 44.64 44.65 44.61 44.68 44.58 44.51 44.39 44.37 44.32 44.31 44.28 44.24 44.26 44.28 44.3 44.29 44.29 44.3 44.38 44.37 44.34 44.28 44.25 44.2 44.22 44.24 44.27 44.3 44.34 44.37 44.37 44.33 44.33 44.3 44.25 44.24 44.26 44.25 44.24 44.22 44.19 44.2 44.18 44.17 44.15 44.15
44.93 45.11 45.17 45.29 45.27 45.25 45.21 45.13 45.03 45.03 45.05 44.96 44.77 44.62 44.61 44.61 44.62 44.67 44.59 44.48 44.45 44.48 44.47 44.52 44.62 44.59 44.53 44.62 44.73 44.66 44.51 44.52 44.65 44.67 44.65 44.65 44.58 44.54 44.44 44.4 44.33 44.33 44.28 44.26 44.27 44.28 44.31 44.32 44.3 44.28 44.34 44.39 44.36 44.28 44.29 44.24 44.23 44.22 44.23 44.24 44.27 44.33 44.39 44.39 44.36 44.3 44.29 44.27 44.26 44.25 44.26 44.24 44.19 44.19 44.18 44.18 44.17 44.16
44.77 44.81 44.89 45.06 45.16 45.19 45.2 45.18 45.04 45.14 45.14 45.04 44.86 44.81 44.76 44.66 44.61 44.68 44.66 44.6 44.5 44.48 44.46 44.46 44.54 44.53 44.56 44.7 44.82 44.74 44.6 44.54 44.62 44.66 44.67 44.63 44.59 44.57 44.5 44.42 44.34 44.33 44.32 44.26 44.26 44.25 44.29 44.29 44.28 44.28 44.32 44.38 44.36 44.26 44.26 44.22 44.23 44.21 44.22 44.21 44.23 44.31 44.37 44.4 44.39 44.3 44.33 44.31 44.25 44.24 44.25 44.24 44.22 44.21 44.2 44.2 44.18 44.15
44.71 44.66 44.71 44.87 44.97 45.02 45.08 45.12 45 45.13 45.13 45.08 45.06 45.04 44.96 44.79 44.66 44.66 44.67 44.7 44.56 44.54 44.51 44.45 44.45 44.47 44.57 44.73 44.83 44.77 44.68 44.6 44.6 44.64 44.69 44.67 44.67 44.64 44.55 44.45 44.39 44.34 44.33 44.27 44.27 44.26 44.27 44.26 44.28 44.3 44.29 44.34 44.34 44.28 44.24 44.24 44.25 44.21 44.21 44.22 44.24 44.31 44.32 44.37 44.4 44.33 44.34 44.32 44.24 44.23 44.24 44.25 44.26 44.24 44.21 44.19 44.19 44.15
44.79 44.73 44.73 44.79 44.87 44.91 44.95 44.99 44.94 45.05 45.09 45.12 45.21 45.19 45.12 44.92 44.75 44.71 44.67 44.73 44.64 44.64 44.6 44.5 44.4 44.42 44.53 44.68 44.76 44.73 44.72 44.68 44.59 44.61 44.66 44.68 44.68 44.64 44.6 44.53 44.46 44.35 44.33 44.32 44.32 44.29 44.26 44.25 44.28 44.31 44.31 44.32 44.33 44.33 44.27 44.26 44.26 44.23 44.2 44.23 44.24 44.29 44.3 44.35 44.42 44.37 44.35 44.33 44.27 44.23 44.25 44.25 44.26 44.25 44.22 44.2 44.2 44.16
44.9 44.82 44.78 44.75 44.79 44.82 44.84 44.86 44.84 44.9 45.01 45.16 45.25 45.24 45.19 45.02 44.86 44.8 44.72 44.72 44.73 44.75 44.73 44.6 44.46 44.43 44.49 44.56 44.63 44.66 44.71 44.7 44.6 44.6 44.64 44.63 44.7 44.63 44.66 44.63 44.55 44.4 44.37 44.37 44.35 44.31 44.26 44.28 44.27 44.27 44.35 44.29 44.31 44.35 44.3 44.26 44.26 44.24 44.2 44.22 44.24 44.26 44.32 44.35 44.4 44.41 44.36 44.35 44.31 44.24 44.24 44.24 44.25 44.26 44.25 44.23 44.2 44.2
44.94 44.88 44.83 44.75 44.72 44.7 44.68 44.7 44.71 44.77 44.96 45.2 45.24 45.24 45.19 45.09 44.97 44.92 44.82 44.75 44.76 44.79 44.81 44.68 44.61 44.53 44.51 44.56 44.54 44.59 44.67 44.62 44.62 44.66 44.69 44.71 44.72 44.65 44.7 44.72 44.65 44.48 44.39 44.37 44.35 44.31 44.26 44.28 44.27 44.27 44.31 44.28 44.3 44.34 44.32 44.29 44.25 44.23 44.21 44.21 44.22 44.24 44.33 44.34 44.36 44.43 44.39 44.36 44.32 44.24 44.24 44.24 44.24 44.27 44.24 44.22 44.2 44.19
44.95 44.9 44.87 44.78 44.7 44.66 44.59 44.61 44.64 44.71 44.95 45.18 45.21 45.2 45.16 45.13 45.06 45.02 44.93 44.81 44.77 44.77 44.8 44.67 44.65 44.64 44.68 44.72 44.65 44.56 44.6 44.57 44.58 44.64 44.73 44.79 44.76 44.69 44.73 44.74 44.7 44.55 44.42 44.39 44.36 44.3 44.24 44.25 44.26 44.28 44.27 44.27 44.29 44.34 44.35 44.31 44.24 44.25 44.22 44.21 44.2 44.23 44.29 44.3 44.34 44.43 44.39 44.36 44.31 44.24 44.24 44.25 44.28 44.31 44.27 44.24 44.2 44.18
44.94 44.91 44.89 44.82 44.75 44.73 44.65 44.63 44.63 44.68 44.87 45.03 45.1 45.11 45.09 45.11 45.11 45.06 44.96 44.84 44.78 44.77 44.75 44.7 44.64 44.65 44.76 44.73 44.69 44.6 44.62 44.54 44.52 44.59 44.74 44.8 44.79 44.73 44.73 44.74 44.72 44.63 44.47 44.41 44.38 44.31 44.28 44.26 44.24 44.28 44.26 44.27 44.27 44.31 44.37 44.33 44.24 44.25 44.21 44.2 44.17 44.23 44.27 44.29 44.33 44.39 44.33 44.33 44.31 44.27 44.24 44.26 44.28 44.28 44.28 44.24 44.2 44.21
44.92 44.91 44.89 44.85 44.85 44.83 44.73 44.64 44.64 44.65 44.72 44.85 44.94 44.98 45.01 45.03 45.02 44.99 44.91 44.83 44.79 44.78 44.75 44.72 44.67 44.63 44.72 44.71 44.66 44.61 44.66 44.56 44.54 44.57 44.71 44.79 44.8 44.78 44.75 44.73 44.73 44.69 44.53 44.42 44.38 44.31 44.32 44.3 44.25 44.26 44.25 44.26 44.26 44.29 44.36 44.31 44.24 44.23 44.21 44.2 44.17 44.21 44.25 44.27 44.3 44.36 44.32 44.36 44.33 44.27 44.25 44.26 44.27 44.25 44.25 44.22 44.22 44.19
44.89 44.89 44.89 44.87 44.88 44.89 44.82 44.66 44.57 44.54 44.54 44.61 44.66 44.72 44.83 44.88 44.9 44.89 44.85 44.8 44.78 44.77 44.75 44.71 44.69 44.65 44.72 44.71 44.65 44.61 44.68 44.66 44.61 44.59 44.67 44.74 44.76 44.78 44.77 44.73 44.73 44.73 44.59 44.47 44.42 44.32 44.31 44.3 44.27 44.26 44.24 44.25 44.27 44.29 44.33 44.31 44.27 44.21 44.23 44.22 44.19 44.22 44.27 44.28 44.28 44.29 44.29 44.36 44.33 44.27 44.26 44.25 44.25 44.26 44.25 44.23 44.22 44.17
44.86 44.87 44.87 44.87 44.87 44.86 44.85 44.75 44.73 44.67 44.59 44.55 44.52 44.54 44.64 44.75 44.77 44.8 44.8 44.78 44.76 44.74 44.73 44.7 44.69 44.69 44.71 44.69 44.64 44.61 44.71 44.7 44.63 44.6 44.65 44.63 44.64 44.68 44.73 44.72 44.73 44.75 44.69 44.62 44.51 44.35 44.33 44.31 44.26 44.28 44.24 44.27 44.3 44.31 44.32 44.31 44.33 44.28 44.24 44.23 44.21 44.21 44.25 44.25 44.25 44.23 44.26 44.33 44.33 44.28 44.27 44.25 44.24 44.26 44.26 44.23 44.2 44.16
