slabs/16.grd
DSAA
631 301
642630 643260
4947500 4947800
42.42 49.88
[rows 102 to 135 of 301, columns 0 to 77 of 631]
44.69 44.66 44.66 44.62 44.58 44.56 44.63 44.61 44.6 44.6 44.61 44.61 44.61 44.62 44.62 44.64 44.65 44.63 44.67 44.66 44.64 44.67 44.67 44.69 44.7 44.7 44.71 44.7 44.71 44.78 44.79 44.79 44.79 44.78 44.78 44.79 44.8 44.82 44.78 44.78 44.74 44.72 44.72 44.73 44.78 44.77 44.77 44.8 44.85 44.9 44.89 44.85 44.88 44.89 44.92 44.93 44.94 44.97 44.98 44.96 44.97 44.96 44.96 44.98 45.02 45.03 45.04 45.05 45.07 45.07 45.08 45.09 45.05 45.07 45.07 45.07 45.13 45.12
44.72 44.65 44.64 44.62 44.6 44.61 44.64 44.61 44.6 44.61 44.58 44.59 44.6 44.59 44.6 44.63 44.65 44.64 44.66 44.67 44.68 44.69 44.71 44.72 44.72 44.69 44.71 44.71 44.73 44.77 44.77 44.77 44.77 44.76 44.77 44.8 44.78 44.79 44.77 44.76 44.7 44.67 44.68 44.72 44.8 44.82 44.81 44.78 44.83 44.9 44.9 44.86 44.87 44.89 44.92 44.91 44.92 44.96 44.99 44.98 44.97 45 44.99 44.98 45.02 45.03 45.03 45.03 45.04 45.05 45.06 45.03 45 45.05 45.09 45.07 45.11 45.11
44.72 44.65 44.63 44.63 44.64 44.66 44.63 44.59 44.58 44.59 44.58 44.59 44.6 44.57 44.59 44.61 44.64 44.62 44.63 44.65 44.68 44.66 44.73 44.71 44.71 44.7 44.73 44.72 44.71 44.72 44.72 44.74 44.78 44.74 44.75 44.77 44.77 44.77 44.75 44.73 44.68 44.67 44.68 44.72 44.77 44.8 44.79 44.8 44.82 44.87 44.87 44.87 44.86 44.88 44.92 44.92 44.91 44.94 44.98 44.98 44.96 44.99 44.99 45 45.01 45.02 45.01 45.01 44.98 45.01 45.05 45.03 45.01 45.04 45.05 45.05 45.05 45.08
44.73 44.67 44.66 44.68 44.68 44.67 44.65 44.63 44.59 44.56 44.58 44.6 44.61 44.6 44.59 44.59 44.61 44.63 44.67 44.67 44.69 44.69 44.74 44.74 44.72 44.75 44.74 44.73 44.7 44.71 44.74 44.75 44.79 44.76 44.75 44.74 44.76 44.75 44.73 44.72 44.69 44.7 44.71 44.74 44.76 44.75 44.76 44.81 44.83 44.84 44.84 44.85 44.86 44.85 44.89 44.92 44.9 44.92 44.95 44.98 44.95 44.96 44.98 45.04 45.04 45.03 45.02 45 45.02 45.03 45.03 45.01 45 45.01 45.01 45.04 45.06 45.08
44.76 44.71 44.73 44.74 44.71 44.65 44.66 44.64 44.61 44.59 44.57 44.58 44.59 44.59 44.59 44.61 44.61 44.63 44.64 44.65 44.68 44.7 44.71 44.72 44.74 44.75 44.74 44.74 44.72 44.74 44.76 44.75 44.77 44.76 44.75 44.72 44.72 44.72 44.73 44.75 44.72 44.76 44.77 44.77 44.76 44.73 44.74 44.79 44.84 44.85 44.84 44.86 44.88 44.85 44.89 44.93 44.91 44.91 44.92 44.94 44.95 44.94 44.95 45.06 45.04 45.03 45.03 45.01 45.01 45 45 45.02 45.01 45.01 45.01 45.04 45.08 45.1
44.8 44.75 44.77 44.74 44.72 44.68 44.63 44.62 44.61 44.6 44.6 44.59 44.58 44.58 44.62 44.64 44.64 44.65 44.6 44.62 44.68 44.66 44.7 44.72 44.73 44.72 44.72 44.73 44.75 44.76 44.75 44.75 44.75 44.75 44.73 44.71 44.68 44.7 44.72 44.76 44.74 44.82 44.82 44.79 44.77 44.74 44.75 44.78 44.82 44.84 44.84 44.87 44.9 44.87 44.87 44.94 44.92 44.91 44.9 44.91 44.99 44.99 44.99 45.04 44.99 44.99 45 45.04 44.99 44.99 45.02 45.07 45.04 45.03 45.03 45.07 45.1 45.12
44.83 44.79 44.77 44.75 44.73 44.69 44.66 44.65 44.63 44.61 44.63 44.62 44.62 44.62 44.65 44.65 44.63 44.65 44.61 44.63 44.68 44.67 44.71 44.72 44.73 44.7 44.7 44.72 44.75 44.74 44.74 44.75 44.74 44.71 44.7 44.7 44.68 44.7 44.73 44.76 44.75 44.82 44.82 44.79 44.79 44.74 44.78 44.8 44.8 44.82 44.84 44.87 44.89 44.9 44.92 44.94 44.95 44.95 44.93 44.94 45 44.98 44.96 44.99 44.96 44.97 44.98 45.04 45 45.02 45.04 45.12 45.09 45.07 45.07 45.08 45.1 45.11
44.88 44.83 44.81 44.8 44.77 44.69 44.67 44.67 44.66 44.65 44.62 44.61 44.64 44.65 44.62 44.61 44.61 44.64 44.63 44.64 44.65 44.66 44.69 44.71 44.73 44.71 44.71 44.72 44.73 44.7 44.71 44.72 44.71 44.67 44.68 44.7 44.71 44.73 44.75 44.76 44.76 44.8 44.8 44.8 44.8 44.73 44.76 44.8 44.78 44.79 44.85 44.84 44.82 44.84 44.88 44.91 44.97 44.97 44.96 44.96 44.93 44.93 44.95 44.95 44.93 44.95 44.96 45 44.99 45.02 45.01 45.1 45.11 45.11 45.07 45.04 45.07 45.09
44.95 44.88 44.86 44.85 44.8 44.72 44.67 44.67 44.67 44.64 44.6 44.61 44.61 44.63 44.61 44.6 44.6 44.63 44.64 44.65 44.64 44.66 44.67 44.7 44.71 44.73 44.73 44.75 44.72 44.68 44.69 44.68 44.66 44.66 44.68 44.72 44.72 44.77 44.78 44.77 44.78 44.79 44.8 44.82 44.79 44.74 44.74 44.78 44.81 44.84 44.87 44.82 44.82 44.82 44.85 44.88 44.94 44.93 44.91 44.9 44.88 44.92 44.96 44.94 44.9 44.93 44.96 44.97 44.97 45 44.99 45.05 45.08 45.08 45.03 45.02 45.05 45.06
44.99 44.92 44.88 44.86 44.8 44.73 44.7 44.69 44.66 44.59 44.59 44.62 44.6 44.62 44.62 44.61 44.6 44.61 44.63 44.67 44.67 44.69 44.69 44.7 44.7 44.72 44.71 44.72 44.7 44.67 44.68 44.68 44.65 44.66 44.67 44.73 44.72 44.76 44.81 44.8 44.86 44.82 44.77 44.81 44.77 44.74 44.74 44.81 44.83 44.84 44.86 44.86 44.87 44.86 44.87 44.87 44.9 44.89 44.91 44.89 44.87 44.91 44.93 44.92 44.89 44.93 44.98 44.97 44.97 44.98 44.98 45.06 45.07 45.02 45.01 45.04 45.05 45.04
44.99 44.94 44.89 44.86 44.8 44.71 44.72 44.7 44.65 44.59 44.58 44.62 44.62 44.61 44.62 44.63 44.62 44.62 44.64 44.69 44.7 44.69 44.7 44.7 44.68 44.67 44.67 44.66 44.66 44.65 44.64 44.67 44.65 44.65 44.67 44.73 44.71 44.72 44.76 44.82 44.87 44.81 44.73 44.77 44.73 44.74 44.77 44.84 44.85 44.84 44.84 44.87 44.86 44.87 44.88 44.85 44.9 44.89 44.96 44.93 44.9 44.92 44.91 44.9 44.9 44.96 45 45 44.98 44.98 44.96 45.07 45.06 44.97 45.01 45.06 45.06 45.02
45.01 44.96 44.88 44.86 44.81 44.73 44.72 44.7 44.67 44.63 44.6 44.63 44.63 44.61 44.62 44.64 44.63 44.65 44.66 44.68 44.69 44.66 44.68 44.69 44.66 44.63 44.64 44.65 44.64 44.62 44.62 44.65 44.69 44.67 44.68 44.69 44.72 44.71 44.72 44.81 44.84 44.8 44.76 44.8 44.77 44.77 44.8 44.81 44.85 44.85 44.84 44.86 44.87 44.86 44.86 44.86 44.91 44.9 44.95 44.96 44.95 44.95 44.9 44.92 44.94 44.98 44.99 45 44.98 44.96 44.93 45.04 45.03 44.98 44.99 45.04 45.04 45.03
45.04 44.99 44.89 44.88 44.83 44.77 44.74 44.73 44.69 44.65 44.64 44.65 44.62 44.6 44.61 44.62 44.6 44.64 44.64 44.65 44.66 44.66 44.66 44.66 44.62 44.63 44.62 44.63 44.62 44.63 44.63 44.64 44.69 44.69 44.73 44.75 44.79 44.78 44.77 44.78 44.8 44.78 44.76 44.81 44.8 44.78 44.78 44.77 44.82 44.84 44.86 44.87 44.89 44.86 44.84 44.88 44.9 44.91 44.93 44.95 44.96 44.95 44.91 44.94 44.95 44.94 44.94 44.97 44.96 44.93 44.93 44.99 44.99 44.97 44.96 44.97 44.99 45.03
45.06 45.02 44.94 44.91 44.85 44.78 44.79 44.75 44.67 44.66 44.66 44.66 44.6 44.6 44.61 44.62 44.6 44.65 44.65 44.64 44.64 44.66 44.67 44.65 44.64 44.63 44.62 44.6 44.62 44.64 44.65 44.65 44.66 44.69 44.79 44.83 44.86 44.86 44.83 44.79 44.77 44.74 44.73 44.77 44.76 44.75 44.75 44.75 44.78 44.81 44.88 44.85 44.87 44.85 44.83 44.87 44.86 44.88 44.96 44.97 44.96 44.92 44.91 44.93 44.92 44.92 44.92 44.94 44.93 44.91 44.94 44.94 44.95 44.94 44.98 44.99 45 45.04
45.07 45.02 44.99 44.96 44.86 44.78 44.78 44.76 44.7 44.65 44.65 44.67 44.59 44.62 44.62 44.61 44.63 44.69 44.68 44.65 44.67 44.65 44.66 44.62 44.6 44.59 44.61 44.63 44.65 44.67 44.67 44.64 44.65 44.7 44.81 44.8 44.82 44.84 44.86 44.8 44.75 44.72 44.71 44.73 44.72 44.74 44.75 44.75 44.77 44.79 44.87 44.81 44.82 44.83 44.83 44.85 44.85 44.86 44.95 44.93 44.93 44.89 44.9 44.95 44.95 44.92 44.9 44.96 44.95 44.97 44.95 44.94 44.95 44.96 44.98 44.99 45.02 45.06
45.1 45.03 45.02 44.98 44.91 44.79 44.79 44.77 44.7 44.66 44.63 44.62 44.59 44.63 44.63 44.61 44.65 44.69 44.68 44.68 44.67 44.64 44.62 44.6 44.56 44.57 44.62 44.68 44.7 44.71 44.67 44.65 44.68 44.73 44.8 44.73 44.73 44.77 44.84 44.79 44.73 44.71 44.7 44.7 44.71 44.73 44.77 44.77 44.78 44.8 44.82 44.79 44.79 44.82 44.83 44.85 44.84 44.85 44.9 44.91 44.9 44.9 44.92 44.91 44.93 44.91 44.89 44.96 44.97 44.95 44.92 44.93 44.94 44.95 44.94 44.96 45.02 45.07
45.13 45.07 45.05 45 44.9 44.86 44.84 44.81 44.7 44.65 44.64 44.63 44.65 44.67 44.67 44.66 44.66 44.66 44.65 44.66 44.62 44.6 44.58 44.57 44.54 44.56 44.63 44.68 44.67 44.68 44.66 44.69 44.73 44.75 44.79 44.71 44.68 44.72 44.79 44.76 44.72 44.69 44.68 44.71 44.74 44.74 44.77 44.8 44.8 44.79 44.78 44.81 44.81 44.81 44.82 44.83 44.84 44.86 44.89 44.9 44.9 44.93 44.91 44.88 44.91 44.92 44.89 44.94 44.96 44.92 44.89 44.91 44.94 44.94 44.92 44.95 45.03 45.08
45.14 45.08 45.07 45.04 44.93 44.9 44.88 44.81 44.72 44.68 44.67 44.68 44.67 44.67 44.68 44.68 44.66 44.63 44.64 44.62 44.57 44.56 44.55 44.55 44.56 44.59 44.64 44.66 44.63 44.64 44.66 44.72 44.76 44.77 44.75 44.69 44.68 44.71 44.74 44.72 44.72 44.7 44.71 44.76 44.76 44.73 44.74 44.75 44.77 44.79 44.81 44.83 44.83 44.8 44.81 44.86 44.89 44.89 44.9 44.86 44.88 44.92 44.9 44.92 44.93 44.88 44.9 44.92 44.97 44.93 44.89 44.91 44.94 44.95 44.95 44.96 45.04 45.08
45.17 45.12 45.09 45.03 44.97 44.9 44.87 44.8 44.76 44.75 44.74 44.72 44.69 44.69 44.68 44.67 44.66 44.62 44.62 44.58 44.57 44.56 44.56 44.59 44.65 44.67 44.68 44.67 44.64 44.65 44.7 44.76 44.78 44.77 44.71 44.66 44.71 44.72 44.72 44.69 44.7 44.72 44.74 44.77 44.76 44.75 44.74 44.75 44.76 44.78 44.8 44.82 44.81 44.79 44.81 44.84 44.89 44.9 44.89 44.86 44.85 44.87 44.9 44.95 44.96 44.85 44.91 44.92 44.96 44.94 44.91 44.92 44.93 44.95 44.97 44.97 45.01 45.06
45.2 45.19 45.13 45.02 44.98 44.92 44.9 44.82 44.78 44.8 44.78 44.74 44.71 44.71 44.71 44.67 44.65 44.62 44.59 44.56 44.58 44.58 44.6 44.67 44.72 44.71 44.71 44.71 44.68 44.69 44.74 44.81 44.79 44.77 44.7 44.66 44.71 44.71 44.72 44.7 44.72 44.74 44.7 44.71 44.73 44.74 44.72 44.76 44.77 44.76 44.75 44.78 44.78 44.78 44.8 44.79 44.84 44.89 44.89 44.87 44.85 44.84 44.88 44.91 44.93 44.86 44.9 44.91 44.93 44.92 44.91 44.91 44.92 44.95 44.99 44.98 44.98 45.04
45.23 45.21 45.15 45.04 44.97 44.97 44.94 44.87 44.82 44.81 44.8 44.73 44.71 44.71 44.7 44.67 44.63 44.61 44.57 44.55 44.59 44.6 44.65 44.72 44.72 44.71 44.69 44.7 44.68 44.68 44.71 44.81 44.73 44.69 44.7 44.75 44.74 44.74 44.7 44.68 44.69 44.7 44.69 44.69 44.7 44.71 44.73 44.75 44.75 44.73 44.72 44.77 44.77 44.78 44.79 44.77 44.79 44.85 44.84 44.84 44.84 44.86 44.85 44.86 44.87 44.86 44.89 44.89 44.91 44.9 44.88 44.89 44.92 44.95 45.04 45.02 44.99 45.03
45.26 45.22 45.17 45.07 45 44.99 44.96 44.91 44.87 44.83 44.82 44.74 44.73 44.71 44.66 44.64 44.6 44.58 44.56 44.56 44.61 44.65 44.74 44.75 44.73 44.72 44.68 44.69 44.69 44.7 44.74 44.85 44.79 44.72 44.7 44.72 44.72 44.73 44.67 44.64 44.66 44.69 44.7 44.71 44.7 44.71 44.76 44.73 44.74 44.7 44.71 44.78 44.77 44.77 44.79 44.77 44.77 44.81 44.78 44.79 44.81 44.87 44.85 44.84 44.83 44.83 44.86 44.86 44.88 44.9 44.9 44.9 44.94 44.94 44.99 45 44.98 45.01
45.28 45.22 45.17 45.1 45.04 45.01 44.98 44.94 44.91 44.88 44.82 44.75 44.74 44.7 44.61 44.61 44.58 44.57 44.57 44.6 44.67 44.71 44.83 44.77 44.76 44.75 44.71 44.79 44.77 44.71 44.76 44.9 44.87 44.81 44.76 44.7 44.69 44.7 44.66 44.63 44.65 44.69 44.68 44.68 44.68 44.69 44.74 44.73 44.73 44.71 44.73 44.78 44.76 44.75 44.77 44.77 44.77 44.8 44.77 44.76 44.78 44.86 44.83 44.81 44.82 44.83 44.86 44.85 44.84 44.88 44.9 44.91 44.94 44.95 44.93 44.96 44.97 45
45.29 45.24 45.2 45.12 45.08 45.05 45.01 44.96 44.92 44.89 44.81 44.74 44.71 44.67 44.61 44.64 44.64 44.63 44.66 44.68 44.81 44.83 44.85 44.79 44.78 44.77 44.71 44.75 44.76 44.73 44.76 44.88 44.87 44.85 44.81 44.7 44.68 44.67 44.68 44.66 44.67 44.69 44.67 44.67 44.67 44.68 44.72 44.73 44.72 44.72 44.74 44.76 44.74 44.72 44.74 44.76 44.77 44.78 44.76 44.74 44.74 44.82 44.76 44.77 44.84 44.84 44.89 44.87 44.85 44.88 44.9 44.89 44.9 44.97 44.96 44.97 44.98 44.99
45.31 45.3 45.24 45.15 45.11 45.09 45.02 44.96 44.92 44.88 44.8 44.74 44.72 44.68 44.65 44.7 44.71 44.71 44.76 44.78 44.86 44.85 44.79 44.74 44.74 44.76 44.72 44.72 44.74 44.75 44.77 44.83 44.81 44.81 44.75 44.7 44.67 44.65 44.73 44.71 44.71 44.7 44.68 44.69 44.68 44.67 44.71 44.72 44.73 44.73 44.75 44.73 44.71 44.7 44.71 44.73 44.74 44.76 44.76 44.74 44.73 44.79 44.75 44.78 44.85 44.86 44.88 44.88 44.85 44.88 44.89 44.88 44.9 44.96 44.96 44.97 44.97 44.99
45.34 45.33 45.27 45.2 45.13 45.12 45.04 44.95 44.94 44.88 44.77 44.7 44.69 44.67 44.67 44.72 44.73 44.74 44.81 44.91 44.92 44.87 44.79 44.77 44.77 44.77 44.74 44.73 44.75 44.77 44.76 44.76 44.74 44.75 44.71 44.69 44.68 44.67 44.76 44.73 44.72 44.69 44.7 44.71 44.69 44.66 44.69 44.7 44.75 44.74 44.77 44.74 44.69 44.68 44.69 44.7 44.72 44.73 44.73 44.74 44.76 44.77 44.78 44.79 44.85 44.88 44.87 44.87 44.8 44.86 44.88 44.93 44.95 44.97 44.95 44.92 44.96 45
45.35 45.32 45.27 45.2 45.17 45.17 45.09 44.97 44.9 44.85 44.76 44.72 44.71 44.68 44.68 44.76 44.8 44.79 44.89 44.97 44.99 44.94 44.86 44.83 44.82 44.77 44.76 44.76 44.76 44.77 44.77 44.72 44.71 44.73 44.71 44.67 44.7 44.7 44.76 44.71 44.7 44.66 44.7 44.71 44.7 44.68 44.68 44.69 44.73 44.74 44.81 44.76 44.7 44.7 44.72 44.71 44.72 44.7 44.7 44.71 44.76 44.82 44.81 44.82 44.85 44.87 44.86 44.85 44.77 44.81 44.84 44.93 44.96 44.94 44.92 44.91 44.95 44.97
45.37 45.34 45.29 45.22 45.19 45.16 45.07 44.97 44.86 44.84 44.77 44.75 44.77 44.74 44.72 44.78 44.85 44.89 45 44.99 45 44.97 44.89 44.85 44.81 44.74 44.78 44.82 44.79 44.78 44.77 44.74 44.72 44.73 44.69 44.65 44.69 44.73 44.76 44.7 44.68 44.62 44.65 44.65 44.67 44.7 44.68 44.67 44.67 44.71 44.75 44.73 44.72 44.75 44.76 44.76 44.74 44.69 44.7 44.7 44.75 44.81 44.81 44.85 44.84 44.86 44.85 44.84 44.75 44.76 44.8 44.88 44.9 44.89 44.89 44.91 44.92 44.93
45.4 45.37 45.3 45.24 45.19 45.14 45.04 44.94 44.85 44.83 44.8 44.78 44.8 44.8 44.8 44.8 44.86 44.97 45.03 44.97 44.97 44.95 44.91 44.88 44.82 44.75 44.83 44.89 44.85 44.81 44.75 44.75 44.75 44.74 44.67 44.64 44.66 44.74 44.78 44.75 44.7 44.64 44.66 44.65 44.67 44.68 44.66 44.66 44.7 44.74 44.72 44.72 44.73 44.75 44.79 44.8 44.76 44.69 44.69 44.71 44.76 44.79 44.81 44.83 44.8 44.83 44.82 44.82 44.76 44.73 44.76 44.85 44.86 44.88 44.89 44.9 44.89 44.92
45.41 45.37 45.3 45.23 45.17 45.14 45.01 44.92 44.87 44.86 44.86 44.82 44.83 44.86 44.88 44.86 44.89 44.97 44.99 44.92 44.91 44.91 44.91 44.9 44.85 44.8 44.87 44.94 44.9 44.81 44.74 44.73 44.75 44.75 44.69 44.67 44.66 44.72 44.77 44.76 44.74 44.73 44.75 44.74 44.74 44.68 44.65 44.69 44.72 44.76 44.72 44.7 44.71 44.74 44.78 44.79 44.76 44.71 44.71 44.73 44.76 44.77 44.78 44.78 44.76 44.79 44.8 44.79 44.8 44.73 44.74 44.81 44.87 44.88 44.9 44.9 44.93 44.95
45.38 45.36 45.29 45.21 45.15 45.12 44.99 44.92 44.91 44.93 44.93 44.88 44.88 44.94 44.96 44.92 44.92 44.95 44.95 44.88 44.88 44.88 44.88 44.88 44.84 44.81 44.83 44.88 44.86 44.8 44.75 44.72 44.75 44.78 44.74 44.72 44.7 44.72 44.7 44.68 44.73 44.79 44.84 44.84 44.79 44.67 44.65 44.69 44.71 44.78 44.71 44.69 44.68 44.7 44.72 44.74 44.76 44.77 44.77 44.76 44.75 44.77 44.76 44.75 44.73 44.77 44.79 44.8 44.82 44.77 44.76 44.78 44.9 44.92 44.91 44.91 44.97 45
45.38 45.35 45.28 45.21 45.14 45.11 45.03 44.98 44.99 45.02 45.01 44.96 44.98 45.03 45.03 44.95 44.94 44.96 44.96 44.9 44.89 44.88 44.86 44.84 44.81 44.82 44.82 44.82 44.81 44.78 44.69 44.68 44.73 44.74 44.74 44.72 44.71 44.73 44.68 44.66 44.7 44.79 44.87 44.84 44.74 44.63 44.64 44.68 44.72 44.77 44.74 44.71 44.66 44.65 44.66 44.71 44.76 44.8 44.81 44.79 44.76 44.76 44.76 44.73 44.72 44.75 44.79 44.82 44.83 44.83 44.8 44.76 44.88 44.9 44.89 44.89 44.94 44.95
45.41 45.36 45.28 45.22 45.16 45.13 45.1 45.1 45.09 45.09 45.1 45.08 45.11 45.15 45.11 45 44.97 44.98 45.02 44.96 44.95 44.93 44.89 44.85 44.84 44.86 44.81 44.78 44.73 44.73 44.65 44.67 44.72 44.74 44.74 44.73 44.71 44.75 44.71 44.69 44.68 44.73 44.79 44.72 44.62 44.62 44.64 44.7 44.75 44.76 44.75 44.71 44.65 44.64 44.65 44.7 44.76 44.8 44.81 44.8 44.77 44.74 44.75 44.74 44.73 44.74 44.78 44.8 44.83 44.86 44.83 44.78 44.84 44.86 44.86 44.83 44.87 44.88
45.4 45.34 45.26 45.23 45.19 45.16 45.18 45.18 45.16 45.14 45.18 45.21 45.24 45.27 45.18 45.11 45.07 45.04 45.1 45 44.96 44.96 44.93 44.89 44.91 44.9 44.83 44.81 44.78 44.78 44.72 44.7 44.7 44.73 44.73 44.71 44.7 44.76 44.74 44.72 44.7 44.68 44.67 44.62 44.56 44.65 44.66 44.71 44.76 44.75 44.73 44.69 44.68 44.68 44.68 44.72 44.77 44.79 44.79 44.77 44.76 44.73 44.73 44.72 44.72 44.72 44.72 44.73 44.81 44.81 44.81 44.83 44.82 44.84 44.84 44.8 44.83 44.84
