slabs/17.grd
DSAA
631 301
642630 643260
4947800 4948100
42.93 48.84
[rows 136 to 169 of 300, columns 156 to 233 of 631]
48.6 48.59 48.6 48.6 48.63 48.68 48.65 48.68 48.67 48.66 48.69 48.74 48.72 48.71 48.72 48.68 48.69 48.68 48.64 48.63 48.62 48.63 48.57 48.55 48.51 48.49 48.49 48.47 48.45 48.47 48.49 48.5 48.52 48.51 48.5 48.51 48.49 48.44 48.43 48.47 48.48 48.43 48.43 48.39 48.38 48.4 48.41 48.4 48.38 48.36 48.35 48.33 48.33 48.34 48.35 48.31 48.29 48.27 48.23 48.16 48.08 48.07 48.04 48.01 48.08 48.09 48.09 48.09 48.03 48.04 48.05 48.02 48 47.99 47.99 48.01 47.92 47.91
48.62 48.59 48.57 48.61 48.63 48.68 48.64 48.67 48.66 48.66 48.64 48.71 48.72 48.7 48.7 48.68 48.69 48.71 48.67 48.66 48.64 48.65 48.58 48.57 48.54 48.52 48.51 48.5 48.46 48.46 48.51 48.51 48.51 48.52 48.5 48.52 48.51 48.43 48.43 48.46 48.48 48.42 48.4 48.37 48.39 48.39 48.38 48.38 48.38 48.35 48.34 48.34 48.34 48.35 48.35 48.3 48.28 48.24 48.2 48.13 48.07 48.07 48.04 48.01 48.05 48.05 48.06 48.09 48.04 48.05 48.03 48.02 47.98 47.98 47.98 47.99 47.91 47.9
48.64 48.63 48.58 48.61 48.63 48.67 48.66 48.63 48.64 48.65 48.61 48.66 48.73 48.71 48.68 48.69 48.69 48.71 48.7 48.68 48.66 48.67 48.64 48.61 48.56 48.55 48.52 48.5 48.45 48.44 48.5 48.49 48.48 48.5 48.49 48.5 48.5 48.44 48.43 48.45 48.46 48.41 48.39 48.35 48.38 48.39 48.38 48.38 48.37 48.36 48.35 48.36 48.35 48.35 48.33 48.29 48.27 48.23 48.15 48.11 48.09 48.09 48.02 47.97 48 48 48.01 48.08 48.07 48.07 48.02 48.01 47.97 47.98 47.96 47.97 47.94 47.91
48.62 48.63 48.59 48.6 48.63 48.68 48.71 48.66 48.65 48.65 48.62 48.65 48.7 48.72 48.68 48.68 48.69 48.7 48.71 48.7 48.67 48.66 48.66 48.63 48.57 48.56 48.52 48.5 48.45 48.44 48.47 48.47 48.48 48.49 48.48 48.49 48.49 48.44 48.43 48.42 48.44 48.43 48.44 48.4 48.37 48.37 48.38 48.37 48.36 48.39 48.37 48.35 48.35 48.34 48.34 48.33 48.31 48.26 48.17 48.14 48.12 48.09 47.98 47.91 47.92 47.93 47.97 48.05 48.06 48.06 48.03 47.99 47.95 47.98 47.97 47.93 47.93 47.91
48.63 48.64 48.62 48.6 48.65 48.67 48.71 48.69 48.69 48.68 48.62 48.63 48.66 48.71 48.68 48.68 48.7 48.71 48.73 48.72 48.69 48.67 48.66 48.63 48.59 48.56 48.52 48.5 48.48 48.47 48.46 48.46 48.52 48.5 48.49 48.5 48.52 48.5 48.48 48.44 48.46 48.44 48.45 48.42 48.38 48.35 48.37 48.37 48.36 48.4 48.37 48.33 48.34 48.34 48.35 48.38 48.37 48.32 48.21 48.18 48.13 48.08 47.94 47.82 47.79 47.83 47.92 47.99 48.02 48.03 48.01 47.98 47.97 47.99 47.98 47.92 47.92 47.9
48.65 48.66 48.65 48.62 48.64 48.64 48.67 48.68 48.7 48.67 48.59 48.59 48.63 48.68 48.69 48.68 48.7 48.73 48.73 48.74 48.72 48.68 48.66 48.65 48.65 48.55 48.5 48.48 48.47 48.45 48.43 48.44 48.5 48.5 48.51 48.52 48.54 48.54 48.53 48.48 48.43 48.43 48.43 48.42 48.41 48.34 48.36 48.38 48.37 48.39 48.37 48.32 48.32 48.33 48.36 48.42 48.4 48.36 48.25 48.23 48.15 48.07 47.91 47.74 47.68 47.72 47.84 47.93 48.02 48.02 48 47.98 47.98 47.98 47.98 47.94 47.93 47.9
48.63 48.64 48.61 48.61 48.63 48.62 48.65 48.66 48.68 48.66 48.59 48.58 48.6 48.64 48.68 48.68 48.7 48.73 48.72 48.74 48.75 48.71 48.7 48.7 48.68 48.57 48.54 48.49 48.47 48.47 48.46 48.43 48.45 48.48 48.5 48.53 48.53 48.51 48.52 48.51 48.46 48.45 48.44 48.41 48.44 48.38 48.37 48.38 48.4 48.39 48.37 48.32 48.31 48.34 48.38 48.41 48.39 48.37 48.3 48.26 48.13 48.06 47.92 47.77 47.7 47.7 47.78 47.88 48.01 48.03 48 47.96 47.97 47.98 47.96 47.93 47.92 47.89
48.61 48.6 48.57 48.58 48.62 48.61 48.65 48.65 48.67 48.68 48.62 48.61 48.6 48.62 48.67 48.67 48.69 48.74 48.72 48.73 48.73 48.7 48.69 48.69 48.67 48.63 48.61 48.54 48.46 48.47 48.47 48.44 48.43 48.46 48.48 48.5 48.49 48.48 48.49 48.51 48.49 48.45 48.44 48.41 48.45 48.42 48.38 48.37 48.4 48.39 48.37 48.34 48.33 48.36 48.38 48.38 48.37 48.37 48.32 48.21 48.06 48.04 48 47.88 47.79 47.75 47.73 47.84 47.93 48 48 47.95 47.99 47.98 47.95 47.92 47.9 47.86
48.61 48.61 48.6 48.59 48.59 48.62 48.65 48.66 48.68 48.69 48.64 48.61 48.61 48.62 48.64 48.65 48.69 48.71 48.75 48.75 48.71 48.66 48.63 48.63 48.65 48.69 48.67 48.6 48.5 48.45 48.46 48.43 48.43 48.45 48.47 48.48 48.49 48.5 48.48 48.49 48.49 48.44 48.43 48.42 48.45 48.43 48.39 48.36 48.37 48.38 48.36 48.36 48.35 48.37 48.38 48.35 48.39 48.39 48.31 48.1 48.07 48.1 48.09 47.99 47.88 47.81 47.69 47.74 47.8 47.93 47.99 48 48 47.95 47.93 47.9 47.89 47.86
48.62 48.62 48.65 48.63 48.6 48.62 48.65 48.67 48.69 48.71 48.65 48.64 48.59 48.65 48.66 48.66 48.67 48.69 48.73 48.75 48.7 48.67 48.65 48.64 48.66 48.7 48.71 48.64 48.52 48.46 48.47 48.44 48.45 48.46 48.48 48.48 48.5 48.51 48.49 48.5 48.5 48.46 48.42 48.41 48.45 48.43 48.38 48.37 48.36 48.37 48.36 48.37 48.39 48.4 48.37 48.36 48.41 48.42 48.36 48.18 48.11 48.14 48.12 48.06 48 47.94 47.76 47.7 47.76 47.91 47.98 48.01 47.99 47.96 47.93 47.92 47.92 47.88
48.63 48.63 48.65 48.64 48.62 48.63 48.62 48.64 48.66 48.67 48.69 48.68 48.61 48.66 48.67 48.66 48.66 48.7 48.72 48.72 48.69 48.69 48.68 48.66 48.65 48.69 48.7 48.67 48.52 48.47 48.48 48.46 48.47 48.46 48.48 48.49 48.49 48.5 48.5 48.49 48.49 48.48 48.44 48.41 48.44 48.42 48.38 48.38 48.35 48.36 48.38 48.39 48.39 48.4 48.39 48.41 48.42 48.43 48.41 48.32 48.25 48.19 48.14 48.05 48.02 47.96 47.85 47.74 47.79 47.89 47.98 48.01 48.01 47.97 47.92 47.92 47.92 47.89
48.63 48.65 48.65 48.64 48.6 48.6 48.58 48.62 48.65 48.65 48.68 48.69 48.64 48.65 48.65 48.66 48.71 48.74 48.72 48.71 48.69 48.67 48.68 48.67 48.66 48.69 48.7 48.68 48.56 48.51 48.49 48.45 48.46 48.45 48.46 48.49 48.5 48.51 48.51 48.47 48.48 48.47 48.45 48.41 48.42 48.41 48.39 48.39 48.38 48.35 48.37 48.37 48.38 48.38 48.36 48.42 48.43 48.44 48.44 48.39 48.36 48.29 48.18 48.06 48.03 47.97 47.91 47.81 47.84 47.91 48 48.03 48.02 47.97 47.9 47.88 47.89 47.89
48.63 48.64 48.64 48.63 48.64 48.64 48.59 48.63 48.65 48.66 48.68 48.69 48.65 48.65 48.65 48.66 48.68 48.73 48.72 48.7 48.68 48.64 48.66 48.68 48.68 48.7 48.7 48.68 48.61 48.54 48.5 48.45 48.45 48.45 48.44 48.46 48.49 48.49 48.5 48.47 48.48 48.45 48.43 48.41 48.38 48.36 48.38 48.37 48.37 48.35 48.36 48.36 48.36 48.35 48.36 48.39 48.39 48.42 48.43 48.41 48.41 48.36 48.15 48.05 48.07 48.03 47.96 47.88 47.89 47.93 48.01 48.02 48.01 47.96 47.9 47.86 47.87 47.87
48.62 48.63 48.64 48.63 48.65 48.63 48.6 48.63 48.65 48.66 48.68 48.68 48.64 48.64 48.64 48.63 48.6 48.68 48.7 48.7 48.66 48.64 48.67 48.69 48.68 48.68 48.68 48.68 48.65 48.55 48.5 48.45 48.45 48.45 48.43 48.43 48.46 48.46 48.47 48.46 48.46 48.45 48.45 48.43 48.37 48.37 48.38 48.36 48.35 48.36 48.34 48.35 48.33 48.34 48.38 48.38 48.38 48.39 48.4 48.43 48.43 48.37 48.1 48.04 48.08 48.06 47.97 47.92 47.92 47.95 48.02 48.01 48 47.96 47.92 47.87 47.87 47.86
48.62 48.62 48.63 48.63 48.65 48.61 48.61 48.63 48.64 48.65 48.66 48.65 48.64 48.64 48.63 48.6 48.57 48.65 48.68 48.68 48.65 48.68 48.69 48.69 48.67 48.68 48.68 48.68 48.68 48.6 48.52 48.46 48.46 48.46 48.43 48.43 48.46 48.46 48.47 48.47 48.45 48.45 48.45 48.42 48.36 48.38 48.36 48.39 48.36 48.37 48.32 48.31 48.31 48.33 48.37 48.4 48.4 48.37 48.38 48.43 48.43 48.34 48.1 48.06 48.08 48.06 47.96 47.93 47.94 47.97 48.03 48.04 48.02 47.96 47.91 47.89 47.86 47.87
48.62 48.6 48.61 48.63 48.66 48.64 48.64 48.64 48.64 48.65 48.64 48.64 48.67 48.67 48.65 48.61 48.6 48.64 48.66 48.67 48.68 48.71 48.7 48.67 48.66 48.68 48.7 48.69 48.66 48.63 48.54 48.47 48.46 48.45 48.44 48.42 48.45 48.46 48.45 48.45 48.48 48.47 48.46 48.42 48.39 48.38 48.36 48.38 48.37 48.39 48.32 48.31 48.31 48.33 48.36 48.43 48.4 48.36 48.38 48.4 48.4 48.31 48.14 48.08 48.08 48.06 47.98 47.96 47.98 47.98 48.03 48.05 48.04 47.96 47.92 47.91 47.85 47.87
48.6 48.59 48.6 48.65 48.68 48.67 48.68 48.65 48.64 48.64 48.64 48.66 48.69 48.68 48.67 48.65 48.65 48.65 48.65 48.67 48.7 48.73 48.72 48.67 48.67 48.68 48.69 48.68 48.64 48.64 48.59 48.49 48.48 48.48 48.49 48.44 48.46 48.46 48.44 48.46 48.48 48.46 48.46 48.44 48.43 48.42 48.39 48.36 48.37 48.39 48.33 48.32 48.34 48.34 48.36 48.39 48.37 48.35 48.36 48.34 48.34 48.3 48.17 48.1 48.1 48.08 48.01 48.01 48 47.97 48.01 48.03 48.02 47.96 47.95 47.91 47.84 47.83
48.6 48.6 48.62 48.65 48.67 48.66 48.67 48.64 48.6 48.62 48.63 48.66 48.72 48.69 48.67 48.65 48.65 48.65 48.65 48.69 48.71 48.71 48.71 48.69 48.66 48.67 48.67 48.68 48.66 48.66 48.61 48.51 48.48 48.48 48.48 48.45 48.44 48.45 48.46 48.48 48.48 48.45 48.45 48.46 48.46 48.45 48.41 48.36 48.37 48.37 48.34 48.32 48.34 48.34 48.34 48.32 48.32 48.34 48.32 48.28 48.29 48.28 48.19 48.16 48.13 48.06 48.02 48.01 47.99 47.96 47.98 48 48.01 47.99 47.94 47.91 47.84 47.79
48.6 48.62 48.62 48.63 48.64 48.65 48.65 48.62 48.6 48.61 48.62 48.66 48.72 48.67 48.65 48.63 48.67 48.63 48.65 48.68 48.75 48.74 48.71 48.69 48.6 48.63 48.67 48.67 48.68 48.68 48.62 48.52 48.48 48.48 48.46 48.46 48.42 48.44 48.46 48.47 48.47 48.46 48.46 48.47 48.47 48.45 48.42 48.39 48.37 48.35 48.34 48.3 48.3 48.31 48.32 48.3 48.31 48.34 48.31 48.27 48.28 48.28 48.2 48.19 48.15 48.08 48.05 48.07 48.02 48 48.04 48.02 48.01 47.99 47.94 47.91 47.86 47.79
48.59 48.61 48.61 48.63 48.64 48.65 48.64 48.61 48.61 48.61 48.62 48.66 48.68 48.65 48.65 48.64 48.68 48.63 48.62 48.65 48.73 48.73 48.72 48.67 48.56 48.6 48.67 48.67 48.69 48.67 48.64 48.58 48.54 48.51 48.45 48.45 48.42 48.43 48.44 48.43 48.45 48.48 48.48 48.45 48.46 48.45 48.43 48.4 48.37 48.34 48.34 48.32 48.29 48.27 48.3 48.29 48.29 48.32 48.28 48.27 48.27 48.27 48.21 48.22 48.19 48.12 48.04 48.06 48.05 48.05 48.06 48.01 47.97 47.96 47.92 47.91 47.87 47.78
48.61 48.61 48.61 48.62 48.62 48.68 48.67 48.65 48.67 48.62 48.62 48.65 48.65 48.66 48.67 48.66 48.67 48.65 48.63 48.64 48.69 48.7 48.71 48.66 48.59 48.6 48.67 48.68 48.69 48.67 48.67 48.64 48.59 48.54 48.45 48.44 48.42 48.42 48.42 48.4 48.42 48.47 48.48 48.43 48.44 48.44 48.41 48.35 48.36 48.36 48.36 48.35 48.33 48.29 48.3 48.31 48.32 48.29 48.25 48.26 48.24 48.23 48.19 48.23 48.24 48.15 48.05 48.05 48.05 48.06 48.04 48 47.95 47.94 47.89 47.88 47.84 47.76
48.59 48.61 48.59 48.62 48.63 48.68 48.66 48.68 48.67 48.63 48.62 48.63 48.62 48.65 48.69 48.69 48.66 48.66 48.65 48.67 48.69 48.68 48.67 48.66 48.65 48.62 48.66 48.68 48.67 48.68 48.69 48.66 48.61 48.56 48.46 48.47 48.45 48.41 48.39 48.41 48.42 48.46 48.47 48.44 48.45 48.45 48.39 48.35 48.36 48.36 48.34 48.37 48.37 48.31 48.26 48.29 48.32 48.28 48.24 48.24 48.25 48.22 48.15 48.21 48.24 48.17 48.1 48.09 48.06 48.05 48.03 48 47.96 47.92 47.9 47.86 47.81 47.76
48.57 48.59 48.58 48.62 48.65 48.67 48.64 48.66 48.65 48.65 48.64 48.6 48.58 48.62 48.67 48.7 48.66 48.67 48.66 48.69 48.66 48.67 48.66 48.66 48.68 48.66 48.66 48.67 48.66 48.68 48.7 48.66 48.63 48.59 48.49 48.52 48.49 48.4 48.36 48.39 48.4 48.43 48.45 48.44 48.43 48.43 48.4 48.4 48.36 48.31 48.34 48.33 48.34 48.31 48.31 48.3 48.28 48.26 48.24 48.25 48.25 48.25 48.2 48.22 48.21 48.15 48.13 48.12 48.07 48.05 48.04 48.02 47.97 47.92 47.92 47.86 47.82 47.79
48.54 48.59 48.59 48.62 48.63 48.64 48.62 48.66 48.65 48.67 48.65 48.59 48.58 48.59 48.64 48.7 48.68 48.68 48.69 48.68 48.64 48.66 48.67 48.66 48.67 48.67 48.66 48.65 48.65 48.68 48.69 48.66 48.65 48.61 48.53 48.53 48.49 48.39 48.35 48.34 48.38 48.4 48.41 48.45 48.43 48.4 48.38 48.41 48.38 48.32 48.32 48.31 48.32 48.3 48.33 48.3 48.25 48.22 48.25 48.25 48.24 48.27 48.24 48.22 48.18 48.13 48.14 48.13 48.09 48.05 48.04 48.02 47.98 47.95 47.92 47.86 47.82 47.8
48.54 48.58 48.59 48.62 48.6 48.6 48.61 48.65 48.65 48.66 48.66 48.59 48.6 48.59 48.61 48.65 48.68 48.68 48.71 48.7 48.66 48.66 48.66 48.67 48.64 48.67 48.67 48.62 48.63 48.66 48.66 48.65 48.64 48.62 48.56 48.5 48.48 48.39 48.34 48.31 48.34 48.37 48.4 48.47 48.45 48.41 48.37 48.39 48.37 48.3 48.29 48.29 48.3 48.31 48.32 48.29 48.25 48.24 48.26 48.27 48.26 48.24 48.22 48.2 48.17 48.16 48.15 48.14 48.1 48.03 48.02 48.01 47.98 47.95 47.92 47.86 47.8 47.77
48.59 48.6 48.6 48.62 48.59 48.6 48.61 48.65 48.66 48.66 48.66 48.62 48.61 48.61 48.6 48.63 48.66 48.67 48.71 48.7 48.68 48.65 48.64 48.64 48.65 48.67 48.65 48.59 48.6 48.63 48.61 48.63 48.65 48.65 48.6 48.53 48.49 48.4 48.36 48.33 48.36 48.38 48.41 48.42 48.43 48.41 48.39 48.38 48.35 48.28 48.27 48.26 48.27 48.32 48.32 48.29 48.27 48.27 48.27 48.26 48.25 48.2 48.21 48.19 48.15 48.18 48.15 48.16 48.12 48.03 48.02 48.01 47.97 47.92 47.91 47.86 47.78 47.72
48.62 48.62 48.6 48.6 48.61 48.6 48.59 48.66 48.68 48.67 48.65 48.64 48.61 48.6 48.6 48.64 48.66 48.67 48.7 48.7 48.68 48.64 48.64 48.65 48.67 48.65 48.62 48.6 48.61 48.64 48.6 48.61 48.62 48.65 48.61 48.56 48.51 48.42 48.38 48.35 48.39 48.4 48.4 48.39 48.41 48.39 48.39 48.38 48.34 48.3 48.27 48.26 48.26 48.3 48.3 48.29 48.27 48.25 48.25 48.23 48.23 48.2 48.21 48.19 48.13 48.16 48.15 48.17 48.13 48.05 48.04 48.03 47.98 47.93 47.91 47.84 47.76 47.75
48.61 48.6 48.58 48.58 48.61 48.59 48.59 48.64 48.69 48.69 48.65 48.66 48.63 48.6 48.59 48.64 48.64 48.65 48.68 48.66 48.66 48.66 48.66 48.65 48.66 48.64 48.6 48.64 48.63 48.64 48.62 48.59 48.58 48.59 48.59 48.57 48.53 48.44 48.4 48.38 48.39 48.41 48.39 48.37 48.38 48.4 48.39 48.38 48.34 48.34 48.29 48.29 48.26 48.27 48.26 48.26 48.26 48.23 48.23 48.22 48.23 48.22 48.21 48.19 48.14 48.14 48.15 48.16 48.11 48.09 48.08 48.05 47.95 47.93 47.89 47.83 47.77 47.74
48.62 48.62 48.6 48.59 48.59 48.58 48.58 48.6 48.68 48.69 48.67 48.68 48.65 48.61 48.58 48.6 48.6 48.63 48.66 48.65 48.64 48.65 48.66 48.67 48.66 48.65 48.59 48.64 48.64 48.66 48.64 48.57 48.56 48.57 48.6 48.59 48.54 48.46 48.45 48.42 48.38 48.4 48.39 48.37 48.36 48.42 48.41 48.4 48.38 48.37 48.31 48.31 48.28 48.27 48.25 48.27 48.28 48.23 48.21 48.22 48.23 48.22 48.2 48.19 48.14 48.13 48.13 48.12 48.13 48.1 48.08 48.01 47.94 47.9 47.88 47.84 47.8 47.73
48.63 48.63 48.61 48.6 48.58 48.58 48.56 48.58 48.65 48.67 48.68 48.63 48.62 48.6 48.57 48.54 48.56 48.61 48.63 48.67 48.65 48.65 48.65 48.67 48.67 48.65 48.59 48.63 48.64 48.66 48.64 48.58 48.57 48.61 48.63 48.61 48.55 48.47 48.47 48.44 48.37 48.37 48.39 48.38 48.36 48.42 48.43 48.41 48.4 48.38 48.31 48.3 48.28 48.28 48.25 48.28 48.27 48.21 48.21 48.23 48.22 48.21 48.19 48.2 48.17 48.12 48.11 48.1 48.13 48.1 48.06 47.99 47.94 47.89 47.86 47.82 47.78 47.72
48.63 48.62 48.62 48.6 48.58 48.59 48.55 48.57 48.59 48.63 48.66 48.62 48.59 48.58 48.57 48.51 48.53 48.59 48.62 48.67 48.66 48.65 48.65 48.63 48.63 48.63 48.58 48.61 48.63 48.64 48.63 48.61 48.61 48.63 48.64 48.62 48.55 48.5 48.45 48.43 48.37 48.36 48.37 48.38 48.39 48.4 48.41 48.4 48.4 48.38 48.35 48.32 48.27 48.26 48.25 48.27 48.26 48.21 48.2 48.2 48.18 48.18 48.18 48.19 48.15 48.13 48.1 48.09 48.08 48.06 48.04 48.01 47.92 47.91 47.88 47.84 47.78 47.73
48.62 48.62 48.62 48.62 48.59 48.59 48.56 48.59 48.59 48.61 48.63 48.63 48.61 48.6 48.6 48.53 48.54 48.58 48.61 48.66 48.66 48.66 48.63 48.61 48.59 48.6 48.57 48.61 48.63 48.64 48.62 48.63 48.63 48.64 48.62 48.61 48.58 48.55 48.46 48.44 48.4 48.37 48.35 48.36 48.36 48.38 48.41 48.41 48.39 48.37 48.37 48.36 48.3 48.24 48.24 48.25 48.26 48.24 48.22 48.19 48.15 48.16 48.16 48.17 48.14 48.13 48.11 48.05 48.03 48.03 48.03 48.01 47.91 47.91 47.9 47.86 47.8 47.76
48.63 48.62 48.64 48.62 48.59 48.57 48.56 48.6 48.59 48.58 48.61 48.64 48.63 48.61 48.6 48.55 48.55 48.57 48.59 48.63 48.64 48.66 48.62 48.62 48.61 48.59 48.58 48.61 48.63 48.64 48.63 48.62 48.61 48.63 48.61 48.61 48.61 48.57 48.49 48.47 48.44 48.39 48.36 48.35 48.36 48.38 48.39 48.39 48.37 48.36 48.35 48.35 48.3 48.26 48.24 48.25 48.24 48.24 48.23 48.2 48.17 48.15 48.14 48.15 48.13 48.11 48.09 48.01 48 48.04 48.03 47.99 47.91 47.89 47.88 47.85 47.81 47.77
48.66 48.63 48.62 48.59 48.59 48.58 48.56 48.55 48.57 48.56 48.59 48.63 48.61 48.6 48.58 48.58 48.57 48.56 48.59 48.61 48.63 48.67 48.64 48.65 48.64 48.61 48.59 48.6 48.6 48.62 48.64 48.62 48.59 48.62 48.6 48.6 48.6 48.57 48.52 48.49 48.44 48.39 48.34 48.35 48.36 48.36 48.36 48.36 48.37 48.37 48.36 48.35 48.3 48.28 48.25 48.23 48.22 48.24 48.23 48.19 48.18 48.15 48.12 48.13 48.12 48.08 48.07 48.02 48.01 48.03 48.01 47.96 47.93 47.9 47.87 47.84 47.8 47.76
