slabs/17.grd
DSAA
631 301
642630 643260
4947800 4948100
42.93 48.84
[rows 238 to 271 of 300, columns 312 to 389 of 631]
43.61 43.68 43.75 43.79 43.76 43.73 43.74 43.71 43.73 43.75 43.77 43.87 43.99 43.88 43.85 43.86 43.77 43.77 43.78 43.78 43.8 43.79 43.72 43.66 43.72 43.72 43.67 43.7 43.68 43.64 43.57 43.6 43.66 43.68 43.76 43.75 43.72 43.7 43.72 43.74 43.73 43.73 43.83 43.81 43.81 43.82 43.77 43.77 43.75 43.78 43.79 43.73 43.75 43.74 43.75 43.66 43.65 43.61 43.56 43.62 43.62 43.57 43.54 43.54 43.55 43.53 43.53 43.55 43.59 43.54 43.51 43.49 43.52 43.51 43.43 43.44 43.46 43.46
43.64 43.71 43.75 43.76 43.69 43.65 43.66 43.67 43.78 43.79 43.8 43.91 44 43.95 43.82 43.79 43.73 43.75 43.8 43.71 43.69 43.68 43.69 43.66 43.72 43.76 43.8 43.8 43.76 43.68 43.54 43.56 43.61 43.62 43.68 43.68 43.66 43.68 43.74 43.82 43.83 43.85 43.86 43.81 43.79 43.73 43.7 43.77 43.77 43.84 43.82 43.69 43.7 43.71 43.69 43.66 43.68 43.64 43.59 43.61 43.61 43.53 43.47 43.49 43.53 43.53 43.55 43.57 43.57 43.48 43.48 43.5 43.57 43.53 43.45 43.49 43.51 43.49
43.66 43.68 43.71 43.72 43.67 43.65 43.65 43.67 43.8 43.81 43.84 43.92 44 43.98 43.86 43.77 43.77 43.79 43.84 43.68 43.63 43.63 43.67 43.68 43.71 43.77 43.88 43.88 43.79 43.72 43.71 43.72 43.72 43.67 43.65 43.62 43.63 43.7 43.82 43.95 43.95 43.95 43.89 43.85 43.8 43.7 43.72 43.77 43.78 43.82 43.81 43.73 43.72 43.69 43.62 43.64 43.69 43.65 43.59 43.6 43.58 43.53 43.46 43.49 43.54 43.56 43.56 43.57 43.5 43.43 43.51 43.54 43.6 43.51 43.46 43.51 43.56 43.56
43.66 43.64 43.65 43.66 43.7 43.69 43.67 43.67 43.77 43.79 43.83 43.89 43.97 43.96 43.91 43.83 43.82 43.84 43.91 43.72 43.63 43.63 43.64 43.66 43.68 43.7 43.79 43.82 43.78 43.77 43.86 43.88 43.84 43.75 43.7 43.68 43.71 43.78 43.88 43.98 43.96 43.9 43.86 43.82 43.8 43.75 43.79 43.8 43.8 43.82 43.8 43.75 43.72 43.7 43.67 43.69 43.73 43.66 43.57 43.57 43.56 43.54 43.5 43.52 43.59 43.61 43.53 43.53 43.51 43.47 43.56 43.58 43.58 43.49 43.48 43.55 43.68 43.72
43.71 43.68 43.65 43.64 43.75 43.73 43.67 43.68 43.75 43.78 43.82 43.87 43.89 43.88 43.88 43.88 43.87 43.88 43.94 43.83 43.75 43.73 43.62 43.58 43.61 43.57 43.62 43.76 43.78 43.83 43.88 43.91 43.89 43.83 43.78 43.76 43.81 43.88 43.9 43.91 43.88 43.82 43.78 43.78 43.81 43.81 43.84 43.82 43.78 43.79 43.78 43.74 43.72 43.78 43.76 43.76 43.77 43.69 43.57 43.56 43.56 43.55 43.52 43.54 43.6 43.62 43.51 43.5 43.52 43.49 43.53 43.57 43.57 43.52 43.52 43.59 43.76 43.81
43.78 43.76 43.69 43.65 43.75 43.72 43.63 43.67 43.76 43.8 43.84 43.82 43.83 43.84 43.85 43.85 43.83 43.83 43.88 43.9 43.86 43.81 43.63 43.52 43.52 43.49 43.62 43.81 43.83 43.86 43.88 43.88 43.89 43.88 43.87 43.86 43.89 43.91 43.85 43.78 43.78 43.76 43.73 43.8 43.82 43.83 43.84 43.82 43.75 43.73 43.72 43.71 43.76 43.85 43.78 43.76 43.77 43.73 43.59 43.58 43.57 43.55 43.51 43.51 43.54 43.54 43.49 43.51 43.54 43.49 43.51 43.58 43.62 43.57 43.58 43.65 43.78 43.79
43.8 43.79 43.74 43.66 43.73 43.68 43.6 43.67 43.79 43.84 43.88 43.82 43.81 43.83 43.85 43.76 43.7 43.72 43.83 43.95 43.94 43.88 43.68 43.48 43.48 43.5 43.67 43.87 43.87 43.86 43.87 43.84 43.84 43.87 43.96 43.94 43.92 43.87 43.79 43.67 43.68 43.72 43.73 43.83 43.84 43.81 43.81 43.8 43.77 43.73 43.71 43.71 43.82 43.87 43.74 43.71 43.74 43.79 43.66 43.66 43.62 43.56 43.53 43.51 43.48 43.52 43.52 43.54 43.53 43.43 43.47 43.57 43.67 43.63 43.64 43.72 43.81 43.77
43.79 43.78 43.73 43.68 43.7 43.64 43.61 43.67 43.74 43.75 43.8 43.77 43.77 43.79 43.78 43.64 43.65 43.69 43.84 43.93 43.93 43.93 43.78 43.58 43.57 43.58 43.69 43.86 43.86 43.87 43.86 43.84 43.85 43.87 43.99 43.95 43.89 43.81 43.75 43.64 43.64 43.69 43.78 43.83 43.87 43.83 43.84 43.83 43.79 43.78 43.79 43.75 43.8 43.83 43.74 43.71 43.69 43.76 43.71 43.71 43.67 43.59 43.64 43.6 43.54 43.53 43.53 43.54 43.53 43.42 43.45 43.54 43.68 43.69 43.69 43.73 43.76 43.71
43.79 43.69 43.65 43.69 43.68 43.62 43.63 43.68 43.69 43.68 43.71 43.67 43.68 43.71 43.68 43.58 43.64 43.73 43.84 43.82 43.86 43.94 43.91 43.79 43.76 43.7 43.73 43.83 43.84 43.87 43.85 43.88 43.92 43.93 43.96 43.9 43.84 43.77 43.73 43.68 43.65 43.69 43.76 43.79 43.83 43.8 43.84 43.82 43.78 43.84 43.87 43.86 43.76 43.77 43.76 43.74 43.75 43.79 43.69 43.66 43.66 43.63 43.67 43.65 43.6 43.57 43.56 43.53 43.51 43.46 43.47 43.53 43.65 43.68 43.7 43.72 43.64 43.57
43.7 43.63 43.57 43.61 43.61 43.61 43.65 43.68 43.7 43.72 43.71 43.63 43.61 43.6 43.59 43.56 43.64 43.78 43.83 43.78 43.8 43.9 44.02 43.96 43.92 43.81 43.78 43.85 43.86 43.88 43.86 43.92 43.96 43.96 43.91 43.84 43.8 43.73 43.71 43.73 43.73 43.71 43.7 43.7 43.76 43.71 43.81 43.77 43.8 43.91 43.92 43.87 43.71 43.64 43.64 43.67 43.78 43.83 43.74 43.67 43.64 43.65 43.66 43.66 43.62 43.6 43.58 43.54 43.49 43.47 43.48 43.54 43.64 43.67 43.68 43.71 43.56 43.47
43.67 43.62 43.56 43.57 43.59 43.62 43.66 43.69 43.68 43.71 43.68 43.6 43.58 43.55 43.53 43.62 43.7 43.83 43.85 43.81 43.79 43.89 44.04 44.02 43.99 43.87 43.85 43.9 43.9 43.89 43.89 43.95 43.97 43.94 43.86 43.82 43.78 43.69 43.73 43.78 43.86 43.83 43.79 43.77 43.76 43.77 43.83 43.82 43.81 43.87 43.93 43.84 43.67 43.62 43.57 43.62 43.69 43.79 43.77 43.73 43.66 43.72 43.7 43.7 43.67 43.62 43.61 43.56 43.51 43.5 43.52 43.59 43.69 43.68 43.68 43.68 43.58 43.51
43.67 43.65 43.58 43.59 43.6 43.62 43.63 43.66 43.64 43.66 43.61 43.57 43.57 43.57 43.56 43.71 43.77 43.85 43.86 43.85 43.84 43.95 44.02 44.03 44 43.88 43.89 43.91 43.93 43.96 43.92 43.95 43.93 43.88 43.84 43.81 43.84 43.87 43.86 43.87 43.93 43.92 43.89 43.86 43.82 43.86 43.89 43.91 43.87 43.85 43.86 43.81 43.68 43.65 43.62 43.64 43.61 43.68 43.7 43.75 43.71 43.76 43.75 43.76 43.71 43.68 43.66 43.6 43.57 43.58 43.58 43.64 43.72 43.71 43.66 43.64 43.64 43.61
43.65 43.65 43.6 43.6 43.6 43.6 43.6 43.59 43.59 43.6 43.57 43.59 43.62 43.64 43.65 43.69 43.73 43.78 43.82 43.91 43.91 44.01 44.07 44.07 44.03 43.88 43.93 43.93 43.97 44.01 43.92 43.92 43.83 43.82 43.89 43.9 43.96 44.01 43.96 43.94 43.94 43.91 43.86 43.87 43.91 43.97 43.94 43.94 43.91 43.87 43.83 43.81 43.71 43.67 43.68 43.69 43.64 43.63 43.66 43.73 43.72 43.73 43.75 43.78 43.74 43.72 43.7 43.64 43.62 43.65 43.63 43.66 43.66 43.65 43.62 43.64 43.67 43.65
43.63 43.64 43.61 43.59 43.6 43.61 43.62 43.53 43.54 43.55 43.56 43.66 43.7 43.72 43.72 43.62 43.64 43.72 43.84 43.93 43.95 44.05 44.1 44.11 44.05 43.98 43.98 43.96 43.94 43.9 43.87 43.86 43.76 43.82 43.97 43.97 43.99 43.97 43.93 43.93 43.93 43.91 43.9 43.92 44.01 44.06 43.97 43.92 43.85 43.84 43.81 43.77 43.71 43.68 43.69 43.73 43.71 43.67 43.69 43.72 43.73 43.72 43.73 43.77 43.8 43.78 43.74 43.69 43.68 43.73 43.71 43.67 43.58 43.58 43.59 43.63 43.58 43.62
43.62 43.6 43.6 43.58 43.59 43.62 43.6 43.52 43.51 43.49 43.55 43.68 43.73 43.77 43.76 43.65 43.68 43.78 43.87 43.98 44 44.06 44.05 44.07 44.05 44.03 44.01 43.96 43.89 43.82 43.83 43.83 43.78 43.87 44.03 44.01 43.95 43.93 43.94 43.93 43.9 43.91 43.96 43.97 44.02 44.03 43.96 43.89 43.79 43.83 43.78 43.72 43.7 43.69 43.68 43.72 43.74 43.72 43.75 43.78 43.82 43.76 43.72 43.77 43.84 43.8 43.74 43.74 43.7 43.71 43.7 43.7 43.61 43.61 43.63 43.6 43.56 43.59
43.62 43.57 43.58 43.55 43.57 43.59 43.54 43.48 43.47 43.49 43.58 43.74 43.76 43.76 43.78 43.79 43.84 43.9 43.89 43.93 43.95 44.05 44.06 44.07 44.08 44.03 44 43.96 43.87 43.8 43.79 43.8 43.83 43.92 44 44 43.93 43.92 43.96 43.95 43.92 43.92 43.96 43.96 43.95 43.92 43.9 43.84 43.78 43.83 43.8 43.73 43.72 43.73 43.7 43.71 43.74 43.71 43.76 43.83 43.89 43.8 43.74 43.76 43.81 43.76 43.74 43.74 43.74 43.71 43.72 43.72 43.66 43.67 43.7 43.68 43.58 43.56
43.6 43.54 43.55 43.56 43.56 43.56 43.54 43.48 43.45 43.49 43.67 43.73 43.7 43.62 43.83 43.92 43.93 43.92 43.86 43.85 43.88 44 44.08 44.08 44.08 44.03 43.98 43.97 43.89 43.84 43.85 43.87 43.92 43.92 43.94 43.96 43.93 43.91 43.94 43.96 43.98 43.95 43.94 43.94 43.92 43.82 43.81 43.8 43.78 43.84 43.82 43.77 43.75 43.78 43.75 43.73 43.73 43.69 43.72 43.77 43.83 43.75 43.71 43.69 43.71 43.72 43.74 43.74 43.78 43.73 43.7 43.67 43.66 43.67 43.74 43.77 43.65 43.62
43.6 43.54 43.56 43.56 43.53 43.54 43.56 43.5 43.49 43.56 43.65 43.66 43.66 43.63 43.86 43.93 43.93 43.88 43.83 43.84 43.89 43.99 44.06 44.06 44.02 44.01 43.98 43.96 43.89 43.9 43.92 43.95 43.98 43.89 43.91 43.94 43.92 43.88 43.92 43.93 43.97 43.95 43.93 43.93 43.91 43.73 43.74 43.79 43.83 43.86 43.85 43.83 43.76 43.82 43.8 43.76 43.73 43.68 43.71 43.78 43.82 43.77 43.72 43.72 43.71 43.7 43.69 43.72 43.76 43.72 43.63 43.6 43.61 43.65 43.76 43.77 43.67 43.65
43.63 43.6 43.57 43.54 43.53 43.53 43.59 43.55 43.56 43.59 43.58 43.59 43.65 43.74 43.88 43.9 43.89 43.87 43.83 43.86 43.93 43.99 44.01 44.02 43.98 44 43.98 43.95 43.91 43.9 43.91 43.94 43.95 43.89 43.92 43.91 43.88 43.88 43.91 43.89 43.89 43.9 43.89 43.88 43.85 43.66 43.72 43.79 43.85 43.87 43.85 43.8 43.71 43.78 43.75 43.69 43.66 43.66 43.71 43.8 43.83 43.79 43.75 43.78 43.8 43.77 43.69 43.71 43.73 43.69 43.58 43.53 43.55 43.6 43.76 43.74 43.65 43.6
43.71 43.63 43.56 43.53 43.53 43.55 43.6 43.58 43.59 43.59 43.56 43.59 43.67 43.81 43.91 43.9 43.88 43.88 43.86 43.9 43.96 43.96 43.94 43.94 43.96 44 44 44 43.98 43.92 43.86 43.87 43.89 43.92 43.92 43.88 43.87 43.91 43.92 43.89 43.82 43.81 43.84 43.86 43.77 43.67 43.83 43.91 43.9 43.85 43.84 43.81 43.71 43.7 43.67 43.64 43.62 43.63 43.68 43.78 43.81 43.79 43.75 43.78 43.83 43.8 43.69 43.72 43.7 43.65 43.57 43.52 43.52 43.56 43.69 43.71 43.64 43.55
43.72 43.63 43.53 43.52 43.53 43.58 43.63 43.62 43.6 43.59 43.6 43.63 43.75 43.85 43.93 43.92 43.89 43.92 43.93 43.96 43.95 43.88 43.86 43.86 43.89 43.95 44.03 44.04 44.04 43.96 43.8 43.73 43.76 43.89 43.91 43.92 43.9 43.92 43.94 43.92 43.86 43.77 43.79 43.81 43.8 43.81 43.9 43.93 43.88 43.86 43.87 43.85 43.73 43.7 43.67 43.64 43.63 43.63 43.64 43.7 43.76 43.76 43.76 43.79 43.81 43.78 43.69 43.71 43.67 43.62 43.59 43.57 43.53 43.56 43.64 43.67 43.63 43.55
43.67 43.6 43.58 43.58 43.58 43.62 43.64 43.64 43.63 43.6 43.61 43.66 43.79 43.86 43.92 43.94 43.93 43.96 44.01 44 43.93 43.8 43.77 43.77 43.79 43.9 44 44.04 44.02 43.98 43.85 43.72 43.72 43.85 43.9 43.96 43.94 43.94 43.94 43.91 43.89 43.82 43.81 43.8 43.84 43.89 43.9 43.88 43.84 43.85 43.87 43.83 43.73 43.72 43.7 43.65 43.64 43.63 43.61 43.69 43.73 43.75 43.76 43.82 43.8 43.76 43.68 43.66 43.66 43.61 43.6 43.62 43.59 43.64 43.7 43.68 43.66 43.59
43.63 43.61 43.68 43.66 43.61 43.61 43.61 43.63 43.65 43.63 43.6 43.63 43.75 43.85 43.92 43.96 43.99 43.99 44.04 44.02 43.94 43.84 43.7 43.71 43.78 43.89 43.96 44.01 43.98 43.92 43.85 43.73 43.71 43.78 43.84 43.93 43.97 43.96 43.94 43.88 43.88 43.87 43.87 43.85 43.81 43.85 43.87 43.85 43.8 43.81 43.83 43.78 43.71 43.72 43.71 43.68 43.68 43.68 43.68 43.77 43.75 43.74 43.74 43.81 43.79 43.73 43.65 43.62 43.68 43.65 43.62 43.68 43.69 43.77 43.79 43.77 43.72 43.63
43.59 43.63 43.68 43.66 43.58 43.58 43.59 43.61 43.66 43.66 43.59 43.6 43.7 43.86 43.97 44 44.02 44.01 44.01 43.99 43.96 43.91 43.77 43.75 43.77 43.81 43.82 43.86 43.85 43.85 43.84 43.79 43.72 43.69 43.77 43.91 43.99 43.97 43.93 43.84 43.91 43.9 43.89 43.87 43.81 43.81 43.83 43.86 43.81 43.81 43.8 43.75 43.71 43.72 43.73 43.73 43.75 43.77 43.79 43.82 43.76 43.76 43.75 43.79 43.77 43.7 43.65 43.68 43.74 43.73 43.7 43.75 43.77 43.81 43.8 43.77 43.67 43.64
43.55 43.6 43.63 43.61 43.54 43.58 43.6 43.6 43.63 43.67 43.63 43.61 43.71 43.88 44.01 44.02 44 43.98 43.91 43.89 43.88 43.89 43.85 43.82 43.76 43.77 43.77 43.8 43.85 43.91 43.93 43.93 43.84 43.67 43.71 43.89 43.97 43.96 43.94 43.86 43.92 43.87 43.85 43.86 43.84 43.81 43.84 43.91 43.86 43.84 43.8 43.73 43.75 43.78 43.8 43.79 43.78 43.8 43.82 43.82 43.76 43.76 43.78 43.79 43.75 43.7 43.68 43.73 43.76 43.77 43.78 43.75 43.75 43.76 43.69 43.65 43.61 43.62
43.55 43.58 43.62 43.59 43.54 43.59 43.6 43.6 43.6 43.62 43.66 43.63 43.74 43.88 44.02 44 43.95 43.9 43.85 43.83 43.84 43.85 43.86 43.83 43.76 43.79 43.8 43.83 43.9 43.95 43.98 44.03 43.9 43.66 43.67 43.8 43.91 43.95 43.94 43.89 43.86 43.82 43.81 43.86 43.86 43.83 43.86 43.92 43.89 43.87 43.82 43.76 43.78 43.83 43.85 43.81 43.79 43.8 43.81 43.82 43.76 43.76 43.77 43.79 43.76 43.71 43.69 43.81 43.84 43.87 43.8 43.73 43.73 43.73 43.65 43.62 43.61 43.6
43.64 43.6 43.64 43.64 43.62 43.64 43.66 43.65 43.61 43.61 43.66 43.71 43.83 43.9 43.92 43.94 43.94 43.85 43.82 43.8 43.86 43.86 43.87 43.85 43.8 43.79 43.81 43.82 43.88 43.92 43.94 43.98 43.91 43.73 43.7 43.73 43.84 43.91 43.92 43.89 43.82 43.82 43.84 43.88 43.86 43.85 43.87 43.89 43.89 43.88 43.86 43.82 43.8 43.82 43.83 43.8 43.77 43.78 43.8 43.74 43.72 43.7 43.66 43.66 43.66 43.67 43.69 43.84 43.86 43.86 43.79 43.75 43.75 43.74 43.67 43.63 43.61 43.57
43.73 43.64 43.68 43.69 43.71 43.79 43.8 43.76 43.68 43.61 43.64 43.74 43.9 43.88 43.87 43.91 43.94 43.9 43.85 43.79 43.87 43.89 43.89 43.89 43.87 43.79 43.81 43.82 43.8 43.88 43.89 43.9 43.93 43.83 43.76 43.68 43.77 43.82 43.88 43.92 43.89 43.89 43.9 43.92 43.88 43.88 43.86 43.86 43.87 43.88 43.88 43.84 43.74 43.76 43.76 43.75 43.75 43.76 43.76 43.71 43.7 43.67 43.61 43.6 43.62 43.67 43.71 43.82 43.83 43.83 43.77 43.75 43.74 43.71 43.66 43.66 43.63 43.58
43.67 43.64 43.77 43.78 43.82 43.86 43.83 43.79 43.71 43.63 43.64 43.71 43.89 43.94 43.92 43.92 43.9 43.95 43.9 43.79 43.86 43.91 43.92 43.94 43.92 43.84 43.85 43.86 43.76 43.82 43.86 43.89 43.92 43.88 43.78 43.66 43.72 43.75 43.84 44 43.99 43.97 43.93 43.93 43.97 43.93 43.85 43.85 43.89 43.88 43.76 43.72 43.72 43.73 43.71 43.69 43.72 43.79 43.77 43.69 43.65 43.59 43.61 43.62 43.63 43.63 43.67 43.75 43.78 43.81 43.76 43.73 43.7 43.65 43.62 43.69 43.69 43.64
43.6 43.65 43.83 43.87 43.87 43.82 43.78 43.75 43.72 43.71 43.69 43.7 43.83 43.95 43.95 43.94 43.91 43.98 43.92 43.8 43.85 43.92 43.94 43.97 43.95 43.91 43.91 43.91 43.81 43.79 43.86 43.9 43.9 43.88 43.77 43.66 43.71 43.74 43.83 43.97 44 43.98 43.96 43.94 44 43.96 43.91 43.92 43.87 43.83 43.72 43.69 43.75 43.75 43.74 43.73 43.77 43.86 43.8 43.71 43.66 43.6 43.63 43.64 43.65 43.63 43.68 43.76 43.77 43.8 43.75 43.72 43.69 43.62 43.61 43.68 43.73 43.71
43.67 43.74 43.87 43.88 43.86 43.83 43.81 43.78 43.71 43.75 43.75 43.75 43.78 43.85 43.88 43.94 43.96 43.98 43.92 43.82 43.85 43.92 43.95 43.96 43.99 43.96 43.94 43.93 43.89 43.85 43.85 43.88 43.88 43.87 43.79 43.68 43.68 43.75 43.86 43.89 43.94 43.94 43.95 43.95 43.98 43.97 43.93 43.91 43.81 43.77 43.69 43.67 43.71 43.76 43.76 43.74 43.8 43.88 43.8 43.73 43.71 43.69 43.72 43.72 43.72 43.72 43.79 43.85 43.82 43.81 43.74 43.7 43.68 43.62 43.66 43.71 43.79 43.81
43.82 43.87 43.91 43.88 43.8 43.84 43.84 43.83 43.72 43.71 43.75 43.8 43.79 43.79 43.82 43.89 43.92 43.94 43.91 43.85 43.85 43.9 43.94 43.96 44 43.94 43.91 43.91 43.91 43.87 43.8 43.82 43.84 43.85 43.85 43.79 43.75 43.78 43.86 43.9 43.92 43.92 43.93 43.97 44 43.97 43.88 43.82 43.8 43.8 43.73 43.68 43.71 43.76 43.77 43.73 43.78 43.86 43.84 43.8 43.78 43.78 43.82 43.8 43.81 43.82 43.86 43.87 43.85 43.82 43.74 43.68 43.68 43.64 43.74 43.77 43.84 43.81
1.70141e38 1.70141e38 1.70141e38 1.70141e38 1.70141e38 1.70141e38 43.84 43.85 43.75 43.68 43.73 43.82 43.84 43.81 43.8 43.82 43.82 43.89 43.9 43.87 43.87 43.92 43.94 43.96 44 43.95 43.86 43.84 43.83 43.8 43.78 43.85 43.89 43.9 43.93 43.91 43.86 43.85 43.86 43.93 43.97 43.94 43.92 43.99 44.02 43.96 43.81 43.77 43.8 43.84 43.82 43.76 43.76 43.76 43.78 43.75 43.77 43.84 43.89 43.87 43.84 43.84 43.84 43.79 43.83 43.88 43.89 43.85 43.83 43.79 43.73 43.72 43.75 43.74 43.77 43.78 43.76 43.68
1.70141e38 1.70141e38 1.70141e38 1.70141e38 1.70141e38 1.70141e38 1.70141e38 1.70141e38 1.70141e38 1.70141e38 1.70141e38 1.70141e38 1.70141e38 1.70141e38 1.70141e38 1.70141e38 1.70141e38 1.70141e38 1.70141e38 1.70141e38 1.70141e38 1.70141e38 1.70141e38 1.70141e38 1.70141e38 1.70141e38 1.70141e38 1.70141e38 1.70141e38 1.70141e38 1.70141e38 1.70141e38 1.70141e38 1.70141e38 1.70141e38 1.70141e38 1.70141e38 1.70141e38 1.70141e38 1.70141e38 1.70141e38 1.70141e38 1.70141e38 1.70141e38 1.70141e38 1.70141e38 1.70141e38 1.70141e38 1.70141e38 1.70141e38 1.70141e38 43.83 43.8 43.75 43.78 43.77 43.79 43.82 43.89 43.89 43.88 43.86 43.83 43.74 43.8 43.89 43.9 43.87 43.82 43.75 43.74 43.75 43.79 43.77 43.75 43.72 43.64 43.61
