slabs/17.grd
DSAA
631 301
642630 643260
4947800 4948100
42.93 48.84
[rows 68 to 101 of 300, columns 156 to 233 of 631]
48.43 48.4 48.42 48.41 48.43 48.44 48.38 48.39 48.39 48.38 48.35 48.36 48.31 48.28 48.29 48.25 48.18 48.13 48.04 48.01 47.96 47.9 47.85 47.81 47.73 47.65 47.56 47.55 47.53 47.53 47.53 47.54 47.56 47.48 47.3 46.76 46.01 45.35 45.15 44.73 44.68 44.69 44.63 44.59 44.56 44.45 44.41 44.31 44.2 44.13 44.16 44.22 44.27 44.26 44.3 44.31 44.3 44.3 44.29 44.3 44.28 44.28 44.27 44.19 44.15 44.15 44.15 44.17 44.16 44.16 44.16 44.13 44.16 44.14 44.09 44.14 44.13 44.12
48.47 48.4 48.45 48.42 48.46 48.49 48.38 48.39 48.4 48.41 48.39 48.39 48.33 48.31 48.32 48.28 48.22 48.15 48.06 48.04 48 47.94 47.88 47.84 47.76 47.71 47.63 47.6 47.56 47.52 47.52 47.52 47.55 47.59 47.47 47.13 46.62 45.96 45.6 44.87 44.8 44.9 44.85 44.71 44.53 44.44 44.45 44.44 44.35 44.22 44.15 44.14 44.23 44.25 44.3 44.31 44.28 44.29 44.29 44.28 44.28 44.28 44.27 44.22 44.17 44.18 44.15 44.15 44.17 44.17 44.17 44.17 44.15 44.13 44.06 44.1 44.1 44.12
48.5 48.42 48.47 48.46 48.49 48.51 48.43 48.43 48.42 48.43 48.41 48.39 48.33 48.32 48.32 48.29 48.24 48.17 48.08 48.08 48.04 47.99 47.91 47.87 47.81 47.75 47.71 47.63 47.55 47.51 47.52 47.51 47.51 47.56 47.53 47.42 47.08 46.57 46.43 45.59 45.08 45.06 44.94 44.71 44.57 44.49 44.44 44.4 44.44 44.38 44.25 44.13 44.13 44.17 44.26 44.28 44.26 44.26 44.29 44.28 44.27 44.28 44.29 44.25 44.2 44.2 44.17 44.16 44.2 44.19 44.2 44.18 44.17 44.13 44.07 44.07 44.08 44.11
48.52 48.45 48.46 48.47 48.48 48.5 48.47 48.46 48.44 48.44 48.43 48.4 48.33 48.32 48.3 48.29 48.25 48.2 48.11 48.09 48.09 48.05 47.97 47.91 47.84 47.77 47.75 47.67 47.58 47.5 47.51 47.5 47.49 47.48 47.49 47.52 47.43 47.2 47.05 46.28 45.58 45.21 44.99 44.68 44.64 44.58 44.46 44.37 44.42 44.42 44.36 44.21 44.12 44.14 44.21 44.25 44.26 44.27 44.29 44.29 44.28 44.28 44.3 44.27 44.23 44.21 44.17 44.19 44.2 44.18 44.19 44.15 44.15 44.12 44.11 44.1 44.1 44.1
48.51 48.49 48.45 48.46 48.47 48.48 48.49 48.48 48.45 48.46 48.46 48.42 48.36 48.32 48.3 48.31 48.26 48.19 48.12 48.11 48.13 48.09 48.03 47.94 47.85 47.83 47.78 47.71 47.65 47.57 47.55 47.49 47.48 47.43 47.45 47.48 47.54 47.51 47.34 46.79 46.18 45.66 45.29 44.75 44.67 44.63 44.55 44.44 44.39 44.44 44.47 44.37 44.28 44.22 44.17 44.23 44.28 44.29 44.3 44.29 44.29 44.29 44.29 44.25 44.25 44.23 44.19 44.2 44.18 44.16 44.16 44.14 44.13 44.12 44.13 44.13 44.12 44.11
48.52 48.54 48.47 48.48 48.48 48.49 48.51 48.5 48.46 48.44 48.46 48.44 48.41 48.36 48.3 48.31 48.28 48.21 48.18 48.16 48.17 48.14 48.1 47.99 47.89 47.89 47.84 47.76 47.7 47.65 47.61 47.54 47.48 47.46 47.43 47.44 47.51 47.55 47.48 47.17 46.7 46.34 45.83 45.05 44.71 44.68 44.66 44.57 44.44 44.5 44.55 44.52 44.46 44.37 44.2 44.19 44.24 44.27 44.3 44.29 44.27 44.29 44.3 44.24 44.25 44.27 44.23 44.22 44.22 44.18 44.15 44.15 44.16 44.16 44.13 44.12 44.12 44.11
48.53 48.55 48.52 48.51 48.49 48.5 48.52 48.5 48.45 48.42 48.42 48.43 48.41 48.41 48.36 48.31 48.26 48.29 48.28 48.24 48.21 48.19 48.16 48.08 47.95 47.91 47.89 47.83 47.75 47.69 47.65 47.6 47.51 47.49 47.44 47.43 47.46 47.51 47.52 47.37 47.13 46.95 46.44 45.56 44.96 44.86 44.71 44.66 44.56 44.59 44.59 44.58 44.56 44.51 44.35 44.16 44.16 44.19 44.26 44.3 44.29 44.31 44.33 44.26 44.27 44.28 44.26 44.23 44.25 44.21 44.15 44.17 44.16 44.17 44.14 44.11 44.11 44.11
48.54 48.55 48.56 48.52 48.49 48.53 48.53 48.53 48.47 48.44 48.45 48.47 48.42 48.44 48.42 48.36 48.34 48.35 48.34 48.31 48.26 48.2 48.18 48.13 48.03 47.96 47.94 47.87 47.8 47.74 47.68 47.62 47.57 47.55 47.5 47.45 47.45 47.48 47.52 47.46 47.41 47.33 46.95 46.2 45.53 45.31 44.87 44.73 44.69 44.67 44.6 44.58 44.58 44.57 44.48 44.28 44.09 44.1 44.15 44.29 44.3 44.32 44.35 44.31 44.3 44.3 44.27 44.24 44.25 44.22 44.19 44.18 44.17 44.17 44.16 44.12 44.11 44.12
48.55 48.56 48.56 48.53 48.48 48.49 48.53 48.53 48.5 48.48 48.48 48.49 48.47 48.45 48.44 48.41 48.39 48.36 48.36 48.33 48.27 48.21 48.2 48.18 48.11 48.02 47.99 47.91 47.86 47.79 47.72 47.64 47.64 47.63 47.57 47.5 47.48 47.49 47.5 47.47 47.52 47.5 47.29 46.86 46.28 45.98 45.32 44.88 44.77 44.71 44.59 44.61 44.59 44.63 44.57 44.45 44.31 44.23 44.12 44.14 44.19 44.27 44.32 44.32 44.31 44.3 44.27 44.23 44.23 44.23 44.22 44.18 44.17 44.16 44.14 44.12 44.13 44.12
48.57 48.53 48.58 48.57 48.53 48.51 48.56 48.54 48.54 48.53 48.5 48.5 48.5 48.44 48.44 48.45 48.39 48.39 48.37 48.33 48.31 48.26 48.25 48.21 48.12 48.04 48.02 47.96 47.9 47.84 47.78 47.68 47.71 47.69 47.64 47.56 47.52 47.5 47.47 47.48 47.53 47.53 47.47 47.33 46.95 46.63 45.93 45.3 44.89 44.79 44.61 44.63 44.6 44.65 44.46 44.6 44.55 44.43 44.28 44.18 44.15 44.19 44.27 44.3 44.3 44.3 44.28 44.28 44.25 44.23 44.23 44.2 44.19 44.16 44.14 44.13 44.12 44.12
48.57 48.54 48.56 48.58 48.57 48.55 48.56 48.53 48.53 48.55 48.53 48.5 48.49 48.46 48.47 48.46 48.4 48.4 48.36 48.34 48.33 48.3 48.28 48.2 48.1 48.06 48.05 47.99 47.9 47.88 47.83 47.74 47.75 47.74 47.7 47.63 47.55 47.52 47.47 47.48 47.5 47.5 47.53 47.54 47.34 47.1 46.54 45.95 45.71 45.4 44.82 44.61 44.65 44.77 44.62 44.71 44.67 44.56 44.46 44.39 44.31 44.2 44.21 44.27 44.28 44.3 44.3 44.32 44.27 44.24 44.23 44.22 44.2 44.17 44.14 44.14 44.13 44.13
48.57 48.55 48.54 48.56 48.57 48.58 48.55 48.51 48.53 48.56 48.54 48.49 48.49 48.5 48.5 48.46 48.4 48.37 48.35 48.36 48.34 48.3 48.28 48.2 48.14 48.14 48.1 48.01 47.91 47.9 47.88 47.79 47.76 47.76 47.72 47.67 47.61 47.56 47.5 47.46 47.49 47.49 47.48 47.51 47.48 47.42 47.16 46.78 46.67 46.18 45.31 44.79 44.79 44.87 44.82 44.78 44.74 44.6 44.51 44.53 44.49 44.35 44.22 44.2 44.23 44.27 44.31 44.29 44.28 44.24 44.23 44.23 44.21 44.19 44.13 44.13 44.14 44.16
48.57 48.55 48.55 48.55 48.55 48.58 48.56 48.53 48.57 48.55 48.54 48.49 48.5 48.51 48.51 48.45 48.41 48.36 48.37 48.38 48.37 48.31 48.27 48.23 48.23 48.22 48.13 48.02 47.97 47.95 47.92 47.86 47.8 47.78 47.75 47.69 47.63 47.6 47.55 47.52 47.47 47.47 47.44 47.45 47.49 47.5 47.45 47.3 47.17 46.74 45.99 45.33 45.18 45.02 44.98 44.91 44.84 44.6 44.5 44.56 44.6 44.55 44.35 44.22 44.22 44.23 44.28 44.26 44.28 44.24 44.23 44.24 44.23 44.22 44.13 44.13 44.14 44.18
48.53 48.56 48.55 48.54 48.53 48.56 48.55 48.55 48.6 48.57 48.57 48.54 48.51 48.5 48.49 48.45 48.44 48.39 48.41 48.42 48.42 48.37 48.31 48.29 48.26 48.25 48.16 48.03 47.99 47.97 47.95 47.94 47.89 47.87 47.82 47.72 47.64 47.63 47.59 47.54 47.47 47.47 47.43 47.42 47.44 47.44 47.46 47.46 47.37 47.08 46.59 46.07 45.8 45.33 45.12 45 44.89 44.58 44.48 44.53 44.6 44.66 44.53 44.35 44.28 44.21 44.22 44.24 44.28 44.27 44.26 44.26 44.25 44.23 44.19 44.18 44.17 44.17
48.51 48.57 48.56 48.55 48.54 48.54 48.55 48.56 48.6 48.6 48.61 48.58 48.53 48.49 48.49 48.45 48.46 48.45 48.44 48.43 48.43 48.42 48.35 48.31 48.26 48.23 48.17 48.1 48.05 48.02 47.99 47.99 47.97 47.94 47.85 47.78 47.73 47.68 47.62 47.56 47.53 47.51 47.46 47.41 47.42 47.43 47.43 47.48 47.45 47.3 47.03 46.66 46.4 45.8 45.29 44.92 44.82 44.56 44.5 44.51 44.55 44.62 44.61 44.47 44.35 44.21 44.2 44.22 44.28 44.31 44.29 44.27 44.25 44.23 44.22 44.22 44.2 44.16
48.52 48.56 48.55 48.56 48.54 48.55 48.57 48.59 48.58 48.59 48.59 48.59 48.56 48.51 48.49 48.48 48.49 48.48 48.46 48.46 48.46 48.45 48.4 48.35 48.27 48.23 48.18 48.16 48.14 48.09 48.02 47.99 47.99 47.94 47.86 47.84 47.81 47.74 47.68 47.62 47.6 47.56 47.53 47.44 47.45 47.44 47.42 47.43 47.44 47.43 47.32 47.05 46.88 46.37 45.67 44.91 44.77 44.56 44.54 44.54 44.55 44.57 44.57 44.52 44.4 44.2 44.17 44.2 44.26 44.27 44.31 44.29 44.26 44.26 44.27 44.27 44.24 44.22
48.52 48.54 48.54 48.58 48.52 48.55 48.58 48.59 48.57 48.58 48.58 48.57 48.6 48.55 48.5 48.52 48.52 48.51 48.5 48.52 48.49 48.47 48.43 48.36 48.31 48.27 48.21 48.17 48.17 48.14 48.06 48.02 48.01 47.95 47.87 47.85 47.83 47.78 47.73 47.67 47.65 47.58 47.57 47.5 47.49 47.44 47.43 47.38 47.42 47.46 47.46 47.35 47.25 46.88 46.21 45.33 45.05 44.65 44.6 44.61 44.64 44.6 44.46 44.47 44.43 44.32 44.24 44.25 44.25 44.23 44.26 44.28 44.31 44.3 44.28 44.28 44.26 44.26
48.5 48.52 48.53 48.57 48.54 48.54 48.55 48.57 48.56 48.57 48.57 48.58 48.59 48.58 48.55 48.56 48.55 48.54 48.52 48.53 48.47 48.46 48.42 48.37 48.34 48.31 48.27 48.19 48.2 48.18 48.11 48.05 48.03 47.97 47.92 47.89 47.86 47.81 47.78 47.74 47.7 47.61 47.6 47.57 47.54 47.48 47.44 47.39 47.41 47.43 47.47 47.46 47.44 47.21 46.74 46.13 45.77 45.1 44.78 44.76 44.75 44.72 44.53 44.54 44.46 44.55 44.49 44.45 44.32 44.24 44.23 44.25 44.3 44.31 44.26 44.26 44.27 44.27
48.51 48.51 48.51 48.58 48.58 48.57 48.56 48.58 48.6 48.59 48.55 48.56 48.57 48.59 48.6 48.59 48.58 48.56 48.51 48.49 48.43 48.43 48.44 48.4 48.35 48.32 48.3 48.23 48.22 48.2 48.16 48.08 48.05 48 47.98 47.93 47.9 47.85 47.82 47.79 47.76 47.69 47.66 47.61 47.59 47.54 47.47 47.41 47.4 47.42 47.44 47.44 47.46 47.42 47.16 46.91 46.52 46.07 45.44 45.22 44.8 44.72 44.67 44.64 44.52 44.6 44.64 44.56 44.41 44.3 44.27 44.24 44.26 44.3 44.26 44.27 44.28 44.3
48.52 48.54 48.53 48.55 48.62 48.61 48.58 48.58 48.59 48.58 48.56 48.55 48.56 48.58 48.59 48.58 48.57 48.56 48.53 48.47 48.42 48.43 48.46 48.44 48.38 48.34 48.33 48.28 48.25 48.21 48.17 48.09 48.07 48.04 48.02 47.94 47.92 47.89 47.83 47.8 47.79 47.74 47.69 47.64 47.65 47.61 47.53 47.47 47.44 47.44 47.45 47.44 47.4 47.39 47.33 47.26 47.01 46.72 46.09 45.81 45.19 44.73 44.71 44.66 44.57 44.59 44.52 44.5 44.46 44.41 44.36 44.3 44.24 44.26 44.24 44.27 44.29 44.31
48.5 48.54 48.55 48.52 48.59 48.6 48.58 48.55 48.58 48.57 48.58 48.61 48.57 48.59 48.58 48.57 48.56 48.57 48.55 48.46 48.45 48.47 48.47 48.46 48.42 48.39 48.36 48.32 48.28 48.22 48.18 48.09 48.09 48.08 48.06 47.98 47.96 47.93 47.86 47.85 47.84 47.79 47.75 47.7 47.68 47.62 47.56 47.52 47.5 47.45 47.44 47.41 47.34 47.3 47.33 47.33 47.29 47.04 46.68 46.43 45.82 45.1 44.81 44.72 44.63 44.64 44.48 44.48 44.49 44.51 44.47 44.38 44.23 44.19 44.2 44.23 44.25 44.28
48.51 48.53 48.53 48.53 48.55 48.58 48.6 48.56 48.56 48.57 48.6 48.63 48.59 48.6 48.6 48.58 48.59 48.58 48.52 48.44 48.47 48.49 48.48 48.45 48.43 48.41 48.37 48.34 48.31 48.24 48.21 48.15 48.14 48.11 48.08 48.04 48.01 47.96 47.93 47.9 47.86 47.8 47.8 47.76 47.74 47.68 47.65 47.61 47.54 47.5 47.47 47.44 47.35 47.28 47.29 47.33 47.38 47.3 47.19 47 46.48 45.76 45.21 45 44.71 44.69 44.61 44.6 44.59 44.55 44.55 44.49 44.32 44.18 44.17 44.18 44.19 44.24
48.52 48.53 48.53 48.54 48.55 48.57 48.61 48.6 48.56 48.56 48.58 48.64 48.61 48.61 48.6 48.6 48.6 48.57 48.5 48.46 48.49 48.5 48.47 48.46 48.44 48.42 48.36 48.32 48.3 48.26 48.24 48.19 48.18 48.12 48.1 48.06 48.05 48 47.92 47.94 47.91 47.88 47.82 47.81 47.8 47.74 47.73 47.69 47.59 47.56 47.51 47.49 47.41 47.32 47.32 47.33 47.36 47.4 47.44 47.33 46.97 46.37 45.81 45.45 44.83 44.72 44.73 44.76 44.75 44.6 44.6 44.62 44.53 44.35 44.27 44.17 44.16 44.18
48.51 48.53 48.55 48.55 48.55 48.57 48.62 48.61 48.6 48.58 48.58 48.64 48.63 48.61 48.59 48.6 48.59 48.56 48.5 48.5 48.51 48.5 48.46 48.45 48.44 48.43 48.34 48.33 48.31 48.27 48.23 48.18 48.19 48.13 48.13 48.08 48.07 48.02 47.95 47.96 47.95 47.93 47.86 47.85 47.84 47.81 47.75 47.73 47.65 47.6 47.56 47.53 47.46 47.4 47.36 47.34 47.35 47.39 47.49 47.46 47.26 46.85 46.44 45.97 45.17 44.86 44.85 44.86 44.92 44.72 44.7 44.71 44.73 44.6 44.49 44.27 44.2 44.12
48.51 48.53 48.55 48.54 48.55 48.57 48.63 48.63 48.65 48.62 48.61 48.62 48.61 48.61 48.59 48.59 48.59 48.57 48.53 48.51 48.51 48.5 48.47 48.44 48.43 48.42 48.4 48.37 48.35 48.3 48.25 48.23 48.2 48.14 48.13 48.09 48.08 48.05 47.99 47.97 47.97 47.96 47.9 47.9 47.87 47.83 47.76 47.75 47.69 47.66 47.62 47.59 47.53 47.45 47.39 47.37 47.37 47.4 47.47 47.48 47.44 47.24 47.03 46.53 45.81 45.27 45.15 44.97 45.01 44.89 44.85 44.82 44.86 44.8 44.7 44.45 44.31 44.2
48.53 48.52 48.53 48.53 48.56 48.57 48.62 48.65 48.7 48.66 48.62 48.58 48.58 48.59 48.59 48.56 48.57 48.58 48.54 48.53 48.52 48.51 48.46 48.43 48.42 48.39 48.41 48.36 48.34 48.27 48.24 48.23 48.22 48.17 48.15 48.11 48.1 48.07 48.01 48 47.98 47.97 47.93 47.93 47.89 47.81 47.78 47.78 47.74 47.71 47.67 47.63 47.58 47.51 47.45 47.43 47.41 47.41 47.43 47.44 47.49 47.49 47.39 47.03 46.46 45.83 45.59 45.14 45.01 44.99 44.96 44.91 44.85 44.82 44.82 44.7 44.58 44.36
48.55 48.52 48.51 48.55 48.57 48.57 48.61 48.65 48.71 48.66 48.61 48.59 48.58 48.59 48.6 48.57 48.57 48.58 48.55 48.51 48.51 48.5 48.45 48.44 48.44 48.38 48.36 48.36 48.33 48.25 48.23 48.22 48.23 48.21 48.14 48.12 48.1 48.08 48.05 48.04 47.99 47.99 47.97 47.96 47.9 47.81 47.81 47.81 47.79 47.72 47.72 47.67 47.61 47.58 47.51 47.48 47.44 47.41 47.42 47.42 47.47 47.53 47.5 47.34 46.95 46.47 46.21 45.84 45.28 45 44.95 44.89 44.88 44.78 44.75 44.77 44.74 44.58
48.56 48.52 48.5 48.57 48.57 48.57 48.6 48.66 48.68 48.65 48.61 48.6 48.61 48.58 48.54 48.57 48.57 48.58 48.55 48.5 48.5 48.46 48.42 48.42 48.42 48.37 48.35 48.37 48.34 48.26 48.25 48.23 48.23 48.21 48.12 48.12 48.11 48.1 48.09 48.07 48.01 48.02 48.03 48 47.92 47.85 47.84 47.83 47.83 47.74 47.76 47.72 47.65 47.61 47.58 47.54 47.5 47.45 47.44 47.42 47.44 47.51 47.51 47.5 47.42 47.25 47 46.56 45.89 45.44 45.21 44.92 44.92 44.84 44.79 44.76 44.73 44.68
48.59 48.56 48.52 48.57 48.58 48.58 48.59 48.61 48.61 48.62 48.61 48.56 48.58 48.58 48.54 48.57 48.58 48.57 48.53 48.53 48.49 48.42 48.41 48.4 48.39 48.37 48.37 48.37 48.34 48.26 48.26 48.25 48.24 48.19 48.14 48.14 48.13 48.11 48.09 48.08 48.03 48.03 48.06 48.01 47.93 47.9 47.86 47.86 47.87 47.79 47.78 47.76 47.71 47.66 47.65 47.59 47.54 47.52 47.51 47.49 47.46 47.46 47.46 47.51 47.6 47.6 47.44 47.06 46.46 46.03 45.68 45.13 44.92 44.89 44.88 44.79 44.7 44.68
48.57 48.56 48.55 48.57 48.57 48.59 48.59 48.58 48.58 48.6 48.63 48.58 48.58 48.57 48.57 48.54 48.55 48.55 48.51 48.57 48.51 48.44 48.4 48.37 48.38 48.38 48.38 48.37 48.32 48.27 48.29 48.28 48.25 48.19 48.17 48.15 48.14 48.11 48.09 48.08 48.03 48.02 48.04 48.01 47.96 47.92 47.89 47.89 47.9 47.85 47.83 47.8 47.77 47.72 47.7 47.65 47.61 47.55 47.57 47.56 47.51 47.45 47.44 47.46 47.57 47.61 47.57 47.4 46.95 46.53 46.15 45.48 45.02 44.95 44.9 44.84 44.71 44.7
48.55 48.54 48.51 48.51 48.52 48.58 48.59 48.61 48.59 48.59 48.65 48.63 48.6 48.56 48.53 48.52 48.51 48.53 48.5 48.58 48.54 48.46 48.4 48.36 48.37 48.38 48.37 48.37 48.33 48.31 48.31 48.29 48.24 48.19 48.17 48.16 48.13 48.12 48.11 48.09 48.06 48.03 48.05 48.04 48.01 47.92 47.91 47.93 47.93 47.89 47.87 47.82 47.76 47.75 47.75 47.69 47.66 47.58 47.59 47.59 47.55 47.52 47.48 47.44 47.51 47.56 47.58 47.57 47.33 47.04 46.67 46 45.41 45.22 44.9 44.84 44.79 44.76
48.55 48.55 48.54 48.52 48.52 48.54 48.59 48.62 48.6 48.57 48.64 48.65 48.62 48.56 48.52 48.53 48.52 48.52 48.48 48.54 48.53 48.46 48.4 48.38 48.37 48.39 48.38 48.38 48.35 48.32 48.28 48.25 48.2 48.17 48.15 48.17 48.14 48.13 48.15 48.13 48.09 48.08 48.05 48.07 48.05 47.95 47.96 47.97 47.95 47.93 47.92 47.86 47.8 47.78 47.78 47.73 47.7 47.63 47.63 47.63 47.59 47.58 47.51 47.45 47.47 47.51 47.55 47.59 47.53 47.43 47.14 46.61 46.01 45.7 45.05 44.82 44.88 44.85
48.55 48.56 48.58 48.58 48.55 48.52 48.58 48.6 48.58 48.57 48.61 48.65 48.62 48.57 48.53 48.53 48.54 48.53 48.47 48.49 48.51 48.46 48.4 48.39 48.39 48.39 48.38 48.38 48.35 48.34 48.27 48.23 48.2 48.23 48.15 48.18 48.19 48.12 48.1 48.12 48.11 48.08 48.07 48.08 48.03 48 48.01 47.98 47.93 47.94 47.95 47.9 47.85 47.8 47.8 47.75 47.73 47.69 47.69 47.67 47.65 47.63 47.55 47.46 47.48 47.49 47.52 47.56 47.57 47.58 47.46 47.14 46.6 46.26 45.46 44.91 44.91 44.91
48.56 48.55 48.56 48.57 48.56 48.53 48.56 48.55 48.56 48.58 48.57 48.62 48.6 48.56 48.51 48.53 48.55 48.54 48.49 48.48 48.48 48.45 48.39 48.39 48.38 48.38 48.35 48.36 48.34 48.33 48.27 48.23 48.23 48.22 48.12 48.16 48.2 48.15 48.12 48.13 48.11 48.06 48.05 48.05 48.04 48.03 48.04 48 47.95 47.98 47.97 47.91 47.91 47.83 47.81 47.78 47.75 47.73 47.72 47.68 47.69 47.65 47.59 47.52 47.52 47.52 47.51 47.53 47.54 47.59 47.62 47.47 47.08 46.77 45.99 45.24 44.9 44.93
