slabs/17.grd
DSAA
631 301
642630 643260
4947800 4948100
42.93 48.84
[rows 68 to 101 of 300, columns 234 to 311 of 631]
44.09 44.05 44.04 44.02 44.02 44.03 44.04 44.1 44.14 44.11 44.09 44.08 44.07 44.13 44.14 44.14 44.15 44.11 44.09 44.03 44.01 44.01 44.06 44.11 44.11 44.09 43.96 43.89 43.92 43.96 44.1 44.23 44.32 44.36 44.44 44.48 44.52 44.51 44.43 44.37 44.36 44.36 44.34 44.27 44.13 44.06 43.99 43.96 43.96 43.96 43.92 43.93 43.93 43.95 43.89 43.97 43.99 44.04 44.09 44.1 44.07 44.04 44.06 44.07 44.07 44.05 43.96 43.96 43.92 43.83 43.87 43.86 43.82 43.83 43.87 43.86 43.86 43.86
44.11 44.04 44.03 44 44.01 44.04 44.04 44.06 44.09 44.11 44.09 44.07 44.06 44.1 44.09 44.1 44.08 44.02 44.01 43.97 44.02 44.03 44.09 44.12 44.09 44.03 43.91 43.94 44.03 44.13 44.29 44.34 44.36 44.43 44.52 44.5 44.56 44.53 44.45 44.38 44.34 44.32 44.3 44.28 44.2 44.06 43.97 43.95 43.96 43.94 43.92 43.94 43.95 43.95 43.89 43.95 43.99 44.07 44.11 44.13 44.07 44.01 44.04 44.01 44 43.93 43.89 43.89 43.88 43.83 43.89 43.86 43.8 43.82 43.82 43.85 43.87 43.84
44.09 44.06 44.04 44 44.02 44 44 44.02 44.04 44.07 44.03 44.04 44.06 44.03 44.04 44.08 44.03 44 43.99 44 44.05 44.07 44.09 44.07 43.98 43.93 43.9 44.04 44.19 44.3 44.44 44.46 44.45 44.51 44.6 44.54 44.54 44.5 44.42 44.36 44.32 44.3 44.3 44.23 44.17 44.04 43.97 43.94 43.94 43.92 43.9 43.95 43.95 43.93 43.91 43.97 44 44.06 44.09 44.11 44.06 44 43.96 43.92 43.89 43.86 43.85 43.84 43.86 43.84 43.85 43.83 43.79 43.85 43.8 43.83 43.86 43.83
44.08 44.06 44.06 44 44 43.98 43.99 44.01 44.01 44.03 43.98 44.02 44.1 44.06 44.04 44.04 43.99 44.02 44 44.02 44.07 44.08 44.06 43.99 43.89 43.89 43.97 44.19 44.33 44.4 44.53 44.55 44.55 44.58 44.62 44.55 44.5 44.45 44.34 44.3 44.29 44.29 44.29 44.13 44.08 44 43.95 43.93 43.93 43.91 43.92 43.92 43.93 43.91 43.94 44.05 44.04 44.05 44.04 44.04 44.02 43.96 43.89 43.87 43.86 43.86 43.8 43.82 43.87 43.85 43.83 43.82 43.82 43.88 43.81 43.82 43.84 43.81
44.07 44.07 44.06 44.03 43.99 44.01 44.03 44.03 44.02 44.03 43.99 43.99 44.09 44.09 44.05 44 43.98 44 44.01 44 44.04 44.04 44 43.92 43.9 43.96 44.15 44.36 44.42 44.44 44.53 44.57 44.57 44.58 44.6 44.53 44.48 44.39 44.26 44.22 44.23 44.23 44.22 44.05 44.02 43.98 43.95 43.9 43.91 43.94 43.99 43.99 44.01 44 44.01 44.04 44.04 44 43.98 43.97 43.96 43.92 43.9 43.89 43.88 43.87 43.81 43.84 43.86 43.88 43.84 43.83 43.85 43.88 43.81 43.81 43.82 43.81
44.08 44.09 44.06 44.02 44 44.03 44.04 44.06 44.06 44.06 44 44.01 44.07 44.08 44.04 44.01 43.99 44 44.01 43.96 43.97 43.97 43.9 43.87 43.99 44.11 44.36 44.5 44.5 44.49 44.51 44.56 44.56 44.55 44.54 44.47 44.43 44.33 44.21 44.17 44.18 44.18 44.15 43.99 44 43.97 43.91 43.93 43.96 44.02 44.03 44.09 44.08 44.07 44.05 44.03 44.02 43.97 43.98 43.95 43.9 43.87 43.88 43.88 43.86 43.86 43.83 43.84 43.83 43.88 43.86 43.85 43.86 43.87 43.8 43.78 43.81 43.82
44.11 44.1 44.07 44.01 43.98 44.01 44.03 44.07 44.06 44.06 44.02 44.05 44.06 44.05 44.04 44.04 44.02 44.01 43.99 43.92 43.89 43.87 43.82 43.89 44.11 44.26 44.47 44.55 44.57 44.54 44.52 44.55 44.55 44.53 44.5 44.42 44.37 44.29 44.25 44.24 44.16 44.12 44.08 43.97 43.99 43.98 43.93 43.98 44 44.03 44.06 44.12 44.12 44.09 44.06 44.04 43.99 43.97 44.01 43.96 43.87 43.83 43.84 43.85 43.84 43.84 43.82 43.82 43.81 43.86 43.89 43.86 43.87 43.86 43.8 43.78 43.8 43.82
44.11 44.12 44.09 44.02 43.98 43.98 44.01 44.07 44.05 44.05 44.05 44.07 44.01 44 44.04 44.05 44.04 44 43.94 43.86 43.78 43.76 43.8 44.01 44.25 44.37 44.51 44.54 44.55 44.56 44.53 44.5 44.5 44.47 44.42 44.37 44.33 44.26 44.23 44.2 44.12 44.07 44.02 43.97 43.96 43.95 43.97 44 44 44.02 44.07 44.1 44.13 44.09 44.05 44.02 43.94 43.93 43.98 43.94 43.88 43.85 43.85 43.86 43.86 43.84 43.82 43.81 43.81 43.87 43.91 43.89 43.88 43.87 43.83 43.82 43.82 43.83
44.09 44.11 44.11 44.04 44 43.98 43.99 44.04 44.06 44.06 44.05 44.06 43.98 43.97 44.03 44.06 44.02 43.97 43.87 43.78 43.69 43.7 43.81 44.09 44.23 44.43 44.53 44.52 44.51 44.51 44.5 44.48 44.48 44.47 44.37 44.3 44.26 44.2 44.14 44.12 44.09 44.05 43.96 43.93 43.94 43.94 43.99 44.02 44.05 44.03 44.04 44.07 44.11 44.06 44.01 43.96 43.91 43.89 43.93 43.92 43.91 43.93 43.93 43.91 43.86 43.85 43.83 43.81 43.82 43.84 43.88 43.9 43.89 43.87 43.85 43.85 43.84 43.83
44.08 44.1 44.11 44.06 44.06 44.02 43.97 43.98 44.07 44.05 44.02 44.02 43.99 43.98 44.03 44.04 43.99 43.94 43.84 43.74 43.71 43.75 43.9 44.14 44.22 44.45 44.52 44.53 44.51 44.48 44.48 44.43 44.43 44.43 44.35 44.2 44.19 44.14 44.07 44.07 44.08 44.05 43.95 43.93 43.95 43.99 44.02 44.04 44.09 44.04 44.02 44.04 44.07 44.01 43.95 43.93 43.91 43.91 43.98 43.95 43.92 43.93 43.97 43.92 43.84 43.83 43.85 43.82 43.81 43.8 43.83 43.88 43.88 43.87 43.87 43.92 43.92 43.93
44.11 44.12 44.12 44.08 44.1 44.06 43.95 43.93 44.05 44.04 44 44.01 44.02 44 44.03 44.02 43.97 43.91 43.8 43.71 43.79 43.85 43.96 44.14 44.21 44.42 44.51 44.52 44.5 44.46 44.46 44.42 44.4 44.37 44.31 44.17 44.13 44.08 44.04 44.02 44.05 44.02 43.98 43.97 44 44.03 44.03 44.05 44.08 44.05 44.03 44.04 44.03 44 43.93 43.93 43.95 43.98 44.04 44 43.94 43.93 43.97 43.91 43.84 43.82 43.84 43.85 43.83 43.79 43.81 43.86 43.9 43.88 43.89 43.92 43.91 43.94
44.16 44.16 44.12 44.08 44.09 44.06 43.97 43.95 43.99 43.97 43.96 44.05 44.08 44.05 44.01 43.95 43.9 43.8 43.78 43.75 43.84 43.91 43.97 44.1 44.18 44.36 44.46 44.5 44.48 44.43 44.43 44.41 44.39 44.31 44.2 44.1 44.05 44.02 44.04 44.02 44.05 44.03 44.01 44.01 44.05 44.05 44.06 44.06 44.06 44.04 44.03 44.02 44.01 44.02 43.96 43.98 44.01 44.02 44.01 43.99 43.97 43.96 43.95 43.89 43.86 43.8 43.82 43.85 43.8 43.75 43.76 43.82 43.89 43.89 43.89 43.89 43.87 43.93
44.19 44.18 44.1 44.08 44.05 44.04 43.99 43.96 43.94 43.93 43.96 44.08 44.11 44.06 43.95 43.83 43.78 43.74 43.78 43.85 43.89 43.95 43.99 44.07 44.15 44.27 44.34 44.45 44.46 44.41 44.4 44.39 44.37 44.25 44.07 44.01 43.96 43.99 44.06 44.06 44.09 44.08 44.06 44.05 44.07 44.08 44.09 44.06 44.03 44.01 43.97 43.99 43.99 44 44.01 44.02 44.03 44.03 43.94 43.95 43.95 43.94 43.93 43.89 43.87 43.78 43.81 43.82 43.75 43.75 43.76 43.8 43.88 43.92 43.92 43.91 43.91 43.97
44.21 44.19 44.12 44.1 44.04 44.01 43.93 43.91 43.89 43.93 43.99 44.1 44.09 44.03 43.9 43.77 43.75 43.77 43.81 43.89 43.91 43.98 44 44.04 44.09 44.14 44.18 44.35 44.39 44.39 44.38 44.38 44.34 44.21 44.03 43.99 43.92 43.97 44.05 44.09 44.14 44.12 44.15 44.13 44.09 44.07 44.07 44.06 44.03 43.99 43.94 43.98 43.99 43.98 43.99 43.99 43.96 44.03 43.99 43.97 43.94 43.94 43.93 43.89 43.85 43.82 43.84 43.8 43.75 43.8 43.8 43.86 43.95 43.96 43.94 43.94 43.96 44
44.18 44.17 44.13 44.1 44.05 44.01 43.91 43.87 43.86 43.94 44.03 44.12 44.08 43.95 43.85 43.79 43.8 43.83 43.86 43.88 43.9 43.96 43.99 43.99 44 43.99 44.08 44.25 44.3 44.35 44.36 44.36 44.29 44.16 44.04 44 43.91 43.98 44.05 44.11 44.18 44.21 44.25 44.21 44.14 44.08 44.05 44.04 44.01 44.01 44 44.03 44.1 44.04 44.01 43.98 43.97 44.03 44.03 44 43.94 43.93 43.91 43.85 43.83 43.84 43.84 43.81 43.81 43.86 43.85 43.91 43.99 43.97 43.96 43.96 43.98 43.99
44.18 44.16 44.14 44.11 44.02 43.99 43.94 43.94 43.95 44.01 44.07 44.09 44.02 43.88 43.83 43.86 43.86 43.9 43.9 43.87 43.88 43.9 43.96 43.94 43.91 43.89 44.04 44.16 44.23 44.28 44.32 44.3 44.24 44.13 44.03 43.98 43.93 44.04 44.12 44.18 44.26 44.3 44.33 44.27 44.19 44.18 44.12 44.09 44.06 44.09 44.07 44.1 44.19 44.12 44.07 43.99 44 43.99 43.98 43.97 43.93 43.91 43.89 43.84 43.84 43.83 43.83 43.81 43.84 43.9 43.89 43.91 43.95 43.95 43.98 43.98 43.97 43.98
44.23 44.2 44.15 44.09 44.03 44 44.01 44.05 44.05 44.08 44.08 44.02 43.95 43.87 43.88 43.92 43.93 43.97 43.92 43.86 43.86 43.87 43.92 43.9 43.87 43.86 43.97 44.03 44.12 44.15 44.21 44.2 44.18 44.15 44 43.98 44 44.15 44.24 44.26 44.33 44.37 44.36 44.3 44.23 44.22 44.12 44.09 44.05 44.1 44.07 44.1 44.15 44.09 44.06 44.01 43.94 43.93 43.94 43.95 43.93 43.91 43.89 43.86 43.88 43.83 43.82 43.81 43.85 43.9 43.89 43.9 43.91 43.93 43.97 44 43.95 43.98
44.26 44.21 44.15 44.08 44.04 44.02 44.08 44.11 44.1 44.11 44.05 43.97 43.92 43.89 43.95 43.96 43.98 44.04 43.95 43.86 43.85 43.84 43.87 43.9 43.87 43.83 43.87 43.9 43.98 44.01 44.05 44.08 44.12 44.14 44.06 44.06 44.14 44.25 44.33 44.3 44.35 44.39 44.35 44.3 44.26 44.21 44.13 44.05 44.01 44.07 44.05 44.06 44.06 44.01 43.99 43.99 43.93 43.91 43.93 43.94 43.92 43.9 43.88 43.87 43.9 43.86 43.84 43.83 43.87 43.87 43.91 43.93 43.94 43.93 43.92 43.96 43.93 43.96
44.26 44.2 44.13 44.09 44.05 44.04 44.11 44.13 44.13 44.13 43.99 43.9 43.9 43.93 44 43.98 43.99 44.04 43.99 43.89 43.84 43.77 43.84 43.86 43.85 43.81 43.84 43.86 43.93 43.92 43.89 43.94 44.01 44.07 44.11 44.16 44.28 44.3 44.35 44.33 44.35 44.36 44.33 44.32 44.28 44.18 44.14 44.06 44.06 44.1 44.06 44 44 43.97 43.96 43.98 43.97 43.92 43.92 43.92 43.9 43.88 43.86 43.87 43.89 43.89 43.87 43.85 43.89 43.89 43.93 43.98 43.99 43.93 43.86 43.88 43.9 43.91
44.26 44.18 44.12 44.07 44.05 44.06 44.12 44.14 44.14 44.11 43.93 43.86 43.9 43.99 44.01 43.97 43.96 43.95 44 43.94 43.84 43.74 43.78 43.8 43.8 43.82 43.8 43.81 43.84 43.86 43.82 43.85 43.95 44.07 44.13 44.21 44.33 44.29 44.31 44.3 44.3 44.28 44.29 44.32 44.3 44.19 44.15 44.09 44.12 44.12 44.05 43.98 43.98 43.96 43.96 43.97 43.97 43.93 43.93 43.93 43.9 43.85 43.85 43.86 43.88 43.9 43.9 43.87 43.9 43.91 43.93 44.03 44.01 43.95 43.87 43.83 43.79 43.81
44.25 44.16 44.1 44.04 44.05 44.08 44.14 44.14 44.1 44.05 43.98 43.94 43.98 44.05 44.01 44 43.95 43.9 43.97 43.94 43.86 43.76 43.78 43.77 43.76 43.8 43.8 43.79 43.79 43.82 43.8 43.84 43.91 44.03 44.11 44.18 44.25 44.24 44.25 44.26 44.26 44.24 44.25 44.27 44.25 44.2 44.15 44.11 44.11 44.08 44.04 44 43.97 43.94 43.96 43.98 43.97 43.93 43.94 43.93 43.9 43.85 43.84 43.85 43.9 43.91 43.91 43.91 43.92 43.94 43.96 43.96 43.9 43.89 43.83 43.8 43.74 43.76
44.22 44.15 44.1 44.03 44.05 44.09 44.09 44.08 44.05 44.03 44.14 44.18 44.16 44.07 44.06 44.06 43.95 43.91 43.92 43.9 43.85 43.77 43.79 43.78 43.76 43.8 43.81 43.8 43.8 43.81 43.77 43.82 43.88 43.95 44.07 44.09 44.14 44.2 44.22 44.26 44.27 44.23 44.2 44.17 44.17 44.18 44.14 44.11 44.09 44.07 44.04 44.02 44 43.96 43.99 44 43.98 43.92 43.93 43.91 43.9 43.88 43.89 43.94 43.91 43.91 43.91 43.94 43.96 43.98 43.97 43.92 43.86 43.87 43.81 43.79 43.73 43.75
44.17 44.14 44.11 44.06 44.05 44.09 44.05 43.98 44 44.16 44.36 44.39 44.36 44.21 44.08 44.07 43.97 43.88 43.88 43.84 43.8 43.8 43.8 43.8 43.79 43.8 43.79 43.8 43.79 43.82 43.77 43.8 43.85 43.93 44.03 44.03 44.07 44.15 44.18 44.21 44.24 44.18 44.15 44.11 44.12 44.18 44.15 44.1 44.07 44.08 44.06 44.03 44.06 44.01 43.99 43.97 43.98 43.94 43.91 43.89 43.9 43.91 43.94 43.97 43.93 43.94 43.95 43.96 43.99 43.95 43.88 43.91 43.88 43.87 43.81 43.78 43.74 43.76
44.12 44.13 44.12 44.11 44.05 44.02 44 44.05 44.12 44.31 44.43 44.44 44.38 44.24 44.02 44.04 43.99 43.87 43.9 43.84 43.76 43.81 43.82 43.8 43.77 43.81 43.79 43.79 43.79 43.83 43.81 43.81 43.86 43.93 43.97 43.98 44.05 44.1 44.12 44.1 44.13 44.07 44.08 44.08 44.06 44.15 44.11 44.03 44.03 44.03 44.03 44.01 44.02 43.98 43.96 43.95 43.92 43.92 43.91 43.88 43.91 43.93 43.97 43.96 43.95 43.97 43.99 43.98 43.99 43.95 43.87 43.9 43.85 43.84 43.81 43.77 43.77 43.78
44.17 44.12 44.13 44.1 44.05 44 44.06 44.17 44.32 44.41 44.41 44.41 44.34 44.21 44.05 44.05 44.01 43.93 43.93 43.86 43.76 43.79 43.81 43.79 43.75 43.79 43.79 43.78 43.78 43.81 43.81 43.83 43.87 43.93 43.94 43.94 44.04 44.11 44.11 44.05 44 44 44.02 44.02 43.99 44.02 44 43.99 44.03 43.99 43.97 43.98 43.95 43.93 43.93 43.93 43.91 43.91 43.91 43.9 43.91 43.92 43.96 43.97 43.99 44 44.01 43.98 43.97 43.96 43.9 43.86 43.83 43.81 43.81 43.79 43.79 43.79
44.25 44.15 44.15 44.13 44.1 44.2 44.29 44.34 44.42 44.44 44.35 44.34 44.31 44.25 44.14 44.09 44.01 43.96 43.92 43.85 43.77 43.78 43.78 43.78 43.76 43.77 43.77 43.76 43.77 43.76 43.78 43.84 43.88 43.95 43.94 43.95 44.03 44.17 44.15 44.06 43.94 43.96 43.95 43.93 43.96 43.89 43.89 43.94 43.97 43.94 43.93 43.96 43.94 43.93 43.93 43.89 43.9 43.9 43.92 43.94 43.92 43.93 43.96 44 44.02 44 43.98 43.96 43.94 43.94 43.88 43.82 43.84 43.82 43.79 43.8 43.8 43.79
44.43 44.23 44.11 44.12 44.21 44.47 44.5 44.5 44.46 44.39 44.31 44.3 44.28 44.3 44.23 44.13 43.98 43.93 43.87 43.82 43.76 43.77 43.77 43.78 43.77 43.78 43.77 43.76 43.76 43.75 43.78 43.85 43.92 44.02 43.99 43.98 44.04 44.09 44.09 44.01 43.94 43.87 43.85 43.86 43.91 43.86 43.87 43.91 43.89 43.89 43.92 43.96 43.92 43.93 43.95 43.93 43.88 43.89 43.92 43.96 43.93 43.95 44 44.01 44.02 43.98 43.95 43.93 43.92 43.91 43.86 43.81 43.83 43.82 43.77 43.79 43.8 43.79
44.58 44.38 44.14 44.18 44.4 44.6 44.6 44.58 44.47 44.34 44.34 44.31 44.28 44.32 44.26 44.17 43.98 43.9 43.85 43.81 43.77 43.78 43.78 43.79 43.76 43.77 43.78 43.77 43.78 43.76 43.79 43.87 43.96 44.08 44.05 43.98 43.94 43.95 43.96 43.94 43.89 43.86 43.84 43.87 43.89 43.87 43.87 43.92 43.9 43.9 43.94 43.95 43.89 43.9 43.94 43.97 43.92 43.91 43.89 43.98 43.98 44 44.04 44.04 44.04 44 43.96 43.92 43.9 43.91 43.88 43.84 43.85 43.84 43.75 43.78 43.79 43.79
44.65 44.57 44.38 44.4 44.55 44.63 44.63 44.58 44.47 44.37 44.4 44.36 44.32 44.3 44.2 44.15 43.99 43.87 43.84 43.81 43.8 43.79 43.78 43.78 43.77 43.81 43.8 43.78 43.77 43.79 43.83 43.87 43.93 43.99 43.97 43.91 43.84 43.84 43.86 43.88 43.85 43.84 43.85 43.89 43.88 43.86 43.88 43.96 43.96 43.93 43.92 43.92 43.87 43.88 43.9 43.97 43.97 43.95 43.91 44.01 44.06 44.07 44.08 44.09 44.07 44.03 43.96 43.91 43.91 43.91 43.91 43.88 43.88 43.86 43.74 43.79 43.78 43.77
44.69 44.72 44.69 44.63 44.62 44.66 44.65 44.56 44.47 44.45 44.44 44.41 44.36 44.27 44.16 44.14 44.03 43.84 43.82 43.8 43.81 43.8 43.78 43.77 43.78 43.82 43.8 43.83 43.84 43.86 43.91 43.91 43.94 43.94 43.9 43.85 43.8 43.79 43.8 43.84 43.81 43.82 43.84 43.89 43.88 43.88 43.91 43.97 43.96 43.94 43.9 43.89 43.88 43.89 43.91 43.97 44.01 44.01 44 44.04 44.1 44.13 44.13 44.11 44.07 44 43.94 43.94 43.93 43.9 43.91 43.88 43.88 43.86 43.78 43.82 43.79 43.76
44.72 44.8 44.84 44.75 44.67 44.7 44.64 44.55 44.49 44.51 44.43 44.41 44.37 44.28 44.23 44.17 44.05 43.84 43.81 43.81 43.79 43.74 43.76 43.83 43.88 43.88 43.87 43.9 43.88 43.94 43.95 43.95 43.92 43.92 43.89 43.85 43.81 43.78 43.79 43.81 43.8 43.81 43.84 43.86 43.86 43.89 43.94 43.93 43.91 43.92 43.88 43.89 43.88 43.92 43.97 44.01 44.03 44.05 44.09 44.08 44.11 44.14 44.16 44.12 44.07 43.97 43.93 43.96 43.93 43.89 43.94 43.89 43.88 43.84 43.83 43.84 43.81 43.78
44.76 44.8 44.86 44.82 44.73 44.7 44.61 44.54 44.49 44.52 44.44 44.42 44.36 44.26 44.27 44.24 44.09 43.89 43.85 43.8 43.75 43.75 43.79 43.9 43.97 43.99 43.98 43.95 43.93 44.02 44.03 44 43.91 43.9 43.86 43.83 43.82 43.79 43.79 43.81 43.8 43.81 43.84 43.83 43.84 43.89 43.95 43.89 43.88 43.89 43.88 43.9 43.91 43.96 44.02 44.05 44.06 44.08 44.11 44.1 44.1 44.11 44.13 44.1 44.04 43.95 43.93 43.95 43.94 43.94 43.95 43.92 43.91 43.84 43.85 43.84 43.83 43.83
44.86 44.78 44.82 44.81 44.73 44.63 44.59 44.52 44.44 44.49 44.47 44.43 44.38 44.31 44.33 44.32 44.16 43.99 43.94 43.87 43.8 43.82 43.86 43.97 43.99 44.09 44.1 44.01 44 44.06 44.07 44.04 43.94 43.9 43.83 43.78 43.79 43.79 43.79 43.82 43.81 43.83 43.86 43.85 43.85 43.89 43.92 43.9 43.9 43.89 43.9 43.91 43.95 43.98 44.05 44.08 44.08 44.06 44.09 44.05 44.03 44.03 44.03 44.03 44.02 43.98 43.94 43.93 43.94 43.96 43.99 43.98 43.96 43.91 43.9 43.85 43.85 43.84
44.93 44.79 44.77 44.77 44.71 44.61 44.58 44.51 44.48 44.5 44.48 44.45 44.41 44.35 44.36 44.33 44.24 44.08 44.02 43.93 43.92 43.93 43.95 44.04 44.05 44.14 44.15 44.06 44.04 44.07 44.06 44.04 43.96 43.9 43.82 43.77 43.76 43.77 43.8 43.82 43.84 43.85 43.87 43.85 43.84 43.86 43.9 43.91 43.91 43.9 43.91 43.9 43.93 43.94 44.03 44.11 44.11 44.09 44.08 44.1 44.07 44 43.96 43.98 44 44.02 43.97 43.92 43.94 43.97 44.03 43.99 43.98 43.95 43.92 43.87 43.86 43.82
