slabs/18.grd
DSAA
631 301
642630 643260
4948100 4948400
43.05 48.28
[rows 136 to 169 of 300, columns 390 to 467 of 631]
46.83 46.84 46.84 46.83 46.77 46.72 46.66 46.64 46.71 46.76 46.76 46.74 46.72 46.71 46.73 46.73 46.73 46.73 46.75 46.76 46.74 46.72 46.72 46.77 46.83 46.95 47.07 47.12 47.13 47.15 47.17 47.21 47.24 47.25 47.27 47.29 47.32 47.32 47.31 47.32 47.32 47.29 47.26 47.24 47.23 47.18 47.1 47.05 47.03 46.98 46.92 46.92 46.94 46.96 46.95 46.93 46.9 46.89 46.91 46.93 46.94 46.99 47.08 47.12 47.17 47.31 47.48 47.56 47.54 47.48 47.45 47.41 47.4 47.39 47.37 47.35 47.32 47.32
46.81 46.82 46.79 46.78 46.74 46.69 46.65 46.63 46.68 46.71 46.75 46.78 46.74 46.72 46.71 46.72 46.73 46.74 46.76 46.77 46.77 46.75 46.73 46.73 46.74 46.85 47.01 47.1 47.12 47.15 47.18 47.21 47.25 47.25 47.25 47.26 47.27 47.28 47.29 47.29 47.28 47.26 47.23 47.21 47.19 47.14 47.02 46.93 46.9 46.9 46.91 46.93 46.94 46.95 46.95 46.94 46.91 46.89 46.91 46.93 46.94 46.97 47.02 47.04 47.02 47.1 47.23 47.36 47.48 47.49 47.46 47.43 47.41 47.38 47.34 47.33 47.32 47.32
46.76 46.8 46.77 46.75 46.73 46.68 46.65 46.64 46.66 46.69 46.71 46.75 46.76 46.75 46.72 46.7 46.73 46.75 46.77 46.79 46.79 46.77 46.75 46.72 46.71 46.79 46.96 47.09 47.12 47.15 47.19 47.22 47.23 47.23 47.23 47.23 47.22 47.24 47.25 47.22 47.21 47.21 47.2 47.18 47.14 47.05 46.93 46.86 46.86 46.88 46.92 46.92 46.92 46.93 46.94 46.95 46.92 46.89 46.91 46.93 46.96 46.99 47.01 47.01 47 47.03 47.06 47.17 47.36 47.46 47.45 47.43 47.41 47.35 47.3 47.3 47.31 47.3
46.74 46.74 46.73 46.72 46.68 46.67 46.67 46.65 46.66 46.67 46.67 46.71 46.74 46.73 46.72 46.69 46.71 46.74 46.78 46.82 46.83 46.82 46.77 46.73 46.72 46.75 46.89 47.06 47.14 47.16 47.2 47.21 47.21 47.21 47.21 47.21 47.23 47.22 47.18 47.14 47.12 47.14 47.12 47.09 47 46.88 46.81 46.81 46.83 46.88 46.9 46.9 46.9 46.91 46.92 46.92 46.92 46.91 46.9 46.9 46.93 46.97 46.99 46.99 47 47 46.99 47.04 47.23 47.41 47.45 47.44 47.4 47.33 47.28 47.29 47.3 47.27
46.72 46.71 46.71 46.7 46.68 46.68 46.68 46.67 46.67 46.68 46.68 46.7 46.71 46.71 46.71 46.69 46.68 46.7 46.76 46.81 46.84 46.83 46.8 46.75 46.72 46.73 46.82 47.01 47.14 47.17 47.18 47.19 47.18 47.2 47.19 47.19 47.21 47.18 47.12 47.08 47.04 46.97 46.9 46.87 46.84 46.78 46.75 46.75 46.8 46.87 46.89 46.88 46.88 46.88 46.88 46.88 46.89 46.9 46.89 46.88 46.91 46.96 46.97 46.97 46.97 46.97 46.97 47 47.15 47.34 47.43 47.44 47.39 47.33 47.29 47.3 47.29 47.26
46.71 46.72 46.7 46.69 46.68 46.69 46.68 46.67 46.68 46.7 46.71 46.72 46.73 46.72 46.71 46.69 46.67 46.68 46.73 46.78 46.8 46.82 46.82 46.75 46.71 46.72 46.78 46.94 47.07 47.12 47.16 47.19 47.19 47.18 47.17 47.17 47.15 47.12 47.04 46.95 46.88 46.82 46.79 46.78 46.76 46.69 46.68 46.71 46.76 46.84 46.88 46.88 46.87 46.86 46.85 46.85 46.88 46.91 46.9 46.88 46.9 46.94 46.95 46.96 46.96 46.97 46.98 47.01 47.11 47.26 47.36 47.4 47.39 47.33 47.31 47.31 47.29 47.26
46.71 46.71 46.7 46.69 46.69 46.69 46.69 46.69 46.71 46.74 46.77 46.78 46.78 46.77 46.75 46.73 46.7 46.69 46.71 46.75 46.77 46.83 46.85 46.79 46.73 46.71 46.72 46.8 46.88 46.98 47.11 47.18 47.18 47.15 47.12 47.11 47.09 47.03 46.94 46.86 46.82 46.8 46.73 46.65 46.62 46.61 46.63 46.68 46.73 46.82 46.86 46.87 46.87 46.86 46.84 46.87 46.92 46.94 46.93 46.9 46.9 46.92 46.94 46.95 46.96 46.99 47.01 47.04 47.11 47.2 47.26 47.34 47.39 47.34 47.31 47.29 47.27 47.26
46.7 46.7 46.71 46.71 46.71 46.71 46.71 46.73 46.77 46.8 46.81 46.82 46.83 46.82 46.8 46.77 46.73 46.69 46.69 46.76 46.8 46.84 46.87 46.83 46.78 46.75 46.71 46.7 46.7 46.83 47.01 47.09 47.12 47.12 47.09 46.98 46.88 46.87 46.87 46.85 46.82 46.76 46.67 46.6 46.59 46.6 46.63 46.67 46.71 46.8 46.85 46.87 46.87 46.87 46.87 46.91 46.96 46.97 46.96 46.94 46.93 46.94 46.94 46.95 46.97 47 47.02 47.05 47.1 47.15 47.18 47.26 47.34 47.31 47.26 47.26 47.25 47.25
46.71 46.7 46.71 46.72 46.73 46.73 46.73 46.77 46.82 46.83 46.83 46.84 46.85 46.86 46.85 46.79 46.76 46.7 46.66 46.72 46.78 46.81 46.86 46.85 46.82 46.77 46.72 46.71 46.72 46.78 46.91 46.98 47.02 46.97 46.87 46.8 46.77 46.81 46.85 46.86 46.83 46.73 46.64 46.63 46.63 46.63 46.66 46.68 46.72 46.79 46.84 46.86 46.88 46.9 46.92 46.95 46.97 46.97 46.97 46.97 46.97 46.95 46.94 46.95 46.96 46.98 46.99 47 47.03 47.08 47.12 47.18 47.26 47.28 47.24 47.21 47.22 47.22
46.72 46.72 46.72 46.72 46.73 46.73 46.75 46.8 46.84 46.84 46.82 46.82 46.83 46.85 46.85 46.83 46.8 46.74 46.68 46.71 46.76 46.79 46.83 46.83 46.82 46.8 46.76 46.74 46.73 46.73 46.76 46.82 46.85 46.81 46.77 46.77 46.78 46.83 46.87 46.87 46.83 46.73 46.67 46.67 46.67 46.66 46.67 46.7 46.74 46.79 46.83 46.85 46.88 46.93 46.96 46.97 46.97 46.97 46.96 46.96 46.96 46.94 46.93 46.95 46.93 46.9 46.9 46.91 46.96 47 47.04 47.07 47.11 47.17 47.21 47.19 47.06 46.93
46.72 46.73 46.73 46.73 46.75 46.77 46.78 46.79 46.82 46.85 46.82 46.79 46.8 46.81 46.83 46.83 46.83 46.77 46.68 46.69 46.74 46.75 46.79 46.81 46.8 46.78 46.75 46.72 46.7 46.69 46.68 46.69 46.73 46.77 46.79 46.82 46.84 46.86 46.89 46.88 46.83 46.74 46.71 46.72 46.71 46.69 46.69 46.71 46.76 46.81 46.83 46.84 46.89 46.96 47 47 46.99 46.98 46.98 46.98 46.97 46.95 46.92 46.91 46.89 46.86 46.86 46.86 46.89 46.93 46.97 46.96 46.92 46.93 46.99 47.02 46.87 46.72
46.72 46.74 46.75 46.75 46.75 46.76 46.77 46.79 46.81 46.85 46.85 46.82 46.81 46.82 46.83 46.82 46.8 46.77 46.7 46.67 46.71 46.72 46.74 46.76 46.77 46.76 46.72 46.68 46.67 46.66 46.66 46.67 46.72 46.79 46.82 46.83 46.85 46.89 46.9 46.88 46.83 46.76 46.76 46.76 46.75 46.73 46.72 46.74 46.78 46.83 46.85 46.88 46.96 47.02 47.03 47.03 47.02 47.01 47 47 47 47 47 46.93 46.86 46.83 46.81 46.8 46.81 46.83 46.84 46.82 46.78 46.77 46.79 46.78 46.71 46.64
46.75 46.77 46.78 46.77 46.75 46.77 46.78 46.79 46.81 46.83 46.86 46.87 46.86 46.84 46.83 46.81 46.79 46.77 46.73 46.69 46.7 46.7 46.71 46.72 46.73 46.74 46.7 46.68 46.67 46.66 46.66 46.68 46.72 46.77 46.79 46.79 46.82 46.87 46.89 46.87 46.82 46.78 46.78 46.78 46.77 46.76 46.75 46.76 46.78 46.82 46.84 46.9 46.98 47.02 47.02 47.02 47.03 47.03 47.03 47.03 47.03 47.02 47.02 46.96 46.85 46.79 46.77 46.76 46.75 46.75 46.74 46.71 46.68 46.68 46.66 46.63 46.62 46.61
46.78 46.78 46.8 46.81 46.8 46.79 46.76 46.76 46.77 46.79 46.84 46.86 46.87 46.85 46.82 46.81 46.79 46.77 46.75 46.72 46.69 46.69 46.7 46.7 46.71 46.72 46.7 46.68 46.67 46.68 46.67 46.65 46.66 46.69 46.71 46.74 46.79 46.86 46.9 46.87 46.81 46.77 46.78 46.77 46.75 46.75 46.76 46.78 46.8 46.82 46.85 46.9 46.96 46.99 47 47 46.99 46.99 47 47 47 46.99 46.99 46.95 46.83 46.75 46.73 46.72 46.71 46.69 46.67 46.64 46.61 46.6 46.59 46.57 46.57 46.57
46.78 46.78 46.79 46.8 46.81 46.78 46.74 46.75 46.76 46.78 46.81 46.86 46.88 46.86 46.83 46.82 46.81 46.8 46.77 46.74 46.7 46.69 46.69 46.69 46.7 46.71 46.69 46.67 46.66 46.67 46.67 46.64 46.63 46.65 46.68 46.73 46.8 46.87 46.91 46.88 46.81 46.77 46.78 46.76 46.73 46.73 46.74 46.77 46.82 46.85 46.85 46.88 46.93 46.95 46.95 46.95 46.96 46.96 46.97 46.97 46.96 46.96 46.96 46.92 46.82 46.72 46.7 46.68 46.65 46.62 46.6 46.57 46.56 46.57 46.57 46.56 46.57 46.58
46.8 46.8 46.79 46.78 46.8 46.8 46.76 46.75 46.77 46.79 46.82 46.86 46.87 46.87 46.86 46.86 46.86 46.83 46.8 46.78 46.74 46.69 46.67 46.68 46.69 46.7 46.69 46.67 46.66 46.67 46.65 46.62 46.65 46.72 46.77 46.82 46.88 46.89 46.88 46.86 46.83 46.77 46.74 46.74 46.75 46.75 46.75 46.78 46.82 46.84 46.85 46.86 46.9 46.91 46.92 46.92 46.93 46.93 46.93 46.92 46.92 46.93 46.93 46.89 46.78 46.69 46.66 46.63 46.59 46.56 46.54 46.5 46.51 46.54 46.54 46.58 46.67 46.73
46.78 46.81 46.81 46.78 46.78 46.8 46.77 46.74 46.75 46.78 46.81 46.83 46.85 46.88 46.92 46.93 46.91 46.85 46.8 46.79 46.77 46.71 46.67 46.66 46.66 46.67 46.67 46.67 46.66 46.65 46.65 46.65 46.72 46.83 46.89 46.91 46.9 46.89 46.87 46.86 46.83 46.79 46.75 46.75 46.75 46.73 46.71 46.73 46.78 46.82 46.83 46.84 46.87 46.88 46.89 46.9 46.9 46.9 46.89 46.88 46.89 46.9 46.89 46.85 46.76 46.69 46.65 46.6 46.56 46.54 46.5 46.46 46.45 46.49 46.54 46.65 46.78 46.88
46.78 46.81 46.81 46.79 46.78 46.78 46.76 46.74 46.74 46.76 46.79 46.8 46.83 46.88 46.94 46.97 46.93 46.84 46.77 46.76 46.75 46.7 46.65 46.64 46.63 46.63 46.64 46.64 46.65 46.67 46.7 46.76 46.86 46.91 46.93 46.93 46.92 46.9 46.9 46.88 46.84 46.79 46.75 46.74 46.73 46.73 46.73 46.73 46.74 46.75 46.77 46.82 46.85 46.86 46.86 46.87 46.86 46.84 46.84 46.85 46.86 46.86 46.85 46.81 46.73 46.68 46.64 46.58 46.54 46.52 46.49 46.47 46.48 46.56 46.71 46.85 46.91 46.96
46.8 46.8 46.8 46.79 46.79 46.78 46.76 46.76 46.76 46.76 46.79 46.8 46.81 46.86 46.92 46.95 46.9 46.8 46.74 46.72 46.72 46.69 46.64 46.64 46.63 46.63 46.64 46.64 46.65 46.7 46.75 46.85 46.95 46.97 46.96 46.95 46.94 46.93 46.91 46.89 46.84 46.78 46.75 46.73 46.72 46.72 46.73 46.73 46.72 46.71 46.72 46.77 46.82 46.83 46.84 46.82 46.8 46.79 46.81 46.83 46.82 46.82 46.81 46.77 46.71 46.68 46.64 46.6 46.56 46.52 46.49 46.53 46.61 46.7 46.8 46.91 47.02 47.05
46.8 46.79 46.8 46.8 46.79 46.78 46.77 46.77 46.77 46.77 46.79 46.79 46.8 46.83 46.89 46.92 46.87 46.77 46.7 46.67 46.71 46.72 46.69 46.7 46.69 46.65 46.65 46.66 46.66 46.72 46.8 46.9 46.99 47 46.99 46.98 46.96 46.94 46.93 46.9 46.84 46.77 46.74 46.73 46.71 46.72 46.71 46.7 46.7 46.7 46.7 46.72 46.77 46.8 46.79 46.77 46.76 46.78 46.8 46.8 46.78 46.77 46.76 46.73 46.69 46.67 46.65 46.61 46.57 46.52 46.53 46.64 46.72 46.75 46.79 46.86 46.95 47.02
46.78 46.8 46.81 46.8 46.79 46.78 46.77 46.76 46.77 46.78 46.79 46.79 46.81 46.85 46.87 46.88 46.83 46.73 46.66 46.64 46.7 46.76 46.78 46.8 46.74 46.66 46.67 46.68 46.69 46.78 46.88 46.97 47.03 47.03 47.01 47 46.98 46.95 46.93 46.89 46.83 46.78 46.76 46.73 46.72 46.72 46.72 46.71 46.69 46.67 46.68 46.69 46.7 46.72 46.72 46.71 46.74 46.77 46.77 46.75 46.74 46.74 46.72 46.69 46.67 46.65 46.61 46.58 46.55 46.55 46.61 46.68 46.71 46.73 46.75 46.81 46.87 46.94
46.78 46.81 46.81 46.79 46.78 46.77 46.77 46.79 46.78 46.78 46.77 46.75 46.78 46.85 46.88 46.89 46.86 46.81 46.77 46.77 46.79 46.81 46.81 46.81 46.73 46.64 46.63 46.67 46.71 46.81 46.93 47.02 47.07 47.05 47.03 47.02 47 46.97 46.93 46.88 46.82 46.79 46.76 46.73 46.72 46.72 46.72 46.71 46.67 46.64 46.66 46.66 46.66 46.66 46.66 46.69 46.73 46.74 46.73 46.72 46.7 46.69 46.68 46.66 46.63 46.61 46.59 46.59 46.58 46.59 46.63 46.67 46.68 46.7 46.72 46.76 46.79 46.84
46.78 46.8 46.81 46.81 46.8 46.79 46.8 46.8 46.8 46.78 46.77 46.76 46.78 46.8 46.82 46.85 46.87 46.86 46.86 46.86 46.86 46.84 46.82 46.81 46.73 46.66 46.65 46.67 46.68 46.76 46.87 47 47.1 47.07 47.05 47.04 47 46.97 46.93 46.87 46.82 46.79 46.77 46.73 46.72 46.72 46.73 46.71 46.67 46.65 46.65 46.66 46.66 46.66 46.64 46.66 46.7 46.71 46.7 46.69 46.67 46.65 46.63 46.62 46.6 46.59 46.58 46.58 46.59 46.61 46.63 46.65 46.66 46.67 46.69 46.72 46.74 46.78
46.8 46.79 46.8 46.81 46.82 46.81 46.8 46.8 46.8 46.8 46.78 46.78 46.78 46.78 46.79 46.83 46.88 46.89 46.89 46.88 46.87 46.86 46.84 46.82 46.77 46.72 46.7 46.67 46.64 46.7 46.77 46.94 47.09 47.09 47.07 47.05 47 46.96 46.92 46.87 46.82 46.79 46.77 46.74 46.72 46.72 46.72 46.7 46.67 46.67 46.65 46.63 46.64 46.65 46.64 46.63 46.63 46.65 46.68 46.67 46.66 46.63 46.59 46.58 46.57 46.57 46.56 46.56 46.57 46.6 46.63 46.65 46.66 46.67 46.69 46.72 46.73 46.76
46.77 46.78 46.79 46.8 46.81 46.82 46.81 46.8 46.8 46.79 46.77 46.76 46.78 46.79 46.8 46.82 46.88 46.91 46.89 46.87 46.86 46.86 46.86 46.84 46.82 46.77 46.71 46.67 46.63 46.66 46.7 46.83 47.01 47.09 47.09 47.05 46.99 46.94 46.91 46.87 46.82 46.79 46.77 46.74 46.71 46.7 46.7 46.69 46.67 46.66 46.64 46.63 46.63 46.63 46.62 46.62 46.62 46.61 46.63 46.64 46.63 46.6 46.58 46.56 46.54 46.55 46.56 46.55 46.55 46.58 46.61 46.65 46.66 46.67 46.69 46.72 46.74 46.76
46.76 46.77 46.79 46.79 46.8 46.81 46.81 46.8 46.8 46.79 46.78 46.77 46.78 46.8 46.8 46.81 46.87 46.9 46.89 46.87 46.85 46.86 46.87 46.87 46.87 46.8 46.72 46.67 46.65 46.67 46.7 46.74 46.88 47.03 47.08 47.05 46.98 46.94 46.91 46.87 46.83 46.8 46.77 46.74 46.72 46.72 46.7 46.66 46.64 46.63 46.63 46.63 46.62 46.62 46.61 46.61 46.64 46.61 46.59 46.6 46.6 46.58 46.55 46.53 46.53 46.54 46.56 46.56 46.55 46.56 46.59 46.63 46.65 46.67 46.69 46.72 46.73 46.74
46.76 46.79 46.8 46.79 46.79 46.79 46.8 46.81 46.8 46.79 46.79 46.78 46.77 46.78 46.77 46.79 46.84 46.88 46.9 46.88 46.84 46.83 46.84 46.87 46.88 46.82 46.74 46.7 46.69 46.7 46.71 46.71 46.77 46.88 46.98 47.01 46.97 46.94 46.91 46.87 46.83 46.8 46.77 46.74 46.72 46.7 46.7 46.67 46.64 46.63 46.63 46.64 46.63 46.62 46.6 46.6 46.62 46.61 46.58 46.57 46.56 46.56 46.55 46.53 46.53 46.54 46.56 46.57 46.57 46.56 46.57 46.59 46.6 46.61 46.66 46.7 46.71 46.71
46.74 46.77 46.78 46.77 46.78 46.78 46.79 46.8 46.81 46.81 46.81 46.79 46.77 46.77 46.76 46.79 46.82 46.85 46.88 46.88 46.84 46.77 46.72 46.76 46.84 46.87 46.83 46.74 46.71 46.72 46.71 46.68 46.71 46.76 46.83 46.89 46.91 46.92 46.91 46.89 46.86 46.84 46.8 46.76 46.73 46.7 46.7 46.7 46.69 46.69 46.68 46.66 46.63 46.62 46.61 46.6 46.6 46.6 46.59 46.55 46.53 46.55 46.55 46.54 46.54 46.56 46.58 46.6 46.6 46.58 46.54 46.52 46.49 46.48 46.55 46.62 46.66 46.67
46.74 46.75 46.76 46.77 46.78 46.78 46.78 46.8 46.83 46.83 46.83 46.82 46.79 46.76 46.76 46.78 46.81 46.83 46.85 46.86 46.85 46.81 46.7 46.67 46.77 46.83 46.83 46.79 46.71 46.66 46.6 46.58 46.67 46.74 46.76 46.78 46.82 46.85 46.86 46.85 46.82 46.79 46.78 46.77 46.75 46.72 46.7 46.71 46.71 46.72 46.71 46.67 46.63 46.62 46.63 46.61 46.59 46.6 46.58 46.56 46.55 46.54 46.54 46.55 46.56 46.57 46.6 46.61 46.61 46.61 46.56 46.53 46.49 46.45 46.47 46.54 46.58 46.6
46.76 46.77 46.77 46.79 46.8 46.79 46.8 46.81 46.82 46.82 46.82 46.82 46.8 46.77 46.75 46.76 46.79 46.83 46.85 46.86 46.85 46.82 46.76 46.68 46.75 46.82 46.83 46.81 46.71 46.63 46.55 46.52 46.61 46.68 46.7 46.71 46.74 46.75 46.76 46.78 46.78 46.73 46.69 46.71 46.73 46.72 46.71 46.68 46.65 46.67 46.7 46.68 46.63 46.63 46.63 46.62 46.6 46.6 46.58 46.56 46.56 46.54 46.54 46.56 46.57 46.6 46.61 46.62 46.63 46.62 46.56 46.49 46.48 46.46 46.46 46.5 46.54 46.57
46.77 46.78 46.79 46.8 46.79 46.79 46.82 46.8 46.8 46.83 46.84 46.82 46.8 46.78 46.78 46.79 46.8 46.81 46.83 46.84 46.85 46.87 46.82 46.72 46.68 46.72 46.8 46.83 46.73 46.63 46.54 46.5 46.57 46.62 46.66 46.71 46.69 46.68 46.69 46.74 46.77 46.71 46.63 46.64 46.67 46.68 46.71 46.68 46.61 46.64 46.69 46.68 46.63 46.61 46.62 46.64 46.64 46.62 46.59 46.58 46.56 46.55 46.57 46.58 46.6 46.62 46.62 46.63 46.64 46.61 46.55 46.53 46.54 46.54 46.54 46.55 46.57 46.58
46.74 46.75 46.74 46.75 46.76 46.77 46.8 46.8 46.81 46.84 46.86 46.84 46.82 46.81 46.81 46.8 46.8 46.8 46.82 46.84 46.86 46.89 46.87 46.78 46.66 46.62 46.73 46.84 46.77 46.69 46.59 46.54 46.59 46.63 46.68 46.73 46.71 46.67 46.68 46.73 46.75 46.71 46.65 46.64 46.63 46.65 46.72 46.73 46.71 46.69 46.69 46.67 46.63 46.61 46.6 46.63 46.66 46.62 46.57 46.55 46.56 46.57 46.59 46.62 46.62 46.63 46.64 46.63 46.62 46.6 46.58 46.59 46.6 46.6 46.61 46.62 46.62 46.63
46.72 46.73 46.69 46.72 46.76 46.79 46.81 46.81 46.8 46.8 46.81 46.81 46.81 46.82 46.82 46.81 46.79 46.79 46.81 46.83 46.86 46.87 46.87 46.82 46.68 46.56 46.68 46.82 46.8 46.76 46.68 46.62 46.66 46.69 46.74 46.75 46.72 46.68 46.68 46.72 46.73 46.7 46.67 46.66 46.65 46.67 46.73 46.74 46.71 46.68 46.66 46.65 46.65 46.63 46.61 46.62 46.64 46.63 46.59 46.58 46.58 46.59 46.61 46.65 46.65 46.65 46.64 46.63 46.62 46.61 46.62 46.63 46.65 46.66 46.67 46.67 46.68 46.68
46.71 46.72 46.72 46.74 46.77 46.79 46.8 46.8 46.8 46.81 46.81 46.8 46.81 46.82 46.83 46.81 46.79 46.78 46.79 46.82 46.85 46.87 46.86 46.83 46.71 46.57 46.64 46.78 46.8 46.79 46.74 46.71 46.73 46.75 46.79 46.76 46.7 46.67 46.69 46.74 46.74 46.72 46.69 46.68 46.68 46.68 46.69 46.68 46.66 46.65 46.63 46.65 46.67 46.63 46.62 46.62 46.63 46.61 46.59 46.58 46.58 46.59 46.62 46.64 46.66 46.66 46.64 46.64 46.64 46.66 46.69 46.71 46.72 46.72 46.72 46.73 46.74 46.71
