slabs/18.grd
DSAA
631 301
642630 643260
4948100 4948400
43.05 48.28
[rows 170 to 203 of 300, columns 546 to 623 of 631]
46.94 46.92 46.9 46.87 46.89 46.93 46.93 46.92 46.87 46.86 46.89 46.87 46.86 46.87 46.87 46.89 46.93 46.95 46.95 46.93 46.9 46.87 46.85 46.84 46.82 46.79 46.76 46.78 46.81 46.8 46.76 46.68 46.53 46.42 46.42 46.45 46.46 46.45 46.44 46.46 46.56 46.63 46.67 46.71 46.75 46.8 46.79 46.74 46.7 46.67 46.65 46.61 46.61 46.63 46.66 46.67 46.66 46.65 46.67 46.7 46.69 46.72 46.74 46.74 46.76 46.74 46.74 46.76 46.77 46.76 46.77 46.78 46.78 46.81 46.84 46.84 46.83 46.83
46.96 46.96 46.92 46.89 46.9 46.92 46.94 46.93 46.89 46.89 46.92 46.89 46.87 46.88 46.88 46.87 46.89 46.92 46.92 46.9 46.88 46.85 46.83 46.83 46.84 46.79 46.74 46.73 46.73 46.74 46.7 46.58 46.45 46.42 46.43 46.45 46.47 46.49 46.52 46.58 46.66 46.71 46.72 46.73 46.79 46.84 46.8 46.74 46.69 46.65 46.64 46.61 46.61 46.63 46.69 46.71 46.7 46.67 46.67 46.7 46.69 46.72 46.74 46.75 46.77 46.75 46.77 46.8 46.81 46.77 46.75 46.77 46.78 46.8 46.83 46.85 46.87 46.86
47.01 46.98 46.94 46.92 46.91 46.93 46.94 46.93 46.89 46.88 46.89 46.89 46.88 46.88 46.88 46.86 46.87 46.89 46.89 46.88 46.86 46.83 46.81 46.84 46.87 46.86 46.82 46.77 46.69 46.64 46.56 46.46 46.42 46.43 46.45 46.53 46.6 46.62 46.65 46.72 46.78 46.79 46.77 46.75 46.75 46.75 46.73 46.72 46.7 46.69 46.69 46.65 46.63 46.65 46.7 46.72 46.71 46.68 46.67 46.69 46.69 46.7 46.73 46.75 46.76 46.76 46.78 46.81 46.81 46.77 46.75 46.79 46.82 46.84 46.87 46.91 46.9 46.86
47.02 46.99 46.97 46.96 46.94 46.93 46.93 46.9 46.87 46.86 46.85 46.85 46.86 46.86 46.85 46.86 46.87 46.88 46.89 46.89 46.88 46.85 46.84 46.86 46.87 46.85 46.82 46.72 46.59 46.52 46.46 46.42 46.43 46.44 46.5 46.61 46.68 46.69 46.73 46.8 46.85 46.85 46.81 46.75 46.72 46.69 46.7 46.71 46.72 46.73 46.73 46.68 46.65 46.66 46.7 46.72 46.71 46.71 46.69 46.68 46.67 46.69 46.72 46.76 46.77 46.78 46.81 46.84 46.82 46.81 46.8 46.82 46.83 46.84 46.86 46.88 46.92 46.9
47 47 46.98 46.98 46.96 46.93 46.9 46.87 46.84 46.83 46.82 46.82 46.82 46.83 46.85 46.85 46.85 46.86 46.87 46.87 46.85 46.86 46.87 46.88 46.83 46.73 46.65 46.55 46.48 46.46 46.44 46.43 46.49 46.56 46.63 46.71 46.74 46.74 46.77 46.82 46.85 46.86 46.81 46.74 46.69 46.68 46.7 46.71 46.7 46.73 46.73 46.69 46.66 46.66 46.69 46.72 46.73 46.73 46.7 46.67 46.67 46.69 46.75 46.78 46.79 46.78 46.8 46.84 46.84 46.83 46.84 46.83 46.82 46.81 46.84 46.88 46.89 46.9
47 47.01 47 46.98 46.96 46.91 46.88 46.87 46.83 46.81 46.83 46.83 46.83 46.84 46.84 46.85 46.85 46.84 46.83 46.83 46.82 46.82 46.8 46.76 46.68 46.59 46.52 46.45 46.42 46.43 46.43 46.47 46.58 46.66 46.71 46.77 46.79 46.79 46.81 46.82 46.83 46.83 46.79 46.72 46.68 46.67 46.68 46.68 46.66 46.7 46.73 46.71 46.71 46.7 46.67 46.71 46.75 46.75 46.72 46.71 46.73 46.71 46.71 46.76 46.79 46.8 46.83 46.85 46.85 46.84 46.87 46.89 46.89 46.88 46.85 46.82 46.84 46.9
47 47.01 46.99 46.97 46.95 46.91 46.87 46.85 46.81 46.81 46.83 46.83 46.82 46.81 46.82 46.81 46.8 46.78 46.76 46.75 46.72 46.7 46.66 46.59 46.52 46.47 46.43 46.41 46.4 46.4 46.44 46.54 46.65 46.72 46.75 46.78 46.8 46.82 46.82 46.82 46.8 46.8 46.77 46.72 46.7 46.69 46.68 46.69 46.68 46.69 46.72 46.75 46.77 46.74 46.69 46.68 46.7 46.71 46.72 46.73 46.74 46.71 46.69 46.72 46.76 46.78 46.8 46.84 46.83 46.83 46.87 46.89 46.89 46.88 46.83 46.77 46.8 46.88
47.01 47 47 46.98 46.96 46.91 46.88 46.85 46.81 46.79 46.79 46.81 46.8 46.78 46.78 46.8 46.79 46.76 46.72 46.68 46.64 46.62 46.54 46.45 46.41 46.39 46.39 46.39 46.41 46.43 46.5 46.62 46.71 46.75 46.77 46.79 46.81 46.81 46.82 46.8 46.78 46.78 46.77 46.76 46.75 46.72 46.7 46.72 46.75 46.72 46.73 46.75 46.74 46.73 46.69 46.66 46.68 46.7 46.71 46.74 46.76 46.75 46.74 46.74 46.76 46.77 46.79 46.82 46.82 46.83 46.86 46.87 46.87 46.86 46.81 46.78 46.81 46.87
47.02 47.01 46.99 46.98 46.97 46.94 46.92 46.87 46.8 46.78 46.77 46.78 46.78 46.77 46.77 46.8 46.81 46.8 46.73 46.63 46.54 46.5 46.44 46.38 46.37 46.36 46.38 46.42 46.49 46.54 46.6 46.69 46.74 46.76 46.77 46.8 46.81 46.79 46.78 46.75 46.71 46.71 46.75 46.77 46.77 46.73 46.71 46.72 46.73 46.71 46.73 46.75 46.75 46.72 46.68 46.65 46.64 46.67 46.71 46.73 46.74 46.76 46.75 46.75 46.76 46.77 46.79 46.8 46.81 46.84 46.86 46.88 46.88 46.87 46.83 46.83 46.84 46.87
46.96 46.96 46.99 46.98 46.97 46.95 46.93 46.88 46.8 46.77 46.77 46.77 46.75 46.74 46.75 46.79 46.81 46.8 46.71 46.54 46.42 46.38 46.36 46.36 46.38 46.38 46.42 46.52 46.63 46.67 46.71 46.75 46.77 46.78 46.8 46.8 46.77 46.75 46.74 46.72 46.69 46.7 46.74 46.78 46.8 46.77 46.74 46.75 46.76 46.73 46.73 46.74 46.73 46.72 46.71 46.7 46.67 46.67 46.7 46.71 46.72 46.75 46.77 46.75 46.78 46.8 46.79 46.79 46.81 46.83 46.86 46.88 46.89 46.89 46.87 46.86 46.87 46.86
46.98 46.97 46.99 46.98 46.95 46.93 46.91 46.87 46.81 46.77 46.76 46.75 46.74 46.72 46.73 46.76 46.75 46.71 46.61 46.44 46.35 46.34 46.34 46.36 46.41 46.44 46.52 46.64 46.72 46.75 46.78 46.8 46.8 46.81 46.81 46.76 46.72 46.68 46.67 46.69 46.69 46.7 46.72 46.74 46.76 46.76 46.76 46.74 46.73 46.72 46.74 46.76 46.76 46.74 46.74 46.74 46.71 46.69 46.71 46.73 46.72 46.75 46.77 46.75 46.79 46.8 46.78 46.77 46.8 46.83 46.85 46.87 46.88 46.88 46.88 46.88 46.88 46.86
46.98 46.99 46.99 46.96 46.92 46.9 46.88 46.84 46.8 46.76 46.74 46.73 46.73 46.75 46.74 46.71 46.64 46.56 46.46 46.36 46.33 46.34 46.34 46.39 46.48 46.55 46.62 46.7 46.73 46.74 46.77 46.81 46.82 46.79 46.75 46.72 46.72 46.68 46.64 46.67 46.69 46.71 46.71 46.74 46.77 46.76 46.74 46.71 46.67 46.69 46.73 46.77 46.76 46.75 46.77 46.79 46.76 46.72 46.72 46.74 46.74 46.75 46.76 46.76 46.79 46.8 46.77 46.76 46.79 46.84 46.86 46.88 46.86 46.86 46.88 46.88 46.87 46.86
46.99 46.99 46.98 46.95 46.91 46.88 46.85 46.81 46.77 46.73 46.72 46.71 46.72 46.74 46.71 46.63 46.5 46.4 46.34 46.32 46.33 46.33 46.37 46.45 46.53 46.59 46.64 46.71 46.77 46.8 46.81 46.8 46.79 46.76 46.73 46.71 46.7 46.67 46.62 46.63 46.65 46.67 46.69 46.72 46.74 46.74 46.73 46.72 46.69 46.7 46.73 46.74 46.73 46.74 46.78 46.8 46.78 46.74 46.73 46.74 46.76 46.77 46.78 46.78 46.78 46.78 46.77 46.78 46.79 46.84 46.87 46.88 46.85 46.85 46.88 46.9 46.88 46.86
46.97 46.95 46.95 46.93 46.89 46.87 46.84 46.79 46.75 46.71 46.71 46.71 46.7 46.69 46.62 46.47 46.37 46.33 46.33 46.33 46.34 46.35 46.42 46.54 46.61 46.64 46.67 46.73 46.78 46.8 46.79 46.78 46.78 46.75 46.71 46.7 46.7 46.67 46.62 46.62 46.64 46.66 46.69 46.7 46.72 46.73 46.72 46.72 46.73 46.73 46.72 46.72 46.72 46.74 46.76 46.76 46.75 46.73 46.73 46.74 46.77 46.78 46.78 46.79 46.78 46.76 46.76 46.78 46.79 46.81 46.82 46.83 46.84 46.84 46.86 46.89 46.88 46.85
46.91 46.91 46.92 46.9 46.86 46.83 46.81 46.77 46.71 46.67 46.69 46.69 46.63 46.59 46.47 46.33 46.3 46.32 46.33 46.36 46.39 46.46 46.55 46.63 46.67 46.69 46.72 46.76 46.77 46.78 46.75 46.72 46.71 46.71 46.71 46.7 46.7 46.67 46.62 46.62 46.64 46.67 46.7 46.69 46.71 46.72 46.71 46.69 46.72 46.75 46.73 46.72 46.74 46.77 46.77 46.75 46.74 46.73 46.71 46.71 46.75 46.77 46.74 46.74 46.74 46.74 46.75 46.79 46.82 46.82 46.81 46.82 46.83 46.84 46.82 46.85 46.88 46.87
46.9 46.91 46.92 46.89 46.85 46.81 46.77 46.74 46.72 46.69 46.67 46.61 46.49 46.41 46.35 46.31 46.3 46.32 46.34 46.44 46.56 46.62 46.66 46.7 46.73 46.74 46.76 46.77 46.78 46.76 46.72 46.69 46.69 46.69 46.7 46.7 46.68 46.67 46.63 46.59 46.62 46.66 46.69 46.69 46.7 46.71 46.7 46.68 46.71 46.77 46.77 46.74 46.75 46.77 46.78 46.77 46.75 46.73 46.71 46.68 46.72 46.75 46.73 46.75 46.78 46.76 46.74 46.76 46.79 46.8 46.78 46.8 46.81 46.81 46.82 46.83 46.87 46.89
46.85 46.85 46.88 46.87 46.82 46.79 46.78 46.77 46.74 46.71 46.62 46.47 46.34 46.3 46.29 46.31 46.32 46.37 46.46 46.57 46.66 46.7 46.71 46.74 46.77 46.77 46.75 46.73 46.73 46.72 46.7 46.69 46.7 46.69 46.69 46.69 46.67 46.67 46.64 46.6 46.62 46.64 46.68 46.71 46.72 46.72 46.72 46.71 46.71 46.78 46.8 46.77 46.76 46.76 46.77 46.76 46.75 46.75 46.75 46.74 46.71 46.7 46.72 46.75 46.78 46.77 46.77 46.77 46.78 46.76 46.73 46.75 46.77 46.79 46.81 46.82 46.86 46.88
46.84 46.82 46.8 46.79 46.78 46.77 46.76 46.75 46.69 46.58 46.44 46.33 46.29 46.29 46.31 46.34 46.39 46.45 46.55 46.63 46.66 46.69 46.73 46.76 46.77 46.75 46.72 46.68 46.67 46.69 46.69 46.69 46.7 46.69 46.69 46.7 46.69 46.68 46.67 46.66 46.63 46.62 46.66 46.71 46.72 46.72 46.73 46.72 46.73 46.76 46.78 46.78 46.78 46.78 46.76 46.73 46.73 46.74 46.73 46.71 46.7 46.71 46.72 46.72 46.73 46.74 46.76 46.77 46.78 46.76 46.73 46.74 46.76 46.79 46.81 46.81 46.83 46.86
46.85 46.8 46.79 46.78 46.75 46.72 46.67 46.56 46.44 46.37 46.32 46.3 46.3 46.32 46.36 46.43 46.5 46.55 46.62 46.66 46.67 46.7 46.74 46.76 46.76 46.73 46.68 46.65 46.64 46.65 46.67 46.68 46.69 46.67 46.68 46.72 46.72 46.69 46.67 46.66 46.63 46.61 46.63 46.65 46.68 46.73 46.74 46.72 46.72 46.75 46.79 46.8 46.8 46.79 46.77 46.75 46.75 46.76 46.75 46.72 46.71 46.73 46.72 46.72 46.71 46.71 46.72 46.74 46.77 46.77 46.75 46.75 46.76 46.78 46.79 46.8 46.82 46.84
46.82 46.78 46.78 46.76 46.69 46.63 46.54 46.38 46.28 46.28 46.3 46.3 46.29 46.31 46.42 46.54 46.6 46.64 46.68 46.69 46.7 46.72 46.74 46.73 46.73 46.71 46.66 46.63 46.63 46.62 46.63 46.67 46.69 46.68 46.68 46.69 46.69 46.69 46.66 46.62 46.62 46.64 46.65 46.67 46.7 46.73 46.76 46.76 46.77 46.75 46.75 46.76 46.78 46.78 46.77 46.78 46.77 46.77 46.77 46.74 46.74 46.76 46.75 46.72 46.71 46.69 46.68 46.7 46.74 46.76 46.76 46.76 46.76 46.76 46.77 46.79 46.81 46.83
46.82 46.79 46.76 46.69 46.61 46.52 46.39 46.29 46.26 46.27 46.29 46.31 46.32 46.36 46.47 46.6 46.66 46.69 46.72 46.72 46.72 46.73 46.71 46.69 46.69 46.7 46.66 46.63 46.61 46.61 46.63 46.66 46.68 46.67 46.67 46.69 46.71 46.71 46.68 46.64 46.66 46.68 46.67 46.66 46.65 46.65 46.66 46.66 46.72 46.76 46.75 46.76 46.78 46.78 46.75 46.76 46.76 46.77 46.77 46.74 46.75 46.76 46.75 46.73 46.7 46.68 46.66 46.69 46.72 46.75 46.76 46.77 46.77 46.76 46.77 46.79 46.8 46.81
46.8 46.78 46.71 46.56 46.45 46.38 46.3 46.27 46.28 46.28 46.29 46.34 46.4 46.45 46.53 46.63 46.69 46.73 46.76 46.74 46.71 46.7 46.7 46.69 46.69 46.7 46.65 46.59 46.57 46.59 46.6 46.59 46.65 46.69 46.67 46.67 46.68 46.7 46.68 46.66 46.69 46.72 46.72 46.7 46.69 46.67 46.66 46.66 46.71 46.76 46.77 46.77 46.79 46.79 46.77 46.76 46.76 46.75 46.74 46.75 46.75 46.74 46.72 46.72 46.7 46.68 46.67 46.69 46.72 46.75 46.76 46.75 46.75 46.76 46.76 46.76 46.77 46.76
46.75 46.71 46.59 46.43 46.33 46.29 46.27 46.27 46.29 46.3 46.34 46.42 46.46 46.52 46.58 46.65 46.7 46.74 46.75 46.72 46.69 46.68 46.67 46.65 46.64 46.65 46.62 46.58 46.58 46.61 46.62 46.62 46.64 46.66 46.68 46.68 46.69 46.69 46.69 46.7 46.71 46.73 46.74 46.72 46.71 46.69 46.66 46.68 46.71 46.74 46.77 46.78 46.79 46.81 46.8 46.79 46.78 46.75 46.74 46.75 46.75 46.73 46.72 46.71 46.7 46.69 46.69 46.7 46.72 46.74 46.74 46.74 46.74 46.75 46.74 46.74 46.77 46.77
46.68 46.58 46.42 46.33 46.31 46.29 46.27 46.27 46.28 46.33 46.43 46.51 46.53 46.57 46.63 46.67 46.68 46.7 46.7 46.69 46.66 46.66 46.65 46.62 46.63 46.64 46.63 46.62 46.61 46.61 46.62 46.64 46.63 46.6 46.62 46.67 46.7 46.72 46.72 46.72 46.71 46.71 46.71 46.71 46.72 46.71 46.68 46.7 46.73 46.73 46.74 46.76 46.79 46.8 46.81 46.8 46.79 46.76 46.74 46.75 46.76 46.76 46.75 46.72 46.68 46.67 46.7 46.69 46.67 46.68 46.7 46.72 46.75 46.76 46.75 46.74 46.76 46.78
46.55 46.43 46.31 46.28 46.29 46.3 46.29 46.27 46.27 46.36 46.48 46.53 46.56 46.58 46.64 46.67 46.66 46.67 46.68 46.68 46.69 46.69 46.66 46.63 46.64 46.65 46.66 46.66 46.67 46.64 46.62 46.62 46.61 46.59 46.63 46.68 46.71 46.73 46.73 46.73 46.71 46.7 46.69 46.7 46.73 46.73 46.71 46.72 46.74 46.73 46.72 46.74 46.78 46.79 46.79 46.78 46.77 46.76 46.74 46.74 46.75 46.75 46.73 46.7 46.67 46.67 46.67 46.64 46.63 46.65 46.7 46.76 46.75 46.73 46.73 46.72 46.71 46.7
46.39 46.32 46.28 46.28 46.28 46.29 46.32 46.34 46.34 46.4 46.49 46.54 46.57 46.63 46.68 46.65 46.62 46.62 46.61 46.61 46.66 46.68 46.66 46.65 46.63 46.63 46.63 46.63 46.65 46.64 46.6 46.59 46.58 46.59 46.64 46.67 46.7 46.74 46.75 46.75 46.73 46.7 46.69 46.7 46.74 46.74 46.73 46.72 46.73 46.73 46.73 46.75 46.77 46.79 46.8 46.78 46.77 46.76 46.76 46.75 46.73 46.71 46.71 46.71 46.68 46.65 46.64 46.63 46.64 46.65 46.67 46.73 46.75 46.74 46.73 46.72 46.7 46.68
46.3 46.29 46.3 46.28 46.26 46.27 46.34 46.41 46.44 46.46 46.52 46.57 46.59 46.65 46.67 46.62 46.58 46.58 46.59 46.58 46.62 46.65 46.65 46.65 46.63 46.62 46.62 46.62 46.64 46.63 46.59 46.55 46.57 46.61 46.63 46.65 46.7 46.75 46.76 46.78 46.76 46.73 46.72 46.71 46.73 46.75 46.75 46.75 46.73 46.73 46.75 46.73 46.71 46.73 46.75 46.75 46.75 46.75 46.75 46.73 46.72 46.73 46.73 46.74 46.72 46.67 46.66 46.67 46.66 46.65 46.66 46.7 46.73 46.73 46.74 46.73 46.72 46.7
46.3 46.31 46.3 46.27 46.25 46.32 46.42 46.48 46.5 46.52 46.56 46.61 46.62 46.62 46.62 46.62 46.6 46.59 46.61 46.62 46.64 46.65 46.65 46.66 46.65 46.65 46.64 46.64 46.63 46.62 46.6 46.58 46.59 46.63 46.66 46.67 46.7 46.75 46.77 46.78 46.77 46.76 46.77 46.74 46.73 46.74 46.74 46.76 46.75 46.73 46.73 46.74 46.72 46.71 46.74 46.77 46.77 46.77 46.75 46.73 46.72 46.72 46.71 46.7 46.7 46.68 46.67 46.68 46.67 46.64 46.65 46.66 46.68 46.7 46.72 46.73 46.71 46.7
46.27 46.27 46.28 46.33 46.4 46.45 46.49 46.52 46.55 46.57 46.6 46.64 46.63 46.6 46.58 46.58 46.58 46.6 46.63 46.66 46.67 46.66 46.67 46.7 46.71 46.69 46.66 46.65 46.62 46.62 46.65 46.65 46.63 46.64 46.68 46.69 46.69 46.73 46.78 46.77 46.78 46.77 46.75 46.73 46.73 46.73 46.72 46.75 46.75 46.71 46.7 46.74 46.77 46.76 46.73 46.72 46.74 46.74 46.74 46.74 46.72 46.69 46.68 46.69 46.7 46.69 46.67 46.66 46.66 46.66 46.66 46.64 46.64 46.67 46.7 46.7 46.69 46.68
46.24 46.32 46.44 46.5 46.55 46.55 46.52 46.51 46.56 46.59 46.6 46.62 46.61 46.57 46.55 46.57 46.58 46.6 46.65 46.68 46.69 46.68 46.68 46.71 46.72 46.7 46.68 46.67 46.63 46.62 46.65 46.67 46.65 46.65 46.65 46.64 46.64 46.7 46.77 46.77 46.77 46.77 46.77 46.74 46.73 46.73 46.72 46.75 46.76 46.73 46.72 46.73 46.75 46.74 46.74 46.71 46.71 46.72 46.72 46.72 46.69 46.66 46.66 46.68 46.68 46.67 46.67 46.65 46.65 46.67 46.67 46.64 46.63 46.66 46.68 46.67 46.67 46.67
46.35 46.43 46.56 46.62 46.61 46.58 46.54 46.5 46.54 46.57 46.57 46.58 46.57 46.54 46.55 46.57 46.57 46.6 46.67 46.7 46.7 46.68 46.66 46.67 46.68 46.7 46.7 46.68 46.64 46.58 46.53 46.58 46.64 46.64 46.61 46.6 46.63 46.69 46.72 46.75 46.77 46.74 46.71 46.7 46.71 46.74 46.74 46.75 46.76 46.76 46.75 46.73 46.72 46.71 46.75 46.74 46.7 46.7 46.71 46.7 46.67 46.64 46.65 46.68 46.67 46.66 46.65 46.63 46.64 46.67 46.67 46.66 46.65 46.66 46.67 46.67 46.66 46.66
46.48 46.55 46.6 46.64 46.64 46.61 46.54 46.49 46.51 46.53 46.53 46.55 46.54 46.54 46.55 46.55 46.54 46.58 46.66 46.71 46.71 46.66 46.62 46.63 46.67 46.69 46.69 46.7 46.7 46.63 46.55 46.54 46.63 46.67 46.63 46.62 46.64 46.69 46.72 46.73 46.75 46.74 46.73 46.73 46.73 46.74 46.74 46.74 46.76 46.78 46.76 46.75 46.73 46.7 46.74 46.75 46.71 46.71 46.72 46.72 46.69 46.67 46.67 46.68 46.68 46.68 46.66 46.63 46.62 46.65 46.68 46.68 46.66 46.65 46.67 46.69 46.68 46.67
46.58 46.63 46.64 46.64 46.63 46.6 46.54 46.5 46.51 46.51 46.5 46.5 46.51 46.52 46.52 46.52 46.54 46.57 46.6 46.64 46.66 46.65 46.65 46.64 46.64 46.67 46.7 46.72 46.73 46.68 46.61 46.6 46.64 46.67 46.68 46.68 46.67 46.69 46.7 46.71 46.72 46.72 46.74 46.76 46.76 46.77 46.77 46.76 46.76 46.77 46.75 46.75 46.74 46.71 46.73 46.74 46.71 46.7 46.71 46.73 46.73 46.73 46.7 46.69 46.7 46.71 46.69 46.67 46.65 46.64 46.64 46.65 46.65 46.66 46.67 46.66 46.65 46.65
46.63 46.68 46.67 46.65 46.61 46.57 46.54 46.52 46.53 46.52 46.47 46.46 46.49 46.52 46.49 46.48 46.52 46.56 46.59 46.62 46.64 46.65 46.64 46.64 46.64 46.68 46.7 46.73 46.76 46.74 46.72 46.69 46.67 46.68 46.69 46.71 46.72 46.71 46.71 46.71 46.68 46.66 46.67 46.71 46.74 46.75 46.76 46.77 46.76 46.75 46.73 46.73 46.73 46.72 46.71 46.72 46.69 46.65 46.67 46.72 46.74 46.74 46.71 46.7 46.7 46.69 46.69 46.69 46.68 46.66 46.64 46.65 46.67 46.66 46.62 46.61 46.63 46.63
