slabs/18.grd
DSAA
631 301
642630 643260
4948100 4948400
43.05 48.28
[rows 136 to 169 of 300, columns 312 to 389 of 631]
46.73 46.7 46.68 46.67 46.67 46.69 46.7 46.7 46.69 46.67 46.65 46.64 46.62 46.62 46.63 46.61 46.6 46.61 46.62 46.62 46.61 46.59 46.57 46.59 46.63 46.66 46.69 46.7 46.72 46.73 46.74 46.77 46.8 46.81 46.83 46.81 46.77 46.76 46.76 46.78 46.79 46.82 46.82 46.79 46.76 46.75 46.72 46.71 46.73 46.74 46.74 46.73 46.73 46.75 46.76 46.78 46.8 46.81 46.81 46.82 46.83 46.83 46.83 46.84 46.86 46.88 46.9 46.88 46.87 46.87 46.88 46.87 46.84 46.83 46.83 46.82 46.81 46.82
46.72 46.68 46.67 46.66 46.65 46.67 46.7 46.72 46.71 46.67 46.65 46.63 46.6 46.6 46.62 46.61 46.6 46.59 46.59 46.6 46.62 46.59 46.56 46.57 46.6 46.65 46.69 46.7 46.72 46.74 46.76 46.78 46.81 46.84 46.84 46.81 46.77 46.76 46.77 46.77 46.78 46.8 46.8 46.8 46.78 46.76 46.74 46.73 46.73 46.73 46.74 46.73 46.73 46.73 46.74 46.76 46.78 46.79 46.79 46.8 46.8 46.81 46.82 46.82 46.83 46.85 46.87 46.88 46.88 46.86 46.86 46.86 46.84 46.82 46.81 46.8 46.78 46.79
46.72 46.67 46.66 46.65 46.65 46.66 46.68 46.72 46.72 46.69 46.67 46.65 46.6 46.59 46.61 46.61 46.59 46.59 46.59 46.6 46.6 46.59 46.58 46.59 46.6 46.65 46.69 46.7 46.71 46.73 46.77 46.78 46.78 46.78 46.78 46.78 46.79 46.8 46.8 46.79 46.79 46.8 46.8 46.81 46.79 46.76 46.75 46.75 46.74 46.74 46.73 46.73 46.72 46.72 46.73 46.76 46.8 46.79 46.77 46.78 46.8 46.8 46.81 46.82 46.82 46.82 46.84 46.85 46.85 46.83 46.83 46.84 46.84 46.82 46.8 46.8 46.77 46.73
46.71 46.67 46.66 46.65 46.65 46.65 46.65 46.68 46.71 46.7 46.67 46.65 46.61 46.6 46.6 46.59 46.58 46.58 46.59 46.6 46.6 46.58 46.57 46.56 46.56 46.59 46.61 46.66 46.7 46.72 46.74 46.76 46.77 46.78 46.78 46.78 46.79 46.79 46.78 46.78 46.78 46.79 46.79 46.81 46.82 46.8 46.78 46.76 46.76 46.75 46.73 46.71 46.71 46.72 46.73 46.78 46.82 46.8 46.77 46.78 46.79 46.79 46.8 46.81 46.81 46.81 46.82 46.81 46.81 46.8 46.8 46.81 46.81 46.81 46.79 46.78 46.77 46.74
46.72 46.69 46.68 46.66 46.64 46.63 46.64 46.65 46.7 46.7 46.65 46.62 46.6 46.59 46.58 46.59 46.59 46.57 46.57 46.57 46.58 46.58 46.56 46.56 46.56 46.57 46.58 46.61 46.65 46.68 46.7 46.73 46.76 46.79 46.79 46.78 46.79 46.8 46.79 46.78 46.78 46.79 46.8 46.81 46.83 46.84 46.81 46.78 46.78 46.76 46.73 46.71 46.72 46.72 46.74 46.77 46.79 46.78 46.77 46.77 46.77 46.77 46.78 46.79 46.77 46.79 46.81 46.8 46.79 46.78 46.78 46.8 46.79 46.78 46.78 46.76 46.76 46.75
46.75 46.71 46.69 46.66 46.63 46.63 46.63 46.64 46.67 46.68 46.66 46.63 46.61 46.6 46.6 46.59 46.58 46.58 46.59 46.59 46.58 46.57 46.58 46.58 46.56 46.55 46.57 46.58 46.63 46.67 46.69 46.71 46.74 46.77 46.8 46.81 46.79 46.78 46.79 46.8 46.79 46.8 46.8 46.81 46.81 46.82 46.81 46.79 46.78 46.77 46.74 46.72 46.72 46.73 46.74 46.75 46.77 46.78 46.77 46.77 46.78 46.78 46.77 46.76 46.76 46.76 46.77 46.78 46.78 46.78 46.77 46.77 46.76 46.76 46.75 46.74 46.72 46.71
46.73 46.71 46.68 46.65 46.63 46.62 46.6 46.61 46.66 46.69 46.69 46.66 46.63 46.6 46.58 46.58 46.58 46.56 46.57 46.58 46.58 46.58 46.59 46.6 46.57 46.55 46.55 46.56 46.6 46.63 46.66 46.7 46.74 46.76 46.8 46.82 46.78 46.76 46.79 46.81 46.8 46.8 46.8 46.8 46.8 46.81 46.82 46.8 46.78 46.77 46.74 46.72 46.71 46.72 46.73 46.74 46.75 46.76 46.77 46.77 46.77 46.76 46.75 46.75 46.76 46.77 46.77 46.77 46.75 46.77 46.78 46.76 46.75 46.74 46.72 46.71 46.7 46.69
46.71 46.69 46.68 46.67 46.64 46.61 46.6 46.62 46.65 46.67 46.68 46.67 46.63 46.6 46.58 46.59 46.59 46.57 46.56 46.56 46.56 46.56 46.58 46.6 46.58 46.55 46.55 46.57 46.59 46.6 46.63 46.68 46.72 46.76 46.8 46.82 46.78 46.76 46.79 46.81 46.8 46.79 46.79 46.8 46.82 46.83 46.84 46.82 46.81 46.79 46.75 46.71 46.69 46.69 46.7 46.71 46.7 46.73 46.76 46.75 46.74 46.74 46.74 46.74 46.75 46.75 46.75 46.75 46.74 46.74 46.75 46.74 46.73 46.72 46.7 46.69 46.69 46.7
46.68 46.7 46.7 46.67 46.64 46.62 46.61 46.62 46.63 46.65 46.66 46.66 46.65 46.63 46.6 46.59 46.59 46.59 46.58 46.56 46.56 46.56 46.57 46.58 46.58 46.57 46.57 46.57 46.57 46.57 46.6 46.65 46.69 46.73 46.77 46.8 46.77 46.76 46.77 46.78 46.79 46.79 46.79 46.81 46.81 46.82 46.83 46.8 46.78 46.77 46.75 46.73 46.71 46.7 46.7 46.7 46.69 46.7 46.73 46.73 46.71 46.71 46.72 46.72 46.72 46.73 46.73 46.73 46.72 46.71 46.72 46.73 46.72 46.7 46.69 46.68 46.7 46.72
46.67 46.7 46.69 46.67 46.65 46.62 46.6 46.6 46.61 46.63 46.63 46.64 46.64 46.62 46.61 46.6 46.59 46.58 46.58 46.56 46.55 46.54 46.55 46.56 46.58 46.59 46.58 46.55 46.53 46.51 46.56 46.63 46.66 46.68 46.73 46.77 46.77 46.75 46.74 46.77 46.79 46.78 46.79 46.79 46.78 46.79 46.8 46.8 46.79 46.78 46.75 46.72 46.7 46.7 46.71 46.7 46.68 46.68 46.69 46.68 46.68 46.68 46.68 46.69 46.7 46.71 46.71 46.7 46.69 46.69 46.7 46.72 46.72 46.71 46.69 46.69 46.7 46.72
46.65 46.68 46.69 46.67 46.65 46.63 46.62 46.6 46.61 46.63 46.63 46.64 46.64 46.61 46.59 46.59 46.58 46.58 46.57 46.56 46.54 46.53 46.54 46.56 46.58 46.6 46.59 46.56 46.51 46.48 46.52 46.61 46.65 46.67 46.71 46.76 46.77 46.75 46.74 46.76 46.79 46.8 46.79 46.79 46.79 46.8 46.8 46.77 46.77 46.78 46.76 46.73 46.7 46.7 46.71 46.73 46.7 46.67 46.66 46.65 46.65 46.67 46.68 46.68 46.7 46.71 46.7 46.69 46.68 46.68 46.7 46.72 46.72 46.71 46.7 46.69 46.7 46.71
46.61 46.65 46.68 46.68 46.66 46.63 46.63 46.61 46.6 46.62 46.63 46.64 46.63 46.61 46.6 46.59 46.58 46.58 46.57 46.55 46.54 46.53 46.53 46.56 46.59 46.59 46.59 46.56 46.54 46.52 46.52 46.59 46.65 46.66 46.69 46.75 46.77 46.77 46.77 46.78 46.79 46.81 46.81 46.79 46.78 46.79 46.8 46.77 46.77 46.77 46.75 46.72 46.71 46.72 46.72 46.73 46.72 46.68 46.66 46.64 46.65 46.68 46.69 46.68 46.68 46.69 46.69 46.69 46.69 46.69 46.7 46.72 46.71 46.7 46.7 46.71 46.71 46.72
46.57 46.62 46.65 46.67 46.66 46.64 46.63 46.61 46.6 46.61 46.62 46.62 46.63 46.63 46.63 46.6 46.59 46.59 46.57 46.56 46.54 46.53 46.52 46.54 46.57 46.58 46.58 46.55 46.53 46.53 46.52 46.55 46.58 46.62 46.68 46.72 46.73 46.74 46.75 46.77 46.81 46.81 46.8 46.8 46.8 46.8 46.79 46.77 46.78 46.76 46.75 46.74 46.74 46.73 46.72 46.73 46.72 46.7 46.67 46.66 46.66 46.68 46.69 46.67 46.66 46.67 46.68 46.68 46.69 46.7 46.71 46.71 46.71 46.71 46.72 46.73 46.73 46.74
46.53 46.58 46.61 46.64 46.65 46.65 46.64 46.62 46.6 46.61 46.61 46.61 46.63 46.64 46.65 46.63 46.61 46.6 46.57 46.56 46.56 46.56 46.54 46.53 46.55 46.58 46.58 46.55 46.52 46.52 46.52 46.52 46.55 46.59 46.63 46.68 46.7 46.73 46.74 46.76 46.79 46.8 46.79 46.8 46.81 46.8 46.78 46.76 46.76 46.75 46.75 46.76 46.74 46.72 46.72 46.71 46.72 46.71 46.68 46.67 46.66 46.65 46.66 46.67 46.68 46.68 46.67 46.67 46.69 46.71 46.71 46.7 46.73 46.75 46.74 46.74 46.76 46.77
46.51 46.56 46.59 46.61 46.64 46.67 46.66 46.64 46.61 46.59 46.59 46.61 46.63 46.64 46.64 46.63 46.61 46.59 46.58 46.57 46.58 46.58 46.55 46.53 46.54 46.57 46.59 46.56 46.54 46.53 46.52 46.52 46.53 46.55 46.59 46.65 46.67 46.7 46.74 46.77 46.78 46.78 46.78 46.78 46.8 46.8 46.77 46.75 46.75 46.74 46.74 46.74 46.73 46.72 46.71 46.7 46.71 46.7 46.67 46.66 46.66 46.66 46.67 46.67 46.69 46.69 46.67 46.68 46.7 46.71 46.71 46.71 46.75 46.78 46.77 46.76 46.79 46.8
46.49 46.54 46.57 46.6 46.66 46.72 46.68 46.64 46.62 46.59 46.59 46.61 46.61 46.6 46.62 46.64 46.61 46.59 46.58 46.56 46.55 46.59 46.58 46.53 46.52 46.52 46.54 46.55 46.56 46.54 46.52 46.53 46.54 46.53 46.56 46.62 46.66 46.68 46.73 46.76 46.77 46.77 46.77 46.77 46.79 46.8 46.77 46.75 46.75 46.74 46.73 46.72 46.74 46.74 46.72 46.72 46.71 46.69 46.68 46.68 46.67 46.67 46.68 46.67 46.67 46.67 46.67 46.68 46.7 46.72 46.73 46.74 46.76 46.79 46.78 46.77 46.79 46.8
46.48 46.51 46.54 46.58 46.66 46.74 46.69 46.63 46.61 46.57 46.57 46.58 46.6 46.61 46.62 46.64 46.64 46.62 46.6 46.57 46.54 46.57 46.56 46.53 46.51 46.51 46.53 46.54 46.54 46.53 46.53 46.52 46.52 46.52 46.54 46.6 46.63 46.67 46.71 46.73 46.75 46.75 46.76 46.77 46.79 46.8 46.79 46.77 46.76 46.74 46.73 46.73 46.77 46.77 46.73 46.73 46.71 46.69 46.68 46.68 46.68 46.68 46.67 46.65 46.66 46.69 46.7 46.71 46.72 46.73 46.74 46.74 46.74 46.75 46.76 46.75 46.76 46.78
46.47 46.48 46.51 46.56 46.62 46.65 46.65 46.64 46.62 46.6 46.59 46.58 46.59 46.6 46.61 46.63 46.65 46.66 46.64 46.57 46.55 46.55 46.55 46.53 46.52 46.51 46.52 46.52 46.51 46.53 46.53 46.51 46.5 46.51 46.53 46.57 46.6 46.64 46.69 46.7 46.72 46.75 46.76 46.77 46.79 46.8 46.78 46.77 46.76 46.75 46.74 46.73 46.76 46.77 46.73 46.71 46.72 46.71 46.7 46.69 46.68 46.68 46.68 46.68 46.69 46.72 46.73 46.73 46.72 46.72 46.73 46.72 46.72 46.74 46.76 46.75 46.75 46.78
46.47 46.49 46.48 46.52 46.58 46.62 46.62 46.62 46.62 46.6 46.59 46.58 46.57 46.57 46.59 46.62 46.65 46.67 46.64 46.58 46.55 46.54 46.53 46.53 46.52 46.51 46.52 46.51 46.5 46.53 46.54 46.52 46.51 46.5 46.51 46.53 46.57 46.62 46.66 46.69 46.72 46.74 46.73 46.73 46.77 46.8 46.78 46.76 46.75 46.74 46.73 46.72 46.72 46.72 46.71 46.7 46.71 46.72 46.72 46.7 46.7 46.7 46.71 46.71 46.72 46.72 46.72 46.71 46.71 46.72 46.73 46.71 46.72 46.75 46.76 46.75 46.77 46.8
46.48 46.49 46.48 46.5 46.54 46.56 46.57 46.6 46.63 46.62 46.58 46.56 46.56 46.55 46.56 46.6 46.62 46.64 46.65 46.6 46.56 46.54 46.53 46.51 46.5 46.5 46.5 46.49 46.49 46.52 46.54 46.53 46.51 46.5 46.51 46.52 46.55 46.61 46.65 46.65 46.68 46.72 46.73 46.73 46.76 46.79 46.77 46.75 46.74 46.74 46.73 46.74 46.74 46.74 46.74 46.73 46.73 46.73 46.72 46.72 46.72 46.72 46.73 46.73 46.73 46.73 46.72 46.71 46.7 46.71 46.72 46.71 46.71 46.73 46.73 46.75 46.78 46.8
46.44 46.44 46.45 46.47 46.49 46.53 46.57 46.62 46.66 46.64 46.6 46.58 46.56 46.55 46.56 46.57 46.59 46.61 46.65 46.63 46.58 46.56 46.53 46.51 46.49 46.49 46.48 46.48 46.49 46.51 46.52 46.52 46.51 46.51 46.53 46.54 46.55 46.6 46.65 46.64 46.66 46.71 46.73 46.73 46.73 46.75 46.75 46.73 46.73 46.73 46.73 46.74 46.75 46.76 46.77 46.75 46.73 46.74 46.75 46.74 46.73 46.74 46.76 46.75 46.73 46.73 46.71 46.71 46.7 46.7 46.71 46.7 46.71 46.72 46.73 46.75 46.76 46.77
46.41 46.41 46.42 46.45 46.46 46.49 46.54 46.6 46.64 46.63 46.61 46.59 46.56 46.56 46.55 46.56 46.58 46.6 46.63 46.63 46.6 46.57 46.53 46.5 46.48 46.48 46.48 46.48 46.48 46.49 46.5 46.51 46.5 46.5 46.51 46.52 46.54 46.57 46.6 46.62 46.65 46.69 46.72 46.72 46.71 46.72 46.73 46.73 46.74 46.74 46.74 46.75 46.77 46.79 46.8 46.78 46.75 46.77 46.79 46.78 46.74 46.75 46.77 46.75 46.71 46.7 46.71 46.7 46.69 46.7 46.7 46.7 46.7 46.71 46.73 46.74 46.74 46.75
46.4 46.4 46.41 46.43 46.43 46.46 46.51 46.57 46.59 46.6 46.61 46.59 46.57 46.56 46.55 46.55 46.57 46.59 46.61 46.6 46.57 46.55 46.53 46.52 46.5 46.48 46.47 46.47 46.48 46.48 46.49 46.49 46.5 46.5 46.5 46.5 46.52 46.54 46.57 46.6 46.62 46.66 46.68 46.67 46.67 46.69 46.71 46.71 46.72 46.73 46.75 46.76 46.78 46.79 46.81 46.8 46.78 46.77 46.79 46.78 46.74 46.73 46.75 46.74 46.7 46.69 46.7 46.69 46.69 46.7 46.7 46.7 46.7 46.69 46.71 46.73 46.74 46.74
46.42 46.42 46.42 46.42 46.42 46.45 46.51 46.55 46.57 46.59 46.6 46.59 46.57 46.56 46.55 46.55 46.56 46.57 46.59 46.58 46.56 46.56 46.55 46.53 46.5 46.48 46.46 46.46 46.46 46.48 46.48 46.48 46.53 46.55 46.53 46.52 46.52 46.54 46.57 46.6 46.61 46.63 46.65 46.64 46.64 46.67 46.69 46.69 46.69 46.72 46.76 46.79 46.8 46.8 46.8 46.8 46.78 46.77 46.76 46.76 46.71 46.7 46.71 46.72 46.69 46.68 46.68 46.68 46.68 46.67 46.69 46.7 46.71 46.71 46.71 46.73 46.77 46.79
46.44 46.45 46.44 46.41 46.41 46.45 46.5 46.53 46.55 46.58 46.61 46.59 46.56 46.55 46.53 46.53 46.53 46.54 46.56 46.55 46.55 46.57 46.56 46.51 46.48 46.46 46.48 46.48 46.46 46.46 46.48 46.48 46.51 46.53 46.53 46.53 46.53 46.54 46.56 46.58 46.59 46.6 46.61 46.62 46.63 46.65 46.66 46.68 46.69 46.73 46.78 46.81 46.82 46.81 46.81 46.81 46.79 46.76 46.74 46.74 46.71 46.68 46.67 46.68 46.69 46.69 46.68 46.67 46.66 46.66 46.67 46.69 46.71 46.72 46.71 46.73 46.75 46.76
46.45 46.46 46.44 46.4 46.39 46.43 46.48 46.5 46.52 46.56 46.6 46.6 46.59 46.58 46.54 46.51 46.51 46.51 46.53 46.54 46.55 46.58 46.58 46.55 46.51 46.47 46.45 46.45 46.45 46.45 46.47 46.48 46.49 46.5 46.52 46.55 46.55 46.54 46.53 46.55 46.57 46.59 46.6 46.61 46.63 46.65 46.66 46.68 46.71 46.75 46.79 46.81 46.81 46.81 46.81 46.82 46.8 46.74 46.72 46.71 46.71 46.71 46.68 46.65 46.68 46.72 46.69 46.66 46.68 46.68 46.68 46.69 46.71 46.72 46.72 46.73 46.75 46.76
46.46 46.44 46.41 46.4 46.4 46.41 46.46 46.5 46.52 46.53 46.56 46.59 46.59 46.57 46.55 46.54 46.53 46.51 46.49 46.49 46.51 46.54 46.56 46.56 46.53 46.48 46.44 46.43 46.43 46.45 46.47 46.47 46.48 46.49 46.51 46.54 46.54 46.54 46.53 46.54 46.57 46.59 46.6 46.6 46.61 46.65 46.68 46.7 46.73 46.78 46.82 46.83 46.83 46.82 46.82 46.8 46.8 46.77 46.73 46.71 46.68 46.67 46.65 46.65 46.68 46.71 46.7 46.66 46.66 46.68 46.69 46.68 46.68 46.69 46.71 46.73 46.74 46.74
46.46 46.43 46.39 46.4 46.41 46.41 46.42 46.46 46.48 46.5 46.56 46.63 46.64 46.59 46.55 46.54 46.52 46.48 46.46 46.48 46.5 46.51 46.53 46.54 46.54 46.5 46.46 46.45 46.45 46.46 46.47 46.48 46.48 46.49 46.5 46.52 46.53 46.54 46.55 46.55 46.57 46.59 46.59 46.58 46.59 46.64 46.7 46.72 46.74 46.79 46.83 46.83 46.82 46.81 46.8 46.8 46.79 46.79 46.78 46.73 46.68 46.66 46.66 46.65 46.66 46.67 46.67 46.67 46.66 46.65 46.67 46.68 46.67 46.66 46.69 46.73 46.73 46.72
46.44 46.42 46.39 46.37 46.37 46.39 46.41 46.42 46.43 46.46 46.51 46.55 46.58 46.57 46.54 46.52 46.5 46.47 46.46 46.47 46.48 46.5 46.52 46.52 46.53 46.51 46.47 46.46 46.46 46.46 46.47 46.48 46.49 46.5 46.5 46.51 46.53 46.54 46.55 46.55 46.56 46.57 46.56 46.57 46.59 46.64 46.69 46.7 46.72 46.77 46.8 46.82 46.82 46.81 46.8 46.8 46.8 46.81 46.79 46.76 46.72 46.68 46.66 46.65 46.65 46.64 46.65 46.66 46.66 46.65 46.66 46.67 46.65 46.64 46.67 46.72 46.73 46.73
46.42 46.4 46.39 46.39 46.41 46.39 46.38 46.38 46.4 46.44 46.47 46.49 46.52 46.54 46.52 46.51 46.49 46.47 46.46 46.45 46.47 46.49 46.51 46.52 46.52 46.51 46.49 46.47 46.47 46.48 46.47 46.48 46.49 46.5 46.5 46.51 46.53 46.53 46.53 46.54 46.56 46.59 46.6 46.61 46.62 46.64 46.66 46.69 46.73 46.76 46.79 46.82 46.84 46.84 46.85 46.84 46.83 46.83 46.81 46.77 46.74 46.71 46.68 46.66 46.64 46.62 46.63 46.65 46.66 46.66 46.66 46.67 46.67 46.65 46.67 46.71 46.72 46.74
46.4 46.41 46.41 46.41 46.4 46.38 46.37 46.36 46.38 46.42 46.44 46.46 46.48 46.49 46.5 46.51 46.49 46.47 46.44 46.44 46.45 46.46 46.49 46.51 46.52 46.52 46.52 46.5 46.49 46.49 46.49 46.5 46.52 46.53 46.54 46.53 46.52 46.52 46.51 46.54 46.56 46.57 46.58 46.61 46.63 46.64 46.65 46.68 46.72 46.75 46.77 46.8 46.84 46.86 46.86 46.85 46.84 46.84 46.82 46.79 46.75 46.73 46.71 46.68 46.64 46.62 46.63 46.65 46.67 46.67 46.66 46.67 46.69 46.7 46.71 46.71 46.71 46.73
46.39 46.4 46.42 46.42 46.41 46.4 46.37 46.35 46.36 46.39 46.42 46.45 46.45 46.46 46.49 46.53 46.5 46.46 46.43 46.42 46.43 46.46 46.48 46.49 46.5 46.52 46.52 46.51 46.51 46.51 46.52 46.52 46.53 46.54 46.54 46.51 46.49 46.5 46.52 46.54 46.57 46.59 46.59 46.61 46.63 46.64 46.63 46.66 46.72 46.76 46.76 46.78 46.82 46.85 46.86 46.86 46.84 46.84 46.83 46.79 46.76 46.76 46.74 46.7 46.66 46.64 46.64 46.65 46.66 46.67 46.66 46.67 46.69 46.71 46.72 46.71 46.69 46.69
46.37 46.38 46.39 46.41 46.42 46.4 46.37 46.35 46.34 46.36 46.4 46.42 46.45 46.46 46.49 46.53 46.5 46.45 46.43 46.42 46.45 46.48 46.5 46.49 46.49 46.51 46.52 46.51 46.52 46.54 46.54 46.54 46.52 46.5 46.5 46.49 46.5 46.53 46.57 46.58 46.58 46.6 46.61 46.62 46.63 46.63 46.63 46.66 46.71 46.74 46.75 46.78 46.82 46.84 46.86 46.87 46.85 46.83 46.82 46.8 46.77 46.76 46.75 46.72 46.7 46.67 46.66 46.65 46.64 46.65 46.66 46.68 46.69 46.7 46.72 46.72 46.72 46.7
46.33 46.36 46.38 46.39 46.4 46.4 46.36 46.34 46.33 46.34 46.37 46.39 46.43 46.45 46.47 46.51 46.5 46.45 46.4 46.41 46.46 46.49 46.5 46.49 46.49 46.49 46.49 46.5 46.52 46.52 46.52 46.52 46.5 46.51 46.53 46.54 46.55 46.57 46.59 46.6 46.61 46.61 46.63 46.63 46.62 46.61 46.64 46.67 46.69 46.71 46.74 46.78 46.81 46.84 46.86 46.88 46.87 46.84 46.83 46.82 46.79 46.76 46.75 46.74 46.72 46.69 46.66 46.66 46.65 46.65 46.68 46.7 46.69 46.69 46.69 46.71 46.72 46.71
