slabs/18.grd
DSAA
631 301
642630 643260
4948100 4948400
43.05 48.28
[rows 170 to 203 of 300, columns 78 to 155 of 631]
46.96 46.96 46.96 46.93 46.81 46.58 46.51 46.59 46.64 46.67 46.72 46.76 46.76 46.78 46.81 46.81 46.82 46.84 46.85 46.86 46.88 46.87 46.84 46.86 46.86 46.84 46.83 46.82 46.8 46.76 46.7 46.7 46.73 46.73 46.71 46.6 46.39 46.31 46.33 46.34 46.36 46.44 46.51 46.54 46.57 46.58 46.58 46.61 46.64 46.63 46.61 46.59 46.58 46.58 46.59 46.61 46.58 46.55 46.57 46.57 46.54 46.53 46.53 46.53 46.53 46.52 46.5 46.46 46.45 46.43 46.45 46.47 46.47 46.42 46.35 46.32 46.32 46.27
46.96 46.98 47 46.99 46.92 46.76 46.63 46.57 46.54 46.57 46.64 46.67 46.69 46.74 46.79 46.81 46.84 46.85 46.85 46.86 46.86 46.83 46.8 46.82 46.83 46.8 46.81 46.8 46.77 46.74 46.72 46.71 46.72 46.75 46.76 46.66 46.43 46.31 46.32 46.33 46.36 46.42 46.47 46.51 46.56 46.58 46.58 46.58 46.61 46.64 46.62 46.59 46.6 46.61 46.6 46.59 46.57 46.55 46.54 46.54 46.54 46.54 46.53 46.52 46.51 46.5 46.47 46.44 46.42 46.42 46.45 46.46 46.45 46.39 46.31 46.27 46.27 46.24
46.98 47.01 47.04 47.04 47 46.92 46.8 46.69 46.58 46.52 46.58 46.61 46.65 46.72 46.79 46.83 46.84 46.86 46.85 46.84 46.83 46.8 46.78 46.79 46.8 46.78 46.78 46.78 46.75 46.74 46.74 46.71 46.71 46.74 46.76 46.64 46.42 46.31 46.31 46.32 46.35 46.39 46.43 46.51 46.58 46.6 46.6 46.59 46.58 46.6 46.6 46.57 46.56 46.58 46.58 46.57 46.58 46.57 46.54 46.52 46.51 46.51 46.51 46.5 46.48 46.47 46.44 46.4 46.38 46.38 46.39 46.4 46.39 46.33 46.25 46.24 46.24 46.24
46.96 46.98 47.01 47.03 47.01 46.98 46.92 46.85 46.73 46.57 46.54 46.58 46.62 46.69 46.76 46.82 46.84 46.84 46.84 46.82 46.81 46.8 46.79 46.79 46.81 46.79 46.78 46.78 46.76 46.73 46.74 46.72 46.71 46.73 46.72 46.59 46.4 46.3 46.28 46.31 46.34 46.36 46.41 46.5 46.55 46.57 46.58 46.57 46.56 46.57 46.57 46.55 46.55 46.57 46.56 46.55 46.58 46.59 46.55 46.51 46.49 46.48 46.48 46.47 46.45 46.44 46.41 46.36 46.31 46.28 46.28 46.3 46.3 46.26 46.22 46.24 46.26 46.27
46.95 46.96 47 47.01 47.01 46.99 46.96 46.94 46.87 46.68 46.55 46.52 46.56 46.65 46.71 46.76 46.8 46.8 46.81 46.82 46.83 46.83 46.82 46.84 46.82 46.77 46.75 46.76 46.76 46.72 46.69 46.67 46.69 46.73 46.73 46.58 46.38 46.3 46.3 46.33 46.35 46.36 46.42 46.5 46.54 46.56 46.57 46.56 46.56 46.56 46.55 46.55 46.55 46.54 46.53 46.52 46.53 46.55 46.54 46.51 46.49 46.48 46.46 46.44 46.42 46.4 46.36 46.3 46.25 46.21 46.18 46.19 46.19 46.21 46.24 46.26 46.28 46.3
46.96 46.96 46.98 46.99 46.99 46.98 46.97 46.98 46.95 46.81 46.66 46.52 46.49 46.6 46.66 46.7 46.74 46.77 46.78 46.79 46.81 46.8 46.77 46.79 46.8 46.73 46.69 46.7 46.72 46.7 46.66 46.64 46.66 46.69 46.69 46.59 46.44 46.34 46.31 46.33 46.35 46.36 46.41 46.49 46.53 46.54 46.55 46.55 46.56 46.56 46.56 46.56 46.54 46.52 46.51 46.5 46.49 46.5 46.5 46.49 46.48 46.46 46.43 46.4 46.39 46.34 46.29 46.26 46.24 46.2 46.19 46.21 46.21 46.23 46.27 46.28 46.28 46.29
46.98 46.97 46.97 46.98 46.97 46.97 46.99 47 46.99 46.92 46.82 46.66 46.5 46.53 46.61 46.65 46.69 46.72 46.74 46.75 46.77 46.76 46.74 46.73 46.72 46.7 46.69 46.69 46.69 46.68 46.65 46.63 46.65 46.66 46.65 46.61 46.51 46.4 46.35 46.35 46.37 46.39 46.42 46.47 46.5 46.52 46.52 46.53 46.54 46.54 46.55 46.55 46.54 46.51 46.5 46.49 46.48 46.49 46.48 46.45 46.43 46.41 46.39 46.36 46.34 46.3 46.24 46.21 46.19 46.19 46.2 46.22 46.23 46.25 46.27 46.28 46.28 46.29
46.97 46.97 46.96 46.98 46.97 46.97 46.99 46.98 46.98 46.97 46.93 46.84 46.62 46.51 46.54 46.59 46.64 46.68 46.71 46.72 46.74 46.73 46.71 46.73 46.73 46.67 46.64 46.65 46.64 46.62 46.62 46.62 46.6 46.58 46.6 46.63 46.54 46.42 46.37 46.36 46.38 46.38 46.4 46.45 46.49 46.5 46.52 46.53 46.52 46.52 46.52 46.52 46.52 46.5 46.47 46.46 46.45 46.46 46.46 46.43 46.41 46.39 46.36 46.32 46.28 46.24 46.19 46.19 46.2 46.21 46.24 46.26 46.27 46.28 46.28 46.27 46.29 46.33
46.94 46.94 46.94 46.94 46.96 46.99 47 47 47 46.98 46.94 46.93 46.78 46.58 46.52 46.55 46.62 46.68 46.7 46.71 46.72 46.7 46.68 46.71 46.72 46.67 46.62 46.62 46.63 46.63 46.64 46.65 46.61 46.58 46.6 46.64 46.55 46.4 46.36 46.35 46.36 46.35 46.39 46.45 46.49 46.5 46.52 46.53 46.52 46.52 46.51 46.5 46.49 46.48 46.46 46.44 46.44 46.44 46.43 46.43 46.43 46.41 46.35 46.28 46.24 46.19 46.17 46.22 46.25 46.25 46.26 46.27 46.29 46.3 46.29 46.3 46.33 46.37
46.92 46.93 46.94 46.96 46.97 46.99 47 47 47.01 47 46.96 46.96 46.9 46.71 46.58 46.55 46.53 46.59 46.65 46.67 46.69 46.68 46.68 46.72 46.75 46.73 46.67 46.62 46.65 46.68 46.7 46.69 46.66 46.65 46.64 46.64 46.54 46.4 46.35 46.34 46.35 46.35 46.38 46.43 46.47 46.5 46.52 46.51 46.5 46.49 46.48 46.48 46.47 46.45 46.44 46.42 46.42 46.42 46.4 46.37 46.34 46.32 46.28 46.22 46.18 46.19 46.23 46.26 46.25 46.25 46.27 46.28 46.3 46.31 46.31 46.32 46.35 46.39
46.89 46.93 46.94 46.94 46.95 46.96 46.95 46.97 47 47 46.99 46.99 46.98 46.92 46.86 46.76 46.59 46.54 46.59 46.62 46.66 46.67 46.69 46.75 46.78 46.77 46.69 46.61 46.65 46.7 46.71 46.68 46.66 46.67 46.66 46.64 46.54 46.43 46.36 46.34 46.36 46.36 46.39 46.43 46.45 46.49 46.51 46.48 46.46 46.46 46.47 46.47 46.46 46.45 46.43 46.4 46.39 46.4 46.38 46.31 46.26 46.24 46.23 46.23 46.22 46.24 46.26 46.25 46.24 46.25 46.28 46.32 46.34 46.34 46.34 46.35 46.37 46.4
46.89 46.93 46.93 46.94 46.95 46.94 46.94 46.94 46.96 46.97 46.98 46.99 47 47 46.99 46.92 46.71 46.57 46.53 46.56 46.62 46.64 46.67 46.74 46.76 46.73 46.66 46.59 46.63 46.69 46.68 46.66 46.66 46.66 46.67 46.65 46.53 46.43 46.39 46.36 46.36 46.37 46.39 46.42 46.44 46.46 46.48 46.48 46.48 46.48 46.47 46.47 46.48 46.45 46.42 46.37 46.34 46.32 46.26 46.22 46.21 46.21 46.23 46.26 46.26 46.26 46.25 46.25 46.24 46.26 46.3 46.33 46.37 46.38 46.37 46.36 46.37 46.41
46.72 46.82 46.9 46.91 46.92 46.93 46.94 46.95 46.95 46.95 46.97 46.98 46.99 46.99 46.99 46.96 46.83 46.69 46.55 46.5 46.56 46.6 46.62 46.67 46.68 46.67 46.64 46.61 46.62 46.64 46.66 46.68 46.7 46.71 46.69 46.64 46.53 46.46 46.39 46.35 46.36 46.37 46.38 46.41 46.44 46.45 46.46 46.47 46.48 46.47 46.45 46.42 46.4 46.37 46.33 46.3 46.27 46.25 46.21 46.2 46.21 46.23 46.25 46.26 46.26 46.25 46.25 46.25 46.25 46.27 46.3 46.32 46.37 46.41 46.39 46.37 46.38 46.41
46.52 46.68 46.81 46.86 46.91 46.93 46.94 46.96 46.95 46.95 46.97 46.98 46.99 46.99 46.99 46.98 46.92 46.84 46.68 46.51 46.51 46.55 46.57 46.61 46.64 46.64 46.65 46.65 46.62 46.59 46.62 46.67 46.72 46.74 46.7 46.63 46.56 46.53 46.42 46.33 46.33 46.34 46.36 46.4 46.44 46.43 46.42 46.44 46.45 46.44 46.42 46.38 46.36 46.32 46.28 46.24 46.23 46.22 46.23 46.24 46.23 46.24 46.26 46.25 46.26 46.26 46.25 46.25 46.25 46.27 46.31 46.32 46.37 46.42 46.42 46.4 46.39 46.4
46.42 46.48 46.62 46.75 46.88 46.93 46.95 46.96 46.95 46.96 46.97 46.98 46.99 46.99 47.02 47.02 46.98 46.96 46.84 46.61 46.5 46.49 46.53 46.58 46.61 46.64 46.65 46.65 46.63 46.61 46.62 46.64 46.65 46.62 46.57 46.53 46.52 46.48 46.4 46.35 46.35 46.33 46.35 46.39 46.41 46.41 46.42 46.44 46.44 46.43 46.39 46.35 46.33 46.29 46.24 46.22 46.22 46.23 46.24 46.26 46.24 46.23 46.25 46.26 46.28 46.29 46.29 46.27 46.28 46.3 46.32 46.34 46.38 46.44 46.45 46.44 46.41 46.4
46.45 46.38 46.42 46.6 46.82 46.91 46.95 46.95 46.95 46.94 46.95 46.95 46.97 47 47.01 47.01 47.02 47.02 46.94 46.73 46.51 46.43 46.49 46.55 46.59 46.61 46.63 46.63 46.6 46.59 46.59 46.61 46.64 46.65 46.59 46.51 46.48 46.42 46.36 46.34 46.32 46.32 46.35 46.38 46.4 46.4 46.41 46.42 46.42 46.41 46.35 46.31 46.28 46.25 46.22 46.21 46.22 46.22 46.23 46.25 46.24 46.23 46.25 46.27 46.3 46.34 46.35 46.33 46.34 46.34 46.35 46.36 46.4 46.46 46.5 46.5 46.47 46.45
46.54 46.43 46.37 46.46 46.68 46.83 46.89 46.93 46.93 46.93 46.94 46.94 46.96 46.98 46.98 46.97 46.99 47.03 47 46.87 46.58 46.37 46.4 46.49 46.55 46.57 46.59 46.59 46.57 46.57 46.61 46.67 46.71 46.71 46.64 46.55 46.5 46.43 46.36 46.34 46.32 46.32 46.36 46.37 46.37 46.38 46.39 46.38 46.37 46.36 46.32 46.28 46.25 46.21 46.19 46.19 46.19 46.2 46.22 46.24 46.23 46.24 46.28 46.29 46.33 46.36 46.36 46.34 46.36 46.37 46.38 46.41 46.43 46.48 46.5 46.51 46.5 46.46
46.63 46.56 46.48 46.38 46.48 46.67 46.8 46.89 46.92 46.93 46.95 46.95 46.94 46.94 46.95 46.94 46.96 46.98 46.99 46.95 46.75 46.56 46.46 46.44 46.5 46.5 46.52 46.54 46.53 46.55 46.6 46.66 46.7 46.69 46.65 46.59 46.54 46.47 46.39 46.34 46.32 46.34 46.38 46.37 46.34 46.34 46.35 46.34 46.34 46.32 46.28 46.24 46.23 46.2 46.19 46.2 46.19 46.19 46.22 46.24 46.24 46.25 46.28 46.3 46.34 46.39 46.39 46.39 46.41 46.41 46.4 46.41 46.44 46.48 46.51 46.54 46.54 46.51
46.68 46.66 46.59 46.42 46.37 46.49 46.65 46.82 46.9 46.91 46.94 46.95 46.94 46.96 46.94 46.94 46.96 46.97 46.98 46.98 46.91 46.83 46.69 46.48 46.37 46.39 46.47 46.5 46.48 46.52 46.56 46.6 46.65 46.65 46.62 46.56 46.52 46.46 46.39 46.34 46.33 46.35 46.39 46.37 46.32 46.31 46.31 46.3 46.3 46.29 46.24 46.21 46.2 46.2 46.2 46.2 46.2 46.22 46.22 46.21 46.2 46.21 46.27 46.31 46.34 46.39 46.41 46.43 46.44 46.42 46.42 46.44 46.46 46.49 46.51 46.53 46.55 46.54
46.69 46.67 46.62 46.51 46.38 46.29 46.43 46.68 46.84 46.89 46.9 46.91 46.92 46.94 46.94 46.95 46.96 46.96 46.98 46.99 46.97 46.95 46.86 46.64 46.44 46.38 46.43 46.47 46.46 46.48 46.51 46.56 46.62 46.63 46.59 46.52 46.47 46.43 46.38 46.34 46.34 46.35 46.35 46.33 46.3 46.29 46.27 46.26 46.25 46.23 46.21 46.2 46.21 46.22 46.21 46.21 46.22 46.24 46.24 46.23 46.24 46.23 46.25 46.29 46.32 46.37 46.4 46.45 46.46 46.45 46.47 46.48 46.49 46.5 46.52 46.54 46.57 46.56
46.66 46.65 46.66 46.62 46.46 46.31 46.28 46.46 46.73 46.84 46.88 46.9 46.92 46.94 46.93 46.93 46.93 46.94 46.97 46.99 46.97 46.96 46.93 46.81 46.65 46.47 46.38 46.43 46.45 46.46 46.48 46.54 46.61 46.61 46.57 46.5 46.46 46.42 46.36 46.33 46.34 46.33 46.3 46.3 46.28 46.26 46.25 46.25 46.23 46.21 46.21 46.21 46.21 46.21 46.22 46.23 46.25 46.28 46.27 46.26 46.25 46.24 46.24 46.26 46.3 46.34 46.38 46.43 46.47 46.48 46.5 46.49 46.49 46.52 46.53 46.55 46.57 46.58
46.66 46.68 46.7 46.69 46.56 46.48 46.42 46.34 46.47 46.63 46.75 46.87 46.91 46.92 46.92 46.92 46.93 46.93 46.95 46.97 46.97 46.97 46.97 46.92 46.84 46.64 46.4 46.38 46.43 46.45 46.48 46.54 46.59 46.58 46.55 46.51 46.47 46.43 46.35 46.3 46.33 46.35 46.31 46.28 46.26 46.24 46.24 46.24 46.22 46.2 46.21 46.21 46.21 46.21 46.22 46.21 46.24 46.28 46.28 46.28 46.27 46.26 46.25 46.25 46.29 46.35 46.39 46.44 46.5 46.51 46.5 46.49 46.5 46.52 46.53 46.54 46.56 46.57
46.69 46.73 46.74 46.7 46.63 46.62 46.57 46.42 46.38 46.43 46.59 46.81 46.9 46.91 46.92 46.93 46.94 46.93 46.93 46.95 46.97 46.98 46.98 46.97 46.94 46.82 46.53 46.36 46.39 46.44 46.5 46.53 46.54 46.56 46.57 46.54 46.52 46.45 46.37 46.34 46.35 46.36 46.33 46.31 46.28 46.24 46.23 46.23 46.22 46.18 46.19 46.21 46.22 46.22 46.21 46.21 46.23 46.28 46.3 46.3 46.3 46.28 46.28 46.28 46.31 46.36 46.39 46.43 46.5 46.52 46.51 46.5 46.51 46.53 46.52 46.52 46.54 46.56
46.7 46.74 46.74 46.71 46.69 46.69 46.65 46.53 46.42 46.35 46.42 46.67 46.84 46.89 46.9 46.92 46.94 46.93 46.91 46.93 46.94 46.95 46.96 46.97 46.97 46.94 46.71 46.41 46.31 46.39 46.51 46.56 46.58 46.61 46.6 46.55 46.52 46.45 46.37 46.33 46.34 46.35 46.35 46.35 46.3 46.23 46.21 46.21 46.22 46.22 46.23 46.24 46.23 46.21 46.21 46.22 46.25 46.29 46.32 46.32 46.32 46.32 46.31 46.31 46.31 46.35 46.38 46.42 46.48 46.52 46.53 46.53 46.52 46.53 46.53 46.52 46.52 46.54
46.68 46.72 46.71 46.71 46.71 46.69 46.67 46.59 46.51 46.42 46.35 46.51 46.71 46.81 46.88 46.91 46.92 46.91 46.91 46.92 46.94 46.94 46.94 46.96 46.97 46.98 46.86 46.58 46.38 46.36 46.47 46.59 46.63 46.64 46.62 46.58 46.55 46.48 46.39 46.34 46.37 46.37 46.31 46.29 46.26 46.2 46.21 46.23 46.26 46.3 46.31 46.3 46.28 46.25 46.23 46.24 46.27 46.3 46.31 46.33 46.35 46.35 46.34 46.33 46.32 46.35 46.38 46.42 46.46 46.52 46.56 46.54 46.53 46.54 46.54 46.53 46.53 46.53
46.65 46.67 46.68 46.7 46.7 46.69 46.67 46.65 46.62 46.55 46.41 46.38 46.5 46.67 46.83 46.89 46.9 46.9 46.93 46.94 46.94 46.95 46.96 46.96 46.96 46.96 46.94 46.86 46.68 46.43 46.44 46.6 46.69 46.72 46.68 46.62 46.56 46.48 46.43 46.41 46.41 46.36 46.28 46.24 46.21 46.21 46.24 46.26 46.3 46.36 46.37 46.36 46.31 46.27 46.26 46.25 46.27 46.29 46.3 46.33 46.37 46.37 46.37 46.35 46.35 46.37 46.39 46.41 46.44 46.51 46.57 46.56 46.56 46.56 46.57 46.58 46.55 46.53
46.61 46.62 46.66 46.68 46.7 46.7 46.7 46.71 46.7 46.66 46.5 46.33 46.32 46.48 46.71 46.85 46.89 46.89 46.91 46.92 46.92 46.92 46.94 46.96 46.96 46.95 46.95 46.95 46.86 46.65 46.56 46.63 46.68 46.72 46.69 46.64 46.56 46.48 46.45 46.45 46.41 46.33 46.25 46.22 46.21 46.25 46.3 46.29 46.33 46.4 46.43 46.4 46.34 46.3 46.29 46.28 46.27 46.29 46.32 46.34 46.38 46.4 46.39 46.39 46.37 46.36 46.37 46.4 46.44 46.47 46.51 46.56 46.57 46.56 46.58 46.58 46.56 46.55
46.59 46.6 46.62 46.65 46.69 46.7 46.71 46.73 46.72 46.69 46.61 46.44 46.31 46.31 46.52 46.78 46.86 46.87 46.9 46.91 46.9 46.89 46.9 46.92 46.93 46.95 46.95 46.93 46.92 46.88 46.84 46.85 46.8 46.73 46.68 46.64 46.57 46.51 46.48 46.46 46.41 46.31 46.24 46.22 46.23 46.28 46.33 46.32 46.34 46.4 46.44 46.44 46.39 46.34 46.32 46.3 46.29 46.32 46.35 46.36 46.4 46.43 46.43 46.42 46.4 46.38 46.38 46.4 46.45 46.47 46.5 46.56 46.58 46.56 46.55 46.56 46.57 46.58
46.63 46.61 46.6 46.62 46.66 46.67 46.69 46.73 46.74 46.73 46.7 46.53 46.36 46.28 46.4 46.68 46.81 46.85 46.89 46.89 46.91 46.92 46.89 46.88 46.9 46.94 46.93 46.91 46.92 46.94 46.94 46.94 46.86 46.74 46.67 46.63 46.59 46.53 46.5 46.47 46.43 46.33 46.26 46.24 46.26 46.29 46.32 46.34 46.35 46.38 46.42 46.45 46.42 46.36 46.34 46.33 46.32 46.33 46.36 46.38 46.4 46.44 46.48 46.45 46.42 46.41 46.41 46.42 46.46 46.5 46.53 46.55 46.57 46.58 46.57 46.57 46.57 46.58
46.62 46.61 46.61 46.62 46.64 46.68 46.71 46.73 46.73 46.73 46.71 46.62 46.5 46.37 46.31 46.33 46.43 46.65 46.83 46.9 46.88 46.88 46.89 46.88 46.89 46.92 46.92 46.91 46.93 46.94 46.93 46.92 46.85 46.73 46.68 46.66 46.62 46.57 46.52 46.49 46.45 46.36 46.27 46.27 46.3 46.32 46.33 46.37 46.39 46.38 46.39 46.43 46.44 46.4 46.37 46.34 46.33 46.34 46.37 46.38 46.4 46.42 46.45 46.47 46.46 46.45 46.43 46.41 46.43 46.47 46.51 46.54 46.57 46.59 46.6 46.59 46.58 46.58
46.63 46.61 46.59 46.6 46.61 46.64 46.68 46.7 46.71 46.73 46.72 46.67 46.62 46.56 46.42 46.26 46.23 46.43 46.71 46.84 46.86 46.88 46.9 46.9 46.9 46.91 46.93 46.93 46.94 46.94 46.92 46.91 46.85 46.76 46.72 46.71 46.67 46.61 46.57 46.54 46.52 46.39 46.24 46.27 46.33 46.34 46.33 46.35 46.37 46.38 46.37 46.41 46.45 46.41 46.37 46.35 46.35 46.34 46.35 46.39 46.42 46.43 46.46 46.52 46.54 46.52 46.48 46.42 46.42 46.44 46.47 46.52 46.57 46.6 46.6 46.59 46.58 46.58
46.59 46.6 46.59 46.59 46.61 46.6 46.63 46.69 46.72 46.7 46.7 46.7 46.71 46.7 46.56 46.4 46.27 46.3 46.58 46.76 46.82 46.88 46.9 46.9 46.9 46.91 46.92 46.92 46.94 46.93 46.92 46.93 46.88 46.81 46.77 46.73 46.68 46.64 46.61 46.59 46.59 46.43 46.24 46.27 46.35 46.37 46.36 46.37 46.38 46.38 46.37 46.38 46.43 46.43 46.41 46.39 46.37 46.37 46.37 46.39 46.42 46.44 46.47 46.53 46.56 46.55 46.5 46.44 46.41 46.41 46.44 46.49 46.57 46.61 46.62 46.61 46.58 46.57
46.58 46.6 46.61 46.6 46.59 46.58 46.63 46.69 46.69 46.68 46.68 46.68 46.71 46.72 46.66 46.6 46.43 46.3 46.45 46.63 46.74 46.85 46.89 46.89 46.9 46.9 46.9 46.91 46.93 46.93 46.94 46.96 46.94 46.88 46.83 46.77 46.71 46.67 46.63 46.63 46.62 46.42 46.22 46.26 46.37 46.4 46.39 46.4 46.41 46.42 46.47 46.45 46.41 46.43 46.44 46.44 46.41 46.4 46.4 46.39 46.4 46.43 46.47 46.53 46.56 46.56 46.52 46.46 46.42 46.41 46.41 46.46 46.55 46.62 46.64 46.63 46.59 46.57
46.59 46.6 46.62 46.62 46.59 46.59 46.63 46.66 46.65 46.63 46.65 46.66 46.69 46.69 46.71 46.73 46.6 46.37 46.34 46.44 46.61 46.79 46.87 46.89 46.9 46.9 46.91 46.9 46.9 46.92 46.94 46.96 46.96 46.93 46.89 46.82 46.73 46.69 46.68 46.69 46.67 46.43 46.19 46.23 46.38 46.43 46.42 46.41 46.42 46.45 46.49 46.48 46.44 46.45 46.47 46.48 46.46 46.43 46.41 46.4 46.42 46.43 46.46 46.51 46.55 46.56 46.54 46.5 46.44 46.42 46.41 46.45 46.52 46.56 46.59 46.61 46.61 46.58
