slabs/19.grd
DSAA
631 301
642630 643260
4948400 4948700
44.4 47.47
[rows 238 to 271 of 301, columns 468 to 545 of 631]
45.27 45.28 45.27 45.24 45.26 45.29 45.3 45.31 45.32 45.34 45.34 45.33 45.34 45.36 45.38 45.4 45.38 45.35 45.33 45.35 45.36 45.37 45.39 45.38 45.37 45.37 45.38 45.39 45.4 45.39 45.38 45.38 45.38 45.38 45.36 45.37 45.37 45.33 45.27 45.2 45.02 44.83 44.85 45.05 45.18 45.2 45.28 45.39 45.41 45.4 45.36 45.29 45.23 45.21 45.21 45.21 45.21 45.2 45.2 45.21 45.21 45.2 45.2 45.23 45.26 45.23 45.2 45.21 45.22 45.22 45.23 45.23 45.23 45.27 45.3 45.3 45.32 45.3
45.25 45.28 45.28 45.25 45.25 45.28 45.29 45.29 45.3 45.32 45.34 45.33 45.34 45.36 45.39 45.4 45.39 45.37 45.36 45.35 45.36 45.38 45.4 45.4 45.38 45.37 45.38 45.4 45.41 45.4 45.38 45.36 45.36 45.38 45.38 45.38 45.38 45.37 45.32 45.25 45.08 44.89 44.76 44.91 45.14 45.18 45.24 45.35 45.41 45.41 45.39 45.32 45.24 45.2 45.2 45.21 45.22 45.23 45.21 45.2 45.21 45.2 45.19 45.23 45.27 45.25 45.2 45.19 45.19 45.22 45.23 45.24 45.25 45.27 45.31 45.31 45.29 45.28
45.25 45.28 45.29 45.28 45.27 45.27 45.29 45.29 45.31 45.34 45.35 45.35 45.33 45.34 45.37 45.37 45.36 45.35 45.35 45.35 45.34 45.37 45.4 45.39 45.39 45.38 45.38 45.4 45.41 45.39 45.37 45.36 45.36 45.38 45.39 45.39 45.38 45.38 45.35 45.29 45.13 44.94 44.75 44.87 45.14 45.19 45.21 45.32 45.42 45.43 45.41 45.34 45.26 45.22 45.22 45.22 45.21 45.21 45.19 45.19 45.2 45.2 45.19 45.19 45.2 45.22 45.22 45.21 45.22 45.23 45.23 45.22 45.23 45.25 45.29 45.32 45.32 45.3
45.26 45.28 45.3 45.3 45.28 45.28 45.32 45.34 45.33 45.34 45.35 45.37 45.36 45.34 45.35 45.37 45.37 45.37 45.38 45.37 45.37 45.37 45.37 45.38 45.39 45.38 45.37 45.39 45.41 45.4 45.38 45.36 45.38 45.4 45.41 45.4 45.39 45.38 45.35 45.3 45.16 45.03 44.87 44.91 45.12 45.17 45.18 45.27 45.4 45.43 45.42 45.36 45.29 45.25 45.24 45.22 45.21 45.2 45.2 45.2 45.19 45.2 45.19 45.19 45.19 45.2 45.21 45.23 45.25 45.23 45.22 45.22 45.21 45.23 45.26 45.28 45.31 45.32
45.29 45.3 45.3 45.29 45.28 45.28 45.3 45.34 45.33 45.31 45.32 45.36 45.38 45.36 45.37 45.37 45.37 45.37 45.37 45.38 45.37 45.36 45.36 45.37 45.39 45.38 45.38 45.4 45.42 45.43 45.4 45.38 45.4 45.43 45.43 45.41 45.38 45.36 45.35 45.31 45.21 45.14 44.95 44.81 44.99 45.14 45.16 45.24 45.39 45.47 45.44 45.36 45.31 45.29 45.25 45.22 45.23 45.22 45.21 45.21 45.21 45.19 45.18 45.18 45.16 45.18 45.21 45.24 45.26 45.25 45.23 45.23 45.23 45.24 45.26 45.26 45.29 45.32
45.29 45.27 45.27 45.29 45.3 45.29 45.3 45.31 45.32 45.33 45.34 45.35 45.36 45.37 45.37 45.37 45.36 45.37 45.37 45.37 45.36 45.35 45.36 45.37 45.39 45.4 45.4 45.41 45.42 45.43 45.41 45.38 45.4 45.42 45.42 45.4 45.37 45.35 45.34 45.32 45.27 45.24 45.03 44.78 44.88 45.04 45.12 45.23 45.34 45.43 45.42 45.36 45.33 45.31 45.28 45.24 45.23 45.22 45.21 45.21 45.21 45.2 45.19 45.17 45.16 45.16 45.18 45.22 45.25 45.25 45.25 45.24 45.25 45.26 45.27 45.27 45.28 45.32
45.29 45.28 45.26 45.28 45.31 45.3 45.28 45.28 45.3 45.33 45.34 45.34 45.35 45.36 45.37 45.35 45.35 45.37 45.37 45.37 45.36 45.36 45.37 45.37 45.39 45.4 45.41 45.39 45.39 45.4 45.39 45.39 45.4 45.4 45.4 45.39 45.37 45.35 45.35 45.34 45.3 45.26 45.14 44.88 44.81 44.9 45.07 45.22 45.26 45.32 45.39 45.39 45.38 45.34 45.29 45.25 45.23 45.22 45.21 45.21 45.21 45.21 45.21 45.18 45.17 45.16 45.18 45.21 45.23 45.25 45.25 45.25 45.25 45.27 45.27 45.28 45.29 45.33
45.3 45.29 45.27 45.28 45.3 45.3 45.28 45.27 45.3 45.33 45.33 45.33 45.34 45.36 45.35 45.34 45.35 45.37 45.36 45.38 45.38 45.36 45.35 45.35 45.37 45.41 45.4 45.37 45.37 45.38 45.37 45.36 45.38 45.4 45.42 45.41 45.39 45.37 45.35 45.34 45.3 45.28 45.21 44.99 44.82 44.81 44.98 45.16 45.19 45.26 45.39 45.43 45.41 45.37 45.31 45.25 45.23 45.22 45.22 45.24 45.25 45.24 45.22 45.2 45.18 45.18 45.19 45.21 45.22 45.24 45.26 45.27 45.27 45.28 45.28 45.27 45.29 45.32
45.29 45.28 45.27 45.27 45.29 45.3 45.28 45.28 45.3 45.31 45.31 45.31 45.33 45.35 45.35 45.34 45.35 45.36 45.36 45.37 45.38 45.36 45.35 45.34 45.38 45.41 45.4 45.38 45.37 45.37 45.37 45.37 45.38 45.4 45.42 45.42 45.39 45.36 45.34 45.34 45.35 45.31 45.23 45.09 44.95 44.84 44.91 45.11 45.17 45.23 45.35 45.42 45.41 45.39 45.33 45.26 45.23 45.22 45.23 45.28 45.31 45.28 45.23 45.21 45.2 45.19 45.2 45.22 45.23 45.24 45.28 45.3 45.3 45.3 45.3 45.29 45.29 45.31
45.28 45.29 45.29 45.28 45.29 45.3 45.3 45.3 45.29 45.29 45.29 45.3 45.33 45.35 45.35 45.34 45.34 45.36 45.37 45.38 45.38 45.38 45.37 45.36 45.37 45.39 45.39 45.37 45.36 45.36 45.38 45.4 45.39 45.39 45.4 45.41 45.41 45.39 45.35 45.32 45.32 45.3 45.25 45.15 45.05 44.87 44.82 45.01 45.15 45.2 45.31 45.4 45.41 45.39 45.34 45.27 45.22 45.22 45.24 45.28 45.32 45.3 45.25 45.22 45.2 45.19 45.2 45.2 45.21 45.24 45.28 45.3 45.3 45.3 45.3 45.29 45.29 45.29
45.27 45.29 45.3 45.29 45.3 45.33 45.33 45.31 45.28 45.29 45.31 45.3 45.31 45.34 45.34 45.33 45.35 45.38 45.39 45.38 45.37 45.36 45.34 45.34 45.37 45.37 45.38 45.38 45.38 45.39 45.39 45.39 45.39 45.38 45.37 45.38 45.39 45.4 45.38 45.34 45.32 45.31 45.27 45.2 45.13 44.95 44.77 44.91 45.09 45.16 45.27 45.38 45.42 45.41 45.35 45.27 45.23 45.23 45.23 45.24 45.27 45.29 45.27 45.24 45.22 45.2 45.18 45.18 45.19 45.22 45.26 45.28 45.27 45.28 45.3 45.31 45.31 45.31
45.25 45.29 45.3 45.29 45.3 45.33 45.36 45.32 45.28 45.3 45.33 45.32 45.31 45.32 45.35 45.37 45.36 45.36 45.37 45.38 45.37 45.36 45.35 45.36 45.37 45.36 45.36 45.38 45.39 45.38 45.38 45.4 45.41 45.4 45.38 45.37 45.37 45.38 45.39 45.35 45.32 45.31 45.28 45.23 45.19 45.03 44.78 44.86 45.06 45.14 45.23 45.35 45.42 45.41 45.36 45.29 45.24 45.23 45.23 45.24 45.24 45.26 45.25 45.23 45.22 45.22 45.21 45.2 45.2 45.22 45.25 45.28 45.29 45.3 45.31 45.31 45.32 45.31
45.24 45.29 45.31 45.31 45.29 45.32 45.36 45.34 45.29 45.27 45.29 45.32 45.32 45.3 45.34 45.37 45.36 45.34 45.36 45.38 45.39 45.38 45.37 45.36 45.35 45.33 45.34 45.37 45.38 45.37 45.36 45.38 45.41 45.41 45.37 45.36 45.36 45.37 45.37 45.34 45.3 45.3 45.28 45.25 45.23 45.08 44.83 44.89 45.09 45.14 45.19 45.29 45.38 45.4 45.37 45.34 45.28 45.24 45.23 45.23 45.23 45.23 45.23 45.23 45.24 45.24 45.22 45.21 45.2 45.21 45.23 45.25 45.27 45.29 45.31 45.31 45.32 45.32
45.24 45.3 45.33 45.33 45.3 45.29 45.3 45.31 45.3 45.29 45.3 45.31 45.31 45.3 45.33 45.35 45.35 45.35 45.36 45.37 45.37 45.37 45.36 45.35 45.34 45.32 45.33 45.35 45.37 45.37 45.36 45.36 45.38 45.38 45.37 45.35 45.35 45.36 45.37 45.33 45.3 45.29 45.28 45.25 45.25 45.12 44.9 44.92 45.07 45.12 45.16 45.2 45.29 45.39 45.39 45.34 45.3 45.26 45.23 45.23 45.23 45.23 45.24 45.26 45.27 45.26 45.25 45.25 45.23 45.2 45.2 45.22 45.23 45.26 45.29 45.31 45.31 45.31
45.25 45.28 45.29 45.3 45.3 45.29 45.29 45.3 45.3 45.29 45.3 45.31 45.31 45.31 45.32 45.33 45.34 45.35 45.35 45.35 45.36 45.36 45.35 45.34 45.34 45.33 45.32 45.34 45.36 45.38 45.38 45.36 45.37 45.38 45.38 45.35 45.33 45.35 45.36 45.33 45.3 45.3 45.27 45.24 45.22 45.16 44.97 44.84 44.87 45.03 45.15 45.16 45.22 45.35 45.38 45.33 45.29 45.26 45.25 45.25 45.23 45.22 45.24 45.26 45.25 45.25 45.25 45.23 45.22 45.2 45.2 45.21 45.22 45.26 45.29 45.31 45.31 45.31
45.24 45.26 45.28 45.32 45.33 45.32 45.31 45.31 45.31 45.31 45.29 45.28 45.29 45.29 45.31 45.32 45.34 45.36 45.35 45.35 45.37 45.39 45.37 45.35 45.33 45.33 45.32 45.32 45.33 45.36 45.39 45.38 45.37 45.38 45.38 45.34 45.32 45.34 45.37 45.35 45.31 45.29 45.26 45.23 45.22 45.19 45.01 44.81 44.78 44.98 45.15 45.17 45.2 45.3 45.36 45.33 45.33 45.32 45.28 45.26 45.24 45.23 45.24 45.24 45.24 45.25 45.24 45.22 45.22 45.21 45.2 45.2 45.22 45.26 45.27 45.29 45.3 45.31
45.23 45.24 45.26 45.29 45.31 45.31 45.31 45.31 45.31 45.31 45.3 45.28 45.29 45.29 45.3 45.31 45.35 45.37 45.35 45.33 45.36 45.4 45.39 45.36 45.34 45.33 45.31 45.3 45.3 45.34 45.37 45.37 45.36 45.37 45.37 45.34 45.32 45.34 45.36 45.34 45.29 45.27 45.25 45.24 45.23 45.19 45.08 44.96 44.8 44.75 44.93 45.08 45.14 45.24 45.33 45.35 45.35 45.33 45.29 45.28 45.26 45.23 45.21 45.21 45.23 45.25 45.24 45.22 45.22 45.23 45.22 45.21 45.21 45.23 45.24 45.25 45.28 45.31
45.21 45.21 45.22 45.27 45.31 45.32 45.32 45.32 45.32 45.33 45.32 45.28 45.28 45.3 45.29 45.29 45.33 45.36 45.35 45.33 45.34 45.35 45.37 45.36 45.34 45.33 45.32 45.3 45.3 45.31 45.34 45.35 45.34 45.35 45.35 45.32 45.31 45.31 45.31 45.31 45.3 45.28 45.26 45.22 45.2 45.18 45.12 45.06 44.89 44.71 44.81 44.99 45.09 45.19 45.3 45.36 45.36 45.34 45.29 45.26 45.24 45.23 45.21 45.2 45.21 45.23 45.22 45.23 45.23 45.24 45.25 45.23 45.21 45.21 45.23 45.24 45.28 45.33
45.21 45.21 45.23 45.27 45.31 45.33 45.32 45.32 45.33 45.35 45.33 45.28 45.27 45.28 45.28 45.28 45.29 45.32 45.35 45.34 45.34 45.35 45.37 45.37 45.35 45.35 45.32 45.31 45.31 45.31 45.34 45.35 45.33 45.33 45.34 45.31 45.28 45.26 45.25 45.26 45.26 45.25 45.23 45.19 45.18 45.18 45.13 45.09 44.98 44.75 44.8 44.99 45.08 45.14 45.26 45.37 45.38 45.36 45.3 45.24 45.24 45.23 45.22 45.2 45.2 45.2 45.2 45.21 45.24 45.24 45.22 45.22 45.22 45.2 45.2 45.22 45.27 45.32
45.22 45.22 45.23 45.26 45.31 45.34 45.32 45.31 45.32 45.34 45.33 45.3 45.27 45.27 45.28 45.27 45.26 45.29 45.33 45.34 45.35 45.35 45.35 45.33 45.32 45.33 45.32 45.29 45.29 45.31 45.34 45.35 45.32 45.32 45.3 45.28 45.27 45.25 45.23 45.23 45.25 45.24 45.2 45.16 45.16 45.15 45.11 45.09 45.02 44.83 44.85 45.01 45.08 45.12 45.23 45.36 45.38 45.37 45.32 45.28 45.25 45.23 45.21 45.21 45.2 45.2 45.21 45.22 45.25 45.23 45.19 45.2 45.24 45.23 45.22 45.23 45.24 45.27
45.23 45.21 45.21 45.24 45.29 45.32 45.32 45.3 45.31 45.34 45.35 45.32 45.29 45.28 45.28 45.27 45.25 45.28 45.32 45.34 45.33 45.33 45.34 45.33 45.33 45.34 45.32 45.29 45.28 45.3 45.3 45.31 45.31 45.3 45.28 45.28 45.28 45.25 45.22 45.21 45.22 45.22 45.19 45.15 45.14 45.12 45.09 45.07 45.03 44.89 44.84 44.9 45 45.09 45.17 45.29 45.35 45.37 45.35 45.3 45.23 45.2 45.2 45.22 45.23 45.22 45.21 45.22 45.22 45.22 45.22 45.23 45.24 45.24 45.23 45.23 45.23 45.23
45.24 45.21 45.21 45.22 45.26 45.28 45.3 45.3 45.28 45.32 45.34 45.32 45.3 45.3 45.31 45.3 45.26 45.27 45.31 45.34 45.34 45.33 45.32 45.32 45.32 45.31 45.31 45.31 45.31 45.29 45.28 45.29 45.29 45.27 45.27 45.27 45.26 45.23 45.19 45.17 45.17 45.19 45.18 45.15 45.12 45.08 45.05 45.04 45.01 44.88 44.74 44.73 44.89 45.05 45.09 45.17 45.3 45.35 45.34 45.3 45.25 45.22 45.21 45.22 45.22 45.22 45.22 45.22 45.22 45.22 45.22 45.22 45.25 45.25 45.23 45.22 45.22 45.22
45.23 45.2 45.19 45.21 45.23 45.25 45.27 45.28 45.26 45.29 45.32 45.32 45.32 45.3 45.3 45.29 45.26 45.27 45.29 45.3 45.3 45.3 45.3 45.3 45.3 45.29 45.29 45.3 45.31 45.29 45.27 45.27 45.27 45.27 45.26 45.25 45.23 45.2 45.16 45.14 45.14 45.17 45.17 45.14 45.1 45.05 45.02 45.01 45 44.88 44.75 44.72 44.83 45 45.07 45.14 45.29 45.34 45.3 45.28 45.26 45.23 45.21 45.2 45.2 45.2 45.18 45.18 45.19 45.21 45.23 45.24 45.26 45.26 45.25 45.23 45.21 45.2
45.24 45.21 45.2 45.2 45.21 45.23 45.27 45.29 45.28 45.28 45.31 45.32 45.3 45.27 45.26 45.27 45.26 45.26 45.26 45.27 45.28 45.28 45.27 45.27 45.28 45.27 45.28 45.29 45.29 45.28 45.26 45.25 45.26 45.27 45.25 45.23 45.21 45.19 45.15 45.13 45.13 45.14 45.12 45.1 45.08 45.04 45 44.99 44.98 44.89 44.79 44.62 44.65 44.93 45.05 45.13 45.25 45.31 45.31 45.28 45.24 45.21 45.2 45.19 45.2 45.2 45.18 45.17 45.18 45.21 45.24 45.25 45.27 45.28 45.26 45.23 45.21 45.21
45.26 45.23 45.2 45.2 45.2 45.23 45.28 45.3 45.29 45.28 45.29 45.31 45.33 45.3 45.25 45.24 45.25 45.24 45.23 45.25 45.27 45.27 45.27 45.27 45.27 45.27 45.28 45.28 45.28 45.27 45.25 45.23 45.24 45.26 45.24 45.2 45.19 45.17 45.14 45.11 45.1 45.09 45.07 45.05 45.05 45.02 44.98 44.97 44.96 44.89 44.82 44.66 44.57 44.79 45 45.07 45.18 45.29 45.34 45.34 45.29 45.24 45.21 45.2 45.2 45.2 45.19 45.18 45.18 45.19 45.21 45.22 45.26 45.29 45.28 45.25 45.22 45.21
45.23 45.21 45.2 45.19 45.18 45.2 45.24 45.28 45.3 45.29 45.27 45.29 45.31 45.3 45.25 45.24 45.25 45.23 45.21 45.23 45.25 45.27 45.27 45.27 45.26 45.26 45.27 45.27 45.26 45.26 45.23 45.2 45.21 45.23 45.21 45.18 45.17 45.16 45.13 45.09 45.07 45.05 45.04 45.03 45.02 45 44.96 44.95 44.94 44.88 44.82 44.71 44.58 44.73 44.93 45.01 45.11 45.23 45.33 45.33 45.29 45.27 45.25 45.23 45.21 45.2 45.19 45.18 45.18 45.18 45.18 45.21 45.25 45.27 45.28 45.26 45.23 45.22
45.25 45.23 45.2 45.17 45.16 45.17 45.2 45.25 45.28 45.27 45.25 45.26 45.28 45.29 45.26 45.23 45.22 45.23 45.21 45.2 45.22 45.26 45.27 45.25 45.23 45.24 45.25 45.25 45.24 45.23 45.2 45.18 45.18 45.19 45.19 45.18 45.16 45.14 45.12 45.1 45.05 45.03 45.04 45.02 44.98 44.96 44.96 44.95 44.92 44.87 44.83 44.77 44.64 44.66 44.8 44.95 45.07 45.18 45.28 45.3 45.3 45.28 45.27 45.24 45.21 45.21 45.2 45.18 45.18 45.18 45.19 45.21 45.24 45.24 45.26 45.26 45.25 45.24
45.24 45.23 45.21 45.19 45.18 45.19 45.2 45.22 45.25 45.26 45.25 45.25 45.27 45.29 45.27 45.22 45.21 45.21 45.21 45.18 45.18 45.22 45.23 45.22 45.21 45.22 45.24 45.24 45.22 45.23 45.22 45.19 45.18 45.18 45.17 45.17 45.14 45.11 45.1 45.08 45.04 45.01 45 44.97 44.95 44.94 44.93 44.9 44.89 44.89 44.88 44.82 44.7 44.64 44.66 44.82 45.01 45.12 45.2 45.27 45.31 45.3 45.29 45.25 45.21 45.2 45.2 45.19 45.19 45.19 45.19 45.21 45.23 45.23 45.26 45.27 45.26 45.27
45.26 45.26 45.23 45.18 45.16 45.18 45.2 45.22 45.24 45.26 45.25 45.25 45.26 45.28 45.27 45.24 45.21 45.19 45.17 45.16 45.16 45.18 45.2 45.2 45.21 45.22 45.23 45.23 45.22 45.2 45.18 45.17 45.16 45.15 45.15 45.13 45.11 45.09 45.05 45.03 45.01 44.98 44.96 44.93 44.92 44.91 44.89 44.88 44.88 44.89 44.89 44.87 44.78 44.64 44.54 44.71 44.96 45.07 45.13 45.25 45.33 45.32 45.3 45.26 45.2 45.18 45.18 45.19 45.19 45.19 45.19 45.21 45.22 45.22 45.23 45.25 45.26 45.25
45.27 45.26 45.23 45.17 45.14 45.16 45.19 45.22 45.24 45.25 45.26 45.26 45.25 45.26 45.27 45.25 45.22 45.17 45.14 45.13 45.13 45.16 45.18 45.18 45.18 45.19 45.2 45.19 45.17 45.16 45.16 45.17 45.15 45.12 45.11 45.09 45.09 45.05 45 44.98 44.98 44.97 44.95 44.92 44.9 44.89 44.88 44.87 44.87 44.88 44.9 44.9 44.86 44.66 44.49 44.64 44.92 45.04 45.08 45.22 45.33 45.32 45.3 45.26 45.21 45.18 45.18 45.18 45.19 45.19 45.18 45.2 45.22 45.22 45.23 45.25 45.26 45.27
45.25 45.24 45.22 45.17 45.13 45.16 45.18 45.19 45.22 45.24 45.26 45.26 45.25 45.24 45.24 45.23 45.2 45.15 45.12 45.11 45.11 45.13 45.17 45.18 45.17 45.16 45.17 45.18 45.16 45.15 45.15 45.15 45.13 45.1 45.08 45.06 45.05 45.02 44.97 44.96 44.97 44.97 44.95 44.92 44.9 44.9 44.9 44.89 44.88 44.9 44.91 44.91 44.9 44.76 44.58 44.58 44.81 44.99 45.04 45.16 45.28 45.29 45.28 45.26 45.2 45.16 45.17 45.19 45.19 45.19 45.18 45.2 45.21 45.2 45.21 45.24 45.25 45.27
45.23 45.24 45.23 45.19 45.15 45.15 45.15 45.15 45.16 45.2 45.23 45.22 45.22 45.21 45.2 45.2 45.18 45.14 45.11 45.1 45.09 45.11 45.15 45.18 45.16 45.14 45.13 45.13 45.13 45.14 45.15 45.14 45.11 45.08 45.05 45.02 45.02 45.01 44.99 44.97 44.98 44.98 44.97 44.94 44.91 44.92 44.92 44.91 44.9 44.92 44.92 44.93 44.95 44.94 44.8 44.58 44.67 44.92 45.01 45.1 45.22 45.29 45.3 45.26 45.19 45.15 45.16 45.19 45.2 45.2 45.21 45.22 45.23 45.23 45.23 45.23 45.25 45.27
45.23 45.23 45.23 45.21 45.19 45.15 45.13 45.13 45.14 45.18 45.19 45.19 45.19 45.19 45.19 45.19 45.17 45.12 45.08 45.07 45.06 45.06 45.11 45.13 45.13 45.12 45.12 45.11 45.12 45.12 45.11 45.1 45.09 45.05 45 44.99 45 45.02 45.01 44.99 44.97 44.98 44.99 44.96 44.93 44.93 44.93 44.92 44.93 44.94 44.94 44.96 45 45.02 44.93 44.67 44.66 44.87 44.97 45.06 45.2 45.31 45.29 45.26 45.23 45.19 45.18 45.18 45.19 45.2 45.21 45.22 45.24 45.26 45.25 45.23 45.25 45.25
45.23 45.22 45.2 45.19 45.17 45.13 45.12 45.12 45.13 45.17 45.19 45.2 45.19 45.17 45.16 45.14 45.13 45.1 45.07 45.05 45.05 45.06 45.08 45.09 45.1 45.1 45.1 45.1 45.1 45.08 45.06 45.05 45.04 45.02 45 44.98 44.99 45.02 45.04 45 44.96 44.97 44.98 44.97 44.96 44.94 44.92 44.93 44.95 44.96 44.96 44.99 45.03 45.05 45 44.74 44.64 44.8 44.94 45.04 45.15 45.26 45.28 45.28 45.25 45.22 45.2 45.19 45.19 45.19 45.21 45.23 45.24 45.25 45.25 45.23 45.23 45.23
