slabs/19.grd
DSAA
631 301
642630 643260
4948400 4948700
44.4 47.47
[rows 0 to 33 of 301, columns 0 to 77 of 631]
46.04 46.02 46.01 46.01 46.01 46 46 45.99 45.98 45.97 45.96 45.95 45.97 46.02 46.05 46.03 46.02 46.03 46.03 46.03 46.02 46.04 46.06 46.08 46.1 46.1 46.1 46.08 46.09 46.12 46.13 46.16 46.19 46.21 46.21 46.2 46.18 46.15 46.11 46.07 46.06 46.08 46.1 46.14 46.19 46.19 46.2 46.21 46.2 46.19 46.2 46.2 46.2 46.19 46.16 46.14 46.14 46.15 46.15 46.16 46.18 46.19 46.19 46.16 46.14 46.15 46.16 46.16 46.16 46.15 46.14 46.14 46.11 46.11 46.14 46.16 46.14 46.1
46.02 46.02 46.02 46.02 46.01 46 45.99 45.99 45.99 45.98 45.97 45.98 46.01 46.03 46.03 46.04 46.02 46 45.99 46.01 46.04 46.05 46.06 46.08 46.09 46.08 46.12 46.11 46.1 46.13 46.16 46.19 46.18 46.19 46.17 46.15 46.12 46.1 46.04 46.01 46.06 46.1 46.14 46.19 46.22 46.22 46.21 46.21 46.19 46.21 46.21 46.2 46.2 46.17 46.14 46.14 46.17 46.17 46.17 46.18 46.19 46.18 46.16 46.15 46.15 46.16 46.15 46.14 46.13 46.12 46.12 46.14 46.14 46.13 46.15 46.17 46.16 46.1
46.02 46.02 46.03 46.02 46.01 46 45.98 45.97 45.98 46 46 46.01 46.03 46.02 46 46.01 46.02 46.01 46.01 46.02 46.06 46.1 46.09 46.06 46.07 46.09 46.12 46.11 46.12 46.15 46.15 46.16 46.15 46.13 46.12 46.08 46.03 45.99 46.01 46.06 46.1 46.14 46.18 46.21 46.22 46.22 46.22 46.21 46.2 46.21 46.21 46.18 46.17 46.14 46.13 46.16 46.17 46.17 46.19 46.18 46.17 46.15 46.15 46.16 46.15 46.15 46.14 46.12 46.11 46.12 46.15 46.16 46.15 46.14 46.11 46.08 46.08 46.06
46.03 46.02 46.03 46.01 46 45.98 45.96 45.97 45.99 46 46 46.01 46.01 46 46.01 46.02 46.02 46.02 46.03 46.05 46.06 46.07 46.07 46.06 46.08 46.1 46.1 46.1 46.1 46.12 46.13 46.13 46.11 46.09 46.06 46.01 45.95 45.94 46.02 46.11 46.16 46.18 46.21 46.21 46.21 46.22 46.22 46.21 46.19 46.19 46.19 46.16 46.13 46.14 46.15 46.17 46.17 46.17 46.17 46.16 46.16 46.17 46.16 46.14 46.16 46.17 46.14 46.11 46.12 46.14 46.14 46.16 46.13 46.09 46.05 46.02 46.02 46
46.03 46.02 46.02 46.01 45.98 45.95 45.94 45.97 45.99 45.98 45.97 46 46.01 45.98 45.97 45.98 46 46.03 46.03 46.03 46.03 46.03 46.05 46.09 46.11 46.12 46.11 46.09 46.1 46.1 46.11 46.1 46.08 46.06 46 45.96 45.96 46.01 46.08 46.16 46.2 46.21 46.21 46.22 46.22 46.22 46.21 46.18 46.16 46.16 46.17 46.18 46.17 46.16 46.16 46.17 46.19 46.18 46.15 46.15 46.14 46.13 46.15 46.17 46.16 46.14 46.12 46.13 46.14 46.15 46.11 46.08 46.08 46.07 46.03 46 45.99 45.93
46.03 46 45.97 45.98 45.99 45.99 45.98 45.99 45.99 45.97 46 46.01 45.99 45.97 45.98 46 46.01 46.03 46.03 46.02 46.02 46.03 46.05 46.1 46.12 46.11 46.1 46.09 46.09 46.09 46.08 46.05 46.03 46 45.96 45.99 46.05 46.1 46.15 46.19 46.22 46.22 46.21 46.22 46.22 46.22 46.19 46.16 46.15 46.16 46.17 46.17 46.15 46.14 46.15 46.16 46.16 46.15 46.15 46.15 46.13 46.12 46.13 46.12 46.14 46.14 46.13 46.14 46.15 46.13 46.08 46.06 46.06 46.04 46 45.97 45.93 45.87
46.05 46.01 45.96 45.99 46.02 46 46.01 46.01 45.98 45.97 45.98 45.98 45.97 45.98 46 46.01 46 46 46.03 46.04 46.04 46.05 46.08 46.11 46.09 46.07 46.07 46.07 46.06 46.05 46.02 45.99 45.95 45.95 45.99 46.07 46.12 46.16 46.19 46.2 46.21 46.22 46.21 46.19 46.17 46.19 46.19 46.17 46.16 46.18 46.19 46.18 46.16 46.16 46.16 46.15 46.15 46.16 46.15 46.15 46.14 46.13 46.12 46.12 46.14 46.14 46.12 46.13 46.11 46.07 46.05 46.04 46.01 45.98 45.95 45.92 45.88 45.87
46.01 46 46 46.01 46.01 46 46 45.99 45.98 45.98 45.98 45.98 45.98 45.99 46.01 46.01 46 46 46.03 46.05 46.06 46.08 46.1 46.1 46.08 46.06 46.05 46.04 46.02 46 45.96 45.94 45.93 45.96 46.04 46.11 46.15 46.17 46.18 46.19 46.2 46.19 46.19 46.19 46.19 46.19 46.2 46.2 46.21 46.2 46.2 46.21 46.18 46.15 46.16 46.15 46.15 46.17 46.16 46.14 46.13 46.12 46.13 46.13 46.13 46.12 46.1 46.08 46.06 46.04 46.02 46 45.96 45.91 45.87 45.87 45.89 45.93
46.02 46.02 46.02 46.02 46.01 45.99 45.97 45.98 45.99 45.99 45.99 45.99 46 45.99 46.01 46.04 46.03 46.02 46.03 46.05 46.06 46.07 46.07 46.08 46.09 46.06 46.03 46 45.95 45.94 45.93 45.95 45.98 46.03 46.09 46.12 46.15 46.14 46.16 46.19 46.19 46.17 46.17 46.19 46.19 46.2 46.19 46.18 46.19 46.18 46.17 46.18 46.16 46.15 46.16 46.16 46.17 46.17 46.16 46.15 46.14 46.13 46.13 46.14 46.12 46.09 46.05 46.03 46.03 46.01 45.99 45.97 45.92 45.86 45.84 45.87 45.94 45.98
46 46.02 46.02 46.01 46 45.98 45.98 46 46 45.99 45.99 45.99 46 45.99 46.01 46.05 46.04 46.03 46.04 46.05 46.04 46.03 46.04 46.07 46.08 46.05 46.01 45.97 45.91 45.92 45.97 46.01 46.04 46.07 46.11 46.13 46.16 46.16 46.15 46.16 46.17 46.16 46.17 46.18 46.21 46.21 46.18 46.16 46.18 46.17 46.14 46.15 46.15 46.15 46.16 46.17 46.17 46.15 46.16 46.17 46.16 46.14 46.14 46.15 46.12 46.06 46.03 46.02 46 45.97 45.93 45.92 45.86 45.85 45.89 45.94 45.96 45.98
46 46.03 46.01 45.99 45.99 45.99 45.99 45.99 45.99 46 46 46 46 46 46.02 46.03 46.03 46.04 46.05 46.05 46.03 46.03 46.05 46.04 46.02 45.99 45.96 45.94 45.94 45.98 46.04 46.09 46.1 46.1 46.11 46.13 46.15 46.15 46.16 46.16 46.16 46.17 46.17 46.18 46.2 46.2 46.17 46.14 46.14 46.16 46.16 46.16 46.16 46.16 46.15 46.14 46.15 46.15 46.16 46.18 46.17 46.16 46.16 46.15 46.1 46.05 46.03 46.02 45.97 45.91 45.86 45.84 45.85 45.9 45.93 45.95 45.97 45.96
46.01 46.03 46.01 45.99 45.99 46 45.98 45.97 45.99 46.01 46.01 46.01 46.02 46.03 46.02 46.03 46.04 46.03 46.03 46.04 46.05 46.04 46.02 46.01 46.01 45.96 45.91 45.95 45.99 46.03 46.08 46.12 46.13 46.12 46.13 46.13 46.13 46.13 46.13 46.13 46.14 46.17 46.17 46.16 46.17 46.18 46.16 46.15 46.16 46.17 46.18 46.18 46.19 46.18 46.15 46.12 46.13 46.15 46.17 46.18 46.17 46.15 46.14 46.12 46.07 46.03 46.01 45.99 45.93 45.87 45.84 45.84 45.89 45.97 46 45.99 45.96 45.93
46 46.01 46.01 46.01 46 45.99 45.98 45.99 46 46 46.02 46.04 46.03 46.01 46.02 46.05 46.06 46.05 46.03 46.03 46.03 46.01 45.98 45.95 45.92 45.91 45.96 46.03 46.05 46.06 46.09 46.11 46.13 46.11 46.1 46.11 46.13 46.13 46.11 46.1 46.14 46.17 46.17 46.16 46.16 46.17 46.17 46.17 46.18 46.19 46.2 46.21 46.2 46.18 46.16 46.15 46.15 46.16 46.17 46.18 46.15 46.1 46.1 46.08 46.04 45.99 45.96 45.93 45.87 45.86 45.91 45.94 45.98 46 45.99 45.98 45.93 45.91
45.99 46 46.03 46.04 46 45.99 46.01 46.03 46.03 46.02 46.03 46.03 46.03 46.03 46.04 46.04 46.02 46.02 46.03 46.02 45.98 45.97 45.96 45.96 45.97 46 46.05 46.06 46.05 46.06 46.09 46.1 46.1 46.09 46.09 46.09 46.1 46.11 46.11 46.1 46.12 46.15 46.16 46.16 46.16 46.17 46.17 46.17 46.18 46.2 46.21 46.2 46.18 46.18 46.18 46.16 46.16 46.16 46.17 46.14 46.09 46.05 46.04 46.02 45.98 45.94 45.91 45.87 45.87 45.91 45.94 45.97 45.99 45.97 45.95 45.94 45.93 45.93
46.01 46.02 46.02 46 46 46.01 46.02 46.03 46.05 46.05 46.04 46.03 46.03 46.01 46.01 46.04 46.02 45.98 45.97 45.92 45.88 45.92 45.98 46.03 46.06 46.08 46.1 46.08 46.05 46.06 46.09 46.08 46.08 46.08 46.09 46.08 46.07 46.1 46.12 46.1 46.11 46.13 46.14 46.16 46.16 46.17 46.18 46.18 46.19 46.21 46.19 46.17 46.17 46.18 46.18 46.17 46.17 46.14 46.09 46.08 46.07 46.04 46.03 46.01 45.95 45.89 45.85 45.9 45.96 45.99 46.01 45.98 45.95 45.94 45.94 45.94 45.95 45.94
46.02 46.03 46.01 46 46 45.99 46.03 46.05 46.03 46.02 46.03 46.03 46.02 46.03 46.02 46.01 46.02 45.97 45.91 45.88 45.9 45.95 46.02 46.09 46.12 46.11 46.09 46.07 46.07 46.08 46.08 46.07 46.08 46.08 46.09 46.1 46.09 46.12 46.13 46.12 46.12 46.13 46.14 46.16 46.16 46.17 46.19 46.19 46.19 46.18 46.18 46.19 46.18 46.17 46.16 46.16 46.15 46.1 46.06 46.08 46.08 46.01 45.94 45.92 45.93 45.95 45.96 45.97 46.01 46.02 46 45.96 45.94 45.95 45.96 45.97 45.97 45.97
46.03 46.05 46.03 46 45.99 46.01 46.05 46.05 46.05 46.02 46.01 46.02 46.01 46.03 46.01 45.97 45.96 45.92 45.87 45.91 45.96 45.99 46.05 46.11 46.13 46.11 46.08 46.07 46.08 46.09 46.08 46.06 46.07 46.07 46.09 46.12 46.13 46.15 46.15 46.13 46.13 46.14 46.16 46.16 46.16 46.2 46.23 46.23 46.2 46.18 46.19 46.21 46.2 46.18 46.18 46.16 46.12 46.07 46.05 46.04 46 45.93 45.87 45.89 45.96 46.01 46.03 46.01 46 45.98 45.96 45.96 45.97 45.98 45.99 45.99 45.97 45.97
46.05 46.03 46.01 46.02 46.01 46.01 46.04 46.05 46.03 46 46.01 46.02 46.01 46 45.96 45.91 45.89 45.87 45.89 45.97 46.02 46.04 46.06 46.08 46.09 46.09 46.08 46.07 46.08 46.1 46.08 46.06 46.06 46.09 46.1 46.09 46.11 46.13 46.13 46.13 46.13 46.14 46.16 46.16 46.16 46.16 46.18 46.17 46.17 46.18 46.2 46.19 46.17 46.15 46.14 46.13 46.09 46.04 46.03 46 45.93 45.92 45.94 45.96 46 46.02 46.04 46.01 45.97 45.96 45.95 45.96 45.98 45.98 46 45.98 45.96 45.95
46.01 46.01 46.02 46.03 46.03 46.03 46.04 46.03 46.02 46 46.01 46.01 45.98 45.96 45.92 45.88 45.88 45.9 45.97 46.03 46.06 46.07 46.07 46.06 46.06 46.08 46.07 46.06 46.06 46.09 46.09 46.06 46.08 46.11 46.12 46.12 46.12 46.11 46.12 46.15 46.15 46.15 46.15 46.17 46.17 46.14 46.14 46.15 46.16 46.16 46.16 46.14 46.14 46.13 46.11 46.09 46.03 45.97 45.95 45.93 45.93 45.98 46.01 46.03 46.04 46.04 46.03 45.99 45.96 45.96 45.97 45.97 45.98 45.98 45.97 45.96 45.96 45.96
45.98 46 46.02 46.03 46.05 46.05 46.04 46.04 46.04 46.02 46 45.97 45.93 45.92 45.9 45.91 45.93 45.97 46.03 46.06 46.08 46.08 46.07 46.07 46.08 46.09 46.09 46.1 46.08 46.07 46.08 46.08 46.08 46.09 46.12 46.12 46.1 46.1 46.13 46.14 46.14 46.14 46.13 46.14 46.16 46.16 46.16 46.17 46.16 46.15 46.15 46.14 46.13 46.1 46.08 46.04 45.96 45.9 45.87 45.91 45.98 46.01 46.04 46.05 46.04 46.02 46 45.98 45.98 45.98 46 46.01 45.99 45.97 45.95 45.94 45.96 45.97
45.98 46 46.01 46.03 46.05 46.05 46.04 46.04 46.04 46.02 45.97 45.9 45.86 45.87 45.92 45.96 45.98 46.03 46.07 46.08 46.09 46.08 46.07 46.07 46.09 46.09 46.09 46.09 46.08 46.08 46.1 46.08 46.08 46.11 46.12 46.11 46.1 46.12 46.14 46.14 46.14 46.13 46.12 46.14 46.15 46.15 46.17 46.17 46.15 46.13 46.13 46.13 46.1 46.05 46.02 45.97 45.91 45.88 45.87 45.94 46.02 46.03 46.04 46.04 46 45.97 45.97 45.99 46.01 45.99 46 46.01 45.96 45.93 45.93 45.96 45.98 45.97
45.99 46.01 46.02 46.02 46.03 46.04 46.03 46.02 46.02 45.99 45.92 45.85 45.84 45.89 45.97 46.01 46.04 46.06 46.07 46.07 46.08 46.07 46.07 46.09 46.1 46.09 46.06 46.06 46.07 46.08 46.08 46.1 46.1 46.09 46.08 46.08 46.1 46.13 46.16 46.15 46.12 46.11 46.13 46.14 46.14 46.15 46.17 46.15 46.12 46.1 46.1 46.09 46.05 45.99 45.94 45.91 45.9 45.93 45.96 46 46.04 46.05 46.03 46.01 45.99 45.98 45.98 46 46.01 46 45.99 45.97 45.95 45.96 45.98 45.99 45.98 45.97
46 46.02 46.02 46.02 46.03 46.03 46.02 46 45.99 45.94 45.88 45.86 45.91 45.99 46.05 46.08 46.06 46.06 46.08 46.1 46.09 46.06 46.08 46.09 46.09 46.08 46.08 46.08 46.09 46.1 46.08 46.06 46.08 46.09 46.11 46.12 46.13 46.14 46.14 46.13 46.11 46.11 46.14 46.15 46.14 46.13 46.14 46.13 46.1 46.06 46.04 46.03 45.98 45.91 45.89 45.91 45.95 46 46.02 46.05 46.07 46.06 46.03 46.02 46.03 46.03 46.03 46.02 46 45.98 45.97 45.95 45.96 45.97 45.98 45.99 46 45.98
45.99 46 46.02 46.03 46.04 46.03 46 45.92 45.88 45.87 45.89 45.92 45.98 46.05 46.08 46.09 46.08 46.08 46.09 46.09 46.09 46.08 46.08 46.09 46.07 46.06 46.07 46.07 46.08 46.08 46.07 46.07 46.09 46.12 46.14 46.15 46.15 46.14 46.12 46.11 46.11 46.12 46.14 46.14 46.12 46.11 46.1 46.11 46.08 46.01 45.98 45.96 45.91 45.85 45.89 45.96 46.02 46.07 46.08 46.08 46.05 46.02 46.04 46.05 46.05 46.05 46.05 46.05 46.02 45.99 45.99 46 45.98 45.97 45.96 45.97 45.99 46.01
45.99 46.01 46.02 46 46 45.99 45.92 45.85 45.84 45.89 45.95 46 46.04 46.07 46.06 46.04 46.06 46.08 46.07 46.06 46.05 46.07 46.08 46.07 46.06 46.06 46.07 46.08 46.08 46.08 46.08 46.1 46.13 46.15 46.17 46.16 46.14 46.12 46.11 46.11 46.11 46.12 46.12 46.11 46.09 46.08 46.07 46.08 46.04 45.98 45.95 45.92 45.89 45.89 45.95 46.03 46.08 46.1 46.1 46.05 46.01 46.02 46.05 46.06 46.05 46.04 46.04 46.05 46.03 46.01 46.02 46.04 46.03 45.98 45.97 46 46.02 46.03
46.03 46.03 46 45.97 45.98 45.93 45.88 45.87 45.91 45.97 46.02 46.04 46.05 46.07 46.09 46.08 46.08 46.08 46.06 46.04 46.05 46.07 46.08 46.07 46.07 46.07 46.07 46.06 46.08 46.09 46.1 46.12 46.15 46.15 46.15 46.13 46.11 46.11 46.12 46.11 46.1 46.09 46.07 46.06 46.05 46.05 46.02 46.01 45.99 45.95 45.9 45.88 45.93 45.99 46.02 46.07 46.09 46.07 46.04 46.02 46.02 46.03 46.04 46.04 46.03 46.02 46.02 46.02 46.01 46.02 46.04 46.04 46.01 45.98 46 46.03 46.04 46.03
46.01 45.99 45.96 45.92 45.89 45.88 45.92 45.99 46.03 46.04 46.05 46.08 46.08 46.08 46.09 46.09 46.08 46.08 46.06 46.06 46.06 46.08 46.09 46.08 46.07 46.07 46.06 46.06 46.08 46.1 46.12 46.13 46.14 46.11 46.1 46.09 46.11 46.12 46.12 46.11 46.09 46.06 46.05 46.04 46.02 46.01 45.99 45.95 45.91 45.88 45.87 45.92 45.99 46.03 46.05 46.05 46.05 46.06 46.04 46.04 46.07 46.08 46.07 46.04 46.02 46.01 46.01 46.02 46.02 46.02 46.02 46.02 46 45.99 46.01 46.02 46.03 46.01
45.98 45.92 45.89 45.92 45.92 45.94 46 46.05 46.08 46.08 46.09 46.1 46.09 46.08 46.08 46.09 46.09 46.08 46.09 46.09 46.08 46.07 46.08 46.08 46.06 46.06 46.07 46.08 46.08 46.09 46.12 46.12 46.11 46.1 46.1 46.1 46.1 46.11 46.12 46.09 46.06 46.05 46.04 46.02 45.99 45.98 45.96 45.88 45.86 45.91 45.94 45.99 46.02 46.02 46.03 46.04 46.05 46.06 46.06 46.07 46.07 46.06 46.07 46.05 46.03 46.02 46.02 46.04 46.05 46.03 46 46 46.01 46.02 46.01 46 46 45.98
45.89 45.87 45.91 45.96 45.98 46.01 46.05 46.08 46.09 46.09 46.08 46.07 46.07 46.08 46.08 46.07 46.08 46.09 46.1 46.1 46.08 46.06 46.06 46.07 46.06 46.06 46.06 46.08 46.09 46.09 46.07 46.07 46.08 46.1 46.11 46.11 46.11 46.08 46.07 46.06 46.05 46.04 46.04 46.01 45.93 45.89 45.9 45.92 45.95 45.99 46.01 46.02 46.02 46.03 46.03 46.05 46.07 46.07 46.06 46.06 46.04 46.03 46.07 46.08 46.04 46.02 46.03 46.03 46.03 46.02 46 46.01 46.02 46.03 46.02 45.98 45.96 45.95
45.85 45.9 45.97 46 46.01 46.03 46.06 46.08 46.09 46.09 46.07 46.05 46.05 46.07 46.07 46.06 46.06 46.07 46.08 46.08 46.07 46.06 46.06 46.07 46.08 46.08 46.07 46.09 46.11 46.08 46.05 46.06 46.08 46.1 46.09 46.11 46.1 46.06 46.03 46.01 46.02 46 45.96 45.9 45.87 45.87 45.9 45.97 46.02 46.04 46.03 46.02 46.02 46.04 46.04 46.06 46.07 46.08 46.05 46.03 46.04 46.05 46.08 46.08 46.06 46.04 46.03 46 45.97 45.99 46.01 46.03 46.04 46.03 46.01 45.97 45.95 45.96
45.89 45.96 46.01 46.01 46.01 46.02 46.06 46.07 46.07 46.07 46.06 46.04 46.03 46.05 46.07 46.08 46.07 46.06 46.06 46.07 46.07 46.05 46.06 46.07 46.09 46.11 46.14 46.13 46.09 46.07 46.08 46.08 46.09 46.11 46.11 46.1 46.07 46.03 46.01 45.99 45.95 45.91 45.87 45.84 45.88 45.92 45.96 46 46.01 46.02 46.01 46.02 46.03 46.03 46.04 46.05 46.06 46.06 46.03 46.04 46.06 46.08 46.09 46.08 46.08 46.05 46.03 46.01 46 46.01 46.02 46.04 46.06 46.04 46.01 45.99 45.98 45.97
45.96 46 46.02 46.01 46.01 46.03 46.06 46.07 46.06 46.05 46.04 46.02 46.02 46.05 46.07 46.07 46.06 46.06 46.06 46.05 46.04 46.06 46.06 46.07 46.09 46.09 46.08 46.07 46.06 46.06 46.07 46.08 46.08 46.07 46.06 46.03 46.01 45.98 45.96 45.92 45.87 45.83 45.86 45.9 45.94 45.98 46 46.01 46.01 46.01 46.03 46.03 46.03 46.03 46.04 46.04 46.04 46.03 46.04 46.06 46.06 46.06 46.07 46.06 46.05 46.03 46.01 46.04 46.06 46.06 46.07 46.07 46.04 45.99 45.97 45.99 45.98 45.98
46.02 46.04 46.03 46.01 46.03 46.06 46.06 46.06 46.04 46.02 46.02 46.03 46.05 46.06 46.06 46.05 46.04 46.03 46.03 46.04 46.06 46.06 46.04 46.05 46.05 46.06 46.06 46.06 46.05 46.05 46.07 46.05 46.01 46.02 46.03 46 45.96 45.92 45.88 45.84 45.84 45.86 45.91 45.96 45.98 46 46.01 46 46.01 46.04 46.05 46.04 46.03 46.03 46.02 46.02 46.01 46.03 46.06 46.07 46.05 46.04 46.04 46.04 46.03 46.04 46.04 46.06 46.08 46.07 46.05 46.02 45.98 45.97 45.97 45.97 45.97 45.99
46.04 46.04 46.03 46.04 46.05 46.06 46.04 46.05 46.03 46.01 46.04 46.05 46.04 46.05 46.06 46.04 46.04 46.05 46.06 46.06 46.06 46.06 46.06 46.05 46.06 46.08 46.08 46.07 46.05 46.03 46.05 46.04 46.01 46 46 45.95 45.89 45.84 45.82 45.82 45.89 45.93 45.96 45.99 45.98 45.98 45.98 45.98 46 46.03 46.03 46.03 46.03 46.01 46 46.01 46.03 46.04 46.07 46.07 46.04 46.02 46.02 46.03 46.05 46.06 46.07 46.07 46.07 46.06 46.02 46 46 46.01 46.02 46.01 46 45.98
