slabs/19.grd
DSAA
631 301
642630 643260
4948400 4948700
44.4 47.47
[rows 170 to 203 of 301, columns 546 to 623 of 631]
45.32 45.33 45.34 45.35 45.37 45.36 45.34 45.33 45.39 45.45 45.5 45.59 45.69 45.73 45.8 45.9 45.9 45.87 45.84 45.85 45.89 45.92 45.98 45.99 45.95 45.89 45.9 45.96 45.99 46.02 45.97 45.95 46 46.05 46.11 46.13 46.13 46.1 46.09 46.13 46.17 46.16 46.12 46.1 46.1 46.07 46.1 46.15 46.16 46.14 46.11 46.09 46.13 46.18 46.16 46.14 46.06 45.97 46.04 46.13 46.14 46.12 46.1 46.09 46.14 46.17 46.15 46.11 46.05 46.03 46.07 46.09 46.07 46.05 46.07 46.12 46.17 46.18
45.33 45.35 45.35 45.36 45.37 45.36 45.35 45.34 45.37 45.41 45.45 45.54 45.64 45.71 45.8 45.92 45.95 45.93 45.86 45.81 45.82 45.85 45.92 45.97 45.98 45.93 45.89 45.93 45.99 46.04 46.02 46 46.03 46.05 46.1 46.13 46.13 46.1 46.09 46.1 46.11 46.13 46.14 46.13 46.08 46 46.05 46.14 46.16 46.16 46.11 46.06 46.09 46.17 46.2 46.2 46.13 46.01 46 46.04 46.07 46.12 46.13 46.1 46.11 46.15 46.17 46.15 46.07 46.02 46.04 46.09 46.1 46.04 45.99 46.01 46.09 46.16
45.33 45.34 45.35 45.36 45.36 45.35 45.35 45.35 45.37 45.38 45.41 45.48 45.58 45.66 45.78 45.93 45.97 45.94 45.86 45.77 45.7 45.71 45.83 45.96 46.01 45.98 45.9 45.92 46.01 46.05 46.02 46.01 46.04 46.04 46.05 46.09 46.1 46.1 46.09 46.08 46.08 46.13 46.17 46.16 46.07 46.02 46.08 46.14 46.15 46.17 46.13 46.06 46.07 46.13 46.15 46.15 46.13 46.06 45.98 45.95 46.01 46.12 46.17 46.13 46.08 46.13 46.2 46.19 46.12 46.06 46.03 46.04 46.07 46.06 46.04 46.01 46.05 46.16
45.32 45.32 45.34 45.35 45.36 45.37 45.37 45.38 45.37 45.36 45.38 45.44 45.51 45.59 45.73 45.88 45.95 45.94 45.92 45.84 45.72 45.66 45.76 45.94 46 45.99 45.97 45.96 45.94 45.97 45.97 45.98 46.04 46.04 46.04 46.06 46.09 46.13 46.13 46.11 46.1 46.14 46.18 46.18 46.11 46.07 46.09 46.08 46.1 46.16 46.16 46.11 46.12 46.08 46.04 46.09 46.12 46.08 46 45.96 46.01 46.1 46.13 46.13 46.09 46.11 46.18 46.19 46.15 46.09 46.05 46.05 46.08 46.09 46.09 46.04 46.05 46.13
45.3 45.32 45.33 45.35 45.37 45.4 45.38 45.38 45.38 45.38 45.37 45.41 45.46 45.52 45.62 45.72 45.76 45.84 45.91 45.89 45.83 45.7 45.69 45.83 45.91 45.97 46.01 45.96 45.91 45.91 45.93 45.95 46.02 46.05 46.04 46.03 46.07 46.13 46.15 46.13 46.12 46.14 46.16 46.16 46.15 46.13 46.07 46.01 46.03 46.13 46.18 46.18 46.17 46.03 45.97 46.07 46.13 46.11 46.06 46.01 46.01 46.07 46.11 46.13 46.12 46.11 46.12 46.15 46.17 46.11 46.07 46.03 46.03 46.08 46.11 46.08 46.06 46.07
45.3 45.32 45.31 45.33 45.35 45.36 45.37 45.4 45.41 45.39 45.37 45.39 45.41 45.46 45.54 45.62 45.66 45.76 45.91 45.94 45.91 45.83 45.75 45.79 45.86 45.93 46 45.97 45.92 45.91 45.94 45.96 46.02 46.05 46.02 46.03 46.05 46.11 46.15 46.14 46.15 46.14 46.13 46.14 46.17 46.17 46.1 46.04 46 46.06 46.17 46.21 46.19 46.08 46 46.06 46.13 46.12 46.1 46.06 45.99 45.98 46.02 46.08 46.12 46.11 46.08 46.1 46.14 46.13 46.1 46.08 46.03 46 46.04 46.09 46.1 46.08
45.3 45.32 45.32 45.32 45.32 45.35 45.39 45.41 45.4 45.36 45.36 45.36 45.34 45.37 45.43 45.53 45.59 45.68 45.82 45.9 45.9 45.9 45.85 45.78 45.77 45.85 45.95 45.97 45.96 45.94 45.92 45.92 45.98 46.03 46.04 46.07 46.07 46.11 46.15 46.17 46.17 46.15 46.14 46.16 46.17 46.17 46.13 46.09 46 45.96 46.05 46.13 46.17 46.1 45.99 45.94 46.03 46.13 46.14 46.1 45.99 45.97 46.04 46.1 46.13 46.13 46.14 46.13 46.14 46.17 46.18 46.16 46.09 46.02 46.02 46.05 46.08 46.09
45.3 45.3 45.31 45.34 45.36 45.36 45.38 45.4 45.4 45.38 45.36 45.35 45.33 45.34 45.39 45.48 45.54 45.63 45.78 45.87 45.9 45.92 45.88 45.8 45.74 45.77 45.88 45.95 45.98 45.95 45.88 45.84 45.9 46.02 46.09 46.11 46.09 46.09 46.12 46.15 46.16 46.16 46.17 46.18 46.15 46.14 46.18 46.19 46.15 46.08 46.09 46.12 46.17 46.15 46.09 45.97 45.95 46.07 46.12 46.14 46.1 46.04 46 46.03 46.08 46.13 46.16 46.16 46.14 46.13 46.17 46.18 46.12 46.07 46.04 46.01 46.05 46.09
45.28 45.28 45.3 45.32 45.33 45.33 45.37 45.42 45.43 45.4 45.38 45.38 45.37 45.36 45.38 45.44 45.48 45.63 45.8 45.87 45.91 45.93 45.93 45.9 45.83 45.77 45.83 45.92 45.97 45.96 45.88 45.83 45.87 46 46.1 46.12 46.09 46.05 46.05 46.07 46.1 46.13 46.15 46.16 46.12 46.08 46.1 46.16 46.16 46.08 46.04 46.08 46.1 46.13 46.14 46.07 46.01 46.03 46.06 46.12 46.16 46.1 46.04 45.99 46.01 46.09 46.14 46.14 46.12 46.09 46.11 46.15 46.14 46.12 46.06 46.02 46.05 46.09
45.32 45.3 45.3 45.31 45.3 45.31 45.36 45.41 45.42 45.4 45.41 45.41 45.4 45.38 45.38 45.43 45.47 45.61 45.77 45.81 45.85 45.93 45.99 46 45.95 45.84 45.83 45.9 45.97 45.98 45.91 45.86 45.87 45.95 46.06 46.13 46.13 46.09 46.04 45.99 46.03 46.08 46.1 46.13 46.11 46.09 46.11 46.15 46.18 46.13 46.06 46.01 45.98 46.06 46.16 46.14 46.07 46.03 46.02 46.08 46.15 46.15 46.11 46.04 46.01 46.04 46.1 46.15 46.13 46.1 46.11 46.15 46.16 46.17 46.12 46.07 46.07 46.08
45.35 45.33 45.3 45.3 45.3 45.31 45.34 45.37 45.39 45.4 45.42 45.41 45.4 45.38 45.37 45.41 45.47 45.54 45.66 45.71 45.76 45.87 45.98 46.02 46.01 45.89 45.79 45.8 45.9 45.98 45.95 45.94 45.91 45.93 46 46.05 46.07 46.09 46.07 46.04 46.03 46.05 46.09 46.11 46.12 46.13 46.14 46.16 46.18 46.17 46.14 46.05 45.97 46.04 46.14 46.15 46.11 46.06 46.05 46.08 46.13 46.16 46.17 46.12 46.02 45.95 46.02 46.14 46.15 46.14 46.15 46.16 46.17 46.2 46.16 46.1 46.07 46.07
45.33 45.33 45.32 45.31 45.31 45.3 45.31 45.35 45.38 45.4 45.41 45.4 45.39 45.38 45.38 45.4 45.43 45.47 45.56 45.66 45.74 45.84 45.94 46.01 46.04 45.96 45.83 45.78 45.84 45.93 45.99 46.01 45.98 45.95 45.98 46.02 46.05 46.09 46.1 46.1 46.05 46.04 46.07 46.1 46.15 46.16 46.15 46.13 46.14 46.18 46.18 46.11 46.02 46.03 46.09 46.12 46.13 46.11 46.1 46.06 46.07 46.14 46.17 46.14 46.02 45.89 45.93 46.07 46.15 46.16 46.17 46.16 46.16 46.18 46.16 46.12 46.09 46.09
45.3 45.33 45.35 45.34 45.33 45.32 45.31 45.34 45.37 45.39 45.4 45.4 45.41 45.42 45.43 45.44 45.44 45.43 45.49 45.57 45.68 45.8 45.9 46.01 46.04 46 45.89 45.81 45.77 45.84 45.97 46 45.99 46 46.01 45.96 45.96 46.04 46.11 46.12 46.09 46.07 46.06 46.1 46.15 46.16 46.16 46.12 46.1 46.14 46.17 46.14 46.07 46 45.97 46.03 46.1 46.12 46.1 46.03 46.04 46.09 46.13 46.14 46.07 45.98 45.96 46.02 46.1 46.14 46.17 46.17 46.14 46.14 46.15 46.17 46.14 46.1
45.3 45.33 45.36 45.36 45.35 45.34 45.33 45.32 45.33 45.35 45.4 45.43 45.43 45.44 45.43 45.4 45.4 45.42 45.45 45.51 45.59 45.71 45.85 45.94 45.99 46.02 46 45.97 45.9 45.84 45.89 45.95 45.98 46.01 46.03 45.96 45.9 45.96 46.07 46.12 46.13 46.12 46.1 46.12 46.15 46.18 46.18 46.15 46.09 46.09 46.13 46.15 46.12 46.01 45.91 45.94 46.03 46.08 46.1 46.09 46.08 46.1 46.1 46.11 46.11 46.09 46.06 46.01 46.04 46.11 46.17 46.2 46.16 46.12 46.14 46.18 46.18 46.14
45.31 45.32 45.35 45.36 45.35 45.34 45.33 45.31 45.31 45.33 45.38 45.42 45.43 45.44 45.44 45.43 45.44 45.44 45.43 45.44 45.51 45.6 45.67 45.73 45.77 45.87 45.96 45.99 45.97 45.9 45.85 45.85 45.89 45.98 46.03 46 45.9 45.91 46 46.06 46.12 46.14 46.12 46.12 46.14 46.18 46.2 46.16 46.09 46.07 46.08 46.12 46.14 46.11 46.02 45.97 46.01 46.04 46.11 46.15 46.14 46.12 46.11 46.13 46.16 46.16 46.14 46.08 46.06 46.09 46.15 46.2 46.18 46.15 46.14 46.14 46.17 46.16
45.3 45.3 45.33 45.35 45.34 45.33 45.33 45.33 45.31 45.31 45.34 45.37 45.39 45.42 45.45 45.47 45.48 45.47 45.45 45.44 45.46 45.5 45.55 45.59 45.64 45.78 45.93 46 46.02 45.97 45.88 45.83 45.83 45.94 46.04 46.04 45.97 45.93 45.93 45.97 46.07 46.13 46.12 46.1 46.11 46.16 46.19 46.17 46.11 46.07 46.06 46.1 46.14 46.12 46.09 46.03 45.96 45.94 46.06 46.15 46.15 46.15 46.14 46.14 46.17 46.2 46.17 46.12 46.06 46.03 46.06 46.14 46.17 46.19 46.17 46.13 46.15 46.16
45.3 45.3 45.32 45.34 45.34 45.35 45.35 45.34 45.34 45.33 45.34 45.36 45.37 45.4 45.42 45.42 45.45 45.47 45.45 45.43 45.45 45.48 45.52 45.55 45.61 45.75 45.88 45.97 46.03 46.01 45.94 45.86 45.79 45.88 46 46.04 46.03 45.98 45.92 45.93 46.03 46.13 46.17 46.12 46.11 46.15 46.16 46.16 46.12 46.05 46.02 46.07 46.14 46.17 46.16 46.11 46 45.9 45.99 46.11 46.14 46.16 46.15 46.1 46.11 46.14 46.15 46.13 46.09 46.06 46.07 46.1 46.14 46.18 46.18 46.15 46.13 46.12
45.3 45.3 45.32 45.34 45.34 45.36 45.37 45.36 45.36 45.36 45.35 45.36 45.36 45.38 45.39 45.38 45.42 45.48 45.46 45.43 45.44 45.47 45.5 45.53 45.59 45.7 45.79 45.89 45.99 46.01 45.97 45.89 45.78 45.81 45.9 45.98 46.05 46.03 45.98 46 46.05 46.13 46.19 46.16 46.09 46.05 46.06 46.12 46.14 46.13 46.1 46.09 46.13 46.16 46.18 46.18 46.07 45.96 45.99 46.07 46.13 46.17 46.14 46.04 46.03 46.07 46.12 46.15 46.13 46.12 46.09 46.08 46.1 46.13 46.18 46.15 46.1 46.07
45.28 45.28 45.3 45.33 45.34 45.36 45.38 45.38 45.38 45.36 45.36 45.36 45.37 45.38 45.4 45.4 45.42 45.47 45.49 45.45 45.43 45.45 45.47 45.51 45.54 45.63 45.73 45.82 45.93 45.99 45.98 45.94 45.83 45.79 45.84 45.94 46.03 46.04 46.02 46.02 46.04 46.09 46.13 46.14 46.1 46.06 46.04 46.08 46.12 46.11 46.12 46.12 46.11 46.12 46.14 46.17 46.15 46.09 46.07 46.06 46.09 46.13 46.13 46.08 46.05 46.06 46.1 46.16 46.17 46.15 46.1 46.07 46.06 46.1 46.16 46.17 46.13 46.08
45.3 45.28 45.3 45.32 45.33 45.35 45.36 45.36 45.38 45.38 45.37 45.37 45.37 45.39 45.41 45.42 45.43 45.46 45.49 45.46 45.44 45.44 45.44 45.46 45.48 45.56 45.68 45.8 45.93 45.99 46 46 45.93 45.82 45.79 45.84 45.97 46.06 46.06 46.05 46.05 46.08 46.09 46.12 46.12 46.07 46.07 46.07 46.1 46.14 46.16 46.15 46.11 46.08 46.08 46.13 46.16 46.16 46.12 46.08 46.06 46.09 46.12 46.11 46.09 46.07 46.09 46.15 46.18 46.16 46.11 46.06 46.04 46.08 46.14 46.17 46.18 46.12
45.32 45.29 45.3 45.31 45.31 45.33 45.34 45.33 45.37 45.39 45.37 45.36 45.36 45.37 45.38 45.4 45.42 45.44 45.44 45.46 45.47 45.45 45.43 45.43 45.44 45.51 45.58 45.74 45.91 45.95 45.95 46.01 46.02 45.91 45.84 45.84 45.91 45.97 46.05 46.1 46.09 46.07 46.05 46.06 46.09 46.09 46.11 46.08 46.06 46.11 46.13 46.15 46.13 46.1 46.07 46.1 46.17 46.18 46.15 46.11 46.09 46.08 46.1 46.11 46.1 46.09 46.09 46.14 46.18 46.16 46.13 46.08 46.05 46.07 46.09 46.13 46.17 46.15
45.33 45.3 45.3 45.3 45.29 45.31 45.34 45.35 45.37 45.38 45.37 45.36 45.36 45.36 45.36 45.37 45.4 45.41 45.4 45.44 45.47 45.45 45.44 45.45 45.46 45.5 45.56 45.68 45.8 45.85 45.87 45.96 46.02 46 45.98 45.95 45.91 45.88 45.96 46.1 46.09 46.01 46.01 46.02 46.07 46.12 46.14 46.1 46.02 46 46.06 46.14 46.16 46.16 46.1 46.11 46.17 46.18 46.15 46.14 46.13 46.09 46.08 46.11 46.12 46.12 46.12 46.13 46.17 46.16 46.14 46.11 46.08 46.06 46.01 46.06 46.15 46.14
45.33 45.31 45.3 45.29 45.29 45.3 45.34 45.36 45.36 45.38 45.4 45.39 45.37 45.37 45.36 45.37 45.38 45.38 45.38 45.42 45.46 45.47 45.47 45.48 45.47 45.46 45.49 45.59 45.71 45.77 45.8 45.91 46.06 46.13 46.11 46.06 45.96 45.85 45.91 46.07 46.1 46.04 46.04 46.02 46.03 46.08 46.13 46.13 46.03 45.95 46 46.11 46.17 46.18 46.13 46.12 46.16 46.17 46.16 46.15 46.14 46.1 46.08 46.09 46.11 46.14 46.12 46.1 46.12 46.13 46.15 46.16 46.14 46.05 45.98 46.05 46.13 46.14
45.35 45.34 45.31 45.3 45.29 45.28 45.31 45.34 45.36 45.38 45.4 45.41 45.4 45.37 45.35 45.35 45.37 45.38 45.39 45.41 45.44 45.45 45.44 45.47 45.47 45.44 45.46 45.5 45.57 45.65 45.73 45.88 46.05 46.14 46.16 46.12 46.01 45.89 45.94 46.06 46.12 46.12 46.1 46.04 46.01 46.03 46.11 46.15 46.07 46.01 46 46.06 46.13 46.15 46.14 46.12 46.13 46.15 46.17 46.17 46.18 46.14 46.09 46.08 46.08 46.12 46.15 46.11 46.09 46.07 46.09 46.13 46.13 46.11 46.04 46.01 46.03 46.06
45.35 45.34 45.32 45.32 45.31 45.29 45.29 45.3 45.34 45.37 45.39 45.41 45.42 45.41 45.39 45.38 45.38 45.38 45.39 45.39 45.43 45.46 45.46 45.49 45.49 45.45 45.45 45.46 45.5 45.55 45.66 45.83 45.97 46.06 46.09 46.11 46.06 46 46.01 46.05 46.11 46.15 46.14 46.09 46.03 46.02 46.08 46.14 46.12 46.08 46.03 46.01 46.04 46.09 46.14 46.12 46.1 46.11 46.13 46.16 46.19 46.16 46.09 46.04 46.04 46.09 46.14 46.13 46.11 46.09 46.1 46.1 46.08 46.1 46.07 46.01 45.98 46
45.32 45.32 45.32 45.31 45.31 45.3 45.3 45.3 45.33 45.37 45.39 45.4 45.4 45.4 45.42 45.41 45.39 45.38 45.37 45.38 45.41 45.46 45.48 45.48 45.47 45.44 45.44 45.45 45.48 45.51 45.6 45.73 45.85 45.94 46.02 46.08 46.08 46.07 46.05 46.03 46.06 46.11 46.15 46.13 46.07 46.03 46.06 46.13 46.15 46.14 46.08 46.03 46.02 46.08 46.15 46.15 46.12 46.09 46.11 46.16 46.18 46.18 46.13 46.03 45.97 46.04 46.12 46.12 46.12 46.11 46.08 46.04 46.05 46.1 46.11 46.08 46.01 45.98
45.27 45.31 45.33 45.33 45.31 45.32 45.34 45.31 45.31 45.35 45.38 45.4 45.41 45.41 45.4 45.41 45.41 45.39 45.39 45.39 45.41 45.44 45.46 45.47 45.48 45.47 45.46 45.46 45.47 45.5 45.55 45.64 45.76 45.85 45.97 46.06 46.07 46.07 46.07 46 45.97 46.02 46.1 46.13 46.09 46.04 46.04 46.1 46.13 46.15 46.13 46.06 46.02 46.03 46.11 46.17 46.17 46.15 46.12 46.14 46.15 46.18 46.17 46.1 46.05 46.06 46.07 46.08 46.1 46.11 46.07 46.03 46.05 46.1 46.11 46.1 46.04 45.98
45.28 45.3 45.3 45.32 45.33 45.32 45.34 45.33 45.32 45.34 45.35 45.38 45.41 45.43 45.44 45.44 45.42 45.39 45.38 45.39 45.41 45.42 45.42 45.45 45.49 45.49 45.47 45.46 45.46 45.48 45.52 45.59 45.73 45.85 45.93 46.03 46.09 46.1 46.11 46.03 45.96 45.98 46.07 46.14 46.12 46.07 46.05 46.07 46.09 46.13 46.14 46.09 46.05 46.02 46.04 46.12 46.15 46.16 46.17 46.17 46.17 46.18 46.17 46.14 46.13 46.11 46.06 46.02 46.05 46.09 46.08 46.07 46.06 46.08 46.11 46.1 46.06 46
45.27 45.28 45.3 45.32 45.33 45.34 45.36 45.35 45.34 45.35 45.36 45.38 45.41 45.44 45.45 45.45 45.42 45.4 45.39 45.39 45.4 45.4 45.4 45.43 45.47 45.47 45.45 45.44 45.46 45.49 45.5 45.54 45.68 45.81 45.88 45.98 46.08 46.14 46.17 46.12 46.07 46.03 46.04 46.1 46.12 46.12 46.11 46.07 46.06 46.09 46.12 46.12 46.12 46.11 46.06 46.07 46.12 46.16 46.19 46.18 46.17 46.16 46.15 46.16 46.17 46.13 46.05 45.99 46 46.04 46.06 46.08 46.05 46.05 46.08 46.08 46.05 46
45.3 45.27 45.28 45.29 45.31 45.32 45.34 45.34 45.35 45.35 45.35 45.36 45.4 45.42 45.42 45.44 45.44 45.42 45.41 45.4 45.4 45.41 45.4 45.41 45.44 45.46 45.46 45.45 45.48 45.51 45.5 45.5 45.6 45.7 45.79 45.89 45.95 46.09 46.18 46.13 46.1 46.08 46.01 46.04 46.12 46.15 46.13 46.08 46.05 46.07 46.11 46.14 46.15 46.13 46.06 46.05 46.1 46.14 46.18 46.18 46.17 46.15 46.15 46.17 46.19 46.15 46.07 46.01 45.99 46.01 46.04 46.05 46.04 46.03 46.04 46.05 46.03 46.02
45.33 45.3 45.29 45.28 45.28 45.31 45.32 45.34 45.35 45.34 45.33 45.36 45.39 45.39 45.39 45.44 45.48 45.45 45.44 45.44 45.42 45.41 45.4 45.4 45.42 45.43 45.46 45.48 45.48 45.47 45.46 45.47 45.5 45.53 45.62 45.74 45.81 45.93 46.11 46.14 46.09 46.09 46.03 45.97 45.98 46.04 46.08 46.07 46.08 46.08 46.09 46.12 46.13 46.13 46.1 46.09 46.09 46.12 46.16 46.17 46.17 46.17 46.16 46.16 46.18 46.17 46.11 46.06 46.02 46.02 46.04 46.05 46.06 46.05 46.04 46.03 46.03 46.05
45.36 45.32 45.32 45.3 45.29 45.31 45.32 45.34 45.35 45.34 45.34 45.36 45.38 45.37 45.38 45.44 45.49 45.48 45.47 45.47 45.44 45.41 45.41 45.42 45.42 45.43 45.46 45.49 45.47 45.46 45.44 45.44 45.44 45.47 45.57 45.71 45.81 45.9 46.04 46.12 46.13 46.13 46.08 45.97 45.91 45.96 46.02 46.05 46.09 46.08 46.08 46.12 46.16 46.16 46.15 46.14 46.11 46.11 46.15 46.17 46.17 46.18 46.16 46.14 46.16 46.17 46.14 46.12 46.06 46.03 46.04 46.03 46.07 46.07 46.02 45.99 46.01 46.03
45.39 45.35 45.33 45.31 45.3 45.31 45.32 45.34 45.35 45.34 45.35 45.37 45.37 45.37 45.38 45.42 45.45 45.45 45.45 45.45 45.44 45.41 45.42 45.43 45.44 45.43 45.48 45.51 45.51 45.49 45.47 45.47 45.45 45.46 45.51 45.67 45.82 45.9 45.95 46.04 46.11 46.15 46.13 46.02 45.94 45.94 45.98 46.05 46.08 46.08 46.08 46.11 46.15 46.17 46.17 46.18 46.16 46.12 46.12 46.14 46.16 46.18 46.16 46.13 46.14 46.16 46.15 46.13 46.08 46.01 46 46.02 46.05 46.06 46.04 46.02 45.98 45.99
45.41 45.37 45.35 45.32 45.31 45.31 45.32 45.33 45.35 45.37 45.35 45.34 45.36 45.38 45.38 45.4 45.44 45.46 45.46 45.45 45.44 45.44 45.44 45.44 45.44 45.43 45.45 45.48 45.49 45.47 45.48 45.49 45.46 45.48 45.53 45.59 45.66 45.75 45.85 45.98 46.08 46.15 46.16 46.08 46.01 45.96 45.96 46.03 46.06 46.08 46.1 46.1 46.12 46.16 46.17 46.18 46.17 46.12 46.09 46.1 46.13 46.16 46.14 46.11 46.1 46.13 46.14 46.12 46.07 45.99 45.89 45.84 45.93 46.03 46.04 46.03 45.98 45.97
