slabs/19.grd
DSAA
631 301
642630 643260
4948400 4948700
44.4 47.47
[rows 68 to 101 of 301, columns 234 to 311 of 631]
45.6 45.55 45.55 45.56 45.57 45.58 45.58 45.63 45.64 45.61 45.62 45.63 45.63 45.62 45.63 45.64 45.65 45.67 45.68 45.68 45.7 45.71 45.7 45.7 45.7 45.71 45.72 45.72 45.72 45.71 45.7 45.71 45.72 45.72 45.74 45.74 45.7 45.69 45.71 45.74 45.77 45.78 45.78 45.79 45.79 45.79 45.78 45.77 45.79 45.81 45.82 45.84 45.86 45.88 45.87 45.85 45.83 45.83 45.81 45.77 45.75 45.77 45.83 45.89 45.92 45.89 45.89 45.9 45.9 45.91 45.91 45.91 45.9 45.89 45.9 45.91 45.93 45.96
45.57 45.55 45.54 45.56 45.57 45.58 45.59 45.6 45.63 45.63 45.63 45.63 45.62 45.63 45.64 45.64 45.64 45.66 45.68 45.69 45.69 45.7 45.7 45.71 45.72 45.71 45.72 45.73 45.72 45.71 45.7 45.72 45.74 45.73 45.75 45.75 45.71 45.69 45.7 45.73 45.76 45.77 45.77 45.77 45.78 45.81 45.81 45.78 45.77 45.81 45.84 45.84 45.84 45.86 45.88 45.86 45.84 45.83 45.84 45.81 45.77 45.77 45.79 45.84 45.88 45.88 45.89 45.89 45.9 45.91 45.92 45.92 45.91 45.9 45.9 45.91 45.92 45.94
45.56 45.56 45.57 45.57 45.58 45.59 45.59 45.6 45.62 45.63 45.63 45.63 45.65 45.66 45.66 45.65 45.64 45.65 45.66 45.69 45.7 45.7 45.71 45.73 45.74 45.73 45.74 45.74 45.73 45.72 45.71 45.72 45.75 45.77 45.76 45.74 45.71 45.7 45.7 45.73 45.75 45.77 45.77 45.77 45.77 45.8 45.82 45.8 45.79 45.82 45.84 45.83 45.83 45.84 45.87 45.88 45.88 45.86 45.85 45.83 45.81 45.79 45.77 45.79 45.83 45.86 45.89 45.89 45.9 45.92 45.93 45.93 45.93 45.92 45.9 45.9 45.91 45.93
45.62 45.61 45.61 45.58 45.55 45.55 45.57 45.58 45.6 45.62 45.63 45.64 45.65 45.67 45.68 45.68 45.67 45.65 45.66 45.69 45.7 45.7 45.71 45.74 45.74 45.74 45.74 45.74 45.73 45.73 45.73 45.73 45.76 45.78 45.77 45.74 45.73 45.72 45.72 45.73 45.75 45.76 45.78 45.79 45.79 45.8 45.81 45.81 45.79 45.8 45.81 45.81 45.81 45.83 45.86 45.88 45.88 45.86 45.85 45.83 45.84 45.81 45.77 45.76 45.79 45.85 45.89 45.89 45.9 45.91 45.92 45.92 45.93 45.92 45.9 45.9 45.91 45.93
45.68 45.66 45.64 45.59 45.52 45.5 45.52 45.56 45.6 45.62 45.62 45.64 45.65 45.67 45.68 45.68 45.67 45.66 45.66 45.67 45.69 45.7 45.71 45.72 45.75 45.76 45.75 45.74 45.74 45.74 45.74 45.73 45.75 45.77 45.77 45.76 45.75 45.75 45.74 45.73 45.74 45.76 45.78 45.79 45.79 45.8 45.81 45.83 45.84 45.82 45.81 45.81 45.81 45.83 45.86 45.87 45.88 45.87 45.84 45.83 45.85 45.84 45.79 45.77 45.79 45.82 45.87 45.89 45.9 45.91 45.91 45.91 45.92 45.92 45.91 45.91 45.92 45.93
45.71 45.69 45.66 45.6 45.51 45.49 45.52 45.56 45.61 45.61 45.62 45.64 45.65 45.66 45.67 45.67 45.67 45.67 45.66 45.66 45.69 45.7 45.7 45.72 45.75 45.76 45.75 45.74 45.76 45.78 45.76 45.74 45.75 45.75 45.76 45.76 45.75 45.76 45.76 45.75 45.74 45.75 45.76 45.78 45.79 45.81 45.8 45.81 45.82 45.83 45.82 45.81 45.82 45.83 45.85 45.86 45.88 45.88 45.86 45.83 45.86 45.87 45.83 45.79 45.78 45.8 45.84 45.88 45.9 45.91 45.91 45.91 45.93 45.94 45.92 45.93 45.93 45.94
45.74 45.71 45.67 45.61 45.52 45.5 45.54 45.57 45.59 45.6 45.61 45.64 45.66 45.66 45.66 45.68 45.7 45.71 45.68 45.66 45.68 45.71 45.71 45.71 45.72 45.72 45.72 45.73 45.75 45.77 45.76 45.75 45.75 45.76 45.78 45.78 45.76 45.76 45.76 45.77 45.78 45.76 45.76 45.78 45.79 45.8 45.8 45.79 45.8 45.82 45.83 45.82 45.82 45.83 45.85 45.85 45.86 45.88 45.88 45.86 45.86 45.88 45.85 45.81 45.79 45.79 45.82 45.86 45.9 45.93 45.93 45.91 45.94 45.96 45.93 45.92 45.92 45.93
45.76 45.7 45.67 45.62 45.54 45.51 45.52 45.55 45.58 45.59 45.61 45.65 45.68 45.68 45.68 45.68 45.7 45.73 45.71 45.68 45.68 45.69 45.71 45.71 45.72 45.73 45.75 45.76 45.76 45.77 45.78 45.79 45.79 45.77 45.79 45.8 45.78 45.78 45.77 45.78 45.81 45.78 45.75 45.77 45.79 45.8 45.81 45.79 45.79 45.81 45.83 45.83 45.82 45.82 45.84 45.84 45.85 45.87 45.89 45.88 45.88 45.87 45.86 45.86 45.82 45.78 45.79 45.82 45.9 45.95 45.93 45.92 45.93 45.94 45.93 45.94 45.93 45.93
45.78 45.69 45.64 45.59 45.53 45.49 45.48 45.52 45.58 45.59 45.6 45.63 45.66 45.66 45.67 45.68 45.7 45.72 45.72 45.7 45.69 45.69 45.71 45.73 45.74 45.75 45.77 45.77 45.76 45.76 45.77 45.78 45.79 45.77 45.77 45.79 45.79 45.79 45.78 45.78 45.8 45.79 45.76 45.76 45.78 45.8 45.81 45.79 45.79 45.81 45.83 45.83 45.82 45.81 45.82 45.83 45.83 45.86 45.89 45.89 45.89 45.88 45.87 45.88 45.84 45.78 45.78 45.79 45.86 45.93 45.92 45.92 45.92 45.93 45.93 45.95 45.94 45.93
45.75 45.66 45.61 45.55 45.51 45.49 45.5 45.54 45.6 45.61 45.61 45.62 45.65 45.66 45.67 45.68 45.7 45.72 45.72 45.72 45.73 45.73 45.73 45.74 45.75 45.74 45.76 45.78 45.79 45.78 45.76 45.76 45.78 45.77 45.77 45.77 45.78 45.8 45.8 45.78 45.77 45.8 45.79 45.76 45.76 45.79 45.81 45.79 45.79 45.81 45.82 45.81 45.8 45.81 45.82 45.84 45.83 45.84 45.86 45.87 45.88 45.88 45.87 45.85 45.82 45.78 45.77 45.77 45.81 45.87 45.9 45.9 45.9 45.91 45.93 45.95 45.93 45.91
45.72 45.61 45.57 45.55 45.54 45.53 45.55 45.57 45.59 45.61 45.62 45.63 45.65 45.66 45.68 45.69 45.7 45.73 45.72 45.72 45.74 45.74 45.73 45.74 45.74 45.74 45.76 45.78 45.8 45.79 45.77 45.76 45.78 45.78 45.77 45.77 45.77 45.81 45.82 45.79 45.78 45.8 45.81 45.78 45.77 45.78 45.79 45.79 45.79 45.81 45.83 45.83 45.82 45.8 45.83 45.87 45.86 45.84 45.85 45.86 45.86 45.87 45.86 45.85 45.84 45.82 45.81 45.79 45.79 45.84 45.89 45.89 45.89 45.9 45.91 45.93 45.92 45.91
45.75 45.6 45.56 45.57 45.59 45.58 45.59 45.59 45.57 45.58 45.6 45.62 45.64 45.65 45.66 45.69 45.7 45.71 45.72 45.73 45.74 45.74 45.74 45.74 45.74 45.75 45.76 45.78 45.78 45.79 45.77 45.76 45.77 45.78 45.77 45.76 45.77 45.8 45.83 45.81 45.79 45.79 45.8 45.8 45.77 45.77 45.79 45.79 45.8 45.81 45.82 45.84 45.84 45.82 45.82 45.84 45.85 45.85 45.86 45.87 45.87 45.88 45.89 45.87 45.85 45.84 45.83 45.81 45.78 45.79 45.84 45.87 45.89 45.89 45.89 45.91 45.93 45.93
45.82 45.63 45.54 45.52 45.55 45.58 45.61 45.63 45.61 45.59 45.59 45.6 45.62 45.64 45.65 45.67 45.69 45.7 45.71 45.73 45.76 45.77 45.76 45.75 45.74 45.75 45.77 45.77 45.77 45.77 45.77 45.76 45.75 45.76 45.76 45.76 45.76 45.78 45.8 45.82 45.8 45.79 45.81 45.84 45.81 45.77 45.79 45.82 45.82 45.81 45.82 45.84 45.87 45.86 45.82 45.81 45.82 45.83 45.84 45.85 45.86 45.89 45.9 45.88 45.86 45.85 45.83 45.82 45.78 45.77 45.79 45.83 45.88 45.89 45.89 45.89 45.92 45.93
46.06 45.84 45.64 45.53 45.57 45.61 45.63 45.65 45.63 45.6 45.59 45.59 45.6 45.62 45.64 45.66 45.68 45.7 45.72 45.74 45.75 45.77 45.78 45.76 45.74 45.76 45.79 45.78 45.76 45.77 45.77 45.77 45.77 45.77 45.78 45.8 45.78 45.77 45.77 45.78 45.78 45.78 45.8 45.83 45.82 45.78 45.78 45.79 45.8 45.82 45.82 45.81 45.83 45.84 45.82 45.81 45.81 45.83 45.86 45.87 45.86 45.87 45.88 45.87 45.86 45.86 45.86 45.84 45.8 45.76 45.76 45.8 45.86 45.88 45.88 45.89 45.92 45.92
46.24 46.11 45.83 45.56 45.57 45.63 45.65 45.65 45.63 45.61 45.59 45.57 45.58 45.6 45.63 45.65 45.67 45.7 45.72 45.73 45.73 45.76 45.78 45.76 45.75 45.76 45.79 45.78 45.76 45.76 45.78 45.79 45.78 45.77 45.77 45.78 45.78 45.78 45.79 45.78 45.79 45.79 45.78 45.8 45.81 45.81 45.79 45.77 45.78 45.81 45.81 45.8 45.81 45.82 45.82 45.8 45.81 45.83 45.85 45.86 45.85 45.85 45.85 45.86 45.87 45.87 45.87 45.86 45.81 45.76 45.74 45.77 45.84 45.88 45.89 45.9 45.91 45.92
46.29 46.26 46 45.64 45.55 45.6 45.64 45.66 45.64 45.63 45.58 45.55 45.54 45.57 45.62 45.65 45.67 45.7 45.73 45.74 45.75 45.75 45.76 45.76 45.75 45.75 45.77 45.78 45.77 45.76 45.78 45.82 45.8 45.77 45.76 45.76 45.77 45.77 45.77 45.77 45.79 45.8 45.8 45.8 45.81 45.82 45.8 45.77 45.78 45.8 45.81 45.81 45.81 45.81 45.81 45.81 45.8 45.81 45.82 45.83 45.84 45.84 45.83 45.84 45.86 45.86 45.84 45.84 45.82 45.77 45.74 45.75 45.82 45.88 45.91 45.91 45.9 45.91
46.27 46.28 46.12 45.75 45.52 45.54 45.62 45.66 45.66 45.64 45.57 45.51 45.51 45.56 45.62 45.66 45.67 45.69 45.73 45.74 45.75 45.75 45.74 45.75 45.76 45.75 45.75 45.76 45.77 45.76 45.78 45.8 45.8 45.78 45.78 45.78 45.78 45.77 45.78 45.78 45.78 45.79 45.8 45.79 45.8 45.83 45.81 45.79 45.78 45.8 45.8 45.8 45.81 45.8 45.79 45.8 45.8 45.8 45.79 45.82 45.84 45.83 45.83 45.83 45.85 45.85 45.83 45.83 45.82 45.79 45.76 45.75 45.79 45.83 45.85 45.89 45.9 45.89
46.25 46.26 46.19 45.89 45.59 45.52 45.58 45.65 45.67 45.65 45.57 45.51 45.54 45.59 45.62 45.64 45.64 45.67 45.72 45.76 45.77 45.75 45.74 45.75 45.77 45.77 45.77 45.76 45.76 45.79 45.8 45.8 45.79 45.79 45.79 45.8 45.78 45.78 45.8 45.8 45.78 45.77 45.79 45.8 45.81 45.81 45.8 45.79 45.79 45.78 45.78 45.78 45.79 45.78 45.78 45.78 45.8 45.8 45.79 45.8 45.82 45.83 45.82 45.82 45.84 45.84 45.83 45.83 45.84 45.83 45.81 45.77 45.75 45.78 45.8 45.85 45.89 45.89
46.25 46.25 46.23 46.07 45.85 45.64 45.56 45.64 45.67 45.66 45.6 45.56 45.57 45.59 45.62 45.64 45.62 45.65 45.7 45.73 45.75 45.74 45.75 45.76 45.77 45.78 45.78 45.76 45.76 45.77 45.78 45.78 45.78 45.79 45.8 45.8 45.79 45.8 45.81 45.8 45.78 45.77 45.8 45.83 45.82 45.8 45.79 45.8 45.79 45.78 45.77 45.77 45.78 45.78 45.78 45.79 45.8 45.8 45.78 45.78 45.81 45.84 45.82 45.82 45.82 45.84 45.86 45.84 45.82 45.84 45.83 45.78 45.75 45.76 45.77 45.83 45.89 45.91
46.27 46.26 46.28 46.24 46.14 45.86 45.64 45.65 45.66 45.67 45.69 45.66 45.61 45.59 45.6 45.63 45.66 45.66 45.67 45.69 45.71 45.74 45.76 45.77 45.78 45.8 45.8 45.77 45.75 45.76 45.78 45.79 45.78 45.79 45.82 45.83 45.81 45.8 45.8 45.79 45.77 45.77 45.8 45.83 45.82 45.79 45.79 45.79 45.78 45.76 45.75 45.75 45.77 45.78 45.78 45.78 45.79 45.81 45.81 45.79 45.8 45.81 45.8 45.82 45.81 45.81 45.85 45.86 45.84 45.82 45.82 45.8 45.78 45.77 45.77 45.8 45.86 45.89
46.27 46.28 46.29 46.29 46.29 46.08 45.84 45.73 45.65 45.66 45.71 45.69 45.66 45.63 45.59 45.6 45.62 45.63 45.65 45.68 45.7 45.74 45.76 45.76 45.76 45.79 45.8 45.77 45.75 45.76 45.78 45.78 45.78 45.79 45.82 45.84 45.81 45.79 45.78 45.77 45.77 45.77 45.78 45.79 45.79 45.78 45.78 45.79 45.78 45.76 45.74 45.74 45.74 45.77 45.78 45.77 45.78 45.81 45.83 45.8 45.77 45.77 45.78 45.8 45.8 45.77 45.8 45.84 45.82 45.81 45.82 45.82 45.8 45.76 45.76 45.79 45.84 45.88
46.28 46.28 46.28 46.28 46.3 46.17 45.89 45.67 45.59 45.61 45.66 45.68 45.69 45.67 45.63 45.61 45.6 45.6 45.64 45.67 45.68 45.72 45.74 45.76 45.75 45.77 45.79 45.77 45.77 45.77 45.78 45.78 45.78 45.77 45.79 45.81 45.8 45.78 45.77 45.77 45.77 45.77 45.78 45.77 45.77 45.78 45.78 45.78 45.77 45.75 45.74 45.74 45.74 45.77 45.79 45.78 45.77 45.79 45.8 45.78 45.78 45.76 45.76 45.78 45.8 45.8 45.8 45.82 45.83 45.83 45.81 45.82 45.8 45.77 45.76 45.77 45.82 45.86
46.26 46.26 46.26 46.25 46.25 46.22 46.05 45.7 45.48 45.53 45.63 45.68 45.69 45.67 45.65 45.62 45.59 45.6 45.62 45.64 45.66 45.69 45.73 45.76 45.76 45.77 45.78 45.77 45.78 45.78 45.78 45.79 45.78 45.77 45.78 45.78 45.8 45.8 45.78 45.79 45.78 45.78 45.78 45.77 45.75 45.78 45.79 45.78 45.76 45.77 45.79 45.76 45.74 45.75 45.77 45.77 45.76 45.76 45.76 45.78 45.78 45.76 45.74 45.75 45.79 45.82 45.8 45.8 45.83 45.83 45.81 45.8 45.8 45.78 45.76 45.75 45.79 45.82
46.26 46.26 46.26 46.24 46.23 46.23 46.15 45.8 45.49 45.5 45.61 45.66 45.67 45.67 45.66 45.64 45.62 45.61 45.62 45.62 45.64 45.68 45.72 45.74 45.75 45.77 45.78 45.77 45.78 45.77 45.76 45.77 45.76 45.77 45.79 45.79 45.79 45.8 45.78 45.77 45.77 45.77 45.76 45.76 45.77 45.79 45.81 45.79 45.77 45.77 45.77 45.76 45.74 45.73 45.73 45.74 45.76 45.76 45.77 45.78 45.78 45.76 45.74 45.74 45.78 45.8 45.79 45.79 45.81 45.83 45.81 45.8 45.79 45.78 45.76 45.74 45.76 45.79
46.24 46.25 46.26 46.27 46.26 46.25 46.21 46.01 45.74 45.55 45.55 45.64 45.67 45.69 45.69 45.68 45.66 45.63 45.62 45.62 45.63 45.67 45.71 45.72 45.73 45.75 45.78 45.78 45.79 45.79 45.77 45.76 45.76 45.78 45.79 45.78 45.79 45.81 45.81 45.78 45.76 45.77 45.78 45.78 45.77 45.79 45.81 45.8 45.79 45.76 45.74 45.75 45.75 45.73 45.72 45.73 45.76 45.78 45.77 45.76 45.76 45.75 45.75 45.74 45.75 45.76 45.76 45.77 45.79 45.82 45.81 45.8 45.79 45.78 45.77 45.76 45.75 45.76
46.24 46.25 46.26 46.25 46.25 46.26 46.24 46.18 46.03 45.7 45.52 45.55 45.62 45.69 45.7 45.7 45.68 45.65 45.62 45.62 45.63 45.66 45.71 45.72 45.73 45.75 45.76 45.77 45.79 45.8 45.79 45.76 45.74 45.76 45.76 45.76 45.78 45.79 45.77 45.76 45.77 45.76 45.76 45.76 45.77 45.77 45.78 45.78 45.77 45.75 45.74 45.74 45.74 45.73 45.72 45.73 45.77 45.78 45.76 45.75 45.74 45.73 45.75 45.75 45.73 45.73 45.74 45.76 45.77 45.78 45.78 45.8 45.8 45.79 45.8 45.79 45.77 45.75
46.22 46.23 46.23 46.22 46.24 46.25 46.23 46.22 46.19 45.89 45.56 45.47 45.56 45.68 45.71 45.72 45.7 45.68 45.67 45.65 45.64 45.65 45.68 45.7 45.73 45.75 45.75 45.75 45.77 45.79 45.8 45.78 45.76 45.76 45.76 45.76 45.77 45.77 45.77 45.77 45.78 45.77 45.76 45.76 45.77 45.77 45.77 45.77 45.78 45.78 45.76 45.74 45.74 45.73 45.73 45.73 45.74 45.75 45.74 45.74 45.74 45.73 45.76 45.76 45.73 45.73 45.74 45.76 45.77 45.78 45.78 45.8 45.8 45.81 45.81 45.81 45.8 45.77
46.19 46.21 46.22 46.23 46.26 46.25 46.22 46.22 46.22 46.04 45.71 45.53 45.59 45.69 45.7 45.72 45.71 45.69 45.65 45.64 45.62 45.64 45.68 45.7 45.73 45.74 45.75 45.75 45.76 45.79 45.81 45.79 45.77 45.76 45.77 45.77 45.78 45.78 45.79 45.78 45.78 45.77 45.77 45.76 45.77 45.77 45.77 45.75 45.77 45.8 45.78 45.75 45.74 45.73 45.73 45.72 45.71 45.7 45.73 45.75 45.72 45.71 45.73 45.75 45.73 45.71 45.72 45.75 45.76 45.76 45.78 45.81 45.83 45.82 45.81 45.82 45.83 45.79
46.16 46.2 46.22 46.24 46.26 46.26 46.22 46.2 46.21 46.17 45.9 45.62 45.66 45.7 45.68 45.72 45.72 45.69 45.64 45.61 45.62 45.64 45.66 45.68 45.7 45.73 45.75 45.75 45.76 45.78 45.78 45.79 45.8 45.79 45.78 45.78 45.78 45.77 45.78 45.78 45.78 45.78 45.77 45.76 45.75 45.75 45.75 45.74 45.75 45.78 45.78 45.77 45.74 45.74 45.74 45.72 45.7 45.69 45.73 45.75 45.71 45.68 45.7 45.72 45.71 45.71 45.71 45.73 45.74 45.76 45.77 45.79 45.81 45.83 45.82 45.81 45.82 45.81
46.14 46.18 46.21 46.24 46.26 46.26 46.25 46.26 46.26 46.24 46.11 45.96 45.86 45.69 45.64 45.69 45.71 45.7 45.67 45.66 45.64 45.63 45.63 45.65 45.68 45.72 45.73 45.75 45.77 45.77 45.77 45.79 45.81 45.81 45.79 45.78 45.77 45.77 45.76 45.77 45.78 45.79 45.78 45.76 45.75 45.73 45.74 45.75 45.77 45.77 45.79 45.79 45.76 45.74 45.75 45.73 45.7 45.7 45.71 45.73 45.71 45.68 45.69 45.7 45.71 45.7 45.69 45.72 45.73 45.76 45.79 45.78 45.78 45.79 45.81 45.8 45.79 45.8
46.14 46.16 46.21 46.25 46.24 46.23 46.24 46.25 46.25 46.24 46.21 46.17 45.92 45.59 45.52 45.58 45.65 45.68 45.68 45.67 45.65 45.63 45.62 45.64 45.66 45.71 45.73 45.75 45.77 45.78 45.77 45.78 45.81 45.82 45.8 45.78 45.77 45.77 45.78 45.78 45.78 45.79 45.79 45.77 45.75 45.75 45.76 45.77 45.76 45.75 45.76 45.78 45.78 45.78 45.77 45.74 45.71 45.71 45.71 45.71 45.7 45.68 45.69 45.69 45.69 45.69 45.69 45.7 45.71 45.74 45.77 45.77 45.76 45.76 45.79 45.8 45.79 45.79
46.13 46.15 46.18 46.2 46.22 46.23 46.23 46.23 46.22 46.2 46.2 46.18 45.92 45.59 45.47 45.49 45.58 45.66 45.69 45.68 45.67 45.65 45.64 45.63 45.65 45.7 45.73 45.74 45.78 45.8 45.79 45.78 45.81 45.82 45.8 45.78 45.78 45.78 45.8 45.8 45.77 45.77 45.79 45.79 45.76 45.75 45.77 45.78 45.76 45.74 45.74 45.75 45.76 45.75 45.73 45.71 45.71 45.71 45.7 45.68 45.67 45.69 45.71 45.7 45.69 45.69 45.7 45.7 45.7 45.72 45.75 45.76 45.75 45.75 45.78 45.81 45.81 45.8
46.13 46.14 46.14 46.13 46.15 46.2 46.22 46.22 46.21 46.2 46.18 46.17 46.04 45.76 45.53 45.47 45.55 45.65 45.69 45.69 45.68 45.65 45.64 45.64 45.65 45.69 45.72 45.73 45.77 45.81 45.81 45.79 45.79 45.81 45.8 45.78 45.77 45.78 45.79 45.79 45.77 45.78 45.8 45.81 45.78 45.74 45.74 45.76 45.74 45.72 45.73 45.75 45.75 45.75 45.73 45.7 45.69 45.69 45.69 45.66 45.64 45.66 45.69 45.69 45.68 45.67 45.68 45.71 45.71 45.71 45.74 45.76 45.75 45.75 45.77 45.8 45.81 45.79
45.99 46.12 46.12 46.11 46.13 46.16 46.17 46.19 46.21 46.2 46.18 46.18 46.15 45.97 45.74 45.56 45.55 45.66 45.69 45.69 45.7 45.68 45.65 45.65 45.66 45.69 45.71 45.73 45.76 45.79 45.81 45.8 45.8 45.81 45.81 45.8 45.78 45.77 45.79 45.79 45.78 45.77 45.78 45.79 45.78 45.75 45.74 45.75 45.73 45.71 45.72 45.73 45.73 45.74 45.74 45.71 45.69 45.68 45.67 45.66 45.64 45.65 45.69 45.69 45.67 45.66 45.68 45.71 45.73 45.73 45.72 45.74 45.75 45.75 45.75 45.78 45.78 45.77
