slabs/2.grd
DSAA
631 301
642000 642630
4946300 4946600
36.17 50.52
[rows 204 to 237 of 301, columns 77 to 153 of 631]
49.45 49.43 49.41 49.39 49.4 49.4 49.39 49.47 49.54 49.57 49.57 49.54 49.5 49.49 49.48 49.43 49.42 49.44 49.48 49.54 49.55 49.53 49.49 49.44 49.45 49.46 49.45 49.42 49.41 49.41 49.42 49.42 49.42 49.44 49.46 49.47 49.47 49.46 49.43 49.41 49.41 49.42 49.42 49.39 49.35 49.27 49.2 49.2 49.22 49.24 49.25 49.27 49.29 49.29 49.31 49.31 49.29 49.26 49.24 49.22 49.22 49.2 49.23 49.28 49.35 49.43 49.44 49.41 49.41 49.41 49.46 49.52 49.59 49.56 49.54 49.55 49.55
49.44 49.38 49.35 49.34 49.36 49.37 49.38 49.48 49.56 49.59 49.59 49.55 49.5 49.47 49.48 49.46 49.45 49.44 49.44 49.49 49.5 49.5 49.48 49.45 49.44 49.44 49.43 49.42 49.41 49.4 49.42 49.45 49.47 49.47 49.48 49.49 49.49 49.49 49.45 49.41 49.4 49.42 49.41 49.4 49.39 49.31 49.23 49.21 49.2 49.21 49.24 49.26 49.28 49.3 49.3 49.29 49.29 49.28 49.25 49.21 49.21 49.2 49.23 49.27 49.36 49.45 49.45 49.4 49.4 49.41 49.43 49.46 49.55 49.55 49.54 49.54 49.55
49.44 49.4 49.39 49.38 49.35 49.34 49.36 49.48 49.57 49.6 49.59 49.53 49.47 49.43 49.43 49.47 49.48 49.48 49.45 49.45 49.46 49.45 49.46 49.46 49.45 49.44 49.44 49.43 49.42 49.42 49.44 49.48 49.5 49.47 49.47 49.49 49.5 49.51 49.49 49.45 49.41 49.41 49.39 49.41 49.41 49.35 49.25 49.21 49.21 49.22 49.24 49.26 49.27 49.3 49.31 49.29 49.29 49.29 49.27 49.23 49.2 49.2 49.22 49.26 49.36 49.44 49.42 49.38 49.39 49.41 49.41 49.41 49.5 49.53 49.54 49.54 49.55
49.47 49.44 49.45 49.45 49.39 49.34 49.34 49.46 49.56 49.58 49.56 49.5 49.42 49.38 49.36 49.45 49.49 49.5 49.46 49.42 49.41 49.4 49.41 49.43 49.44 49.44 49.46 49.44 49.42 49.46 49.5 49.52 49.51 49.47 49.47 49.5 49.52 49.54 49.53 49.5 49.46 49.42 49.39 49.41 49.43 49.39 49.28 49.22 49.21 49.23 49.24 49.25 49.26 49.28 49.3 49.3 49.3 49.29 49.28 49.25 49.22 49.21 49.21 49.21 49.32 49.38 49.37 49.36 49.37 49.41 49.42 49.41 49.46 49.5 49.51 49.52 49.53
49.49 49.49 49.5 49.53 49.47 49.4 49.34 49.42 49.52 49.55 49.53 49.46 49.38 49.33 49.32 49.4 49.46 49.46 49.43 49.4 49.4 49.4 49.42 49.44 49.46 49.46 49.47 49.45 49.45 49.51 49.56 49.53 49.51 49.5 49.5 49.53 49.55 49.55 49.56 49.53 49.48 49.44 49.42 49.42 49.41 49.4 49.32 49.24 49.22 49.21 49.23 49.24 49.26 49.26 49.28 49.3 49.3 49.3 49.28 49.25 49.25 49.23 49.2 49.18 49.23 49.32 49.35 49.35 49.37 49.44 49.48 49.46 49.46 49.47 49.47 49.48 49.5
49.52 49.54 49.56 49.58 49.53 49.46 49.38 49.39 49.47 49.5 49.49 49.42 49.37 49.35 49.39 49.42 49.43 49.43 49.42 49.41 49.41 49.42 49.46 49.48 49.51 49.5 49.5 49.51 49.52 49.56 49.58 49.53 49.5 49.51 49.52 49.55 49.57 49.58 49.58 49.53 49.49 49.47 49.45 49.43 49.42 49.41 49.35 49.29 49.24 49.21 49.21 49.23 49.25 49.27 49.27 49.28 49.3 49.3 49.27 49.24 49.24 49.22 49.2 49.18 49.19 49.29 49.34 49.35 49.4 49.5 49.56 49.53 49.45 49.45 49.44 49.44 49.46
49.55 49.56 49.59 49.58 49.54 49.5 49.43 49.4 49.42 49.44 49.45 49.42 49.41 49.42 49.46 49.44 49.42 49.43 49.44 49.44 49.43 49.44 49.47 49.5 49.53 49.52 49.55 49.58 49.59 49.59 49.6 49.54 49.49 49.51 49.53 49.57 49.59 49.6 49.58 49.52 49.48 49.48 49.46 49.44 49.41 49.41 49.37 49.34 49.28 49.24 49.22 49.22 49.23 49.27 49.28 49.29 49.3 49.29 49.27 49.27 49.24 49.2 49.19 49.18 49.19 49.25 49.3 49.34 49.41 49.51 49.57 49.53 49.42 49.43 49.44 49.45 49.46
49.52 49.51 49.53 49.52 49.5 49.48 49.47 49.44 49.41 49.41 49.45 49.46 49.45 49.45 49.45 49.42 49.41 49.43 49.44 49.46 49.46 49.46 49.48 49.52 49.56 49.54 49.56 49.61 49.63 49.63 49.64 49.55 49.49 49.5 49.54 49.58 49.59 49.58 49.55 49.51 49.48 49.47 49.44 49.43 49.4 49.4 49.4 49.38 49.33 49.29 49.23 49.21 49.23 49.25 49.28 49.3 49.3 49.3 49.3 49.31 49.27 49.23 49.22 49.19 49.18 49.2 49.23 49.31 49.4 49.47 49.5 49.46 49.39 49.41 49.44 49.46 49.48
49.47 49.45 49.44 49.45 49.44 49.43 49.45 49.45 49.42 49.41 49.43 49.46 49.45 49.44 49.43 49.42 49.43 49.45 49.46 49.47 49.46 49.44 49.48 49.56 49.58 49.55 49.55 49.59 49.64 49.67 49.67 49.58 49.52 49.49 49.52 49.56 49.57 49.55 49.52 49.5 49.48 49.46 49.43 49.42 49.41 49.41 49.42 49.43 49.39 49.33 49.23 49.19 49.21 49.23 49.26 49.28 49.28 49.29 49.29 49.29 49.27 49.25 49.25 49.22 49.19 49.18 49.19 49.3 49.4 49.43 49.42 49.4 49.37 49.41 49.45 49.44 49.47
49.46 49.44 49.41 49.4 49.4 49.4 49.42 49.41 49.4 49.4 49.41 49.42 49.42 49.42 49.44 49.45 49.44 49.45 49.46 49.44 49.41 49.4 49.47 49.57 49.6 49.57 49.54 49.55 49.59 49.67 49.68 49.61 49.54 49.48 49.49 49.52 49.54 49.52 49.49 49.47 49.45 49.46 49.45 49.45 49.44 49.43 49.42 49.43 49.42 49.37 49.25 49.18 49.19 49.22 49.25 49.27 49.27 49.27 49.27 49.27 49.27 49.26 49.23 49.22 49.22 49.19 49.16 49.26 49.36 49.4 49.39 49.37 49.39 49.41 49.44 49.42 49.46
49.46 49.44 49.41 49.41 49.41 49.42 49.41 49.38 49.38 49.39 49.43 49.42 49.4 49.41 49.46 49.47 49.46 49.44 49.46 49.43 49.4 49.4 49.47 49.57 49.61 49.58 49.54 49.53 49.54 49.63 49.63 49.58 49.53 49.43 49.45 49.48 49.5 49.49 49.46 49.43 49.44 49.45 49.44 49.43 49.44 49.43 49.4 49.38 49.39 49.38 49.29 49.2 49.2 49.21 49.24 49.27 49.27 49.26 49.26 49.27 49.29 49.28 49.25 49.23 49.22 49.18 49.16 49.2 49.3 49.36 49.37 49.37 49.4 49.41 49.42 49.42 49.45
49.46 49.44 49.42 49.44 49.45 49.43 49.4 49.37 49.37 49.4 49.44 49.45 49.45 49.45 49.46 49.5 49.5 49.46 49.48 49.46 49.44 49.45 49.48 49.58 49.63 49.6 49.55 49.55 49.55 49.6 49.56 49.51 49.46 49.36 49.4 49.47 49.48 49.47 49.45 49.44 49.45 49.42 49.42 49.43 49.43 49.42 49.38 49.36 49.33 49.34 49.3 49.23 49.21 49.21 49.22 49.24 49.25 49.24 49.24 49.26 49.3 49.29 49.26 49.24 49.22 49.19 49.16 49.17 49.24 49.32 49.35 49.36 49.38 49.4 49.41 49.42 49.43
49.45 49.43 49.42 49.43 49.44 49.43 49.4 49.38 49.38 49.41 49.45 49.47 49.48 49.46 49.47 49.53 49.54 49.48 49.5 49.51 49.5 49.5 49.52 49.58 49.63 49.6 49.57 49.57 49.57 49.59 49.54 49.47 49.4 49.33 49.39 49.48 49.49 49.47 49.47 49.47 49.44 49.41 49.41 49.42 49.44 49.43 49.38 49.35 49.31 49.31 49.3 49.27 49.23 49.21 49.22 49.22 49.24 49.24 49.23 49.25 49.29 49.28 49.26 49.26 49.23 49.2 49.19 49.16 49.2 49.29 49.36 49.35 49.36 49.38 49.4 49.41 49.42
49.44 49.43 49.41 49.43 49.43 49.42 49.42 49.4 49.39 49.44 49.49 49.5 49.49 49.45 49.49 49.55 49.57 49.51 49.52 49.56 49.57 49.57 49.58 49.61 49.62 49.59 49.56 49.55 49.55 49.58 49.54 49.47 49.43 49.41 49.46 49.51 49.5 49.47 49.45 49.44 49.42 49.41 49.41 49.4 49.42 49.43 49.4 49.36 49.32 49.31 49.31 49.32 49.24 49.2 49.21 49.22 49.24 49.25 49.24 49.24 49.28 49.29 49.28 49.27 49.24 49.21 49.2 49.17 49.18 49.23 49.29 49.3 49.35 49.37 49.39 49.4 49.43
49.43 49.42 49.4 49.43 49.45 49.44 49.45 49.44 49.42 49.48 49.55 49.56 49.54 49.5 49.53 49.59 49.61 49.55 49.54 49.58 49.6 49.6 49.62 49.64 49.63 49.57 49.53 49.52 49.53 49.56 49.53 49.48 49.48 49.5 49.51 49.5 49.49 49.46 49.43 49.41 49.41 49.42 49.42 49.42 49.42 49.42 49.41 49.38 49.34 49.32 49.31 49.33 49.25 49.2 49.2 49.2 49.23 49.25 49.27 49.25 49.27 49.28 49.3 49.28 49.23 49.21 49.2 49.18 49.17 49.17 49.2 49.27 49.34 49.36 49.39 49.4 49.42
49.42 49.43 49.41 49.43 49.45 49.44 49.45 49.47 49.49 49.56 49.62 49.63 49.62 49.58 49.59 49.62 49.64 49.59 49.53 49.55 49.58 49.59 49.6 49.63 49.62 49.56 49.51 49.49 49.49 49.53 49.51 49.48 49.5 49.5 49.48 49.48 49.46 49.42 49.39 49.38 49.38 49.4 49.4 49.4 49.4 49.41 49.41 49.38 49.34 49.31 49.3 49.32 49.28 49.21 49.18 49.2 49.23 49.25 49.27 49.26 49.26 49.26 49.27 49.25 49.22 49.19 49.17 49.16 49.16 49.15 49.17 49.26 49.32 49.35 49.38 49.4 49.4
49.41 49.44 49.45 49.45 49.46 49.45 49.45 49.49 49.52 49.62 49.65 49.65 49.66 49.64 49.62 49.61 49.64 49.6 49.53 49.52 49.55 49.57 49.58 49.61 49.62 49.56 49.5 49.48 49.47 49.49 49.48 49.47 49.48 49.47 49.46 49.46 49.44 49.38 49.34 49.33 49.34 49.37 49.37 49.37 49.36 49.38 49.39 49.37 49.34 49.32 49.3 49.29 49.3 49.22 49.18 49.19 49.19 49.21 49.23 49.25 49.26 49.27 49.26 49.23 49.2 49.17 49.16 49.17 49.17 49.14 49.15 49.25 49.32 49.36 49.39 49.4 49.39
49.4 49.45 49.48 49.48 49.48 49.48 49.46 49.48 49.52 49.61 49.63 49.61 49.61 49.61 49.59 49.57 49.6 49.6 49.53 49.5 49.53 49.56 49.57 49.58 49.6 49.55 49.51 49.49 49.48 49.48 49.47 49.46 49.45 49.44 49.44 49.45 49.41 49.35 49.31 49.3 49.3 49.33 49.34 49.35 49.36 49.37 49.37 49.36 49.35 49.34 49.3 49.29 49.3 49.26 49.23 49.18 49.15 49.17 49.19 49.22 49.25 49.28 49.27 49.23 49.2 49.18 49.18 49.21 49.19 49.15 49.13 49.21 49.31 49.36 49.4 49.39 49.4
49.42 49.46 49.49 49.5 49.51 49.51 49.49 49.5 49.53 49.61 49.61 49.58 49.55 49.54 49.53 49.53 49.57 49.59 49.55 49.51 49.51 49.54 49.55 49.55 49.55 49.52 49.49 49.5 49.49 49.47 49.47 49.47 49.44 49.42 49.43 49.42 49.37 49.31 49.28 49.28 49.28 49.3 49.31 49.34 49.35 49.36 49.36 49.38 49.39 49.37 49.34 49.29 49.29 49.32 49.31 49.2 49.14 49.15 49.16 49.19 49.23 49.25 49.27 49.24 49.23 49.23 49.21 49.21 49.19 49.15 49.13 49.17 49.28 49.35 49.37 49.37 49.39
49.45 49.47 49.5 49.53 49.53 49.53 49.52 49.52 49.54 49.59 49.56 49.53 49.49 49.48 49.5 49.51 49.53 49.57 49.55 49.52 49.51 49.52 49.53 49.54 49.51 49.49 49.49 49.49 49.48 49.47 49.46 49.45 49.42 49.39 49.38 49.36 49.32 49.29 49.28 49.28 49.28 49.27 49.29 49.3 49.32 49.35 49.36 49.4 49.4 49.39 49.37 49.3 49.28 49.33 49.34 49.22 49.15 49.14 49.15 49.19 49.22 49.23 49.26 49.24 49.25 49.26 49.24 49.21 49.18 49.16 49.13 49.17 49.29 49.35 49.34 49.33 49.35
49.46 49.48 49.52 49.56 49.56 49.56 49.55 49.54 49.53 49.53 49.47 49.45 49.42 49.41 49.47 49.49 49.51 49.55 49.54 49.52 49.51 49.51 49.52 49.54 49.5 49.49 49.47 49.47 49.46 49.44 49.42 49.4 49.37 49.34 49.3 49.31 49.29 49.29 49.31 49.3 49.29 49.28 49.29 49.28 49.31 49.35 49.36 49.4 49.4 49.38 49.37 49.32 49.27 49.3 49.34 49.26 49.18 49.15 49.15 49.18 49.22 49.23 49.25 49.25 49.25 49.24 49.23 49.22 49.19 49.18 49.16 49.18 49.27 49.33 49.33 49.32 49.33
49.44 49.49 49.54 49.58 49.6 49.59 49.57 49.56 49.53 49.48 49.42 49.37 49.34 49.34 49.41 49.46 49.5 49.53 49.53 49.51 49.5 49.5 49.51 49.52 49.5 49.46 49.43 49.42 49.39 49.37 49.36 49.34 49.31 49.29 49.28 49.29 49.28 49.28 49.3 49.3 49.3 49.3 49.29 49.29 49.31 49.33 49.34 49.38 49.38 49.37 49.36 49.31 49.25 49.25 49.31 49.31 49.21 49.15 49.15 49.18 49.21 49.22 49.22 49.25 49.23 49.21 49.2 49.22 49.2 49.19 49.18 49.19 49.23 49.28 49.32 49.33 49.33
49.43 49.49 49.56 49.59 49.61 49.61 49.58 49.56 49.52 49.48 49.42 49.36 49.29 49.27 49.35 49.44 49.48 49.51 49.51 49.5 49.49 49.48 49.48 49.48 49.46 49.42 49.38 49.37 49.31 49.29 49.3 49.29 49.28 49.29 49.3 49.27 49.27 49.29 49.3 49.29 49.3 49.31 49.3 49.27 49.28 49.32 49.34 49.37 49.35 49.35 49.34 49.3 49.23 49.22 49.26 49.31 49.24 49.16 49.16 49.18 49.19 49.2 49.2 49.23 49.22 49.2 49.2 49.21 49.2 49.2 49.2 49.18 49.18 49.2 49.27 49.31 49.33
49.43 49.48 49.55 49.57 49.56 49.58 49.58 49.56 49.53 49.49 49.45 49.42 49.3 49.26 49.36 49.44 49.48 49.49 49.49 49.49 49.47 49.45 49.43 49.42 49.4 49.37 49.35 49.32 49.29 49.27 49.26 49.27 49.28 49.28 49.29 49.27 49.28 49.3 49.31 49.28 49.28 49.3 49.28 49.25 49.26 49.3 49.33 49.35 49.35 49.34 49.33 49.31 49.25 49.22 49.23 49.29 49.27 49.2 49.16 49.17 49.19 49.2 49.19 49.2 49.22 49.23 49.23 49.21 49.2 49.22 49.22 49.17 49.13 49.14 49.21 49.29 49.34
49.41 49.46 49.49 49.48 49.47 49.51 49.54 49.55 49.52 49.49 49.46 49.46 49.39 49.39 49.43 49.46 49.49 49.48 49.47 49.46 49.43 49.39 49.39 49.36 49.35 49.32 49.31 49.29 49.28 49.26 49.23 49.25 49.26 49.27 49.28 49.28 49.28 49.29 49.29 49.27 49.26 49.26 49.26 49.25 49.26 49.28 49.31 49.35 49.36 49.35 49.35 49.32 49.28 49.25 49.23 49.29 49.29 49.24 49.17 49.16 49.18 49.2 49.2 49.2 49.23 49.25 49.25 49.22 49.22 49.23 49.23 49.19 49.15 49.14 49.17 49.26 49.34
49.39 49.44 49.43 49.39 49.39 49.43 49.48 49.51 49.49 49.48 49.47 49.45 49.45 49.48 49.47 49.45 49.47 49.46 49.45 49.43 49.38 49.35 49.34 49.32 49.31 49.29 49.26 49.27 49.26 49.24 49.22 49.24 49.26 49.28 49.29 49.28 49.27 49.28 49.29 49.27 49.25 49.26 49.26 49.26 49.27 49.27 49.3 49.35 49.36 49.36 49.37 49.35 49.31 49.28 49.26 49.29 49.31 49.28 49.22 49.17 49.17 49.19 49.21 49.21 49.22 49.23 49.23 49.23 49.23 49.22 49.23 49.21 49.19 49.17 49.17 49.22 49.28
49.4 49.43 49.41 49.39 49.41 49.4 49.43 49.47 49.46 49.47 49.47 49.45 49.44 49.46 49.46 49.45 49.43 49.41 49.4 49.37 49.33 49.32 49.31 49.31 49.3 49.27 49.25 49.26 49.26 49.24 49.23 49.24 49.27 49.28 49.28 49.27 49.27 49.28 49.29 49.28 49.27 49.27 49.27 49.27 49.28 49.28 49.29 49.35 49.36 49.35 49.36 49.34 49.32 49.3 49.3 49.28 49.28 49.28 49.28 49.19 49.15 49.17 49.18 49.18 49.2 49.22 49.21 49.23 49.23 49.22 49.22 49.21 49.2 49.18 49.16 49.19 49.23
49.44 49.42 49.43 49.43 49.46 49.44 49.44 49.45 49.46 49.46 49.45 49.44 49.42 49.44 49.45 49.44 49.4 49.36 49.35 49.33 49.31 49.31 49.3 49.29 49.28 49.26 49.25 49.25 49.26 49.25 49.24 49.25 49.26 49.25 49.25 49.26 49.28 49.28 49.28 49.28 49.29 49.28 49.27 49.27 49.29 49.3 49.3 49.32 49.33 49.33 49.33 49.33 49.31 49.31 49.31 49.28 49.25 49.26 49.3 49.21 49.15 49.14 49.15 49.16 49.19 49.22 49.22 49.23 49.23 49.22 49.22 49.21 49.21 49.18 49.16 49.17 49.19
49.42 49.42 49.43 49.43 49.45 49.46 49.45 49.45 49.44 49.45 49.44 49.42 49.43 49.43 49.41 49.39 49.36 49.32 49.31 49.32 49.31 49.3 49.29 49.28 49.28 49.26 49.26 49.25 49.25 49.25 49.24 49.25 49.24 49.24 49.25 49.27 49.28 49.27 49.28 49.28 49.29 49.28 49.28 49.29 49.29 49.3 49.3 49.3 49.3 49.29 49.32 49.34 49.33 49.33 49.33 49.3 49.27 49.26 49.29 49.23 49.17 49.15 49.14 49.15 49.17 49.19 49.21 49.23 49.24 49.21 49.2 49.21 49.21 49.19 49.18 49.18 49.18
49.41 49.41 49.42 49.42 49.43 49.44 49.45 49.45 49.45 49.45 49.43 49.41 49.4 49.37 49.35 49.36 49.34 49.31 49.31 49.31 49.3 49.29 49.28 49.28 49.28 49.27 49.25 49.25 49.25 49.24 49.25 49.25 49.25 49.25 49.25 49.26 49.27 49.27 49.29 49.29 49.27 49.28 49.29 49.31 49.3 49.28 49.29 49.28 49.29 49.29 49.33 49.34 49.34 49.34 49.34 49.31 49.28 49.27 49.29 49.26 49.2 49.15 49.13 49.14 49.16 49.19 49.21 49.25 49.26 49.24 49.22 49.21 49.21 49.19 49.18 49.18 49.19
49.42 49.41 49.42 49.42 49.43 49.44 49.46 49.45 49.46 49.42 49.39 49.38 49.35 49.33 49.33 49.33 49.32 49.31 49.31 49.3 49.28 49.27 49.28 49.27 49.27 49.26 49.24 49.26 49.26 49.25 49.26 49.26 49.26 49.26 49.25 49.25 49.27 49.28 49.29 49.29 49.28 49.29 49.3 49.31 49.29 49.27 49.28 49.26 49.26 49.27 49.32 49.35 49.35 49.34 49.32 49.31 49.29 49.27 49.27 49.27 49.24 49.17 49.14 49.14 49.15 49.17 49.2 49.25 49.26 49.25 49.22 49.21 49.22 49.2 49.18 49.19 49.19
49.41 49.41 49.41 49.41 49.42 49.43 49.45 49.44 49.43 49.38 49.34 49.34 49.31 49.31 49.32 49.3 49.31 49.3 49.29 49.29 49.28 49.28 49.29 49.27 49.25 49.25 49.25 49.26 49.26 49.25 49.27 49.26 49.25 49.25 49.24 49.25 49.27 49.28 49.29 49.29 49.29 49.3 49.29 49.3 49.28 49.26 49.27 49.25 49.23 49.23 49.28 49.33 49.34 49.33 49.31 49.31 49.29 49.27 49.25 49.27 49.28 49.21 49.16 49.15 49.15 49.16 49.19 49.23 49.25 49.24 49.22 49.21 49.22 49.21 49.19 49.18 49.17
49.43 49.41 49.41 49.41 49.42 49.42 49.43 49.41 49.38 49.33 49.3 49.3 49.28 49.29 49.31 49.28 49.29 49.28 49.26 49.27 49.28 49.28 49.28 49.26 49.25 49.26 49.26 49.26 49.25 49.24 49.27 49.26 49.26 49.25 49.24 49.24 49.27 49.3 49.3 49.28 49.27 49.29 49.29 49.3 49.28 49.26 49.26 49.25 49.23 49.24 49.28 49.31 49.32 49.32 49.32 49.3 49.28 49.27 49.25 49.26 49.28 49.23 49.16 49.15 49.15 49.15 49.17 49.2 49.22 49.23 49.24 49.24 49.21 49.19 49.18 49.17 49.14
49.44 49.43 49.43 49.43 49.42 49.4 49.39 49.37 49.32 49.29 49.29 49.29 49.27 49.27 49.29 49.27 49.28 49.28 49.26 49.26 49.26 49.26 49.25 49.24 49.26 49.29 49.28 49.25 49.24 49.24 49.25 49.27 49.26 49.24 49.23 49.24 49.27 49.29 49.29 49.28 49.27 49.27 49.29 49.3 49.27 49.27 49.27 49.25 49.24 49.25 49.27 49.3 49.32 49.34 49.34 49.3 49.27 49.29 49.26 49.25 49.26 49.24 49.17 49.13 49.13 49.14 49.15 49.17 49.19 49.21 49.23 49.25 49.21 49.19 49.18 49.17 49.13
