slabs/2.grd
DSAA
631 301
642000 642630
4946300 4946600
36.17 50.52
[rows 238 to 271 of 301, columns 308 to 384 of 631]
48.73 48.73 48.76 48.76 48.76 48.75 48.75 48.76 48.79 48.81 48.91 49.04 49.08 49.08 49.05 49.06 49.09 49.1 49.06 49.11 49.18 49.23 49.29 49.36 49.41 49.45 49.51 49.59 49.64 49.75 49.82 49.8 49.8 49.86 49.83 49.7 49.61 49.51 49.36 49.21 49.12 49.03 48.93 48.85 48.83 48.84 48.83 48.84 48.81 48.72 48.57 48.56 48.53 48.38 48.33 48.36 48.38 48.47 48.53 48.55 48.51 48.47 48.48 48.5 48.55 48.55 48.62 48.77 49.01 49.08 49.07 49.09 49.13 49.19 49.24 49.24 49.25
48.7 48.69 48.73 48.72 48.72 48.73 48.73 48.75 48.78 48.8 48.85 49 49.1 49.11 49.09 49.06 49.08 49.09 49.07 49.12 49.18 49.23 49.29 49.37 49.41 49.47 49.55 49.63 49.68 49.78 49.88 49.91 49.92 49.92 49.83 49.69 49.6 49.5 49.36 49.24 49.14 49.02 48.9 48.84 48.85 48.85 48.82 48.82 48.82 48.75 48.56 48.51 48.49 48.37 48.34 48.35 48.36 48.45 48.53 48.55 48.52 48.5 48.51 48.53 48.57 48.55 48.52 48.71 49.02 49.1 49.08 49.1 49.13 49.18 49.24 49.24 49.23
48.7 48.68 48.71 48.7 48.71 48.72 48.72 48.74 48.78 48.79 48.82 48.96 49.11 49.16 49.12 49.08 49.07 49.07 49.07 49.13 49.18 49.23 49.29 49.37 49.42 49.48 49.59 49.71 49.78 49.86 49.96 49.99 49.98 49.9 49.77 49.62 49.54 49.44 49.32 49.22 49.13 48.99 48.88 48.84 48.87 48.85 48.83 48.81 48.82 48.77 48.58 48.48 48.45 48.37 48.35 48.36 48.39 48.47 48.54 48.56 48.53 48.52 48.52 48.53 48.58 48.55 48.48 48.69 49.04 49.13 49.09 49.1 49.13 49.18 49.23 49.24 49.23
48.71 48.67 48.68 48.69 48.7 48.71 48.71 48.73 48.78 48.78 48.8 48.93 49.07 49.17 49.16 49.11 49.07 49.07 49.08 49.13 49.18 49.23 49.3 49.38 49.44 49.53 49.65 49.75 49.81 49.89 49.96 49.96 49.92 49.83 49.69 49.56 49.47 49.36 49.22 49.13 49.05 48.93 48.86 48.85 48.86 48.84 48.81 48.81 48.82 48.76 48.58 48.48 48.42 48.36 48.37 48.39 48.41 48.49 48.55 48.55 48.53 48.51 48.51 48.53 48.58 48.58 48.52 48.7 49.05 49.13 49.09 49.1 49.13 49.17 49.2 49.22 49.25
48.72 48.69 48.67 48.67 48.69 48.68 48.7 48.73 48.78 48.79 48.81 48.9 49.01 49.13 49.17 49.16 49.13 49.08 49.08 49.13 49.18 49.23 49.31 49.41 49.48 49.53 49.6 49.67 49.71 49.79 49.88 49.88 49.83 49.74 49.61 49.51 49.42 49.28 49.14 49.04 48.96 48.87 48.84 48.84 48.84 48.82 48.79 48.77 48.79 48.72 48.55 48.46 48.38 48.35 48.39 48.42 48.42 48.5 48.56 48.54 48.51 48.51 48.51 48.53 48.58 48.56 48.49 48.66 49.02 49.12 49.1 49.11 49.14 49.16 49.16 49.22 49.25
48.72 48.7 48.67 48.66 48.68 48.68 48.71 48.74 48.77 48.77 48.8 48.86 48.91 49.03 49.15 49.2 49.18 49.11 49.07 49.13 49.18 49.24 49.29 49.36 49.39 49.41 49.45 49.53 49.59 49.67 49.74 49.75 49.7 49.62 49.51 49.43 49.34 49.21 49.06 48.96 48.89 48.85 48.84 48.82 48.8 48.78 48.73 48.69 48.7 48.62 48.48 48.41 48.37 48.38 48.41 48.42 48.41 48.5 48.58 48.55 48.5 48.51 48.53 48.54 48.57 48.52 48.41 48.62 48.98 49.12 49.1 49.11 49.16 49.17 49.16 49.22 49.24
48.71 48.71 48.68 48.66 48.66 48.68 48.69 48.71 48.72 48.74 48.77 48.81 48.84 48.89 49.07 49.18 49.18 49.12 49.09 49.11 49.12 49.15 49.16 49.18 49.2 49.24 49.31 49.39 49.47 49.55 49.58 49.58 49.54 49.45 49.37 49.32 49.24 49.12 48.98 48.9 48.87 48.86 48.83 48.81 48.77 48.73 48.65 48.59 48.58 48.52 48.42 48.37 48.4 48.41 48.41 48.4 48.4 48.48 48.55 48.56 48.51 48.51 48.53 48.55 48.57 48.5 48.41 48.59 48.96 49.1 49.08 49.1 49.14 49.15 49.17 49.2 49.23
48.72 48.71 48.68 48.66 48.65 48.66 48.67 48.69 48.7 48.73 48.76 48.79 48.81 48.83 48.98 49.15 49.19 49.16 49.12 49.03 48.93 48.93 48.96 49.01 49.05 49.1 49.18 49.24 49.34 49.42 49.42 49.41 49.38 49.27 49.19 49.15 49.11 49.02 48.92 48.89 48.88 48.85 48.79 48.75 48.7 48.63 48.56 48.52 48.48 48.44 48.4 48.37 48.41 48.41 48.4 48.37 48.41 48.47 48.51 48.52 48.5 48.51 48.52 48.53 48.56 48.51 48.43 48.56 48.93 49.08 49.06 49.1 49.12 49.12 49.16 49.2 49.23
48.75 48.74 48.69 48.67 48.65 48.65 48.67 48.7 48.71 48.76 48.77 48.78 48.79 48.82 48.93 49.1 49.19 49.19 49.09 48.83 48.6 48.66 48.8 48.87 48.91 48.97 49.05 49.12 49.21 49.26 49.25 49.24 49.21 49.11 49.01 48.98 48.97 48.93 48.9 48.87 48.82 48.73 48.62 48.56 48.54 48.48 48.47 48.5 48.49 48.45 48.43 48.4 48.38 48.37 48.36 48.36 48.44 48.52 48.55 48.5 48.48 48.51 48.52 48.53 48.54 48.5 48.44 48.56 48.91 49.06 49.05 49.09 49.12 49.12 49.15 49.21 49.23
48.78 48.76 48.71 48.68 48.67 48.66 48.67 48.68 48.69 48.76 48.77 48.77 48.78 48.8 48.89 49.06 49.15 49.17 48.98 48.55 48.22 48.33 48.61 48.73 48.79 48.87 48.94 49.02 49.11 49.11 49.09 49.09 49.06 48.99 48.91 48.87 48.87 48.85 48.82 48.7 48.56 48.45 48.37 48.35 48.36 48.38 48.43 48.5 48.52 48.5 48.49 48.45 48.4 48.37 48.36 48.38 48.47 48.57 48.59 48.51 48.49 48.52 48.52 48.55 48.54 48.5 48.41 48.58 48.92 49.05 49.06 49.1 49.13 49.13 49.14 49.21 49.24
48.77 48.75 48.71 48.68 48.67 48.66 48.65 48.66 48.67 48.73 48.75 48.77 48.78 48.8 48.88 49.01 49.09 49.12 48.81 48.19 47.77 47.94 48.35 48.57 48.7 48.84 48.91 48.98 49.06 49.03 49 49 48.98 48.94 48.86 48.79 48.74 48.64 48.57 48.46 48.34 48.27 48.24 48.28 48.32 48.37 48.42 48.46 48.49 48.49 48.49 48.47 48.44 48.4 48.37 48.41 48.48 48.57 48.6 48.51 48.5 48.53 48.54 48.57 48.55 48.52 48.41 48.58 48.89 49.02 49.05 49.09 49.13 49.13 49.15 49.23 49.24
48.76 48.75 48.71 48.69 48.67 48.67 48.65 48.65 48.66 48.71 48.74 48.76 48.77 48.8 48.88 48.94 49.01 49.06 48.56 47.62 47.36 47.64 48.09 48.37 48.61 48.86 48.98 49.05 49.06 49.02 48.98 48.97 48.95 48.88 48.73 48.62 48.54 48.43 48.39 48.37 48.34 48.29 48.27 48.3 48.34 48.36 48.38 48.38 48.42 48.45 48.46 48.45 48.44 48.4 48.37 48.43 48.49 48.55 48.57 48.51 48.5 48.52 48.54 48.56 48.56 48.52 48.45 48.58 48.82 48.96 49.02 49.07 49.11 49.13 49.16 49.22 49.23
48.76 48.75 48.73 48.7 48.69 48.67 48.65 48.65 48.66 48.71 48.75 48.76 48.76 48.79 48.88 48.93 48.95 48.98 48.44 47.41 47.43 47.78 48.07 48.25 48.59 48.86 49 49.06 49.05 49.01 48.95 48.92 48.82 48.71 48.56 48.47 48.42 48.39 48.4 48.41 48.38 48.34 48.32 48.32 48.32 48.33 48.33 48.34 48.36 48.4 48.43 48.43 48.42 48.41 48.41 48.45 48.49 48.54 48.54 48.52 48.5 48.49 48.51 48.55 48.56 48.53 48.48 48.57 48.78 48.91 49 49.07 49.12 49.14 49.16 49.2 49.21
48.77 48.76 48.74 48.71 48.69 48.67 48.65 48.65 48.66 48.72 48.75 48.74 48.74 48.79 48.86 48.91 48.9 48.9 48.68 48.22 48.21 48.41 48.53 48.56 48.74 48.86 48.95 49 49 48.96 48.83 48.74 48.61 48.55 48.5 48.45 48.43 48.43 48.44 48.45 48.42 48.38 48.34 48.3 48.31 48.32 48.32 48.34 48.34 48.37 48.4 48.41 48.41 48.42 48.44 48.46 48.49 48.52 48.53 48.51 48.49 48.48 48.51 48.55 48.56 48.55 48.48 48.55 48.81 48.94 49.03 49.1 49.13 49.15 49.17 49.18 49.2
48.79 48.78 48.75 48.72 48.71 48.68 48.66 48.66 48.66 48.72 48.74 48.73 48.73 48.77 48.82 48.83 48.84 48.86 48.94 49 48.9 48.91 48.94 48.93 48.91 48.9 48.95 48.96 48.94 48.83 48.65 48.56 48.48 48.49 48.52 48.49 48.49 48.49 48.48 48.44 48.44 48.39 48.35 48.3 48.31 48.33 48.34 48.35 48.35 48.36 48.36 48.39 48.4 48.42 48.45 48.46 48.48 48.5 48.51 48.51 48.49 48.49 48.53 48.56 48.56 48.54 48.45 48.57 48.89 49.05 49.08 49.1 49.13 49.16 49.17 49.17 49.19
48.78 48.78 48.76 48.74 48.73 48.71 48.69 48.69 48.67 48.69 48.71 48.73 48.74 48.77 48.8 48.8 48.82 48.84 48.94 49.01 49.02 49 48.98 48.97 48.94 48.91 48.94 48.89 48.81 48.68 48.56 48.5 48.47 48.52 48.58 48.58 48.58 48.53 48.5 48.47 48.46 48.42 48.37 48.33 48.32 48.34 48.35 48.37 48.37 48.35 48.36 48.39 48.42 48.43 48.45 48.45 48.47 48.49 48.5 48.49 48.49 48.49 48.52 48.55 48.55 48.55 48.46 48.58 48.91 49.11 49.1 49.09 49.13 49.15 49.17 49.18 49.19
48.76 48.77 48.76 48.75 48.75 48.72 48.7 48.69 48.69 48.68 48.7 48.72 48.74 48.76 48.78 48.81 48.82 48.83 48.9 48.96 49 49 49.01 49.01 48.96 48.88 48.88 48.79 48.71 48.64 48.59 48.57 48.58 48.63 48.67 48.66 48.64 48.58 48.56 48.5 48.48 48.45 48.4 48.36 48.33 48.34 48.35 48.37 48.38 48.37 48.4 48.42 48.44 48.45 48.46 48.46 48.47 48.49 48.48 48.48 48.49 48.5 48.5 48.53 48.55 48.58 48.49 48.57 48.88 49.06 49.07 49.1 49.14 49.15 49.18 49.21 49.21
48.74 48.78 48.76 48.75 48.75 48.72 48.7 48.68 48.68 48.68 48.69 48.71 48.73 48.75 48.77 48.79 48.81 48.83 48.87 48.92 48.98 48.99 49.03 49.03 48.94 48.84 48.81 48.76 48.75 48.7 48.68 48.69 48.73 48.75 48.74 48.7 48.66 48.61 48.61 48.52 48.49 48.48 48.44 48.38 48.34 48.33 48.33 48.36 48.38 48.39 48.43 48.43 48.44 48.47 48.48 48.49 48.48 48.47 48.44 48.47 48.49 48.49 48.48 48.51 48.56 48.59 48.48 48.57 48.85 49.02 49.06 49.11 49.14 49.17 49.19 49.21 49.22
48.75 48.79 48.78 48.75 48.75 48.74 48.71 48.69 48.67 48.66 48.68 48.69 48.71 48.73 48.76 48.77 48.78 48.81 48.84 48.89 48.98 49.01 49.04 49.01 48.9 48.83 48.83 48.83 48.82 48.78 48.76 48.77 48.82 48.81 48.76 48.67 48.65 48.64 48.63 48.55 48.51 48.51 48.48 48.38 48.34 48.33 48.33 48.36 48.39 48.42 48.43 48.42 48.44 48.49 48.52 48.53 48.5 48.47 48.43 48.48 48.49 48.49 48.48 48.53 48.57 48.59 48.46 48.58 48.86 49.04 49.08 49.1 49.12 49.17 49.19 49.19 49.2
48.77 48.79 48.78 48.75 48.75 48.74 48.73 48.7 48.67 48.66 48.66 48.67 48.68 48.7 48.73 48.76 48.76 48.78 48.82 48.86 48.97 48.99 48.99 48.96 48.89 48.88 48.91 48.92 48.87 48.84 48.84 48.83 48.85 48.79 48.73 48.63 48.64 48.66 48.65 48.58 48.52 48.49 48.47 48.39 48.32 48.32 48.34 48.37 48.41 48.45 48.43 48.41 48.45 48.5 48.55 48.56 48.52 48.47 48.44 48.47 48.48 48.47 48.47 48.53 48.55 48.55 48.44 48.58 48.85 49.04 49.08 49.1 49.12 49.17 49.19 49.19 49.18
48.77 48.78 48.77 48.75 48.76 48.75 48.74 48.72 48.69 48.66 48.65 48.66 48.67 48.7 48.72 48.74 48.75 48.78 48.81 48.84 48.92 48.95 48.93 48.91 48.93 48.96 48.98 48.99 48.91 48.86 48.86 48.89 48.84 48.73 48.68 48.62 48.63 48.66 48.68 48.61 48.54 48.49 48.48 48.41 48.31 48.29 48.32 48.37 48.42 48.45 48.41 48.4 48.44 48.48 48.54 48.57 48.52 48.47 48.45 48.46 48.46 48.45 48.46 48.5 48.51 48.51 48.44 48.59 48.84 49.03 49.07 49.1 49.12 49.16 49.18 49.19 49.19
48.74 48.76 48.76 48.77 48.78 48.77 48.75 48.74 48.71 48.68 48.66 48.65 48.66 48.7 48.73 48.74 48.75 48.78 48.8 48.82 48.86 48.91 48.92 48.94 49.02 49.05 49.05 49.02 48.95 48.91 48.93 48.95 48.84 48.71 48.67 48.63 48.65 48.68 48.69 48.65 48.58 48.52 48.52 48.43 48.32 48.3 48.33 48.37 48.4 48.42 48.4 48.4 48.44 48.46 48.52 48.56 48.52 48.5 48.46 48.46 48.46 48.48 48.49 48.5 48.5 48.51 48.47 48.61 48.86 49.04 49.07 49.09 49.12 49.14 49.17 49.19 49.2
48.71 48.74 48.76 48.78 48.78 48.77 48.75 48.74 48.71 48.7 48.67 48.65 48.65 48.69 48.73 48.74 48.76 48.77 48.79 48.8 48.84 48.9 48.94 49 49.07 49.07 49.04 49.01 49.04 49.06 49.06 49.01 48.85 48.76 48.73 48.7 48.68 48.7 48.7 48.64 48.57 48.53 48.53 48.44 48.35 48.31 48.34 48.36 48.37 48.38 48.4 48.42 48.46 48.48 48.52 48.54 48.53 48.52 48.48 48.46 48.47 48.5 48.5 48.51 48.51 48.54 48.5 48.62 48.85 49.03 49.07 49.08 49.1 49.13 49.17 49.2 49.21
48.69 48.72 48.76 48.77 48.78 48.78 48.76 48.75 48.72 48.7 48.68 48.65 48.65 48.68 48.72 48.74 48.76 48.76 48.77 48.8 48.85 48.89 48.93 49.03 49.07 49.02 48.97 49 49.12 49.17 49.14 49.06 48.9 48.82 48.79 48.74 48.68 48.68 48.67 48.6 48.54 48.52 48.52 48.47 48.37 48.31 48.33 48.38 48.38 48.37 48.4 48.42 48.45 48.48 48.5 48.51 48.49 48.49 48.49 48.48 48.48 48.48 48.48 48.5 48.51 48.54 48.48 48.6 48.82 49.05 49.09 49.08 49.1 49.13 49.17 49.21 49.22
48.68 48.71 48.75 48.76 48.77 48.78 48.78 48.77 48.74 48.71 48.69 48.66 48.64 48.66 48.69 48.71 48.74 48.74 48.76 48.8 48.84 48.87 48.9 49.01 49.11 49.06 48.99 49.02 49.11 49.16 49.13 49.05 48.93 48.84 48.79 48.73 48.68 48.66 48.64 48.59 48.54 48.51 48.52 48.48 48.41 48.34 48.32 48.39 48.39 48.37 48.39 48.41 48.43 48.47 48.48 48.47 48.43 48.43 48.47 48.49 48.49 48.46 48.45 48.48 48.5 48.51 48.47 48.63 48.85 49.1 49.11 49.09 49.11 49.14 49.18 49.22 49.23
48.67 48.7 48.73 48.75 48.76 48.78 48.79 48.77 48.74 48.72 48.72 48.7 48.65 48.65 48.65 48.68 48.72 48.74 48.76 48.79 48.83 48.85 48.87 49 49.18 49.16 49.1 49.08 49.11 49.1 49.09 49.02 48.92 48.86 48.82 48.78 48.71 48.67 48.65 48.62 48.57 48.53 48.52 48.49 48.43 48.37 48.33 48.39 48.4 48.37 48.37 48.39 48.41 48.45 48.47 48.45 48.42 48.42 48.45 48.47 48.47 48.44 48.46 48.49 48.52 48.52 48.48 48.66 48.89 49.09 49.08 49.08 49.1 49.15 49.18 49.21 49.21
48.66 48.69 48.72 48.75 48.76 48.79 48.82 48.78 48.75 48.74 48.74 48.72 48.68 48.65 48.63 48.67 48.7 48.72 48.74 48.77 48.8 48.83 48.86 49 49.22 49.24 49.18 49.14 49.14 49.09 49.09 49.07 48.97 48.91 48.86 48.84 48.76 48.71 48.71 48.67 48.6 48.56 48.53 48.49 48.42 48.38 48.35 48.37 48.38 48.38 48.37 48.39 48.41 48.43 48.45 48.46 48.47 48.46 48.45 48.44 48.42 48.43 48.45 48.48 48.51 48.52 48.45 48.64 48.9 49.06 49.05 49.04 49.07 49.13 49.17 49.2 49.22
48.66 48.69 48.71 48.73 48.75 48.79 48.81 48.79 48.78 48.77 48.77 48.73 48.69 48.66 48.64 48.66 48.68 48.71 48.74 48.76 48.78 48.82 48.86 48.98 49.18 49.25 49.19 49.14 49.15 49.12 49.16 49.13 49.03 48.98 48.9 48.85 48.79 48.75 48.75 48.7 48.64 48.6 48.55 48.5 48.42 48.38 48.36 48.34 48.35 48.37 48.37 48.39 48.4 48.41 48.42 48.46 48.49 48.49 48.46 48.42 48.41 48.43 48.43 48.45 48.46 48.5 48.41 48.56 48.87 49.04 49.04 49.02 49.05 49.12 49.17 49.21 49.23
48.66 48.69 48.7 48.7 48.73 48.76 48.79 48.79 48.8 48.79 48.8 48.75 48.69 48.67 48.66 48.66 48.67 48.71 48.74 48.74 48.78 48.82 48.85 48.92 49.12 49.23 49.19 49.11 49.13 49.15 49.2 49.15 49.06 49.03 48.94 48.84 48.78 48.76 48.75 48.71 48.67 48.63 48.58 48.52 48.43 48.37 48.35 48.33 48.33 48.35 48.37 48.39 48.39 48.4 48.4 48.44 48.47 48.47 48.44 48.41 48.41 48.42 48.43 48.44 48.45 48.48 48.42 48.48 48.8 49.03 49.04 49.03 49.06 49.12 49.18 49.22 49.21
48.67 48.67 48.68 48.7 48.73 48.76 48.79 48.8 48.79 48.79 48.79 48.74 48.69 48.66 48.66 48.66 48.67 48.7 48.73 48.72 48.75 48.79 48.81 48.86 49.02 49.15 49.17 49.08 49.09 49.12 49.16 49.14 49.09 49.08 48.98 48.84 48.78 48.77 48.74 48.71 48.69 48.67 48.61 48.52 48.42 48.36 48.33 48.33 48.33 48.33 48.38 48.41 48.42 48.41 48.39 48.42 48.46 48.47 48.44 48.4 48.4 48.41 48.43 48.45 48.45 48.45 48.41 48.47 48.77 49.05 49.06 49.05 49.07 49.13 49.17 49.2 49.2
48.67 48.65 48.68 48.69 48.73 48.76 48.77 48.79 48.79 48.79 48.78 48.74 48.69 48.67 48.68 48.67 48.67 48.68 48.71 48.72 48.74 48.76 48.78 48.83 48.95 49.05 49.1 49.04 49.04 49.08 49.11 49.13 49.11 49.1 49.02 48.89 48.83 48.8 48.74 48.68 48.67 48.67 48.65 48.52 48.42 48.35 48.33 48.32 48.31 48.33 48.4 48.43 48.42 48.4 48.39 48.43 48.48 48.48 48.46 48.43 48.41 48.42 48.45 48.47 48.48 48.44 48.42 48.5 48.79 49.06 49.06 49.05 49.08 49.13 49.16 49.17 49.19
48.66 48.64 48.68 48.7 48.72 48.74 48.75 48.78 48.8 48.8 48.78 48.74 48.7 48.69 48.7 48.68 48.66 48.68 48.7 48.71 48.74 48.74 48.76 48.82 48.9 48.95 49.02 49.04 49.04 49.09 49.09 49.1 49.1 49.08 49.04 48.94 48.88 48.82 48.75 48.68 48.66 48.66 48.66 48.53 48.42 48.36 48.33 48.3 48.29 48.32 48.38 48.41 48.4 48.38 48.39 48.44 48.48 48.49 48.48 48.46 48.44 48.43 48.47 48.5 48.5 48.46 48.44 48.5 48.83 49.08 49.07 49.06 49.08 49.12 49.15 49.15 49.18
48.64 48.63 48.66 48.7 48.72 48.73 48.75 48.78 48.79 48.8 48.78 48.75 48.71 48.71 48.71 48.69 48.67 48.68 48.69 48.7 48.73 48.74 48.76 48.81 48.85 48.87 48.96 49.09 49.12 49.12 49.07 49.07 49.09 49.12 49.07 48.97 48.9 48.82 48.78 48.71 48.66 48.66 48.65 48.53 48.45 48.36 48.31 48.3 48.3 48.3 48.35 48.39 48.4 48.38 48.38 48.41 48.45 48.48 48.49 48.48 48.44 48.43 48.47 48.5 48.5 48.46 48.44 48.5 48.84 49.06 49.08 49.08 49.08 49.11 49.14 49.15 49.16
48.66 48.63 48.63 48.68 48.71 48.73 48.74 48.77 48.79 48.79 48.79 48.77 48.73 48.72 48.72 48.7 48.67 48.66 48.65 48.68 48.72 48.73 48.74 48.78 48.81 48.81 48.9 49.08 49.16 49.15 49.08 49.07 49.09 49.14 49.08 48.98 48.91 48.81 48.77 48.72 48.67 48.67 48.63 48.53 48.47 48.38 48.33 48.34 48.34 48.3 48.33 48.38 48.41 48.38 48.37 48.38 48.41 48.47 48.51 48.49 48.44 48.42 48.45 48.48 48.48 48.46 48.43 48.49 48.81 49.02 49.07 49.07 49.06 49.11 49.13 49.14 49.16
