slabs/2.grd
DSAA
631 301
642000 642630
4946300 4946600
36.17 50.52
[rows 170 to 203 of 301, columns 308 to 384 of 631]
49.2 49.22 49.22 49.21 49.22 49.22 49.22 49.21 49.24 49.25 49.25 49.28 49.28 49.28 49.3 49.3 49.3 49.3 49.29 49.26 49.24 49.21 49.19 49.19 49.19 49.15 49.14 49.13 49.12 49.1 49.1 49.1 49.09 49.09 49.06 49.05 49.13 49.06 48.89 48.81 48.73 48.65 48.59 48.54 48.54 48.63 48.71 48.71 48.71 48.64 48.54 48.49 48.49 48.55 48.61 48.64 48.56 48.69 48.96 49.17 49.27 49.29 49.29 49.29 49.33 49.37 49.38 49.42 49.43 49.39 49.36 49.22 48.9 48.68 48.64 48.67 48.67
49.22 49.23 49.24 49.22 49.23 49.22 49.22 49.23 49.26 49.25 49.24 49.25 49.28 49.29 49.3 49.3 49.3 49.3 49.3 49.29 49.28 49.26 49.22 49.2 49.19 49.15 49.14 49.13 49.11 49.12 49.12 49.11 49.1 49.07 49.04 49.02 49.08 49.06 48.92 48.82 48.72 48.65 48.61 48.57 48.55 48.6 48.66 48.69 48.68 48.64 48.57 48.53 48.51 48.56 48.61 48.65 48.58 48.64 48.84 49.1 49.25 49.27 49.28 49.3 49.33 49.38 49.39 49.41 49.42 49.38 49.37 49.33 49.02 48.71 48.63 48.67 48.62
49.23 49.24 49.24 49.23 49.24 49.24 49.24 49.27 49.28 49.26 49.24 49.24 49.25 49.27 49.29 49.3 49.31 49.31 49.31 49.31 49.3 49.29 49.23 49.2 49.19 49.16 49.15 49.13 49.13 49.14 49.12 49.09 49.09 49.07 49.05 49.03 49.03 49.01 48.92 48.85 48.74 48.68 48.66 48.64 48.61 48.61 48.63 48.66 48.66 48.64 48.59 48.57 48.55 48.58 48.62 48.65 48.6 48.6 48.75 49.06 49.23 49.25 49.27 49.3 49.34 49.37 49.38 49.39 49.4 49.4 49.42 49.43 49.13 48.77 48.66 48.67 48.63
49.25 49.23 49.24 49.25 49.27 49.28 49.3 49.31 49.3 49.28 49.27 49.26 49.25 49.26 49.26 49.27 49.29 49.31 49.33 49.32 49.32 49.29 49.22 49.2 49.2 49.18 49.17 49.15 49.16 49.15 49.13 49.1 49.09 49.08 49.06 49.05 49.02 48.98 48.91 48.85 48.77 48.71 48.69 48.69 48.66 48.64 48.63 48.64 48.65 48.64 48.61 48.6 48.58 48.59 48.61 48.63 48.63 48.61 48.7 49 49.2 49.25 49.28 49.31 49.33 49.35 49.36 49.38 49.37 49.4 49.44 49.5 49.21 48.87 48.67 48.65 48.63
49.26 49.24 49.26 49.29 49.3 49.32 49.34 49.35 49.34 49.33 49.33 49.31 49.3 49.28 49.26 49.24 49.25 49.26 49.31 49.33 49.33 49.29 49.23 49.22 49.21 49.19 49.18 49.17 49.17 49.14 49.12 49.12 49.11 49.1 49.07 49.06 49.04 49.01 48.93 48.87 48.81 48.73 48.7 48.69 48.68 48.65 48.63 48.65 48.64 48.63 48.63 48.63 48.6 48.58 48.58 48.62 48.64 48.6 48.63 48.87 49.16 49.26 49.27 49.29 49.32 49.36 49.37 49.38 49.36 49.37 49.4 49.47 49.24 48.93 48.64 48.6 48.62
49.27 49.28 49.31 49.33 49.33 49.34 49.35 49.36 49.36 49.36 49.36 49.34 49.34 49.33 49.3 49.27 49.25 49.24 49.27 49.3 49.32 49.29 49.26 49.23 49.21 49.19 49.18 49.18 49.16 49.14 49.13 49.13 49.12 49.1 49.06 49.04 49.04 49.05 48.99 48.93 48.86 48.77 48.71 48.68 48.68 48.65 48.66 48.66 48.64 48.63 48.64 48.66 48.61 48.57 48.56 48.62 48.66 48.59 48.56 48.78 49.12 49.27 49.26 49.28 49.33 49.35 49.38 49.4 49.37 49.35 49.38 49.41 49.24 48.99 48.67 48.59 48.62
49.3 49.31 49.33 49.34 49.34 49.34 49.34 49.35 49.35 49.35 49.35 49.35 49.35 49.35 49.33 49.31 49.3 49.28 49.26 49.26 49.28 49.26 49.25 49.24 49.22 49.19 49.19 49.19 49.17 49.15 49.15 49.14 49.12 49.1 49.06 49.02 49.04 49.08 49.04 48.98 48.89 48.8 48.73 48.69 48.69 48.67 48.69 48.68 48.67 48.67 48.67 48.66 48.62 48.57 48.55 48.61 48.67 48.63 48.57 48.77 49.09 49.24 49.24 49.28 49.31 49.31 49.35 49.39 49.37 49.37 49.39 49.46 49.34 49.13 48.74 48.61 48.64
49.31 49.31 49.32 49.33 49.33 49.33 49.33 49.34 49.34 49.34 49.35 49.35 49.35 49.35 49.35 49.35 49.33 49.32 49.3 49.28 49.27 49.26 49.25 49.25 49.23 49.21 49.21 49.21 49.18 49.16 49.15 49.15 49.12 49.1 49.06 49.03 49.05 49.08 49.06 49 48.91 48.83 48.77 48.73 48.72 48.7 48.7 48.69 48.69 48.7 48.7 48.67 48.64 48.59 48.57 48.61 48.68 48.65 48.59 48.81 49.08 49.2 49.21 49.25 49.29 49.31 49.33 49.37 49.38 49.38 49.4 49.49 49.4 49.22 48.81 48.64 48.66
49.31 49.31 49.31 49.32 49.32 49.32 49.32 49.32 49.33 49.33 49.33 49.34 49.34 49.35 49.35 49.36 49.35 49.35 49.34 49.33 49.31 49.29 49.26 49.25 49.23 49.23 49.22 49.2 49.2 49.17 49.15 49.13 49.13 49.1 49.08 49.07 49.07 49.05 49.03 48.99 48.92 48.85 48.79 48.76 48.75 48.72 48.71 48.7 48.7 48.71 48.71 48.7 48.67 48.62 48.6 48.63 48.68 48.68 48.62 48.79 49.04 49.18 49.23 49.25 49.3 49.31 49.31 49.36 49.38 49.38 49.38 49.45 49.39 49.26 48.91 48.67 48.67
49.31 49.31 49.31 49.31 49.31 49.31 49.31 49.31 49.32 49.32 49.32 49.32 49.33 49.33 49.34 49.35 49.35 49.36 49.36 49.36 49.35 49.33 49.29 49.26 49.23 49.23 49.22 49.21 49.21 49.18 49.14 49.13 49.14 49.12 49.1 49.1 49.08 49.04 49.02 48.98 48.91 48.86 48.83 48.77 48.75 48.74 48.73 48.72 48.72 48.7 48.69 48.73 48.73 48.65 48.6 48.62 48.68 48.72 48.63 48.71 48.97 49.17 49.24 49.27 49.3 49.3 49.31 49.36 49.37 49.35 49.34 49.4 49.39 49.3 48.99 48.69 48.65
49.3 49.3 49.3 49.31 49.31 49.31 49.31 49.31 49.31 49.31 49.31 49.31 49.31 49.32 49.32 49.33 49.33 49.34 49.35 49.36 49.36 49.35 49.31 49.27 49.25 49.24 49.23 49.23 49.22 49.19 49.17 49.15 49.13 49.12 49.11 49.1 49.07 49.06 49.07 49.05 48.98 48.91 48.88 48.8 48.76 48.74 48.73 48.72 48.7 48.67 48.66 48.75 48.78 48.7 48.63 48.62 48.68 48.72 48.67 48.69 48.95 49.16 49.26 49.28 49.29 49.3 49.32 49.35 49.36 49.35 49.34 49.4 49.42 49.37 49.05 48.67 48.59
49.3 49.3 49.3 49.3 49.3 49.3 49.3 49.3 49.31 49.31 49.31 49.31 49.31 49.31 49.31 49.31 49.31 49.32 49.33 49.34 49.33 49.33 49.32 49.3 49.26 49.25 49.23 49.23 49.22 49.19 49.19 49.16 49.13 49.11 49.1 49.1 49.08 49.06 49.07 49.12 49.08 48.95 48.87 48.82 48.78 48.74 48.71 48.7 48.69 48.67 48.66 48.74 48.78 48.74 48.68 48.66 48.7 48.74 48.73 48.71 48.94 49.14 49.26 49.27 49.28 49.3 49.32 49.34 49.37 49.38 49.38 49.42 49.45 49.46 49.13 48.71 48.56
49.29 49.29 49.29 49.29 49.3 49.3 49.3 49.3 49.3 49.3 49.3 49.3 49.3 49.3 49.31 49.3 49.3 49.3 49.31 49.31 49.31 49.31 49.32 49.32 49.29 49.25 49.24 49.24 49.22 49.18 49.17 49.17 49.14 49.1 49.08 49.1 49.09 49.07 49.06 49.13 49.11 49 48.91 48.87 48.81 48.74 48.69 48.7 48.7 48.69 48.7 48.73 48.78 48.78 48.73 48.71 48.73 48.76 48.75 48.69 48.91 49.11 49.25 49.26 49.27 49.3 49.32 49.34 49.37 49.38 49.39 49.42 49.47 49.5 49.23 48.79 48.57
49.28 49.28 49.28 49.29 49.29 49.29 49.29 49.29 49.29 49.29 49.29 49.29 49.29 49.29 49.3 49.3 49.3 49.3 49.3 49.3 49.3 49.3 49.3 49.31 49.3 49.25 49.24 49.25 49.22 49.19 49.17 49.17 49.14 49.1 49.09 49.1 49.08 49.07 49.07 49.11 49.1 49.04 48.98 48.94 48.85 48.75 48.71 48.72 48.73 48.74 48.75 48.75 48.8 48.81 48.77 48.74 48.76 48.79 48.76 48.7 48.9 49.08 49.26 49.27 49.28 49.3 49.31 49.33 49.34 49.35 49.37 49.41 49.44 49.44 49.28 48.85 48.59
49.28 49.28 49.28 49.28 49.28 49.28 49.28 49.28 49.28 49.28 49.28 49.28 49.28 49.28 49.29 49.29 49.29 49.29 49.3 49.3 49.3 49.3 49.3 49.3 49.3 49.26 49.25 49.25 49.23 49.21 49.17 49.16 49.15 49.11 49.1 49.1 49.08 49.06 49.05 49.07 49.09 49.08 49.06 48.99 48.87 48.78 48.75 48.76 48.77 48.78 48.79 48.78 48.8 48.81 48.79 48.76 48.78 48.81 48.83 48.75 48.89 49.05 49.27 49.29 49.27 49.29 49.31 49.33 49.34 49.37 49.38 49.4 49.41 49.41 49.31 48.92 48.64
49.27 49.27 49.27 49.27 49.27 49.27 49.27 49.27 49.27 49.27 49.28 49.28 49.28 49.28 49.28 49.28 49.28 49.28 49.29 49.29 49.29 49.3 49.3 49.3 49.3 49.29 49.26 49.25 49.23 49.21 49.17 49.17 49.17 49.13 49.11 49.1 49.09 49.07 49.07 49.07 49.1 49.14 49.12 49 48.88 48.8 48.76 48.77 48.79 48.8 48.8 48.79 48.79 48.8 48.79 48.79 48.8 48.83 48.9 48.82 48.87 49 49.24 49.3 49.26 49.27 49.3 49.32 49.35 49.38 49.39 49.39 49.4 49.44 49.33 48.95 48.67
49.27 49.27 49.27 49.27 49.27 49.27 49.27 49.27 49.27 49.27 49.27 49.27 49.27 49.28 49.28 49.28 49.28 49.28 49.28 49.28 49.28 49.29 49.3 49.3 49.3 49.3 49.28 49.27 49.24 49.22 49.19 49.19 49.18 49.14 49.14 49.12 49.1 49.08 49.08 49.07 49.13 49.18 49.17 49.03 48.89 48.82 48.78 48.78 48.8 48.8 48.77 48.78 48.81 48.82 48.82 48.83 48.82 48.81 48.88 48.85 48.81 48.93 49.22 49.31 49.25 49.24 49.29 49.33 49.35 49.36 49.38 49.39 49.4 49.45 49.37 48.98 48.64
49.26 49.26 49.26 49.27 49.27 49.27 49.27 49.27 49.27 49.27 49.27 49.27 49.27 49.27 49.27 49.28 49.28 49.28 49.28 49.28 49.28 49.29 49.3 49.3 49.3 49.3 49.3 49.29 49.25 49.22 49.2 49.21 49.18 49.16 49.16 49.13 49.11 49.1 49.09 49.07 49.14 49.18 49.18 49.06 48.91 48.85 48.82 48.8 48.8 48.82 48.79 48.8 48.81 48.82 48.85 48.84 48.8 48.78 48.82 48.8 48.7 48.88 49.22 49.32 49.25 49.22 49.27 49.32 49.36 49.35 49.37 49.4 49.4 49.44 49.41 49.02 48.66
49.26 49.26 49.26 49.26 49.26 49.26 49.27 49.27 49.27 49.27 49.27 49.27 49.27 49.27 49.27 49.27 49.27 49.27 49.28 49.28 49.28 49.29 49.29 49.3 49.3 49.3 49.31 49.29 49.25 49.23 49.22 49.24 49.21 49.18 49.16 49.14 49.12 49.11 49.1 49.06 49.1 49.12 49.13 49.06 48.93 48.87 48.83 48.8 48.81 48.82 48.82 48.79 48.79 48.79 48.83 48.82 48.78 48.76 48.79 48.76 48.68 48.86 49.19 49.32 49.28 49.24 49.26 49.32 49.35 49.36 49.38 49.4 49.39 49.42 49.42 49.05 48.72
49.25 49.25 49.26 49.26 49.26 49.26 49.26 49.26 49.26 49.26 49.26 49.26 49.26 49.27 49.27 49.27 49.27 49.27 49.27 49.28 49.28 49.28 49.29 49.3 49.3 49.29 49.29 49.29 49.25 49.24 49.23 49.25 49.23 49.19 49.15 49.15 49.13 49.11 49.09 49.06 49.05 49.07 49.08 49.04 48.95 48.89 48.82 48.81 48.81 48.8 48.8 48.78 48.79 48.79 48.83 48.82 48.8 48.78 48.79 48.78 48.73 48.83 49.13 49.31 49.3 49.27 49.29 49.32 49.34 49.37 49.4 49.4 49.38 49.42 49.42 49.11 48.8
49.24 49.24 49.25 49.25 49.25 49.25 49.25 49.26 49.26 49.26 49.26 49.26 49.26 49.26 49.27 49.27 49.27 49.27 49.27 49.27 49.28 49.28 49.28 49.29 49.28 49.26 49.25 49.24 49.26 49.27 49.24 49.24 49.22 49.2 49.17 49.15 49.13 49.12 49.1 49.07 49.05 49.07 49.07 49.06 48.97 48.9 48.85 48.82 48.8 48.79 48.8 48.79 48.8 48.81 48.84 48.84 48.83 48.79 48.8 48.79 48.73 48.76 49.07 49.28 49.29 49.27 49.31 49.33 49.34 49.37 49.4 49.4 49.39 49.42 49.41 49.25 48.95
49.24 49.24 49.24 49.24 49.24 49.24 49.25 49.25 49.25 49.25 49.25 49.26 49.26 49.26 49.27 49.27 49.27 49.27 49.27 49.27 49.27 49.27 49.27 49.26 49.24 49.21 49.2 49.19 49.22 49.26 49.25 49.24 49.22 49.22 49.2 49.15 49.14 49.14 49.11 49.09 49.07 49.08 49.08 49.07 49 48.94 48.87 48.8 48.77 48.78 48.79 48.8 48.81 48.84 48.86 48.85 48.82 48.8 48.79 48.76 48.7 48.71 49.01 49.23 49.25 49.25 49.3 49.33 49.34 49.36 49.39 49.4 49.41 49.41 49.41 49.37 49.06
49.23 49.23 49.24 49.24 49.24 49.24 49.24 49.24 49.24 49.24 49.24 49.25 49.26 49.26 49.27 49.27 49.27 49.28 49.28 49.27 49.26 49.25 49.24 49.22 49.19 49.18 49.17 49.17 49.21 49.26 49.26 49.25 49.24 49.27 49.21 49.15 49.15 49.16 49.13 49.1 49.07 49.07 49.1 49.08 49.03 48.98 48.88 48.8 48.76 48.78 48.78 48.8 48.82 48.86 48.87 48.85 48.82 48.8 48.8 48.75 48.69 48.68 48.95 49.18 49.22 49.23 49.29 49.33 49.36 49.36 49.36 49.38 49.42 49.41 49.43 49.39 49.11
49.23 49.23 49.23 49.23 49.23 49.23 49.23 49.23 49.24 49.24 49.24 49.25 49.26 49.26 49.27 49.27 49.28 49.27 49.26 49.25 49.23 49.21 49.2 49.18 49.17 49.16 49.17 49.2 49.25 49.3 49.3 49.29 49.27 49.29 49.24 49.17 49.15 49.15 49.14 49.11 49.07 49.05 49.13 49.12 49.07 49.02 48.9 48.8 48.77 48.78 48.76 48.78 48.81 48.86 48.86 48.86 48.84 48.82 48.82 48.79 48.76 48.67 48.91 49.16 49.22 49.25 49.3 49.33 49.35 49.36 49.37 49.37 49.4 49.4 49.44 49.45 49.22
49.23 49.23 49.23 49.23 49.23 49.23 49.23 49.23 49.24 49.25 49.25 49.25 49.26 49.27 49.27 49.27 49.26 49.25 49.23 49.21 49.19 49.18 49.17 49.17 49.18 49.19 49.22 49.26 49.3 49.33 49.35 49.34 49.29 49.26 49.25 49.19 49.14 49.13 49.14 49.11 49.07 49.06 49.15 49.16 49.12 49.05 48.92 48.8 48.76 48.75 48.73 48.76 48.79 48.84 48.85 48.86 48.85 48.82 48.81 48.81 48.82 48.68 48.86 49.12 49.21 49.26 49.3 49.32 49.34 49.35 49.37 49.38 49.39 49.41 49.47 49.53 49.27
49.22 49.22 49.22 49.23 49.23 49.23 49.23 49.24 49.24 49.25 49.26 49.26 49.27 49.27 49.26 49.25 49.23 49.21 49.2 49.18 49.17 49.16 49.17 49.19 49.23 49.25 49.28 49.32 49.35 49.37 49.38 49.36 49.29 49.24 49.22 49.17 49.13 49.12 49.13 49.1 49.07 49.06 49.14 49.18 49.15 49.06 48.93 48.8 48.76 48.73 48.74 48.77 48.8 48.83 48.84 48.85 48.86 48.8 48.79 48.79 48.79 48.66 48.77 49.03 49.19 49.25 49.29 49.31 49.33 49.34 49.36 49.38 49.37 49.41 49.49 49.54 49.29
49.21 49.22 49.22 49.23 49.23 49.23 49.24 49.25 49.25 49.26 49.27 49.27 49.26 49.24 49.23 49.21 49.19 49.18 49.17 49.16 49.17 49.19 49.21 49.25 49.29 49.31 49.33 49.36 49.38 49.4 49.37 49.34 49.29 49.25 49.2 49.18 49.15 49.13 49.12 49.09 49.07 49.03 49.11 49.15 49.12 49.02 48.91 48.82 48.77 48.75 48.79 48.82 48.83 48.83 48.84 48.85 48.87 48.8 48.78 48.8 48.78 48.66 48.74 48.97 49.17 49.26 49.27 49.28 49.3 49.33 49.35 49.36 49.37 49.4 49.45 49.47 49.26
49.21 49.22 49.22 49.23 49.23 49.24 49.24 49.26 49.26 49.26 49.26 49.25 49.22 49.21 49.2 49.18 49.17 49.16 49.17 49.19 49.22 49.24 49.27 49.31 49.34 49.35 49.36 49.38 49.4 49.41 49.36 49.34 49.3 49.24 49.21 49.19 49.16 49.14 49.12 49.1 49.08 49.04 49.09 49.07 49.02 48.96 48.89 48.85 48.81 48.78 48.83 48.86 48.85 48.83 48.83 48.85 48.86 48.81 48.78 48.8 48.79 48.69 48.75 48.92 49.13 49.24 49.25 49.27 49.28 49.33 49.36 49.36 49.39 49.42 49.41 49.4 49.27
49.22 49.22 49.22 49.23 49.25 49.25 49.25 49.26 49.25 49.24 49.23 49.21 49.19 49.18 49.17 49.16 49.17 49.18 49.21 49.24 49.27 49.29 49.32 49.34 49.36 49.37 49.38 49.4 49.41 49.41 49.36 49.34 49.33 49.27 49.23 49.21 49.18 49.16 49.13 49.12 49.1 49.09 49.07 49.02 48.97 48.94 48.89 48.87 48.84 48.8 48.84 48.86 48.86 48.83 48.82 48.83 48.85 48.83 48.79 48.79 48.8 48.71 48.69 48.84 49.07 49.22 49.25 49.27 49.3 49.33 49.37 49.39 49.4 49.43 49.41 49.43 49.31
49.23 49.24 49.24 49.24 49.25 49.25 49.25 49.24 49.22 49.21 49.2 49.19 49.17 49.16 49.17 49.18 49.21 49.23 49.26 49.29 49.32 49.33 49.35 49.36 49.37 49.38 49.4 49.41 49.41 49.4 49.36 49.34 49.34 49.3 49.25 49.22 49.18 49.17 49.15 49.13 49.11 49.09 49.07 49.03 49 48.95 48.88 48.83 48.81 48.8 48.84 48.87 48.86 48.84 48.83 48.84 48.86 48.84 48.78 48.78 48.8 48.71 48.68 48.81 49.04 49.2 49.24 49.26 49.3 49.32 49.36 49.38 49.4 49.42 49.42 49.46 49.34
49.24 49.25 49.25 49.25 49.24 49.23 49.22 49.21 49.19 49.18 49.17 49.17 49.17 49.17 49.19 49.23 49.26 49.28 49.31 49.32 49.34 49.35 49.36 49.37 49.38 49.4 49.41 49.42 49.42 49.39 49.36 49.35 49.34 49.31 49.26 49.21 49.18 49.18 49.17 49.14 49.12 49.09 49.07 49.06 49.04 48.93 48.85 48.82 48.79 48.79 48.84 48.86 48.85 48.85 48.84 48.85 48.89 48.86 48.79 48.77 48.79 48.71 48.7 48.79 49.01 49.19 49.23 49.24 49.28 49.31 49.35 49.36 49.38 49.4 49.41 49.43 49.37
49.24 49.24 49.25 49.24 49.22 49.21 49.2 49.18 49.17 49.17 49.17 49.18 49.2 49.22 49.24 49.28 49.31 49.32 49.33 49.34 49.36 49.37 49.38 49.39 49.4 49.41 49.43 49.43 49.42 49.38 49.37 49.36 49.34 49.31 49.28 49.23 49.2 49.19 49.18 49.15 49.14 49.1 49.09 49.08 49.05 48.9 48.83 48.8 48.78 48.79 48.83 48.84 48.83 48.86 48.85 48.85 48.9 48.88 48.8 48.77 48.79 48.71 48.67 48.73 48.96 49.18 49.22 49.22 49.26 49.31 49.35 49.36 49.36 49.36 49.37 49.41 49.42
49.24 49.23 49.22 49.21 49.2 49.19 49.18 49.17 49.17 49.17 49.19 49.22 49.25 49.27 49.29 49.31 49.33 49.34 49.35 49.36 49.37 49.38 49.39 49.41 49.42 49.42 49.44 49.44 49.42 49.38 49.39 49.37 49.35 49.32 49.3 49.26 49.23 49.2 49.17 49.15 49.14 49.1 49.09 49.08 49.04 48.9 48.81 48.78 48.77 48.78 48.82 48.85 48.84 48.85 48.86 48.87 48.88 48.85 48.8 48.79 48.8 48.72 48.63 48.68 48.91 49.17 49.22 49.23 49.28 49.32 49.36 49.36 49.34 49.32 49.32 49.4 49.44
49.22 49.21 49.2 49.19 49.18 49.17 49.18 49.18 49.19 49.21 49.24 49.26 49.28 49.3 49.32 49.33 49.34 49.35 49.36 49.37 49.38 49.38 49.4 49.42 49.42 49.43 49.45 49.44 49.42 49.39 49.4 49.38 49.35 49.33 49.31 49.28 49.25 49.21 49.16 49.17 49.15 49.1 49.08 49.08 49.02 48.89 48.8 48.78 48.78 48.79 48.81 48.83 48.85 48.87 48.88 48.89 48.87 48.82 48.78 48.79 48.81 48.72 48.64 48.67 48.9 49.15 49.21 49.24 49.28 49.31 49.34 49.35 49.35 49.33 49.32 49.37 49.42
