slabs/2.grd
DSAA
631 301
642000 642630
4946300 4946600
36.17 50.52
[rows 68 to 101 of 301, columns 0 to 76 of 631]
1.70141e38 1.70141e38 1.70141e38 1.70141e38 1.70141e38 1.70141e38 1.70141e38 1.70141e38 1.70141e38 1.70141e38 49.78 49.77 49.77 49.75 49.73 49.75 49.79 49.81 49.84 49.84 49.84 49.87 49.94 49.98 49.99 50.04 50.05 50.04 50.02 50.02 50.01 49.93 49.86 49.86 49.84 49.84 49.85 49.85 49.9 49.98 50.02 50.02 49.99 49.95 49.92 49.92 49.93 49.94 49.95 49.97 49.99 49.99 50 50 50 50 49.96 49.94 49.97 49.97 49.95 49.94 49.95 49.95 49.97 49.97 49.97 49.97 49.97 49.97 49.97 49.97 49.97 49.97 49.96 49.96 49.96
1.70141e38 1.70141e38 1.70141e38 1.70141e38 1.70141e38 1.70141e38 1.70141e38 1.70141e38 1.70141e38 49.76 49.77 49.76 49.74 49.71 49.73 49.78 49.83 49.86 49.89 49.91 49.91 49.93 49.98 50.02 50.01 50.05 50.05 50.01 49.97 49.99 49.98 49.93 49.89 49.88 49.84 49.85 49.86 49.85 49.88 49.96 50.01 50.02 49.99 49.94 49.93 49.94 49.96 49.96 49.97 49.99 50.01 50.01 50.02 50.03 50.03 50.02 49.97 49.96 49.97 49.96 49.94 49.95 49.97 49.97 49.97 49.97 49.97 49.97 49.97 49.97 49.97 49.97 49.97 49.97 49.97 49.97 49.97
1.70141e38 1.70141e38 1.70141e38 1.70141e38 1.70141e38 1.70141e38 1.70141e38 1.70141e38 1.70141e38 49.75 49.74 49.73 49.7 49.69 49.76 49.81 49.83 49.87 49.95 49.99 50.01 50.01 50.02 50.02 50 50.02 50.02 49.98 49.96 49.96 49.95 49.93 49.91 49.89 49.84 49.83 49.83 49.84 49.9 49.95 50.01 50.02 49.98 49.94 49.94 49.96 49.98 49.98 49.99 50.01 50.02 50.02 50.02 50.03 50.02 50.01 49.97 49.96 49.95 49.95 49.95 49.97 49.98 49.98 49.98 49.98 49.98 49.98 49.98 49.98 49.97 49.97 49.97 49.97 49.97 49.97 49.97
1.70141e38 1.70141e38 1.70141e38 1.70141e38 1.70141e38 1.70141e38 1.70141e38 1.70141e38 1.70141e38 49.73 49.7 49.71 49.7 49.73 49.82 49.84 49.83 49.87 49.98 50.06 50.08 50.06 50.01 49.99 49.97 49.99 49.99 49.99 49.99 50 49.98 49.95 49.93 49.91 49.85 49.82 49.81 49.84 49.92 49.95 50 50.03 49.98 49.95 49.96 49.97 49.99 49.99 50 50.01 50.01 50.01 50.01 50 49.98 49.98 49.96 49.96 49.96 49.96 49.97 49.98 49.98 49.98 49.98 49.98 49.98 49.98 49.98 49.98 49.98 49.98 49.98 49.99 49.99 49.99 49.98
1.70141e38 1.70141e38 1.70141e38 1.70141e38 1.70141e38 1.70141e38 1.70141e38 1.70141e38 1.70141e38 49.7 49.69 49.73 49.74 49.81 49.86 49.84 49.83 49.87 49.98 50.06 50.08 50.03 49.94 49.91 49.91 49.94 49.97 50 50.02 50.02 50 49.98 49.97 49.93 49.87 49.85 49.82 49.81 49.86 49.92 49.97 50.01 49.98 49.96 49.97 49.98 50 50 50 50 49.99 49.99 49.98 49.96 49.96 49.96 49.97 49.97 49.97 49.98 49.98 49.98 49.98 49.98 49.98 49.99 49.99 50 50 50 49.99 49.99 50 50.01 50.02 50.01 50.01
1.70141e38 1.70141e38 1.70141e38 1.70141e38 1.70141e38 1.70141e38 1.70141e38 1.70141e38 1.70141e38 49.71 49.73 49.78 49.79 49.83 49.84 49.83 49.83 49.88 49.95 49.99 50 49.96 49.88 49.84 49.85 49.89 49.94 49.99 50.01 49.98 49.99 50.01 50.01 49.96 49.91 49.88 49.84 49.81 49.84 49.9 49.93 49.96 49.97 49.97 49.97 49.98 49.99 49.99 49.98 49.97 49.96 49.95 49.95 49.95 49.95 49.96 49.97 49.98 49.98 49.98 49.98 49.98 49.98 49.98 49.98 49.98 49.99 49.99 50 49.99 49.99 49.99 50 50.01 50.02 50.01 50.01
1.70141e38 1.70141e38 1.70141e38 1.70141e38 1.70141e38 1.70141e38 1.70141e38 1.70141e38 1.70141e38 49.79 49.79 49.8 49.78 49.77 49.79 49.82 49.83 49.87 49.9 49.9 49.9 49.9 49.87 49.85 49.85 49.93 50.01 50.07 50.06 49.99 50.01 50.06 50.08 50.01 49.93 49.9 49.88 49.87 49.87 49.89 49.89 49.92 49.95 49.96 49.97 49.97 49.97 49.97 49.95 49.94 49.93 49.93 49.94 49.95 49.95 49.96 49.98 49.98 49.98 49.98 49.98 49.98 49.98 49.98 49.98 49.98 49.98 49.98 49.98 49.98 49.98 49.98 49.98 49.99 49.99 49.99 49.99
1.70141e38 1.70141e38 1.70141e38 1.70141e38 1.70141e38 1.70141e38 1.70141e38 1.70141e38 1.70141e38 49.85 49.84 49.79 49.75 49.73 49.76 49.79 49.79 49.82 49.85 49.86 49.84 49.86 49.85 49.85 49.88 49.98 50.09 50.15 50.12 50.01 50.02 50.07 50.09 50.02 49.94 49.9 49.9 49.89 49.87 49.88 49.87 49.9 49.93 49.95 49.95 49.94 49.93 49.93 49.92 49.92 49.92 49.93 49.93 49.95 49.95 49.97 49.98 49.98 49.98 49.97 49.97 49.97 49.97 49.97 49.97 49.98 49.98 49.98 49.98 49.98 49.98 49.98 49.98 49.98 49.98 49.99 49.99
1.70141e38 1.70141e38 1.70141e38 1.70141e38 1.70141e38 1.70141e38 1.70141e38 1.70141e38 1.70141e38 49.86 49.84 49.8 49.76 49.74 49.74 49.76 49.77 49.79 49.82 49.83 49.82 49.83 49.82 49.81 49.86 49.95 50.03 50.06 50.05 49.99 50.01 50.05 50.05 50 49.94 49.91 49.91 49.87 49.84 49.86 49.87 49.89 49.9 49.92 49.92 49.91 49.9 49.9 49.9 49.92 49.92 49.92 49.93 49.95 49.96 49.96 49.97 49.98 49.97 49.97 49.97 49.97 49.97 49.97 49.97 49.97 49.97 49.97 49.98 49.98 49.98 49.98 49.98 49.98 49.98 49.98 49.99
1.70141e38 1.70141e38 1.70141e38 1.70141e38 1.70141e38 1.70141e38 1.70141e38 1.70141e38 1.70141e38 49.87 49.84 49.82 49.8 49.74 49.71 49.74 49.78 49.78 49.8 49.81 49.81 49.79 49.8 49.8 49.84 49.9 49.94 49.95 49.94 49.95 49.99 50.03 50.03 49.99 49.94 49.92 49.91 49.86 49.84 49.85 49.88 49.87 49.86 49.88 49.89 49.89 49.89 49.89 49.9 49.91 49.92 49.92 49.93 49.95 49.96 49.96 49.98 49.97 49.97 49.97 49.97 49.97 49.97 49.97 49.97 49.97 49.97 49.97 49.97 49.98 49.98 49.98 49.98 49.98 49.98 49.98 49.98
1.70141e38 1.70141e38 1.70141e38 1.70141e38 1.70141e38 1.70141e38 1.70141e38 1.70141e38 1.70141e38 49.88 49.85 49.81 49.79 49.74 49.71 49.73 49.76 49.77 49.79 49.8 49.81 49.77 49.78 49.8 49.82 49.86 49.89 49.89 49.88 49.93 49.98 50 50 49.98 49.94 49.93 49.91 49.86 49.83 49.83 49.88 49.87 49.84 49.88 49.88 49.88 49.89 49.89 49.9 49.9 49.91 49.91 49.94 49.95 49.96 49.97 49.99 49.97 49.96 49.97 49.97 49.97 49.97 49.97 49.97 49.97 49.97 49.97 49.97 49.97 49.97 49.98 49.98 49.98 49.98 49.98 49.98
1.70141e38 1.70141e38 1.70141e38 1.70141e38 1.70141e38 1.70141e38 1.70141e38 1.70141e38 1.70141e38 49.9 49.86 49.81 49.77 49.72 49.71 49.72 49.74 49.77 49.79 49.77 49.78 49.77 49.77 49.79 49.81 49.85 49.86 49.86 49.89 49.92 49.96 49.98 49.98 49.97 49.95 49.96 49.92 49.88 49.86 49.84 49.88 49.9 49.88 49.92 49.9 49.88 49.88 49.88 49.89 49.9 49.9 49.92 49.95 49.95 49.94 49.98 49.99 49.97 49.96 49.96 49.96 49.96 49.97 49.97 49.97 49.97 49.97 49.97 49.97 49.97 49.97 49.97 49.97 49.98 49.98 49.98 49.98
1.70141e38 1.70141e38 1.70141e38 1.70141e38 1.70141e38 1.70141e38 1.70141e38 1.70141e38 1.70141e38 49.91 49.88 49.82 49.78 49.71 49.71 49.72 49.7 49.76 49.78 49.73 49.74 49.77 49.77 49.78 49.81 49.85 49.85 49.86 49.9 49.93 49.95 49.99 50 49.99 49.98 49.98 49.94 49.93 49.91 49.88 49.88 49.9 49.9 49.93 49.9 49.88 49.87 49.88 49.89 49.9 49.91 49.94 49.96 49.95 49.94 49.98 49.98 49.96 49.96 49.96 49.96 49.96 49.96 49.96 49.96 49.96 49.96 49.97 49.97 49.97 49.97 49.97 49.97 49.97 49.97 49.97 49.98
1.70141e38 1.70141e38 1.70141e38 1.70141e38 1.70141e38 1.70141e38 1.70141e38 1.70141e38 1.70141e38 49.91 49.86 49.82 49.78 49.72 49.7 49.7 49.66 49.72 49.74 49.71 49.72 49.75 49.76 49.77 49.79 49.83 49.85 49.87 49.88 49.95 50 50.04 50.04 50.01 49.98 49.98 49.94 49.94 49.94 49.9 49.89 49.88 49.88 49.91 49.91 49.88 49.87 49.87 49.89 49.91 49.93 49.95 49.95 49.94 49.95 49.98 49.97 49.96 49.96 49.96 49.96 49.96 49.96 49.96 49.96 49.96 49.96 49.96 49.97 49.97 49.97 49.97 49.97 49.97 49.97 49.97 49.97
1.70141e38 1.70141e38 1.70141e38 1.70141e38 1.70141e38 1.70141e38 1.70141e38 1.70141e38 1.70141e38 49.89 49.83 49.8 49.77 49.71 49.68 49.67 49.63 49.67 49.69 49.69 49.71 49.73 49.74 49.75 49.76 49.8 49.84 49.86 49.86 49.95 50.03 50.05 50.05 50.02 49.99 49.98 49.96 49.96 49.95 49.92 49.9 49.89 49.89 49.93 49.92 49.88 49.87 49.87 49.89 49.92 49.94 49.96 49.94 49.92 49.96 49.98 49.96 49.96 49.96 49.96 49.96 49.96 49.96 49.96 49.96 49.96 49.96 49.96 49.96 49.96 49.96 49.96 49.97 49.97 49.97 49.97 49.97
1.70141e38 1.70141e38 1.70141e38 1.70141e38 1.70141e38 1.70141e38 1.70141e38 1.70141e38 1.70141e38 49.87 49.82 49.8 49.77 49.71 49.67 49.65 49.63 49.65 49.68 49.7 49.71 49.72 49.73 49.74 49.76 49.78 49.81 49.83 49.84 49.92 49.97 50 50.02 50.02 50.01 50 49.98 49.97 49.95 49.93 49.9 49.89 49.9 49.93 49.92 49.87 49.86 49.88 49.91 49.94 49.95 49.95 49.93 49.92 49.97 49.98 49.96 49.95 49.95 49.96 49.96 49.96 49.96 49.96 49.96 49.96 49.96 49.96 49.96 49.96 49.96 49.96 49.96 49.96 49.96 49.96 49.97
1.70141e38 1.70141e38 1.70141e38 1.70141e38 1.70141e38 1.70141e38 1.70141e38 1.70141e38 1.70141e38 49.84 49.82 49.81 49.79 49.73 49.68 49.65 49.64 49.65 49.68 49.71 49.73 49.72 49.74 49.75 49.77 49.78 49.8 49.81 49.85 49.91 49.94 49.96 49.99 50.02 50.03 50.03 49.98 49.95 49.94 49.92 49.9 49.9 49.9 49.91 49.9 49.87 49.86 49.89 49.92 49.94 49.95 49.94 49.92 49.94 49.98 49.97 49.95 49.95 49.95 49.95 49.95 49.95 49.95 49.95 49.96 49.96 49.95 49.95 49.95 49.96 49.96 49.96 49.96 49.96 49.96 49.96 49.96
1.70141e38 1.70141e38 1.70141e38 1.70141e38 1.70141e38 1.70141e38 1.70141e38 1.70141e38 1.70141e38 49.83 49.84 49.84 49.82 49.76 49.68 49.64 49.64 49.66 49.68 49.69 49.73 49.73 49.73 49.75 49.77 49.77 49.79 49.8 49.85 49.9 49.93 49.94 49.96 50 50.02 50.03 49.98 49.95 49.94 49.92 49.92 49.91 49.91 49.88 49.88 49.86 49.87 49.9 49.93 49.95 49.95 49.92 49.92 49.96 49.98 49.96 49.95 49.95 49.95 49.95 49.95 49.95 49.95 49.95 49.95 49.95 49.95 49.95 49.95 49.95 49.95 49.95 49.96 49.96 49.96 49.96 49.96
1.70141e38 1.70141e38 1.70141e38 1.70141e38 1.70141e38 1.70141e38 1.70141e38 1.70141e38 1.70141e38 49.84 49.88 49.89 49.88 49.81 49.7 49.64 49.64 49.67 49.68 49.67 49.71 49.72 49.71 49.73 49.77 49.78 49.77 49.79 49.83 49.88 49.9 49.91 49.93 49.97 50 50.02 49.99 49.96 49.94 49.93 49.93 49.92 49.91 49.87 49.86 49.85 49.87 49.91 49.93 49.95 49.94 49.9 49.93 49.98 49.97 49.95 49.95 49.95 49.95 49.95 49.95 49.95 49.95 49.95 49.95 49.95 49.95 49.95 49.95 49.95 49.95 49.95 49.95 49.95 49.96 49.96 49.96
1.70141e38 1.70141e38 1.70141e38 1.70141e38 1.70141e38 1.70141e38 1.70141e38 1.70141e38 1.70141e38 49.84 49.92 49.95 49.96 49.85 49.72 49.66 49.66 49.68 49.7 49.68 49.69 49.7 49.7 49.72 49.76 49.76 49.75 49.78 49.81 49.84 49.85 49.88 49.9 49.95 49.98 50.01 49.98 49.96 49.94 49.94 49.92 49.91 49.91 49.87 49.84 49.84 49.86 49.92 49.94 49.93 49.91 49.89 49.94 49.98 49.96 49.94 49.94 49.94 49.94 49.94 49.95 49.95 49.95 49.95 49.95 49.95 49.95 49.95 49.95 49.95 49.95 49.95 49.95 49.95 49.95 49.96 49.96
1.70141e38 1.70141e38 1.70141e38 1.70141e38 1.70141e38 1.70141e38 1.70141e38 1.70141e38 1.70141e38 49.82 49.92 49.97 50 49.87 49.73 49.65 49.65 49.69 49.71 49.69 49.68 49.68 49.68 49.69 49.71 49.72 49.73 49.76 49.78 49.81 49.83 49.85 49.88 49.93 49.96 49.98 49.95 49.92 49.92 49.95 49.93 49.92 49.91 49.87 49.84 49.85 49.85 49.92 49.93 49.91 49.88 49.89 49.96 49.98 49.95 49.94 49.94 49.94 49.94 49.94 49.94 49.95 49.95 49.95 49.95 49.95 49.95 49.95 49.95 49.95 49.95 49.95 49.95 49.95 49.95 49.95 49.96
1.70141e38 1.70141e38 1.70141e38 1.70141e38 1.70141e38 1.70141e38 1.70141e38 1.70141e38 1.70141e38 49.8 49.88 49.94 50.01 49.93 49.81 49.68 49.63 49.66 49.68 49.67 49.68 49.68 49.67 49.68 49.69 49.7 49.72 49.75 49.76 49.79 49.81 49.83 49.86 49.9 49.93 49.94 49.92 49.91 49.9 49.94 49.95 49.95 49.92 49.89 49.87 49.89 49.87 49.9 49.91 49.89 49.86 49.91 49.96 49.97 49.95 49.94 49.94 49.94 49.94 49.94 49.94 49.94 49.94 49.94 49.94 49.94 49.94 49.94 49.95 49.95 49.95 49.95 49.95 49.95 49.95 49.95 49.95
1.70141e38 1.70141e38 1.70141e38 1.70141e38 1.70141e38 1.70141e38 1.70141e38 1.70141e38 1.70141e38 49.78 49.83 49.9 50.03 50.04 49.95 49.79 49.65 49.63 49.65 49.67 49.68 49.67 49.67 49.68 49.7 49.72 49.74 49.76 49.77 49.79 49.81 49.84 49.86 49.86 49.9 49.93 49.93 49.93 49.92 49.94 49.96 49.95 49.92 49.9 49.88 49.88 49.87 49.87 49.88 49.87 49.86 49.93 49.96 49.95 49.94 49.94 49.94 49.94 49.94 49.94 49.94 49.94 49.94 49.94 49.94 49.94 49.94 49.94 49.94 49.94 49.94 49.94 49.95 49.95 49.95 49.95 49.95
1.70141e38 1.70141e38 1.70141e38 1.70141e38 1.70141e38 1.70141e38 1.70141e38 1.70141e38 1.70141e38 49.76 49.78 49.88 50.05 50.14 50.08 49.93 49.77 49.66 49.64 49.67 49.66 49.65 49.67 49.7 49.73 49.77 49.8 49.8 49.8 49.82 49.84 49.86 49.86 49.84 49.88 49.92 49.93 49.91 49.93 49.95 49.94 49.93 49.93 49.91 49.88 49.87 49.86 49.85 49.86 49.85 49.86 49.94 49.96 49.95 49.94 49.94 49.94 49.94 49.94 49.94 49.94 49.94 49.94 49.94 49.94 49.94 49.94 49.94 49.94 49.94 49.94 49.94 49.94 49.94 49.94 49.95 49.95
1.70141e38 1.70141e38 1.70141e38 1.70141e38 1.70141e38 1.70141e38 1.70141e38 1.70141e38 1.70141e38 49.74 49.74 49.84 50.02 50.13 50.11 50 49.86 49.72 49.64 49.66 49.67 49.67 49.69 49.71 49.73 49.78 49.81 49.79 49.81 49.82 49.85 49.85 49.86 49.84 49.86 49.89 49.9 49.89 49.93 49.92 49.9 49.91 49.95 49.92 49.9 49.9 49.89 49.87 49.87 49.85 49.88 49.96 49.97 49.95 49.93 49.93 49.93 49.93 49.94 49.94 49.94 49.94 49.94 49.94 49.94 49.94 49.94 49.94 49.94 49.94 49.94 49.94 49.94 49.94 49.94 49.94 49.94
1.70141e38 1.70141e38 1.70141e38 1.70141e38 1.70141e38 1.70141e38 1.70141e38 1.70141e38 1.70141e38 49.71 49.7 49.78 49.96 50.06 50.05 49.96 49.86 49.74 49.67 49.67 49.68 49.68 49.69 49.69 49.7 49.73 49.76 49.74 49.75 49.77 49.78 49.83 49.85 49.84 49.86 49.88 49.9 49.92 49.93 49.87 49.87 49.9 49.94 49.93 49.93 49.93 49.93 49.88 49.88 49.84 49.9 49.96 49.96 49.94 49.93 49.93 49.93 49.93 49.93 49.93 49.93 49.93 49.93 49.94 49.94 49.94 49.94 49.94 49.94 49.94 49.94 49.94 49.94 49.94 49.94 49.94 49.94
1.70141e38 1.70141e38 1.70141e38 1.70141e38 1.70141e38 1.70141e38 1.70141e38 1.70141e38 1.70141e38 49.71 49.7 49.73 49.86 49.96 49.96 49.9 49.82 49.75 49.71 49.71 49.72 49.7 49.68 49.68 49.7 49.71 49.73 49.74 49.73 49.74 49.74 49.79 49.83 49.84 49.85 49.86 49.9 49.92 49.92 49.86 49.87 49.9 49.94 49.95 49.94 49.96 49.93 49.88 49.86 49.83 49.92 49.96 49.95 49.94 49.93 49.93 49.93 49.93 49.93 49.93 49.93 49.93 49.93 49.93 49.93 49.93 49.93 49.93 49.93 49.93 49.93 49.93 49.93 49.93 49.93 49.94 49.94
1.70141e38 1.70141e38 1.70141e38 1.70141e38 1.70141e38 1.70141e38 1.70141e38 1.70141e38 1.70141e38 49.71 49.69 49.69 49.79 49.89 49.91 49.88 49.82 49.76 49.73 49.74 49.76 49.74 49.7 49.69 49.69 49.68 49.71 49.75 49.77 49.77 49.77 49.78 49.82 49.83 49.83 49.85 49.89 49.91 49.93 49.9 49.9 49.91 49.94 49.96 49.95 49.97 49.93 49.88 49.85 49.84 49.92 49.95 49.93 49.93 49.93 49.93 49.93 49.93 49.93 49.93 49.93 49.93 49.93 49.93 49.93 49.93 49.93 49.93 49.93 49.93 49.93 49.93 49.93 49.93 49.93 49.93 49.94
1.70141e38 1.70141e38 1.70141e38 1.70141e38 1.70141e38 1.70141e38 1.70141e38 1.70141e38 1.70141e38 49.7 49.68 49.67 49.74 49.84 49.88 49.89 49.87 49.82 49.79 49.77 49.75 49.73 49.71 49.69 49.68 49.69 49.75 49.79 49.8 49.82 49.79 49.76 49.79 49.82 49.82 49.85 49.89 49.91 49.93 49.92 49.93 49.92 49.93 49.95 49.96 49.96 49.92 49.89 49.87 49.84 49.88 49.92 49.92 49.92 49.92 49.93 49.93 49.92 49.92 49.92 49.93 49.93 49.93 49.93 49.93 49.93 49.93 49.93 49.93 49.93 49.93 49.93 49.93 49.93 49.93 49.93 49.93
1.70141e38 1.70141e38 1.70141e38 1.70141e38 1.70141e38 1.70141e38 1.70141e38 1.70141e38 1.70141e38 49.69 49.68 49.68 49.7 49.74 49.79 49.84 49.87 49.86 49.85 49.8 49.75 49.73 49.71 49.71 49.71 49.74 49.82 49.87 49.86 49.84 49.79 49.75 49.77 49.79 49.83 49.86 49.89 49.91 49.93 49.92 49.93 49.92 49.92 49.94 49.95 49.95 49.92 49.91 49.9 49.84 49.85 49.9 49.92 49.92 49.92 49.92 49.92 49.92 49.92 49.92 49.92 49.92 49.92 49.92 49.92 49.92 49.93 49.93 49.93 49.93 49.93 49.93 49.93 49.93 49.93 49.93 49.93
1.70141e38 1.70141e38 1.70141e38 1.70141e38 1.70141e38 1.70141e38 1.70141e38 1.70141e38 1.70141e38 49.71 49.69 49.7 49.69 49.67 49.71 49.79 49.84 49.87 49.87 49.82 49.76 49.75 49.73 49.71 49.73 49.77 49.88 49.95 49.92 49.89 49.8 49.74 49.74 49.76 49.83 49.85 49.87 49.89 49.91 49.92 49.93 49.92 49.91 49.92 49.93 49.93 49.91 49.92 49.94 49.88 49.87 49.91 49.92 49.92 49.92 49.92 49.92 49.92 49.92 49.92 49.92 49.92 49.92 49.92 49.92 49.92 49.92 49.93 49.93 49.93 49.93 49.93 49.93 49.93 49.93 49.93 49.93
1.70141e38 1.70141e38 1.70141e38 1.70141e38 1.70141e38 1.70141e38 1.70141e38 1.70141e38 1.70141e38 49.73 49.74 49.73 49.71 49.69 49.72 49.79 49.82 49.84 49.87 49.82 49.74 49.72 49.71 49.7 49.73 49.75 49.87 49.96 49.94 49.91 49.8 49.75 49.74 49.76 49.82 49.84 49.83 49.83 49.86 49.89 49.91 49.92 49.89 49.9 49.91 49.9 49.91 49.91 49.95 49.91 49.88 49.91 49.91 49.91 49.91 49.92 49.92 49.92 49.92 49.92 49.92 49.92 49.92 49.92 49.92 49.92 49.92 49.92 49.92 49.92 49.92 49.92 49.92 49.93 49.93 49.93 49.93
1.70141e38 1.70141e38 1.70141e38 1.70141e38 1.70141e38 1.70141e38 1.70141e38 1.70141e38 1.70141e38 49.74 49.76 49.76 49.73 49.73 49.75 49.76 49.78 49.8 49.82 49.79 49.72 49.7 49.68 49.67 49.7 49.72 49.81 49.89 49.89 49.86 49.79 49.77 49.75 49.76 49.8 49.8 49.78 49.79 49.81 49.85 49.88 49.9 49.88 49.91 49.94 49.93 49.92 49.9 49.91 49.91 49.89 49.9 49.9 49.91 49.91 49.91 49.92 49.92 49.92 49.92 49.92 49.92 49.92 49.92 49.92 49.92 49.92 49.92 49.92 49.92 49.92 49.92 49.92 49.92 49.92 49.92 49.92
1.70141e38 1.70141e38 1.70141e38 1.70141e38 1.70141e38 1.70141e38 1.70141e38 1.70141e38 1.70141e38 49.74 49.75 49.75 49.73 49.73 49.73 49.73 49.73 49.75 49.76 49.76 49.73 49.71 49.7 49.66 49.67 49.69 49.73 49.79 49.81 49.84 49.82 49.8 49.78 49.75 49.76 49.77 49.77 49.8 49.81 49.84 49.85 49.85 49.86 49.9 49.94 49.95 49.94 49.92 49.92 49.92 49.91 49.92 49.91 49.9 49.9 49.91 49.91 49.91 49.91 49.91 49.91 49.92 49.92 49.92 49.92 49.92 49.92 49.92 49.92 49.92 49.92 49.92 49.92 49.92 49.92 49.92 49.92
