slabs/20.grd
DSAA
631 301
642630 643260
4948700 4949000
44.07 47.05
[rows 75 to 99 of 301, columns 399 to 455 of 631]
44.89 44.9 44.88 44.86 44.88 44.89 44.9 44.89 44.89 44.89 44.89 44.88 44.88 44.88 44.89 44.91 44.92 44.91 44.89 44.88 44.87 44.91 44.96 44.99 44.99 45 45.02 45.04 45.04 45.06 45.07 45.07 45.08 45.1 45.11 45.08 45.05 45.03 45.02 45.03 45.05 45.08 45.1 45.1 45.1 45.09 45.1 45.08 45.07 45.08 45.08 45.08 45.09 45.09 45.08 45.03 44.96
44.89 44.89 44.87 44.86 44.86 44.89 44.9 44.87 44.85 44.86 44.88 44.88 44.89 44.91 44.89 44.88 44.9 44.89 44.88 44.88 44.88 44.92 44.97 44.98 44.98 45 45.02 45.04 45.06 45.08 45.09 45.09 45.1 45.11 45.12 45.08 45.05 45.05 45.04 45.05 45.09 45.16 45.21 45.19 45.12 45.08 45.06 45.06 45.06 45.06 45.06 45.07 45.07 45.07 45.07 45.03 44.97
44.88 44.88 44.87 44.86 44.86 44.87 44.87 44.85 44.84 44.86 44.88 44.88 44.89 44.89 44.89 44.89 44.88 44.87 44.88 44.9 44.9 44.93 44.97 44.98 44.98 44.99 45.01 45.02 45.04 45.07 45.09 45.09 45.1 45.1 45.09 45.07 45.06 45.07 45.07 45.1 45.17 45.24 45.27 45.22 45.13 45.07 45.05 45.05 45.05 45.05 45.05 45.05 45.05 45.05 45.06 45.05 45.01
44.89 44.88 44.87 44.88 44.87 44.86 44.86 44.86 44.86 44.87 44.88 44.88 44.87 44.87 44.89 44.89 44.87 44.86 44.89 44.91 44.91 44.93 44.96 44.97 44.97 44.97 44.98 44.98 44.99 45.03 45.07 45.08 45.09 45.09 45.08 45.06 45.07 45.12 45.16 45.19 45.22 45.24 45.24 45.19 45.11 45.06 45.05 45.05 45.05 45.05 45.05 45.05 45.04 45.04 45.05 45.05 45.04
44.91 44.88 44.87 44.88 44.87 44.85 44.86 44.86 44.86 44.88 44.88 44.87 44.86 44.87 44.88 44.86 44.85 44.85 44.87 44.89 44.9 44.91 44.94 44.96 44.95 44.94 44.94 44.94 44.95 45 45.04 45.05 45.07 45.08 45.08 45.07 45.08 45.13 45.16 45.18 45.21 45.21 45.18 45.13 45.07 45.05 45.05 45.05 45.05 45.05 45.05 45.04 45.04 45.04 45.04 45.04 45.04
1.70141e38 1.70141e38 1.70141e38 44.88 44.87 44.85 44.84 44.84 44.84 44.86 44.86 44.86 44.85 44.87 44.87 44.86 44.84 44.84 44.85 44.87 44.88 44.88 44.89 44.9 44.92 44.92 44.91 44.89 44.9 44.96 45.01 45.02 45.05 45.06 45.06 45.07 45.08 45.1 45.12 45.15 45.19 45.17 45.13 45.09 45.05 45.04 45.04 45.04 45.04 45.04 45.04 45.04 45.04 45.04 45.04 45.04 45.04
1.70141e38 1.70141e38 1.70141e38 44.87 44.86 44.84 44.83 44.83 44.84 44.85 44.84 44.84 44.83 44.85 44.89 44.9 44.87 44.84 44.83 44.85 44.86 44.86 44.86 44.87 44.9 44.91 44.91 44.88 44.88 44.94 44.96 44.98 45 45.04 45.07 45.07 45.05 45.07 45.09 45.13 45.17 45.15 45.1 45.06 45.04 45.04 45.04 45.04 45.04 45.04 45.04 45.04 45.04 45.04 45.04 45.04 45.04
1.70141e38 1.70141e38 1.70141e38 1.70141e38 1.70141e38 1.70141e38 1.70141e38 44.83 44.83 44.84 44.82 44.8 44.81 44.83 44.86 44.88 44.88 44.86 44.85 44.85 44.85 44.85 44.86 44.86 44.87 44.89 44.89 44.88 44.88 44.91 44.96 44.97 44.98 45.02 45.05 45.05 45.03 45.04 45.07 45.12 45.15 45.13 45.08 45.05 45.04 45.04 45.04 45.04 45.04 45.04 45.04 45.04 45.04 45.04 45.04 45.04 45.04
1.70141e38 1.70141e38 1.70141e38 1.70141e38 1.70141e38 1.70141e38 1.70141e38 1.70141e38 1.70141e38 1.70141e38 44.79 44.77 44.79 44.82 44.83 44.84 44.86 44.87 44.86 44.86 44.85 44.83 44.82 44.83 44.85 44.87 44.89 44.88 44.86 44.89 44.92 44.94 44.96 44.99 45.02 45.03 45.02 45.02 45.05 45.11 45.12 45.09 45.06 45.04 45.04 45.04 45.04 45.04 45.04 45.04 45.04 45.04 45.04 45.04 45.04 45.04 45.04
1.70141e38 1.70141e38 1.70141e38 1.70141e38 1.70141e38 1.70141e38 1.70141e38 1.70141e38 1.70141e38 1.70141e38 1.70141e38 1.70141e38 1.70141e38 1.70141e38 44.82 44.82 44.83 44.83 44.82 44.83 44.84 44.83 44.81 44.82 44.83 44.86 44.89 44.88 44.87 44.88 44.91 44.92 44.94 44.97 44.99 45 45 45 45.05 45.11 45.09 45.06 45.04 45.04 45.04 45.04 45.04 45.04 45.04 45.04 45.04 45.04 45.04 45.04 45.04 45.04 45.04
1.70141e38 1.70141e38 1.70141e38 1.70141e38 1.70141e38 1.70141e38 1.70141e38 1.70141e38 1.70141e38 1.70141e38 1.70141e38 1.70141e38 1.70141e38 1.70141e38 1.70141e38 1.70141e38 1.70141e38 1.70141e38 1.70141e38 1.70141e38 1.70141e38 44.82 44.81 44.81 44.83 44.86 44.89 44.89 44.88 44.89 44.89 44.9 44.92 44.94 44.96 44.97 44.99 45 45.06 45.1 45.08 45.04 45.04 45.04 45.04 45.04 45.04 45.04 45.04 45.04 45.04 45.04 45.04 45.04 45.04 45.04 45.04
1.70141e38 1.70141e38 1.70141e38 1.70141e38 1.70141e38 1.70141e38 1.70141e38 1.70141e38 1.70141e38 1.70141e38 1.70141e38 1.70141e38 1.70141e38 1.70141e38 1.70141e38 1.70141e38 1.70141e38 1.70141e38 1.70141e38 1.70141e38 1.70141e38 1.70141e38 1.70141e38 1.70141e38 1.70141e38 44.87 44.89 44.89 44.88 44.88 44.88 44.88 44.89 44.91 44.95 44.98 44.99 45.02 45.06 45.08 45.06 45.04 45.04 45.04 45.04 45.04 45.04 45.04 45.04 45.04 45.04 45.04 45.04 45.04 45.04 45.05 45.04
1.70141e38 1.70141e38 1.70141e38 1.70141e38 1.70141e38 1.70141e38 1.70141e38 1.70141e38 1.70141e38 1.70141e38 1.70141e38 1.70141e38 1.70141e38 1.70141e38 1.70141e38 1.70141e38 1.70141e38 1.70141e38 1.70141e38 1.70141e38 1.70141e38 1.70141e38 1.70141e38 1.70141e38 1.70141e38 44.88 44.89 44.89 44.88 44.87 44.88 44.88 44.87 44.89 44.94 44.98 45.01 45.03 45.06 45.06 45.05 45.04 45.04 45.04 45.04 45.04 45.04 45.04 45.04 45.04 45.04 45.04 45.04 45.03 45.04 45.04 45.04
1.70141e38 1.70141e38 1.70141e38 1.70141e38 1.70141e38 1.70141e38 1.70141e38 1.70141e38 1.70141e38 1.70141e38 1.70141e38 1.70141e38 1.70141e38 1.70141e38 1.70141e38 1.70141e38 1.70141e38 1.70141e38 1.70141e38 1.70141e38 1.70141e38 1.70141e38 1.70141e38 1.70141e38 1.70141e38 1.70141e38 1.70141e38 1.70141e38 44.88 44.87 44.86 44.86 44.87 44.87 44.92 44.99 45.02 45.03 45.04 45.04 45.03 45.03 45.03 45.03 45.03 45.03 45.04 45.04 45.03 45.03 45.03 45.03 45.03 45.03 45.03 45.03 45.04
1.70141e38 1.70141e38 1.70141e38 1.70141e38 1.70141e38 1.70141e38 1.70141e38 1.70141e38 1.70141e38 1.70141e38 1.70141e38 1.70141e38 1.70141e38 1.70141e38 1.70141e38 1.70141e38 1.70141e38 1.70141e38 1.70141e38 1.70141e38 1.70141e38 1.70141e38 1.70141e38 1.70141e38 1.70141e38 1.70141e38 1.70141e38 1.70141e38 1.70141e38 1.70141e38 1.70141e38 1.70141e38 44.88 44.89 44.9 44.96 45.01 45.03 45.04 45.04 45.03 45.03 45.03 45.03 45.03 45.03 45.03 45.03 45.03 45.02 45.02 45.03 45.03 45.03 45.03 45.03 45.03
1.70141e38 1.70141e38 1.70141e38 1.70141e38 1.70141e38 1.70141e38 1.70141e38 1.70141e38 1.70141e38 1.70141e38 1.70141e38 1.70141e38 1.70141e38 1.70141e38 1.70141e38 1.70141e38 1.70141e38 1.70141e38 1.70141e38 1.70141e38 1.70141e38 1.70141e38 1.70141e38 1.70141e38 1.70141e38 1.70141e38 1.70141e38 1.70141e38 1.70141e38 1.70141e38 1.70141e38 1.70141e38 1.70141e38 1.70141e38 1.70141e38 44.94 44.97 45 45.03 45.03 45.03 45.03 45.03 45.03 45.03 45.02 45.03 45.03 45.02 45.02 45.02 45.02 45.03 45.03 45.03 45.03 45.03
1.70141e38 1.70141e38 1.70141e38 1.70141e38 1.70141e38 1.70141e38 1.70141e38 1.70141e38 1.70141e38 1.70141e38 1.70141e38 1.70141e38 1.70141e38 1.70141e38 1.70141e38 1.70141e38 1.70141e38 1.70141e38 1.70141e38 1.70141e38 1.70141e38 1.70141e38 1.70141e38 1.70141e38 1.70141e38 1.70141e38 1.70141e38 1.70141e38 1.70141e38 1.70141e38 1.70141e38 1.70141e38 1.70141e38 1.70141e38 1.70141e38 1.70141e38 1.70141e38 1.70141e38 1.70141e38 1.70141e38 1.70141e38 1.70141e38 1.70141e38 45.03 45.02 45.02 45.02 45.02 45.02 45.02 45.02 45.02 45.02 45.02 45.03 45.03 45.03
1.70141e38 1.70141e38 1.70141e38 1.70141e38 1.70141e38 1.70141e38 1.70141e38 1.70141e38 1.70141e38 1.70141e38 1.70141e38 1.70141e38 1.70141e38 1.70141e38 1.70141e38 1.70141e38 1.70141e38 1.70141e38 1.70141e38 1.70141e38 1.70141e38 1.70141e38 1.70141e38 1.70141e38 1.70141e38 1.70141e38 1.70141e38 1.70141e38 1.70141e38 1.70141e38 1.70141e38 1.70141e38 1.70141e38 1.70141e38 1.70141e38 1.70141e38 1.70141e38 1.70141e38 1.70141e38 1.70141e38 1.70141e38 1.70141e38 1.70141e38 1.70141e38 1.70141e38 45.01 45.01 45.02 45.02 45.02 45.02 45.02 45.02 45.02 45.02 45.03 45.03
1.70141e38 1.70141e38 1.70141e38 1.70141e38 1.70141e38 1.70141e38 1.70141e38 1.70141e38 1.70141e38 1.70141e38 1.70141e38 1.70141e38 1.70141e38 1.70141e38 1.70141e38 1.70141e38 1.70141e38 1.70141e38 1.70141e38 1.70141e38 1.70141e38 1.70141e38 1.70141e38 1.70141e38 1.70141e38 1.70141e38 1.70141e38 1.70141e38 1.70141e38 1.70141e38 1.70141e38 1.70141e38 1.70141e38 1.70141e38 1.70141e38 1.70141e38 1.70141e38 1.70141e38 1.70141e38 1.70141e38 1.70141e38 1.70141e38 1.70141e38 1.70141e38 1.70141e38 1.70141e38 45.01 45.01 45.01 45.01 45.02 45.02 45.02 45.02 45.02 45.02 45.02
1.70141e38 1.70141e38 1.70141e38 1.70141e38 1.70141e38 1.70141e38 1.70141e38 1.70141e38 1.70141e38 1.70141e38 1.70141e38 1.70141e38 1.70141e38 1.70141e38 1.70141e38 1.70141e38 1.70141e38 1.70141e38 1.70141e38 1.70141e38 1.70141e38 1.70141e38 1.70141e38 1.70141e38 1.70141e38 1.70141e38 1.70141e38 1.70141e38 1.70141e38 1.70141e38 1.70141e38 1.70141e38 1.70141e38 1.70141e38 1.70141e38 1.70141e38 1.70141e38 1.70141e38 1.70141e38 1.70141e38 1.70141e38 1.70141e38 1.70141e38 1.70141e38 1.70141e38 1.70141e38 1.70141e38 1.70141e38 1.70141e38 1.70141e38 45.01 45.02 45.02 45.02 45.02 45.02 45.02
1.70141e38 1.70141e38 1.70141e38 1.70141e38 1.70141e38 1.70141e38 1.70141e38 1.70141e38 1.70141e38 1.70141e38 1.70141e38 1.70141e38 1.70141e38 1.70141e38 1.70141e38 1.70141e38 1.70141e38 1.70141e38 1.70141e38 1.70141e38 1.70141e38 1.70141e38 1.70141e38 1.70141e38 1.70141e38 1.70141e38 1.70141e38 1.70141e38 1.70141e38 1.70141e38 1.70141e38 1.70141e38 1.70141e38 1.70141e38 1.70141e38 1.70141e38 1.70141e38 1.70141e38 1.70141e38 1.70141e38 1.70141e38 1.70141e38 1.70141e38 1.70141e38 1.70141e38 1.70141e38 1.70141e38 1.70141e38 1.70141e38 1.70141e38 1.70141e38 1.70141e38 1.70141e38 45.02 45.02 45.02 45.02
1.70141e38 1.70141e38 1.70141e38 1.70141e38 1.70141e38 1.70141e38 1.70141e38 1.70141e38 1.70141e38 1.70141e38 1.70141e38 1.70141e38 1.70141e38 1.70141e38 1.70141e38 1.70141e38 1.70141e38 1.70141e38 1.70141e38 1.70141e38 1.70141e38 1.70141e38 1.70141e38 1.70141e38 1.70141e38 1.70141e38 1.70141e38 1.70141e38 1.70141e38 1.70141e38 1.70141e38 1.70141e38 1.70141e38 1.70141e38 1.70141e38 1.70141e38 1.70141e38 1.70141e38 1.70141e38 1.70141e38 1.70141e38 1.70141e38 1.70141e38 1.70141e38 1.70141e38 1.70141e38 1.70141e38 1.70141e38 1.70141e38 1.70141e38 1.70141e38 1.70141e38 1.70141e38 1.70141e38 1.70141e38 1.70141e38 1.70141e38
1.70141e38 1.70141e38 1.70141e38 1.70141e38 1.70141e38 1.70141e38 1.70141e38 1.70141e38 1.70141e38 1.70141e38 1.70141e38 1.70141e38 1.70141e38 1.70141e38 1.70141e38 1.70141e38 1.70141e38 1.70141e38 1.70141e38 1.70141e38 1.70141e38 1.70141e38 1.70141e38 1.70141e38 1.70141e38 1.70141e38 1.70141e38 1.70141e38 1.70141e38 1.70141e38 1.70141e38 1.70141e38 1.70141e38 1.70141e38 1.70141e38 1.70141e38 1.70141e38 1.70141e38 1.70141e38 1.70141e38 1.70141e38 1.70141e38 1.70141e38 1.70141e38 1.70141e38 1.70141e38 1.70141e38 1.70141e38 1.70141e38 1.70141e38 1.70141e38 1.70141e38 1.70141e38 1.70141e38 1.70141e38 1.70141e38 1.70141e38
1.70141e38 1.70141e38 1.70141e38 1.70141e38 1.70141e38 1.70141e38 1.70141e38 1.70141e38 1.70141e38 1.70141e38 1.70141e38 1.70141e38 1.70141e38 1.70141e38 1.70141e38 1.70141e38 1.70141e38 1.70141e38 1.70141e38 1.70141e38 1.70141e38 1.70141e38 1.70141e38 1.70141e38 1.70141e38 1.70141e38 1.70141e38 1.70141e38 1.70141e38 1.70141e38 1.70141e38 1.70141e38 1.70141e38 1.70141e38 1.70141e38 1.70141e38 1.70141e38 1.70141e38 1.70141e38 1.70141e38 1.70141e38 1.70141e38 1.70141e38 1.70141e38 1.70141e38 1.70141e38 1.70141e38 1.70141e38 1.70141e38 1.70141e38 1.70141e38 1.70141e38 1.70141e38 1.70141e38 1.70141e38 1.70141e38 1.70141e38
1.70141e38 1.70141e38 1.70141e38 1.70141e38 1.70141e38 1.70141e38 1.70141e38 1.70141e38 1.70141e38 1.70141e38 1.70141e38 1.70141e38 1.70141e38 1.70141e38 1.70141e38 1.70141e38 1.70141e38 1.70141e38 1.70141e38 1.70141e38 1.70141e38 1.70141e38 1.70141e38 1.70141e38 1.70141e38 1.70141e38 1.70141e38 1.70141e38 1.70141e38 1.70141e38 1.70141e38 1.70141e38 1.70141e38 1.70141e38 1.70141e38 1.70141e38 1.70141e38 1.70141e38 1.70141e38 1.70141e38 1.70141e38 1.70141e38 1.70141e38 1.70141e38 1.70141e38 1.70141e38 1.70141e38 1.70141e38 1.70141e38 1.70141e38 1.70141e38 1.70141e38 1.70141e38 1.70141e38 1.70141e38 1.70141e38 1.70141e38
