slabs/20.grd
DSAA
631 301
642630 643260
4948700 4949000
44.07 47.05
[rows 0 to 24 of 301, columns 570 to 626 of 631]
45.09 45.1 45.12 45.11 45.08 45.07 45.06 45.04 45.03 45.04 45.06 45.08 45.09 45.1 45.09 45.07 45.06 45.08 45.08 45.08 45.09 45.09 45.07 45.06 45.05 45.04 45.02 45.01 45.01 45.01 45.02 45.02 45.03 45.03 45.01 44.98 44.98 44.97 44.97 44.98 44.97 44.97 44.99 45 45 44.99 44.98 44.99 45.01 45.02 45.03 45.02 45.04 45.04 45.01 45 44.96
45.08 45.1 45.13 45.12 45.1 45.08 45.05 45.03 45.03 45.02 45.04 45.06 45.06 45.06 45.06 45.06 45.05 45.05 45.05 45.06 45.06 45.04 45.06 45.06 45.05 45.04 45.02 45 44.99 44.99 44.99 45 45 45.01 45.01 44.99 44.99 44.98 44.98 44.97 44.96 44.96 44.98 44.99 44.98 44.98 44.97 44.97 44.99 45 45 45 45.02 45.04 45.05 45.03 44.98
45.09 45.09 45.08 45.08 45.08 45.07 45.05 45.03 45 44.98 44.99 45.01 45.03 45.05 45.06 45.06 45.05 45.05 45.04 45.03 45.03 45.03 45.05 45.06 45.04 45.03 45.02 45 44.98 44.96 44.96 44.97 44.98 44.98 44.99 44.98 44.97 44.98 44.98 44.98 44.98 44.97 44.96 44.96 44.98 44.97 44.95 44.95 44.97 44.99 44.97 44.97 45 45.03 45.05 45.06 45.01
45.07 45.06 45.05 45.05 45.06 45.06 45.05 45.03 45 44.96 44.96 44.98 45.02 45.04 45.05 45.05 45.05 45.05 45.03 45.02 45.02 45.03 45.04 45.03 45.02 45.01 45.01 45 45 44.96 44.93 44.93 44.93 44.94 44.96 44.96 44.96 44.97 44.98 44.98 44.98 44.96 44.95 44.97 44.98 44.97 44.95 44.95 44.95 44.96 44.97 44.96 44.97 44.99 45.01 45.04 45.02
45.06 45.04 45.04 45.03 45.02 45.03 45.03 45.03 44.99 44.96 44.96 44.99 45.01 45 45.01 45.02 45.03 45.04 45.03 45.01 45.01 45.01 45.02 45.01 45 44.99 44.99 44.99 45 44.97 44.93 44.92 44.92 44.92 44.92 44.94 44.96 44.96 44.95 44.94 44.94 44.91 44.91 44.94 44.93 44.91 44.92 44.93 44.93 44.93 44.93 44.94 44.95 44.98 44.99 44.99 45
45.03 45.01 45.01 45.01 45.01 45.03 45.03 45.02 45 44.98 44.97 44.97 44.97 44.97 44.98 45 45.01 45.03 45.03 45 44.99 44.99 45 45 44.99 44.99 44.98 44.98 44.98 44.97 44.94 44.94 44.95 44.93 44.92 44.95 44.97 44.96 44.95 44.95 44.93 44.9 44.88 44.88 44.88 44.89 44.91 44.92 44.92 44.9 44.9 44.91 44.92 44.95 44.97 44.96 44.98
45.02 45 45.01 45.01 45.01 45.03 45.03 45.02 45 45 44.97 44.94 44.94 44.95 44.97 45 45.01 45.02 45.01 45 44.99 44.98 44.99 45 45 44.98 44.97 44.96 44.96 44.95 44.94 44.94 44.96 44.93 44.92 44.93 44.93 44.94 44.94 44.92 44.9 44.88 44.87 44.85 44.85 44.87 44.89 44.91 44.92 44.9 44.89 44.89 44.9 44.93 44.96 44.96 44.95
45.03 45.01 45 45 45 45 45.01 45 45 45 44.97 44.94 44.92 44.92 44.94 44.98 45.01 45.02 45.01 44.99 44.98 44.96 44.96 45 45.02 45 44.97 44.97 44.98 44.97 44.96 44.95 44.95 44.92 44.9 44.91 44.93 44.93 44.93 44.92 44.91 44.9 44.88 44.87 44.87 44.86 44.87 44.89 44.91 44.9 44.88 44.87 44.88 44.91 44.93 44.93 44.93
45.04 45.03 45.01 44.99 44.99 45 45 45 45.01 44.99 44.98 44.96 44.95 44.94 44.95 44.98 45.01 44.99 44.98 44.97 44.96 44.94 44.95 44.97 44.98 44.97 44.96 44.95 44.95 44.96 44.97 44.95 44.93 44.9 44.88 44.88 44.9 44.92 44.93 44.94 44.93 44.91 44.9 44.88 44.87 44.86 44.86 44.87 44.88 44.88 44.87 44.87 44.88 44.89 44.9 44.91 44.93
45.04 45.03 45 44.98 44.98 44.98 44.98 44.99 44.99 44.98 44.97 44.95 44.93 44.93 44.95 44.98 45 44.98 44.95 44.94 44.94 44.93 44.94 44.94 44.92 44.92 44.92 44.91 44.92 44.94 44.95 44.93 44.93 44.91 44.89 44.88 44.89 44.91 44.91 44.92 44.91 44.9 44.9 44.89 44.87 44.85 44.85 44.85 44.86 44.87 44.87 44.88 44.88 44.89 44.88 44.9 44.91
45.04 45.03 45 44.97 44.97 44.96 44.96 44.97 44.97 44.97 44.96 44.95 44.95 44.95 44.93 44.93 44.94 44.93 44.92 44.92 44.92 44.93 44.94 44.93 44.91 44.9 44.89 44.88 44.89 44.92 44.93 44.93 44.92 44.91 44.89 44.88 44.89 44.9 44.89 44.89 44.91 44.91 44.89 44.89 44.88 44.85 44.84 44.83 44.84 44.86 44.88 44.89 44.9 44.89 44.87 44.87 44.87
45.05 45.02 45 44.98 44.98 44.96 44.95 44.95 44.95 44.95 44.95 44.95 44.95 44.94 44.92 44.9 44.9 44.91 44.92 44.92 44.92 44.93 44.95 44.93 44.91 44.89 44.88 44.87 44.87 44.9 44.93 44.93 44.92 44.91 44.89 44.87 44.88 44.88 44.87 44.89 44.91 44.92 44.91 44.91 44.9 44.86 44.83 44.82 44.83 44.83 44.82 44.87 44.9 44.88 44.86 44.87 44.86
45.04 45.02 45 44.99 45 44.98 44.94 44.93 44.93 44.93 44.93 44.94 44.94 44.94 44.92 44.89 44.87 44.88 44.9 44.9 44.9 44.91 44.93 44.93 44.91 44.88 44.86 44.85 44.86 44.89 44.91 44.92 44.91 44.92 44.9 44.86 44.86 44.86 44.85 44.85 44.88 44.9 44.92 44.93 44.91 44.86 44.83 44.84 44.85 44.84 44.83 44.86 44.88 44.86 44.84 44.84 44.81
45.02 45 44.99 44.99 44.99 44.98 44.94 44.92 44.91 44.91 44.91 44.93 44.95 44.94 44.92 44.89 44.87 44.87 44.87 44.88 44.88 44.89 44.9 44.91 44.9 44.87 44.84 44.83 44.85 44.87 44.88 44.88 44.89 44.91 44.89 44.86 44.85 44.86 44.85 44.84 44.86 44.89 44.9 44.9 44.88 44.85 44.84 44.84 44.86 44.87 44.86 44.84 44.82 44.81 44.79 44.78 44.75
45.01 44.99 44.99 44.99 44.98 44.96 44.94 44.91 44.89 44.9 44.89 44.91 44.93 44.92 44.91 44.9 44.89 44.87 44.86 44.87 44.87 44.87 44.88 44.9 44.9 44.87 44.84 44.82 44.82 44.84 44.85 44.85 44.86 44.87 44.87 44.87 44.85 44.83 44.83 44.82 44.84 44.86 44.87 44.9 44.91 44.87 44.86 44.88 44.88 44.87 44.86 44.83 44.8 44.78 44.77 44.74 44.71
45 44.98 44.96 44.95 44.95 44.95 44.95 44.91 44.89 44.89 44.89 44.89 44.9 44.91 44.91 44.9 44.89 44.87 44.86 44.88 44.88 44.87 44.88 44.88 44.88 44.85 44.82 44.8 44.8 44.83 44.85 44.87 44.85 44.84 44.85 44.86 44.86 44.84 44.82 44.81 44.83 44.86 44.88 44.9 44.9 44.88 44.89 44.91 44.89 44.86 44.84 44.81 44.78 44.76 44.74 44.73 44.72
44.98 44.97 44.95 44.94 44.94 44.95 44.95 44.92 44.9 44.9 44.89 44.89 44.9 44.91 44.89 44.88 44.87 44.86 44.86 44.88 44.88 44.86 44.85 44.85 44.86 44.84 44.81 44.8 44.79 44.79 44.81 44.82 44.83 44.83 44.83 44.85 44.86 44.85 44.83 44.82 44.84 44.85 44.86 44.88 44.89 44.89 44.9 44.91 44.89 44.85 44.81 44.8 44.77 44.75 44.74 44.74 44.75
44.99 44.97 44.94 44.94 44.95 44.95 44.94 44.93 44.91 44.89 44.87 44.87 44.88 44.88 44.87 44.87 44.88 44.87 44.85 44.86 44.87 44.86 44.84 44.83 44.83 44.81 44.79 44.79 44.79 44.79 44.79 44.79 44.81 44.83 44.84 44.85 44.87 44.88 44.88 44.86 44.84 44.85 44.85 44.85 44.87 44.89 44.9 44.91 44.87 44.82 44.79 44.78 44.77 44.76 44.76 44.77 44.8
44.98 44.96 44.93 44.93 44.93 44.93 44.94 44.94 44.9 44.85 44.84 44.84 44.84 44.85 44.84 44.84 44.86 44.87 44.86 44.85 44.85 44.84 44.82 44.82 44.82 44.81 44.81 44.82 44.82 44.8 44.79 44.79 44.82 44.83 44.85 44.85 44.86 44.89 44.89 44.87 44.85 44.84 44.84 44.82 44.84 44.86 44.87 44.87 44.84 44.79 44.76 44.76 44.77 44.76 44.78 44.81 44.83
44.96 44.94 44.92 44.92 44.91 44.91 44.93 44.94 44.91 44.87 44.85 44.83 44.84 44.83 44.82 44.82 44.84 44.86 44.86 44.86 44.85 44.81 44.79 44.79 44.8 44.79 44.78 44.81 44.83 44.82 44.79 44.8 44.82 44.83 44.85 44.85 44.86 44.88 44.88 44.87 44.85 44.83 44.82 44.8 44.8 44.82 44.82 44.81 44.79 44.76 44.74 44.75 44.77 44.78 44.81 44.83 44.7
44.98 44.95 44.91 44.91 44.9 44.89 44.91 44.93 44.92 44.88 44.85 44.83 44.84 44.83 44.82 44.82 44.82 44.81 44.82 44.84 44.83 44.79 44.76 44.75 44.76 44.77 44.77 44.78 44.82 44.84 44.82 44.82 44.82 44.82 44.84 44.84 44.85 44.85 44.86 44.84 44.82 44.81 44.8 44.77 44.76 44.78 44.78 44.76 44.75 44.75 44.74 44.75 44.8 44.85 44.85 44.69 44.34
44.95 44.93 44.9 44.89 44.88 44.88 44.9 44.91 44.9 44.88 44.86 44.85 44.83 44.81 44.81 44.81 44.81 44.8 44.82 44.84 44.83 44.78 44.75 44.75 44.75 44.76 44.77 44.78 44.82 44.85 44.86 44.83 44.81 44.81 44.81 44.82 44.83 44.83 44.82 44.81 44.8 44.79 44.78 44.76 44.76 44.76 44.75 44.73 44.73 44.75 44.77 44.82 44.88 44.93 44.78 44.4 44.21
44.94 44.91 44.9 44.89 44.88 44.87 44.87 44.88 44.87 44.87 44.87 44.87 44.83 44.8 44.8 44.81 44.8 44.79 44.79 44.81 44.82 44.8 44.78 44.77 44.75 44.74 44.75 44.76 44.8 44.85 44.86 44.83 44.81 44.8 44.78 44.8 44.83 44.82 44.81 44.78 44.77 44.78 44.77 44.76 44.76 44.76 44.75 44.74 44.75 44.77 44.82 44.88 44.81 44.71 44.42 44.24 44.57
44.95 44.91 44.88 44.85 44.85 44.85 44.85 44.85 44.85 44.84 44.85 44.86 44.84 44.81 44.8 44.8 44.78 44.75 44.75 44.76 44.8 44.82 44.81 44.78 44.75 44.74 44.74 44.74 44.78 44.81 44.82 44.83 44.83 44.81 44.8 44.81 44.83 44.83 44.82 44.78 44.75 44.76 44.75 44.73 44.73 44.74 44.75 44.76 44.8 44.84 44.81 44.55 44.49 44.67 44.75 44.83 45.01
44.91 44.9 44.86 44.83 44.83 44.83 44.83 44.83 44.83 44.81 44.82 44.84 44.84 44.82 44.81 44.8 44.77 44.74 44.74 44.76 44.79 44.82 44.84 44.8 44.75 44.75 44.76 44.76 44.77 44.79 44.79 44.81 44.84 44.84 44.83 44.82 44.8 44.8 44.8 44.78 44.75 44.74 44.73 44.73 44.74 44.76 44.78 44.81 44.75 44.64 44.42 44.26 44.59 44.94 45.08 45.14 45.15
