slabs/20.grd
DSAA
631 301
642630 643260
4948700 4949000
44.07 47.05
[rows 50 to 74 of 301, columns 342 to 398 of 631]
45.27 45.63 45.73 45.75 45.76 45.77 45.77 45.75 45.72 45.69 45.68 45.62 45.32 44.88 44.65 44.73 44.88 44.93 44.92 44.9 44.87 44.86 44.86 44.88 44.91 44.93 44.94 44.95 44.98 44.98 44.95 44.94 44.95 44.95 44.96 44.98 44.97 44.95 44.95 44.97 44.97 44.95 44.94 44.94 44.95 44.95 44.96 44.96 44.93 44.92 44.94 44.96 44.96 44.98 44.99 44.97 44.95
45.16 45.56 45.7 45.73 45.76 45.76 45.76 45.76 45.74 45.71 45.68 45.64 45.46 45.09 44.73 44.67 44.83 44.93 44.94 44.92 44.89 44.87 44.87 44.88 44.91 44.93 44.93 44.94 44.95 44.95 44.96 44.98 44.98 44.97 44.97 44.98 44.96 44.93 44.93 44.95 44.97 44.97 44.96 44.94 44.93 44.93 44.95 44.96 44.95 44.93 44.93 44.95 44.95 44.96 44.97 44.96 44.95
45.04 45.43 45.65 45.7 45.73 45.74 45.76 45.76 45.77 45.73 45.69 45.65 45.5 45.26 44.85 44.63 44.81 44.92 44.93 44.93 44.89 44.85 44.85 44.85 44.87 44.9 44.92 44.94 44.94 44.93 44.93 44.95 44.97 44.96 44.95 44.95 44.95 44.93 44.93 44.94 44.96 44.97 44.96 44.93 44.92 44.92 44.94 44.96 44.97 44.95 44.94 44.95 44.96 44.96 44.96 44.95 44.95
44.9 45.3 45.62 45.69 45.72 45.74 45.77 45.78 45.77 45.73 45.71 45.67 45.56 45.42 45.05 44.65 44.72 44.9 44.94 44.93 44.88 44.83 44.82 44.84 44.87 44.9 44.92 44.93 44.93 44.92 44.92 44.93 44.95 44.95 44.94 44.92 44.91 44.93 44.95 44.94 44.95 44.96 44.96 44.93 44.92 44.93 44.94 44.96 44.98 44.95 44.94 44.95 44.96 44.97 44.97 44.95 44.94
44.85 45.2 45.56 45.66 45.71 45.74 45.77 45.79 45.76 45.71 45.68 45.65 45.6 45.56 45.31 44.81 44.68 44.84 44.94 44.95 44.89 44.83 44.82 44.83 44.86 44.87 44.9 44.91 44.91 44.91 44.92 44.93 44.91 44.93 44.93 44.92 44.9 44.93 44.95 44.94 44.95 44.96 44.96 44.93 44.92 44.93 44.95 44.96 44.97 44.95 44.94 44.93 44.93 44.94 44.94 44.94 44.94
44.95 45.17 45.45 45.61 45.7 45.71 45.73 45.75 45.74 45.71 45.7 45.67 45.64 45.62 45.38 44.89 44.72 44.84 44.93 44.95 44.89 44.85 44.84 44.86 44.88 44.89 44.9 44.91 44.91 44.91 44.93 44.94 44.92 44.93 44.95 44.93 44.91 44.92 44.94 44.95 44.94 44.96 44.96 44.93 44.92 44.93 44.95 44.96 44.97 44.96 44.94 44.92 44.93 44.94 44.94 44.93 44.94
45 45.08 45.28 45.54 45.7 45.68 45.71 45.75 45.71 45.67 45.66 45.65 45.62 45.62 45.52 45.13 44.75 44.67 44.81 44.92 44.89 44.85 44.86 44.87 44.88 44.88 44.89 44.89 44.89 44.89 44.91 44.94 44.93 44.94 44.96 44.95 44.92 44.92 44.94 44.95 44.94 44.95 44.96 44.94 44.93 44.93 44.93 44.93 44.93 44.94 44.94 44.93 44.93 44.94 44.94 44.92 44.94
44.95 44.94 45.06 45.41 45.68 45.68 45.69 45.73 45.73 45.71 45.7 45.67 45.63 45.61 45.58 45.28 44.84 44.65 44.76 44.9 44.9 44.86 44.85 44.85 44.87 44.88 44.88 44.89 44.89 44.89 44.91 44.93 44.94 44.94 44.94 44.94 44.93 44.92 44.92 44.94 44.96 44.95 44.94 44.93 44.92 44.92 44.93 44.93 44.92 44.93 44.93 44.93 44.93 44.95 44.94 44.92 44.95
45.09 44.96 44.96 45.24 45.58 45.69 45.68 45.69 45.7 45.69 45.7 45.7 45.66 45.63 45.6 45.4 45.02 44.77 44.76 44.85 44.91 44.88 44.84 44.83 44.85 44.88 44.9 44.9 44.9 44.9 44.91 44.94 44.97 44.95 44.93 44.91 44.91 44.91 44.92 44.94 44.95 44.95 44.95 44.95 44.93 44.92 44.93 44.94 44.94 44.94 44.94 44.92 44.92 44.93 44.95 44.96 44.95
45.26 45.17 45.11 45.25 45.53 45.66 45.69 45.7 45.7 45.7 45.71 45.71 45.68 45.66 45.62 45.48 45.22 44.9 44.71 44.8 44.94 44.92 44.86 44.83 44.83 44.85 44.88 44.88 44.88 44.88 44.9 44.94 44.98 44.96 44.92 44.91 44.91 44.92 44.92 44.93 44.95 44.95 44.95 44.94 44.94 44.92 44.92 44.93 44.93 44.94 44.94 44.94 44.92 44.9 44.92 44.93 44.93
45.41 45.36 45.24 45.18 45.4 45.63 45.68 45.7 45.71 45.72 45.73 45.71 45.68 45.66 45.62 45.53 45.39 45.04 44.71 44.8 44.94 44.94 44.88 44.84 44.83 44.82 44.84 44.85 44.85 44.86 44.89 44.92 44.94 44.94 44.91 44.91 44.93 44.93 44.92 44.93 44.96 44.96 44.95 44.95 44.93 44.92 44.93 44.95 44.93 44.93 44.93 44.92 44.91 44.9 44.91 44.92 44.93
45.46 45.44 45.3 45.15 45.34 45.59 45.66 45.68 45.7 45.72 45.73 45.71 45.68 45.66 45.63 45.57 45.51 45.24 44.83 44.77 44.89 44.93 44.91 44.86 44.85 44.84 44.83 44.83 44.84 44.85 44.88 44.9 44.91 44.92 44.9 44.88 44.9 44.93 44.92 44.91 44.93 44.95 44.93 44.91 44.91 44.91 44.91 44.92 44.92 44.92 44.93 44.93 44.93 44.91 44.91 44.93 44.93
45.42 45.4 45.3 45.14 45.25 45.47 45.59 45.67 45.69 45.72 45.73 45.72 45.72 45.7 45.67 45.62 45.57 45.4 44.94 44.72 44.83 44.92 44.93 44.88 44.85 44.84 44.83 44.84 44.85 44.86 44.88 44.88 44.89 44.89 44.88 44.87 44.89 44.92 44.92 44.91 44.91 44.93 44.92 44.9 44.89 44.9 44.89 44.88 44.9 44.92 44.93 44.94 44.94 44.93 44.92 44.93 44.93
45.36 45.32 45.26 45.09 45.12 45.31 45.52 45.66 45.67 45.7 45.71 45.73 45.73 45.71 45.7 45.66 45.62 45.42 44.94 44.7 44.79 44.88 44.92 44.87 44.84 44.83 44.83 44.83 44.85 44.86 44.87 44.88 44.88 44.88 44.89 44.9 44.89 44.91 44.93 44.92 44.91 44.91 44.92 44.92 44.91 44.9 44.89 44.87 44.89 44.93 44.93 44.93 44.93 44.93 44.91 44.91 44.94
45.35 45.31 45.26 45.14 45.14 45.24 45.45 45.64 45.67 45.67 45.69 45.72 45.72 45.7 45.68 45.65 45.62 45.44 44.98 44.68 44.69 44.81 44.91 44.9 44.88 44.85 44.83 44.83 44.85 44.85 44.86 44.89 44.9 44.87 44.88 44.92 44.9 44.9 44.93 44.93 44.91 44.91 44.93 44.95 44.93 44.92 44.91 44.89 44.9 44.93 44.94 44.93 44.92 44.92 44.9 44.9 44.92
1.70141e38 1.70141e38 1.70141e38 45.2 45.13 45.07 45.31 45.62 45.66 45.67 45.68 45.7 45.73 45.72 45.68 45.65 45.64 45.54 45.21 44.78 44.57 44.71 44.88 44.91 44.9 44.87 44.83 44.81 44.83 44.85 44.87 44.89 44.88 44.85 44.87 44.92 44.92 44.91 44.92 44.92 44.9 44.9 44.92 44.94 44.93 44.93 44.93 44.92 44.92 44.93 44.94 44.93 44.9 44.9 44.91 44.91 44.92
1.70141e38 1.70141e38 1.70141e38 1.70141e38 1.70141e38 1.70141e38 1.70141e38 45.55 45.62 45.65 45.68 45.69 45.71 45.7 45.68 45.65 45.64 45.59 45.39 44.91 44.56 44.63 44.83 44.91 44.9 44.86 44.82 44.79 44.79 44.83 44.88 44.89 44.88 44.86 44.87 44.9 44.92 44.92 44.91 44.89 44.9 44.89 44.9 44.92 44.92 44.91 44.93 44.93 44.93 44.92 44.92 44.9 44.91 44.93 44.94 44.94 44.93
1.70141e38 1.70141e38 1.70141e38 1.70141e38 1.70141e38 1.70141e38 1.70141e38 1.70141e38 1.70141e38 1.70141e38 1.70141e38 1.70141e38 1.70141e38 1.70141e38 45.68 45.65 45.63 45.61 45.49 45.19 44.8 44.62 44.74 44.87 44.9 44.88 44.83 44.79 44.79 44.83 44.87 44.88 44.88 44.88 44.87 44.87 44.89 44.9 44.89 44.88 44.9 44.9 44.89 44.94 44.94 44.9 44.9 44.92 44.91 44.9 44.89 44.88 44.89 44.92 44.93 44.92 44.9
1.70141e38 1.70141e38 1.70141e38 1.70141e38 1.70141e38 1.70141e38 1.70141e38 1.70141e38 1.70141e38 1.70141e38 1.70141e38 1.70141e38 1.70141e38 1.70141e38 1.70141e38 1.70141e38 45.63 45.63 45.54 45.38 45.02 44.65 44.69 44.85 44.91 44.9 44.85 44.81 44.81 44.83 44.86 44.86 44.86 44.86 44.85 44.85 44.89 44.9 44.88 44.88 44.91 44.92 44.91 44.94 44.94 44.91 44.89 44.91 44.92 44.9 44.89 44.88 44.89 44.91 44.91 44.92 44.91
1.70141e38 1.70141e38 1.70141e38 1.70141e38 1.70141e38 1.70141e38 1.70141e38 1.70141e38 1.70141e38 1.70141e38 1.70141e38 1.70141e38 1.70141e38 1.70141e38 1.70141e38 1.70141e38 1.70141e38 45.65 45.53 45.39 45.15 44.75 44.66 44.8 44.91 44.92 44.85 44.82 44.81 44.82 44.85 44.86 44.85 44.85 44.87 44.88 44.91 44.91 44.87 44.86 44.88 44.89 44.87 44.9 44.93 44.91 44.89 44.91 44.93 44.9 44.87 44.88 44.9 44.9 44.89 44.91 44.91
1.70141e38 1.70141e38 1.70141e38 1.70141e38 1.70141e38 1.70141e38 1.70141e38 1.70141e38 1.70141e38 1.70141e38 1.70141e38 1.70141e38 1.70141e38 1.70141e38 1.70141e38 1.70141e38 1.70141e38 1.70141e38 1.70141e38 1.70141e38 1.70141e38 44.77 44.6 44.72 44.87 44.94 44.87 44.83 44.82 44.82 44.82 44.83 44.83 44.84 44.87 44.88 44.89 44.91 44.89 44.87 44.89 44.91 44.88 44.87 44.88 44.9 44.9 44.91 44.94 44.92 44.89 44.89 44.91 44.92 44.9 44.9 44.9
1.70141e38 1.70141e38 1.70141e38 1.70141e38 1.70141e38 1.70141e38 1.70141e38 1.70141e38 1.70141e38 1.70141e38 1.70141e38 1.70141e38 1.70141e38 1.70141e38 1.70141e38 1.70141e38 1.70141e38 1.70141e38 1.70141e38 1.70141e38 1.70141e38 1.70141e38 1.70141e38 1.70141e38 1.70141e38 44.96 44.89 44.85 44.82 44.8 44.8 44.8 44.81 44.82 44.84 44.86 44.86 44.87 44.87 44.87 44.89 44.91 44.9 44.86 44.86 44.9 44.92 44.91 44.91 44.9 44.88 44.89 44.92 44.93 44.92 44.91 44.88
1.70141e38 1.70141e38 1.70141e38 1.70141e38 1.70141e38 1.70141e38 1.70141e38 1.70141e38 1.70141e38 1.70141e38 1.70141e38 1.70141e38 1.70141e38 1.70141e38 1.70141e38 1.70141e38 1.70141e38 1.70141e38 1.70141e38 1.70141e38 1.70141e38 1.70141e38 1.70141e38 1.70141e38 1.70141e38 1.70141e38 1.70141e38 44.84 44.82 44.79 44.78 44.8 44.81 44.81 44.82 44.83 44.84 44.84 44.84 44.85 44.87 44.88 44.88 44.85 44.85 44.89 44.91 44.9 44.89 44.89 44.89 44.89 44.9 44.92 44.92 44.91 44.87
1.70141e38 1.70141e38 1.70141e38 1.70141e38 1.70141e38 1.70141e38 1.70141e38 1.70141e38 1.70141e38 1.70141e38 1.70141e38 1.70141e38 1.70141e38 1.70141e38 1.70141e38 1.70141e38 1.70141e38 1.70141e38 1.70141e38 1.70141e38 1.70141e38 1.70141e38 1.70141e38 1.70141e38 1.70141e38 1.70141e38 1.70141e38 1.70141e38 1.70141e38 1.70141e38 1.70141e38 1.70141e38 1.70141e38 1.70141e38 44.83 44.83 44.83 44.82 44.82 44.85 44.86 44.85 44.85 44.84 44.85 44.88 44.89 44.89 44.88 44.89 44.89 44.89 44.89 44.89 44.9 44.9 44.86
1.70141e38 1.70141e38 1.70141e38 1.70141e38 1.70141e38 1.70141e38 1.70141e38 1.70141e38 1.70141e38 1.70141e38 1.70141e38 1.70141e38 1.70141e38 1.70141e38 1.70141e38 1.70141e38 1.70141e38 1.70141e38 1.70141e38 1.70141e38 1.70141e38 1.70141e38 1.70141e38 1.70141e38 1.70141e38 1.70141e38 1.70141e38 1.70141e38 1.70141e38 1.70141e38 1.70141e38 1.70141e38 1.70141e38 1.70141e38 1.70141e38 1.70141e38 1.70141e38 1.70141e38 44.81 44.84 44.86 44.84 44.83 44.84 44.85 44.85 44.86 44.88 44.87 44.86 44.87 44.88 44.87 44.86 44.88 44.89 44.87
