slabs/20.grd
DSAA
631 301
642630 643260
4948700 4949000
44.07 47.05
[rows 0 to 24 of 301, columns 228 to 284 of 631]
45.65 45.7 45.75 45.78 45.72 45.6 45.52 45.5 45.48 45.46 45.45 45.46 45.47 45.48 45.49 45.48 45.51 45.55 45.57 45.55 45.49 45.39 45.29 45.21 45.17 45.16 45.16 45.16 45.19 45.24 45.26 45.29 45.33 45.33 45.34 45.36 45.39 45.43 45.47 45.46 45.34 45.24 45.23 45.23 45.22 45.21 45.23 45.26 45.34 45.39 45.36 45.31 45.31 45.32 45.3 45.31 45.34
45.66 45.68 45.73 45.74 45.67 45.56 45.52 45.51 45.48 45.47 45.47 45.48 45.49 45.5 45.51 45.5 45.5 45.54 45.58 45.56 45.52 45.45 45.36 45.27 45.19 45.16 45.15 45.14 45.16 45.21 45.25 45.29 45.32 45.32 45.36 45.38 45.37 45.39 45.44 45.48 45.43 45.35 45.29 45.26 45.24 45.22 45.24 45.26 45.32 45.37 45.36 45.34 45.33 45.34 45.36 45.38 45.4
45.67 45.69 45.71 45.7 45.64 45.54 45.49 45.5 45.49 45.48 45.49 45.48 45.49 45.51 45.51 45.5 45.5 45.55 45.6 45.59 45.55 45.5 45.46 45.34 45.2 45.15 45.14 45.13 45.16 45.2 45.29 45.35 45.33 45.3 45.36 45.41 45.38 45.35 45.39 45.45 45.44 45.39 45.32 45.25 45.25 45.26 45.27 45.29 45.32 45.34 45.36 45.35 45.33 45.32 45.37 45.43 45.44
45.68 45.68 45.69 45.69 45.67 45.57 45.49 45.49 45.5 45.49 45.49 45.49 45.51 45.51 45.51 45.5 45.5 45.56 45.62 45.61 45.56 45.54 45.55 45.45 45.26 45.17 45.14 45.15 45.2 45.24 45.3 45.37 45.35 45.33 45.37 45.43 45.43 45.42 45.42 45.44 45.43 45.39 45.33 45.26 45.28 45.32 45.34 45.34 45.32 45.33 45.36 45.37 45.34 45.33 45.38 45.46 45.47
45.7 45.69 45.68 45.7 45.71 45.61 45.51 45.5 45.51 45.5 45.49 45.5 45.52 45.53 45.51 45.5 45.52 45.57 45.63 45.63 45.58 45.56 45.57 45.54 45.37 45.21 45.17 45.19 45.23 45.27 45.32 45.37 45.39 45.39 45.37 45.38 45.43 45.44 45.43 45.46 45.45 45.43 45.38 45.31 45.31 45.34 45.37 45.36 45.34 45.36 45.4 45.39 45.35 45.35 45.4 45.46 45.47
45.71 45.69 45.69 45.71 45.71 45.62 45.53 45.52 45.52 45.52 45.5 45.5 45.52 45.52 45.51 45.52 45.54 45.59 45.64 45.64 45.6 45.58 45.58 45.56 45.44 45.3 45.24 45.23 45.24 45.25 45.31 45.37 45.38 45.4 45.39 45.39 45.43 45.44 45.46 45.53 45.55 45.53 45.44 45.35 45.32 45.33 45.35 45.36 45.35 45.38 45.41 45.39 45.37 45.37 45.41 45.45 45.45
45.72 45.69 45.67 45.69 45.7 45.62 45.53 45.52 45.53 45.52 45.5 45.51 45.54 45.53 45.51 45.51 45.55 45.58 45.63 45.67 45.64 45.6 45.59 45.6 45.52 45.4 45.3 45.26 45.29 45.31 45.34 45.38 45.42 45.46 45.45 45.44 45.45 45.46 45.5 45.6 45.65 45.62 45.49 45.38 45.36 45.34 45.34 45.36 45.37 45.39 45.39 45.39 45.4 45.4 45.4 45.43 45.45
45.71 45.69 45.65 45.67 45.7 45.63 45.54 45.52 45.53 45.51 45.49 45.51 45.53 45.52 45.5 45.51 45.56 45.6 45.64 45.67 45.64 45.6 45.6 45.62 45.57 45.48 45.37 45.29 45.3 45.31 45.34 45.39 45.45 45.5 45.51 45.5 45.5 45.49 45.53 45.61 45.65 45.64 45.53 45.43 45.41 45.39 45.36 45.37 45.38 45.39 45.39 45.4 45.43 45.41 45.39 45.41 45.42
45.69 45.7 45.69 45.71 45.74 45.68 45.59 45.56 45.55 45.54 45.53 45.53 45.53 45.52 45.54 45.55 45.54 45.56 45.62 45.72 45.71 45.63 45.62 45.63 45.61 45.55 45.46 45.36 45.32 45.31 45.35 45.42 45.48 45.52 45.56 45.56 45.55 45.57 45.59 45.6 45.6 45.58 45.52 45.45 45.44 45.42 45.38 45.37 45.37 45.39 45.39 45.42 45.46 45.45 45.43 45.41 45.39
45.69 45.73 45.75 45.77 45.8 45.79 45.75 45.64 45.54 45.53 45.51 45.51 45.54 45.55 45.57 45.57 45.56 45.57 45.65 45.78 45.79 45.71 45.66 45.66 45.64 45.62 45.56 45.43 45.35 45.34 45.39 45.48 45.54 45.57 45.6 45.6 45.59 45.62 45.63 45.58 45.55 45.54 45.5 45.45 45.42 45.39 45.36 45.35 45.35 45.35 45.38 45.42 45.44 45.49 45.49 45.43 45.38
45.68 45.77 45.81 45.83 45.85 45.83 45.78 45.65 45.53 45.52 45.52 45.55 45.56 45.56 45.57 45.58 45.58 45.59 45.64 45.78 45.84 45.79 45.72 45.67 45.67 45.67 45.62 45.47 45.35 45.36 45.43 45.52 45.57 45.6 45.61 45.58 45.56 45.57 45.55 45.51 45.51 45.51 45.47 45.39 45.36 45.34 45.35 45.36 45.36 45.36 45.39 45.4 45.44 45.5 45.5 45.46 45.42
45.76 45.84 45.93 46 45.97 45.9 45.79 45.62 45.53 45.54 45.56 45.59 45.59 45.58 45.58 45.58 45.58 45.58 45.6 45.73 45.83 45.82 45.74 45.68 45.67 45.68 45.64 45.48 45.35 45.37 45.45 45.51 45.52 45.54 45.55 45.52 45.5 45.49 45.48 45.49 45.51 45.54 45.52 45.43 45.38 45.38 45.38 45.36 45.34 45.36 45.38 45.39 45.4 45.44 45.47 45.46 45.43
45.91 46 46.05 46.1 46.05 45.96 45.83 45.64 45.55 45.56 45.58 45.59 45.59 45.58 45.58 45.58 45.58 45.57 45.59 45.68 45.78 45.81 45.74 45.68 45.67 45.68 45.63 45.5 45.4 45.38 45.43 45.44 45.41 45.44 45.44 45.43 45.45 45.46 45.46 45.49 45.52 45.56 45.55 45.48 45.43 45.42 45.41 45.39 45.37 45.36 45.36 45.37 45.37 45.39 45.42 45.43 45.4
46 46.04 46.08 46.15 46.12 46.04 45.89 45.68 45.58 45.58 45.6 45.6 45.59 45.59 45.59 45.59 45.59 45.57 45.59 45.65 45.73 45.77 45.73 45.68 45.68 45.68 45.64 45.54 45.48 45.42 45.42 45.42 45.39 45.4 45.39 45.39 45.4 45.44 45.45 45.46 45.48 45.52 45.53 45.5 45.46 45.45 45.43 45.39 45.37 45.35 45.36 45.37 45.37 45.38 45.4 45.41 45.4
46.03 46.03 46.07 46.16 46.16 46.1 45.95 45.73 45.61 45.6 45.6 45.6 45.61 45.62 45.61 45.6 45.58 45.57 45.59 45.63 45.66 45.72 45.73 45.7 45.69 45.68 45.64 45.59 45.56 45.46 45.38 45.37 45.35 45.37 45.39 45.43 45.47 45.48 45.5 45.52 45.53 45.53 45.54 45.55 45.52 45.47 45.43 45.4 45.37 45.35 45.36 45.37 45.38 45.37 45.39 45.41 45.4
46.06 46.06 46.06 46.12 46.14 46.12 45.98 45.76 45.62 45.59 45.6 45.61 45.62 45.64 45.63 45.6 45.57 45.6 45.61 45.6 45.63 45.67 45.72 45.7 45.66 45.68 45.7 45.66 45.61 45.49 45.39 45.38 45.4 45.4 45.39 45.47 45.53 45.57 45.58 45.55 45.54 45.55 45.58 45.61 45.57 45.48 45.42 45.4 45.37 45.35 45.36 45.37 45.37 45.37 45.39 45.4 45.4
46.07 46.08 46.08 46.11 46.12 46.11 46 45.79 45.64 45.61 45.6 45.6 45.6 45.61 45.61 45.6 45.58 45.6 45.61 45.6 45.6 45.63 45.69 45.69 45.65 45.68 45.74 45.75 45.74 45.62 45.47 45.42 45.43 45.42 45.42 45.48 45.57 45.64 45.63 45.58 45.54 45.53 45.55 45.57 45.55 45.48 45.43 45.39 45.37 45.35 45.36 45.37 45.37 45.37 45.38 45.4 45.41
46.03 46.04 46.1 46.16 46.16 46.15 46.05 45.85 45.69 45.62 45.6 45.6 45.59 45.6 45.6 45.6 45.62 45.62 45.61 45.6 45.6 45.63 45.73 45.8 45.78 45.75 45.75 45.78 45.8 45.7 45.54 45.44 45.41 45.4 45.44 45.49 45.56 45.64 45.64 45.59 45.53 45.5 45.5 45.5 45.48 45.45 45.42 45.39 45.38 45.37 45.36 45.36 45.36 45.37 45.38 45.39 45.42
45.98 45.99 46.09 46.19 46.2 46.2 46.08 45.87 45.74 45.66 45.63 45.62 45.61 45.6 45.6 45.61 45.61 45.62 45.64 45.64 45.63 45.66 45.77 45.84 45.83 45.76 45.72 45.78 45.82 45.8 45.66 45.51 45.43 45.41 45.45 45.49 45.52 45.6 45.6 45.54 45.52 45.51 45.5 45.48 45.44 45.41 45.39 45.38 45.39 45.39 45.38 45.37 45.35 45.33 45.34 45.36 45.38
45.96 45.97 46.06 46.19 46.21 46.2 46.09 45.9 45.77 45.67 45.62 45.62 45.62 45.61 45.62 45.64 45.65 45.64 45.65 45.65 45.63 45.66 45.74 45.8 45.8 45.75 45.73 45.78 45.83 45.87 45.75 45.58 45.49 45.44 45.45 45.46 45.48 45.56 45.56 45.5 45.49 45.52 45.51 45.49 45.44 45.41 45.41 45.4 45.39 45.38 45.38 45.37 45.34 45.33 45.34 45.36 45.39
45.94 45.97 46.02 46.07 46.08 46.09 46.03 45.88 45.78 45.71 45.64 45.63 45.63 45.63 45.64 45.65 45.65 45.65 45.65 45.65 45.65 45.66 45.71 45.75 45.77 45.76 45.76 45.77 45.82 45.91 45.83 45.67 45.54 45.44 45.43 45.43 45.45 45.52 45.55 45.52 45.5 45.5 45.5 45.48 45.46 45.44 45.43 45.41 45.39 45.37 45.36 45.36 45.36 45.35 45.36 45.38 45.4
45.91 45.96 46.01 46.05 46.05 46.05 46.02 45.94 45.87 45.8 45.7 45.65 45.66 45.65 45.65 45.66 45.65 45.64 45.64 45.64 45.66 45.68 45.71 45.73 45.75 45.76 45.77 45.76 45.83 45.95 45.93 45.82 45.63 45.44 45.42 45.44 45.44 45.48 45.53 45.53 45.49 45.46 45.45 45.43 45.45 45.46 45.44 45.41 45.41 45.41 45.39 45.37 45.35 45.34 45.35 45.36 45.39
45.95 45.99 46.06 46.1 46.11 46.09 46.07 46.04 46.01 45.95 45.81 45.7 45.66 45.66 45.66 45.66 45.67 45.66 45.65 45.64 45.65 45.7 45.73 45.73 45.75 45.77 45.77 45.77 45.84 45.99 46.01 45.94 45.75 45.49 45.42 45.46 45.45 45.46 45.48 45.48 45.46 45.43 45.41 45.4 45.43 45.45 45.44 45.44 45.43 45.38 45.35 45.33 45.32 45.33 45.33 45.34 45.36
45.96 46.01 46.08 46.1 46.11 46.09 46.05 46.05 46.07 46.04 45.9 45.72 45.65 45.66 45.66 45.66 45.66 45.68 45.68 45.66 45.67 45.71 45.74 45.74 45.75 45.78 45.79 45.8 45.85 45.98 46.05 46.03 45.85 45.58 45.47 45.47 45.42 45.39 45.41 45.42 45.41 45.38 45.36 45.41 45.49 45.5 45.49 45.46 45.43 45.38 45.36 45.34 45.31 45.3 45.31 45.33 45.34
45.96 46.02 46.05 46.01 46.02 46.02 45.96 45.98 46.06 46.06 45.91 45.72 45.66 45.67 45.67 45.66 45.66 45.68 45.68 45.68 45.68 45.7 45.71 45.69 45.74 45.81 45.85 45.88 45.91 45.99 46.06 46.07 45.93 45.69 45.53 45.49 45.43 45.36 45.35 45.37 45.4 45.44 45.49 45.56 45.63 45.6 45.56 45.51 45.44 45.4 45.39 45.36 45.31 45.3 45.31 45.32 45.34
