slabs/21.grd
DSAA
631 301
643260 643890
4946000 4946300
41.07 52.11
[rows 68 to 101 of 301, columns 156 to 233 of 631]
50.18 50.19 50.14 50.11 50.06 50.02 50.03 50.09 50.14 50.14 50.17 50.21 50.25 50.29 50.33 50.27 50.18 50.2 50.22 50.25 50.3 50.3 50.28 50.3 50.33 50.31 50.3 50.31 50.28 50.21 50.11 49.98 49.87 49.81 49.77 49.71 49.67 49.65 49.57 49.46 49.35 49.3 49.31 49.26 49.15 49.14 49.22 49.24 49.13 49.08 49.03 49 48.97 48.94 48.88 48.79 48.79 48.71 48.64 48.55 48.61 48.59 48.5 48.44 48.4 48.39 48.35 48.26 48.21 48.23 48.21 48.13 48.08 47.92 47.83 47.77 47.72 47.69
50.03 50.05 50.02 49.98 49.91 49.85 49.84 49.87 49.91 49.94 49.96 50.01 50.05 50.08 50.09 50.03 50 50.01 50.02 50.06 50.14 50.17 50.16 50.16 50.2 50.23 50.25 50.22 50.11 50 49.86 49.73 49.66 49.63 49.61 49.58 49.55 49.51 49.34 49.18 49.1 49.08 49.04 49 48.91 48.88 48.93 48.93 48.85 48.81 48.78 48.71 48.67 48.6 48.51 48.45 48.42 48.32 48.22 48.22 48.34 48.3 48.16 48.09 48.04 48.01 47.95 47.86 47.82 47.83 47.79 47.7 47.66 47.53 47.47 47.45 47.46 47.51
49.87 49.89 49.87 49.81 49.74 49.66 49.64 49.64 49.66 49.71 49.73 49.79 49.82 49.83 49.81 49.82 49.83 49.86 49.89 49.92 50 50.04 50.02 49.99 50 50.06 50.1 50.02 49.82 49.72 49.64 49.57 49.56 49.54 49.49 49.46 49.39 49.32 49.05 48.83 48.74 48.72 48.68 48.66 48.62 48.59 48.61 48.58 48.53 48.5 48.46 48.36 48.28 48.19 48.08 47.98 47.92 47.81 47.72 47.76 47.88 47.82 47.69 47.61 47.57 47.54 47.48 47.41 47.4 47.39 47.34 47.27 47.25 47.22 47.23 47.27 47.32 47.38
49.72 49.7 49.68 49.62 49.54 49.47 49.44 49.42 49.43 49.45 49.46 49.55 49.57 49.55 49.51 49.6 49.64 49.7 49.74 49.79 49.88 49.92 49.87 49.8 49.77 49.78 49.8 49.73 49.6 49.56 49.54 49.5 49.46 49.42 49.3 49.23 49.06 48.96 48.72 48.48 48.38 48.36 48.32 48.32 48.31 48.31 48.3 48.22 48.16 48.09 48.05 48.01 47.93 47.82 47.7 47.6 47.51 47.41 47.35 47.34 47.37 47.35 47.29 47.24 47.21 47.19 47.16 47.13 47.13 47.11 47.07 47.03 47.04 47.06 47.09 47.13 47.18 47.21
49.57 49.5 49.46 49.43 49.36 49.29 49.24 49.23 49.21 49.19 49.2 49.28 49.31 49.25 49.22 49.31 49.36 49.39 49.42 49.52 49.67 49.75 49.72 49.65 49.6 49.58 49.57 49.56 49.54 49.54 49.51 49.45 49.29 49.16 48.98 48.76 48.52 48.41 48.3 48.12 48.02 48.01 47.98 47.97 47.96 47.99 48.02 47.9 47.79 47.68 47.66 47.7 47.69 47.55 47.45 47.39 47.3 47.22 47.18 47.15 47.14 47.14 47.11 47.07 47.06 47.04 47.02 47 46.96 46.94 46.93 46.91 46.93 46.97 46.98 47 47.02 47.03
49.41 49.31 49.26 49.24 49.18 49.11 49.07 49.02 48.98 48.93 48.93 48.96 48.96 48.85 48.81 48.86 48.89 48.9 48.94 49.09 49.34 49.51 49.52 49.52 49.53 49.55 49.54 49.55 49.53 49.52 49.49 49.32 48.97 48.75 48.55 48.22 47.98 47.92 47.88 47.8 47.75 47.74 47.72 47.69 47.65 47.65 47.7 47.61 47.51 47.4 47.38 47.45 47.49 47.38 47.32 47.28 47.22 47.16 47.12 47.09 47.08 47.08 47.05 46.99 46.98 46.93 46.89 46.86 46.82 46.82 46.84 46.85 46.86 46.89 46.89 46.89 46.88 46.88
49.25 49.15 49.06 49.03 48.97 48.9 48.87 48.75 48.68 48.63 48.62 48.64 48.61 48.51 48.46 48.46 48.45 48.43 48.49 48.67 49.04 49.29 49.28 49.36 49.47 49.53 49.53 49.53 49.52 49.51 49.45 49.13 48.62 48.35 48.15 47.84 47.68 47.65 47.65 47.63 47.61 47.57 47.53 47.49 47.45 47.4 47.42 47.37 47.31 47.26 47.26 47.29 47.32 47.25 47.24 47.21 47.16 47.11 47.05 47.01 47 46.98 46.94 46.89 46.86 46.8 46.77 46.75 46.74 46.77 46.79 46.81 46.81 46.8 46.79 46.78 46.75 46.73
49.08 48.97 48.83 48.74 48.69 48.62 48.58 48.48 48.43 48.39 48.37 48.38 48.37 48.34 48.32 48.27 48.23 48.15 48.16 48.4 48.81 49.05 49.04 49.22 49.43 49.52 49.54 49.52 49.51 49.5 49.36 48.91 48.36 48.06 47.84 47.66 47.59 47.55 47.54 47.53 47.51 47.44 47.38 47.35 47.33 47.28 47.26 47.23 47.2 47.19 47.2 47.21 47.2 47.15 47.15 47.13 47.08 47.05 46.98 46.94 46.91 46.87 46.81 46.78 46.74 46.7 46.69 46.68 46.69 46.72 46.73 46.73 46.72 46.69 46.69 46.69 46.65 46.63
48.79 48.67 48.54 48.46 48.4 48.33 48.29 48.27 48.25 48.21 48.18 48.18 48.19 48.17 48.18 48.18 48.12 48.04 48.01 48.28 48.61 48.75 48.83 49.14 49.42 49.51 49.54 49.53 49.5 49.47 49.25 48.69 48.18 47.9 47.69 47.57 47.53 47.48 47.44 47.42 47.38 47.33 47.28 47.25 47.25 47.23 47.19 47.15 47.12 47.11 47.11 47.13 47.14 47.08 47.06 47.03 46.98 46.94 46.9 46.88 46.84 46.79 46.73 46.69 46.66 46.64 46.63 46.63 46.66 46.68 46.67 46.64 46.65 46.64 46.62 46.62 46.59 46.58
48.47 48.36 48.32 48.28 48.23 48.15 48.1 48.09 48.07 48.04 47.99 47.97 48.02 48.01 48.07 48.13 48.08 48.03 48 48.23 48.45 48.54 48.73 49.14 49.41 49.5 49.53 49.53 49.5 49.45 49.15 48.52 48.05 47.79 47.62 47.5 47.45 47.4 47.35 47.32 47.27 47.25 47.22 47.18 47.17 47.16 47.12 47.07 47.03 47.02 47.02 47.03 47.05 46.99 46.96 46.94 46.9 46.84 46.82 46.8 46.75 46.71 46.67 46.64 46.61 46.6 46.6 46.6 46.62 46.63 46.6 46.58 46.6 46.57 46.55 46.56 46.53 46.52
48.28 48.22 48.17 48.11 48.07 48 47.95 47.94 47.93 47.93 47.87 47.84 47.88 47.89 47.96 48.02 48.02 47.99 47.99 48.15 48.32 48.42 48.71 49.15 49.4 49.47 49.51 49.53 49.51 49.44 49.08 48.38 47.93 47.7 47.56 47.45 47.4 47.35 47.29 47.24 47.19 47.18 47.14 47.09 47.06 47.06 47.04 47 46.97 46.94 46.93 46.91 46.93 46.9 46.88 46.87 46.83 46.77 46.73 46.71 46.68 46.64 46.6 46.59 46.56 46.57 46.57 46.57 46.58 46.57 46.54 46.54 46.54 46.52 46.49 46.49 46.46 46.45
48.12 48.1 48.04 47.96 47.91 47.86 47.82 47.8 47.79 47.8 47.78 47.77 47.77 47.76 47.8 47.87 47.91 47.9 47.93 48.03 48.24 48.4 48.71 49.14 49.38 49.46 49.51 49.54 49.52 49.41 48.97 48.26 47.83 47.63 47.5 47.42 47.38 47.33 47.27 47.18 47.13 47.09 47.05 47.01 46.99 46.98 46.96 46.93 46.91 46.86 46.83 46.81 46.83 46.85 46.83 46.81 46.76 46.7 46.66 46.64 46.63 46.59 46.56 46.56 46.54 46.55 46.55 46.55 46.56 46.51 46.49 46.48 46.48 46.46 46.44 46.43 46.41 46.4
47.98 47.94 47.9 47.83 47.78 47.75 47.72 47.67 47.63 47.63 47.66 47.66 47.64 47.62 47.64 47.72 47.79 47.81 47.86 47.94 48.19 48.43 48.78 49.16 49.37 49.45 49.51 49.52 49.49 49.32 48.8 48.11 47.73 47.58 47.47 47.39 47.37 47.32 47.25 47.14 47.09 47.05 46.99 46.97 46.95 46.93 46.9 46.87 46.84 46.8 46.78 46.77 46.78 46.79 46.77 46.74 46.69 46.64 46.61 46.6 46.59 46.56 46.54 46.54 46.53 46.54 46.53 46.52 46.51 46.46 46.44 46.43 46.42 46.4 46.38 46.37 46.35 46.34
47.81 47.77 47.74 47.67 47.65 47.66 47.62 47.54 47.46 47.44 47.49 47.51 47.5 47.51 47.52 47.63 47.74 47.77 47.78 47.87 48.1 48.39 48.86 49.22 49.39 49.45 49.5 49.49 49.45 49.23 48.62 47.96 47.65 47.54 47.45 47.36 47.35 47.31 47.21 47.1 47.05 47.01 46.96 46.93 46.92 46.88 46.84 46.81 46.8 46.77 46.76 46.74 46.74 46.74 46.7 46.67 46.63 46.6 46.57 46.56 46.55 46.54 46.52 46.52 46.51 46.51 46.49 46.48 46.44 46.39 46.38 46.36 46.34 46.31 46.3 46.28 46.26 46.25
47.64 47.63 47.56 47.49 47.5 47.53 47.5 47.4 47.32 47.29 47.29 47.36 47.37 47.39 47.42 47.56 47.68 47.68 47.64 47.8 48.02 48.34 48.87 49.24 49.4 49.46 49.49 49.48 49.42 49.17 48.51 47.88 47.6 47.49 47.42 47.35 47.31 47.27 47.18 47.09 47.04 46.98 46.93 46.91 46.89 46.85 46.81 46.78 46.76 46.74 46.73 46.71 46.72 46.7 46.65 46.62 46.61 46.57 46.53 46.52 46.52 46.51 46.49 46.49 46.48 46.47 46.45 46.42 46.37 46.32 46.31 46.27 46.24 46.21 46.19 46.18 46.14 46.13
47.48 47.5 47.42 47.36 47.35 47.36 47.33 47.27 47.21 47.18 47.15 47.23 47.22 47.22 47.28 47.43 47.56 47.57 47.52 47.72 47.97 48.34 48.84 49.23 49.39 49.46 49.48 49.45 49.4 49.14 48.47 47.85 47.58 47.49 47.41 47.33 47.28 47.22 47.14 47.07 47.02 46.97 46.92 46.89 46.85 46.82 46.79 46.77 46.75 46.72 46.7 46.69 46.69 46.66 46.6 46.58 46.57 46.54 46.5 46.48 46.48 46.46 46.44 46.43 46.4 46.37 46.36 46.34 46.31 46.26 46.23 46.2 46.16 46.12 46.09 46.03 45.92 45.83
47.35 47.36 47.3 47.25 47.22 47.19 47.17 47.13 47.09 47.09 47.07 47.09 47.04 47.05 47.15 47.31 47.44 47.5 47.48 47.69 47.9 48.32 48.84 49.23 49.39 49.45 49.47 49.43 49.37 49.12 48.43 47.83 47.59 47.48 47.4 47.32 47.27 47.2 47.11 47.04 47 46.96 46.91 46.88 46.83 46.79 46.76 46.76 46.74 46.7 46.68 46.68 46.65 46.62 46.56 46.53 46.54 46.52 46.47 46.43 46.41 46.38 46.35 46.33 46.3 46.27 46.27 46.29 46.28 46.21 46.17 46.14 46.03 45.94 45.89 45.73 45.51 45.35
47.22 47.21 47.1 47.08 47.09 47.09 47.03 46.95 46.96 46.98 46.97 46.96 46.93 46.98 47.09 47.29 47.42 47.45 47.48 47.7 47.91 48.32 48.87 49.26 49.4 49.44 49.46 49.41 49.35 49.08 48.41 47.85 47.61 47.5 47.39 47.3 47.25 47.19 47.09 47.01 46.99 46.94 46.88 46.86 46.82 46.77 46.73 46.72 46.71 46.67 46.65 46.64 46.58 46.56 46.54 46.51 46.49 46.46 46.43 46.37 46.32 46.28 46.26 46.21 46.17 46.11 46.08 46.12 46.13 46.03 45.96 45.9 45.69 45.52 45.45 45.27 45.03 44.86
47.08 47.03 46.93 46.95 47 47.03 46.95 46.84 46.84 46.85 46.86 46.9 46.89 46.96 47.06 47.26 47.42 47.42 47.49 47.72 47.93 48.34 48.87 49.26 49.41 49.43 49.45 49.43 49.36 49.03 48.36 47.88 47.66 47.51 47.38 47.29 47.25 47.19 47.08 47 46.97 46.91 46.85 46.82 46.8 46.75 46.71 46.67 46.65 46.61 46.58 46.56 46.51 46.51 46.52 46.49 46.45 46.39 46.36 46.25 46.19 46.1 46.04 45.95 45.81 45.64 45.55 45.57 45.62 45.52 45.42 45.37 45.12 44.89 44.79 44.7 44.53 44.36
47.01 46.95 46.86 46.87 46.9 46.93 46.91 46.81 46.78 46.75 46.77 46.84 46.87 46.93 47 47.22 47.38 47.41 47.49 47.75 47.94 48.37 48.9 49.26 49.39 49.42 49.45 49.46 49.37 48.98 48.3 47.86 47.65 47.51 47.37 47.28 47.23 47.18 47.08 47.01 46.96 46.89 46.81 46.76 46.75 46.72 46.67 46.64 46.59 46.54 46.52 46.51 46.47 46.47 46.47 46.44 46.38 46.22 46.1 45.98 45.9 45.71 45.58 45.5 45.23 44.95 44.8 44.76 44.82 44.8 44.74 44.67 44.47 44.27 44.17 44.12 44.02 43.89
46.98 46.93 46.81 46.77 46.77 46.76 46.76 46.72 46.7 46.66 46.68 46.78 46.84 46.9 47 47.22 47.36 47.4 47.5 47.79 47.99 48.39 48.93 49.27 49.39 49.43 49.45 49.47 49.39 48.94 48.24 47.82 47.62 47.5 47.36 47.25 47.21 47.16 47.08 47.02 46.95 46.86 46.78 46.74 46.7 46.67 46.62 46.59 46.56 46.52 46.5 46.47 46.43 46.41 46.4 46.39 46.22 45.85 45.64 45.56 45.43 45.18 45.01 44.9 44.58 44.25 44.1 43.97 44 44.03 44.04 43.97 43.89 43.78 43.72 43.67 43.59 43.52
46.85 46.8 46.74 46.73 46.73 46.66 46.6 46.6 46.6 46.62 46.65 46.74 46.81 46.87 47.02 47.25 47.36 47.39 47.5 47.77 47.99 48.4 48.93 49.25 49.38 49.44 49.46 49.47 49.4 48.91 48.19 47.79 47.6 47.5 47.34 47.23 47.18 47.13 47.05 47 46.94 46.86 46.79 46.75 46.69 46.64 46.59 46.56 46.53 46.48 46.46 46.43 46.39 46.35 46.32 46.32 46 45.42 45.11 44.94 44.72 44.49 44.34 44.18 43.87 43.6 43.48 43.33 43.32 43.33 43.32 43.33 43.42 43.46 43.47 43.45 43.39 43.36
46.7 46.65 46.62 46.67 46.7 46.62 46.53 46.54 46.56 46.61 46.66 46.72 46.77 46.85 47.03 47.26 47.38 47.37 47.49 47.69 47.94 48.39 48.92 49.25 49.38 49.45 49.47 49.47 49.38 48.85 48.13 47.77 47.6 47.49 47.33 47.22 47.15 47.1 47.03 46.97 46.93 46.86 46.8 46.74 46.7 46.63 46.58 46.53 46.5 46.45 46.41 46.4 46.35 46.3 46.28 46.27 45.85 45.1 44.67 44.29 43.93 43.77 43.68 43.49 43.2 43.03 42.97 42.86 42.84 42.81 42.76 42.85 43.09 43.21 43.29 43.35 43.35 43.34
46.64 46.58 46.55 46.6 46.65 46.59 46.53 46.53 46.54 46.61 46.66 46.7 46.73 46.82 47.02 47.24 47.38 47.36 47.47 47.61 47.92 48.42 48.96 49.29 49.41 49.46 49.47 49.48 49.36 48.8 48.08 47.72 47.58 47.47 47.3 47.19 47.14 47.09 47.01 46.95 46.91 46.85 46.8 46.74 46.69 46.62 46.56 46.49 46.45 46.41 46.37 46.36 46.3 46.28 46.3 46.19 45.71 44.89 44.39 43.88 43.42 43.23 43.13 42.93 42.71 42.59 42.56 42.49 42.46 42.45 42.4 42.53 42.78 42.88 42.98 43.13 43.25 43.31
46.67 46.61 46.56 46.58 46.61 46.57 46.52 46.51 46.53 46.6 46.63 46.67 46.7 46.78 47 47.21 47.35 47.35 47.47 47.61 47.93 48.49 49.02 49.3 49.44 49.47 49.46 49.46 49.33 48.77 48.05 47.69 47.56 47.45 47.26 47.15 47.11 47.05 47 46.93 46.88 46.83 46.78 46.72 46.66 46.59 46.53 46.46 46.42 46.37 46.34 46.32 46.27 46.28 46.32 46.07 45.48 44.72 44.26 43.68 43.15 42.91 42.78 42.62 42.49 42.4 42.36 42.31 42.25 42.19 42.2 42.29 42.47 42.53 42.64 42.82 43 43.11
46.66 46.6 46.54 46.56 46.59 46.56 46.49 46.48 46.5 46.58 46.61 46.64 46.66 46.72 46.97 47.21 47.33 47.36 47.49 47.62 47.93 48.49 49.04 49.32 49.46 49.49 49.47 49.45 49.29 48.72 48.02 47.68 47.56 47.43 47.25 47.12 47.06 47.02 46.98 46.91 46.84 46.79 46.73 46.69 46.63 46.55 46.5 46.45 46.4 46.35 46.32 46.29 46.25 46.22 46.22 45.87 45.18 44.58 44.16 43.53 42.95 42.7 42.61 42.59 42.53 42.44 42.34 42.24 42.15 42.06 42.09 42.17 42.29 42.35 42.43 42.56 42.71 42.81
46.59 46.56 46.51 46.54 46.57 46.53 46.47 46.46 46.51 46.56 46.59 46.61 46.62 46.65 46.95 47.22 47.33 47.39 47.51 47.62 47.93 48.5 49.05 49.33 49.46 49.49 49.48 49.46 49.28 48.66 48.03 47.7 47.55 47.4 47.25 47.13 47.05 47 46.96 46.89 46.82 46.74 46.69 46.65 46.6 46.52 46.47 46.44 46.38 46.34 46.31 46.28 46.23 46.12 46.01 45.58 44.87 44.36 43.9 43.31 42.77 42.55 42.53 42.59 42.56 42.48 42.3 42.11 42.02 41.98 42.02 42.15 42.24 42.28 42.32 42.38 42.48 42.55
46.55 46.56 46.51 46.52 46.53 46.48 46.43 46.44 46.51 46.55 46.57 46.59 46.61 46.65 46.96 47.21 47.34 47.41 47.54 47.64 48 48.56 49.1 49.35 49.46 49.5 49.49 49.47 49.27 48.62 48.09 47.76 47.55 47.38 47.24 47.12 47.05 46.99 46.93 46.86 46.79 46.71 46.67 46.63 46.57 46.49 46.45 46.4 46.35 46.31 46.29 46.27 46.18 46.02 45.72 45.18 44.5 44.01 43.53 43.06 42.68 42.47 42.41 42.37 42.34 42.32 42.19 42.03 41.95 41.93 41.97 42.09 42.2 42.24 42.27 42.32 42.37 42.4
46.54 46.53 46.5 46.51 46.49 46.43 46.4 46.45 46.47 46.52 46.54 46.55 46.59 46.69 46.98 47.2 47.32 47.41 47.54 47.65 48.04 48.6 49.13 49.39 49.48 49.52 49.51 49.5 49.24 48.58 48.09 47.74 47.53 47.38 47.24 47.12 47.05 46.97 46.91 46.83 46.76 46.68 46.64 46.61 46.54 46.46 46.42 46.36 46.3 46.28 46.26 46.24 46.11 45.89 45.4 44.73 44.06 43.64 43.2 42.84 42.58 42.39 42.26 42.15 42.12 42.11 42.08 42 41.94 41.91 41.95 42.02 42.13 42.2 42.24 42.28 42.3 42.3
46.53 46.47 46.47 46.49 46.47 46.42 46.41 46.45 46.46 46.5 46.52 46.52 46.56 46.69 46.98 47.2 47.33 47.41 47.57 47.7 48.06 48.64 49.13 49.37 49.5 49.54 49.53 49.51 49.21 48.54 48.07 47.71 47.51 47.36 47.24 47.12 47.05 46.95 46.88 46.82 46.74 46.66 46.62 46.58 46.51 46.42 46.37 46.32 46.27 46.26 46.23 46.19 46 45.7 45.15 44.4 43.74 43.36 43 42.65 42.41 42.28 42.18 42.09 42.02 42 41.98 41.95 41.92 41.9 41.95 42 42.06 42.14 42.19 42.21 42.21 42.2
46.47 46.45 46.49 46.5 46.46 46.41 46.41 46.45 46.47 46.5 46.52 46.51 46.54 46.7 47 47.21 47.35 47.43 47.58 47.71 48.11 48.7 49.1 49.34 49.5 49.54 49.52 49.51 49.19 48.52 48.06 47.71 47.5 47.34 47.22 47.11 47.03 46.94 46.86 46.79 46.71 46.64 46.6 46.55 46.48 46.41 46.36 46.31 46.26 46.26 46.22 46.16 45.92 45.59 45.02 44.24 43.56 43.19 42.87 42.55 42.31 42.18 42.1 42.05 42 41.98 41.95 41.89 41.87 41.88 41.94 41.98 42.01 42.07 42.09 42.09 42.07 42.06
46.41 46.43 46.5 46.52 46.46 46.44 46.45 46.47 46.49 46.51 46.5 46.49 46.55 46.72 47.02 47.22 47.36 47.43 47.53 47.68 48.14 48.74 49.12 49.35 49.51 49.53 49.53 49.5 49.17 48.51 48.07 47.71 47.48 47.3 47.18 47.07 47 46.92 46.85 46.76 46.67 46.63 46.59 46.53 46.46 46.41 46.36 46.32 46.26 46.23 46.2 46.14 45.87 45.55 44.95 44.15 43.39 43.03 42.69 42.42 42.21 42.09 42.03 42.01 41.99 41.99 41.95 41.88 41.85 41.85 41.9 41.94 41.96 41.98 41.98 41.96 41.93 41.91
46.42 46.44 46.46 46.46 46.44 46.45 46.48 46.49 46.51 46.53 46.51 46.49 46.57 46.73 47.01 47.22 47.35 47.43 47.49 47.67 48.17 48.78 49.16 49.37 49.5 49.53 49.54 49.5 49.15 48.5 48.06 47.68 47.44 47.27 47.14 47.03 46.96 46.89 46.84 46.73 46.65 46.63 46.59 46.52 46.44 46.39 46.34 46.3 46.23 46.18 46.18 46.12 45.81 45.47 44.85 44.04 43.24 42.84 42.49 42.26 42.14 42.06 42 42 41.99 41.97 41.95 41.89 41.86 41.85 41.89 41.91 41.91 41.92 41.92 41.89 41.85 41.83
46.44 46.44 46.45 46.46 46.45 46.46 46.47 46.49 46.53 46.56 46.52 46.5 46.59 46.76 47 47.21 47.34 47.43 47.49 47.7 48.19 48.81 49.18 49.39 49.5 49.52 49.53 49.48 49.13 48.47 48.04 47.65 47.43 47.24 47.1 47 46.94 46.9 46.83 46.71 46.64 46.62 46.58 46.51 46.43 46.38 46.34 46.28 46.19 46.14 46.15 46.08 45.71 45.36 44.74 43.9 43.12 42.72 42.36 42.17 42.11 42.05 42 41.99 41.99 41.96 41.94 41.91 41.89 41.89 41.9 41.9 41.91 41.93 41.92 41.9 41.88 41.86
