slabs/21.grd
DSAA
631 301
643260 643890
4946000 4946300
41.07 52.11
[rows 68 to 101 of 301, columns 312 to 389 of 631]
46.13 46.14 46.14 46.16 46.17 46.18 46.21 46.23 46.23 46.27 46.27 46.26 46.27 46.28 46.3 46.33 46.34 46.33 46.34 46.34 46.33 46.3 46.28 46.26 46.29 46.28 46.2 46.14 46.15 46.14 46.08 46.04 45.85 45.72 45.74 45.69 45.64 45.41 45.4 45.37 45.42 45.34 45.24 45.24 45.2 45.14 45.1 45.12 45.12 45.16 45.24 45.26 45.3 45.45 45.45 45.5 45.66 45.92 45.92 45.98 46.08 46.2 46.26 46.28 46.28 46.33 46.33 46.32 46.32 46.34 46.35 46.37 46.33 46.37 46.49 47.04 47.85 48.18
46.02 46.02 46.05 46.08 46.11 46.11 46.15 46.18 46.18 46.23 46.24 46.23 46.22 46.23 46.25 46.25 46.24 46.25 46.25 46.24 46.17 46.12 46.02 45.97 45.99 45.95 45.75 45.58 45.54 45.55 45.34 45.24 45.19 45.13 45.15 45.08 45 44.88 44.84 44.89 44.89 44.78 44.71 44.69 44.61 44.57 44.54 44.56 44.57 44.73 44.8 44.8 44.78 44.93 45.09 45.15 45.31 45.55 45.68 45.81 46.02 46.13 46.16 46.2 46.24 46.26 46.28 46.3 46.34 46.32 46.33 46.34 46.33 46.39 46.48 46.77 47.43 47.37
45.82 45.81 45.85 45.92 45.96 45.99 46.06 46.1 46.1 46.13 46.13 46.1 46.09 46.11 46.12 46.09 46.06 46 45.95 45.91 45.78 45.68 45.45 45.36 45.35 45.21 45 44.9 44.85 44.81 44.63 44.56 44.64 44.63 44.61 44.58 44.51 44.49 44.39 44.39 44.37 44.29 44.18 44.12 44.04 44.01 44.02 44.05 43.99 44.18 44.18 44.23 44.29 44.49 44.66 44.8 45.1 45.4 45.57 45.73 45.95 46.07 46.1 46.15 46.2 46.25 46.25 46.28 46.3 46.28 46.3 46.29 46.31 46.34 46.39 46.54 46.86 46.92
45.5 45.46 45.48 45.56 45.61 45.69 45.78 45.84 45.87 45.86 45.83 45.71 45.63 45.67 45.67 45.64 45.63 45.38 45.2 45.13 45.01 44.92 44.76 44.73 44.69 44.44 44.29 44.31 44.33 44.3 44.19 44.18 44.18 44.14 44.02 44 43.9 43.97 43.85 43.84 43.85 43.85 43.6 43.58 43.56 43.57 43.63 43.61 43.54 43.77 43.8 43.87 44.02 44.3 44.53 44.7 44.95 45.28 45.41 45.67 45.86 45.99 46.03 46.11 46.15 46.21 46.23 46.24 46.28 46.29 46.31 46.29 46.27 46.3 46.32 46.42 46.53 46.77
45.07 45 44.98 45.04 45.11 45.2 45.23 45.21 45.29 45.25 45.2 44.92 44.68 44.66 44.7 44.72 44.73 44.53 44.39 44.32 44.29 44.26 44.25 44.27 44.23 44.03 43.88 43.85 43.88 43.89 43.83 43.82 43.75 43.67 43.47 43.39 43.23 43.21 43.11 43.2 43.38 43.37 43.24 43.19 43.08 43.19 43.09 43.11 43.21 43.45 43.58 43.71 43.96 44.2 44.34 44.55 44.86 45.24 45.33 45.57 45.81 45.94 45.95 45.99 46.06 46.16 46.19 46.23 46.26 46.3 46.31 46.29 46.24 46.28 46.29 46.35 46.45 46.61
44.48 44.45 44.34 44.34 44.45 44.52 44.42 44.26 44.28 44.22 44.15 43.96 43.74 43.68 43.76 43.85 43.87 43.88 43.86 43.84 43.84 43.84 43.84 43.85 43.81 43.69 43.6 43.57 43.54 43.52 43.47 43.44 43.32 43.19 42.97 42.88 42.7 42.72 42.57 42.66 42.91 42.9 42.8 42.8 42.79 42.77 42.89 42.92 43.07 43.26 43.34 43.58 43.81 43.99 44.09 44.33 44.59 44.63 44.82 45.24 45.6 45.84 45.86 45.9 45.97 46.08 46.14 46.22 46.25 46.28 46.29 46.27 46.21 46.23 46.25 46.3 46.38 46.45
43.85 43.81 43.55 43.48 43.58 43.67 43.6 43.44 43.4 43.29 43.2 43.2 43.14 43.15 43.23 43.32 43.38 43.36 43.35 43.37 43.36 43.39 43.44 43.49 43.46 43.36 43.3 43.27 43.19 43.11 42.97 42.94 42.83 42.66 42.58 42.56 42.55 42.47 42.34 42.35 42.46 42.54 42.56 42.58 42.62 42.62 42.71 42.77 42.95 43.13 43.2 43.41 43.41 43.55 43.65 43.89 44.16 44.26 44.48 44.98 45.36 45.72 45.78 45.85 45.93 46.03 46.09 46.16 46.22 46.26 46.25 46.25 46.21 46.21 46.21 46.27 46.34 46.37
43.3 43.22 42.93 42.82 42.84 42.9 42.91 42.89 42.86 42.73 42.66 42.65 42.64 42.69 42.73 42.77 42.8 42.78 42.79 42.82 42.84 42.9 42.97 43.07 43.06 42.99 42.95 42.89 42.78 42.68 42.57 42.49 42.38 42.42 42.52 42.55 42.51 42.38 42.28 42.27 42.29 42.39 42.44 42.46 42.5 42.5 42.54 42.66 42.7 42.76 42.85 43.07 43.11 43.23 43.31 43.56 43.88 44.15 44.31 44.81 45.25 45.61 45.71 45.82 45.92 46.01 46.05 46.11 46.18 46.2 46.22 46.24 46.23 46.22 46.22 46.23 46.27 46.31
42.98 42.9 42.7 42.59 42.5 42.41 42.37 42.36 42.36 42.3 42.26 42.26 42.26 42.28 42.29 42.29 42.29 42.28 42.31 42.35 42.39 42.44 42.47 42.57 42.61 42.6 42.59 42.5 42.41 42.33 42.19 42.15 42.18 42.35 42.45 42.47 42.47 42.34 42.25 42.24 42.24 42.27 42.28 42.3 42.32 42.34 42.4 42.52 42.48 42.48 42.55 42.73 42.91 43.03 43.12 43.37 43.69 43.97 44.11 44.61 45.18 45.46 45.57 45.72 45.85 45.92 46.01 46.09 46.16 46.18 46.23 46.26 46.26 46.24 46.21 46.23 46.28 46.31
42.85 42.77 42.6 42.47 42.33 42.15 42.06 42.04 42.06 42.06 42.03 42.03 42.04 42.04 42.04 42.04 42.03 42.03 42.09 42.12 42.12 42.1 42.09 42.17 42.22 42.25 42.25 42.16 42.1 42.05 42 41.97 42.1 42.32 42.35 42.37 42.39 42.29 42.2 42.17 42.19 42.2 42.2 42.19 42.13 42.15 42.19 42.29 42.31 42.34 42.37 42.47 42.64 42.8 42.91 43.14 43.46 43.75 43.95 44.47 44.95 45.16 45.29 45.56 45.75 45.8 45.91 46.04 46.13 46.15 46.2 46.22 46.25 46.2 46.16 46.17 46.2 46.24
42.76 42.65 42.48 42.36 42.19 42.04 41.96 41.94 41.97 41.96 41.93 41.92 41.93 41.95 41.96 41.96 41.92 41.93 41.97 41.99 41.97 41.93 41.93 41.99 42.04 42.02 41.99 41.92 41.9 1.70141e38 41.83 41.88 42.07 42.23 42.24 42.25 42.25 42.2 42.15 42.11 42.13 42.17 42.16 42.08 41.97 41.98 41.98 42.02 42.15 42.21 42.24 42.27 42.37 42.52 42.64 42.91 43.33 43.59 43.83 44.39 44.72 44.83 45.08 45.49 45.65 45.71 45.84 45.98 46.09 46.1 46.19 46.19 46.18 46.18 46.15 46.17 46.16 46.21
42.71 42.55 42.35 42.22 42.04 41.96 41.93 41.92 41.92 41.9 41.88 41.87 41.88 41.9 41.91 41.9 41.87 41.87 41.87 41.9 41.89 41.89 41.91 41.98 41.99 41.91 41.86 41.82 41.81 1.70141e38 41.83 41.9 42.06 42.13 42.15 42.15 42.14 42.12 42.11 42.06 42.07 42.1 42.07 41.91 41.85 41.88 41.86 41.85 41.99 42.08 42.12 42.19 42.21 42.31 42.43 42.67 43.13 43.43 43.72 44.26 44.65 44.71 45.02 45.4 45.64 45.69 45.8 45.92 46.02 46.03 46.11 46.13 46.17 46.15 46.14 46.15 46.16 46.17
42.72 42.48 42.18 42.04 41.92 41.9 41.88 41.87 41.85 41.84 41.84 41.81 41.82 41.85 41.87 41.88 41.88 41.86 41.84 41.84 41.87 41.89 41.89 41.94 41.91 41.84 41.81 41.79 41.79 1.70141e38 41.9 41.95 42.02 42.07 42.08 42.09 42.08 42.06 42.05 42 41.96 41.97 41.9 41.8 41.76 41.78 41.77 41.8 41.92 41.97 42.07 42.18 42.13 42.1 42.24 42.53 42.82 43.02 43.58 44.05 44.48 44.59 44.93 45.28 45.52 45.61 45.75 45.85 45.94 45.97 46.05 46.1 46.09 46.11 46.14 46.15 46.15 46.15
42.7 42.39 42.03 41.89 41.84 41.82 41.81 41.8 41.79 41.79 41.8 41.77 41.77 41.83 41.86 41.89 41.9 41.88 41.84 41.8 41.84 41.89 41.89 41.88 41.84 41.81 41.81 41.8 41.8 1.70141e38 41.88 41.92 41.97 42.01 42.02 42.03 42.02 42.01 41.99 41.93 41.81 41.78 41.76 41.73 41.7 41.7 41.7 41.73 41.8 41.85 41.95 42.09 42.1 42.09 42.14 42.32 42.58 42.8 43.4 43.87 44.27 44.44 44.82 45.13 45.41 45.53 45.71 45.78 45.87 45.93 46.01 46.02 46.02 46.06 46.12 46.13 46.13 46.15
42.56 42.24 41.92 41.81 41.78 41.76 41.76 41.76 41.77 41.78 41.78 41.77 41.8 41.82 41.83 41.85 41.86 41.85 41.82 41.78 41.81 41.88 41.91 41.88 41.82 41.79 41.81 41.82 41.82 1.70141e38 41.79 41.83 41.9 41.93 41.94 41.94 41.94 41.94 41.92 41.82 41.74 41.73 41.75 41.74 41.72 41.69 41.7 41.71 41.79 41.82 41.87 41.96 42.02 42.03 42.11 42.23 42.43 42.64 43.19 43.65 44.05 44.23 44.54 44.88 45.31 45.44 45.63 45.73 45.82 45.89 45.97 45.98 46 46.03 46.07 46.11 46.11 46.13
42.34 42.04 41.84 41.77 41.75 41.74 41.75 41.76 41.79 41.8 41.79 41.77 41.81 41.82 41.81 41.81 41.81 41.82 41.82 41.79 41.79 41.83 41.86 41.87 41.82 41.78 41.78 41.82 41.82 1.70141e38 41.77 41.77 41.79 41.82 41.84 41.83 41.82 41.81 41.8 41.73 41.73 41.68 41.69 41.69 41.69 41.73 41.7 41.72 41.74 41.76 41.81 41.87 41.94 42 42.09 42.17 42.29 42.36 42.7 43.17 43.63 43.82 44.22 44.68 45.17 45.35 45.56 45.69 45.81 45.87 45.94 45.98 45.99 46.01 46.06 46.12 46.12 46.12
42.12 41.89 41.79 41.77 41.75 41.75 41.77 41.79 41.84 41.84 41.82 41.81 41.82 41.84 41.85 41.83 41.81 41.82 41.83 41.82 41.79 41.78 41.78 41.8 41.78 41.75 41.75 41.79 41.8 1.70141e38 41.74 41.74 41.74 41.79 41.78 41.76 41.74 41.72 41.76 41.77 41.73 41.71 41.7 41.67 41.7 41.71 41.7 41.7 41.74 41.76 41.78 41.83 41.91 41.98 42.06 42.09 42.18 42.2 42.37 42.8 43.26 43.5 44.01 44.6 45.06 45.28 45.53 45.65 45.75 45.83 45.92 45.95 45.97 46.01 46.06 46.12 46.11 46.11
41.91 41.82 41.79 41.81 41.8 41.79 41.8 41.83 41.86 41.83 41.8 41.82 41.82 41.83 41.84 41.8 41.78 41.79 41.79 41.82 41.78 41.76 41.74 41.75 41.73 41.72 41.74 41.77 41.78 1.70141e38 41.71 41.7 41.73 41.78 41.77 41.73 41.7 41.7 41.73 41.76 41.7 41.75 41.74 41.71 41.75 41.72 41.69 41.73 41.76 41.78 41.81 41.82 41.87 41.93 41.99 42.02 42.08 42.09 42.21 42.58 42.99 43.3 43.86 44.44 44.83 45.21 45.51 45.61 45.64 45.76 45.88 45.93 45.95 46 46.05 46.1 46.09 46.11
41.81 41.79 41.8 41.83 41.83 41.8 41.77 41.84 41.84 41.79 41.77 41.77 41.76 41.78 41.78 41.76 41.76 41.78 41.77 41.79 41.78 41.78 41.75 41.75 41.75 41.74 41.75 41.78 41.78 1.70141e38 41.73 41.75 41.78 41.85 41.8 41.73 41.71 41.75 41.77 41.78 41.74 41.77 41.74 41.77 41.76 41.75 41.75 41.79 41.8 41.82 41.84 41.82 41.82 41.88 41.93 41.94 41.98 41.99 42.09 42.37 42.69 43.04 43.62 44.1 44.38 45.08 45.45 45.6 45.63 45.72 45.86 45.95 45.97 46 46.04 46.07 46.07 46.11
41.81 41.76 41.76 41.81 41.83 41.8 41.76 41.8 41.81 41.77 41.75 41.74 41.75 41.76 41.76 41.77 41.77 41.78 41.8 41.82 41.81 41.82 41.8 41.81 41.8 41.78 41.79 41.81 41.81 1.70141e38 41.77 41.79 41.85 41.89 41.84 41.78 41.73 41.74 41.78 41.83 41.78 41.77 41.73 41.75 41.74 41.74 41.8 41.86 41.87 41.89 41.9 41.85 41.84 41.87 41.88 41.9 41.94 41.95 42.01 42.24 42.43 42.75 43.33 43.9 44.16 44.88 45.38 45.59 45.61 45.68 45.83 45.92 45.96 46.03 46.07 46.06 46.08 46.1
41.78 41.74 41.73 41.8 41.83 41.81 41.78 41.77 41.79 41.78 41.77 41.75 41.77 41.79 41.8 41.81 41.81 41.8 41.84 41.87 41.85 41.84 41.83 41.86 41.85 41.85 41.84 41.85 41.84 1.70141e38 41.82 41.79 41.86 41.84 41.82 41.77 41.71 41.71 41.75 41.83 41.77 41.73 41.7 41.7 41.72 41.74 41.82 41.9 41.95 41.98 42.01 41.94 41.94 41.94 41.89 41.95 41.94 41.96 42.01 42.05 42.16 42.52 43.11 43.64 43.93 44.63 45.23 45.56 45.6 45.69 45.79 45.89 45.94 46 46.05 46.06 46.07 46.09
41.79 41.77 41.77 41.8 41.83 41.81 41.79 41.79 41.83 41.83 41.81 41.8 41.82 41.84 41.84 41.84 41.84 41.83 41.89 41.91 41.87 41.84 41.83 41.86 41.87 41.88 41.87 41.83 41.81 1.70141e38 41.77 41.75 41.8 41.78 41.78 41.73 41.69 41.68 41.72 41.77 41.74 41.7 41.68 41.68 41.71 41.74 41.85 41.92 42.01 42.04 42.08 41.96 42.01 42.04 42.03 42.08 42.07 42.05 42.05 42.02 42.1 42.41 42.99 43.46 43.75 44.37 45.01 45.5 45.58 45.68 45.76 45.87 45.93 46 46.03 46.05 46.06 46.03
41.82 41.8 41.81 41.83 41.84 41.84 41.81 41.83 41.87 41.88 41.85 41.84 41.86 41.88 41.87 41.86 41.85 41.84 41.9 41.9 41.84 41.81 41.81 41.82 41.82 41.83 41.83 41.79 41.77 1.70141e38 41.73 41.72 41.74 41.75 41.77 41.72 41.7 41.68 41.71 41.72 41.72 41.71 41.7 41.67 41.7 41.74 41.82 41.94 42.05 42.02 42.08 41.95 42.06 42.12 42.21 42.25 42.21 42.12 42.01 42 42.08 42.37 42.85 43.32 43.61 44.22 44.79 45.27 45.43 45.65 45.77 45.85 45.89 45.95 45.99 46.02 46.02 46
41.85 41.83 41.83 41.85 41.87 41.87 41.83 41.84 41.9 41.92 41.89 41.85 41.88 41.9 41.88 41.85 41.84 41.82 41.84 41.81 41.78 41.76 41.78 41.78 41.78 41.79 41.78 41.77 41.77 1.70141e38 41.74 41.73 41.74 41.76 41.77 41.76 41.73 41.72 41.73 41.73 41.74 41.7 41.7 41.72 41.73 41.73 41.74 41.87 41.94 41.97 41.99 41.93 41.96 42.1 42.22 42.13 42.12 42.08 42 41.95 42.04 42.24 42.69 43.17 43.49 44.19 44.74 45.11 45.33 45.66 45.77 45.82 45.86 45.91 45.96 45.98 45.99 46
41.87 41.83 41.83 41.86 41.87 41.85 41.81 41.82 41.87 41.9 41.89 41.84 41.84 41.85 41.83 41.81 41.8 41.78 41.8 41.78 41.75 41.74 41.76 41.78 41.77 41.78 41.78 41.77 41.77 1.70141e38 41.75 41.76 41.74 41.76 41.76 41.79 41.75 41.75 41.79 41.81 41.8 41.78 41.76 41.75 41.8 41.77 41.73 41.69 41.72 41.86 41.95 41.94 42 42.15 42.16 42.02 42.04 42.07 42.04 41.98 42.02 42.15 42.5 42.95 43.26 43.98 44.58 44.97 45.24 45.64 45.77 45.79 45.84 45.91 45.95 45.96 45.97 46
41.86 41.82 41.81 41.82 41.83 41.81 41.75 41.76 41.8 41.82 41.86 41.83 41.81 41.79 41.79 41.78 41.76 41.76 41.8 41.82 41.81 41.76 41.79 41.82 41.81 41.79 41.79 41.79 41.8 1.70141e38 41.81 41.75 41.8 41.81 41.81 41.8 41.77 41.75 41.77 41.83 41.81 41.79 41.73 41.75 41.76 41.75 41.7 41.7 41.71 41.8 41.9 41.96 42.01 42.08 42.05 41.98 42.02 41.98 41.92 41.92 41.95 42.07 42.38 42.73 43.04 43.72 44.32 44.65 45.09 45.51 45.73 45.75 45.82 45.88 45.93 45.93 45.94 46.01
41.81 41.77 41.75 41.74 41.73 41.74 41.7 41.7 41.73 41.76 41.81 41.81 41.82 41.81 41.83 41.81 41.78 41.79 41.83 41.87 41.86 41.81 41.82 41.85 41.85 41.83 41.8 41.81 41.82 1.70141e38 41.82 41.76 41.8 41.82 41.85 41.83 41.71 41.72 41.72 41.73 41.79 41.75 41.7 41.76 41.74 41.7 41.66 41.66 41.66 41.73 41.88 41.94 41.94 41.91 41.88 41.89 41.9 41.87 41.82 41.84 41.88 42.02 42.27 42.54 42.86 43.52 44.09 44.32 44.92 45.35 45.64 45.7 45.8 45.84 45.89 45.9 45.92 45.98
41.77 41.73 41.72 41.71 41.71 41.74 41.73 41.72 41.76 41.79 41.82 41.82 41.84 41.87 41.89 41.86 41.83 41.83 41.87 41.89 41.87 41.83 41.82 41.84 41.85 41.82 41.8 41.82 41.83 1.70141e38 41.8 41.76 41.76 41.76 41.72 41.77 41.72 41.7 41.74 41.7 41.73 41.72 41.69 41.72 41.71 41.68 41.68 41.66 41.66 41.71 41.79 41.83 41.84 41.82 41.8 41.84 41.85 41.82 41.79 41.78 41.84 41.98 42.14 42.34 42.69 43.35 43.94 44.2 44.86 45.27 45.52 45.63 45.76 45.8 45.86 45.87 45.91 45.97
41.78 41.77 41.77 41.77 41.8 41.84 41.81 41.78 41.82 41.86 41.89 41.86 41.86 41.91 41.91 41.87 41.85 41.84 41.84 41.85 41.85 41.83 41.8 41.81 41.83 41.8 41.77 41.78 41.8 41.74 41.72 41.71 41.68 41.7 41.72 41.7 41.67 41.71 41.73 41.7 41.7 41.7 41.73 41.7 41.72 41.73 41.71 41.69 41.69 41.72 41.76 41.74 41.78 41.78 41.78 41.81 41.81 41.77 41.73 41.74 41.82 41.92 42.02 42.11 42.49 43.17 43.8 44.1 44.78 45.17 45.35 45.48 45.72 45.75 45.82 45.84 45.89 45.92
41.82 41.82 41.82 41.82 41.88 41.91 41.86 41.8 41.83 41.89 41.92 41.87 41.86 41.9 41.88 41.83 41.81 41.79 41.8 41.82 41.81 41.8 41.77 41.77 41.77 41.76 41.73 41.73 41.74 41.72 41.71 41.71 41.69 41.7 41.71 41.7 41.7 41.73 41.72 41.76 41.75 41.75 41.75 41.72 41.75 41.78 41.74 41.74 41.73 41.74 41.77 41.76 41.78 41.75 41.74 41.75 41.73 41.71 41.69 41.73 41.79 41.87 41.93 42 42.29 42.97 43.59 43.92 44.6 44.88 45.08 45.25 45.61 45.75 45.77 45.8 45.86 45.88
41.85 41.84 41.81 41.83 41.91 41.94 41.87 41.8 41.8 41.85 41.87 41.83 41.82 41.83 41.81 41.78 41.78 41.75 41.76 41.77 41.77 41.76 41.74 41.75 41.74 41.73 41.71 41.71 41.71 41.73 41.71 41.67 41.7 41.71 41.74 41.75 41.74 41.73 41.73 41.82 41.79 41.76 41.75 41.73 41.75 41.78 41.74 41.75 41.73 41.73 41.74 41.75 41.74 41.71 41.74 41.73 41.73 41.7 41.7 41.72 41.75 41.86 41.95 42.03 42.2 42.94 43.48 43.74 44.27 44.59 44.87 45.05 45.48 45.73 45.74 45.77 45.82 45.87
41.85 41.84 41.78 41.8 41.85 41.86 41.82 41.76 41.75 41.78 41.79 41.76 41.75 41.74 41.74 41.75 41.76 41.76 41.75 41.74 41.73 41.73 41.75 41.75 41.74 41.75 41.73 41.72 41.73 41.78 41.77 41.71 41.73 41.71 41.76 41.77 41.75 41.72 41.73 41.77 41.75 41.72 41.73 41.71 41.72 41.75 41.71 41.72 41.72 41.7 41.71 41.68 41.69 41.67 41.7 41.7 41.69 41.68 41.69 41.73 41.81 41.9 42.02 42.1 42.27 42.57 43.11 43.42 43.95 44.34 44.62 44.91 45.46 45.67 45.7 45.73 45.81 45.82
41.83 41.81 41.76 41.76 41.78 41.79 41.76 41.72 41.72 41.74 41.74 41.72 41.72 41.71 41.73 41.74 41.75 41.77 41.77 41.75 41.74 41.76 41.79 41.8 41.8 41.8 41.77 41.76 41.77 41.78 41.78 41.73 41.74 41.72 41.75 41.74 41.72 41.72 41.7 41.69 41.68 41.67 41.69 41.68 41.7 41.71 41.65 41.69 41.7 41.68 41.7 41.7 41.7 41.66 41.67 41.69 41.72 41.75 41.77 41.8 41.92 41.95 42 42.07 42.33 42.54 42.88 43.15 43.62 44.1 44.5 44.84 45.35 45.61 45.65 45.69 45.75 45.78
41.81 41.76 41.74 41.73 41.75 41.76 41.74 41.71 41.72 41.74 41.73 41.72 41.73 41.73 41.75 41.75 41.77 41.78 41.78 41.78 41.79 41.8 41.8 41.81 41.82 41.82 41.78 41.76 41.75 41.71 41.7 41.69 41.71 41.7 41.73 41.71 41.7 41.71 41.66 41.68 41.67 41.66 41.65 41.69 41.7 41.74 41.66 41.66 41.7 41.73 41.72 41.73 41.71 41.7 41.73 41.73 41.78 41.79 41.84 41.88 41.96 41.99 42.01 42.03 42.19 42.44 42.63 42.71 43.17 43.71 44.05 44.64 45.19 45.52 45.59 45.67 45.71 45.75
