slabs/21.grd
DSAA
631 301
643260 643890
4946000 4946300
41.07 52.11
[rows 68 to 101 of 301, columns 0 to 77 of 631]
51.16 51.16 51.12 51.02 51.01 51.02 51.06 50.95 50.91 51.03 51.13 51.12 50.91 50.74 50.68 50.68 50.69 50.68 50.67 50.66 50.65 50.65 50.66 50.69 50.72 50.77 50.78 50.73 50.72 50.75 50.77 50.71 50.65 50.64 50.65 50.65 50.65 50.64 50.63 50.65 50.65 50.61 50.72 50.99 51.28 51.43 51.45 51.48 51.49 51.52 51.55 51.55 51.54 51.54 51.56 51.58 51.61 51.61 51.58 51.56 51.52 51.41 51.28 51.2 51.06 50.92 50.89 50.91 50.9 50.9 50.91 50.92 50.9 50.88 50.86 50.88 50.9 50.95
51.08 51.06 51.05 51.03 51.02 51.03 51.06 50.94 50.9 51 51.13 51.13 50.91 50.76 50.68 50.68 50.68 50.68 50.67 50.65 50.62 50.63 50.65 50.68 50.7 50.72 50.75 50.74 50.75 50.77 50.77 50.75 50.71 50.65 50.64 50.64 50.65 50.64 50.64 50.66 50.65 50.64 50.7 50.8 51.11 51.38 51.44 51.46 51.47 51.5 51.53 51.54 51.53 51.53 51.55 51.56 51.57 51.56 51.56 51.56 51.55 51.48 51.4 51.31 51.11 50.95 50.91 50.92 50.93 50.9 50.88 50.89 50.89 50.88 50.87 50.88 50.9 50.94
50.96 50.95 50.96 50.98 51.01 51.04 51.01 50.89 50.83 50.87 51 50.99 50.83 50.73 50.67 50.68 50.7 50.69 50.68 50.63 50.57 50.59 50.64 50.65 50.66 50.67 50.71 50.74 50.76 50.77 50.75 50.74 50.71 50.65 50.62 50.62 50.62 50.6 50.61 50.63 50.66 50.64 50.65 50.68 51.02 51.35 51.45 51.45 51.45 51.48 51.49 51.51 51.51 51.52 51.53 51.54 51.52 51.51 51.53 51.53 51.52 51.51 51.5 51.38 51.12 50.97 50.94 50.95 50.96 50.9 50.85 50.87 50.89 50.88 50.89 50.9 50.9 50.92
50.85 50.86 50.86 50.91 50.98 51.03 50.98 50.84 50.78 50.8 50.83 50.8 50.73 50.7 50.65 50.65 50.68 50.67 50.67 50.6 50.52 50.55 50.59 50.6 50.6 50.59 50.66 50.72 50.69 50.71 50.68 50.65 50.64 50.62 50.58 50.57 50.56 50.55 50.59 50.62 50.67 50.65 50.65 50.66 51.04 51.36 51.45 51.46 51.46 51.45 51.46 51.49 51.47 51.48 51.5 51.5 51.49 51.5 51.51 51.51 51.49 51.5 51.51 51.37 51.1 50.97 50.96 50.95 50.95 50.9 50.87 50.87 50.89 50.88 50.87 50.89 50.89 50.89
50.75 50.77 50.77 50.84 50.91 50.96 50.91 50.79 50.71 50.72 50.69 50.67 50.64 50.65 50.62 50.6 50.62 50.61 50.61 50.58 50.52 50.54 50.55 50.55 50.54 50.54 50.61 50.65 50.63 50.64 50.62 50.59 50.61 50.65 50.58 50.53 50.52 50.55 50.64 50.7 50.71 50.71 50.73 50.75 51.11 51.38 51.45 51.47 51.45 51.43 51.43 51.44 51.42 51.44 51.46 51.47 51.49 51.49 51.5 51.49 51.48 51.49 51.5 51.33 51.07 50.94 50.93 50.92 50.9 50.87 50.88 50.88 50.87 50.86 50.85 50.85 50.85 50.85
50.67 50.71 50.73 50.77 50.81 50.83 50.82 50.74 50.67 50.67 50.67 50.64 50.61 50.61 50.6 50.58 50.59 50.59 50.58 50.57 50.55 50.55 50.54 50.55 50.54 50.54 50.58 50.6 50.6 50.62 50.6 50.58 50.61 50.67 50.58 50.52 50.51 50.56 50.63 50.69 50.71 50.72 50.76 50.83 51.17 51.39 51.44 51.45 51.43 51.42 51.41 51.39 51.38 51.41 51.46 51.47 51.49 51.5 51.5 51.49 51.48 51.48 51.48 51.34 51.07 50.92 50.89 50.88 50.84 50.84 50.85 50.86 50.85 50.85 50.86 50.83 50.82 50.82
50.64 50.68 50.71 50.73 50.74 50.76 50.76 50.71 50.66 50.68 50.69 50.66 50.63 50.62 50.6 50.59 50.6 50.61 50.61 50.59 50.57 50.56 50.55 50.56 50.56 50.58 50.59 50.58 50.57 50.6 50.6 50.58 50.61 50.64 50.59 50.56 50.55 50.55 50.59 50.63 50.68 50.73 50.75 50.8 51.12 51.37 51.44 51.45 51.43 51.42 51.41 51.4 51.39 51.42 51.47 51.47 51.48 51.5 51.51 51.5 51.48 51.46 51.44 51.34 51.04 50.9 50.9 50.9 50.85 50.84 50.82 50.82 50.82 50.85 50.87 50.83 50.82 50.81
50.63 50.64 50.68 50.7 50.71 50.74 50.78 50.74 50.69 50.7 50.7 50.67 50.65 50.65 50.64 50.62 50.64 50.7 50.7 50.65 50.63 50.61 50.61 50.61 50.62 50.66 50.65 50.6 50.59 50.62 50.65 50.64 50.65 50.65 50.63 50.63 50.62 50.58 50.6 50.63 50.66 50.71 50.74 50.75 51.09 51.36 51.44 51.45 51.44 51.43 51.43 51.43 51.42 51.45 51.48 51.47 51.47 51.5 51.5 51.5 51.48 51.44 51.43 51.27 50.97 50.88 50.9 50.91 50.88 50.85 50.83 50.81 50.81 50.81 50.82 50.83 50.83 50.82
50.6 50.61 50.66 50.72 50.75 50.77 50.82 50.78 50.72 50.72 50.71 50.73 50.73 50.71 50.68 50.68 50.71 50.78 50.79 50.73 50.69 50.67 50.67 50.66 50.7 50.77 50.74 50.66 50.65 50.68 50.72 50.73 50.71 50.67 50.66 50.66 50.65 50.61 50.63 50.64 50.66 50.7 50.73 50.73 51.06 51.36 51.44 51.44 51.45 51.45 51.45 51.44 51.44 51.47 51.48 51.47 51.48 51.49 51.49 51.49 51.48 51.45 51.42 51.21 50.93 50.86 50.86 50.87 50.84 50.83 50.83 50.82 50.8 50.79 50.78 50.81 50.81 50.81
50.59 50.6 50.69 50.79 50.82 50.82 50.85 50.79 50.72 50.71 50.71 50.75 50.78 50.75 50.68 50.66 50.67 50.73 50.79 50.77 50.74 50.68 50.68 50.7 50.76 50.84 50.81 50.72 50.69 50.71 50.76 50.79 50.77 50.71 50.67 50.66 50.66 50.63 50.64 50.66 50.67 50.69 50.71 50.7 51.03 51.36 51.45 51.46 51.46 51.46 51.47 51.45 51.46 51.48 51.49 51.48 51.48 51.48 51.48 51.48 51.46 51.42 51.38 51.18 50.94 50.86 50.84 50.82 50.81 50.81 50.8 50.79 50.79 50.79 50.78 50.79 50.78 50.79
50.62 50.64 50.73 50.82 50.84 50.83 50.86 50.79 50.71 50.7 50.7 50.73 50.77 50.78 50.68 50.58 50.58 50.68 50.76 50.78 50.76 50.7 50.7 50.73 50.79 50.85 50.84 50.79 50.73 50.72 50.78 50.83 50.83 50.76 50.68 50.66 50.67 50.65 50.66 50.68 50.68 50.7 50.73 50.7 50.99 51.34 51.44 51.46 51.48 51.49 51.49 51.47 51.48 51.5 51.5 51.49 51.48 51.47 51.46 51.47 51.45 51.4 51.35 51.2 50.94 50.86 50.82 50.79 50.78 50.79 50.77 50.78 50.78 50.78 50.78 50.77 50.77 50.77
50.63 50.65 50.74 50.81 50.81 50.83 50.84 50.78 50.73 50.72 50.72 50.75 50.79 50.82 50.71 50.59 50.56 50.65 50.73 50.75 50.74 50.72 50.72 50.73 50.77 50.8 50.81 50.8 50.75 50.71 50.77 50.83 50.86 50.78 50.69 50.65 50.67 50.66 50.68 50.7 50.69 50.71 50.74 50.71 51 51.33 51.42 51.46 51.51 51.51 51.5 51.5 51.51 51.52 51.51 51.51 51.5 51.48 51.47 51.47 51.46 51.42 51.4 51.25 50.93 50.82 50.8 50.78 50.78 50.79 50.78 50.79 50.78 50.78 50.77 50.77 50.77 50.76
50.61 50.65 50.75 50.82 50.83 50.84 50.83 50.78 50.75 50.74 50.71 50.72 50.75 50.77 50.7 50.62 50.59 50.64 50.69 50.7 50.71 50.71 50.7 50.71 50.73 50.75 50.76 50.76 50.73 50.68 50.73 50.79 50.83 50.74 50.67 50.64 50.63 50.63 50.67 50.71 50.69 50.69 50.71 50.7 51.05 51.36 51.41 51.47 51.53 51.56 51.56 51.6 51.58 51.55 51.54 51.54 51.52 51.5 51.53 51.5 51.47 51.44 51.43 51.23 50.91 50.8 50.79 50.8 50.81 50.82 50.82 50.81 50.78 50.78 50.77 50.77 50.76 50.76
50.61 50.67 50.79 50.83 50.83 50.86 50.85 50.79 50.75 50.72 50.68 50.66 50.66 50.66 50.67 50.66 50.64 50.64 50.66 50.66 50.67 50.69 50.68 50.68 50.7 50.72 50.71 50.7 50.69 50.65 50.68 50.7 50.73 50.68 50.65 50.62 50.59 50.61 50.63 50.66 50.65 50.65 50.67 50.7 51.03 51.36 51.43 51.46 51.53 51.61 51.66 51.71 51.68 51.6 51.57 51.56 51.54 51.52 51.55 51.51 51.48 51.45 51.45 51.19 50.89 50.8 50.78 50.81 50.82 50.82 50.83 50.83 50.8 50.77 50.78 50.77 50.76 50.76
50.61 50.68 50.8 50.82 50.8 50.86 50.87 50.84 50.76 50.69 50.64 50.62 50.6 50.57 50.64 50.7 50.69 50.66 50.65 50.66 50.67 50.68 50.66 50.65 50.67 50.69 50.68 50.67 50.65 50.64 50.65 50.63 50.64 50.66 50.64 50.61 50.59 50.6 50.61 50.63 50.64 50.65 50.67 50.7 51.03 51.37 51.45 51.46 51.51 51.62 51.69 51.72 51.72 51.66 51.62 51.59 51.56 51.54 51.55 51.51 51.48 51.48 51.47 51.18 50.89 50.8 50.78 50.8 50.8 50.79 50.79 50.82 50.79 50.76 50.74 50.75 50.76 50.78
50.65 50.71 50.79 50.82 50.8 50.84 50.87 50.86 50.76 50.68 50.64 50.62 50.59 50.55 50.62 50.68 50.7 50.69 50.69 50.7 50.71 50.69 50.64 50.62 50.65 50.65 50.65 50.65 50.63 50.64 50.65 50.65 50.66 50.66 50.65 50.62 50.6 50.62 50.63 50.66 50.67 50.66 50.66 50.71 51.08 51.39 51.47 51.45 51.51 51.63 51.69 51.71 51.71 51.7 51.67 51.62 51.58 51.56 51.55 51.52 51.49 51.49 51.47 51.17 50.88 50.79 50.77 50.77 50.76 50.74 50.73 50.77 50.77 50.75 50.72 50.74 50.77 50.82
50.68 50.73 50.8 50.82 50.8 50.82 50.84 50.82 50.75 50.72 50.68 50.65 50.62 50.53 50.55 50.6 50.65 50.69 50.74 50.76 50.74 50.7 50.64 50.62 50.62 50.63 50.64 50.64 50.61 50.64 50.66 50.68 50.7 50.69 50.68 50.67 50.64 50.65 50.67 50.7 50.7 50.67 50.65 50.73 51.09 51.4 51.48 51.44 51.53 51.64 51.67 51.68 51.68 51.69 51.68 51.66 51.61 51.59 51.57 51.53 51.5 51.48 51.47 51.19 50.86 50.78 50.76 50.74 50.73 50.71 50.7 50.73 50.74 50.74 50.72 50.74 50.79 50.85
50.71 50.77 50.82 50.83 50.8 50.81 50.81 50.77 50.74 50.78 50.74 50.69 50.67 50.52 50.47 50.5 50.59 50.69 50.77 50.77 50.72 50.7 50.66 50.64 50.63 50.64 50.65 50.64 50.63 50.66 50.68 50.7 50.71 50.72 50.72 50.69 50.65 50.67 50.69 50.7 50.71 50.7 50.68 50.73 51.07 51.38 51.48 51.47 51.57 51.63 51.64 51.65 51.65 51.66 51.66 51.66 51.63 51.61 51.6 51.54 51.51 51.51 51.5 51.19 50.85 50.77 50.75 50.73 50.71 50.7 50.71 50.71 50.71 50.72 50.72 50.75 50.79 50.86
50.75 50.8 50.86 50.87 50.84 50.86 50.84 50.77 50.76 50.81 50.76 50.72 50.69 50.54 50.47 50.51 50.59 50.69 50.71 50.7 50.67 50.66 50.65 50.67 50.68 50.68 50.66 50.65 50.65 50.68 50.69 50.7 50.7 50.71 50.71 50.7 50.65 50.67 50.68 50.69 50.7 50.71 50.72 50.74 51.05 51.37 51.46 51.52 51.58 51.61 51.61 51.62 51.62 51.62 51.62 51.62 51.62 51.61 51.61 51.54 51.52 51.52 51.45 51.12 50.83 50.76 50.74 50.73 50.71 50.71 50.73 50.72 50.7 50.73 50.74 50.75 50.77 50.85
50.76 50.8 50.87 50.89 50.88 50.91 50.87 50.8 50.78 50.79 50.76 50.73 50.67 50.52 50.5 50.57 50.65 50.68 50.64 50.64 50.65 50.66 50.68 50.69 50.72 50.72 50.69 50.67 50.66 50.69 50.7 50.7 50.69 50.68 50.66 50.69 50.64 50.64 50.66 50.67 50.68 50.69 50.72 50.76 51.08 51.39 51.46 51.53 51.56 51.56 51.57 51.58 51.58 51.58 51.58 51.58 51.58 51.59 51.59 51.53 51.49 51.49 51.34 51.06 50.85 50.79 50.74 50.73 50.72 50.71 50.74 50.75 50.75 50.76 50.74 50.72 50.72 50.82
50.75 50.8 50.87 50.9 50.89 50.9 50.86 50.81 50.76 50.77 50.76 50.75 50.67 50.51 50.49 50.56 50.68 50.69 50.66 50.66 50.66 50.69 50.71 50.71 50.72 50.72 50.7 50.68 50.67 50.68 50.7 50.7 50.69 50.66 50.64 50.65 50.6 50.6 50.62 50.65 50.67 50.67 50.66 50.74 51.07 51.36 51.45 51.5 51.51 51.51 51.52 51.53 51.53 51.54 51.54 51.55 51.55 51.56 51.56 51.52 51.48 51.46 51.31 51.06 50.87 50.81 50.75 50.73 50.72 50.69 50.72 50.73 50.75 50.76 50.74 50.7 50.68 50.76
50.74 50.78 50.84 50.88 50.88 50.9 50.85 50.79 50.73 50.78 50.8 50.78 50.69 50.54 50.49 50.51 50.63 50.69 50.68 50.68 50.66 50.68 50.7 50.71 50.71 50.71 50.69 50.68 50.67 50.67 50.69 50.69 50.69 50.68 50.67 50.62 50.57 50.57 50.59 50.63 50.65 50.65 50.59 50.69 51.06 51.36 51.47 51.48 51.48 51.48 51.49 51.49 51.5 51.5 51.51 51.52 51.53 51.53 51.54 51.51 51.49 51.46 51.3 51.05 50.89 50.81 50.74 50.73 50.72 50.68 50.7 50.71 50.73 50.73 50.71 50.67 50.65 50.68
50.74 50.75 50.81 50.85 50.85 50.89 50.88 50.82 50.74 50.79 50.83 50.8 50.72 50.59 50.54 50.52 50.58 50.67 50.68 50.68 50.66 50.67 50.69 50.7 50.73 50.71 50.68 50.67 50.66 50.66 50.69 50.67 50.68 50.69 50.69 50.63 50.59 50.59 50.61 50.63 50.63 50.6 50.56 50.68 51.11 51.41 51.5 51.49 51.48 51.48 51.48 51.49 51.5 51.5 51.51 51.51 51.52 51.52 51.53 51.51 51.49 51.48 51.32 51.06 50.91 50.79 50.73 50.7 50.7 50.68 50.69 50.71 50.72 50.72 50.7 50.64 50.62 50.62
50.75 50.75 50.8 50.84 50.86 50.88 50.91 50.85 50.76 50.8 50.82 50.83 50.77 50.64 50.59 50.58 50.59 50.66 50.68 50.67 50.67 50.69 50.7 50.7 50.72 50.69 50.66 50.66 50.65 50.64 50.68 50.65 50.65 50.66 50.65 50.63 50.63 50.65 50.69 50.69 50.65 50.62 50.57 50.68 51.09 51.4 51.49 51.5 51.5 51.5 51.51 51.52 51.52 51.53 51.53 51.53 51.54 51.54 51.55 51.52 51.49 51.49 51.38 51.1 50.92 50.78 50.71 50.68 50.67 50.67 50.68 50.69 50.7 50.71 50.68 50.62 50.59 50.59
50.74 50.73 50.78 50.84 50.87 50.89 50.9 50.84 50.75 50.8 50.83 50.86 50.81 50.67 50.62 50.62 50.62 50.65 50.67 50.66 50.67 50.7 50.7 50.68 50.68 50.67 50.66 50.65 50.65 50.62 50.65 50.65 50.66 50.68 50.63 50.62 50.66 50.71 50.76 50.76 50.73 50.71 50.65 50.73 51.11 51.38 51.47 51.51 51.52 51.52 51.53 51.54 51.54 51.54 51.55 51.55 51.56 51.57 51.57 51.53 51.5 51.49 51.44 51.17 50.96 50.79 50.7 50.66 50.62 50.63 50.65 50.67 50.67 50.66 50.63 50.58 50.57 50.59
50.71 50.72 50.76 50.82 50.83 50.87 50.89 50.83 50.77 50.8 50.86 50.88 50.82 50.68 50.65 50.64 50.62 50.64 50.65 50.65 50.66 50.67 50.65 50.65 50.69 50.7 50.69 50.67 50.66 50.62 50.64 50.67 50.72 50.72 50.66 50.61 50.66 50.71 50.78 50.82 50.81 50.78 50.74 50.8 51.16 51.41 51.48 51.51 51.53 51.53 51.54 51.54 51.55 51.55 51.56 51.56 51.57 51.57 51.57 51.54 51.5 51.49 51.47 51.25 51.05 50.83 50.71 50.64 50.6 50.58 50.6 50.62 50.63 50.59 50.55 50.52 50.51 50.55
50.7 50.74 50.79 50.82 50.83 50.85 50.87 50.81 50.76 50.79 50.85 50.86 50.78 50.68 50.67 50.65 50.62 50.63 50.63 50.64 50.65 50.66 50.61 50.64 50.71 50.71 50.7 50.7 50.67 50.62 50.64 50.71 50.73 50.71 50.67 50.59 50.61 50.67 50.75 50.84 50.85 50.83 50.76 50.83 51.16 51.42 51.48 51.5 51.52 51.52 51.53 51.53 51.54 51.54 51.55 51.56 51.56 51.57 51.57 51.54 51.5 51.48 51.47 51.28 51.09 50.86 50.69 50.62 50.58 50.53 50.55 50.54 50.55 50.52 50.47 50.44 50.43 50.47
50.73 50.76 50.79 50.83 50.85 50.86 50.85 50.79 50.73 50.77 50.82 50.83 50.74 50.68 50.69 50.65 50.63 50.63 50.64 50.64 50.66 50.67 50.63 50.63 50.69 50.71 50.72 50.72 50.68 50.62 50.64 50.73 50.73 50.69 50.65 50.57 50.58 50.63 50.71 50.81 50.83 50.82 50.73 50.82 51.06 51.36 51.46 51.49 51.5 51.51 51.51 51.52 51.53 51.53 51.54 51.54 51.55 51.55 51.57 51.54 51.51 51.49 51.47 51.29 51.09 50.83 50.63 50.57 50.51 50.44 50.45 50.44 50.46 50.44 50.4 50.36 50.37 50.4
50.73 50.75 50.77 50.83 50.86 50.86 50.84 50.79 50.7 50.74 50.78 50.8 50.72 50.68 50.68 50.63 50.63 50.65 50.66 50.67 50.65 50.63 50.63 50.63 50.68 50.7 50.72 50.72 50.68 50.63 50.66 50.72 50.71 50.69 50.64 50.58 50.59 50.63 50.7 50.75 50.75 50.75 50.69 50.81 50.98 51.31 51.45 51.48 51.49 51.49 51.5 51.51 51.51 51.51 51.51 51.52 51.53 51.55 51.57 51.55 51.53 51.5 51.48 51.39 51.14 50.77 50.55 50.49 50.41 50.32 50.34 50.35 50.35 50.34 50.31 50.26 50.29 50.32
50.71 50.74 50.78 50.85 50.87 50.85 50.81 50.76 50.68 50.7 50.74 50.79 50.75 50.71 50.68 50.62 50.63 50.65 50.67 50.68 50.64 50.6 50.62 50.64 50.67 50.67 50.68 50.69 50.67 50.64 50.65 50.68 50.68 50.67 50.64 50.59 50.6 50.62 50.66 50.67 50.66 50.66 50.67 50.83 51 51.31 51.45 51.48 51.48 51.48 51.48 51.48 51.49 51.49 51.49 51.51 51.53 51.55 51.56 51.53 51.51 51.49 51.48 51.48 51.15 50.69 50.43 50.36 50.29 50.19 50.22 50.23 50.23 50.21 50.18 50.16 50.2 50.24
50.7 50.75 50.79 50.84 50.87 50.84 50.79 50.72 50.66 50.68 50.71 50.77 50.76 50.73 50.68 50.63 50.63 50.63 50.64 50.64 50.61 50.59 50.61 50.63 50.64 50.64 50.64 50.68 50.67 50.65 50.64 50.66 50.65 50.66 50.64 50.6 50.59 50.6 50.61 50.61 50.61 50.6 50.65 50.82 51.01 51.28 51.45 51.49 51.48 51.46 51.46 51.46 51.47 51.47 51.49 51.52 51.54 51.56 51.54 51.51 51.49 51.47 51.45 51.4 51.02 50.55 50.29 50.21 50.15 50.06 50.08 50.1 50.09 50.06 50.04 50.04 50.1 50.13
50.69 50.74 50.78 50.8 50.84 50.83 50.79 50.7 50.65 50.67 50.69 50.73 50.72 50.71 50.65 50.63 50.62 50.63 50.63 50.61 50.59 50.56 50.59 50.63 50.62 50.62 50.63 50.66 50.66 50.64 50.64 50.67 50.66 50.66 50.63 50.59 50.59 50.58 50.6 50.6 50.61 50.58 50.62 50.78 50.96 51.27 51.44 51.47 51.47 51.47 51.47 51.47 51.48 51.49 51.51 51.51 51.51 51.53 51.52 51.51 51.5 51.48 51.4 51.24 50.85 50.38 50.13 50.07 50 49.93 49.94 49.96 49.95 49.93 49.91 49.93 49.97 49.98
50.71 50.73 50.76 50.79 50.82 50.83 50.81 50.7 50.64 50.66 50.69 50.72 50.69 50.66 50.61 50.61 50.61 50.62 50.63 50.62 50.59 50.55 50.6 50.65 50.65 50.63 50.63 50.64 50.64 50.64 50.65 50.69 50.68 50.67 50.63 50.59 50.58 50.57 50.6 50.61 50.62 50.6 50.61 50.74 50.88 51.27 51.45 51.48 51.47 51.48 51.49 51.49 51.5 51.51 51.51 51.49 51.47 51.5 51.5 51.5 51.49 51.5 51.36 51.13 50.72 50.21 49.96 49.91 49.85 49.8 49.8 49.81 49.8 49.8 49.77 49.78 49.81 49.79
50.74 50.73 50.75 50.79 50.8 50.82 50.8 50.7 50.64 50.64 50.7 50.73 50.68 50.63 50.59 50.6 50.61 50.62 50.62 50.62 50.61 50.59 50.6 50.63 50.62 50.61 50.62 50.63 50.63 50.62 50.65 50.68 50.66 50.63 50.63 50.61 50.58 50.56 50.59 50.61 50.64 50.65 50.64 50.75 50.88 51.31 51.48 51.49 51.49 51.48 51.5 51.49 51.49 51.5 51.5 51.48 51.5 51.51 51.5 51.49 51.49 51.5 51.34 51.07 50.6 50.08 49.8 49.74 49.69 49.67 49.66 49.65 49.64 49.61 49.58 49.6 49.62 49.57
