slabs/21.grd
DSAA
631 301
643260 643890
4946000 4946300
41.07 52.11
[rows 0 to 33 of 301, columns 234 to 311 of 631]
50.75 50.68 50.62 50.62 50.72 50.82 50.92 50.85 50.78 50.79 50.79 50.77 50.76 50.75 50.64 50.59 50.54 50.57 50.52 50.35 50.23 50.25 50.28 50.27 50.25 50.28 50.23 50.15 50.13 50.15 50.16 50.09 50.03 50.02 50.01 50.03 50.05 50.01 49.97 49.97 49.99 49.97 49.96 49.97 49.97 49.98 49.94 49.9 49.92 49.91 49.91 49.9 49.9 49.87 49.86 49.89 49.91 49.95 49.94 49.91 49.86 49.84 49.84 49.83 49.81 49.82 49.81 49.79 49.77 49.79 49.79 49.79 49.82 49.8 49.8 49.8 49.77 49.76
50.55 50.47 50.4 50.38 50.5 50.63 50.74 50.59 50.44 50.39 50.36 50.32 50.31 50.29 50.25 50.23 50.21 50.2 50.18 50.12 50.07 50.08 50.11 50.1 50.09 50.12 50.09 50.03 50.01 50 49.97 49.96 49.96 49.97 49.95 49.94 49.94 49.93 49.93 49.94 49.99 50 50 50.02 50.05 50.07 50.02 49.98 50 49.96 49.93 49.93 49.92 49.89 49.87 49.87 49.88 49.9 49.89 49.89 49.85 49.83 49.84 49.81 49.8 49.82 49.84 49.82 49.8 49.8 49.8 49.79 49.81 49.82 49.83 49.81 49.78 49.77
50.33 50.29 50.24 50.17 50.2 50.27 50.31 50.24 50.14 50.08 50.05 50 49.98 49.98 50 49.97 49.96 50 50 49.99 49.99 49.99 49.99 49.98 49.96 50.02 50.02 50.01 50 49.95 49.92 49.94 49.98 49.97 49.95 49.92 49.93 49.94 49.95 49.96 50.01 50.02 50.03 50.06 50.09 50.07 50.01 49.99 49.98 49.96 49.94 49.92 49.91 49.88 49.84 49.84 49.87 49.87 49.86 49.84 49.82 49.83 49.83 49.79 49.8 49.83 49.84 49.82 49.81 49.81 49.81 49.8 49.81 49.82 49.81 49.79 49.78 49.78
50.18 50.14 50.1 50.04 50.01 50.01 50.01 49.99 49.98 49.95 49.92 49.9 49.88 49.9 49.91 49.89 49.89 49.94 49.96 49.97 50 49.97 49.98 49.95 49.94 49.98 49.99 50.01 50.01 49.96 49.95 49.96 49.99 50 49.95 49.92 49.94 49.97 49.97 49.97 49.98 49.99 49.99 50.02 50.05 50 49.95 49.94 49.92 49.93 49.94 49.93 49.9 49.86 49.82 49.84 49.88 49.9 49.87 49.82 49.83 49.84 49.85 49.8 49.81 49.82 49.82 49.82 49.8 49.8 49.79 49.79 49.8 49.81 49.8 49.77 49.78 49.8
50.07 50.05 50.03 50 49.99 49.98 49.95 49.92 49.94 49.93 49.9 49.9 49.9 49.93 49.9 49.9 49.9 49.93 49.95 49.97 50 49.98 49.97 49.95 49.95 49.96 49.97 49.96 49.97 49.97 49.98 49.98 49.99 50.03 49.98 49.96 49.96 49.97 49.97 49.97 49.93 49.93 49.96 49.98 50 49.96 49.92 49.91 49.91 49.93 49.93 49.93 49.9 49.86 49.84 49.87 49.91 49.92 49.87 49.84 49.86 49.87 49.87 49.81 49.79 49.8 49.8 49.82 49.8 49.8 49.78 49.79 49.8 49.8 49.79 49.75 49.77 49.8
50.02 50 50.02 50.01 50 49.98 49.95 49.92 49.93 49.94 49.92 49.92 49.93 49.96 49.94 49.95 49.96 49.96 49.95 49.96 49.96 49.96 49.95 49.94 49.93 49.95 49.95 49.93 49.93 49.94 49.98 50 50.01 50.02 50 49.99 49.96 49.95 49.96 49.98 49.91 49.89 49.94 49.97 49.97 49.95 49.93 49.91 49.91 49.95 49.94 49.94 49.93 49.88 49.87 49.87 49.89 49.88 49.84 49.84 49.87 49.87 49.84 49.79 49.76 49.78 49.8 49.83 49.84 49.83 49.82 49.81 49.81 49.81 49.81 49.77 49.76 49.78
49.98 49.98 50 50 49.99 49.98 49.96 49.94 49.94 49.95 49.95 49.95 49.96 49.96 49.98 50.01 50 49.99 49.96 49.94 49.94 49.93 49.93 49.92 49.9 49.95 49.95 49.93 49.9 49.89 49.94 49.99 49.99 49.98 49.99 50 49.97 49.96 49.96 49.95 49.92 49.91 49.96 49.99 50 49.99 49.96 49.93 49.91 49.96 49.96 49.94 49.94 49.89 49.87 49.85 49.84 49.84 49.83 49.83 49.85 49.84 49.82 49.77 49.76 49.77 49.79 49.83 49.87 49.87 49.85 49.84 49.82 49.81 49.81 49.78 49.76 49.76
49.96 49.98 49.99 49.99 50 49.98 49.97 49.95 49.95 49.97 49.96 49.95 49.95 49.97 49.98 50.01 50 49.98 49.96 49.94 49.94 49.92 49.91 49.92 49.91 49.94 49.95 49.93 49.89 49.86 49.9 49.95 49.97 49.99 49.99 49.99 49.97 49.97 49.95 49.91 49.93 49.97 50.01 50.03 50.03 50.01 49.99 49.95 49.93 49.96 49.96 49.94 49.92 49.87 49.84 49.8 49.8 49.82 49.82 49.82 49.83 49.85 49.84 49.81 49.77 49.77 49.79 49.85 49.88 49.88 49.86 49.84 49.82 49.8 49.78 49.77 49.77 49.78
49.96 49.97 49.98 49.99 50 49.98 49.97 49.95 49.95 49.96 49.95 49.94 49.93 49.96 49.97 49.97 49.96 49.95 49.95 49.95 49.94 49.94 49.93 49.95 49.92 49.93 49.93 49.94 49.91 49.88 49.9 49.93 49.96 49.99 49.98 49.97 49.97 49.96 49.93 49.9 49.93 50.02 50.09 50.08 50.06 50.01 49.98 49.97 49.96 49.95 49.95 49.94 49.89 49.84 49.82 49.78 49.78 49.8 49.82 49.82 49.85 49.88 49.88 49.85 49.8 49.79 49.8 49.86 49.88 49.86 49.85 49.82 49.81 49.79 49.79 49.78 49.79 49.79
49.99 49.98 49.97 49.97 49.96 49.94 49.94 49.94 49.94 49.94 49.94 49.95 49.96 49.97 49.96 49.95 49.94 49.92 49.93 49.95 49.94 49.94 49.97 49.98 49.94 49.93 49.92 49.92 49.92 49.92 49.93 49.93 49.95 49.96 49.95 49.96 50 49.99 49.96 49.93 49.96 50.07 50.15 50.12 50.07 50 49.96 49.95 50 49.98 49.98 49.96 49.87 49.83 49.83 49.82 49.8 49.8 49.82 49.83 49.87 49.89 49.89 49.87 49.84 49.84 49.83 49.9 49.9 49.84 49.83 49.81 49.8 49.79 49.8 49.79 49.81 49.81
50.01 50 49.97 49.95 49.93 49.92 49.92 49.92 49.93 49.95 49.95 49.98 50 50 49.99 49.97 49.96 49.94 49.94 49.95 49.93 49.92 49.96 49.98 49.95 49.93 49.92 49.92 49.91 49.93 49.92 49.9 49.93 49.93 49.92 49.94 50.04 50.08 50.06 50.02 50.04 50.1 50.14 50.11 50.07 50 49.95 49.93 49.97 50 50.02 49.97 49.9 49.88 49.88 49.89 49.86 49.85 49.86 49.9 49.9 49.9 49.91 49.9 49.88 49.88 49.88 49.92 49.89 49.84 49.82 49.81 49.8 49.79 49.79 49.79 49.81 49.81
50.03 50.01 49.99 49.97 49.96 49.95 49.94 49.94 49.94 49.98 49.98 49.98 50 50.01 50 49.99 50 49.97 49.95 49.93 49.91 49.9 49.95 49.97 49.94 49.91 49.91 49.91 49.89 49.9 49.9 49.88 49.88 49.9 49.9 49.95 50.08 50.16 50.16 50.11 50.11 50.12 50.14 50.11 50.08 50.05 50 49.96 49.95 50 50.02 50 49.96 49.93 49.92 49.92 49.91 49.91 49.93 49.98 49.96 49.94 49.93 49.93 49.91 49.9 49.89 49.88 49.84 49.82 49.83 49.8 49.79 49.78 49.79 49.8 49.82 49.81
50.05 50.01 49.98 49.98 49.98 49.96 49.93 49.94 49.93 49.97 49.99 49.98 49.99 49.98 49.98 49.97 49.97 49.96 49.95 49.92 49.91 49.9 49.93 49.96 49.95 49.92 49.92 49.92 49.89 49.89 49.89 49.88 49.88 49.92 49.94 49.99 50.1 50.16 50.17 50.13 50.17 50.16 50.16 50.14 50.11 50.09 50.08 50.05 49.98 50.01 50.03 50.03 50 49.98 49.97 49.96 49.94 49.94 49.96 49.99 49.96 49.95 49.94 49.95 49.91 49.89 49.88 49.84 49.81 49.8 49.82 49.81 49.8 49.8 49.83 49.83 49.82 49.81
50.06 50.01 49.99 49.98 49.98 49.98 49.94 49.93 49.92 49.95 49.96 49.97 49.98 49.96 49.96 49.95 49.93 49.93 49.95 49.94 49.93 49.91 49.93 49.95 49.94 49.94 49.95 49.94 49.9 49.9 49.91 49.9 49.94 49.98 49.99 50.05 50.1 50.14 50.17 50.17 50.22 50.22 50.21 50.17 50.08 50.07 50.08 50.06 50 50 50.04 50.03 50.03 50.02 50.01 50 49.96 49.95 49.96 49.96 49.93 49.92 49.94 49.99 49.97 49.91 49.88 49.84 49.8 49.79 49.82 49.83 49.84 49.84 49.86 49.84 49.84 49.83
50.07 50.02 50.01 50.02 50.03 50 49.98 49.97 49.96 49.97 49.95 49.97 49.97 49.96 49.95 49.94 49.92 49.93 49.95 49.96 49.94 49.92 49.93 49.94 49.94 49.95 49.97 49.95 49.91 49.91 49.94 49.94 49.97 50.01 50.02 50.06 50.09 50.14 50.17 50.2 50.19 50.15 50.14 50.1 50.03 50.01 50.01 50.01 49.98 49.98 50 50 50.02 50.02 50.02 50.01 49.98 49.97 49.94 49.92 49.91 49.91 49.94 50.04 50.05 49.98 49.9 49.84 49.81 49.8 49.84 49.86 49.87 49.87 49.87 49.85 49.86 49.85
50.07 50.03 50.03 50.07 50.08 50.04 50.01 50.01 49.99 49.97 49.96 49.97 49.99 49.97 49.95 49.94 49.94 49.96 49.99 49.98 49.95 49.93 49.94 49.93 49.93 49.94 49.97 49.97 49.92 49.92 49.94 49.94 49.94 49.99 50.03 50.02 50.01 50.07 50.1 50.16 50.1 50.04 50.02 50.01 50 49.97 49.95 49.95 49.95 49.97 49.97 49.98 50 50 50.02 49.99 49.96 49.96 49.91 49.89 49.9 49.93 49.95 50.03 50.04 50 49.93 49.85 49.84 49.84 49.87 49.87 49.89 49.87 49.89 49.86 49.88 49.87
50.07 50.05 50.05 50.08 50.11 50.08 50.05 50.05 50.03 49.99 49.97 49.97 50.02 49.99 49.96 49.96 49.98 50 50.02 49.99 49.97 49.94 49.94 49.94 49.93 49.92 49.94 49.96 49.95 49.95 49.92 49.91 49.92 49.97 50 49.96 49.93 50 50.05 50.11 50.05 50 50 49.98 49.96 49.95 49.95 49.95 49.97 50 50.01 49.99 49.97 49.96 49.99 49.96 49.92 49.91 49.88 49.87 49.9 49.93 49.94 49.99 49.99 49.97 49.92 49.86 49.87 49.88 49.86 49.86 49.88 49.86 49.88 49.86 49.85 49.87
50.04 50.03 50.06 50.1 50.13 50.13 50.1 50.07 50.06 50.01 49.98 49.98 50.01 49.98 49.98 49.98 49.98 49.99 50 49.97 49.98 49.97 49.96 49.96 49.94 49.92 49.92 49.94 49.97 49.96 49.92 49.9 49.93 49.97 49.97 49.91 49.91 50 50.04 50.05 50 49.95 49.96 49.92 49.92 49.94 49.97 49.99 50 50.02 50.06 50.03 49.97 49.94 49.96 49.94 49.89 49.87 49.86 49.88 49.89 49.89 49.9 49.94 49.95 49.96 49.92 49.89 49.9 49.88 49.82 49.83 49.85 49.85 49.87 49.86 49.84 49.84
50.01 50.01 50.06 50.13 50.16 50.17 50.14 50.11 50.09 50.04 50.02 50.02 50.03 50 49.98 49.98 49.96 49.95 49.97 49.96 49.98 50 50 49.98 49.95 49.94 49.94 49.94 49.96 49.96 49.94 49.9 49.94 49.99 49.99 49.91 49.91 49.99 50.01 49.99 49.96 49.93 49.92 49.89 49.91 49.94 50.01 50 50.01 50.04 50.06 50.05 49.99 49.96 49.95 49.94 49.9 49.87 49.88 49.89 49.89 49.87 49.88 49.93 49.94 49.95 49.91 49.9 49.9 49.86 49.82 49.81 49.83 49.83 49.84 49.86 49.87 49.83
50.01 50 50.05 50.11 50.15 50.16 50.16 50.16 50.14 50.12 50.11 50.11 50.08 50.03 50 50 49.97 49.97 49.98 49.97 49.98 49.98 49.98 49.97 49.96 49.97 49.98 49.96 49.95 49.96 49.93 49.91 49.94 50 50.01 49.93 49.91 49.95 49.95 49.94 49.93 49.93 49.92 49.88 49.92 49.96 50.03 50.01 50.04 50.07 50.06 50.06 50.04 50.04 49.99 49.98 49.95 49.92 49.94 49.92 49.9 49.87 49.89 49.9 49.87 49.88 49.86 49.86 49.86 49.85 49.83 49.8 49.8 49.81 49.8 49.82 49.84 49.81
50.04 50.01 50.04 50.07 50.08 50.09 50.11 50.15 50.17 50.18 50.16 50.14 50.11 50.07 50.06 50.05 50.02 50 49.99 50 49.98 49.97 49.96 49.94 49.95 49.99 50.01 49.97 49.94 49.93 49.92 49.92 49.94 49.99 49.98 49.92 49.89 49.88 49.88 49.9 49.92 49.93 49.93 49.92 49.96 50 50.04 50.04 50.08 50.09 50.04 50.03 50.08 50.12 50.05 50.02 49.99 49.97 49.97 49.92 49.89 49.87 49.87 49.86 49.81 49.83 49.84 49.85 49.86 49.85 49.83 49.79 49.79 49.8 49.79 49.81 49.82 49.79
50.02 50 50.05 50.07 50.05 50.03 50.04 50.07 50.12 50.13 50.11 50.1 50.12 50.1 50.1 50.09 50.05 50.02 49.99 49.99 49.97 49.98 49.97 49.95 49.98 49.99 49.99 49.97 49.94 49.92 49.91 49.93 49.96 49.98 49.96 49.94 49.9 49.86 49.85 49.88 49.91 49.93 49.94 49.97 50.01 50.04 50.03 50.06 50.08 50.07 50 49.98 50.03 50.1 50.06 50.02 49.97 49.94 49.92 49.89 49.86 49.84 49.85 49.84 49.82 49.83 49.86 49.86 49.86 49.85 49.84 49.82 49.82 49.81 49.79 49.79 49.79 49.8
49.98 49.98 50.03 50.08 50.07 50.01 49.99 50.02 50.08 50.09 50.06 50.08 50.1 50.09 50.08 50.08 50.09 50.06 50.03 50.01 49.98 49.98 49.98 49.98 50.01 49.99 49.98 49.96 49.94 49.93 49.93 49.96 49.98 49.99 49.99 49.99 49.95 49.91 49.88 49.87 49.9 49.92 49.98 50.04 50.08 50.09 50.03 50.02 50.03 50.04 49.98 49.94 49.95 50 50.03 49.97 49.92 49.88 49.87 49.87 49.84 49.81 49.82 49.82 49.82 49.84 49.87 49.85 49.84 49.85 49.86 49.85 49.85 49.82 49.82 49.79 49.78 49.8
50 49.98 50.01 50.05 50.07 50.03 49.99 50.03 50.08 50.06 50.02 50.06 50.07 50.07 50.07 50.08 50.13 50.11 50.09 50.06 50.01 50 50 50.02 50.03 50 49.98 49.97 49.96 49.96 49.96 49.99 50 50 49.99 49.99 50 49.99 49.95 49.9 49.91 49.94 50.03 50.09 50.12 50.11 50.01 49.96 49.96 50.02 50.01 49.97 49.94 49.95 49.96 49.92 49.9 49.88 49.87 49.86 49.86 49.84 49.82 49.82 49.83 49.85 49.86 49.84 49.84 49.84 49.84 49.84 49.83 49.82 49.83 49.8 49.79 49.81
50.05 50.01 50.03 50.04 50.06 50.04 50.02 50.03 50.05 50.03 50.01 50.04 50.07 50.08 50.1 50.11 50.14 50.12 50.1 50.1 50.04 50.02 50.02 50.04 50.03 50 49.98 49.99 50 50.01 49.99 50.01 50.01 50 49.97 49.94 49.99 50.03 49.99 49.94 49.95 49.97 50.01 50.04 50.06 50.07 49.99 49.94 49.94 49.99 50.01 49.99 49.97 49.94 49.93 49.92 49.92 49.92 49.88 49.86 49.86 49.85 49.83 49.83 49.83 49.83 49.82 49.81 49.8 49.82 49.82 49.82 49.81 49.81 49.82 49.81 49.79 49.8
50.08 50.04 50.06 50.06 50.03 50.02 50.02 50.02 50.04 50.03 50.02 50.03 50.07 50.09 50.11 50.12 50.12 50.1 50.11 50.13 50.08 50.04 50.03 50.03 50.01 49.99 49.98 49.98 49.99 50 50 50 50 50 49.96 49.9 49.95 50.01 49.97 49.96 49.98 49.98 49.98 49.99 50.03 50.04 50 49.99 49.98 50 49.98 49.97 49.95 49.93 49.94 49.94 49.96 49.95 49.91 49.87 49.84 49.85 49.84 49.84 49.84 49.81 49.79 49.79 49.79 49.8 49.8 49.8 49.79 49.82 49.81 49.82 49.79 49.76
50.09 50.06 50.07 50.07 50.03 50.01 50 49.99 50 50.02 50.02 50.03 50.05 50.06 50.07 50.07 50.05 50.03 50.06 50.12 50.1 50.07 50.02 49.99 49.98 49.98 49.97 49.97 49.98 49.98 50 49.99 49.98 49.99 49.96 49.93 49.95 49.98 49.94 49.92 49.94 49.99 49.97 49.99 50.04 50.03 50 50.03 50.04 50.03 49.98 49.94 49.93 49.93 49.95 49.94 49.96 49.93 49.94 49.91 49.86 49.87 49.86 49.84 49.85 49.82 49.79 49.79 49.8 49.8 49.81 49.82 49.81 49.83 49.81 49.8 49.77 49.74
50.1 50.08 50.07 50.04 50.02 50.03 50.02 49.97 49.98 50 50.01 50.03 50.02 50.02 50.01 49.99 49.97 49.96 49.99 50.08 50.1 50.06 49.99 49.94 49.96 50 50 49.99 49.99 49.99 50 49.97 49.95 49.94 49.95 49.96 49.95 49.94 49.92 49.89 49.9 49.97 49.97 49.99 50.03 50.02 50.02 50.03 50.04 50.03 49.98 49.94 49.93 49.94 49.97 49.94 49.94 49.92 49.95 49.94 49.9 49.9 49.89 49.86 49.86 49.83 49.82 49.81 49.82 49.83 49.83 49.84 49.83 49.81 49.78 49.78 49.76 49.76
50.12 50.07 50.04 50.01 50.01 50.04 50.04 49.99 49.97 49.99 49.99 50.02 50.01 50.01 49.99 49.96 49.97 49.97 50 50.06 50.08 50.03 49.97 49.93 49.98 50.04 50.07 50.06 50.03 50.01 49.99 49.95 49.94 49.94 49.96 49.95 49.93 49.92 49.89 49.86 49.87 49.91 49.97 49.99 50.02 50.01 50.02 50.01 49.99 50.01 49.97 49.95 49.95 49.96 50 49.95 49.92 49.91 49.93 49.93 49.9 49.88 49.87 49.85 49.87 49.86 49.86 49.86 49.85 49.84 49.84 49.84 49.82 49.81 49.78 49.77 49.76 49.77
50.13 50.04 50 50 50 50.01 50 49.98 49.98 50 49.98 49.97 50 50 49.97 49.98 50.01 50 50.02 50.04 50.01 49.98 49.95 49.93 49.99 50.05 50.09 50.09 50.05 50.04 50.02 49.98 49.96 49.96 49.97 49.95 49.92 49.91 49.87 49.86 49.86 49.86 49.94 49.98 50 49.99 50.01 49.98 49.96 50.02 49.98 49.97 49.96 49.96 49.99 49.95 49.9 49.88 49.87 49.86 49.86 49.82 49.84 49.85 49.87 49.87 49.87 49.87 49.85 49.81 49.82 49.83 49.82 49.8 49.78 49.76 49.75 49.74
50.14 50.07 50.04 50 49.98 49.97 49.95 49.98 50 50.01 49.97 49.95 49.97 49.99 49.97 49.98 50 49.99 50.01 50.01 49.97 49.94 49.93 49.92 49.99 50.05 50.07 50.07 50.04 50.05 50.04 50 49.97 49.96 50 49.97 49.92 49.9 49.87 49.87 49.85 49.86 49.91 49.95 49.98 50 50.02 49.98 49.95 50.02 49.99 49.96 49.93 49.92 49.91 49.89 49.87 49.86 49.84 49.82 49.83 49.81 49.84 49.85 49.85 49.84 49.85 49.85 49.83 49.79 49.79 49.81 49.8 49.78 49.78 49.77 49.74 49.73
50.14 50.1 50.07 50 49.95 49.95 49.96 49.97 49.97 49.96 49.94 49.95 49.99 50.01 50 49.97 49.96 49.98 49.97 49.99 49.97 49.95 49.92 49.93 49.99 50.04 50.06 50.09 50.07 50.07 50.02 49.99 49.96 49.95 50.03 49.99 49.92 49.9 49.87 49.86 49.85 49.88 49.91 49.93 49.96 50.02 50.05 50.01 49.96 49.98 49.96 49.93 49.9 49.87 49.84 49.84 49.87 49.88 49.86 49.82 49.81 49.82 49.84 49.83 49.85 49.82 49.81 49.82 49.81 49.79 49.8 49.8 49.79 49.78 49.8 49.78 49.75 49.73
50.13 50.09 50.07 50.01 49.97 49.95 49.97 49.96 49.95 49.95 49.94 49.94 49.98 49.99 49.99 49.95 49.93 49.95 49.95 49.97 49.97 49.96 49.93 49.94 49.98 50 50.05 50.1 50.11 50.07 49.99 49.97 49.95 49.93 50 49.98 49.94 49.9 49.87 49.87 49.88 49.92 49.95 49.96 49.99 50.03 50.06 50.05 49.99 49.95 49.92 49.9 49.91 49.88 49.85 49.85 49.87 49.87 49.84 49.82 49.8 49.82 49.84 49.83 49.85 49.82 49.8 49.8 49.79 49.8 49.81 49.81 49.79 49.79 49.8 49.79 49.76 49.73
50.16 50.09 50.07 50.04 50 49.98 49.96 49.94 49.95 49.97 49.96 49.94 49.95 49.96 49.97 49.94 49.92 49.92 49.93 49.95 49.96 49.95 49.94 49.94 49.95 49.96 50.01 50.05 50.07 50.04 49.98 49.95 49.94 49.91 49.94 49.98 49.98 49.92 49.91 49.9 49.9 49.91 49.95 50.01 50.05 50.03 50.05 50.04 49.99 49.93 49.91 49.89 49.9 49.89 49.88 49.88 49.89 49.87 49.84 49.82 49.81 49.83 49.84 49.83 49.83 49.84 49.83 49.82 49.79 49.8 49.81 49.8 49.8 49.8 49.8 49.78 49.76 49.72
