slabs/22.grd
DSAA
631 301
643260 643890
4946300 4946600
38.03 50.08
[rows 102 to 135 of 301, columns 312 to 389 of 631]
41.94 41.97 41.98 41.95 41.9 41.92 41.95 41.98 41.98 41.92 41.85 41.8 41.79 41.81 41.81 41.84 41.88 41.91 41.93 41.87 41.82 41.86 1.70141e38 41.87 41.86 41.86 41.83 41.81 41.77 41.77 41.76 41.74 41.74 41.8 41.81 41.81 41.8 41.82 41.83 41.87 41.85 41.83 41.81 41.8 41.79 41.78 41.78 41.77 41.76 41.76 41.82 41.88 41.86 41.84 41.8 41.73 41.69 41.68 41.67 41.7 41.72 41.72 41.72 41.66 41.66 41.67 41.68 41.69 41.72 41.75 41.78 41.81 41.86 41.82 41.74 41.67 41.62 41.6
41.94 41.97 41.97 41.92 41.87 41.91 41.95 41.97 41.97 41.92 41.85 41.75 41.7 41.72 41.75 41.79 41.84 41.9 41.93 41.93 41.88 41.89 1.70141e38 41.91 41.89 41.89 41.87 41.88 41.88 41.87 41.87 41.85 41.85 41.93 41.94 41.92 41.89 41.91 41.95 41.98 41.96 41.92 41.91 41.88 41.85 41.83 41.82 41.8 41.79 41.79 41.82 41.87 41.85 41.87 41.87 41.78 41.77 41.77 41.75 41.76 41.79 41.8 41.8 41.75 41.77 41.76 41.75 41.75 41.76 41.77 41.78 41.85 41.88 41.84 41.76 41.67 41.62 41.53
41.95 41.96 41.96 41.91 41.88 41.93 41.97 41.98 41.97 41.92 41.85 41.78 41.73 41.74 41.77 41.8 41.84 41.89 41.91 41.94 41.93 41.92 1.70141e38 41.89 41.87 41.86 41.87 41.92 41.96 41.93 41.92 41.92 41.98 42.06 42.09 42.12 42.11 42.13 42.13 42.1 42.06 42.03 42.02 41.98 41.95 41.92 41.9 41.87 41.86 41.89 41.91 41.95 41.95 41.96 41.92 41.83 41.82 41.83 41.83 41.8 41.81 41.83 41.85 41.82 41.8 41.78 41.77 41.77 41.77 41.75 41.75 41.84 41.9 41.87 41.75 41.65 41.6 41.49
41.98 41.98 41.98 41.95 41.93 41.96 41.98 41.99 41.98 41.94 41.89 41.83 41.78 41.79 41.8 41.83 41.86 41.89 41.91 41.94 41.95 41.92 1.70141e38 41.82 41.79 41.79 41.81 41.86 41.92 41.92 41.91 41.88 41.96 42.1 42.15 42.2 42.21 42.21 42.22 42.2 42.16 42.13 42.11 42.07 42.06 42.04 42.01 41.97 41.94 41.96 41.96 42.01 41.99 41.97 41.9 41.82 41.82 41.83 41.84 41.8 41.77 41.78 41.85 41.87 41.8 41.8 41.79 41.75 41.71 41.68 41.72 41.82 41.84 41.9 41.83 41.7 41.63 41.47
42.03 42.04 42.03 41.98 41.98 42 42.01 42.02 41.99 41.97 41.94 41.89 41.84 41.84 41.85 41.86 41.88 41.9 41.91 41.94 41.94 41.89 1.70141e38 41.76 41.73 41.72 41.74 41.81 41.9 41.94 41.94 41.93 41.96 42.1 42.16 42.22 42.2 42.21 42.23 42.27 42.24 42.21 42.2 42.15 42.13 42.12 42.08 42.04 42 41.99 41.97 41.97 41.91 41.89 41.83 41.78 41.83 41.84 41.85 41.79 41.73 41.75 41.83 41.91 41.87 41.83 41.76 41.67 41.68 41.69 41.72 41.78 41.8 41.84 41.88 41.87 41.8 41.64
42.06 42.09 42.06 42.01 42.02 42.05 42.07 42.06 42.01 41.97 41.95 41.9 41.86 41.88 41.89 41.89 41.9 41.91 41.93 41.94 41.91 41.86 1.70141e38 41.74 41.72 41.69 41.72 41.81 41.93 42.01 42.01 41.98 41.96 42.08 42.1 42.17 42.17 42.2 42.24 42.3 42.3 42.27 42.25 42.2 42.16 42.15 42.11 42.07 42.04 42.01 41.94 41.88 41.83 41.82 41.79 41.78 41.83 41.86 41.86 41.79 41.73 41.74 41.87 42 41.89 41.82 41.69 41.58 41.6 41.68 41.74 41.76 41.76 41.78 41.81 41.85 41.85 41.79
42.04 42.09 42.09 42.07 42.09 42.12 42.13 42.1 42.02 41.96 41.92 41.88 41.88 41.91 41.93 41.93 41.92 41.93 41.94 41.95 41.9 41.85 1.70141e38 41.77 41.75 41.72 41.75 41.84 41.96 42.01 42.03 42.02 41.98 42.03 42.05 42.12 42.15 42.19 42.24 42.31 42.33 42.32 42.28 42.23 42.2 42.19 42.15 42.11 42.07 42.03 41.89 41.8 41.78 41.77 41.77 41.79 41.84 41.86 41.87 41.81 41.76 41.8 41.91 41.93 41.89 41.79 41.71 41.65 41.65 41.68 41.74 41.77 41.77 41.74 41.75 41.79 41.82 41.88
42.02 42.07 42.11 42.14 42.17 42.18 42.17 42.11 42.01 41.94 41.9 41.88 41.91 41.95 41.97 41.96 41.94 41.95 41.95 41.95 41.9 41.85 1.70141e38 41.82 41.81 41.78 41.8 41.87 41.95 42 42.03 42.04 41.99 42.02 42.05 42.1 42.15 42.18 42.24 42.31 42.36 42.35 42.31 42.27 42.23 42.22 42.18 42.14 42.1 42.03 41.86 41.79 41.78 41.78 41.77 41.79 41.84 41.87 41.88 41.86 41.89 41.94 41.91 41.86 41.85 41.77 41.72 41.71 41.7 41.73 41.78 41.8 41.8 41.77 41.75 41.77 41.83 41.93
42.05 42.08 42.13 42.21 42.25 42.22 42.17 42.08 41.97 41.92 41.91 41.91 41.97 42.01 42.03 42.02 41.96 41.95 41.94 41.93 41.9 41.86 1.70141e38 41.87 41.86 41.85 41.85 41.9 41.97 42.01 42.03 42.03 42.01 42.04 42.07 42.11 42.15 42.18 42.24 42.32 42.38 42.37 42.34 42.3 42.27 42.26 42.22 42.18 42.12 42.03 41.89 41.89 41.83 41.81 41.79 41.8 41.83 41.87 41.89 41.89 41.9 41.93 41.9 41.86 41.84 41.77 41.75 41.75 41.75 41.75 41.84 41.89 41.89 41.85 41.79 41.81 41.87 41.93
42.12 42.12 42.16 42.25 42.27 42.2 42.13 42.02 41.92 41.9 41.92 41.95 42.01 42.07 42.09 42.07 41.98 41.93 41.89 41.91 41.91 41.88 41.89 41.91 41.91 41.91 41.9 41.92 41.99 42.02 42.02 42.01 42.03 42.06 42.1 42.15 42.18 42.2 42.25 42.32 42.38 42.39 42.38 42.34 42.31 42.29 42.25 42.19 42.08 42.01 41.96 41.98 41.95 41.91 41.84 41.8 41.82 41.87 41.9 41.9 41.91 41.92 41.9 41.87 41.87 41.85 41.88 41.85 41.83 41.76 41.83 41.88 41.9 41.9 41.84 41.86 41.87 41.91
42.18 42.18 42.21 42.27 42.25 42.17 42.09 41.97 41.9 41.88 41.88 41.92 42.01 42.09 42.13 42.1 42.01 41.92 41.87 41.89 41.91 41.91 41.93 41.94 41.96 41.96 41.95 41.96 42.01 42.01 42.01 42.03 42.06 42.09 42.14 42.18 42.22 42.22 42.25 42.32 42.38 42.4 42.41 42.37 42.34 42.33 42.28 42.2 42.07 42.03 42.04 42.06 42.06 42.03 41.95 41.89 41.88 41.88 41.91 41.93 41.95 41.97 41.99 41.95 41.95 41.93 41.97 41.96 41.89 41.78 41.75 41.76 41.79 41.87 41.89 41.91 41.91 41.94
42.22 42.21 42.23 42.26 42.2 42.13 42.07 41.98 41.91 41.89 41.87 41.87 42.01 42.12 42.18 42.16 42.08 42.02 41.96 41.93 41.92 41.92 41.94 41.94 41.99 41.99 42 42.01 42.03 42.02 42.03 42.06 42.1 42.12 42.16 42.21 42.28 42.26 42.27 42.32 42.38 42.4 42.44 42.41 42.38 42.36 42.31 42.18 42.13 42.1 42.12 42.15 42.16 42.19 42.15 42.09 42.05 41.99 41.95 42 42.01 42.03 42.05 42.03 42.01 41.96 41.96 41.99 41.94 41.84 41.76 41.75 41.75 41.85 41.96 41.98 42 42.05
42.25 42.25 42.26 42.23 42.17 42.12 42.09 42.03 41.97 41.94 41.9 41.91 42.08 42.21 42.28 42.25 42.18 42.14 42.09 42 41.94 41.92 41.95 41.96 42.02 42.02 42.03 42.04 42.04 42.05 42.06 42.09 42.13 42.15 42.19 42.24 42.33 42.31 42.3 42.33 42.37 42.41 42.47 42.44 42.41 42.4 42.31 42.2 42.2 42.22 42.25 42.27 42.29 42.33 42.31 42.24 42.22 42.12 42.03 42.07 42.07 42.06 42.06 42.04 42.02 41.97 41.93 41.96 41.98 41.94 41.92 41.91 41.9 41.97 42.1 42.09 42.11 42.26
42.27 42.29 42.27 42.22 42.19 42.16 42.13 42.08 42.02 41.98 41.96 42.04 42.18 42.26 42.3 42.28 42.2 42.14 42.09 42.01 41.94 41.92 41.94 41.96 42.05 42.05 42.05 42.06 42.09 42.09 42.1 42.13 42.15 42.18 42.22 42.27 42.36 42.35 42.33 42.36 42.39 42.42 42.48 42.48 42.49 42.43 42.35 42.27 42.28 42.31 42.34 42.35 42.36 42.38 42.4 42.33 42.29 42.15 42.07 42.12 42.1 42.07 42.06 42.04 42.03 41.98 41.94 41.97 42.01 42.03 42.06 42.06 42.1 42.24 42.45 42.48 42.55 42.74
42.29 42.28 42.24 42.23 42.22 42.2 42.17 42.12 42.06 42.03 42.05 42.15 42.24 42.26 42.26 42.22 42.15 42.1 42.04 41.98 41.94 41.92 41.94 41.97 42.05 42.06 42.09 42.1 42.09 42.08 42.12 42.17 42.19 42.21 42.26 42.31 42.39 42.39 42.38 42.4 42.41 42.45 42.49 42.53 42.53 42.48 42.41 42.34 42.33 42.33 42.34 42.33 42.33 42.41 42.45 42.39 42.32 42.12 42.09 42.14 42.13 42.11 42.08 42.04 42.04 42.02 41.99 42 42.05 42.12 42.25 42.28 42.37 42.51 42.69 42.81 43.01 43.21
42.29 42.26 42.25 42.25 42.25 42.23 42.2 42.16 42.11 42.08 42.1 42.19 42.23 42.23 42.22 42.19 42.15 42.11 42.06 42 41.96 41.94 41.93 41.98 42.05 42.08 42.13 42.14 42.16 42.13 42.13 42.19 42.23 42.27 42.31 42.36 42.44 42.47 42.45 42.44 42.45 42.48 42.52 42.55 42.55 42.5 42.43 42.36 42.34 42.31 42.28 42.27 42.27 42.42 42.47 42.44 42.37 42.16 42.16 42.17 42.16 42.13 42.08 42.06 42.06 42.16 42.13 42.1 42.11 42.34 42.36 42.46 42.71 42.86 42.95 43.09 43.3 43.42
42.29 42.28 42.28 42.28 42.27 42.26 42.23 42.19 42.16 42.15 42.15 42.2 42.21 42.21 42.21 42.21 42.2 42.17 42.12 42.05 42.01 41.97 41.93 41.98 42.05 42.08 42.16 42.2 42.22 42.23 42.21 42.25 42.27 42.31 42.35 42.4 42.46 42.53 42.53 42.48 42.48 42.51 42.55 42.54 42.52 42.5 42.44 42.36 42.33 42.3 42.29 42.29 42.29 42.37 42.47 42.44 42.38 42.25 42.23 42.23 42.16 42.1 42.14 42.15 42.18 42.29 42.25 42.22 42.22 42.49 42.46 42.58 42.93 43.2 43.24 43.32 43.46 43.58
42.29 42.29 42.28 42.28 42.28 42.28 42.25 42.21 42.19 42.19 42.18 42.2 42.21 42.21 42.22 42.25 42.26 42.23 42.19 42.12 42.07 42.03 41.99 42.03 42.14 42.17 42.23 42.27 42.28 42.3 42.27 42.29 42.32 42.35 42.38 42.43 42.47 42.58 42.58 42.53 42.52 42.53 42.56 42.47 42.44 42.43 42.42 42.37 42.36 42.36 42.4 42.44 42.42 42.36 42.44 42.51 42.45 42.32 42.29 42.27 42.19 42.14 42.24 42.25 42.26 42.41 42.37 42.36 42.41 42.64 42.7 42.83 43.15 43.45 43.44 43.46 43.51 43.55
42.29 42.28 42.27 42.26 42.27 42.28 42.25 42.21 42.18 42.17 42.19 42.21 42.22 42.22 42.24 42.28 42.31 42.3 42.28 42.21 42.15 42.13 42.17 42.2 42.25 42.27 42.31 42.32 42.34 42.35 42.34 42.36 42.37 42.41 42.44 42.48 42.52 42.63 42.63 42.56 42.54 42.56 42.54 42.4 42.38 42.38 42.41 42.5 42.47 42.42 42.42 42.45 42.46 42.35 42.44 42.51 42.56 42.44 42.35 42.32 42.3 42.34 42.37 42.38 42.39 42.44 42.58 42.58 42.79 42.97 43.05 43.16 43.37 43.56 43.48 43.47 43.5 43.53
42.3 42.29 42.29 42.28 42.28 42.28 42.25 42.17 42.12 42.09 42.15 42.23 42.24 42.24 42.25 42.3 42.34 42.36 42.37 42.29 42.22 42.24 42.33 42.36 42.35 42.36 42.38 42.36 42.39 42.43 42.46 42.47 42.47 42.49 42.51 42.52 42.56 42.65 42.68 42.55 42.52 42.55 42.49 42.43 42.4 42.37 42.5 42.67 42.62 42.54 42.48 42.48 42.47 42.37 42.4 42.46 42.49 42.44 42.45 42.48 42.53 42.56 42.64 42.73 42.86 42.94 42.96 42.98 43.15 43.25 43.33 43.37 43.47 43.55 43.48 43.46 43.48 43.52
42.34 42.33 42.33 42.31 42.3 42.29 42.24 42.13 42.03 41.97 42.1 42.26 42.31 42.29 42.28 42.31 42.35 42.4 42.43 42.35 42.3 42.31 42.38 42.43 42.44 42.46 42.46 42.45 42.46 42.53 42.62 42.62 42.59 42.55 42.55 42.56 42.59 42.66 42.73 42.54 42.49 42.51 42.54 42.51 42.48 42.4 42.51 42.67 42.69 42.65 42.59 42.57 42.53 42.53 42.5 42.53 42.54 42.67 42.73 42.93 42.98 43.09 43.09 43.13 43.2 43.28 43.23 43.27 43.34 43.38 43.42 43.42 43.44 43.49 43.49 43.47 43.48 43.46
42.42 42.39 42.36 42.33 42.3 42.32 42.27 42.12 42.01 41.96 42.16 42.36 42.41 42.37 42.33 42.35 42.38 42.43 42.44 42.39 42.37 42.4 42.39 42.49 42.52 42.57 42.56 42.53 42.55 42.63 42.72 42.7 42.68 42.64 42.6 42.59 42.6 42.62 42.62 42.51 42.49 42.54 42.5 42.55 42.54 42.51 42.54 42.61 42.72 42.82 42.78 42.73 42.63 42.71 42.85 42.92 43 43.11 43.17 43.28 43.3 43.39 43.34 43.3 43.3 43.33 43.32 43.35 43.37 43.4 43.41 43.42 43.44 43.45 43.45 43.48 43.5 43.49
42.54 42.49 42.43 42.38 42.36 42.37 42.34 42.26 42.22 42.18 42.39 42.54 42.55 42.47 42.44 42.5 42.54 42.55 42.5 42.45 42.47 42.56 42.47 42.61 42.63 42.69 42.62 42.61 42.63 42.66 42.67 42.72 42.74 42.73 42.64 42.62 42.6 42.58 42.56 42.53 42.54 42.54 42.44 42.49 42.6 42.68 42.67 42.71 42.91 43.03 43.08 43.06 42.93 43.01 43.19 43.24 43.31 43.34 43.38 43.38 43.38 43.39 43.36 43.32 43.32 43.35 43.35 43.36 43.37 43.38 43.39 43.41 43.43 43.45 43.49 43.53 43.54 43.51
42.67 42.61 42.53 42.52 42.52 42.53 42.55 42.58 42.59 42.52 42.65 42.74 42.72 42.62 42.62 42.71 42.78 42.75 42.67 42.63 42.68 42.78 42.81 42.83 42.81 42.78 42.77 42.7 42.7 42.74 42.7 42.75 42.8 42.83 42.79 42.73 42.69 42.62 42.63 42.68 42.73 42.76 42.68 42.76 42.95 43.05 43.05 43.02 43.13 43.23 43.26 43.28 43.21 43.24 43.35 43.35 43.34 43.35 43.38 43.37 43.36 43.39 43.36 43.35 43.34 43.36 43.37 43.38 43.42 43.43 43.43 43.43 43.45 43.49 43.51 43.54 43.56 43.52
42.85 42.8 42.78 42.82 42.84 42.86 42.9 42.94 42.95 42.87 42.9 42.92 42.9 42.84 42.84 42.9 42.97 42.96 42.9 42.87 42.94 43.01 43.03 43.06 42.99 42.91 42.95 42.86 42.84 42.85 42.87 42.84 42.85 42.91 42.92 42.9 42.87 42.85 42.89 43.02 43.02 43.07 43.04 43.11 43.2 43.25 43.26 43.22 43.25 43.31 43.31 43.33 43.33 43.32 43.37 43.36 43.37 43.38 43.4 43.39 43.38 43.38 43.38 43.39 43.38 43.4 43.4 43.41 43.44 43.43 43.44 43.47 43.52 43.54 43.54 43.55 43.56 43.56
43.09 43.08 43.14 43.18 43.17 43.17 43.21 43.23 43.23 43.19 43.12 43.07 43.08 43.12 43.1 43.07 43.11 43.14 43.12 43.1 43.15 43.18 43.19 43.15 43.08 43.05 43.08 42.99 42.96 42.94 42.99 42.97 42.97 43.09 43.06 43.05 43.04 43.06 43.09 43.17 43.18 43.22 43.22 43.23 43.23 43.28 43.28 43.27 43.3 43.31 43.34 43.35 43.37 43.35 43.37 43.38 43.38 43.41 43.42 43.39 43.43 43.39 43.4 43.42 43.44 43.43 43.43 43.44 43.46 43.49 43.48 43.5 43.55 43.6 43.57 43.57 43.58 43.59
43.27 43.29 43.35 43.38 43.33 43.35 43.4 43.4 43.38 43.35 43.28 43.22 43.24 43.3 43.27 43.19 43.18 43.23 43.25 43.24 43.24 43.23 43.22 43.2 43.15 43.17 43.2 43.11 43.11 43.1 43.13 43.13 43.13 43.18 43.14 43.14 43.14 43.15 43.16 43.18 43.2 43.21 43.23 43.23 43.24 43.3 43.31 43.33 43.36 43.35 43.38 43.39 43.4 43.38 43.42 43.42 43.39 43.45 43.44 43.45 43.44 43.47 43.44 43.4 43.46 43.44 43.45 43.49 43.47 43.53 43.54 43.55 43.56 43.61 43.6 43.62 43.65 43.66
43.39 43.4 43.45 43.46 43.43 43.44 43.46 43.45 43.42 43.39 43.36 43.32 43.33 43.33 43.29 43.24 43.22 43.24 43.25 43.25 43.24 43.23 43.23 43.23 43.23 43.24 43.25 43.22 43.22 43.22 43.22 43.21 43.2 43.18 43.18 43.18 43.2 43.21 43.19 43.2 43.21 43.22 43.25 43.27 43.3 43.32 43.33 43.37 43.41 43.42 43.42 43.44 43.44 43.42 43.42 43.44 43.4 43.42 43.45 43.47 43.42 43.43 43.44 43.4 43.46 43.47 43.47 43.46 43.44 43.42 43.45 43.51 43.54 43.55 43.52 43.63 43.74 43.75
43.47 43.47 43.48 43.49 43.48 43.48 43.47 43.45 43.43 43.4 43.4 43.39 43.37 43.33 43.29 43.27 43.27 43.26 43.25 43.26 43.27 43.27 43.29 43.31 43.31 43.29 43.27 43.28 43.27 43.28 43.27 43.26 43.23 43.23 43.24 43.24 43.27 43.28 43.23 43.24 43.25 43.26 43.27 43.29 43.35 43.36 43.38 43.4 43.45 43.44 43.42 43.42 43.42 43.41 43.42 43.44 43.44 43.47 43.48 43.48 43.45 43.39 43.45 43.48 43.47 43.49 43.48 43.43 43.37 43.25 43.21 43.2 43.24 43.32 43.35 43.52 43.66 43.69
43.52 43.51 43.51 43.51 43.52 43.51 43.49 43.47 43.46 43.46 43.47 43.46 43.42 43.41 43.38 43.36 43.35 43.34 43.33 43.33 43.35 43.35 43.34 43.38 43.36 43.33 43.31 43.3 43.31 43.33 43.33 43.33 43.32 43.3 43.31 43.32 43.33 43.33 43.31 43.3 43.28 43.29 43.3 43.28 43.33 43.39 43.42 43.45 43.44 43.4 43.4 43.43 43.4 43.45 43.44 43.44 43.48 43.49 43.5 43.51 43.48 43.51 43.53 43.54 43.51 43.49 43.5 43.43 43.29 43.14 43.02 42.88 42.93 43.02 43.14 43.31 43.44 43.5
43.53 43.55 43.55 43.56 43.56 43.55 43.53 43.51 43.52 43.53 43.56 43.57 43.52 43.5 43.48 43.46 43.44 43.43 43.41 43.39 43.39 43.39 43.39 43.4 43.39 43.37 43.36 43.36 43.37 43.37 43.38 43.38 43.39 43.39 43.4 43.4 43.39 43.38 43.35 43.33 43.34 43.36 43.28 43.26 43.26 43.4 43.42 43.47 43.48 43.47 43.45 43.44 43.43 43.45 43.47 43.53 43.54 43.54 43.55 43.53 43.52 43.57 43.59 43.57 43.52 43.5 43.5 43.41 43.22 43.11 42.93 42.72 42.72 42.78 42.93 43.08 43.22 43.28
43.59 43.63 43.63 43.64 43.65 43.63 43.6 43.58 43.58 43.61 43.62 43.62 43.55 43.54 43.52 43.5 43.48 43.46 43.45 43.45 43.44 43.44 43.46 43.45 43.44 43.43 43.42 43.41 43.41 43.42 43.45 43.45 43.43 43.47 43.48 43.47 43.45 43.43 43.4 43.4 43.42 43.44 43.43 43.41 43.41 43.48 43.49 43.53 43.53 43.51 43.48 43.47 43.49 43.51 43.54 43.59 43.61 43.58 43.57 43.54 43.55 43.59 43.6 43.53 43.42 43.41 43.4 43.36 43.19 43.11 42.88 42.65 42.56 42.61 42.76 42.91 43.03 43.1
43.62 43.71 43.72 43.73 43.76 43.72 43.68 43.67 43.66 43.69 43.65 43.61 43.5 43.49 43.54 43.54 43.53 43.51 43.48 43.49 43.5 43.5 43.49 43.5 43.5 43.49 43.48 43.48 43.47 43.45 43.47 43.48 43.48 43.52 43.5 43.5 43.48 43.41 43.32 43.43 43.5 43.53 43.55 43.58 43.55 43.52 43.52 43.56 43.66 43.6 43.58 43.6 43.55 43.51 43.53 43.59 43.61 43.58 43.55 43.51 43.52 43.54 43.53 43.41 43.21 43.18 43.14 43.24 43.17 43.1 42.9 42.68 42.52 42.56 42.7 42.85 42.98 43.05
43.55 43.68 43.74 43.76 43.84 43.81 43.79 43.79 43.78 43.78 43.73 43.67 43.56 43.51 43.56 43.6 43.61 43.57 43.53 43.53 43.55 43.56 43.47 43.5 43.53 43.53 43.56 43.55 43.58 43.54 43.54 43.56 43.57 43.6 43.59 43.61 43.61 43.54 43.52 43.57 43.61 43.61 43.63 43.71 43.71 43.62 43.58 43.6 43.81 43.72 43.68 43.67 43.53 43.43 43.47 43.54 43.57 43.53 43.5 43.42 43.38 43.4 43.36 43.21 43.03 42.97 42.86 43.07 43.1 43.08 42.95 42.7 42.54 42.56 42.65 42.8 42.92 42.99
