slabs/22.grd
DSAA
631 301
643260 643890
4946300 4946600
38.03 50.08
[rows 34 to 67 of 301, columns 234 to 311 of 631]
41.87 41.83 41.82 41.84 41.86 41.88 41.88 41.87 41.86 41.84 41.82 41.8 41.77 41.72 41.73 41.76 41.82 41.88 41.9 41.91 41.9 41.89 41.88 41.89 41.86 41.86 41.89 41.89 41.91 41.92 41.93 41.94 41.94 41.96 41.98 42.01 42.07 42.12 42.14 42.17 42.17 42.14 42.12 42.1 42.1 42.13 42.14 42.11 42.04 41.99 41.95 41.9 41.83 41.79 41.76 41.81 41.94 42.02 42.01 41.98 41.97 41.95 41.96 41.99 41.96 41.96 41.97 41.96 41.94 41.92 41.91 41.88 41.88 41.9 41.91 41.93 41.93 41.91
41.9 41.86 41.84 41.85 41.83 41.83 41.84 41.85 41.85 41.84 41.84 41.83 41.78 41.71 41.71 41.76 41.82 41.88 41.9 41.9 41.89 41.88 41.86 41.86 41.81 41.79 41.82 41.86 41.9 41.92 41.92 41.91 41.89 41.93 41.97 42.01 42.06 42.09 42.1 42.14 42.14 42.13 42.13 42.11 42.11 42.13 42.15 42.12 42.04 41.99 41.95 41.89 41.83 41.78 41.76 41.81 41.91 41.98 41.96 41.95 41.97 41.98 41.99 42.02 41.98 41.96 41.99 41.98 41.96 41.94 41.92 41.87 41.84 41.88 41.93 41.94 41.93 41.91
41.91 41.88 41.88 41.89 41.86 41.83 41.83 41.84 41.84 41.85 41.87 41.86 41.83 41.76 41.74 41.78 41.85 41.91 41.91 41.89 41.87 41.86 41.85 41.84 41.8 41.76 41.78 41.85 41.91 41.94 41.94 41.91 41.87 41.9 41.95 42 42.05 42.07 42.08 42.1 42.14 42.15 42.16 42.14 42.11 42.11 42.12 42.1 42.03 41.98 41.94 41.88 41.82 41.79 41.78 41.82 41.89 41.92 41.92 41.95 41.98 41.99 42.02 42.05 42.01 41.98 41.99 41.99 41.97 41.96 41.92 41.86 41.83 41.88 41.95 41.95 41.93 41.92
41.88 41.89 41.91 41.92 41.89 41.84 41.83 41.83 41.85 41.87 41.88 41.88 41.87 41.83 41.81 41.82 41.89 41.91 41.88 41.86 41.85 41.84 41.84 41.84 41.81 41.78 41.8 41.86 41.91 41.94 41.94 41.92 41.91 41.92 41.94 42 42.05 42.07 42.09 42.12 42.16 42.18 42.17 42.15 42.12 42.11 42.1 42.09 42.01 41.96 41.92 41.86 41.82 41.81 41.82 41.85 41.88 41.9 41.91 41.96 42 42.01 42.04 42.08 42.06 42.02 42.03 42.02 41.99 41.97 41.94 41.88 41.85 41.89 41.94 41.95 41.94 41.93
41.86 41.88 41.91 41.91 41.88 41.85 41.84 41.85 41.88 41.89 41.89 41.89 41.88 41.88 41.86 41.85 41.89 41.86 41.82 41.83 41.84 41.83 41.83 41.83 41.81 41.79 41.81 41.85 41.88 41.91 41.92 41.92 41.93 41.95 41.96 42 42.06 42.1 42.11 42.14 42.18 42.19 42.18 42.15 42.13 42.11 42.09 42.08 41.99 41.94 41.89 41.85 41.84 41.85 41.87 41.89 41.91 41.91 41.94 41.98 42.02 42.03 42.06 42.09 42.09 42.07 42.06 42.03 42.01 41.99 41.96 41.91 41.88 41.9 41.93 41.95 41.95 41.94
41.86 41.87 41.89 41.9 41.89 41.88 41.88 41.88 41.9 41.9 41.9 41.89 41.89 41.88 41.87 41.85 41.83 41.78 41.77 41.78 41.82 41.83 41.83 41.83 41.81 41.79 41.8 41.82 41.84 41.89 41.91 41.93 41.95 41.97 41.97 41.99 42.04 42.09 42.12 42.14 42.17 42.18 42.17 42.15 42.12 42.1 42.09 42.06 41.98 41.92 41.88 41.87 41.9 41.91 41.92 41.94 41.95 41.95 41.97 42 42.03 42.04 42.06 42.08 42.09 42.09 42.07 42.05 42.03 42.01 41.97 41.93 41.91 41.9 41.94 41.97 41.97 41.95
41.87 41.88 41.9 41.91 41.93 41.93 41.92 41.91 41.91 41.9 41.9 41.89 41.88 41.86 41.85 41.82 41.76 41.72 41.73 41.74 41.78 41.81 41.83 41.83 41.82 41.8 41.8 41.8 41.83 41.89 41.92 41.95 41.97 41.98 41.98 41.98 42.01 42.05 42.08 42.1 42.13 42.15 42.15 42.14 42.11 42.1 42.08 42.04 41.97 41.92 41.91 41.92 41.95 41.96 41.97 41.99 42 41.99 42 42.01 42.03 42.04 42.06 42.08 42.09 42.08 42.06 42.05 42.03 42.02 41.98 41.95 41.93 41.92 41.95 41.97 41.97 41.94
41.88 41.89 41.91 41.92 41.95 41.96 41.94 41.91 41.9 41.89 41.88 41.87 41.85 41.81 41.78 41.74 41.7 41.7 41.71 41.73 41.76 41.78 41.8 41.82 41.83 41.82 41.82 41.83 41.86 41.91 41.94 41.96 41.98 41.99 41.99 41.98 41.98 41.99 42.01 42.05 42.08 42.11 42.1 42.1 42.09 42.08 42.07 42.03 41.98 41.95 41.94 41.96 41.98 42 42.01 42.03 42.04 42.04 42.04 42.03 42.03 42.03 42.08 42.1 42.09 42.06 42.05 42.04 42.03 42.02 41.99 41.97 41.96 41.94 41.95 41.96 41.95 41.93
41.89 41.9 41.9 41.91 41.96 41.99 41.96 41.92 41.89 41.86 41.85 41.83 41.8 41.75 41.72 41.69 41.68 41.69 41.7 41.72 41.74 41.77 41.79 41.81 41.83 41.82 41.83 41.87 41.92 41.94 41.95 41.97 41.99 42 41.99 41.97 41.94 41.92 41.94 41.97 42.01 42.04 42.05 42.05 42.06 42.07 42.05 42.02 42 41.99 41.96 41.97 42 42.02 42.04 42.06 42.08 42.07 42.05 42.03 42.02 42.03 42.09 42.09 42.07 42.05 42.05 42.03 42.02 42.01 42 41.98 41.97 41.95 41.95 41.95 41.94 41.93
41.89 41.89 41.88 41.89 41.95 41.99 41.99 41.96 41.91 41.87 41.84 41.81 41.77 41.73 41.71 41.69 41.68 41.69 41.69 41.71 41.73 41.76 41.79 41.82 41.83 41.83 41.84 41.89 41.95 41.97 41.97 41.98 41.99 41.99 41.96 41.91 41.86 41.85 41.87 41.91 41.95 41.97 41.99 42.01 42.03 42.04 42.04 42.02 42.01 42.01 41.99 41.98 42 42.01 42.04 42.08 42.09 42.08 42.04 42.01 41.99 42.02 42.07 42.06 42.04 42.04 42.04 42.02 42.01 42.01 42.01 41.98 41.96 41.94 41.95 41.96 41.95 41.96
41.88 41.86 41.85 41.86 41.92 41.96 41.98 41.98 41.95 41.91 41.88 41.84 41.79 41.76 41.74 41.73 41.71 41.69 41.69 41.7 41.73 41.79 41.82 41.85 41.84 41.83 41.83 41.88 41.94 41.96 41.97 42 41.99 41.96 41.9 41.82 41.78 41.79 41.82 41.86 41.9 41.92 41.95 41.97 41.99 42 42.01 42.02 42.02 42.02 42.02 42 42 42.02 42.05 42.08 42.09 42.07 42.03 42 41.98 42 42.03 42.03 42.02 42.02 42.03 42.02 42.01 42.03 42.02 41.99 41.96 41.94 41.95 41.98 41.98 41.99
41.86 41.84 41.83 41.85 41.9 41.93 41.95 41.96 41.97 41.95 41.93 41.89 41.84 41.81 41.8 41.79 41.76 41.73 41.72 41.72 41.76 41.84 41.87 41.88 41.85 41.83 41.83 41.85 41.91 41.94 41.95 42 41.97 41.91 41.83 41.74 41.72 41.74 41.77 41.81 41.85 41.87 41.9 41.93 41.95 41.96 41.98 42.01 42.01 42.01 42.01 42.01 42.01 42.02 42.04 42.07 42.09 42.08 42.05 42.01 41.99 41.99 42 42 42.01 42.02 42.02 42.02 42.03 42.04 42.04 42.01 41.99 41.98 41.99 42.02 42.01 41.99
41.83 41.82 41.82 41.85 41.89 41.91 41.92 41.94 41.97 41.96 41.95 41.93 41.88 41.85 41.85 41.84 41.82 41.82 41.81 41.81 41.86 41.91 41.94 41.93 41.86 41.83 41.83 41.84 41.88 41.91 41.93 41.98 41.93 41.87 41.78 41.7 41.69 41.71 41.74 41.77 41.8 41.82 41.86 41.88 41.91 41.93 41.97 42 41.99 41.99 42 42.01 42.02 42.01 42.01 42.04 42.05 42.06 42.05 42.02 42 41.98 41.97 41.98 41.99 42.01 42.01 42.02 42.04 42.06 42.06 42.05 42.04 42.02 42.02 42.03 42.02 41.98
41.82 41.81 41.81 41.85 41.87 41.89 41.91 41.92 41.95 41.96 41.95 41.93 41.88 41.88 41.88 41.87 41.88 41.89 41.89 41.89 41.93 41.95 41.97 41.96 41.88 41.83 41.83 41.84 41.86 41.88 41.9 41.94 41.9 41.85 41.78 41.72 41.71 41.72 41.74 41.76 41.78 41.8 41.83 41.86 41.88 41.91 41.97 41.99 41.98 41.98 42 42.01 42.01 41.99 41.98 41.99 42.01 42.02 42.03 42.02 42.01 41.99 41.97 41.98 41.99 42.01 42.01 42.01 42.03 42.06 42.08 42.08 42.07 42.06 42.03 42.01 41.99 41.96
41.81 41.81 41.81 41.83 41.85 41.87 41.89 41.89 41.92 41.95 41.95 41.92 41.88 41.87 41.87 41.86 41.88 41.9 41.9 41.91 41.92 41.93 41.95 41.95 41.89 41.85 41.84 41.85 41.86 41.86 41.86 41.91 41.9 41.87 41.81 41.76 41.75 41.75 41.76 41.78 41.79 41.81 41.83 41.87 41.9 41.93 41.97 41.99 41.98 42 42 42 42 41.98 41.95 41.96 41.97 41.98 42 42.01 42.01 41.98 41.97 41.98 41.99 42 42 41.99 42.01 42.05 42.07 42.07 42.08 42.06 42.03 42.01 41.99 41.95
41.78 41.8 41.82 41.82 41.82 41.84 41.86 41.86 41.89 41.92 41.93 41.93 41.91 41.89 41.87 41.86 41.87 41.88 41.89 41.9 41.9 41.92 41.93 41.93 41.91 41.9 41.89 41.88 41.88 41.87 41.85 41.88 41.9 41.89 41.84 41.8 41.79 41.79 41.8 41.81 41.82 41.83 41.86 41.91 41.95 41.98 41.99 42 41.98 42 42 41.98 41.96 41.94 41.93 41.94 41.94 41.95 41.97 41.99 41.99 41.97 41.96 41.95 41.96 41.98 41.99 41.98 41.99 42.03 42.04 42.05 42.05 42.03 42 41.99 41.98 41.96
41.78 41.82 41.84 41.81 41.8 41.81 41.83 41.85 41.88 41.91 41.92 41.94 41.93 41.91 41.9 41.87 41.87 41.86 41.86 41.88 41.89 41.9 41.91 41.91 41.93 41.93 41.93 41.92 41.9 41.88 41.86 41.85 41.87 41.88 41.86 41.83 41.83 41.84 41.84 41.85 41.85 41.86 41.9 41.97 42.01 42.02 42.01 41.99 41.96 41.96 41.95 41.93 41.92 41.91 41.91 41.92 41.92 41.94 41.96 41.97 41.97 41.96 41.95 41.93 41.91 41.94 41.97 41.97 41.98 42 42.01 42.01 42.02 42 41.96 41.94 41.92 41.93
41.83 41.84 41.85 41.82 41.79 41.8 41.82 41.84 41.89 41.92 41.93 41.94 41.92 41.9 41.89 41.84 41.81 41.81 41.81 41.84 41.88 41.89 41.89 41.89 41.92 41.94 41.95 41.94 41.92 41.9 41.88 41.84 41.84 41.84 41.85 41.86 41.87 41.88 41.89 41.89 41.89 41.9 41.95 42.01 42.05 42.04 42.02 41.96 41.92 41.9 41.87 41.88 41.89 41.9 41.92 41.91 41.91 41.93 41.93 41.94 41.94 41.94 41.92 41.9 41.86 41.88 41.92 41.94 41.96 41.98 41.98 41.98 41.99 41.98 41.93 41.9 41.89 41.89
41.86 41.87 41.86 41.83 41.8 41.8 41.81 41.84 41.9 41.93 41.94 41.93 41.91 41.89 41.89 41.83 41.77 41.74 41.74 41.79 41.86 41.89 41.88 41.89 41.93 41.95 41.96 41.96 41.95 41.91 41.88 41.85 41.83 41.83 41.86 41.89 41.91 41.93 41.94 41.93 41.93 41.93 41.97 42.03 42.05 42.04 42.02 41.94 41.89 41.85 41.83 41.84 41.87 41.9 41.93 41.93 41.92 41.93 41.94 41.94 41.94 41.94 41.92 41.88 41.84 41.83 41.88 41.92 41.95 41.96 41.97 41.97 41.97 41.97 41.94 41.91 41.9 41.9
41.9 41.9 41.88 41.85 41.81 41.79 41.8 41.85 41.89 41.91 41.92 41.91 41.9 41.89 41.9 41.84 41.75 41.71 41.7 41.77 41.86 41.9 41.9 41.91 41.94 41.97 41.96 41.96 41.95 41.9 41.88 41.87 41.85 41.86 41.89 41.93 41.95 41.96 41.96 41.94 41.93 41.93 41.96 42 42.02 42.01 41.99 41.93 41.9 41.86 41.83 41.85 41.88 41.88 41.92 41.94 41.94 41.96 41.98 41.98 41.94 41.96 41.94 41.9 41.85 41.83 41.9 41.96 41.97 41.97 41.98 41.99 42 41.99 41.97 41.95 41.94 41.93
41.91 41.92 41.91 41.87 41.83 41.81 41.81 41.84 41.86 41.87 41.87 41.87 41.88 41.89 41.91 41.84 41.75 41.71 41.71 41.78 41.88 41.93 41.94 41.95 41.95 41.97 41.97 41.96 41.96 41.91 41.89 41.88 41.87 41.89 41.9 41.91 41.92 41.94 41.94 41.9 41.89 41.91 41.94 41.96 41.98 41.98 41.94 41.9 41.89 41.88 41.88 41.91 41.91 41.87 41.89 41.91 41.94 41.98 42 42 41.96 41.98 41.97 41.94 41.88 41.87 41.96 42.02 42.01 42.01 42.02 42.03 42.03 42.03 42.01 42 41.99 42
41.88 41.91 41.91 41.88 41.84 41.82 41.81 41.82 41.84 41.85 41.86 41.85 41.85 41.87 41.89 41.84 41.76 41.73 41.76 41.83 41.9 41.95 41.97 41.96 41.94 41.95 41.94 41.95 41.97 41.94 41.92 41.89 41.88 41.88 41.87 41.86 41.87 41.93 41.92 41.88 41.87 41.89 41.91 41.93 41.94 41.95 41.91 41.88 41.88 41.89 41.91 41.94 41.92 41.88 41.86 41.86 41.93 41.97 41.99 41.99 41.99 41.99 41.98 41.97 41.93 41.94 42.01 42.06 42.04 42.05 42.06 42.07 42.05 42.05 42.05 42.06 42.06 42.05
41.85 41.88 41.9 41.89 41.86 41.83 41.82 41.83 41.86 41.87 41.87 41.86 41.85 41.86 41.87 41.84 41.78 41.76 41.8 41.86 41.9 41.94 41.96 41.94 41.91 41.91 41.91 41.94 41.96 41.93 41.92 41.91 41.89 41.87 41.86 41.89 41.91 41.96 41.92 41.88 41.87 41.89 41.9 41.91 41.92 41.91 41.89 41.87 41.9 41.92 41.92 41.92 41.91 41.9 41.86 41.85 41.92 41.94 41.95 41.96 41.97 41.98 41.98 41.98 41.97 41.99 42.03 42.04 42.04 42.06 42.08 42.09 42.06 42.07 42.09 42.11 42.11 42.08
41.83 41.86 41.89 41.89 41.86 41.84 41.84 41.87 41.9 41.9 41.89 41.88 41.88 41.87 41.86 41.83 41.8 41.79 41.81 41.85 41.88 41.91 41.93 41.91 41.89 41.92 41.94 41.95 41.94 41.88 41.87 41.88 41.88 41.87 41.88 41.91 41.92 41.94 41.89 41.87 41.87 41.87 41.88 41.89 41.9 41.89 41.89 41.88 41.93 41.94 41.92 41.9 41.9 41.89 41.89 41.89 41.94 41.95 41.94 41.93 41.95 41.97 41.99 42 41.99 41.99 41.99 41.98 42 42.03 42.05 42.07 42.05 42.07 42.1 42.14 42.14 42.08
41.84 41.85 41.88 41.91 41.88 41.85 41.87 41.91 41.93 41.93 41.91 41.9 41.9 41.89 41.87 41.83 41.81 41.8 41.8 41.83 41.85 41.88 41.91 41.89 41.88 41.93 41.96 41.94 41.91 41.83 41.79 41.81 41.83 41.85 41.87 41.89 41.9 41.88 41.84 41.83 41.85 41.86 41.87 41.87 41.88 41.89 41.91 41.91 41.95 41.93 41.89 41.88 41.89 41.9 41.93 41.95 41.97 41.98 41.96 41.97 41.98 42 42.01 42.01 42 41.98 41.96 41.94 41.95 41.98 42 42.01 42.02 42.05 42.09 42.12 42.1 42.05
41.88 41.86 41.91 41.94 41.93 41.92 41.93 41.96 41.96 41.95 41.93 41.91 41.91 41.89 41.87 41.84 41.82 41.81 41.81 41.81 41.82 41.85 41.88 41.88 41.89 41.95 41.97 41.92 41.88 41.79 41.75 41.76 41.77 41.8 41.82 41.83 41.83 41.81 41.78 41.77 41.82 41.86 41.86 41.86 41.88 41.9 41.91 41.92 41.92 41.87 41.83 41.83 41.86 41.93 41.98 41.99 41.99 41.99 41.98 42 42.03 42.03 42.03 42.02 42 41.98 41.96 41.93 41.92 41.93 41.95 41.96 41.98 42.02 42.06 42.07 42.04 42.02
41.92 41.91 41.97 41.99 41.99 41.99 41.99 41.98 41.97 41.96 41.94 41.92 41.91 41.9 41.88 41.84 41.82 41.81 41.81 41.81 41.81 41.83 41.87 41.89 41.9 41.97 41.97 41.92 41.86 41.79 41.74 41.72 41.72 41.75 41.76 41.77 41.76 41.73 41.71 41.7 41.77 41.84 41.87 41.88 41.89 41.9 41.88 41.87 41.83 41.76 41.75 41.77 41.84 41.93 41.98 42 41.99 41.98 41.97 42 42.04 42.04 42.03 42.02 42.01 41.98 41.96 41.93 41.9 41.9 41.9 41.91 41.93 41.99 42.02 42.04 42.01 42
41.95 41.96 41.99 41.99 41.99 41.99 41.99 41.98 41.97 41.96 41.94 41.92 41.91 41.9 41.88 41.85 41.83 41.83 41.83 41.83 41.82 41.83 41.89 41.91 41.91 41.97 41.98 41.94 41.88 41.79 41.73 41.71 41.69 41.7 41.7 41.7 41.69 41.66 41.65 41.66 41.72 41.82 41.86 41.87 41.89 41.87 41.82 41.79 41.73 41.66 41.68 41.74 41.83 41.92 41.97 41.99 41.98 41.97 41.98 42.01 42.05 42.05 42.04 42.03 42.01 41.98 41.96 41.93 41.9 41.87 41.86 41.87 41.9 41.95 41.98 42 41.99 41.99
41.95 41.96 41.97 41.95 41.94 41.96 41.98 41.98 41.97 41.96 41.94 41.92 41.91 41.9 41.88 41.86 41.85 41.84 41.84 41.84 41.83 41.87 41.92 41.92 41.89 41.95 41.98 41.97 41.9 41.8 41.74 41.72 41.69 41.67 41.66 41.65 41.64 41.62 41.62 41.64 41.7 41.79 41.83 41.84 41.86 41.83 41.76 41.72 41.67 41.63 41.65 41.72 41.81 41.92 41.97 41.97 41.97 41.96 41.97 42.01 42.04 42.05 42.05 42.03 42.02 41.98 41.96 41.94 41.9 41.87 41.85 41.84 41.86 41.89 41.92 41.96 41.97 41.97
41.94 41.94 41.93 41.9 41.9 41.92 41.96 41.98 41.97 41.96 41.94 41.92 41.91 41.9 41.88 41.87 41.86 41.86 41.86 41.85 41.85 41.88 41.92 41.9 41.88 41.91 41.95 41.96 41.91 41.81 41.77 41.77 41.75 41.71 41.68 41.66 41.63 41.6 41.62 41.65 41.69 41.77 41.82 41.84 41.84 41.8 41.74 41.7 41.66 41.64 41.65 41.7 41.8 41.91 41.98 41.98 41.97 41.96 41.96 41.98 42 42.02 42.03 42.03 42.02 41.99 41.97 41.95 41.92 41.89 41.86 41.83 41.83 41.85 41.88 41.91 41.94 41.95
41.93 41.92 41.9 41.88 41.88 41.91 41.95 41.97 41.98 41.96 41.94 41.92 41.91 41.9 41.88 41.87 41.88 41.88 41.87 41.87 41.85 41.88 41.88 41.86 41.85 41.86 41.88 41.89 41.88 41.83 41.82 41.83 41.81 41.78 41.75 41.72 41.66 41.62 41.62 41.65 41.7 41.76 41.8 41.82 41.83 41.8 41.75 41.72 41.68 41.66 41.65 41.69 41.78 41.9 41.98 42 41.98 41.97 41.96 41.97 41.96 41.97 41.99 42.01 42.02 42 41.99 41.97 41.94 41.92 41.88 41.85 41.84 41.85 41.87 41.9 41.93 41.95
41.92 41.9 41.86 41.86 41.87 41.9 41.95 41.97 41.98 41.96 41.94 41.93 41.92 41.9 41.88 41.88 41.89 41.89 41.88 41.88 41.86 41.86 41.84 41.82 41.81 41.82 41.83 41.83 41.83 41.83 41.84 41.84 41.82 41.81 41.81 41.79 41.75 41.69 41.67 41.68 41.69 41.74 41.79 41.8 41.83 41.8 41.76 41.74 41.71 41.69 41.68 41.69 41.77 41.88 41.96 42 42 41.98 41.98 41.97 41.96 41.96 41.97 42.01 42.01 42 41.99 41.98 41.97 41.95 41.91 41.88 41.88 41.9 41.91 41.93 41.95 41.97
41.91 41.87 41.81 41.84 41.88 41.91 41.95 41.98 41.98 41.96 41.94 41.93 41.93 41.91 41.89 41.89 41.89 41.86 41.86 41.88 41.86 41.83 41.8 41.79 41.79 41.8 41.81 41.81 41.81 41.81 41.81 41.81 41.8 41.81 41.83 41.83 41.82 41.78 41.77 41.76 41.74 41.75 41.78 41.8 41.84 41.82 41.78 41.76 41.74 41.72 41.71 41.7 41.75 41.87 41.94 42.01 42.02 42 41.99 41.99 41.97 41.96 41.97 42.01 42.01 42 41.99 42.01 42 41.99 41.96 41.93 41.93 41.93 41.95 41.98 41.99 41.99
41.87 41.8 41.77 41.84 41.89 41.92 41.96 41.97 41.98 41.96 41.94 41.93 41.93 41.89 41.87 41.89 41.9 41.83 41.82 41.86 41.84 41.8 41.78 41.77 41.78 41.79 41.79 41.79 41.79 41.78 41.78 41.78 41.78 41.81 41.83 41.84 41.84 41.85 41.86 41.85 41.83 41.81 41.81 41.83 41.86 41.83 41.81 41.79 41.77 41.75 41.74 41.72 41.75 41.85 41.93 42.02 42.04 42.02 42.01 42 41.99 41.97 41.98 42 42.03 42.04 42.05 42.06 42.05 42.03 42 41.97 41.95 41.95 41.96 41.99 42.01 42.01
