slabs/22.grd
DSAA
631 301
643260 643890
4946300 4946600
38.03 50.08
[rows 204 to 237 of 301, columns 468 to 545 of 631]
41.81 41.8 41.78 41.77 41.77 41.8 41.83 41.86 41.88 41.88 41.91 41.93 41.96 41.94 41.89 41.88 41.87 41.88 41.82 41.7 41.67 41.66 41.64 41.6 41.67 41.77 41.89 41.92 41.88 41.83 41.74 41.66 41.63 41.56 41.58 41.63 41.66 41.72 41.78 41.81 41.82 41.83 41.86 41.87 41.89 41.93 41.97 42.02 41.98 41.9 41.8 41.76 41.72 41.68 41.68 41.7 41.74 41.79 41.84 41.86 41.94 41.96 41.96 41.96 41.95 41.94 41.84 41.83 41.88 41.85 41.74 41.68 41.55 41.49 41.52 41.55 41.61 41.66
41.79 41.77 41.76 41.73 41.72 41.75 41.82 41.85 41.84 41.84 41.85 41.86 41.89 41.9 41.89 41.87 41.88 41.87 41.79 41.65 41.6 41.56 41.51 41.57 41.67 41.77 41.95 42.02 41.99 41.92 41.83 41.75 41.72 41.61 41.58 41.62 41.65 41.71 41.78 41.86 41.89 41.9 41.89 41.92 41.93 41.97 42.02 42.01 41.96 41.86 41.78 41.74 41.72 41.7 41.7 41.71 41.74 41.78 41.81 41.82 41.87 41.91 41.95 41.93 41.91 41.89 41.75 41.74 41.84 41.8 41.69 41.63 41.55 41.51 41.52 41.53 41.55 41.57
41.78 41.74 41.72 41.69 41.7 41.74 41.81 41.83 41.83 41.83 41.8 41.76 41.77 41.78 41.82 41.85 41.88 41.86 41.78 41.64 41.57 41.53 41.48 41.57 41.63 41.77 41.95 42.08 42.07 42 41.92 41.89 41.91 41.75 41.59 41.61 41.64 41.7 41.75 41.82 41.87 41.87 41.8 41.88 41.9 41.97 41.99 41.96 41.92 41.81 41.77 41.75 41.73 41.72 41.72 41.73 41.76 41.8 41.83 41.84 41.88 41.9 41.94 41.91 41.87 41.82 41.68 41.69 41.81 41.76 41.7 41.66 41.59 41.55 41.56 41.58 41.59 41.6
41.78 41.76 41.7 41.65 41.69 41.74 41.81 41.83 41.83 41.83 41.78 41.71 41.67 41.68 41.73 41.78 41.83 41.83 41.79 41.66 41.57 41.55 41.49 41.57 41.62 41.77 41.93 41.98 42.02 42.01 41.91 41.92 41.92 41.79 41.64 41.6 41.62 41.67 41.71 41.73 41.78 41.77 41.75 41.82 41.88 41.96 41.94 41.92 41.86 41.79 41.77 41.77 41.76 41.75 41.75 41.75 41.78 41.81 41.84 41.86 41.94 41.91 41.93 41.89 41.83 41.76 41.74 41.77 41.81 41.78 41.75 41.7 41.64 41.6 41.61 41.63 41.65 41.69
41.79 41.76 41.69 41.64 41.69 41.73 41.81 41.83 41.82 41.82 41.78 41.69 41.62 41.62 41.66 41.72 41.77 41.78 41.77 41.69 41.64 41.57 41.53 41.62 41.68 41.82 41.91 41.9 41.95 41.9 41.84 41.9 41.85 41.76 41.66 41.59 41.6 41.63 41.66 41.69 41.71 41.73 41.77 41.8 41.93 41.97 41.92 41.89 41.83 41.8 41.8 41.79 41.79 41.78 41.77 41.77 41.8 41.83 41.85 41.89 41.97 41.95 41.92 41.9 41.83 41.79 41.79 41.81 41.83 41.82 41.8 41.77 41.73 41.68 41.68 41.69 41.72 41.75
41.8 41.76 41.7 41.66 41.68 41.73 41.81 41.82 41.81 41.82 41.77 41.69 41.65 41.64 41.64 41.66 41.68 41.7 41.73 41.7 41.66 41.59 41.58 41.71 41.74 41.84 41.88 41.89 41.94 41.9 41.88 41.9 41.86 41.76 41.68 41.6 41.59 41.59 41.63 41.64 41.67 41.71 41.77 41.81 41.93 41.91 41.85 41.82 41.78 41.79 41.81 41.81 41.81 41.8 41.8 41.8 41.82 41.84 41.88 41.93 42.01 42.02 41.98 41.95 41.9 41.87 41.87 41.86 41.85 41.85 41.84 41.83 41.78 41.75 41.73 41.73 41.76 41.78
41.8 41.76 41.7 41.7 41.7 41.74 41.8 41.81 41.81 41.81 41.76 41.7 41.72 41.71 41.69 41.68 41.67 41.67 41.69 41.7 41.67 41.66 41.72 41.8 41.8 41.84 41.87 41.89 41.95 42.01 42.03 41.96 41.91 41.81 41.72 41.66 41.62 41.58 41.59 41.6 41.63 41.68 41.73 41.79 41.91 41.86 41.8 41.77 41.76 41.79 41.81 41.81 41.83 41.83 41.83 41.82 41.84 41.87 41.91 41.96 42.05 42.06 42.04 42.03 41.95 41.89 41.88 41.86 41.84 41.84 41.86 41.84 41.76 41.71 41.71 41.74 41.78 41.8
41.79 41.77 41.72 41.73 41.74 41.75 41.8 41.81 41.81 41.81 41.79 41.78 41.79 41.76 41.75 41.73 41.72 41.7 41.68 41.69 41.69 41.78 41.89 41.89 41.84 41.83 41.87 41.9 41.95 42.02 42.07 42.02 41.96 41.85 41.77 41.73 41.64 41.61 41.59 41.58 41.59 41.65 41.73 41.78 41.87 41.82 41.75 41.75 41.75 41.78 41.79 41.8 41.82 41.84 41.86 41.85 41.86 41.91 41.93 41.98 42.03 42.05 42.06 42.06 41.97 41.88 41.86 41.81 41.8 41.83 41.85 41.84 41.71 41.63 41.67 41.73 41.79 41.81
41.79 41.79 41.77 41.8 41.81 41.81 41.82 41.83 41.83 41.82 41.85 41.86 41.84 41.8 41.78 41.77 41.76 41.73 41.69 41.67 41.71 41.88 41.99 41.98 41.9 41.84 41.86 41.91 41.94 41.99 42.06 42.05 41.98 41.89 41.81 41.77 41.68 41.63 41.6 41.59 41.57 41.61 41.69 41.74 41.83 41.78 41.74 41.74 41.76 41.78 41.79 41.8 41.82 41.85 41.85 41.86 41.87 41.92 41.93 41.97 42.02 42.05 42.05 42.06 41.97 41.9 41.86 41.79 41.8 41.83 41.85 41.82 41.69 41.61 41.65 41.72 41.78 41.81
41.84 41.83 41.79 41.83 41.84 41.86 41.85 41.86 41.85 41.84 41.91 41.9 41.88 41.83 41.8 41.77 41.75 41.7 41.64 41.62 41.7 41.88 42.03 42.04 41.98 41.89 41.85 41.91 41.95 42.01 42.06 42.04 42.01 41.94 41.86 41.82 41.72 41.65 41.63 41.62 41.59 41.62 41.67 41.71 41.79 41.75 41.74 41.75 41.76 41.78 41.8 41.81 41.83 41.84 41.85 41.87 41.88 41.91 41.92 41.97 42.01 42.05 42.05 42.06 42.01 41.95 41.91 41.84 41.85 41.87 41.88 41.82 41.71 41.64 41.65 41.7 41.75 41.77
41.88 41.84 41.79 41.82 41.83 41.87 41.87 41.87 41.86 41.86 41.93 41.91 41.89 41.82 41.75 41.7 41.68 41.61 41.56 41.61 41.67 41.82 42.05 42.1 42.05 41.93 41.84 41.86 41.94 41.99 42.01 42.02 42.03 41.98 41.91 41.86 41.77 41.68 41.65 41.64 41.63 41.68 41.76 41.75 41.75 41.73 41.74 41.75 41.77 41.79 41.8 41.81 41.83 41.85 41.85 41.87 41.86 41.89 41.91 41.97 42.01 42.04 42.05 42.05 42.02 42.01 41.97 41.91 41.94 41.93 41.91 41.84 41.74 41.67 41.65 41.69 41.74 41.76
41.9 41.84 41.79 41.81 41.82 41.84 41.85 41.85 41.84 41.84 41.88 41.88 41.86 41.78 41.69 41.63 41.6 41.53 41.49 41.57 41.6 41.71 41.9 42.02 42 41.9 41.81 41.84 41.94 42.01 42.07 42.09 42.09 42.01 41.95 41.91 41.83 41.74 41.69 41.68 41.7 41.79 41.88 41.83 41.74 41.73 41.74 41.75 41.77 41.79 41.8 41.81 41.83 41.85 41.86 41.85 41.84 41.88 41.9 41.96 42.01 42.03 42.05 42.05 42.02 42 42 41.96 42 41.95 41.91 41.84 41.77 41.73 41.65 41.68 41.71 41.72
41.91 41.84 41.79 41.8 41.8 41.82 41.8 41.82 41.79 41.77 41.79 41.78 41.78 41.77 41.69 41.63 41.57 41.48 41.45 41.49 41.52 41.6 41.69 41.78 41.91 41.88 41.78 41.82 41.94 42.03 42.07 42.06 42.03 42 41.98 41.96 41.89 41.81 41.73 41.74 41.77 41.86 41.93 41.89 41.77 41.74 41.74 41.76 41.78 41.8 41.8 41.82 41.84 41.85 41.85 41.83 41.81 41.86 41.89 41.95 42.01 42.03 42.04 42.02 42 41.98 41.97 41.97 42.01 41.97 41.9 41.85 41.8 41.76 41.67 41.66 41.67 41.68
41.9 41.85 41.79 41.77 41.77 41.79 41.81 41.81 41.76 41.77 41.76 41.73 41.73 41.73 41.7 41.63 41.58 41.51 41.42 41.44 41.49 41.55 41.6 41.64 41.76 41.84 41.76 41.8 41.89 41.97 41.98 41.97 41.96 41.95 41.96 41.97 41.93 41.86 41.79 41.81 41.82 41.83 41.87 41.85 41.8 41.77 41.76 41.76 41.78 41.8 41.8 41.82 41.84 41.83 41.83 41.81 41.79 41.84 41.87 41.93 41.99 41.98 41.95 41.92 41.91 41.9 41.93 41.98 41.99 41.95 41.88 41.84 41.8 41.77 41.73 41.71 41.73 41.76
41.91 41.86 41.77 41.73 41.73 41.77 41.81 41.84 41.82 41.78 41.74 41.72 41.71 41.7 41.69 41.64 41.6 41.59 41.4 41.42 41.47 41.52 41.55 41.59 41.66 41.75 41.75 41.78 41.83 41.89 41.9 41.9 41.93 41.98 41.98 41.98 41.94 41.91 41.87 41.88 41.88 41.78 41.78 41.8 41.79 41.8 41.78 41.77 41.78 41.8 41.81 41.82 41.83 41.81 41.81 41.79 41.79 41.83 41.85 41.9 41.91 41.91 41.87 41.84 41.86 41.89 41.95 41.99 41.96 41.91 41.84 41.82 41.81 41.82 41.83 41.82 41.82 41.84
41.92 41.85 41.76 41.74 41.76 41.78 41.81 41.83 41.82 41.77 41.73 41.7 41.68 41.67 41.68 41.66 41.7 41.71 41.45 41.42 41.43 41.48 41.53 41.57 41.64 41.71 41.75 41.78 41.83 41.87 41.87 41.91 41.98 42.08 42.08 42.05 41.94 41.91 41.92 41.93 41.91 41.81 41.78 41.75 41.78 41.8 41.79 41.77 41.78 41.81 41.81 41.82 41.81 41.8 41.79 41.77 41.77 41.8 41.81 41.81 41.82 41.82 41.8 41.82 41.87 41.89 41.98 42.02 41.97 41.94 41.88 41.81 41.86 41.88 41.9 41.88 41.87 41.85
41.9 41.85 41.78 41.8 41.8 41.82 41.83 41.83 41.83 41.79 41.72 41.71 41.67 41.63 41.63 41.68 41.81 41.77 41.48 41.43 41.42 41.49 41.55 41.59 41.67 41.74 41.76 41.81 41.85 41.88 41.89 41.95 42.07 42.17 42.15 42.08 41.94 41.92 41.93 41.95 41.91 41.84 41.81 41.79 41.81 41.8 41.78 41.77 41.78 41.8 41.81 41.81 41.8 41.78 41.77 41.76 41.77 41.77 41.78 41.79 41.81 41.82 41.84 41.87 41.93 41.96 42.05 42.1 42.04 42.02 41.97 41.88 41.93 41.94 41.94 41.89 41.86 41.84
41.87 41.85 41.82 41.83 41.84 41.84 41.84 41.85 41.85 41.83 41.78 41.76 41.69 41.62 41.64 41.72 41.85 41.74 41.5 41.46 41.46 41.52 41.58 41.62 41.7 41.78 41.79 41.84 41.88 41.89 41.88 41.93 42.06 42.18 42.17 42.08 41.96 41.92 41.92 41.91 41.9 41.84 41.83 41.81 41.79 41.77 41.76 41.76 41.77 41.8 41.8 41.8 41.79 41.77 41.78 41.79 41.78 41.8 41.81 41.82 41.84 41.85 41.88 41.92 41.96 42.01 42.11 42.18 42.12 42.1 42.06 42.03 42.03 42.03 42 41.95 41.89 41.85
41.84 41.84 41.85 41.86 41.86 41.86 41.86 41.87 41.87 41.86 41.83 41.8 41.73 41.66 41.72 41.77 41.82 41.68 41.57 41.55 41.55 41.57 41.63 41.66 41.74 41.81 41.81 41.85 41.89 41.86 41.86 41.88 41.96 42.07 42.05 42.01 41.95 41.9 41.87 41.85 41.84 41.83 41.81 41.78 41.75 41.75 41.74 41.74 41.76 41.79 41.79 41.8 41.82 41.83 41.84 41.84 41.81 41.83 41.84 41.85 41.87 41.88 41.91 41.95 41.97 42.02 42.13 42.2 42.19 42.16 42.13 42.11 42.12 42.12 42.07 41.99 41.94 41.88
41.8 41.81 41.83 41.84 41.86 41.87 41.88 41.88 41.88 41.88 41.85 41.83 41.76 41.68 41.76 41.77 41.77 41.64 41.66 41.66 41.67 41.69 41.7 41.71 41.76 41.83 41.82 41.82 41.84 41.78 41.79 41.83 41.86 41.93 41.91 41.92 41.88 41.85 41.83 41.79 41.77 41.75 41.75 41.73 41.71 41.74 41.74 41.72 41.76 41.78 41.82 41.85 41.89 41.89 41.89 41.87 41.84 41.85 41.86 41.88 41.9 41.91 41.94 41.98 41.99 42.04 42.15 42.22 42.23 42.22 42.18 42.18 42.19 42.14 42.06 41.99 41.95 41.86
41.76 41.77 41.8 41.81 41.84 41.86 41.88 41.88 41.89 41.89 41.87 41.86 41.8 41.68 41.73 41.79 41.82 41.73 41.74 41.75 41.77 41.78 41.8 41.79 41.77 41.75 41.78 41.76 41.72 41.69 41.72 41.78 41.78 41.83 41.84 41.9 41.87 41.83 41.8 41.75 41.72 41.7 41.68 41.67 41.7 41.73 41.74 41.72 41.79 41.82 41.87 41.91 41.94 41.94 41.91 41.89 41.87 41.87 41.88 41.9 41.92 41.93 41.97 42 42.02 42.05 42.15 42.22 42.26 42.28 42.26 42.24 42.22 42.18 42.07 41.98 41.94 41.85
41.73 41.74 41.76 41.77 41.81 41.83 41.86 41.87 41.89 41.9 41.9 41.88 41.84 41.7 41.74 41.82 41.88 41.86 41.81 41.8 41.78 41.76 41.75 41.72 41.7 41.74 41.7 41.62 41.61 41.67 41.7 41.76 41.75 41.8 41.83 41.91 41.91 41.87 41.84 41.78 41.74 41.71 41.69 41.69 41.75 41.78 41.8 41.79 41.83 41.86 41.92 41.96 41.97 41.96 41.94 41.91 41.89 41.89 41.91 41.92 41.95 41.96 41.99 42.03 42.05 42.07 42.12 42.21 42.26 42.38 42.39 42.35 42.34 42.27 42.1 42 41.96 41.87
41.7 41.7 41.73 41.74 41.77 41.8 41.83 41.84 41.86 41.9 41.9 41.91 41.92 41.77 41.81 41.89 41.89 41.87 41.82 41.74 41.71 41.69 41.69 41.67 41.7 41.77 41.73 41.61 41.59 41.66 41.69 41.73 41.72 41.73 41.75 41.82 41.87 41.86 41.84 41.81 41.79 41.77 41.75 41.78 41.83 41.86 41.91 41.9 41.88 41.91 41.95 41.96 41.98 41.97 41.96 41.93 41.91 41.91 41.92 41.95 41.98 41.99 42.02 42.05 42.08 42.1 42.17 42.25 42.3 42.42 42.49 42.44 42.42 42.33 42.19 42.08 42.04 41.94
41.67 41.67 41.69 41.71 41.74 41.76 41.78 41.8 41.82 41.85 41.87 41.91 41.95 41.77 41.77 41.83 41.86 41.85 41.81 41.7 41.65 41.63 41.63 41.65 41.7 41.79 41.8 41.74 41.68 41.69 41.69 41.7 41.67 41.65 41.65 41.7 41.76 41.77 41.77 41.76 41.77 41.77 41.77 41.82 41.88 41.91 41.97 41.97 41.93 41.93 41.96 41.93 41.94 41.96 41.98 41.96 41.94 41.94 41.94 41.98 41.99 42.01 42.05 42.08 42.09 42.14 42.22 42.3 42.33 42.39 42.52 42.53 42.47 42.34 42.23 42.16 42.13 42.04
41.66 41.68 41.69 41.7 41.72 41.76 41.77 41.79 41.81 41.84 41.87 41.92 41.89 41.67 41.66 41.68 41.73 41.79 41.79 41.71 41.6 41.59 41.6 41.64 41.73 41.83 41.87 41.85 41.77 41.75 41.73 41.68 41.62 41.59 41.58 41.62 41.64 41.64 41.65 41.65 41.68 41.7 41.74 41.79 41.87 41.9 41.98 42 41.96 41.95 41.96 41.89 41.9 41.92 41.98 41.98 41.96 41.96 41.97 42 42.01 42.05 42.08 42.12 42.12 42.17 42.26 42.31 42.34 42.43 42.51 42.5 42.41 42.3 42.25 42.21 42.19 42.11
41.67 41.71 41.76 41.74 41.74 41.77 41.78 41.8 41.83 41.83 41.86 41.89 41.77 41.54 41.55 41.58 41.58 41.64 41.7 41.77 41.69 41.64 41.63 41.65 41.78 41.89 41.94 41.91 41.84 41.81 41.76 41.68 41.61 41.57 41.53 41.53 41.54 41.54 41.58 41.62 41.66 41.67 41.72 41.76 41.81 41.87 41.96 42.02 42 41.98 41.94 41.87 41.87 41.89 41.94 41.98 41.98 41.98 42 42.03 42.05 42.08 42.11 42.12 42.14 42.21 42.27 42.31 42.33 42.42 42.41 42.37 42.31 42.28 42.26 42.24 42.22 42.16
41.69 41.74 41.8 41.8 41.78 41.78 41.8 41.81 41.83 41.84 41.83 41.71 41.57 41.49 41.5 41.54 41.56 41.61 41.69 41.83 41.78 41.69 41.65 41.65 41.84 41.97 42 41.94 41.87 41.82 41.77 41.69 41.63 41.6 41.53 41.47 41.49 41.51 41.55 41.6 41.63 41.65 41.69 41.74 41.78 41.82 41.93 42.03 42.03 42.02 41.96 41.88 41.87 41.88 41.92 41.95 41.97 41.99 42.03 42.06 42.09 42.12 42.13 42.13 42.14 42.19 42.23 42.26 42.28 42.36 42.32 42.26 42.26 42.28 42.27 42.25 42.24 42.2
41.72 41.75 41.81 41.81 41.83 41.82 41.82 41.81 41.78 41.75 41.73 41.6 41.5 41.51 41.54 41.58 41.61 41.66 41.72 41.85 41.79 41.69 41.64 41.6 41.82 41.99 42 41.95 41.88 41.83 41.77 41.7 41.64 41.62 41.56 41.5 41.5 41.5 41.53 41.57 41.6 41.63 41.67 41.72 41.77 41.79 41.86 41.98 42.04 42.02 41.99 41.92 41.91 41.91 41.94 41.97 41.98 42.02 42.06 42.1 42.12 42.15 42.13 42.14 42.15 42.17 42.19 42.2 42.22 42.31 42.32 42.25 42.27 42.3 42.29 42.27 42.26 42.23
41.75 41.75 41.77 41.77 41.78 41.78 41.78 41.78 41.77 41.71 41.68 41.61 41.54 41.57 41.61 41.67 41.68 41.69 41.74 41.81 41.76 41.67 41.62 41.52 41.69 41.85 41.95 41.95 41.89 41.87 41.81 41.74 41.69 41.66 41.6 41.55 41.52 41.52 41.52 41.55 41.59 41.6 41.65 41.69 41.74 41.76 41.83 41.9 41.97 41.96 41.94 41.96 41.93 41.95 41.97 42 42 42.04 42.09 42.13 42.15 42.16 42.13 42.15 42.16 42.18 42.19 42.19 42.21 42.29 42.36 42.31 42.3 42.31 42.31 42.3 42.28 42.25
41.78 41.75 41.75 41.72 41.72 41.72 41.72 41.74 41.77 41.75 41.72 41.65 41.58 41.61 41.68 41.76 41.75 41.7 41.7 41.71 41.71 41.64 41.58 41.48 41.54 41.64 41.88 41.97 41.94 41.91 41.85 41.79 41.73 41.71 41.64 41.59 41.56 41.56 41.55 41.55 41.56 41.58 41.63 41.67 41.71 41.74 41.79 41.84 41.88 41.92 41.9 41.93 41.91 41.95 41.98 42.01 42.01 42.05 42.1 42.14 42.16 42.15 42.13 42.16 42.17 42.19 42.21 42.23 42.26 42.3 42.37 42.35 42.3 42.31 42.32 42.32 42.29 42.25
41.78 41.75 41.73 41.7 41.69 41.68 41.68 41.7 41.74 41.77 41.74 41.68 41.63 41.66 41.75 41.86 41.78 41.7 41.7 41.63 41.65 41.62 41.53 41.47 41.49 41.59 41.83 41.93 41.98 41.95 41.89 41.83 41.78 41.75 41.69 41.63 41.59 41.59 41.58 41.57 41.57 41.59 41.61 41.63 41.66 41.71 41.76 41.81 41.85 41.91 41.91 41.88 41.9 41.94 41.98 42 42.01 42.04 42.09 42.12 42.15 42.14 42.14 42.16 42.17 42.2 42.23 42.26 42.28 42.27 42.36 42.33 42.26 42.27 42.31 42.3 42.27 42.22
41.76 41.74 41.73 41.71 41.69 41.68 41.69 41.7 41.73 41.75 41.75 41.72 41.7 41.74 41.84 41.97 41.92 41.79 41.78 41.68 41.57 41.56 41.51 41.5 41.51 41.58 41.77 41.87 41.94 41.95 41.94 41.87 41.82 41.8 41.73 41.67 41.64 41.65 41.63 41.63 41.62 41.62 41.62 41.61 41.63 41.69 41.75 41.8 41.83 41.89 41.92 41.9 41.92 41.94 41.96 41.97 41.98 42 42.05 42.09 42.11 42.12 42.15 42.18 42.2 42.24 42.27 42.28 42.31 42.25 42.31 42.28 42.23 42.24 42.27 42.27 42.24 42.21
41.77 41.75 41.74 41.72 41.71 41.7 41.7 41.74 41.77 41.76 41.76 41.78 41.84 41.95 41.94 41.94 41.93 41.9 41.84 41.75 41.64 41.58 41.52 41.53 41.54 41.57 41.71 41.81 41.87 41.9 41.95 41.94 41.89 41.86 41.8 41.74 41.7 41.7 41.68 41.67 41.66 41.66 41.63 41.62 41.62 41.68 41.76 41.82 41.85 41.9 41.95 41.95 41.97 41.98 41.94 41.94 41.94 41.95 42 42.04 42.06 42.11 42.17 42.19 42.23 42.27 42.3 42.32 42.35 42.27 42.27 42.24 42.2 42.2 42.23 42.24 42.21 42.18
41.78 41.76 41.75 41.74 41.74 41.72 41.72 41.77 41.81 41.84 41.84 41.87 41.84 41.87 41.92 41.89 41.85 41.86 41.87 41.78 41.64 41.58 41.51 41.53 41.56 41.58 41.65 41.7 41.77 41.8 41.88 41.93 41.94 41.92 41.86 41.81 41.77 41.73 41.71 41.7 41.7 41.68 41.63 41.63 41.63 41.66 41.74 41.83 41.86 41.94 42 42.05 42.04 41.99 41.94 41.91 41.9 41.91 41.96 41.98 42.03 42.07 42.09 42.12 42.19 42.27 42.33 42.35 42.38 42.29 42.24 42.22 42.17 42.17 42.2 42.21 42.18 42.14
