slabs/22.grd
DSAA
631 301
643260 643890
4946300 4946600
38.03 50.08
[rows 34 to 67 of 301, columns 0 to 77 of 631]
48.24 48.32 48.45 48.61 48.79 48.99 49.03 49.05 49.13 49.24 49.29 49.27 49.32 49.42 49.46 49.48 49.49 49.48 49.5 49.5 49.48 49.45 49.42 49.41 49.35 49.2 49.04 48.9 48.66 48.42 48.23 48.01 47.79 47.62 47.52 47.46 47.44 47.4 47.38 47.36 47.35 47.33 47.32 47.3 47.24 47.16 47.09 46.98 46.86 46.83 46.83 46.79 46.66 46.54 46.34 46.13 45.95 45.76 45.56 45.47 45.43 45.44 45.27 45.1 45.11 45.2 45.13 44.92 44.74 44.64 44.58 44.47 44.34 44.25 44.23 44.07 43.93 43.84
47.96 48.04 48.14 48.26 48.51 48.75 48.74 48.74 48.83 48.97 49.04 49.01 49.12 49.33 49.43 49.47 49.48 49.48 49.49 49.5 49.48 49.45 49.44 49.46 49.44 49.38 49.32 49.21 49.03 48.82 48.65 48.42 48.17 47.93 47.8 47.69 47.59 47.48 47.42 47.42 47.4 47.37 47.36 47.36 47.35 47.33 47.29 47.21 47.05 46.96 46.95 46.95 46.91 46.87 46.73 46.51 46.31 46.15 46.01 45.92 45.83 45.8 45.62 45.35 45.3 45.33 45.2 45.01 44.92 44.88 44.79 44.64 44.52 44.39 44.34 44.22 44.11 44.03
47.6 47.68 47.75 47.83 48.07 48.29 48.36 48.42 48.52 48.66 48.77 48.81 48.93 49.16 49.31 49.38 49.43 49.47 49.47 49.47 49.47 49.45 49.44 49.46 49.46 49.44 49.43 49.37 49.27 49.13 49.01 48.85 48.6 48.33 48.18 48.03 47.86 47.66 47.55 47.52 47.46 47.42 47.41 47.41 47.42 47.41 47.4 47.37 47.25 47.17 47.19 47.2 47.17 47.15 47.04 46.8 46.58 46.47 46.43 46.35 46.25 46.17 45.94 45.65 45.49 45.46 45.35 45.15 45.04 45 44.94 44.86 44.78 44.59 44.45 44.35 44.27 44.21
47.17 47.31 47.41 47.46 47.61 47.82 48.03 48.17 48.3 48.45 48.61 48.69 48.79 48.95 49.07 49.15 49.27 49.37 49.4 49.43 49.46 49.45 49.45 49.47 49.47 49.47 49.47 49.45 49.4 49.32 49.25 49.17 48.99 48.74 48.58 48.42 48.21 47.97 47.83 47.72 47.61 47.56 47.53 47.51 47.48 47.45 47.43 47.42 47.35 47.3 47.34 47.39 47.36 47.33 47.23 47 46.78 46.69 46.68 46.64 46.58 46.51 46.27 46 45.83 45.74 45.63 45.41 45.24 45.16 45.09 45.03 44.98 44.82 44.63 44.49 44.42 44.35
46.87 47.04 47.2 47.29 47.37 47.58 47.83 47.97 48.1 48.28 48.44 48.52 48.6 48.72 48.82 48.88 49.02 49.12 49.19 49.27 49.39 49.43 49.44 49.46 49.48 49.47 49.47 49.47 49.46 49.42 49.39 49.36 49.25 49.07 48.94 48.81 48.63 48.4 48.25 48.08 47.94 47.95 47.87 47.79 47.64 47.53 47.48 47.47 47.42 47.36 47.37 47.41 47.41 47.38 47.32 47.13 46.99 46.96 46.95 46.87 46.78 46.73 46.54 46.36 46.23 46.09 45.92 45.72 45.55 45.39 45.24 45.15 45.1 45.02 44.86 44.71 44.62 44.53
46.68 46.83 47.02 47.13 47.17 47.35 47.62 47.76 47.88 48.08 48.21 48.23 48.32 48.51 48.63 48.7 48.8 48.89 48.94 49.05 49.23 49.34 49.38 49.42 49.46 49.47 49.45 49.46 49.47 49.46 49.44 49.44 49.4 49.3 49.22 49.15 49.09 48.98 48.86 48.69 48.51 48.46 48.36 48.19 47.93 47.76 47.66 47.6 47.52 47.44 47.44 47.46 47.47 47.46 47.39 47.27 47.2 47.2 47.19 47.08 46.95 46.88 46.76 46.64 46.55 46.43 46.26 46.06 45.91 45.69 45.47 45.33 45.26 45.22 45.09 44.93 44.85 44.74
46.42 46.58 46.76 46.87 46.92 47.03 47.27 47.41 47.57 47.74 47.81 47.84 48.01 48.26 48.4 48.51 48.65 48.74 48.77 48.86 49.04 49.18 49.25 49.32 49.41 49.46 49.45 49.45 49.44 49.45 49.44 49.45 49.45 49.43 49.4 49.38 49.4 49.4 49.35 49.2 49.02 48.88 48.78 48.6 48.33 48.14 48 47.85 47.7 47.6 47.53 47.53 47.54 47.54 47.46 47.39 47.36 47.36 47.35 47.28 47.17 47.07 46.97 46.83 46.77 46.69 46.56 46.4 46.28 46.07 45.84 45.66 45.55 45.47 45.32 45.16 45.09 45
46.1 46.28 46.44 46.53 46.6 46.68 46.83 46.93 47.14 47.26 47.33 47.47 47.71 47.97 48.12 48.29 48.5 48.6 48.61 48.7 48.86 48.97 49.06 49.14 49.27 49.39 49.42 49.42 49.41 49.43 49.44 49.45 49.46 49.46 49.45 49.45 49.46 49.47 49.46 49.37 49.28 49.19 49.14 49.01 48.77 48.57 48.41 48.19 47.99 47.87 47.72 47.66 47.65 47.63 47.54 47.47 47.45 47.46 47.43 47.39 47.34 47.28 47.19 47.03 46.95 46.86 46.78 46.69 46.63 46.45 46.22 46.05 45.95 45.79 45.59 45.47 45.46 45.35
45.76 45.94 46.09 46.16 46.22 46.33 46.45 46.49 46.67 46.83 46.96 47.17 47.43 47.68 47.85 47.99 48.22 48.36 48.4 48.51 48.65 48.69 48.75 48.82 48.92 49.12 49.24 49.33 49.37 49.39 49.41 49.44 49.44 49.43 49.44 49.44 49.45 49.47 49.49 49.45 49.41 49.39 49.37 49.29 49.11 48.97 48.82 48.61 48.36 48.22 48.05 47.93 47.86 47.79 47.64 47.53 47.5 47.49 47.47 47.44 47.42 47.4 47.36 47.24 47.13 47.05 47 46.96 46.93 46.79 46.59 46.52 46.47 46.29 46.08 45.97 45.94 45.76
45.55 45.65 45.76 45.83 45.88 46.02 46.14 46.18 46.32 46.53 46.68 46.86 47.1 47.34 47.49 47.47 47.69 47.98 48.09 48.2 48.34 48.42 48.49 48.5 48.52 48.67 48.87 49.11 49.23 49.25 49.3 49.38 49.41 49.41 49.42 49.44 49.46 49.47 49.48 49.45 49.45 49.45 49.44 49.41 49.32 49.24 49.15 48.99 48.81 48.66 48.46 48.28 48.18 48.05 47.85 47.66 47.58 47.53 47.5 47.47 47.46 47.45 47.46 47.4 47.33 47.28 47.26 47.21 47.19 47.11 46.98 46.93 46.89 46.77 46.62 46.51 46.39 46.17
45.47 45.51 45.55 45.59 45.65 45.75 45.85 45.93 46.07 46.27 46.33 46.44 46.62 46.79 46.89 46.85 47.11 47.49 47.65 47.78 48.01 48.23 48.34 48.35 48.34 48.39 48.55 48.81 49 49.05 49.11 49.24 49.32 49.35 49.36 49.4 49.44 49.45 49.44 49.45 49.45 49.46 49.45 49.45 49.41 49.39 49.35 49.27 49.18 49.06 48.89 48.69 48.55 48.39 48.15 47.91 47.78 47.7 47.61 47.56 47.57 47.55 47.53 47.49 47.46 47.44 47.44 47.39 47.37 47.32 47.23 47.15 47.08 46.95 46.88 46.83 46.7 46.48
45.42 45.45 45.46 45.48 45.52 45.58 45.6 45.67 45.79 45.91 45.93 46.04 46.18 46.32 46.41 46.51 46.69 46.96 47.13 47.37 47.69 47.91 48.05 48.2 48.24 48.29 48.39 48.58 48.75 48.82 48.89 48.99 49.1 49.18 49.21 49.26 49.35 49.39 49.41 49.45 49.45 49.45 49.45 49.45 49.44 49.44 49.44 49.42 49.4 49.33 49.24 49.09 48.94 48.78 48.53 48.33 48.27 48.18 48 47.87 47.84 47.75 47.62 47.54 47.52 47.51 47.48 47.43 47.43 47.4 47.34 47.31 47.26 47.1 46.99 46.95 46.83 46.65
45.38 45.41 45.43 45.44 45.47 45.49 45.47 45.51 45.6 45.63 45.67 45.79 45.91 46.07 46.18 46.27 46.37 46.54 46.7 46.94 47.26 47.43 47.62 47.89 48.03 48.1 48.21 48.36 48.52 48.59 48.66 48.7 48.8 48.9 48.97 49.05 49.19 49.26 49.33 49.4 49.42 49.43 49.44 49.44 49.45 49.46 49.46 49.47 49.47 49.46 49.42 49.37 49.3 49.23 49.04 48.88 48.82 48.69 48.49 48.32 48.22 48.06 47.83 47.66 47.62 47.6 47.51 47.44 47.44 47.44 47.41 47.4 47.4 47.27 47.12 47.04 46.92 46.78
45.35 45.37 45.4 45.41 45.43 45.45 45.45 45.49 45.55 45.58 45.61 45.63 45.71 45.81 45.87 45.94 46.1 46.21 46.35 46.53 46.8 46.97 47.18 47.49 47.66 47.75 47.94 48.11 48.25 48.33 48.42 48.46 48.54 48.63 48.72 48.84 48.97 49.05 49.16 49.28 49.31 49.32 49.37 49.42 49.45 49.44 49.46 49.47 49.47 49.45 49.45 49.47 49.47 49.47 49.42 49.29 49.18 49.05 48.9 48.75 48.64 48.44 48.16 47.96 47.86 47.77 47.62 47.53 47.49 47.47 47.44 47.43 47.45 47.38 47.27 47.2 47.08 46.96
45.34 45.36 45.37 45.39 45.4 45.44 45.47 45.49 45.52 45.56 45.58 45.58 45.62 45.64 45.65 45.71 45.83 45.89 46 46.18 46.47 46.64 46.82 47.04 47.15 47.23 47.51 47.74 47.89 48.01 48.15 48.27 48.38 48.45 48.54 48.66 48.71 48.78 48.9 49.05 49.04 49.03 49.15 49.29 49.37 49.38 49.42 49.45 49.46 49.43 49.44 49.45 49.47 49.47 49.47 49.44 49.41 49.36 49.27 49.17 49.07 48.82 48.54 48.36 48.25 48.06 47.82 47.69 47.61 47.54 47.49 47.48 47.49 47.45 47.39 47.34 47.26 47.16
45.36 45.36 45.38 45.39 45.4 45.42 45.46 45.48 45.49 45.51 45.52 45.54 45.57 45.57 45.58 45.6 45.65 45.68 45.75 45.91 46.19 46.36 46.52 46.65 46.73 46.8 47.03 47.26 47.46 47.62 47.76 47.97 48.14 48.23 48.37 48.43 48.34 48.4 48.56 48.7 48.69 48.69 48.81 49 49.14 49.24 49.31 49.38 49.42 49.42 49.45 49.45 49.46 49.48 49.48 49.47 49.48 49.47 49.45 49.43 49.37 49.16 48.9 48.73 48.62 48.39 48.1 47.95 47.82 47.69 47.59 47.56 47.54 47.5 47.46 47.43 47.37 47.31
45.41 45.42 45.43 45.42 45.39 45.39 45.41 45.46 45.48 45.48 45.49 45.5 45.53 45.54 45.56 45.56 45.58 45.6 45.63 45.73 45.93 46.05 46.23 46.37 46.48 46.54 46.63 46.8 47 47.15 47.19 47.37 47.54 47.69 47.94 48.04 47.98 48.03 48.24 48.39 48.44 48.47 48.55 48.77 48.93 49.05 49.13 49.22 49.28 49.35 49.41 49.44 49.45 49.48 49.48 49.48 49.49 49.49 49.48 49.48 49.47 49.38 49.21 49.09 48.97 48.73 48.45 48.29 48.15 47.97 47.8 47.71 47.61 47.54 47.5 47.49 47.45 47.4
45.51 45.56 45.54 45.48 45.43 45.41 45.41 45.44 45.44 45.46 45.47 45.49 45.49 45.5 45.52 45.55 45.56 45.55 45.58 45.63 45.72 45.78 45.98 46.11 46.26 46.29 46.31 46.45 46.58 46.67 46.7 46.83 46.94 47.04 47.34 47.61 47.7 47.76 47.96 48.17 48.26 48.28 48.32 48.57 48.74 48.83 48.88 48.96 49.03 49.16 49.31 49.4 49.42 49.45 49.47 49.49 49.48 49.49 49.49 49.48 49.5 49.48 49.41 49.36 49.27 49.06 48.83 48.69 48.54 48.34 48.13 48 47.84 47.72 47.63 47.64 47.58 47.5
45.55 45.66 45.65 45.57 45.51 45.47 45.45 45.43 45.41 45.42 45.43 45.45 45.46 45.46 45.49 45.52 45.52 45.52 45.54 45.57 45.6 45.61 45.72 45.79 45.93 45.97 46.01 46.19 46.28 46.34 46.42 46.52 46.59 46.62 46.86 47.18 47.3 47.38 47.65 47.91 48.02 48.02 47.98 48.22 48.41 48.55 48.61 48.68 48.74 48.91 49.12 49.26 49.32 49.35 49.42 49.47 49.48 49.48 49.49 49.49 49.5 49.5 49.49 49.48 49.45 49.33 49.17 49.07 48.93 48.73 48.58 48.52 48.35 48.16 48.03 47.99 47.84 47.67
45.52 45.68 45.73 45.66 45.56 45.52 45.5 45.46 45.42 45.41 45.4 45.42 45.43 45.43 45.46 45.47 45.48 45.48 45.5 45.52 45.54 45.54 45.55 45.59 45.66 45.71 45.78 45.95 46.07 46.16 46.22 46.28 46.31 46.34 46.46 46.69 46.77 46.88 47.24 47.55 47.7 47.68 47.67 47.92 48.11 48.26 48.36 48.43 48.52 48.72 48.91 49.03 49.1 49.15 49.29 49.4 49.44 49.45 49.47 49.48 49.47 49.48 49.5 49.51 49.5 49.46 49.4 49.35 49.27 49.15 49.08 49.04 48.88 48.67 48.55 48.44 48.2 47.96
45.47 45.65 45.74 45.69 45.58 45.53 45.52 45.5 45.46 45.42 45.41 45.41 45.4 45.4 45.41 45.43 45.44 45.44 45.46 45.48 45.51 45.52 45.53 45.57 45.59 45.61 45.66 45.76 45.87 45.99 46.04 46.07 46.1 46.15 46.16 46.3 46.35 46.44 46.75 47.08 47.26 47.31 47.43 47.71 47.9 48.01 48.1 48.15 48.29 48.55 48.74 48.83 48.86 48.91 49.11 49.25 49.29 49.35 49.41 49.44 49.42 49.45 49.49 49.5 49.49 49.48 49.48 49.48 49.45 49.42 49.38 49.29 49.18 49.02 48.91 48.79 48.58 48.33
45.37 45.49 45.56 45.58 45.53 45.46 45.47 45.54 45.52 45.48 45.49 45.43 45.39 45.38 45.38 45.4 45.42 45.42 45.44 45.46 45.49 45.49 45.51 45.55 45.56 45.6 45.62 45.66 45.72 45.81 45.84 45.89 45.94 46 46 46.04 46.08 46.15 46.32 46.56 46.73 46.9 47.16 47.46 47.65 47.72 47.75 47.78 47.96 48.28 48.52 48.63 48.69 48.75 48.87 48.93 48.93 49.07 49.23 49.32 49.32 49.38 49.44 49.46 49.46 49.47 49.49 49.48 49.45 49.45 49.44 49.39 49.34 49.26 49.19 49.08 48.93 48.7
45.11 45.09 45.09 45.19 45.25 45.24 45.32 45.48 45.55 45.53 45.55 45.49 45.39 45.37 45.36 45.37 45.4 45.41 45.42 45.44 45.46 45.48 45.5 45.51 45.53 45.56 45.58 45.6 45.62 45.65 45.68 45.75 45.8 45.84 45.87 45.88 45.88 45.95 46.03 46.11 46.22 46.43 46.73 47.01 47.21 47.24 47.28 47.33 47.55 47.86 48.16 48.36 48.51 48.61 48.59 48.52 48.54 48.76 48.97 49.08 49.12 49.22 49.3 49.35 49.4 49.44 49.46 49.46 49.45 49.44 49.45 49.43 49.42 49.39 49.37 49.31 49.21 49.05
44.6 44.55 44.57 44.72 44.87 44.95 45.1 45.32 45.5 45.55 45.57 45.54 45.43 45.36 45.34 45.37 45.4 45.42 45.42 45.44 45.45 45.47 45.48 45.49 45.5 45.5 45.52 45.55 45.56 45.56 45.6 45.64 45.65 45.67 45.74 45.77 45.78 45.83 45.9 45.92 45.98 46.09 46.24 46.43 46.6 46.52 46.6 46.74 46.95 47.22 47.66 48 48.23 48.37 48.3 48.22 48.3 48.58 48.73 48.79 48.87 48.94 49.02 49.1 49.25 49.36 49.39 49.42 49.44 49.44 49.44 49.44 49.45 49.44 49.43 49.42 49.38 49.28
44.04 44.09 44.21 44.31 44.49 44.63 44.84 45.1 45.31 45.45 45.58 45.58 45.52 45.39 45.33 45.38 45.4 45.42 45.43 45.45 45.45 45.46 45.46 45.47 45.46 45.47 45.5 45.51 45.53 45.52 45.55 45.57 45.58 45.58 45.64 45.67 45.7 45.76 45.85 45.91 45.98 46.01 46.03 46.07 46.11 45.99 46.06 46.19 46.32 46.56 47.09 47.48 47.78 48.03 47.99 47.91 48.11 48.43 48.57 48.6 48.71 48.72 48.77 48.89 49.08 49.2 49.26 49.32 49.38 49.41 49.41 49.42 49.44 49.45 49.44 49.46 49.45 49.4
43.76 43.78 43.91 43.93 44.09 44.26 44.51 44.82 45.02 45.2 45.49 45.59 45.58 45.44 45.36 45.42 45.44 45.44 45.45 45.46 45.45 45.46 45.46 45.45 45.45 45.44 45.46 45.48 45.49 45.5 45.51 45.53 45.55 45.55 45.57 45.59 45.62 45.71 45.84 45.93 46 46.06 46.09 46.09 46.03 46.04 46.02 46.02 46.01 46.14 46.5 46.77 47.11 47.48 47.52 47.52 47.89 48.28 48.45 48.51 48.63 48.66 48.69 48.8 48.92 49 49.05 49.14 49.26 49.33 49.35 49.39 49.41 49.43 49.44 49.46 49.46 49.45
43.69 43.69 43.73 43.72 43.82 43.97 44.23 44.55 44.76 44.96 45.27 45.47 45.52 45.42 45.43 45.53 45.56 45.51 45.49 45.49 45.48 45.48 45.45 45.43 45.42 45.4 45.41 45.46 45.49 45.48 45.49 45.51 45.54 45.51 45.51 45.52 45.55 45.66 45.84 45.94 46 46.09 46.17 46.22 46.24 46.33 46.31 46.28 46.16 46.06 46.11 46.19 46.44 46.78 46.92 47.05 47.46 47.97 48.24 48.28 48.46 48.55 48.56 48.64 48.75 48.81 48.84 48.93 49.06 49.17 49.22 49.3 49.35 49.39 49.42 49.45 49.45 49.45
43.67 43.67 43.68 43.65 43.65 43.76 44.03 44.35 44.57 44.75 45 45.23 45.34 45.38 45.51 45.64 45.65 45.6 45.55 45.52 45.52 45.51 45.47 45.43 45.41 45.41 45.41 45.45 45.49 45.49 45.49 45.49 45.48 45.47 45.47 45.49 45.5 45.6 45.77 45.89 45.97 46.11 46.25 46.33 46.41 46.5 46.57 46.61 46.55 46.37 46.22 46.11 46.15 46.26 46.35 46.51 46.82 47.38 47.75 47.81 48.03 48.23 48.28 48.38 48.54 48.66 48.7 48.77 48.84 48.94 49.02 49.14 49.22 49.27 49.33 49.38 49.41 49.43
43.68 43.69 43.7 43.68 43.61 43.65 43.87 44.18 44.39 44.56 44.78 45.03 45.18 45.36 45.56 45.65 45.64 45.63 45.59 45.54 45.55 45.54 45.53 45.53 45.5 45.5 45.48 45.47 45.48 45.47 45.43 45.41 45.38 45.43 45.49 45.52 45.49 45.53 45.64 45.73 45.82 46 46.24 46.36 46.47 46.57 46.67 46.73 46.78 46.73 46.62 46.49 46.34 46.2 46.14 46.19 46.31 46.68 46.98 47.09 47.36 47.71 47.88 48.03 48.27 48.47 48.54 48.61 48.66 48.72 48.78 48.87 48.91 48.93 49.03 49.17 49.3 49.36
43.72 43.75 43.76 43.74 43.68 43.64 43.76 44.01 44.2 44.37 44.6 44.87 45.03 45.22 45.43 45.53 45.53 45.57 45.57 45.54 45.57 45.58 45.61 45.64 45.62 45.58 45.55 45.52 45.5 45.4 45.29 45.29 45.31 45.42 45.51 45.55 45.51 45.5 45.54 45.57 45.64 45.85 46.13 46.32 46.46 46.61 46.7 46.78 46.86 46.92 46.93 46.9 46.78 46.6 46.48 46.35 46.26 46.3 46.36 46.43 46.68 47.06 47.28 47.54 47.88 48.08 48.14 48.28 48.44 48.51 48.57 48.62 48.62 48.6 48.7 48.87 49.05 49.16
43.78 43.81 43.82 43.81 43.77 43.71 43.75 43.89 44.02 44.18 44.35 44.6 44.76 44.91 45.1 45.3 45.39 45.49 45.54 45.56 45.58 45.63 45.68 45.7 45.69 45.67 45.64 45.58 45.54 45.37 45.22 45.21 45.27 45.42 45.5 45.52 45.48 45.48 45.5 45.5 45.56 45.71 45.93 46.16 46.38 46.61 46.73 46.81 46.9 47.01 47.08 47.12 47.15 47.14 47.08 46.92 46.69 46.47 46.32 46.22 46.28 46.41 46.48 46.75 47.11 47.3 47.45 47.75 48.08 48.23 48.31 48.42 48.47 48.43 48.52 48.64 48.76 48.86
43.82 43.84 43.85 43.84 43.83 43.8 43.81 43.84 43.88 43.94 44.07 44.32 44.47 44.63 44.77 44.94 45.1 45.34 45.46 45.5 45.5 45.57 45.73 45.79 45.8 45.81 45.75 45.67 45.61 45.49 45.31 45.23 45.26 45.39 45.47 45.47 45.45 45.48 45.5 45.49 45.52 45.6 45.69 45.9 46.21 46.56 46.74 46.84 46.93 47.04 47.14 47.21 47.34 47.49 47.55 47.55 47.43 47.2 47.04 46.81 46.56 46.38 46.24 46.23 46.3 46.43 46.71 47.14 47.55 47.76 47.9 48.09 48.16 48.12 48.28 48.49 48.59 48.64
43.83 43.83 43.81 43.8 43.8 43.8 43.82 43.83 43.83 43.8 43.89 44.09 44.25 44.42 44.48 44.49 44.7 45.05 45.21 45.26 45.29 45.36 45.61 45.75 45.81 45.86 45.78 45.69 45.68 45.65 45.5 45.38 45.32 45.38 45.45 45.45 45.47 45.48 45.5 45.5 45.53 45.55 45.56 45.67 45.96 46.36 46.58 46.74 46.9 47.05 47.18 47.31 47.46 47.63 47.74 47.85 47.92 47.89 47.85 47.7 47.33 47.04 46.81 46.52 46.22 46.1 46.25 46.54 46.9 47.12 47.36 47.64 47.72 47.7 47.94 48.3 48.48 48.52
43.8 43.77 43.72 43.7 43.7 43.73 43.77 43.79 43.79 43.78 43.79 43.88 44.03 44.19 44.19 44.17 44.41 44.71 44.87 44.94 45 45.12 45.34 45.49 45.61 45.7 45.71 45.68 45.71 45.77 45.72 45.6 45.44 45.43 45.46 45.46 45.49 45.5 45.51 45.53 45.56 45.56 45.53 45.54 45.71 45.95 46.08 46.31 46.64 46.98 47.19 47.36 47.53 47.7 47.78 47.86 47.98 48.07 48.13 48.13 47.89 47.67 47.46 47.13 46.7 46.42 46.32 46.27 46.4 46.54 46.78 47.1 47.25 47.3 47.58 48 48.32 48.43
