slabs/23.grd
DSAA
631 301
643260 643890
4946600 4946900
37.42 49.86
[rows 204 to 237 of 301, columns 468 to 545 of 631]
43.66 43.71 43.9 44.01 44.02 44.06 44.11 44.14 44.16 44.18 44.22 44.31 44.34 44.33 44.26 44.24 44.23 44.26 44.17 44.19 44.27 44.35 44.23 44.15 44.03 43.9 43.88 43.86 43.83 43.79 43.69 43.57 43.54 43.6 43.6 43.41 43.14 43.14 43.18 43.27 43.28 43.22 43.18 43.12 42.94 42.68 42.53 42.18 41.83 41.54 41.42 41.29 40.98 40.71 40.6 40.41 40.42 40.21 39.97 39.54 39.26 39.18 39.15 39.17 38.89 38.74 38.49 38.41 38.4 38.37 38.35 38.38 38.42 38.39 38.35 38.31 38.28 38.28
43.58 43.66 43.8 43.89 43.91 43.95 44.03 44.06 44.07 44.08 44.09 44.16 44.22 44.23 44.17 44.16 44.2 44.26 44.24 44.22 44.24 44.32 44.27 44.21 44.13 44.02 44.02 44.01 43.95 43.81 43.7 43.64 43.56 43.55 43.51 43.45 43.29 43.27 43.3 43.38 43.45 43.4 43.35 43.28 43.22 43 42.84 42.49 42.14 41.85 41.73 41.63 41.43 41.23 41.19 41.03 41.02 40.87 40.59 40.26 40.06 39.98 39.88 39.91 39.91 39.77 39.34 38.85 38.7 38.7 38.6 38.41 38.41 38.37 38.34 38.37 38.35 38.34
43.5 43.6 43.69 43.78 43.8 43.85 43.92 43.94 43.95 43.96 43.96 43.95 43.99 44.04 43.98 44 44.09 44.19 44.17 44.16 44.19 44.3 44.45 44.34 44.25 44.1 44.07 44.04 43.91 43.74 43.73 43.71 43.61 43.58 43.52 43.46 43.37 43.33 43.34 43.34 43.44 43.39 43.34 43.3 43.33 43.24 43.08 42.73 42.4 42.15 42.07 42.01 41.89 41.71 41.62 41.54 41.53 41.46 41.26 41.04 40.86 40.77 40.64 40.77 41 40.86 40.39 39.79 39.43 39.41 39.24 38.93 38.81 38.74 38.62 38.71 38.64 38.56
43.43 43.56 43.64 43.67 43.7 43.75 43.78 43.8 43.83 43.84 43.84 43.83 43.8 43.85 43.81 43.86 43.98 44.1 44.11 44.11 44.14 44.26 44.32 44.17 44.1 44.17 44.15 44.05 43.86 43.74 43.79 43.81 43.74 43.78 43.73 43.58 43.44 43.37 43.37 43.3 43.36 43.33 43.31 43.34 43.39 43.4 43.29 42.97 42.65 42.46 42.47 42.48 42.37 42.15 41.98 41.87 41.99 41.98 41.89 41.69 41.53 41.45 41.35 41.6 41.88 41.69 41.17 40.58 40.33 40.22 39.93 39.62 39.48 39.83 40.02 40 39.95 39.79
43.39 43.55 43.65 43.64 43.63 43.64 43.67 43.69 43.71 43.73 43.73 43.71 43.66 43.66 43.69 43.75 43.87 43.99 44.04 44.01 44.01 44.05 43.99 43.89 43.93 44.1 44.09 43.97 43.88 43.81 43.84 43.92 43.92 43.95 43.87 43.68 43.51 43.45 43.41 43.31 43.27 43.27 43.29 43.37 43.43 43.47 43.44 43.22 42.97 42.9 42.92 42.87 42.77 42.65 42.34 42.2 42.43 42.44 42.39 42.22 42.09 42.02 42.04 42.4 42.57 42.47 42.08 41.54 41.43 41.71 41.28 40.8 40.62 40.97 41.18 41.11 41.07 40.93
43.36 43.51 43.59 43.58 43.57 43.59 43.59 43.58 43.6 43.63 43.62 43.6 43.55 43.55 43.57 43.62 43.7 43.69 43.8 43.8 43.81 43.84 43.77 43.76 43.84 43.94 43.92 43.84 43.91 43.92 43.93 44.03 44.07 43.99 43.9 43.69 43.57 43.51 43.47 43.35 43.26 43.27 43.29 43.36 43.46 43.57 43.56 43.47 43.33 43.32 43.31 43.24 43.13 43.01 42.71 42.53 42.84 42.85 42.8 42.77 42.65 42.61 42.54 42.96 43.3 43.26 43.05 42.74 42.73 42.97 42.56 41.99 41.8 41.8 41.82 41.64 41.58 41.46
43.33 43.43 43.46 43.47 43.49 43.52 43.52 43.52 43.52 43.51 43.51 43.51 43.51 43.52 43.52 43.53 43.51 43.43 43.59 43.61 43.64 43.7 43.71 43.72 43.74 43.81 43.78 43.72 43.89 44.01 44.02 44.07 44.06 44.02 43.95 43.78 43.64 43.58 43.53 43.4 43.26 43.24 43.26 43.3 43.35 43.44 43.55 43.53 43.61 43.62 43.62 43.58 43.47 43.33 43.04 42.84 43.11 43.11 43.08 43 42.86 42.82 42.8 43.28 43.63 43.6 43.5 43.44 43.45 43.54 43.37 42.87 42.7 42.46 42.32 42.03 41.94 41.8
43.26 43.32 43.36 43.36 43.37 43.4 43.42 43.42 43.44 43.44 43.44 43.46 43.49 43.52 43.53 43.5 43.41 43.35 43.45 43.48 43.51 43.55 43.59 43.64 43.66 43.66 43.66 43.64 43.81 44.02 44.01 43.96 43.91 43.95 43.94 43.86 43.73 43.65 43.58 43.43 43.34 43.3 43.28 43.24 43.26 43.32 43.42 43.38 43.57 43.61 43.66 43.56 43.48 43.39 43.22 43.06 43.12 43.15 43.14 43.03 42.91 42.86 42.86 43.36 43.63 43.61 43.52 43.53 43.56 43.71 43.77 43.39 43.28 43.01 42.72 42.45 42.34 42.16
43.18 43.22 43.26 43.26 43.28 43.32 43.33 43.34 43.36 43.38 43.38 43.39 43.42 43.48 43.48 43.47 43.41 43.32 43.31 43.32 43.35 43.4 43.44 43.53 43.55 43.48 43.47 43.5 43.66 43.83 43.87 43.86 43.85 43.87 43.85 43.79 43.7 43.65 43.6 43.49 43.41 43.37 43.32 43.31 43.25 43.24 43.24 43.28 43.46 43.45 43.45 43.35 43.27 43.27 43.23 43.1 43.05 43.07 43.05 43.01 42.94 42.84 42.85 43.35 43.55 43.59 43.52 43.57 43.63 43.8 43.81 43.53 43.48 43.32 43.1 42.82 42.74 42.57
43.12 43.16 43.18 43.18 43.19 43.23 43.25 43.26 43.28 43.29 43.28 43.28 43.29 43.36 43.37 43.37 43.31 43.22 43.19 43.16 43.19 43.25 43.29 43.39 43.38 43.21 43.22 43.33 43.52 43.65 43.73 43.84 43.81 43.82 43.81 43.71 43.62 43.61 43.61 43.53 43.44 43.4 43.36 43.39 43.32 43.29 43.18 43.21 43.34 43.31 43.25 43.21 43.14 43.16 43.19 43.04 43.01 42.99 42.96 42.98 42.97 42.88 42.99 43.41 43.5 43.57 43.53 43.62 43.66 43.73 43.72 43.67 43.64 43.49 43.24 43.09 43.02 42.83
43.09 43.12 43.1 43.08 43.06 43.11 43.16 43.16 43.17 43.19 43.19 43.19 43.22 43.26 43.26 43.25 43.2 43.13 43.1 43.01 43.02 43.11 43.15 43.23 43.12 42.92 43.01 43.21 43.4 43.51 43.59 43.73 43.79 43.77 43.76 43.63 43.54 43.54 43.52 43.52 43.51 43.49 43.45 43.47 43.42 43.39 43.24 43.21 43.27 43.24 43.15 43.18 43.17 43.17 43.16 43.01 42.98 42.95 42.91 42.91 42.96 43.05 43.28 43.49 43.52 43.52 43.49 43.56 43.59 43.65 43.7 43.66 43.64 43.46 43.27 43.2 43.15 43.02
43.06 43.06 43 42.96 42.91 42.98 43.05 43.04 43.04 43.11 43.12 43.17 43.22 43.21 43.2 43.17 43.08 43.01 42.98 42.9 42.86 42.95 43.01 43.08 42.89 42.88 42.94 43.1 43.29 43.39 43.44 43.57 43.68 43.66 43.67 43.6 43.52 43.54 43.58 43.59 43.58 43.56 43.51 43.49 43.5 43.46 43.34 43.24 43.23 43.18 43.1 43.17 43.2 43.19 43.14 43 42.96 42.94 42.9 42.85 42.89 42.98 43.15 43.34 43.41 43.47 43.46 43.51 43.52 43.61 43.68 43.64 43.6 43.47 43.37 43.32 43.27 43.18
43.02 42.97 42.91 42.87 42.8 42.85 42.88 42.85 42.85 43.02 43.08 43.18 43.18 43.15 43.13 43.07 42.99 42.92 42.89 42.81 42.76 42.84 42.89 42.88 42.81 42.87 42.89 43.01 43.17 43.17 43.22 43.3 43.42 43.45 43.59 43.65 43.6 43.62 43.65 43.64 43.59 43.57 43.51 43.46 43.48 43.47 43.38 43.24 43.18 43.14 43.07 43.13 43.11 43.1 43.09 42.98 42.97 42.93 42.9 42.89 42.86 42.8 42.89 43.09 43.17 43.3 43.36 43.4 43.45 43.54 43.68 43.63 43.52 43.37 43.32 43.29 43.27 43.22
42.97 42.92 42.88 42.86 42.82 42.79 42.79 42.77 42.78 42.94 43.03 43.18 43.11 43.05 43.03 42.97 42.89 42.82 42.79 42.73 42.68 42.73 42.77 42.73 42.79 42.87 42.87 42.92 43 42.99 43.05 43.09 43.21 43.31 43.56 43.68 43.67 43.66 43.63 43.63 43.59 43.57 43.51 43.45 43.39 43.38 43.31 43.21 43.14 43.09 43.03 43.04 43.01 43.03 43.07 42.94 42.94 42.92 42.84 42.8 42.76 42.66 42.65 42.86 42.96 43.11 43.22 43.3 43.42 43.57 43.65 43.46 43.32 43.05 42.98 42.96 42.91 42.94
43.01 42.95 42.94 42.91 42.88 42.85 42.84 42.82 42.81 42.9 42.98 43.11 43.01 42.95 42.93 42.88 42.8 42.74 42.69 42.61 42.56 42.55 42.6 42.66 42.78 42.84 42.87 42.87 42.88 42.9 42.96 42.99 43.14 43.25 43.52 43.69 43.65 43.63 43.6 43.63 43.59 43.56 43.5 43.41 43.27 43.22 43.19 43.14 43.1 43.01 42.98 42.97 42.97 43.03 43.01 42.85 42.84 42.85 42.77 42.73 42.71 42.66 42.67 42.79 42.89 43.01 43.11 43.21 43.33 43.45 43.5 43.37 43.13 42.79 42.68 42.66 42.6 42.67
43.04 43 42.99 42.97 42.93 42.91 42.9 42.87 42.85 42.88 42.96 43.09 42.99 42.88 42.82 42.74 42.68 42.64 42.6 42.55 42.51 42.5 42.55 42.67 42.78 42.82 42.86 42.85 42.83 42.84 42.89 42.94 43.09 43.2 43.45 43.66 43.6 43.59 43.56 43.61 43.58 43.56 43.51 43.3 43.09 43.03 42.99 42.97 42.97 42.95 42.93 42.92 42.92 42.96 42.93 42.87 42.85 42.78 42.66 42.67 42.67 42.68 42.76 42.87 42.96 43.03 43.15 43.44 43.49 43.44 43.41 43.33 43.04 42.68 42.59 42.57 42.51 42.54
43.09 43.07 43.06 43.02 42.99 42.97 42.96 42.92 42.91 42.93 42.96 43.02 42.93 42.87 42.79 42.68 42.63 42.6 42.58 42.55 42.54 42.55 42.64 42.75 42.82 42.83 42.82 42.79 42.77 42.78 42.81 42.88 43.02 43.12 43.34 43.52 43.54 43.54 43.52 43.59 43.6 43.6 43.42 43.2 43.14 43 42.95 42.92 42.92 42.91 42.9 42.9 42.89 42.89 42.84 42.76 42.71 42.63 42.55 42.62 42.65 42.73 42.91 42.98 43.04 43.12 43.3 43.56 43.66 43.51 43.4 43.29 42.99 42.69 42.61 42.57 42.48 42.37
43.15 43.12 43.11 43.11 43.09 43.07 43.05 43.02 42.99 42.99 42.99 42.99 42.92 42.9 42.82 42.69 42.65 42.62 42.62 42.6 42.59 42.62 42.74 42.86 42.89 42.85 42.74 42.71 42.7 42.72 42.76 42.83 42.91 43 43.2 43.38 43.43 43.44 43.51 43.65 43.65 43.57 43.34 43.16 43.11 42.97 42.92 42.89 42.88 42.87 42.87 42.86 42.86 42.75 42.62 42.59 42.59 42.57 42.59 42.66 42.7 42.77 42.95 42.99 43.06 43.21 43.49 43.57 43.68 43.53 43.37 43.26 42.94 42.73 42.68 42.63 42.46 42.29
43.25 43.22 43.21 43.2 43.17 43.15 43.14 43.1 43.08 43.04 43.02 43.02 42.97 42.94 42.87 42.72 42.69 42.68 42.67 42.65 42.65 42.68 42.81 42.88 42.84 42.8 42.71 42.63 42.63 42.66 42.73 42.78 42.82 42.93 43.11 43.26 43.35 43.43 43.53 43.56 43.56 43.49 43.28 43.13 43.07 42.94 42.88 42.85 42.81 42.81 42.88 42.86 42.8 42.61 42.48 42.5 42.52 42.56 42.62 42.66 42.72 42.78 42.91 42.94 43.02 43.21 43.56 43.58 43.6 43.52 43.39 43.27 42.98 42.84 42.86 42.81 42.68 42.47
43.33 43.31 43.29 43.26 43.21 43.18 43.15 43.11 43.07 43.04 43.03 43.03 43.01 43 42.93 42.81 42.77 42.75 42.72 42.7 42.71 42.74 42.79 42.78 42.74 42.72 42.66 42.59 42.57 42.59 42.64 42.68 42.73 42.86 43.01 43.1 43.17 43.36 43.48 43.47 43.45 43.36 43.24 43.09 43.01 42.89 42.82 42.73 42.72 42.78 42.88 42.85 42.73 42.49 42.46 42.5 42.52 42.56 42.58 42.6 42.71 42.79 42.88 42.91 42.99 43.08 43.26 43.3 43.4 43.45 43.4 43.32 43.11 42.9 42.89 42.87 42.79 42.69
43.35 43.32 43.29 43.25 43.19 43.14 43.12 43.05 43 42.98 42.99 43.02 43.04 43.02 42.95 42.86 42.83 42.82 42.8 42.76 42.75 42.73 42.74 42.81 42.76 42.73 42.68 42.63 42.59 42.59 42.61 42.64 42.66 42.73 42.8 42.95 43.04 43.25 43.22 43.17 43.15 43.06 43.07 42.98 42.93 42.82 42.69 42.58 42.62 42.75 42.85 42.83 42.7 42.47 42.48 42.52 42.52 42.55 42.58 42.61 42.69 42.8 42.86 42.88 42.95 43.02 43.1 43.14 43.25 43.33 43.3 43.22 42.94 42.83 42.83 42.8 42.7 42.76
43.31 43.26 43.23 43.17 43.11 43.07 43.04 42.98 42.94 42.95 42.97 43.01 43.05 43.04 42.97 42.87 42.81 42.8 42.78 42.76 42.73 42.73 42.71 42.78 42.78 42.77 42.71 42.64 42.62 42.59 42.6 42.62 42.63 42.6 42.64 42.74 42.8 42.96 42.94 42.88 42.85 42.78 42.89 42.88 42.85 42.77 42.62 42.49 42.53 42.65 42.77 42.78 42.7 42.54 42.54 42.55 42.54 42.55 42.59 42.62 42.7 42.8 42.83 42.85 42.9 42.98 43.08 43.13 43.21 43.23 43.16 43.08 42.87 42.77 42.77 42.71 42.6 42.63
43.25 43.2 43.15 43.09 43.04 43.02 42.96 42.91 42.9 42.92 42.96 43 43.03 43.04 42.98 42.88 42.81 42.79 42.75 42.72 42.7 42.7 42.67 42.69 42.71 42.73 42.64 42.54 42.51 42.48 42.56 42.61 42.6 42.53 42.51 42.56 42.59 42.69 42.72 42.69 42.68 42.66 42.75 42.81 42.8 42.77 42.64 42.51 42.45 42.49 42.62 42.68 42.7 42.63 42.65 42.63 42.56 42.56 42.58 42.59 42.69 42.88 42.88 42.84 42.83 42.94 43.05 43.11 43.17 43.1 42.96 42.94 42.87 42.81 42.77 42.65 42.54 42.53
43.2 43.17 43.07 43.01 42.96 42.94 42.88 42.86 42.89 42.9 42.94 42.98 43.02 43.03 42.97 42.83 42.79 42.77 42.71 42.66 42.63 42.62 42.6 42.6 42.59 42.59 42.48 42.37 42.35 42.41 42.57 42.61 42.59 42.51 42.44 42.45 42.47 42.53 42.58 42.61 42.61 42.61 42.65 42.74 42.74 42.76 42.63 42.55 42.45 42.36 42.49 42.56 42.65 42.7 42.69 42.66 42.59 42.52 42.56 42.61 42.74 42.89 42.92 42.9 42.9 42.99 43.07 43.12 43.17 43.06 42.97 42.88 42.84 42.79 42.68 42.56 42.48 42.47
43.14 43.1 42.99 42.93 42.88 42.86 42.82 42.84 42.88 42.9 42.93 42.97 43 43.02 42.95 42.8 42.73 42.72 42.7 42.64 42.6 42.56 42.51 42.53 42.52 42.52 42.42 42.33 42.34 42.44 42.59 42.58 42.58 42.53 42.43 42.38 42.4 42.44 42.52 42.58 42.59 42.62 42.58 42.65 42.67 42.7 42.63 42.6 42.46 42.34 42.47 42.55 42.7 42.72 42.64 42.61 42.56 42.55 42.6 42.65 42.75 42.86 42.95 42.95 43.01 43.08 43.13 43.16 43.16 43.03 42.95 42.8 42.73 42.68 42.58 42.42 42.38 42.41
43.08 43.03 42.92 42.85 42.81 42.8 42.8 42.83 42.87 42.89 42.93 42.98 43.02 43.04 42.94 42.77 42.66 42.66 42.65 42.6 42.56 42.5 42.44 42.48 42.5 42.55 42.49 42.43 42.45 42.52 42.61 42.55 42.56 42.55 42.46 42.38 42.35 42.35 42.42 42.49 42.55 42.64 42.61 42.62 42.62 42.6 42.58 42.55 42.43 42.39 42.47 42.56 42.72 42.67 42.54 42.52 42.5 42.55 42.62 42.66 42.75 42.84 42.9 42.9 42.98 43.08 43.11 43.14 43.09 42.99 42.91 42.73 42.61 42.56 42.48 42.32 42.33 42.41
43.1 43.02 42.85 42.78 42.74 42.75 42.79 42.83 42.89 42.93 42.99 43.08 43.14 43.09 42.93 42.76 42.68 42.62 42.6 42.54 42.51 42.43 42.4 42.46 42.5 42.56 42.57 42.54 42.57 42.62 42.62 42.59 42.58 42.58 42.48 42.4 42.35 42.28 42.33 42.42 42.53 42.67 42.67 42.64 42.55 42.51 42.54 42.5 42.41 42.45 42.51 42.55 42.58 42.52 42.48 42.47 42.46 42.51 42.58 42.59 42.68 42.75 42.79 42.82 42.89 43.02 43.06 43.06 42.97 42.91 42.85 42.7 42.55 42.47 42.42 42.34 42.38 42.51
43.12 43.03 42.83 42.75 42.76 42.78 42.84 42.9 42.95 42.99 43.09 43.21 43.22 43.11 42.92 42.75 42.69 42.57 42.55 42.48 42.45 42.37 42.38 42.44 42.48 42.55 42.61 42.59 42.62 42.65 42.62 42.64 42.62 42.59 42.52 42.44 42.38 42.26 42.27 42.32 42.47 42.61 42.62 42.59 42.51 42.48 42.55 42.5 42.42 42.46 42.53 42.53 42.5 42.42 42.45 42.43 42.4 42.44 42.5 42.52 42.6 42.66 42.68 42.74 42.8 42.91 42.94 42.93 42.83 42.78 42.76 42.67 42.53 42.45 42.44 42.43 42.42 42.48
43.11 43.04 42.88 42.84 42.83 42.85 42.9 42.97 43.01 43.07 43.2 43.31 43.26 43.1 42.9 42.72 42.65 42.52 42.49 42.41 42.38 42.29 42.34 42.41 42.45 42.54 42.63 42.61 42.64 42.62 42.58 42.61 42.63 42.62 42.56 42.51 42.4 42.33 42.32 42.33 42.4 42.52 42.55 42.53 42.47 42.48 42.54 42.5 42.45 42.47 42.49 42.47 42.42 42.39 42.43 42.41 42.36 42.37 42.41 42.47 42.54 42.6 42.62 42.67 42.73 42.79 42.8 42.76 42.66 42.64 42.61 42.61 42.52 42.47 42.46 42.43 42.39 42.41
43.07 43.04 42.99 42.95 42.93 42.93 42.96 43.02 43.06 43.16 43.31 43.35 43.28 43.08 42.87 42.68 42.6 42.47 42.42 42.34 42.3 42.22 42.29 42.38 42.43 42.53 42.62 42.65 42.64 42.6 42.59 42.59 42.61 42.64 42.58 42.53 42.43 42.41 42.41 42.41 42.42 42.45 42.49 42.48 42.46 42.52 42.52 42.5 42.48 42.48 42.46 42.43 42.37 42.37 42.41 42.41 42.37 42.35 42.36 42.41 42.48 42.53 42.55 42.59 42.63 42.66 42.65 42.57 42.49 42.46 42.45 42.46 42.44 42.4 42.4 42.41 42.38 42.34
43.03 43.04 43.04 43.03 43.02 43 43.01 43.08 43.13 43.28 43.42 43.34 43.26 43.05 42.82 42.65 42.56 42.42 42.36 42.28 42.24 42.16 42.24 42.37 42.42 42.52 42.6 42.65 42.62 42.58 42.59 42.59 42.6 42.63 42.55 42.53 42.49 42.5 42.52 42.52 42.46 42.44 42.45 42.44 42.46 42.53 42.49 42.5 42.49 42.48 42.43 42.39 42.32 42.35 42.36 42.39 42.39 42.39 42.36 42.35 42.4 42.43 42.44 42.45 42.47 42.48 42.48 42.39 42.33 42.33 42.32 42.33 42.4 42.4 42.36 42.36 42.34 42.3
43 43.01 43.01 43.02 43.02 43.02 43.04 43.13 43.22 43.4 43.47 43.33 43.24 43.01 42.78 42.62 42.53 42.38 42.29 42.22 42.21 42.23 42.29 42.4 42.43 42.51 42.59 42.61 42.58 42.52 42.54 42.55 42.53 42.51 42.42 42.39 42.38 42.47 42.52 42.52 42.47 42.42 42.43 42.44 42.48 42.52 42.49 42.48 42.47 42.47 42.4 42.32 42.28 42.32 42.33 42.37 42.39 42.4 42.35 42.28 42.27 42.27 42.28 42.28 42.29 42.3 42.31 42.28 42.35 42.35 42.35 42.35 42.35 42.37 42.36 42.35 42.27 42.21
42.97 42.97 42.97 42.97 42.97 42.98 42.99 43.07 43.24 43.51 43.46 43.29 43.2 42.98 42.75 42.58 42.48 42.33 42.25 42.26 42.3 42.32 42.38 42.45 42.48 42.52 42.57 42.58 42.54 42.47 42.47 42.47 42.46 42.41 42.3 42.26 42.21 42.38 42.46 42.47 42.47 42.44 42.43 42.46 42.51 42.53 42.5 42.46 42.44 42.44 42.37 42.25 42.25 42.3 42.31 42.36 42.38 42.37 42.33 42.28 42.24 42.21 42.2 42.16 42.13 42.13 42.14 42.16 42.28 42.39 42.4 42.4 42.4 42.39 42.38 42.36 42.25 42.18
42.95 42.94 42.94 42.94 42.94 42.95 42.96 43.05 43.23 43.53 43.44 43.28 43.17 42.94 42.72 42.55 42.45 42.31 42.34 42.39 42.43 42.42 42.43 42.46 42.5 42.53 42.57 42.57 42.52 42.45 42.44 42.43 42.43 42.34 42.25 42.2 42.18 42.35 42.41 42.42 42.47 42.48 42.45 42.48 42.54 42.51 42.51 42.45 42.39 42.32 42.28 42.2 42.23 42.28 42.3 42.34 42.37 42.36 42.33 42.28 42.24 42.21 42.19 42.16 42.12 42.09 42.08 42.06 42.19 42.29 42.43 42.45 42.45 42.47 42.46 42.37 42.25 42.19
