slabs/23.grd
DSAA
631 301
643260 643890
4946600 4946900
37.42 49.86
[rows 0 to 33 of 301, columns 312 to 389 of 631]
42.96 43.02 43.02 43.02 43.04 43.07 43.1 43.1 43.09 43.06 43 42.98 42.99 42.99 42.97 42.94 42.93 42.97 43.08 43.14 43.15 43.12 43.05 42.98 42.93 42.92 42.91 42.89 42.88 42.86 42.9 42.93 42.93 42.92 42.87 42.92 42.94 42.95 42.94 42.92 42.92 42.92 43 43.02 43.01 42.96 42.93 42.89 42.88 43.01 43.08 43.08 43.05 42.89 42.73 42.7 42.65 42.67 42.68 42.68 42.69 42.69 42.7 42.7 42.7 42.71 42.72 42.73 42.71 42.65 42.56 42.56 42.56 42.56 42.58 42.58 42.6 42.62
42.99 43.05 43.08 43.07 43.07 43.11 43.17 43.15 43.12 43.08 43.03 43.04 43.08 43.11 43.07 42.93 42.82 42.85 42.98 43.06 43.13 43.12 43.08 43.01 42.97 42.93 42.91 42.89 42.88 42.88 42.95 42.99 42.97 42.91 42.83 42.89 42.91 42.94 42.96 42.98 42.98 42.99 42.97 42.94 42.93 42.91 42.88 42.87 42.92 43.1 43.16 43.14 43.05 42.88 42.74 42.7 42.65 42.68 42.7 42.7 42.72 42.72 42.74 42.74 42.73 42.72 42.71 42.71 42.68 42.67 42.63 42.57 42.55 42.57 42.57 42.59 42.62 42.65
43.03 43.09 43.13 43.13 43.13 43.16 43.2 43.17 43.14 43.11 43.09 43.11 43.15 43.18 43.16 42.98 42.82 42.83 42.93 43.01 43.06 43.09 43.08 43.03 43 42.94 42.91 42.89 42.89 42.89 42.98 42.99 42.96 42.89 42.81 42.84 42.85 42.88 42.89 42.91 42.91 42.92 42.91 42.96 42.94 42.91 42.89 42.88 42.9 43.03 43.09 43.07 42.99 42.86 42.77 42.72 42.67 42.71 42.73 42.74 42.75 42.75 42.75 42.75 42.72 42.7 42.67 42.66 42.66 42.65 42.63 42.54 42.53 42.55 42.57 42.62 42.67 42.68
43.07 43.12 43.17 43.19 43.2 43.21 43.18 43.14 43.13 43.14 43.15 43.17 43.19 43.2 43.18 43.02 42.87 42.88 42.94 42.98 42.99 43.04 43.06 43.04 43 42.93 42.9 42.88 42.88 42.86 42.87 42.89 42.89 42.85 42.79 42.77 42.78 42.79 42.81 42.82 42.83 42.86 42.86 42.91 42.96 42.92 42.89 42.89 42.93 42.99 42.97 42.92 42.84 42.79 42.79 42.75 42.72 42.73 42.75 42.76 42.77 42.76 42.72 42.71 42.68 42.66 42.64 42.63 42.6 42.56 42.54 42.48 42.5 42.56 42.58 42.62 42.72 42.72
43.13 43.16 43.21 43.25 43.28 43.27 43.16 43.11 43.12 43.16 43.2 43.23 43.24 43.25 43.21 43.04 42.92 42.92 42.97 42.98 42.98 43 43.02 42.99 42.96 42.89 42.87 42.85 42.85 42.87 42.87 42.87 42.88 42.87 42.81 42.79 42.81 42.86 42.88 42.88 42.88 42.87 42.87 42.93 42.97 42.92 42.9 42.92 42.92 42.9 42.82 42.78 42.74 42.75 42.8 42.8 42.78 42.76 42.76 42.76 42.76 42.77 42.73 42.7 42.64 42.62 42.61 42.58 42.54 42.5 42.49 42.46 42.54 42.69 42.69 42.67 42.7 42.73
43.18 43.2 43.23 43.27 43.31 43.31 43.19 43.13 43.14 43.19 43.24 43.28 43.3 43.28 43.2 43.07 42.96 42.94 42.95 42.97 42.96 42.95 42.96 42.91 42.88 42.85 42.83 42.86 42.87 42.89 42.88 42.88 42.88 42.88 42.83 42.8 42.83 42.91 42.96 42.98 42.98 42.95 43.02 43.03 43.01 42.93 42.91 42.9 42.86 42.8 42.73 42.69 42.66 42.73 42.86 42.87 42.84 42.78 42.75 42.74 42.77 42.8 42.8 42.72 42.62 42.59 42.58 42.54 42.52 42.51 42.51 42.51 42.67 42.88 42.85 42.71 42.64 42.75
43.21 43.23 43.26 43.3 43.33 43.32 43.23 43.18 43.18 43.22 43.27 43.29 43.31 43.28 43.19 43.12 43.01 42.94 42.94 42.94 42.93 42.92 42.88 42.86 42.85 42.82 42.85 42.88 42.89 42.9 42.89 42.89 42.88 42.89 42.87 42.85 42.87 42.95 43.02 43.06 43.11 43.13 43.15 43.13 43.05 42.93 42.9 42.86 42.8 42.75 42.7 42.67 42.61 42.7 42.89 42.89 42.85 42.77 42.73 42.72 42.79 42.84 42.83 42.76 42.65 42.61 42.6 42.58 42.57 42.56 42.55 42.55 42.76 43.02 43.02 42.89 42.72 42.78
43.25 43.26 43.3 43.33 43.34 43.31 43.26 43.24 43.24 43.27 43.29 43.27 43.25 43.23 43.21 43.19 43.1 42.97 42.92 42.91 42.9 42.87 42.84 42.82 42.81 42.83 42.88 42.91 42.91 42.91 42.9 42.9 42.9 42.9 42.9 42.88 42.91 42.99 43.06 43.1 43.18 43.2 43.19 43.16 43.05 42.93 42.88 42.84 42.78 42.74 42.72 42.7 42.65 42.68 42.82 42.82 42.8 42.77 42.74 42.71 42.78 42.84 42.83 42.78 42.71 42.67 42.65 42.63 42.61 42.6 42.59 42.6 42.86 43.08 43.08 43 42.87 42.82
43.3 43.3 43.34 43.37 43.34 43.29 43.29 43.29 43.3 43.31 43.31 43.27 43.21 43.18 43.17 43.19 43.13 42.99 42.88 42.87 42.86 42.83 42.81 42.81 42.83 42.87 42.91 42.93 42.93 42.92 42.92 42.91 42.91 42.91 42.91 42.91 42.93 43.01 43.08 43.11 43.17 43.15 43.13 43.11 43 42.93 42.89 42.85 42.79 42.77 42.77 42.75 42.73 42.72 42.75 42.79 42.75 42.72 42.7 42.7 42.75 42.8 42.81 42.81 42.77 42.73 42.71 42.68 42.66 42.64 42.63 42.67 42.94 43.09 43.08 43.01 42.91 42.88
43.33 43.33 43.38 43.4 43.33 43.3 43.31 43.33 43.34 43.35 43.32 43.28 43.21 43.13 43.1 43.11 43.06 42.98 42.88 42.86 42.84 42.82 42.82 42.85 42.88 42.91 42.94 42.95 42.95 42.93 42.93 42.93 42.92 42.92 42.92 42.92 42.95 43.03 43.08 43.1 43.12 43.09 43.06 43.05 42.96 42.93 42.9 42.87 42.82 42.81 42.81 42.79 42.77 42.77 42.78 42.79 42.72 42.71 42.71 42.72 42.75 42.8 42.81 42.83 42.82 42.79 42.77 42.73 42.7 42.68 42.69 42.75 42.99 43.05 43.06 43 42.92 42.9
43.36 43.36 43.38 43.36 43.32 43.32 43.34 43.35 43.37 43.38 43.33 43.28 43.22 43.12 43.06 43.03 43.03 43.01 42.99 42.98 42.96 42.9 42.84 42.87 42.92 42.96 42.96 42.96 42.96 42.95 42.94 42.94 42.94 42.93 42.93 42.94 42.97 43.02 43.07 43.08 43.08 43.04 43.01 42.98 42.92 42.93 42.91 42.88 42.85 42.85 42.85 42.83 42.83 42.83 42.82 42.78 42.73 42.74 42.74 42.76 42.77 42.79 42.81 42.84 42.83 42.83 42.82 42.8 42.78 42.76 42.76 42.85 43 43.04 43.06 42.99 42.92 42.89
43.38 43.37 43.37 43.34 43.33 43.34 43.37 43.39 43.41 43.41 43.33 43.29 43.23 43.14 43.09 43.08 43.11 43.11 43.12 43.12 43.08 42.96 42.86 42.89 42.94 42.98 42.98 42.97 42.96 42.96 42.95 42.95 42.95 42.94 42.96 42.99 42.99 43.01 43.06 43.06 43.03 42.99 42.97 42.95 42.91 42.93 42.92 42.9 42.88 42.88 42.88 42.87 42.85 42.82 42.81 42.78 42.77 42.78 42.78 42.79 42.81 42.83 42.86 42.87 42.86 42.85 42.85 42.84 42.84 42.83 42.82 42.95 43.08 43.11 43.06 42.96 42.9 42.86
43.41 43.4 43.39 43.38 43.38 43.39 43.42 43.44 43.47 43.47 43.38 43.33 43.25 43.18 43.16 43.18 43.2 43.23 43.26 43.24 43.13 42.97 42.88 42.91 42.98 42.99 42.99 42.99 42.98 42.97 42.96 42.96 42.96 42.96 43.02 43.05 43.05 43.01 43.03 43.02 42.99 42.95 42.96 42.97 42.96 42.94 42.93 42.93 42.95 42.97 42.99 42.92 42.86 42.84 42.83 42.79 42.8 42.83 42.83 42.84 42.87 42.89 42.91 42.9 42.89 42.88 42.88 42.87 42.86 42.88 42.91 43.06 43.21 43.2 43.05 42.92 42.87 42.84
43.47 43.45 43.43 43.43 43.45 43.46 43.47 43.49 43.53 43.51 43.42 43.35 43.27 43.21 43.22 43.26 43.31 43.38 43.38 43.32 43.16 43.02 42.93 42.97 43.05 43.07 43.04 43.02 42.99 42.98 42.97 42.97 42.97 43.01 43.07 43.09 43.09 43.02 42.99 42.99 43.02 43.03 43.04 43.07 43.1 43.06 43.04 43.03 43.07 43.12 43.11 42.99 42.9 42.88 42.87 42.84 42.84 42.86 42.87 42.89 42.92 42.94 42.95 42.94 42.92 42.91 42.9 42.92 42.94 42.97 43.06 43.18 43.29 43.23 43.02 42.91 42.86 42.83
43.57 43.5 43.44 43.46 43.5 43.52 43.51 43.5 43.53 43.45 43.37 43.33 43.26 43.24 43.27 43.33 43.44 43.54 43.44 43.38 43.22 43.1 43.1 43.16 43.28 43.33 43.21 43.15 43.03 43 42.99 42.98 43 43.06 43.1 43.12 43.12 43.05 43.04 43 42.95 42.97 42.98 43.05 43.15 43.19 43.17 43.16 43.19 43.2 43.15 43.03 42.95 42.93 42.91 42.88 42.88 42.89 42.9 42.93 42.97 42.97 42.98 42.97 42.95 42.95 42.96 43 43.08 43.13 43.22 43.27 43.26 43.16 42.98 42.9 42.85 42.82
43.63 43.51 43.46 43.47 43.51 43.53 43.51 43.5 43.48 43.38 43.34 43.33 43.28 43.28 43.32 43.38 43.54 43.65 43.52 43.44 43.26 43.23 43.35 43.39 43.45 43.43 43.38 43.33 43.23 43.14 43.07 43.02 43.04 43.09 43.11 43.16 43.14 43.08 43.05 42.97 42.92 42.9 42.9 42.93 43.02 43.1 43.12 43.17 43.2 43.18 43.13 43.05 42.98 42.97 42.95 42.92 42.91 42.92 42.92 42.95 43 43.01 43.02 43 42.99 42.99 43.04 43.13 43.21 43.26 43.35 43.37 43.22 43.14 42.99 42.91 42.87 42.84
43.62 43.5 43.46 43.47 43.5 43.52 43.51 43.49 43.46 43.41 43.38 43.35 43.31 43.32 43.36 43.42 43.6 43.67 43.51 43.41 43.21 43.27 43.37 43.4 43.44 43.42 43.38 43.36 43.3 43.21 43.13 43.08 43.07 43.09 43.11 43.14 43.09 43.03 43 42.95 42.91 42.88 42.86 42.84 42.88 42.95 42.99 43.08 43.14 43.13 43.13 43.08 43.02 43 42.98 42.95 42.95 42.95 42.94 42.94 42.99 43.03 43.09 43.06 43.05 43 43 43.1 43.19 43.24 43.34 43.33 43.25 43.16 43 42.94 42.89 42.86
43.64 43.5 43.45 43.46 43.48 43.51 43.52 43.51 43.49 43.48 43.45 43.42 43.39 43.4 43.44 43.53 43.64 43.61 43.39 43.3 43.22 43.29 43.34 43.37 43.41 43.39 43.36 43.34 43.3 43.26 43.22 43.17 43.12 43.14 43.14 43.14 43.06 42.99 42.98 42.94 42.9 42.88 42.86 42.83 42.82 42.85 42.89 42.98 43.06 43.09 43.12 43.1 43.08 43.07 43.03 43 42.98 42.98 42.98 42.96 42.99 43.05 43.12 43.16 43.17 43.06 42.97 43.05 43.14 43.2 43.29 43.3 43.26 43.17 43 42.99 42.96 42.89
43.7 43.56 43.48 43.46 43.47 43.51 43.55 43.56 43.54 43.54 43.52 43.5 43.49 43.51 43.55 43.63 43.59 1.70141e38 43.27 43.22 43.19 43.25 43.29 43.32 43.37 43.36 43.33 43.3 43.27 43.24 43.23 43.19 43.15 43.13 43.14 43.14 43.05 42.98 42.96 42.93 42.89 42.87 42.86 42.83 42.8 42.77 42.8 42.88 42.97 43.03 43.08 43.15 43.19 43.18 43.15 43.07 43.01 43.01 43.02 43 43.03 43.09 43.15 43.22 43.29 43.13 42.94 43.02 43.1 43.16 43.22 43.26 43.27 43.18 43.01 43.05 43.03 42.95
43.77 43.65 43.58 43.51 43.5 43.56 43.6 43.62 43.6 43.59 43.57 43.55 43.57 43.6 43.64 43.63 43.5 1.70141e38 43.21 43.18 43.16 43.2 43.21 43.23 43.29 43.32 43.29 43.26 43.23 43.2 43.2 43.16 43.12 43.08 43.1 43.13 43.05 42.98 42.95 42.92 42.88 42.87 42.85 42.82 42.79 42.77 42.75 42.78 42.86 42.89 43 43.17 43.3 43.31 43.28 43.16 43.02 43.01 43.04 43.04 43.08 43.14 43.21 43.22 43.25 43.12 42.92 42.98 43.07 43.12 43.17 43.21 43.21 43.19 43.04 43.05 43.07 43
43.79 43.7 43.66 43.56 43.55 43.62 43.64 43.65 43.65 43.62 43.59 43.58 43.62 43.65 43.67 43.59 43.45 1.70141e38 43.27 43.23 43.19 43.17 43.16 43.16 43.21 43.26 43.26 43.23 43.2 43.18 43.16 43.13 43.09 43.08 43.09 43.13 43.03 42.97 42.94 42.9 42.88 42.86 42.84 42.81 42.79 42.78 42.75 42.71 42.77 42.81 42.95 43.14 43.3 43.35 43.37 43.24 43.11 43.05 43.01 43.07 43.17 43.22 43.26 43.27 43.27 43.16 42.93 42.91 42.97 43.05 43.09 43.14 43.14 43.17 43.07 43.03 43.07 43.05
43.75 43.69 43.67 43.6 43.57 43.59 43.6 43.62 43.65 43.62 43.59 43.62 43.67 43.69 43.68 43.59 43.47 1.70141e38 43.35 43.31 43.25 43.19 43.17 43.14 43.16 43.21 43.22 43.2 43.17 43.15 43.13 43.1 43.08 43.08 43.09 43.12 43.02 42.96 42.93 42.89 42.87 42.85 42.83 42.8 42.78 42.77 42.73 42.71 42.7 42.76 42.93 43.14 43.3 43.37 43.4 43.26 43.14 43.07 43.02 43.08 43.16 43.22 43.25 43.3 43.3 43.24 42.97 42.86 42.91 42.98 43.03 43.08 43.1 43.14 43.08 43.01 43.06 43.1
43.69 43.69 43.69 43.66 43.59 43.54 43.54 43.57 43.61 43.62 43.61 43.66 43.72 43.74 43.7 43.61 43.5 1.70141e38 43.41 43.35 43.29 43.24 43.22 43.16 43.14 43.16 43.17 43.17 43.14 43.12 43.1 43.09 43.08 43.07 43.07 43.1 43.02 42.95 42.92 42.88 42.86 42.85 42.82 42.79 42.77 42.76 42.73 42.71 42.74 42.79 42.97 43.17 43.32 43.38 43.39 43.23 43.17 43.16 43.1 43.11 43.15 43.19 43.24 43.3 43.31 43.29 43.02 42.83 42.87 42.95 42.99 43.04 43.06 43.11 43.1 43 43.06 43.14
43.65 43.73 43.77 43.76 43.68 43.6 43.58 43.6 43.62 43.63 43.65 43.7 43.74 43.74 43.68 43.61 43.52 1.70141e38 43.45 43.4 43.34 43.29 43.27 43.2 43.15 43.12 43.14 43.15 43.12 43.09 43.09 43.08 43.07 43.07 43.06 43.09 43.04 42.99 42.91 42.87 42.85 42.84 42.81 42.78 42.76 42.75 42.75 42.78 42.79 42.84 43 43.21 43.36 43.35 43.32 43.26 43.22 43.24 43.19 43.18 43.2 43.24 43.24 43.3 43.31 43.3 43.07 42.8 42.83 42.9 42.95 42.99 43.01 43.07 43.11 42.99 43.05 43.17
43.65 43.77 43.85 43.86 43.79 43.71 43.67 43.67 43.67 43.66 43.67 43.73 43.75 43.72 43.66 43.59 43.53 1.70141e38 43.46 43.41 43.37 43.33 43.3 43.24 43.19 43.15 43.13 43.12 43.1 43.09 43.08 43.08 43.07 43.06 43.06 43.09 43.05 42.99 42.9 42.86 42.84 42.83 42.8 42.77 42.76 42.77 42.84 42.87 42.89 42.92 43.06 43.25 43.33 43.31 43.29 43.31 43.27 43.26 43.25 43.28 43.29 43.34 43.28 43.31 43.33 43.31 43.08 42.79 42.81 42.86 42.91 42.95 42.97 43.02 43.06 43 43.05 43.17
43.7 43.81 43.88 43.91 43.86 43.8 43.76 43.75 43.72 43.68 43.69 43.75 43.74 43.69 43.65 43.6 43.52 1.70141e38 43.45 43.4 43.36 43.32 43.29 43.24 43.2 43.16 43.14 43.1 43.09 43.08 43.08 43.07 43.06 43.06 43.05 43.07 43.05 42.99 42.89 42.85 42.82 42.81 42.82 42.84 42.86 42.87 42.93 42.95 42.96 42.98 43.12 43.29 43.28 43.28 43.34 43.35 43.31 43.26 43.29 43.38 43.41 43.45 43.35 43.35 43.38 43.31 43.05 42.84 42.81 42.82 42.87 42.91 42.93 42.98 43.03 43.03 43.06 43.17
43.75 43.84 43.9 43.95 43.93 43.89 43.85 43.81 43.74 43.7 43.72 43.76 43.72 43.69 43.66 43.6 43.52 1.70141e38 43.44 43.38 43.34 43.3 43.27 43.23 43.19 43.15 43.12 43.1 43.11 43.1 43.08 43.06 43.06 43.06 43.04 43.06 43.05 42.99 42.88 42.84 42.83 42.85 42.88 42.93 42.95 42.97 42.99 43.01 43.02 43.04 43.15 43.26 43.24 43.3 43.38 43.39 43.33 43.26 43.32 43.46 43.5 43.53 43.44 43.43 43.43 43.3 43.03 42.84 42.82 42.82 42.84 42.86 42.89 42.94 42.99 43.01 43.05 43.16
43.79 43.86 43.9 43.96 43.98 43.95 43.92 43.85 43.77 43.73 43.75 43.76 43.72 43.71 43.67 43.6 43.52 1.70141e38 43.42 43.37 43.32 43.28 43.26 43.21 43.17 43.13 43.11 43.1 43.1 43.11 43.1 43.09 43.07 43.06 43.04 43.04 43.05 43 42.87 42.86 42.89 42.91 42.96 43 43.02 43.03 43.05 43.06 43.07 43.09 43.18 43.23 43.27 43.34 43.43 43.43 43.36 43.28 43.36 43.5 43.56 43.6 43.49 43.44 43.44 43.28 43.02 42.93 42.9 42.88 42.89 42.9 42.92 42.94 42.96 42.98 43.04 43.18
43.81 43.84 43.86 43.9 43.96 43.96 43.93 43.86 43.77 43.75 43.77 43.76 43.74 43.73 43.68 43.6 43.52 1.70141e38 43.41 43.35 43.31 43.27 43.24 43.19 43.15 43.13 43.1 43.1 43.1 43.11 43.12 43.13 43.1 43.09 43.04 43.01 43.04 43.01 42.93 42.92 42.96 42.98 43.03 43.06 43.08 43.08 43.1 43.12 43.12 43.15 43.22 43.27 43.3 43.39 43.48 43.47 43.4 43.3 43.41 43.52 43.56 43.61 43.51 43.5 43.45 43.26 43.08 43.02 42.99 42.95 42.95 42.97 42.99 43 43.02 43.04 43.14 43.26
43.84 43.85 43.84 43.85 43.89 43.9 43.89 43.82 43.76 43.74 43.77 43.78 43.76 43.74 43.68 43.6 43.52 1.70141e38 43.41 43.34 43.29 43.26 43.21 43.16 43.12 43.11 43.1 43.1 43.1 43.1 43.12 43.15 43.1 43.09 43.04 43.04 43.05 43.06 43.06 43.02 43.03 43.05 43.1 43.12 43.13 43.14 43.16 43.17 43.17 43.19 43.24 43.32 43.35 43.45 43.53 43.51 43.44 43.38 43.46 43.53 43.56 43.56 43.52 43.49 43.44 43.26 43.16 43.14 43.08 43.03 43.03 43.09 43.18 43.21 43.25 43.27 43.3 43.35
43.85 43.85 43.84 43.82 43.84 43.85 43.84 43.79 43.74 43.74 43.77 43.79 43.77 43.73 43.68 43.6 43.53 1.70141e38 43.41 43.32 43.27 43.24 43.19 43.13 43.1 43.1 43.1 43.1 43.1 43.1 43.11 43.15 43.11 43.08 43.08 43.12 43.14 43.16 43.18 43.16 43.13 43.13 43.15 43.17 43.17 43.19 43.2 43.2 43.2 43.2 43.26 43.37 43.42 43.52 43.61 43.68 43.67 43.65 43.7 43.66 43.61 43.51 43.48 43.46 43.43 43.31 43.24 43.21 43.16 43.16 43.19 43.24 43.35 43.41 43.49 43.5 43.45 43.42
43.78 43.79 43.8 43.8 43.81 43.81 43.82 43.79 43.78 43.77 43.76 43.76 43.73 43.72 43.67 43.6 43.55 1.70141e38 43.41 43.32 43.25 43.23 43.17 43.1 43.1 43.1 43.1 43.1 43.11 43.11 43.14 43.18 43.16 43.14 43.17 43.2 43.22 43.24 43.27 43.3 43.29 43.24 43.21 43.2 43.2 43.2 43.19 43.19 43.19 43.21 43.28 43.4 43.46 43.59 43.7 43.79 43.82 43.82 43.7 43.54 43.5 43.42 43.41 43.41 43.39 43.32 43.26 43.23 43.21 43.2 43.24 43.31 43.44 43.54 43.65 43.64 43.55 43.48
43.65 43.66 43.7 43.75 43.79 43.8 43.86 43.92 43.89 43.84 43.74 43.69 43.67 43.67 43.64 43.58 43.54 1.70141e38 43.41 43.33 43.24 43.21 43.14 43.09 43.1 43.1 43.1 43.1 43.1 43.13 43.2 43.3 43.23 43.22 43.25 43.28 43.3 43.32 43.35 43.38 43.39 43.39 43.28 43.23 43.21 43.19 43.19 43.18 43.18 43.21 43.3 43.39 43.46 43.59 43.71 43.8 43.68 43.52 43.44 43.37 43.36 43.35 43.35 43.35 43.34 43.29 43.23 43.22 43.2 43.18 43.21 43.29 43.45 43.62 43.72 43.69 43.59 43.53
43.55 43.55 43.6 43.71 43.82 43.88 43.97 44.07 44.04 43.91 43.71 43.63 43.61 43.6 43.59 43.55 43.51 1.70141e38 43.4 43.33 43.25 43.21 43.11 43.09 43.1 43.1 43.1 43.1 43.09 43.16 43.29 43.34 43.31 43.3 43.32 43.35 43.37 43.4 43.43 43.46 43.49 43.49 43.4 43.35 43.31 43.25 43.2 43.18 43.19 43.22 43.27 43.36 43.4 43.5 43.6 43.63 43.47 43.3 43.29 43.29 43.3 43.3 43.31 43.31 43.32 43.26 43.21 43.19 43.16 43.15 43.19 43.25 43.43 43.59 43.63 43.64 43.6 43.54
