slabs/23.grd
DSAA
631 301
643260 643890
4946600 4946900
37.42 49.86
[rows 136 to 169 of 301, columns 156 to 233 of 631]
43.29 43.32 43.34 43.35 43.35 43.35 43.37 43.4 43.4 43.38 43.33 43.25 43.2 43.15 43.13 43.13 43.14 43.15 43.1 43.04 42.96 42.99 43.16 43.31 43.34 43.31 43.28 43.27 43.27 43.27 43.3 43.33 43.4 43.39 43.24 43.17 43.13 43.14 43.18 43.24 43.34 43.39 43.39 43.38 43.35 43.29 43.25 43.23 43.24 43.25 43.25 43.26 43.29 43.34 43.36 43.38 43.41 43.47 43.51 43.52 43.52 43.51 43.51 43.49 43.47 43.45 43.43 43.42 43.51 43.58 43.62 43.65 43.69 43.74 43.73 43.63 43.62 43.65
43.34 43.34 43.34 43.35 43.35 43.35 43.36 43.38 43.38 43.35 43.29 43.23 43.19 43.18 43.19 43.19 43.2 43.21 43.18 43.14 43.06 43.1 43.25 43.37 43.38 43.35 43.31 43.29 43.27 43.29 43.31 43.33 43.34 43.32 43.21 43.15 43.17 43.21 43.24 43.29 43.37 43.37 43.34 43.32 43.33 43.3 43.26 43.25 43.26 43.27 43.28 43.29 43.33 43.43 43.49 43.5 43.49 43.51 43.52 43.52 43.51 43.5 43.49 43.47 43.43 43.41 43.39 43.36 43.43 43.51 43.6 43.64 43.66 43.68 43.7 43.63 43.61 43.61
43.37 43.36 43.32 43.34 43.35 43.35 43.35 43.37 43.35 43.32 43.27 43.23 43.22 43.23 43.25 43.25 43.26 43.27 43.26 43.23 43.17 43.21 43.34 43.42 43.43 43.4 43.35 43.32 43.3 43.34 43.41 43.44 43.42 43.34 43.25 43.19 43.22 43.26 43.27 43.29 43.36 43.33 43.3 43.27 43.28 43.3 43.28 43.28 43.29 43.3 43.31 43.32 43.36 43.49 43.59 43.6 43.55 43.53 43.52 43.5 43.49 43.48 43.46 43.43 43.4 43.37 43.35 43.32 43.38 43.45 43.56 43.62 43.64 43.63 43.66 43.62 43.59 43.57
43.4 43.37 43.31 43.3 43.31 43.33 43.35 43.36 43.35 43.3 43.26 43.26 43.27 43.28 43.3 43.31 43.31 43.32 43.32 43.32 43.27 43.32 43.41 43.46 43.48 43.45 43.4 43.37 43.33 43.41 43.49 43.53 43.49 43.38 43.3 43.22 43.21 43.24 43.25 43.25 43.29 43.27 43.23 43.2 43.24 43.3 43.3 43.31 43.32 43.33 43.33 43.34 43.38 43.48 43.58 43.65 43.59 43.52 43.5 43.49 43.47 43.46 43.43 43.4 43.36 43.34 43.31 43.29 43.35 43.43 43.52 43.6 43.63 43.64 43.65 43.62 43.58 43.54
43.41 43.37 43.3 43.26 43.26 43.31 43.38 43.41 43.39 43.3 43.26 43.27 43.28 43.3 43.33 43.34 43.34 43.35 43.37 43.37 43.36 43.39 43.44 43.47 43.47 43.46 43.43 43.41 43.37 43.43 43.47 43.52 43.51 43.41 43.32 43.24 43.23 43.25 43.26 43.27 43.27 43.24 43.2 43.16 43.22 43.29 43.3 43.3 43.3 43.31 43.31 43.31 43.38 43.46 43.56 43.64 43.55 43.46 43.44 43.45 43.44 43.42 43.4 43.37 43.33 43.31 43.28 43.26 43.32 43.43 43.51 43.57 43.62 43.65 43.66 43.63 43.6 43.56
43.39 43.31 43.27 43.24 43.26 43.36 43.45 43.51 43.44 43.31 43.26 43.26 43.26 43.27 43.3 43.31 43.3 43.31 43.34 43.35 43.36 43.39 43.42 43.44 43.43 43.42 43.41 43.4 43.37 43.38 43.41 43.5 43.52 43.43 43.36 43.29 43.28 43.3 43.3 43.3 43.29 43.27 43.23 43.18 43.22 43.27 43.27 43.25 43.23 43.22 43.22 43.26 43.37 43.47 43.58 43.62 43.47 43.36 43.36 43.38 43.39 43.37 43.36 43.33 43.3 43.29 43.25 43.23 43.28 43.39 43.5 43.55 43.57 43.59 43.6 43.58 43.59 43.56
43.34 43.25 43.23 43.24 43.3 43.42 43.5 43.52 43.43 43.32 43.27 43.26 43.24 43.23 43.23 43.23 43.22 43.23 43.26 43.27 43.3 43.35 43.38 43.39 43.38 43.37 43.37 43.35 43.34 43.35 43.38 43.49 43.5 43.44 43.4 43.35 43.33 43.34 43.34 43.32 43.29 43.29 43.26 43.24 43.23 43.25 43.24 43.2 43.17 43.15 43.15 43.24 43.38 43.49 43.61 43.58 43.38 43.28 43.28 43.31 43.32 43.3 43.29 43.29 43.29 43.29 43.27 43.28 43.31 43.38 43.47 43.53 43.54 43.54 43.56 43.58 43.58 43.55
43.29 43.22 43.23 43.27 43.36 43.45 43.46 43.44 43.38 43.32 43.28 43.27 43.24 43.22 43.19 43.18 43.17 43.18 43.2 43.22 43.28 43.32 43.34 43.33 43.32 43.32 43.33 43.31 43.3 43.31 43.35 43.39 43.42 43.44 43.44 43.39 43.36 43.36 43.36 43.33 43.29 43.31 43.3 43.27 43.23 43.23 43.21 43.17 43.15 43.15 43.16 43.25 43.38 43.47 43.56 43.49 43.31 43.25 43.27 43.29 43.29 43.28 43.28 43.32 43.35 43.36 43.35 43.37 43.4 43.39 43.45 43.51 43.53 43.55 43.62 43.66 43.63 43.58
43.27 43.24 43.28 43.32 43.37 43.42 43.41 43.39 43.36 43.32 43.28 43.27 43.25 43.22 43.2 43.18 43.16 43.15 43.16 43.2 43.26 43.28 43.29 43.27 43.26 43.27 43.27 43.27 43.26 43.27 43.31 43.3 43.36 43.43 43.44 43.43 43.37 43.37 43.37 43.34 43.32 43.34 43.36 43.31 43.24 43.22 43.21 43.19 43.19 43.2 43.2 43.26 43.34 43.37 43.41 43.34 43.27 43.28 43.33 43.34 43.34 43.34 43.36 43.43 43.49 43.5 43.49 43.46 43.44 43.4 43.44 43.49 43.5 43.52 43.58 43.65 43.65 43.57
43.32 43.3 43.3 43.31 43.34 43.36 43.38 43.38 43.38 43.32 43.28 43.26 43.24 43.21 43.19 43.18 43.15 43.14 43.15 43.19 43.23 43.24 43.23 43.22 43.2 43.21 43.21 43.22 43.22 43.25 43.29 43.32 43.38 43.41 43.4 43.43 43.41 43.39 43.38 43.35 43.36 43.4 43.45 43.4 43.3 43.25 43.27 43.25 43.25 43.24 43.23 43.26 43.28 43.29 43.28 43.25 43.28 43.33 43.39 43.42 43.43 43.4 43.43 43.54 43.62 43.66 43.65 43.56 43.48 43.45 43.47 43.48 43.48 43.48 43.55 43.62 43.63 43.55
43.47 43.42 43.34 43.28 43.28 43.31 43.35 43.37 43.38 43.32 43.28 43.26 43.23 43.21 43.19 43.17 43.14 43.13 43.14 43.17 43.19 43.18 43.17 43.16 43.15 43.15 43.15 43.16 43.19 43.25 43.3 43.38 43.45 43.45 43.38 43.39 43.41 43.4 43.37 43.37 43.41 43.47 43.52 43.44 43.31 43.24 43.24 43.24 43.22 43.21 43.19 43.2 43.23 43.24 43.2 43.22 43.27 43.34 43.46 43.51 43.51 43.49 43.52 43.6 43.68 43.75 43.74 43.63 43.54 43.5 43.49 43.48 43.49 43.48 43.54 43.61 43.61 43.53
43.68 43.62 43.49 43.36 43.29 43.28 43.3 43.33 43.34 43.3 43.27 43.25 43.23 43.2 43.18 43.16 43.13 43.12 43.12 43.14 43.14 43.12 43.11 43.1 43.09 43.1 43.1 43.11 43.19 43.29 43.35 43.39 43.47 43.5 43.42 43.36 43.36 43.35 43.32 43.35 43.42 43.48 43.5 43.38 43.22 43.13 43.1 43.12 43.12 43.11 43.11 43.11 43.13 43.14 43.11 43.18 43.23 43.3 43.45 43.52 43.52 43.53 43.57 43.63 43.69 43.75 43.75 43.64 43.57 43.52 43.49 43.51 43.54 43.54 43.59 43.63 43.61 43.53
43.92 43.84 43.71 43.57 43.45 43.38 43.35 43.35 43.35 43.3 43.27 43.25 43.22 43.19 43.17 43.15 43.13 43.13 43.14 43.14 43.11 43.08 43.06 43.05 43.03 43.04 43.04 43.09 43.2 43.3 43.37 43.41 43.44 43.47 43.46 43.4 43.32 43.27 43.24 43.28 43.36 43.4 43.4 43.29 43.13 43.03 43.01 43.03 43.03 43.03 43.02 43.02 43.03 43.03 43.04 43.16 43.23 43.27 43.35 43.42 43.44 43.48 43.53 43.59 43.63 43.67 43.68 43.61 43.57 43.51 43.48 43.5 43.57 43.61 43.65 43.67 43.65 43.59
44.15 44.05 43.94 43.78 43.65 43.56 43.51 43.5 43.46 43.37 43.31 43.27 43.22 43.19 43.18 43.16 43.17 43.19 43.21 43.22 43.16 43.07 43.03 43 42.99 42.97 42.98 43.04 43.13 43.2 43.29 43.4 43.41 43.4 43.39 43.41 43.3 43.22 43.18 43.21 43.29 43.33 43.31 43.21 43.08 43.03 43.01 43 42.98 42.96 42.94 42.93 42.93 42.93 43 43.16 43.24 43.27 43.32 43.36 43.39 43.42 43.45 43.5 43.53 43.56 43.57 43.54 43.52 43.49 43.46 43.46 43.52 43.62 43.7 43.72 43.75 43.72
44.38 44.26 44.13 43.97 43.85 43.77 43.71 43.68 43.62 43.5 43.43 43.35 43.27 43.21 43.2 43.2 43.22 43.26 43.29 43.32 43.26 43.15 43.07 43.01 42.97 42.94 42.95 42.98 43.03 43.09 43.19 43.32 43.38 43.38 43.35 43.36 43.28 43.19 43.13 43.17 43.28 43.34 43.26 43.14 43.09 43.09 43.08 43.04 43 42.95 42.91 42.87 42.86 42.85 42.96 43.16 43.26 43.28 43.32 43.33 43.33 43.34 43.34 43.4 43.44 43.45 43.46 43.46 43.46 43.45 43.44 43.41 43.44 43.55 43.66 43.71 43.77 43.76
44.66 44.49 44.32 44.17 44.05 43.96 43.9 43.87 43.79 43.66 43.58 43.51 43.4 43.31 43.27 43.25 43.26 43.28 43.32 43.32 43.26 43.19 43.12 43.06 42.99 42.95 42.95 42.97 43.02 43.07 43.2 43.33 43.41 43.41 43.36 43.33 43.29 43.23 43.16 43.2 43.27 43.31 43.21 43.13 43.16 43.2 43.21 43.14 43.07 43.01 42.95 42.89 42.87 42.85 42.96 43.16 43.29 43.29 43.3 43.24 43.2 43.17 43.19 43.28 43.34 43.36 43.35 43.34 43.36 43.35 43.35 43.35 43.36 43.45 43.56 43.63 43.69 43.72
45 44.77 44.56 44.38 44.26 44.16 44.1 44.07 43.96 43.82 43.76 43.73 43.65 43.55 43.48 43.42 43.37 43.34 43.35 43.27 43.19 43.14 43.12 43.08 43.03 42.99 42.97 42.98 43.03 43.08 43.26 43.41 43.48 43.45 43.31 43.29 43.35 43.31 43.23 43.23 43.25 43.23 43.18 43.19 43.26 43.32 43.33 43.23 43.15 43.09 43.03 42.98 42.95 42.92 43.01 43.18 43.29 43.26 43.2 43.07 43 42.94 43 43.1 43.18 43.23 43.24 43.24 43.26 43.25 43.23 43.24 43.25 43.35 43.47 43.54 43.62 43.68
45.39 45.13 44.9 44.7 44.53 44.4 44.34 44.28 44.14 44 43.95 43.95 43.89 43.81 43.74 43.66 43.57 43.51 43.48 43.31 43.16 43.1 43.07 43.07 43.04 43.03 42.99 42.99 43.04 43.09 43.24 43.38 43.45 43.44 43.28 43.25 43.34 43.35 43.26 43.22 43.2 43.17 43.16 43.25 43.33 43.39 43.39 43.27 43.18 43.16 43.13 43.1 43.08 43.06 43.1 43.19 43.23 43.18 43.08 42.93 42.83 42.79 42.85 42.92 43.01 43.11 43.15 43.16 43.18 43.17 43.15 43.14 43.15 43.25 43.37 43.45 43.54 43.61
45.83 45.6 45.4 45.21 44.99 44.73 44.6 44.46 44.3 44.19 44.15 44.14 44.06 43.99 43.93 43.85 43.77 43.73 43.63 43.4 43.18 43.07 43.02 43.01 43.01 43.02 43 42.99 43.03 43.08 43.15 43.25 43.34 43.37 43.26 43.2 43.25 43.29 43.23 43.18 43.15 43.13 43.14 43.24 43.31 43.38 43.38 43.28 43.2 43.23 43.26 43.28 43.27 43.24 43.23 43.19 43.15 43.11 43.05 42.94 42.83 42.78 42.79 42.83 42.9 43.01 43.07 43.08 43.11 43.1 43.07 43.06 43.06 43.16 43.29 43.38 43.48 43.53
46.4 46.12 45.94 45.84 45.55 45.15 44.94 44.74 44.52 44.39 44.36 44.32 44.24 44.18 44.12 44.05 43.96 43.91 43.76 43.51 43.24 43.09 42.98 42.94 42.94 42.95 42.97 42.98 43.01 43.03 43.05 43.11 43.19 43.23 43.22 43.17 43.16 43.18 43.15 43.12 43.11 43.11 43.12 43.18 43.24 43.3 43.32 43.32 43.31 43.36 43.39 43.4 43.4 43.35 43.27 43.16 43.12 43.13 43.1 43.03 42.92 42.82 42.8 42.79 42.83 42.91 42.99 43.02 43.04 43.03 43 42.99 42.99 43.09 43.24 43.32 43.42 43.45
46.98 46.62 46.41 46.32 46 45.62 45.39 45.16 44.87 44.66 44.54 44.48 44.43 44.38 44.32 44.25 44.14 44.04 43.87 43.62 43.34 43.18 43.02 42.89 42.88 42.9 42.94 42.98 42.99 43 43.01 43.03 43.08 43.13 43.16 43.12 43.1 43.09 43.09 43.09 43.09 43.09 43.1 43.12 43.13 43.18 43.25 43.37 43.43 43.43 43.4 43.36 43.35 43.28 43.16 43.08 43.12 43.18 43.15 43.09 42.99 42.87 42.83 42.83 42.83 42.86 42.92 42.97 42.98 42.97 42.96 42.95 42.98 43.07 43.2 43.27 43.36 43.38
47.33 47.04 46.85 46.67 46.33 46.05 45.8 45.54 45.22 44.97 44.76 44.65 44.6 44.56 44.52 44.44 44.29 44.15 43.98 43.72 43.46 43.31 43.13 42.95 42.9 42.93 42.97 42.99 42.99 43 43.01 43.02 43.03 43.08 43.09 43.08 43.08 43.07 43.1 43.11 43.1 43.09 43.09 43.09 43.08 43.16 43.3 43.4 43.43 43.38 43.32 43.27 43.25 43.2 43.11 43.06 43.16 43.25 43.2 43.13 43.05 42.93 42.87 42.87 42.87 42.85 42.89 42.93 42.95 42.94 42.94 42.95 42.99 43.08 43.17 43.23 43.31 43.35
47.48 47.31 47.19 47.02 46.68 46.43 46.19 45.9 45.55 45.3 45.09 44.91 44.82 44.76 44.73 44.63 44.44 44.3 44.13 43.9 43.67 43.54 43.38 43.18 43.12 43.12 43.08 43.03 43.01 43.02 43.03 43.02 43.02 43.04 43.05 43.07 43.08 43.07 43.13 43.15 43.15 43.13 43.1 43.1 43.1 43.23 43.36 43.39 43.38 43.33 43.27 43.25 43.24 43.22 43.16 43.11 43.23 43.32 43.24 43.15 43.09 42.99 42.91 42.89 42.88 42.86 42.88 42.91 42.95 42.95 42.96 42.97 43.01 43.1 43.17 43.21 43.27 43.34
47.6 47.49 47.4 47.3 47.04 46.81 46.6 46.28 45.91 45.68 45.47 45.24 45.09 45.02 44.95 44.82 44.62 44.51 44.37 44.18 44 43.9 43.75 43.58 43.52 43.46 43.3 43.17 43.11 43.09 43.07 43.06 43.05 43.04 43.05 43.07 43.08 43.07 43.15 43.19 43.19 43.17 43.13 43.1 43.1 43.22 43.3 43.32 43.32 43.29 43.26 43.24 43.23 43.23 43.21 43.18 43.27 43.33 43.23 43.16 43.12 43.03 42.92 42.88 42.86 42.85 42.86 42.88 42.95 42.98 42.98 42.99 43.03 43.1 43.15 43.17 43.23 43.29
47.85 47.68 47.57 47.47 47.3 47.15 46.99 46.68 46.33 46.14 45.91 45.61 45.38 45.27 45.16 44.99 44.83 44.71 44.58 44.43 44.34 44.31 44.19 44.01 43.92 43.78 43.57 43.39 43.31 43.24 43.17 43.15 43.14 43.12 43.09 43.09 43.09 43.07 43.19 43.23 43.21 43.18 43.12 43.09 43.11 43.21 43.27 43.28 43.3 43.27 43.25 43.24 43.23 43.23 43.23 43.22 43.27 43.29 43.22 43.17 43.12 43.02 42.9 42.85 42.84 42.82 42.82 42.82 42.89 42.96 42.96 42.97 43.02 43.06 43.07 43.08 43.14 43.19
48.25 48.02 47.83 47.67 47.49 47.37 47.27 47.06 46.76 46.6 46.36 46.05 45.77 45.62 45.41 45.22 45.14 44.96 44.79 44.67 44.64 44.63 44.51 44.32 44.2 44.04 43.8 43.64 43.56 43.45 43.32 43.27 43.26 43.23 43.21 43.18 43.15 43.11 43.22 43.25 43.21 43.14 43.08 43.07 43.11 43.2 43.27 43.3 43.33 43.29 43.25 43.23 43.23 43.23 43.23 43.23 43.25 43.25 43.2 43.15 43.08 42.98 42.87 42.82 42.79 42.75 42.71 42.69 42.75 42.83 42.86 42.9 42.96 43 43.01 42.99 43.03 43.09
48.72 48.49 48.22 47.97 47.7 47.58 47.5 47.36 47.14 47.01 46.78 46.61 46.38 46.2 45.9 45.66 45.56 45.33 45.09 44.98 44.95 44.88 44.7 44.5 44.4 44.27 44.06 43.91 43.84 43.69 43.5 43.42 43.4 43.38 43.39 43.37 43.31 43.2 43.26 43.28 43.22 43.11 43.04 43.05 43.09 43.18 43.28 43.33 43.36 43.32 43.26 43.23 43.23 43.23 43.23 43.23 43.22 43.21 43.16 43.12 43.05 42.95 42.87 42.82 42.76 42.69 42.63 42.6 42.63 42.7 42.75 42.8 42.88 42.95 42.97 42.95 42.96 43.03
49.15 48.98 48.7 48.4 48.06 48 47.9 47.71 47.5 47.38 47.19 47.1 46.96 46.78 46.47 46.16 45.95 45.72 45.48 45.33 45.26 45.13 44.87 44.68 44.58 44.49 44.37 44.22 44.11 43.92 43.71 43.61 43.59 43.59 43.61 43.6 43.48 43.31 43.31 43.31 43.22 43.07 42.99 42.99 43.04 43.17 43.29 43.35 43.39 43.37 43.28 43.23 43.23 43.22 43.22 43.22 43.21 43.18 43.14 43.11 43.04 42.94 42.88 42.83 42.75 42.68 42.63 42.6 42.61 42.66 42.7 42.76 42.85 42.92 42.94 42.93 42.94 43.02
49.46 49.41 49.26 49.02 48.7 48.61 48.42 48.11 47.85 47.7 47.49 47.33 47.24 47.12 46.85 46.54 46.35 46.14 45.89 45.66 45.53 45.31 45.08 44.93 44.84 44.74 44.67 44.48 44.31 44.09 43.92 43.84 43.8 43.81 43.82 43.77 43.61 43.41 43.36 43.31 43.18 43.02 42.93 42.93 43.01 43.16 43.3 43.36 43.41 43.4 43.29 43.21 43.21 43.25 43.24 43.23 43.19 43.16 43.14 43.11 43.05 42.97 42.91 42.86 42.79 42.71 42.65 42.62 42.66 42.72 42.75 42.79 42.87 42.93 42.94 42.93 42.95 43.01
49.61 49.62 49.59 49.48 49.29 49.14 48.9 48.54 48.28 48.08 47.8 47.52 47.39 47.32 47.15 46.93 46.8 46.6 46.26 45.94 45.76 45.56 45.4 45.27 45.18 45.05 44.87 44.63 44.46 44.25 44.13 44.07 44.01 44.01 43.99 43.9 43.7 43.49 43.39 43.32 43.15 42.97 42.9 42.91 43.02 43.18 43.3 43.34 43.39 43.4 43.27 43.16 43.17 43.26 43.27 43.24 43.19 43.16 43.14 43.13 43.09 43.04 42.99 42.92 42.86 42.8 42.75 42.74 42.8 42.84 42.85 42.87 42.92 42.94 42.94 42.94 42.97 43
49.61 49.61 49.61 49.59 49.54 49.49 49.32 49.02 48.79 48.55 48.24 47.85 47.63 47.51 47.39 47.25 47.17 47.01 46.65 46.3 46.09 45.94 45.78 45.61 45.5 45.36 45.09 44.82 44.64 44.47 44.38 44.3 44.21 44.18 44.13 44.01 43.79 43.57 43.45 43.38 43.19 43.02 42.98 43.03 43.17 43.25 43.28 43.26 43.32 43.33 43.24 43.15 43.15 43.25 43.27 43.22 43.18 43.15 43.14 43.12 43.1 43.07 43.05 43 42.93 42.93 42.94 42.94 42.96 42.95 42.95 42.97 42.98 42.96 42.95 42.96 42.97 43
49.61 49.6 49.61 49.63 49.64 49.64 49.58 49.41 49.25 49.03 48.68 48.25 47.99 47.8 47.63 47.46 47.38 47.29 47.01 46.7 46.52 46.31 46.12 45.93 45.79 45.66 45.39 45.1 44.9 44.77 44.68 44.6 44.47 44.37 44.26 44.1 43.93 43.79 43.67 43.59 43.43 43.25 43.19 43.23 43.31 43.31 43.27 43.24 43.27 43.27 43.25 43.22 43.21 43.25 43.25 43.2 43.17 43.14 43.13 43.11 43.1 43.08 43.06 43.04 43 43.05 43.11 43.1 43.07 43.05 43.05 43.05 43.03 42.98 42.96 42.97 42.98 43
49.53 49.6 49.62 49.64 49.65 49.66 49.66 49.61 49.54 49.4 49.09 48.7 48.46 48.21 47.92 47.65 47.52 47.44 47.27 47.05 46.93 46.69 46.45 46.24 46.1 45.95 45.72 45.45 45.26 45.12 45.03 45 44.84 44.61 44.39 44.23 44.15 44.09 43.98 43.88 43.77 43.59 43.44 43.39 43.36 43.34 43.33 43.32 43.3 43.29 43.29 43.29 43.28 43.26 43.22 43.18 43.16 43.14 43.12 43.11 43.09 43.07 43.06 43.04 43.03 43.1 43.16 43.15 43.11 43.08 43.09 43.09 43.04 42.98 42.97 42.98 42.99 43
49.24 49.42 49.58 49.64 49.66 49.66 49.69 49.68 49.66 49.61 49.41 49.14 48.93 48.67 48.31 47.95 47.75 47.61 47.45 47.31 47.27 47.09 46.85 46.64 46.49 46.27 46.09 45.91 45.76 45.61 45.44 45.36 45.17 44.85 44.54 44.43 44.39 44.34 44.21 44.12 44.06 43.92 43.74 43.62 43.51 43.44 43.41 43.4 43.38 43.36 43.35 43.34 43.3 43.24 43.2 43.17 43.15 43.13 43.11 43.1 43.08 43.06 43.04 43.03 43.02 43.06 43.11 43.12 43.09 43.07 43.07 43.08 43.03 42.99 42.98 42.99 43 43.02
