slabs/23.grd
DSAA
631 301
643260 643890
4946600 4946900
37.42 49.86
[rows 170 to 203 of 301, columns 468 to 545 of 631]
38.3 38.33 38.33 38.34 38.33 38.32 38.33 38.33 38.34 38.32 38.32 38.31 38.3 38.31 38.32 38.32 38.31 38.31 38.3 38.3 38.31 38.32 38.32 38.32 38.32 38.35 38.38 38.39 38.4 38.43 38.48 38.48 38.45 38.41 38.42 38.42 38.43 38.41 38.38 38.35 38.38 38.41 38.43 38.44 38.5 38.56 38.61 38.65 38.77 38.75 38.76 38.76 38.76 38.78 38.79 38.79 38.84 38.86 38.9 38.83 38.92 38.95 39.04 39.02 39 39.07 39.12 39.26 39.38 39.43 39.55 39.65 39.62 39.66 39.72 39.81 39.94 40.03
38.3 38.33 38.37 38.33 38.33 38.33 38.34 38.33 38.33 38.32 38.33 38.33 38.3 38.3 38.33 38.33 38.32 38.31 38.31 38.31 38.31 38.32 38.34 38.33 38.31 38.33 38.35 38.37 38.38 38.4 38.43 38.43 38.41 38.38 38.39 38.38 38.4 38.37 38.37 38.34 38.33 38.37 38.4 38.42 38.47 38.47 38.49 38.47 38.56 38.6 38.65 38.73 38.78 38.75 38.69 38.65 38.66 38.66 38.71 38.69 38.75 38.77 38.79 38.76 38.89 38.91 38.9 38.94 38.94 39.01 39.13 39.24 39.24 39.26 39.27 39.39 39.59 39.66
38.33 38.34 38.34 38.32 38.33 38.34 38.35 38.34 38.31 38.3 38.33 38.33 38.3 38.31 38.34 38.33 38.31 38.3 38.33 38.33 38.31 38.31 38.32 38.31 38.29 38.3 38.3 38.33 38.31 38.34 38.33 38.35 38.35 38.39 38.38 38.36 38.35 38.35 38.35 38.36 38.38 38.37 38.39 38.4 38.42 38.43 38.42 38.39 38.4 38.39 38.42 38.48 38.53 38.51 38.48 38.5 38.5 38.52 38.56 38.56 38.62 38.63 38.66 38.67 38.73 38.75 38.75 38.73 38.66 38.7 38.78 38.85 38.89 38.94 38.94 38.96 38.99 39.06
38.35 38.33 38.31 38.31 38.31 38.3 38.33 38.33 38.31 38.29 38.33 38.32 38.3 38.32 38.33 38.33 38.31 38.3 38.29 38.3 38.33 38.29 38.3 38.29 38.28 38.3 38.29 38.29 38.27 38.28 38.3 38.35 38.33 38.32 38.34 38.35 38.33 38.34 38.33 38.32 38.35 38.33 38.35 38.36 38.32 38.38 38.36 38.35 38.32 38.29 38.26 38.28 38.33 38.32 38.34 38.39 38.4 38.42 38.47 38.44 38.51 38.5 38.53 38.55 38.54 38.54 38.58 38.59 38.57 38.59 38.65 38.7 38.71 38.77 38.78 38.83 38.88 38.94
38.36 38.32 38.32 38.31 38.28 38.28 38.3 38.32 38.32 38.29 38.32 38.32 38.32 38.32 38.28 38.3 38.31 38.33 38.32 38.32 38.31 38.3 38.31 38.31 38.34 38.3 38.29 38.28 38.29 38.3 38.3 38.31 38.3 38.32 38.33 38.34 38.28 38.28 38.26 38.25 38.29 38.3 38.28 38.29 38.27 38.31 38.3 38.3 38.3 38.28 38.22 38.23 38.27 38.28 38.31 38.31 38.32 38.32 38.37 38.4 38.42 38.41 38.43 38.39 38.44 38.47 38.5 38.53 38.57 38.55 38.61 38.68 38.7 38.75 38.77 38.82 38.87 38.92
38.35 38.33 38.34 38.33 38.32 38.31 38.31 38.32 38.34 38.32 38.31 38.31 38.3 38.31 38.32 38.31 38.29 38.33 38.34 38.33 38.32 38.32 38.31 38.29 38.32 38.28 38.29 38.29 38.29 38.25 38.27 38.3 38.29 38.28 38.3 38.31 38.28 38.28 38.27 38.27 38.28 38.3 38.27 38.25 38.27 38.26 38.24 38.22 38.28 38.27 38.23 38.22 38.25 38.25 38.29 38.26 38.24 38.26 38.29 38.27 38.32 38.31 38.31 38.35 38.41 38.41 38.41 38.41 38.42 38.48 38.51 38.58 38.62 38.69 38.77 38.81 38.88 38.93
38.34 38.33 38.35 38.34 38.34 38.34 38.31 38.32 38.32 38.37 38.35 38.31 38.33 38.3 38.28 38.29 38.31 38.28 38.3 38.32 38.32 38.32 38.31 38.3 38.3 38.34 38.32 38.28 38.27 38.28 38.29 38.3 38.3 38.26 38.28 38.3 38.29 38.28 38.29 38.3 38.27 38.3 38.29 38.27 38.28 38.26 38.2 38.17 38.21 38.24 38.25 38.26 38.3 38.26 38.25 38.2 38.18 38.2 38.19 38.18 38.24 38.19 38.27 38.29 38.33 38.34 38.36 38.41 38.41 38.41 38.47 38.52 38.55 38.63 38.69 38.79 38.85 38.87
38.32 38.27 38.34 38.35 38.36 38.36 38.28 38.29 38.29 38.31 38.32 38.32 38.29 38.3 38.31 38.31 38.29 38.28 38.29 38.31 38.31 38.29 38.3 38.31 38.32 38.34 38.33 38.3 38.28 38.3 38.3 38.3 38.3 38.26 38.29 38.3 38.31 38.29 38.28 38.3 38.26 38.27 38.29 38.29 38.28 38.28 38.24 38.2 38.21 38.24 38.27 38.26 38.32 38.28 38.24 38.21 38.21 38.21 38.16 37.94 37.9 37.8 38.04 38.2 38.24 38.29 38.26 38.3 38.31 38.35 38.43 38.41 38.43 38.48 38.49 38.55 38.59 38.63
38.33 38.28 38.33 38.27 38.28 38.34 38.35 38.35 38.36 38.37 38.34 38.34 38.32 38.3 38.31 38.31 38.3 38.29 38.3 38.31 38.3 38.27 38.28 38.3 38.32 38.34 38.33 38.3 38.29 38.28 38.28 38.3 38.29 38.27 38.28 38.29 38.31 38.3 38.28 38.29 38.28 38.27 38.29 38.27 38.26 38.27 38.28 38.25 38.28 38.27 38.28 38.26 38.29 38.27 38.23 38.19 38.15 38.13 38.17 37.94 37.86 37.72 37.91 38.21 38.23 38.25 38.14 38.15 38.16 38.25 38.36 38.31 38.31 38.35 38.35 38.37 38.38 38.42
38.27 38.25 38.33 38.33 38.3 38.35 38.31 38.27 38.25 38.32 38.32 38.33 38.33 38.3 38.3 38.29 38.34 38.31 38.31 38.3 38.31 38.31 38.31 38.3 38.29 38.34 38.33 38.28 38.27 38.27 38.26 38.3 38.27 38.27 38.28 38.28 38.28 38.27 38.27 38.28 38.27 38.28 38.26 38.2 38.26 38.28 38.33 38.31 38.37 38.33 38.3 38.28 38.27 38.27 38.27 38.23 38.23 38.2 38.19 37.99 37.87 37.72 38.01 38.26 38.23 38.17 37.97 37.96 37.99 38.11 38.28 38.23 38.21 38.21 38.21 38.23 38.21 38.22
38.26 38.19 38.28 38.32 38.31 38.36 38.32 38.28 38.23 38.24 38.24 38.27 38.3 38.28 38.27 38.3 38.35 38.31 38.32 38.31 38.31 38.33 38.32 38.3 38.28 38.31 38.32 38.28 38.27 38.27 38.28 38.29 38.25 38.26 38.28 38.29 38.28 38.28 38.26 38.27 38.28 38.29 38.27 38.27 38.27 38.28 38.28 38.29 38.31 38.29 38.3 38.28 38.3 38.29 38.28 38.26 38.26 38.26 38.26 38.16 38.08 37.97 38.2 38.29 38.25 38.1 37.91 37.9 37.93 38.01 38.23 38.21 38.14 38.06 37.98 37.97 37.94 37.97
38.29 38.25 38.24 38.27 38.31 38.33 38.32 38.3 38.26 38.24 38.24 38.27 38.31 38.26 38.27 38.3 38.32 38.31 38.32 38.3 38.32 38.31 38.3 38.29 38.29 38.3 38.31 38.29 38.31 38.3 38.29 38.31 38.25 38.26 38.3 38.28 38.31 38.28 38.28 38.28 38.3 38.29 38.28 38.29 38.28 38.28 38.27 38.28 38.31 38.3 38.3 38.28 38.29 38.27 38.28 38.26 38.27 38.28 38.29 38.24 38.23 38.22 38.31 38.27 38.27 38.15 37.95 37.97 37.97 37.96 38.19 38.26 38.16 38.01 37.85 37.81 37.82 37.85
38.32 38.32 38.28 38.3 38.32 38.31 38.31 38.32 38.3 38.29 38.29 38.29 38.32 38.27 38.28 38.3 38.3 38.31 38.31 38.29 38.33 38.31 38.31 38.29 38.28 38.29 38.29 38.3 38.3 38.29 38.3 38.31 38.3 38.29 38.3 38.31 38.29 38.28 38.27 38.28 38.28 38.28 38.28 38.3 38.29 38.28 38.28 38.27 38.28 38.3 38.3 38.27 38.27 38.26 38.28 38.26 38.27 38.27 38.3 38.27 38.27 38.29 38.31 38.25 38.28 38.24 38.06 38.08 38.04 37.94 38.14 38.25 38.25 38.16 38.03 38.01 37.95 37.88
38.33 38.33 38.34 38.37 38.34 38.3 38.3 38.31 38.32 38.31 38.31 38.31 38.3 38.29 38.29 38.3 38.31 38.32 38.31 38.31 38.3 38.3 38.31 38.33 38.29 38.29 38.29 38.33 38.29 38.28 38.29 38.31 38.29 38.28 38.31 38.31 38.25 38.26 38.28 38.27 38.32 38.29 38.28 38.29 38.28 38.29 38.29 38.27 38.28 38.31 38.3 38.27 38.27 38.27 38.28 38.27 38.27 38.27 38.3 38.28 38.28 38.27 38.29 38.26 38.26 38.27 38.28 38.26 38.21 38.07 38.11 38.16 38.23 38.26 38.17 38.14 38.01 37.91
38.33 38.33 38.37 38.45 38.38 38.3 38.3 38.31 38.33 38.31 38.32 38.31 38.29 38.3 38.31 38.34 38.34 38.32 38.31 38.35 38.31 38.31 38.28 38.29 38.29 38.31 38.32 38.3 38.3 38.29 38.27 38.28 38.31 38.29 38.29 38.3 38.25 38.27 38.3 38.28 38.3 38.29 38.27 38.29 38.28 38.28 38.29 38.28 38.29 38.32 38.29 38.29 38.28 38.27 38.28 38.28 38.28 38.28 38.29 38.26 38.27 38.27 38.27 38.26 38.26 38.25 38.27 38.27 38.28 38.26 38.27 38.24 38.17 38.24 38.23 38.23 38.11 37.95
38.33 38.33 38.38 38.46 38.44 38.38 38.36 38.35 38.32 38.31 38.31 38.32 38.32 38.31 38.33 38.35 38.31 38.31 38.3 38.34 38.35 38.34 38.29 38.26 38.3 38.31 38.31 38.31 38.34 38.32 38.31 38.28 38.27 38.28 38.29 38.29 38.27 38.28 38.29 38.31 38.29 38.29 38.27 38.29 38.28 38.28 38.29 38.28 38.29 38.3 38.28 38.3 38.29 38.27 38.28 38.27 38.27 38.27 38.26 38.29 38.29 38.26 38.28 38.28 38.27 38.27 38.3 38.3 38.26 38.27 38.3 38.28 38.26 38.26 38.2 38.22 38.18 38.03
38.45 38.34 38.36 38.42 38.44 38.45 38.4 38.35 38.32 38.35 38.35 38.33 38.29 38.29 38.3 38.31 38.28 38.28 38.29 38.33 38.35 38.34 38.31 38.29 38.3 38.31 38.34 38.36 38.34 38.32 38.3 38.31 38.26 38.27 38.29 38.29 38.29 38.29 38.29 38.3 38.3 38.31 38.29 38.28 38.28 38.28 38.3 38.27 38.27 38.27 38.29 38.27 38.27 38.27 38.27 38.25 38.27 38.28 38.27 38.29 38.28 38.29 38.27 38.28 38.27 38.27 38.27 38.28 38.29 38.29 38.27 38.28 38.28 38.26 38.24 38.24 38.23 38.15
38.96 38.5 38.45 38.42 38.42 38.42 38.38 38.3 38.39 38.36 38.36 38.36 38.33 38.33 38.33 38.33 38.32 38.31 38.3 38.31 38.31 38.32 38.3 38.28 38.31 38.32 38.34 38.36 38.35 38.34 38.3 38.34 38.29 38.29 38.28 38.28 38.3 38.3 38.29 38.3 38.3 38.32 38.3 38.29 38.28 38.28 38.29 38.28 38.28 38.28 38.29 38.29 38.29 38.27 38.28 38.28 38.28 38.26 38.29 38.29 38.27 38.26 38.29 38.28 38.27 38.28 38.28 38.28 38.29 38.27 38.26 38.27 38.27 38.29 38.26 38.26 38.26 38.23
39.77 39.16 39.04 38.82 38.51 38.37 38.37 38.31 38.35 38.33 38.3 38.28 38.3 38.32 38.35 38.35 38.37 38.35 38.32 38.32 38.32 38.32 38.31 38.31 38.33 38.34 38.34 38.36 38.34 38.33 38.3 38.34 38.32 38.32 38.3 38.28 38.28 38.29 38.28 38.31 38.3 38.3 38.28 38.3 38.28 38.3 38.28 38.29 38.28 38.28 38.25 38.26 38.27 38.26 38.3 38.27 38.27 38.25 38.28 38.28 38.27 38.29 38.29 38.28 38.28 38.28 38.29 38.28 38.27 38.27 38.25 38.26 38.28 38.28 38.27 38.27 38.27 38.27
40.41 39.96 39.78 39.36 38.78 38.45 38.38 38.31 38.34 38.34 38.32 38.3 38.33 38.4 38.5 38.59 38.67 38.64 38.5 38.35 38.34 38.33 38.33 38.33 38.33 38.34 38.35 38.34 38.3 38.28 38.27 38.3 38.31 38.32 38.31 38.28 38.28 38.29 38.3 38.24 38.27 38.3 38.26 38.27 38.27 38.28 38.3 38.27 38.26 38.27 38.28 38.28 38.28 38.28 38.27 38.27 38.3 38.27 38.29 38.28 38.27 38.27 38.28 38.27 38.27 38.28 38.28 38.28 38.27 38.28 38.25 38.26 38.28 38.27 38.27 38.27 38.27 38.28
41.07 40.7 40.42 39.91 39.35 39.05 38.65 38.6 38.69 38.87 38.87 38.84 38.72 38.76 38.83 38.94 39.04 38.97 38.67 38.35 38.34 38.35 38.36 38.34 38.34 38.35 38.37 38.33 38.29 38.25 38.23 38.28 38.3 38.3 38.29 38.3 38.29 38.28 38.29 38.27 38.29 38.3 38.26 38.29 38.28 38.29 38.27 38.28 38.27 38.28 38.32 38.31 38.28 38.29 38.28 38.27 38.27 38.26 38.3 38.3 38.29 38.27 38.27 38.27 38.27 38.27 38.26 38.27 38.27 38.27 38.26 38.26 38.27 38.27 38.26 38.27 38.27 38.27
41.62 41.42 40.99 40.47 40.32 40.08 39.62 39.41 39.32 39.5 39.55 39.48 39.26 39.25 39.22 39.29 39.33 39.17 38.83 38.53 38.41 38.41 38.38 38.38 38.38 38.37 38.36 38.33 38.3 38.23 38.23 38.28 38.29 38.32 38.31 38.28 38.28 38.27 38.28 38.25 38.26 38.26 38.28 38.28 38.28 38.31 38.3 38.27 38.26 38.28 38.29 38.3 38.28 38.27 38.27 38.27 38.26 38.26 38.3 38.3 38.27 38.25 38.27 38.28 38.27 38.26 38.26 38.27 38.26 38.26 38.27 38.27 38.27 38.27 38.26 38.26 38.25 38.28
42.1 41.96 41.51 41.04 40.87 40.73 40.42 40.16 39.95 40.06 40.15 39.99 39.75 39.72 39.63 39.63 39.57 39.42 39.21 39.04 38.8 38.64 38.48 38.41 38.4 38.35 38.31 38.3 38.3 38.25 38.15 38.18 38.25 38.33 38.29 38.33 38.31 38.33 38.28 38.29 38.3 38.27 38.27 38.28 38.29 38.28 38.27 38.27 38.26 38.3 38.32 38.32 38.32 38.3 38.27 38.27 38.26 38.26 38.28 38.27 38.26 38.25 38.27 38.28 38.28 38.25 38.28 38.27 38.27 38.26 38.27 38.28 38.27 38.27 38.27 38.28 38.27 38.26
42.52 42.36 41.96 41.54 41.19 41.08 40.83 40.64 40.48 40.56 40.62 40.44 40.21 40.2 40.1 40.03 39.93 39.91 39.85 39.73 39.61 39.27 38.95 38.71 38.59 38.36 38.23 38.23 38.28 38.27 38.18 38.24 38.26 38.32 38.32 38.32 38.31 38.31 38.27 38.28 38.27 38.27 38.3 38.3 38.32 38.29 38.31 38.29 38.27 38.32 38.37 38.36 38.34 38.3 38.27 38.27 38.27 38.27 38.27 38.26 38.26 38.27 38.27 38.27 38.28 38.26 38.27 38.27 38.27 38.27 38.27 38.26 38.27 38.27 38.27 38.27 38.29 38.27
42.91 42.75 42.38 41.97 41.65 41.5 41.2 41.01 40.9 40.91 40.88 40.77 40.67 40.68 40.63 40.61 40.59 40.55 40.5 40.39 40.25 39.85 39.53 39.29 39.14 38.74 38.23 38.29 38.33 38.29 38.18 38.18 38.25 38.33 38.33 38.3 38.29 38.3 38.29 38.32 38.29 38.28 38.3 38.32 38.35 38.31 38.31 38.3 38.31 38.34 38.38 38.37 38.32 38.26 38.28 38.27 38.27 38.27 38.28 38.28 38.24 38.25 38.27 38.25 38.25 38.26 38.26 38.25 38.28 38.25 38.23 38.25 38.25 38.27 38.27 38.27 38.26 38.26
43.31 43.15 42.79 42.39 42.1 41.94 41.6 41.28 41.16 41.15 41.14 41.05 41.04 41.09 41.15 41.21 41.21 41.2 41.15 41.07 40.88 40.44 40.11 39.85 39.68 39.29 38.88 38.62 38.53 38.36 38.26 38.24 38.31 38.33 38.28 38.25 38.28 38.32 38.33 38.34 38.3 38.28 38.31 38.34 38.34 38.3 38.28 38.29 38.34 38.37 38.36 38.34 38.29 38.26 38.3 38.3 38.27 38.28 38.27 38.27 38.26 38.25 38.26 38.26 38.26 38.26 38.26 38.27 38.25 38.27 38.27 38.27 38.26 38.26 38.26 38.25 38.26 38.27
43.71 43.54 43.18 42.83 42.56 42.41 42.07 41.74 41.51 41.48 41.46 41.42 41.41 41.37 41.5 41.72 41.75 41.79 41.74 41.66 41.48 41.04 40.68 40.42 40.3 40.15 39.9 39.57 39.74 39.6 39.2 39.03 38.97 38.66 38.25 38.26 38.34 38.37 38.39 38.38 38.34 38.31 38.33 38.34 38.32 38.28 38.31 38.3 38.34 38.35 38.32 38.29 38.24 38.29 38.28 38.3 38.26 38.27 38.28 38.28 38.29 38.28 38.29 38.28 38.26 38.26 38.26 38.27 38.27 38.26 38.27 38.26 38.27 38.27 38.26 38.25 38.27 38.29
44.09 43.93 43.57 43.28 43.08 42.93 42.62 42.31 42.11 42.04 41.93 41.92 41.91 41.89 41.9 42.03 42.11 42.29 42.29 42.23 42.03 41.66 41.37 41.26 41.62 41.74 41.63 41.26 41.21 40.84 40.3 39.99 39.83 39.25 38.59 38.62 38.71 38.58 38.48 38.48 38.54 38.63 38.62 38.59 38.46 38.28 38.31 38.3 38.33 38.31 38.27 38.25 38.28 38.33 38.29 38.3 38.31 38.29 38.27 38.22 38.29 38.31 38.28 38.25 38.27 38.23 38.25 38.27 38.28 38.24 38.26 38.27 38.27 38.28 38.26 38.27 38.27 38.26
44.41 44.24 43.9 43.75 43.6 43.48 43.2 42.92 42.83 42.65 42.42 42.32 42.31 42.35 42.54 42.56 42.6 42.71 42.84 43.06 42.95 42.68 42.41 42.33 42.66 42.89 42.81 42.53 42.25 41.73 41.23 40.92 40.62 40.02 39.38 39.39 39.48 39.26 39.01 38.96 39.11 39.42 39.48 39.36 38.92 38.41 38.32 38.31 38.32 38.3 38.25 38.24 38.29 38.34 38.32 38.31 38.3 38.33 38.32 38.38 38.35 38.3 38.28 38.24 38.24 38.24 38.26 38.29 38.29 38.24 38.26 38.27 38.26 38.27 38.26 38.28 38.3 38.27
44.38 44.37 44.32 44.22 44.13 43.94 43.73 43.51 43.42 43.17 42.86 42.71 42.71 42.83 43.42 43.62 43.6 43.47 43.37 43.52 43.51 43.45 43.29 43.23 43.28 43.32 43.17 43.05 42.83 42.42 42.01 41.81 41.34 40.91 40.35 40.36 40.48 40.47 40.37 40.22 40.1 40.34 40.3 40.03 39.47 38.92 38.57 38.46 38.35 38.31 38.28 38.29 38.31 38.31 38.3 38.27 38.24 38.27 38.28 38.36 38.35 38.3 38.29 38.25 38.27 38.28 38.27 38.3 38.28 38.26 38.27 38.27 38.27 38.28 38.28 38.3 38.31 38.3
44.43 44.44 44.43 44.38 44.32 44.17 44.01 43.88 43.88 43.82 43.55 43.39 43.38 43.52 44.07 44.24 44.18 43.94 43.69 43.69 43.71 43.76 43.75 43.74 43.67 43.48 43.32 43.29 43.14 42.85 42.52 42.33 41.92 41.6 41.25 41.27 41.48 41.56 41.52 41.46 41.15 41.2 40.86 40.58 40.02 39.5 39.19 39.01 38.73 38.57 38.56 38.55 38.44 38.34 38.33 38.3 38.24 38.17 38.21 38.29 38.27 38.24 38.27 38.27 38.29 38.3 38.26 38.26 38.29 38.27 38.27 38.27 38.29 38.28 38.29 38.31 38.29 38.29
44.32 44.39 44.31 44.34 44.27 44.25 44.17 44.1 44.13 44.18 44.09 43.97 43.96 44.08 44.29 44.32 44.25 43.99 43.84 43.86 43.88 43.92 43.96 43.95 43.84 43.61 43.46 43.44 43.36 43.12 42.88 42.75 42.44 42.18 41.86 41.97 42.16 42.23 42.27 42.27 42.2 41.84 41.44 41.15 40.6 40.15 39.98 39.65 39.34 39.14 39.11 39.06 39.04 38.81 38.84 38.56 38.35 38.24 38.22 38.22 38.24 38.22 38.26 38.26 38.26 38.29 38.21 38.15 38.28 38.25 38.26 38.27 38.28 38.28 38.3 38.3 38.29 38.28
43.93 44.04 44.06 44.15 44.15 44.22 44.21 44.19 44.21 44.24 44.27 44.23 44.24 44.29 44.31 44.31 44.26 44.05 44.02 44.04 44.07 44.11 44.06 44.04 43.93 43.71 43.59 43.58 43.54 43.39 43.15 43.03 42.85 42.71 42.57 42.58 42.57 42.58 42.62 42.64 42.67 42.44 42.02 41.73 41.19 40.81 40.67 40.33 40.05 40.23 40.12 39.94 39.84 39.51 39.44 39.07 38.86 38.66 38.59 38.4 38.27 38.28 38.31 38.27 38.27 38.31 38.22 38.13 38.25 38.26 38.27 38.28 38.35 38.34 38.34 38.3 38.24 38.26
43.71 43.78 43.93 44.04 44.08 44.14 44.17 44.19 44.2 44.23 44.26 44.3 44.33 44.32 44.28 44.28 44.27 44.16 44.16 44.2 44.27 44.29 44.04 44.03 43.98 43.82 43.73 43.71 43.68 43.64 43.43 43.3 43.21 43.29 43.23 43.06 42.87 42.94 42.93 42.96 42.96 42.85 42.69 42.58 42.23 41.91 41.76 41.42 41.09 41.08 40.96 40.76 40.49 40.15 40 39.75 39.66 39.41 39.28 38.9 38.55 38.54 38.54 38.5 38.42 38.39 38.33 38.32 38.32 38.32 38.32 38.4 38.46 38.42 38.36 38.31 38.29 38.3
