slabs/24.grd
DSAA
631 301
643260 643890
4946900 4947200
37.33 49.99
[rows 136 to 169 of 301, columns 390 to 467 of 631]
38.03 38.06 38.08 38.09 38.11 38.13 38.15 38.16 38.16 38.16 38.16 38.17 38.18 38.19 38.19 38.2 38.2 38.2 38.2 38.19 38.16 38.07 38.03 38.06 38.1 38.1 38.1 38.1 38.11 38.11 38.11 38.12 38.13 38.12 38.12 38.12 38.12 38.12 38.12 38.12 38.12 38.12 38.12 38.12 38.12 38.11 38.11 38.11 38.11 38.11 38.11 38.11 38.1 38.1 38.09 38.09 38.09 38.09 38.09 38.09 38.09 38.08 38.08 38.08 38.08 38.08 38.08 38.08 38.07 38.07 38.07 38.07 38.07 38.07 38.07 38.06 38.06 38.06
38.01 38.05 38.06 38.08 38.1 38.13 38.15 38.16 38.17 38.19 38.19 38.2 38.22 38.23 38.23 38.23 38.21 38.19 38.19 38.19 38.11 38.02 37.98 38.01 38.06 38.08 38.08 38.08 38.09 38.09 38.09 38.11 38.14 38.13 38.12 38.11 38.11 38.11 38.11 38.11 38.11 38.11 38.11 38.11 38.11 38.1 38.1 38.1 38.1 38.09 38.09 38.09 38.09 38.09 38.08 38.08 38.08 38.08 38.08 38.08 38.08 38.08 38.08 38.07 38.07 38.07 38.07 38.07 38.07 38.07 38.07 38.06 38.06 38.06 38.06 38.06 38.06 38.06
38 38.03 38.05 38.07 38.1 38.13 38.16 38.18 38.21 38.23 38.24 38.24 38.25 38.24 38.23 38.21 38.2 38.19 38.2 38.15 38.03 37.93 37.92 37.97 38.03 38.06 38.06 38.06 38.06 38.07 38.09 38.12 38.15 38.14 38.09 38.09 38.1 38.1 38.1 38.1 38.1 38.1 38.1 38.09 38.09 38.09 38.08 38.08 38.08 38.08 38.08 38.07 38.07 38.07 38.07 38.07 38.07 38.07 38.07 38.07 38.07 38.06 38.06 38.06 38.06 38.06 38.06 38.06 38.06 38.05 38.05 38.05 38.05 38.05 38.05 38.05 38.05 38.05
37.99 38.03 38.05 38.07 38.1 38.14 38.17 38.21 38.25 38.27 38.28 38.26 38.25 38.22 38.21 38.2 38.2 38.21 38.18 38.08 37.94 37.85 37.86 37.92 37.99 38.03 38.03 38.03 38.05 38.07 38.09 38.13 38.15 38.14 38.08 38.07 38.08 38.09 38.09 38.08 38.08 38.08 38.08 38.07 38.07 38.07 38.07 38.07 38.07 38.07 38.06 38.06 38.06 38.06 38.06 38.06 38.06 38.06 38.06 38.05 38.05 38.05 38.05 38.05 38.05 38.05 38.05 38.05 38.05 38.04 38.04 38.04 38.05 38.05 38.05 38.05 38.04 38.04
38 38.04 38.07 38.09 38.12 38.17 38.2 38.23 38.27 38.27 38.26 38.25 38.23 38.21 38.21 38.21 38.21 38.19 38.12 37.99 37.86 37.78 37.81 37.87 37.94 37.99 38 38.02 38.04 38.07 38.1 38.13 38.16 38.15 38.08 38.04 38.06 38.06 38.07 38.06 38.06 38.06 38.06 38.06 38.06 38.06 38.06 38.06 38.05 38.05 38.05 38.05 38.05 38.05 38.05 38.05 38.05 38.04 38.04 38.04 38.04 38.04 38.04 38.04 38.04 38.04 38.04 38.04 38.03 38.03 38.03 38.03 38.04 38.03 38.03 38.03 38.03 38.03
38.03 38.06 38.09 38.11 38.14 38.19 38.21 38.23 38.26 38.27 38.26 38.23 38.21 38.2 38.21 38.23 38.2 38.13 38.04 37.91 37.78 37.73 37.76 37.83 37.92 37.96 37.99 38.02 38.05 38.08 38.1 38.14 38.16 38.16 38.09 38.01 38.02 38.04 38.05 38.05 38.05 38.05 38.05 38.05 38.05 38.05 38.04 38.04 38.04 38.04 38.04 38.04 38.04 38.04 38.04 38.03 38.03 38.03 38.03 38.03 38.03 38.03 38.03 38.03 38.03 38.03 38.02 38.03 38.03 38.03 38.03 38.03 38.03 38.02 38.02 38.02 38.02 38.02
38.05 38.09 38.1 38.13 38.16 38.19 38.21 38.22 38.25 38.26 38.25 38.23 38.2 38.2 38.21 38.23 38.18 38.1 37.98 37.82 37.73 37.71 37.75 37.83 37.96 38 38.02 38.04 38.06 38.08 38.1 38.14 38.17 38.17 38.1 38 37.97 38.01 38.03 38.04 38.04 38.04 38.04 38.04 38.03 38.03 38.03 38.03 38.03 38.03 38.03 38.03 38.03 38.02 38.02 38.02 38.02 38.02 38.02 38.02 38.02 38.02 38.02 38.02 38.02 38.02 38.02 38.02 38.02 38.02 38.02 38.01 38.01 38.01 38 38 38 38
38.08 38.11 38.12 38.15 38.17 38.19 38.2 38.21 38.23 38.24 38.23 38.22 38.2 38.2 38.19 38.19 38.14 38.07 37.95 37.75 37.77 37.84 37.91 37.97 38.04 38.06 38.06 38.06 38.06 38.08 38.11 38.15 38.17 38.18 38.1 37.99 37.91 37.97 38.02 38.03 38.03 38.03 38.02 38.02 38.02 38.02 38.02 38.02 38.02 38.02 38.02 38.02 38.02 38.02 38.02 38.02 38.02 38.02 38.02 38.02 38.01 38.01 38.01 38.01 38.01 38.01 38.01 38.01 38.01 38 38 37.99 37.99 37.99 37.99 37.99 37.99 37.98
38.1 38.12 38.14 38.17 38.19 38.19 38.2 38.21 38.22 38.2 38.18 38.17 38.16 38.16 38.09 38.06 37.98 37.91 37.83 37.74 37.89 38.02 38.09 38.1 38.09 38.08 38.08 38.09 38.09 38.09 38.12 38.15 38.18 38.18 38.11 38 37.92 37.92 38 38.02 38.02 38.02 38.01 38.01 38.01 38.01 38.01 38.01 38.02 38.01 38.01 38.01 38.01 38.01 38.01 38.01 38.01 38.01 38 38 38 38 38 38 37.99 37.99 37.99 37.99 37.99 37.98 37.98 37.98 37.98 37.98 37.98 37.98 37.97 37.97
38.12 38.13 38.16 38.18 38.21 38.2 38.21 38.22 38.18 38.09 37.99 37.95 37.96 37.96 37.9 37.88 37.81 37.75 37.74 37.84 38.01 38.08 38.11 38.12 38.12 38.11 38.11 38.11 38.11 38.11 38.13 38.15 38.18 38.19 38.12 38 37.93 37.87 37.96 38 38.01 38.01 38.01 38.01 38.01 38.01 38 38 38 38 38 38 38 38 38 38 37.99 37.99 37.99 37.98 37.98 37.98 37.98 37.98 37.98 37.97 37.97 37.97 37.97 37.97 37.97 37.97 37.97 37.97 37.96 37.96 37.96 37.96
38.09 38.13 38.15 38.19 38.2 38.21 38.22 38.22 38.14 37.98 37.79 37.72 37.73 37.75 37.76 37.78 37.79 37.8 37.83 37.97 38.06 38.09 38.11 38.13 38.13 38.13 38.13 38.14 38.14 38.14 38.14 38.16 38.18 38.2 38.12 38.01 37.94 37.86 37.91 37.97 37.99 37.99 38 38 38 38 37.99 37.99 37.99 37.99 37.99 37.99 37.99 37.99 37.98 37.98 37.97 37.97 37.97 37.97 37.97 37.97 37.96 37.96 37.96 37.96 37.96 37.96 37.96 37.96 37.96 37.96 37.95 37.95 37.95 37.95 37.95 37.95
38.12 38.15 38.15 38.17 38.18 38.2 38.21 38.22 38.11 37.94 37.75 37.68 37.7 37.72 37.75 37.8 37.86 37.89 37.94 38.04 38.08 38.1 38.12 38.14 38.15 38.14 38.14 38.16 38.16 38.17 38.17 38.18 38.19 38.21 38.13 38.01 37.94 37.86 37.86 37.94 37.97 37.98 37.99 37.99 37.98 37.98 37.98 37.98 37.98 37.97 37.97 37.97 37.97 37.97 37.96 37.96 37.96 37.96 37.96 37.96 37.96 37.95 37.95 37.95 37.95 37.95 37.95 37.95 37.95 37.95 37.94 37.94 37.94 37.94 37.94 37.94 37.94 37.94
38.17 38.16 38.14 38.14 38.16 38.17 38.2 38.21 38.1 37.97 37.83 37.73 37.73 37.75 37.8 37.87 37.92 37.96 38.04 38.08 38.09 38.11 38.14 38.16 38.17 38.14 38.13 38.14 38.15 38.17 38.18 38.19 38.19 38.21 38.13 38.02 37.96 37.87 37.81 37.86 37.93 37.97 37.97 37.97 37.97 37.96 37.96 37.96 37.96 37.95 37.95 37.95 37.95 37.95 37.95 37.95 37.95 37.95 37.95 37.94 37.94 37.94 37.94 37.94 37.94 37.94 37.94 37.94 37.93 37.93 37.93 37.93 37.93 37.93 37.93 37.93 37.93 37.93
38.17 38.15 38.13 38.12 38.12 38.14 38.16 38.19 38.13 38.06 37.93 37.79 37.75 37.78 37.85 37.91 37.94 37.99 38.08 38.13 38.14 38.17 38.19 38.2 38.19 38.17 38.13 38.1 38.09 38.11 38.13 38.15 38.16 38.17 38.11 38.03 37.97 37.88 37.78 37.76 37.83 37.93 37.95 37.95 37.95 37.95 37.95 37.95 37.95 37.94 37.94 37.94 37.94 37.94 37.94 37.94 37.94 37.93 37.93 37.93 37.93 37.93 37.93 37.93 37.93 37.93 37.92 37.92 37.92 37.92 37.92 37.92 37.92 37.92 37.92 37.92 37.92 37.92
38.16 38.13 38.12 38.11 38.1 38.1 38.12 38.16 38.19 38.16 38.04 37.86 37.77 37.77 37.8 37.84 37.87 37.95 38.12 38.19 38.21 38.22 38.23 38.22 38.21 38.2 38.16 38.09 38.04 38.04 38.06 38.07 38.08 38.07 38.02 37.96 37.93 37.87 37.77 37.7 37.75 37.88 37.93 37.94 37.94 37.94 37.94 37.93 37.93 37.93 37.93 37.93 37.93 37.93 37.93 37.92 37.92 37.92 37.92 37.92 37.92 37.92 37.92 37.92 37.91 37.91 37.91 37.91 37.91 37.91 37.91 37.91 37.91 37.91 37.91 37.91 37.91 37.91
38.17 38.14 38.11 38.09 38.08 38.09 38.09 38.11 38.17 38.2 38.1 37.91 37.8 37.76 37.75 37.76 37.79 37.89 38.09 38.21 38.25 38.25 38.25 38.24 38.24 38.23 38.2 38.13 38.07 38.05 38 38 38.01 38.01 37.96 37.91 37.88 37.84 37.77 37.7 37.69 37.82 37.91 37.93 37.93 37.92 37.92 37.92 37.92 37.92 37.92 37.92 37.92 37.92 37.91 37.91 37.91 37.91 37.91 37.91 37.91 37.91 37.91 37.91 37.91 37.91 37.91 37.91 37.91 37.91 37.91 37.9 37.9 37.9 37.9 37.9 37.91 37.91
38.18 38.15 38.12 38.1 38.09 38.09 38.08 38.07 38.08 38.1 38.09 37.94 37.84 37.79 37.74 37.71 37.72 37.82 38.02 38.18 38.24 38.26 38.26 38.26 38.26 38.27 38.24 38.2 38.15 38.1 38 37.99 38 38.01 37.99 37.93 37.86 37.79 37.74 37.7 37.65 37.75 37.87 37.91 37.91 37.91 37.91 37.91 37.91 37.91 37.91 37.91 37.9 37.91 37.9 37.9 37.9 37.91 37.91 37.91 37.9 37.9 37.9 37.9 37.9 37.9 37.9 37.9 37.9 37.9 37.9 37.89 37.9 37.91 37.91 37.91 37.92 37.92
38.2 38.18 38.16 38.13 38.12 38.11 38.1 38.07 38.05 38.03 38.01 37.95 37.87 37.82 37.77 37.71 37.69 37.77 37.96 38.12 38.19 38.22 38.25 38.26 38.27 38.29 38.27 38.23 38.18 38.13 38.05 38.04 38.05 38.05 38.03 37.98 37.89 37.78 37.71 37.67 37.63 37.68 37.82 37.89 37.9 37.9 37.9 37.9 37.9 37.9 37.9 37.9 37.9 37.9 37.9 37.9 37.9 37.9 37.9 37.89 37.89 37.89 37.89 37.89 37.89 37.89 37.89 37.89 37.89 37.9 37.9 37.9 37.91 37.91 37.92 37.92 37.92 37.93
38.22 38.21 38.19 38.17 38.14 38.14 38.12 38.09 38.06 38.04 37.99 37.95 37.91 37.87 37.81 37.75 37.72 37.75 37.91 38.07 38.13 38.16 38.2 38.23 38.25 38.29 38.27 38.23 38.2 38.16 38.11 38.08 38.09 38.09 38.08 38.03 37.94 37.8 37.71 37.66 37.62 37.63 37.75 37.85 37.88 37.89 37.89 37.9 37.89 37.89 37.88 37.88 37.89 37.89 37.89 37.89 37.89 37.88 37.88 37.88 37.88 37.88 37.88 37.88 37.88 37.89 37.89 37.89 37.9 37.9 37.9 37.91 37.91 37.92 37.92 37.92 37.93 37.93
38.25 38.24 38.23 38.2 38.18 38.17 38.14 38.11 38.09 38.07 38.04 38 37.97 37.94 37.87 37.8 37.76 37.73 37.88 38.02 38.08 38.11 38.16 38.19 38.22 38.27 38.28 38.25 38.23 38.23 38.18 38.15 38.13 38.13 38.11 38.08 37.98 37.84 37.73 37.68 37.66 37.64 37.67 37.76 37.86 37.88 37.88 37.88 37.88 37.88 37.88 37.88 37.88 37.88 37.88 37.87 37.87 37.87 37.87 37.87 37.87 37.88 37.88 37.88 37.89 37.89 37.89 37.9 37.9 37.91 37.91 37.91 37.92 37.92 37.92 37.93 37.93 37.93
38.27 38.27 38.26 38.23 38.2 38.18 38.16 38.14 38.12 38.11 38.09 38.06 38.04 38.02 37.94 37.85 37.8 37.75 37.86 37.96 38.03 38.07 38.12 38.15 38.2 38.27 38.27 38.25 38.25 38.27 38.26 38.24 38.2 38.16 38.12 38.09 37.98 37.86 37.78 37.75 37.73 37.71 37.69 37.72 37.83 37.87 37.87 37.87 37.87 37.87 37.87 37.87 37.87 37.86 37.86 37.86 37.86 37.87 37.87 37.87 37.88 37.88 37.88 37.89 37.89 37.9 37.9 37.9 37.91 37.91 37.91 37.91 37.92 37.92 37.92 37.93 37.94 37.94
38.28 38.28 38.27 38.23 38.2 38.18 38.17 38.16 38.15 38.15 38.13 38.11 38.09 38.06 38 37.93 37.86 37.79 37.84 37.92 37.99 38.04 38.1 38.16 38.23 38.25 38.24 38.24 38.27 38.29 38.31 38.3 38.26 38.17 38.1 38.04 37.95 37.88 37.85 37.83 37.81 37.78 37.76 37.75 37.8 37.85 37.86 37.86 37.86 37.85 37.85 37.86 37.86 37.85 37.86 37.86 37.87 37.87 37.87 37.88 37.88 37.88 37.88 37.89 37.9 37.9 37.9 37.91 37.91 37.91 37.91 37.92 37.93 37.93 37.93 37.94 37.94 37.94
38.29 38.29 38.26 38.22 38.19 38.18 38.17 38.15 38.14 38.15 38.15 38.15 38.13 38.11 38.06 38.01 37.94 37.84 37.83 37.89 37.95 38.02 38.13 38.2 38.25 38.24 38.22 38.22 38.25 38.28 38.31 38.33 38.31 38.18 38.08 38.04 37.98 37.95 37.93 37.91 37.89 37.86 37.83 37.81 37.83 37.85 37.84 37.85 37.85 37.84 37.85 37.85 37.86 37.86 37.86 37.87 37.87 37.87 37.88 37.88 37.88 37.88 37.89 37.9 37.9 37.9 37.9 37.91 37.92 37.92 37.92 37.92 37.93 37.93 37.93 37.94 37.95 37.95
38.29 38.29 38.25 38.21 38.19 38.18 38.17 38.15 38.14 38.13 38.15 38.17 38.17 38.15 38.12 38.08 38.01 37.91 37.84 37.87 37.93 38.05 38.16 38.23 38.24 38.22 38.19 38.19 38.22 38.25 38.29 38.31 38.32 38.17 38.07 38.05 38.04 38.02 38.01 38.01 37.97 37.93 37.9 37.87 37.86 37.85 37.86 37.85 37.85 37.85 37.85 37.85 37.86 37.86 37.86 37.87 37.87 37.87 37.88 37.88 37.89 37.89 37.89 37.9 37.9 37.9 37.91 37.91 37.92 37.92 37.92 37.93 37.93 37.93 37.94 37.95 37.95 37.95
38.29 38.28 38.24 38.19 38.18 38.18 38.17 38.15 38.15 38.13 38.13 38.16 38.19 38.18 38.17 38.14 38.08 37.99 37.92 37.89 37.94 38.06 38.18 38.23 38.23 38.2 38.17 38.17 38.19 38.22 38.25 38.27 38.25 38.11 38.04 38.04 38.05 38.05 38.05 38.06 38.02 37.96 37.92 37.88 37.85 37.86 37.9 37.86 37.85 37.85 37.85 37.86 37.86 37.86 37.87 37.87 37.88 37.88 37.88 37.89 37.89 37.89 37.9 37.9 37.91 37.91 37.91 37.92 37.92 37.92 37.93 37.94 37.94 37.94 37.94 37.95 37.95 37.95
38.28 38.27 38.21 38.17 38.16 38.17 38.16 38.15 38.15 38.12 38.11 38.12 38.16 38.2 38.21 38.21 38.18 38.1 38.02 37.98 37.96 38.05 38.15 38.2 38.2 38.18 38.16 38.15 38.17 38.19 38.2 38.21 38.15 38.06 38.02 38.03 38.04 38.06 38.06 38.05 37.99 37.93 37.89 37.85 37.84 37.9 37.95 37.89 37.86 37.86 37.86 37.86 37.87 37.87 37.87 37.88 37.88 37.88 37.89 37.89 37.9 37.9 37.9 37.91 37.91 37.91 37.92 37.92 37.93 37.93 37.93 37.94 37.94 37.94 37.95 37.95 37.96 37.96
38.27 38.23 38.17 38.15 38.14 38.16 38.16 38.15 38.15 38.12 38.09 38.09 38.12 38.18 38.24 38.27 38.28 38.23 38.16 38.11 38.06 38.05 38.1 38.14 38.14 38.12 38.12 38.12 38.14 38.14 38.15 38.15 38.09 38.05 38.04 38.05 38.06 38.06 38.06 38.04 37.98 37.9 37.86 37.82 37.85 37.93 38 37.95 37.88 37.86 37.86 37.87 37.87 37.87 37.88 37.88 37.89 37.89 37.89 37.9 37.9 37.9 37.91 37.91 37.92 37.92 37.92 37.93 37.93 37.93 37.94 37.94 37.94 37.95 37.96 37.96 37.96 37.97
38.22 38.19 38.14 38.12 38.12 38.13 38.15 38.15 38.15 38.13 38.08 38.06 38.08 38.14 38.23 38.28 38.3 38.29 38.26 38.24 38.2 38.11 38.08 38.08 38.08 38.08 38.09 38.1 38.1 38.11 38.12 38.13 38.11 38.08 38.06 38.06 38.07 38.06 38.05 38.03 37.97 37.88 37.83 37.79 37.86 37.94 38.02 38.01 37.91 37.87 37.87 37.87 37.88 37.88 37.88 37.89 37.89 37.89 37.9 37.9 37.91 37.91 37.91 37.92 37.92 37.92 37.93 37.93 37.94 37.94 37.95 37.95 37.95 37.95 37.96 37.97 37.97 37.97
38.2 38.17 38.12 38.11 38.11 38.12 38.13 38.14 38.14 38.12 38.05 38.01 38.04 38.11 38.2 38.26 38.28 38.29 38.29 38.29 38.28 38.16 38.06 38.02 38.05 38.07 38.08 38.09 38.1 38.11 38.12 38.15 38.13 38.11 38.09 38.08 38.07 38.05 38.03 38.02 37.97 37.87 37.82 37.82 37.91 37.99 38.05 38.06 37.96 37.89 37.87 37.88 37.88 37.88 37.89 37.89 37.9 37.9 37.9 37.91 37.91 37.91 37.92 37.92 37.93 37.93 37.94 37.94 37.94 37.95 37.95 37.96 37.96 37.96 37.97 37.97 37.97 37.98
38.2 38.17 38.12 38.11 38.12 38.12 38.13 38.13 38.14 38.08 37.98 37.94 37.99 38.08 38.17 38.23 38.26 38.27 38.27 38.28 38.27 38.15 38.05 37.96 38 38.05 38.07 38.08 38.1 38.13 38.15 38.17 38.16 38.14 38.12 38.09 38.08 38.06 38.03 38.02 37.97 37.91 37.86 37.89 37.98 38.04 38.1 38.11 38.02 37.94 37.89 37.88 37.88 37.89 37.89 37.9 37.9 37.9 37.91 37.91 37.92 37.92 37.93 37.93 37.93 37.94 37.94 37.94 37.95 37.95 37.96 37.96 37.96 37.97 37.97 37.97 37.97 37.98
38.19 38.17 38.13 38.12 38.13 38.13 38.15 38.15 38.15 38.04 37.91 37.88 37.95 38.07 38.15 38.21 38.24 38.25 38.26 38.27 38.25 38.13 38.03 37.92 37.92 38.01 38.05 38.06 38.1 38.13 38.15 38.18 38.18 38.14 38.11 38.07 38.08 38.09 38.07 38.04 38 37.96 37.94 37.99 38.06 38.11 38.13 38.15 38.08 38.01 37.94 37.89 37.89 37.9 37.9 37.9 37.91 37.91 37.92 37.92 37.92 37.93 37.93 37.93 37.94 37.94 37.95 37.95 37.95 37.95 37.96 37.96 37.96 37.97 37.97 37.98 37.98 37.98
38.18 38.16 38.14 38.13 38.14 38.15 38.16 38.17 38.17 38.04 37.92 37.9 37.96 38.06 38.14 38.2 38.22 38.24 38.25 38.26 38.24 38.12 38.02 37.91 37.84 37.92 37.99 38.02 38.06 38.09 38.11 38.14 38.14 38.1 38.06 38.04 38.08 38.13 38.13 38.09 38.05 38.01 38.01 38.07 38.1 38.12 38.12 38.15 38.13 38.1 38.02 37.94 37.91 37.9 37.91 37.91 37.91 37.91 37.92 37.92 37.93 37.93 37.94 37.94 37.94 37.94 37.95 37.95 37.95 37.96 37.96 37.97 37.97 37.97 37.98 37.98 37.98 37.99
38.17 38.15 38.14 38.13 38.15 38.16 38.17 38.18 38.17 38.07 37.97 37.96 37.99 38.07 38.14 38.19 38.22 38.24 38.25 38.26 38.24 38.11 38 37.89 37.77 37.82 37.88 37.92 37.97 38 38.02 38.05 38.07 38.04 38.01 38.01 38.07 38.13 38.17 38.15 38.11 38.08 38.07 38.08 38.07 38.07 38.07 38.12 38.17 38.17 38.1 37.99 37.93 37.91 37.91 37.91 37.91 37.92 37.92 37.93 37.93 37.93 37.94 37.94 37.94 37.95 37.95 37.96 37.96 37.96 37.97 37.97 37.97 37.98 37.98 37.99 37.99 37.99
38.16 38.15 38.14 38.14 38.16 38.17 38.19 38.19 38.18 38.1 38.05 38.05 38.07 38.1 38.14 38.19 38.21 38.23 38.24 38.26 38.23 38.09 37.99 37.88 37.74 37.73 37.77 37.81 37.86 37.89 37.92 37.96 37.99 37.97 37.96 37.99 38.05 38.1 38.17 38.2 38.21 38.18 38.12 38.06 38.03 38.02 38.02 38.09 38.17 38.19 38.15 38.05 37.97 37.93 37.91 37.92 37.92 37.92 37.93 37.93 37.93 37.94 37.94 37.95 37.95 37.95 37.96 37.96 37.96 37.97 37.97 37.98 37.98 37.98 37.99 37.99 37.99 38
