slabs/24.grd
DSAA
631 301
643260 643890
4946900 4947200
37.33 49.99
[rows 68 to 101 of 301, columns 312 to 389 of 631]
37.91 37.92 37.93 37.93 37.94 37.95 37.96 37.97 37.99 38.01 38.04 38.06 38.08 38.11 38.12 38.1 38.1 38.1 38.18 38.13 38.09 38.08 38.1 38.11 38.14 38.16 38.19 38.2 38.25 38.32 38.27 38.24 38.17 38.11 38.09 38.1 38.15 38.21 38.25 38.24 38.22 38.11 37.96 37.99 38.03 38.08 38.1 38.13 38.17 38.2 38.23 38.27 38.25 38.21 38.19 38.27 38.49 38.41 38.31 38.1 38.07 38.09 38.1 38.13 38.13 38.13 38.11 38.05 37.95 37.91 37.8 37.69 37.69 37.7 37.79 37.93 38.01 37.95
37.91 37.92 37.93 37.93 37.94 37.95 37.96 37.97 37.99 38.02 38.05 38.07 38.08 38.12 38.12 38.11 38.1 38.1 38.18 38.16 38.11 38.08 38.1 38.11 38.13 38.16 38.19 38.2 38.23 38.32 38.3 38.26 38.2 38.13 38.09 38.09 38.13 38.18 38.23 38.24 38.23 38.09 37.99 38.03 38.05 38.08 38.1 38.15 38.2 38.24 38.26 38.24 38.2 38.15 38.12 38.11 38.42 38.42 38.35 38.1 38.07 38.09 38.1 38.12 38.12 38.11 38.07 37.97 37.83 37.8 37.69 37.62 37.63 37.68 37.84 37.99 38.06 37.98
37.91 37.92 37.93 37.93 37.94 37.95 37.96 37.98 38 38.03 38.05 38.07 38.09 38.12 38.12 38.12 38.11 38.1 38.18 38.18 38.13 38.08 38.09 38.1 38.13 38.16 38.18 38.2 38.23 38.3 38.32 38.29 38.22 38.16 38.11 38.1 38.11 38.15 38.19 38.23 38.22 38.17 38.21 38.28 38.09 38.08 38.11 38.18 38.25 38.25 38.23 38.18 38.12 38.08 38.06 38.03 38.24 38.33 38.31 38.12 38.06 38.08 38.09 38.1 38.06 38.04 37.96 37.86 37.74 37.71 37.59 37.56 37.63 37.7 37.87 38.02 38.08 38
37.91 37.92 37.93 37.93 37.94 37.95 37.97 37.99 38.01 38.03 38.06 38.09 38.1 38.13 38.12 38.12 38.11 38.1 38.18 38.18 38.14 38.08 38.09 38.1 38.13 38.16 38.18 38.19 38.23 38.28 38.34 38.31 38.24 38.17 38.13 38.1 38.09 38.12 38.15 38.21 38.24 38.27 38.3 38.33 38.19 38.15 38.17 38.23 38.24 38.21 38.18 38.12 38.07 38.03 38.05 38.09 38.17 38.2 38.18 38.14 38.1 38.09 38.08 38.06 37.99 37.96 37.86 37.76 37.68 37.64 37.54 37.55 37.66 37.74 37.91 38.06 38.1 38.02
37.91 37.91 37.93 37.93 37.94 37.95 37.98 37.99 38.01 38.03 38.07 38.09 38.1 38.13 38.13 38.12 38.11 38.1 38.18 38.19 38.14 38.08 38.09 38.1 38.13 38.15 38.18 38.19 38.22 38.28 38.36 38.32 38.26 38.2 38.16 38.12 38.08 38.11 38.14 38.27 38.32 38.29 38.31 38.35 38.3 38.27 38.25 38.23 38.19 38.15 38.12 38.07 38.09 38.07 38.08 38.11 38.12 38.12 38.11 38.11 38.11 38.09 38.06 38.01 37.92 37.89 37.79 37.69 37.61 37.57 37.49 37.56 37.69 37.77 37.94 38.09 38.12 38.03
1.70141e38 1.70141e38 1.70141e38 1.70141e38 1.70141e38 1.70141e38 1.70141e38 1.70141e38 1.70141e38 1.70141e38 1.70141e38 1.70141e38 1.70141e38 1.70141e38 1.70141e38 1.70141e38 1.70141e38 1.70141e38 1.70141e38 1.70141e38 1.70141e38 1.70141e38 1.70141e38 1.70141e38 1.70141e38 1.70141e38 1.70141e38 1.70141e38 1.70141e38 1.70141e38 1.70141e38 1.70141e38 1.70141e38 1.70141e38 1.70141e38 1.70141e38 1.70141e38 1.70141e38 1.70141e38 1.70141e38 1.70141e38 1.70141e38 1.70141e38 1.70141e38 1.70141e38 1.70141e38 1.70141e38 1.70141e38 1.70141e38 1.70141e38 38.1 38.07 38.09 38.09 38.09 38.09 38.08 38.08 38.08 38.08 38.07 38.06 38.03 37.94 37.86 37.82 37.72 37.62 37.54 37.5 37.47 37.59 37.72 37.8 37.97 38.12 38.13 38.07
37.91 37.91 37.92 37.93 37.94 37.96 37.99 38 38.02 1.70141e38 1.70141e38 38.09 38.12 38.14 38.13 38.12 38.11 38.12 38.16 38.2 38.16 38.1 38.08 38.1 38.12 38.15 38.17 38.19 38.22 38.23 38.28 38.34 38.31 38.26 38.22 38.18 38.26 38.32 38.33 38.38 38.38 38.39 38.38 1.70141e38 1.70141e38 1.70141e38 1.70141e38 1.70141e38 1.70141e38 1.70141e38 1.70141e38 1.70141e38 1.70141e38 1.70141e38 1.70141e38 1.70141e38 1.70141e38 1.70141e38 1.70141e38 1.70141e38 1.70141e38 1.70141e38 1.70141e38 1.70141e38 1.70141e38 1.70141e38 1.70141e38 1.70141e38 1.70141e38 1.70141e38 1.70141e38 1.70141e38 1.70141e38 1.70141e38 1.70141e38 1.70141e38 1.70141e38 1.70141e38
37.9 37.91 37.92 37.93 37.94 37.97 37.99 38 38.03 1.70141e38 1.70141e38 38.1 38.12 38.14 38.13 38.12 38.11 38.13 38.16 38.21 38.17 38.1 38.08 38.1 38.12 38.14 38.16 38.18 38.21 38.23 38.27 38.35 38.32 38.29 38.26 38.26 38.31 38.32 38.35 38.4 38.39 38.38 38.39 38.39 38.31 38.24 38.16 38.09 38.08 38.08 38.07 38.07 38.06 38.06 38.06 38.06 38.06 38.05 38.05 38.05 38.05 38.05 38.05 38.01 37.96 37.88 37.77 37.64 37.56 37.48 37.52 37.66 37.75 37.87 38.04 38.15 38.19 38.21
37.9 37.91 37.92 37.93 37.94 37.97 38 38.01 38.03 1.70141e38 1.70141e38 38.1 38.13 38.14 38.13 38.12 38.11 38.13 38.15 38.22 38.18 38.11 38.08 38.1 38.12 38.14 38.16 38.18 38.21 38.23 38.26 38.35 38.36 38.35 38.35 38.37 38.37 38.35 38.4 38.41 38.39 38.38 38.38 38.35 38.23 38.15 38.1 38.07 38.07 38.07 38.06 38.06 38.06 38.06 38.06 38.06 38.05 38.05 38.05 38.05 38.05 38.05 38.05 38.04 38.02 37.97 37.88 37.76 37.69 37.59 37.58 37.66 37.76 37.9 38.06 38.18 38.21 38.2
37.9 37.91 37.92 37.93 37.95 37.98 38 38.01 38.04 1.70141e38 1.70141e38 38.11 38.14 38.14 38.13 38.12 38.11 38.12 38.15 38.23 38.19 38.13 38.09 38.09 38.12 38.14 38.16 38.18 38.21 38.23 38.28 38.37 38.4 38.41 38.41 38.41 38.4 38.38 38.42 38.39 38.38 38.37 38.36 38.27 38.16 38.11 38.1 38.08 38.07 38.07 38.06 38.06 38.06 38.06 38.06 38.05 38.05 38.05 38.05 38.05 38.05 38.05 38.05 38.04 38.03 38.01 37.96 37.89 37.83 37.72 37.66 37.71 37.79 37.93 38.08 38.19 38.2 38.14
37.9 37.91 37.92 37.93 37.95 37.98 38.01 38.02 38.05 1.70141e38 1.70141e38 38.12 38.14 38.15 38.14 38.13 38.11 38.12 38.14 38.23 38.2 38.15 38.1 38.09 38.11 38.13 38.15 38.18 38.21 38.24 38.33 38.42 38.44 38.43 38.4 38.41 38.4 38.39 38.4 38.39 38.36 38.33 38.3 38.18 38.14 38.13 38.11 38.1 38.09 38.08 38.07 38.06 38.06 38.06 38.06 38.05 38.05 38.05 38.05 38.05 38.05 38.05 38.04 38.04 38.04 38.03 38 37.97 37.93 37.84 37.76 37.77 37.85 37.99 38.09 38.14 38.12 38.04
37.9 37.91 37.92 37.93 37.96 37.98 38.01 38.02 38.06 1.70141e38 1.70141e38 38.12 38.15 38.15 38.14 38.13 38.12 38.11 38.14 38.23 38.21 38.16 38.11 38.09 38.11 38.13 38.14 38.15 38.2 38.28 38.37 38.45 38.45 38.45 38.41 38.41 38.4 38.37 38.35 38.34 38.31 38.27 38.21 38.18 38.17 38.16 38.14 38.12 38.11 38.1 38.09 38.08 38.07 38.06 38.06 38.05 38.05 38.05 38.05 38.05 38.05 38.04 38.04 38.04 38.04 38.04 38.02 38 37.98 37.93 37.87 37.86 37.91 38.02 38.06 38.08 38.05 37.96
37.9 37.91 37.92 37.94 37.97 37.99 38.02 38.03 38.06 1.70141e38 1.70141e38 38.13 38.15 38.15 38.14 38.13 38.12 38.11 38.14 38.23 38.22 38.18 38.13 38.1 38.1 38.12 38.12 38.09 38.2 38.34 38.38 38.43 38.43 38.43 38.4 38.4 38.38 38.35 38.31 38.27 38.21 38.21 38.21 38.2 38.19 38.18 38.17 38.15 38.14 38.13 38.11 38.1 38.09 38.08 38.07 38.06 38.05 38.05 38.05 38.05 38.04 38.04 38.04 38.04 38.04 38.04 38.03 38.02 38 37.98 37.94 37.92 37.94 37.99 38.01 38.03 38.01 37.94
37.9 37.91 37.93 37.94 37.97 38 38.02 38.03 38.07 1.70141e38 1.70141e38 38.14 38.16 38.16 38.15 38.13 38.12 38.11 38.13 38.22 38.23 38.18 38.13 38.1 38.09 38.09 38.04 38.08 38.27 38.4 38.41 38.43 38.41 38.37 38.36 38.36 38.35 38.31 38.18 38.18 38.2 38.2 38.2 38.19 38.19 38.18 38.18 38.17 38.16 38.15 38.14 38.13 38.12 38.1 38.09 38.07 38.07 38.06 38.06 38.06 38.05 38.04 38.04 38.04 38.04 38.03 38.03 38.03 38.02 37.99 37.96 37.94 37.95 37.97 37.98 37.99 37.99 37.95
37.9 37.91 37.94 37.95 37.98 38.01 38.03 38.04 38.08 1.70141e38 38.12 38.14 38.17 38.16 38.15 38.13 38.12 38.11 38.13 38.22 38.23 38.19 38.14 38.1 38.07 38.05 38.03 38.23 38.39 38.44 38.42 38.42 38.42 38.38 38.36 38.3 38.27 38.17 38.13 38.17 38.19 38.19 38.19 38.18 38.18 38.18 38.17 38.17 38.17 38.16 38.15 38.14 38.13 38.12 38.11 38.1 38.1 38.09 38.09 38.08 38.07 38.06 38.05 38.04 38.04 38.03 38.03 38.03 38.03 38 37.97 37.96 37.97 38 38.01 38 38 38
37.9 37.92 37.94 37.96 37.99 38.01 38.03 38.05 38.08 1.70141e38 38.12 38.15 38.17 38.16 38.15 38.14 38.12 38.11 38.13 38.22 38.24 38.2 38.15 38.13 38.16 38.2 38.27 38.36 38.41 38.44 38.41 38.38 38.37 38.33 38.28 38.22 38.2 38.12 38.13 38.17 38.18 38.18 38.18 38.17 38.17 38.17 38.16 38.15 38.15 38.14 38.14 38.14 38.13 38.13 38.12 38.12 38.11 38.11 38.1 38.09 38.08 38.07 38.06 38.05 38.04 38.03 38.03 38.03 38.03 38.02 37.99 37.98 37.99 38.02 38.04 38.05 38.05 38.06
37.9 37.93 37.94 37.96 38 38.02 38.03 38.06 38.09 1.70141e38 38.13 38.15 38.17 38.16 38.15 38.14 38.13 38.12 38.13 38.22 38.26 38.24 38.19 38.3 38.39 38.41 38.42 38.41 38.42 38.43 38.4 38.34 38.31 38.24 38.18 38.16 38.14 38.11 38.15 38.17 38.17 38.17 38.16 38.15 38.15 38.15 38.14 38.13 38.13 38.13 38.12 38.12 38.12 38.11 38.11 38.11 38.1 38.1 38.09 38.09 38.09 38.08 38.07 38.06 38.05 38.04 38.04 38.03 38.03 38.03 38.01 38 38.01 38.04 38.06 38.07 38.09 38.1
37.91 37.93 37.94 37.97 38 38.02 38.03 38.06 38.09 1.70141e38 38.13 38.16 38.17 38.16 38.15 38.14 38.13 38.12 38.13 38.23 38.29 38.31 38.34 38.4 38.44 38.42 38.44 38.43 38.42 38.4 38.36 38.27 38.16 38.09 38.12 38.13 38.1 38.12 38.15 38.16 38.15 38.15 38.14 38.13 38.13 38.13 38.13 38.12 38.12 38.12 38.11 38.11 38.1 38.1 38.1 38.09 38.09 38.08 38.08 38.08 38.07 38.07 38.07 38.06 38.06 38.05 38.05 38.04 38.03 38.02 38.02 38.01 38.03 38.05 38.07 38.09 38.11 38.12
37.91 37.94 37.95 37.97 38.01 38.03 38.04 38.07 38.1 1.70141e38 38.14 38.16 38.17 38.16 38.15 38.14 38.13 38.12 38.13 38.24 38.33 38.38 38.43 38.45 38.44 38.45 38.44 38.43 38.4 38.35 38.3 38.19 38.05 38.02 38.1 38.11 38.1 38.13 38.14 38.14 38.14 38.13 38.13 38.12 38.12 38.12 38.11 38.11 38.11 38.1 38.1 38.09 38.09 38.09 38.08 38.08 38.08 38.07 38.07 38.06 38.06 38.06 38.05 38.05 38.05 38.05 38.04 38.03 38.03 38.03 38.02 38.02 38.04 38.06 38.07 38.09 38.11 38.12
37.92 37.94 37.95 37.98 38.01 38.04 38.05 38.08 38.11 1.70141e38 38.14 38.17 38.18 38.17 38.16 38.14 38.13 38.13 38.17 38.29 38.36 38.41 38.46 38.45 38.44 38.44 38.41 38.36 38.32 38.22 38.21 38.12 38.02 38.03 38.1 38.1 38.12 38.13 38.13 38.12 38.12 38.12 38.12 38.11 38.11 38.1 38.1 38.1 38.09 38.09 38.09 38.08 38.08 38.07 38.07 38.07 38.06 38.06 38.06 38.05 38.05 38.05 38.05 38.05 38.03 38.03 38.03 38.03 38.03 38.02 38.02 38.04 38.06 38.07 38.08 38.09 38.1 38.1
37.92 37.95 37.96 37.99 38.02 38.04 38.05 38.08 38.11 1.70141e38 38.15 38.17 38.18 38.17 38.16 38.15 38.13 38.15 38.21 38.36 38.42 38.44 38.46 38.43 38.41 38.38 38.35 38.23 38.13 38.07 38.12 38.07 38.01 38.05 38.1 38.11 38.12 38.12 38.12 38.11 38.11 38.11 38.1 38.1 38.09 38.09 38.09 38.08 38.08 38.08 38.07 38.07 38.07 38.06 38.06 38.06 38.06 38.05 38.05 38.05 38.04 38.04 38.04 38.04 38.03 38.03 38.03 38.02 38.02 38.02 38.03 38.06 38.1 38.12 38.11 38.1 38.09 38.08
37.93 37.95 37.96 37.99 38.02 38.05 38.06 38.09 38.12 1.70141e38 38.16 38.18 38.18 38.17 38.17 38.16 38.16 38.2 38.3 38.39 38.44 38.46 38.46 38.42 38.38 38.32 38.25 38.05 37.93 37.99 38.09 38.07 38.02 38.07 38.09 38.1 38.11 38.11 38.1 38.1 38.1 38.09 38.09 38.09 38.09 38.08 38.07 38.07 38.07 38.07 38.06 38.06 38.06 38.05 38.05 38.05 38.05 38.04 38.04 38.04 38.03 38.03 38.03 38.03 38.03 38.03 38.03 38.03 38.03 38.04 38.05 38.09 38.15 38.19 38.18 38.15 38.12 38.11
37.94 37.96 37.97 38 38.02 38.05 38.06 38.09 38.13 1.70141e38 38.16 38.19 38.18 38.18 38.19 38.22 38.24 38.28 38.37 38.4 38.43 38.44 38.44 38.39 38.32 38.22 38.08 37.91 37.88 37.95 38.06 38.07 38.04 38.08 38.09 38.09 38.1 38.1 38.09 38.09 38.09 38.08 38.08 38.08 38.08 38.07 38.06 38.06 38.06 38.06 38.05 38.05 38.05 38.04 38.04 38.04 38.04 38.03 38.03 38.03 38.03 38.03 38.03 38.03 38.03 38.03 38.03 38.03 38.03 38.05 38.08 38.12 38.19 38.24 38.25 38.23 38.2 38.17
37.94 37.96 37.97 38.01 38.03 38.05 38.07 38.1 38.13 1.70141e38 38.17 38.2 38.2 38.22 38.26 38.31 38.34 38.36 38.4 38.42 38.44 38.42 38.41 38.35 38.26 38.09 37.93 37.89 37.89 37.92 38.02 38.09 38.05 38.08 38.09 38.09 38.09 38.09 38.08 38.08 38.08 38.07 38.07 38.06 38.06 38.06 38.05 38.05 38.05 38.05 38.05 38.04 38.04 38.04 38.03 38.03 38.03 38.03 38.03 38.03 38.03 38.03 38.03 38.03 38.03 38.03 38.03 38.03 38.03 38.06 38.1 38.14 38.21 38.27 38.31 38.3 38.26 38.22
37.95 37.97 37.98 38.02 38.04 38.05 38.08 38.11 38.13 1.70141e38 38.19 38.22 38.23 38.27 38.32 38.36 38.37 38.39 38.4 38.43 38.44 38.4 38.37 38.31 38.24 38.09 37.99 37.95 37.93 37.93 37.99 38.07 38.05 38.07 38.08 38.08 38.08 38.08 38.07 38.06 38.06 38.06 38.06 38.06 38.05 38.05 38.05 38.04 38.04 38.04 38.04 38.04 38.04 38.04 38.04 38.04 38.04 38.04 38.04 38.04 38.04 38.03 38.03 38.03 38.03 38.03 38.03 38.03 38.04 38.08 38.12 38.16 38.23 38.29 38.32 38.3 38.27 38.24
37.95 37.98 37.99 38.02 38.05 38.06 38.09 38.12 38.14 1.70141e38 38.22 38.24 38.27 38.29 38.32 38.37 38.37 38.38 38.39 38.4 38.4 38.37 38.32 38.22 38.13 38.07 38.04 38.04 38.01 37.98 38 38.04 38.04 38.06 38.07 38.07 38.07 38.06 38.06 38.06 38.05 38.05 38.05 38.05 38.04 38.04 38.04 38.04 38.04 38.04 38.04 38.04 38.04 38.04 38.04 38.04 38.04 38.04 38.04 38.04 38.04 38.03 38.03 38.03 38.03 38.03 38.03 38.03 38.05 38.1 38.14 38.18 38.25 38.29 38.3 38.28 38.25 38.23
37.96 37.98 38 38.03 38.05 38.06 38.1 38.18 38.24 1.70141e38 38.29 38.27 38.29 38.31 38.34 38.37 38.39 38.38 38.37 38.37 38.36 38.33 38.23 38.12 38.1 38.06 38.04 38.04 38.03 38.02 38.02 38.02 38.04 38.06 38.06 38.06 38.06 38.06 38.05 38.05 38.05 38.04 38.05 38.05 38.04 38.04 38.04 38.04 38.04 38.04 38.04 38.04 38.04 38.04 38.04 38.04 38.04 38.04 38.04 38.04 38.04 38.04 38.04 38.04 38.04 38.03 38.03 38.03 38.06 38.11 38.15 38.2 38.26 38.3 38.29 38.26 38.23 38.22
37.96 37.97 38.01 38.03 38.06 38.09 38.17 38.25 38.31 1.70141e38 38.31 38.31 38.33 38.34 38.35 38.36 38.35 38.32 38.33 38.32 38.31 38.28 38.19 38.11 38.09 38.06 38.04 38.03 38.03 38.02 38.03 38.03 38.04 38.05 38.05 38.05 38.05 38.05 38.05 38.05 38.05 38.05 38.05 38.05 38.05 38.05 38.05 38.05 38.04 38.04 38.04 38.04 38.04 38.04 38.04 38.04 38.04 38.04 38.04 38.04 38.04 38.04 38.04 38.04 38.04 38.04 38.04 38.04 38.08 38.12 38.16 38.22 38.27 38.28 38.27 38.24 38.21 38.2
37.97 37.98 38.02 38.08 38.12 38.17 38.24 38.29 38.3 1.70141e38 38.32 38.34 38.34 38.35 38.37 38.35 38.34 38.31 38.29 38.26 38.24 38.24 38.19 38.13 38.1 38.07 38.05 38.05 38.03 38.02 38.02 38.03 38.02 38.04 38.05 38.05 38.05 38.05 38.05 38.05 38.05 38.05 38.05 38.05 38.05 38.05 38.05 38.05 38.05 38.05 38.04 38.04 38.04 38.04 38.04 38.04 38.04 38.04 38.04 38.04 38.04 38.04 38.04 38.04 38.04 38.04 38.04 38.05 38.1 38.14 38.18 38.24 38.27 38.27 38.25 38.22 38.19 38.17
37.98 38.01 38.07 38.15 38.21 38.23 38.27 38.32 38.32 1.70141e38 38.37 38.38 38.37 38.36 38.37 38.36 38.34 38.32 38.26 38.21 38.2 38.21 38.17 38.14 38.1 38.08 38.07 38.08 38.08 38.07 38.05 38.04 38.01 38.02 38.04 38.05 38.05 38.05 38.05 38.05 38.05 38.05 38.05 38.05 38.05 38.05 38.05 38.05 38.05 38.05 38.05 38.05 38.04 38.04 38.04 38.04 38.04 38.04 38.04 38.04 38.04 38.04 38.04 38.04 38.04 38.04 38.04 38.06 38.12 38.16 38.2 38.26 38.26 38.25 38.23 38.2 38.17 38.15
38.02 38.06 38.14 38.21 38.27 38.27 38.31 38.35 1.70141e38 1.70141e38 38.39 38.38 38.37 38.37 38.37 38.36 38.31 38.24 38.18 38.16 38.17 38.19 38.15 38.14 38.11 38.11 38.12 38.14 38.14 38.13 38.11 38.08 38.03 38 38.02 38.04 38.05 38.05 38.05 38.05 38.05 38.05 38.05 38.05 38.05 38.05 38.05 38.05 38.05 38.05 38.05 38.05 38.05 38.05 38.05 38.04 38.04 38.04 38.04 38.04 38.04 38.04 38.04 38.04 38.04 38.04 38.04 38.08 38.14 38.18 38.22 38.26 38.24 38.22 38.2 38.17 38.14 38.12
38.09 38.13 38.21 38.28 38.3 38.31 38.35 38.38 1.70141e38 1.70141e38 38.38 38.36 38.36 38.35 38.33 38.32 38.22 38.18 38.16 38.17 38.17 38.18 38.16 38.16 38.14 38.16 38.18 38.19 38.2 38.19 38.15 38.12 38.06 38.01 37.99 38.01 38.04 38.05 38.05 38.05 38.05 38.05 38.05 38.05 38.05 38.05 38.05 38.05 38.05 38.05 38.05 38.05 38.05 38.05 38.05 38.05 38.05 38.05 38.05 38.04 38.04 38.04 38.04 38.04 38.04 38.04 38.05 38.1 38.17 38.21 38.23 38.24 38.21 38.19 38.17 38.14 38.11 38.1
38.17 38.21 38.29 38.32 38.32 38.34 38.35 38.4 1.70141e38 1.70141e38 38.36 38.36 38.33 38.27 38.22 38.21 38.14 38.17 38.2 38.2 38.2 38.2 38.19 38.18 38.17 38.18 38.21 38.22 38.24 38.24 38.2 38.16 38.1 38.02 37.98 38 38.03 38.05 38.06 38.05 38.05 38.05 38.05 38.05 38.05 38.05 38.05 38.05 38.05 38.05 38.05 38.05 38.05 38.05 38.05 38.05 38.05 38.05 38.05 38.05 38.05 38.05 38.05 38.05 38.05 38.05 38.07 38.13 38.2 38.24 38.24 38.21 38.18 38.17 38.15 38.12 38.09 38.08
38.25 38.29 38.33 38.35 38.35 38.37 38.36 38.39 1.70141e38 1.70141e38 38.32 38.32 38.25 38.14 38.09 38.09 38.11 38.15 38.19 38.2 38.21 38.21 38.21 38.2 38.19 38.2 38.23 38.24 38.26 38.27 38.25 38.21 38.14 38.05 37.99 37.98 38 38.04 38.05 38.06 38.06 38.06 38.05 38.05 38.05 38.05 38.05 38.05 38.05 38.05 38.05 38.05 38.05 38.05 38.05 38.05 38.05 38.05 38.05 38.05 38.05 38.05 38.05 38.05 38.05 38.06 38.09 38.16 38.22 38.24 38.22 38.19 38.17 38.15 38.13 38.1 38.08 38.08
