slabs/24.grd
DSAA
631 301
643260 643890
4946900 4947200
37.33 49.99
[rows 0 to 33 of 301, columns 546 to 623 of 631]
42.37 42.42 42.43 42.41 42.39 42.35 42.3 42.26 42.26 42.24 42.3 42.33 42.34 42.32 42.29 42.25 42.23 42.24 42.21 42.2 42.2 42.22 42.23 42.27 42.32 42.34 42.33 42.32 42.29 42.25 42.26 42.25 42.24 42.26 42.29 42.36 42.43 42.5 42.52 42.56 42.55 42.56 42.58 42.57 42.48 42.45 42.46 42.45 42.44 42.53 42.54 42.52 42.4 42.32 42.34 42.38 42.42 42.45 42.48 42.51 42.52 42.5 42.47 42.49 42.51 42.52 42.55 42.58 42.6 42.61 42.63 42.59 42.56 42.54 42.5 42.49 42.47 42.46
42.37 42.42 42.44 42.41 42.41 42.38 42.33 42.29 42.28 42.3 42.34 42.36 42.39 42.39 42.38 42.36 42.35 42.38 42.31 42.28 42.24 42.24 42.25 42.28 42.35 42.35 42.32 42.32 42.3 42.3 42.32 42.3 42.21 42.25 42.28 42.37 42.43 42.51 42.55 42.6 42.59 42.57 42.59 42.59 42.54 42.49 42.49 42.51 42.48 42.56 42.55 42.51 42.42 42.39 42.4 42.45 42.47 42.49 42.54 42.57 42.58 42.56 42.51 42.52 42.55 42.56 42.59 42.62 42.64 42.63 42.61 42.58 42.55 42.54 42.59 42.45 42.44 42.44
42.39 42.45 42.42 42.39 42.42 42.41 42.36 42.34 42.31 42.34 42.37 42.39 42.44 42.47 42.49 42.49 42.5 42.54 42.48 42.47 42.43 42.37 42.34 42.35 42.37 42.37 42.35 42.34 42.36 42.38 42.4 42.41 42.33 42.37 42.39 42.44 42.47 42.54 42.59 42.63 42.6 42.58 42.6 42.63 42.63 42.6 42.56 42.54 42.53 42.52 42.53 42.56 42.54 42.49 42.49 42.5 42.54 42.56 42.6 42.64 42.63 42.61 42.55 42.56 42.58 42.6 42.62 42.66 42.64 42.63 42.65 42.74 42.8 42.82 42.72 42.42 42.42 42.43
42.39 42.44 42.43 42.4 42.43 42.44 42.39 42.37 42.35 42.37 42.4 42.42 42.49 42.54 42.6 42.62 42.62 42.61 42.58 42.57 42.54 42.5 42.49 42.49 42.42 42.41 42.4 42.41 42.43 42.47 42.49 42.52 42.55 42.57 42.55 42.54 42.56 42.57 42.61 42.64 42.63 42.65 42.68 42.76 42.83 42.89 42.85 42.74 42.61 42.58 42.59 42.65 42.68 42.64 42.57 42.58 42.6 42.62 42.66 42.69 42.69 42.66 42.6 42.61 42.63 42.65 42.66 42.69 42.75 42.79 42.9 43.06 43.16 43.1 42.8 42.44 42.43 42.46
42.39 42.44 42.52 42.5 42.48 42.49 42.46 42.45 42.43 42.44 42.6 42.57 42.6 42.67 42.71 42.72 42.68 42.63 42.61 42.62 42.64 42.66 42.71 42.71 42.56 42.48 42.47 42.48 42.51 42.58 42.6 42.66 42.79 42.82 42.8 42.75 42.71 42.68 42.68 42.74 42.82 42.9 42.94 43.02 43.11 43.19 43.18 43.09 42.96 42.91 42.79 42.78 42.81 42.76 42.69 42.69 42.7 42.71 42.74 42.77 42.78 42.76 42.7 42.68 42.68 42.74 42.81 42.91 43.02 43.1 43.27 43.42 43.44 43.23 42.84 42.5 42.5 42.61
42.54 42.6 42.66 42.65 42.7 42.71 42.78 42.81 42.84 42.82 42.86 42.8 42.75 42.81 42.85 42.82 42.77 42.73 42.75 42.78 42.86 42.93 42.98 43.02 42.82 42.64 42.61 42.58 42.61 42.69 42.73 42.87 43.04 43.09 43.05 42.99 42.96 42.92 42.92 42.99 43.08 43.14 43.2 43.29 43.38 43.42 43.49 43.44 43.32 43.26 43.12 43.05 43.01 42.99 43.17 43.29 43.21 43.15 43.05 42.98 43.05 43.04 43.04 42.98 42.91 42.98 43.12 43.28 43.37 43.48 43.65 43.73 43.64 43.32 42.96 42.69 42.71 42.94
43.04 43.09 43.06 43.05 43.07 43.05 43.14 43.21 43.27 43.23 43.13 43.06 42.96 42.97 43.04 43.02 42.99 42.97 43.01 43.05 43.13 43.21 43.23 43.32 43.13 43.01 42.96 42.8 42.75 42.81 42.89 43.08 43.26 43.34 43.29 43.23 43.19 43.15 43.14 43.24 43.33 43.39 43.46 43.56 43.66 43.7 43.81 43.8 43.69 43.74 43.72 43.61 43.53 43.54 43.75 43.9 43.83 43.74 43.58 43.46 43.52 43.55 43.63 43.6 43.4 43.43 43.53 43.64 43.7 43.86 44 43.94 43.81 43.48 43.3 43.19 43.15 43.32
43.48 43.53 43.5 43.5 43.46 43.39 43.43 43.5 43.58 43.52 43.46 43.37 43.25 43.22 43.32 43.33 43.32 43.29 43.29 43.33 43.41 43.48 43.52 43.62 43.47 43.38 43.3 43.08 43.02 42.97 43.02 43.11 43.26 43.44 43.46 43.46 43.42 43.36 43.36 43.46 43.58 43.62 43.73 43.84 43.99 44.19 44.31 44.36 44.27 44.27 44.2 44.05 44.02 44.06 44.24 44.36 44.37 44.31 44.16 44.08 44.1 44.12 44.22 44.22 44.01 43.97 44 44.08 44.11 44.23 44.34 44.08 44.05 43.98 43.9 43.73 43.65 43.72
43.78 43.82 43.88 43.88 43.83 43.75 43.72 43.8 43.89 43.85 43.8 43.68 43.58 43.58 43.65 43.67 43.65 43.6 43.59 43.61 43.69 43.77 43.82 43.92 43.84 43.73 43.59 43.36 43.31 43.32 43.35 43.29 43.31 43.41 43.48 43.62 43.65 43.61 43.6 43.81 43.97 44.01 44.16 44.29 44.42 44.58 44.7 44.81 44.77 44.7 44.53 44.36 44.35 44.45 44.7 44.78 44.77 44.77 44.67 44.64 44.66 44.62 44.56 44.5 44.49 44.46 44.47 44.54 44.58 44.57 44.62 44.6 44.57 44.53 44.46 44.24 44.15 44.11
44.01 44.02 44.15 44.19 44.18 44.1 44.04 44.08 44.18 44.19 44.08 43.98 43.93 43.94 43.95 44 43.97 43.93 43.91 43.9 43.97 44.07 44.11 44.22 44.18 43.96 43.83 43.66 43.67 43.71 43.73 43.59 43.49 43.54 43.69 43.81 43.85 43.86 43.93 44.11 44.27 44.33 44.52 44.68 44.8 44.85 44.98 45.11 45.15 45.09 44.92 44.75 44.68 44.81 45.14 45.15 45.08 45.09 45.03 45.04 45.04 45 44.78 44.73 44.73 44.74 44.8 44.77 44.8 44.72 44.81 44.78 44.72 44.72 44.75 44.5 44.46 44.49
44.14 44.13 44.21 44.38 44.48 44.41 44.35 44.31 44.34 44.42 44.39 44.28 44.23 44.26 44.27 44.34 44.31 44.27 44.24 44.2 44.24 44.32 44.35 44.35 44.29 44.21 44.09 44.02 44.07 44.19 44.29 44.25 44.15 44.13 44.16 44.18 44.16 44.16 44.22 44.32 44.43 44.51 44.71 44.91 45.03 45.1 45.25 45.39 45.54 45.53 45.46 45.3 45.07 45.18 45.42 45.55 45.54 45.5 45.42 45.36 45.4 45.4 45.2 45.19 45.17 45.1 45.15 45.18 45.16 45.06 45.09 45.05 45 45.01 44.97 44.9 44.87 44.76
44.43 44.35 44.4 44.58 44.74 44.68 44.63 44.56 44.48 44.54 44.51 44.48 44.46 44.4 44.46 44.57 44.54 44.46 44.47 44.52 44.54 44.56 44.56 44.54 44.56 44.75 44.7 44.65 44.68 44.72 44.75 44.78 44.8 44.75 44.68 44.71 44.6 44.55 44.53 44.54 44.62 44.66 44.85 45.05 45.15 45.26 45.43 45.62 45.83 45.94 46 45.83 45.73 45.7 45.74 45.84 45.83 45.85 45.74 45.66 45.69 45.71 45.58 45.6 45.61 45.63 45.62 45.57 45.54 45.49 45.51 45.42 45.4 45.42 45.47 45.77 45.67 45.58
44.91 44.87 44.86 44.88 45 44.97 44.93 44.84 44.76 44.78 44.8 44.83 44.79 44.81 44.88 44.93 44.84 44.85 44.93 45.23 45.2 45.13 45.1 45.13 45.2 45.33 45.33 45.28 45.24 45.21 45.18 45.19 45.29 45.23 45.19 45.24 45.1 45.09 45.03 44.89 44.99 44.98 45.1 45.2 45.24 45.32 45.5 45.72 45.93 46.08 46.16 46.1 46.11 46.21 46.36 46.37 46.35 46.3 46.14 46.09 46.11 46.07 45.97 45.91 46.01 46.12 46.07 45.96 46 46.34 46.38 46.3 46.28 46.27 46.27 46.46 46.42 46.38
45.44 45.38 45.37 45.37 45.37 45.37 45.35 45.3 45.3 45.3 45.35 45.38 45.32 45.36 45.57 45.73 45.64 45.64 45.66 45.88 45.85 45.79 45.72 45.73 45.81 45.82 45.82 45.8 45.71 45.69 45.69 45.72 45.79 45.75 45.72 45.73 45.63 45.69 45.66 45.45 45.53 45.57 45.61 45.57 45.51 45.54 45.62 45.75 45.83 46.04 46.25 46.29 46.34 46.64 46.85 46.9 46.97 46.96 46.76 46.74 46.75 46.58 46.48 46.56 46.92 47.11 47.11 47.06 47.01 47.28 47.21 47.18 47.11 47.04 46.9 46.9 46.93 46.86
45.91 45.88 45.9 45.93 45.87 45.82 45.81 45.83 45.88 45.97 46.27 46.26 46.26 46.27 46.36 46.42 46.39 46.42 46.39 46.44 46.45 46.42 46.31 46.26 46.3 46.31 46.31 46.3 46.26 46.24 46.25 46.32 46.31 46.27 46.24 46.22 46.22 46.22 46.2 46.07 46.13 46.22 46.28 46.06 45.96 45.89 45.87 46 46.01 46.11 46.29 46.39 46.5 46.85 47.14 47.25 47.32 47.41 47.26 47.29 47.42 47.46 47.63 47.89 48.04 48.04 48.05 48.08 48.04 48.11 48.09 48 47.8 47.64 47.41 47.39 47.4 47.33
46.45 46.47 46.45 46.45 46.41 46.67 46.63 46.59 46.63 46.72 46.91 46.9 46.93 46.97 46.94 46.88 46.87 46.96 46.95 46.96 46.97 46.96 46.92 46.88 46.86 46.87 46.87 46.84 46.79 46.8 46.88 46.92 46.86 46.81 46.74 46.74 46.69 46.7 46.69 46.67 46.68 46.77 46.85 46.7 46.63 46.53 46.35 46.43 46.38 46.39 46.44 46.51 46.59 46.84 47.11 47.29 47.38 47.56 47.6 47.68 47.8 48.05 48.43 48.69 48.72 48.69 48.73 48.77 48.81 48.85 48.94 48.82 48.59 48.4 48.15 48.08 48.01 47.97
47.07 47.12 47.11 47.06 47.03 47.21 47.18 47.14 47.18 47.23 47.22 47.2 47.23 47.27 47.24 47.21 47.21 47.3 47.3 47.26 47.28 47.32 47.36 47.38 47.35 47.35 47.37 47.3 47.21 47.26 47.31 47.42 47.34 47.27 47.23 47.27 47.26 47.22 47.23 47.14 47.14 47.26 47.32 47.21 47.2 47.17 47.01 46.91 46.84 46.94 46.94 46.9 46.92 47.04 47.15 47.27 47.35 47.56 47.77 47.84 47.92 48.17 48.48 48.62 48.81 48.98 49.2 49.25 49.35 49.4 49.42 49.38 49.32 49.19 48.95 48.8 48.65 48.71
47.44 47.47 47.47 47.43 47.44 47.4 47.36 47.39 47.42 47.42 47.44 47.44 47.45 47.44 47.41 47.42 47.49 47.49 47.48 47.48 47.51 47.53 47.56 47.56 47.56 47.57 47.6 47.55 47.51 47.5 47.49 47.66 47.57 47.55 47.51 47.53 47.54 47.55 47.57 47.54 47.53 47.61 47.69 47.6 47.66 47.73 47.64 47.56 47.51 47.56 47.53 47.44 47.44 47.43 47.42 47.46 47.5 47.66 47.84 47.9 48.02 48.19 48.36 48.42 48.64 48.87 49.17 49.25 49.44 49.6 49.64 49.71 49.8 49.68 49.49 49.42 49.38 49.19
47.74 47.71 47.65 47.63 47.66 47.62 47.61 47.64 47.62 47.59 47.67 47.71 47.63 47.62 47.6 47.65 47.77 47.72 47.68 47.74 47.78 47.75 47.73 47.74 47.82 47.78 47.81 47.78 47.79 47.77 47.8 47.93 47.89 47.81 47.79 47.86 47.86 47.87 47.88 47.93 48.1 48.17 48.2 48.18 48.22 48.24 48.2 48.18 48.17 48.14 48.09 48.05 48.04 48 47.94 47.92 47.92 47.98 48.06 48.12 48.25 48.35 48.47 48.52 48.68 48.81 48.93 49.02 49.22 49.43 49.62 49.7 49.88 49.88 49.99 49.88 49.76 49.6
48.2 48.14 48.06 48.04 48.05 48.02 48.05 48.06 48.01 48.01 48.07 48.11 47.96 47.97 48.03 48.11 48.09 48.09 48.1 48.18 48.21 48.26 48.24 48.16 48.16 48.16 48.17 48.16 48.24 48.27 48.31 48.45 48.41 48.33 48.62 48.75 48.72 48.69 48.62 48.59 48.75 48.8 48.82 48.91 48.87 48.81 48.74 48.73 48.7 48.69 48.7 48.67 48.64 48.68 48.63 48.54 48.48 48.48 48.54 48.6 48.65 48.64 48.74 48.74 48.81 48.95 49 49.05 49.17 49.3 49.52 49.61 49.8 49.89 49.96 49.9 49.8 49.82
48.74 48.71 48.66 48.67 48.61 48.55 48.61 48.67 48.65 48.63 48.6 48.59 48.63 48.6 48.57 48.66 48.74 48.76 48.73 48.73 48.77 48.84 48.83 48.75 48.74 48.74 48.73 48.74 48.81 49.03 49.21 49.29 49.27 49.22 49.44 49.54 49.5 49.4 49.3 49.23 49.29 49.34 49.34 49.47 49.41 49.39 49.24 49.28 49.22 49.17 49.23 49.21 49.16 49.16 49.2 49.14 49.04 49.07 49.27 49.34 49.37 49.2 49.13 49.11 49.1 49.23 49.17 49.18 49.23 49.34 49.45 49.56 49.72 49.71 49.78 49.78 49.7 49.78
49.28 49.24 49.21 49.26 49.19 49.16 49.18 49.15 49.24 49.22 49.23 49.19 49.17 49.14 49.15 49.24 49.35 49.35 49.32 49.28 49.28 49.35 49.37 49.26 49.33 49.49 49.52 49.48 49.48 49.58 49.72 49.75 49.76 49.79 49.83 49.87 49.82 49.69 49.63 49.6 49.61 49.67 49.66 49.71 49.72 49.75 49.67 49.68 49.63 49.57 49.53 49.52 49.49 49.51 49.48 49.48 49.47 49.42 49.71 49.75 49.75 49.62 49.62 49.58 49.52 49.46 49.45 49.42 49.44 49.39 49.39 49.47 49.61 49.64 49.65 49.64 49.63 49.66
49.52 49.53 49.59 49.6 49.53 49.52 49.54 49.56 49.57 49.57 49.57 49.58 49.49 49.45 49.51 49.63 49.62 49.63 49.64 49.59 49.64 49.67 49.68 49.65 49.69 49.8 49.87 49.78 49.78 49.77 49.8 49.79 49.81 49.85 49.84 49.85 49.82 49.78 49.75 49.74 49.72 49.78 49.83 49.79 49.82 49.83 49.86 49.89 49.83 49.77 49.67 49.65 49.62 49.66 49.6 49.64 49.7 49.69 49.76 49.8 49.79 49.69 49.75 49.72 49.67 49.65 49.64 49.6 49.6 49.53 49.5 49.5 49.56 49.61 49.58 49.56 49.58 49.57
49.57 49.6 49.66 49.65 49.7 49.69 49.66 49.66 49.68 49.67 49.64 49.68 49.71 49.67 49.68 49.71 49.69 49.71 49.73 49.72 49.76 49.77 49.8 49.81 49.8 49.79 49.82 49.74 49.74 49.77 49.77 49.77 49.77 49.77 49.76 49.76 49.75 49.75 49.7 49.75 49.73 49.71 49.76 49.73 49.76 49.74 49.71 49.71 49.71 49.69 49.68 49.66 49.61 49.65 49.63 49.62 49.63 49.63 49.66 49.67 49.7 49.67 49.7 49.69 49.63 49.62 49.63 49.62 49.62 49.58 49.57 49.55 49.54 49.58 49.57 49.56 49.56 49.55
49.61 49.64 49.66 49.65 49.67 49.68 49.68 49.66 49.65 49.66 49.67 49.7 49.73 49.71 49.72 49.73 49.72 49.74 49.74 49.75 49.75 49.76 49.79 49.8 49.78 49.77 49.82 49.77 49.76 49.77 49.75 49.74 49.74 49.73 49.74 49.74 49.74 49.72 49.67 49.69 49.72 49.71 49.71 49.7 49.69 49.67 49.64 49.64 49.66 49.64 49.66 49.65 49.6 49.6 49.62 49.61 49.59 49.6 49.6 49.63 49.66 49.66 49.65 49.64 49.6 49.65 49.63 49.63 49.62 49.57 49.59 49.6 49.57 49.62 49.6 49.59 49.6 49.59
49.62 49.65 49.67 49.68 49.61 49.63 49.73 49.68 49.64 49.68 49.74 49.72 49.68 49.7 49.78 49.79 49.77 49.77 49.76 49.78 49.78 49.78 49.77 49.77 49.74 49.79 49.91 49.88 49.84 49.8 49.77 49.72 49.72 49.72 49.77 49.8 49.77 49.71 49.73 49.74 49.73 49.75 49.65 49.66 49.66 49.7 49.7 49.68 49.65 49.61 49.64 49.66 49.65 49.64 49.65 49.72 49.67 49.59 49.57 49.6 49.6 49.61 49.59 49.58 49.6 49.67 49.66 49.69 49.69 49.62 49.63 49.62 49.6 49.65 49.64 49.65 49.7 49.65
49.39 49.48 49.56 49.52 49.47 49.52 49.63 49.56 49.55 49.61 49.68 49.66 49.61 49.65 49.73 49.75 49.73 49.7 49.75 49.84 49.83 49.79 49.74 49.73 49.71 49.84 49.98 49.88 49.89 49.83 49.72 49.63 49.61 49.62 49.71 49.82 49.77 49.76 49.77 49.79 49.77 49.62 49.5 49.55 49.65 49.77 49.77 49.71 49.62 49.44 49.45 49.46 49.45 49.52 49.55 49.6 49.53 49.41 49.39 49.4 49.41 49.44 49.45 49.44 49.51 49.58 49.59 49.64 49.65 49.6 49.58 49.52 49.47 49.52 49.55 49.66 49.71 49.61
48.99 49.08 49.2 49.2 49.14 49.21 49.27 49.26 49.3 49.33 49.38 49.4 49.41 49.38 49.43 49.46 49.47 49.46 49.57 49.63 49.6 49.52 49.55 49.58 49.59 49.61 49.67 49.61 49.59 49.53 49.51 49.46 49.47 49.5 49.57 49.61 49.59 49.64 49.68 49.69 49.62 49.45 49.3 49.36 49.24 49.17 49.23 49.25 49.21 49.08 49.08 49.06 49.01 49.18 49.21 49.21 49.11 49.05 49.05 49.03 49.04 49.08 49.11 49.13 49.25 49.34 49.37 49.39 49.33 49.33 49.31 49.25 49.2 49.2 49.27 49.44 49.47 49.45
48.55 48.61 48.7 48.77 48.72 48.77 48.77 48.88 48.94 48.94 48.94 49.02 49 48.95 48.99 49 49.01 48.99 49.03 49.15 49.11 48.99 49.08 49.18 49.17 49.13 49.13 49.11 49.08 49.07 49.11 49.14 49.16 49.17 49.14 49.17 49.18 49.22 49.22 49.1 48.92 48.89 48.85 48.84 48.68 48.62 48.66 48.7 48.7 48.7 48.71 48.67 48.59 48.7 48.74 48.79 48.67 48.66 48.66 48.62 48.62 48.6 48.62 48.66 48.84 48.96 49 49.05 48.97 48.89 48.86 48.84 48.8 48.8 48.85 49.04 49.12 49.1
48.15 48.2 48.27 48.3 48.32 48.35 48.32 48.47 48.5 48.54 48.52 48.6 48.5 48.39 48.45 48.49 48.53 48.6 48.58 48.54 48.56 48.48 48.57 48.66 48.65 48.63 48.73 48.66 48.6 48.54 48.59 48.63 48.67 48.66 48.47 48.45 48.43 48.47 48.47 48.4 48.29 48.29 48.3 48.24 48.24 48.28 48.3 48.31 48.3 48.35 48.37 48.36 48.3 48.3 48.35 48.44 48.36 48.33 48.31 48.27 48.28 48.27 48.27 48.27 48.28 48.4 48.49 48.57 48.56 48.45 48.47 48.52 48.5 48.43 48.49 48.62 48.72 48.73
47.85 47.89 47.95 47.95 47.97 48 48.01 48.11 48.1 48.05 48.09 48.19 48.11 48.07 48.21 48.23 48.2 48.2 48.14 48.13 48.17 48.15 48.16 48.21 48.21 48.26 48.31 48.25 48.16 48.03 48.02 48.08 48.15 48.14 48.05 47.99 47.92 47.95 47.97 47.96 47.94 47.91 47.88 47.87 47.92 47.97 47.99 47.99 47.95 48.01 48 48.04 48.08 48.06 48.07 48.1 48.08 48.06 48.03 47.94 47.93 47.91 47.93 47.95 47.93 47.95 48.02 48.12 48.08 47.98 48.05 48.1 48.11 48.09 48.12 48.23 48.42 48.44
47.65 47.68 47.77 47.76 47.77 47.77 47.76 47.83 47.8 47.77 47.82 47.85 47.86 47.9 47.98 47.95 47.9 47.86 47.83 47.85 47.93 48.02 47.92 47.93 47.92 47.91 47.9 47.88 47.87 47.83 47.79 47.84 47.89 47.88 47.89 47.85 47.81 47.84 47.82 47.79 47.76 47.76 47.72 47.7 47.68 47.74 47.76 47.79 47.75 47.77 47.75 47.72 47.79 47.77 47.79 47.83 47.83 47.82 47.79 47.76 47.69 47.71 47.7 47.7 47.68 47.71 47.74 47.76 47.72 47.71 47.76 47.8 47.85 47.87 47.9 48.01 48.19 48.25
47.61 47.63 47.62 47.65 47.66 47.67 47.72 47.78 47.74 47.65 47.69 47.7 47.7 47.76 47.81 47.78 47.78 47.74 47.71 47.77 47.81 47.94 47.86 47.84 47.83 47.83 47.8 47.8 47.84 47.84 47.82 47.84 47.86 47.87 47.85 47.84 47.84 47.89 47.8 47.76 47.75 47.79 47.76 47.67 47.61 47.68 47.7 47.73 47.71 47.76 47.72 47.65 47.74 47.72 47.74 47.72 47.69 47.7 47.7 47.66 47.6 47.61 47.6 47.64 47.67 47.66 47.66 47.65 47.59 47.6 47.64 47.7 47.74 47.79 47.87 47.98 48.14 48.2
47.58 47.62 47.59 47.59 47.62 47.68 47.7 47.65 47.65 47.64 47.62 47.64 47.62 47.64 47.63 47.68 47.69 47.69 47.7 47.73 47.74 47.83 47.79 47.77 47.77 47.8 47.79 47.81 47.82 47.82 47.85 47.85 47.82 47.86 47.9 47.88 47.87 47.91 47.9 47.84 47.79 47.75 47.76 47.73 47.69 47.75 47.74 47.72 47.74 47.82 47.78 47.7 47.78 47.74 47.71 47.64 47.7 47.7 47.71 47.66 47.58 47.55 47.56 47.61 47.6 47.57 47.59 47.61 47.57 47.59 47.65 47.7 47.7 47.76 47.89 48 48.12 48.14
