slabs/24.grd
DSAA
631 301
643260 643890
4946900 4947200
37.33 49.99
[rows 68 to 101 of 301, columns 0 to 77 of 631]
38.51 38.5 38.5 38.5 38.49 38.49 38.47 38.48 38.47 38.46 38.46 38.45 38.49 38.48 38.47 38.46 38.45 38.46 38.46 38.45 38.49 38.48 38.48 38.48 38.5 38.53 38.53 38.54 38.53 38.55 38.57 38.63 38.71 38.93 39.15 39.23 39.23 39.17 39.01 38.79 38.65 38.27 38.17 38.14 38.09 37.99 37.93 37.87 37.88 37.93 37.99 37.99 37.98 37.97 37.96 37.96 37.94 37.93 37.92 37.91 37.9 37.88 37.87 37.86 37.85 37.83 1.70141e38 1.70141e38 1.70141e38 1.70141e38 1.70141e38 1.70141e38 1.70141e38 1.70141e38 1.70141e38 1.70141e38 1.70141e38 1.70141e38
38.5 38.51 38.5 38.49 38.47 38.47 38.48 38.47 38.46 38.46 38.45 38.45 38.47 38.46 38.47 38.46 38.46 38.47 38.46 38.44 38.46 38.46 38.48 38.48 38.5 38.54 38.54 38.52 38.52 38.56 38.58 38.67 38.77 39.02 39.15 39.18 39.18 39.11 38.91 38.69 38.51 38.2 38.1 38.1 38.07 37.98 37.92 37.85 37.85 37.9 37.96 37.98 37.98 37.97 37.97 37.96 37.95 37.93 37.92 37.92 37.91 37.89 37.88 37.87 37.85 37.84 37.83 37.82 37.8 37.79 37.78 37.76 37.75 37.74 37.73 37.72 37.74 37.75
38.49 38.5 38.49 38.49 38.46 38.47 38.48 38.47 38.46 38.47 38.46 38.46 38.47 38.46 38.47 38.45 38.45 38.45 38.45 38.44 38.46 38.45 38.49 38.48 38.5 38.53 38.56 38.54 38.57 38.59 38.62 38.67 38.78 39.03 39.12 39.13 39.12 39.01 38.77 38.51 38.38 38.16 38.06 38.04 38.03 37.97 37.9 37.85 37.82 37.86 37.93 37.95 37.98 37.98 37.97 37.96 37.95 37.94 37.93 37.92 37.92 37.9 37.89 37.88 37.86 37.85 37.84 37.83 37.81 37.8 37.79 37.77 37.76 37.75 37.74 37.73 37.73 37.74
38.48 38.49 38.49 38.49 38.47 38.47 38.48 38.47 38.47 38.47 38.46 38.44 38.46 38.46 38.46 38.45 38.44 38.45 38.44 38.44 38.48 38.48 38.5 38.49 38.51 38.54 38.54 38.58 38.62 38.68 38.68 38.73 38.81 38.99 39.04 39.06 39.04 38.91 38.65 38.37 38.29 38.14 38.04 37.99 37.98 37.95 37.89 37.86 37.8 37.83 37.9 37.92 37.97 37.98 37.97 37.97 37.96 37.95 37.94 37.93 37.92 37.91 37.9 37.89 37.87 37.86 37.85 37.84 37.82 37.81 37.81 37.79 37.78 37.76 37.76 37.74 37.73 37.73
38.48 38.49 38.5 38.49 38.49 38.48 38.49 38.47 38.47 38.46 38.45 38.43 38.45 38.45 38.44 38.45 38.44 38.45 38.44 38.46 38.48 38.49 38.48 38.51 38.51 38.52 38.54 38.67 38.72 38.8 38.75 38.8 38.86 38.93 38.93 38.93 38.94 38.83 38.54 38.31 38.25 38.14 38.03 37.97 37.95 37.91 37.88 37.85 37.78 37.81 37.86 37.89 37.96 37.98 37.98 37.97 37.96 37.95 37.94 37.93 37.92 37.91 37.9 37.9 37.89 37.87 37.86 37.85 37.83 37.82 37.82 37.81 37.79 37.77 37.77 37.75 37.73 37.72
38.49 38.49 38.49 38.48 38.48 38.49 38.48 38.46 38.46 38.44 38.42 38.42 38.44 38.45 38.45 38.44 38.43 38.43 38.42 38.44 38.45 38.47 38.48 38.52 38.51 38.51 38.57 38.79 38.85 38.92 38.83 38.81 38.85 38.82 38.81 38.8 38.83 38.74 38.41 38.28 38.23 38.13 38.04 37.99 37.92 37.88 37.86 37.83 37.76 37.78 37.83 37.86 37.93 37.98 37.98 37.97 37.96 37.95 37.95 37.94 37.92 37.91 37.91 37.9 37.89 37.88 37.88 37.86 37.85 37.84 37.83 37.81 37.8 37.79 37.78 37.76 37.74 37.73
38.51 38.5 38.49 38.49 38.49 38.49 38.47 38.45 38.46 38.45 38.42 38.42 38.43 38.44 38.43 38.42 38.43 38.43 38.41 38.4 38.42 38.47 38.49 38.51 38.51 38.54 38.64 38.87 38.95 39.04 38.91 38.8 38.78 38.7 38.68 38.69 38.72 38.58 38.28 38.25 38.21 38.12 38.04 38 37.9 37.85 37.82 37.8 37.75 37.74 37.8 37.83 37.9 37.96 37.98 37.98 37.96 37.95 37.95 37.94 37.93 37.92 37.92 37.91 37.89 37.88 37.88 37.87 37.85 37.84 37.84 37.82 37.81 37.8 37.78 37.77 37.75 37.74
38.5 38.5 38.51 38.51 38.51 38.49 38.46 38.46 38.45 38.44 38.42 38.42 38.44 38.44 38.43 38.43 38.44 38.43 38.41 38.41 38.43 38.47 38.5 38.51 38.52 38.58 38.7 38.89 39 39.1 38.95 38.77 38.71 38.61 38.6 38.6 38.62 38.41 38.2 38.2 38.18 38.11 38.04 37.99 37.89 37.83 37.78 37.77 37.72 37.7 37.74 37.77 37.84 37.92 37.96 37.97 37.97 37.96 37.96 37.95 37.94 37.93 37.92 37.91 37.9 37.88 37.88 37.87 37.86 37.85 37.84 37.83 37.82 37.81 37.79 37.78 37.77 37.76
38.51 38.51 38.52 38.5 38.5 38.49 38.46 38.47 38.46 38.46 38.43 38.43 38.43 38.43 38.41 38.45 38.44 38.41 38.4 38.42 38.44 38.46 38.5 38.5 38.52 38.62 38.74 38.87 38.98 39.04 38.89 38.71 38.63 38.55 38.53 38.54 38.53 38.32 38.17 38.14 38.11 38.09 38.03 37.99 37.91 37.84 37.79 37.76 37.69 37.65 37.69 37.73 37.8 37.87 37.93 37.96 37.98 37.97 37.96 37.95 37.94 37.93 37.92 37.91 37.9 37.89 37.89 37.88 37.86 37.85 37.85 37.84 37.82 37.81 37.8 37.79 37.78 37.77
38.53 38.52 38.53 38.48 38.48 38.49 38.47 38.48 38.47 38.46 38.45 38.44 38.43 38.42 38.4 38.45 38.43 38.39 38.39 38.42 38.43 38.45 38.49 38.49 38.52 38.67 38.78 38.83 38.89 38.89 38.78 38.68 38.55 38.49 38.49 38.49 38.46 38.27 38.13 38.07 37.96 37.96 37.96 37.95 37.91 37.85 37.8 37.77 37.73 37.69 37.67 37.7 37.77 37.84 37.88 37.93 37.97 37.97 37.97 37.95 37.94 37.93 37.93 37.92 37.91 37.9 37.89 37.88 37.87 37.86 37.85 37.84 37.83 37.82 37.81 37.8 37.79 37.78
38.52 38.53 38.52 38.5 38.48 38.48 38.49 38.49 38.48 38.45 38.44 38.43 38.42 38.4 38.4 38.43 38.41 38.38 38.41 38.43 38.44 38.45 38.47 38.49 38.54 38.71 38.81 38.81 38.78 38.71 38.63 38.6 38.5 38.45 38.43 38.39 38.32 38.12 38.01 37.95 37.82 37.77 37.81 37.85 37.91 37.89 37.87 37.86 37.85 37.81 37.74 37.7 37.74 37.8 37.83 37.9 37.96 37.97 37.97 37.96 37.95 37.94 37.93 37.92 37.91 37.9 37.89 37.88 37.87 37.87 37.86 37.85 37.84 37.83 37.82 37.81 37.8 37.79
38.51 38.52 38.51 38.51 38.5 38.49 38.51 38.5 38.51 38.48 38.43 38.41 38.4 38.39 38.4 38.4 38.39 38.37 38.41 38.43 38.43 38.43 38.47 38.46 38.54 38.68 38.75 38.76 38.73 38.63 38.52 38.49 38.42 38.38 38.32 38.28 38.16 37.95 37.86 37.81 37.7 37.67 37.7 37.77 37.87 37.91 37.92 37.94 37.95 37.94 37.86 37.74 37.73 37.77 37.8 37.87 37.94 37.97 37.97 37.96 37.95 37.94 37.93 37.92 37.91 37.91 37.9 37.89 37.88 37.87 37.86 37.85 37.84 37.83 37.82 37.81 37.81 37.8
38.52 38.52 38.51 38.51 38.51 38.52 38.51 38.53 38.55 38.57 38.46 38.39 38.38 38.39 38.39 38.38 38.39 38.38 38.42 38.4 38.41 38.41 38.45 38.45 38.5 38.6 38.63 38.64 38.65 38.62 38.5 38.44 38.37 38.32 38.26 38.24 38.07 37.81 37.73 37.68 37.64 37.66 37.67 37.72 37.83 37.89 37.9 37.94 37.97 37.99 37.95 37.81 37.75 37.75 37.78 37.84 37.91 37.96 37.96 37.96 37.96 37.95 37.94 37.93 37.92 37.91 37.9 37.89 37.88 37.87 37.86 37.85 37.84 37.84 37.83 37.82 37.81 37.8
38.54 38.53 38.53 38.51 38.51 38.52 38.52 38.53 38.58 38.66 38.54 38.37 38.38 38.39 38.37 38.36 38.37 38.36 38.39 38.38 38.39 38.41 38.43 38.44 38.48 38.56 38.63 38.64 38.65 38.61 38.45 38.4 38.34 38.29 38.27 38.24 38.03 37.69 37.6 37.61 37.65 37.68 37.68 37.7 37.77 37.83 37.85 37.9 37.93 37.96 37.96 37.88 37.79 37.78 37.79 37.81 37.88 37.93 37.95 37.97 37.96 37.95 37.94 37.93 37.92 37.91 37.9 37.9 37.89 37.88 37.87 37.86 37.85 37.84 37.84 37.82 37.81 37.81
38.55 38.53 38.54 38.52 38.51 38.52 38.53 38.54 38.59 38.7 38.59 38.39 38.38 38.38 38.36 38.35 38.33 38.33 38.37 38.37 38.38 38.38 38.4 38.42 38.46 38.55 38.64 38.68 38.72 38.62 38.42 38.37 38.3 38.27 38.25 38.21 38.02 37.7 37.61 37.61 37.69 37.7 37.7 37.71 37.73 37.79 37.8 37.84 37.88 37.91 37.92 37.92 37.85 37.82 37.82 37.82 37.85 37.89 37.93 37.96 37.96 37.95 37.94 37.94 37.93 37.92 37.91 37.9 37.89 37.89 37.88 37.86 37.85 37.85 37.84 37.83 37.82 37.81
38.55 38.52 38.53 38.52 38.51 38.51 38.52 38.54 38.59 38.65 38.57 38.42 38.38 38.35 38.35 38.34 38.34 38.33 38.36 38.36 38.39 38.38 38.37 38.4 38.45 38.53 38.61 38.65 38.71 38.63 38.47 38.38 38.28 38.26 38.23 38.17 38.02 37.83 37.73 37.67 37.72 37.72 37.72 37.73 37.74 37.76 37.77 37.81 37.84 37.87 37.88 37.91 37.9 37.87 37.86 37.85 37.85 37.87 37.9 37.94 37.97 37.96 37.95 37.94 37.93 37.93 37.92 37.9 37.89 37.89 37.88 37.87 37.86 37.85 37.84 37.83 37.82 37.81
38.55 38.52 38.51 38.48 38.5 38.52 38.51 38.51 38.54 38.55 38.54 38.46 38.38 38.34 38.34 38.33 38.33 38.31 38.34 38.35 38.38 38.36 38.37 38.39 38.42 38.49 38.56 38.62 38.67 38.64 38.53 38.44 38.3 38.24 38.21 38.15 38.03 37.92 37.83 37.72 37.74 37.74 37.74 37.74 37.74 37.76 37.77 37.8 37.83 37.85 37.87 37.89 37.91 37.9 37.9 37.9 37.91 37.91 37.92 37.93 37.96 37.96 37.96 37.94 37.93 37.93 37.92 37.91 37.9 37.89 37.88 37.87 37.86 37.85 37.84 37.82 37.81 37.81
38.55 38.54 38.51 38.47 38.48 38.51 38.47 38.42 38.42 38.44 38.43 38.41 38.35 38.32 38.32 38.32 38.31 38.28 38.32 38.32 38.34 38.34 38.38 38.37 38.36 38.46 38.58 38.64 38.68 38.67 38.6 38.51 38.34 38.23 38.22 38.16 38.02 37.9 37.84 37.75 37.75 37.75 37.75 37.74 37.74 37.77 37.78 37.81 37.83 37.85 37.86 37.87 37.89 37.9 37.9 37.92 37.93 37.92 37.93 37.94 37.96 37.96 37.96 37.95 37.94 37.93 37.92 37.91 37.89 37.88 37.87 37.86 37.85 37.84 37.83 37.81 37.8 37.8
38.56 38.53 38.5 38.47 38.46 38.47 38.44 38.38 38.34 38.36 38.33 38.33 38.32 38.29 38.29 38.29 38.29 38.27 38.3 38.3 38.32 38.33 38.36 38.35 38.33 38.48 38.64 38.68 38.7 38.7 38.67 38.56 38.37 38.2 38.2 38.16 37.93 37.8 37.79 37.76 37.75 37.75 37.75 37.75 37.76 37.78 37.8 37.82 37.84 37.85 37.84 37.86 37.87 37.88 37.89 37.9 37.91 37.91 37.93 37.94 37.95 37.96 37.97 37.95 37.94 37.93 37.92 37.9 37.88 37.87 37.86 37.85 37.83 37.83 37.82 37.8 37.79 37.78
38.53 38.51 38.5 38.47 38.43 38.43 38.41 38.38 38.32 38.31 38.3 38.3 38.3 38.28 38.28 38.27 38.27 38.28 38.29 38.29 38.32 38.31 38.32 38.32 38.32 38.48 38.6 38.68 38.72 38.72 38.7 38.59 38.36 38.16 38.16 38.05 37.81 37.74 37.75 37.75 37.76 37.75 37.75 37.75 37.77 37.8 37.81 37.84 37.85 37.84 37.84 37.85 37.86 37.86 37.87 37.88 37.89 37.9 37.9 37.91 37.92 37.94 37.98 37.99 37.96 37.95 37.93 37.92 37.9 37.89 37.87 37.85 37.84 37.82 37.81 37.8 37.78 37.77
38.51 38.51 38.48 38.46 38.41 38.41 38.39 38.36 38.32 38.28 38.29 38.3 38.29 38.27 38.27 38.27 38.27 38.26 38.27 38.27 38.31 38.31 38.32 38.31 38.32 38.44 38.52 38.66 38.7 38.68 38.64 38.51 38.3 38.13 38.06 37.82 37.68 37.69 37.7 37.72 37.74 37.75 37.75 37.75 37.77 37.8 37.81 37.84 37.84 37.84 37.84 37.84 37.84 37.84 37.85 37.85 37.85 37.86 37.86 37.87 37.9 37.92 37.99 38.05 38.02 37.99 37.96 37.94 37.93 37.92 37.91 37.9 37.89 37.86 37.84 37.82 37.81 37.81
38.5 38.49 38.45 38.44 38.39 38.39 38.37 38.34 38.32 38.28 38.28 38.29 38.29 38.26 38.24 38.25 38.25 38.24 38.25 38.24 38.28 38.3 38.31 38.31 38.31 38.41 38.49 38.64 38.65 38.55 38.5 38.34 38.26 38.17 38.07 37.81 37.65 37.66 37.67 37.7 37.71 37.73 37.74 37.75 37.77 37.79 37.81 37.83 37.83 37.83 37.83 37.82 37.82 37.81 37.8 37.8 37.81 37.81 37.81 37.84 37.87 37.91 38 38.07 38.1 38.08 38.04 37.98 37.98 37.97 37.97 37.96 37.95 37.93 37.93 37.93 37.92 37.93
38.48 38.46 38.42 38.41 38.38 38.36 38.36 38.34 38.32 38.29 38.27 38.28 38.27 38.25 38.24 38.24 38.23 38.26 38.25 38.25 38.28 38.28 38.29 38.3 38.31 38.38 38.43 38.53 38.5 38.38 38.33 38.23 38.18 38.15 38.05 37.84 37.7 37.69 37.7 37.71 37.72 37.73 37.74 37.75 37.76 37.78 37.8 37.81 37.82 37.82 37.82 37.8 37.82 37.79 37.75 37.75 37.75 37.76 37.78 37.85 37.81 37.88 38 38.08 38.13 38.16 38.2 38.16 38.14 38.11 38.09 38.06 38.06 38.05 38.14 38.15 38.14 38.16
38.47 38.44 38.4 38.39 38.37 38.35 38.34 38.33 38.31 38.28 38.27 38.27 38.27 38.25 38.24 38.24 38.21 38.26 38.25 38.25 38.25 38.27 38.28 38.29 38.3 38.33 38.37 38.43 38.36 38.29 38.26 38.18 38.11 38.01 37.89 37.78 37.75 37.74 37.74 37.75 37.75 37.75 37.76 37.76 37.75 37.76 37.79 37.8 37.81 37.81 37.8 37.78 37.83 37.8 37.73 37.7 37.7 37.71 37.77 37.83 37.77 37.86 38 38.07 38.12 38.26 38.38 38.42 38.43 38.53 38.51 38.41 38.36 38.27 38.29 38.32 38.32 38.36
38.46 38.45 38.38 38.38 38.37 38.34 38.33 38.32 38.28 38.28 38.28 38.26 38.24 38.22 38.22 38.22 38.21 38.26 38.25 38.24 38.24 38.27 38.28 38.3 38.32 38.38 38.38 38.37 38.29 38.23 38.23 38.16 38.09 37.87 37.72 37.68 37.77 37.77 37.79 37.79 37.77 37.77 37.76 37.78 37.74 37.75 37.77 37.79 37.8 37.8 37.78 37.76 37.81 37.82 37.75 37.67 37.65 37.68 37.8 37.79 37.78 37.88 38.01 38.09 38.21 38.46 38.59 38.67 38.71 38.83 38.8 38.7 38.63 38.51 38.41 38.42 38.44 38.49
38.45 38.45 38.39 38.39 38.36 38.33 38.32 38.28 38.26 38.27 38.27 38.22 38.21 38.21 38.21 38.22 38.24 38.23 38.23 38.24 38.25 38.23 38.24 38.29 38.33 38.38 38.35 38.29 38.2 38.15 38.17 38.13 38.04 37.81 37.61 37.61 37.8 37.8 37.8 37.79 37.78 37.77 37.77 37.81 37.76 37.75 37.75 37.78 37.79 37.79 37.76 37.73 37.78 37.82 37.82 37.7 37.64 37.7 37.84 37.96 37.95 38.01 38.15 38.31 38.42 38.63 38.76 38.85 38.9 38.98 38.92 38.85 38.79 38.69 38.57 38.53 38.55 38.63
38.46 38.45 38.43 38.41 38.35 38.34 38.32 38.28 38.26 38.28 38.27 38.21 38.2 38.24 38.23 38.22 38.25 38.21 38.22 38.22 38.22 38.2 38.21 38.26 38.29 38.3 38.26 38.23 38.11 38.06 38.09 38.07 37.94 37.8 37.58 37.6 37.87 37.85 37.82 37.79 37.78 37.77 37.78 37.83 37.79 37.75 37.74 37.76 37.77 37.77 37.73 37.71 37.77 37.83 38.01 37.97 37.91 37.94 38.04 38.14 38.14 38.2 38.35 38.54 38.61 38.77 38.9 38.99 39.04 39.11 39.04 38.97 38.92 38.82 38.72 38.66 38.71 38.87
38.46 38.44 38.43 38.4 38.35 38.34 38.32 38.27 38.25 38.26 38.24 38.2 38.2 38.22 38.21 38.2 38.2 38.18 38.19 38.2 38.2 38.2 38.21 38.23 38.26 38.24 38.2 38.18 38.02 37.98 38.02 37.98 37.83 37.75 37.58 37.64 37.91 37.89 37.84 37.79 37.78 37.77 37.8 37.85 37.82 37.78 37.73 37.74 37.76 37.73 37.72 37.79 37.84 37.98 38.13 38.15 38.13 38.14 38.18 38.21 38.23 38.33 38.53 38.68 38.74 38.89 39.02 39.13 39.18 39.24 39.17 39.09 39.04 38.93 38.84 38.82 38.95 39.21
38.44 38.42 38.41 38.39 38.34 38.32 38.31 38.26 38.23 38.23 38.2 38.18 38.2 38.21 38.2 38.2 38.2 38.17 38.19 38.19 38.21 38.22 38.22 38.21 38.23 38.21 38.16 38.1 37.94 37.93 37.97 37.91 37.75 37.66 37.59 37.68 37.84 37.85 37.84 37.79 37.77 37.77 37.81 37.87 37.86 37.85 37.78 37.73 37.77 37.76 37.79 37.94 37.98 38.12 38.2 38.18 38.18 38.22 38.25 38.27 38.3 38.41 38.64 38.8 38.87 39 39.14 39.25 39.31 39.36 39.28 39.21 39.13 39.03 39.01 39.06 39.26 39.54
38.43 38.41 38.37 38.31 38.31 38.3 38.29 38.25 38.24 38.23 38.2 38.16 38.17 38.18 38.18 38.19 38.19 38.18 38.2 38.19 38.21 38.23 38.21 38.19 38.2 38.17 38.12 38.02 37.89 37.91 37.95 37.85 37.73 37.65 37.59 37.69 37.75 37.76 37.78 37.75 37.75 37.74 37.74 37.76 37.82 37.86 37.83 37.74 37.78 37.83 37.92 38.1 38.13 38.21 38.25 38.22 38.23 38.27 38.32 38.33 38.35 38.46 38.68 38.88 38.95 39.09 39.24 39.35 39.4 39.45 39.36 39.31 39.21 39.18 39.29 39.36 39.57 39.82
38.45 38.43 38.39 38.32 38.33 38.28 38.28 38.25 38.24 38.24 38.2 38.16 38.17 38.17 38.18 38.18 38.17 38.17 38.18 38.16 38.21 38.2 38.17 38.16 38.17 38.15 38.1 37.97 37.89 37.92 37.94 37.82 37.74 37.65 37.59 37.63 37.65 37.69 37.74 37.71 37.71 37.72 37.71 37.71 37.76 37.82 37.84 37.81 37.83 37.93 38.07 38.18 38.2 38.25 38.25 38.24 38.26 38.3 38.35 38.38 38.39 38.47 38.69 38.89 38.96 39.08 39.25 39.36 39.46 39.51 39.43 39.4 39.33 39.43 39.6 39.67 39.87 40.08
38.49 38.51 38.5 38.43 38.37 38.28 38.27 38.26 38.23 38.22 38.19 38.16 38.19 38.2 38.2 38.16 38.17 38.17 38.16 38.1 38.15 38.14 38.15 38.13 38.13 38.13 38.09 37.98 37.91 37.88 37.84 37.79 37.7 37.63 37.56 37.57 37.58 37.63 37.73 37.73 37.71 37.72 37.72 37.73 37.75 37.82 37.88 37.91 37.93 38.04 38.15 38.2 38.22 38.27 38.25 38.25 38.27 38.32 38.37 38.4 38.41 38.47 38.67 38.84 38.92 39.01 39.17 39.25 39.44 39.55 39.51 39.49 39.54 39.71 39.87 39.92 40.05 40.16
38.56 38.63 38.62 38.52 38.38 38.28 38.26 38.24 38.21 38.18 38.17 38.15 38.18 38.19 38.19 38.11 38.11 38.12 38.1 38.01 38.1 38.12 38.17 38.14 38.09 38.04 37.99 37.87 37.78 37.76 37.73 37.72 37.69 37.64 37.56 37.53 37.54 37.57 37.7 37.77 37.76 37.75 37.74 37.74 37.77 37.85 37.98 38.04 38.06 38.14 38.18 38.25 38.26 38.28 38.27 38.27 38.3 38.35 38.4 38.4 38.44 38.48 38.66 38.77 38.93 38.99 39.11 39.17 39.38 39.56 39.59 39.62 39.72 39.85 39.95 39.97 40.02 40.08
38.62 38.72 38.69 38.55 38.39 38.26 38.24 38.21 38.18 38.16 38.15 38.11 38.12 38.13 38.15 38.06 38.02 38.04 38.03 38.02 37.97 38.04 38.16 38.16 37.94 37.9 37.9 37.81 37.7 37.67 37.65 37.68 37.68 37.66 37.6 37.54 37.53 37.52 37.63 37.76 37.77 37.76 37.79 37.76 37.8 37.92 38.07 38.16 38.18 38.19 38.2 38.29 38.29 38.29 38.3 38.29 38.32 38.37 38.4 38.41 38.45 38.53 38.68 38.77 38.96 39.05 39.15 39.2 39.38 39.55 39.64 39.67 39.76 39.86 39.89 39.91 39.94 39.99
