slabs/25.grd
DSAA
631 301
643260 643890
4947200 4947500
36.9 45.24
[rows 170 to 203 of 300, columns 0 to 77 of 631]
38.06 38.08 38.12 38.15 38.19 38.13 38.03 37.93 37.94 38.05 38.17 38.21 38.21 38.22 38.2 38.06 38 37.91 37.93 38.13 38.14 38.05 38.03 38.1 38.1 38.05 38.03 37.99 37.94 37.89 37.82 37.88 37.96 37.98 37.96 37.95 37.91 37.87 37.91 37.93 37.95 37.89 37.84 37.79 37.68 37.67 37.73 37.77 37.85 37.93 37.99 37.98 37.89 37.83 37.87 37.89 37.93 38.01 37.97 37.9 37.95 38.03 38.05 38.12 38.15 38.1 38.09 38.04 37.91 37.86 37.86 37.87 37.87 37.88 37.89 37.93 38.11 38.18
38.15 38.16 38.16 38.19 38.18 38.13 37.99 37.89 37.91 38.03 38.19 38.2 38.21 38.22 38.17 37.97 37.85 37.86 38.07 38.23 38.24 38.14 38.02 38.05 38.04 38.02 38.05 38 37.99 37.97 37.85 37.87 37.94 37.98 37.97 37.96 37.91 37.84 37.84 37.85 37.88 37.9 37.88 37.83 37.72 37.7 37.75 37.79 37.88 37.99 38.06 38.05 37.96 37.88 37.87 37.85 37.85 37.91 37.94 37.96 38.04 38.1 38.11 38.11 38.09 38.03 38.07 38.08 37.89 37.79 37.8 37.83 37.81 37.82 37.86 37.9 38.07 38.11
38.16 38.14 38.11 38.19 38.19 38.14 38.02 37.99 37.99 38.05 38.18 38.21 38.21 38.16 38.07 37.93 37.8 37.82 38.09 38.23 38.26 38.16 38.02 38 37.99 38 38.08 38.06 38.09 38.08 37.96 37.98 38.01 37.99 38 37.98 37.92 37.84 37.83 37.83 37.86 37.89 37.92 37.88 37.77 37.72 37.77 37.81 37.91 38.05 38.1 38.12 38.06 38.01 37.97 37.9 37.87 37.87 37.91 37.97 38.06 38.08 38.1 38.1 37.99 38.01 38.09 38.16 38.01 37.89 37.89 37.87 37.82 37.84 37.91 37.92 38.03 38.07
38.11 38.05 38.01 38.16 38.18 38.17 38.14 38.15 38.15 38.17 38.22 38.24 38.22 38.15 38.06 37.97 37.87 37.9 38.12 38.18 38.19 38.12 38.04 38 37.96 38.01 38.13 38.15 38.2 38.17 38.08 38.08 38.07 38.01 38.01 38 37.93 37.86 37.83 37.84 37.85 37.87 37.9 37.89 37.82 37.76 37.8 37.84 37.96 38.11 38.15 38.18 38.1 38.1 38.09 38.02 37.99 37.95 37.94 37.95 37.97 37.98 38.02 38.06 38.02 38.08 38.14 38.21 38.15 38.07 37.99 37.92 37.84 37.88 37.97 37.95 37.95 38.01
38.12 38.06 38.02 38.08 38.1 38.12 38.15 38.17 38.17 38.21 38.29 38.27 38.25 38.2 38.1 38.02 37.95 37.99 38.11 38.12 38.13 38.1 38.06 38.02 37.94 38 38.13 38.17 38.24 38.19 38.09 38.11 38.11 38.04 38.03 38.01 37.95 37.86 37.81 37.82 37.84 37.85 37.86 37.86 37.84 37.8 37.84 37.91 38.07 38.21 38.21 38.19 38.11 38.08 38.07 38.02 38.06 38.05 38.01 37.95 37.92 37.9 37.92 37.98 38.05 38.1 38.14 38.2 38.22 38.17 38.05 37.98 37.92 37.97 38.06 38 37.9 37.92
38.09 38 37.98 37.98 38 38.04 38.08 38.1 38.11 38.2 38.32 38.3 38.29 38.24 38.14 38.01 37.96 38.01 38.1 38.1 38.11 38.09 38.07 38.04 37.96 37.97 38.09 38.13 38.19 38.12 38.02 38.03 38.1 38.09 38.04 38.02 37.95 37.86 37.79 37.79 37.81 37.82 37.83 37.83 37.84 37.87 37.97 38.1 38.15 38.19 38.18 38.17 38.1 38.03 38.01 38.03 38.11 38.13 38.08 37.98 37.92 37.88 37.88 37.93 38.02 38.06 38.11 38.18 38.22 38.18 38.05 38.01 38.03 38.09 38.15 38.06 37.93 37.91
38 37.89 37.88 37.9 37.92 37.96 38.01 38.05 38.08 38.15 38.24 38.26 38.26 38.24 38.1 37.95 37.88 37.97 38.11 38.1 38.09 38.08 38.07 38.06 38.02 37.97 38.03 38.05 38.08 38 37.94 37.94 38.02 38.08 38.03 38.01 37.94 37.86 37.8 37.77 37.77 37.81 37.83 37.88 37.94 38.02 38.09 38.22 38.19 38.14 38.12 38.09 38.02 37.98 37.94 37.93 38.05 38.11 38.09 38.03 37.95 37.91 37.89 37.93 38.01 38.03 38.1 38.17 38.18 38.13 38.01 38 38.11 38.18 38.23 38.12 38.01 37.99
37.91 37.78 37.79 37.83 37.85 37.92 37.99 38.05 38.07 38.1 38.14 38.16 38.16 38.13 37.97 37.88 37.79 37.92 38.07 38.07 38.06 38.05 38.06 38.09 38.11 38.04 38.02 38 37.96 37.9 37.88 37.89 37.96 38.02 38 37.97 37.9 37.85 37.85 37.87 37.83 37.82 37.85 37.95 38.06 38.17 38.21 38.28 38.24 38.18 38.13 37.98 37.83 37.79 37.77 37.74 37.88 37.99 38.02 38.06 37.98 37.94 37.91 37.96 38.02 38.05 38.12 38.17 38.13 38.08 37.96 37.98 38.12 38.18 38.23 38.18 38.14 38.13
37.82 37.7 37.74 37.8 37.85 37.93 38.02 38.06 38.08 38.1 38.12 38.12 38.08 37.98 37.83 37.78 37.75 37.86 37.99 37.99 38 38.02 38.11 38.14 38.17 38.14 38.12 38.08 37.94 37.86 37.92 37.98 38.05 38.05 38.02 37.95 37.91 37.94 37.97 38 37.94 37.87 37.87 37.96 38.11 38.2 38.25 38.32 38.3 38.26 38.19 37.96 37.71 37.63 37.62 37.6 37.72 37.82 37.91 38.04 37.98 37.95 37.9 37.96 38.03 38.08 38.15 38.18 38.11 38.06 37.97 38.01 38.11 38.16 38.21 38.2 38.18 38.16
37.79 37.69 37.76 37.83 37.88 37.97 38.04 38.07 38.09 38.12 38.13 38.13 38.1 37.9 37.72 37.71 37.75 37.84 37.9 37.9 37.92 38 38.18 38.19 38.17 38.06 38.07 38.06 37.95 37.99 38.04 38.1 38.12 38.06 38.02 37.94 37.96 38.04 38.08 38.1 38.02 37.93 37.9 37.94 38.09 38.12 38.17 38.27 38.31 38.27 38.2 38 37.77 37.67 37.6 37.53 37.57 37.65 37.83 38 37.95 37.92 37.89 37.94 38.01 38.07 38.17 38.18 38.14 38.1 38.06 38.1 38.11 38.13 38.17 38.15 38.05 38.08
37.81 37.73 37.79 37.86 37.92 38 38.06 38.08 38.11 38.13 38.15 38.15 38.15 37.99 37.74 37.74 37.78 37.85 37.84 37.82 37.83 37.94 38.11 38.04 37.91 37.94 37.98 37.98 37.96 38.09 38.11 38.13 38.09 38.01 37.98 37.96 38.02 38.1 38.14 38.18 38.08 37.99 37.95 37.92 38.02 38.02 38.06 38.17 38.24 38.22 38.15 38 37.85 37.77 37.63 37.53 37.48 37.57 37.83 37.97 37.93 37.92 37.93 37.96 38.01 38.05 38.14 38.1 38.17 38.16 38.11 38.05 38 38.01 38.01 37.98 37.92 37.99
37.87 37.79 37.83 37.88 37.96 38.04 38.07 38.09 38.12 38.14 38.17 38.18 38.19 38.14 37.93 37.94 37.92 37.9 37.88 37.87 37.86 37.89 37.97 37.89 37.78 37.9 37.93 37.93 37.95 38.08 38.1 38.12 38.04 37.97 37.97 38 38.07 38.16 38.19 38.23 38.15 38.06 38 37.92 37.95 37.94 37.96 38.06 38.15 38.15 38.11 37.97 37.87 37.81 37.69 37.6 37.54 37.63 37.89 38.02 38.01 38 37.96 38.06 38.14 38.14 38.04 37.88 37.95 37.98 37.99 37.95 37.91 37.88 37.85 37.88 37.89 37.94
37.94 37.86 37.87 37.91 37.99 38.06 38.09 38.1 38.13 38.16 38.18 38.2 38.23 38.24 38.18 38.17 38.07 37.99 37.97 37.95 37.93 37.91 37.92 37.88 37.85 37.91 37.91 37.89 37.95 38.06 38.09 38.09 37.98 37.95 37.98 38.03 38.09 38.23 38.24 38.23 38.18 38.11 38.06 37.97 37.95 37.94 37.94 37.99 38.1 38.14 38.14 38 37.87 37.83 37.79 37.73 37.71 37.78 38 38.12 38.14 38.14 38.07 38.15 38.22 38.2 38.03 37.85 37.89 37.91 37.85 37.84 37.85 37.82 37.81 37.92 37.93 37.94
38.03 37.95 37.91 37.95 38.03 38.08 38.1 38.12 38.15 38.18 38.2 38.21 38.24 38.25 38.23 38.23 38.16 38.06 38 37.98 37.97 37.95 37.94 37.9 37.89 37.92 37.92 37.92 38.01 38.07 38.08 38.05 37.89 37.92 37.96 38.03 38.1 38.25 38.23 38.2 38.17 38.13 38.09 38.06 38.05 38.04 38.03 38.05 38.16 38.2 38.18 38.02 37.87 37.88 37.91 37.97 38 38.04 38.16 38.23 38.24 38.23 38.15 38.18 38.2 38.2 38.11 37.99 38.01 37.98 37.77 37.72 37.78 37.84 37.88 37.99 37.97 37.94
38.17 38.1 38.03 38.02 38.05 38.1 38.12 38.13 38.16 38.19 38.21 38.22 38.24 38.15 38.1 38.13 38.16 38.07 38.02 38.01 38 37.98 37.97 37.93 37.9 37.93 37.96 38.02 38.08 38.09 38.09 38.01 37.84 37.89 37.93 38 38.08 38.19 38.19 38.17 38.14 38.12 38.09 38.09 38.1 38.11 38.13 38.14 38.22 38.25 38.12 37.95 37.95 37.98 38.04 38.12 38.17 38.2 38.25 38.28 38.28 38.26 38.18 38.15 38.17 38.19 38.18 38.12 38.13 38.04 37.73 37.62 37.72 37.9 37.99 38.02 37.98 37.94
38.2 38.12 38.04 38.04 38.07 38.1 38.13 38.14 38.16 38.2 38.22 38.23 38.23 38.04 37.98 38 38.09 38.07 38.05 38.04 38.03 38.02 38 37.96 37.9 37.95 38.02 38.12 38.13 38.12 38.11 38.01 37.85 37.91 37.92 37.96 38.01 38.1 38.13 38.13 38.1 38.09 38.07 38.07 38.07 38.07 38.04 38.03 38.09 38.1 37.98 37.89 37.97 38.03 38.13 38.2 38.24 38.26 38.27 38.27 38.28 38.26 38.19 38.12 38.14 38.18 38.22 38.21 38.2 38.06 37.72 37.59 37.69 37.92 38.04 37.99 37.96 37.93
38.08 38.05 38.03 38.03 38.06 38.11 38.14 38.15 38.17 38.2 38.23 38.24 38.19 37.95 37.9 37.88 37.99 38.05 38.05 38.05 38.05 38.05 38.04 38 37.93 37.99 38.08 38.19 38.17 38.16 38.14 38.03 37.9 37.92 37.92 37.93 37.95 38.01 38.07 38.08 38.04 38.04 38.03 37.98 37.97 37.96 37.93 37.91 37.91 37.92 37.87 37.85 37.93 38.02 38.19 38.29 38.32 38.31 38.27 38.25 38.26 38.24 38.18 38.09 38.11 38.16 38.24 38.24 38.22 38.06 37.77 37.66 37.73 37.9 37.99 37.94 37.93 37.92
38.08 38.12 38.08 38.07 38.07 38.1 38.14 38.16 38.18 38.21 38.23 38.24 38.14 37.9 37.86 37.82 37.89 37.97 37.99 38.02 38.05 38.06 38.06 38.04 38 38.05 38.15 38.26 38.22 38.19 38.16 38.04 37.97 37.96 37.95 37.94 37.92 37.95 38 38.02 37.99 38.01 38.03 37.97 37.92 37.92 37.93 37.92 37.88 37.9 37.89 37.88 37.92 38.02 38.2 38.29 38.3 38.32 38.27 38.23 38.23 38.21 38.15 38.1 38.1 38.16 38.25 38.26 38.23 38.09 37.91 37.82 37.84 37.92 37.95 37.92 37.91 37.92
38.22 38.23 38.16 38.14 38.11 38.11 38.14 38.16 38.19 38.22 38.23 38.23 38.08 37.9 37.87 37.82 37.83 37.88 37.91 37.95 38.01 38.04 38.05 38.09 38.12 38.15 38.21 38.29 38.27 38.2 38.14 38.03 38.01 38 37.97 37.94 37.9 37.9 37.93 37.99 37.96 37.99 38.05 38.03 37.97 37.98 37.99 37.99 38 38.02 38.03 38.02 38.01 38.05 38.16 38.19 38.22 38.26 38.26 38.21 38.21 38.19 38.15 38.13 38.15 38.21 38.26 38.25 38.24 38.16 38.06 37.98 37.96 37.97 37.97 37.93 37.91 37.91
38.34 38.31 38.25 38.21 38.18 38.16 38.16 38.17 38.2 38.23 38.23 38.22 38.05 37.95 37.92 37.86 37.81 37.81 37.84 37.91 37.99 38.04 38.08 38.15 38.2 38.23 38.23 38.24 38.27 38.21 38.09 37.99 38.01 38.01 37.97 37.91 37.87 37.89 37.96 38.02 37.95 37.97 38.03 38.07 38.06 38.07 38.04 38.03 38.08 38.11 38.14 38.13 38.11 38.08 38.07 38.08 38.11 38.19 38.23 38.2 38.2 38.21 38.2 38.18 38.2 38.23 38.25 38.24 38.22 38.18 38.12 38.05 38.04 38.03 38.03 38 37.95 37.9
38.44 38.39 38.35 38.26 38.21 38.21 38.2 38.2 38.21 38.23 38.23 38.2 38.07 38.01 37.98 37.92 37.85 37.81 37.84 37.92 38.03 38.1 38.15 38.21 38.25 38.25 38.22 38.19 38.21 38.17 38.02 37.95 38 37.99 37.96 37.91 37.9 37.94 38.05 38.05 37.95 37.94 37.96 38.05 38.13 38.13 38.08 38.02 38.07 38.1 38.14 38.15 38.13 38.05 37.98 37.99 38.02 38.11 38.18 38.2 38.21 38.23 38.21 38.12 38.14 38.19 38.21 38.2 38.19 38.15 38.13 38.09 38.1 38.11 38.12 38.09 38 37.91
38.54 38.49 38.45 38.32 38.22 38.22 38.23 38.23 38.24 38.24 38.24 38.2 38.11 38.06 38.04 38 37.94 37.9 37.9 37.97 38.08 38.15 38.2 38.25 38.27 38.26 38.22 38.16 38.16 38.1 37.96 37.96 38.06 38.05 38.02 38 38.01 38.05 38.14 38.06 37.96 37.94 37.92 38.01 38.14 38.17 38.12 38.05 38.07 38.08 38.11 38.13 38.1 38.01 37.94 37.94 37.97 38.06 38.15 38.19 38.21 38.21 38.11 37.98 37.98 37.99 38.11 38.2 38.19 38.16 38.14 38.12 38.15 38.18 38.15 38.12 38 37.93
38.64 38.59 38.55 38.39 38.24 38.23 38.24 38.25 38.25 38.25 38.24 38.18 38.12 38.07 38.05 38.01 37.96 37.93 37.92 37.98 38.09 38.16 38.24 38.28 38.29 38.27 38.22 38.17 38.15 38.11 37.99 38 38.14 38.14 38.14 38.15 38.16 38.18 38.2 38.07 37.96 37.95 37.96 38.06 38.14 38.22 38.17 38.11 38.1 38.09 38.09 38.09 38.06 37.98 37.95 37.97 37.99 38.04 38.12 38.18 38.12 38 37.85 37.72 37.71 37.76 37.96 38.07 38.18 38.19 38.11 38.1 38.16 38.19 38.12 38.09 37.98 37.95
38.75 38.7 38.65 38.47 38.28 38.24 38.25 38.26 38.26 38.23 38.21 38.14 38.09 38.05 38.02 37.97 37.94 37.93 37.93 37.95 38.07 38.12 38.25 38.3 38.3 38.27 38.22 38.18 38.18 38.16 38.08 38.06 38.18 38.18 38.2 38.25 38.27 38.27 38.22 38.07 37.98 37.98 38.04 38.15 38.19 38.23 38.16 38.1 38.09 38.07 38.05 38.05 38.04 37.99 37.96 37.97 37.98 37.97 38.04 38.12 38.05 37.88 37.7 37.61 37.51 37.61 37.81 37.9 38.11 38.17 38.05 38.07 38.17 38.17 38.09 38.06 37.98 37.97
38.94 38.86 38.8 38.61 38.4 38.28 38.27 38.26 38.25 38.19 38.16 38.1 38.04 38.01 37.99 37.96 37.95 37.95 37.93 37.93 38.02 38.08 38.22 38.29 38.28 38.26 38.21 38.17 38.18 38.17 38.14 38.12 38.17 38.15 38.17 38.27 38.26 38.25 38.19 38.05 38.01 38.01 38.08 38.17 38.18 38.17 38.1 38.06 38.04 38.01 37.96 37.99 38.01 38.06 38.04 38.02 38.02 37.99 38 38.04 38.03 37.89 37.72 37.64 37.49 37.57 37.74 37.82 38.03 38.17 38.1 38.11 38.18 38.14 38.09 38.06 38.01 38
39.25 39 38.92 38.73 38.52 38.36 38.31 38.26 38.21 38.14 38.11 38.06 38 37.98 37.97 37.97 37.96 37.96 37.94 37.92 37.96 38.02 38.19 38.28 38.26 38.26 38.21 38.14 38.12 38.1 38.09 38.12 38.11 38.07 38.1 38.2 38.2 38.17 38.13 38.02 38 38.01 38.08 38.14 38.12 37.98 37.9 37.93 37.94 37.92 37.9 37.94 38 38.13 38.14 38.12 38.11 38.08 38.05 38.04 38.02 37.94 37.77 37.7 37.53 37.61 37.76 37.83 38.01 38.17 38.19 38.18 38.18 38.14 38.09 38.08 38.04 38.03
39.6 39.14 39.04 38.81 38.6 38.44 38.36 38.25 38.16 38.11 38.07 38.03 37.99 37.99 37.98 37.98 37.97 37.97 37.95 37.92 37.91 37.97 38.15 38.28 38.32 38.31 38.24 38.13 38.07 38.03 37.98 38.01 37.99 37.97 37.99 38.04 38.05 38.04 38.03 37.96 37.95 37.97 38.01 38.09 38.08 37.86 37.72 37.78 37.82 37.86 37.86 37.91 37.99 38.16 38.21 38.19 38.18 38.15 38.1 38.07 38.03 37.97 37.84 37.76 37.59 37.66 37.8 37.87 38.03 38.16 38.21 38.21 38.19 38.15 38.11 38.09 38.06 38.08
39.79 39.35 39.19 38.92 38.7 38.54 38.43 38.24 38.11 38.09 38.04 38.01 38 38 37.99 37.99 37.98 37.98 37.97 37.94 37.89 37.94 38.1 38.28 38.4 38.37 38.26 38.15 38.05 37.99 37.91 37.9 37.9 37.9 37.86 37.8 37.79 37.79 37.81 37.81 37.83 37.87 37.92 38.04 38.08 38 37.82 37.8 37.83 37.89 37.88 37.91 38.02 38.19 38.23 38.22 38.19 38.15 38.08 38.06 38.01 37.97 37.89 37.81 37.64 37.71 37.84 37.91 38.04 38.14 38.2 38.22 38.2 38.16 38.13 38.11 38.08 38.09
39.91 39.53 39.36 39.05 38.82 38.68 38.48 38.22 38.08 38.06 38.03 38.02 38.02 38.01 38.01 38 37.99 37.99 37.98 37.96 37.91 37.94 38.06 38.24 38.38 38.35 38.23 38.12 38.06 37.96 37.91 37.89 37.88 37.86 37.8 37.72 37.71 37.72 37.76 37.79 37.81 37.87 37.92 38.05 38.12 38.19 38.09 38.01 37.99 37.99 37.96 37.97 38.08 38.23 38.22 38.2 38.16 38.12 38.02 37.99 37.93 37.91 37.89 37.83 37.7 37.76 37.88 37.94 38.05 38.17 38.23 38.23 38.22 38.18 38.16 38.13 38.11 38.1
40.17 39.84 39.54 39.18 38.94 38.81 38.47 38.2 38.13 38.09 38.04 38.03 38.02 38.02 38.01 38.01 38 38 37.99 37.98 37.96 37.98 38.04 38.17 38.31 38.29 38.16 38.03 37.99 37.93 37.93 37.92 37.9 37.85 37.81 37.77 37.78 37.8 37.84 37.87 37.89 37.94 37.98 38.09 38.17 38.26 38.25 38.2 38.16 38.1 38.07 38.08 38.16 38.24 38.22 38.19 38.13 38.07 37.99 37.95 37.88 37.86 37.85 37.83 37.74 37.8 37.9 37.98 38.12 38.22 38.25 38.25 38.23 38.19 38.18 38.17 38.15 38.14
40.49 40.23 39.69 39.31 39.07 38.91 38.49 38.26 38.23 38.19 38.09 38.03 38.02 38.02 38.01 38.01 38.01 38.01 38 38.01 38.03 38.04 38.07 38.15 38.22 38.25 38.13 37.97 37.95 37.93 37.95 37.95 37.93 37.89 37.85 37.84 37.84 37.87 37.91 37.95 37.97 38.02 38.07 38.15 38.21 38.26 38.27 38.25 38.23 38.18 38.16 38.17 38.22 38.24 38.22 38.2 38.13 38.08 38.03 38 37.95 37.9 37.86 37.83 37.77 37.89 38 38.08 38.21 38.25 38.26 38.26 38.26 38.23 38.22 38.21 38.19 38.18
40.69 40.42 39.79 39.45 39.25 39.06 38.64 38.35 38.33 38.29 38.2 38.1 38.04 38.02 38.01 38 38 38 38 38.03 38.06 38.09 38.11 38.17 38.19 38.25 38.19 38.04 38.02 37.99 38 37.99 37.98 37.97 37.93 37.9 37.9 37.91 37.96 38.03 38.06 38.11 38.15 38.19 38.23 38.25 38.25 38.23 38.19 38.21 38.2 38.21 38.23 38.23 38.23 38.22 38.21 38.18 38.12 38.11 38.06 37.97 37.86 37.81 37.82 38.05 38.13 38.2 38.24 38.24 38.25 38.25 38.27 38.26 38.26 38.24 38.22 38.21
40.7 40.43 39.86 39.6 39.42 39.26 38.87 38.52 38.37 38.35 38.29 38.21 38.15 38.11 38.06 38.01 37.98 37.99 38.02 38.06 38.08 38.12 38.16 38.19 38.22 38.26 38.27 38.18 38.15 38.11 38.09 38.08 38.08 38.07 38.02 37.97 37.95 37.94 38 38.08 38.14 38.19 38.22 38.23 38.23 38.23 38.2 38.17 38.08 38.19 38.22 38.22 38.21 38.19 38.21 38.21 38.22 38.19 38.16 38.14 38.01 37.85 37.76 37.79 37.94 38.17 38.18 38.2 38.2 38.2 38.2 38.21 38.26 38.26 38.27 38.25 38.24 38.23
40.7 40.46 39.98 39.73 39.6 39.55 39.23 38.86 38.53 38.42 38.3 38.23 38.18 38.14 38.07 38.01 37.98 37.99 38.04 38.08 38.1 38.15 38.19 38.21 38.22 38.27 38.3 38.28 38.25 38.21 38.19 38.18 38.18 38.16 38.08 38.01 37.98 37.97 38.03 38.09 38.19 38.27 38.28 38.25 38.21 38.18 38.09 38.02 37.96 38.13 38.23 38.22 38.18 38.13 38.19 38.2 38.18 38.11 38.08 38.05 37.9 37.79 37.76 37.84 38.02 38.18 38.16 38.12 38.12 38.12 38.13 38.16 38.26 38.26 38.26 38.25 38.25 38.24
