slabs/25.grd
DSAA
631 301
643260 643890
4947200 4947500
36.9 45.24
[rows 34 to 67 of 300, columns 468 to 545 of 631]
40.91 40.92 40.92 40.92 40.93 40.98 41.09 41.08 40.86 40.51 40.27 40.06 39.72 39.34 39.1 38.86 38.46 38.01 37.83 37.72 37.78 37.8 37.8 37.81 37.8 37.8 37.8 37.8 37.79 37.78 37.78 37.78 37.77 37.77 37.77 37.76 37.76 37.76 37.75 37.74 37.74 37.74 37.74 37.73 37.73 37.73 37.72 37.72 37.71 37.7 37.68 37.63 37.65 37.72 37.74 37.73 37.72 37.71 37.7 37.69 37.7 37.64 37.5 37.41 37.38 37.37 37.38 37.57 37.6 37.54 37.45 37.36 37.32 37.31 37.42 37.56 37.61 37.69
40.91 40.94 40.94 40.93 40.92 40.94 41.03 41 40.75 40.4 40.16 39.91 39.5 39.08 38.85 38.64 38.31 38.01 37.9 37.82 37.81 37.81 37.81 37.81 37.8 37.79 37.79 37.79 37.78 37.78 37.78 37.77 37.77 37.77 37.76 37.75 37.75 37.74 37.74 37.74 37.73 37.73 37.73 37.73 37.72 37.72 37.72 37.71 37.71 37.7 37.7 37.67 37.68 37.77 37.8 37.78 37.79 37.77 37.71 37.61 37.54 37.47 37.36 37.34 37.34 37.41 37.46 37.59 37.6 37.54 37.47 37.43 37.41 37.4 37.45 37.52 37.57 37.65
40.91 40.93 40.91 40.89 40.9 40.91 40.92 40.88 40.63 40.26 39.97 39.68 39.24 38.84 38.65 38.48 38.24 38.05 37.93 37.84 37.81 37.81 37.81 37.81 37.8 37.79 37.79 37.78 37.78 37.78 37.78 37.78 37.77 37.77 37.76 37.76 37.75 37.75 37.75 37.74 37.73 37.73 37.73 37.72 37.72 37.71 37.71 37.7 37.7 37.7 37.7 37.68 37.66 37.74 37.84 37.82 37.81 37.79 37.67 37.51 37.42 37.34 37.24 37.28 37.37 37.49 37.56 37.63 37.62 37.6 37.57 37.55 37.54 37.54 37.66 37.7 37.71 37.72
40.91 40.92 40.92 40.92 40.9 40.87 40.83 40.72 40.45 40.02 39.72 39.43 39.03 38.68 38.48 38.35 38.18 38.01 37.9 37.82 37.8 37.8 37.8 37.8 37.8 37.8 37.79 37.78 37.78 37.78 37.78 37.78 37.77 37.77 37.77 37.77 37.77 37.77 37.76 37.75 37.75 37.74 37.74 37.73 37.72 37.71 37.71 37.71 37.7 37.7 37.69 37.68 37.67 37.73 37.84 37.82 37.74 37.71 37.58 37.45 37.38 37.3 37.23 37.36 37.54 37.62 37.67 37.71 37.71 37.74 37.76 37.75 37.74 37.73 37.84 37.88 37.86 37.83
40.91 40.92 40.92 40.93 40.9 40.79 40.66 40.42 40.1 39.72 39.47 39.2 38.84 38.52 38.32 38.21 38.05 37.9 37.84 37.81 37.8 37.8 37.8 37.79 37.79 37.79 37.79 37.78 37.78 37.78 37.78 37.77 37.77 37.77 37.77 37.77 37.77 37.77 37.77 37.76 37.76 37.75 37.75 37.75 37.74 37.73 37.73 37.72 37.72 37.71 37.7 37.7 37.69 37.73 37.84 37.79 37.67 37.61 37.56 37.54 37.53 37.49 37.45 37.56 37.72 37.77 37.8 37.83 37.83 37.87 37.89 37.89 37.88 37.87 37.87 37.86 37.86 37.84
40.91 40.92 40.94 40.95 40.9 40.7 40.52 40.19 39.75 39.37 39.15 38.91 38.61 38.35 38.18 38.08 37.9 37.8 37.79 37.79 37.79 37.79 37.79 37.78 37.78 37.78 37.78 37.78 37.77 37.77 37.77 37.77 37.77 37.77 37.77 37.77 37.77 37.77 37.76 37.76 37.76 37.76 37.76 37.75 37.74 37.74 37.74 37.73 37.73 37.73 37.72 37.71 37.71 37.73 37.81 37.75 37.62 37.54 37.54 37.56 37.58 37.6 37.61 37.67 37.74 37.82 37.88 37.91 37.9 37.9 37.88 37.88 37.88 37.87 37.86 37.85 37.85 37.84
40.93 40.93 40.95 40.97 40.9 40.68 40.5 40.15 39.66 39.21 38.94 38.65 38.4 38.18 38.09 37.95 37.81 37.77 37.77 37.77 37.78 37.78 37.78 37.78 37.77 37.77 37.77 37.77 37.77 37.77 37.77 37.77 37.77 37.77 37.76 37.76 37.76 37.76 37.76 37.75 37.75 37.75 37.75 37.74 37.74 37.74 37.74 37.73 37.73 37.73 37.73 37.72 37.72 37.73 37.66 37.57 37.51 37.48 37.5 37.52 37.55 37.57 37.61 37.65 37.67 37.77 37.88 37.91 37.9 37.89 37.88 37.88 37.88 37.87 37.86 37.86 37.85 37.84
40.93 40.96 40.99 41.01 40.91 40.68 40.52 40.23 39.79 39.24 38.87 38.5 38.23 38.07 37.98 37.84 37.77 37.76 37.75 37.76 37.77 37.77 37.78 37.77 37.77 37.77 37.77 37.77 37.76 37.76 37.76 37.76 37.76 37.76 37.75 37.75 37.75 37.75 37.75 37.74 37.74 37.74 37.74 37.74 37.73 37.73 37.73 37.73 37.73 37.72 37.72 37.72 37.72 37.72 37.54 37.42 37.42 37.45 37.48 37.52 37.55 37.58 37.62 37.65 37.67 37.77 37.88 37.91 37.9 37.89 37.88 37.88 37.88 37.87 37.87 37.87 37.86 37.84
40.94 41.02 41.08 41.08 40.9 40.66 40.51 40.3 39.81 39.19 38.76 38.34 38.07 37.96 37.86 37.78 37.75 37.75 37.74 37.75 37.75 37.76 37.76 37.77 37.76 37.76 37.76 37.76 37.76 37.76 37.75 37.75 37.75 37.75 37.74 37.74 37.74 37.74 37.74 37.74 37.73 37.73 37.73 37.73 37.73 37.72 37.72 37.72 37.72 37.71 37.7 37.7 37.7 37.7 37.54 37.42 37.42 37.46 37.5 37.53 37.56 37.59 37.63 37.66 37.69 37.78 37.89 37.91 37.91 37.9 37.89 37.88 37.88 37.87 37.87 37.87 37.86 37.83
40.96 41.07 41.14 41.14 40.85 40.57 40.43 40.23 39.65 39.13 38.66 38.17 37.9 37.76 37.73 37.75 37.75 37.75 37.74 37.74 37.74 37.74 37.74 37.75 37.75 37.76 37.75 37.75 37.75 37.75 37.74 37.74 37.74 37.74 37.74 37.73 37.73 37.73 37.73 37.72 37.72 37.72 37.72 37.72 37.71 37.71 37.7 37.7 37.7 37.7 37.7 37.69 37.69 37.69 37.55 37.42 37.41 37.47 37.51 37.55 37.57 37.61 37.65 37.67 37.7 37.79 37.89 37.91 37.91 37.9 37.89 37.88 37.88 37.88 37.87 37.87 37.87 37.83
40.99 41.09 41.14 41.12 40.72 40.41 40.24 39.9 39.33 38.85 38.4 38.02 37.75 37.61 37.7 37.75 37.75 37.75 37.74 37.73 37.73 37.73 37.73 37.73 37.74 37.74 37.74 37.74 37.74 37.74 37.74 37.73 37.73 37.73 37.73 37.72 37.72 37.72 37.72 37.71 37.71 37.71 37.7 37.7 37.7 37.7 37.7 37.69 37.69 37.69 37.69 37.69 37.69 37.68 37.55 37.43 37.41 37.47 37.53 37.56 37.59 37.62 37.66 37.69 37.72 37.8 37.89 37.91 37.91 37.9 37.89 37.88 37.88 37.88 37.87 37.87 37.87 37.83
41.07 41.09 41.08 40.95 40.51 40.24 40.03 39.61 39.02 38.6 38.29 37.98 37.75 37.8 37.78 37.76 37.75 37.75 37.74 37.73 37.72 37.72 37.72 37.72 37.72 37.73 37.73 37.73 37.73 37.73 37.73 37.72 37.72 37.72 37.71 37.71 37.71 37.71 37.7 37.7 37.7 37.7 37.7 37.69 37.69 37.69 37.69 37.69 37.69 37.68 37.68 37.69 37.69 37.67 37.56 37.43 37.41 37.45 37.52 37.57 37.6 37.64 37.68 37.71 37.74 37.8 37.89 37.91 37.91 37.9 37.89 37.89 37.88 37.88 37.88 37.88 37.87 37.83
41.14 41.12 41.05 40.8 40.33 40.02 39.77 39.33 38.83 38.52 38.28 38.02 37.81 37.79 37.77 37.75 37.74 37.74 37.74 37.73 37.72 37.72 37.72 37.71 37.71 37.71 37.71 37.71 37.71 37.71 37.71 37.71 37.71 37.71 37.7 37.7 37.7 37.7 37.7 37.69 37.69 37.69 37.69 37.69 37.68 37.68 37.69 37.69 37.69 37.67 37.67 37.68 37.68 37.67 37.56 37.43 37.42 37.44 37.51 37.57 37.61 37.65 37.69 37.72 37.75 37.82 37.89 37.91 37.91 37.9 37.9 37.9 37.89 37.88 37.88 37.88 37.88 37.83
41.19 41.15 41.05 40.74 40.27 39.92 39.57 39.08 38.63 38.42 38.23 38.05 37.88 37.78 37.76 37.75 37.74 37.74 37.74 37.73 37.72 37.72 37.71 37.7 37.7 37.7 37.69 37.69 37.69 37.69 37.7 37.7 37.7 37.7 37.7 37.69 37.69 37.69 37.69 37.69 37.68 37.69 37.69 37.68 37.67 37.67 37.68 37.68 37.68 37.67 37.67 37.67 37.67 37.66 37.57 37.44 37.42 37.45 37.49 37.52 37.6 37.67 37.71 37.74 37.77 37.83 37.9 37.91 37.91 37.9 37.9 37.9 37.89 37.89 37.89 37.89 37.88 37.83
41.17 41.12 40.98 40.67 40.16 39.79 39.39 38.9 38.43 38.22 38.09 37.97 37.84 37.77 37.76 37.75 37.74 37.74 37.73 37.73 37.72 37.72 37.71 37.7 37.7 37.7 37.69 37.68 37.68 37.68 37.68 37.69 37.7 37.7 37.69 37.69 37.69 37.69 37.69 37.68 37.67 37.68 37.68 37.67 37.67 37.67 37.67 37.67 37.67 37.66 37.66 37.66 37.66 37.65 37.57 37.44 37.43 37.45 37.49 37.51 37.57 37.66 37.72 37.76 37.79 37.84 37.9 37.92 37.91 37.91 37.91 37.91 37.9 37.9 37.9 37.89 37.88 37.82
41.07 40.94 40.77 40.47 39.96 39.61 39.21 38.71 38.18 37.87 37.8 37.81 37.78 37.76 37.76 37.75 37.74 37.74 37.73 37.72 37.72 37.72 37.71 37.7 37.7 37.7 37.69 37.68 37.68 37.67 37.67 37.67 37.68 37.69 37.69 37.68 37.68 37.68 37.68 37.68 37.67 37.67 37.67 37.67 37.67 37.66 37.66 37.66 37.66 37.66 37.65 37.65 37.65 37.65 37.57 37.44 37.43 37.46 37.49 37.51 37.55 37.62 37.7 37.76 37.81 37.86 37.91 37.92 37.91 37.91 37.91 37.91 37.9 37.9 37.9 37.9 37.88 37.82
40.94 40.72 40.52 40.21 39.7 39.36 38.96 38.47 37.94 37.6 37.59 37.72 37.77 37.77 37.76 37.75 37.74 37.74 37.73 37.72 37.72 37.72 37.71 37.7 37.7 37.7 37.69 37.68 37.68 37.67 37.66 37.66 37.67 37.67 37.67 37.68 37.68 37.67 37.67 37.67 37.67 37.66 37.66 37.66 37.66 37.66 37.65 37.65 37.65 37.65 37.65 37.65 37.64 37.64 37.56 37.45 37.44 37.47 37.49 37.52 37.54 37.58 37.64 37.74 37.82 37.87 37.91 37.92 37.92 37.91 37.91 37.91 37.91 37.9 37.9 37.9 37.88 37.82
40.83 40.52 40.21 39.93 39.47 39.15 38.72 38.24 37.82 37.56 37.6 37.74 37.78 37.78 37.77 37.76 37.75 37.74 37.73 37.72 37.72 37.72 37.71 37.7 37.7 37.69 37.68 37.68 37.68 37.67 37.66 37.66 37.66 37.65 37.66 37.66 37.67 37.66 37.66 37.66 37.66 37.66 37.65 37.65 37.65 37.65 37.65 37.65 37.64 37.63 37.63 37.64 37.63 37.63 37.56 37.46 37.45 37.47 37.5 37.52 37.54 37.58 37.6 37.69 37.82 37.89 37.93 37.92 37.92 37.92 37.91 37.91 37.91 37.91 37.91 37.9 37.88 37.82
40.77 40.4 39.94 39.67 39.31 39.05 38.59 38.14 37.85 37.65 37.63 37.75 37.79 37.79 37.78 37.77 37.76 37.75 37.74 37.72 37.72 37.71 37.7 37.7 37.7 37.69 37.68 37.68 37.68 37.67 37.66 37.66 37.66 37.65 37.65 37.65 37.65 37.66 37.65 37.65 37.65 37.65 37.65 37.65 37.64 37.64 37.64 37.64 37.63 37.62 37.62 37.62 37.62 37.62 37.57 37.49 37.46 37.48 37.5 37.52 37.55 37.58 37.6 37.63 37.79 37.89 37.93 37.93 37.92 37.92 37.91 37.91 37.91 37.91 37.91 37.9 37.88 37.83
40.76 40.35 39.85 39.47 39.19 38.99 38.56 38.19 38 37.77 37.67 37.77 37.8 37.8 37.79 37.77 37.77 37.76 37.75 37.73 37.73 37.72 37.71 37.7 37.7 37.69 37.68 37.68 37.68 37.67 37.66 37.66 37.65 37.65 37.64 37.64 37.64 37.64 37.64 37.64 37.64 37.64 37.64 37.64 37.63 37.62 37.62 37.62 37.62 37.61 37.61 37.61 37.61 37.61 37.6 37.53 37.47 37.48 37.51 37.53 37.55 37.59 37.6 37.62 37.7 37.86 37.93 37.93 37.92 37.92 37.92 37.91 37.91 37.91 37.91 37.91 37.88 37.84
40.74 40.34 39.82 39.33 39.1 38.94 38.6 38.25 38.04 37.79 37.7 37.78 37.81 37.81 37.8 37.78 37.77 37.77 37.76 37.74 37.73 37.72 37.71 37.7 37.7 37.69 37.68 37.68 37.67 37.67 37.66 37.66 37.65 37.65 37.64 37.64 37.63 37.63 37.62 37.62 37.62 37.62 37.62 37.62 37.62 37.61 37.61 37.61 37.61 37.61 37.6 37.6 37.6 37.6 37.6 37.53 37.48 37.49 37.51 37.53 37.56 37.59 37.61 37.63 37.67 37.79 37.9 37.9 37.91 37.91 37.92 37.92 37.91 37.91 37.91 37.9 37.88 37.86
40.77 40.35 39.8 39.28 39 38.82 38.6 38.25 37.98 37.72 37.7 37.8 37.81 37.81 37.8 37.79 37.78 37.77 37.76 37.75 37.74 37.73 37.72 37.71 37.71 37.7 37.68 37.68 37.67 37.66 37.66 37.66 37.65 37.64 37.63 37.63 37.63 37.62 37.61 37.61 37.61 37.61 37.61 37.61 37.61 37.61 37.6 37.6 37.6 37.6 37.6 37.6 37.59 37.59 37.59 37.54 37.48 37.49 37.52 37.54 37.56 37.6 37.62 37.64 37.66 37.75 37.83 37.88 37.87 37.88 37.9 37.91 37.92 37.91 37.9 37.92 37.9 37.87
40.89 40.42 39.78 39.22 38.92 38.72 38.45 38.1 37.9 37.68 37.71 37.81 37.83 37.82 37.81 37.8 37.79 37.78 37.77 37.76 37.76 37.75 37.74 37.73 37.72 37.71 37.7 37.69 37.68 37.67 37.66 37.66 37.65 37.64 37.63 37.63 37.63 37.62 37.61 37.61 37.61 37.6 37.6 37.6 37.6 37.6 37.6 37.6 37.59 37.59 37.59 37.59 37.59 37.59 37.59 37.55 37.49 37.5 37.52 37.54 37.57 37.6 37.62 37.64 37.66 37.71 37.76 37.85 37.86 37.86 37.88 37.89 37.9 37.9 37.89 37.95 37.95 37.91
40.94 40.4 39.69 39.09 38.82 38.62 38.32 37.98 37.84 37.65 37.72 37.82 37.84 37.83 37.82 37.81 37.81 37.8 37.78 37.78 37.77 37.76 37.75 37.74 37.73 37.72 37.71 37.7 37.69 37.68 37.67 37.66 37.65 37.65 37.64 37.63 37.63 37.62 37.61 37.61 37.6 37.6 37.6 37.59 37.59 37.6 37.6 37.6 37.59 37.59 37.59 37.59 37.58 37.58 37.58 37.55 37.5 37.5 37.52 37.54 37.57 37.6 37.62 37.64 37.65 37.68 37.73 37.82 37.89 37.94 37.95 37.93 37.91 37.92 37.93 38 37.98 37.92
40.87 40.35 39.51 38.95 38.71 38.51 38.24 37.94 37.79 37.64 37.74 37.84 37.85 37.85 37.84 37.83 37.82 37.81 37.8 37.79 37.78 37.77 37.76 37.75 37.74 37.73 37.72 37.71 37.7 37.69 37.68 37.67 37.66 37.66 37.65 37.64 37.63 37.62 37.61 37.61 37.6 37.59 37.59 37.59 37.58 37.59 37.59 37.59 37.58 37.58 37.58 37.58 37.58 37.57 37.57 37.56 37.5 37.51 37.52 37.55 37.57 37.6 37.61 37.62 37.62 37.67 37.78 37.89 37.99 38.06 38.06 38.03 38 38.01 38.03 38.02 37.94 37.87
40.43 40.11 39.37 38.83 38.61 38.4 38.15 37.89 37.75 37.67 37.78 37.86 37.87 37.86 37.85 37.84 37.83 37.82 37.81 37.8 37.79 37.78 37.77 37.76 37.75 37.74 37.73 37.72 37.71 37.7 37.69 37.68 37.67 37.66 37.65 37.65 37.64 37.62 37.62 37.61 37.6 37.59 37.59 37.59 37.58 37.58 37.57 37.57 37.58 37.57 37.57 37.57 37.57 37.56 37.56 37.56 37.51 37.51 37.53 37.55 37.57 37.59 37.58 37.59 37.67 37.78 37.92 38.04 38.12 38.13 38.12 38.13 38.11 38.08 38.01 37.91 37.82 37.79
39.97 39.73 39.2 38.71 38.5 38.31 38.08 37.89 37.77 37.72 37.82 37.88 37.88 37.87 37.86 37.85 37.84 37.83 37.82 37.81 37.8 37.79 37.78 37.77 37.76 37.75 37.73 37.73 37.72 37.71 37.69 37.69 37.68 37.67 37.66 37.66 37.65 37.63 37.62 37.62 37.61 37.59 37.59 37.59 37.58 37.57 37.57 37.56 37.56 37.56 37.56 37.56 37.56 37.56 37.55 37.55 37.51 37.51 37.54 37.56 37.56 37.56 37.55 37.6 37.84 38 38.08 38.16 38.21 38.19 38.17 38.18 38.1 37.99 37.83 37.68 37.66 37.67
39.88 39.63 39.05 38.6 38.43 38.26 38.07 37.95 37.83 37.79 37.86 37.89 37.89 37.88 37.87 37.86 37.85 37.84 37.83 37.82 37.81 37.8 37.79 37.78 37.77 37.76 37.74 37.73 37.73 37.72 37.7 37.69 37.68 37.68 37.67 37.67 37.66 37.64 37.63 37.63 37.62 37.6 37.59 37.59 37.58 37.57 37.57 37.56 37.56 37.55 37.55 37.55 37.55 37.54 37.54 37.54 37.51 37.52 37.54 37.55 37.55 37.56 37.59 37.72 38.02 38.16 38.17 38.26 38.28 38.25 38.19 38.12 37.98 37.87 37.72 37.64 37.63 37.6
39.85 39.58 38.93 38.54 38.42 38.26 38.08 37.99 37.88 37.85 37.88 37.89 37.9 37.89 37.88 37.88 37.87 37.86 37.85 37.84 37.83 37.81 37.8 37.79 37.78 37.77 37.76 37.75 37.74 37.72 37.71 37.7 37.69 37.69 37.68 37.67 37.66 37.65 37.65 37.64 37.63 37.61 37.61 37.6 37.59 37.58 37.57 37.56 37.55 37.54 37.54 37.54 37.53 37.53 37.53 37.53 37.51 37.52 37.54 37.55 37.58 37.65 37.73 37.9 38.14 38.26 38.27 38.35 38.29 38.23 38.16 38.07 37.91 37.78 37.72 37.62 37.62 37.59
39.6 39.29 38.8 38.52 38.43 38.27 38.07 37.94 37.89 37.89 37.87 37.87 37.88 37.88 37.88 37.89 37.89 37.89 37.89 37.88 37.87 37.85 37.84 37.83 37.82 37.8 37.79 37.78 37.76 37.75 37.74 37.72 37.71 37.71 37.71 37.7 37.69 37.68 37.67 37.67 37.65 37.63 37.63 37.61 37.61 37.6 37.59 37.58 37.57 37.56 37.55 37.54 37.53 37.53 37.52 37.52 37.51 37.52 37.54 37.59 37.73 37.85 37.96 38.07 38.23 38.34 38.41 38.37 38.24 38.17 38.11 38.02 37.88 37.7 37.66 37.63 37.61 37.56
39.34 39.07 38.68 38.49 38.43 38.26 38.05 37.93 37.89 37.87 37.84 37.85 37.85 37.85 37.86 37.87 37.87 37.87 37.88 37.88 37.88 37.88 37.88 37.87 37.86 37.86 37.85 37.84 37.83 37.81 37.8 37.78 37.76 37.77 37.79 37.78 37.77 37.75 37.74 37.73 37.71 37.69 37.68 37.67 37.65 37.63 37.62 37.61 37.59 37.58 37.57 37.55 37.54 37.53 37.52 37.52 37.52 37.55 37.6 37.78 37.98 38.08 38.15 38.2 38.34 38.47 38.47 38.37 38.23 38.13 38.04 37.92 37.8 37.72 37.68 37.63 37.59 37.55
39.12 38.85 38.59 38.46 38.35 38.22 38.03 37.91 37.89 37.82 37.81 37.82 37.82 37.83 37.84 37.84 37.85 37.85 37.85 37.86 37.86 37.86 37.87 37.87 37.87 37.87 37.87 37.88 37.87 37.85 37.84 37.84 37.83 37.84 37.87 37.86 37.84 37.83 37.82 37.82 37.8 37.78 37.77 37.75 37.73 37.71 37.7 37.68 37.66 37.64 37.63 37.61 37.58 37.56 37.55 37.54 37.61 37.7 37.82 37.99 38.17 38.26 38.3 38.32 38.39 38.47 38.48 38.38 38.27 38.12 37.97 37.81 37.74 37.73 37.68 37.61 37.57 37.53
38.9 38.57 38.42 38.35 38.27 38.17 38.01 37.9 37.86 37.79 37.78 37.79 37.8 37.81 37.82 37.82 37.82 37.83 37.83 37.83 37.83 37.84 37.85 37.85 37.84 37.84 37.85 37.85 37.86 37.86 37.86 37.86 37.86 37.87 37.87 37.87 37.86 37.86 37.86 37.87 37.86 37.85 37.84 37.83 37.81 37.8 37.79 37.78 37.75 37.73 37.72 37.7 37.68 37.66 37.64 37.65 37.8 37.91 38.02 38.18 38.33 38.39 38.4 38.4 38.38 38.39 38.39 38.31 38.19 38.04 37.87 37.67 37.64 37.68 37.66 37.59 37.55 37.51
38.83 38.54 38.43 38.37 38.28 38.17 38.02 37.91 37.82 37.75 37.76 37.77 37.78 37.79 37.79 37.79 37.8 37.8 37.8 37.8 37.8 37.8 37.81 37.82 37.81 37.81 37.81 37.82 37.82 37.83 37.83 37.83 37.84 37.84 37.85 37.85 37.86 37.86 37.86 37.87 37.87 37.87 37.86 37.85 37.85 37.85 37.85 37.85 37.83 37.81 37.8 37.79 37.76 37.75 37.74 37.76 37.99 38.12 38.2 38.32 38.43 38.48 38.48 38.43 38.3 38.23 38.23 38.13 38 37.9 37.68 37.49 37.49 37.61 37.63 37.57 37.53 37.49
