slabs/25.grd
DSAA
631 301
643260 643890
4947200 4947500
36.9 45.24
[rows 204 to 237 of 300, columns 390 to 467 of 631]
37.8 37.78 37.81 37.82 37.78 37.73 37.74 37.72 37.76 37.83 37.81 37.82 37.83 37.8 37.73 37.67 37.65 37.71 37.78 37.77 37.71 37.62 37.56 37.77 37.86 37.83 37.79 37.76 37.78 37.8 37.81 37.87 37.92 37.89 37.85 37.77 37.66 37.67 37.74 37.8 37.71 37.58 37.74 37.79 37.64 37.54 37.74 37.76 37.63 37.48 37.42 37.46 37.51 37.57 37.7 37.79 37.78 37.72 37.71 37.75 37.73 37.71 37.66 37.68 37.68 37.76 37.79 37.76 37.8 37.71 37.65 37.71 37.81 37.84 37.84 37.76 37.65 37.61
37.81 37.8 37.83 37.85 37.79 37.77 37.78 37.74 37.7 37.72 37.74 37.77 37.79 37.79 37.76 37.7 37.67 37.72 37.78 37.78 37.74 37.67 37.61 37.73 37.86 37.89 37.8 37.69 37.66 37.74 37.85 37.89 37.87 37.86 37.86 37.81 37.73 37.74 37.8 37.82 37.71 37.65 37.76 37.77 37.66 37.63 37.78 37.81 37.73 37.61 37.57 37.58 37.58 37.63 37.76 37.81 37.72 37.62 37.63 37.67 37.63 37.6 37.6 37.73 37.83 37.81 37.8 37.81 37.81 37.78 37.79 37.8 37.83 37.83 37.84 37.65 37.47 37.53
37.77 37.79 37.83 37.83 37.76 37.78 37.78 37.72 37.65 37.66 37.73 37.74 37.71 37.69 37.66 37.62 37.65 37.73 37.78 37.76 37.76 37.73 37.67 37.76 37.85 37.89 37.81 37.74 37.74 37.75 37.81 37.79 37.75 37.78 37.84 37.83 37.79 37.74 37.78 37.83 37.72 37.65 37.68 37.68 37.7 37.74 37.79 37.76 37.71 37.7 37.72 37.75 37.72 37.73 37.78 37.78 37.61 37.56 37.65 37.65 37.56 37.47 37.48 37.69 37.81 37.77 37.77 37.76 37.75 37.75 37.74 37.72 37.73 37.77 37.77 37.62 37.55 37.63
37.78 37.8 37.81 37.77 37.71 37.78 37.78 37.69 37.64 37.71 37.8 37.74 37.64 37.6 37.59 37.59 37.63 37.72 37.72 37.71 37.73 37.76 37.72 37.78 37.84 37.85 37.79 37.78 37.81 37.77 37.77 37.68 37.68 37.77 37.81 37.81 37.79 37.71 37.71 37.78 37.65 37.57 37.53 37.51 37.63 37.72 37.77 37.74 37.71 37.74 37.8 37.84 37.84 37.82 37.82 37.8 37.61 37.61 37.71 37.7 37.58 37.45 37.46 37.69 37.77 37.67 37.67 37.65 37.63 37.63 37.63 37.57 37.55 37.61 37.61 37.65 37.66 37.68
37.82 37.83 37.83 37.71 37.66 37.78 37.79 37.73 37.71 37.78 37.82 37.73 37.63 37.57 37.56 37.57 37.62 37.68 37.64 37.65 37.72 37.77 37.72 37.72 37.76 37.76 37.75 37.78 37.82 37.79 37.78 37.71 37.71 37.8 37.8 37.77 37.75 37.62 37.56 37.59 37.51 37.44 37.38 37.35 37.44 37.57 37.72 37.75 37.78 37.79 37.82 37.84 37.85 37.83 37.87 37.87 37.7 37.67 37.76 37.75 37.7 37.53 37.53 37.67 37.71 37.59 37.56 37.57 37.61 37.6 37.57 37.45 37.44 37.53 37.58 37.73 37.78 37.79
37.8 37.81 37.79 37.65 37.59 37.69 37.82 37.84 37.84 37.83 37.77 37.66 37.57 37.53 37.52 37.55 37.59 37.58 37.55 37.58 37.65 37.76 37.73 37.72 37.73 37.69 37.69 37.73 37.78 37.78 37.8 37.79 37.78 37.82 37.78 37.71 37.6 37.46 37.44 37.47 37.43 37.34 37.29 37.28 37.28 37.42 37.61 37.68 37.79 37.81 37.81 37.83 37.82 37.8 37.84 37.85 37.74 37.73 37.81 37.81 37.78 37.61 37.58 37.66 37.74 37.7 37.68 37.68 37.68 37.61 37.53 37.39 37.48 37.61 37.71 37.79 37.82 37.82
37.71 37.78 37.73 37.59 37.6 37.58 37.77 37.85 37.83 37.79 37.67 37.47 37.37 37.42 37.46 37.5 37.52 37.51 37.5 37.54 37.6 37.72 37.76 37.76 37.73 37.64 37.66 37.72 37.78 37.78 37.73 37.71 37.69 37.82 37.81 37.73 37.58 37.44 37.46 37.49 37.41 37.3 37.28 37.29 37.31 37.39 37.54 37.62 37.74 37.77 37.77 37.77 37.7 37.67 37.71 37.71 37.71 37.78 37.84 37.85 37.81 37.69 37.62 37.63 37.71 37.78 37.79 37.79 37.76 37.67 37.57 37.46 37.56 37.69 37.77 37.8 37.79 37.79
37.58 37.66 37.75 37.72 37.7 37.58 37.73 37.81 37.79 37.75 37.61 37.41 37.3 37.33 37.38 37.46 37.5 37.51 37.5 37.55 37.61 37.71 37.74 37.74 37.68 37.68 37.71 37.76 37.8 37.74 37.64 37.58 37.55 37.79 37.85 37.84 37.74 37.63 37.52 37.47 37.38 37.31 37.31 37.34 37.41 37.5 37.55 37.57 37.61 37.65 37.67 37.63 37.58 37.56 37.57 37.6 37.74 37.8 37.82 37.81 37.79 37.75 37.72 37.72 37.76 37.83 37.84 37.87 37.79 37.69 37.61 37.54 37.6 37.69 37.75 37.72 37.7 37.72
37.71 37.68 37.78 37.83 37.82 37.73 37.8 37.79 37.74 37.78 37.7 37.55 37.45 37.36 37.33 37.43 37.5 37.53 37.53 37.55 37.59 37.65 37.65 37.64 37.64 37.73 37.75 37.75 37.73 37.66 37.58 37.54 37.52 37.74 37.84 37.87 37.81 37.75 37.58 37.47 37.37 37.38 37.4 37.43 37.52 37.61 37.64 37.58 37.49 37.54 37.61 37.62 37.62 37.65 37.67 37.66 37.78 37.75 37.73 37.73 37.78 37.79 37.79 37.79 37.83 37.86 37.86 37.88 37.8 37.7 37.63 37.53 37.52 37.58 37.61 37.61 37.64 37.68
37.84 37.81 37.83 37.82 37.82 37.78 37.8 37.81 37.79 37.82 37.75 37.64 37.57 37.44 37.37 37.44 37.53 37.59 37.57 37.52 37.5 37.54 37.59 37.63 37.7 37.78 37.73 37.66 37.57 37.56 37.52 37.49 37.49 37.68 37.83 37.86 37.8 37.7 37.58 37.48 37.4 37.51 37.54 37.53 37.63 37.71 37.73 37.58 37.39 37.48 37.57 37.59 37.65 37.75 37.78 37.79 37.82 37.72 37.66 37.71 37.79 37.81 37.82 37.84 37.86 37.86 37.86 37.86 37.8 37.71 37.62 37.48 37.42 37.45 37.47 37.54 37.64 37.69
37.87 37.84 37.82 37.73 37.66 37.65 37.74 37.83 37.85 37.82 37.71 37.57 37.51 37.51 37.49 37.54 37.63 37.71 37.65 37.54 37.46 37.53 37.66 37.73 37.81 37.82 37.73 37.6 37.44 37.44 37.46 37.47 37.48 37.69 37.81 37.8 37.68 37.58 37.57 37.52 37.52 37.66 37.7 37.66 37.76 37.78 37.73 37.57 37.37 37.46 37.55 37.6 37.71 37.79 37.79 37.82 37.84 37.77 37.72 37.77 37.79 37.79 37.81 37.84 37.86 37.86 37.86 37.85 37.81 37.74 37.62 37.45 37.4 37.42 37.48 37.57 37.66 37.71
37.83 37.81 37.74 37.64 37.55 37.6 37.76 37.84 37.82 37.76 37.62 37.46 37.38 37.52 37.63 37.69 37.75 37.8 37.75 37.67 37.58 37.66 37.77 37.76 37.75 37.8 37.79 37.69 37.45 37.44 37.49 37.57 37.59 37.72 37.81 37.74 37.57 37.51 37.54 37.6 37.67 37.75 37.76 37.74 37.77 37.8 37.78 37.62 37.44 37.49 37.56 37.64 37.74 37.77 37.72 37.75 37.79 37.78 37.77 37.79 37.77 37.76 37.77 37.8 37.84 37.84 37.85 37.84 37.83 37.79 37.69 37.5 37.44 37.48 37.54 37.61 37.69 37.73
37.82 37.79 37.64 37.59 37.58 37.66 37.8 37.83 37.75 37.66 37.57 37.48 37.4 37.53 37.67 37.74 37.76 37.78 37.81 37.81 37.75 37.77 37.8 37.73 37.66 37.76 37.77 37.72 37.55 37.69 37.71 37.73 37.73 37.69 37.67 37.59 37.47 37.45 37.55 37.69 37.77 37.8 37.77 37.74 37.71 37.77 37.79 37.65 37.54 37.57 37.64 37.75 37.77 37.74 37.67 37.68 37.71 37.73 37.73 37.73 37.73 37.72 37.74 37.78 37.81 37.82 37.84 37.84 37.83 37.83 37.79 37.64 37.54 37.54 37.6 37.67 37.74 37.77
37.82 37.71 37.54 37.53 37.6 37.65 37.77 37.81 37.68 37.57 37.6 37.62 37.56 37.6 37.68 37.73 37.71 37.67 37.78 37.85 37.83 37.8 37.81 37.78 37.67 37.69 37.71 37.67 37.65 37.78 37.82 37.8 37.71 37.61 37.56 37.49 37.4 37.41 37.54 37.71 37.77 37.79 37.79 37.75 37.69 37.7 37.72 37.67 37.67 37.71 37.77 37.83 37.76 37.69 37.64 37.62 37.65 37.67 37.68 37.68 37.68 37.69 37.71 37.76 37.79 37.81 37.82 37.82 37.82 37.82 37.82 37.75 37.66 37.62 37.66 37.72 37.76 37.77
37.78 37.58 37.45 37.48 37.53 37.53 37.68 37.77 37.63 37.57 37.66 37.72 37.69 37.63 37.75 37.82 37.85 37.77 37.8 37.81 37.81 37.75 37.77 37.8 37.69 37.74 37.81 37.76 37.72 37.78 37.8 37.76 37.62 37.53 37.48 37.42 37.36 37.41 37.55 37.68 37.69 37.76 37.79 37.78 37.7 37.67 37.68 37.71 37.78 37.84 37.85 37.81 37.7 37.61 37.56 37.58 37.61 37.63 37.63 37.64 37.66 37.69 37.72 37.76 37.78 37.79 37.79 37.79 37.8 37.8 37.8 37.78 37.76 37.73 37.72 37.74 37.75 37.75
37.76 37.54 37.45 37.49 37.49 37.45 37.59 37.71 37.58 37.63 37.75 37.78 37.78 37.61 37.75 37.83 37.88 37.82 37.78 37.75 37.76 37.66 37.7 37.74 37.69 37.77 37.84 37.81 37.75 37.72 37.7 37.65 37.54 37.49 37.45 37.39 37.39 37.5 37.62 37.66 37.62 37.7 37.76 37.78 37.67 37.6 37.6 37.66 37.76 37.83 37.81 37.79 37.69 37.6 37.56 37.56 37.58 37.59 37.6 37.62 37.66 37.69 37.72 37.75 37.76 37.76 37.76 37.77 37.78 37.78 37.78 37.78 37.77 37.75 37.73 37.74 37.74 37.74
37.73 37.61 37.53 37.54 37.57 37.59 37.67 37.69 37.6 37.66 37.73 37.73 37.75 37.65 37.73 37.79 37.84 37.81 37.73 37.69 37.63 37.55 37.57 37.65 37.71 37.77 37.79 37.79 37.74 37.66 37.59 37.56 37.52 37.53 37.49 37.43 37.46 37.59 37.68 37.64 37.57 37.6 37.65 37.69 37.54 37.41 37.39 37.49 37.63 37.72 37.74 37.77 37.71 37.65 37.61 37.59 37.57 37.58 37.6 37.63 37.66 37.69 37.72 37.73 37.74 37.74 37.74 37.75 37.75 37.75 37.76 37.76 37.76 37.74 37.73 37.73 37.73 37.73
37.69 37.63 37.59 37.61 37.64 37.7 37.74 37.71 37.68 37.74 37.7 37.63 37.67 37.7 37.78 37.81 37.83 37.82 37.77 37.69 37.54 37.44 37.42 37.51 37.65 37.64 37.6 37.62 37.67 37.59 37.53 37.54 37.57 37.63 37.6 37.53 37.52 37.57 37.63 37.59 37.53 37.5 37.5 37.51 37.39 37.28 37.3 37.4 37.53 37.61 37.66 37.73 37.73 37.7 37.65 37.63 37.61 37.59 37.61 37.63 37.67 37.69 37.7 37.71 37.71 37.72 37.72 37.72 37.73 37.73 37.74 37.75 37.75 37.73 37.73 37.72 37.71 37.71
37.82 37.71 37.66 37.7 37.77 37.82 37.83 37.8 37.79 37.79 37.71 37.63 37.65 37.72 37.78 37.81 37.83 37.81 37.74 37.64 37.48 37.34 37.29 37.34 37.48 37.49 37.41 37.44 37.56 37.53 37.51 37.55 37.6 37.7 37.71 37.64 37.6 37.6 37.59 37.56 37.53 37.5 37.48 37.39 37.34 37.33 37.39 37.49 37.58 37.62 37.67 37.73 37.79 37.79 37.75 37.7 37.67 37.64 37.62 37.63 37.66 37.67 37.68 37.68 37.69 37.7 37.7 37.71 37.71 37.71 37.73 37.74 37.74 37.73 37.72 37.71 37.71 37.7
37.84 37.83 37.77 37.79 37.82 37.86 37.84 37.83 37.81 37.8 37.73 37.66 37.66 37.68 37.71 37.76 37.81 37.78 37.7 37.58 37.43 37.29 37.21 37.23 37.35 37.43 37.38 37.38 37.46 37.47 37.46 37.46 37.52 37.7 37.77 37.73 37.68 37.67 37.64 37.59 37.6 37.62 37.6 37.48 37.41 37.4 37.47 37.58 37.68 37.74 37.77 37.81 37.82 37.81 37.79 37.77 37.74 37.72 37.67 37.64 37.65 37.66 37.66 37.67 37.68 37.69 37.7 37.71 37.71 37.72 37.74 37.74 37.73 37.72 37.72 37.71 37.71 37.7
37.83 37.84 37.83 37.85 37.85 37.81 37.77 37.77 37.72 37.72 37.72 37.69 37.66 37.6 37.55 37.58 37.74 37.78 37.72 37.58 37.42 37.28 37.2 37.21 37.3 37.4 37.41 37.38 37.39 37.39 37.36 37.31 37.39 37.61 37.75 37.74 37.76 37.8 37.76 37.68 37.71 37.75 37.7 37.61 37.57 37.55 37.57 37.67 37.77 37.81 37.81 37.81 37.82 37.82 37.81 37.81 37.8 37.78 37.71 37.65 37.65 37.66 37.67 37.68 37.69 37.7 37.71 37.73 37.73 37.74 37.75 37.73 37.72 37.72 37.72 37.71 37.71 37.7
37.83 37.81 37.82 37.85 37.84 37.73 37.68 37.67 37.7 37.75 37.74 37.71 37.65 37.52 37.39 37.36 37.63 37.77 37.75 37.64 37.45 37.3 37.22 37.21 37.31 37.39 37.41 37.4 37.38 37.38 37.36 37.26 37.3 37.44 37.61 37.72 37.8 37.84 37.83 37.76 37.76 37.75 37.76 37.76 37.73 37.69 37.68 37.76 37.84 37.87 37.83 37.81 37.83 37.83 37.83 37.86 37.87 37.83 37.74 37.66 37.67 37.68 37.69 37.71 37.71 37.72 37.73 37.74 37.74 37.75 37.75 37.73 37.71 37.71 37.71 37.71 37.71 37.71
37.82 37.81 37.79 37.77 37.75 37.66 37.62 37.6 37.74 37.84 37.79 37.72 37.64 37.51 37.39 37.39 37.63 37.75 37.74 37.73 37.53 37.35 37.27 37.27 37.38 37.39 37.35 37.38 37.38 37.38 37.37 37.29 37.33 37.42 37.57 37.71 37.82 37.84 37.84 37.82 37.75 37.7 37.75 37.8 37.8 37.78 37.75 37.82 37.89 37.9 37.84 37.82 37.84 37.83 37.85 37.9 37.92 37.87 37.74 37.66 37.67 37.69 37.7 37.72 37.72 37.73 37.74 37.76 37.76 37.77 37.75 37.72 37.71 37.71 37.71 37.71 37.71 37.71
37.81 37.84 37.8 37.74 37.67 37.61 37.58 37.57 37.69 37.82 37.79 37.7 37.63 37.52 37.44 37.56 37.67 37.64 37.56 37.67 37.56 37.42 37.39 37.38 37.4 37.35 37.29 37.31 37.35 37.36 37.36 37.34 37.38 37.44 37.56 37.68 37.79 37.82 37.83 37.84 37.75 37.67 37.66 37.73 37.78 37.75 37.73 37.79 37.86 37.87 37.84 37.84 37.85 37.83 37.85 37.92 37.94 37.87 37.74 37.67 37.67 37.71 37.72 37.74 37.74 37.75 37.76 37.77 37.78 37.77 37.74 37.71 37.7 37.7 37.7 37.7 37.7 37.7
37.8 37.85 37.85 37.84 37.7 37.59 37.55 37.55 37.62 37.75 37.76 37.71 37.64 37.51 37.48 37.54 37.59 37.43 37.3 37.51 37.48 37.44 37.45 37.45 37.44 37.31 37.23 37.25 37.3 37.34 37.38 37.41 37.46 37.49 37.57 37.63 37.71 37.74 37.78 37.83 37.75 37.67 37.59 37.62 37.65 37.62 37.63 37.7 37.79 37.82 37.84 37.86 37.86 37.83 37.85 37.92 37.93 37.86 37.74 37.67 37.68 37.72 37.74 37.75 37.76 37.77 37.77 37.78 37.79 37.76 37.73 37.7 37.7 37.7 37.7 37.7 37.7 37.7
37.79 37.84 37.85 37.84 37.64 37.51 37.51 37.55 37.54 37.68 37.79 37.79 37.69 37.5 37.44 37.52 37.56 37.39 37.29 37.43 37.44 37.47 37.5 37.53 37.53 37.4 37.25 37.26 37.36 37.43 37.49 37.52 37.54 37.56 37.59 37.6 37.62 37.63 37.71 37.82 37.76 37.68 37.59 37.56 37.55 37.54 37.56 37.66 37.76 37.82 37.85 37.87 37.86 37.83 37.83 37.87 37.89 37.85 37.74 37.67 37.68 37.72 37.75 37.76 37.77 37.78 37.79 37.8 37.78 37.75 37.72 37.69 37.69 37.69 37.69 37.69 37.69 37.69
37.81 37.84 37.84 37.85 37.55 37.49 37.55 37.6 37.58 37.63 37.72 37.76 37.72 37.57 37.51 37.53 37.57 37.46 37.4 37.41 37.45 37.51 37.56 37.63 37.68 37.62 37.47 37.43 37.52 37.61 37.71 37.71 37.63 37.62 37.62 37.61 37.6 37.6 37.71 37.85 37.81 37.7 37.6 37.57 37.56 37.54 37.54 37.65 37.74 37.81 37.85 37.86 37.86 37.84 37.8 37.79 37.8 37.81 37.73 37.67 37.68 37.72 37.76 37.78 37.78 37.8 37.8 37.8 37.77 37.74 37.7 37.69 37.69 37.69 37.69 37.69 37.69 37.69
37.8 37.83 37.8 37.82 37.67 37.58 37.61 37.67 37.73 37.67 37.65 37.72 37.74 37.69 37.65 37.64 37.65 37.56 37.52 37.5 37.53 37.56 37.62 37.74 37.79 37.78 37.71 37.67 37.71 37.79 37.86 37.83 37.67 37.62 37.62 37.64 37.67 37.7 37.78 37.9 37.88 37.75 37.63 37.58 37.55 37.53 37.56 37.66 37.74 37.81 37.83 37.83 37.84 37.83 37.81 37.77 37.74 37.74 37.71 37.67 37.67 37.72 37.77 37.8 37.8 37.81 37.8 37.79 37.76 37.73 37.69 37.68 37.68 37.68 37.68 37.68 37.68 37.68
37.84 37.84 37.8 37.73 37.69 37.71 37.71 37.75 37.79 37.71 37.64 37.69 37.75 37.75 37.73 37.72 37.73 37.67 37.65 37.65 37.62 37.58 37.62 37.76 37.81 37.81 37.82 37.82 37.82 37.85 37.84 37.81 37.67 37.6 37.6 37.68 37.75 37.77 37.83 37.91 37.9 37.8 37.66 37.58 37.54 37.51 37.57 37.66 37.72 37.76 37.79 37.79 37.78 37.78 37.81 37.8 37.77 37.73 37.68 37.65 37.67 37.72 37.78 37.81 37.81 37.82 37.79 37.77 37.74 37.71 37.68 37.67 37.67 37.67 37.67 37.67 37.67 37.67
37.94 37.96 37.93 37.85 37.77 37.78 37.8 37.76 37.74 37.72 37.66 37.67 37.7 37.73 37.74 37.67 37.76 37.79 37.79 37.77 37.68 37.58 37.61 37.75 37.81 37.82 37.81 37.8 37.81 37.83 37.82 37.8 37.69 37.59 37.59 37.71 37.76 37.78 37.82 37.85 37.85 37.84 37.76 37.62 37.54 37.5 37.53 37.6 37.64 37.69 37.72 37.72 37.72 37.71 37.77 37.8 37.8 37.75 37.7 37.66 37.68 37.73 37.78 37.81 37.82 37.81 37.78 37.76 37.72 37.69 37.67 37.67 37.67 37.67 37.67 37.67 37.67 37.67
38.05 38.03 37.99 37.95 37.87 37.83 37.84 37.8 37.75 37.75 37.66 37.64 37.6 37.6 37.66 37.64 37.78 37.86 37.85 37.79 37.67 37.63 37.68 37.8 37.84 37.84 37.78 37.73 37.78 37.83 37.84 37.81 37.72 37.64 37.63 37.7 37.73 37.76 37.76 37.78 37.79 37.79 37.75 37.63 37.55 37.49 37.49 37.51 37.53 37.58 37.63 37.65 37.67 37.65 37.69 37.76 37.81 37.79 37.75 37.71 37.73 37.77 37.81 37.82 37.82 37.79 37.76 37.73 37.7 37.67 37.67 37.67 37.67 37.67 37.67 37.67 37.67 37.67
38.13 38.07 38.02 38 37.92 37.85 37.83 37.83 37.8 37.81 37.72 37.67 37.58 37.54 37.64 37.72 37.79 37.83 37.83 37.71 37.63 37.67 37.79 37.85 37.85 37.84 37.78 37.72 37.73 37.77 37.8 37.81 37.74 37.69 37.69 37.7 37.7 37.7 37.69 37.7 37.71 37.72 37.7 37.64 37.57 37.51 37.49 37.46 37.44 37.47 37.58 37.64 37.65 37.61 37.61 37.68 37.78 37.81 37.81 37.79 37.8 37.82 37.83 37.82 37.8 37.77 37.74 37.72 37.69 37.67 37.66 37.66 37.66 37.66 37.66 37.66 37.67 37.68
38.13 38.06 38.01 37.95 37.83 37.73 37.74 37.8 37.82 37.84 37.82 37.77 37.71 37.69 37.77 37.77 37.74 37.79 37.84 37.66 37.61 37.66 37.82 37.89 37.87 37.83 37.78 37.73 37.71 37.76 37.79 37.82 37.76 37.69 37.66 37.65 37.62 37.62 37.64 37.65 37.64 37.66 37.69 37.66 37.6 37.52 37.52 37.51 37.49 37.49 37.67 37.75 37.74 37.65 37.59 37.66 37.78 37.83 37.85 37.85 37.84 37.84 37.81 37.8 37.78 37.73 37.71 37.71 37.68 37.66 37.66 37.66 37.66 37.67 37.68 37.69 37.71 37.75
38.02 37.95 37.87 37.79 37.71 37.65 37.69 37.78 37.79 37.81 37.83 37.81 37.78 37.76 37.78 37.71 37.66 37.73 37.89 37.68 37.59 37.63 37.75 37.83 37.87 37.86 37.82 37.77 37.76 37.8 37.77 37.8 37.78 37.71 37.63 37.61 37.57 37.56 37.67 37.65 37.61 37.64 37.7 37.65 37.56 37.5 37.56 37.62 37.65 37.68 37.8 37.84 37.84 37.72 37.62 37.71 37.81 37.83 37.84 37.86 37.85 37.83 37.8 37.79 37.75 37.69 37.65 37.67 37.66 37.66 37.67 37.67 37.7 37.74 37.76 37.78 37.79 37.76
