slabs/25.grd
DSAA
631 301
643260 643890
4947200 4947500
36.9 45.24
[rows 238 to 271 of 300, columns 390 to 467 of 631]
37.8 37.7 37.65 37.65 37.74 37.8 37.84 37.81 37.82 37.83 37.83 37.7 37.61 37.57 37.64 37.68 37.72 37.79 37.91 37.65 37.44 37.46 37.59 37.68 37.81 37.86 37.84 37.77 37.75 37.79 37.74 37.74 37.77 37.73 37.65 37.62 37.6 37.6 37.73 37.66 37.6 37.67 37.74 37.67 37.55 37.48 37.55 37.65 37.77 37.84 37.82 37.82 37.82 37.74 37.67 37.76 37.78 37.83 37.84 37.85 37.84 37.83 37.81 37.8 37.72 37.64 37.59 37.62 37.66 37.71 37.75 37.78 37.81 37.83 37.83 37.8 37.76 37.71
37.56 37.46 37.51 37.63 37.76 37.84 37.84 37.75 37.79 37.81 37.78 37.63 37.45 37.36 37.41 37.7 37.84 37.84 37.87 37.62 37.41 37.38 37.43 37.53 37.69 37.79 37.81 37.73 37.72 37.75 37.74 37.66 37.69 37.75 37.7 37.69 37.73 37.76 37.79 37.69 37.63 37.75 37.78 37.7 37.57 37.52 37.51 37.56 37.75 37.82 37.76 37.8 37.81 37.77 37.75 37.8 37.73 37.82 37.85 37.84 37.83 37.83 37.82 37.79 37.67 37.59 37.55 37.6 37.68 37.81 37.87 37.88 37.86 37.83 37.8 37.76 37.71 37.68
37.43 37.4 37.42 37.54 37.72 37.83 37.82 37.75 37.75 37.73 37.68 37.6 37.54 37.5 37.61 37.87 37.93 37.89 37.84 37.65 37.48 37.41 37.41 37.46 37.54 37.66 37.68 37.67 37.71 37.79 37.79 37.7 37.7 37.77 37.75 37.75 37.82 37.84 37.83 37.77 37.72 37.84 37.78 37.65 37.54 37.63 37.57 37.56 37.73 37.79 37.69 37.71 37.78 37.84 37.8 37.78 37.77 37.84 37.85 37.85 37.85 37.85 37.84 37.75 37.62 37.53 37.5 37.58 37.7 37.85 37.92 37.89 37.84 37.78 37.75 37.71 37.67 37.67
37.38 37.37 37.35 37.45 37.67 37.84 37.82 37.79 37.71 37.61 37.55 37.64 37.71 37.78 37.9 37.97 37.95 37.9 37.8 37.65 37.54 37.46 37.44 37.44 37.45 37.45 37.55 37.68 37.77 37.84 37.82 37.79 37.79 37.81 37.74 37.77 37.79 37.78 37.8 37.83 37.83 37.89 37.76 37.64 37.6 37.74 37.75 37.73 37.75 37.73 37.59 37.52 37.62 37.84 37.75 37.67 37.64 37.74 37.81 37.84 37.85 37.83 37.79 37.68 37.55 37.47 37.46 37.57 37.73 37.87 37.92 37.91 37.86 37.76 37.71 37.66 37.65 37.67
37.42 37.41 37.36 37.4 37.65 37.83 37.85 37.8 37.67 37.52 37.48 37.66 37.83 37.94 38.03 37.99 37.92 37.87 37.75 37.62 37.54 37.48 37.44 37.41 37.4 37.3 37.55 37.75 37.81 37.85 37.79 37.82 37.86 37.82 37.7 37.71 37.74 37.74 37.76 37.79 37.82 37.85 37.77 37.69 37.74 37.85 37.78 37.65 37.64 37.66 37.54 37.47 37.46 37.72 37.65 37.54 37.41 37.52 37.65 37.76 37.78 37.74 37.67 37.6 37.5 37.44 37.44 37.56 37.75 37.85 37.86 37.88 37.86 37.76 37.7 37.64 37.63 37.66
37.45 37.48 37.44 37.48 37.7 37.82 37.84 37.81 37.76 37.69 37.68 37.85 37.99 38.05 38.05 37.95 37.87 37.8 37.69 37.6 37.54 37.5 37.44 37.38 37.34 37.3 37.59 37.74 37.76 37.8 37.73 37.81 37.9 37.85 37.69 37.62 37.71 37.77 37.74 37.73 37.76 37.8 37.75 37.75 37.8 37.83 37.74 37.65 37.64 37.59 37.48 37.4 37.44 37.64 37.61 37.49 37.31 37.42 37.58 37.73 37.74 37.68 37.64 37.6 37.51 37.51 37.52 37.57 37.65 37.71 37.73 37.77 37.78 37.76 37.72 37.65 37.63 37.66
37.46 37.5 37.49 37.59 37.76 37.82 37.84 37.83 37.83 37.84 37.93 38.04 38.11 38.09 38.02 37.89 37.81 37.73 37.66 37.61 37.58 37.53 37.47 37.4 37.36 37.32 37.47 37.62 37.69 37.7 37.69 37.82 37.91 37.86 37.73 37.66 37.71 37.76 37.75 37.73 37.74 37.74 37.74 37.73 37.79 37.76 37.67 37.61 37.57 37.48 37.4 37.32 37.4 37.54 37.55 37.44 37.32 37.41 37.57 37.75 37.77 37.76 37.74 37.7 37.61 37.6 37.61 37.58 37.53 37.55 37.61 37.67 37.73 37.74 37.71 37.66 37.66 37.69
37.46 37.51 37.57 37.67 37.79 37.83 37.84 37.85 37.88 37.92 38.03 38.11 38.14 38.08 37.98 37.84 37.77 37.73 37.69 37.64 37.61 37.57 37.51 37.44 37.4 37.36 37.44 37.57 37.64 37.7 37.78 37.84 37.85 37.83 37.74 37.7 37.73 37.76 37.77 37.76 37.75 37.68 37.66 37.68 37.74 37.7 37.6 37.53 37.46 37.36 37.3 37.24 37.3 37.43 37.49 37.44 37.41 37.47 37.58 37.73 37.77 37.81 37.83 37.81 37.73 37.65 37.62 37.56 37.5 37.54 37.61 37.74 37.8 37.77 37.72 37.67 37.69 37.72
37.47 37.57 37.68 37.72 37.8 37.82 37.84 37.87 37.93 37.97 38.05 38.11 38.14 38.08 37.94 37.82 37.78 37.75 37.71 37.67 37.64 37.6 37.54 37.49 37.45 37.45 37.55 37.68 37.72 37.67 37.68 37.73 37.73 37.77 37.7 37.69 37.74 37.74 37.79 37.82 37.81 37.75 37.7 37.71 37.71 37.63 37.53 37.45 37.34 37.27 37.27 37.26 37.21 37.32 37.42 37.47 37.5 37.52 37.56 37.67 37.69 37.73 37.75 37.82 37.81 37.71 37.64 37.56 37.54 37.63 37.7 37.82 37.81 37.76 37.7 37.67 37.71 37.76
37.5 37.63 37.75 37.72 37.78 37.81 37.85 37.91 37.94 37.99 38.08 38.13 38.13 38.08 37.93 37.82 37.8 37.77 37.73 37.7 37.67 37.63 37.57 37.53 37.52 37.57 37.66 37.75 37.74 37.6 37.53 37.55 37.56 37.69 37.72 37.74 37.74 37.71 37.78 37.83 37.84 37.8 37.77 37.75 37.67 37.54 37.43 37.37 37.31 37.33 37.37 37.4 37.21 37.24 37.34 37.44 37.5 37.49 37.49 37.65 37.69 37.66 37.66 37.71 37.8 37.76 37.7 37.61 37.6 37.72 37.81 37.87 37.83 37.77 37.72 37.71 37.75 37.78
37.53 37.65 37.76 37.75 37.78 37.82 37.91 37.99 38.03 38.07 38.13 38.15 38.13 38.05 37.92 37.84 37.82 37.79 37.75 37.73 37.69 37.65 37.61 37.56 37.59 37.66 37.71 37.73 37.71 37.54 37.46 37.48 37.52 37.65 37.72 37.75 37.68 37.65 37.75 37.83 37.82 37.73 37.67 37.73 37.67 37.52 37.41 37.4 37.42 37.5 37.55 37.56 37.3 37.21 37.25 37.34 37.41 37.44 37.45 37.59 37.73 37.69 37.61 37.56 37.7 37.79 37.8 37.73 37.64 37.68 37.8 37.85 37.85 37.82 37.77 37.78 37.8 37.81
37.55 37.64 37.76 37.86 37.9 37.94 37.98 38.05 38.08 38.15 38.18 38.17 38.15 38.07 37.91 37.85 37.83 37.81 37.77 37.73 37.7 37.67 37.62 37.58 37.57 37.6 37.63 37.64 37.61 37.44 37.39 37.41 37.48 37.61 37.64 37.59 37.52 37.61 37.73 37.79 37.76 37.68 37.62 37.71 37.72 37.6 37.51 37.53 37.59 37.69 37.74 37.72 37.43 37.2 37.18 37.24 37.33 37.42 37.47 37.49 37.7 37.74 37.62 37.47 37.57 37.7 37.73 37.77 37.76 37.78 37.8 37.81 37.81 37.82 37.81 37.82 37.83 37.83
37.6 37.66 37.81 37.93 37.99 38.01 38.02 38.07 38.11 38.17 38.18 38.15 38.12 38.07 37.93 37.86 37.83 37.8 37.75 37.72 37.7 37.67 37.63 37.6 37.53 37.5 37.51 37.52 37.47 37.34 37.31 37.33 37.4 37.54 37.55 37.47 37.45 37.62 37.74 37.76 37.73 37.72 37.73 37.76 37.77 37.68 37.62 37.66 37.74 37.85 37.92 37.86 37.59 37.28 37.16 37.19 37.33 37.46 37.52 37.54 37.68 37.73 37.64 37.51 37.61 37.64 37.65 37.71 37.75 37.74 37.75 37.76 37.76 37.78 37.81 37.82 37.81 37.8
37.8 37.84 37.95 38.03 38.06 38.04 38.06 38.11 38.14 38.19 38.19 38.17 38.15 38.07 37.95 37.84 37.81 37.78 37.73 37.71 37.71 37.68 37.65 37.63 37.52 37.42 37.35 37.35 37.3 37.24 37.26 37.29 37.35 37.47 37.51 37.49 37.55 37.66 37.76 37.76 37.71 37.7 37.72 37.76 37.79 37.75 37.72 37.74 37.84 37.9 37.93 37.89 37.75 37.45 37.25 37.23 37.39 37.5 37.54 37.57 37.69 37.77 37.71 37.64 37.59 37.52 37.55 37.62 37.66 37.64 37.65 37.72 37.76 37.78 37.8 37.78 37.76 37.74
37.91 37.98 38.07 38.09 38.08 38.1 38.13 38.14 38.17 38.2 38.19 38.17 38.14 38.08 37.96 37.85 37.8 37.76 37.74 37.73 37.73 37.7 37.67 37.65 37.55 37.39 37.25 37.2 37.15 37.18 37.23 37.29 37.36 37.45 37.48 37.52 37.62 37.71 37.76 37.77 37.73 37.7 37.71 37.74 37.76 37.78 37.8 37.81 37.88 37.92 37.92 37.84 37.7 37.56 37.42 37.3 37.4 37.48 37.52 37.58 37.71 37.82 37.82 37.76 37.57 37.47 37.48 37.54 37.56 37.54 37.57 37.68 37.78 37.81 37.79 37.76 37.73 37.71
38.07 38.13 38.16 38.14 38.13 38.14 38.16 38.17 38.19 38.19 38.16 38.15 38.13 38.07 37.98 37.91 37.83 37.78 37.76 37.75 37.74 37.72 37.69 37.67 37.58 37.41 37.26 37.17 37.13 37.19 37.24 37.3 37.38 37.45 37.5 37.58 37.71 37.77 37.77 37.72 37.69 37.69 37.7 37.72 37.75 37.79 37.81 37.84 37.88 37.87 37.86 37.75 37.62 37.54 37.43 37.32 37.37 37.44 37.48 37.58 37.75 37.87 37.88 37.79 37.61 37.56 37.56 37.55 37.5 37.45 37.48 37.62 37.77 37.8 37.77 37.74 37.72 37.7
38.14 38.18 38.2 38.19 38.18 38.17 38.17 38.18 38.19 38.16 38.13 38.13 38.1 38.04 37.97 37.94 37.83 37.74 37.74 37.75 37.75 37.72 37.7 37.68 37.6 37.44 37.32 37.22 37.19 37.27 37.33 37.38 37.46 37.53 37.59 37.66 37.78 37.8 37.77 37.69 37.66 37.66 37.66 37.7 37.74 37.78 37.79 37.83 37.84 37.84 37.81 37.72 37.6 37.53 37.44 37.38 37.42 37.46 37.48 37.59 37.75 37.85 37.85 37.78 37.7 37.7 37.71 37.65 37.54 37.46 37.42 37.58 37.77 37.78 37.76 37.73 37.71 37.69
38.18 38.2 38.22 38.22 38.22 38.2 38.18 38.17 38.16 38.14 38.1 38.09 38.05 38 37.95 37.91 37.77 37.62 37.63 37.66 37.69 37.69 37.68 37.68 37.62 37.49 37.4 37.32 37.3 37.39 37.48 37.56 37.65 37.72 37.75 37.78 37.82 37.77 37.72 37.62 37.59 37.62 37.66 37.69 37.74 37.77 37.78 37.79 37.82 37.83 37.8 37.78 37.7 37.63 37.55 37.53 37.56 37.58 37.54 37.56 37.68 37.74 37.77 37.78 37.78 37.79 37.8 37.76 37.66 37.58 37.48 37.6 37.76 37.78 37.76 37.73 37.71 37.7
38.23 38.23 38.21 38.21 38.21 38.2 38.18 38.16 38.14 38.13 38.09 38.07 38.05 38 37.95 37.92 37.76 37.56 37.52 37.53 37.56 37.6 37.63 37.65 37.67 37.59 37.51 37.43 37.42 37.47 37.55 37.65 37.78 37.86 37.86 37.84 37.81 37.7 37.64 37.55 37.53 37.63 37.71 37.75 37.77 37.77 37.76 37.76 37.8 37.8 37.77 37.79 37.8 37.77 37.7 37.65 37.64 37.64 37.57 37.48 37.56 37.62 37.68 37.76 37.8 37.81 37.82 37.83 37.78 37.7 37.59 37.69 37.78 37.78 37.76 37.74 37.72 37.71
38.25 38.23 38.21 38.2 38.21 38.19 38.17 38.16 38.14 38.12 38.09 38.08 38.08 38.04 37.98 37.93 37.79 37.58 37.51 37.51 37.52 37.55 37.57 37.64 37.69 37.66 37.62 37.54 37.53 37.58 37.62 37.72 37.84 37.88 37.87 37.83 37.73 37.58 37.54 37.47 37.49 37.61 37.72 37.81 37.8 37.77 37.74 37.72 37.74 37.74 37.73 37.77 37.82 37.82 37.74 37.62 37.56 37.53 37.49 37.42 37.48 37.55 37.68 37.76 37.79 37.8 37.82 37.84 37.85 37.8 37.7 37.77 37.8 37.79 37.77 37.74 37.72 37.71
38.24 38.22 38.21 38.22 38.22 38.2 38.18 38.16 38.14 38.1 38.08 38.07 38.07 38.02 37.95 37.9 37.68 37.44 37.42 37.44 37.47 37.51 37.54 37.65 37.71 37.71 37.7 37.65 37.65 37.69 37.72 37.8 37.85 37.83 37.81 37.76 37.65 37.57 37.52 37.43 37.4 37.46 37.59 37.75 37.79 37.76 37.71 37.7 37.71 37.72 37.72 37.72 37.74 37.73 37.63 37.53 37.47 37.46 37.44 37.43 37.5 37.59 37.72 37.77 37.78 37.8 37.81 37.83 37.85 37.85 37.8 37.81 37.82 37.8 37.77 37.75 37.74 37.72
38.25 38.23 38.22 38.21 38.22 38.2 38.18 38.16 38.14 38.12 38.08 38.06 38.06 38.04 38.01 37.94 37.72 37.44 37.37 37.39 37.42 37.49 37.58 37.68 37.72 37.73 37.73 37.72 37.72 37.75 37.78 37.83 37.81 37.75 37.71 37.73 37.71 37.7 37.63 37.47 37.33 37.32 37.44 37.65 37.76 37.76 37.73 37.72 37.74 37.76 37.73 37.64 37.6 37.57 37.53 37.48 37.48 37.5 37.54 37.6 37.64 37.68 37.75 37.78 37.79 37.81 37.82 37.84 37.85 37.86 37.86 37.85 37.83 37.82 37.8 37.77 37.75 37.73
38.29 38.25 38.24 38.23 38.21 38.21 38.19 38.17 38.11 38.08 38.04 38.02 38.04 38.02 37.99 37.95 37.8 37.52 37.37 37.34 37.37 37.51 37.65 37.71 37.73 37.75 37.76 37.76 37.75 37.76 37.77 37.78 37.74 37.7 37.67 37.74 37.78 37.8 37.73 37.56 37.43 37.39 37.45 37.64 37.76 37.79 37.79 37.77 37.78 37.78 37.79 37.7 37.58 37.52 37.54 37.59 37.62 37.66 37.7 37.74 37.77 37.79 37.82 37.84 37.85 37.86 37.87 37.87 37.87 37.87 37.87 37.85 37.84 37.83 37.81 37.8 37.78 37.77
38.3 38.27 38.24 38.23 38.21 38.19 38.18 38.17 38.11 38.08 38.02 38.02 38.04 38 37.96 37.94 37.82 37.57 37.41 37.32 37.35 37.56 37.71 37.74 37.76 37.78 37.8 37.79 37.77 37.77 37.76 37.73 37.7 37.68 37.68 37.7 37.73 37.75 37.73 37.65 37.61 37.59 37.58 37.68 37.76 37.79 37.82 37.83 37.82 37.82 37.84 37.77 37.67 37.63 37.66 37.71 37.74 37.77 37.82 37.84 37.85 37.87 37.88 37.9 37.89 37.89 37.89 37.88 37.88 37.87 37.86 37.85 37.85 37.84 37.83 37.82 37.81 37.8
38.3 38.25 38.23 38.22 38.22 38.21 38.2 38.18 38.12 38.09 38.06 38.06 38.04 37.99 37.96 37.94 37.84 37.65 37.51 37.35 37.45 37.66 37.75 37.77 37.8 37.83 37.83 37.82 37.8 37.78 37.76 37.73 37.69 37.66 37.64 37.66 37.68 37.7 37.72 37.73 37.7 37.69 37.68 37.7 37.73 37.76 37.8 37.85 37.86 37.86 37.87 37.84 37.76 37.74 37.78 37.82 37.85 37.87 37.89 37.91 37.91 37.91 37.91 37.91 37.9 37.9 37.89 37.88 37.87 37.87 37.86 37.85 37.84 37.84 37.83 37.83 37.82 37.81
38.31 38.26 38.22 38.21 38.22 38.22 38.22 38.19 38.14 38.11 38.09 38.07 38.02 37.98 37.96 37.95 37.9 37.79 37.71 37.6 37.67 37.76 37.78 37.81 37.85 37.86 37.85 37.83 37.81 37.78 37.75 37.72 37.68 37.65 37.62 37.62 37.64 37.65 37.69 37.71 37.69 37.68 37.7 37.72 37.76 37.77 37.8 37.83 37.87 37.9 37.9 37.9 37.85 37.85 37.88 37.91 37.93 37.93 37.93 37.93 37.93 37.92 37.92 37.91 37.9 37.89 37.88 37.87 37.87 37.87 37.85 37.85 37.84 37.83 37.83 37.83 37.83 37.82
38.29 38.25 38.22 38.22 38.22 38.23 38.24 38.2 38.15 38.13 38.12 38.07 38.01 37.99 37.97 37.96 37.95 37.92 37.89 37.88 37.86 37.83 37.82 37.86 37.88 37.87 37.86 37.83 37.8 37.77 37.74 37.71 37.67 37.64 37.61 37.58 37.6 37.62 37.66 37.7 37.69 37.68 37.73 37.75 37.79 37.8 37.82 37.86 37.88 37.91 37.92 37.94 37.93 37.94 37.95 37.96 37.95 37.95 37.94 37.94 37.93 37.92 37.91 37.9 37.9 37.89 37.88 37.87 37.87 37.86 37.85 37.85 37.84 37.83 37.82 37.82 37.82 37.82
38.28 38.24 38.22 38.22 38.21 38.22 38.22 38.18 38.16 38.13 38.1 38.07 38.01 37.99 37.98 37.96 37.95 37.95 37.93 37.92 37.9 37.9 37.88 37.91 37.9 37.88 37.86 37.82 37.79 37.76 37.73 37.7 37.66 37.63 37.6 37.57 37.58 37.6 37.64 37.68 37.69 37.7 37.75 37.78 37.81 37.83 37.85 37.88 37.9 37.92 37.95 37.97 37.97 37.97 37.97 37.96 37.95 37.95 37.94 37.93 37.92 37.92 37.91 37.9 37.9 37.89 37.88 37.87 37.87 37.86 37.85 37.84 37.84 37.83 37.82 37.81 37.81 37.81
38.26 38.24 38.23 38.22 38.21 38.19 38.18 38.15 38.13 38.1 38.07 38.06 38 37.99 37.98 37.96 37.94 37.94 37.95 37.94 37.92 37.94 37.92 37.93 37.91 37.88 37.85 37.82 37.78 37.75 37.72 37.69 37.65 37.62 37.59 37.58 37.64 37.66 37.66 37.68 37.69 37.74 37.79 37.82 37.84 37.85 37.88 37.92 37.94 37.94 37.96 37.96 37.96 37.95 37.95 37.94 37.94 37.94 37.93 37.92 37.92 37.92 37.91 37.9 37.89 37.89 37.88 37.87 37.86 37.85 37.84 37.84 37.83 37.82 37.81 37.81 37.8 37.79
38.23 38.24 38.24 38.23 38.21 38.17 38.16 38.13 38.1 38.08 38.07 38.05 38.02 38 37.98 37.97 37.96 37.95 37.95 37.93 37.91 37.91 37.86 37.9 37.9 37.87 37.84 37.81 37.77 37.74 37.72 37.68 37.64 37.61 37.59 37.64 37.73 37.79 37.77 37.75 37.75 37.8 37.82 37.86 37.88 37.88 37.91 37.94 37.96 37.95 37.95 37.94 37.94 37.93 37.93 37.92 37.92 37.92 37.92 37.91 37.91 37.91 37.9 37.9 37.89 37.88 37.87 37.87 37.86 37.85 37.84 37.84 37.83 37.82 37.81 37.81 37.8 37.79
38.17 38.22 38.24 38.23 38.19 38.16 38.13 38.12 38.11 38.1 38.08 38.05 38.03 38.02 38 37.95 37.96 37.99 37.98 37.96 37.93 37.87 37.79 37.84 37.88 37.86 37.84 37.81 37.77 37.74 37.71 37.68 37.63 37.61 37.63 37.72 37.81 37.85 37.87 37.85 37.86 37.87 37.86 37.87 37.89 37.91 37.94 37.95 37.96 37.95 37.93 37.92 37.92 37.92 37.91 37.91 37.91 37.91 37.9 37.9 37.9 37.9 37.9 37.89 37.89 37.88 37.87 37.86 37.86 37.85 37.84 37.83 37.83 37.82 37.81 37.8 37.8 37.79
38.07 38.18 38.22 38.22 38.2 38.18 38.14 38.12 38.13 38.13 38.1 38.03 38.04 38.03 38.01 37.99 38 38.02 37.98 37.96 37.94 37.88 37.8 37.8 37.86 37.87 37.84 37.8 37.76 37.73 37.71 37.67 37.65 37.65 37.71 37.81 37.87 37.89 37.92 37.92 37.91 37.89 37.87 37.88 37.9 37.93 37.95 37.95 37.94 37.93 37.91 37.91 37.91 37.91 37.9 37.9 37.9 37.89 37.89 37.89 37.88 37.88 37.88 37.87 37.87 37.87 37.87 37.86 37.85 37.85 37.84 37.83 37.82 37.82 37.8 37.8 37.79 37.79
37.95 38.09 38.17 38.21 38.21 38.2 38.18 38.16 38.13 38.09 38.08 38.07 38.07 38.05 38.03 38.01 38.01 38.01 38 37.98 37.95 37.89 37.8 37.79 37.84 37.87 37.84 37.8 37.76 37.74 37.71 37.7 37.74 37.77 37.82 37.88 37.91 37.92 37.94 37.93 37.9 37.86 37.87 37.91 37.94 37.95 37.95 37.93 37.92 37.91 37.9 37.89 37.89 37.89 37.89 37.88 37.88 37.88 37.87 37.87 37.87 37.86 37.86 37.86 37.85 37.85 37.85 37.84 37.84 37.84 37.84 37.83 37.82 37.81 37.8 37.8 37.79 37.78
37.85 37.95 38.03 38.12 38.18 38.21 38.2 38.16 38.11 38.08 38.09 38.08 38.06 38.03 38.04 38.03 38.01 38 38.01 37.99 37.93 37.87 37.77 37.77 37.8 37.83 37.83 37.82 37.79 37.75 37.75 37.79 37.87 37.9 37.9 37.92 37.92 37.92 37.92 37.92 37.9 37.88 37.91 37.94 37.95 37.95 37.93 37.91 37.9 37.89 37.88 37.88 37.87 37.87 37.87 37.87 37.86 37.86 37.86 37.85 37.85 37.85 37.84 37.84 37.84 37.84 37.83 37.83 37.83 37.83 37.82 37.82 37.81 37.81 37.8 37.79 37.78 37.78
