slabs/26.grd
DSAA
631 301
643260 643890
4947500 4947800
37.04 49.96
[rows 238 to 271 of 301, columns 156 to 233 of 631]
37.52 37.49 37.4 37.31 37.29 37.37 37.52 37.64 37.7 37.76 37.82 37.82 37.8 37.79 37.81 37.85 37.88 37.93 37.95 37.9 37.88 37.86 37.87 37.87 37.87 37.89 37.91 37.93 37.95 37.99 38 37.99 37.97 37.95 37.83 37.78 37.68 37.67 37.61 37.6 37.61 37.65 37.68 37.71 37.75 37.78 37.82 37.84 37.86 37.87 37.88 37.88 37.88 37.87 37.81 37.79 37.74 37.67 37.63 37.61 37.63 37.69 37.72 37.82 37.91 37.9 37.88 37.83 37.77 37.71 37.69 37.65 37.7 37.77 37.82 37.87 37.77 37.67
37.49 37.44 37.36 37.29 37.32 37.41 37.59 37.73 37.78 37.85 37.88 37.88 37.87 37.84 37.83 37.86 37.89 37.91 37.94 37.91 37.89 37.85 37.86 37.86 37.87 37.9 37.93 37.96 37.98 38.01 38.01 37.99 37.96 37.91 37.78 37.75 37.68 37.7 37.64 37.61 37.57 37.58 37.61 37.64 37.68 37.72 37.75 37.77 37.82 37.86 37.87 37.87 37.88 37.85 37.82 37.78 37.72 37.68 37.67 37.65 37.69 37.75 37.77 37.84 37.91 37.86 37.83 37.74 37.67 37.61 37.61 37.64 37.74 37.82 37.88 37.91 37.81 37.73
37.46 37.41 37.33 37.29 37.37 37.49 37.67 37.81 37.85 37.93 37.95 37.94 37.91 37.83 37.86 37.88 37.89 37.88 37.91 37.9 37.88 37.85 37.86 37.87 37.89 37.92 37.96 37.99 38.01 38.02 38 37.99 37.95 37.87 37.77 37.74 37.68 37.71 37.68 37.64 37.56 37.54 37.55 37.58 37.62 37.67 37.7 37.73 37.79 37.86 37.86 37.86 37.88 37.87 37.85 37.8 37.76 37.72 37.71 37.7 37.76 37.84 37.81 37.77 37.86 37.85 37.82 37.72 37.64 37.59 37.57 37.62 37.73 37.79 37.88 37.95 37.86 37.81
37.43 37.39 37.33 37.31 37.39 37.57 37.8 37.89 37.88 37.88 37.9 37.91 37.85 37.73 37.79 37.87 37.87 37.86 37.86 37.82 37.8 37.83 37.88 37.9 37.92 37.96 37.99 38.01 38.03 38.01 37.99 37.98 37.93 37.83 37.77 37.74 37.68 37.71 37.71 37.68 37.59 37.52 37.51 37.53 37.58 37.64 37.68 37.72 37.79 37.86 37.85 37.84 37.88 37.89 37.88 37.83 37.81 37.8 37.79 37.8 37.84 37.8 37.73 37.68 37.82 37.87 37.84 37.77 37.7 37.63 37.59 37.62 37.72 37.77 37.89 37.97 37.92 37.89
37.45 37.39 37.35 37.39 37.47 37.68 37.88 37.84 37.81 37.78 37.84 37.85 37.79 37.69 37.71 37.81 37.82 37.82 37.8 37.71 37.72 37.82 37.88 37.91 37.95 37.99 38.02 38.03 38.04 38 37.97 37.96 37.9 37.82 37.77 37.74 37.68 37.71 37.75 37.71 37.62 37.54 37.54 37.53 37.57 37.63 37.66 37.72 37.81 37.85 37.84 37.81 37.84 37.89 37.89 37.88 37.86 37.87 37.87 37.86 37.78 37.63 37.57 37.61 37.77 37.85 37.86 37.84 37.76 37.68 37.6 37.64 37.74 37.78 37.9 37.96 37.93 37.92
37.47 37.4 37.37 37.46 37.54 37.73 37.85 37.77 37.73 37.7 37.78 37.83 37.79 37.72 37.69 37.74 37.75 37.76 37.73 37.65 37.66 37.81 37.85 37.89 37.96 38.02 38.05 38.04 38.03 37.99 37.97 37.95 37.89 37.83 37.77 37.74 37.69 37.71 37.78 37.74 37.66 37.62 37.61 37.59 37.58 37.62 37.66 37.74 37.83 37.84 37.82 37.79 37.81 37.86 37.88 37.91 37.91 37.92 37.92 37.9 37.76 37.48 37.46 37.56 37.71 37.77 37.84 37.86 37.77 37.7 37.61 37.66 37.76 37.8 37.91 37.92 37.9 37.89
37.51 37.47 37.45 37.5 37.57 37.72 37.74 37.69 37.65 37.61 37.71 37.81 37.81 37.77 37.71 37.69 37.7 37.73 37.67 37.61 37.6 37.81 37.84 37.86 37.93 38.01 38.05 38.04 38.02 37.99 37.96 37.94 37.88 37.82 37.78 37.74 37.69 37.71 37.8 37.77 37.72 37.77 37.76 37.73 37.62 37.64 37.68 37.77 37.85 37.85 37.82 37.74 37.75 37.82 37.86 37.95 37.97 37.96 37.95 37.91 37.8 37.48 37.45 37.52 37.66 37.71 37.81 37.85 37.75 37.7 37.63 37.68 37.77 37.82 37.9 37.88 37.85 37.85
37.59 37.6 37.61 37.6 37.62 37.66 37.6 37.59 37.58 37.58 37.68 37.79 37.82 37.79 37.7 37.67 37.69 37.7 37.62 37.58 37.58 37.81 37.83 37.84 37.87 37.91 37.96 37.99 38 37.98 37.95 37.93 37.88 37.77 37.75 37.73 37.66 37.71 37.77 37.85 37.88 37.92 37.89 37.79 37.66 37.68 37.72 37.8 37.87 37.89 37.84 37.69 37.73 37.81 37.88 37.97 37.98 37.96 37.94 37.9 37.83 37.62 37.51 37.53 37.65 37.69 37.8 37.82 37.72 37.68 37.65 37.71 37.79 37.84 37.88 37.84 37.81 37.8
37.67 37.72 37.75 37.7 37.67 37.6 37.53 37.56 37.58 37.64 37.71 37.79 37.83 37.78 37.65 37.65 37.67 37.67 37.64 37.63 37.68 37.83 37.83 37.81 37.75 37.75 37.82 37.86 37.93 37.97 37.93 37.9 37.89 37.8 37.71 37.68 37.66 37.74 37.79 37.93 38 37.95 37.9 37.76 37.7 37.71 37.75 37.83 37.88 37.91 37.84 37.69 37.74 37.84 37.9 37.97 37.95 37.92 37.9 37.87 37.83 37.75 37.61 37.55 37.65 37.69 37.79 37.78 37.68 37.66 37.66 37.74 37.81 37.84 37.84 37.79 37.78 37.78
37.72 37.8 37.83 37.77 37.71 37.62 37.57 37.6 37.65 37.75 37.79 37.82 37.82 37.74 37.59 37.63 37.67 37.7 37.73 37.75 37.81 37.86 37.83 37.79 37.68 37.63 37.78 37.81 37.87 37.92 37.91 37.89 37.88 37.83 37.77 37.69 37.7 37.8 37.84 37.94 38 37.94 37.87 37.76 37.74 37.74 37.78 37.86 37.9 37.91 37.85 37.71 37.76 37.86 37.91 37.94 37.9 37.89 37.85 37.83 37.8 37.77 37.67 37.56 37.64 37.68 37.75 37.74 37.66 37.65 37.67 37.76 37.83 37.83 37.81 37.79 37.77 37.73
37.76 37.83 37.86 37.8 37.75 37.66 37.64 37.65 37.72 37.85 37.86 37.85 37.81 37.7 37.59 37.63 37.71 37.76 37.8 37.83 37.87 37.86 37.79 37.73 37.63 37.65 37.83 37.84 37.86 37.88 37.88 37.87 37.85 37.82 37.8 37.74 37.75 37.81 37.84 37.88 37.95 37.92 37.87 37.79 37.78 37.78 37.82 37.87 37.91 37.9 37.86 37.74 37.79 37.87 37.91 37.9 37.86 37.85 37.8 37.78 37.76 37.73 37.65 37.58 37.62 37.64 37.69 37.7 37.66 37.65 37.67 37.75 37.82 37.86 37.9 37.91 37.87 37.74
37.8 37.86 37.86 37.82 37.77 37.7 37.68 37.69 37.76 37.88 37.87 37.85 37.77 37.66 37.64 37.68 37.77 37.83 37.86 37.88 37.9 37.89 37.78 37.72 37.61 37.68 37.8 37.86 37.85 37.85 37.84 37.83 37.82 37.79 37.79 37.76 37.74 37.75 37.77 37.81 37.89 37.91 37.88 37.83 37.81 37.81 37.84 37.88 37.91 37.9 37.87 37.77 37.81 37.85 37.89 37.86 37.82 37.8 37.75 37.73 37.72 37.68 37.63 37.62 37.63 37.64 37.66 37.65 37.62 37.62 37.65 37.72 37.8 37.85 37.94 37.94 37.89 37.77
37.86 37.88 37.84 37.82 37.77 37.69 37.67 37.69 37.74 37.85 37.85 37.83 37.75 37.68 37.72 37.75 37.8 37.85 37.87 37.89 37.9 37.9 37.83 37.76 37.65 37.67 37.76 37.88 37.85 37.83 37.82 37.8 37.78 37.76 37.76 37.74 37.7 37.66 37.68 37.74 37.85 37.88 37.87 37.86 37.85 37.85 37.87 37.89 37.91 37.9 37.87 37.8 37.83 37.85 37.86 37.81 37.77 37.75 37.71 37.69 37.66 37.64 37.63 37.63 37.65 37.66 37.65 37.6 37.57 37.58 37.65 37.7 37.75 37.81 37.89 37.87 37.83 37.73
37.88 37.84 37.78 37.78 37.75 37.67 37.74 37.73 37.72 37.78 37.8 37.78 37.73 37.69 37.72 37.71 37.74 37.81 37.85 37.86 37.89 37.88 37.86 37.82 37.72 37.65 37.74 37.9 37.89 37.84 37.82 37.78 37.75 37.74 37.74 37.73 37.69 37.63 37.66 37.74 37.82 37.81 37.82 37.84 37.88 37.88 37.9 37.91 37.9 37.88 37.86 37.83 37.85 37.84 37.81 37.76 37.68 37.65 37.58 37.53 37.52 37.52 37.54 37.61 37.67 37.7 37.66 37.57 37.55 37.56 37.65 37.72 37.73 37.77 37.83 37.78 37.75 37.67
37.84 37.72 37.69 37.74 37.78 37.75 37.79 37.77 37.72 37.71 37.73 37.69 37.64 37.63 37.64 37.62 37.66 37.75 37.78 37.81 37.87 37.86 37.86 37.85 37.77 37.62 37.72 37.91 37.94 37.89 37.86 37.79 37.75 37.74 37.74 37.74 37.73 37.7 37.73 37.79 37.74 37.69 37.71 37.77 37.86 37.88 37.91 37.89 37.86 37.85 37.83 37.81 37.85 37.82 37.75 37.67 37.59 37.55 37.46 37.37 37.36 37.4 37.48 37.6 37.69 37.74 37.73 37.6 37.57 37.55 37.67 37.76 37.76 37.76 37.78 37.73 37.71 37.66
37.82 37.64 37.7 37.76 37.81 37.78 37.76 37.74 37.69 37.65 37.67 37.61 37.56 37.56 37.56 37.56 37.6 37.68 37.71 37.77 37.84 37.85 37.86 37.86 37.8 37.61 37.69 37.9 37.97 37.96 37.92 37.83 37.76 37.78 37.78 37.78 37.8 37.81 37.84 37.79 37.62 37.6 37.62 37.74 37.86 37.87 37.87 37.84 37.82 37.8 37.78 37.82 37.87 37.83 37.74 37.64 37.57 37.52 37.43 37.33 37.28 37.33 37.47 37.6 37.67 37.76 37.75 37.61 37.57 37.53 37.67 37.8 37.8 37.8 37.78 37.73 37.71 37.68
37.82 37.66 37.78 37.81 37.78 37.72 37.69 37.66 37.6 37.63 37.64 37.61 37.58 37.56 37.55 37.56 37.6 37.64 37.66 37.73 37.81 37.84 37.85 37.87 37.83 37.65 37.66 37.87 37.98 37.98 37.96 37.87 37.79 37.82 37.82 37.83 37.86 37.87 37.91 37.78 37.62 37.65 37.64 37.77 37.87 37.85 37.83 37.81 37.8 37.79 37.77 37.87 37.9 37.86 37.77 37.67 37.59 37.54 37.45 37.34 37.28 37.28 37.39 37.56 37.63 37.75 37.71 37.58 37.55 37.52 37.65 37.81 37.83 37.86 37.83 37.76 37.74 37.7
37.84 37.75 37.83 37.84 37.77 37.65 37.61 37.57 37.56 37.64 37.66 37.67 37.65 37.61 37.6 37.64 37.66 37.62 37.63 37.69 37.78 37.83 37.84 37.85 37.84 37.7 37.66 37.83 37.96 37.96 37.94 37.88 37.82 37.84 37.85 37.88 37.88 37.89 37.92 37.86 37.78 37.76 37.72 37.8 37.85 37.84 37.83 37.83 37.83 37.83 37.83 37.91 37.92 37.89 37.8 37.71 37.65 37.58 37.47 37.35 37.32 37.26 37.28 37.43 37.53 37.68 37.65 37.58 37.56 37.53 37.65 37.8 37.84 37.9 37.88 37.82 37.79 37.73
37.84 37.8 37.82 37.84 37.77 37.62 37.57 37.53 37.59 37.69 37.71 37.75 37.74 37.69 37.68 37.73 37.72 37.62 37.61 37.65 37.76 37.81 37.79 37.75 37.75 37.72 37.67 37.79 37.9 37.91 37.89 37.85 37.84 37.84 37.82 37.83 37.82 37.83 37.85 37.86 37.84 37.81 37.78 37.78 37.85 37.85 37.86 37.86 37.87 37.88 37.89 37.92 37.93 37.91 37.84 37.75 37.71 37.62 37.49 37.37 37.34 37.27 37.22 37.26 37.35 37.52 37.6 37.61 37.6 37.58 37.7 37.81 37.84 37.91 37.89 37.85 37.82 37.77
37.84 37.8 37.8 37.83 37.79 37.66 37.6 37.55 37.64 37.75 37.77 37.82 37.81 37.77 37.77 37.8 37.77 37.6 37.58 37.65 37.77 37.75 37.69 37.61 37.61 37.62 37.59 37.73 37.8 37.81 37.83 37.86 37.85 37.83 37.78 37.76 37.76 37.77 37.79 37.81 37.82 37.82 37.75 37.72 37.86 37.87 37.88 37.87 37.9 37.91 37.92 37.93 37.94 37.94 37.88 37.79 37.75 37.64 37.5 37.4 37.37 37.29 37.22 37.18 37.21 37.34 37.56 37.67 37.66 37.65 37.78 37.84 37.86 37.9 37.89 37.87 37.83 37.81
37.85 37.77 37.79 37.83 37.83 37.75 37.69 37.56 37.63 37.79 37.82 37.88 37.86 37.82 37.82 37.83 37.81 37.65 37.63 37.67 37.75 37.72 37.64 37.5 37.41 37.44 37.53 37.77 37.85 37.82 37.78 37.86 37.83 37.81 37.77 37.74 37.74 37.75 37.77 37.79 37.8 37.8 37.71 37.7 37.86 37.85 37.84 37.82 37.88 37.92 37.94 37.95 37.95 37.96 37.92 37.83 37.79 37.66 37.51 37.42 37.39 37.32 37.25 37.19 37.19 37.26 37.52 37.71 37.71 37.73 37.85 37.9 37.9 37.91 37.9 37.88 37.86 37.83
37.85 37.76 37.78 37.84 37.89 37.84 37.77 37.57 37.51 37.74 37.8 37.88 37.86 37.79 37.81 37.85 37.87 37.78 37.71 37.7 37.77 37.76 37.67 37.5 37.36 37.4 37.58 37.88 37.91 37.86 37.76 37.77 37.77 37.78 37.78 37.76 37.76 37.76 37.77 37.78 37.79 37.79 37.72 37.76 37.85 37.79 37.72 37.72 37.79 37.91 37.95 37.96 37.97 37.97 37.94 37.87 37.82 37.66 37.52 37.45 37.42 37.35 37.3 37.24 37.23 37.28 37.51 37.69 37.75 37.84 37.94 37.95 37.94 37.92 37.89 37.87 37.84 37.81
37.82 37.77 37.79 37.86 37.92 37.88 37.82 37.68 37.54 37.72 37.74 37.78 37.79 37.8 37.84 37.9 37.86 37.75 37.7 37.74 37.83 37.82 37.77 37.64 37.5 37.51 37.68 37.92 37.91 37.86 37.75 37.71 37.74 37.76 37.8 37.8 37.8 37.79 37.79 37.79 37.8 37.8 37.76 37.83 37.83 37.73 37.59 37.63 37.71 37.89 37.95 37.98 37.98 37.97 37.93 37.87 37.82 37.66 37.54 37.48 37.47 37.44 37.39 37.35 37.35 37.41 37.53 37.63 37.78 37.91 37.98 37.97 37.95 37.92 37.87 37.85 37.8 37.78
37.76 37.8 37.83 37.89 37.9 37.82 37.74 37.66 37.55 37.6 37.63 37.67 37.69 37.78 37.84 37.9 37.84 37.72 37.7 37.75 37.87 37.87 37.86 37.77 37.7 37.68 37.79 37.91 37.89 37.86 37.79 37.73 37.73 37.76 37.81 37.83 37.83 37.83 37.82 37.82 37.81 37.8 37.75 37.8 37.78 37.71 37.5 37.59 37.68 37.87 37.94 37.97 37.96 37.88 37.81 37.79 37.72 37.62 37.53 37.48 37.49 37.5 37.47 37.44 37.44 37.48 37.52 37.59 37.78 37.93 37.95 37.92 37.88 37.87 37.83 37.8 37.76 37.75
37.76 37.85 37.88 37.89 37.77 37.68 37.63 37.55 37.48 37.46 37.52 37.58 37.59 37.73 37.81 37.88 37.85 37.78 37.75 37.76 37.87 37.86 37.85 37.85 37.83 37.82 37.86 37.89 37.86 37.85 37.82 37.78 37.76 37.77 37.82 37.86 37.86 37.85 37.83 37.81 37.79 37.73 37.65 37.66 37.69 37.74 37.58 37.68 37.75 37.87 37.94 37.85 37.81 37.7 37.69 37.69 37.65 37.62 37.57 37.54 37.55 37.57 37.53 37.51 37.48 37.46 37.49 37.57 37.79 37.95 37.88 37.82 37.72 37.76 37.77 37.75 37.72 37.71
37.81 37.85 37.86 37.84 37.64 37.56 37.53 37.46 37.4 37.4 37.48 37.54 37.54 37.66 37.79 37.87 37.89 37.86 37.8 37.79 37.84 37.78 37.75 37.86 37.87 37.86 37.86 37.85 37.81 37.8 37.82 37.83 37.8 37.79 37.83 37.9 37.87 37.85 37.8 37.73 37.71 37.62 37.55 37.59 37.65 37.78 37.77 37.79 37.79 37.83 37.89 37.75 37.68 37.59 37.64 37.67 37.66 37.63 37.63 37.63 37.64 37.62 37.56 37.56 37.53 37.45 37.47 37.56 37.8 37.95 37.81 37.71 37.56 37.61 37.68 37.68 37.67 37.67
37.84 37.79 37.77 37.71 37.53 37.47 37.45 37.42 37.4 37.44 37.49 37.54 37.53 37.61 37.76 37.88 37.92 37.9 37.84 37.82 37.81 37.71 37.65 37.8 37.86 37.85 37.84 37.82 37.77 37.75 37.79 37.86 37.83 37.79 37.85 37.94 37.91 37.82 37.71 37.62 37.61 37.62 37.69 37.76 37.79 37.86 37.83 37.77 37.7 37.68 37.75 37.67 37.62 37.61 37.68 37.72 37.69 37.61 37.64 37.65 37.66 37.63 37.58 37.61 37.61 37.51 37.5 37.59 37.81 37.94 37.75 37.64 37.44 37.5 37.58 37.61 37.63 37.64
37.82 37.72 37.66 37.58 37.46 37.42 37.45 37.47 37.46 37.49 37.51 37.53 37.54 37.6 37.76 37.88 37.89 37.88 37.85 37.84 37.79 37.7 37.62 37.73 37.8 37.8 37.82 37.8 37.76 37.74 37.77 37.85 37.81 37.73 37.81 37.93 37.9 37.79 37.62 37.54 37.56 37.69 37.83 37.87 37.89 37.91 37.8 37.67 37.59 37.54 37.59 37.59 37.63 37.73 37.76 37.78 37.73 37.59 37.6 37.61 37.61 37.6 37.62 37.67 37.7 37.61 37.59 37.67 37.84 37.91 37.73 37.62 37.42 37.48 37.55 37.57 37.6 37.61
37.82 37.67 37.6 37.51 37.44 37.42 37.47 37.51 37.49 37.5 37.51 37.52 37.53 37.6 37.77 37.86 37.82 37.81 37.79 37.81 37.77 37.68 37.61 37.64 37.67 37.68 37.77 37.83 37.8 37.79 37.79 37.86 37.83 37.76 37.79 37.89 37.88 37.81 37.68 37.58 37.6 37.7 37.83 37.87 37.88 37.89 37.79 37.68 37.61 37.54 37.56 37.59 37.66 37.82 37.84 37.84 37.76 37.6 37.55 37.55 37.55 37.58 37.65 37.71 37.77 37.72 37.7 37.76 37.9 37.92 37.79 37.68 37.49 37.51 37.55 37.57 37.58 37.59
37.75 37.63 37.58 37.51 37.46 37.45 37.49 37.49 37.48 37.47 37.48 37.5 37.53 37.6 37.78 37.83 37.76 37.73 37.68 37.77 37.77 37.68 37.59 37.55 37.53 37.57 37.73 37.91 37.9 37.88 37.88 37.89 37.88 37.84 37.82 37.87 37.85 37.81 37.77 37.69 37.68 37.7 37.79 37.84 37.86 37.86 37.82 37.76 37.7 37.64 37.63 37.64 37.69 37.84 37.89 37.88 37.78 37.6 37.51 37.51 37.54 37.59 37.67 37.73 37.8 37.79 37.78 37.84 37.94 37.92 37.85 37.78 37.67 37.66 37.66 37.62 37.59 37.58
37.62 37.59 37.57 37.52 37.48 37.47 37.48 37.46 37.45 37.44 37.44 37.46 37.52 37.6 37.77 37.82 37.74 37.69 37.64 37.74 37.76 37.73 37.68 37.61 37.58 37.62 37.78 37.91 37.91 37.91 37.91 37.9 37.9 37.88 37.85 37.8 37.76 37.74 37.79 37.77 37.75 37.74 37.79 37.83 37.85 37.86 37.85 37.83 37.79 37.75 37.72 37.71 37.74 37.84 37.92 37.89 37.78 37.61 37.5 37.51 37.54 37.6 37.69 37.73 37.8 37.83 37.82 37.88 37.94 37.9 37.88 37.81 37.79 37.77 37.75 37.68 37.59 37.58
37.57 37.57 37.55 37.51 37.48 37.47 37.45 37.44 37.42 37.42 37.4 37.42 37.48 37.58 37.77 37.87 37.84 37.76 37.65 37.71 37.77 37.78 37.76 37.69 37.67 37.71 37.83 37.88 37.88 37.89 37.89 37.89 37.89 37.88 37.88 37.8 37.74 37.74 37.83 37.81 37.78 37.79 37.83 37.86 37.86 37.88 37.87 37.86 37.84 37.8 37.77 37.77 37.8 37.86 37.91 37.89 37.78 37.64 37.53 37.53 37.56 37.62 37.69 37.73 37.79 37.83 37.79 37.83 37.92 37.9 37.85 37.77 37.8 37.81 37.79 37.71 37.61 37.58
37.61 37.58 37.52 37.47 37.43 37.43 37.43 37.41 37.39 37.39 37.37 37.35 37.38 37.51 37.76 37.88 37.92 37.87 37.75 37.74 37.79 37.82 37.79 37.74 37.73 37.77 37.84 37.89 37.88 37.86 37.86 37.86 37.86 37.87 37.9 37.88 37.84 37.84 37.88 37.83 37.8 37.83 37.86 37.88 37.88 37.88 37.87 37.86 37.82 37.76 37.76 37.77 37.82 37.85 37.88 37.88 37.79 37.67 37.57 37.56 37.58 37.64 37.67 37.68 37.72 37.75 37.71 37.76 37.9 37.87 37.8 37.71 37.78 37.83 37.81 37.72 37.62 37.58
37.63 37.58 37.47 37.4 37.38 37.38 37.38 37.37 37.35 37.35 37.33 37.31 37.33 37.45 37.72 37.87 37.93 37.96 37.88 37.82 37.84 37.87 37.82 37.8 37.8 37.82 37.86 37.88 37.85 37.81 37.81 37.82 37.82 37.83 37.88 37.9 37.9 37.91 37.89 37.84 37.82 37.85 37.88 37.88 37.88 37.87 37.85 37.83 37.78 37.7 37.73 37.75 37.82 37.87 37.88 37.87 37.83 37.72 37.64 37.62 37.63 37.69 37.68 37.65 37.65 37.65 37.65 37.7 37.86 37.8 37.72 37.66 37.76 37.84 37.83 37.75 37.63 37.58
