slabs/26.grd
DSAA
631 301
643260 643890
4947500 4947800
37.04 49.96
[rows 204 to 237 of 301, columns 0 to 77 of 631]
44.26 44.33 44.39 44.44 44.61 44.94 45.33 45.53 46.11 46.67 46.89 46.83 46.82 46.92 47.1 47.27 47.47 47.61 47.77 47.88 48.11 48.21 48.27 48.43 48.81 49.24 49.43 49.67 49.69 49.68 49.71 49.73 49.45 48.98 48.8 48.56 48.53 48.35 48.22 47.93 47.58 47.21 46.91 46.27 45.53 45.05 44.73 44.17 43.63 43.4 42.79 42.16 41.59 41.35 40.82 40.57 40.44 40.42 40.39 40.4 40.4 40.38 40.33 40.29 40.26 40.22 40.16 40.21 40.25 40.29 40.15 39.84 39.72 39.45 38.97 38.56 38.36 37.99
44.3 44.38 44.46 44.52 44.77 45.15 45.48 45.66 46.24 46.82 47.05 46.95 46.83 46.93 47.09 47.21 47.37 47.48 47.66 47.76 47.94 48.04 48.09 48.28 48.66 49.15 49.35 49.68 49.7 49.67 49.7 49.76 49.58 49.1 48.93 48.62 48.54 48.34 48.22 47.97 47.7 47.37 47.11 46.54 45.91 45.55 44.97 44.39 43.86 43.59 42.92 42.3 41.8 41.52 40.9 40.59 40.45 40.44 40.39 40.4 40.39 40.37 40.32 40.29 40.26 40.23 40.15 40.16 40.2 40.28 40.21 40.04 39.94 39.65 39.24 38.9 38.63 38.13
44.31 44.42 44.54 44.63 44.92 45.28 45.56 45.74 46.29 46.79 46.97 46.9 46.78 46.88 47.04 47.13 47.25 47.34 47.5 47.64 47.81 47.89 47.95 48.14 48.45 48.99 49.23 49.63 49.73 49.66 49.67 49.71 49.63 49.21 49.03 48.67 48.57 48.42 48.31 48.08 47.86 47.63 47.22 46.65 46.11 45.85 45.19 44.54 44 43.71 43.04 42.41 41.95 41.66 40.95 40.55 40.45 40.45 40.4 40.4 40.4 40.35 40.29 40.28 40.27 40.23 40.17 40.09 40.16 40.27 40.25 40.19 40.12 39.9 39.63 39.21 38.92 38.37
44.31 44.46 44.61 44.73 45.03 45.37 45.63 45.8 46.3 46.61 46.72 46.69 46.64 46.74 46.86 46.98 47.12 47.21 47.31 47.53 47.73 47.75 47.82 48.01 48.23 48.73 49.02 49.55 49.73 49.66 49.65 49.68 49.61 49.37 49.22 48.86 48.63 48.48 48.38 48.21 48.05 47.86 47.31 46.7 46.16 45.92 45.3 44.67 44.14 43.85 43.21 42.52 42.03 41.75 41.02 40.52 40.44 40.44 40.41 40.4 40.41 40.35 40.27 40.25 40.24 40.22 40.19 40.06 40.12 40.24 40.24 40.21 40.21 40.16 39.97 39.49 39.21 38.7
44.32 44.52 44.71 44.83 45.11 45.42 45.69 45.87 46.29 46.4 46.46 46.47 46.5 46.53 46.6 46.75 46.94 47.06 47.15 47.39 47.62 47.61 47.7 47.9 48.08 48.44 48.76 49.31 49.67 49.7 49.65 49.62 49.57 49.42 49.3 48.95 48.69 48.62 48.55 48.4 48.22 48.01 47.46 46.85 46.27 45.99 45.36 44.74 44.29 44.01 43.4 42.68 42.12 41.81 41.09 40.56 40.47 40.45 40.41 40.41 40.41 40.35 40.24 40.18 40.19 40.19 40.18 40.11 40.12 40.18 40.18 40.2 40.25 40.27 40.06 39.73 39.53 39.17
44.37 44.62 44.83 44.95 45.21 45.47 45.73 45.9 46.2 46.19 46.26 46.3 46.34 46.35 46.37 46.47 46.66 46.83 46.97 47.27 47.53 47.55 47.62 47.74 47.9 48.22 48.49 49.12 49.66 49.72 49.66 49.59 49.53 49.44 49.33 49.04 48.77 48.77 48.78 48.66 48.38 48.14 47.6 47.06 46.46 46.12 45.4 44.8 44.43 44.15 43.56 42.84 42.23 41.89 41.14 40.62 40.56 40.48 40.39 40.4 40.39 40.34 40.22 40.14 40.16 40.19 40.18 40.21 40.17 40.12 40.13 40.22 40.28 40.33 40.13 39.92 39.74 39.41
44.41 44.69 44.91 45.04 45.3 45.54 45.72 45.87 45.97 45.96 46.02 46.1 46.13 46.17 46.18 46.22 46.3 46.3 46.51 47.01 47.37 47.5 47.57 47.68 47.83 48.04 48.29 48.96 49.61 49.72 49.66 49.59 49.53 49.49 49.38 49.13 48.85 48.86 48.94 48.91 48.53 48.28 47.74 47.25 46.67 46.29 45.49 44.86 44.54 44.27 43.66 42.94 42.42 41.95 41.23 40.68 40.64 40.51 40.39 40.38 40.35 40.29 40.21 40.19 40.18 40.2 40.21 40.28 40.26 40.17 40.05 40.22 40.28 40.32 40.13 39.97 39.8 39.43
44.37 44.66 44.89 45.02 45.29 45.54 45.61 45.69 45.72 45.76 45.79 45.85 45.8 45.82 45.85 45.9 45.94 45.99 46.22 46.74 47.19 47.43 47.52 47.64 47.76 47.9 48.12 48.75 49.48 49.63 49.66 49.59 49.56 49.54 49.44 49.2 48.93 48.92 49.03 49.1 48.7 48.44 47.89 47.37 46.81 46.45 45.64 44.95 44.6 44.34 43.73 43.05 42.68 41.97 41.28 40.79 40.71 40.52 40.41 40.36 40.34 40.3 40.27 40.2 40.19 40.19 40.23 40.3 40.31 40.25 40.04 40.21 40.24 40.23 40.09 39.99 39.81 39.39
44.3 44.6 44.81 44.94 45.17 45.44 45.39 45.36 45.4 45.45 45.48 45.53 45.52 45.56 45.59 45.65 45.75 45.91 46.1 46.56 46.98 47.32 47.44 47.61 47.68 47.79 48.05 48.62 49.3 49.49 49.69 49.65 49.59 49.58 49.5 49.27 48.97 48.97 49.12 49.23 48.89 48.62 48.03 47.45 46.9 46.58 45.81 45.1 44.73 44.41 43.82 43.19 42.87 42.04 41.36 40.87 40.74 40.52 40.44 40.36 40.36 40.33 40.3 40.2 40.18 40.18 40.25 40.3 40.32 40.3 40.1 40.16 40.17 40.13 40.02 39.96 39.78 39.36
44.26 44.52 44.58 44.77 44.97 45.1 45.09 45.09 45.15 45.19 45.22 45.28 45.33 45.37 45.4 45.51 45.68 45.87 46.04 46.43 46.83 47.19 47.37 47.59 47.63 47.71 48 48.52 49.14 49.34 49.68 49.69 49.62 49.61 49.56 49.36 49 49.01 49.18 49.27 49.03 48.76 48.13 47.49 47.04 46.66 45.97 45.32 45.04 44.56 43.94 43.32 43.09 42.26 41.57 41.07 40.87 40.57 40.46 40.39 40.39 40.35 40.3 40.22 40.19 40.17 40.27 40.3 40.33 40.33 40.17 40.14 40.07 40.04 39.95 39.91 39.77 39.45
44.16 44.34 44.39 44.6 44.79 44.83 44.84 44.9 44.96 45.01 45.03 45.08 45.14 45.18 45.24 45.38 45.56 45.86 46.02 46.38 46.75 47.03 47.33 47.58 47.61 47.67 47.9 48.35 48.96 49.18 49.61 49.67 49.62 49.62 49.6 49.42 49.08 49.06 49.18 49.19 49.07 48.83 48.27 47.66 47.36 46.77 46.13 45.63 45.38 44.81 44.19 43.55 43.26 42.46 41.76 41.22 41 40.65 40.48 40.42 40.43 40.36 40.31 40.27 40.25 40.21 40.29 40.3 40.33 40.37 40.27 40.19 40.02 39.97 39.93 39.9 39.83 39.64
44.11 44.23 44.32 44.52 44.66 44.68 44.68 44.71 44.77 44.82 44.84 44.89 44.96 45.02 45.09 45.2 45.34 45.67 45.98 46.37 46.67 46.87 47.28 47.54 47.62 47.65 47.8 48.17 48.72 48.98 49.48 49.65 49.64 49.63 49.61 49.45 49.18 49.11 49.14 49.16 49.07 48.91 48.55 48.01 47.77 47.13 46.46 45.86 45.58 44.95 44.39 43.78 43.42 42.66 41.94 41.37 41.12 40.7 40.5 40.46 40.46 40.39 40.32 40.32 40.3 40.25 40.29 40.29 40.31 40.38 40.34 40.27 40.04 39.94 39.96 39.94 39.92 39.85
44.1 44.19 44.27 44.44 44.52 44.56 44.55 44.55 44.57 44.63 44.65 44.71 44.78 44.85 44.89 44.94 45.08 45.33 45.87 46.34 46.6 46.76 47.2 47.53 47.63 47.63 47.74 48.05 48.47 48.79 49.41 49.66 49.68 49.66 49.64 49.51 49.31 49.2 49.14 49.27 49.29 49.21 48.79 48.32 48.06 47.43 46.69 46.03 45.74 45.1 44.53 43.96 43.6 42.87 42.15 41.59 41.29 40.77 40.52 40.48 40.46 40.39 40.33 40.34 40.33 40.28 40.25 40.25 40.27 40.35 40.37 40.3 40.1 39.94 39.98 39.99 39.99 39.99
44.09 44.13 44.2 44.36 44.39 44.41 44.42 44.41 44.41 44.44 44.47 44.53 44.6 44.63 44.64 44.66 44.82 45.05 45.66 46.26 46.63 46.74 47.13 47.52 47.61 47.65 47.74 47.95 48.3 48.63 49.29 49.66 49.72 49.69 49.65 49.6 49.5 49.3 49.16 49.28 49.36 49.39 48.99 48.54 48.23 47.6 46.93 46.28 45.96 45.29 44.64 44.11 43.77 43.08 42.38 41.8 41.46 40.85 40.54 40.48 40.44 40.36 40.32 40.33 40.35 40.35 40.23 40.23 40.21 40.26 40.35 40.3 40.15 39.95 39.99 40.02 40.05 40.06
44.1 44.09 44.15 44.28 44.28 44.28 44.29 44.28 44.27 44.27 44.29 44.35 44.37 44.37 44.37 44.39 44.58 44.81 45.41 46.13 46.67 46.75 47.04 47.43 47.58 47.65 47.75 47.8 48.09 48.29 48.86 49.46 49.67 49.67 49.64 49.63 49.6 49.39 49.19 49.25 49.33 49.4 49.1 48.67 48.37 47.76 47.15 46.5 46.17 45.47 44.76 44.31 43.96 43.28 42.61 42.1 41.61 40.94 40.56 40.51 40.43 40.35 40.34 40.35 40.37 40.39 40.24 40.23 40.16 40.15 40.25 40.25 40.17 39.99 39.98 40.03 40.08 40.03
44.11 44.08 44.11 44.19 44.19 44.18 44.18 44.17 44.16 44.16 44.19 44.21 44.2 44.18 44.15 44.15 44.35 44.56 45.12 45.88 46.43 46.57 46.8 47.11 47.42 47.54 47.7 47.8 47.94 48.07 48.54 49.22 49.45 49.63 49.65 49.63 49.61 49.44 49.22 49.26 49.32 49.37 49.15 48.79 48.51 47.91 47.29 46.61 46.31 45.59 44.95 44.56 44.18 43.46 42.85 42.49 41.79 41.1 40.64 40.58 40.46 40.37 40.39 40.38 40.35 40.37 40.26 40.23 40.15 40.14 40.15 40.16 40.07 39.93 39.95 40.01 40.05 39.98
44.13 44.08 44.08 44.12 44.11 44.11 44.1 44.11 44.12 44.14 44.18 44.19 44.19 44.16 44.08 44.04 44.18 44.29 44.68 45.23 45.83 46.05 46.47 46.87 47.26 47.44 47.66 47.8 47.85 48 48.42 49.03 49.25 49.63 49.66 49.63 49.61 49.47 49.26 49.3 49.34 49.34 49.17 48.88 48.61 48 47.36 46.73 46.42 45.7 45.15 44.81 44.37 43.61 43.05 42.78 42.02 41.28 40.77 40.67 40.49 40.38 40.43 40.4 40.34 40.33 40.28 40.27 40.2 40.18 40.14 40.13 40.07 39.96 39.96 39.97 40 39.97
44.13 44.09 44.08 44.08 44.07 44.07 44.06 44.03 44.07 44.12 44.21 44.22 44.13 44.13 44.11 44.07 44.1 44.18 44.43 44.77 45.31 45.57 46.17 46.67 46.99 47.34 47.61 47.77 47.79 47.93 48.3 48.86 49.1 49.57 49.67 49.63 49.61 49.52 49.31 49.32 49.35 49.31 49.16 48.94 48.65 48.04 47.4 46.94 46.58 45.9 45.34 45.07 44.49 43.77 43.25 42.99 42.28 41.53 40.96 40.81 40.53 40.42 40.41 40.38 40.33 40.36 40.31 40.3 40.21 40.13 40.09 40.06 40.09 40.07 40.01 39.93 39.94 39.94
44.12 44.1 44.08 44.07 44.08 44.08 44.04 43.98 44 44.03 44.1 44.11 44.09 44.12 44.14 44.08 44.06 44.13 44.31 44.59 45.02 45.32 45.95 46.51 46.76 47.27 47.61 47.76 47.78 47.86 48.14 48.67 48.93 49.46 49.67 49.63 49.61 49.56 49.38 49.34 49.36 49.3 49.17 49.02 48.71 48.1 47.53 47.25 46.75 46.18 45.65 45.36 44.69 44.04 43.54 43.25 42.55 42.04 41.4 41.15 40.67 40.47 40.43 40.39 40.35 40.36 40.36 40.32 40.22 40.11 40.07 40.07 40.12 40.14 40.06 39.91 39.89 39.9
44.11 44.09 44.07 44.08 44.08 44.06 44.02 43.99 43.99 44 44.02 44.06 44.13 44.16 44.15 44.04 43.96 44 44.11 44.42 44.75 45.18 45.82 46.36 46.6 47.18 47.62 47.75 47.77 47.82 47.98 48.45 48.73 49.35 49.64 49.63 49.61 49.58 49.45 49.4 49.41 49.34 49.25 49.16 48.8 48.2 47.73 47.49 46.92 46.44 46.02 45.7 45.02 44.37 43.86 43.58 42.97 42.42 41.79 41.46 40.83 40.54 40.5 40.43 40.35 40.27 40.32 40.33 40.25 40.16 40.14 40.14 40.18 40.18 40.12 39.96 39.86 39.88
44.09 44.09 44.08 44.08 44.07 44.05 44.04 44.04 44.04 44.02 44.02 44.08 44.16 44.17 44.11 43.99 43.91 43.89 43.93 44.28 44.51 45.08 45.76 46.22 46.47 47.07 47.55 47.73 47.75 47.82 47.9 48.27 48.57 49.23 49.56 49.64 49.62 49.59 49.52 49.47 49.47 49.44 49.38 49.29 48.91 48.33 47.87 47.72 47.1 46.58 46.18 45.87 45.19 44.57 44.1 43.83 43.3 42.61 41.99 41.63 40.95 40.56 40.48 40.42 40.33 40.21 40.25 40.3 40.25 40.21 40.19 40.19 40.24 40.24 40.2 40.08 39.86 39.86
44.09 44.08 44.08 44.06 44.04 44.05 44.07 44.09 44.08 44.06 44.05 44.11 44.14 44.13 44.07 43.98 43.93 43.84 43.82 44.15 44.35 44.97 45.68 46.12 46.35 46.95 47.44 47.68 47.72 47.82 47.86 48.15 48.44 49.08 49.44 49.59 49.62 49.6 49.59 49.55 49.52 49.51 49.53 49.47 49.14 48.54 48.07 47.86 47.22 46.68 46.22 45.92 45.27 44.69 44.25 43.97 43.46 42.81 42.21 41.8 41.09 40.58 40.47 40.38 40.3 40.21 40.22 40.27 40.23 40.21 40.19 40.21 40.31 40.31 40.29 40.2 39.91 39.87
44.07 44.06 44.07 44.06 44.05 44.04 44.06 44.09 44.11 44.1 44.1 44.15 44.14 44.09 44.03 44.01 43.97 43.86 43.8 44 44.18 44.79 45.49 45.97 46.2 46.78 47.32 47.6 47.68 47.79 47.81 48.07 48.32 48.92 49.4 49.51 49.64 49.63 49.62 49.61 49.58 49.58 49.61 49.6 49.32 48.73 48.25 47.97 47.29 46.81 46.35 46.05 45.4 44.79 44.34 44.05 43.6 43.05 42.6 42.05 41.27 40.7 40.56 40.34 40.25 40.21 40.21 40.24 40.2 40.19 40.18 40.22 40.35 40.36 40.33 40.26 39.99 39.87
44.06 44.05 44.07 44.07 44.06 44.04 44.03 44.08 44.11 44.12 44.14 44.17 44.16 44.06 43.98 44 43.97 43.88 43.82 43.86 44.02 44.52 45.18 45.73 45.97 46.56 47.14 47.48 47.64 47.8 47.78 47.96 48.11 48.66 49.16 49.31 49.59 49.63 49.6 49.6 49.6 49.62 49.71 49.7 49.42 48.86 48.41 48.1 47.4 46.9 46.56 46.24 45.57 44.97 44.6 44.18 43.73 43.3 43.01 42.3 41.47 40.89 40.7 40.34 40.21 40.19 40.18 40.21 40.19 40.18 40.18 40.22 40.31 40.36 40.33 40.27 40.1 39.92
44.04 44.04 44.05 44.07 44.04 44.05 44.03 44.07 44.08 44.12 44.14 44.16 44.15 44.02 43.93 43.94 43.92 43.85 43.79 43.79 43.94 44.34 44.9 45.43 45.69 46.34 46.92 47.22 47.45 47.73 47.78 47.83 47.94 48.4 48.89 49.1 49.52 49.69 49.64 49.62 49.59 49.59 49.84 49.81 49.52 48.96 48.53 48.21 47.55 47.08 46.82 46.51 45.79 45.22 44.96 44.38 43.85 43.48 43.23 42.51 41.69 41.11 40.86 40.4 40.2 40.15 40.16 40.17 40.18 40.22 40.22 40.23 40.22 40.29 40.29 40.26 40.19 40.07
44.02 44.03 44.03 44.04 44.02 44.03 44.02 44.03 44.05 44.1 44.13 44.13 44.1 43.99 43.93 43.91 43.89 43.85 43.81 43.82 43.89 44.16 44.58 45.07 45.36 46.04 46.59 46.8 47.23 47.64 47.76 47.76 47.87 48.22 48.69 48.94 49.46 49.76 49.68 49.63 49.59 49.59 49.85 49.86 49.6 49.05 48.6 48.3 47.72 47.28 47.1 46.77 46.04 45.42 45.19 44.57 43.99 43.59 43.34 42.67 41.93 41.36 41.07 40.5 40.21 40.13 40.14 40.14 40.18 40.23 40.23 40.21 40.09 40.15 40.2 40.18 40.17 40.14
44.04 44.01 44.01 44.01 44 44.01 44 44.01 44.03 44.08 44.09 44.05 44.02 43.95 43.95 43.88 43.92 43.9 43.84 43.84 43.84 43.97 44.32 44.8 45.11 45.78 46.33 46.54 47.1 47.55 47.73 47.74 47.82 48.05 48.46 48.74 49.32 49.73 49.72 49.66 49.61 49.59 49.75 49.77 49.59 49.15 48.77 48.4 47.85 47.38 47.25 46.92 46.3 45.63 45.38 44.75 44.18 43.74 43.51 42.88 42.21 41.63 41.31 40.66 40.23 40.13 40.14 40.11 40.15 40.21 40.2 40.13 40.06 40.09 40.13 40.11 40.15 40.14
44.03 43.99 43.98 44 43.99 44 44 44.02 44.02 44.05 44.01 43.96 43.94 43.98 44.05 44.13 44.15 44.01 43.87 43.84 43.83 43.89 44.16 44.5 44.97 45.59 46.13 46.36 46.94 47.42 47.66 47.71 47.79 47.92 48.24 48.52 49.11 49.63 49.77 49.71 49.62 49.58 49.65 49.64 49.52 49.27 49.05 48.55 47.95 47.45 47.3 47 46.53 45.93 45.65 44.99 44.42 44.01 43.75 43.11 42.45 41.96 41.72 40.98 40.38 40.18 40.15 40.1 40.12 40.15 40.14 40.06 40.01 40.02 40.04 40.09 40.14 40.11
44.01 43.99 43.99 44.03 44 43.99 44.01 44 43.99 43.98 44 43.95 43.92 43.99 44.16 44.34 44.31 44.06 43.88 43.84 43.84 43.89 44.06 44.28 44.84 45.41 45.93 46.16 46.75 47.25 47.56 47.66 47.79 47.86 48.11 48.37 48.94 49.51 49.79 49.73 49.62 49.58 49.61 49.58 49.48 49.36 49.21 48.67 48.07 47.59 47.41 47.07 46.71 46.21 45.92 45.27 44.68 44.45 44.18 43.51 42.88 42.35 42.04 41.29 40.63 40.42 40.2 40.12 40.11 40.09 40.08 40.03 39.98 39.97 39.98 40.06 40.08 40.05
43.97 43.98 43.97 43.97 43.97 43.97 43.97 43.98 43.97 43.95 43.99 44.01 43.96 44.05 44.25 44.45 44.4 44.14 43.88 43.86 43.87 43.9 43.92 44.13 44.66 45.21 45.73 45.98 46.57 47.11 47.46 47.59 47.79 47.84 48.02 48.24 48.79 49.37 49.68 49.71 49.63 49.58 49.6 49.57 49.49 49.43 49.26 48.75 48.23 47.75 47.54 47.2 47.02 46.58 46.32 45.73 45.05 44.76 44.52 43.87 43.24 42.71 42.32 41.57 40.92 40.71 40.27 40.12 40.09 40.07 40.06 40.02 40.01 39.99 39.98 40.02 40.01 40
43.88 43.95 43.96 43.9 43.92 43.94 43.93 43.95 43.95 43.93 43.95 44.02 44.01 44.17 44.38 44.52 44.54 44.32 43.96 43.9 43.89 43.88 43.78 43.97 44.46 45 45.53 45.81 46.43 47 47.36 47.51 47.75 47.82 47.93 48.09 48.62 49.19 49.42 49.66 49.65 49.59 49.6 49.6 49.67 49.63 49.44 48.91 48.4 48.01 47.78 47.4 47.23 46.89 46.64 46.1 45.42 45.02 44.75 44.1 43.52 43.15 42.61 41.85 41.21 40.94 40.38 40.12 40.07 40.07 40.05 40.03 40.07 40.05 40.02 40.01 39.97 39.99
43.73 43.89 43.92 43.88 43.9 43.93 43.91 43.92 43.93 43.92 43.94 43.99 44.03 44.24 44.52 44.59 44.68 44.52 44.11 44 43.9 43.82 43.72 43.86 44.28 44.79 45.33 45.64 46.3 46.89 47.24 47.43 47.71 47.8 47.86 47.98 48.44 48.99 49.18 49.62 49.66 49.59 49.61 49.62 49.71 49.73 49.56 49.03 48.51 48.11 47.89 47.51 47.3 47.11 46.88 46.39 45.76 45.43 45 44.36 43.75 43.52 42.87 42.09 41.48 41.18 40.54 40.16 40.06 40.06 40.04 40.02 40.11 40.09 40.06 40.08 39.98 39.98
43.63 43.79 43.89 43.89 43.89 43.9 43.89 43.89 43.91 43.91 43.93 43.95 44.01 44.25 44.58 44.64 44.74 44.61 44.25 44.11 43.9 43.79 43.71 43.8 44.09 44.59 45.11 45.44 46.14 46.71 47.08 47.32 47.64 47.79 47.83 47.91 48.28 48.7 48.9 49.42 49.66 49.63 49.62 49.61 49.65 49.74 49.63 49.13 48.59 48.12 47.94 47.61 47.37 47.25 47.06 46.63 46.09 45.83 45.23 44.62 43.96 43.75 43.13 42.34 41.72 41.41 40.73 40.25 40.07 40.05 40.03 40.02 40.08 40.08 40.09 40.12 40 39.98
43.67 43.68 43.85 43.9 43.89 43.87 43.88 43.89 43.9 43.89 43.91 43.91 43.96 44.2 44.52 44.58 44.69 44.6 44.34 44.18 43.91 43.8 43.76 43.8 43.95 44.39 44.87 45.2 45.9 46.47 46.75 47.17 47.55 47.77 47.78 47.84 48.07 48.43 48.64 49.21 49.64 49.67 49.64 49.62 49.65 49.8 49.73 49.28 48.7 48.22 48.04 47.71 47.47 47.38 47.2 46.8 46.32 46.08 45.43 44.83 44.17 43.95 43.38 42.62 41.94 41.64 40.91 40.38 40.12 40.08 40.03 40.03 40.02 40.04 40.09 40.12 40.07 40.04
