slabs/26.grd
DSAA
631 301
643260 643890
4947500 4947800
37.04 49.96
[rows 170 to 203 of 301, columns 156 to 233 of 631]
37.86 37.87 37.88 37.89 37.89 37.9 37.92 37.93 37.93 37.94 37.95 37.96 37.96 37.95 37.94 37.93 37.91 37.87 37.85 37.83 37.83 37.86 37.9 37.93 37.94 37.87 37.76 37.72 37.6 37.53 37.51 37.51 37.51 37.51 37.52 37.52 37.52 37.52 37.53 37.53 37.53 37.54 37.54 37.54 37.54 37.54 37.54 37.55 37.55 37.55 37.55 37.56 37.56 37.57 37.57 37.57 37.58 37.58 37.58 37.58 37.59 37.59 37.61 37.61 37.62 37.62 37.62 37.63 37.63 37.63 37.64 37.64 37.64 37.64 37.65 37.65 37.65 37.65
37.87 37.88 37.9 37.9 37.9 37.92 37.93 37.94 37.95 37.96 37.96 37.96 37.94 37.92 37.89 37.87 37.86 37.83 37.81 37.81 37.82 37.86 37.91 37.93 37.92 37.82 37.71 37.67 37.57 37.54 37.54 37.54 37.54 37.54 37.54 37.54 37.54 37.54 37.55 37.55 37.55 37.55 37.56 37.56 37.56 37.56 37.57 37.57 37.57 37.58 37.58 37.58 37.59 37.59 37.59 37.59 37.6 37.62 37.62 37.62 37.63 37.63 37.63 37.64 37.64 37.64 37.65 37.65 37.65 37.65 37.66 37.66 37.66 37.67 37.67 37.67 37.67 37.67
37.87 37.89 37.91 37.93 37.92 37.93 37.95 37.96 37.96 37.96 37.94 37.92 37.9 37.88 37.85 37.82 37.81 37.79 37.79 37.81 37.83 37.89 37.93 37.93 37.88 37.76 37.66 37.63 37.57 37.56 37.56 37.56 37.56 37.56 37.56 37.56 37.56 37.57 37.57 37.57 37.57 37.58 37.58 37.58 37.59 37.59 37.59 37.59 37.6 37.6 37.6 37.6 37.62 37.63 37.63 37.63 37.64 37.64 37.64 37.65 37.65 37.65 37.65 37.66 37.66 37.66 37.67 37.67 37.68 37.68 37.68 37.68 37.69 37.69 37.69 37.69 37.69 37.69
37.83 37.88 37.92 37.94 37.94 37.95 37.96 37.95 37.94 37.92 37.89 37.87 37.85 37.83 37.81 37.79 37.77 37.77 37.78 37.8 37.85 37.91 37.94 37.92 37.83 37.71 37.63 37.61 37.59 37.58 37.58 37.58 37.57 37.58 37.58 37.58 37.58 37.59 37.59 37.59 37.6 37.6 37.6 37.61 37.61 37.61 37.62 37.63 37.64 37.64 37.64 37.64 37.65 37.66 37.65 37.66 37.66 37.66 37.66 37.67 37.67 37.67 37.68 37.68 37.68 37.69 37.69 37.69 37.7 37.7 37.7 37.7 37.71 37.71 37.71 37.71 37.71 37.71
37.8 37.85 37.9 37.93 37.94 37.95 37.94 37.91 37.9 37.87 37.85 37.83 37.81 37.78 37.76 37.75 37.75 37.76 37.78 37.8 37.87 37.92 37.93 37.89 37.78 37.67 37.61 37.61 37.6 37.6 37.6 37.6 37.6 37.6 37.6 37.6 37.61 37.61 37.61 37.61 37.62 37.62 37.64 37.65 37.65 37.65 37.65 37.66 37.66 37.66 37.66 37.67 37.67 37.67 37.67 37.68 37.68 37.69 37.69 37.69 37.69 37.69 37.7 37.7 37.71 37.71 37.71 37.71 37.72 37.72 37.72 37.72 37.73 37.73 37.73 37.73 37.73 37.74
37.78 37.83 37.89 37.93 37.94 37.92 37.89 37.87 37.85 37.83 37.8 37.79 37.76 37.74 37.72 37.72 37.74 37.76 37.8 37.82 37.89 37.93 37.89 37.84 37.73 37.64 37.62 37.62 37.62 37.62 37.62 37.62 37.62 37.62 37.62 37.63 37.63 37.65 37.65 37.65 37.66 37.66 37.67 37.67 37.67 37.67 37.68 37.68 37.68 37.68 37.68 37.69 37.69 37.7 37.7 37.7 37.7 37.71 37.71 37.71 37.72 37.72 37.72 37.72 37.73 37.73 37.73 37.73 37.74 37.74 37.74 37.74 37.75 37.75 37.75 37.75 37.76 37.76
37.75 37.82 37.89 37.94 37.93 37.89 37.85 37.83 37.81 37.78 37.76 37.75 37.72 37.7 37.7 37.71 37.73 37.77 37.82 37.84 37.91 37.92 37.84 37.79 37.69 37.65 37.65 37.65 37.65 37.65 37.65 37.66 37.66 37.66 37.66 37.67 37.67 37.67 37.68 37.68 37.68 37.68 37.69 37.69 37.69 37.7 37.7 37.7 37.7 37.71 37.71 37.71 37.71 37.72 37.72 37.72 37.73 37.73 37.73 37.73 37.74 37.74 37.74 37.74 37.75 37.75 37.75 37.75 37.76 37.76 37.76 37.77 37.77 37.77 37.77 37.78 37.78 37.78
37.76 37.84 37.91 37.96 37.93 37.85 37.8 37.79 37.76 37.74 37.71 37.71 37.68 37.68 37.69 37.7 37.74 37.79 37.84 37.87 37.92 37.88 37.79 37.74 37.68 37.67 37.67 37.69 37.68 37.68 37.68 37.68 37.68 37.68 37.69 37.69 37.69 37.7 37.7 37.7 37.7 37.71 37.71 37.71 37.72 37.72 37.72 37.72 37.72 37.73 37.73 37.73 37.73 37.74 37.74 37.74 37.75 37.75 37.75 37.75 37.76 37.76 37.76 37.76 37.77 37.77 37.77 37.78 37.78 37.78 37.79 37.79 37.79 37.79 37.8 37.8 37.81 37.82
37.79 37.87 37.93 37.97 37.92 37.83 37.76 37.75 37.72 37.69 37.67 37.66 37.65 37.67 37.69 37.71 37.76 37.82 37.87 37.89 37.91 37.83 37.75 37.73 37.71 37.71 37.71 37.71 37.71 37.71 37.71 37.71 37.7 37.71 37.71 37.71 37.72 37.72 37.72 37.72 37.72 37.73 37.73 37.73 37.74 37.74 37.74 37.74 37.75 37.75 37.75 37.75 37.75 37.75 37.76 37.76 37.76 37.77 37.77 37.77 37.78 37.78 37.78 37.79 37.79 37.79 37.8 37.8 37.8 37.8 37.81 37.81 37.83 37.83 37.83 37.84 37.84 37.84
37.83 37.9 37.96 37.96 37.91 37.81 37.74 37.72 37.67 37.64 37.63 37.63 37.64 37.67 37.69 37.71 37.79 37.86 37.9 37.9 37.86 37.78 37.74 37.74 37.73 37.73 37.73 37.73 37.73 37.73 37.73 37.73 37.73 37.73 37.73 37.73 37.74 37.74 37.74 37.75 37.75 37.75 37.75 37.75 37.76 37.76 37.76 37.76 37.77 37.77 37.77 37.77 37.77 37.78 37.78 37.78 37.79 37.79 37.79 37.8 37.8 37.8 37.81 37.81 37.81 37.81 37.82 37.84 37.84 37.84 37.85 37.85 37.85 37.85 37.86 37.86 37.86 37.87
37.89 37.95 37.98 37.96 37.88 37.79 37.71 37.68 37.63 37.6 37.6 37.62 37.64 37.69 37.72 37.75 37.82 37.88 37.92 37.89 37.81 37.77 37.76 37.76 37.76 37.76 37.75 37.75 37.75 37.75 37.75 37.75 37.75 37.75 37.75 37.76 37.76 37.76 37.76 37.77 37.77 37.77 37.77 37.77 37.78 37.78 37.78 37.78 37.79 37.79 37.79 37.79 37.8 37.8 37.8 37.81 37.81 37.81 37.82 37.82 37.82 37.83 37.84 37.85 37.85 37.85 37.86 37.86 37.86 37.87 37.87 37.87 37.87 37.88 37.88 37.88 37.88 37.89
37.94 37.97 37.97 37.93 37.84 37.76 37.69 37.64 37.59 37.59 37.6 37.61 37.64 37.7 37.75 37.78 37.84 37.9 37.91 37.86 37.79 37.78 37.78 37.78 37.78 37.78 37.78 37.77 37.77 37.77 37.77 37.77 37.77 37.77 37.77 37.78 37.78 37.78 37.78 37.79 37.79 37.79 37.79 37.79 37.8 37.8 37.8 37.81 37.81 37.81 37.82 37.82 37.82 37.82 37.83 37.83 37.83 37.85 37.86 37.86 37.86 37.86 37.87 37.87 37.87 37.88 37.88 37.88 37.88 37.89 37.89 37.9 37.9 37.9 37.9 37.9 37.9 37.91
37.97 37.97 37.92 37.88 37.79 37.71 37.66 37.63 37.6 37.59 37.6 37.61 37.66 37.72 37.77 37.8 37.86 37.91 37.9 37.83 37.8 37.8 37.8 37.8 37.8 37.8 37.8 37.8 37.8 37.79 37.79 37.79 37.79 37.79 37.79 37.8 37.8 37.8 37.8 37.81 37.81 37.81 37.82 37.82 37.82 37.82 37.83 37.83 37.83 37.83 37.84 37.84 37.86 37.86 37.86 37.87 37.87 37.88 37.88 37.88 37.88 37.89 37.89 37.89 37.89 37.9 37.9 37.91 37.91 37.91 37.91 37.92 37.92 37.92 37.92 37.93 37.93 37.93
37.98 37.94 37.87 37.83 37.75 37.69 37.66 37.65 37.63 37.62 37.6 37.62 37.68 37.74 37.77 37.82 37.88 37.9 37.88 37.84 37.83 37.83 37.82 37.82 37.82 37.82 37.82 37.82 37.82 37.81 37.81 37.81 37.81 37.81 37.82 37.82 37.82 37.82 37.83 37.83 37.83 37.83 37.84 37.84 37.85 37.85 37.86 37.87 37.87 37.87 37.88 37.88 37.89 37.89 37.89 37.89 37.89 37.9 37.9 37.9 37.9 37.91 37.91 37.92 37.92 37.92 37.92 37.93 37.93 37.93 37.94 37.94 37.94 37.94 37.94 37.95 37.95 37.95
37.96 37.9 37.83 37.8 37.74 37.71 37.69 37.68 37.66 37.63 37.62 37.64 37.7 37.76 37.78 37.85 37.9 37.89 37.87 37.85 37.85 37.85 37.84 37.84 37.84 37.84 37.84 37.83 37.83 37.83 37.83 37.83 37.83 37.84 37.84 37.84 37.85 37.85 37.85 37.85 37.86 37.86 37.88 37.88 37.88 37.89 37.89 37.89 37.89 37.9 37.9 37.9 37.91 37.91 37.91 37.92 37.92 37.92 37.92 37.93 37.93 37.93 37.93 37.94 37.94 37.94 37.94 37.95 37.95 37.95 37.96 37.96 37.96 37.96 37.96 37.97 37.97 37.97
37.93 37.86 37.81 37.79 37.75 37.73 37.71 37.7 37.67 37.65 37.64 37.65 37.72 37.78 37.8 37.87 37.91 37.88 37.88 37.87 37.87 37.87 37.86 37.86 37.86 37.86 37.86 37.86 37.86 37.86 37.86 37.85 37.86 37.86 37.86 37.87 37.87 37.89 37.89 37.89 37.89 37.9 37.9 37.9 37.91 37.91 37.91 37.92 37.92 37.92 37.92 37.93 37.93 37.93 37.93 37.94 37.94 37.94 37.94 37.95 37.95 37.95 37.96 37.96 37.96 37.96 37.96 37.97 37.97 37.97 37.97 37.98 37.98 37.98 37.98 37.99 37.99 37.99
37.91 37.85 37.81 37.8 37.77 37.74 37.73 37.71 37.68 37.65 37.64 37.67 37.74 37.8 37.82 37.89 37.9 37.89 37.89 37.89 37.89 37.89 37.89 37.88 37.88 37.88 37.88 37.88 37.88 37.88 37.88 37.89 37.9 37.9 37.9 37.9 37.91 37.91 37.91 37.92 37.92 37.92 37.92 37.93 37.93 37.93 37.94 37.94 37.94 37.94 37.94 37.95 37.95 37.95 37.96 37.96 37.96 37.96 37.96 37.97 37.97 37.97 37.98 37.98 37.98 37.98 37.98 37.99 37.99 37.99 38 38 38 38 38.01 38.01 38.01 38.01
37.9 37.85 37.84 37.82 37.78 37.76 37.74 37.72 37.68 37.66 37.66 37.69 37.76 37.82 37.84 37.9 37.91 37.91 37.91 37.91 37.91 37.91 37.91 37.91 37.91 37.91 37.92 37.92 37.92 37.92 37.92 37.92 37.92 37.92 37.92 37.93 37.93 37.93 37.94 37.94 37.94 37.94 37.94 37.95 37.95 37.95 37.96 37.96 37.96 37.96 37.97 37.97 37.97 37.97 37.98 37.98 37.98 37.98 37.99 37.99 37.99 37.99 37.99 38 38 38 38.01 38.01 38.01 38.02 38.02 38.02 38.02 38.02 38.03 38.02 37.98 37.93
37.9 37.87 37.85 37.83 37.79 37.77 37.75 37.72 37.69 37.67 37.67 37.7 37.78 37.83 37.86 37.9 37.91 37.91 37.92 37.93 37.93 37.93 37.94 37.94 37.94 37.94 37.94 37.95 37.94 37.94 37.94 37.94 37.94 37.94 37.95 37.95 37.95 37.95 37.96 37.96 37.96 37.96 37.97 37.97 37.97 37.97 37.98 37.98 37.98 37.98 37.99 37.99 37.99 37.99 38 38 38 38 38.01 38.01 38.01 38.01 38.02 38.02 38.02 38.03 38.03 38.03 38.04 38.04 38.04 38.04 38.05 38.01 37.96 37.94 37.87 37.78
37.9 37.88 37.86 37.83 37.8 37.78 37.76 37.73 37.7 37.68 37.68 37.73 37.8 37.85 37.87 37.9 37.9 37.9 37.9 37.91 37.91 37.92 37.96 37.97 37.97 37.97 37.97 37.96 37.96 37.96 37.96 37.96 37.97 37.97 37.97 37.97 37.97 37.97 37.98 37.98 37.99 37.99 37.99 37.99 37.99 37.99 38 38 38 38.01 38.01 38.01 38.01 38.01 38.02 38.02 38.02 38.03 38.03 38.03 38.03 38.04 38.04 38.04 38.04 38.05 38.05 38.07 38.07 38.07 38.05 38.03 37.98 37.9 37.82 37.79 37.71 37.61
37.91 37.89 37.87 37.84 37.81 37.78 37.77 37.73 37.7 37.69 37.7 37.76 37.82 37.86 37.87 37.89 37.89 37.89 37.88 37.88 37.89 37.89 37.93 37.96 37.98 37.99 37.99 37.99 37.99 37.98 37.98 37.98 37.99 37.99 37.99 37.99 38 38 38 38 38.01 38.01 38.01 38.01 38.01 38.01 38.02 38.02 38.02 38.03 38.03 38.03 38.03 38.04 38.04 38.04 38.04 38.05 38.05 38.06 38.05 38.07 38.07 38.07 38.07 38.07 38.07 38.09 38.09 38.08 38.01 37.95 37.83 37.74 37.67 37.63 37.54 37.46
37.9 37.89 37.88 37.84 37.81 37.79 37.78 37.74 37.72 37.7 37.72 37.78 37.84 37.86 37.87 37.88 37.88 37.88 37.88 37.88 37.88 37.87 37.89 37.91 37.96 37.97 37.99 38.01 38.01 38.01 38.01 38.01 38.01 38.01 38.01 38.01 38.02 38.02 38.02 38.02 38.02 38.03 38.03 38.03 38.03 38.04 38.04 38.04 38.04 38.05 38.05 38.06 38.05 38.06 38.06 38.07 38.07 38.07 38.07 38.08 38.07 38.08 38.08 38.08 38.08 38.08 38.08 38.08 38.08 38.08 38 37.95 37.79 37.63 37.51 37.47 37.39 37.34
37.87 37.88 37.86 37.85 37.83 37.8 37.79 37.75 37.72 37.7 37.73 37.8 37.84 37.85 37.86 37.87 37.88 37.88 37.88 37.88 37.87 37.87 37.87 37.87 37.9 37.92 37.96 38 38.01 38.02 38.03 38.03 38.03 38.03 38.03 38.03 38.03 38.04 38.04 38.04 38.04 38.05 38.05 38.05 38.05 38.06 38.06 38.06 38.06 38.07 38.07 38.07 38.06 38.06 38.06 38.07 38.07 38.07 38.07 38.07 38.07 38.07 38.07 38.07 38.07 38.07 38.07 38.07 38.07 38.07 38.02 38 37.86 37.65 37.46 37.39 37.31 37.3
37.82 37.83 37.83 37.84 37.84 37.81 37.79 37.76 37.72 37.72 37.75 37.81 37.84 37.84 37.86 37.87 37.87 37.87 37.87 37.87 37.87 37.86 37.86 37.85 37.86 37.88 37.91 37.96 37.99 38 38.03 38.04 38.05 38.05 38.05 38.05 38.05 38.06 38.06 38.06 38.06 38.06 38.06 38.06 38.06 38.06 38.06 38.06 38.06 38.06 38.06 38.06 38.06 38.06 38.06 38.06 38.06 38.06 38.06 38.06 38.06 38.06 38.06 38.06 38.06 38.06 38.06 38.06 38.06 38.06 38.03 38.01 37.93 37.75 37.52 37.4 37.3 37.31
37.78 37.79 37.8 37.82 37.83 37.82 37.8 37.77 37.74 37.74 37.76 37.81 37.83 37.84 37.85 37.86 37.86 37.86 37.86 37.86 37.86 37.86 37.85 37.85 37.84 37.86 37.88 37.92 37.96 37.98 38.02 38.04 38.04 38.04 38.04 38.04 38.04 38.05 38.05 38.05 38.05 38.05 38.04 38.04 38.05 38.05 38.05 38.05 38.05 38.05 38.05 38.05 38.05 38.05 38.05 38.05 38.05 38.05 38.05 38.05 38.05 38.05 38.05 38.05 38.05 38.05 38.05 38.05 38.05 38.06 38.04 38.01 37.95 37.8 37.58 37.44 37.32 37.33
37.74 37.76 37.77 37.79 37.81 37.81 37.8 37.78 37.75 37.75 37.78 37.81 37.83 37.83 37.84 37.85 37.85 37.85 37.85 37.85 37.85 37.85 37.85 37.84 37.85 37.86 37.86 37.89 37.92 37.95 38 38.03 38.03 38.03 38.03 38.03 38.03 38.03 38.03 38.03 38.03 38.03 38.03 38.03 38.03 38.04 38.04 38.04 38.04 38.04 38.04 38.04 38.04 38.04 38.04 38.04 38.04 38.04 38.04 38.04 38.04 38.04 38.04 38.04 38.04 38.04 38.04 38.04 38.04 38.05 38.05 38.01 37.95 37.84 37.65 37.48 37.33 37.35
37.72 37.73 37.74 37.76 37.78 37.78 37.79 37.78 37.76 37.76 37.78 37.81 37.82 37.83 37.84 37.85 37.85 37.85 37.85 37.85 37.85 37.85 37.84 37.85 37.87 37.89 37.87 37.87 37.89 37.93 37.98 38.02 38.02 38.02 38.02 38.02 38.02 38.02 38.02 38.02 38.02 38.02 38.02 38.02 38.02 38.02 38.02 38.03 38.03 38.03 38.03 38.03 38.03 38.03 38.03 38.03 38.03 38.03 38.03 38.03 38.03 38.03 38.03 38.03 38.03 38.03 38.03 38.03 38.04 38.04 38.04 38.01 37.95 37.89 37.76 37.51 37.34 37.36
37.7 37.7 37.72 37.73 37.75 37.76 37.77 37.78 37.77 37.77 37.79 37.8 37.81 37.82 37.83 37.84 37.84 37.84 37.84 37.84 37.84 37.84 37.85 37.87 37.9 37.91 37.9 37.89 37.88 37.9 37.95 38.01 38.01 38.01 38.01 38.01 38.01 38.01 38.01 38.01 38.01 38.01 38.01 38.01 38.01 38.01 38.02 38.02 38.02 38.02 38.02 38.02 38.02 38.02 38.02 38.02 38.02 38.02 38.02 38.02 38.02 38.02 38.02 38.02 38.02 38.02 38.02 38.03 38.03 38.03 38.03 38.01 37.95 37.9 37.81 37.55 37.36 37.37
37.69 37.69 37.71 37.72 37.73 37.74 37.75 37.77 37.77 37.77 37.78 37.8 37.81 37.81 37.83 37.84 37.84 37.84 37.84 37.84 37.84 37.85 37.91 37.95 37.95 37.94 37.93 37.91 37.89 37.88 37.92 38 38 38 38 38 38 38 38 38 38 38 38 38 38 38 38.01 38.01 38.01 38.01 38.01 38.01 38.01 38.01 38.01 38.01 38.01 38.01 38.01 38.01 38.01 38.01 38.01 38.01 38.02 38.02 38.02 38.02 38.02 38.02 38.02 38 37.95 37.91 37.84 37.61 37.37 37.38
37.7 37.7 37.71 37.73 37.74 37.74 37.75 37.76 37.77 37.77 37.78 37.79 37.81 37.81 37.82 37.83 37.83 37.84 37.85 37.85 37.86 37.9 37.98 38 38 37.98 37.95 37.93 37.92 37.89 37.91 37.99 37.99 37.99 37.99 37.99 37.99 37.99 37.99 37.99 37.99 37.99 37.99 37.99 37.99 38 38 38 38 38 38 38 38 38 38 38 38 38 38 38 38 38 38 38 38.01 38.01 38.01 38.01 38.01 38.01 38.01 38 37.95 37.91 37.86 37.66 37.39 37.39
37.71 37.71 37.72 37.74 37.74 37.75 37.75 37.77 37.78 37.78 37.79 37.82 37.83 37.83 37.81 37.78 37.81 37.86 37.87 37.87 37.89 37.95 38 38 38 37.99 37.97 37.96 37.95 37.93 37.94 37.98 37.98 37.98 37.98 37.98 37.98 37.98 37.98 37.98 37.98 37.98 37.98 37.98 37.99 37.99 37.99 37.99 37.99 37.99 37.99 37.99 37.99 37.99 37.99 37.99 37.99 37.99 37.99 37.99 37.99 37.99 37.99 37.99 38 38 38 38 38 38 38 38 37.95 37.91 37.87 37.69 37.42 37.4
37.72 37.72 37.73 37.75 37.75 37.75 37.76 37.77 37.78 37.79 37.8 37.83 37.84 37.85 37.84 37.82 37.83 37.87 37.9 37.92 37.94 37.98 37.99 37.99 37.99 37.98 37.97 37.97 37.97 37.97 37.97 37.98 37.98 37.97 37.97 37.97 37.97 37.97 37.97 37.97 37.97 37.98 37.98 37.98 37.98 37.98 37.98 37.98 37.98 37.98 37.98 37.98 37.98 37.98 37.98 37.98 37.98 37.98 37.98 37.98 37.98 37.99 37.98 37.99 37.99 37.99 37.99 37.99 37.99 37.99 37.99 37.99 37.95 37.91 37.87 37.72 37.46 37.41
37.73 37.73 37.74 37.76 37.76 37.76 37.77 37.78 37.79 37.8 37.81 37.83 37.84 37.86 37.87 37.88 37.87 37.89 37.93 37.95 37.96 37.97 37.97 37.97 37.97 37.97 37.97 37.97 37.97 37.98 37.98 37.98 37.97 37.97 37.97 37.96 37.96 37.96 37.96 37.96 37.96 37.97 37.97 37.97 37.97 37.97 37.97 37.97 37.97 37.97 37.97 37.97 37.97 37.97 37.97 37.97 37.97 37.97 37.97 37.97 37.97 37.98 37.98 37.98 37.98 37.98 37.98 37.98 37.98 37.98 37.98 37.98 37.96 37.91 37.88 37.75 37.5 37.42
37.73 37.74 37.75 37.76 37.77 37.77 37.77 37.78 37.79 37.8 37.81 37.84 37.84 37.87 37.88 37.91 37.9 37.92 37.95 37.95 37.95 37.96 37.96 37.97 37.97 37.97 37.98 37.98 37.98 37.98 37.98 37.98 37.97 37.97 37.97 37.96 37.96 37.95 37.95 37.95 37.96 37.96 37.96 37.96 37.96 37.96 37.96 37.96 37.96 37.96 37.96 37.96 37.96 37.96 37.96 37.96 37.96 37.96 37.96 37.96 37.97 37.97 37.97 37.97 37.97 37.97 37.97 37.97 37.97 37.97 37.97 37.97 37.96 37.91 37.88 37.77 37.54 37.45
