slabs/26.grd
DSAA
631 301
643260 643890
4947500 4947800
37.04 49.96
[rows 136 to 169 of 301, columns 234 to 311 of 631]
37.68 37.69 37.69 37.68 37.69 37.69 37.69 37.69 37.69 37.69 37.69 37.69 37.69 37.69 37.69 37.69 37.69 37.69 37.69 37.69 37.69 37.69 37.69 37.69 37.69 37.7 37.7 37.7 37.7 37.71 37.73 37.78 37.8 37.81 37.82 37.84 37.85 37.86 37.86 37.84 37.81 37.8 37.75 37.71 37.68 37.66 37.63 37.59 37.57 37.55 37.53 37.51 37.49 37.49 37.5 37.51 37.52 37.53 37.52 37.51 37.51 37.51 37.51 37.51 37.51 37.51 37.51 37.52 37.52 37.52 37.52 37.53 1.70141e38 1.70141e38 37.57 37.57 37.58 37.59
37.68 37.69 37.69 37.69 37.69 37.69 37.69 37.69 37.69 37.69 37.69 37.69 37.69 37.69 37.69 37.69 37.69 37.69 37.69 37.69 37.69 37.69 37.7 37.7 37.7 37.7 37.7 37.7 37.7 37.7 37.72 37.75 37.78 37.8 37.81 37.83 37.84 37.85 37.86 37.86 37.83 37.81 37.77 37.74 37.71 37.69 37.65 37.61 37.58 37.57 37.55 37.52 37.5 37.5 37.49 37.5 37.51 37.52 37.52 37.51 37.51 37.5 37.51 37.51 37.51 37.51 37.51 37.52 37.52 37.52 37.52 37.53 1.70141e38 1.70141e38 37.57 37.57 37.58 37.6
37.69 37.69 37.69 37.69 37.69 37.69 37.69 37.69 37.69 37.69 37.69 37.69 37.69 37.69 37.69 37.69 37.69 37.69 37.69 37.7 37.7 37.7 37.7 37.7 37.7 37.7 37.7 37.7 37.7 37.7 37.71 37.73 37.77 37.78 37.81 37.82 37.83 37.84 37.86 37.87 37.84 37.83 37.79 37.76 37.74 37.72 37.68 37.64 37.61 37.6 37.56 37.53 37.52 37.51 37.5 37.49 37.5 37.52 37.53 37.52 37.51 37.5 37.5 37.51 37.51 37.51 37.51 37.51 37.52 37.52 37.52 37.53 1.70141e38 1.70141e38 37.56 37.57 37.58 37.6
37.69 37.69 37.69 37.69 37.69 37.69 37.69 37.69 37.69 37.69 37.69 37.69 37.69 37.69 37.69 37.69 37.7 37.7 37.7 37.7 37.7 37.7 37.7 37.7 37.7 37.7 37.7 37.7 37.7 37.7 37.7 37.71 37.75 37.77 37.8 37.81 37.82 37.84 37.85 37.86 37.86 37.86 37.83 37.79 37.76 37.75 37.71 37.67 37.65 37.62 37.58 37.55 37.54 37.52 37.5 37.49 37.5 37.51 37.53 37.52 37.52 37.51 37.5 37.5 37.51 37.51 37.51 37.51 37.51 37.52 37.52 37.53 1.70141e38 1.70141e38 37.56 37.57 37.58 37.6
37.69 37.69 37.69 37.69 37.69 37.69 37.69 37.69 37.69 37.69 37.69 37.69 37.69 37.7 37.7 37.7 37.7 37.7 37.7 37.7 37.7 37.7 37.7 37.7 37.7 37.7 37.7 37.7 37.7 37.7 37.7 37.7 37.72 37.74 37.78 37.8 37.81 37.82 37.84 37.84 37.85 37.86 37.85 37.82 37.79 37.76 37.72 37.69 37.68 37.64 37.6 37.57 37.55 37.52 37.5 37.49 37.5 37.51 37.52 37.52 37.52 37.51 37.5 37.5 37.5 37.51 37.51 37.51 37.51 37.51 37.52 37.53 1.70141e38 1.70141e38 37.56 37.57 37.58 37.6
37.69 37.69 37.69 37.69 37.69 37.69 37.69 37.69 37.69 37.69 37.69 37.7 37.7 37.7 37.7 37.7 37.7 37.7 37.7 37.7 37.7 37.7 37.7 37.7 37.7 37.7 37.7 37.7 37.7 37.7 37.7 37.71 37.71 37.73 37.75 37.78 37.79 37.81 37.83 37.84 37.85 37.86 37.86 37.84 37.82 37.78 37.75 37.71 37.69 37.66 37.62 37.58 37.57 37.54 37.51 37.5 37.5 37.5 37.51 37.52 37.52 37.51 37.5 37.5 37.5 37.5 37.51 37.51 37.51 37.51 37.51 37.52 1.70141e38 1.70141e38 37.56 37.57 37.58 37.6
37.69 37.69 37.69 37.69 37.69 37.69 37.69 37.69 37.7 37.7 37.7 37.7 37.7 37.7 37.7 37.7 37.7 37.7 37.7 37.7 37.7 37.7 37.7 37.7 37.7 37.7 37.7 37.7 37.71 37.71 37.71 37.71 37.71 37.72 37.73 37.78 37.79 37.8 37.82 37.83 37.84 37.86 37.87 37.86 37.84 37.81 37.77 37.73 37.72 37.68 37.64 37.6 37.59 37.55 37.53 37.52 37.5 37.49 37.5 37.51 37.52 37.51 37.5 37.5 37.5 37.5 37.51 37.51 37.51 37.51 37.51 37.52 1.70141e38 1.70141e38 37.56 37.57 37.58 37.6
37.69 37.69 37.69 37.69 37.69 37.7 37.7 37.7 37.7 37.7 37.7 37.7 37.7 37.7 37.7 37.7 37.7 37.7 37.7 37.7 37.7 37.7 37.7 37.7 37.7 37.71 37.71 37.71 37.71 37.71 37.71 37.71 37.71 37.71 37.72 37.75 37.78 37.8 37.81 37.82 37.83 37.85 37.86 37.87 37.86 37.82 37.79 37.75 37.74 37.7 37.66 37.62 37.61 37.57 37.54 37.53 37.51 37.49 37.5 37.51 37.52 37.51 37.5 37.5 37.5 37.5 37.5 37.51 37.51 37.51 37.51 37.52 1.70141e38 1.70141e38 37.56 37.57 37.59 37.6
37.69 37.69 37.7 37.7 37.7 37.7 37.7 37.7 37.7 37.7 37.7 37.7 37.7 37.7 37.7 37.7 37.7 37.7 37.7 37.7 37.7 37.7 37.7 37.71 37.71 37.71 37.71 37.71 37.71 37.71 37.71 37.71 37.71 37.71 37.71 37.73 37.76 37.79 37.8 37.81 37.82 37.84 37.86 37.87 37.87 37.84 37.8 37.77 37.76 37.72 37.68 37.64 37.63 37.59 37.55 37.53 37.52 37.5 37.49 37.5 37.51 37.51 37.5 37.5 37.5 37.5 37.5 37.5 37.5 37.51 37.51 37.52 1.70141e38 1.70141e38 37.55 37.56 37.58 37.6
37.7 37.7 37.7 37.7 37.7 37.7 37.7 37.7 37.7 37.7 37.7 37.7 37.7 37.7 37.7 37.7 37.7 37.7 37.7 37.7 37.71 37.71 37.71 37.71 37.71 37.71 37.71 37.71 37.71 37.71 37.71 37.71 37.71 37.71 37.71 37.72 37.74 37.78 37.79 37.8 37.82 37.83 37.85 37.86 37.86 37.85 37.82 37.79 37.77 37.73 37.7 37.67 37.65 37.61 37.57 37.54 37.52 37.5 37.49 37.5 37.5 37.51 37.5 37.5 37.5 37.5 37.5 37.5 37.5 37.51 37.51 37.52 1.70141e38 1.70141e38 37.55 37.56 37.58 37.59
37.7 37.7 37.7 37.7 37.7 37.7 37.7 37.7 37.7 37.7 37.7 37.7 37.7 37.7 37.7 37.7 37.7 37.71 37.71 37.71 37.71 37.71 37.71 37.71 37.71 37.71 37.71 37.71 37.71 37.71 37.71 37.71 37.71 37.71 37.71 37.71 37.72 37.76 37.78 37.79 37.81 37.82 37.84 37.85 37.86 37.87 37.84 37.81 37.79 37.76 37.72 37.69 37.67 37.63 37.6 37.58 37.55 37.53 37.5 37.5 37.49 37.5 37.51 37.51 37.5 37.5 37.5 37.5 37.5 37.5 37.51 37.52 1.70141e38 1.70141e38 37.55 37.56 37.58 37.58
37.7 37.7 37.7 37.7 37.7 37.7 37.7 37.7 37.7 37.7 37.7 37.7 37.7 37.7 37.71 37.71 37.71 37.71 37.71 37.71 37.71 37.71 37.71 37.71 37.71 37.71 37.71 37.71 37.71 37.71 37.71 37.71 37.71 37.71 37.71 37.72 37.72 37.74 37.77 37.78 37.8 37.82 37.83 37.84 37.86 37.87 37.86 37.83 37.81 37.78 37.75 37.73 37.69 37.66 37.63 37.62 37.58 37.54 37.52 37.51 37.5 37.5 37.51 37.5 37.5 37.5 37.5 37.5 37.5 37.5 37.51 37.52 1.70141e38 1.70141e38 37.55 37.56 37.58 37.58
37.7 37.7 37.7 37.7 37.7 37.7 37.7 37.7 37.7 37.7 37.7 37.71 37.71 37.71 37.71 37.71 37.71 37.71 37.71 37.71 37.71 37.71 37.71 37.71 37.71 37.71 37.71 37.71 37.71 37.71 37.71 37.71 37.72 37.72 37.72 37.72 37.72 37.73 37.76 37.78 37.79 37.81 37.82 37.83 37.84 37.86 37.86 37.86 37.84 37.81 37.78 37.76 37.72 37.68 37.65 37.64 37.6 37.56 37.53 37.51 37.5 37.49 37.5 37.5 37.5 37.49 37.5 37.5 37.5 37.5 37.51 37.52 1.70141e38 1.70141e38 37.55 37.56 37.58 37.58
37.7 37.7 37.7 37.7 37.7 37.7 37.7 37.7 37.71 37.71 37.71 37.71 37.71 37.71 37.71 37.71 37.71 37.71 37.71 37.71 37.71 37.71 37.71 37.71 37.71 37.71 37.71 37.71 37.71 37.72 37.72 37.72 37.72 37.72 37.72 37.72 37.72 37.72 37.73 37.76 37.77 37.79 37.81 37.82 37.83 37.84 37.85 37.86 37.86 37.83 37.8 37.79 37.75 37.71 37.67 37.66 37.62 37.58 37.55 37.53 37.5 37.49 37.5 37.5 37.49 37.49 37.49 37.5 37.5 37.5 37.51 37.52 1.70141e38 1.70141e38 37.55 37.56 37.58 37.58
37.7 37.7 37.7 37.7 37.7 37.71 37.71 37.71 37.71 37.71 37.71 37.71 37.71 37.71 37.71 37.71 37.71 37.71 37.71 37.71 37.71 37.71 37.71 37.71 37.71 37.71 37.72 37.72 37.72 37.72 37.72 37.72 37.72 37.72 37.72 37.72 37.72 37.72 37.72 37.74 37.76 37.78 37.8 37.81 37.82 37.84 37.85 37.86 37.87 37.85 37.82 37.8 37.77 37.73 37.69 37.68 37.64 37.59 37.56 37.55 37.51 37.5 37.49 37.49 37.5 37.49 37.49 37.49 37.5 37.5 37.51 37.52 1.70141e38 1.70141e38 37.55 37.56 37.58 37.58
37.7 37.7 37.71 37.71 37.71 37.71 37.71 37.71 37.71 37.71 37.71 37.71 37.71 37.71 37.71 37.71 37.71 37.71 37.71 37.71 37.71 37.71 37.71 37.72 37.72 37.72 37.72 37.72 37.72 37.72 37.72 37.72 37.72 37.72 37.72 37.72 37.72 37.72 37.72 37.73 37.74 37.77 37.79 37.8 37.82 37.83 37.84 37.85 37.86 37.86 37.83 37.82 37.78 37.75 37.71 37.7 37.66 37.62 37.59 37.57 37.53 37.5 37.49 37.49 37.5 37.49 37.49 37.49 37.49 37.5 37.51 37.52 1.70141e38 1.70141e38 37.55 37.56 37.58 37.58
37.71 37.71 37.71 37.71 37.71 37.71 37.71 37.71 37.71 37.71 37.71 37.71 37.71 37.71 37.71 37.71 37.71 37.71 37.71 37.72 37.72 37.72 37.72 37.72 37.72 37.72 37.72 37.72 37.72 37.72 37.72 37.72 37.72 37.72 37.72 37.72 37.72 37.72 37.72 37.72 37.73 37.76 37.78 37.79 37.81 37.82 37.83 37.84 37.86 37.87 37.86 37.84 37.8 37.76 37.73 37.72 37.68 37.64 37.61 37.59 37.55 37.51 37.5 37.49 37.5 37.49 37.49 37.49 37.49 37.5 37.51 37.52 1.70141e38 1.70141e38 37.55 37.56 37.58 37.58
37.71 37.71 37.71 37.71 37.71 37.71 37.71 37.71 37.71 37.71 37.71 37.71 37.71 37.71 37.72 37.72 37.72 37.72 37.71 37.72 37.72 37.72 37.72 37.72 37.72 37.72 37.72 37.72 37.72 37.72 37.72 37.72 37.72 37.72 37.72 37.72 37.72 37.72 37.73 37.73 37.73 37.75 37.77 37.78 37.8 37.81 37.82 37.84 37.85 37.87 37.87 37.86 37.82 37.78 37.75 37.73 37.69 37.66 37.63 37.61 37.57 37.54 37.52 37.5 37.49 37.49 37.49 37.49 37.49 37.49 37.5 37.51 1.70141e38 1.70141e38 37.55 37.56 37.58 37.58
37.71 37.71 37.71 37.71 37.71 37.71 37.71 37.71 37.71 37.71 37.71 37.72 37.72 37.71 37.72 37.72 37.72 37.72 37.72 37.72 37.72 37.72 37.72 37.72 37.72 37.72 37.72 37.72 37.72 37.72 37.72 37.72 37.72 37.72 37.72 37.73 37.73 37.73 37.73 37.73 37.73 37.74 37.76 37.77 37.79 37.8 37.81 37.83 37.84 37.86 37.87 37.87 37.84 37.81 37.77 37.75 37.71 37.68 37.66 37.63 37.59 37.56 37.54 37.51 37.49 37.49 37.49 37.49 37.49 37.49 37.5 37.51 1.70141e38 1.70141e38 37.54 37.56 37.58 37.58
37.71 37.71 37.71 37.71 37.71 37.71 37.71 37.71 37.71 37.71 37.71 37.72 37.72 37.72 37.72 37.72 37.72 37.72 37.72 37.72 37.72 37.72 37.72 37.72 37.72 37.72 37.72 37.72 37.72 37.72 37.72 37.72 37.73 37.73 37.73 37.73 37.73 37.73 37.73 37.73 37.73 37.73 37.74 37.75 37.78 37.79 37.8 37.82 37.84 37.85 37.86 37.87 37.86 37.83 37.81 37.77 37.73 37.7 37.68 37.66 37.62 37.59 37.57 37.54 37.5 37.49 37.49 37.49 37.49 37.49 37.5 37.51 1.70141e38 1.70141e38 37.54 37.56 37.57 37.58
37.71 37.71 37.71 37.71 37.71 37.71 37.71 37.71 37.72 37.72 37.72 37.72 37.72 37.72 37.72 37.72 37.72 37.72 37.72 37.72 37.72 37.72 37.72 37.72 37.72 37.72 37.72 37.72 37.72 37.73 37.73 37.73 37.73 37.73 37.73 37.73 37.73 37.73 37.73 37.73 37.73 37.73 37.73 37.74 37.77 37.79 37.8 37.81 37.83 37.84 37.85 37.87 37.87 37.85 37.85 37.81 37.77 37.73 37.72 37.69 37.65 37.61 37.6 37.56 37.52 37.5 37.49 37.48 37.49 37.49 37.5 37.51 1.70141e38 1.70141e38 37.54 37.56 37.57 37.58
37.71 37.71 37.71 37.71 37.71 37.71 37.72 37.72 37.72 37.72 37.72 37.72 37.72 37.72 37.72 37.72 37.72 37.72 37.72 37.72 37.72 37.72 37.72 37.72 37.72 37.72 37.73 37.73 37.73 37.73 37.73 37.73 37.73 37.73 37.73 37.73 37.73 37.73 37.73 37.73 37.73 37.73 37.73 37.74 37.76 37.78 37.79 37.8 37.82 37.83 37.84 37.85 37.87 37.87 37.86 37.83 37.79 37.76 37.75 37.71 37.67 37.64 37.62 37.58 37.54 37.51 37.5 37.49 37.49 37.49 37.5 37.51 1.70141e38 37.53 37.54 37.56 37.56 37.57
37.71 37.71 37.71 37.72 37.72 37.72 37.72 37.72 37.72 37.72 37.72 37.72 37.72 37.72 37.72 37.72 37.72 37.72 37.72 37.72 37.72 37.72 37.72 37.73 37.73 37.73 37.73 37.73 37.73 37.73 37.73 37.73 37.73 37.73 37.73 37.73 37.73 37.73 37.73 37.73 37.73 37.73 37.73 37.73 37.75 37.76 37.77 37.79 37.8 37.81 37.82 37.84 37.86 37.87 37.87 37.85 37.81 37.78 37.76 37.73 37.69 37.66 37.64 37.6 37.56 37.52 37.51 37.49 37.48 37.49 37.5 37.51 1.70141e38 37.53 37.54 37.56 37.56 37.57
37.72 37.72 37.72 37.72 37.72 37.72 37.72 37.72 37.72 37.72 37.72 37.72 37.72 37.72 37.72 37.72 37.72 37.72 37.72 37.72 37.72 37.73 37.73 37.73 37.73 37.73 37.73 37.73 37.73 37.73 37.73 37.73 37.73 37.73 37.73 37.73 37.73 37.73 37.73 37.73 37.73 37.74 37.74 37.74 37.74 37.74 37.76 37.78 37.79 37.81 37.82 37.83 37.85 37.86 37.87 37.87 37.83 37.8 37.78 37.74 37.71 37.68 37.66 37.62 37.58 37.55 37.53 37.49 37.48 37.49 37.5 37.51 1.70141e38 37.53 37.54 37.56 37.56 37.57
37.72 37.72 37.72 37.72 37.72 37.72 37.72 37.72 37.72 37.72 37.72 37.72 37.72 37.72 37.72 37.72 37.72 37.72 37.73 37.73 37.73 37.73 37.73 37.73 37.73 37.73 37.73 37.73 37.73 37.73 37.73 37.73 37.73 37.73 37.73 37.73 37.73 37.73 37.74 37.74 37.74 37.74 37.74 37.74 37.74 37.74 37.75 37.77 37.79 37.8 37.81 37.83 37.84 37.85 37.87 37.88 37.86 37.82 37.8 37.76 37.72 37.69 37.68 37.64 37.6 37.59 37.55 37.51 37.49 37.49 37.5 37.51 1.70141e38 37.52 37.53 37.55 37.55 37.56
37.72 37.72 37.72 37.72 37.72 37.72 37.72 37.72 37.72 37.72 37.72 37.72 37.72 37.72 37.72 37.73 37.73 37.73 37.73 37.73 37.73 37.73 37.73 37.73 37.73 37.73 37.73 37.73 37.73 37.73 37.73 37.73 37.73 37.73 37.73 37.73 37.74 37.74 37.74 37.74 37.74 37.74 37.74 37.74 37.74 37.74 37.74 37.76 37.78 37.79 37.8 37.82 37.83 37.84 37.86 37.87 37.87 37.84 37.83 37.79 37.75 37.72 37.69 37.65 37.62 37.61 37.57 37.54 37.51 37.5 37.5 37.5 1.70141e38 37.51 37.53 37.53 37.54 37.54
37.72 37.72 37.72 37.72 37.72 37.72 37.72 37.72 37.72 37.72 37.72 37.72 37.73 37.73 37.73 37.73 37.73 37.73 37.73 37.73 37.73 37.73 37.73 37.73 37.73 37.73 37.73 37.73 37.73 37.73 37.73 37.73 37.73 37.74 37.74 37.74 37.74 37.74 37.74 37.74 37.74 37.74 37.74 37.74 37.74 37.74 37.74 37.75 37.77 37.78 37.79 37.81 37.82 37.83 37.85 37.86 37.87 37.86 37.84 37.8 37.77 37.75 37.71 37.68 37.65 37.64 37.6 37.58 37.54 37.54 37.53 37.53 1.70141e38 37.54 37.57 37.58 37.58 37.58
37.71 37.71 37.71 37.71 37.71 37.72 37.72 37.72 37.72 37.72 37.72 37.72 37.73 37.73 37.73 37.73 37.73 37.73 37.73 37.73 37.73 37.73 37.73 37.73 37.73 37.73 37.73 37.73 37.73 37.73 37.74 37.74 37.74 37.74 37.74 37.74 37.74 37.74 37.74 37.74 37.74 37.74 37.74 37.74 37.74 37.74 37.74 37.75 37.76 37.77 37.78 37.8 37.81 37.82 37.84 37.86 37.87 37.87 37.86 37.82 37.79 37.78 37.74 37.71 37.7 37.69 37.67 37.63 37.58 37.59 37.59 37.6 1.70141e38 37.61 37.63 37.65 37.65 37.66
37.67 37.68 37.68 37.69 37.69 37.7 37.71 37.71 37.71 37.71 37.72 37.72 37.73 37.73 37.7 37.71 37.71 37.71 37.72 37.72 37.72 37.73 37.73 37.73 37.73 37.73 37.73 37.74 37.74 37.74 37.74 37.74 37.74 37.74 37.74 37.74 37.74 37.74 37.74 37.74 37.74 37.74 37.74 37.74 37.74 37.74 37.74 37.74 37.75 37.76 37.77 37.79 37.81 37.82 37.83 37.85 37.86 37.87 37.87 37.83 37.81 37.8 37.79 37.78 37.84 37.81 37.75 37.68 37.63 37.64 37.64 37.65 1.70141e38 37.66 37.67 37.68 37.69 37.69
37.63 37.64 37.64 37.64 37.65 37.66 37.67 37.67 37.67 37.65 37.66 37.66 37.67 37.67 37.66 37.67 37.67 37.68 37.69 37.69 37.7 37.71 37.71 37.71 37.71 37.72 37.72 37.73 37.73 37.73 37.73 37.73 37.74 37.74 37.74 37.74 37.74 37.74 37.74 37.74 37.74 37.74 37.74 37.74 37.74 37.75 37.75 37.75 37.75 37.75 37.77 37.78 37.8 37.81 37.82 37.84 37.85 37.86 37.87 37.83 37.84 37.85 37.89 37.91 37.92 37.88 37.8 37.72 37.67 37.67 37.67 37.68 1.70141e38 37.7 37.7 37.71 37.72 37.73
37.59 37.6 37.6 37.6 37.6 37.61 37.62 37.62 37.63 37.61 37.62 37.62 37.62 37.63 37.64 37.64 37.65 37.65 37.66 37.66 37.66 37.67 37.67 37.68 37.68 37.69 37.69 37.7 37.7 37.71 37.71 37.71 37.72 37.72 37.73 37.73 37.73 37.73 37.73 37.73 37.74 37.74 37.74 37.74 37.74 37.75 37.75 37.75 37.75 37.76 37.76 37.77 37.78 37.79 37.8 37.81 37.82 37.82 37.82 37.8 37.81 37.84 37.9 37.94 37.92 37.9 37.83 37.75 37.7 37.7 37.71 37.72 1.70141e38 37.73 37.74 37.74 37.75 37.76
37.59 37.59 37.6 37.6 37.6 37.61 37.61 37.62 37.62 37.62 37.63 37.63 37.63 37.64 37.64 37.64 37.65 37.65 37.66 37.66 37.66 37.66 37.66 37.67 37.67 37.67 37.67 37.68 37.68 37.68 37.69 37.69 37.7 37.7 37.71 37.71 37.72 37.72 37.72 37.72 37.73 37.73 37.73 37.74 37.75 37.75 37.75 37.75 37.76 37.76 37.76 37.75 37.76 37.76 37.76 37.77 37.77 37.77 37.76 37.75 37.75 37.78 37.82 37.88 37.88 37.88 37.85 37.78 37.75 37.73 37.75 37.75 1.70141e38 37.76 37.77 37.78 37.78 37.8
37.61 37.62 37.62 37.62 37.63 37.63 37.63 37.63 37.64 37.64 37.65 37.65 37.65 37.65 37.66 37.66 37.66 37.66 37.67 37.67 37.67 37.67 37.68 37.68 37.68 37.69 37.69 37.69 37.69 37.69 37.7 37.7 37.7 37.71 37.71 37.71 37.72 37.72 37.72 37.73 37.74 37.74 37.74 37.75 37.76 37.76 37.76 37.74 37.75 37.76 37.76 37.73 37.72 37.73 37.73 37.74 37.73 37.73 37.72 37.71 37.71 37.72 37.76 37.8 37.82 37.82 37.82 37.8 37.78 37.77 37.78 37.78 1.70141e38 37.79 37.8 37.81 37.81 37.83
37.64 37.64 37.64 37.64 37.65 37.65 37.65 37.65 37.66 37.66 37.67 37.67 37.67 37.68 37.68 37.68 37.68 37.68 37.68 37.69 37.69 37.69 37.7 37.7 37.7 37.71 37.71 37.71 37.71 37.72 37.72 37.72 37.73 37.73 37.73 37.74 37.74 37.74 37.74 37.76 37.77 37.77 37.77 37.78 37.77 37.76 37.74 37.75 37.77 37.77 37.74 37.7 37.69 37.69 37.7 37.7 37.7 37.69 37.68 37.67 37.67 37.67 37.69 37.73 37.75 37.76 37.76 37.77 37.77 37.78 37.79 37.8 1.70141e38 37.8 37.81 37.82 37.82 37.82
