slabs/27.grd
DSAA
631 301
643260 643890
4947800 4948100
32.83 50.15
[rows 204 to 237 of 301, columns 0 to 77 of 631]
43.62 43.66 43.66 43.67 43.75 43.8 43.8 43.77 43.77 43.78 43.78 43.72 43.73 43.76 43.8 43.81 43.78 43.77 43.72 43.69 43.72 43.75 43.79 43.81 43.7 43.66 43.56 43.47 43.48 43.47 43.55 43.6 43.63 43.63 43.64 43.71 43.71 43.69 43.64 43.64 43.67 43.73 43.72 43.63 43.69 43.68 43.68 43.68 43.67 43.69 43.72 43.7 43.68 43.69 43.72 43.76 43.78 43.74 43.65 43.65 43.68 43.7 43.65 43.64 43.63 43.7 43.72 43.7 43.67 43.68 43.66 43.63 43.58 43.56 43.54 43.55 43.6 43.69
43.68 43.68 43.68 43.7 43.78 43.78 43.78 43.77 43.78 43.79 43.81 43.78 43.76 43.78 43.81 43.82 43.78 43.78 43.74 43.71 43.72 43.76 43.8 43.8 43.66 43.64 43.58 43.47 43.52 43.49 43.58 43.66 43.67 43.67 43.69 43.72 43.73 43.71 43.67 43.62 43.63 43.67 43.68 43.66 43.68 43.66 43.66 43.65 43.65 43.67 43.71 43.67 43.68 43.72 43.72 43.73 43.72 43.68 43.61 43.63 43.68 43.68 43.69 43.69 43.7 43.74 43.75 43.71 43.64 43.65 43.66 43.63 43.59 43.56 43.55 43.59 43.65 43.7
43.69 43.68 43.69 43.72 43.76 43.74 43.74 43.78 43.81 43.8 43.8 43.8 43.78 43.77 43.78 43.79 43.77 43.78 43.76 43.71 43.73 43.75 43.77 43.78 43.68 43.65 43.61 43.53 43.54 43.49 43.58 43.63 43.64 43.66 43.66 43.69 43.69 43.67 43.67 43.62 43.62 43.63 43.63 43.68 43.67 43.66 43.69 43.64 43.64 43.64 43.7 43.67 43.66 43.7 43.69 43.68 43.67 43.63 43.6 43.62 43.68 43.68 43.74 43.74 43.73 43.72 43.72 43.68 43.63 43.65 43.64 43.63 43.63 43.6 43.6 43.65 43.7 43.73
43.69 43.68 43.7 43.73 43.74 43.73 43.73 43.8 43.82 43.79 43.77 43.8 43.78 43.76 43.75 43.75 43.72 43.72 43.72 43.67 43.7 43.68 43.7 43.77 43.73 43.63 43.56 43.52 43.54 43.57 43.61 43.6 43.59 43.6 43.62 43.61 43.62 43.63 43.65 43.61 43.63 43.66 43.62 43.67 43.65 43.67 43.7 43.66 43.65 43.66 43.67 43.65 43.62 43.64 43.65 43.66 43.66 43.6 43.6 43.62 43.67 43.7 43.77 43.75 43.69 43.66 43.68 43.66 43.65 43.64 43.65 43.65 43.67 43.66 43.66 43.68 43.69 43.69
43.71 43.7 43.72 43.73 43.73 43.74 43.74 43.77 43.78 43.76 43.76 43.8 43.77 43.75 43.76 43.74 43.66 43.63 43.64 43.57 43.7 43.69 43.7 43.77 43.7 43.63 43.56 43.6 43.6 43.62 43.61 43.58 43.56 43.59 43.63 43.57 43.57 43.59 43.62 43.63 43.65 43.67 43.62 43.64 43.63 43.65 43.71 43.68 43.66 43.65 43.58 43.59 43.6 43.63 43.66 43.68 43.66 43.64 43.67 43.67 43.7 43.71 43.72 43.71 43.65 43.61 43.61 43.62 43.67 43.63 43.64 43.66 43.67 43.63 43.67 43.68 43.63 43.54
43.72 43.71 43.7 43.71 43.71 43.74 43.76 43.73 43.75 43.75 43.77 43.78 43.78 43.78 43.77 43.72 43.64 43.63 43.62 43.54 43.62 43.68 43.67 43.74 43.69 43.64 43.59 43.71 43.69 43.66 43.6 43.54 43.53 43.57 43.59 43.58 43.59 43.6 43.62 43.67 43.68 43.66 43.61 43.62 43.62 43.65 43.7 43.68 43.63 43.59 43.52 43.56 43.62 43.65 43.67 43.68 43.66 43.66 43.72 43.71 43.68 43.68 43.69 43.66 43.59 43.56 43.57 43.62 43.67 43.67 43.67 43.67 43.65 43.61 43.61 43.63 43.59 43.5
43.69 43.69 43.67 43.68 43.74 43.76 43.76 43.73 43.8 43.78 43.76 43.77 43.79 43.79 43.74 43.66 43.65 43.63 43.63 43.55 43.57 43.62 43.66 43.73 43.73 43.71 43.66 43.75 43.73 43.7 43.65 43.52 43.51 43.56 43.58 43.6 43.61 43.65 43.68 43.69 43.68 43.66 43.59 43.62 43.65 43.67 43.65 43.64 43.6 43.57 43.58 43.59 43.64 43.63 43.67 43.66 43.65 43.65 43.71 43.69 43.65 43.64 43.67 43.65 43.61 43.57 43.59 43.67 43.69 43.7 43.69 43.66 43.61 43.58 43.52 43.51 43.55 43.53
43.63 43.66 43.65 43.62 43.66 43.69 43.69 43.76 43.81 43.76 43.74 43.77 43.79 43.8 43.72 43.67 43.67 43.66 43.64 43.58 43.57 43.56 43.67 43.7 43.74 43.76 43.7 43.74 43.73 43.71 43.69 43.54 43.53 43.57 43.6 43.62 43.61 43.65 43.71 43.68 43.62 43.63 43.59 43.63 43.67 43.65 43.6 43.61 43.59 43.59 43.62 43.62 43.66 43.63 43.67 43.66 43.62 43.58 43.67 43.69 43.68 43.66 43.68 43.68 43.66 43.58 43.6 43.67 43.67 43.67 43.65 43.62 43.61 43.55 43.45 43.42 43.5 43.53
43.63 43.65 43.65 43.6 43.62 43.66 43.71 43.76 43.76 43.72 43.74 43.75 43.76 43.75 43.68 43.63 43.65 43.69 43.67 43.62 43.61 43.58 43.66 43.67 43.71 43.77 43.7 43.72 43.73 43.73 43.68 43.58 43.57 43.62 43.62 43.65 43.62 43.64 43.7 43.65 43.55 43.63 43.61 43.63 43.64 43.6 43.61 43.62 43.6 43.55 43.62 43.64 43.68 43.68 43.69 43.69 43.66 43.64 43.68 43.69 43.66 43.69 43.69 43.69 43.69 43.63 43.63 43.63 43.63 43.62 43.6 43.58 43.6 43.54 43.47 43.43 43.51 43.53
43.56 43.61 43.65 43.65 43.66 43.69 43.7 43.7 43.71 43.71 43.75 43.7 43.69 43.66 43.62 43.6 43.64 43.69 43.65 43.61 43.62 43.62 43.68 43.66 43.69 43.77 43.74 43.73 43.76 43.75 43.66 43.59 43.59 43.67 43.64 43.66 43.65 43.64 43.68 43.63 43.54 43.59 43.59 43.61 43.62 43.58 43.6 43.6 43.59 43.55 43.6 43.63 43.67 43.73 43.72 43.68 43.7 43.72 43.72 43.69 43.68 43.71 43.7 43.69 43.67 43.66 43.64 43.58 43.53 43.54 43.54 43.53 43.57 43.54 43.53 43.52 43.57 43.57
43.55 43.6 43.64 43.67 43.67 43.67 43.64 43.66 43.69 43.7 43.71 43.66 43.64 43.62 43.61 43.62 43.65 43.66 43.63 43.59 43.6 43.63 43.69 43.68 43.71 43.78 43.78 43.76 43.8 43.76 43.64 43.62 43.6 43.66 43.65 43.66 43.67 43.65 43.64 43.62 43.58 43.6 43.57 43.59 43.58 43.55 43.61 43.63 43.61 43.57 43.59 43.62 43.68 43.73 43.73 43.69 43.71 43.75 43.74 43.72 43.71 43.69 43.68 43.68 43.66 43.66 43.61 43.5 43.43 43.45 43.46 43.46 43.51 43.56 43.56 43.6 43.62 43.61
43.57 43.62 43.6 43.6 43.62 43.65 43.64 43.64 43.65 43.64 43.63 43.64 43.64 43.65 43.63 43.61 43.63 43.65 43.65 43.57 43.58 43.61 43.68 43.73 43.73 43.77 43.77 43.76 43.77 43.75 43.65 43.63 43.61 43.65 43.66 43.66 43.68 43.63 43.62 43.62 43.64 43.62 43.59 43.61 43.59 43.59 43.62 43.64 43.65 43.66 43.64 43.64 43.69 43.73 43.73 43.7 43.72 43.75 43.74 43.72 43.7 43.66 43.66 43.66 43.63 43.61 43.58 43.47 43.39 43.37 43.4 43.43 43.49 43.6 43.57 43.63 43.66 43.64
43.54 43.59 43.58 43.54 43.57 43.63 43.61 43.58 43.58 43.57 43.6 43.62 43.64 43.67 43.63 43.59 43.62 43.68 43.66 43.56 43.57 43.61 43.69 43.76 43.73 43.74 43.73 43.72 43.7 43.72 43.67 43.63 43.59 43.67 43.69 43.67 43.65 43.62 43.61 43.62 43.63 43.6 43.59 43.6 43.64 43.66 43.65 43.66 43.68 43.71 43.7 43.68 43.7 43.74 43.73 43.71 43.73 43.74 43.74 43.72 43.68 43.66 43.65 43.62 43.54 43.55 43.56 43.49 43.4 43.34 43.42 43.52 43.57 43.6 43.59 43.66 43.67 43.65
43.49 43.53 43.56 43.54 43.55 43.58 43.51 43.53 43.52 43.54 43.57 43.59 43.6 43.64 43.64 43.6 43.63 43.7 43.67 43.61 43.65 43.68 43.72 43.75 43.74 43.71 43.69 43.7 43.71 43.79 43.78 43.73 43.67 43.64 43.67 43.68 43.65 43.64 43.58 43.61 43.64 43.64 43.6 43.6 43.66 43.7 43.68 43.69 43.72 43.74 43.73 43.71 43.72 43.75 43.73 43.72 43.74 43.75 43.75 43.72 43.69 43.64 43.62 43.55 43.46 43.55 43.57 43.53 43.44 43.44 43.53 43.63 43.62 43.62 43.63 43.66 43.64 43.61
43.46 43.48 43.51 43.53 43.52 43.55 43.47 43.47 43.46 43.49 43.5 43.53 43.57 43.64 43.66 43.62 43.63 43.7 43.69 43.67 43.72 43.76 43.71 43.75 43.79 43.75 43.71 43.72 43.75 43.79 43.83 43.81 43.74 43.66 43.7 43.69 43.66 43.64 43.57 43.61 43.66 43.67 43.63 43.63 43.7 43.72 43.72 43.73 43.77 43.78 43.75 43.73 43.75 43.76 43.74 43.73 43.75 43.75 43.72 43.72 43.71 43.62 43.58 43.49 43.47 43.56 43.58 43.58 43.54 43.57 43.64 43.65 43.61 43.61 43.65 43.65 43.62 43.6
43.48 43.46 43.44 43.48 43.48 43.54 43.46 43.37 43.39 43.42 43.45 43.52 43.57 43.63 43.64 43.67 43.67 43.7 43.72 43.71 43.75 43.82 43.82 43.82 43.82 43.78 43.75 43.75 43.75 43.76 43.81 43.79 43.73 43.7 43.73 43.69 43.64 43.62 43.58 43.6 43.65 43.68 43.67 43.66 43.72 43.74 43.74 43.77 43.79 43.78 43.75 43.75 43.77 43.76 43.75 43.73 43.77 43.75 43.68 43.68 43.67 43.61 43.58 43.51 43.52 43.53 43.51 43.55 43.62 43.66 43.68 43.62 43.6 43.61 43.54 43.53 43.56 43.58
43.51 43.45 43.38 43.46 43.5 43.54 43.44 43.35 43.38 43.41 43.48 43.54 43.58 43.62 43.62 43.65 43.67 43.7 43.69 43.71 43.76 43.83 43.86 43.82 43.76 43.77 43.79 43.78 43.75 43.75 43.83 43.79 43.72 43.71 43.7 43.67 43.63 43.6 43.59 43.61 43.65 43.67 43.68 43.67 43.72 43.73 43.73 43.75 43.76 43.78 43.76 43.77 43.8 43.75 43.75 43.73 43.77 43.74 43.68 43.67 43.65 43.62 43.57 43.53 43.53 43.51 43.51 43.56 43.63 43.65 43.66 43.61 43.62 43.62 43.55 43.56 43.59 43.59
43.5 43.43 43.38 43.44 43.49 43.5 43.46 43.48 43.47 43.42 43.48 43.48 43.48 43.53 43.61 43.6 43.62 43.7 43.67 43.7 43.76 43.78 43.8 43.77 43.74 43.77 43.79 43.78 43.75 43.74 43.82 43.79 43.73 43.72 43.7 43.66 43.62 43.57 43.59 43.63 43.67 43.68 43.68 43.69 43.72 43.74 43.73 43.74 43.77 43.83 43.78 43.77 43.76 43.72 43.72 43.68 43.73 43.73 43.69 43.65 43.67 43.66 43.65 43.63 43.54 43.5 43.47 43.54 43.57 43.58 43.6 43.58 43.61 43.65 43.65 43.66 43.64 43.62
43.51 43.46 43.4 43.42 43.45 43.5 43.53 43.56 43.51 43.47 43.48 43.46 43.43 43.43 43.54 43.57 43.65 43.73 43.69 43.71 43.73 43.77 43.8 43.8 43.79 43.76 43.75 43.76 43.75 43.73 43.76 43.76 43.76 43.75 43.73 43.66 43.61 43.53 43.56 43.66 43.71 43.71 43.7 43.7 43.74 43.76 43.75 43.75 43.81 43.85 43.8 43.75 43.66 43.69 43.66 43.68 43.75 43.76 43.71 43.68 43.65 43.67 43.66 43.63 43.56 43.51 43.42 43.49 43.49 43.51 43.57 43.58 43.63 43.67 43.68 43.67 43.66 43.62
43.55 43.5 43.46 43.44 43.47 43.5 43.53 43.53 43.5 43.52 43.5 43.48 43.4 43.38 43.51 43.56 43.67 43.72 43.7 43.71 43.7 43.79 43.83 43.82 43.8 43.75 43.73 43.74 43.72 43.7 43.72 43.77 43.79 43.75 43.75 43.67 43.64 43.57 43.58 43.66 43.75 43.76 43.74 43.71 43.72 43.74 43.74 43.74 43.79 43.81 43.77 43.73 43.66 43.67 43.63 43.65 43.72 43.73 43.7 43.7 43.64 43.65 43.59 43.59 43.54 43.5 43.44 43.5 43.5 43.53 43.61 43.63 43.67 43.69 43.64 43.65 43.64 43.59
43.58 43.52 43.49 43.45 43.48 43.5 43.51 43.51 43.49 43.52 43.51 43.5 43.41 43.43 43.53 43.57 43.64 43.67 43.69 43.71 43.72 43.78 43.81 43.8 43.79 43.75 43.72 43.71 43.67 43.67 43.7 43.77 43.8 43.74 43.75 43.71 43.7 43.63 43.64 43.68 43.74 43.74 43.72 43.72 43.69 43.72 43.74 43.74 43.79 43.75 43.74 43.73 43.73 43.7 43.64 43.63 43.68 43.67 43.68 43.68 43.62 43.62 43.55 43.57 43.56 43.54 43.53 43.57 43.57 43.6 43.63 43.62 43.67 43.66 43.57 43.59 43.58 43.54
43.58 43.55 43.51 43.47 43.47 43.5 43.51 43.5 43.46 43.5 43.51 43.52 43.5 43.51 43.53 43.56 43.59 43.63 43.67 43.69 43.72 43.77 43.78 43.79 43.78 43.76 43.73 43.7 43.68 43.68 43.68 43.71 43.79 43.77 43.76 43.7 43.73 43.68 43.72 43.74 43.67 43.73 43.72 43.73 43.71 43.7 43.72 43.73 43.78 43.74 43.72 43.72 43.75 43.72 43.67 43.65 43.66 43.66 43.68 43.66 43.58 43.58 43.55 43.59 43.64 43.63 43.61 43.63 43.62 43.63 43.59 43.55 43.59 43.6 43.51 43.51 43.51 43.48
43.6 43.57 43.52 43.51 43.51 43.53 43.52 43.5 43.47 43.51 43.52 43.56 43.58 43.54 43.51 43.53 43.56 43.61 43.61 43.63 43.7 43.74 43.75 43.78 43.76 43.77 43.74 43.7 43.73 43.71 43.69 43.66 43.75 43.8 43.8 43.76 43.76 43.72 43.76 43.78 43.71 43.69 43.7 43.75 43.76 43.73 43.71 43.73 43.77 43.75 43.71 43.71 43.73 43.71 43.69 43.68 43.67 43.66 43.68 43.63 43.57 43.54 43.57 43.61 43.66 43.67 43.64 43.65 43.65 43.63 43.56 43.53 43.54 43.53 43.46 43.42 43.44 43.42
43.61 43.57 43.52 43.53 43.56 43.55 43.53 43.53 43.53 43.54 43.57 43.58 43.58 43.52 43.5 43.49 43.53 43.54 43.54 43.56 43.66 43.66 43.68 43.71 43.71 43.7 43.7 43.73 43.75 43.72 43.73 43.75 43.76 43.8 43.8 43.8 43.8 43.73 43.75 43.75 43.73 43.63 43.64 43.73 43.75 43.72 43.7 43.74 43.75 43.75 43.73 43.73 43.72 43.69 43.69 43.71 43.71 43.67 43.67 43.61 43.59 43.55 43.57 43.58 43.6 43.64 43.65 43.63 43.62 43.62 43.56 43.55 43.54 43.51 43.42 43.42 43.43 43.42
43.59 43.55 43.52 43.54 43.58 43.54 43.54 43.55 43.57 43.57 43.61 43.6 43.58 43.49 43.49 43.46 43.47 43.45 43.46 43.49 43.54 43.5 43.53 43.61 43.62 43.58 43.61 43.69 43.76 43.76 43.76 43.78 43.8 43.8 43.8 43.82 43.81 43.72 43.71 43.67 43.71 43.64 43.6 43.71 43.71 43.7 43.7 43.72 43.71 43.72 43.76 43.74 43.7 43.67 43.66 43.69 43.71 43.68 43.66 43.61 43.59 43.58 43.57 43.53 43.55 43.62 43.6 43.57 43.56 43.56 43.54 43.53 43.51 43.5 43.36 43.43 43.45 43.44
43.59 43.54 43.55 43.57 43.58 43.54 43.58 43.6 43.62 43.61 43.63 43.62 43.57 43.49 43.48 43.45 43.43 43.36 43.36 43.37 43.4 43.39 43.41 43.46 43.55 43.6 43.61 43.68 43.78 43.81 43.79 43.77 43.78 43.81 43.81 43.83 43.79 43.72 43.68 43.61 43.67 43.66 43.63 43.7 43.67 43.68 43.71 43.71 43.68 43.68 43.72 43.73 43.68 43.66 43.65 43.63 43.64 43.66 43.64 43.61 43.59 43.61 43.55 43.49 43.51 43.58 43.58 43.58 43.54 43.5 43.45 43.45 43.48 43.48 43.34 43.4 43.44 43.43
43.64 43.58 43.59 43.61 43.58 43.58 43.6 43.63 43.64 43.63 43.61 43.58 43.53 43.53 43.5 43.44 43.4 43.35 43.36 43.37 43.37 43.39 43.38 43.38 43.5 43.62 43.63 43.69 43.76 43.81 43.78 43.77 43.75 43.79 43.8 43.78 43.76 43.71 43.63 43.6 43.65 43.64 43.66 43.71 43.66 43.68 43.75 43.74 43.66 43.65 43.67 43.73 43.69 43.67 43.67 43.65 43.59 43.62 43.6 43.59 43.59 43.63 43.56 43.49 43.52 43.57 43.55 43.56 43.52 43.45 43.4 43.39 43.42 43.43 43.4 43.43 43.46 43.43
43.64 43.64 43.64 43.64 43.58 43.57 43.6 43.62 43.64 43.6 43.59 43.55 43.45 43.5 43.47 43.39 43.32 43.31 43.33 43.34 43.38 43.42 43.39 43.38 43.46 43.57 43.6 43.69 43.74 43.77 43.77 43.78 43.75 43.76 43.75 43.69 43.68 43.66 43.6 43.6 43.64 43.61 43.64 43.73 43.71 43.72 43.76 43.75 43.69 43.65 43.64 43.7 43.7 43.69 43.7 43.69 43.63 43.6 43.61 43.63 43.63 43.62 43.58 43.55 43.55 43.55 43.51 43.5 43.49 43.45 43.43 43.4 43.4 43.4 43.44 43.47 43.48 43.48
43.6 43.67 43.68 43.62 43.56 43.58 43.59 43.58 43.63 43.6 43.6 43.54 43.41 43.35 43.35 43.32 43.25 43.27 43.27 43.29 43.37 43.41 43.4 43.41 43.46 43.51 43.55 43.66 43.74 43.74 43.75 43.74 43.71 43.71 43.67 43.61 43.6 43.61 43.61 43.61 43.64 43.63 43.65 43.71 43.77 43.75 43.71 43.7 43.67 43.65 43.66 43.69 43.71 43.69 43.68 43.71 43.67 43.6 43.58 43.59 43.61 43.6 43.58 43.54 43.55 43.51 43.49 43.52 43.49 43.44 43.46 43.43 43.41 43.4 43.45 43.47 43.51 43.54
43.6 43.62 43.59 43.56 43.56 43.62 43.61 43.58 43.59 43.6 43.59 43.53 43.4 43.32 43.31 43.3 43.24 43.26 43.26 43.28 43.35 43.39 43.39 43.41 43.46 43.48 43.51 43.62 43.72 43.7 43.66 43.62 43.63 43.64 43.62 43.59 43.59 43.61 43.65 43.67 43.7 43.7 43.68 43.7 43.78 43.76 43.69 43.68 43.7 43.71 43.71 43.7 43.72 43.71 43.68 43.7 43.67 43.6 43.58 43.55 43.56 43.56 43.56 43.49 43.51 43.52 43.49 43.54 43.5 43.44 43.51 43.51 43.46 43.46 43.51 43.52 43.55 43.59
43.59 43.61 43.57 43.55 43.57 43.6 43.6 43.58 43.59 43.58 43.55 43.49 43.44 43.39 43.36 43.3 43.29 43.31 43.31 43.34 43.37 43.4 43.38 43.37 43.43 43.47 43.5 43.57 43.65 43.62 43.55 43.51 43.56 43.58 43.61 43.61 43.59 43.62 43.71 43.74 43.72 43.73 43.71 43.74 43.67 43.71 43.73 43.75 43.74 43.71 43.74 43.73 43.72 43.68 43.65 43.65 43.63 43.58 43.53 43.52 43.51 43.52 43.52 43.47 43.48 43.5 43.51 43.54 43.52 43.48 43.57 43.58 43.53 43.51 43.58 43.57 43.58 43.61
43.55 43.61 43.6 43.58 43.56 43.56 43.56 43.57 43.57 43.56 43.52 43.46 43.51 43.46 43.41 43.34 43.35 43.38 43.39 43.39 43.4 43.43 43.4 43.35 43.4 43.47 43.54 43.56 43.56 43.53 43.45 43.41 43.47 43.52 43.59 43.64 43.59 43.62 43.73 43.76 43.75 43.74 43.68 43.69 43.64 43.67 43.72 43.72 43.7 43.69 43.72 43.7 43.68 43.62 43.63 43.61 43.6 43.57 43.51 43.49 43.49 43.52 43.52 43.49 43.47 43.47 43.5 43.51 43.52 43.52 43.58 43.6 43.58 43.51 43.57 43.57 43.56 43.6
43.54 43.59 43.6 43.61 43.58 43.56 43.57 43.57 43.55 43.52 43.52 43.51 43.56 43.47 43.44 43.38 43.37 43.39 43.4 43.4 43.38 43.42 43.42 43.37 43.39 43.46 43.57 43.6 43.55 43.48 43.41 43.39 43.39 43.47 43.52 43.6 43.6 43.63 43.72 43.77 43.69 43.67 43.69 43.68 43.69 43.69 43.68 43.66 43.66 43.7 43.71 43.66 43.66 43.62 43.66 43.58 43.59 43.57 43.55 43.51 43.51 43.54 43.54 43.52 43.47 43.45 43.48 43.49 43.5 43.52 43.58 43.6 43.6 43.51 43.55 43.55 43.57 43.61
43.55 43.56 43.58 43.64 43.62 43.6 43.6 43.56 43.52 43.48 43.52 43.58 43.57 43.46 43.47 43.42 43.37 43.4 43.4 43.38 43.33 43.36 43.43 43.39 43.38 43.43 43.53 43.59 43.5 43.45 43.43 43.39 43.36 43.42 43.47 43.55 43.58 43.61 43.68 43.69 43.64 43.67 43.73 43.69 43.7 43.72 43.68 43.67 43.68 43.72 43.7 43.66 43.66 43.65 43.68 43.57 43.58 43.59 43.57 43.54 43.54 43.57 43.54 43.53 43.49 43.47 43.49 43.51 43.54 43.54 43.56 43.57 43.58 43.57 43.55 43.57 43.63 43.65
