slabs/27.grd
DSAA
631 301
643260 643890
4947800 4948100
32.83 50.15
[rows 238 to 271 of 301, columns 234 to 311 of 631]
42.67 42.66 42.66 42.68 42.68 42.63 42.62 42.48 42.22 42.03 41.82 41.67 41.68 41.69 41.73 41.77 41.81 41.84 41.93 42.18 42.45 42.46 42.5 42.51 42.52 42.54 42.57 42.53 42.56 42.58 42.59 42.59 42.58 42.56 42.56 42.57 42.57 42.57 42.59 42.58 42.59 42.59 42.61 42.63 42.62 42.63 42.6 42.62 42.61 42.6 42.61 42.61 42.61 42.59 42.6 42.61 42.63 42.64 42.62 42.61 42.58 42.56 42.59 1.70141e38 1.70141e38 42.55 42.55 42.55 42.55 42.55 42.55 42.53 42.53 42.52 42.51 42.53 42.52 42.51
42.67 42.64 42.64 42.65 42.64 42.61 42.58 42.41 42.19 42.07 41.8 41.63 41.65 41.66 41.69 41.72 41.79 41.83 41.92 42.16 42.43 42.46 42.5 42.51 42.55 42.57 42.56 42.55 42.55 42.57 42.59 42.61 42.6 42.54 42.54 42.57 42.57 42.58 42.59 42.57 42.58 42.6 42.62 42.64 42.64 42.65 42.59 42.6 42.61 42.6 42.6 42.59 42.6 42.58 42.58 42.6 42.63 42.62 42.6 42.59 42.57 42.54 42.58 1.70141e38 1.70141e38 42.56 42.57 42.54 42.53 42.54 42.55 42.53 42.53 42.52 42.53 42.52 42.52 42.52
42.62 42.6 42.6 42.6 42.6 42.58 42.51 42.32 42.12 42.03 41.78 41.61 41.6 41.62 41.66 41.68 41.76 41.8 41.91 42.12 42.38 42.43 42.49 42.5 42.56 42.57 42.57 42.57 42.57 42.57 42.58 42.6 42.6 42.58 42.57 42.56 42.58 42.59 42.58 42.59 42.59 42.61 42.62 42.66 42.65 42.65 42.6 42.63 42.61 42.59 42.58 42.57 42.58 42.57 42.58 42.6 42.62 42.6 42.56 42.57 42.57 42.55 42.56 1.70141e38 1.70141e38 42.57 42.58 42.55 42.51 42.53 42.56 42.53 42.51 42.49 42.52 42.53 42.54 42.54
42.56 42.56 42.54 42.54 42.55 42.51 42.4 42.22 42.04 41.96 41.75 41.58 41.56 41.58 41.61 41.66 41.74 41.79 41.92 42.1 42.33 42.4 42.5 42.52 42.53 42.56 42.57 42.58 42.59 42.58 42.6 42.59 42.59 42.61 42.58 42.56 42.58 42.59 42.58 42.62 42.61 42.61 42.64 42.66 42.64 42.64 42.62 42.63 42.61 42.57 42.58 42.58 42.58 42.57 42.57 42.59 42.6 42.59 42.56 42.57 42.57 42.56 42.56 1.70141e38 1.70141e38 42.57 42.57 42.54 42.5 42.53 42.55 42.54 42.51 42.5 42.52 42.54 42.55 42.56
42.5 42.49 42.47 42.47 42.47 42.41 42.29 42.13 41.99 41.9 41.71 41.55 41.54 41.56 41.6 41.66 41.69 41.76 41.92 42.12 42.31 42.4 42.49 42.52 42.51 42.52 42.56 42.58 42.58 42.58 42.6 42.58 42.58 42.6 42.58 42.57 42.58 42.59 42.59 42.63 42.62 42.62 42.63 42.64 42.62 42.63 42.62 42.61 42.6 42.58 42.59 42.58 42.57 42.56 42.57 42.58 42.59 42.6 42.59 42.57 42.56 42.56 42.56 1.70141e38 1.70141e38 42.56 42.57 42.54 42.52 42.54 42.55 42.54 42.53 42.52 42.52 42.53 42.53 42.55
42.43 42.42 42.4 42.38 42.37 42.32 42.18 42.04 41.93 41.84 41.66 41.52 41.57 41.58 41.61 41.66 41.73 41.79 41.92 42.12 42.24 42.4 42.49 42.51 42.51 42.52 42.57 42.58 42.58 42.58 42.59 42.58 42.59 42.61 42.6 42.58 42.6 42.59 42.59 42.63 42.62 42.63 42.61 42.62 42.62 42.63 42.61 42.6 42.59 42.6 42.58 42.56 42.55 42.56 42.58 42.59 42.59 42.61 42.62 42.58 42.55 42.58 42.56 1.70141e38 1.70141e38 42.54 42.56 42.55 42.53 42.53 42.53 42.54 42.54 42.53 42.52 42.53 42.53 42.54
42.34 42.32 42.32 42.29 42.23 42.17 42.07 41.93 41.84 41.78 41.62 41.52 41.57 41.6 41.63 41.69 41.77 41.82 41.94 42.1 42.18 42.39 42.49 42.5 42.51 42.53 42.55 42.59 42.59 42.59 42.59 42.61 42.61 42.62 42.61 42.59 42.6 42.58 42.58 42.6 42.61 42.63 42.61 42.62 42.62 42.61 42.6 42.6 42.6 42.59 42.56 42.55 42.54 42.56 42.59 42.59 42.58 42.62 42.6 42.59 42.58 42.57 42.56 1.70141e38 1.70141e38 42.54 42.54 42.54 42.53 42.52 42.51 42.53 42.54 42.53 42.53 42.54 42.54 42.53
42.21 42.2 42.18 42.15 42.03 41.93 41.86 41.74 41.66 41.63 41.54 41.53 41.56 41.6 41.66 41.72 41.77 41.86 41.97 42.09 42.19 42.4 42.48 42.49 42.5 42.52 42.55 42.6 42.59 42.59 42.6 42.64 42.63 42.62 42.62 42.61 42.59 42.57 42.58 42.59 42.61 42.63 42.62 42.62 42.62 42.6 42.61 42.6 42.57 42.57 42.54 42.54 42.55 42.56 42.58 42.57 42.58 42.62 42.6 42.6 42.57 42.56 42.56 1.70141e38 1.70141e38 42.54 42.54 42.55 42.54 42.53 42.51 42.52 42.52 42.52 42.52 42.53 42.55 42.55
41.98 41.98 41.94 41.89 41.79 41.71 41.65 41.57 41.52 41.53 41.53 41.58 41.59 41.62 41.67 41.77 41.81 41.93 42.04 42.12 42.22 42.42 42.49 42.5 42.52 42.53 42.54 42.59 42.59 42.58 42.6 42.64 42.62 42.61 42.61 42.61 42.59 42.58 42.59 42.59 42.61 42.62 42.6 42.61 42.6 42.58 42.59 42.58 42.56 42.58 42.53 42.54 42.55 42.57 42.6 42.6 42.59 42.6 42.59 42.58 42.57 42.57 42.56 1.70141e38 1.70141e38 42.52 42.55 42.55 42.54 42.54 42.51 42.53 42.53 42.54 42.54 42.53 42.54 42.55
41.81 41.79 41.75 41.65 41.6 41.56 41.52 41.52 41.5 41.54 41.59 41.64 41.65 41.68 41.73 41.84 41.88 42 42.11 42.18 42.25 42.41 42.51 42.51 42.53 42.54 42.54 42.59 42.58 42.58 42.59 42.62 42.62 42.59 42.59 42.6 42.6 42.58 42.59 42.6 42.61 42.6 42.59 42.6 42.59 42.59 42.6 42.59 42.57 42.58 42.53 42.53 42.55 42.57 42.6 42.61 42.59 42.59 42.59 42.58 42.59 42.58 42.56 1.70141e38 1.70141e38 42.53 42.55 42.54 42.54 42.54 42.52 42.52 42.54 42.55 42.54 42.54 42.56 42.57
41.66 41.64 41.58 41.5 41.48 41.47 41.5 41.56 41.56 41.6 41.66 41.71 41.73 41.78 41.82 41.9 41.96 42.08 42.18 42.24 42.29 42.4 42.5 42.51 42.53 42.55 42.56 42.58 42.6 42.59 42.58 42.59 42.63 42.61 42.56 42.58 42.6 42.58 42.57 42.58 42.59 42.6 42.61 42.59 42.58 42.6 42.6 42.59 42.59 42.58 42.53 42.53 42.55 42.56 42.57 42.59 42.59 42.6 42.6 42.59 42.58 42.58 42.57 1.70141e38 1.70141e38 42.55 42.54 42.54 42.52 42.5 42.53 42.52 42.52 42.53 42.54 42.54 42.55 42.56
41.51 41.48 41.43 41.42 41.43 41.49 41.59 41.67 41.68 41.71 41.76 41.8 41.83 41.9 41.93 41.97 42.03 42.15 42.26 42.3 42.33 42.4 42.47 42.5 42.52 42.55 42.59 42.57 42.6 42.61 42.6 42.61 42.61 42.61 42.57 42.58 42.59 42.58 42.58 42.57 42.57 42.6 42.61 42.59 42.58 42.6 42.56 42.56 42.59 42.58 42.55 42.56 42.55 42.55 42.57 42.59 42.6 42.61 42.6 42.59 42.57 42.58 42.57 1.70141e38 1.70141e38 42.53 42.54 42.54 42.53 42.51 42.51 42.52 42.51 42.53 42.55 42.54 42.54 42.54
41.38 41.37 41.37 41.43 41.46 41.56 41.68 41.74 41.76 41.81 41.87 41.9 41.93 42 42.04 42.06 42.1 42.2 42.31 42.33 42.35 42.4 42.47 42.49 42.51 42.54 42.58 42.57 42.59 42.61 42.6 42.59 42.58 42.58 42.59 42.6 42.58 42.57 42.55 42.55 42.56 42.57 42.58 42.58 42.57 42.59 42.56 42.56 42.56 42.56 42.56 42.56 42.56 42.56 42.58 42.6 42.61 42.61 42.6 42.58 42.55 42.58 42.58 1.70141e38 1.70141e38 42.52 42.53 42.53 42.53 42.53 42.51 42.52 42.51 42.54 42.56 42.54 42.56 42.56
41.31 41.35 41.43 41.5 41.54 41.65 41.73 41.78 41.81 41.88 41.96 42 42.03 42.08 42.13 42.14 42.17 42.24 42.3 42.34 42.36 42.41 42.48 42.49 42.51 42.5 42.53 42.55 42.56 42.58 42.57 42.57 42.57 42.58 42.61 42.6 42.56 42.54 42.53 42.54 42.56 42.57 42.56 42.56 42.56 42.58 42.57 42.56 42.55 42.56 42.56 42.56 42.58 42.58 42.59 42.6 42.6 42.59 42.59 42.56 42.52 42.56 42.58 1.70141e38 1.70141e38 42.52 42.52 42.52 42.52 42.54 42.54 42.53 42.5 42.53 42.56 42.57 42.59 42.59
41.33 41.42 41.53 41.6 41.63 41.72 41.78 41.83 41.87 41.95 42.03 42.06 42.1 42.14 42.19 42.19 42.23 42.29 42.3 42.34 42.38 42.39 42.45 42.46 42.49 42.48 42.5 42.51 42.51 42.54 42.56 42.56 42.56 42.57 42.6 42.58 42.54 42.52 42.53 42.54 42.55 42.55 42.55 42.56 42.56 42.58 42.57 42.56 42.54 42.57 42.56 42.56 42.58 42.59 42.6 42.61 42.59 42.59 42.59 42.56 42.52 42.55 42.57 1.70141e38 1.70141e38 42.53 42.53 42.52 42.52 42.54 42.55 42.53 42.51 42.53 42.55 42.58 42.6 42.59
41.41 41.5 41.61 41.68 41.7 41.78 41.86 41.91 41.94 42.01 42.09 42.1 42.15 42.2 42.23 42.25 42.28 42.32 42.33 42.34 42.38 42.39 42.43 42.45 42.48 42.47 42.5 42.5 42.49 42.52 42.55 42.56 42.55 42.55 42.57 42.55 42.53 42.52 42.52 42.55 42.54 42.52 42.53 42.56 42.57 42.58 42.57 42.56 42.55 42.55 42.56 42.57 42.57 42.59 42.6 42.62 42.59 42.61 42.6 42.57 42.55 42.54 42.56 1.70141e38 1.70141e38 42.54 42.53 42.54 42.54 42.55 42.55 42.51 42.51 42.53 42.56 42.58 42.6 42.58
41.51 41.58 41.67 41.73 41.76 41.83 41.92 42.01 42.02 42.05 42.08 42.14 42.17 42.22 42.28 42.29 42.29 42.32 42.33 42.34 42.37 42.39 42.46 42.45 42.47 42.45 42.51 42.5 42.48 42.49 42.53 42.54 42.52 42.53 42.53 42.52 42.53 42.52 42.53 42.54 42.54 42.5 42.52 42.54 42.57 42.57 42.57 42.56 42.56 42.53 42.55 42.56 42.56 42.58 42.61 42.61 42.59 42.63 42.62 42.58 42.57 42.56 42.57 1.70141e38 1.70141e38 42.55 42.53 42.55 42.56 42.56 42.54 42.51 42.5 42.53 42.56 42.58 42.58 42.57
41.58 41.66 41.74 41.77 41.82 41.89 41.95 42.05 42.04 42.05 42.08 42.13 42.17 42.22 42.27 42.28 42.29 42.31 42.33 42.33 42.36 42.39 42.45 42.44 42.45 42.44 42.47 42.47 42.47 42.48 42.49 42.51 42.51 42.52 42.51 42.52 42.54 42.53 42.52 42.52 42.53 42.49 42.51 42.53 42.54 42.54 42.55 42.56 42.59 42.54 42.55 42.55 42.57 42.58 42.6 42.59 42.57 42.59 42.6 42.57 42.56 42.56 42.56 1.70141e38 1.70141e38 42.55 42.53 42.55 42.56 42.57 42.55 42.53 42.52 42.54 42.56 42.57 42.57 42.58
41.66 41.73 41.79 41.8 41.84 41.91 41.97 42.02 42.03 42.06 42.11 42.13 42.17 42.2 42.24 42.25 42.26 42.29 42.33 42.33 42.36 42.4 42.42 42.43 42.43 42.44 42.44 42.45 42.45 42.46 42.47 42.5 42.51 42.51 42.5 42.52 42.55 42.54 42.53 42.52 42.52 42.49 42.5 42.52 42.52 42.52 42.53 42.54 42.59 42.55 42.54 42.55 42.59 42.55 42.57 42.57 42.6 42.59 42.57 42.57 42.56 42.56 42.55 1.70141e38 1.70141e38 42.55 42.54 42.54 42.56 42.56 42.53 42.55 42.55 42.56 42.58 42.57 42.57 42.58
41.69 41.74 41.79 41.81 41.84 41.91 41.96 41.97 42 42.06 42.1 42.12 42.16 42.17 42.23 42.22 42.22 42.25 42.31 42.32 42.35 42.39 42.39 42.42 42.42 42.44 42.44 42.45 42.45 42.45 42.46 42.5 42.52 42.51 42.51 42.52 42.54 42.54 42.53 42.53 42.52 42.51 42.51 42.49 42.51 42.52 42.53 42.54 42.57 42.56 42.55 42.55 42.58 42.56 42.58 42.58 42.62 42.6 42.57 42.58 42.55 42.54 42.55 1.70141e38 1.70141e38 42.55 42.54 42.55 42.56 42.55 42.54 42.55 42.56 42.57 42.58 42.59 42.58 42.56
41.66 41.72 41.76 41.78 41.82 41.88 41.93 41.94 41.99 42.04 42.08 42.11 42.15 42.15 42.21 42.21 42.2 42.22 42.28 42.3 42.33 42.36 42.37 42.41 42.42 42.45 42.45 42.46 42.46 42.45 42.47 42.49 42.5 42.49 42.5 42.51 42.52 42.51 42.51 42.53 42.51 42.49 42.48 42.48 42.49 42.51 42.52 42.54 42.53 42.53 42.54 42.54 42.56 42.57 42.59 42.58 42.59 42.58 42.56 42.55 42.53 42.52 42.53 1.70141e38 1.70141e38 42.57 42.56 42.56 42.56 42.54 42.56 42.56 42.56 42.57 42.56 42.56 42.58 42.57
41.61 41.67 41.73 41.75 41.79 41.84 41.9 41.91 41.96 42.02 42.06 42.09 42.13 42.12 42.17 42.18 42.19 42.21 42.27 42.29 42.31 42.34 42.35 42.4 42.43 42.45 42.44 42.45 42.46 42.46 42.47 42.48 42.47 42.48 42.48 42.49 42.51 42.5 42.51 42.52 42.5 42.46 42.46 42.47 42.49 42.5 42.52 42.54 42.52 42.53 42.54 42.53 42.55 42.57 42.57 42.56 42.56 42.56 42.54 42.52 42.53 42.53 42.52 1.70141e38 1.70141e38 42.57 42.58 42.57 42.57 42.54 42.54 42.52 42.54 42.56 42.55 42.54 42.56 42.56
41.58 41.65 41.7 41.72 41.76 41.81 41.86 41.87 41.92 41.99 42.02 42.05 42.1 42.09 42.12 42.14 42.19 42.2 42.24 42.27 42.29 42.31 42.34 42.38 42.43 42.42 42.42 42.43 42.43 42.45 42.45 42.46 42.47 42.49 42.48 42.47 42.51 42.49 42.5 42.49 42.49 42.45 42.47 42.47 42.49 42.5 42.5 42.52 42.52 42.53 42.54 42.53 42.55 42.55 42.56 42.55 42.55 42.55 42.55 42.53 42.53 42.52 42.52 1.70141e38 1.70141e38 42.57 42.58 42.57 42.56 42.54 42.54 42.53 42.54 42.55 42.55 42.55 42.56 42.55
41.54 41.62 41.66 41.67 41.74 41.78 41.82 41.83 41.87 41.96 41.97 42.01 42.05 42.08 42.09 42.12 42.17 42.2 42.21 42.26 42.29 42.32 42.34 42.37 42.4 42.39 42.4 42.42 42.42 42.45 42.45 42.45 42.48 42.49 42.48 42.49 42.52 42.51 42.5 42.47 42.48 42.46 42.48 42.47 42.48 42.49 42.49 42.51 42.52 42.51 42.51 42.54 42.54 42.54 42.57 42.55 42.54 42.54 42.55 42.53 42.52 42.51 42.51 1.70141e38 1.70141e38 42.55 42.56 42.56 42.54 42.53 42.54 42.55 42.56 42.54 42.55 42.56 42.55 42.54
41.49 41.58 41.62 41.64 41.69 41.75 41.78 41.8 41.83 41.91 41.95 41.97 42.01 42.05 42.06 42.08 42.14 42.2 42.2 42.24 42.27 42.32 42.33 42.36 42.37 42.39 42.4 42.41 42.42 42.43 42.44 42.46 42.47 42.49 42.48 42.49 42.51 42.5 42.49 42.47 42.46 42.46 42.47 42.46 42.46 42.48 42.49 42.5 42.51 42.49 42.5 42.55 42.53 42.54 42.56 42.56 42.55 42.55 42.54 42.54 42.53 42.52 42.5 1.70141e38 42.52 42.52 42.54 42.55 42.54 42.54 42.53 42.54 42.56 42.54 42.55 42.56 42.56 42.54
41.43 41.53 41.58 41.6 41.65 41.71 41.75 41.77 41.81 41.88 41.91 41.94 41.98 42.03 42.04 42.06 42.11 42.2 42.2 42.23 42.25 42.3 42.32 42.35 42.35 42.39 42.4 42.41 42.42 42.41 42.43 42.46 42.47 42.48 42.46 42.47 42.5 42.49 42.48 42.46 42.44 42.45 42.46 42.47 42.46 42.47 42.48 42.48 42.49 42.48 42.49 42.53 42.52 42.53 42.55 42.55 42.56 42.55 42.55 42.55 42.54 42.52 42.52 1.70141e38 42.51 42.52 42.51 42.51 42.51 42.52 42.52 42.53 42.55 42.54 42.55 42.55 42.56 42.55
41.39 41.48 41.51 41.54 41.61 41.66 41.74 41.75 41.79 41.85 41.87 41.91 41.99 42.03 42.04 42.07 42.12 42.19 42.19 42.23 42.24 42.28 42.29 42.32 42.33 42.37 42.39 42.41 42.44 42.41 42.42 42.44 42.47 42.47 42.47 42.46 42.5 42.5 42.47 42.44 42.44 42.44 42.45 42.48 42.48 42.48 42.47 42.48 42.48 42.47 42.48 42.51 42.51 42.52 42.53 42.54 42.54 42.53 42.53 42.55 42.53 42.5 42.52 1.70141e38 42.5 42.51 42.48 42.47 42.48 42.49 42.51 42.53 42.55 42.54 42.54 42.54 42.52 42.51
41.34 41.43 41.47 41.51 41.59 41.62 41.69 41.72 41.77 41.82 41.84 41.9 41.96 41.98 42.01 42.07 42.12 42.16 42.18 42.21 42.22 42.25 42.28 42.3 42.32 42.35 42.37 42.39 42.42 42.39 42.41 42.43 42.47 42.48 42.47 42.46 42.48 42.48 42.46 42.44 42.44 42.43 42.45 42.47 42.46 42.47 42.45 42.46 42.47 42.46 42.47 42.49 42.51 42.51 42.53 42.55 42.54 42.52 42.53 42.52 42.52 42.51 42.5 1.70141e38 42.48 42.49 42.47 42.47 42.48 42.5 42.52 42.53 42.54 42.53 42.52 42.51 42.5 42.51
41.29 41.35 41.43 41.46 41.55 41.59 41.62 41.67 41.74 41.77 41.79 41.88 41.94 41.96 41.98 42.04 42.11 42.15 42.17 42.19 42.22 42.25 42.27 42.29 42.31 42.33 42.34 42.37 42.38 42.39 42.41 42.43 42.46 42.47 42.48 42.46 42.44 42.44 42.43 42.43 42.43 42.42 42.41 42.45 42.45 42.46 42.45 42.44 42.45 42.46 42.48 42.5 42.5 42.5 42.49 42.49 42.51 42.52 42.51 42.51 42.52 42.52 42.49 1.70141e38 42.47 42.49 42.47 42.45 42.47 42.5 42.52 42.53 42.51 42.53 42.51 42.51 42.5 42.5
41.25 41.3 41.37 41.41 41.48 41.55 41.57 41.63 41.7 41.73 41.75 41.83 41.91 41.95 41.97 42.02 42.09 42.13 42.14 42.17 42.22 42.25 42.26 42.28 42.29 42.3 42.33 42.36 42.37 42.38 42.41 42.43 42.44 42.45 42.47 42.47 42.43 42.42 42.41 42.44 42.41 42.4 42.39 42.42 42.42 42.43 42.46 42.43 42.44 42.45 42.47 42.47 42.48 42.49 42.48 42.46 42.48 42.51 42.5 42.49 42.5 42.5 42.48 1.70141e38 42.48 42.48 42.45 42.43 42.47 42.49 42.49 42.5 42.51 42.48 42.46 42.48 42.49 42.48
41.17 41.24 41.28 41.36 41.41 41.5 41.53 41.59 41.65 41.68 41.71 41.79 41.86 41.91 41.93 41.99 42.06 42.1 42.11 42.14 42.19 42.22 42.23 42.25 42.28 42.3 42.33 42.36 42.39 42.39 42.39 42.42 42.41 42.42 42.43 42.47 42.44 42.42 42.41 42.44 42.4 42.4 42.39 42.4 42.42 42.44 42.46 42.43 42.43 42.43 42.45 42.46 42.47 42.47 42.46 42.45 42.46 42.48 42.49 42.45 42.46 42.47 42.48 1.70141e38 42.47 42.47 42.45 42.44 42.46 42.47 42.47 42.47 42.5 42.47 42.43 42.45 42.48 42.49
41.1 41.17 41.21 41.3 41.36 41.42 41.46 41.54 41.62 41.63 41.66 41.74 41.8 41.84 41.87 41.95 42.03 42.08 42.09 42.13 42.16 42.17 42.2 42.24 42.29 42.31 42.33 42.34 42.36 42.36 42.37 42.36 42.39 42.4 42.41 42.44 42.45 42.44 42.41 42.4 42.38 42.38 42.39 42.4 42.42 42.44 42.45 42.43 42.42 42.42 42.44 42.46 42.46 42.44 42.41 42.42 42.43 42.46 42.45 42.43 42.44 42.44 42.47 1.70141e38 42.45 42.44 42.43 42.44 42.44 42.45 42.46 42.48 42.51 42.48 42.44 42.46 42.5 42.48
41.04 41.11 41.16 41.24 41.31 41.35 41.39 41.48 41.56 41.59 41.62 41.69 41.75 41.78 41.82 41.91 41.99 42.02 42.05 42.09 42.12 42.14 42.18 42.23 42.28 42.3 42.33 42.35 42.34 42.34 42.32 42.34 42.36 42.37 42.39 42.39 42.44 42.43 42.41 42.38 42.39 42.39 42.4 42.39 42.39 42.43 42.43 42.41 42.41 42.42 42.42 42.44 42.43 42.42 42.4 42.4 42.41 42.43 42.42 42.41 42.42 42.42 42.45 1.70141e38 42.42 42.42 42.42 42.44 42.44 42.42 42.44 42.47 42.49 42.48 42.45 42.48 42.47 42.46
40.99 41.07 41.11 41.18 41.24 41.32 41.35 41.42 41.51 41.54 41.57 41.64 41.73 41.76 41.8 41.86 41.94 41.95 42.01 42.05 42.1 42.11 42.16 42.2 42.23 42.25 42.28 42.31 42.32 42.33 42.33 42.33 42.33 42.35 42.35 42.35 42.39 42.4 42.4 42.38 42.39 42.4 42.4 42.37 42.37 42.4 42.4 42.39 42.4 42.43 42.42 42.43 42.42 42.41 42.42 42.39 42.39 42.39 42.4 42.39 42.41 42.4 42.41 1.70141e38 42.41 42.41 42.41 42.41 42.42 42.4 42.43 42.44 42.46 42.46 42.46 42.45 42.44 42.43
