slabs/27.grd
DSAA
631 301
643260 643890
4947800 4948100
32.83 50.15
[rows 68 to 101 of 301, columns 546 to 623 of 631]
41.48 41.46 41.42 41.38 41.34 41.37 41.41 41.46 41.59 41.63 41.59 41.5 41.41 41.4 41.4 41.4 41.33 41.32 41.35 41.37 41.4 41.38 41.36 41.3 41.25 41.24 41.21 41.19 41.19 41.2 41.2 41.23 41.18 41.15 41.21 41.24 41.2 41.16 41.12 41.11 41.11 41.11 41.11 41.03 40.94 40.87 40.84 40.88 40.93 40.93 40.88 40.86 40.86 40.87 40.87 40.84 40.81 40.8 40.74 40.72 40.7 40.67 40.63 40.61 40.58 40.48 40.33 40.24 40.18 40.06 39.82 39.65 39.54 39.34 39.14 39.03 38.97 38.79
41.5 41.49 41.44 41.39 41.35 41.4 41.47 41.52 41.68 41.78 41.77 41.64 41.43 41.38 41.38 41.36 41.29 41.24 41.28 41.32 41.34 41.34 41.32 41.26 41.2 41.17 41.15 41.13 41.16 41.17 41.17 41.2 41.13 41.09 41.17 41.21 41.15 41.12 41.08 41.08 41.09 41.09 41.11 41.08 41.02 40.96 40.89 40.88 40.89 40.93 40.88 40.86 40.85 40.84 40.82 40.79 40.77 40.75 40.71 40.7 40.69 40.69 40.63 40.59 40.47 40.18 39.95 39.82 39.72 39.53 39.25 39.09 38.99 38.78 38.68 38.65 38.62 38.47
41.51 41.53 41.52 41.48 41.41 41.41 41.45 41.53 41.7 41.8 41.79 41.67 41.43 41.37 41.38 41.36 41.29 41.22 41.21 41.27 41.29 41.27 41.26 41.21 41.16 41.13 41.09 41.1 41.12 41.13 41.14 41.16 41.12 41.1 41.18 41.17 41.13 41.11 41.08 41.07 41.07 41.08 41.12 41.09 41.06 41.02 40.94 40.92 40.92 40.94 40.87 40.83 40.81 40.78 40.76 40.74 40.73 40.73 40.71 40.7 40.71 40.68 40.52 40.42 40.13 39.72 39.46 39.33 39.22 38.82 38.58 38.51 38.51 38.46 38.44 38.46 38.48 38.4
41.53 41.56 41.57 41.54 41.46 41.43 41.46 41.51 41.63 41.7 41.67 41.6 41.45 41.38 41.37 41.33 41.26 41.21 41.17 41.23 41.26 41.24 41.21 41.18 41.14 41.11 41.06 41.09 41.12 41.13 41.15 41.16 41.12 41.1 41.16 41.12 41.09 41.09 41.08 41.07 41.07 41.04 41.04 41.03 41.01 40.99 40.96 40.94 40.94 40.89 40.84 40.8 40.77 40.74 40.72 40.71 40.71 40.72 40.69 40.64 40.59 40.41 40.1 39.91 39.45 39.06 38.82 38.73 38.67 38.35 38.22 38.21 38.25 38.33 38.38 38.4 38.46 38.42
41.55 41.58 41.59 41.56 41.47 41.43 41.47 41.5 41.56 41.56 41.52 41.5 41.45 41.39 41.35 41.27 41.21 41.18 41.14 41.18 41.23 41.23 41.21 41.17 41.14 41.12 41.07 41.1 41.13 41.14 41.16 41.16 41.13 41.08 41.09 41.08 41.02 41.04 41 41.02 41.07 41.04 40.94 40.92 40.87 40.84 40.87 40.92 40.92 40.9 40.83 40.77 40.73 40.72 40.7 40.69 40.68 40.64 40.54 40.3 40.03 39.69 39.32 39.1 38.77 38.55 38.42 38.37 38.35 38.32 38.3 38.27 38.25 38.28 38.34 38.37 38.41 38.43
41.54 41.58 41.58 41.52 41.42 41.4 41.44 41.46 41.47 41.42 41.37 41.38 41.38 41.33 41.28 41.2 41.18 41.17 41.16 41.17 41.21 41.23 41.21 41.18 41.17 41.16 41.14 41.13 41.13 41.14 41.16 41.16 41.15 41.1 41.09 41.06 41.01 41.03 41.02 41.02 41.04 41.06 41.02 40.91 40.8 40.75 40.82 40.9 40.91 40.89 40.82 40.75 40.71 40.7 40.68 40.64 40.52 40.28 40.03 39.67 39.3 38.91 38.65 38.51 38.46 38.44 38.43 38.43 38.41 38.39 38.37 38.36 38.34 38.31 38.31 38.35 38.37 38.41
41.5 41.52 41.5 41.43 41.36 41.35 41.39 41.41 41.38 41.33 41.3 41.31 41.32 41.27 41.19 41.15 41.16 41.19 41.22 41.21 41.2 41.21 41.2 41.19 41.18 41.18 41.16 41.14 41.13 41.13 41.15 41.11 41.1 41.09 41.1 41.08 41.05 41.03 41.03 41.02 41.04 41.07 41.05 40.94 40.84 40.77 40.79 40.82 40.83 40.8 40.77 40.72 40.7 40.66 40.55 40.38 40.11 39.73 39.33 39.03 38.8 38.55 38.47 38.45 38.45 38.45 38.44 38.44 38.43 38.43 38.43 38.42 38.4 38.39 38.37 38.36 38.35 38.39
41.44 41.44 41.42 41.36 41.34 41.34 41.38 41.4 41.36 41.31 41.32 41.34 41.33 41.27 41.19 41.15 41.17 41.2 41.21 41.21 41.2 41.2 41.2 41.19 41.18 41.18 41.19 41.18 41.15 41.13 41.13 41.1 41.08 41.06 41.09 41.07 41.06 41.02 41.01 41.01 41.02 41.04 40.99 40.91 40.85 40.79 40.76 40.72 40.72 40.71 40.69 40.66 40.65 40.53 40.19 39.86 39.5 39.16 38.8 38.59 38.48 38.45 38.45 38.44 38.44 38.45 38.44 38.44 38.44 38.43 38.43 38.43 38.43 38.42 38.41 38.41 38.4 38.39
41.38 41.4 41.39 41.33 41.34 41.34 41.38 41.4 41.34 41.3 41.31 41.31 41.26 41.2 41.15 41.15 41.18 41.2 41.2 41.19 41.18 41.18 41.18 41.19 41.18 41.17 41.2 41.21 41.18 41.14 41.13 41.1 41.09 41.06 41.07 41.05 41.04 41 40.99 40.97 40.95 40.94 40.88 40.83 40.8 40.76 40.73 40.68 40.67 40.66 40.61 40.57 40.47 40.16 39.63 39.24 38.81 38.6 38.44 38.39 38.39 38.4 38.4 38.4 38.4 38.4 38.4 38.4 38.4 38.41 38.41 38.41 38.41 38.41 38.41 38.41 38.4 38.41
41.34 41.34 41.34 41.29 41.31 41.31 41.32 41.35 41.33 41.31 41.29 41.27 41.2 41.13 41.08 41.11 41.18 41.2 41.2 41.19 41.18 41.18 41.18 41.23 41.2 41.18 41.2 41.21 41.19 41.14 41.14 41.1 41.08 41.04 41.05 41.02 41 40.96 40.93 40.9 40.88 40.83 40.79 40.77 40.75 40.73 40.71 40.7 40.66 40.61 40.52 40.43 40.11 39.54 39 38.69 38.34 38.34 38.37 38.37 38.38 38.38 38.38 38.38 38.38 38.38 38.38 38.38 38.39 38.39 38.39 38.39 38.39 38.39 38.39 38.4 38.4 38.41
41.29 41.3 41.3 41.29 41.28 41.25 41.27 41.31 41.31 41.31 41.3 41.27 41.2 41.12 41.05 41.11 41.22 41.27 41.28 41.26 41.23 41.22 41.2 41.26 41.27 41.19 41.17 41.18 41.17 41.13 41.12 41.07 41.05 41.02 41.05 41 40.96 40.91 40.87 40.85 40.84 40.8 40.77 40.74 40.72 40.71 40.68 40.68 40.64 40.52 40.34 40.14 39.62 38.91 38.48 38.31 38.33 38.36 38.36 38.36 38.36 38.37 38.37 38.37 38.37 38.37 38.37 38.38 38.38 38.38 38.38 38.38 38.38 38.39 38.39 38.4 38.4 38.4
41.23 41.26 41.27 41.3 41.28 41.28 41.27 41.3 41.3 41.29 41.28 41.24 41.18 41.13 41.08 41.16 41.28 41.33 41.33 41.3 41.27 41.25 41.22 41.26 41.25 41.16 41.11 41.12 41.13 41.1 41.09 41.03 41.01 41.02 41.04 40.97 40.92 40.87 40.83 40.82 40.8 40.77 40.72 40.7 40.69 40.66 40.62 40.56 40.51 40.26 39.88 39.65 39.18 38.54 38.36 38.34 38.35 38.35 38.35 38.35 38.35 38.36 38.37 38.37 38.37 38.37 38.37 38.37 38.38 38.38 38.38 38.38 38.38 38.39 38.39 38.39 38.39 38.41
41.21 41.23 41.25 41.27 41.27 41.26 41.25 41.28 41.28 41.27 41.26 41.22 41.18 41.14 41.12 41.2 41.3 41.35 41.34 41.32 41.3 41.28 41.23 41.21 41.16 41.1 41.06 41.07 41.07 41.05 41.05 41 40.98 40.97 40.97 40.94 40.9 40.85 40.8 40.8 40.77 40.73 40.67 40.63 40.64 40.61 40.46 40.32 40.06 39.6 39.18 38.98 38.71 38.41 38.34 38.34 38.34 38.34 38.34 38.35 38.35 38.35 38.36 38.36 38.36 38.36 38.37 38.37 38.37 38.37 38.37 38.37 38.38 38.38 38.38 38.38 38.39 38.41
41.18 41.2 41.22 41.25 41.26 41.26 41.26 41.25 41.24 41.22 41.22 41.21 41.19 41.16 41.15 41.18 41.23 41.26 41.3 41.31 41.3 41.26 41.2 41.13 41.09 41.07 41.03 41.02 41.02 41.01 40.99 40.96 40.95 40.94 40.92 40.9 40.88 40.81 40.78 40.8 40.73 40.67 40.62 40.61 40.58 40.37 40.02 39.8 39.48 38.99 38.61 38.48 38.41 38.34 38.34 38.34 38.34 38.34 38.34 38.34 38.35 38.35 38.35 38.35 38.35 38.36 38.36 38.36 38.36 38.36 38.36 38.36 38.37 38.37 38.37 38.37 38.39 38.42
41.14 41.16 41.17 41.22 41.24 41.24 41.26 41.23 41.21 41.19 41.19 41.18 41.18 41.16 41.15 41.13 41.12 41.14 41.2 41.23 41.21 41.18 41.13 41.08 41.04 41.03 41 40.98 40.99 40.99 40.95 40.92 40.92 40.92 40.92 40.87 40.84 40.8 40.75 40.72 40.66 40.62 40.56 40.5 40.31 39.93 39.49 39.25 38.93 38.57 38.4 38.36 38.34 38.33 38.33 38.33 38.33 38.34 38.34 38.34 38.34 38.34 38.34 38.35 38.34 38.35 38.35 38.35 38.35 38.35 38.36 38.36 38.36 38.36 38.36 38.37 38.4 38.43
41.12 41.12 41.13 41.18 41.21 41.22 41.23 41.21 41.19 41.17 41.17 41.14 41.15 41.14 41.12 41.1 41.08 41.07 41.09 41.1 41.07 41.07 41.05 41.03 41.04 41.01 40.98 40.97 40.98 40.96 40.94 40.92 40.9 40.89 40.89 40.86 40.81 40.78 40.71 40.67 40.63 40.59 40.45 40.27 39.96 39.54 39.05 38.8 38.59 38.42 38.37 38.36 38.34 38.32 38.32 38.32 38.33 38.33 38.33 38.33 38.33 38.33 38.33 38.34 38.34 38.34 38.34 38.34 38.35 38.35 38.35 38.35 38.35 38.36 38.36 38.39 38.42 38.43
41.12 41.11 41.13 41.16 41.18 41.2 41.21 41.2 41.19 41.17 41.16 41.14 41.15 41.11 41.07 41.04 41.02 40.99 41.01 41 40.96 40.99 41.02 41.01 41.04 41.04 41.02 41.02 41.02 40.96 40.94 40.94 40.86 40.82 40.86 40.88 40.79 40.74 40.68 40.64 40.6 40.54 40.28 40.04 39.66 39.2 38.82 38.61 38.47 38.4 38.38 38.36 38.33 38.31 38.31 38.31 38.32 38.32 38.32 38.32 38.32 38.33 38.33 38.33 38.33 38.34 38.34 38.34 38.34 38.34 38.34 38.35 38.35 38.35 38.37 38.4 38.43 38.43
41.14 41.14 41.15 41.16 41.17 41.2 41.21 41.2 41.2 41.18 41.17 41.17 41.18 41.13 41.04 40.97 40.96 40.97 40.99 40.99 40.96 40.98 41.05 41.06 41.07 41.08 41.06 41.03 41 40.96 40.94 40.9 40.8 40.77 40.81 40.85 40.76 40.71 40.67 40.63 40.57 40.42 40.04 39.76 39.26 38.8 38.62 38.54 38.44 38.4 38.37 38.35 38.33 38.3 38.31 38.31 38.31 38.31 38.31 38.32 38.32 38.32 38.32 38.32 38.33 38.33 38.33 38.33 38.33 38.34 38.34 38.34 38.34 38.35 38.38 38.41 38.44 38.43
41.16 41.15 41.16 41.16 41.17 41.2 41.2 41.19 41.19 41.18 41.2 41.22 41.22 41.18 41.08 40.99 40.98 41 41.01 41 40.99 40.99 41.06 41.08 41.1 41.11 41.08 41.03 40.97 40.93 40.9 40.88 40.79 40.74 40.75 40.76 40.69 40.65 40.63 40.59 40.5 40.12 39.64 39.33 38.83 38.52 38.48 38.47 38.44 38.39 38.36 38.34 38.32 38.3 38.3 38.3 38.3 38.31 38.31 38.31 38.31 38.32 38.32 38.32 38.32 38.32 38.32 38.33 38.33 38.33 38.33 38.33 38.35 38.36 38.39 38.42 38.44 38.43
41.19 41.16 41.17 41.19 41.2 41.21 41.21 41.21 41.19 41.18 41.2 41.24 41.26 41.23 41.14 41.03 41 41.02 41.03 41.03 41.01 41.03 41.08 41.09 41.1 41.12 41.08 40.99 40.96 40.91 40.85 40.83 40.79 40.74 40.69 40.66 40.62 40.58 40.56 40.52 40.41 39.75 39.18 38.85 38.52 38.43 38.46 38.45 38.42 38.39 38.36 38.34 38.32 38.29 38.29 38.3 38.3 38.3 38.3 38.3 38.31 38.31 38.31 38.31 38.31 38.32 38.32 38.32 38.32 38.32 38.33 38.33 38.35 38.38 38.4 38.43 38.43 38.42
41.18 41.17 41.16 41.17 41.18 41.19 41.23 41.23 41.21 41.19 41.22 41.27 41.29 41.27 41.19 41.08 41.03 41.05 41.06 41.07 41.03 41.06 41.11 41.11 41.1 41.11 41.06 40.96 40.92 40.87 40.8 40.77 40.74 40.7 40.63 40.58 40.55 40.49 40.44 40.41 40.28 39.46 38.8 38.48 38.33 38.37 38.44 38.44 38.42 38.38 38.35 38.33 38.31 38.29 38.29 38.29 38.29 38.3 38.3 38.3 38.3 38.3 38.3 38.31 38.31 38.31 38.31 38.31 38.32 38.32 38.33 38.33 38.36 38.39 38.42 38.44 38.43 38.42
41.12 41.13 41.14 41.16 41.19 41.18 41.23 41.23 41.22 41.22 41.23 41.26 41.29 41.3 41.25 41.14 41.07 41.07 41.09 41.1 41.05 41.08 41.15 41.17 41.12 41.06 40.99 40.92 40.88 40.83 40.75 40.72 40.69 40.64 40.58 40.53 40.47 40.31 40.16 40.12 39.89 39.07 38.46 38.26 38.26 38.35 38.41 38.43 38.41 38.37 38.35 38.33 38.31 38.29 38.28 38.29 38.29 38.29 38.29 38.29 38.3 38.3 38.3 38.31 38.31 38.31 38.31 38.31 38.32 38.32 38.32 38.34 38.37 38.4 38.43 38.45 38.43 38.42
41.11 41.12 41.13 41.14 41.16 41.17 41.22 41.25 41.26 41.24 41.24 41.25 41.28 41.3 41.27 41.19 41.12 41.1 41.11 41.1 41.12 41.13 41.15 41.16 41.09 41 40.92 40.9 40.84 40.78 40.72 40.7 40.67 40.6 40.54 40.49 40.33 39.94 39.61 39.48 39.12 38.54 38.25 38.22 38.24 38.33 38.4 38.42 38.41 38.37 38.34 38.32 38.3 38.28 38.28 38.28 38.28 38.28 38.29 38.29 38.3 38.3 38.3 38.3 38.3 38.31 38.31 38.31 38.31 38.31 38.33 38.36 38.39 38.42 38.45 38.45 38.43 38.42
41.1 41.09 41.1 41.12 41.13 41.15 41.2 41.26 41.3 41.29 41.26 41.25 41.26 41.25 41.2 41.16 41.14 41.14 41.13 41.12 41.17 41.14 41.09 41.06 41.01 40.96 40.88 40.85 40.77 40.71 40.68 40.66 40.62 40.55 40.49 40.4 40.09 39.51 39.15 38.78 38.49 38.28 38.21 38.19 38.18 38.3 38.38 38.42 38.4 38.36 38.34 38.32 38.3 38.28 38.28 38.28 38.28 38.28 38.28 38.29 38.29 38.29 38.29 38.3 38.3 38.3 38.3 38.3 38.31 38.31 38.34 38.37 38.41 38.44 38.46 38.45 38.43 38.42
41.1 41.06 41.08 41.11 41.13 41.14 41.2 41.24 41.28 41.31 41.27 41.23 41.22 41.19 41.15 41.15 41.16 41.15 41.13 41.13 41.14 41.11 41.03 40.98 40.93 40.88 40.81 40.75 40.68 40.65 40.64 40.62 40.56 40.48 40.38 40.19 39.79 39.16 38.76 38.4 38.32 38.17 38.1 38.08 38.04 38.25 38.36 38.41 38.39 38.36 38.35 38.33 38.3 38.28 38.27 38.27 38.28 38.28 38.28 38.28 38.28 38.28 38.29 38.29 38.29 38.29 38.29 38.29 38.31 38.33 38.35 38.39 38.43 38.45 38.46 38.45 38.43 38.42
41.12 41.09 41.1 41.13 41.12 41.14 41.2 41.23 41.25 41.29 41.26 41.21 41.18 41.17 41.17 41.2 41.17 41.13 41.11 41.11 41.11 41.09 41 40.94 40.88 40.8 40.75 40.7 40.61 40.61 40.59 40.54 40.42 40.22 40.03 39.75 39.35 38.82 38.49 38.27 38.21 38.04 37.92 37.87 37.96 38.21 38.33 38.4 38.39 38.36 38.35 38.33 38.3 38.28 38.27 38.27 38.27 38.27 38.27 38.27 38.27 38.27 38.28 38.28 38.28 38.28 38.28 38.29 38.31 38.33 38.36 38.4 38.43 38.46 38.46 38.44 38.43 38.42
41.17 41.12 41.12 41.14 41.13 41.14 41.19 41.22 41.24 41.25 41.22 41.18 41.15 41.15 41.18 41.21 41.16 41.12 41.09 41.09 41.08 41.06 40.99 40.93 40.87 40.77 40.7 40.64 40.58 40.54 40.48 40.28 39.96 39.66 39.48 39.23 38.87 38.5 38.31 38.22 38.18 38.04 37.93 37.85 37.96 38.12 38.26 38.38 38.38 38.36 38.34 38.32 38.29 38.27 38.26 38.26 38.26 38.26 38.26 38.26 38.27 38.27 38.27 38.27 38.28 38.28 38.28 38.29 38.31 38.34 38.37 38.41 38.45 38.47 38.46 38.44 38.43 38.42
41.21 41.14 41.12 41.12 41.13 41.14 41.17 41.19 41.19 41.2 41.19 41.16 41.14 41.13 41.16 41.18 41.13 41.1 41.08 41.07 41.05 40.99 40.92 40.87 40.83 40.69 40.58 40.5 40.44 40.3 40.1 39.81 39.39 39.04 38.87 38.7 38.46 38.29 38.22 38.19 38.18 38.09 38.05 38.02 38.1 38.16 38.23 38.36 38.37 38.35 38.34 38.32 38.29 38.27 38.25 38.25 38.25 38.25 38.26 38.26 38.26 38.26 38.26 38.27 38.27 38.27 38.27 38.3 38.33 38.36 38.39 38.43 38.46 38.47 38.46 38.44 38.43 38.42
41.27 41.14 41.1 41.1 41.12 41.14 41.13 41.12 41.14 41.14 41.14 41.13 41.11 41.12 41.16 41.19 41.13 41.07 41.05 41.04 41 40.92 40.86 40.84 40.75 40.47 40.24 40.05 39.95 39.81 39.63 39.31 38.87 38.49 38.33 38.3 38.22 38.19 38.2 38.15 38.14 38.13 38.14 38.18 38.24 38.27 38.28 38.35 38.36 38.35 38.33 38.31 38.28 38.27 38.25 38.24 38.25 38.25 38.25 38.25 38.26 38.26 38.26 38.26 38.26 38.26 38.28 38.31 38.34 38.37 38.4 38.44 38.47 38.47 38.46 38.44 38.43 38.42
41.39 41.16 41.1 41.1 41.13 41.15 41.12 41.1 41.11 41.12 41.11 41.1 41.09 41.1 41.12 41.14 41.09 41.02 41 40.97 40.93 40.86 40.82 40.76 40.55 40.09 39.83 39.58 39.34 39.17 39.06 38.82 38.47 38.2 38.07 38.08 38.14 38.18 38.19 38.11 38.11 38.14 38.17 38.22 38.26 38.29 38.33 38.36 38.35 38.34 38.32 38.3 38.28 38.26 38.24 38.24 38.24 38.24 38.24 38.25 38.25 38.25 38.25 38.26 38.26 38.26 38.29 38.33 38.36 38.38 38.41 38.46 38.48 38.47 38.45 38.44 38.43 38.42
41.58 41.24 41.13 41.11 41.14 41.15 41.11 41.11 41.13 41.16 41.13 41.12 41.1 41.12 41.14 41.11 41.05 40.97 40.94 40.91 40.85 40.75 40.69 40.6 40.12 39.59 39.37 39.11 38.75 38.44 38.37 38.34 38.26 38.14 38.03 38.01 38.13 38.18 38.16 38.1 38.11 38.13 38.16 38.22 38.27 38.3 38.33 38.38 38.36 38.34 38.32 38.3 38.28 38.26 38.24 38.23 38.24 38.24 38.24 38.24 38.24 38.24 38.25 38.25 38.25 38.27 38.3 38.34 38.37 38.4 38.43 38.47 38.48 38.47 38.45 38.44 38.43 38.42
41.84 41.41 41.18 41.11 41.11 41.13 41.12 41.13 41.12 41.12 41.1 41.12 41.12 41.11 41.1 41.07 41.01 40.94 40.91 40.83 40.69 40.47 40.29 40.14 39.41 38.91 38.75 38.5 38.19 37.98 37.95 38.05 38.14 38.11 37.99 38.03 38.12 38.14 38.11 38.1 38.12 38.15 38.18 38.23 38.28 38.31 38.35 38.39 38.36 38.34 38.32 38.3 38.28 38.26 38.24 38.23 38.23 38.23 38.23 38.24 38.24 38.24 38.24 38.25 38.26 38.28 38.31 38.35 38.38 38.41 38.44 38.48 38.48 38.47 38.45 38.44 38.43 38.41
42.04 41.57 41.27 41.17 41.11 41.1 41.11 41.12 41.11 41.1 41.11 41.12 41.11 41.08 41.03 41.02 40.97 40.88 40.81 40.6 40.17 39.72 39.42 39.23 38.66 38.3 38.17 37.96 37.85 37.88 37.92 37.99 38.06 38.05 37.99 38.06 38.1 38.11 38.12 38.12 38.13 38.16 38.19 38.24 38.29 38.33 38.37 38.4 38.36 38.34 38.32 38.29 38.27 38.26 38.24 38.22 38.23 38.23 38.23 38.23 38.23 38.24 38.24 38.25 38.27 38.29 38.33 38.37 38.4 38.43 38.46 38.49 38.48 38.47 38.45 38.44 38.43 38.41
42.24 41.72 41.35 41.19 41.1 41.08 41.08 41.1 41.11 41.1 41.11 41.11 41.1 41.05 41.01 40.99 40.87 40.68 40.53 40.14 39.46 38.9 38.6 38.4 38.18 37.99 37.88 37.78 37.82 37.88 37.93 38.01 38.07 38.07 38.07 38.07 38.08 38.09 38.12 38.13 38.15 38.17 38.2 38.25 38.31 38.35 38.39 38.4 38.37 38.35 38.32 38.29 38.27 38.26 38.24 38.22 38.22 38.22 38.23 38.23 38.23 38.23 38.23 38.26 38.28 38.31 38.35 38.39 38.41 38.45 38.48 38.49 38.48 38.46 38.45 38.44 38.42 38.41
