slabs/27.grd
DSAA
631 301
643260 643890
4947800 4948100
32.83 50.15
[rows 0 to 33 of 301, columns 156 to 233 of 631]
37.83 37.91 37.88 37.88 37.87 37.86 37.81 37.74 37.72 37.8 37.79 37.7 37.57 37.52 37.44 37.46 37.49 37.51 37.57 37.59 37.49 37.43 37.33 37.32 37.36 37.5 37.78 37.88 37.84 37.77 37.69 37.69 37.71 37.76 37.77 37.67 37.62 37.54 37.57 37.74 37.77 37.81 37.84 37.88 37.89 37.87 37.69 37.67 37.7 37.8 37.89 37.92 37.88 37.7 37.54 37.68 37.77 37.86 37.86 37.85 37.78 37.71 37.75 37.76 37.8 37.93 37.96 37.95 37.86 37.77 37.8 37.8 37.85 37.89 37.89 37.86 37.76 37.64
37.82 37.87 37.83 37.85 37.88 37.83 37.71 37.63 37.65 37.7 37.74 37.65 37.54 37.5 37.47 37.52 37.57 37.58 37.6 37.6 37.5 37.43 37.32 37.43 37.59 37.67 37.8 37.88 37.85 37.82 37.79 37.79 37.76 37.75 37.77 37.7 37.69 37.7 37.71 37.76 37.77 37.73 37.7 37.79 37.81 37.78 37.64 37.6 37.64 37.76 37.85 37.88 37.87 37.82 37.7 37.74 37.77 37.77 37.71 37.69 37.64 37.62 37.66 37.68 37.75 37.92 37.95 37.93 37.87 37.82 37.81 37.8 37.82 37.86 37.87 37.81 37.71 37.67
37.67 37.73 37.75 37.82 37.83 37.76 37.59 37.46 37.55 37.6 37.68 37.63 37.58 37.58 37.61 37.69 37.73 37.74 37.72 37.7 37.68 37.6 37.46 37.6 37.77 37.81 37.85 37.89 37.9 37.89 37.86 37.84 37.81 37.77 37.77 37.75 37.77 37.81 37.75 37.71 37.68 37.54 37.51 37.62 37.65 37.69 37.6 37.53 37.59 37.71 37.8 37.8 37.81 37.77 37.67 37.59 37.49 37.53 37.54 37.54 37.52 37.53 37.56 37.6 37.74 37.93 37.91 37.91 37.88 37.84 37.81 37.79 37.81 37.83 37.82 37.76 37.71 37.72
37.58 37.69 37.75 37.82 37.83 37.78 37.68 37.53 37.54 37.59 37.67 37.62 37.69 37.7 37.72 37.77 37.81 37.82 37.83 37.81 37.82 37.75 37.62 37.69 37.79 37.84 37.88 37.9 37.92 37.93 37.88 37.84 37.81 37.76 37.74 37.74 37.78 37.83 37.71 37.61 37.55 37.38 37.38 37.54 37.56 37.63 37.58 37.64 37.73 37.77 37.77 37.77 37.74 37.62 37.47 37.39 37.28 37.35 37.44 37.44 37.46 37.5 37.55 37.57 37.7 37.91 37.89 37.88 37.88 37.86 37.82 37.78 37.79 37.79 37.78 37.74 37.71 37.69
37.58 37.66 37.76 37.83 37.86 37.83 37.77 37.63 37.54 37.59 37.68 37.64 37.8 37.79 37.73 37.76 37.84 37.83 37.83 37.8 37.8 37.78 37.72 37.76 37.79 37.84 37.88 37.9 37.91 37.9 37.84 37.79 37.73 37.68 37.67 37.66 37.72 37.73 37.57 37.46 37.48 37.52 37.54 37.65 37.66 37.71 37.65 37.73 37.83 37.81 37.77 37.75 37.7 37.61 37.41 37.36 37.28 37.3 37.36 37.38 37.43 37.51 37.56 37.55 37.6 37.76 37.82 37.84 37.85 37.87 37.84 37.77 37.77 37.77 37.78 37.77 37.75 37.65
37.64 37.66 37.72 37.76 37.78 37.79 37.77 37.67 37.5 37.55 37.69 37.72 37.84 37.83 37.73 37.77 37.83 37.79 37.71 37.67 37.71 37.72 37.71 37.78 37.8 37.85 37.87 37.88 37.88 37.83 37.72 37.65 37.62 37.66 37.67 37.62 37.66 37.58 37.43 37.43 37.5 37.66 37.77 37.78 37.75 37.76 37.76 37.79 37.81 37.78 37.76 37.75 37.74 37.75 37.53 37.46 37.38 37.36 37.36 37.38 37.46 37.55 37.56 37.53 37.51 37.58 37.67 37.75 37.81 37.82 37.81 37.74 37.73 37.78 37.8 37.82 37.83 37.72
37.71 37.68 37.67 37.67 37.62 37.67 37.76 37.7 37.47 37.54 37.74 37.81 37.81 37.81 37.76 37.81 37.78 37.72 37.58 37.55 37.6 37.64 37.63 37.71 37.75 37.85 37.88 37.89 37.87 37.79 37.69 37.61 37.62 37.72 37.77 37.66 37.67 37.62 37.56 37.6 37.6 37.65 37.81 37.81 37.78 37.79 37.84 37.81 37.73 37.68 37.67 37.71 37.79 37.83 37.63 37.57 37.5 37.49 37.46 37.43 37.5 37.57 37.54 37.5 37.46 37.47 37.52 37.61 37.71 37.72 37.72 37.67 37.67 37.74 37.78 37.87 37.9 37.88
37.77 37.72 37.64 37.63 37.5 37.55 37.72 37.72 37.49 37.59 37.8 37.83 37.75 37.73 37.72 37.76 37.72 37.64 37.53 37.53 37.56 37.6 37.56 37.67 37.7 37.85 37.89 37.9 37.85 37.72 37.62 37.58 37.61 37.71 37.81 37.76 37.79 37.81 37.79 37.79 37.71 37.65 37.74 37.74 37.75 37.82 37.87 37.8 37.64 37.58 37.56 37.64 37.81 37.83 37.7 37.64 37.62 37.62 37.57 37.48 37.49 37.54 37.51 37.45 37.43 37.44 37.46 37.49 37.59 37.62 37.63 37.62 37.61 37.67 37.74 37.86 37.88 37.89
37.83 37.78 37.66 37.63 37.46 37.47 37.66 37.73 37.56 37.68 37.84 37.8 37.73 37.65 37.62 37.66 37.64 37.6 37.56 37.58 37.6 37.55 37.5 37.56 37.61 37.8 37.87 37.89 37.81 37.65 37.57 37.55 37.56 37.65 37.76 37.79 37.87 37.91 37.86 37.84 37.75 37.66 37.67 37.65 37.7 37.84 37.87 37.78 37.59 37.53 37.51 37.59 37.78 37.83 37.75 37.71 37.68 37.7 37.63 37.52 37.46 37.49 37.47 37.41 37.42 37.43 37.44 37.46 37.53 37.63 37.7 37.73 37.67 37.68 37.74 37.83 37.82 37.8
37.82 37.82 37.73 37.66 37.47 37.48 37.67 37.71 37.66 37.75 37.86 37.85 37.8 37.71 37.64 37.67 37.64 37.66 37.72 37.73 37.72 37.62 37.58 37.58 37.55 37.64 37.76 37.8 37.77 37.68 37.63 37.58 37.58 37.66 37.68 37.7 37.75 37.78 37.78 37.78 37.73 37.64 37.61 37.62 37.72 37.85 37.82 37.73 37.57 37.52 37.51 37.53 37.68 37.79 37.78 37.75 37.72 37.72 37.68 37.59 37.48 37.44 37.41 37.39 37.41 37.42 37.42 37.45 37.49 37.65 37.74 37.82 37.7 37.66 37.73 37.81 37.77 37.73
37.74 37.77 37.75 37.65 37.6 37.62 37.75 37.78 37.78 37.83 37.83 37.84 37.84 37.82 37.81 37.79 37.74 37.76 37.85 37.84 37.83 37.76 37.71 37.7 37.63 37.58 37.72 37.77 37.79 37.77 37.72 37.65 37.62 37.71 37.67 37.65 37.62 37.62 37.69 37.71 37.66 37.55 37.54 37.61 37.73 37.79 37.73 37.66 37.56 37.55 37.51 37.49 37.53 37.64 37.66 37.68 37.7 37.74 37.73 37.68 37.52 37.41 37.4 37.39 37.4 37.41 37.4 37.41 37.42 37.58 37.69 37.84 37.68 37.61 37.7 37.8 37.72 37.7
37.62 37.66 37.66 37.57 37.68 37.74 37.85 37.88 37.84 37.74 37.73 37.76 37.79 37.85 37.9 37.87 37.84 37.83 37.83 37.81 37.82 37.82 37.78 37.76 37.71 37.63 37.75 37.8 37.83 37.83 37.75 37.68 37.61 37.71 37.72 37.69 37.64 37.61 37.66 37.68 37.61 37.51 37.55 37.63 37.69 37.68 37.66 37.62 37.59 37.59 37.52 37.47 37.4 37.45 37.47 37.44 37.46 37.56 37.6 37.64 37.56 37.48 37.46 37.42 37.39 37.4 37.42 37.4 37.36 37.48 37.62 37.85 37.75 37.69 37.72 37.77 37.71 37.73
37.58 37.56 37.42 37.33 37.45 37.68 37.85 37.82 37.74 37.63 37.67 37.66 37.7 37.81 37.87 37.87 37.87 37.85 37.78 37.78 37.81 37.84 37.75 37.73 37.74 37.73 37.8 37.82 37.84 37.84 37.73 37.66 37.58 37.65 37.74 37.75 37.71 37.67 37.69 37.67 37.62 37.68 37.74 37.73 37.69 37.66 37.66 37.64 37.61 37.57 37.54 37.48 37.38 37.36 37.35 37.29 37.32 37.45 37.53 37.62 37.55 37.47 37.44 37.38 37.36 37.41 37.45 37.46 37.37 37.44 37.61 37.81 37.78 37.77 37.78 37.73 37.69 37.75
37.64 37.51 37.27 37.17 37.28 37.59 37.82 37.8 37.71 37.66 37.7 37.66 37.71 37.82 37.84 37.84 37.86 37.84 37.77 37.79 37.81 37.81 37.7 37.7 37.78 37.83 37.86 37.86 37.84 37.85 37.72 37.66 37.57 37.59 37.74 37.78 37.77 37.74 37.74 37.71 37.7 37.84 37.84 37.79 37.72 37.64 37.64 37.54 37.46 37.46 37.48 37.49 37.43 37.39 37.37 37.33 37.36 37.44 37.52 37.57 37.47 37.37 37.34 37.31 37.36 37.43 37.49 37.53 37.44 37.47 37.64 37.76 37.69 37.73 37.8 37.72 37.67 37.72
37.59 37.37 37.21 37.23 37.33 37.61 37.81 37.84 37.79 37.79 37.78 37.74 37.79 37.86 37.83 37.78 37.8 37.79 37.75 37.76 37.78 37.77 37.69 37.72 37.83 37.89 37.91 37.91 37.87 37.84 37.74 37.66 37.56 37.55 37.79 37.82 37.83 37.79 37.82 37.8 37.83 37.89 37.82 37.77 37.66 37.59 37.54 37.4 37.33 37.34 37.37 37.43 37.46 37.45 37.44 37.44 37.45 37.49 37.51 37.46 37.34 37.28 37.28 37.32 37.4 37.46 37.52 37.55 37.5 37.52 37.65 37.71 37.59 37.63 37.76 37.76 37.7 37.68
37.49 37.27 37.23 37.37 37.48 37.71 37.8 37.86 37.85 37.86 37.85 37.81 37.84 37.85 37.74 37.66 37.68 37.65 37.62 37.66 37.73 37.75 37.72 37.76 37.86 37.9 37.91 37.9 37.88 37.83 37.73 37.65 37.55 37.59 37.77 37.81 37.84 37.76 37.81 37.83 37.88 37.89 37.83 37.71 37.56 37.49 37.44 37.33 37.28 37.27 37.28 37.35 37.45 37.48 37.47 37.48 37.53 37.54 37.52 37.36 37.24 37.25 37.3 37.42 37.49 37.53 37.59 37.54 37.47 37.49 37.6 37.68 37.57 37.58 37.69 37.82 37.76 37.65
37.44 37.31 37.35 37.54 37.65 37.8 37.81 37.84 37.84 37.85 37.87 37.84 37.85 37.8 37.62 37.56 37.55 37.5 37.45 37.52 37.67 37.76 37.77 37.81 37.88 37.88 37.83 37.82 37.84 37.83 37.66 37.66 37.69 37.82 37.84 37.85 37.84 37.77 37.81 37.87 37.87 37.86 37.81 37.61 37.43 37.4 37.36 37.27 37.23 37.22 37.24 37.32 37.45 37.49 37.46 37.44 37.53 37.56 37.51 37.32 37.21 37.27 37.37 37.52 37.61 37.64 37.72 37.55 37.39 37.43 37.54 37.66 37.6 37.59 37.62 37.79 37.8 37.63
37.47 37.45 37.54 37.71 37.77 37.82 37.73 37.77 37.81 37.83 37.84 37.85 37.85 37.77 37.68 37.65 37.57 37.48 37.48 37.51 37.62 37.73 37.83 37.86 37.93 37.88 37.76 37.74 37.77 37.76 37.65 37.67 37.76 37.9 37.86 37.82 37.84 37.8 37.83 37.89 37.8 37.77 37.71 37.5 37.34 37.31 37.28 37.21 37.19 37.22 37.27 37.37 37.46 37.5 37.46 37.4 37.46 37.52 37.5 37.33 37.23 37.27 37.38 37.55 37.69 37.72 37.81 37.65 37.45 37.48 37.59 37.73 37.66 37.65 37.63 37.76 37.77 37.7
37.56 37.63 37.74 37.83 37.81 37.76 37.59 37.7 37.79 37.82 37.76 37.79 37.82 37.78 37.77 37.77 37.68 37.59 37.64 37.61 37.62 37.69 37.81 37.84 37.88 37.88 37.82 37.8 37.77 37.68 37.63 37.65 37.73 37.86 37.83 37.78 37.82 37.73 37.69 37.68 37.66 37.62 37.59 37.43 37.31 37.25 37.23 37.18 37.21 37.29 37.34 37.44 37.49 37.52 37.48 37.4 37.39 37.44 37.48 37.38 37.28 37.29 37.37 37.53 37.75 37.76 37.81 37.7 37.56 37.54 37.71 37.86 37.82 37.77 37.7 37.74 37.75 37.78
37.67 37.78 37.84 37.84 37.8 37.73 37.66 37.72 37.81 37.79 37.77 37.81 37.83 37.73 37.72 37.78 37.82 37.72 37.66 37.63 37.61 37.6 37.73 37.8 37.86 37.87 37.82 37.72 37.68 37.65 37.62 37.63 37.73 37.85 37.82 37.8 37.84 37.67 37.56 37.45 37.5 37.51 37.5 37.43 37.36 37.32 37.28 37.21 37.26 37.35 37.4 37.46 37.49 37.52 37.51 37.43 37.37 37.39 37.46 37.44 37.37 37.35 37.37 37.52 37.8 37.74 37.78 37.79 37.62 37.55 37.66 37.87 37.83 37.76 37.69 37.73 37.76 37.82
37.76 37.84 37.83 37.8 37.72 37.7 37.87 37.86 37.82 37.7 37.86 37.85 37.82 37.71 37.71 37.8 37.89 37.75 37.57 37.56 37.58 37.61 37.7 37.79 37.86 37.85 37.74 37.64 37.62 37.67 37.66 37.65 37.73 37.85 37.83 37.84 37.87 37.73 37.6 37.43 37.43 37.5 37.52 37.52 37.49 37.49 37.45 37.32 37.32 37.39 37.43 37.46 37.48 37.51 37.55 37.49 37.41 37.4 37.45 37.5 37.48 37.46 37.4 37.47 37.63 37.62 37.74 37.84 37.68 37.57 37.55 37.74 37.71 37.65 37.68 37.76 37.78 37.85
37.78 37.78 37.84 37.79 37.67 37.76 37.87 37.86 37.76 37.7 37.83 37.8 37.77 37.78 37.83 37.86 37.89 37.73 37.53 37.53 37.6 37.69 37.75 37.82 37.86 37.86 37.77 37.71 37.7 37.71 37.69 37.66 37.72 37.84 37.85 37.86 37.86 37.79 37.7 37.54 37.53 37.61 37.63 37.65 37.69 37.72 37.65 37.46 37.38 37.41 37.44 37.48 37.58 37.61 37.67 37.65 37.57 37.54 37.52 37.5 37.46 37.47 37.45 37.46 37.49 37.51 37.64 37.81 37.72 37.61 37.53 37.66 37.63 37.61 37.74 37.82 37.82 37.85
37.68 37.65 37.75 37.72 37.66 37.76 37.77 37.76 37.59 37.59 37.7 37.73 37.75 37.76 37.83 37.86 37.89 37.75 37.61 37.61 37.68 37.76 37.8 37.83 37.87 37.89 37.85 37.81 37.77 37.72 37.7 37.66 37.71 37.82 37.83 37.83 37.81 37.78 37.74 37.69 37.68 37.73 37.71 37.78 37.84 37.85 37.79 37.6 37.5 37.49 37.5 37.64 37.78 37.82 37.84 37.71 37.65 37.63 37.57 37.49 37.4 37.41 37.45 37.46 37.45 37.46 37.53 37.77 37.75 37.69 37.61 37.66 37.63 37.66 37.83 37.86 37.85 37.85
37.59 37.56 37.63 37.65 37.67 37.63 37.66 37.64 37.47 37.48 37.65 37.72 37.78 37.7 37.74 37.76 37.84 37.78 37.74 37.73 37.78 37.82 37.8 37.74 37.81 37.87 37.86 37.83 37.78 37.72 37.72 37.69 37.74 37.81 37.81 37.79 37.79 37.79 37.79 37.83 37.8 37.79 37.71 37.8 37.9 37.87 37.82 37.58 37.55 37.55 37.55 37.68 37.88 37.92 37.92 37.74 37.68 37.66 37.64 37.57 37.47 37.44 37.44 37.47 37.46 37.45 37.49 37.78 37.8 37.78 37.74 37.73 37.69 37.74 37.9 37.88 37.87 37.85
37.63 37.58 37.63 37.68 37.66 37.52 37.59 37.55 37.43 37.4 37.64 37.75 37.82 37.71 37.71 37.71 37.77 37.75 37.77 37.8 37.83 37.86 37.77 37.59 37.66 37.75 37.79 37.81 37.72 37.69 37.76 37.8 37.81 37.85 37.84 37.79 37.79 37.73 37.75 37.84 37.77 37.76 37.74 37.85 37.93 37.89 37.8 37.54 37.57 37.59 37.6 37.66 37.88 37.91 37.9 37.79 37.73 37.7 37.73 37.67 37.54 37.49 37.47 37.5 37.5 37.5 37.54 37.82 37.84 37.84 37.83 37.8 37.76 37.81 37.89 37.86 37.87 37.87
37.76 37.65 37.68 37.74 37.68 37.49 37.53 37.48 37.38 37.32 37.56 37.73 37.86 37.78 37.77 37.77 37.77 37.71 37.72 37.77 37.78 37.83 37.76 37.56 37.55 37.56 37.63 37.74 37.65 37.66 37.75 37.86 37.86 37.86 37.81 37.7 37.63 37.62 37.65 37.72 37.72 37.74 37.8 37.87 37.89 37.85 37.74 37.6 37.67 37.67 37.68 37.73 37.86 37.84 37.81 37.78 37.74 37.73 37.8 37.75 37.64 37.58 37.56 37.57 37.57 37.55 37.63 37.85 37.86 37.86 37.86 37.82 37.8 37.84 37.81 37.81 37.86 37.89
37.84 37.74 37.76 37.81 37.76 37.51 37.46 37.42 37.35 37.32 37.48 37.69 37.89 37.85 37.85 37.83 37.82 37.73 37.71 37.7 37.66 37.75 37.76 37.69 37.61 37.51 37.54 37.69 37.65 37.67 37.75 37.85 37.86 37.84 37.79 37.65 37.55 37.54 37.53 37.57 37.6 37.71 37.84 37.86 37.86 37.78 37.7 37.71 37.78 37.76 37.77 37.81 37.86 37.8 37.7 37.73 37.73 37.74 37.83 37.82 37.78 37.73 37.68 37.68 37.65 37.59 37.7 37.86 37.85 37.85 37.88 37.79 37.79 37.82 37.76 37.81 37.87 37.89
37.84 37.79 37.81 37.85 37.82 37.53 37.41 37.39 37.38 37.41 37.51 37.71 37.91 37.89 37.87 37.83 37.86 37.78 37.74 37.74 37.77 37.78 37.8 37.77 37.66 37.52 37.57 37.76 37.75 37.75 37.77 37.72 37.71 37.73 37.72 37.6 37.49 37.48 37.48 37.5 37.57 37.68 37.84 37.85 37.83 37.78 37.75 37.8 37.82 37.81 37.81 37.83 37.86 37.78 37.63 37.69 37.7 37.69 37.76 37.82 37.82 37.8 37.74 37.74 37.71 37.63 37.71 37.82 37.76 37.71 37.79 37.72 37.72 37.77 37.8 37.85 37.87 37.83
37.82 37.76 37.78 37.82 37.81 37.6 37.45 37.44 37.48 37.54 37.6 37.76 37.89 37.9 37.88 37.82 37.83 37.81 37.76 37.76 37.79 37.75 37.72 37.67 37.6 37.51 37.56 37.78 37.84 37.84 37.77 37.58 37.5 37.53 37.58 37.51 37.45 37.46 37.49 37.51 37.58 37.65 37.79 37.79 37.77 37.79 37.84 37.82 37.79 37.79 37.8 37.79 37.81 37.73 37.6 37.63 37.62 37.58 37.62 37.67 37.7 37.75 37.7 37.74 37.76 37.68 37.62 37.68 37.61 37.51 37.49 37.49 37.56 37.72 37.86 37.88 37.87 37.84
37.88 37.74 37.71 37.73 37.79 37.75 37.64 37.56 37.62 37.68 37.71 37.8 37.87 37.89 37.87 37.8 37.72 37.72 37.69 37.68 37.69 37.65 37.61 37.58 37.55 37.57 37.6 37.77 37.85 37.85 37.79 37.6 37.44 37.45 37.47 37.42 37.42 37.43 37.47 37.52 37.55 37.62 37.75 37.69 37.64 37.71 37.83 37.77 37.68 37.7 37.73 37.72 37.7 37.63 37.56 37.54 37.53 37.52 37.52 37.53 37.58 37.66 37.58 37.7 37.76 37.75 37.62 37.56 37.5 37.41 37.36 37.38 37.46 37.6 37.76 37.77 37.8 37.86
38.07 37.8 37.68 37.66 37.76 37.81 37.75 37.68 37.72 37.75 37.81 37.8 37.74 37.84 37.83 37.81 37.77 37.78 37.72 37.65 37.62 37.57 37.56 37.54 37.54 37.6 37.7 37.82 37.86 37.85 37.81 37.69 37.52 37.5 37.44 37.37 37.36 37.36 37.41 37.49 37.52 37.59 37.68 37.57 37.47 37.55 37.71 37.68 37.58 37.58 37.63 37.67 37.64 37.58 37.52 37.5 37.5 37.54 37.54 37.57 37.66 37.78 37.76 37.81 37.81 37.81 37.61 37.49 37.45 37.43 37.41 37.42 37.47 37.54 37.63 37.64 37.72 37.84
38.36 38.05 37.9 37.68 37.74 37.8 37.72 37.61 37.67 37.77 37.82 37.83 37.78 37.81 37.82 37.84 37.85 37.86 37.76 37.67 37.6 37.53 37.51 37.51 37.52 37.58 37.76 37.87 37.86 37.85 37.83 37.75 37.63 37.59 37.49 37.38 37.33 37.32 37.36 37.46 37.52 37.56 37.6 37.47 37.35 37.4 37.6 37.57 37.52 37.51 37.65 37.73 37.68 37.59 37.52 37.58 37.62 37.71 37.7 37.76 37.8 37.88 37.87 37.81 37.81 37.82 37.63 37.47 37.49 37.51 37.51 37.5 37.49 37.53 37.57 37.58 37.68 37.8
38.88 38.62 38.46 38.1 37.9 37.89 37.75 37.54 37.56 37.68 37.71 37.72 37.85 37.86 37.85 37.86 37.86 37.88 37.82 37.76 37.65 37.55 37.45 37.48 37.59 37.62 37.77 37.87 37.85 37.85 37.84 37.81 37.73 37.7 37.6 37.47 37.38 37.36 37.41 37.49 37.51 37.55 37.56 37.44 37.38 37.39 37.6 37.51 37.49 37.52 37.75 37.8 37.79 37.74 37.66 37.74 37.77 37.84 37.75 37.83 37.86 37.89 37.84 37.69 37.68 37.7 37.66 37.57 37.59 37.65 37.69 37.61 37.51 37.56 37.59 37.6 37.7 37.79
39.31 39.03 38.88 38.52 38.17 37.98 37.85 37.68 37.65 37.66 37.68 37.67 37.8 37.85 37.85 37.83 37.83 37.87 37.87 37.84 37.74 37.66 37.5 37.58 37.73 37.73 37.78 37.86 37.87 37.86 37.87 37.88 37.82 37.79 37.7 37.59 37.5 37.48 37.48 37.51 37.48 37.54 37.62 37.52 37.51 37.56 37.73 37.71 37.68 37.68 37.88 37.82 37.84 37.8 37.76 37.79 37.8 37.85 37.78 37.82 37.87 37.9 37.83 37.7 37.64 37.61 37.72 37.69 37.69 37.77 37.8 37.7 37.56 37.65 37.69 37.71 37.77 37.83
