slabs/28.grd
DSAA
631 301
643260 643890
4948100 4948400
32.81 47.37
[rows 68 to 101 of 300, columns 390 to 467 of 631]
33.5 33.5 33.51 33.51 33.52 33.52 33.52 33.53 33.53 33.54 33.54 33.55 33.55 33.55 33.56 33.56 33.56 33.57 33.57 33.58 33.6 33.61 33.57 33.53 33.56 33.63 33.66 33.66 33.65 33.61 33.57 33.56 33.56 33.57 33.59 33.59 33.57 33.58 33.6 33.61 33.61 33.62 33.63 33.64 33.64 33.6 33.55 33.59 33.66 33.68 33.71 33.72 33.66 33.61 33.6 33.6 33.59 33.59 33.58 33.58 33.57 33.57 33.56 33.56 33.55 33.55 33.54 33.54 33.53 33.53 33.53 33.52 33.52 33.51 33.51 33.53 33.54 33.54
33.46 33.48 33.49 33.5 33.5 33.5 33.51 33.52 33.52 33.52 33.53 33.53 33.53 33.54 33.54 33.55 33.55 33.56 33.56 33.57 33.59 33.61 33.58 33.53 33.53 33.62 33.66 33.66 33.66 33.61 33.55 33.51 33.5 33.55 33.56 33.56 33.55 33.56 33.6 33.6 33.6 33.61 33.61 33.62 33.63 33.63 33.61 33.62 33.68 33.72 33.73 33.71 33.64 33.61 33.6 33.6 33.59 33.59 33.58 33.58 33.57 33.56 33.56 33.56 33.55 33.55 33.54 33.54 33.54 33.53 33.53 33.52 33.52 33.51 33.51 33.52 33.53 33.53
33.37 33.41 33.44 33.45 33.46 33.47 33.49 33.5 33.5 33.51 33.51 33.52 33.52 33.53 33.53 33.53 33.54 33.54 33.54 33.55 33.57 33.6 33.6 33.52 33.46 33.57 33.64 33.65 33.67 33.63 33.55 33.48 33.46 33.53 33.56 33.58 33.59 33.6 33.63 33.61 33.61 33.63 33.63 33.63 33.63 33.64 33.63 33.63 33.7 33.76 33.75 33.68 33.62 33.61 33.6 33.6 33.59 33.59 33.58 33.58 33.57 33.56 33.56 33.56 33.55 33.55 33.55 33.54 33.54 33.53 33.53 33.52 33.52 33.51 33.51 33.51 33.51 33.52
33.32 33.34 33.36 33.38 33.4 33.43 33.45 33.47 33.47 33.48 33.49 33.5 33.5 33.51 33.51 33.51 33.52 33.52 33.52 33.53 33.55 33.59 33.6 33.52 33.47 33.57 33.63 33.65 33.67 33.65 33.61 33.54 33.49 33.53 33.56 33.59 33.62 33.64 33.67 33.64 33.63 33.64 33.63 33.62 33.61 33.61 33.62 33.64 33.7 33.77 33.74 33.65 33.62 33.61 33.6 33.6 33.59 33.59 33.58 33.58 33.57 33.56 33.56 33.56 33.56 33.55 33.55 33.54 33.54 33.53 33.53 33.52 33.52 33.51 33.51 33.5 33.5 33.51
33.33 33.35 33.36 33.38 33.39 33.4 33.41 33.42 33.43 33.44 33.46 33.48 33.49 33.49 33.49 33.49 33.49 33.51 33.51 33.51 33.54 33.59 33.6 33.57 33.57 33.63 33.66 33.65 33.63 33.65 33.66 33.6 33.53 33.54 33.55 33.56 33.61 33.67 33.67 33.65 33.62 33.61 33.61 33.63 33.64 33.62 33.63 33.65 33.68 33.73 33.7 33.63 33.61 33.6 33.6 33.6 33.59 33.59 33.58 33.58 33.57 33.57 33.57 33.56 33.56 33.55 33.55 33.54 33.54 33.53 33.53 33.52 33.52 33.52 33.51 33.5 33.5 33.5
33.36 33.38 33.4 33.41 33.42 33.42 33.43 33.43 33.45 33.46 33.48 33.5 33.51 33.52 33.52 33.52 33.53 33.54 33.54 33.54 33.56 33.6 33.62 33.6 33.6 33.63 33.64 33.63 33.61 33.62 33.63 33.58 33.53 33.55 33.57 33.59 33.61 33.65 33.64 33.63 33.62 33.59 33.58 33.62 33.65 33.64 33.63 33.63 33.65 33.68 33.66 33.62 33.61 33.6 33.6 33.6 33.59 33.59 33.59 33.58 33.58 33.57 33.57 33.56 33.56 33.55 33.55 33.54 33.54 33.53 33.53 33.52 33.52 33.52 33.51 33.51 33.5 33.5
33.38 33.4 33.42 33.44 33.45 33.46 33.48 33.49 33.51 33.52 33.53 33.55 33.56 33.58 33.59 33.6 33.61 33.62 33.61 33.61 33.61 33.62 33.62 33.61 33.6 33.61 33.62 33.62 33.61 33.6 33.6 33.56 33.52 33.51 33.56 33.62 33.62 33.62 33.62 33.63 33.63 33.61 33.6 33.63 33.66 33.64 33.61 33.59 33.62 33.65 33.64 33.62 33.61 33.61 33.61 33.6 33.59 33.59 33.59 33.58 33.58 33.57 33.57 33.56 33.56 33.55 33.55 33.54 33.54 33.53 33.53 33.53 33.52 33.52 33.51 33.51 33.5 33.5
33.41 33.43 33.44 33.46 33.47 33.49 33.51 33.52 33.53 33.54 33.55 33.56 33.58 33.6 33.61 33.62 33.63 33.64 33.64 33.63 33.62 33.61 33.61 33.6 33.59 33.61 33.64 33.63 33.62 33.61 33.59 33.56 33.5 33.44 33.48 33.58 33.61 33.6 33.6 33.63 33.65 33.65 33.63 33.64 33.65 33.63 33.6 33.58 33.6 33.62 33.62 33.61 33.61 33.61 33.61 33.6 33.6 33.59 33.59 33.58 33.58 33.57 33.57 33.56 33.56 33.55 33.55 33.54 33.54 33.54 33.53 33.53 33.52 33.52 33.51 33.51 33.5 33.5
33.44 33.45 33.47 33.48 33.49 33.51 33.52 33.53 33.55 33.56 33.57 33.58 33.6 33.6 33.61 33.61 33.61 33.6 33.59 33.58 33.57 33.54 33.51 33.52 33.56 33.62 33.64 33.63 33.62 33.62 33.61 33.58 33.52 33.44 33.45 33.54 33.6 33.58 33.58 33.6 33.63 33.64 33.62 33.62 33.62 33.6 33.58 33.59 33.59 33.59 33.6 33.61 33.61 33.61 33.61 33.6 33.6 33.59 33.59 33.58 33.58 33.57 33.57 33.56 33.56 33.55 33.55 33.55 33.54 33.54 33.53 33.53 33.52 33.52 33.51 33.51 33.5 33.5
33.46 33.47 33.48 33.49 33.51 33.53 33.54 33.55 33.56 33.57 33.57 33.57 33.58 33.57 33.56 33.56 33.56 33.55 33.54 33.54 33.54 33.51 33.46 33.43 33.48 33.61 33.63 33.61 33.61 33.63 33.64 33.62 33.57 33.52 33.51 33.55 33.6 33.58 33.56 33.57 33.58 33.58 33.58 33.6 33.61 33.59 33.59 33.6 33.61 33.59 33.59 33.6 33.6 33.6 33.61 33.61 33.6 33.59 33.59 33.58 33.58 33.57 33.57 33.56 33.56 33.56 33.55 33.55 33.54 33.54 33.53 33.53 33.52 33.52 33.51 33.51 33.5 33.5
33.48 33.49 33.5 33.51 33.52 33.53 33.54 33.54 33.54 33.55 33.54 33.54 33.53 33.53 33.53 33.53 33.54 33.53 33.53 33.53 33.53 33.52 33.49 33.41 33.43 33.57 33.62 33.62 33.6 33.62 33.64 33.64 33.62 33.61 33.59 33.58 33.59 33.57 33.55 33.54 33.55 33.55 33.58 33.63 33.64 33.63 33.63 33.64 33.65 33.62 33.58 33.59 33.59 33.59 33.6 33.6 33.6 33.6 33.59 33.58 33.58 33.57 33.57 33.57 33.56 33.56 33.55 33.55 33.54 33.54 33.53 33.53 33.52 33.52 33.51 33.51 33.5 33.5
33.49 33.5 33.5 33.51 33.52 33.52 33.51 33.51 33.51 33.52 33.52 33.52 33.53 33.53 33.53 33.54 33.54 33.54 33.54 33.54 33.54 33.54 33.52 33.44 33.45 33.57 33.62 33.63 33.61 33.62 33.62 33.61 33.62 33.64 33.62 33.57 33.53 33.51 33.5 33.51 33.52 33.54 33.6 33.65 33.65 33.62 33.62 33.66 33.67 33.64 33.59 33.58 33.59 33.59 33.6 33.6 33.6 33.6 33.6 33.59 33.58 33.58 33.57 33.57 33.56 33.56 33.55 33.55 33.54 33.54 33.53 33.53 33.52 33.52 33.51 33.51 33.51 33.5
33.49 33.49 33.49 33.49 33.49 33.5 33.51 33.51 33.52 33.53 33.53 33.53 33.54 33.54 33.54 33.54 33.54 33.54 33.54 33.54 33.54 33.54 33.54 33.5 33.52 33.6 33.62 33.62 33.61 33.62 33.61 33.59 33.61 33.64 33.62 33.54 33.47 33.45 33.49 33.54 33.57 33.6 33.65 33.67 33.66 33.63 33.61 33.64 33.66 33.64 33.59 33.58 33.58 33.58 33.59 33.59 33.6 33.6 33.6 33.59 33.59 33.58 33.57 33.57 33.56 33.56 33.55 33.55 33.54 33.54 33.53 33.53 33.52 33.52 33.52 33.51 33.51 33.5
33.48 33.49 33.49 33.5 33.51 33.52 33.53 33.53 33.54 33.54 33.54 33.54 33.54 33.54 33.54 33.54 33.54 33.54 33.55 33.55 33.56 33.56 33.56 33.56 33.58 33.62 33.61 33.59 33.6 33.61 33.62 33.62 33.63 33.65 33.63 33.54 33.46 33.46 33.53 33.6 33.66 33.67 33.68 33.68 33.67 33.65 33.61 33.61 33.64 33.64 33.62 33.59 33.58 33.58 33.58 33.59 33.59 33.59 33.6 33.6 33.59 33.59 33.58 33.57 33.56 33.56 33.55 33.55 33.54 33.54 33.53 33.53 33.53 33.52 33.52 33.51 33.51 33.5
33.5 33.51 33.51 33.52 33.53 33.54 33.54 33.54 33.54 33.54 33.54 33.54 33.55 33.55 33.56 33.56 33.56 33.56 33.56 33.56 33.57 33.57 33.57 33.58 33.61 33.66 33.63 33.59 33.58 33.6 33.61 33.62 33.62 33.64 33.63 33.58 33.53 33.54 33.59 33.63 33.67 33.68 33.68 33.66 33.64 33.65 33.64 33.6 33.61 33.63 33.64 33.61 33.59 33.58 33.57 33.58 33.58 33.59 33.59 33.6 33.6 33.59 33.58 33.58 33.57 33.56 33.56 33.55 33.55 33.54 33.54 33.53 33.53 33.52 33.52 33.51 33.51 33.5
33.52 33.53 33.54 33.54 33.54 33.54 33.54 33.55 33.55 33.55 33.56 33.56 33.56 33.56 33.57 33.57 33.57 33.57 33.57 33.57 33.57 33.57 33.57 33.58 33.63 33.69 33.67 33.58 33.52 33.56 33.59 33.59 33.61 33.62 33.63 33.63 33.61 33.61 33.61 33.6 33.6 33.63 33.66 33.65 33.63 33.66 33.66 33.63 33.64 33.66 33.66 33.64 33.63 33.61 33.59 33.58 33.58 33.58 33.58 33.58 33.59 33.59 33.59 33.59 33.58 33.57 33.56 33.55 33.55 33.54 33.54 33.53 33.53 33.52 33.52 33.51 33.51 33.5
33.54 33.54 33.55 33.55 33.55 33.55 33.55 33.56 33.56 33.56 33.56 33.57 33.57 33.57 33.57 33.57 33.57 33.57 33.57 33.57 33.57 33.57 33.57 33.58 33.61 33.66 33.67 33.59 33.48 33.53 33.62 33.61 33.61 33.6 33.62 33.64 33.63 33.61 33.59 33.58 33.59 33.6 33.62 33.64 33.65 33.67 33.68 33.67 33.69 33.7 33.69 33.67 33.67 33.65 33.62 33.61 33.6 33.58 33.57 33.57 33.57 33.58 33.59 33.59 33.59 33.58 33.57 33.56 33.55 33.54 33.54 33.53 33.53 33.52 33.52 33.51 33.51 33.5
33.55 33.55 33.56 33.56 33.56 33.56 33.56 33.56 33.56 33.56 33.56 33.57 33.57 33.57 33.57 33.57 33.57 33.57 33.57 33.57 33.57 33.57 33.57 33.57 33.59 33.62 33.66 33.63 33.52 33.56 33.65 33.63 33.61 33.6 33.62 33.63 33.62 33.61 33.6 33.61 33.62 33.6 33.6 33.63 33.65 33.66 33.68 33.67 33.68 33.7 33.71 33.7 33.71 33.7 33.67 33.66 33.64 33.6 33.58 33.57 33.56 33.57 33.58 33.58 33.59 33.59 33.58 33.57 33.56 33.55 33.54 33.53 33.53 33.52 33.52 33.51 33.51 33.51
33.56 33.56 33.56 33.56 33.56 33.56 33.56 33.56 33.56 33.56 33.56 33.56 33.56 33.56 33.56 33.56 33.56 33.57 33.57 33.57 33.57 33.57 33.57 33.57 33.57 33.59 33.65 33.67 33.6 33.62 33.63 33.59 33.58 33.58 33.59 33.62 33.63 33.63 33.62 33.63 33.63 33.62 33.62 33.64 33.63 33.63 33.62 33.61 33.62 33.66 33.69 33.7 33.71 33.71 33.7 33.68 33.66 33.63 33.6 33.58 33.57 33.57 33.57 33.58 33.58 33.59 33.58 33.58 33.57 33.56 33.55 33.54 33.53 33.52 33.52 33.52 33.51 33.51
33.56 33.56 33.56 33.56 33.56 33.56 33.56 33.56 33.56 33.56 33.56 33.56 33.56 33.56 33.56 33.56 33.56 33.56 33.56 33.56 33.56 33.56 33.56 33.56 33.56 33.58 33.65 33.7 33.66 33.64 33.6 33.54 33.54 33.55 33.56 33.59 33.61 33.61 33.6 33.61 33.6 33.6 33.62 33.65 33.61 33.56 33.54 33.55 33.58 33.64 33.68 33.68 33.68 33.7 33.71 33.71 33.69 33.66 33.63 33.61 33.6 33.59 33.57 33.57 33.57 33.58 33.58 33.58 33.58 33.57 33.56 33.55 33.54 33.53 33.52 33.52 33.51 33.51
33.55 33.55 33.56 33.56 33.56 33.56 33.56 33.56 33.56 33.56 33.56 33.56 33.56 33.56 33.56 33.56 33.56 33.56 33.56 33.56 33.56 33.56 33.56 33.56 33.56 33.58 33.65 33.7 33.68 33.65 33.57 33.52 33.52 33.52 33.53 33.51 33.49 33.48 33.52 33.59 33.6 33.58 33.59 33.62 33.58 33.51 33.51 33.52 33.55 33.62 33.66 33.68 33.68 33.69 33.69 33.71 33.71 33.69 33.66 33.64 33.63 33.61 33.59 33.57 33.57 33.57 33.57 33.58 33.58 33.58 33.57 33.56 33.55 33.53 33.52 33.52 33.51 33.51
33.55 33.55 33.55 33.55 33.55 33.55 33.55 33.55 33.55 33.55 33.55 33.55 33.55 33.55 33.55 33.56 33.56 33.56 33.56 33.56 33.56 33.56 33.56 33.56 33.56 33.57 33.63 33.68 33.67 33.65 33.59 33.54 33.54 33.54 33.53 33.48 33.43 33.42 33.5 33.6 33.62 33.6 33.59 33.59 33.57 33.53 33.52 33.51 33.53 33.59 33.64 33.67 33.68 33.68 33.68 33.68 33.69 33.7 33.69 33.68 33.66 33.63 33.6 33.59 33.59 33.57 33.57 33.57 33.57 33.58 33.58 33.57 33.56 33.55 33.54 33.53 33.52 33.51
33.55 33.55 33.55 33.55 33.55 33.55 33.55 33.55 33.55 33.55 33.55 33.55 33.55 33.55 33.55 33.55 33.55 33.55 33.55 33.55 33.55 33.55 33.55 33.55 33.55 33.56 33.59 33.64 33.65 33.64 33.62 33.6 33.6 33.59 33.56 33.55 33.53 33.54 33.6 33.65 33.63 33.62 33.64 33.64 33.58 33.53 33.55 33.52 33.53 33.56 33.62 33.66 33.67 33.67 33.67 33.67 33.68 33.69 33.69 33.69 33.68 33.65 33.63 33.62 33.61 33.59 33.58 33.57 33.57 33.57 33.58 33.57 33.57 33.56 33.55 33.54 33.53 33.52
33.55 33.55 33.55 33.55 33.55 33.55 33.55 33.55 33.55 33.55 33.55 33.55 33.55 33.55 33.55 33.55 33.55 33.55 33.55 33.55 33.55 33.55 33.55 33.55 33.55 33.55 33.56 33.6 33.64 33.64 33.62 33.61 33.61 33.58 33.56 33.58 33.6 33.61 33.62 33.61 33.58 33.6 33.65 33.66 33.6 33.55 33.57 33.54 33.53 33.55 33.6 33.64 33.65 33.67 33.67 33.67 33.67 33.67 33.68 33.68 33.68 33.68 33.67 33.65 33.63 33.61 33.61 33.6 33.6 33.58 33.57 33.57 33.57 33.57 33.57 33.56 33.55 33.53
33.55 33.54 33.55 33.55 33.55 33.55 33.55 33.55 33.55 33.55 33.55 33.55 33.55 33.55 33.55 33.55 33.55 33.55 33.55 33.55 33.55 33.55 33.55 33.55 33.55 33.55 33.55 33.58 33.63 33.63 33.6 33.57 33.55 33.52 33.55 33.61 33.63 33.61 33.58 33.56 33.56 33.61 33.65 33.65 33.63 33.61 33.58 33.55 33.54 33.53 33.57 33.61 33.63 33.66 33.66 33.66 33.66 33.67 33.67 33.67 33.67 33.68 33.68 33.66 33.65 33.65 33.64 33.63 33.62 33.61 33.59 33.58 33.56 33.56 33.57 33.57 33.56 33.55
33.57 33.56 33.56 33.55 33.54 33.54 33.54 33.54 33.53 33.54 33.55 33.56 33.56 33.56 33.56 33.56 33.56 33.56 33.56 33.55 33.55 33.55 33.55 33.55 33.55 33.55 33.55 33.56 33.6 33.61 33.56 33.52 33.48 33.46 33.55 33.63 33.61 33.53 33.5 33.51 33.55 33.61 33.66 33.67 33.67 33.64 33.6 33.57 33.55 33.53 33.54 33.57 33.61 33.65 33.66 33.66 33.66 33.66 33.66 33.66 33.66 33.66 33.67 33.66 33.67 33.67 33.67 33.65 33.63 33.63 33.63 33.61 33.58 33.57 33.56 33.56 33.56 33.56
33.58 33.58 33.57 33.56 33.55 33.54 33.54 33.53 33.52 33.53 33.54 33.54 33.54 33.55 33.56 33.56 33.56 33.56 33.56 33.56 33.55 33.55 33.55 33.55 33.55 33.55 33.55 33.56 33.57 33.58 33.54 33.49 33.45 33.42 33.52 33.62 33.54 33.41 33.41 33.44 33.49 33.57 33.65 33.69 33.69 33.66 33.62 33.59 33.56 33.54 33.52 33.54 33.58 33.62 33.64 33.65 33.65 33.65 33.65 33.65 33.65 33.65 33.65 33.65 33.66 33.67 33.68 33.67 33.65 33.64 33.65 33.63 33.61 33.59 33.58 33.56 33.56 33.56
33.58 33.57 33.57 33.56 33.56 33.55 33.55 33.55 33.54 33.54 33.52 33.52 33.52 33.53 33.54 33.54 33.55 33.56 33.56 33.56 33.56 33.56 33.56 33.56 33.56 33.56 33.57 33.58 33.58 33.57 33.52 33.48 33.45 33.44 33.53 33.62 33.53 33.4 33.39 33.4 33.45 33.54 33.63 33.68 33.69 33.67 33.64 33.62 33.58 33.55 33.54 33.54 33.55 33.59 33.63 33.64 33.64 33.64 33.65 33.65 33.65 33.65 33.65 33.65 33.65 33.65 33.66 33.66 33.66 33.66 33.65 33.63 33.63 33.63 33.61 33.59 33.57 33.56
33.58 33.57 33.57 33.56 33.56 33.55 33.55 33.54 33.54 33.53 33.53 33.52 33.52 33.52 33.51 33.51 33.52 33.53 33.54 33.54 33.55 33.56 33.56 33.56 33.56 33.56 33.58 33.61 33.6 33.57 33.53 33.49 33.47 33.48 33.55 33.6 33.55 33.45 33.41 33.39 33.44 33.54 33.6 33.64 33.67 33.68 33.67 33.65 33.61 33.57 33.55 33.55 33.54 33.57 33.61 33.63 33.64 33.64 33.64 33.64 33.64 33.64 33.65 33.65 33.65 33.65 33.65 33.65 33.66 33.66 33.66 33.65 33.64 33.65 33.64 33.62 33.59 33.57
33.57 33.57 33.56 33.56 33.55 33.55 33.55 33.54 33.53 33.53 33.53 33.52 33.52 33.51 33.51 33.5 33.51 33.5 33.5 33.5 33.52 33.54 33.55 33.55 33.56 33.56 33.58 33.62 33.61 33.59 33.55 33.51 33.49 33.48 33.53 33.58 33.56 33.49 33.41 33.38 33.43 33.52 33.57 33.59 33.64 33.68 33.69 33.67 33.62 33.58 33.56 33.55 33.54 33.55 33.58 33.6 33.63 33.63 33.63 33.64 33.64 33.64 33.64 33.64 33.65 33.65 33.65 33.65 33.65 33.66 33.66 33.65 33.65 33.65 33.65 33.64 33.63 33.61
33.57 33.56 33.56 33.56 33.55 33.55 33.54 33.54 33.53 33.53 33.53 33.52 33.51 33.51 33.51 33.5 33.5 33.49 33.49 33.49 33.49 33.5 33.51 33.53 33.54 33.55 33.58 33.61 33.6 33.59 33.56 33.53 33.5 33.49 33.54 33.59 33.57 33.49 33.41 33.38 33.42 33.5 33.54 33.57 33.62 33.67 33.7 33.68 33.63 33.59 33.57 33.56 33.55 33.54 33.55 33.58 33.62 33.63 33.63 33.63 33.64 33.64 33.64 33.64 33.64 33.64 33.64 33.64 33.65 33.65 33.65 33.65 33.65 33.65 33.65 33.64 33.65 33.64
33.57 33.56 33.56 33.56 33.55 33.55 33.54 33.53 33.53 33.53 33.52 33.52 33.51 33.51 33.5 33.5 33.49 33.49 33.49 33.48 33.48 33.47 33.48 33.49 33.49 33.5 33.54 33.55 33.56 33.6 33.59 33.57 33.55 33.54 33.58 33.6 33.56 33.47 33.4 33.38 33.41 33.48 33.51 33.54 33.59 33.65 33.68 33.68 33.65 33.61 33.58 33.57 33.56 33.54 33.53 33.56 33.61 33.63 33.63 33.63 33.63 33.63 33.63 33.63 33.64 33.64 33.64 33.64 33.64 33.64 33.64 33.64 33.64 33.65 33.64 33.64 33.65 33.65
33.56 33.56 33.56 33.55 33.55 33.54 33.54 33.53 33.53 33.52 33.52 33.51 33.51 33.51 33.5 33.5 33.49 33.49 33.48 33.48 33.47 33.47 33.46 33.45 33.45 33.45 33.46 33.47 33.5 33.58 33.61 33.62 33.62 33.62 33.62 33.6 33.54 33.46 33.4 33.39 33.4 33.45 33.49 33.52 33.57 33.62 33.66 33.67 33.67 33.62 33.6 33.59 33.57 33.55 33.54 33.55 33.59 33.62 33.62 33.62 33.63 33.63 33.63 33.63 33.63 33.63 33.63 33.63 33.63 33.64 33.64 33.64 33.64 33.64 33.64 33.63 33.63 33.63
33.56 33.56 33.55 33.55 33.54 33.54 33.54 33.53 33.53 33.52 33.52 33.51 33.51 33.5 33.5 33.49 33.49 33.48 33.47 33.47 33.47 33.46 33.45 33.44 33.43 33.42 33.41 33.41 33.43 33.45 33.42 33.46 33.58 33.65 33.64 33.6 33.54 33.48 33.43 33.41 33.4 33.43 33.47 33.49 33.55 33.6 33.64 33.66 33.67 33.64 33.61 33.6 33.58 33.56 33.55 33.55 33.57 33.61 33.61 33.62 33.62 33.62 33.62 33.62 33.62 33.63 33.63 33.63 33.63 33.63 33.63 33.63 33.63 33.63 33.63 33.63 33.63 33.63
