slabs/28.grd
DSAA
631 301
643260 643890
4948100 4948400
32.81 47.37
[rows 102 to 135 of 300, columns 234 to 311 of 631]
33.4 33.45 33.49 33.52 33.57 33.6 33.62 33.58 33.51 33.47 33.46 33.46 33.46 33.46 33.46 33.47 33.47 33.47 33.47 33.47 33.47 33.47 33.47 33.47 33.46 33.45 33.45 33.45 33.44 33.43 33.43 33.42 33.42 33.42 33.41 33.41 33.4 33.4 33.4 33.41 33.44 33.46 33.47 33.46 33.44 33.44 33.42 33.39 33.37 33.35 33.32 33.29 33.29 33.3 33.31 33.31 33.31 33.32 33.34 33.34 1.70141e38 33.35 33.36 33.37 33.38 33.39 33.4 33.39 33.39 33.39 33.41 33.44 33.48 33.55 33.59 33.61 33.59 33.52
33.43 33.49 33.52 33.55 33.6 33.6 33.59 33.54 33.48 33.45 33.45 33.45 33.45 33.45 33.45 33.45 33.46 33.46 33.46 33.46 33.46 33.46 33.47 33.46 33.45 33.44 33.44 33.44 33.43 33.43 33.42 33.42 33.41 33.41 33.41 33.4 33.4 33.39 33.39 33.4 33.42 33.44 33.46 33.46 33.46 33.45 33.43 33.4 33.38 33.36 33.32 33.3 33.29 33.29 33.3 33.31 33.31 33.32 33.33 33.34 1.70141e38 33.35 33.36 33.37 33.37 33.38 33.39 33.39 33.4 33.41 33.42 33.45 33.47 33.5 33.53 33.56 33.56 33.53
33.47 33.52 33.55 33.58 33.61 33.58 33.53 33.48 33.45 33.44 33.44 33.44 33.44 33.44 33.45 33.45 33.45 33.45 33.45 33.46 33.46 33.46 33.46 33.46 33.45 33.44 33.44 33.43 33.43 33.42 33.42 33.41 33.41 33.4 33.4 33.4 33.39 33.39 33.39 33.39 33.4 33.42 33.44 33.46 33.46 33.45 33.43 33.4 33.38 33.36 33.33 33.3 33.28 33.29 33.29 33.3 33.31 33.31 33.32 33.33 1.70141e38 33.34 33.35 33.36 33.36 33.37 33.38 33.39 33.4 33.43 33.44 33.44 33.42 33.4 33.42 33.45 33.47 33.5
33.51 33.56 33.59 33.6 33.57 33.51 33.46 33.44 33.43 33.43 33.43 33.43 33.44 33.44 33.44 33.44 33.44 33.45 33.45 33.45 33.45 33.45 33.45 33.45 33.44 33.44 33.43 33.42 33.42 33.42 33.41 33.41 33.4 33.4 33.4 33.39 33.39 33.39 33.38 33.38 33.38 33.4 33.43 33.46 33.46 33.45 33.44 33.41 33.39 33.36 33.33 33.29 33.28 33.28 33.28 33.29 33.3 33.31 33.31 33.32 1.70141e38 33.33 33.34 33.35 33.35 33.36 33.38 33.4 33.44 33.49 33.52 33.53 33.48 33.37 33.34 33.36 33.38 33.42
33.56 33.6 33.62 33.59 33.52 33.45 33.43 33.42 33.42 33.43 33.43 33.43 33.43 33.43 33.43 33.44 33.44 33.44 33.44 33.44 33.45 33.45 33.45 33.44 33.44 33.43 33.42 33.42 33.41 33.41 33.41 33.41 33.4 33.4 33.4 33.39 33.38 33.38 33.38 33.37 33.37 33.39 33.42 33.45 33.46 33.45 33.44 33.41 33.4 33.38 33.35 33.31 33.28 33.27 33.28 33.29 33.29 33.3 33.31 33.32 1.70141e38 33.33 33.34 33.34 33.34 33.35 33.4 33.47 33.49 33.53 33.58 33.6 33.55 33.42 33.32 33.3 33.33 33.37
33.6 33.61 33.6 33.55 33.47 33.42 33.41 33.42 33.42 33.42 33.42 33.42 33.42 33.43 33.43 33.43 33.43 33.43 33.43 33.44 33.44 33.44 33.44 33.44 33.43 33.42 33.42 33.41 33.41 33.41 33.41 33.4 33.4 33.39 33.39 33.38 33.38 33.38 33.37 33.37 33.36 33.37 33.4 33.42 33.44 33.45 33.44 33.42 33.41 33.39 33.35 33.32 33.29 33.28 33.27 33.28 33.29 33.29 33.3 33.31 1.70141e38 33.32 33.32 33.31 33.32 33.37 33.47 33.53 33.54 33.56 33.6 33.62 33.59 33.5 33.38 33.31 33.31 33.34
33.62 33.59 33.55 33.5 33.44 33.41 33.41 33.41 33.41 33.41 33.41 33.42 33.42 33.42 33.42 33.42 33.42 33.43 33.43 33.43 33.43 33.43 33.43 33.43 33.42 33.42 33.42 33.41 33.41 33.4 33.4 33.4 33.39 33.39 33.38 33.38 33.38 33.38 33.37 33.36 33.35 33.36 33.37 33.4 33.42 33.44 33.44 33.43 33.41 33.39 33.35 33.32 33.3 33.28 33.27 33.27 33.28 33.29 33.3 33.3 1.70141e38 33.3 33.28 33.28 33.33 33.45 33.54 33.57 33.57 33.56 33.55 33.54 33.54 33.54 33.49 33.41 33.35 33.32
33.61 33.55 33.5 33.45 33.41 33.4 33.4 33.4 33.41 33.41 33.41 33.41 33.41 33.41 33.42 33.42 33.42 33.42 33.42 33.42 33.43 33.43 33.43 33.42 33.42 33.42 33.41 33.41 33.4 33.4 33.4 33.39 33.39 33.38 33.38 33.37 33.36 33.36 33.36 33.35 33.35 33.35 33.36 33.39 33.4 33.42 33.44 33.43 33.42 33.4 33.36 33.33 33.31 33.28 33.26 33.27 33.27 33.28 33.29 33.28 1.70141e38 33.25 33.28 33.33 33.41 33.55 33.6 33.61 33.59 33.52 33.42 33.38 33.43 33.53 33.59 33.54 33.44 33.35
33.58 33.51 33.46 33.42 33.39 33.39 33.39 33.4 33.4 33.4 33.4 33.41 33.41 33.41 33.41 33.41 33.41 33.41 33.42 33.42 33.43 33.43 33.43 33.42 33.41 33.41 33.41 33.4 33.39 33.39 33.39 33.38 33.38 33.38 33.37 33.36 33.36 33.36 33.35 33.35 33.34 33.34 33.35 33.37 33.39 33.41 33.43 33.44 33.43 33.4 33.37 33.34 33.32 33.29 33.26 33.26 33.27 33.27 33.25 33.23 1.70141e38 33.24 33.34 33.44 33.52 33.62 33.65 33.66 33.62 33.51 33.4 33.35 33.41 33.53 33.61 33.63 33.57 33.46
33.53 33.47 33.42 33.39 33.39 33.39 33.39 33.39 33.4 33.4 33.4 33.4 33.41 33.41 33.41 33.41 33.41 33.41 33.42 33.42 33.42 33.42 33.42 33.41 33.4 33.4 33.4 33.39 33.39 33.39 33.38 33.37 33.37 33.37 33.36 33.36 33.35 33.35 33.34 33.34 33.34 33.34 33.34 33.36 33.37 33.39 33.43 33.44 33.44 33.41 33.38 33.35 33.33 33.29 33.26 33.25 33.25 33.22 33.18 33.16 1.70141e38 33.3 33.46 33.56 33.63 33.69 33.71 33.73 33.67 33.56 33.47 33.44 33.49 33.59 33.62 33.65 33.66 33.59
33.48 33.42 33.39 33.38 33.38 33.38 33.38 33.39 33.39 33.39 33.4 33.4 33.4 33.4 33.4 33.4 33.41 33.41 33.41 33.41 33.41 33.41 33.41 33.4 33.4 33.4 33.39 33.39 33.38 33.38 33.37 33.37 33.36 33.36 33.36 33.35 33.35 33.34 33.34 33.33 33.33 33.33 33.33 33.34 33.35 33.38 33.41 33.44 33.44 33.41 33.38 33.35 33.33 33.3 33.26 33.24 33.21 33.16 33.15 33.16 1.70141e38 33.4 33.57 33.66 33.68 33.72 33.76 33.79 33.76 33.63 33.54 33.53 33.58 33.65 33.64 33.64 33.64 33.6
33.43 33.39 33.38 33.38 33.38 33.38 33.38 33.38 33.39 33.39 33.39 33.39 33.39 33.39 33.39 33.39 33.4 33.4 33.4 33.4 33.4 33.4 33.4 33.4 33.39 33.39 33.38 33.38 33.38 33.38 33.37 33.36 33.36 33.36 33.35 33.35 33.34 33.34 33.33 33.33 33.33 33.32 33.32 33.31 33.33 33.36 33.39 33.42 33.43 33.42 33.39 33.36 33.34 33.3 33.27 33.28 33.26 33.19 33.17 33.2 1.70141e38 33.48 33.62 33.68 33.66 33.69 33.75 33.8 33.81 33.69 33.58 33.59 33.66 33.66 33.6 33.59 33.54 33.47
33.4 33.37 33.37 33.37 33.37 33.37 33.38 33.38 33.38 33.38 33.38 33.38 33.38 33.38 33.38 33.39 33.39 33.39 33.39 33.39 33.39 33.4 33.4 33.39 33.39 33.38 33.38 33.37 33.37 33.37 33.36 33.36 33.35 33.35 33.34 33.34 33.34 33.34 33.33 33.33 33.32 33.32 33.31 33.31 33.32 33.35 33.38 33.4 33.42 33.42 33.4 33.4 33.39 33.29 33.27 33.34 33.33 33.3 33.32 33.33 1.70141e38 33.49 33.59 33.64 33.67 33.69 33.73 33.75 33.74 33.66 33.59 33.63 33.7 33.66 33.59 33.58 33.49 33.36
33.45 33.36 33.36 33.37 33.37 33.37 33.37 33.37 33.37 33.37 33.37 33.37 33.37 33.38 33.38 33.38 33.38 33.38 33.39 33.39 33.39 33.39 33.39 33.39 33.38 33.38 33.37 33.37 33.36 33.36 33.36 33.35 33.35 33.34 33.34 33.34 33.33 33.33 33.33 33.32 33.32 33.31 33.31 33.31 33.31 33.33 33.36 33.39 33.41 33.44 33.46 33.45 33.35 33.22 33.29 33.41 33.45 33.49 33.51 33.47 1.70141e38 33.45 33.51 33.61 33.75 33.75 33.71 33.65 33.58 33.57 33.58 33.63 33.67 33.62 33.57 33.56 33.47 33.34
33.81 33.5 33.42 33.41 33.41 33.4 33.39 33.38 33.37 33.37 33.37 33.37 33.37 33.37 33.37 33.37 33.38 33.38 33.38 33.38 33.38 33.38 33.38 33.38 33.38 33.38 33.37 33.36 33.36 33.36 33.35 33.35 33.35 33.34 33.34 33.33 33.33 33.33 33.32 33.32 33.31 33.31 33.31 33.3 33.3 33.32 33.34 33.34 33.31 33.32 33.38 33.37 33.31 33.27 33.38 33.5 33.56 33.62 33.64 33.59 1.70141e38 33.47 33.52 33.62 33.74 33.73 33.68 33.61 33.53 33.54 33.59 33.62 33.61 33.5 33.43 33.45 33.45 33.38
34.19 33.82 33.58 33.42 33.43 33.43 33.42 33.41 33.4 33.39 33.39 33.38 33.38 33.37 33.37 33.37 33.37 33.37 33.37 33.38 33.38 33.38 33.38 33.38 33.37 33.37 33.37 33.36 33.35 33.35 33.35 33.34 33.34 33.34 33.33 33.33 33.33 33.32 33.32 33.31 33.31 33.3 33.31 33.33 33.4 33.43 33.35 33.31 33.27 33.26 33.35 33.41 33.4 33.4 33.49 33.59 33.63 33.66 33.69 33.66 1.70141e38 33.62 33.66 33.7 33.75 33.74 33.71 33.67 33.6 33.58 33.61 33.61 33.57 33.43 33.31 33.33 33.42 33.45
34.49 34.15 33.79 33.44 33.39 33.39 33.39 33.39 33.38 33.39 33.39 33.39 33.38 33.38 33.38 33.37 33.37 33.37 33.37 33.37 33.37 33.37 33.37 33.37 33.37 33.37 33.36 33.35 33.35 33.35 33.34 33.34 33.34 33.33 33.33 33.32 33.33 33.34 33.35 33.36 33.36 33.37 33.42 33.46 33.53 33.52 33.41 33.36 33.32 33.3 33.36 33.43 33.49 33.55 33.62 33.67 33.67 33.67 33.67 33.69 1.70141e38 33.73 33.72 33.73 33.75 33.72 33.69 33.68 33.65 33.62 33.62 33.62 33.58 33.44 33.3 33.3 33.42 33.51
34.75 34.42 34.01 33.52 33.34 33.34 33.34 33.35 33.35 33.35 33.36 33.36 33.36 33.37 33.37 33.38 33.38 33.38 33.37 33.37 33.37 33.37 33.37 33.36 33.36 33.36 33.36 33.36 33.35 33.35 33.35 33.36 33.36 33.38 33.39 33.39 33.39 33.4 33.41 33.41 33.42 33.43 33.48 33.51 33.55 33.54 33.49 33.46 33.43 33.42 33.47 33.53 33.61 33.69 33.75 33.74 33.69 33.67 33.67 33.71 1.70141e38 33.75 33.71 33.73 33.76 33.73 33.68 33.66 33.64 33.62 33.61 33.61 33.57 33.49 33.35 33.32 33.47 33.58
35.05 34.7 34.26 33.69 33.38 33.33 33.32 33.33 33.33 33.33 33.34 33.34 33.34 33.35 33.35 33.35 33.36 33.36 33.36 33.37 33.37 33.36 33.35 33.35 33.35 33.35 33.37 33.38 33.33 33.3 33.33 33.34 33.35 33.37 33.39 33.4 33.41 33.42 33.44 33.45 33.44 33.43 33.46 33.47 33.49 33.52 33.52 33.54 33.54 33.59 33.67 33.71 33.73 33.78 33.84 33.8 33.73 33.69 33.66 33.7 1.70141e38 33.75 33.68 33.71 33.76 33.74 33.69 33.65 33.61 33.59 33.57 33.57 33.55 33.51 33.41 33.35 33.5 33.62
35.4 35.04 34.51 33.91 33.52 33.39 33.34 33.34 33.34 33.34 33.35 33.35 33.35 33.36 33.36 33.37 33.37 33.37 33.37 33.36 33.35 33.33 33.29 33.28 33.33 33.37 33.37 33.34 33.29 33.24 33.23 33.23 33.25 33.28 33.31 33.33 33.35 33.37 33.42 33.48 33.47 33.45 33.45 33.46 33.46 33.49 33.53 33.58 33.62 33.7 33.8 33.81 33.78 33.81 33.88 33.86 33.8 33.72 33.65 33.69 1.70141e38 33.74 33.68 33.71 33.74 33.73 33.7 33.66 33.6 33.56 33.54 33.55 33.55 33.54 33.46 33.39 33.49 33.6
35.67 35.31 34.75 34.13 33.72 33.51 33.37 33.35 33.36 33.36 33.36 33.37 33.37 33.37 33.38 33.38 33.38 33.37 33.33 33.31 33.28 33.21 33.15 33.18 33.27 33.37 33.38 33.37 33.33 33.26 33.2 33.18 33.17 33.17 33.24 33.32 33.32 33.31 33.39 33.5 33.49 33.49 33.52 33.53 33.49 33.47 33.51 33.58 33.66 33.73 33.8 33.82 33.8 33.82 33.87 33.92 33.93 33.88 33.83 33.78 1.70141e38 33.71 33.69 33.7 33.73 33.73 33.71 33.67 33.62 33.57 33.57 33.59 33.57 33.55 33.51 33.46 33.52 33.58
35.91 35.55 34.96 34.35 33.95 33.69 33.44 33.37 33.37 33.38 33.38 33.38 33.38 33.38 33.37 33.35 33.34 33.32 33.28 33.25 33.23 33.1 33.03 33.08 33.19 33.32 33.4 33.43 33.4 33.33 33.26 33.22 33.19 33.16 33.28 33.43 33.39 33.33 33.43 33.52 33.5 33.52 33.59 33.62 33.56 33.47 33.47 33.56 33.66 33.71 33.75 33.82 33.84 33.85 33.9 33.98 33.99 33.92 33.89 33.82 1.70141e38 33.67 33.67 33.69 33.73 33.75 33.72 33.67 33.63 33.61 33.63 33.66 33.61 33.56 33.56 33.58 33.6 33.6
36.11 35.76 35.13 34.48 34.09 33.78 33.49 33.41 33.4 33.4 33.39 33.38 33.37 33.36 33.34 33.32 33.31 33.29 33.27 33.25 33.21 33.07 32.97 33 33.1 33.25 33.37 33.44 33.44 33.4 33.33 33.29 33.26 33.25 33.4 33.55 33.5 33.43 33.5 33.56 33.56 33.6 33.66 33.69 33.6 33.45 33.43 33.56 33.66 33.7 33.75 33.83 33.91 33.93 33.95 33.99 33.99 33.89 33.84 33.77 1.70141e38 33.64 33.65 33.7 33.76 33.78 33.74 33.68 33.66 33.66 33.67 33.67 33.64 33.6 33.6 33.62 33.63 33.62
36.2 35.89 35.27 34.57 34.17 33.84 33.52 33.42 33.41 33.41 33.4 33.39 33.37 33.36 33.34 33.33 33.32 33.31 33.29 33.28 33.22 33.06 32.96 32.97 33.05 33.19 33.32 33.39 33.43 33.45 33.41 33.39 33.35 33.35 33.43 33.55 33.55 33.49 33.48 33.54 33.66 33.77 33.8 33.77 33.63 33.5 33.51 33.61 33.68 33.7 33.75 33.85 33.97 34.03 34.04 34.03 33.96 33.88 33.81 33.72 1.70141e38 33.58 33.63 33.73 33.79 33.79 33.73 33.69 33.69 33.69 33.66 33.64 33.62 33.59 33.59 33.61 33.61 33.58
36.2 35.86 35.22 34.54 34.14 33.84 33.51 33.4 33.39 33.41 33.42 33.41 33.4 33.38 33.37 33.36 33.35 33.33 33.31 33.29 33.23 33.07 32.97 32.97 33.03 33.15 33.28 33.36 33.42 33.47 33.47 33.46 33.41 33.4 33.44 33.53 33.56 33.49 33.45 33.59 33.76 33.86 33.9 33.82 33.71 33.64 33.61 33.66 33.7 33.71 33.73 33.83 33.99 34.08 34.09 34.05 33.96 33.9 33.84 33.74 1.70141e38 33.57 33.64 33.75 33.79 33.77 33.71 33.69 33.72 33.68 33.63 33.59 33.61 33.61 33.6 33.59 33.57 33.55
36.02 35.68 35.05 34.42 34.05 33.79 33.49 33.36 33.37 33.41 33.44 33.44 33.43 33.41 33.4 33.39 33.38 33.36 33.33 33.29 33.22 33.09 32.99 32.99 33.04 33.13 33.25 33.34 33.42 33.47 33.46 33.41 33.39 33.44 33.47 33.56 33.61 33.6 33.61 33.8 33.95 33.93 33.91 33.85 33.82 33.77 33.7 33.7 33.72 33.71 33.72 33.82 34 34.12 34.12 34.06 33.99 33.96 33.91 33.82 1.70141e38 33.66 33.71 33.78 33.78 33.74 33.68 33.65 33.67 33.66 33.63 33.6 33.61 33.62 33.58 33.55 33.56 33.54
35.74 35.44 34.88 34.37 34.04 33.75 33.46 33.32 33.34 33.41 33.46 33.48 33.47 33.45 33.43 33.42 33.41 33.39 33.34 33.29 33.22 33.1 33.01 33 33.04 33.08 33.11 33.19 33.33 33.44 33.49 33.47 33.44 33.47 33.5 33.6 33.73 33.85 33.96 34.06 34.07 33.94 33.86 33.84 33.87 33.86 33.83 33.78 33.74 33.72 33.72 33.81 33.99 34.11 34.13 34.08 34.03 34.01 33.95 33.87 33.76 33.73 33.75 33.78 33.76 33.72 33.67 33.61 33.6 33.61 33.61 33.6 33.58 33.56 33.51 33.48 33.52 33.54
35.52 35.21 34.71 34.32 34.03 33.69 33.42 33.27 33.29 33.39 33.47 33.51 33.51 33.49 33.46 33.45 33.44 33.41 33.34 33.29 33.22 33.1 33.02 33.02 33.03 32.99 32.95 33.04 33.24 33.43 33.55 33.54 33.51 33.56 33.62 33.69 33.82 33.99 34.09 34.16 34.15 33.95 33.8 33.82 33.88 33.91 33.92 33.9 33.83 33.8 33.79 33.84 33.99 34.09 34.1 34.09 34.05 34.02 33.95 33.87 33.77 33.74 33.76 33.77 33.74 33.72 33.66 33.57 33.56 33.58 33.6 33.59 33.54 33.49 33.4 33.38 33.43 33.52
35.31 34.97 34.5 34.16 33.92 33.64 33.4 33.26 33.27 33.36 33.45 33.5 33.53 33.53 33.5 33.49 33.47 33.43 33.34 33.28 33.21 33.09 33.01 33.01 33 32.94 32.92 33.02 33.26 33.49 33.59 33.59 33.58 33.65 33.73 33.78 33.87 34.01 34.1 34.17 34.16 33.94 33.77 33.8 33.89 33.94 33.97 33.99 33.96 33.92 33.88 33.89 33.98 34.03 34 34 34.01 34 33.94 33.85 33.74 33.72 33.74 33.75 33.72 33.7 33.65 33.58 33.55 33.56 33.57 33.56 33.53 33.47 33.36 33.32 33.37 33.5
35.07 34.73 34.29 33.98 33.8 33.6 33.42 33.3 33.29 33.35 33.43 33.48 33.53 33.56 33.54 33.52 33.5 33.43 33.36 33.3 33.21 33.1 33.02 33.02 33.03 33.04 33.06 33.17 33.37 33.55 33.62 33.62 33.61 33.65 33.71 33.76 33.86 33.98 34.05 34.14 34.13 33.96 33.79 33.77 33.87 33.95 33.99 34.04 34.04 34 33.92 33.88 33.9 33.89 33.81 33.82 33.92 33.95 33.91 1.70141e38 33.7 33.69 33.7 33.71 33.7 33.69 33.66 33.59 33.55 33.54 33.55 33.56 33.56 33.52 33.41 33.37 33.43 33.54
34.82 34.46 34.08 33.85 33.69 33.56 33.48 33.38 33.34 33.36 33.44 33.49 33.53 33.59 33.59 33.58 33.53 33.42 33.36 33.31 33.21 33.14 33.12 33.1 33.1 33.16 33.2 33.31 33.49 33.59 33.61 33.62 33.61 33.6 33.62 33.67 33.8 33.9 33.97 34.07 34.1 34 33.84 33.75 33.86 33.96 34.02 34.08 34.07 34.01 33.91 33.83 33.78 33.71 33.65 33.72 33.89 33.95 33.93 1.70141e38 33.69 33.68 33.67 33.66 33.66 33.69 33.68 33.58 33.49 33.48 33.49 33.56 33.62 33.6 33.49 33.48 33.56 33.62
34.5 34.17 33.9 33.75 33.66 33.57 33.52 33.46 33.39 33.37 33.43 33.48 33.53 33.61 33.64 33.63 33.57 33.45 33.36 33.3 33.27 33.29 33.31 33.24 33.19 33.25 33.31 33.45 33.59 33.61 33.6 33.61 33.61 33.6 33.58 33.62 33.72 33.79 33.87 33.98 34.03 33.99 33.84 33.75 33.87 33.97 34.04 34.12 34.1 34.02 33.91 33.77 33.66 33.61 33.57 33.65 33.84 33.94 33.94 1.70141e38 33.72 33.72 33.7 33.66 33.63 33.68 33.72 33.6 33.49 33.47 33.5 33.6 33.68 33.66 33.59 33.6 33.67 33.68
34.25 33.92 33.72 33.65 33.63 33.61 33.59 33.56 33.51 33.45 33.44 33.48 33.56 33.62 33.63 33.62 33.6 33.48 33.37 33.3 33.32 33.43 33.47 33.39 33.32 33.41 33.49 33.57 33.63 33.62 33.61 33.61 33.64 33.65 33.62 33.63 33.67 33.7 33.76 33.86 33.91 33.9 33.8 33.78 33.92 34 34.05 34.13 34.11 34.04 33.9 33.72 33.61 33.55 33.51 33.56 33.7 33.82 33.88 1.70141e38 33.74 33.74 33.74 33.71 33.67 33.72 33.77 33.68 33.62 33.64 33.68 33.73 33.75 33.74 33.71 33.74 33.78 33.73
34 33.74 33.64 33.63 33.61 33.56 33.53 33.52 33.51 33.47 33.42 33.46 33.54 33.54 33.49 33.47 33.51 33.49 33.44 33.37 33.38 33.48 33.53 33.5 33.48 33.56 33.63 33.64 33.64 33.62 33.62 33.64 33.68 33.73 33.69 33.65 33.64 33.63 33.67 33.73 33.76 33.75 33.76 33.84 33.97 34.06 34.05 34 33.96 33.93 33.84 33.68 33.59 33.57 33.54 33.55 33.62 33.74 33.82 1.70141e38 33.72 33.71 33.73 33.79 33.8 33.81 33.8 33.74 33.75 33.81 33.87 33.84 33.82 33.81 33.8 33.82 33.82 33.75
