slabs/28.grd
DSAA
631 301
643260 643890
4948100 4948400
32.81 47.37
[rows 170 to 203 of 300, columns 468 to 545 of 631]
39.29 39.73 40.08 40.32 40.61 40.97 41.16 41.29 41.53 41.74 41.82 41.83 41.83 41.8 41.79 41.77 41.73 41.74 41.77 41.76 41.74 41.74 41.75 41.74 41.71 41.71 41.7 41.67 41.66 41.64 41.6 41.55 41.52 41.5 41.45 41.39 41.37 41.38 41.35 41.28 41.19 41.13 41.06 40.94 40.82 40.74 40.68 40.56 40.44 40.34 40.26 40.17 40.11 40.08 40.04 39.98 39.94 39.89 39.79 39.71 39.65 39.61 39.53 39.45 39.42 39.4 39.39 39.39 39.37 39.32 39.22 39.15 39.09 39.02 38.91 38.84 38.81 38.75
39.97 40.46 40.74 40.9 41.17 41.45 41.62 41.73 41.9 41.98 41.97 41.94 41.9 41.86 41.85 41.83 41.8 41.79 41.82 41.83 41.81 41.81 41.82 41.81 41.78 41.77 41.75 41.7 41.65 41.62 41.57 41.48 41.42 41.41 41.39 41.35 41.33 41.33 41.28 41.19 41.08 41.01 40.95 40.84 40.69 40.58 40.52 40.41 40.33 40.28 40.2 40.12 40.07 40.02 39.95 39.9 39.86 39.81 39.7 39.62 39.57 39.54 39.44 39.34 39.31 39.29 39.28 39.3 39.3 39.26 39.16 39.09 39.04 38.94 38.84 38.78 38.75 38.69
40.71 41.13 41.34 41.45 41.62 41.79 41.89 41.95 42.02 42.03 42 41.98 41.96 41.95 41.95 41.94 41.91 41.9 41.91 41.91 41.9 41.88 41.88 41.85 41.81 41.77 41.75 41.69 41.62 41.57 41.51 41.42 41.39 41.42 41.43 41.38 41.31 41.25 41.2 41.1 40.99 40.9 40.85 40.74 40.6 40.5 40.43 40.33 40.26 40.22 40.15 40.06 40.02 39.97 39.88 39.82 39.79 39.73 39.61 39.51 39.46 39.44 39.37 39.29 39.25 39.22 39.2 39.2 39.22 39.19 39.1 39.03 38.97 38.88 38.79 38.74 38.7 38.64
41.3 41.61 41.75 41.81 41.89 41.95 42 42.03 42.06 42.05 42.01 42 42.02 42.04 42.04 42.04 42.01 41.99 41.99 41.98 41.95 41.91 41.89 41.85 41.79 41.73 41.7 41.64 41.58 41.56 41.53 41.48 41.46 41.48 41.47 41.39 41.29 41.19 41.14 41.06 40.96 40.86 40.77 40.65 40.56 40.51 40.41 40.3 40.23 40.18 40.1 40 39.93 39.88 39.8 39.72 39.67 39.62 39.51 39.41 39.35 39.32 39.27 39.24 39.21 39.18 39.14 39.13 39.15 39.13 39.05 38.99 38.93 38.84 38.76 38.7 38.66 38.58
41.72 41.91 41.98 41.98 41.98 42.01 42.04 42.08 42.11 42.09 42.05 42.04 42.06 42.1 42.12 42.11 42.08 42.03 42.01 41.99 41.94 41.9 41.86 41.81 41.75 41.68 41.64 41.6 41.6 41.63 41.62 41.59 41.53 41.49 41.45 41.36 41.24 41.14 41.09 40.99 40.9 40.82 40.72 40.59 40.51 40.46 40.39 40.29 40.21 40.16 40.07 39.98 39.9 39.83 39.72 39.62 39.55 39.49 39.41 39.34 39.29 39.23 39.18 39.18 39.16 39.13 39.1 39.09 39.09 39.06 38.99 38.95 38.89 38.78 38.69 38.62 38.58 38.51
42 42.06 42.06 42.03 42.02 42.06 42.11 42.15 42.18 42.15 42.11 42.09 42.1 42.13 42.13 42.12 42.08 42.02 41.98 41.94 41.9 41.87 41.82 41.74 41.69 41.65 41.63 41.63 41.67 41.72 41.7 41.62 41.53 41.48 41.43 41.33 41.21 41.13 41.05 40.94 40.85 40.79 40.68 40.56 40.48 40.44 40.35 40.26 40.19 40.13 40.02 39.92 39.84 39.77 39.64 39.53 39.45 39.4 39.33 39.3 39.26 39.19 39.14 39.12 39.11 39.08 39.07 39.06 39.03 38.98 38.93 38.89 38.83 38.7 38.6 38.54 38.5 38.44
42.13 42.14 42.12 42.09 42.09 42.14 42.17 42.2 42.22 42.19 42.15 42.12 42.11 42.11 42.08 42.05 42.01 41.98 41.95 41.9 41.87 41.86 41.79 41.72 41.72 41.72 41.71 41.72 41.74 41.75 41.71 41.64 41.57 41.5 41.42 41.3 41.21 41.14 41.01 40.89 40.81 40.76 40.65 40.54 40.49 40.42 40.29 40.18 40.14 40.07 39.93 39.81 39.74 39.67 39.54 39.44 39.38 39.33 39.27 39.25 39.22 39.17 39.12 39.09 39.07 39.03 39 38.99 38.96 38.92 38.89 38.85 38.78 38.65 38.54 38.5 38.47 38.41
42.18 42.2 42.2 42.18 42.18 42.19 42.18 42.19 42.2 42.18 42.15 42.1 42.06 42.04 42 41.97 41.94 41.92 41.92 41.9 41.87 41.87 41.84 41.81 41.84 41.84 41.81 41.78 41.77 41.76 41.72 41.63 41.58 41.52 41.41 41.27 41.2 41.12 40.98 40.85 40.79 40.74 40.63 40.52 40.48 40.4 40.24 40.11 40.05 39.98 39.85 39.73 39.65 39.55 39.42 39.35 39.32 39.26 39.21 39.21 39.18 39.14 39.1 39.06 39.04 38.98 38.92 38.9 38.9 38.9 38.88 38.83 38.77 38.64 38.53 38.48 38.44 38.39
42.2 42.26 42.29 42.28 42.25 42.23 42.2 42.18 42.15 42.12 42.1 42.04 41.98 41.95 41.94 41.92 41.89 41.87 41.89 41.9 41.89 41.91 41.91 41.9 41.88 41.88 41.88 41.84 41.8 41.78 41.72 41.62 41.55 41.5 41.38 41.25 41.19 41.1 40.95 40.84 40.78 40.72 40.6 40.5 40.45 40.39 40.23 40.06 39.97 39.9 39.77 39.66 39.59 39.46 39.33 39.28 39.27 39.22 39.17 39.15 39.13 39.1 39.07 39.03 39 38.94 38.89 38.87 38.87 38.89 38.86 38.83 38.77 38.64 38.54 38.5 38.45 38.39
42.24 42.31 42.35 42.35 42.31 42.26 42.23 42.17 42.1 42.06 42.03 41.97 41.91 41.88 41.86 41.83 41.8 41.81 41.86 41.92 41.95 41.97 41.97 41.94 41.91 41.89 41.88 41.85 41.81 41.78 41.7 41.59 41.52 41.47 41.37 41.26 41.2 41.11 40.96 40.84 40.77 40.71 40.59 40.47 40.42 40.35 40.2 40.02 39.91 39.81 39.68 39.6 39.55 39.45 39.33 39.27 39.26 39.24 39.2 39.16 39.12 39.06 39.02 38.99 38.95 38.9 38.86 38.84 38.84 38.85 38.83 38.82 38.76 38.64 38.54 38.49 38.43 38.37
42.28 42.35 42.37 42.35 42.29 42.24 42.19 42.11 42.05 42.03 42 41.93 41.87 41.85 41.8 41.72 41.73 41.81 41.88 41.98 42.01 42.01 41.99 41.96 41.92 41.9 41.86 41.82 41.81 41.77 41.68 41.57 41.49 41.44 41.35 41.25 41.19 41.1 40.96 40.85 40.76 40.7 40.58 40.45 40.37 40.3 40.14 39.98 39.86 39.73 39.63 39.61 39.59 39.53 39.42 39.33 39.29 39.25 39.24 39.21 39.14 39.04 38.97 38.94 38.91 38.88 38.82 38.76 38.76 38.76 38.74 38.73 38.71 38.62 38.53 38.47 38.39 38.33
42.33 42.37 42.37 42.3 42.23 42.19 42.14 42.06 42.02 41.99 41.97 41.91 41.86 41.85 41.81 41.71 41.73 41.82 41.92 42.03 42.03 42.01 41.99 41.96 41.93 41.91 41.84 41.8 41.82 41.77 41.66 41.56 41.48 41.43 41.33 41.22 41.15 41.07 40.96 40.84 40.72 40.65 40.52 40.42 40.34 40.25 40.08 39.94 39.82 39.68 39.65 39.67 39.66 39.59 39.45 39.35 39.29 39.23 39.2 39.15 39.11 39.03 38.94 38.89 38.88 38.86 38.82 38.72 38.67 38.65 38.63 38.62 38.63 38.59 38.52 38.45 38.34 38.28
42.34 42.35 42.32 42.25 42.19 42.16 42.12 42.03 41.97 41.94 41.92 41.89 41.89 41.89 41.86 41.79 41.78 41.85 41.95 42.05 42.05 42.03 42 41.97 41.95 41.92 41.86 41.82 41.86 41.8 41.67 41.56 41.48 41.44 41.34 41.22 41.14 41.08 41 40.87 40.73 40.62 40.49 40.41 40.34 40.22 40.06 39.92 39.79 39.65 39.66 39.7 39.68 39.57 39.42 39.33 39.28 39.21 39.16 39.1 39.06 38.99 38.92 38.87 38.86 38.86 38.82 38.71 38.59 38.57 38.56 38.57 38.6 38.57 38.52 38.44 38.31 38.23
42.27 42.25 42.24 42.2 42.14 42.11 42.06 41.97 41.92 41.91 41.95 41.97 41.97 41.99 41.98 41.91 41.86 41.89 41.99 42.06 42.05 42.04 42.03 41.99 41.97 41.93 41.86 41.85 41.9 41.89 41.75 41.6 41.53 41.48 41.38 41.26 41.18 41.11 41.02 40.91 40.79 40.66 40.52 40.46 40.36 40.21 40.06 39.93 39.8 39.68 39.69 39.69 39.65 39.55 39.42 39.33 39.28 39.21 39.15 39.1 39.05 38.97 38.91 38.86 38.85 38.83 38.78 38.65 38.51 38.53 38.55 38.59 38.61 38.56 38.53 38.46 38.31 38.21
42.2 42.17 42.16 42.12 42.05 42 41.96 41.9 41.9 41.96 42.02 42.06 42.06 42.1 42.08 42.02 41.96 41.97 42.03 42.06 42.04 42.05 42.05 42.02 42 41.96 41.9 41.9 41.93 41.93 41.81 41.65 41.55 41.49 41.39 41.29 41.2 41.11 41 40.91 40.82 40.65 40.52 40.47 40.39 40.25 40.08 39.94 39.83 39.74 39.71 39.68 39.62 39.53 39.42 39.34 39.29 39.22 39.17 39.13 39.07 38.97 38.89 38.84 38.83 38.8 38.71 38.58 38.46 38.53 38.59 38.62 38.62 38.57 38.54 38.48 38.35 38.21
42.15 42.12 42.09 42.02 41.95 41.91 41.9 41.9 41.95 42.01 42.06 42.09 42.09 42.11 42.1 42.07 42.05 42.06 42.07 42.08 42.08 42.09 42.09 42.05 42.03 42 41.97 41.94 41.9 41.85 41.74 41.6 41.52 41.46 41.36 41.29 41.22 41.11 41.01 40.94 40.86 40.7 40.54 40.48 40.42 40.29 40.11 39.97 39.87 39.77 39.72 39.65 39.59 39.5 39.41 39.35 39.3 39.23 39.2 39.17 39.09 38.96 38.87 38.83 38.8 38.73 38.62 38.5 38.44 38.56 38.62 38.63 38.61 38.55 38.51 38.48 38.38 38.22
42.1 42.06 42.01 41.94 41.9 41.91 41.92 41.93 41.96 42.02 42.08 42.09 42.08 42.07 42.07 42.09 42.1 42.13 42.14 42.13 42.14 42.14 42.13 42.09 42.07 42.04 41.98 41.89 41.81 41.75 41.64 41.54 41.48 41.42 41.33 41.27 41.22 41.13 41.02 40.96 40.89 40.75 40.59 40.5 40.44 40.31 40.15 40.03 39.94 39.82 39.73 39.65 39.58 39.46 39.39 39.36 39.32 39.27 39.24 39.22 39.12 38.98 38.87 38.84 38.78 38.64 38.5 38.42 38.42 38.55 38.6 38.59 38.56 38.52 38.48 38.46 38.38 38.27
42.01 41.96 41.93 41.9 41.93 41.97 41.98 41.98 41.96 42.02 42.11 42.12 42.13 42.1 42.07 42.1 42.13 42.16 42.18 42.17 42.18 42.17 42.15 42.14 42.12 42.09 42 41.88 41.8 41.69 41.57 41.5 41.48 41.43 41.34 41.28 41.25 41.17 41.02 40.93 40.88 40.76 40.63 40.53 40.45 40.31 40.17 40.08 40.01 39.88 39.75 39.67 39.58 39.45 39.37 39.34 39.32 39.29 39.26 39.24 39.16 39.03 38.92 38.87 38.76 38.57 38.42 38.37 38.38 38.49 38.54 38.53 38.5 38.47 38.46 38.44 38.39 38.33
41.89 41.88 41.89 41.95 42.03 42.06 42.07 42.06 42.04 42.07 42.13 42.15 42.16 42.15 42.13 42.13 42.13 42.16 42.18 42.19 42.2 42.18 42.18 42.18 42.16 42.14 42.05 41.95 41.86 41.72 41.59 41.52 41.53 41.48 41.35 41.3 41.28 41.2 41.01 40.89 40.84 40.75 40.64 40.55 40.46 40.32 40.19 40.11 40.04 39.91 39.8 39.71 39.6 39.49 39.41 39.34 39.28 39.28 39.26 39.22 39.15 39.03 38.95 38.89 38.74 38.55 38.42 38.38 38.35 38.42 38.5 38.49 38.44 38.4 38.41 38.42 38.39 38.33
41.92 41.94 41.99 42.07 42.13 42.13 42.13 42.13 42.15 42.15 42.15 42.15 42.14 42.15 42.18 42.18 42.18 42.19 42.21 42.2 42.17 42.18 42.22 42.23 42.2 42.16 42.1 42.03 41.96 41.85 41.72 41.65 41.63 41.53 41.36 41.29 41.3 41.25 41.06 40.9 40.81 40.7 40.62 40.55 40.47 40.32 40.22 40.14 40.05 39.95 39.87 39.79 39.67 39.56 39.49 39.39 39.28 39.26 39.26 39.19 39.08 38.98 38.91 38.86 38.73 38.55 38.44 38.4 38.35 38.39 38.45 38.45 38.39 38.34 38.34 38.37 38.36 38.32
41.99 42.04 42.11 42.15 42.15 42.14 42.14 42.15 42.15 42.16 42.17 42.18 42.18 42.19 42.2 42.21 42.21 42.22 42.23 42.23 42.2 42.22 42.25 42.28 42.25 42.2 42.15 42.11 42.08 42.01 41.91 41.85 41.77 41.57 41.36 41.29 41.31 41.29 41.12 40.96 40.83 40.68 40.62 40.57 40.49 40.35 40.25 40.19 40.08 39.99 39.95 39.88 39.74 39.6 39.51 39.41 39.26 39.18 39.18 39.14 39.04 38.95 38.89 38.85 38.74 38.61 38.51 38.43 38.37 38.36 38.38 38.39 38.36 38.33 38.33 38.34 38.33 38.29
41.99 42.06 42.15 42.16 42.15 42.14 42.14 42.15 42.16 42.16 42.17 42.19 42.22 42.23 42.24 42.24 42.23 42.24 42.26 42.27 42.26 42.27 42.27 42.28 42.27 42.23 42.19 42.15 42.13 42.08 42.03 41.99 41.88 41.62 41.39 41.31 41.32 41.3 41.16 41.02 40.89 40.73 40.66 40.62 40.54 40.4 40.29 40.23 40.14 40.05 40.01 39.94 39.78 39.6 39.48 39.37 39.16 39.03 39.01 39.05 39.05 38.97 38.92 38.87 38.79 38.73 38.64 38.51 38.42 38.37 38.38 38.38 38.35 38.34 38.33 38.32 38.31 38.27
42.04 42.11 42.16 42.17 42.17 42.16 42.16 42.17 42.18 42.18 42.18 42.2 42.22 42.24 42.25 42.25 42.25 42.28 42.31 42.31 42.32 42.3 42.27 42.27 42.26 42.24 42.22 42.19 42.17 42.12 42.08 42.05 41.96 41.73 41.49 41.38 41.36 41.29 41.2 41.09 40.93 40.78 40.7 40.66 40.57 40.43 40.34 40.29 40.2 40.1 40.03 39.95 39.78 39.59 39.45 39.34 39.17 39.05 39 39.01 39.02 38.98 38.94 38.89 38.82 38.79 38.72 38.59 38.47 38.4 38.39 38.39 38.37 38.35 38.33 38.31 38.28 38.26
42.06 42.13 42.18 42.19 42.19 42.18 42.18 42.21 42.22 42.21 42.2 42.2 42.22 42.24 42.26 42.25 42.27 42.31 42.33 42.35 42.35 42.31 42.27 42.26 42.26 42.25 42.24 42.22 42.21 42.17 42.12 42.08 42.01 41.85 41.6 41.45 41.38 41.3 41.26 41.13 40.91 40.78 40.72 40.67 40.57 40.46 40.38 40.33 40.22 40.08 39.98 39.91 39.79 39.62 39.48 39.39 39.25 39.15 39.1 39.08 39.04 38.99 38.95 38.88 38.81 38.75 38.7 38.6 38.48 38.42 38.4 38.39 38.37 38.34 38.32 38.3 38.27 38.25
42.06 42.13 42.2 42.21 42.21 42.2 42.2 42.21 42.22 42.22 42.22 42.21 42.22 42.25 42.28 42.28 42.29 42.32 42.35 42.37 42.36 42.32 42.28 42.26 42.26 42.25 42.24 42.23 42.23 42.21 42.16 42.11 42.03 41.87 41.68 41.49 41.37 41.28 41.22 41.12 40.91 40.78 40.75 40.71 40.61 40.49 40.43 40.37 40.22 40.05 39.94 39.9 39.83 39.69 39.55 39.46 39.34 39.26 39.21 39.15 39.06 38.98 38.94 38.87 38.77 38.7 38.65 38.55 38.46 38.43 38.42 38.4 38.37 38.33 38.31 38.28 38.24 38.21
42.11 42.17 42.21 42.21 42.22 42.22 42.21 42.2 42.22 42.23 42.24 42.23 42.23 42.25 42.28 42.29 42.31 42.33 42.35 42.36 42.35 42.33 42.29 42.27 42.26 42.25 42.24 42.24 42.24 42.22 42.18 42.12 42.02 41.86 41.76 41.6 41.39 41.25 41.16 41.08 40.93 40.81 40.79 40.75 40.65 40.53 40.47 40.4 40.25 40.08 39.98 39.93 39.84 39.74 39.64 39.52 39.42 39.35 39.29 39.19 39.06 38.97 38.93 38.85 38.74 38.67 38.61 38.51 38.45 38.43 38.41 38.39 38.37 38.34 38.31 38.25 38.21 38.18
42.18 42.21 42.22 42.21 42.22 42.22 42.22 42.22 42.23 42.25 42.26 42.25 42.25 42.27 42.29 42.3 42.32 42.34 42.35 42.35 42.34 42.32 42.3 42.27 42.26 42.25 42.24 42.23 42.23 42.22 42.19 42.14 42.03 41.9 41.79 41.66 41.43 41.26 41.17 41.09 40.96 40.85 40.79 40.75 40.67 40.56 40.48 40.41 40.29 40.16 40.06 39.96 39.84 39.78 39.7 39.58 39.45 39.37 39.29 39.16 39.03 38.96 38.92 38.85 38.78 38.71 38.65 38.54 38.45 38.39 38.35 38.35 38.4 38.38 38.33 38.26 38.21 38.2
42.25 42.25 42.23 42.21 42.22 42.24 42.25 42.25 42.26 42.29 42.3 42.3 42.3 42.31 42.31 42.31 42.32 42.33 42.35 42.36 42.34 42.32 42.3 42.27 42.26 42.25 42.24 42.23 42.22 42.22 42.19 42.13 42.03 41.92 41.81 41.7 41.49 41.29 41.18 41.09 40.96 40.84 40.75 40.72 40.67 40.57 40.49 40.42 40.31 40.21 40.12 39.98 39.84 39.77 39.71 39.6 39.47 39.37 39.28 39.13 39.02 38.97 38.94 38.91 38.88 38.84 38.76 38.63 38.51 38.41 38.35 38.34 38.4 38.4 38.37 38.31 38.25 38.22
42.27 42.26 42.24 42.24 42.24 42.27 42.3 42.31 42.33 42.34 42.35 42.35 42.35 42.34 42.33 42.32 42.32 42.33 42.35 42.36 42.35 42.33 42.3 42.28 42.27 42.25 42.24 42.23 42.22 42.21 42.19 42.14 42.05 41.95 41.85 41.74 41.53 41.31 41.18 41.09 40.93 40.78 40.72 40.7 40.65 40.58 40.53 40.45 40.33 40.24 40.15 39.98 39.8 39.7 39.63 39.54 39.46 39.38 39.3 39.15 39.05 39.02 38.99 38.97 38.93 38.9 38.8 38.67 38.6 38.55 38.5 38.44 38.42 38.42 38.4 38.34 38.28 38.26
42.27 42.26 42.25 42.27 42.28 42.32 42.36 42.39 42.38 42.37 42.38 42.38 42.38 42.37 42.36 42.35 42.34 42.34 42.35 42.36 42.36 42.34 42.31 42.29 42.27 42.25 42.24 42.23 42.23 42.21 42.18 42.14 42.06 41.98 41.91 41.79 41.54 41.32 41.2 41.11 40.91 40.75 40.73 40.74 40.7 40.63 40.58 40.47 40.35 40.27 40.2 40.03 39.83 39.71 39.61 39.48 39.41 39.38 39.32 39.19 39.08 39.04 39.02 38.99 38.94 38.89 38.79 38.69 38.64 38.64 38.63 38.55 38.5 38.48 38.44 38.36 38.3 38.29
42.28 42.26 42.27 42.31 42.33 42.36 42.38 42.4 42.39 42.38 42.4 42.4 42.4 42.39 42.38 42.37 42.36 42.35 42.35 42.36 42.37 42.35 42.32 42.3 42.26 42.25 42.24 42.25 42.25 42.22 42.18 42.15 42.08 42.02 41.95 41.8 41.54 41.34 41.25 41.14 40.93 40.76 40.77 40.83 40.79 40.68 40.6 40.45 40.32 40.26 40.21 40.09 39.93 39.83 39.74 39.57 39.45 39.4 39.35 39.23 39.09 39.02 39.01 39 38.98 38.93 38.85 38.76 38.7 38.67 38.64 38.59 38.56 38.53 38.46 38.39 38.36 38.36
42.29 42.28 42.32 42.37 42.39 42.39 42.39 42.39 42.39 42.41 42.42 42.43 42.42 42.41 42.4 42.39 42.38 42.37 42.37 42.37 42.37 42.36 42.34 42.31 42.28 42.27 42.27 42.28 42.27 42.23 42.2 42.16 42.1 42.03 41.93 41.78 41.53 41.37 41.28 41.17 41 40.87 40.88 40.92 40.84 40.73 40.62 40.42 40.25 40.17 40.13 40.05 39.94 39.87 39.8 39.66 39.54 39.49 39.43 39.3 39.16 39.07 39.02 39 39 38.98 38.92 38.84 38.77 38.72 38.65 38.61 38.59 38.55 38.48 38.45 38.44 38.44
42.31 42.3 42.35 42.42 42.42 42.4 42.39 42.39 42.41 42.44 42.45 42.45 42.44 42.43 42.43 42.42 42.4 42.39 42.39 42.38 42.38 42.37 42.35 42.33 42.3 42.3 42.31 42.29 42.25 42.21 42.19 42.15 42.1 42.02 41.9 41.75 41.54 41.42 41.33 41.22 41.11 41.04 41.03 40.99 40.87 40.78 40.68 40.45 40.22 40.1 40.05 40 39.93 39.88 39.81 39.66 39.55 39.53 39.46 39.34 39.24 39.17 39.09 39.04 39.02 38.99 38.94 38.86 38.8 38.75 38.69 38.66 38.65 38.59 38.53 38.51 38.52 38.52
42.32 42.31 42.36 42.42 42.42 42.4 42.4 42.39 42.42 42.47 42.48 42.47 42.46 42.45 42.45 42.44 42.42 42.41 42.41 42.4 42.39 42.38 42.37 42.34 42.32 42.32 42.32 42.3 42.25 42.19 42.16 42.14 42.11 42.04 41.91 41.74 41.58 41.49 41.42 41.3 41.21 41.16 41.12 41.02 40.87 40.77 40.69 40.5 40.28 40.15 40.08 40.02 39.97 39.92 39.86 39.72 39.61 39.55 39.47 39.36 39.26 39.23 39.2 39.13 39.07 39.02 38.94 38.84 38.79 38.76 38.71 38.71 38.72 38.68 38.61 38.58 38.57 38.56
