slabs/28.grd
DSAA
631 301
643260 643890
4948100 4948400
32.81 47.37
[rows 34 to 67 of 300, columns 234 to 311 of 631]
33.77 34.12 34.35 34.57 34.93 35.36 35.63 35.9 36.34 36.8 37.08 37.36 37.8 38.18 38.35 38.43 38.53 38.58 38.64 38.72 38.81 38.87 38.93 39.02 39.11 39.17 39.22 39.28 39.37 39.43 39.46 39.5 39.52 39.53 39.55 39.59 39.63 39.65 39.67 39.69 39.7 39.7 39.67 39.63 39.63 39.64 39.63 39.58 39.54 39.52 39.49 39.44 39.41 39.4 39.37 39.34 39.32 39.3 39.22 39.14 39.1 39.08 1.70141e38 38.94 38.92 38.88 38.83 38.8 38.63 38.25 37.78 37.42 37.15 36.7 36.22 35.91 35.67 35.22
33.61 33.99 34.22 34.41 34.68 35.01 35.25 35.52 35.99 36.47 36.74 37.03 37.51 37.89 38.14 38.34 38.47 38.53 38.59 38.67 38.77 38.84 38.89 38.97 39.06 39.12 39.17 39.24 39.32 39.38 39.42 39.45 39.47 39.49 39.51 39.55 39.59 39.6 39.62 39.62 39.63 39.64 39.62 39.59 39.57 39.58 39.58 39.54 39.51 39.48 39.44 39.4 39.36 39.34 39.3 39.25 39.23 39.2 39.14 39.08 39.04 39 1.70141e38 38.89 38.87 38.82 38.74 38.68 38.45 37.95 37.43 37.05 36.78 36.3 35.85 35.57 35.3 34.83
33.52 33.79 34.04 34.2 34.45 34.78 34.99 35.26 35.72 36.12 36.39 36.77 37.26 37.59 37.88 38.21 38.41 38.49 38.55 38.63 38.74 38.81 38.86 38.93 39 39.05 39.12 39.2 39.27 39.32 39.35 39.4 39.45 39.48 39.49 39.52 39.53 39.55 39.56 39.56 39.57 39.58 39.57 39.55 39.54 39.53 39.5 39.46 39.43 39.4 39.36 39.32 39.29 39.25 39.22 39.21 39.19 39.13 39.07 39.03 39.01 38.97 1.70141e38 38.84 38.82 38.76 38.63 38.49 38.21 37.63 37.06 36.7 36.42 35.94 35.49 35.21 34.95 34.53
33.49 33.64 33.82 33.98 34.26 34.59 34.81 35.07 35.51 35.82 36.09 36.52 37.01 37.31 37.61 38.03 38.33 38.44 38.5 38.59 38.7 38.76 38.81 38.88 38.95 38.99 39.05 39.15 39.23 39.27 39.31 39.37 39.4 39.42 39.45 39.48 39.49 39.5 39.51 39.52 39.52 39.52 39.52 39.5 39.47 39.45 39.41 39.36 39.34 39.32 39.3 39.27 39.25 39.21 39.17 39.15 39.13 39.07 39.01 38.98 38.97 38.94 1.70141e38 38.82 38.79 38.7 38.49 38.24 37.93 37.34 36.75 36.39 36.09 35.59 35.18 34.91 34.63 34.27
33.49 33.55 33.65 33.81 34.08 34.33 34.54 34.85 35.27 35.55 35.82 36.25 36.73 37.03 37.32 37.78 38.19 38.37 38.45 38.55 38.65 38.73 38.78 38.83 38.9 38.95 39 39.09 39.17 39.23 39.28 39.32 39.35 39.4 39.44 39.45 39.46 39.47 39.47 39.44 39.43 39.42 39.42 39.43 39.42 39.39 39.35 39.31 39.29 39.28 39.26 39.24 39.22 39.18 39.13 39.09 39.07 39.02 38.97 38.95 38.93 38.89 38.82 38.79 38.74 38.61 38.28 37.95 37.63 37.03 36.43 36.06 35.78 35.3 34.96 34.71 34.36 34.05
33.51 33.52 33.55 33.67 33.89 34.06 34.26 34.61 34.99 35.24 35.53 35.98 36.46 36.75 37.04 37.52 38 38.26 38.38 38.5 38.6 38.67 38.71 38.79 38.86 38.9 38.93 39.03 39.12 39.18 39.23 39.27 39.3 39.36 39.39 39.39 39.39 39.41 39.4 39.38 39.37 39.35 39.36 39.38 39.39 39.36 39.31 39.28 39.26 39.25 39.22 39.19 39.17 39.14 39.09 39.06 39.03 38.99 38.94 38.91 38.89 38.84 38.76 38.75 38.69 38.47 38.03 37.65 37.32 36.73 36.17 35.82 35.51 35.05 34.75 34.53 34.16 33.87
33.53 33.52 33.51 33.57 33.74 33.89 34.07 34.38 34.74 34.96 35.25 35.71 36.19 36.49 36.78 37.26 37.78 38.07 38.28 38.45 38.55 38.61 38.66 38.74 38.8 38.84 38.88 38.98 39.04 39.08 39.15 39.2 39.25 39.29 39.32 39.34 39.36 39.37 39.37 39.35 39.35 39.34 39.33 39.34 39.35 39.33 39.29 39.25 39.24 39.21 39.17 39.15 39.13 39.09 39.05 39.03 38.98 38.94 38.9 38.87 38.85 38.81 38.71 38.7 38.61 38.31 37.82 37.43 37.05 36.46 36.03 35.7 35.28 34.84 34.52 34.31 33.99 33.75
33.56 33.55 33.54 33.58 33.7 33.8 33.92 34.18 34.51 34.71 34.97 35.42 35.9 36.21 36.51 37.02 37.54 37.85 38.12 38.39 38.48 38.55 38.62 38.67 38.7 38.74 38.82 38.9 38.95 39 39.07 39.14 39.2 39.22 39.27 39.32 39.32 39.32 39.32 39.32 39.33 39.32 39.31 39.32 39.31 39.28 39.25 39.23 39.21 39.17 39.12 39.11 39.08 39.03 39 38.98 38.94 38.91 38.89 38.85 38.82 1.70141e38 38.66 38.65 38.5 38.1 37.66 37.29 36.78 36.19 35.83 35.54 35.06 34.59 34.25 34.05 33.8 33.66
33.57 33.57 33.57 33.6 33.65 33.7 33.79 33.99 34.27 34.45 34.71 35.14 35.65 36.01 36.3 36.76 37.27 37.57 37.83 38.14 38.32 38.46 38.55 38.59 38.61 38.67 38.76 38.85 38.89 38.95 39.01 39.08 39.15 39.17 39.22 39.27 39.27 39.27 39.27 39.27 39.29 39.28 39.28 39.29 39.27 39.24 39.2 39.19 39.16 39.1 39.06 39.04 39.01 38.97 38.94 38.94 38.91 38.87 38.84 38.8 38.77 1.70141e38 38.62 38.59 38.33 37.8 37.39 37.06 36.47 35.85 35.47 35.21 34.77 34.33 34.03 33.86 33.67 33.62
33.58 33.58 33.58 33.62 33.68 33.71 33.73 33.85 34.08 34.24 34.49 34.91 35.38 35.6 35.81 36.29 36.68 36.99 37.38 37.81 38.08 38.28 38.46 38.54 38.58 38.63 38.7 38.79 38.85 38.9 38.96 39.04 39.1 39.12 39.16 39.21 39.22 39.22 39.22 39.22 39.23 39.22 39.22 39.22 39.22 39.2 39.16 39.13 39.09 39.02 39 39.01 39 38.96 38.93 38.92 38.89 38.86 38.82 38.79 38.74 1.70141e38 38.59 38.47 38.03 37.39 36.99 36.66 36.07 35.5 35.14 34.9 34.5 34.14 33.91 33.77 33.63 33.62
33.58 33.58 33.59 33.6 33.63 33.64 33.64 33.7 33.86 33.99 34.22 34.59 34.88 35.11 35.46 35.95 36.29 36.57 37 37.48 37.77 38.04 38.35 38.5 38.54 38.58 38.65 38.74 38.8 38.84 38.9 38.99 39.05 39.07 39.1 39.15 39.17 39.17 39.16 39.17 39.18 39.18 39.18 39.16 39.15 39.14 39.1 39.08 39.03 38.99 38.97 38.96 38.94 38.92 38.91 38.88 38.87 38.83 38.78 38.73 38.67 1.70141e38 38.48 38.26 37.66 37 36.63 36.3 35.72 35.22 34.93 34.71 34.34 33.99 33.75 33.64 33.59 33.63
33.59 33.59 33.59 33.58 33.58 33.59 33.55 33.61 33.75 33.81 34 34.32 34.53 34.79 35.18 35.67 36 36.28 36.69 37.14 37.43 37.75 38.18 38.43 38.49 38.53 38.6 38.69 38.74 38.78 38.84 38.92 38.98 39.01 39.05 39.07 39.1 39.12 39.11 39.11 39.12 39.15 39.14 39.12 39.12 39.1 39.06 39.04 39 38.94 38.92 38.92 38.91 38.88 38.84 38.83 38.84 38.8 38.74 38.68 38.61 1.70141e38 38.29 38.01 37.37 36.75 36.38 36.06 35.48 34.98 34.73 34.51 34.14 33.81 33.61 33.56 33.58 33.63
33.59 33.58 33.58 33.56 33.55 33.55 33.53 33.59 33.69 33.74 33.87 34.13 34.32 34.55 34.92 35.38 35.71 35.97 36.36 36.8 37.09 37.43 37.94 38.31 38.46 38.5 38.56 38.63 38.67 38.73 38.79 38.84 38.89 38.94 39 39.02 39.02 39.04 39.07 39.08 39.09 39.1 39.09 39.08 39.06 39.02 39 38.98 38.94 38.88 38.85 38.85 38.86 38.84 38.81 38.79 38.78 38.74 38.68 38.63 38.55 1.70141e38 38.04 37.76 37.13 36.51 36.13 35.8 35.23 34.78 34.55 34.33 33.95 33.65 33.53 33.54 33.58 33.61
33.58 33.58 33.57 33.56 33.55 33.54 33.53 33.57 33.62 33.67 33.79 33.98 34.14 34.34 34.68 35.09 35.37 35.63 36.03 36.49 36.79 37.1 37.63 38.13 38.38 38.46 38.52 38.56 38.6 38.67 38.74 38.78 38.83 38.89 38.94 38.96 38.95 38.96 39.01 39.05 39.05 39.05 39.05 39.01 38.97 38.94 38.91 38.89 38.87 38.84 38.82 38.81 38.82 38.81 38.79 38.77 38.74 38.68 38.62 38.57 38.45 1.70141e38 37.78 37.48 36.85 36.26 35.9 35.56 35 34.57 34.34 34.16 33.8 33.53 33.45 33.46 33.53 33.56
33.58 33.58 33.57 33.55 33.54 33.53 33.53 33.54 33.54 33.58 33.7 33.85 33.98 34.16 34.46 34.81 35.03 35.3 35.74 36.22 36.52 36.82 37.34 37.86 38.16 38.34 38.48 38.52 38.57 38.63 38.69 38.74 38.79 38.84 38.86 38.88 38.89 38.91 38.93 38.93 38.92 38.93 38.94 38.93 38.9 38.88 38.85 38.83 38.83 38.82 38.81 38.8 38.78 38.78 38.77 38.74 38.7 38.63 38.58 38.53 38.33 1.70141e38 37.53 37.21 36.58 36 35.61 35.31 34.79 34.41 34.21 34 33.68 33.45 33.39 33.41 33.45 33.45
33.58 33.57 33.56 33.54 33.53 33.53 33.52 33.5 33.48 33.5 33.56 33.69 33.81 33.99 34.26 34.56 34.74 35 35.45 35.89 36.17 36.51 37.07 37.47 37.78 38.17 38.42 38.47 38.51 38.58 38.65 38.7 38.72 38.76 38.78 38.79 38.81 38.84 38.84 38.84 38.85 38.87 38.87 38.86 38.85 38.84 38.82 38.79 38.79 38.8 38.78 38.77 38.75 38.75 38.73 38.71 38.66 38.59 38.55 38.48 38.19 1.70141e38 37.28 36.97 36.36 35.8 35.4 35.08 34.63 34.31 34.11 33.85 33.57 33.39 33.36 33.39 33.4 33.4
33.57 33.56 33.55 33.54 33.53 33.52 33.51 33.49 33.45 33.44 33.42 33.51 33.65 33.82 34.07 34.33 34.5 34.7 35.08 35.4 35.7 36.18 36.77 37.15 37.45 37.9 38.27 38.4 38.43 38.48 38.56 38.61 38.65 38.69 38.72 38.73 38.75 38.77 38.78 38.79 38.81 38.84 38.85 38.83 38.81 38.8 38.79 38.76 38.76 38.76 38.74 38.74 38.73 38.72 38.7 38.68 38.65 38.58 38.53 38.4 38.01 1.70141e38 37.04 36.74 36.16 35.71 35.35 34.93 34.52 34.23 34.02 33.72 33.49 33.37 33.37 33.39 33.41 33.41
33.56 33.55 33.54 33.53 33.52 33.51 33.51 33.48 33.44 33.43 33.43 33.5 33.59 33.71 33.92 34.18 34.33 34.45 34.71 34.96 35.32 35.88 36.46 36.71 36.9 37.36 37.83 38.11 38.28 38.42 38.49 38.53 38.56 38.61 38.65 38.68 38.7 38.73 38.75 38.76 38.78 38.81 38.82 38.8 38.77 38.75 38.73 38.72 38.72 38.72 38.71 38.72 38.71 38.69 38.68 38.65 38.61 38.55 38.49 38.27 37.77 1.70141e38 36.83 36.5 35.95 35.58 35.26 34.8 34.4 34.11 33.88 33.6 33.44 33.38 33.4 33.42 33.43 33.43
33.55 33.54 33.53 33.52 33.51 33.51 33.5 33.47 33.43 33.43 33.44 33.49 33.54 33.6 33.78 33.96 34.08 34.2 34.41 34.61 34.89 35.37 35.9 36.18 36.44 36.93 37.46 37.79 38.05 38.3 38.42 38.46 38.5 38.56 38.61 38.63 38.66 38.7 38.73 38.74 38.75 38.76 38.77 38.75 38.72 38.69 38.67 38.68 38.69 38.68 38.68 38.68 38.67 38.66 38.65 38.61 38.55 38.48 38.41 38.1 37.54 1.70141e38 36.72 36.27 35.73 35.38 35.08 34.64 34.23 33.88 33.61 33.37 33.34 33.36 33.41 33.44 33.45 33.45
33.55 33.54 33.52 33.51 33.51 33.5 33.49 33.46 33.43 33.43 33.45 33.47 33.52 33.57 33.64 33.71 33.79 33.92 34.16 34.36 34.6 34.99 35.43 35.75 36.08 36.61 37.16 37.49 37.78 38.14 38.35 38.43 38.47 38.52 38.56 38.59 38.62 38.64 38.66 38.69 38.71 38.71 38.71 38.71 38.69 38.66 38.65 38.66 38.66 38.66 38.66 38.67 38.66 38.61 38.58 38.57 38.51 38.43 38.26 37.81 37.24 1.70141e38 36.52 36 35.46 35.11 34.83 34.42 34.02 33.68 33.43 33.22 33.26 33.3 33.36 33.45 33.46 33.46
33.54 33.53 33.52 33.51 33.5 33.5 33.48 33.45 33.42 33.43 33.45 33.48 33.52 33.56 33.6 33.63 33.67 33.77 33.96 34.13 34.34 34.68 35.1 35.42 35.77 36.3 36.83 37.14 37.45 37.91 38.21 38.37 38.44 38.48 38.51 38.55 38.58 38.59 38.6 38.64 38.68 38.68 38.66 38.66 38.65 38.64 38.65 38.65 38.65 38.63 38.61 38.62 38.61 38.57 38.56 38.54 38.42 38.26 37.88 37.29 36.74 1.70141e38 36.14 35.69 35.18 34.83 34.58 34.19 33.85 33.64 33.47 33.28 33.27 33.28 33.34 33.44 33.48 33.48
33.53 33.52 33.51 33.49 33.48 33.48 33.46 33.44 33.42 33.43 33.46 33.49 33.52 33.56 33.6 33.62 33.63 33.68 33.82 33.93 34.09 34.39 34.79 35.07 35.42 35.96 36.47 36.76 37.1 37.61 37.94 38.18 38.37 38.44 38.48 38.52 38.55 38.57 38.59 38.61 38.62 38.6 38.6 38.61 38.62 38.64 38.65 38.63 38.61 38.6 38.58 38.57 38.56 38.5 38.43 38.33 38.05 37.77 37.43 36.9 36.37 1.70141e38 35.8 35.4 34.96 34.65 34.43 34.06 33.75 33.58 33.44 33.3 33.31 33.32 33.36 33.43 33.5 33.5
33.51 33.51 33.5 33.49 33.48 33.47 33.45 33.43 33.42 33.43 33.46 33.49 33.52 33.56 33.59 33.59 33.6 33.63 33.72 33.79 33.91 34.16 34.49 34.72 35.06 35.61 36.08 36.38 36.77 37.3 37.64 37.92 38.22 38.37 38.4 38.43 38.46 38.49 38.53 38.55 38.56 38.57 38.57 38.58 38.59 38.57 38.58 38.58 38.56 38.55 38.54 38.51 38.47 38.42 38.27 38.02 37.65 37.36 37.06 36.58 36.08 1.70141e38 35.56 35.19 34.76 34.48 34.28 33.96 33.69 33.53 33.43 33.36 33.39 33.4 33.4 33.45 33.51 33.52
33.51 33.5 33.49 33.48 33.48 33.47 33.44 33.42 33.42 33.43 33.46 33.49 33.52 33.56 33.57 33.57 33.57 33.58 33.64 33.7 33.78 33.98 34.24 34.44 34.77 35.27 35.62 35.95 36.43 36.97 37.32 37.6 37.97 38.23 38.34 38.38 38.43 38.47 38.5 38.51 38.53 38.54 38.54 38.55 38.54 38.52 38.53 38.53 38.52 38.5 38.48 38.43 38.36 38.31 38.11 37.72 37.31 37.03 36.73 36.26 35.79 1.70141e38 35.31 34.97 34.57 34.29 34.11 33.84 33.64 33.55 33.49 33.45 33.48 33.48 33.47 33.48 33.51 33.53
33.51 33.5 33.48 33.47 33.47 33.46 33.44 33.41 33.41 33.43 33.46 33.49 33.52 33.55 33.55 33.54 33.54 33.54 33.58 33.61 33.68 33.84 33.98 34.18 34.55 34.97 35.26 35.58 36.1 36.64 36.96 37.26 37.68 38.03 38.19 38.25 38.34 38.43 38.41 38.37 38.4 38.42 38.43 38.44 38.45 38.46 38.48 38.48 38.44 38.41 38.39 38.33 38.18 38.05 37.82 37.41 36.97 36.69 36.41 35.96 35.53 1.70141e38 35.1 34.77 34.4 34.15 33.96 33.68 33.54 33.54 33.55 33.53 33.55 33.54 33.53 33.53 33.53 33.55
33.5 33.49 33.48 33.47 33.46 33.45 33.43 33.41 33.41 33.43 33.47 33.49 33.52 33.53 33.53 33.52 33.51 33.5 33.53 33.58 33.66 33.76 33.82 33.96 34.26 34.66 34.94 35.24 35.74 36.27 36.59 36.87 37.28 37.59 37.68 37.83 38.08 38.23 38.26 38.26 38.29 38.28 38.3 38.33 38.34 38.36 38.38 38.37 38.33 38.3 38.23 38.1 37.86 37.66 37.42 37.04 36.62 36.35 36.09 35.69 35.3 1.70141e38 34.91 34.59 34.26 34.04 33.82 33.55 33.45 33.5 33.57 33.57 33.57 33.57 33.57 33.57 33.57 33.58
33.49 33.48 33.47 33.46 33.45 33.44 33.42 33.4 33.41 33.43 33.47 33.5 33.51 33.52 33.5 33.49 33.48 33.47 33.46 33.51 33.62 33.7 33.72 33.78 34.02 34.39 34.63 34.92 35.35 35.72 35.96 36.25 36.69 37.04 37.19 37.41 37.72 37.94 38.05 38.1 38.14 38.14 38.16 38.19 38.23 38.25 38.25 38.23 38.17 38.11 37.98 37.74 37.45 37.25 37.01 36.65 36.28 36.02 35.78 35.4 35.05 1.70141e38 34.67 34.39 34.15 33.97 33.71 33.45 33.35 33.41 33.5 33.51 33.52 33.53 33.55 33.56 33.57 33.58
33.48 33.47 33.46 33.45 33.44 33.43 33.41 33.4 33.41 33.43 33.47 33.49 33.5 33.49 33.48 33.47 33.45 33.44 33.42 33.45 33.53 33.59 33.6 33.65 33.8 34.05 34.23 34.47 34.86 35.25 35.48 35.76 36.19 36.59 36.79 37.01 37.3 37.5 37.65 37.77 37.85 37.89 37.94 37.99 38.01 38.03 38.01 37.97 37.86 37.78 37.62 37.33 37.02 36.84 36.61 36.29 35.94 35.7 35.46 35.08 34.81 1.70141e38 34.4 34.17 34 33.87 33.63 33.39 33.28 33.3 33.37 33.4 33.43 33.45 33.49 33.52 33.53 33.55
33.48 33.46 33.45 33.45 33.44 33.42 33.41 33.4 33.4 33.43 33.47 33.48 33.48 33.47 33.46 33.44 33.42 33.41 33.4 33.4 33.42 33.46 33.49 33.55 33.66 33.84 33.97 34.16 34.53 34.92 35.14 35.41 35.83 36.17 36.38 36.61 36.87 37.03 37.16 37.32 37.45 37.52 37.59 37.65 37.65 37.63 37.59 37.52 37.41 37.33 37.17 36.89 36.6 36.43 36.21 35.91 35.6 35.38 35.15 34.8 34.59 1.70141e38 34.14 33.95 33.83 33.73 33.53 33.33 33.23 33.24 33.28 33.34 33.37 33.4 33.44 33.48 33.5 33.51
33.47 33.46 33.45 33.44 33.43 33.42 33.41 33.4 33.4 33.42 33.45 33.46 33.45 33.43 33.41 33.4 33.4 33.41 33.4 33.39 33.37 33.38 33.39 33.43 33.52 33.69 33.82 34 34.32 34.67 34.88 35.12 35.51 35.78 35.98 36.23 36.46 36.59 36.7 36.86 37 37.08 37.14 37.18 37.17 37.14 37.09 37.01 36.91 36.84 36.69 36.43 36.18 36.02 35.81 35.52 35.31 35.12 34.86 34.54 34.34 1.70141e38 33.91 33.76 33.66 33.58 33.41 33.26 33.21 33.23 33.29 33.34 33.37 33.39 33.42 33.45 33.47 33.48
33.46 33.45 33.44 33.43 33.42 33.41 33.4 33.4 33.4 33.42 33.42 33.42 33.41 33.39 33.38 33.4 33.43 33.43 33.4 33.39 33.37 33.36 33.35 33.36 33.4 33.54 33.67 33.85 34.13 34.4 34.59 34.84 35.19 35.44 35.62 35.86 36.07 36.17 36.27 36.41 36.55 36.61 36.67 36.72 36.67 36.62 36.6 36.53 36.41 36.34 36.22 36.01 35.85 35.66 35.41 35.16 34.97 34.79 34.53 34.22 34.03 1.70141e38 33.71 33.6 33.53 33.46 33.33 33.22 33.21 33.24 33.29 33.32 33.34 33.36 33.39 33.41 33.43 33.45
33.45 33.44 33.43 33.42 33.41 33.4 33.39 33.38 33.38 33.39 33.39 33.39 33.39 33.41 33.43 33.46 33.46 33.43 33.4 33.39 33.38 33.36 33.35 33.34 33.34 33.41 33.5 33.7 33.97 34.13 34.29 34.56 34.89 35.1 35.27 35.5 35.68 35.77 35.85 35.99 36.11 36.18 36.22 36.26 36.21 36.15 36.15 36.08 35.93 35.85 35.77 35.61 35.5 35.15 34.8 34.65 34.53 34.37 34.15 33.94 33.83 1.70141e38 33.56 33.47 33.42 33.38 33.27 33.21 33.21 33.23 33.27 33.29 33.31 33.33 33.36 33.37 33.39 33.42
33.45 33.43 33.42 33.41 33.4 33.39 33.38 33.37 33.37 33.38 33.37 33.38 33.42 33.47 33.51 33.51 33.47 33.43 33.41 33.4 33.39 33.37 33.36 33.35 33.33 33.33 33.37 33.57 33.84 33.97 34.09 34.31 34.58 34.76 34.91 35.15 35.32 35.37 35.46 35.65 35.77 35.78 35.81 35.8 35.73 35.68 35.67 35.61 35.36 35.14 35.02 34.88 34.8 34.6 34.4 34.31 34.22 34.07 33.88 33.74 33.68 1.70141e38 33.49 33.39 33.33 33.28 33.22 33.19 33.19 33.21 33.24 33.26 33.27 33.3 33.33 33.35 33.37 33.4
33.44 33.42 33.41 33.41 33.4 33.38 33.37 33.37 33.37 33.38 33.4 33.43 33.5 33.55 33.56 33.52 33.46 33.43 33.42 33.41 33.39 33.37 33.36 33.35 33.33 33.31 33.31 33.48 33.7 33.81 33.94 34.11 34.29 34.43 34.58 34.8 34.94 34.98 35.08 35.25 35.36 35.41 35.43 35.3 35.07 34.95 34.91 34.85 34.71 34.63 34.55 34.41 34.33 34.24 34.14 34.06 33.99 33.9 33.76 33.65 33.6 1.70141e38 33.45 33.35 33.28 33.24 33.18 33.17 33.17 33.19 33.22 33.24 33.25 33.28 33.32 33.33 33.35 33.38
