slabs/29.grd
DSAA
631 301
643260 643890
4948400 4948700
33.59 46.9
[rows 136 to 169 of 300, columns 234 to 311 of 631]
42.33 42.4 42.52 42.69 42.79 42.81 42.79 42.76 42.74 42.73 42.72 42.71 42.68 42.67 42.67 42.65 42.63 42.55 42.35 42.15 42.05 41.98 42.04 42.19 42.24 42.3 42.37 42.43 42.47 42.46 42.43 42.39 42.36 42.33 42.32 42.32 42.3 42.32 42.37 42.42 42.46 42.44 42.41 42.42 42.41 42.41 42.4 42.39 42.4 42.41 42.4 42.39 42.38 1.70141e38 42.38 42.36 42.37 42.37 42.35 42.35 42.39 42.44 42.51 42.54 42.53 42.46 42.41 42.41 42.39 42.35 42.32 42.32 42.33 42.36 42.38 42.37 42.34 42.35
42.53 42.67 42.76 42.82 42.81 42.78 42.76 42.74 42.74 42.73 42.72 42.7 42.68 42.67 42.63 42.5 42.39 42.25 42.04 42 42.05 42.12 42.21 42.3 42.34 42.42 42.48 42.48 42.48 42.45 42.39 42.33 42.3 42.29 42.31 42.34 42.33 42.35 42.4 42.41 42.42 42.41 42.41 42.42 42.4 42.39 42.4 42.4 42.4 42.41 42.4 42.4 42.41 1.70141e38 42.35 42.34 42.35 42.37 42.39 42.43 42.47 42.49 42.54 42.54 42.49 42.4 42.37 42.36 42.34 42.32 42.3 42.3 42.31 42.33 42.36 42.35 42.33 42.34
42.74 42.83 42.84 42.82 42.79 42.77 42.75 42.74 42.73 42.71 42.7 42.68 42.65 42.59 42.43 42.2 42.05 41.99 42.02 42.14 42.2 42.23 42.3 42.41 42.48 42.52 42.51 42.44 42.41 42.38 42.36 42.35 42.31 42.29 42.32 42.36 42.36 42.37 42.39 42.38 42.37 42.39 42.41 42.4 42.38 42.39 42.4 42.4 42.4 42.39 42.39 42.4 42.42 1.70141e38 42.34 42.36 42.4 42.45 42.49 42.52 42.52 42.49 42.51 42.5 42.43 42.38 42.37 42.35 42.32 42.3 42.3 42.3 42.3 42.31 42.32 42.33 42.32 42.32
42.82 42.83 42.81 42.79 42.78 42.77 42.75 42.74 42.74 42.7 42.68 42.59 42.47 42.3 42.06 42 42.05 42.17 42.26 42.3 42.34 42.36 42.44 42.53 42.57 42.53 42.45 42.37 42.34 42.34 42.36 42.38 42.37 42.37 42.38 42.39 42.39 42.38 42.37 42.36 42.36 42.38 42.38 42.36 42.36 42.38 42.38 42.39 42.38 42.38 42.38 42.37 42.38 1.70141e38 42.34 42.4 42.49 42.54 42.56 42.52 42.46 42.43 42.43 42.41 42.36 42.34 42.35 42.34 42.33 42.31 42.31 42.31 42.3 42.3 42.31 42.31 42.31 42.32
42.82 42.82 42.8 42.78 42.78 42.76 42.73 42.72 42.72 42.68 42.56 42.34 42.15 41.96 41.95 42.14 42.22 42.29 42.36 42.44 42.53 42.55 42.56 42.55 42.49 42.44 42.43 42.41 42.4 42.4 42.39 42.39 42.4 42.41 42.41 42.41 42.39 42.36 42.35 42.37 42.38 42.39 42.39 42.37 42.35 42.34 42.36 42.36 42.37 42.37 42.37 42.36 42.35 1.70141e38 42.38 42.43 42.5 42.51 42.5 42.45 42.39 42.37 42.35 42.34 42.32 42.32 42.35 42.35 42.33 42.31 42.29 42.29 42.29 42.3 42.31 42.32 42.33 42.34
42.81 42.82 42.81 42.78 42.76 42.74 42.72 42.68 42.63 42.49 42.22 41.99 41.9 41.97 42.14 42.24 42.25 42.34 42.47 42.51 42.5 42.49 42.47 42.44 42.41 42.42 42.45 42.44 42.44 42.45 42.44 42.43 42.41 42.4 42.41 42.42 42.4 42.37 42.37 42.39 42.39 42.37 42.38 42.4 42.36 42.33 42.34 42.34 42.37 42.38 42.35 42.36 42.37 1.70141e38 42.41 42.42 42.43 42.42 42.41 42.38 42.34 42.32 42.3 42.3 42.29 42.31 42.34 42.33 42.31 42.28 42.25 42.25 42.26 42.28 42.29 42.32 42.36 42.39
42.81 42.81 42.78 42.76 42.75 42.74 42.66 42.46 42.28 42.06 41.91 41.95 41.99 42.1 42.31 42.44 42.47 42.5 42.52 42.48 42.42 42.4 42.39 42.38 42.39 42.44 42.47 42.47 42.44 42.44 42.44 42.44 42.42 42.4 42.41 42.45 42.42 42.38 42.37 42.38 42.38 42.35 42.35 42.38 42.37 42.36 42.37 42.36 42.38 42.39 42.37 42.37 42.39 1.70141e38 42.41 42.39 42.37 42.37 42.36 42.34 42.3 42.28 42.27 42.28 42.28 42.28 42.28 42.27 42.26 42.25 42.23 42.23 42.25 42.27 42.29 42.33 42.38 42.41
42.83 42.82 42.8 42.76 42.74 42.64 42.36 42.06 41.91 41.96 42.08 42.23 42.34 42.4 42.47 42.52 42.54 42.53 42.48 42.42 42.39 42.39 42.41 42.44 42.46 42.47 42.49 42.5 42.45 42.4 42.4 42.4 42.4 42.38 42.42 42.45 42.42 42.36 42.34 42.35 42.36 42.34 42.35 42.38 42.39 42.38 42.38 42.4 42.4 42.39 42.4 42.4 42.42 42.43 42.4 42.37 42.35 42.35 42.34 42.31 42.27 42.26 42.26 42.27 42.27 42.26 42.24 42.23 42.22 42.23 42.22 42.24 42.27 42.28 42.3 42.34 42.38 42.4
42.81 42.8 42.76 42.64 42.33 42.08 42.05 42.07 42.09 42.16 42.3 42.49 42.61 42.59 42.53 42.51 42.48 42.45 42.43 42.42 42.41 42.44 42.48 42.5 42.49 42.47 42.48 42.5 42.44 42.39 42.39 42.38 42.36 42.37 42.42 42.43 42.4 42.35 42.35 42.37 42.35 42.33 42.34 42.36 42.36 42.32 42.27 42.32 42.41 42.43 42.43 42.42 42.41 42.42 42.39 42.35 42.33 42.32 42.31 42.3 42.27 42.25 42.25 42.26 42.25 42.25 42.23 42.2 42.21 42.22 42.23 42.25 42.28 42.3 42.3 42.33 42.36 42.39
42.57 42.41 42.24 42.17 42.05 41.98 42.07 42.2 42.28 42.36 42.48 42.58 42.64 42.6 42.51 42.45 42.42 42.4 42.42 42.45 42.46 42.49 42.5 42.48 42.46 42.45 42.46 42.45 42.41 42.39 42.4 42.38 42.36 42.37 42.38 42.37 42.36 42.35 42.36 42.36 42.35 42.38 42.41 42.4 42.36 42.34 42.35 42.37 42.42 42.42 42.4 42.38 42.36 42.36 42.34 42.32 42.3 42.28 42.27 42.27 42.25 42.23 42.23 42.23 42.22 42.22 42.22 42.2 42.21 42.23 42.23 42.25 42.27 42.29 42.3 42.31 42.34 42.37
42.13 42.02 42.05 42.13 42.1 42.14 42.26 42.39 42.48 42.53 42.57 42.55 42.55 42.52 42.45 42.41 42.4 42.4 42.43 42.47 42.48 42.51 42.49 42.43 42.43 42.43 42.43 42.42 42.41 42.41 42.41 42.41 42.37 42.33 42.32 42.31 42.34 42.37 42.36 42.34 42.34 42.37 42.38 42.38 42.38 42.39 42.39 42.39 42.39 42.37 42.35 42.34 1.70141e38 42.31 42.31 42.3 42.3 42.29 42.27 42.24 42.22 42.2 42.2 42.2 42.19 42.2 42.21 42.21 42.21 42.23 42.23 42.24 42.26 42.29 42.29 42.31 42.35 42.38
41.95 42.04 42.22 42.29 42.27 42.34 42.47 42.58 42.63 42.6 42.54 42.48 42.46 42.44 42.43 42.43 42.42 42.42 42.44 42.48 42.49 42.5 42.47 42.43 42.42 42.41 42.42 42.43 42.41 42.41 42.42 42.41 42.38 42.35 42.35 42.33 42.34 42.33 42.29 42.29 42.33 42.34 42.32 42.32 42.34 42.37 42.39 42.38 42.35 42.34 42.33 42.33 1.70141e38 42.29 42.29 42.3 42.3 42.29 42.27 42.23 42.21 42.18 42.18 42.18 42.17 42.18 42.19 42.2 42.21 42.23 42.23 42.23 42.26 42.28 42.29 42.32 42.35 42.38
42.15 42.27 42.4 42.45 42.48 42.54 42.61 42.64 42.62 42.55 42.46 42.42 42.4 42.43 42.45 42.44 42.45 42.47 42.47 42.47 42.47 42.45 42.42 42.39 42.37 42.37 42.4 42.43 42.42 42.39 42.35 42.32 42.33 42.36 42.34 42.31 42.32 42.33 42.31 42.33 42.39 42.37 42.31 42.32 42.34 42.36 42.38 42.37 42.33 42.31 42.31 42.31 1.70141e38 42.28 42.28 42.28 42.27 42.27 42.25 42.22 42.19 42.17 42.17 42.17 42.17 42.16 42.18 42.21 42.21 42.22 42.22 42.24 42.28 42.29 42.3 42.32 42.34 42.36
42.37 42.43 42.53 42.61 42.65 42.66 42.63 42.59 42.55 42.48 42.43 42.4 42.39 42.45 42.51 42.49 42.48 42.49 42.47 42.44 42.43 42.4 42.39 42.41 42.42 42.43 42.44 42.43 42.4 42.37 42.35 42.32 42.33 42.34 42.34 42.32 42.32 42.38 42.4 42.43 42.45 42.39 42.33 42.34 42.37 42.36 42.35 42.34 42.3 42.27 42.28 42.28 1.70141e38 42.28 42.27 42.26 42.25 42.25 42.24 42.2 42.18 42.17 42.17 42.17 42.18 42.17 42.18 42.19 42.2 42.21 42.21 42.24 42.29 42.3 42.3 42.32 42.33 42.34
42.45 42.55 42.67 42.7 42.68 42.64 42.54 42.46 42.44 42.43 42.43 42.41 42.42 42.5 42.55 42.55 42.52 42.49 42.46 42.43 42.42 42.38 42.37 42.38 42.4 42.42 42.42 42.41 42.38 42.37 42.35 42.33 42.32 42.34 42.35 42.34 42.35 42.42 42.46 42.47 42.43 42.37 42.34 42.35 42.34 42.32 42.31 42.3 42.27 42.25 42.25 42.27 1.70141e38 42.26 42.25 42.23 42.22 42.21 42.21 42.19 42.18 42.18 42.18 42.16 42.17 42.17 42.17 42.17 42.19 42.2 42.2 42.22 42.27 42.28 42.29 42.32 42.32 42.33
42.63 42.73 42.75 42.69 42.62 42.54 42.44 42.39 42.41 42.43 42.46 42.49 42.52 42.57 42.57 42.54 42.51 42.46 42.44 42.44 42.42 42.4 42.41 42.39 42.39 42.41 42.4 42.37 42.34 42.33 42.31 42.32 42.32 42.3 42.28 42.27 42.31 42.4 42.47 42.46 42.39 42.34 42.32 42.31 42.29 42.27 42.28 42.29 42.27 42.25 42.25 42.26 1.70141e38 42.22 42.22 42.22 42.21 42.19 42.19 42.19 42.19 42.19 42.18 42.16 42.17 42.17 42.16 42.17 42.19 42.19 42.2 42.21 42.23 42.25 42.28 42.3 42.29 42.31
42.78 42.78 42.71 42.61 42.53 42.47 42.45 42.45 42.45 42.45 42.49 42.52 42.54 42.57 42.52 42.46 42.45 42.45 42.45 42.43 42.43 42.44 42.44 42.42 42.38 42.36 42.37 42.35 42.32 42.3 42.29 42.3 42.3 42.24 42.19 42.17 42.21 42.34 42.41 42.39 42.33 42.28 42.27 42.26 42.24 42.24 42.26 42.28 42.26 42.23 42.23 42.22 1.70141e38 42.2 42.2 42.21 42.21 42.2 42.19 42.2 42.19 42.18 42.17 42.18 42.18 42.17 42.16 42.18 42.19 42.2 42.21 42.21 42.22 42.24 42.27 42.3 42.31 42.31
42.77 42.69 42.6 42.54 42.49 42.47 42.48 42.5 42.49 42.49 42.49 42.48 42.49 42.5 42.48 42.47 42.46 42.45 42.45 42.43 42.42 42.44 42.45 42.42 42.36 42.33 42.34 42.34 42.31 42.29 42.29 42.28 42.28 42.23 42.16 42.12 42.15 42.26 42.32 42.28 42.24 42.25 42.27 42.25 42.24 42.24 42.26 42.25 42.24 42.24 42.23 42.22 1.70141e38 42.19 42.2 42.21 42.21 42.2 42.19 42.19 42.18 42.16 42.17 42.18 42.18 42.16 42.15 42.17 42.18 42.2 42.21 42.2 42.22 42.23 42.26 42.3 42.32 42.31
42.64 42.58 42.56 42.54 42.53 42.51 42.52 42.54 42.55 42.52 42.48 42.46 42.47 42.49 42.5 42.49 42.46 42.45 42.44 42.41 42.41 42.42 42.41 42.38 42.33 42.31 42.32 42.32 42.3 42.29 42.29 42.3 42.31 42.26 42.21 42.17 42.16 42.2 42.23 42.19 42.19 42.24 42.25 42.24 42.23 42.23 42.22 42.21 42.2 42.19 42.19 42.2 1.70141e38 42.2 42.2 42.21 42.21 42.21 42.19 42.18 42.18 42.18 42.18 42.17 42.17 42.17 42.18 42.18 42.19 42.2 42.21 42.2 42.21 42.22 42.23 42.26 42.28 42.28
42.55 42.55 42.56 42.57 42.55 42.53 42.55 42.55 42.55 42.52 42.5 42.5 42.49 42.5 42.49 42.48 42.45 42.42 42.41 42.39 42.38 42.38 42.37 42.34 42.3 42.31 42.34 42.33 42.3 42.3 42.32 42.33 42.33 42.29 42.25 42.22 42.2 42.19 42.19 42.2 42.22 42.24 42.24 42.23 42.22 42.21 42.2 42.19 42.17 42.16 42.18 42.19 1.70141e38 42.19 42.2 42.21 42.22 42.22 42.2 42.19 42.2 42.21 42.2 42.17 42.16 42.18 42.19 42.18 42.19 42.2 42.2 42.2 42.21 42.22 42.22 42.24 42.26 42.26
42.57 42.57 42.56 42.58 42.56 42.53 42.51 42.5 42.5 42.51 42.53 42.54 42.53 42.51 42.48 42.46 42.43 42.39 42.37 42.36 42.35 42.36 42.36 42.35 42.34 42.37 42.41 42.4 42.34 42.32 42.33 42.33 42.31 42.29 42.25 42.22 42.24 42.25 42.23 42.22 42.23 42.24 42.22 42.2 42.18 42.16 42.16 42.16 42.16 42.15 42.16 42.19 1.70141e38 42.18 42.2 42.21 42.21 42.2 42.2 42.2 42.21 42.22 42.23 42.19 42.17 42.18 42.19 42.17 42.17 42.18 42.2 42.21 42.21 42.21 42.22 42.25 42.26 42.25
42.6 42.59 42.58 42.58 42.57 42.53 42.48 42.49 42.5 42.5 42.52 42.53 42.53 42.5 42.47 42.43 42.38 42.34 42.32 42.33 42.35 42.38 42.42 42.42 42.44 42.47 42.47 42.43 42.35 42.32 42.3 42.25 42.23 42.23 42.22 42.2 42.22 42.24 42.24 42.23 42.21 42.21 42.19 42.18 42.17 42.15 42.15 42.16 42.15 42.14 42.15 42.17 1.70141e38 42.19 42.21 42.21 42.2 42.2 42.21 42.24 42.26 42.26 42.24 42.2 42.17 42.18 42.19 42.17 42.16 42.17 42.2 42.21 42.2 42.21 42.24 42.26 42.27 42.25
42.61 42.6 42.58 42.57 42.56 42.54 42.51 42.53 42.52 42.49 42.5 42.51 42.5 42.46 42.44 42.41 42.36 42.32 42.31 42.33 42.37 42.44 42.49 42.48 42.47 42.43 42.37 42.35 42.33 42.32 42.29 42.23 42.22 42.24 42.24 42.23 42.24 42.26 42.24 42.2 42.17 42.17 42.17 42.18 42.17 42.16 42.16 42.17 42.18 42.17 42.16 42.17 1.70141e38 42.21 42.22 42.21 42.21 42.21 42.24 42.27 42.29 42.26 42.23 42.21 42.18 42.19 42.2 42.18 42.17 42.19 42.2 42.19 42.19 42.21 42.24 42.25 42.25 42.24
42.6 42.58 42.56 42.56 42.56 42.56 42.56 42.56 42.52 42.49 42.52 42.53 42.51 42.47 42.44 42.4 42.33 42.32 42.35 42.37 42.42 42.45 42.44 42.4 42.37 42.37 42.35 42.31 42.28 42.26 42.26 42.26 42.25 42.24 42.25 42.26 42.24 42.24 42.22 42.19 42.17 42.16 42.16 42.17 42.17 42.17 42.16 42.17 42.18 42.18 42.17 42.17 1.70141e38 42.19 42.22 42.22 42.22 42.24 42.25 42.24 42.24 42.23 42.23 42.23 42.21 42.21 42.21 42.2 42.19 42.21 42.21 42.18 42.18 42.21 42.22 42.22 42.22 42.23
42.57 42.56 42.55 42.56 42.59 42.58 42.57 42.56 42.52 42.49 42.51 42.52 42.49 42.42 42.38 42.37 42.35 42.37 42.42 42.46 42.46 42.42 42.38 42.35 42.31 42.28 42.25 42.23 42.24 42.23 42.24 42.25 42.25 42.23 42.25 42.25 42.22 42.21 42.19 42.19 42.19 42.17 42.16 42.17 42.18 42.19 42.19 42.18 42.18 42.18 42.17 42.17 1.70141e38 42.19 42.22 42.22 42.23 42.24 42.25 42.23 42.22 42.22 42.23 42.24 42.24 42.23 42.22 42.23 42.22 42.2 42.2 42.17 42.17 42.2 42.22 42.2 42.2 42.22
42.54 42.55 42.56 42.58 42.59 42.56 42.55 42.54 42.51 42.49 42.49 42.47 42.43 42.39 42.39 42.39 42.38 42.42 42.47 42.46 42.39 42.33 42.3 42.26 42.23 42.21 42.2 42.22 42.24 42.25 42.25 42.24 42.24 42.23 42.23 42.22 42.19 42.18 42.17 42.18 42.2 42.2 42.18 42.17 42.18 42.19 42.2 42.19 42.19 42.18 42.16 42.17 1.70141e38 42.19 42.21 42.22 42.23 42.24 42.24 42.24 42.23 42.24 42.25 42.25 42.24 42.23 42.22 42.23 42.23 42.2 42.18 42.17 42.18 42.21 42.23 42.21 42.21 42.22
42.57 42.6 42.61 42.6 42.56 42.54 42.54 42.54 42.53 42.51 42.5 42.47 42.42 42.41 42.41 42.41 42.38 42.38 42.39 42.37 42.32 42.28 42.25 42.22 42.2 42.2 42.21 42.22 42.24 42.25 42.24 42.23 42.21 42.19 42.18 42.18 42.19 42.18 42.17 42.19 42.21 42.22 42.2 42.17 42.17 42.18 42.19 42.17 42.17 42.16 42.16 42.17 1.70141e38 42.19 42.2 42.22 42.23 42.23 42.23 42.23 42.23 42.24 42.25 42.24 42.23 42.23 42.22 42.2 42.21 42.21 42.19 42.18 42.19 42.2 42.23 42.24 42.24 42.23
42.62 42.61 42.63 42.61 42.57 42.54 42.52 42.51 42.5 42.47 42.45 42.43 42.41 42.41 42.4 42.38 42.35 42.34 42.33 42.3 42.26 42.24 42.23 42.21 42.2 42.2 42.21 42.22 42.22 42.22 42.22 42.2 42.18 42.17 42.15 42.17 42.18 42.17 42.17 42.19 42.21 42.2 42.19 42.18 42.17 42.16 42.16 42.17 42.17 42.15 42.14 42.17 1.70141e38 42.19 42.2 42.22 42.25 42.24 42.23 42.23 42.22 42.23 42.23 42.22 42.23 42.24 42.22 42.2 42.2 42.2 42.2 42.21 42.21 42.2 42.23 42.26 42.26 42.24
42.61 42.6 42.59 42.57 42.54 42.53 42.52 42.51 42.49 42.44 42.4 42.4 42.4 42.41 42.38 42.35 42.32 42.28 42.27 42.24 42.22 42.21 42.22 42.22 42.21 42.21 42.21 42.2 42.2 42.19 42.19 42.17 42.17 42.19 42.18 42.17 42.17 42.17 42.18 42.19 42.18 42.2 42.21 42.19 42.18 42.18 42.18 42.17 42.16 42.15 42.15 42.17 1.70141e38 42.19 42.2 42.22 42.25 42.26 42.24 42.23 42.23 42.24 42.24 42.22 42.22 42.23 42.23 42.23 42.21 42.18 42.2 42.22 42.22 42.2 42.21 42.25 42.25 42.23
42.59 42.6 42.58 42.59 42.58 42.54 42.5 42.49 42.49 42.49 42.43 42.37 42.37 42.39 42.36 42.32 42.28 42.24 42.22 42.21 42.22 42.22 42.23 42.23 42.22 42.21 42.18 42.15 42.16 42.19 42.16 42.14 42.14 42.17 42.18 42.17 42.16 42.17 42.18 42.18 42.17 42.19 42.21 42.2 42.2 42.2 42.2 42.19 42.17 42.18 42.17 42.17 1.70141e38 42.2 42.21 42.22 42.24 42.26 42.24 42.24 42.25 42.26 42.25 42.23 42.22 42.22 42.23 42.22 42.21 42.18 42.18 42.2 42.2 42.2 42.21 42.23 42.23 42.23
42.61 42.63 42.6 42.62 42.63 42.6 42.55 42.49 42.46 42.46 42.41 42.34 42.33 42.33 42.3 42.26 42.24 42.22 42.21 42.21 42.22 42.23 42.23 42.22 42.19 42.16 42.15 42.13 42.15 42.18 42.17 42.15 42.15 42.16 42.17 42.16 42.15 42.17 42.18 42.17 42.17 42.18 42.19 42.2 42.2 42.2 42.2 42.19 42.19 42.18 42.17 42.17 1.70141e38 42.2 42.2 42.22 42.23 42.24 42.25 42.25 42.25 42.26 42.25 42.23 42.22 42.23 42.23 42.21 42.2 42.2 42.19 42.19 42.19 42.2 42.21 42.2 42.21 42.23
42.63 42.63 42.63 42.64 42.63 42.61 42.57 42.48 42.42 42.41 42.38 42.32 42.28 42.26 42.24 42.22 42.23 42.22 42.21 42.22 42.22 42.21 42.19 42.17 42.16 42.15 42.15 42.15 42.14 42.15 42.16 42.15 42.13 42.16 42.17 42.15 42.15 42.17 42.18 42.17 42.17 42.19 42.21 42.2 42.2 42.2 42.2 42.2 42.19 42.19 42.19 42.18 1.70141e38 42.19 42.19 42.19 42.22 42.25 42.27 42.28 42.27 42.25 42.23 42.23 42.23 42.24 42.24 42.21 42.2 42.2 42.2 42.2 42.21 42.21 42.2 42.19 42.2 42.22
42.66 42.65 42.67 42.69 42.63 42.56 42.52 42.45 42.38 42.37 42.36 42.3 42.26 42.25 42.23 42.21 42.22 42.22 42.22 42.22 42.19 42.17 42.16 42.15 42.14 42.14 42.15 42.15 42.16 42.15 42.15 42.15 42.15 42.15 42.15 42.15 42.15 42.16 42.17 42.17 42.17 42.19 42.19 42.2 42.22 42.22 42.21 42.2 42.19 42.19 42.19 42.2 1.70141e38 42.19 42.2 42.21 42.23 42.26 42.28 42.3 42.28 42.25 42.22 42.21 42.22 42.24 42.24 42.22 42.21 42.21 42.21 42.22 42.24 42.22 42.2 42.19 42.2 42.22
42.72 42.71 42.73 42.74 42.63 42.53 42.5 42.43 42.34 42.3 42.32 42.29 42.25 42.25 42.24 42.23 42.24 42.24 42.22 42.19 42.16 42.13 42.12 42.12 42.14 42.14 42.15 42.16 42.18 42.16 42.15 42.16 42.16 42.16 42.15 42.15 42.15 42.16 42.16 42.17 42.19 42.2 42.19 42.18 42.2 42.21 42.19 42.17 42.19 42.2 42.2 42.21 1.70141e38 42.2 42.22 42.24 42.24 42.25 42.26 42.28 42.28 42.27 42.23 42.2 42.21 42.24 42.24 42.22 42.22 42.22 42.2 42.22 42.23 42.21 42.19 42.19 42.2 42.23
