slabs/29.grd
DSAA
631 301
643260 643890
4948400 4948700
33.59 46.9
[rows 204 to 237 of 300, columns 234 to 311 of 631]
42.22 42.21 42.21 42.21 42.2 42.18 42.18 42.18 42.17 42.16 42.16 42.18 42.23 42.25 42.26 42.26 42.27 42.27 42.28 42.29 42.29 42.28 42.27 42.22 42.19 42.18 42.13 42.09 42.09 42.1 42.09 42.07 42.06 42.08 42.13 42.16 42.16 42.18 42.19 42.19 42.19 42.18 42.16 42.14 42.12 42.12 42.14 42.16 42.17 42.19 42.2 1.70141e38 42.19 42.2 42.21 42.21 42.21 42.22 42.23 42.24 42.23 42.23 42.23 42.22 42.21 42.22 42.24 42.25 42.24 42.24 42.25 42.24 42.23 42.24 42.25 42.26 42.26 42.27
42.33 42.3 42.28 42.26 42.23 42.2 42.2 42.23 42.23 42.21 42.21 42.23 42.26 42.27 42.29 42.3 42.29 42.29 42.3 42.29 42.27 42.25 42.24 42.22 42.18 42.17 42.13 42.09 42.07 42.1 42.09 42.05 42.03 42.05 42.11 42.16 42.17 42.18 42.19 42.19 42.2 42.18 42.16 42.16 42.15 42.15 42.17 42.19 42.18 42.19 42.2 1.70141e38 42.18 42.2 42.21 42.21 42.21 42.22 42.23 42.23 42.22 42.21 42.21 42.21 42.22 42.24 42.26 42.27 42.26 42.25 42.26 42.26 42.25 42.24 42.24 42.25 42.25 42.27
42.39 42.37 42.35 42.32 42.28 42.25 42.24 42.26 42.26 42.25 42.25 42.27 42.28 42.28 42.3 42.3 42.29 42.29 42.3 42.29 42.27 42.24 42.22 42.21 42.18 42.15 42.13 42.1 42.08 42.09 42.09 42.08 42.07 42.06 42.08 42.14 42.17 42.18 42.19 42.19 42.18 42.18 42.17 42.17 42.16 42.15 42.16 42.16 42.17 42.2 42.21 1.70141e38 42.19 42.19 42.2 42.21 42.21 42.21 42.22 42.22 42.21 42.2 42.21 42.22 42.24 42.25 42.23 42.23 42.25 42.26 42.25 42.26 42.26 42.24 42.24 42.24 42.25 42.27
42.44 42.44 42.41 42.36 42.33 42.31 42.3 42.3 42.3 42.3 42.3 42.31 42.32 42.32 42.31 42.3 42.29 42.29 42.27 42.27 42.25 42.23 42.22 42.22 42.2 42.16 42.12 42.1 42.09 42.07 42.07 42.08 42.08 42.06 42.07 42.12 42.15 42.17 42.2 42.2 42.2 42.19 42.17 42.17 42.16 42.15 42.16 42.15 42.17 42.2 42.21 1.70141e38 42.2 42.21 42.22 42.23 42.22 42.2 42.22 42.23 42.21 42.2 42.21 42.23 42.24 42.24 42.23 42.23 42.26 42.27 42.25 42.26 42.26 42.25 42.25 42.25 42.27 42.27
42.48 42.48 42.44 42.39 42.36 42.34 42.34 42.33 42.33 42.35 42.34 42.33 42.35 42.37 42.34 42.29 42.29 42.28 42.25 42.24 42.25 42.24 42.21 42.22 42.23 42.19 42.14 42.13 42.11 42.08 42.08 42.09 42.08 42.07 42.06 42.05 42.09 42.15 42.18 42.19 42.19 42.19 42.17 42.16 42.17 42.17 42.16 42.17 42.17 42.17 42.2 1.70141e38 42.21 42.22 42.24 42.25 42.23 42.2 42.2 42.21 42.21 42.22 42.22 42.24 42.25 42.25 42.24 42.24 42.26 42.28 42.26 42.27 42.26 42.25 42.26 42.26 42.27 42.27
42.5 42.46 42.44 42.42 42.38 42.34 42.34 42.35 42.35 42.35 42.34 42.33 42.33 42.39 42.35 42.26 42.24 42.24 42.23 42.22 42.23 42.23 42.21 42.2 42.21 42.2 42.16 42.13 42.12 42.1 42.07 42.07 42.09 42.08 42.06 42.04 42.06 42.11 42.15 42.16 42.18 42.19 42.18 42.15 42.17 42.18 42.17 42.18 42.17 42.17 42.2 1.70141e38 42.22 42.23 42.24 42.24 42.22 42.2 42.19 42.2 42.22 42.23 42.22 42.24 42.27 42.26 42.26 42.25 42.26 42.27 42.27 42.27 42.27 42.26 42.26 42.26 42.26 42.27
42.51 42.48 42.47 42.44 42.4 42.36 42.37 42.36 42.35 42.33 42.35 42.35 42.33 42.35 42.33 42.28 42.25 42.24 42.23 42.21 42.21 42.2 42.19 42.17 42.16 42.18 42.18 42.15 42.12 42.11 42.08 42.06 42.06 42.06 42.06 42.04 42.05 42.09 42.14 42.17 42.19 42.2 42.18 42.16 42.18 42.19 42.17 42.17 42.18 42.18 42.2 1.70141e38 42.22 42.22 42.21 42.21 42.2 42.19 42.18 42.19 42.22 42.23 42.23 42.23 42.24 42.25 42.27 42.27 42.26 42.25 42.25 42.25 42.25 42.26 42.27 42.27 42.27 42.27
42.53 42.51 42.49 42.47 42.44 42.4 42.39 42.37 42.34 42.34 42.35 42.35 42.34 42.34 42.34 42.32 42.28 42.27 42.26 42.22 42.19 42.2 42.21 42.18 42.15 42.18 42.2 42.2 42.16 42.12 42.1 42.08 42.05 42.05 42.07 42.07 42.06 42.08 42.12 42.15 42.17 42.18 42.18 42.19 42.19 42.19 42.17 42.17 42.17 42.18 42.19 1.70141e38 42.22 42.22 42.21 42.21 42.2 42.2 42.19 42.2 42.22 42.23 42.25 42.24 42.23 42.24 42.27 42.28 42.27 42.24 42.23 42.24 42.25 42.26 42.26 42.27 42.28 42.27
42.57 42.55 42.53 42.52 42.53 42.47 42.4 42.36 42.35 42.34 42.33 42.33 42.33 42.34 42.34 42.32 42.29 42.27 42.26 42.24 42.22 42.21 42.21 42.21 42.2 42.19 42.2 42.22 42.19 42.14 42.1 42.08 42.05 42.05 42.08 42.1 42.08 42.07 42.09 42.1 42.12 42.15 42.18 42.19 42.19 42.19 42.19 42.19 42.18 42.17 42.18 1.70141e38 42.21 42.21 42.2 42.2 42.2 42.2 42.2 42.21 42.22 42.23 42.25 42.25 42.25 42.28 42.29 42.29 42.26 42.23 42.23 42.25 42.27 42.28 42.28 42.28 42.3 42.29
42.61 42.6 42.55 42.52 42.54 42.49 42.42 42.38 42.36 42.34 42.31 42.32 42.33 42.34 42.33 42.31 42.3 42.29 42.27 42.25 42.24 42.22 42.21 42.21 42.21 42.19 42.18 42.2 42.2 42.16 42.11 42.08 42.06 42.06 42.09 42.12 42.1 42.06 42.05 42.06 42.09 42.13 42.17 42.19 42.2 42.18 42.18 42.2 42.2 42.19 42.2 1.70141e38 42.21 42.2 42.19 42.2 42.22 42.21 42.2 42.21 42.23 42.22 42.22 42.23 42.27 42.29 42.28 42.27 42.26 42.24 42.24 42.27 42.29 42.29 42.29 42.28 42.28 42.28
42.6 42.59 42.55 42.52 42.51 42.47 42.42 42.38 42.33 42.31 42.31 42.3 42.3 42.32 42.33 42.31 42.32 42.31 42.28 42.25 42.23 42.21 42.2 42.18 42.19 42.19 42.18 42.19 42.19 42.18 42.15 42.12 42.11 42.08 42.08 42.09 42.08 42.05 42.03 42.03 42.06 42.12 42.16 42.18 42.19 42.19 42.19 42.2 42.2 42.18 42.18 1.70141e38 42.19 42.2 42.2 42.21 42.23 42.22 42.23 42.22 42.22 42.22 42.21 42.23 42.27 42.27 42.25 42.24 42.24 42.24 42.24 42.26 42.28 42.27 42.27 42.26 42.26 42.26
42.59 42.58 42.57 42.56 42.55 42.5 42.44 42.39 42.35 42.33 42.32 42.31 42.3 42.32 42.33 42.32 42.33 42.33 42.3 42.27 42.23 42.2 42.18 42.18 42.18 42.19 42.18 42.18 42.17 42.17 42.18 42.17 42.15 42.1 42.05 42.04 42.05 42.06 42.04 42.02 42.05 42.12 42.17 42.17 42.18 42.19 42.19 42.19 42.18 42.18 42.19 1.70141e38 42.19 42.21 42.21 42.22 42.23 42.23 42.24 42.22 42.21 42.22 42.22 42.24 42.26 42.27 42.27 42.26 42.24 42.24 42.24 42.26 42.27 42.26 42.26 42.25 42.25 42.26
42.59 42.59 42.59 42.57 42.55 42.5 42.44 42.4 42.37 42.35 42.32 42.32 42.32 42.33 42.33 42.33 42.34 42.34 42.33 42.31 42.27 42.21 42.2 42.2 42.19 42.19 42.19 42.17 42.16 42.16 42.18 42.19 42.16 42.12 42.07 42.02 42.02 42.04 42.05 42.06 42.05 42.08 42.13 42.14 42.16 42.17 42.17 42.18 42.18 42.18 42.19 1.70141e38 42.21 42.21 42.21 42.21 42.21 42.2 42.2 42.21 42.22 42.22 42.23 42.23 42.23 42.25 42.26 42.27 42.24 42.23 42.24 42.26 42.26 42.25 42.25 42.26 42.26 42.26
42.58 42.58 42.58 42.56 42.54 42.52 42.46 42.41 42.38 42.36 42.32 42.31 42.32 42.33 42.33 42.33 42.34 42.35 42.33 42.32 42.3 42.26 42.22 42.22 42.21 42.19 42.2 42.23 42.2 42.18 42.19 42.2 42.18 42.15 42.09 42.05 42.04 42.04 42.05 42.05 42.04 42.04 42.06 42.1 42.13 42.15 42.16 42.18 42.18 42.18 42.19 1.70141e38 42.2 42.21 42.2 42.19 42.2 42.19 42.19 42.21 42.23 42.23 42.23 42.23 42.23 42.23 42.24 42.26 42.25 42.21 42.23 42.26 42.26 42.25 42.25 42.25 42.26 42.26
42.61 42.6 42.59 42.58 42.57 42.55 42.5 42.44 42.4 42.38 42.34 42.31 42.31 42.33 42.34 42.35 42.36 42.35 42.31 42.29 42.28 42.26 42.24 42.23 42.23 42.2 42.2 42.23 42.21 42.18 42.21 42.25 42.22 42.18 42.16 42.15 42.1 42.06 42.03 42.05 42.04 42.03 42.04 42.06 42.09 42.12 42.15 42.17 42.18 42.18 42.19 1.70141e38 42.19 42.2 42.21 42.2 42.2 42.23 42.22 42.23 42.23 42.22 42.22 42.24 42.24 42.23 42.23 42.26 42.25 42.22 42.24 42.27 42.27 42.26 42.25 42.25 42.25 42.25
42.68 42.64 42.62 42.6 42.59 42.56 42.51 42.46 42.42 42.43 42.4 42.35 42.33 42.34 42.35 42.35 42.35 42.35 42.32 42.29 42.28 42.26 42.24 42.21 42.22 42.23 42.2 42.18 42.18 42.19 42.19 42.2 42.2 42.18 42.17 42.16 42.12 42.06 42.02 42.03 42.04 42.03 42.03 42.03 42.05 42.1 42.14 42.17 42.18 42.19 42.19 1.70141e38 42.2 42.19 42.19 42.19 42.19 42.21 42.21 42.22 42.22 42.23 42.23 42.25 42.26 42.24 42.24 42.25 42.26 42.25 42.26 42.27 42.27 42.27 42.25 42.25 42.24 42.25
42.77 42.7 42.64 42.6 42.59 42.57 42.53 42.5 42.48 42.46 42.42 42.36 42.33 42.33 42.34 42.33 42.34 42.35 42.34 42.32 42.32 42.29 42.25 42.24 42.24 42.26 42.23 42.18 42.18 42.19 42.19 42.19 42.18 42.19 42.19 42.16 42.12 42.08 42.04 42.03 42.04 42.05 42.04 42.03 42.04 42.08 42.12 42.16 42.19 42.2 42.2 1.70141e38 42.19 42.17 42.18 42.18 42.17 42.18 42.19 42.21 42.22 42.22 42.22 42.24 42.25 42.25 42.25 42.25 42.26 42.28 42.28 42.27 42.27 42.27 42.26 42.25 42.24 42.25
42.85 42.76 42.66 42.62 42.61 42.6 42.57 42.54 42.51 42.47 42.43 42.41 42.37 42.33 42.33 42.33 42.34 42.35 42.35 42.34 42.33 42.32 42.31 42.29 42.27 42.25 42.24 42.22 42.2 42.19 42.19 42.18 42.19 42.21 42.21 42.18 42.14 42.11 42.09 42.06 42.05 42.07 42.06 42.04 42.03 42.05 42.08 42.14 42.19 42.21 42.21 1.70141e38 42.19 42.17 42.18 42.19 42.18 42.17 42.19 42.21 42.22 42.21 42.21 42.22 42.24 42.24 42.24 42.24 42.25 42.28 42.28 42.28 42.28 42.27 42.26 42.25 42.24 42.25
42.9 42.82 42.71 42.65 42.64 42.63 42.6 42.57 42.53 42.5 42.47 42.46 42.42 42.38 42.36 42.37 42.37 42.36 42.34 42.33 42.34 42.34 42.33 42.32 42.28 42.25 42.24 42.23 42.2 42.19 42.18 42.19 42.19 42.21 42.22 42.21 42.17 42.14 42.14 42.09 42.05 42.07 42.09 42.06 42.03 42.02 42.06 42.13 42.17 42.19 42.2 1.70141e38 42.19 42.18 42.18 42.19 42.19 42.19 42.19 42.22 42.22 42.21 42.21 42.21 42.23 42.23 42.24 42.24 42.24 42.25 42.27 42.29 42.29 42.27 42.26 42.26 42.25 42.26
42.98 42.87 42.76 42.68 42.66 42.64 42.6 42.58 42.56 42.53 42.5 42.47 42.48 42.46 42.4 42.37 42.37 42.34 42.32 42.32 42.36 42.36 42.34 42.33 42.32 42.29 42.26 42.24 42.22 42.2 42.18 42.19 42.19 42.19 42.2 42.19 42.17 42.15 42.15 42.13 42.07 42.05 42.08 42.06 42.02 42.01 42.02 42.07 42.13 42.17 42.2 1.70141e38 42.19 42.18 42.18 42.18 42.2 42.2 42.2 42.21 42.22 42.24 42.22 42.21 42.23 42.23 42.24 42.25 42.23 42.23 42.25 42.28 42.28 42.27 42.27 42.27 42.26 42.27
43.07 42.95 42.82 42.78 42.75 42.68 42.64 42.62 42.59 42.56 42.53 42.5 42.49 42.47 42.4 42.36 42.35 42.33 42.31 42.32 42.35 42.36 42.34 42.33 42.34 42.32 42.29 42.26 42.24 42.22 42.19 42.2 42.2 42.18 42.17 42.17 42.17 42.15 42.14 42.12 42.08 42.05 42.05 42.06 42.04 42.03 42.02 42.06 42.12 42.15 42.16 1.70141e38 42.19 42.19 42.18 42.17 42.18 42.19 42.2 42.2 42.22 42.25 42.23 42.22 42.23 42.22 42.23 42.24 42.23 42.23 42.25 42.27 42.28 42.29 42.27 42.26 42.27 42.27
43.19 43.06 42.92 42.87 42.82 42.72 42.67 42.66 42.63 42.58 42.55 42.54 42.51 42.47 42.42 42.38 42.35 42.32 42.32 42.32 42.34 42.36 42.34 42.34 42.35 42.33 42.3 42.27 42.24 42.22 42.21 42.2 42.18 42.17 42.16 42.17 42.18 42.17 42.16 42.12 42.07 42.02 42 42.03 42.05 42.05 42.03 42.04 42.07 42.08 42.11 1.70141e38 42.19 42.19 42.19 42.17 42.17 42.19 42.21 42.21 42.2 42.22 42.22 42.22 42.21 42.2 42.21 42.23 42.24 42.25 42.27 42.27 42.28 42.28 42.27 42.26 42.28 42.27
43.26 43.14 43 42.94 42.88 42.77 42.7 42.7 42.66 42.59 42.55 42.56 42.53 42.47 42.43 42.41 42.37 42.33 42.33 42.32 42.32 42.35 42.36 42.36 42.36 42.34 42.33 42.29 42.25 42.24 42.22 42.21 42.18 42.17 42.17 42.17 42.18 42.18 42.17 42.14 42.1 42.06 42.04 42.04 42.03 42.04 42.06 42.05 42.03 42.03 42.07 1.70141e38 42.17 42.18 42.18 42.18 42.17 42.19 42.21 42.22 42.21 42.2 42.21 42.22 42.22 42.21 42.21 42.23 42.24 42.28 42.3 42.29 42.29 42.29 42.28 42.28 42.28 42.27
43.3 43.2 43.08 43.01 42.95 42.84 42.74 42.7 42.66 42.6 42.56 42.56 42.55 42.48 42.44 42.45 42.42 42.34 42.31 42.31 42.32 42.34 42.36 42.37 42.36 42.35 42.35 42.33 42.29 42.25 42.24 42.24 42.23 42.2 42.19 42.18 42.19 42.21 42.22 42.18 42.12 42.07 42.05 42.04 42.03 42.04 42.06 42.05 42.02 42 42.04 1.70141e38 42.15 42.16 42.17 42.18 42.18 42.18 42.18 42.2 42.22 42.21 42.22 42.23 42.23 42.22 42.21 42.22 42.24 42.26 42.29 42.3 42.3 42.29 42.3 42.3 42.27 42.27
43.34 43.23 43.13 43.08 43.02 42.9 42.79 42.72 42.67 42.62 42.58 42.57 42.57 42.52 42.47 42.47 42.44 42.36 42.31 42.31 42.33 42.34 42.35 42.37 42.35 42.33 42.34 42.35 42.32 42.27 42.26 42.26 42.23 42.21 42.2 42.18 42.18 42.18 42.19 42.19 42.14 42.12 42.09 42.05 42.03 42.02 42.04 42.06 42.04 42.01 42.03 1.70141e38 42.14 42.15 42.16 42.18 42.2 42.19 42.18 42.17 42.18 42.19 42.21 42.22 42.22 42.22 42.21 42.22 42.22 42.25 42.28 42.28 42.28 42.27 42.28 42.28 42.26 42.28
43.37 43.26 43.2 43.15 43.06 42.93 42.85 42.77 42.69 42.64 42.59 42.57 42.57 42.54 42.5 42.48 42.44 42.39 42.36 42.36 42.36 42.34 42.33 42.35 42.37 42.35 42.34 42.33 42.31 42.3 42.29 42.27 42.23 42.2 42.2 42.2 42.19 42.17 42.16 42.17 42.17 42.16 42.13 42.08 42.04 42.01 42.03 42.06 42.05 42.03 42.02 1.70141e38 42.1 42.12 42.14 42.16 42.18 42.18 42.18 42.18 42.18 42.19 42.2 42.2 42.2 42.21 42.21 42.2 42.21 42.24 42.28 42.28 42.28 42.27 42.27 42.27 42.26 42.27
43.41 43.31 43.28 43.23 43.1 42.97 42.91 42.84 42.72 42.63 42.59 42.56 42.54 42.53 42.53 42.5 42.46 42.42 42.39 42.36 42.35 42.34 42.33 42.32 42.35 42.38 42.36 42.33 42.33 42.33 42.33 42.29 42.25 42.23 42.22 42.2 42.19 42.16 42.15 42.17 42.19 42.19 42.15 42.1 42.06 42.03 42.04 42.06 42.06 42.04 42.01 1.70141e38 42.06 42.09 42.13 42.15 42.17 42.18 42.18 42.17 42.19 42.19 42.19 42.19 42.18 42.19 42.2 42.2 42.21 42.23 42.26 42.27 42.28 42.27 42.27 42.27 42.27 42.28
43.47 43.36 43.32 43.26 43.15 43.01 42.94 42.89 42.78 42.67 42.62 42.6 42.55 42.54 42.56 42.52 42.48 42.46 42.44 42.41 42.37 42.35 42.32 42.3 42.32 42.34 42.34 42.33 42.33 42.34 42.35 42.32 42.27 42.24 42.22 42.2 42.18 42.17 42.16 42.17 42.2 42.22 42.17 42.12 42.08 42.05 42.04 42.05 42.07 42.06 42.03 1.70141e38 42.02 42.05 42.1 42.15 42.17 42.18 42.17 42.18 42.19 42.2 42.19 42.18 42.17 42.18 42.21 42.2 42.21 42.23 42.24 42.24 42.25 42.26 42.25 42.25 42.27 42.28
43.55 43.41 43.32 43.27 43.19 43.08 43.01 42.96 42.85 42.71 42.65 42.63 42.58 42.54 42.53 42.53 42.5 42.48 42.48 42.45 42.39 42.34 42.3 42.31 42.32 42.31 42.31 42.33 42.34 42.35 42.35 42.33 42.27 42.24 42.23 42.21 42.19 42.18 42.17 42.16 42.18 42.22 42.2 42.13 42.09 42.08 42.06 42.04 42.06 42.06 42.04 1.70141e38 42.01 42.03 42.07 42.13 42.16 42.16 42.17 42.18 42.19 42.2 42.19 42.17 42.16 42.17 42.2 42.2 42.22 42.23 42.22 42.21 42.23 42.25 42.26 42.26 42.26 42.25
43.63 43.46 43.37 43.31 43.23 43.12 43.05 42.99 42.9 42.8 42.72 42.66 42.6 42.57 42.54 42.54 42.53 42.5 42.48 42.47 42.43 42.38 42.33 42.33 42.34 42.32 42.31 42.33 42.34 42.34 42.34 42.33 42.29 42.25 42.24 42.23 42.2 42.17 42.15 42.15 42.17 42.2 42.22 42.17 42.1 42.1 42.08 42.04 42.04 42.04 42.04 42.01 42 42 42.04 42.09 42.11 42.14 42.17 42.18 42.17 42.18 42.19 42.18 42.17 42.17 42.18 42.19 42.21 42.23 42.23 42.22 42.23 42.25 42.27 42.28 42.26 42.24
43.67 43.52 43.42 43.35 43.28 43.2 43.14 43.07 42.98 42.87 42.79 42.7 42.62 42.57 42.55 42.54 42.52 42.5 42.48 42.47 42.46 42.43 42.38 42.35 42.34 42.32 42.31 42.32 42.33 42.33 42.34 42.34 42.31 42.27 42.24 42.23 42.2 42.16 42.15 42.15 42.15 42.16 42.2 42.19 42.15 42.12 42.09 42.05 42.03 42.02 42.01 42.01 42 41.99 41.99 42.04 42.08 42.11 42.16 42.19 42.18 42.17 42.18 42.19 42.19 42.18 42.18 42.16 42.18 42.23 42.24 42.23 42.23 42.23 42.25 42.25 42.24 42.24
43.75 43.65 43.57 43.48 43.37 43.26 43.19 43.13 43.04 42.92 42.85 42.77 42.64 42.57 42.56 42.54 42.52 42.51 42.49 42.46 42.46 42.44 42.4 42.36 42.34 42.32 42.31 42.32 42.34 42.35 42.35 42.35 42.33 42.3 42.26 42.22 42.21 42.19 42.17 42.16 42.16 42.15 42.17 42.18 42.16 42.13 42.09 42.06 42.06 42.05 42.01 42.02 42.01 42 41.97 42 42.06 42.1 42.14 42.17 42.18 42.18 42.18 42.18 42.18 42.19 42.18 42.15 42.17 42.21 42.22 42.23 42.22 42.22 42.24 42.24 42.24 42.24
43.81 43.72 43.67 43.58 43.43 43.31 43.24 43.2 43.1 42.99 42.92 42.83 42.68 42.59 42.58 42.56 42.53 42.52 42.51 42.48 42.44 42.42 42.39 42.37 42.34 42.32 42.3 42.3 42.34 42.38 42.36 42.33 42.32 42.31 42.3 42.25 42.23 42.24 42.21 42.16 42.14 42.13 42.13 42.17 42.2 42.17 42.13 42.09 42.08 42.07 1.70141e38 42.02 42.02 42.02 42 41.99 42.02 42.07 42.12 42.15 42.17 42.19 42.19 42.17 42.17 42.19 42.19 42.17 42.18 42.2 42.22 42.23 42.22 42.22 42.24 42.24 42.24 42.23
43.85 43.77 43.73 43.65 43.49 43.36 43.3 43.25 43.15 43.07 42.99 42.89 42.75 42.65 42.61 42.58 42.55 42.54 42.54 42.5 42.45 42.42 42.41 42.39 42.33 42.29 42.29 42.3 42.33 42.37 42.35 42.33 42.33 42.36 42.34 42.27 42.25 42.24 42.21 42.16 42.14 42.14 42.15 42.17 42.18 42.18 42.16 42.12 42.11 42.1 1.70141e38 42.03 42.03 42.05 42.03 42 42 42.03 42.09 42.14 42.15 42.18 42.19 42.18 42.18 42.19 42.18 42.16 42.17 42.19 42.22 42.23 42.22 42.23 42.25 42.25 42.25 42.23
