slabs/29.grd
DSAA
631 301
643260 643890
4948400 4948700
33.59 46.9
[rows 0 to 33 of 300, columns 0 to 77 of 631]
46.27 46.27 46.23 46.21 46.25 46.3 46.28 46.19 46.14 46.18 46.22 46.21 46.22 46.24 46.22 46.09 45.94 45.71 45.64 45.92 46.1 46.14 46.13 46.13 46.17 46.16 46.15 46.15 46.13 46.12 46.17 46.19 46.19 46.17 46.14 46.14 46.17 46.21 46.24 46.26 46.24 46.22 46.2 46.21 46.22 46.21 46.19 46.18 46.15 46.12 46.12 46.1 46.11 46.15 46.17 46.22 46.21 46.17 46.17 46.17 46.16 46.17 46.19 46.2 46.21 46.19 46.18 46.17 46.19 46.21 46.19 46.15 46.07 46 45.95 45.93 45.92 45.91
46.24 46.25 46.22 46.19 46.2 46.24 46.25 46.23 46.21 46.21 46.2 46.21 46.24 46.24 46.25 46.22 46.16 45.9 45.63 45.76 45.95 46.06 46.12 46.12 46.13 46.12 46.12 46.13 46.1 46.09 46.13 46.16 46.16 46.14 46.1 46.09 46.13 46.17 46.2 46.23 46.22 46.19 46.2 46.22 46.22 46.19 46.15 46.14 46.14 46.13 46.12 46.09 46.06 46.11 46.11 46.13 46.16 46.17 46.19 46.16 46.14 46.18 46.22 46.23 46.22 46.17 46.12 46.13 46.14 46.14 46.14 46.08 45.98 45.91 45.89 45.9 45.92 45.92
46.24 46.25 46.26 46.25 46.23 46.21 46.23 46.28 46.31 46.26 46.2 46.2 46.23 46.23 46.23 46.26 46.27 46.08 45.76 45.65 45.74 45.92 46.08 46.11 46.1 46.08 46.09 46.11 46.09 46.08 46.11 46.13 46.14 46.13 46.12 46.1 46.12 46.16 46.17 46.18 46.19 46.17 46.14 46.14 46.16 46.16 46.15 46.16 46.15 46.12 46.1 46.09 46.07 46.07 46.06 46.08 46.13 46.16 46.17 46.14 46.12 46.18 46.23 46.25 46.23 46.18 46.14 46.12 46.1 46.07 46.04 45.97 45.89 45.86 45.87 45.9 45.93 45.95
46.2 46.22 46.24 46.25 46.26 46.24 46.24 46.3 46.33 46.3 46.24 46.23 46.25 46.22 46.2 46.24 46.28 46.21 45.96 45.68 45.58 45.75 45.98 46.07 46.07 46.07 46.05 46.02 46.02 46.06 46.08 46.08 46.12 46.16 46.14 46.13 46.12 46.14 46.15 46.15 46.14 46.16 46.17 46.16 46.15 46.14 46.12 46.14 46.13 46.11 46.11 46.1 46.08 46.06 46.05 46.08 46.11 46.12 46.13 46.12 46.12 46.16 46.19 46.22 46.22 46.2 46.18 46.13 46.05 46 45.94 45.88 45.86 45.86 45.87 45.91 45.97 46.02
46.22 46.22 46.22 46.24 46.26 46.26 46.26 46.27 46.3 46.3 46.28 46.26 46.25 46.21 46.18 46.2 46.23 46.23 46.09 45.87 45.62 45.6 45.86 46 46.04 46.07 46.02 45.96 45.99 46.05 46.07 46.05 46.07 46.12 46.16 46.17 46.14 46.11 46.11 46.1 46.09 46.11 46.13 46.14 46.13 46.11 46.1 46.1 46.08 46.07 46.09 46.08 46.08 46.07 46.06 46.07 46.07 46.1 46.13 46.13 46.13 46.14 46.16 46.19 46.21 46.2 46.18 46.11 45.98 45.91 45.87 45.84 45.85 45.87 45.9 45.96 46.03 46.08
46.24 46.22 46.22 46.23 46.25 46.26 46.26 46.26 46.28 46.28 46.27 46.25 46.21 46.18 46.16 46.16 46.17 46.2 46.18 46.11 45.82 45.56 45.71 45.89 45.98 46.04 46.02 46 46.01 46.01 46.05 46.07 46.07 46.08 46.1 46.11 46.09 46.06 46.04 46.05 46.06 46.08 46.1 46.12 46.13 46.1 46.08 46.08 46.06 46.07 46.09 46.08 46.08 46.08 46.08 46.05 46.05 46.09 46.13 46.15 46.14 46.13 46.15 46.18 46.18 46.16 46.13 46.04 45.89 45.81 45.82 45.83 45.86 45.88 45.92 46.03 46.13 46.16
46.27 46.24 46.22 46.23 46.23 46.23 46.25 46.27 46.29 46.27 46.26 46.26 46.22 46.16 46.14 46.13 46.14 46.17 46.19 46.21 46.02 45.65 45.57 45.71 45.83 45.98 46.05 46.05 46.03 46.02 46.03 46.05 46.05 46.04 46.05 46.04 46.04 46.05 46.04 46.03 46.04 46.08 46.1 46.08 46.1 46.1 46.08 46.07 46.06 46.08 46.11 46.09 46.08 46.08 46.07 46.05 46.04 46.07 46.1 46.14 46.13 46.11 46.13 46.17 46.14 46.09 46.01 45.9 45.83 45.81 45.81 45.84 45.89 45.92 45.97 46.11 46.21 46.22
46.33 46.3 46.25 46.23 46.22 46.21 46.24 46.28 46.29 46.26 46.24 46.24 46.2 46.14 46.12 46.13 46.12 46.14 46.17 46.18 46.1 45.83 45.55 45.45 45.6 45.86 46.01 46.06 46.03 46 46 46.01 46 45.98 45.98 45.97 45.99 46.04 46.05 46.04 46.03 46.06 46.08 46.05 46.05 46.07 46.06 46.05 46.04 46.06 46.08 46.08 46.07 46.06 46.04 46.05 46.06 46.06 46.06 46.1 46.12 46.11 46.11 46.11 46.05 45.99 45.89 45.81 45.82 45.82 45.83 45.88 45.93 45.94 45.99 46.07 46.13 46.16
46.36 46.34 46.28 46.25 46.24 46.23 46.25 46.28 46.29 46.24 46.18 46.13 46.13 46.14 46.1 46.09 46.07 46.08 46.12 46.13 46.11 46.02 45.78 45.58 45.52 45.65 45.89 45.98 46 45.99 45.98 45.98 45.97 45.95 45.94 45.94 45.95 46.01 46.04 46.04 46.03 46.04 46.06 46.03 46.01 46.02 46.03 46.03 46.03 46.03 46.03 46.05 46.07 46.07 46.04 46.05 46.07 46.07 46.07 46.09 46.1 46.09 46.06 45.97 45.88 45.84 45.83 45.82 45.84 45.9 45.93 45.95 45.98 45.98 45.98 46 46.04 46.11
46.34 46.33 46.31 46.27 46.28 46.27 46.26 46.27 46.24 46.19 46.16 46.13 46.13 46.14 46.14 46.15 46.11 46.06 46.08 46.1 46.09 46.08 45.98 45.87 45.68 45.59 45.72 45.88 45.98 46.01 46.02 45.98 45.96 45.96 45.96 45.95 45.94 45.98 46.02 46.02 46 46.01 46.02 46 45.97 45.98 46 46.03 46.03 46 46 46.03 46.06 46.07 46.06 46.05 46.04 46.04 46.03 46.03 46.02 46.02 45.98 45.87 45.82 45.82 45.85 45.89 45.91 45.94 45.96 45.97 45.97 45.98 45.98 45.98 45.98 46.07
46.29 46.32 46.33 46.32 46.33 46.31 46.28 46.28 46.26 46.2 46.16 46.14 46.16 46.16 46.17 46.18 46.14 46.09 46.07 46.06 46.08 46.09 46.07 46.02 45.82 45.6 45.56 45.74 45.94 46 46.03 45.99 45.97 45.99 45.98 45.95 45.93 45.95 45.97 45.96 45.97 45.98 45.99 45.98 45.98 45.98 45.98 46.01 46.01 45.98 45.97 46 46.06 46.1 46.1 46.08 46.06 46.05 46.04 46.01 45.93 45.86 45.83 45.81 45.83 45.86 45.9 45.95 45.97 45.97 45.95 45.94 45.95 45.95 45.96 45.96 45.95 46.01
46.31 46.36 46.36 46.35 46.34 46.3 46.28 46.27 46.23 46.17 46.13 46.12 46.14 46.16 46.16 46.16 46.16 46.12 46.08 46.06 46.08 46.09 46.09 46.08 45.93 45.68 45.53 45.61 45.81 45.95 46 45.98 45.96 45.97 45.95 45.93 45.91 45.92 45.94 45.95 45.96 45.97 45.98 45.97 45.96 45.97 45.95 45.96 45.98 45.97 45.99 46.03 46.07 46.09 46.08 46.02 45.98 45.98 45.95 45.89 45.82 45.78 45.78 45.81 45.86 45.9 45.95 45.98 45.98 45.96 45.93 45.94 45.94 45.93 45.94 45.95 45.94 45.96
46.36 46.38 46.37 46.36 46.33 46.29 46.28 46.28 46.25 46.18 46.13 46.1 46.11 46.14 46.17 46.19 46.18 46.14 46.09 46.07 46.07 46.06 46.06 46.08 46.03 45.84 45.67 45.55 45.63 45.86 45.97 45.97 45.93 45.9 45.9 45.91 45.92 45.93 45.96 45.95 45.93 45.95 45.96 45.97 45.98 45.97 45.97 45.95 45.95 45.97 45.98 46.01 46.02 46.01 46 45.97 45.92 45.9 45.86 45.79 45.76 45.77 45.78 45.83 45.89 45.93 45.97 45.98 45.97 45.96 45.94 45.94 45.94 45.93 45.94 45.96 45.96 45.94
46.37 46.36 46.34 46.32 46.31 46.29 46.27 46.27 46.24 46.2 46.15 46.11 46.1 46.11 46.14 46.19 46.18 46.14 46.1 46.08 46.07 46.04 46.03 46.05 46.07 45.97 45.84 45.6 45.53 45.74 45.87 45.93 45.92 45.89 45.9 45.94 45.95 45.93 45.91 45.92 45.94 45.95 45.95 45.97 45.98 45.96 45.96 45.96 45.97 45.98 45.97 45.96 45.94 45.92 45.91 45.9 45.84 45.8 45.78 45.75 45.75 45.77 45.8 45.85 45.88 45.91 45.95 45.94 45.93 45.94 45.94 45.94 45.93 45.92 45.94 45.96 45.96 45.94
46.36 46.35 46.32 46.3 46.29 46.28 46.27 46.26 46.24 46.21 46.18 46.15 46.11 46.09 46.11 46.13 46.15 46.15 46.14 46.1 46.07 46.05 46.02 46.05 46.07 46.03 45.98 45.76 45.49 45.56 45.72 45.82 45.88 45.87 45.86 45.92 45.95 45.92 45.88 45.86 45.88 45.91 45.92 45.93 45.92 45.89 45.9 45.94 45.95 45.96 45.91 45.86 45.84 45.85 45.85 45.81 45.76 45.73 45.73 45.75 45.75 45.78 45.82 45.86 45.88 45.89 45.92 45.92 45.91 45.92 45.93 45.93 45.94 45.92 45.91 45.94 45.95 45.94
46.34 46.33 46.31 46.31 46.28 46.26 46.26 46.27 46.26 46.24 46.21 46.19 46.13 46.1 46.12 46.1 46.11 46.15 46.15 46.11 46.06 46.03 46 46.03 46.07 46.06 46.05 45.88 45.6 45.52 45.58 45.69 45.82 45.87 45.86 45.86 45.89 45.92 45.9 45.86 45.84 45.84 45.87 45.87 45.82 45.77 45.8 45.9 45.95 45.94 45.88 45.82 45.79 45.77 45.76 45.73 45.71 45.72 45.73 45.76 45.77 45.79 45.83 45.87 45.9 45.89 45.91 45.92 45.93 45.93 45.91 45.91 45.93 45.92 45.9 45.92 45.94 45.95
46.32 46.31 46.3 46.3 46.29 46.27 46.27 46.27 46.27 46.25 46.23 46.21 46.15 46.09 46.08 46.04 46.06 46.13 46.14 46.13 46.07 46 46 46.03 46.05 46.06 46.05 45.99 45.78 45.55 45.49 45.5 45.63 45.78 45.83 45.85 45.88 45.89 45.91 45.88 45.84 45.82 45.82 45.82 45.75 45.66 45.71 45.85 45.92 45.92 45.87 45.8 45.76 45.7 45.67 45.68 45.7 45.72 45.74 45.76 45.79 45.81 45.83 45.86 45.89 45.89 45.9 45.92 45.94 45.93 45.9 45.88 45.88 45.89 45.9 45.9 45.91 45.94
46.32 46.29 46.26 46.25 46.27 46.3 46.29 46.27 46.27 46.25 46.23 46.2 46.17 46.11 46.07 46.03 46.06 46.1 46.11 46.11 46.07 46 45.96 45.99 46 46 46 46 45.95 45.85 45.69 45.51 45.56 45.73 45.81 45.86 45.87 45.87 45.88 45.88 45.85 45.84 45.82 45.79 45.72 45.64 45.72 45.85 45.88 45.87 45.83 45.75 45.71 45.66 45.65 45.68 45.71 45.74 45.76 45.79 45.82 45.83 45.85 45.88 45.89 45.89 45.9 45.92 45.91 45.93 45.92 45.89 45.87 45.89 45.92 45.92 45.91 45.92
46.29 46.27 46.25 46.24 46.24 46.26 46.28 46.27 46.26 46.25 46.22 46.21 46.18 46.13 46.11 46.1 46.09 46.08 46.07 46.06 46.05 46.03 46.02 45.99 45.98 45.99 45.99 46 46.02 46.03 45.89 45.61 45.51 45.61 45.74 45.83 45.86 45.85 45.85 45.86 45.87 45.87 45.84 45.78 45.75 45.75 45.81 45.87 45.85 45.82 45.76 45.69 45.65 45.64 45.66 45.71 45.73 45.74 45.77 45.81 45.84 45.86 45.86 45.86 45.87 45.87 45.9 45.91 45.9 45.9 45.9 45.9 45.89 45.89 45.9 45.9 45.89 45.88
46.28 46.28 46.28 46.26 46.23 46.25 46.3 46.3 46.27 46.24 46.22 46.23 46.21 46.15 46.1 46.09 46.08 46.07 46.05 46.04 46.04 46.04 46.03 46 45.98 45.97 45.97 45.98 46.01 46.04 45.98 45.74 45.5 45.42 45.57 45.78 45.86 45.86 45.84 45.86 45.89 45.88 45.85 45.81 45.81 45.84 45.86 45.85 45.82 45.77 45.67 45.62 45.65 45.65 45.68 45.72 45.75 45.76 45.78 45.8 45.82 45.83 45.84 45.85 45.86 45.86 45.87 45.9 45.9 45.9 45.89 45.89 45.91 45.9 45.89 45.9 45.9 45.89
46.24 46.24 46.25 46.27 46.24 46.22 46.24 46.25 46.25 46.2 46.15 46.18 46.2 46.16 46.13 46.11 46.08 46.04 46.03 46.04 46.03 46.02 46.03 46.01 45.96 45.94 45.97 45.98 45.98 46 45.99 45.86 45.57 45.37 45.44 45.67 45.83 45.86 45.86 45.88 45.89 45.88 45.86 45.83 45.8 45.82 45.84 45.79 45.74 45.66 45.6 45.63 45.66 45.66 45.69 45.72 45.73 45.75 45.78 45.8 45.81 45.81 45.8 45.83 45.87 45.87 45.86 45.86 45.89 45.92 45.9 45.88 45.92 45.93 45.9 45.91 45.91 45.91
46.25 46.24 46.25 46.25 46.25 46.21 46.17 46.21 46.23 46.19 46.17 46.18 46.2 46.18 46.16 46.13 46.08 46.04 46.03 46.03 46.02 46.02 46.03 46.01 45.96 45.94 45.96 45.98 45.97 45.97 45.98 45.92 45.72 45.54 45.44 45.54 45.76 45.84 45.87 45.89 45.87 45.85 45.84 45.81 45.77 45.81 45.84 45.74 45.65 45.61 45.61 45.64 45.67 45.66 45.67 45.71 45.73 45.75 45.78 45.78 45.78 45.78 45.78 45.79 45.83 45.86 45.86 45.87 45.89 45.92 45.91 45.88 45.9 45.93 45.91 45.91 45.91 45.91
46.21 46.21 46.21 46.2 46.23 46.23 46.18 46.2 46.22 46.19 46.18 46.18 46.19 46.18 46.16 46.13 46.07 46.04 46.04 46.02 46 46.01 46.01 46 45.99 45.97 45.95 45.95 45.95 45.96 45.97 45.96 45.84 45.71 45.54 45.48 45.63 45.76 45.8 45.82 45.82 45.84 45.84 45.82 45.83 45.85 45.82 45.69 45.59 45.61 45.64 45.65 45.67 45.67 45.69 45.73 45.75 45.76 45.77 45.77 45.76 45.78 45.8 45.8 45.8 45.82 45.86 45.87 45.86 45.9 45.92 45.91 45.9 45.91 45.91 45.91 45.89 45.9
46.17 46.21 46.22 46.21 46.22 46.23 46.24 46.24 46.22 46.18 46.15 46.17 46.17 46.15 46.16 46.13 46.07 46.04 46.05 46.02 45.98 45.97 45.98 46 46.01 46.01 45.99 45.96 45.93 45.9 45.92 45.94 45.9 45.83 45.68 45.5 45.49 45.61 45.73 45.84 45.92 45.9 45.86 45.83 45.8 45.72 45.66 45.63 45.6 45.61 45.64 45.66 45.66 45.69 45.72 45.73 45.75 45.76 45.76 45.76 45.76 45.78 45.8 45.81 45.79 45.8 45.85 45.87 45.85 45.86 45.9 45.93 45.9 45.89 45.92 45.95 45.92 45.9
46.15 46.22 46.24 46.24 46.22 46.23 46.25 46.24 46.22 46.17 46.14 46.15 46.14 46.13 46.14 46.13 46.09 46.05 46.04 46.01 45.96 45.93 45.96 45.99 46 46.01 46.01 45.98 45.93 45.91 45.91 45.92 45.92 45.89 45.76 45.55 45.43 45.53 45.75 45.86 45.86 45.83 45.78 45.72 45.67 45.62 45.6 45.6 45.61 45.62 45.64 45.67 45.67 45.7 45.73 45.73 45.73 45.74 45.76 45.75 45.76 45.78 45.78 45.8 45.78 45.78 45.84 45.89 45.87 45.83 45.86 45.9 45.89 45.87 45.92 45.97 45.94 45.9
46.15 46.21 46.24 46.24 46.22 46.21 46.2 46.21 46.2 46.17 46.16 46.14 46.12 46.1 46.12 46.13 46.08 46.06 46.03 45.98 45.93 45.91 45.93 45.96 45.98 46 46.01 45.97 45.94 45.94 45.95 45.94 45.93 45.9 45.84 45.78 45.75 45.77 45.85 45.86 45.81 45.79 45.73 45.64 45.61 45.59 45.59 45.62 45.64 45.64 45.67 45.69 45.69 45.72 45.74 45.74 45.73 45.73 45.75 45.77 45.78 45.77 45.76 45.77 45.77 45.77 45.8 45.83 45.85 45.85 45.86 45.89 45.9 45.89 45.88 45.89 45.9 45.91
46.2 46.2 46.2 46.21 46.21 46.18 46.15 46.19 46.18 46.14 46.14 46.13 46.11 46.12 46.12 46.11 46.08 46.07 46.04 45.98 45.93 45.92 45.92 45.92 45.93 45.95 45.96 45.96 45.97 45.97 45.96 45.96 45.97 45.97 45.94 45.91 45.9 45.88 45.86 45.84 45.82 45.75 45.64 45.58 45.58 45.58 45.59 45.64 45.66 45.67 45.68 45.7 45.71 45.74 45.76 45.76 45.76 45.74 45.75 45.77 45.78 45.77 45.75 45.74 45.75 45.77 45.79 45.81 45.85 45.87 45.85 45.85 45.89 45.91 45.88 45.88 45.92 45.93
46.26 46.2 46.15 46.17 46.19 46.17 46.15 46.18 46.18 46.14 46.13 46.11 46.1 46.1 46.1 46.1 46.1 46.1 46.05 45.98 45.93 45.89 45.91 45.92 45.91 45.9 45.92 45.93 45.94 45.97 45.99 45.99 45.98 45.98 45.96 45.94 45.93 45.9 45.85 45.81 45.77 45.68 45.58 45.57 45.58 45.59 45.61 45.64 45.66 45.68 45.69 45.7 45.72 45.74 45.74 45.73 45.75 45.77 45.76 45.75 45.76 45.78 45.78 45.78 45.79 45.79 45.78 45.76 45.81 45.87 45.86 45.83 45.86 45.9 45.9 45.9 45.91 45.94
46.28 46.25 46.18 46.17 46.2 46.18 46.15 46.14 46.17 46.17 46.15 46.13 46.12 46.12 46.1 46.06 46.05 46.06 46.05 46.03 45.97 45.92 45.9 45.89 45.88 45.89 45.91 45.93 45.94 45.97 46 45.99 45.99 45.98 45.95 45.91 45.89 45.87 45.81 45.73 45.67 45.62 45.57 45.58 45.6 45.6 45.62 45.64 45.67 45.69 45.7 45.71 45.73 45.74 45.74 45.74 45.75 45.78 45.78 45.77 45.77 45.77 45.77 45.77 45.77 45.8 45.81 45.79 45.8 45.83 45.83 45.83 45.85 45.87 45.89 45.91 45.91 45.93
46.25 46.27 46.22 46.17 46.16 46.14 46.13 46.14 46.15 46.16 46.13 46.09 46.08 46.08 46.02 45.99 46.03 46.04 46.03 46.02 45.98 45.95 45.93 45.91 45.89 45.89 45.91 45.93 45.96 45.96 45.98 45.99 45.98 45.97 45.94 45.87 45.83 45.8 45.73 45.65 45.61 45.59 45.59 45.59 45.59 45.61 45.65 45.67 45.69 45.72 45.72 45.73 45.73 45.74 45.75 45.76 45.76 45.77 45.78 45.77 45.76 45.76 45.77 45.77 45.78 45.78 45.78 45.8 45.81 45.8 45.78 45.81 45.85 45.86 45.86 45.89 45.91 45.92
46.23 46.25 46.23 46.17 46.13 46.11 46.13 46.13 46.11 46.11 46.09 46.06 46.03 46.02 45.97 45.96 46 46 46 46 46 45.99 45.97 45.93 45.91 45.9 45.91 45.93 45.95 45.95 45.98 45.98 45.95 45.95 45.93 45.84 45.77 45.73 45.67 45.61 45.58 45.59 45.61 45.6 45.61 45.64 45.68 45.7 45.72 45.74 45.74 45.73 45.71 45.72 45.75 45.77 45.76 45.75 45.79 45.81 45.79 45.78 45.77 45.77 45.79 45.8 45.79 45.8 45.81 45.81 45.79 45.79 45.83 45.85 45.84 45.87 45.91 45.92
46.23 46.21 46.19 46.13 46.09 46.08 46.09 46.07 46.03 46.02 46.02 46.02 46.02 46.02 45.98 45.96 45.97 45.98 45.99 45.99 46 46 46 45.96 45.94 45.92 45.91 45.91 45.92 45.95 45.98 45.95 45.91 45.92 45.89 45.77 45.69 45.65 45.62 45.6 45.6 45.61 45.62 45.62 45.63 45.66 45.69 45.7 45.74 45.75 45.72 45.73 45.72 45.73 45.75 45.76 45.77 45.77 45.8 45.81 45.8 45.78 45.76 45.76 45.79 45.81 45.79 45.79 45.82 45.83 45.82 45.8 45.83 45.86 45.85 45.86 45.9 45.92
46.17 46.16 46.15 46.12 46.08 46.06 46.03 45.98 45.96 45.96 45.99 46 46.01 46.02 46.01 45.99 45.96 45.98 46 45.98 45.97 45.98 46 46 45.98 45.96 45.91 45.89 45.9 45.92 45.93 45.91 45.88 45.86 45.79 45.69 45.65 45.62 45.6 45.6 45.61 45.61 45.62 45.64 45.67 45.69 45.71 45.72 45.73 45.73 45.72 45.73 45.74 45.74 45.76 45.76 45.78 45.79 45.78 45.78 45.78 45.78 45.77 45.76 45.78 45.8 45.79 45.79 45.81 45.84 45.86 45.83 45.84 45.88 45.88 45.86 45.88 45.91
46.2 46.19 46.17 46.12 46.06 46.02 45.98 45.95 45.94 45.93 45.96 45.99 46 46.01 46.02 46 45.97 45.98 46 45.98 45.96 45.96 46.01 46.03 46.02 45.98 45.91 45.88 45.89 45.9 45.9 45.87 45.82 45.75 45.67 45.62 45.59 45.58 45.6 45.6 45.63 45.65 45.65 45.66 45.7 45.74 45.75 45.76 45.75 45.73 45.73 45.74 45.75 45.76 45.75 45.74 45.75 45.77 45.78 45.77 45.76 45.77 45.79 45.79 45.78 45.78 45.79 45.79 45.8 45.83 45.87 45.86 45.84 45.86 45.89 45.87 45.86 45.89
