slabs/29.grd
DSAA
631 301
643260 643890
4948400 4948700
33.59 46.9
[rows 34 to 67 of 300, columns 156 to 233 of 631]
46.32 46.32 46.29 46.24 46.19 46.15 46.13 46.11 46.09 46.07 46.05 46.01 45.94 45.87 45.84 45.8 45.73 45.69 45.66 45.59 45.54 45.52 45.57 45.43 44.88 44.43 43.96 43.22 42.56 42.26 42.18 42.12 42.13 42.14 42.12 42.09 42.06 42.07 42.12 42.16 42.16 42.17 42.19 42.21 42.22 42.21 42.23 42.24 42.24 42.24 42.24 42.24 42.26 42.26 42.26 42.27 42.29 42.3 42.29 42.28 42.3 42.3 42.3 42.32 42.33 42.34 42.35 42.37 42.37 42.37 42.36 42.36 42.39 42.41 42.41 42.4 42.41 42.43
46.29 46.27 46.26 46.23 46.18 46.13 46.11 46.1 46.08 46.06 46.04 46 45.93 45.86 45.84 45.79 45.71 45.65 45.61 45.57 45.55 45.56 45.5 45.23 44.65 44.19 43.67 42.9 42.31 42.04 42.04 42.07 42.1 42.13 42.14 42.14 42.12 42.13 42.16 42.17 42.17 42.18 42.19 42.21 42.22 42.22 42.23 42.24 42.24 42.24 42.24 42.25 42.26 42.27 42.27 42.26 42.28 42.3 42.29 42.29 42.29 42.28 42.3 42.32 42.34 42.34 42.34 42.35 42.35 42.36 42.37 42.39 42.41 42.41 42.42 42.43 42.42 42.44
46.24 46.22 46.23 46.21 46.16 46.12 46.11 46.12 46.07 46.01 46 45.97 45.89 45.81 45.8 45.78 45.71 45.66 45.59 45.55 45.58 45.61 45.47 45 44.19 43.64 43.12 42.42 42.06 41.98 42.02 42.07 42.1 42.13 42.16 42.16 42.16 42.15 42.16 42.17 42.16 42.17 42.2 42.21 42.21 42.21 42.22 42.24 42.24 42.23 42.23 42.25 42.26 42.26 42.27 42.27 42.28 42.28 42.28 42.29 42.28 42.28 42.3 42.32 42.33 42.34 42.34 42.35 42.35 42.38 42.41 42.43 42.41 42.41 42.42 42.43 42.42 42.43
46.23 46.2 46.2 46.18 46.14 46.1 46.09 46.09 46.06 46 45.99 45.98 45.9 45.81 45.78 45.75 45.69 45.64 45.61 45.6 45.64 45.67 45.4 44.7 43.76 43.19 42.73 42.22 42.06 42.04 42.07 42.09 42.11 42.14 42.16 42.16 42.17 42.16 42.16 42.16 42.15 42.18 42.2 42.2 42.2 42.19 42.21 42.23 42.23 42.23 42.23 42.25 42.25 42.25 42.27 42.29 42.28 42.26 42.28 42.3 42.3 42.3 42.31 42.32 42.31 42.33 42.35 42.35 42.36 42.37 42.38 42.39 42.4 42.41 42.42 42.43 42.43 42.42
46.27 46.24 46.18 46.13 46.12 46.09 46.05 46.04 46.01 45.99 45.99 45.98 45.93 45.87 45.81 45.73 45.67 45.64 45.63 45.65 45.68 45.68 45.29 44.42 43.62 43.07 42.53 42.18 42.11 42.09 42.1 42.14 42.15 42.16 42.16 42.15 42.15 42.15 42.16 42.17 42.17 42.18 42.19 42.19 42.18 42.2 42.23 42.23 42.23 42.23 42.24 42.25 42.25 42.25 42.27 42.27 42.25 42.26 42.3 42.32 42.31 42.31 42.31 42.32 42.33 42.34 42.35 42.34 42.36 42.37 42.38 42.38 42.4 42.42 42.42 42.42 42.43 42.43
46.27 46.26 46.19 46.12 46.09 46.05 46.02 45.99 45.97 45.96 45.95 45.93 45.9 45.88 45.81 45.72 45.66 45.63 45.64 45.67 45.7 45.6 45.1 44.2 43.53 43 42.42 42.16 42.13 42.11 42.12 42.16 42.18 42.18 42.17 42.15 42.13 42.14 42.17 42.18 42.18 42.19 42.19 42.21 42.21 42.21 42.21 42.21 42.23 42.25 42.25 42.25 42.25 42.26 42.26 42.27 42.26 42.27 42.31 42.32 42.32 42.33 42.33 42.33 42.33 42.33 42.33 42.33 42.35 42.38 42.4 42.4 42.41 42.42 42.42 42.42 42.42 42.44
46.23 46.21 46.17 46.12 46.05 46 46 45.98 45.93 45.92 45.92 45.92 45.9 45.87 45.82 45.73 45.66 45.62 45.63 45.69 45.73 45.54 44.92 44 43.36 42.84 42.32 42.15 42.14 42.13 42.12 42.14 42.16 42.17 42.17 42.16 42.15 42.15 42.17 42.18 42.18 42.19 42.21 42.22 42.22 42.21 42.22 42.23 42.22 42.23 42.24 42.25 42.26 42.26 42.27 42.29 42.29 42.31 42.33 42.33 42.33 42.34 42.35 42.35 42.34 42.35 42.35 42.34 42.35 42.38 42.4 42.41 42.42 42.42 42.42 42.43 42.43 42.44
46.17 46.17 46.13 46.09 46.03 45.98 45.99 45.95 45.9 45.89 45.91 45.92 45.9 45.87 45.83 45.74 45.65 45.61 45.63 45.72 45.77 45.52 44.79 43.81 43.19 42.69 42.24 42.13 42.12 42.11 42.13 42.15 42.16 42.16 42.17 42.17 42.17 42.15 42.15 42.16 42.17 42.19 42.2 42.2 42.2 42.2 42.21 42.23 42.23 42.24 42.25 42.26 42.25 42.25 42.27 42.28 42.3 42.32 42.33 42.33 42.33 42.34 42.34 42.35 42.36 42.36 42.37 42.37 42.38 42.39 42.38 42.4 42.42 42.42 42.41 42.42 42.44 42.45
46.14 46.13 46.13 46.1 46.04 46 45.98 45.94 45.9 45.89 45.91 45.93 45.91 45.9 45.84 45.73 45.65 45.62 45.64 45.73 45.78 45.48 44.65 43.64 43.04 42.56 42.19 42.13 42.12 42.12 42.13 42.15 42.16 42.16 42.15 42.15 42.15 42.15 42.17 42.19 42.18 42.17 42.17 42.18 42.19 42.2 42.22 42.23 42.23 42.22 42.24 42.26 42.26 42.27 42.28 42.28 42.3 42.31 42.31 42.32 42.33 42.33 42.33 42.34 42.36 42.36 42.36 42.37 42.39 42.39 42.37 42.39 42.42 42.41 42.4 42.42 42.45 42.46
46.12 46.11 46.12 46.1 46.04 46 45.98 45.95 45.93 45.93 45.92 45.92 45.92 45.91 45.83 45.72 45.67 45.64 45.67 45.71 45.71 45.36 44.47 43.48 42.93 42.49 42.15 42.11 42.11 42.15 42.18 42.18 42.17 42.15 42.15 42.15 42.16 42.17 42.18 42.19 42.18 42.16 42.17 42.18 42.19 42.22 42.23 42.24 42.24 42.23 42.24 42.26 42.26 42.27 42.28 42.29 42.3 42.31 42.31 42.31 42.31 42.33 42.34 42.34 42.35 42.36 42.37 42.39 42.39 42.38 42.37 42.39 42.41 42.41 42.41 42.42 42.45 42.46
46.12 46.1 46.09 46.09 46.04 46 45.97 45.96 45.98 45.97 45.93 45.9 45.9 45.88 45.81 45.73 45.68 45.65 45.69 45.67 45.57 45.13 44.27 43.36 42.83 42.44 42.12 42.08 42.08 42.12 42.16 42.17 42.18 42.17 42.17 42.18 42.17 42.17 42.18 42.18 42.17 42.18 42.18 42.18 42.2 42.24 42.25 42.25 42.26 42.26 42.26 42.27 42.27 42.27 42.29 42.29 42.31 42.32 42.31 42.31 42.31 42.33 42.35 42.35 42.35 42.37 42.38 42.39 42.4 42.41 42.41 42.41 42.41 42.43 42.44 42.44 42.45 42.47
46.1 46.09 46.08 46.09 46.07 46.03 45.99 45.98 46.01 45.99 45.93 45.89 45.86 45.83 45.78 45.74 45.7 45.7 45.75 45.66 45.49 45.06 44.19 43.24 42.72 42.39 42.14 42.12 42.12 42.14 42.15 42.17 42.18 42.18 42.18 42.19 42.2 42.19 42.18 42.18 42.18 42.19 42.19 42.19 42.21 42.24 42.25 42.25 42.26 42.27 42.28 42.27 42.28 42.28 42.29 42.29 42.31 42.33 42.31 42.31 42.31 42.33 42.33 42.35 42.35 42.35 42.37 42.37 42.38 42.39 42.4 42.41 42.42 42.41 42.44 42.46 42.45 42.45
46.08 46.08 46.06 46.08 46.13 46.12 46.04 45.99 46.01 45.98 45.9 45.86 45.84 45.8 45.77 45.72 45.68 45.7 45.76 45.65 45.46 45.03 44.14 43.11 42.52 42.26 42.1 42.1 42.11 42.15 42.17 42.19 42.18 42.17 42.16 42.17 42.19 42.19 42.19 42.19 42.19 42.2 42.19 42.19 42.21 42.24 42.25 42.26 42.27 42.28 42.3 42.28 42.28 42.29 42.28 42.3 42.33 42.33 42.33 42.32 42.32 42.33 42.33 42.35 42.37 42.37 42.37 42.37 42.38 42.38 42.38 42.38 42.39 42.41 42.44 42.45 42.46 42.46
46.05 46.08 46.06 46.07 46.13 46.14 46.07 45.99 45.97 45.94 45.89 45.87 45.88 45.84 45.78 45.71 45.65 45.66 45.74 45.69 45.55 45 44.01 43.19 42.61 42.2 42.07 42.09 42.11 42.13 42.16 42.18 42.17 42.16 42.16 42.17 42.18 42.18 42.19 42.2 42.2 42.2 42.21 42.21 42.22 42.24 42.26 42.28 42.28 42.28 42.28 42.27 42.28 42.29 42.28 42.31 42.34 42.35 42.35 42.35 42.34 42.33 42.33 42.35 42.36 42.37 42.38 42.39 42.39 42.39 42.4 42.41 42.41 42.42 42.44 42.45 42.45 42.44
46.03 46.06 46.08 46.08 46.09 46.1 46.11 46.04 45.98 45.95 45.92 45.9 45.9 45.86 45.8 45.73 45.66 45.69 45.76 45.7 45.55 44.93 43.88 43.21 42.67 42.18 42.07 42.1 42.11 42.13 42.16 42.17 42.17 42.16 42.16 42.17 42.17 42.18 42.19 42.21 42.21 42.2 42.21 42.22 42.23 42.24 42.24 42.24 42.26 42.28 42.3 42.29 42.28 42.28 42.27 42.29 42.31 42.33 42.34 42.34 42.33 42.34 42.34 42.34 42.34 42.35 42.36 42.39 42.4 42.41 42.42 42.44 42.44 42.43 42.44 42.45 42.46 42.47
46.03 46.04 46.07 46.08 46.06 46.06 46.07 46.04 46.02 46 45.95 45.89 45.85 45.8 45.76 45.73 45.68 45.7 45.76 45.73 45.55 44.85 43.8 43.17 42.67 42.18 42.06 42.1 42.12 42.14 42.17 42.18 42.18 42.17 42.16 42.17 42.17 42.19 42.19 42.19 42.2 42.2 42.2 42.22 42.25 42.26 42.26 42.25 42.26 42.28 42.29 42.29 42.3 42.3 42.28 42.3 42.32 42.33 42.34 42.33 42.33 42.35 42.35 42.34 42.34 42.35 42.37 42.39 42.4 42.42 42.43 42.43 42.44 42.43 42.44 42.45 42.46 42.47
46.06 46.06 46.05 46.02 45.98 45.97 45.98 46.01 46.04 46.01 45.97 45.9 45.84 45.78 45.74 45.76 45.74 45.73 45.75 45.75 45.53 44.76 43.73 43.12 42.65 42.17 42.06 42.11 42.13 42.15 42.17 42.19 42.18 42.17 42.16 42.17 42.17 42.18 42.19 42.19 42.19 42.21 42.22 42.24 42.26 42.27 42.25 42.26 42.26 42.27 42.27 42.28 42.29 42.3 42.3 42.32 42.34 42.35 42.35 42.34 42.34 42.36 42.36 42.36 42.36 42.35 42.37 42.39 42.4 42.41 42.42 42.42 42.42 42.44 42.44 42.45 42.45 42.45
46.09 46.05 46.01 45.99 45.99 45.96 45.93 45.96 46 45.98 45.95 45.91 45.87 45.81 45.76 45.79 45.77 45.75 45.72 45.67 45.44 44.67 43.64 43.05 42.62 42.17 42.06 42.11 42.13 42.16 42.17 42.17 42.17 42.17 42.16 42.15 42.16 42.18 42.2 42.18 42.18 42.2 42.22 42.22 42.23 42.25 42.25 42.25 42.25 42.27 42.28 42.29 42.31 42.31 42.32 42.32 42.34 42.35 42.34 42.34 42.35 42.36 42.35 42.36 42.36 42.37 42.38 42.39 42.4 42.41 42.42 42.41 42.42 42.44 42.45 42.46 42.46 42.47
46.07 46.03 45.98 45.97 45.99 45.96 45.92 45.94 45.96 45.95 45.94 45.93 45.91 45.84 45.79 45.79 45.76 45.73 45.69 45.63 45.38 44.59 43.56 42.99 42.58 42.18 42.09 42.12 42.13 42.16 42.18 42.18 42.18 42.19 42.19 42.17 42.16 42.17 42.19 42.18 42.19 42.21 42.22 42.24 42.25 42.24 42.25 42.25 42.26 42.28 42.29 42.3 42.31 42.31 42.31 42.32 42.34 42.34 42.32 42.33 42.35 42.35 42.36 42.37 42.39 42.4 42.4 42.41 42.42 42.42 42.42 42.42 42.43 42.45 42.46 42.48 42.49 42.49
46.04 46 45.96 45.95 45.97 45.96 45.94 45.95 45.95 45.95 45.95 45.95 45.91 45.83 45.77 45.77 45.74 45.72 45.72 45.72 45.4 44.55 43.53 42.97 42.54 42.14 42.09 42.12 42.14 42.16 42.19 42.19 42.18 42.16 42.16 42.18 42.18 42.19 42.2 42.21 42.21 42.22 42.23 42.24 42.25 42.26 42.27 42.27 42.27 42.28 42.3 42.31 42.32 42.32 42.33 42.34 42.34 42.33 42.32 42.34 42.35 42.35 42.36 42.38 42.4 42.41 42.41 42.41 42.42 42.42 42.42 42.42 42.44 42.45 42.47 42.49 42.49 42.5
46.01 45.99 45.97 45.95 45.95 45.95 45.95 45.96 45.95 45.95 45.96 45.97 45.91 45.82 45.77 45.76 45.74 45.73 45.73 45.72 45.36 44.45 43.41 42.85 42.46 42.08 42.03 42.08 42.13 42.18 42.2 42.19 42.17 42.16 42.16 42.16 42.17 42.2 42.22 42.22 42.22 42.22 42.24 42.24 42.26 42.26 42.26 42.27 42.28 42.29 42.3 42.31 42.32 42.34 42.34 42.34 42.33 42.33 42.34 42.36 42.36 42.35 42.37 42.38 42.38 42.39 42.38 42.39 42.4 42.4 42.39 42.4 42.42 42.43 42.45 42.48 42.48 42.47
46.01 46.01 45.99 45.97 45.96 45.95 45.95 45.95 45.95 45.95 45.97 46 45.95 45.88 45.82 45.78 45.77 45.76 45.73 45.71 45.29 44.34 43.33 42.79 42.4 42.05 42.02 42.09 42.16 42.19 42.19 42.18 42.18 42.18 42.18 42.17 42.17 42.2 42.21 42.22 42.22 42.23 42.25 42.26 42.26 42.26 42.26 42.27 42.28 42.29 42.3 42.3 42.31 42.34 42.33 42.33 42.33 42.32 42.33 42.35 42.35 42.34 42.36 42.39 42.38 42.37 42.36 42.38 42.41 42.43 42.41 42.41 42.42 42.41 42.42 42.49 42.53 42.51
46.03 46.01 45.98 45.98 45.95 45.92 45.93 45.92 45.95 45.96 45.95 45.96 45.92 45.88 45.85 45.8 45.78 45.78 45.76 45.72 45.21 44.18 43.4 42.86 42.35 42.1 42.09 42.14 42.17 42.19 42.18 42.19 42.19 42.19 42.18 42.19 42.2 42.2 42.2 42.22 42.23 42.25 42.26 42.26 42.26 42.26 42.27 42.27 42.28 42.3 42.3 42.29 42.3 42.31 42.31 42.32 42.32 42.31 42.32 42.34 42.35 42.34 42.37 42.38 42.37 42.38 42.37 42.37 42.38 42.38 42.38 42.39 42.42 42.45 42.48 42.47 42.47 42.48
45.98 45.99 45.98 45.98 45.96 45.95 45.95 45.94 45.97 45.98 45.94 45.91 45.88 45.84 45.8 45.76 45.76 45.8 45.74 45.61 45.01 43.97 43.33 42.82 42.3 42.11 42.11 42.14 42.17 42.18 42.18 42.18 42.19 42.18 42.18 42.19 42.2 42.19 42.19 42.21 42.24 42.25 42.25 42.26 42.26 42.26 42.26 42.27 42.29 42.31 42.3 42.3 42.31 42.31 42.3 42.3 42.32 42.31 42.32 42.34 42.35 42.36 42.37 42.37 42.37 42.38 42.39 42.38 42.37 42.36 42.37 42.4 42.42 42.45 42.47 42.46 42.46 42.47
45.98 45.98 45.98 45.97 45.98 45.98 45.96 45.96 45.96 45.97 45.94 45.9 45.85 45.81 45.8 45.79 45.76 45.79 45.82 45.62 44.86 43.82 43.23 42.77 42.26 42.06 42.07 42.12 42.16 42.18 42.18 42.18 42.17 42.17 42.18 42.18 42.18 42.18 42.18 42.19 42.22 42.23 42.26 42.28 42.26 42.26 42.26 42.28 42.29 42.3 42.31 42.3 42.31 42.33 42.32 42.31 42.33 42.35 42.36 42.35 42.34 42.36 42.37 42.36 42.37 42.36 42.37 42.36 42.35 42.35 42.37 42.4 42.4 42.43 42.44 42.44 42.44 42.45
45.99 45.96 45.98 46.01 46 45.98 45.95 45.91 45.92 45.93 45.95 45.96 45.89 45.82 45.84 45.82 45.76 45.79 45.85 45.62 44.77 43.72 43.13 42.72 42.25 42.06 42.06 42.12 42.16 42.18 42.2 42.19 42.17 42.16 42.16 42.17 42.17 42.17 42.18 42.19 42.22 42.24 42.26 42.27 42.26 42.25 42.25 42.28 42.29 42.29 42.29 42.31 42.32 42.32 42.33 42.33 42.34 42.36 42.36 42.34 42.33 42.33 42.35 42.37 42.38 42.38 42.38 42.38 42.38 42.38 42.39 42.4 42.4 42.41 42.42 42.43 42.43 42.44
46.01 45.99 46.01 46.03 46.02 46.01 45.97 45.93 45.93 45.97 45.98 45.97 45.9 45.83 45.84 45.82 45.79 45.79 45.81 45.54 44.68 43.62 43.04 42.67 42.24 42.08 42.09 42.13 42.17 42.18 42.18 42.18 42.18 42.17 42.16 42.18 42.19 42.19 42.2 42.21 42.22 42.22 42.23 42.24 42.23 42.23 42.25 42.28 42.3 42.31 42.31 42.3 42.3 42.31 42.32 42.34 42.34 42.34 42.33 42.32 42.31 42.33 42.36 42.38 42.38 42.38 42.38 42.4 42.41 42.41 42.42 42.42 42.4 42.39 42.4 42.43 42.44 42.44
45.98 46.01 46.04 46.03 46.01 45.99 45.97 45.94 45.95 45.98 45.98 45.95 45.91 45.84 45.83 45.81 45.8 45.78 45.75 45.43 44.57 43.54 42.97 42.59 42.2 42.08 42.11 42.14 42.17 42.17 42.16 42.17 42.18 42.18 42.19 42.2 42.22 42.22 42.21 42.21 42.22 42.22 42.24 42.25 42.25 42.26 42.27 42.28 42.29 42.28 42.29 42.31 42.3 42.3 42.3 42.32 42.34 42.34 42.31 42.3 42.3 42.32 42.36 42.38 42.38 42.38 42.38 42.39 42.4 42.41 42.42 42.41 42.4 42.39 42.4 42.42 42.42 42.43
45.98 46.02 46.05 46.03 46.01 45.99 45.99 45.97 45.98 46 45.98 45.97 45.92 45.85 45.83 45.81 45.79 45.77 45.73 45.36 44.48 43.47 42.91 42.54 42.18 42.09 42.1 42.13 42.17 42.18 42.18 42.19 42.18 42.17 42.18 42.2 42.2 42.2 42.2 42.23 42.25 42.23 42.23 42.24 42.26 42.27 42.28 42.3 42.29 42.27 42.3 42.32 42.32 42.31 42.3 42.31 42.33 42.33 42.31 42.3 42.3 42.33 42.35 42.36 42.37 42.38 42.39 42.39 42.38 42.4 42.41 42.4 42.39 42.39 42.41 42.42 42.43 42.43
46.02 46.03 46.03 46.02 46.02 46.02 46.02 46.01 46.02 46.02 46.01 45.99 45.94 45.87 45.85 45.82 45.79 45.77 45.77 45.35 44.4 43.42 42.89 42.54 42.18 42.08 42.1 42.13 42.16 42.17 42.17 42.18 42.19 42.18 42.19 42.21 42.21 42.21 42.21 42.23 42.23 42.23 42.24 42.25 42.26 42.27 42.29 42.29 42.29 42.29 42.3 42.32 42.32 42.32 42.31 42.31 42.31 42.31 42.32 42.31 42.31 42.33 42.35 42.36 42.37 42.38 42.39 42.39 42.38 42.39 42.4 42.39 42.39 42.4 42.42 42.44 42.45 42.44
46.05 46.03 46.02 46.02 46.03 46.04 46.05 46.04 46.04 46.02 46.01 46 45.96 45.9 45.86 45.81 45.77 45.75 45.73 45.3 44.34 43.35 42.82 42.47 42.12 42.03 42.06 42.13 42.18 42.19 42.19 42.19 42.18 42.18 42.2 42.21 42.21 42.21 42.21 42.22 42.22 42.21 42.22 42.24 42.27 42.27 42.28 42.27 42.27 42.28 42.3 42.32 42.32 42.33 42.31 42.31 42.31 42.3 42.3 42.31 42.32 42.32 42.35 42.38 42.37 42.38 42.41 42.41 42.41 42.41 42.41 42.39 42.39 42.41 42.44 42.45 42.45 42.44
46.06 46.03 46.02 46.04 46.05 46.04 46.05 46.05 46.04 46.02 46.01 45.99 45.94 45.89 45.87 45.85 45.79 45.72 45.68 45.24 44.28 43.28 42.78 42.42 42.09 42.02 42.07 42.14 42.18 42.19 42.2 42.2 42.2 42.2 42.2 42.21 42.21 42.22 42.22 42.23 42.23 42.22 42.22 42.24 42.24 42.26 42.27 42.27 42.27 42.28 42.3 42.32 42.33 42.32 42.31 42.31 42.31 42.3 42.28 42.31 42.33 42.34 42.36 42.37 42.37 42.39 42.41 42.41 42.4 42.41 42.41 42.4 42.4 42.42 42.45 42.46 42.47 42.46
46.06 46.04 46.03 46.03 46.05 46.04 46.03 46.04 46.05 46.04 46.02 45.98 45.91 45.85 45.82 45.83 45.8 45.75 45.71 45.2 44.18 43.41 42.9 42.39 42.08 42.01 42.06 42.15 42.19 42.2 42.19 42.19 42.2 42.22 42.22 42.22 42.22 42.23 42.23 42.23 42.23 42.23 42.24 42.25 42.24 42.26 42.27 42.27 42.27 42.28 42.3 42.3 42.3 42.3 42.29 42.29 42.31 42.29 42.28 42.3 42.33 42.35 42.37 42.39 42.39 42.39 42.39 42.37 42.38 42.4 42.4 42.39 42.4 42.45 42.47 42.46 42.47 42.48
46.04 46.05 46.06 46.04 46.03 46.04 46.03 46.04 46.05 46.03 46.01 45.97 45.88 45.82 45.81 45.82 45.82 45.81 45.71 45.09 44.06 43.4 42.89 42.34 42.07 42.01 42.06 42.15 42.2 42.21 42.19 42.18 42.21 42.22 42.23 42.22 42.22 42.22 42.23 42.23 42.23 42.24 42.25 42.27 42.26 42.27 42.27 42.27 42.27 42.28 42.29 42.28 42.26 42.26 42.28 42.29 42.3 42.29 42.29 42.3 42.33 42.34 42.35 42.36 42.37 42.38 42.38 42.37 42.39 42.42 42.42 42.41 42.42 42.45 42.46 42.46 42.47 42.49
