slabs/3.grd
DSAA
631 301
642000 642630
4946600 4946900
36.24 50.39
[rows 238 to 271 of 300, columns 390 to 467 of 631]
47.89 47.91 47.93 47.89 47.91 47.92 47.92 47.87 47.86 47.89 47.92 47.93 47.92 47.86 47.86 47.85 47.93 47.93 47.91 47.93 47.95 47.93 47.93 47.94 47.95 47.95 47.91 47.97 48.01 47.99 48 47.99 47.96 47.93 47.99 48.02 48.04 48.05 47.99 48.02 48.02 47.99 48 47.99 47.95 47.92 47.93 47.97 48.04 48.1 48.08 48.06 48.09 48.13 48.1 48.1 48.1 48.12 48.11 48.04 47.95 47.92 48.03 48.07 48.07 48.09 48.07 48.07 48.09 48.05 48.03 48.04 48.05 48.07 48.08 48.09 48.12 48.12
47.87 47.87 47.89 47.87 47.91 47.92 47.87 47.86 47.86 47.89 47.92 47.9 47.93 47.93 47.93 47.9 47.9 47.91 47.94 47.96 47.96 47.95 47.95 47.97 48 47.98 47.94 47.99 48 47.96 48 48 47.95 47.91 47.94 47.99 48.02 48.03 48.01 48.06 48.04 48.02 48.03 48.02 47.99 47.93 47.91 47.94 47.97 48.04 48.1 48.11 48.11 48.1 48.09 48.11 48.11 48.09 48.06 47.99 47.95 47.95 48.05 48.11 48.11 48.09 48.07 48.07 48.07 48.03 48.05 48.09 48.07 48.07 48.05 48.07 48.11 48.11
47.85 47.84 47.82 47.8 47.85 47.88 47.84 47.87 47.89 47.92 47.93 47.92 47.95 47.95 47.93 47.93 47.94 47.97 47.98 47.97 47.96 47.94 47.95 47.99 48.01 47.98 47.98 48.01 47.99 47.95 47.97 47.97 47.97 47.95 47.96 47.98 48.02 48.06 48.05 48.08 48.04 48 48.02 48.03 48.01 47.96 47.94 47.96 47.97 48 48.08 48.12 48.09 48.07 48.05 48.08 48.11 48.07 48.02 48 48 48.01 48.05 48.09 48.09 48.03 48.01 48.01 48.03 48.03 48.06 48.1 48.07 48.04 48.01 48.02 48.07 48.08
47.84 47.86 47.84 47.8 47.81 47.88 47.88 47.9 47.91 47.92 47.92 47.93 47.93 47.93 47.93 47.96 47.98 48 48 47.99 47.98 47.94 47.96 48.03 48.02 47.99 48.01 48.03 47.99 47.98 47.95 47.94 47.97 47.98 47.99 48 48.05 48.08 48.06 48.05 48 47.97 47.99 48.04 48.05 48.01 48 48.03 48.04 48.04 48.05 48.08 48.08 48.06 48.05 48.08 48.09 48.05 48.03 48.01 48 48.02 48.04 48.04 48.03 47.94 47.93 47.96 48.03 48.04 48.04 48.06 48.04 48.02 47.98 47.98 48.03 48.03
47.86 47.9 47.89 47.86 47.84 47.9 47.92 47.9 47.92 47.93 47.91 47.93 47.93 47.94 47.94 47.98 48.01 48.02 48.01 48.02 47.99 47.96 48.01 48.05 48.03 48 48.02 48.03 48.01 48.01 47.95 47.96 47.99 47.98 48.03 48.07 48.09 48.09 48.03 47.99 47.97 47.96 47.96 48.01 48.03 48 48.01 48.03 48.05 48.08 48.05 48.02 48.04 48.04 48.04 48.02 48.01 47.99 48 48.01 48.01 48 48.01 47.99 47.99 47.92 47.91 47.94 48 48.02 48 47.99 47.99 48 47.98 47.97 48.01 48
47.88 47.93 47.94 47.91 47.89 47.94 47.95 47.9 47.92 47.94 47.93 47.95 47.97 47.97 47.94 47.97 48.01 48.02 48.01 48.02 48 47.98 48.02 48.03 48.02 47.99 48 48.01 48.01 48.01 47.99 48.04 48.04 48.01 48.05 48.1 48.12 48.1 48.05 48.02 48.02 47.98 47.97 47.98 47.97 47.98 48.02 48.02 48.03 48.08 48.05 47.96 47.95 47.97 47.97 47.95 47.94 47.94 47.95 47.99 48.03 48 47.99 47.99 48 47.98 47.95 47.96 47.97 47.97 47.96 47.95 47.96 47.97 47.97 47.97 47.99 47.98
47.9 47.97 47.99 47.93 47.91 47.95 47.98 47.94 47.92 47.92 47.93 47.96 48.01 47.98 47.96 47.97 48 48.01 48 48.02 48.01 48 47.99 48.02 48.03 48.01 48.03 48.03 48 48 48.05 48.09 48.07 48.05 48.05 48.08 48.11 48.12 48.11 48.1 48.1 48.04 48.02 48.01 47.97 47.97 48.01 47.99 47.97 48 47.96 47.9 47.88 47.91 47.93 47.92 47.94 47.94 47.94 47.96 47.99 47.99 47.98 47.99 48.02 48.04 47.99 47.97 47.94 47.91 47.91 47.91 47.92 47.92 47.92 47.93 47.94 47.92
47.91 47.98 48.02 47.94 47.91 47.93 47.99 48 47.96 47.95 47.96 47.99 48.03 48.02 48.01 47.98 47.98 47.96 47.95 48.03 48.06 48.05 48.03 48.09 48.1 48.08 48.09 48.07 48.06 48.07 48.1 48.09 48.08 48.09 48.09 48.08 48.09 48.1 48.1 48.07 48.06 47.99 47.98 47.99 47.96 47.94 47.95 47.93 47.93 47.93 47.89 47.87 47.88 47.91 47.93 47.91 47.94 47.97 47.95 47.92 47.91 47.94 47.97 47.99 48 48.03 47.97 47.9 47.89 47.88 47.88 47.89 47.89 47.9 47.87 47.85 47.88 47.87
47.9 47.95 48 47.96 47.93 47.89 47.97 48.05 48.05 48.04 48.05 48.05 48.04 48.05 47.99 47.96 47.98 47.95 47.95 48.03 48.09 48.12 48.12 48.13 48.14 48.14 48.13 48.1 48.12 48.13 48.1 48.07 48.07 48.08 48.08 48.06 48.04 48.04 48.04 48.01 47.99 47.94 47.9 47.92 47.93 47.87 47.87 47.87 47.9 47.91 47.89 47.87 47.9 47.91 47.91 47.9 47.9 47.94 47.93 47.89 47.86 47.9 47.94 47.95 47.95 47.96 47.92 47.86 47.85 47.87 47.89 47.88 47.86 47.87 47.85 47.83 47.88 47.88
47.9 47.9 47.93 47.95 47.95 47.91 47.99 48.08 48.09 48.09 48.1 48.09 48.06 48.07 47.93 47.94 48.03 48.03 48.01 48.02 48.08 48.13 48.12 48.1 48.12 48.12 48.11 48.07 48.06 48.05 48.01 48.01 48.03 48.02 48.01 48.01 48 48 48.02 47.96 47.94 47.91 47.89 47.9 47.9 47.83 47.82 47.83 47.88 47.9 47.9 47.9 47.91 47.87 47.87 47.87 47.85 47.88 47.88 47.86 47.83 47.86 47.88 47.87 47.88 47.84 47.89 47.92 47.91 47.91 47.92 47.88 47.87 47.87 47.87 47.9 47.93 47.91
47.97 47.97 47.95 47.95 47.98 47.97 48.03 48.06 48.06 48.08 48.11 48.07 48.07 48.08 47.97 47.99 48.07 48.08 48.04 48.03 48.06 48.09 48.05 48.03 48.07 48.06 48.03 47.99 47.98 47.97 47.94 47.96 47.97 47.96 47.94 47.95 47.96 47.98 47.99 47.95 47.93 47.92 47.92 47.92 47.91 47.85 47.81 47.81 47.87 47.88 47.88 47.9 47.9 47.8 47.82 47.84 47.85 47.86 47.85 47.84 47.85 47.85 47.84 47.79 47.85 47.82 47.88 47.95 47.95 47.95 47.95 47.93 47.91 47.89 47.87 47.89 47.9 47.89
48.05 48.06 48.01 47.97 48.01 48.01 48 48.01 48.03 48.06 48.09 48.06 48.07 48.09 48.06 48.01 48.02 48.03 48.04 48.03 48 47.99 48 47.99 48 47.98 47.97 47.97 47.96 47.92 47.91 47.91 47.91 47.89 47.86 47.87 47.91 47.93 47.94 47.95 47.96 47.95 47.94 47.93 47.89 47.84 47.8 47.79 47.85 47.84 47.84 47.86 47.86 47.79 47.81 47.84 47.86 47.84 47.84 47.85 47.88 47.89 47.85 47.8 47.84 47.87 47.9 47.91 47.92 47.92 47.93 47.94 47.9 47.84 47.82 47.84 47.84 47.84
48.03 48.03 47.97 47.98 48.01 48.01 47.94 47.96 48.03 48.07 48.06 48.09 48.08 48.08 48.03 47.97 47.95 47.93 47.98 47.98 47.93 47.94 47.98 47.97 47.94 47.93 47.94 47.94 47.9 47.88 47.89 47.89 47.88 47.83 47.8 47.82 47.86 47.87 47.87 47.92 47.99 47.97 47.91 47.86 47.77 47.73 47.75 47.79 47.82 47.78 47.8 47.84 47.84 47.8 47.82 47.84 47.85 47.83 47.83 47.83 47.9 47.91 47.89 47.86 47.86 47.9 47.91 47.86 47.85 47.86 47.88 47.89 47.85 47.79 47.79 47.83 47.8 47.79
47.96 47.97 47.94 48 48 47.98 47.89 47.92 48.01 48.05 48.05 48.05 48.03 48.01 47.97 47.93 47.91 47.88 47.91 47.89 47.89 47.93 47.97 47.96 47.93 47.94 47.94 47.89 47.84 47.85 47.87 47.87 47.85 47.8 47.78 47.8 47.82 47.83 47.85 47.92 47.96 47.88 47.82 47.8 47.69 47.64 47.71 47.79 47.82 47.76 47.76 47.81 47.82 47.78 47.8 47.82 47.86 47.88 47.87 47.85 47.9 47.91 47.89 47.89 47.87 47.86 47.85 47.8 47.79 47.82 47.85 47.86 47.81 47.77 47.78 47.82 47.78 47.77
47.95 47.98 47.96 47.99 47.98 47.96 47.9 47.91 47.97 47.99 47.99 47.99 47.98 47.96 47.91 47.91 47.89 47.86 47.85 47.84 47.89 47.94 47.95 47.93 47.91 47.94 47.92 47.85 47.82 47.81 47.84 47.84 47.85 47.83 47.8 47.78 47.77 47.81 47.86 47.9 47.91 47.78 47.76 47.78 47.72 47.64 47.69 47.77 47.82 47.78 47.78 47.81 47.82 47.77 47.76 47.78 47.85 47.89 47.88 47.84 47.85 47.85 47.84 47.86 47.82 47.78 47.75 47.74 47.77 47.8 47.82 47.83 47.8 47.8 47.81 47.81 47.77 47.77
47.96 48 47.94 47.98 47.96 47.93 47.91 47.9 47.92 47.93 47.91 47.93 47.93 47.92 47.89 47.89 47.86 47.84 47.84 47.86 47.9 47.92 47.89 47.86 47.84 47.88 47.86 47.8 47.79 47.79 47.8 47.8 47.83 47.82 47.78 47.78 47.76 47.8 47.8 47.79 47.83 47.79 47.79 47.8 47.76 47.66 47.66 47.72 47.78 47.78 47.83 47.86 47.85 47.74 47.72 47.74 47.8 47.82 47.8 47.77 47.78 47.79 47.79 47.79 47.77 47.73 47.71 47.68 47.75 47.8 47.82 47.79 47.81 47.83 47.84 47.81 47.8 47.8
47.94 47.98 47.93 47.95 47.93 47.9 47.9 47.88 47.87 47.89 47.87 47.9 47.89 47.89 47.86 47.84 47.82 47.84 47.84 47.86 47.88 47.88 47.85 47.84 47.83 47.85 47.79 47.74 47.75 47.78 47.78 47.79 47.81 47.76 47.74 47.78 47.78 47.77 47.76 47.74 47.77 47.78 47.81 47.82 47.77 47.68 47.66 47.69 47.73 47.76 47.81 47.85 47.8 47.7 47.68 47.69 47.74 47.73 47.71 47.73 47.75 47.77 47.77 47.75 47.74 47.74 47.73 47.69 47.74 47.8 47.84 47.79 47.83 47.83 47.83 47.82 47.82 47.82
47.92 47.94 47.93 47.93 47.93 47.91 47.89 47.85 47.83 47.86 47.86 47.86 47.85 47.86 47.86 47.83 47.81 47.83 47.83 47.84 47.83 47.83 47.83 47.85 47.84 47.84 47.78 47.74 47.73 47.76 47.79 47.82 47.84 47.76 47.76 47.79 47.79 47.81 47.82 47.81 47.82 47.75 47.76 47.77 47.72 47.68 47.68 47.69 47.7 47.7 47.73 47.78 47.72 47.67 47.68 47.67 47.72 47.7 47.67 47.73 47.77 47.78 47.78 47.74 47.74 47.78 47.79 47.75 47.77 47.8 47.83 47.81 47.82 47.81 47.82 47.81 47.8 47.77
47.9 47.9 47.91 47.92 47.94 47.91 47.87 47.83 47.8 47.84 47.85 47.83 47.84 47.85 47.85 47.82 47.81 47.77 47.8 47.82 47.8 47.78 47.8 47.82 47.81 47.81 47.78 47.75 47.73 47.74 47.76 47.79 47.79 47.78 47.79 47.78 47.81 47.83 47.84 47.85 47.83 47.74 47.7 47.69 47.67 47.69 47.7 47.68 47.65 47.66 47.7 47.74 47.7 47.68 47.69 47.69 47.75 47.73 47.7 47.76 47.79 47.79 47.8 47.74 47.79 47.83 47.82 47.78 47.8 47.8 47.8 47.81 47.8 47.77 47.79 47.77 47.78 47.76
47.91 47.87 47.9 47.9 47.91 47.86 47.84 47.83 47.83 47.85 47.83 47.84 47.87 47.85 47.82 47.79 47.77 47.76 47.75 47.77 47.78 47.78 47.78 47.78 47.78 47.79 47.75 47.73 47.73 47.72 47.73 47.74 47.73 47.76 47.77 47.75 47.78 47.77 47.78 47.79 47.79 47.74 47.7 47.68 47.71 47.74 47.72 47.68 47.66 47.7 47.75 47.76 47.74 47.74 47.72 47.75 47.82 47.8 47.76 47.77 47.78 47.8 47.81 47.77 47.81 47.8 47.76 47.75 47.78 47.79 47.78 47.79 47.8 47.76 47.74 47.71 47.74 47.75
47.88 47.85 47.86 47.84 47.81 47.77 47.78 47.8 47.83 47.82 47.79 47.81 47.83 47.8 47.78 47.76 47.75 47.82 47.74 47.72 47.75 47.74 47.75 47.73 47.73 47.76 47.74 47.74 47.74 47.72 47.73 47.75 47.7 47.72 47.73 47.74 47.76 47.76 47.76 47.74 47.76 47.74 47.76 47.75 47.81 47.81 47.77 47.72 47.74 47.8 47.8 47.79 47.8 47.81 47.78 47.78 47.82 47.82 47.78 47.76 47.76 47.77 47.79 47.77 47.76 47.75 47.73 47.73 47.77 47.79 47.77 47.75 47.77 47.76 47.71 47.67 47.68 47.7
47.85 47.82 47.8 47.77 47.76 47.71 47.71 47.73 47.75 47.76 47.74 47.73 47.73 47.76 47.75 47.71 47.71 47.79 47.75 47.71 47.72 47.69 47.7 47.69 47.69 47.74 47.76 47.76 47.74 47.72 47.75 47.78 47.71 47.69 47.72 47.74 47.77 47.79 47.77 47.76 47.78 47.77 47.82 47.81 47.85 47.84 47.81 47.78 47.8 47.82 47.79 47.8 47.82 47.83 47.82 47.77 47.78 47.8 47.79 47.72 47.72 47.73 47.76 47.76 47.75 47.76 47.75 47.73 47.74 47.76 47.71 47.69 47.73 47.73 47.69 47.67 47.68 47.69
47.8 47.76 47.73 47.76 47.78 47.71 47.68 47.68 47.7 47.73 47.73 47.71 47.71 47.72 47.71 47.67 47.67 47.73 47.72 47.71 47.71 47.69 47.68 47.68 47.69 47.74 47.79 47.79 47.76 47.75 47.77 47.78 47.73 47.71 47.74 47.77 47.8 47.82 47.8 47.8 47.82 47.81 47.83 47.81 47.79 47.81 47.8 47.81 47.84 47.8 47.76 47.76 47.76 47.79 47.8 47.75 47.74 47.77 47.79 47.72 47.72 47.73 47.76 47.76 47.75 47.74 47.76 47.75 47.73 47.71 47.65 47.64 47.7 47.72 47.7 47.68 47.67 47.69
47.74 47.71 47.7 47.73 47.75 47.7 47.68 47.67 47.67 47.71 47.73 47.73 47.73 47.69 47.69 47.68 47.68 47.69 47.69 47.69 47.69 47.71 47.71 47.72 47.76 47.79 47.83 47.83 47.81 47.8 47.79 47.78 47.75 47.75 47.77 47.81 47.85 47.86 47.88 47.84 47.83 47.8 47.81 47.79 47.78 47.79 47.79 47.8 47.84 47.81 47.77 47.73 47.72 47.75 47.77 47.72 47.69 47.71 47.77 47.78 47.74 47.72 47.73 47.73 47.71 47.71 47.74 47.75 47.72 47.7 47.64 47.64 47.69 47.71 47.71 47.67 47.66 47.68
47.73 47.73 47.7 47.69 47.71 47.7 47.7 47.69 47.68 47.72 47.75 47.76 47.75 47.69 47.67 47.68 47.7 47.7 47.72 47.73 47.72 47.72 47.74 47.77 47.82 47.85 47.84 47.84 47.84 47.82 47.78 47.76 47.74 47.77 47.82 47.86 47.86 47.87 47.89 47.85 47.84 47.77 47.74 47.76 47.8 47.8 47.79 47.76 47.77 47.76 47.75 47.73 47.72 47.73 47.74 47.73 47.69 47.66 47.7 47.73 47.72 47.69 47.71 47.69 47.68 47.7 47.71 47.73 47.71 47.69 47.66 47.66 47.7 47.72 47.69 47.64 47.64 47.66
47.75 47.77 47.71 47.67 47.68 47.7 47.73 47.74 47.73 47.76 47.79 47.82 47.79 47.71 47.65 47.64 47.69 47.74 47.75 47.74 47.75 47.72 47.75 47.78 47.83 47.85 47.83 47.84 47.85 47.83 47.79 47.77 47.76 47.8 47.83 47.85 47.81 47.8 47.81 47.8 47.81 47.74 47.68 47.73 47.8 47.8 47.77 47.73 47.73 47.73 47.75 47.76 47.74 47.74 47.72 47.73 47.71 47.68 47.67 47.68 47.71 47.72 47.73 47.69 47.68 47.7 47.71 47.73 47.72 47.7 47.69 47.68 47.71 47.72 47.7 47.65 47.65 47.66
47.78 47.78 47.74 47.69 47.69 47.72 47.76 47.79 47.79 47.78 47.82 47.85 47.81 47.73 47.66 47.62 47.67 47.76 47.76 47.75 47.76 47.72 47.74 47.78 47.83 47.86 47.86 47.86 47.87 47.82 47.8 47.8 47.79 47.76 47.73 47.77 47.75 47.74 47.75 47.74 47.73 47.69 47.68 47.72 47.79 47.77 47.74 47.73 47.73 47.74 47.76 47.77 47.76 47.76 47.73 47.7 47.68 47.7 47.67 47.66 47.71 47.73 47.75 47.69 47.69 47.69 47.7 47.72 47.72 47.72 47.72 47.7 47.72 47.73 47.73 47.67 47.67 47.67
47.78 47.76 47.77 47.76 47.76 47.78 47.8 47.81 47.83 47.81 47.8 47.81 47.79 47.75 47.72 47.7 47.72 47.78 47.82 47.83 47.82 47.75 47.76 47.8 47.85 47.86 47.86 47.87 47.88 47.83 47.79 47.79 47.76 47.69 47.64 47.69 47.68 47.72 47.75 47.75 47.71 47.68 47.68 47.69 47.75 47.76 47.72 47.71 47.72 47.75 47.75 47.76 47.75 47.73 47.68 47.62 47.62 47.68 47.67 47.65 47.68 47.71 47.74 47.69 47.68 47.71 47.71 47.73 47.73 47.74 47.75 47.75 47.77 47.74 47.71 47.65 47.64 47.65
47.78 47.73 47.77 47.8 47.8 47.83 47.84 47.83 47.86 47.84 47.78 47.75 47.75 47.75 47.77 47.79 47.8 47.81 47.85 47.89 47.81 47.76 47.78 47.81 47.84 47.83 47.83 47.84 47.86 47.84 47.81 47.77 47.7 47.65 47.61 47.63 47.6 47.7 47.76 47.76 47.73 47.7 47.69 47.67 47.73 47.78 47.75 47.69 47.69 47.71 47.71 47.73 47.72 47.69 47.64 47.58 47.6 47.68 47.69 47.64 47.63 47.68 47.72 47.71 47.7 47.74 47.76 47.79 47.77 47.76 47.76 47.75 47.75 47.69 47.66 47.62 47.61 47.6
47.8 47.74 47.74 47.75 47.77 47.83 47.85 47.82 47.82 47.82 47.78 47.78 47.75 47.74 47.76 47.8 47.82 47.8 47.81 47.83 47.75 47.74 47.79 47.81 47.79 47.78 47.8 47.79 47.8 47.78 47.77 47.71 47.64 47.64 47.63 47.61 47.61 47.69 47.75 47.77 47.74 47.7 47.65 47.63 47.69 47.76 47.78 47.72 47.7 47.68 47.71 47.71 47.69 47.67 47.64 47.61 47.65 47.7 47.69 47.65 47.65 47.7 47.71 47.72 47.72 47.74 47.78 47.79 47.75 47.75 47.72 47.7 47.69 47.65 47.63 47.62 47.62 47.62
47.83 47.81 47.79 47.78 47.78 47.82 47.84 47.81 47.77 47.76 47.78 47.81 47.74 47.7 47.7 47.71 47.73 47.72 47.74 47.76 47.74 47.73 47.76 47.76 47.73 47.73 47.76 47.72 47.72 47.71 47.7 47.67 47.65 47.65 47.63 47.59 47.63 47.68 47.72 47.76 47.75 47.7 47.62 47.6 47.63 47.69 47.75 47.74 47.74 47.71 47.75 47.71 47.66 47.64 47.65 47.66 47.69 47.7 47.66 47.65 47.69 47.72 47.71 47.73 47.73 47.7 47.74 47.73 47.71 47.73 47.7 47.69 47.68 47.67 47.65 47.64 47.66 47.67
47.83 47.87 47.87 47.86 47.83 47.79 47.77 47.77 47.73 47.69 47.7 47.74 47.66 47.61 47.58 47.58 47.6 47.62 47.64 47.68 47.69 47.69 47.71 47.72 47.71 47.71 47.72 47.7 47.68 47.65 47.65 47.65 47.68 47.66 47.63 47.59 47.62 47.65 47.68 47.74 47.75 47.72 47.65 47.6 47.57 47.62 47.68 47.74 47.79 47.78 47.76 47.71 47.68 47.67 47.71 47.71 47.71 47.73 47.71 47.69 47.69 47.67 47.67 47.73 47.74 47.7 47.71 47.71 47.72 47.74 47.73 47.74 47.73 47.71 47.71 47.69 47.71 47.72
47.85 47.87 47.83 47.8 47.82 47.78 47.74 47.74 47.7 47.66 47.65 47.67 47.57 47.52 47.5 47.53 47.57 47.59 47.58 47.64 47.66 47.69 47.71 47.72 47.74 47.72 47.7 47.73 47.7 47.66 47.64 47.66 47.72 47.71 47.7 47.62 47.6 47.59 47.63 47.7 47.73 47.75 47.73 47.67 47.62 47.65 47.69 47.78 47.84 47.83 47.76 47.71 47.74 47.75 47.78 47.76 47.74 47.75 47.75 47.73 47.69 47.65 47.65 47.72 47.75 47.73 47.74 47.75 47.78 47.78 47.76 47.77 47.77 47.74 47.74 47.73 47.74 47.75
47.85 47.85 47.79 47.76 47.79 47.79 47.75 47.73 47.69 47.63 47.61 47.65 47.56 47.53 47.52 47.56 47.61 47.61 47.58 47.65 47.66 47.68 47.71 47.73 47.75 47.73 47.73 47.74 47.73 47.69 47.66 47.69 47.74 47.73 47.72 47.68 47.63 47.6 47.62 47.67 47.7 47.74 47.76 47.73 47.73 47.75 47.77 47.83 47.85 47.84 47.77 47.67 47.7 47.73 47.73 47.73 47.72 47.72 47.74 47.73 47.71 47.69 47.7 47.76 47.77 47.75 47.78 47.8 47.83 47.81 47.76 47.78 47.8 47.75 47.75 47.75 47.75 47.76
