slabs/3.grd
DSAA
631 301
642000 642630
4946600 4946900
36.24 50.39
[rows 204 to 237 of 300, columns 468 to 545 of 631]
48 48.01 47.99 47.97 47.98 48 48.05 48 47.92 47.88 47.95 47.99 47.99 47.98 47.97 47.94 47.89 47.85 47.85 47.89 47.91 47.89 47.81 47.77 47.79 47.81 47.85 47.86 47.86 47.88 47.92 47.92 47.91 47.89 47.89 47.92 47.92 47.9 47.86 47.84 47.85 47.85 47.85 47.86 47.88 47.87 47.89 47.92 47.97 47.97 47.98 47.98 47.97 47.96 47.98 48 47.99 47.97 47.98 48.03 48.02 48.01 48.03 48.02 48.02 48.03 48.03 48.01 47.98 47.96 47.93 47.92 47.97 47.98 47.96 47.98 47.97 47.96
48.04 48.04 48.01 47.97 47.96 47.97 48.01 47.96 47.9 47.86 47.86 47.91 47.94 47.96 47.93 47.87 47.84 47.83 47.83 47.85 47.85 47.82 47.8 47.77 47.76 47.77 47.8 47.84 47.85 47.88 47.9 47.92 47.93 47.93 47.93 47.95 47.93 47.88 47.85 47.85 47.86 47.9 47.92 47.93 47.92 47.91 47.88 47.87 47.93 47.97 48.02 48.01 48 47.97 47.99 48 48 47.96 47.92 47.97 47.99 47.97 47.99 47.99 47.98 48.01 48.02 48.04 47.98 47.93 47.93 47.94 47.98 47.96 47.91 47.95 47.97 47.96
48.02 48.03 48.02 47.96 47.92 47.93 47.95 47.91 47.86 47.82 47.77 47.8 47.86 47.89 47.85 47.8 47.8 47.8 47.81 47.82 47.82 47.79 47.81 47.79 47.77 47.77 47.8 47.85 47.88 47.9 47.9 47.9 47.9 47.93 47.93 47.93 47.89 47.86 47.86 47.87 47.89 47.92 47.95 47.95 47.92 47.92 47.9 47.89 47.9 47.97 48.01 47.99 47.98 47.99 48.01 48.02 48.03 47.99 47.96 47.99 47.99 47.98 47.97 47.97 47.99 48.01 48 48.02 47.96 47.9 47.9 47.95 47.99 47.95 47.91 47.93 47.97 47.98
47.98 48 48.01 47.92 47.86 47.87 47.9 47.87 47.84 47.81 47.74 47.76 47.8 47.83 47.81 47.77 47.79 47.8 47.81 47.83 47.85 47.84 47.83 47.81 47.79 47.77 47.8 47.86 47.89 47.91 47.91 47.91 47.91 47.93 47.9 47.87 47.83 47.86 47.93 47.97 47.98 47.94 47.92 47.9 47.93 47.89 47.86 47.89 47.88 47.91 47.92 47.93 47.96 48.01 48.05 48.07 48.06 48.04 48.04 48.02 48 48 48 48 48.02 48.01 47.97 47.96 47.92 47.88 47.88 47.93 47.98 47.96 47.92 47.9 47.96 48
47.93 47.93 47.97 47.89 47.82 47.83 47.87 47.85 47.83 47.82 47.77 47.78 47.79 47.81 47.82 47.8 47.81 47.85 47.85 47.87 47.89 47.85 47.84 47.84 47.85 47.82 47.83 47.89 47.92 47.91 47.9 47.9 47.87 47.91 47.87 47.82 47.79 47.87 47.98 48.04 48.05 47.98 47.91 47.88 47.92 47.88 47.84 47.87 47.9 47.89 47.9 47.94 47.97 48.02 48.05 48.06 48.05 48.04 48.02 47.98 47.97 48.02 48.04 48.03 48.02 47.99 47.94 47.93 47.9 47.89 47.89 47.93 47.95 47.96 47.96 47.88 47.94 48.01
47.92 47.9 47.92 47.89 47.82 47.8 47.85 47.85 47.83 47.85 47.81 47.8 47.8 47.81 47.83 47.84 47.86 47.89 47.9 47.91 47.92 47.86 47.85 47.86 47.88 47.86 47.88 47.92 47.91 47.88 47.88 47.88 47.84 47.89 47.85 47.82 47.79 47.85 47.95 47.98 48.01 47.99 47.93 47.91 47.92 47.91 47.87 47.87 47.9 47.91 47.91 47.95 47.97 48 48.02 48.04 48.06 48.03 48 47.97 47.96 48.01 48.04 48.03 47.98 47.97 47.96 47.91 47.89 47.92 47.95 47.94 47.93 47.95 47.99 47.88 47.92 48.01
47.94 47.92 47.92 47.89 47.83 47.8 47.87 47.89 47.87 47.88 47.84 47.82 47.82 47.83 47.85 47.87 47.88 47.88 47.91 47.93 47.93 47.89 47.88 47.86 47.86 47.86 47.89 47.91 47.87 47.9 47.95 47.95 47.9 47.9 47.86 47.85 47.83 47.84 47.91 47.93 47.95 47.95 47.94 47.93 47.92 47.91 47.89 47.85 47.89 47.93 47.92 47.95 47.99 48.01 48.02 48.04 48.06 48.02 47.98 47.97 47.97 47.97 47.97 47.98 47.93 47.93 47.93 47.87 47.87 47.94 47.96 47.94 47.93 47.94 47.99 47.9 47.93 47.98
47.95 47.96 47.96 47.92 47.86 47.84 47.89 47.89 47.86 47.88 47.88 47.87 47.86 47.87 47.87 47.87 47.87 47.84 47.84 47.86 47.88 47.88 47.85 47.86 47.85 47.84 47.85 47.88 47.89 47.93 47.99 47.99 47.92 47.91 47.91 47.9 47.89 47.89 47.91 47.92 47.94 47.95 47.94 47.93 47.92 47.94 47.94 47.89 47.91 47.94 47.92 47.95 48 48.01 48.02 48.04 48.04 48 47.96 47.96 47.94 47.88 47.85 47.86 47.87 47.89 47.87 47.82 47.85 47.94 47.94 47.92 47.91 47.91 47.94 47.91 47.93 47.96
47.94 47.96 47.99 47.97 47.94 47.92 47.9 47.85 47.82 47.85 47.89 47.91 47.91 47.91 47.87 47.85 47.83 47.81 47.78 47.78 47.82 47.83 47.78 47.79 47.81 47.81 47.8 47.81 47.89 47.93 47.95 47.95 47.9 47.93 47.95 47.94 47.93 47.93 47.94 47.92 47.94 47.97 47.95 47.93 47.95 47.98 47.98 47.94 47.95 47.95 47.94 47.97 48.01 48.02 48.02 48 47.96 47.95 47.92 47.92 47.94 47.89 47.83 47.79 47.85 47.9 47.89 47.83 47.86 47.94 47.92 47.89 47.88 47.87 47.87 47.9 47.92 47.91
47.91 47.92 47.97 47.97 47.96 47.94 47.88 47.84 47.84 47.84 47.86 47.89 47.92 47.92 47.87 47.83 47.79 47.78 47.77 47.76 47.78 47.78 47.74 47.74 47.77 47.8 47.82 47.82 47.88 47.92 47.92 47.9 47.88 47.93 47.97 47.95 47.95 47.95 47.96 47.94 47.94 47.95 47.94 47.94 47.94 47.96 47.98 47.96 47.98 47.98 47.97 47.99 48.03 48.04 48.04 47.98 47.95 47.96 47.97 47.96 47.96 47.93 47.91 47.84 47.86 47.92 47.92 47.86 47.88 47.94 47.92 47.88 47.88 47.89 47.87 47.94 47.93 47.89
47.87 47.88 47.93 47.95 47.94 47.93 47.89 47.87 47.87 47.83 47.81 47.82 47.87 47.88 47.84 47.81 47.79 47.78 47.76 47.75 47.76 47.77 47.75 47.76 47.8 47.84 47.88 47.87 47.9 47.91 47.89 47.87 47.88 47.92 47.95 47.94 47.94 47.95 47.93 47.94 47.94 47.93 47.91 47.95 47.95 47.95 47.98 47.96 47.97 48 47.99 48 48.03 48.01 48.02 48.01 48 48.01 48.01 47.98 47.94 47.9 47.94 47.9 47.89 47.94 47.93 47.9 47.92 47.96 47.95 47.88 47.9 47.93 47.91 47.98 47.98 47.93
47.88 47.9 47.94 47.96 47.97 47.96 47.92 47.9 47.86 47.81 47.78 47.77 47.82 47.87 47.86 47.83 47.83 47.81 47.78 47.78 47.79 47.81 47.8 47.78 47.83 47.88 47.9 47.89 47.9 47.89 47.87 47.85 47.87 47.91 47.92 47.91 47.9 47.93 47.91 47.92 47.93 47.91 47.89 47.94 47.93 47.94 47.96 47.96 47.98 48 47.99 48 48 47.95 47.95 48.01 48.01 47.97 47.96 47.97 47.97 47.95 47.98 47.98 47.93 47.93 47.93 47.92 47.93 47.96 47.95 47.88 47.92 47.95 47.98 48.03 48.04 47.99
47.86 47.9 47.97 47.98 47.95 47.93 47.9 47.88 47.85 47.81 47.79 47.79 47.85 47.9 47.88 47.84 47.85 47.85 47.81 47.81 47.82 47.85 47.84 47.83 47.85 47.87 47.87 47.87 47.86 47.83 47.81 47.79 47.82 47.89 47.9 47.9 47.87 47.89 47.89 47.88 47.89 47.89 47.86 47.87 47.88 47.92 47.93 47.99 48.02 47.98 47.94 47.98 47.95 47.9 47.91 48 48.02 47.96 47.96 48.02 48.03 48.01 47.99 48.01 47.96 47.93 47.96 47.92 47.92 47.95 47.95 47.89 47.9 47.95 47.99 48.05 48.07 48.03
47.81 47.83 47.92 47.96 47.95 47.93 47.88 47.87 47.87 47.84 47.82 47.82 47.87 47.93 47.92 47.89 47.87 47.88 47.85 47.82 47.83 47.83 47.82 47.82 47.83 47.84 47.85 47.85 47.82 47.77 47.76 47.74 47.76 47.84 47.87 47.93 47.89 47.87 47.87 47.84 47.87 47.86 47.82 47.84 47.87 47.92 47.94 47.99 47.99 47.95 47.94 47.99 47.94 47.9 47.92 48 48.01 47.95 47.95 48.02 48.05 48.03 47.97 48 48 47.97 47.99 47.92 47.9 47.94 47.96 47.9 47.88 47.93 48.01 48.04 48.04 48.04
47.86 47.83 47.89 47.93 47.95 47.93 47.85 47.83 47.85 47.86 47.83 47.82 47.87 47.91 47.92 47.91 47.9 47.9 47.86 47.83 47.85 47.83 47.81 47.79 47.77 47.82 47.86 47.85 47.8 47.76 47.74 47.71 47.75 47.84 47.89 47.94 47.9 47.86 47.87 47.88 47.91 47.89 47.85 47.87 47.92 47.94 47.91 47.93 47.94 47.93 47.96 48.01 47.97 47.93 47.95 47.97 47.96 47.93 47.92 48 48.04 48.03 47.96 47.98 48 47.98 47.99 47.9 47.88 47.93 47.97 47.92 47.88 47.94 48.04 48.06 48.01 48.02
47.92 47.86 47.86 47.9 47.94 47.92 47.83 47.81 47.83 47.86 47.87 47.87 47.91 47.88 47.87 47.86 47.88 47.89 47.82 47.8 47.82 47.84 47.87 47.85 47.78 47.78 47.83 47.84 47.79 47.77 47.77 47.74 47.79 47.86 47.88 47.9 47.89 47.87 47.91 47.95 47.96 47.93 47.92 47.94 47.97 47.97 47.9 47.9 47.92 47.93 47.98 48.02 48 47.98 47.98 47.95 47.93 47.92 47.92 48 48.03 48.01 47.97 47.96 47.96 47.97 47.96 47.88 47.87 47.9 47.94 47.91 47.9 47.98 48.07 48.09 48.05 48.05
47.94 47.88 47.85 47.86 47.88 47.91 47.87 47.86 47.86 47.87 47.88 47.9 47.93 47.85 47.77 47.73 47.75 47.77 47.71 47.75 47.77 47.83 47.91 47.89 47.81 47.77 47.8 47.81 47.74 47.77 47.8 47.8 47.82 47.85 47.86 47.88 47.9 47.92 47.93 47.96 47.95 47.95 47.95 47.95 48 48 47.95 47.95 47.97 47.99 48.02 48.03 48.02 47.99 47.95 47.94 47.93 47.93 47.94 47.99 47.97 47.94 47.96 47.95 47.93 47.95 47.96 47.9 47.87 47.83 47.88 47.89 47.88 48 48.09 48.1 48.08 48.07
47.95 47.9 47.88 47.88 47.87 47.91 47.92 47.91 47.91 47.88 47.84 47.83 47.82 47.77 47.69 47.62 47.61 47.62 47.6 47.68 47.75 47.8 47.86 47.85 47.78 47.78 47.81 47.8 47.73 47.73 47.77 47.8 47.84 47.86 47.87 47.88 47.92 47.94 47.93 47.93 47.94 47.97 47.96 47.96 48.01 48.02 47.98 47.97 47.99 48.03 48.02 48.01 47.98 47.95 47.93 47.95 47.96 47.96 47.95 47.94 47.9 47.87 47.92 47.94 47.93 47.92 47.93 47.92 47.89 47.85 47.9 47.93 47.91 48.01 48.06 48.07 48.06 48.06
47.96 47.91 47.9 47.92 47.92 47.91 47.9 47.89 47.89 47.85 47.79 47.72 47.67 47.67 47.68 47.63 47.59 47.61 47.61 47.64 47.69 47.74 47.8 47.85 47.79 47.78 47.8 47.82 47.79 47.76 47.77 47.81 47.85 47.88 47.9 47.88 47.91 47.94 47.93 47.92 47.94 47.98 47.96 47.96 47.99 47.99 47.96 47.92 47.93 47.98 47.96 47.95 47.93 47.91 47.95 47.98 47.97 47.97 47.97 47.94 47.89 47.85 47.93 47.97 47.93 47.91 47.94 47.98 47.96 47.93 47.94 47.98 47.99 48 48.02 48.05 48.04 48.05
47.97 47.89 47.89 47.93 47.94 47.86 47.83 47.81 47.79 47.74 47.71 47.65 47.62 47.66 47.69 47.66 47.66 47.68 47.69 47.69 47.67 47.7 47.75 47.83 47.8 47.8 47.83 47.84 47.83 47.81 47.8 47.83 47.88 47.91 47.92 47.91 47.91 47.92 47.92 47.93 47.94 47.95 47.94 47.93 47.96 47.99 47.97 47.9 47.87 47.91 47.93 47.93 47.93 47.93 47.96 47.97 47.96 47.96 47.97 47.96 47.94 47.9 47.97 48 47.95 47.94 47.98 48.01 47.99 47.94 47.95 47.99 47.99 47.98 48.02 48.05 48.05 48.03
47.97 47.93 47.94 47.96 47.94 47.85 47.83 47.81 47.75 47.72 47.72 47.69 47.68 47.72 47.72 47.7 47.71 47.72 47.72 47.72 47.72 47.73 47.76 47.82 47.83 47.83 47.84 47.8 47.83 47.83 47.82 47.84 47.9 47.93 47.93 47.94 47.92 47.9 47.9 47.94 47.93 47.91 47.93 47.93 47.98 48.02 47.99 47.95 47.91 47.92 47.94 47.96 47.96 47.93 47.95 47.98 47.99 47.99 47.98 47.96 47.93 47.93 47.98 48 47.98 47.95 47.97 47.98 47.98 47.94 47.95 47.98 47.98 47.98 48 48.05 48.07 48.02
47.93 47.97 47.99 48 47.97 47.94 47.93 47.93 47.85 47.85 47.88 47.86 47.81 47.79 47.78 47.76 47.72 47.72 47.72 47.72 47.77 47.82 47.84 47.86 47.86 47.84 47.84 47.77 47.81 47.84 47.84 47.85 47.91 47.95 47.94 47.94 47.92 47.92 47.91 47.93 47.91 47.88 47.91 47.94 47.98 48.01 48 47.98 47.98 47.99 47.99 47.99 47.97 47.92 47.96 48.01 48.01 47.99 47.96 47.94 47.91 47.9 47.99 48.04 48.04 47.97 47.97 47.96 47.95 47.94 47.95 47.97 47.97 47.98 47.98 48.04 48.08 48.05
47.95 47.92 47.92 47.96 48 48.02 48.03 48.01 47.92 47.92 47.97 47.98 47.91 47.86 47.86 47.83 47.76 47.76 47.77 47.77 47.82 47.87 47.89 47.89 47.87 47.86 47.85 47.81 47.84 47.87 47.88 47.87 47.9 47.93 47.95 47.93 47.91 47.9 47.89 47.9 47.88 47.84 47.9 47.93 47.97 48.01 48.01 47.98 47.99 48.03 48.04 48 47.98 47.94 47.95 47.98 47.97 47.98 47.94 47.92 47.9 47.91 48.01 48.08 48.07 48 47.96 47.95 47.94 47.96 47.97 47.99 47.99 48 48 48.02 48.06 48.05
48 47.92 47.9 47.95 48.01 48.04 48.05 48 47.9 47.91 47.97 47.99 47.94 47.9 47.93 47.9 47.84 47.84 47.85 47.85 47.87 47.89 47.92 47.9 47.87 47.87 47.88 47.86 47.87 47.88 47.89 47.88 47.89 47.92 47.96 47.94 47.88 47.85 47.85 47.87 47.85 47.8 47.9 47.95 47.98 48.02 48.02 47.97 47.97 48 48.01 47.97 47.97 47.99 47.97 47.97 47.97 47.99 47.93 47.91 47.92 47.93 48 48.05 48.04 48.01 48 47.99 47.99 47.97 47.96 47.98 47.98 47.99 47.99 47.98 48 47.99
47.99 47.96 47.99 47.99 48 48.02 48.01 47.96 47.9 47.91 47.95 47.97 47.93 47.92 47.96 47.94 47.91 47.92 47.92 47.88 47.9 47.92 47.93 47.88 47.84 47.83 47.82 47.84 47.86 47.85 47.87 47.9 47.93 47.96 47.98 47.96 47.9 47.87 47.87 47.87 47.85 47.82 47.89 47.94 47.94 47.99 48 47.97 47.97 47.98 47.98 47.96 47.96 47.98 47.97 47.98 47.98 47.98 47.93 47.93 47.96 47.96 47.96 47.99 47.99 48 48 47.99 47.96 47.92 47.91 47.93 47.95 47.94 47.96 47.95 47.93 47.92
48 48 48.03 48.01 48 47.98 47.98 47.95 47.93 47.92 47.93 47.96 47.93 47.91 47.92 47.93 47.94 47.93 47.93 47.87 47.86 47.88 47.86 47.8 47.81 47.79 47.75 47.8 47.85 47.86 47.87 47.94 47.99 48.01 48.01 47.98 47.93 47.9 47.89 47.89 47.87 47.86 47.9 47.93 47.93 47.97 47.98 47.99 48.01 47.99 47.96 47.93 47.92 47.91 47.93 47.98 47.99 47.97 47.96 47.97 47.98 47.95 47.9 47.93 47.93 47.94 47.92 47.88 47.86 47.84 47.84 47.87 47.9 47.88 47.92 47.92 47.88 47.89
48.04 48.06 48.07 48.04 48.03 47.98 47.96 47.95 47.93 47.92 47.92 47.95 47.93 47.89 47.87 47.88 47.89 47.87 47.88 47.85 47.81 47.79 47.75 47.72 47.77 47.8 47.77 47.78 47.84 47.9 47.91 47.96 47.99 47.99 47.99 47.95 47.91 47.89 47.89 47.91 47.9 47.88 47.93 47.97 47.97 47.98 47.98 47.99 48 47.97 47.93 47.9 47.88 47.87 47.91 47.96 47.98 47.93 47.94 47.95 47.93 47.88 47.82 47.82 47.81 47.81 47.79 47.78 47.78 47.77 47.79 47.83 47.89 47.89 47.93 47.94 47.9 47.9
48.07 48.1 48.11 48.1 48.09 48.03 48.01 47.94 47.92 47.92 47.93 47.93 47.89 47.86 47.86 47.86 47.85 47.85 47.85 47.84 47.82 47.81 47.78 47.74 47.76 47.79 47.76 47.75 47.83 47.91 47.91 47.93 47.94 47.94 47.94 47.91 47.9 47.91 47.9 47.94 47.95 47.92 47.97 48 48 47.99 47.97 47.99 48.01 47.97 47.92 47.89 47.89 47.88 47.88 47.9 47.92 47.86 47.85 47.85 47.83 47.78 47.73 47.7 47.72 47.72 47.73 47.76 47.75 47.77 47.81 47.86 47.9 47.96 48.01 48.01 47.97 47.93
48.11 48.12 48.12 48.13 48.12 48.06 48.02 47.93 47.92 47.92 47.91 47.89 47.85 47.84 47.85 47.89 47.91 47.91 47.91 47.89 47.87 47.89 47.88 47.83 47.79 47.77 47.74 47.74 47.85 47.91 47.92 47.91 47.92 47.93 47.93 47.91 47.91 47.91 47.94 47.97 47.96 47.94 47.99 48.02 48.02 47.99 47.95 47.96 47.98 47.95 47.89 47.87 47.86 47.84 47.82 47.81 47.8 47.77 47.75 47.75 47.75 47.75 47.7 47.66 47.71 47.72 47.75 47.78 47.76 47.8 47.86 47.9 47.91 47.96 48 48.01 47.98 47.94
48.15 48.13 48.12 48.09 48.08 48.06 48.03 47.95 47.92 47.93 47.92 47.92 47.91 47.87 47.88 47.94 47.96 47.94 47.92 47.94 47.92 47.92 47.9 47.85 47.82 47.79 47.76 47.79 47.89 47.92 47.93 47.92 47.93 47.91 47.92 47.93 47.91 47.91 47.95 47.96 47.94 47.92 47.96 47.99 47.99 47.96 47.89 47.87 47.88 47.83 47.8 47.8 47.81 47.79 47.77 47.78 47.74 47.72 47.72 47.71 47.73 47.8 47.76 47.72 47.73 47.74 47.76 47.78 47.76 47.81 47.87 47.9 47.93 47.96 47.98 48 47.99 47.96
48.12 48.09 48.05 48.02 48.02 48.04 48.02 47.93 47.93 47.99 48.02 48.02 47.97 47.9 47.92 47.97 47.95 47.89 47.88 47.93 47.92 47.9 47.88 47.85 47.84 47.84 47.81 47.84 47.91 47.9 47.92 47.93 47.93 47.88 47.88 47.91 47.92 47.91 47.91 47.91 47.88 47.87 47.89 47.89 47.87 47.87 47.83 47.8 47.79 47.75 47.73 47.76 47.79 47.78 47.77 47.77 47.74 47.73 47.76 47.79 47.79 47.81 47.79 47.77 47.76 47.77 47.8 47.8 47.76 47.82 47.89 47.92 47.93 47.97 48 48.01 48 47.98
48.09 48.05 48.03 48.04 48.03 48.01 47.92 47.85 47.9 47.97 48 48.01 47.97 47.91 47.94 47.97 47.94 47.9 47.89 47.92 47.91 47.89 47.86 47.85 47.85 47.87 47.83 47.84 47.88 47.89 47.93 47.94 47.91 47.87 47.83 47.85 47.88 47.88 47.84 47.84 47.81 47.79 47.82 47.81 47.79 47.81 47.81 47.78 47.79 47.78 47.73 47.72 47.75 47.77 47.79 47.78 47.75 47.73 47.79 47.85 47.83 47.8 47.77 47.76 47.76 47.8 47.83 47.82 47.82 47.85 47.89 47.93 47.92 47.95 48.01 48.03 48.01 47.99
48.11 48.08 48.08 48.11 48.1 48.07 47.91 47.84 47.87 47.91 47.9 47.97 47.97 47.93 47.95 47.96 47.94 47.92 47.9 47.9 47.91 47.9 47.85 47.82 47.82 47.85 47.84 47.84 47.86 47.87 47.9 47.91 47.89 47.85 47.77 47.75 47.77 47.8 47.8 47.8 47.77 47.72 47.77 47.8 47.82 47.85 47.83 47.79 47.81 47.79 47.72 47.7 47.71 47.77 47.85 47.83 47.79 47.78 47.82 47.85 47.83 47.82 47.81 47.81 47.8 47.83 47.85 47.82 47.88 47.89 47.87 47.9 47.91 47.92 47.97 48 47.98 47.98
48.11 48.09 48.06 48.09 48.12 48.13 48.01 47.9 47.87 47.87 47.84 47.91 47.94 47.94 47.93 47.92 47.9 47.88 47.86 47.88 47.91 47.9 47.82 47.76 47.78 47.79 47.8 47.81 47.8 47.78 47.82 47.84 47.84 47.82 47.73 47.7 47.7 47.74 47.81 47.82 47.8 47.7 47.73 47.8 47.87 47.9 47.85 47.8 47.79 47.76 47.72 47.71 47.69 47.75 47.86 47.85 47.82 47.8 47.83 47.85 47.84 47.85 47.87 47.88 47.84 47.87 47.88 47.82 47.86 47.89 47.85 47.87 47.88 47.89 47.91 47.92 47.93 47.95
