slabs/3.grd
DSAA
631 301
642000 642630
4946600 4946900
36.24 50.39
[rows 102 to 135 of 300, columns 546 to 623 of 631]
47.74 47.73 47.73 47.73 47.82 47.87 47.84 47.83 47.87 47.95 48 47.99 47.99 47.98 47.93 47.92 47.88 47.89 47.9 47.85 47.81 47.8 47.81 47.83 47.8 47.7 47.61 47.6 47.59 47.54 47.52 47.59 47.77 48 48.28 48.77 49.32 49.65 49.73 49.78 49.77 49.72 49.57 49.16 48.52 48.12 47.81 47.55 47.46 47.45 47.45 47.44 47.42 47.41 47.44 47.46 47.46 47.46 47.44 47.46 47.49 47.53 47.57 47.58 47.6 47.58 47.46 47.06 46.69 46.36 45.79 45.09 44.67 44.23 43.72 43.17 42.84 42.41
47.75 47.74 47.75 47.75 47.81 47.85 47.83 47.81 47.84 47.96 48.03 48 47.96 47.97 47.96 47.94 47.88 47.83 47.81 47.79 47.84 47.85 47.83 47.79 47.77 47.71 47.66 47.65 47.61 47.54 47.49 47.58 47.8 47.99 48.28 48.84 49.39 49.66 49.73 49.78 49.81 49.79 49.61 49.16 48.51 48.11 47.8 47.54 47.47 47.46 47.48 47.45 47.44 47.43 47.45 47.47 47.48 47.48 47.47 47.48 47.49 47.52 47.57 47.58 47.59 47.57 47.44 47.04 46.69 46.33 45.76 45.04 44.6 44.16 43.72 43.16 42.8 42.32
47.75 47.76 47.76 47.78 47.84 47.86 47.83 47.8 47.82 47.94 48.02 48.01 47.96 47.96 47.97 47.93 47.84 47.74 47.71 47.73 47.84 47.85 47.83 47.77 47.72 47.72 47.73 47.71 47.62 47.54 47.5 47.59 47.86 48.04 48.29 48.84 49.38 49.65 49.74 49.8 49.83 49.82 49.61 49.12 48.47 48.08 47.82 47.58 47.48 47.47 47.49 47.47 47.46 47.47 47.46 47.49 47.51 47.5 47.49 47.5 47.49 47.48 47.55 47.56 47.56 47.56 47.43 47.03 46.7 46.27 45.71 45.01 44.58 44.12 43.69 43.23 42.84 42.27
47.72 47.77 47.78 47.81 47.88 47.88 47.84 47.8 47.81 47.89 47.97 48 47.96 47.95 47.94 47.89 47.8 47.7 47.68 47.72 47.79 47.83 47.83 47.79 47.74 47.73 47.76 47.72 47.6 47.54 47.52 47.61 47.87 48.04 48.31 48.85 49.4 49.67 49.77 49.82 49.8 49.76 49.58 49.14 48.49 48.12 47.85 47.61 47.49 47.48 47.5 47.49 47.48 47.49 47.47 47.5 47.54 47.52 47.49 47.48 47.49 47.46 47.49 47.5 47.5 47.55 47.41 47.02 46.72 46.26 45.66 44.99 44.59 44.14 43.65 43.3 42.89 42.27
47.68 47.75 47.8 47.83 47.88 47.88 47.86 47.83 47.81 47.85 47.9 47.91 47.93 47.95 47.93 47.88 47.79 47.71 47.7 47.7 47.75 47.83 47.86 47.85 47.79 47.77 47.74 47.67 47.58 47.52 47.5 47.63 47.84 48 48.31 48.87 49.43 49.68 49.77 49.81 49.78 49.73 49.6 49.19 48.54 48.18 47.89 47.63 47.51 47.5 47.51 47.48 47.48 47.5 47.49 47.52 47.55 47.54 47.51 47.48 47.49 47.46 47.45 47.45 47.47 47.53 47.39 47.02 46.76 46.3 45.65 45.07 44.66 44.17 43.65 43.31 42.86 42.23
47.68 47.73 47.77 47.78 47.83 47.85 47.84 47.83 47.81 47.81 47.83 47.84 47.89 47.94 47.94 47.89 47.8 47.72 47.69 47.67 47.72 47.8 47.83 47.85 47.79 47.75 47.7 47.63 47.57 47.52 47.51 47.63 47.79 47.91 48.28 48.88 49.43 49.69 49.76 49.79 49.77 49.75 49.63 49.21 48.58 48.21 47.91 47.65 47.54 47.52 47.52 47.48 47.48 47.5 47.5 47.54 47.57 47.54 47.52 47.49 47.48 47.45 47.45 47.46 47.47 47.49 47.37 47.1 46.85 46.35 45.67 45.19 44.74 44.23 43.71 43.32 42.83 42.18
47.69 47.73 47.75 47.73 47.81 47.83 47.79 47.79 47.8 47.81 47.82 47.85 47.91 47.95 47.97 47.91 47.81 47.72 47.68 47.66 47.68 47.72 47.75 47.79 47.79 47.73 47.65 47.6 47.56 47.53 47.52 47.62 47.76 47.85 48.25 48.86 49.43 49.7 49.75 49.78 49.78 49.79 49.65 49.19 48.66 48.25 47.92 47.67 47.56 47.52 47.5 47.49 47.49 47.5 47.51 47.55 47.58 47.53 47.5 47.49 47.48 47.45 47.46 47.48 47.48 47.47 47.35 47.2 46.93 46.39 45.69 45.22 44.75 44.26 43.72 43.29 42.78 42.14
47.67 47.7 47.73 47.74 47.84 47.82 47.75 47.76 47.79 47.82 47.84 47.91 47.98 48 47.99 47.91 47.81 47.72 47.68 47.65 47.66 47.68 47.7 47.75 47.78 47.75 47.67 47.62 47.58 47.54 47.52 47.61 47.77 47.86 48.21 48.83 49.42 49.7 49.77 49.79 49.78 49.81 49.64 49.16 48.74 48.28 47.92 47.68 47.56 47.52 47.49 47.48 47.5 47.5 47.51 47.54 47.55 47.54 47.52 47.51 47.49 47.46 47.46 47.47 47.49 47.51 47.4 47.23 46.95 46.4 45.71 45.26 44.8 44.26 43.67 43.25 42.73 42.11
47.65 47.67 47.7 47.72 47.79 47.78 47.73 47.74 47.78 47.82 47.84 47.94 48.01 47.99 47.95 47.86 47.79 47.72 47.7 47.64 47.64 47.67 47.69 47.74 47.75 47.72 47.69 47.66 47.6 47.53 47.51 47.59 47.76 47.88 48.16 48.78 49.35 49.63 49.76 49.78 49.76 49.78 49.63 49.15 48.75 48.31 47.93 47.68 47.55 47.53 47.51 47.49 47.49 47.5 47.52 47.55 47.56 47.56 47.53 47.51 47.49 47.45 47.46 47.48 47.52 47.57 47.48 47.32 47.02 46.42 45.68 45.24 44.84 44.26 43.61 43.21 42.72 42.09
47.64 47.65 47.66 47.7 47.74 47.75 47.73 47.73 47.76 47.81 47.83 47.92 47.97 47.95 47.89 47.81 47.8 47.78 47.77 47.7 47.66 47.66 47.7 47.74 47.71 47.68 47.71 47.68 47.59 47.52 47.51 47.58 47.74 47.84 48.12 48.71 49.19 49.52 49.73 49.77 49.76 49.76 49.64 49.18 48.76 48.34 47.94 47.69 47.58 47.55 47.54 47.51 47.5 47.53 47.54 47.54 47.55 47.56 47.54 47.52 47.5 47.48 47.48 47.5 47.53 47.6 47.56 47.44 47.11 46.46 45.65 45.19 44.83 44.28 43.58 43.18 42.71 42.07
47.63 47.64 47.62 47.65 47.69 47.71 47.72 47.72 47.75 47.78 47.81 47.89 47.93 47.93 47.87 47.82 47.88 47.91 47.91 47.82 47.71 47.67 47.72 47.75 47.72 47.68 47.73 47.69 47.6 47.55 47.52 47.62 47.75 47.79 48.06 48.62 49.05 49.46 49.71 49.74 49.75 49.78 49.66 49.21 48.79 48.33 47.92 47.7 47.62 47.56 47.54 47.52 47.52 47.55 47.55 47.54 47.54 47.56 47.54 47.52 47.51 47.49 47.49 47.52 47.55 47.65 47.62 47.5 47.15 46.48 45.67 45.2 44.81 44.29 43.58 43.16 42.65 42.01
47.63 47.65 47.62 47.62 47.66 47.69 47.71 47.73 47.75 47.77 47.8 47.85 47.9 47.92 47.85 47.84 47.94 48.02 48.06 47.94 47.78 47.71 47.74 47.78 47.77 47.76 47.77 47.7 47.64 47.61 47.54 47.64 47.75 47.78 48.02 48.58 49 49.46 49.69 49.72 49.73 49.82 49.69 49.2 48.81 48.32 47.91 47.7 47.62 47.56 47.55 47.54 47.53 47.55 47.56 47.57 47.56 47.58 47.55 47.52 47.5 47.49 47.51 47.54 47.56 47.66 47.62 47.49 47.14 46.5 45.74 45.29 44.84 44.27 43.58 43.15 42.6 41.99
47.62 47.66 47.66 47.63 47.64 47.67 47.71 47.74 47.75 47.75 47.79 47.84 47.89 47.89 47.83 47.85 47.97 48.07 48.14 48.01 47.86 47.79 47.78 47.8 47.82 47.85 47.82 47.71 47.66 47.61 47.55 47.63 47.71 47.79 48.03 48.6 49.03 49.5 49.7 49.74 49.77 49.85 49.68 49.16 48.77 48.29 47.92 47.7 47.59 47.57 47.57 47.55 47.54 47.55 47.57 47.59 47.59 47.59 47.56 47.53 47.5 47.5 47.53 47.57 47.57 47.62 47.54 47.43 47.11 46.48 45.78 45.39 44.92 44.24 43.66 43.21 42.59 42.02
47.59 47.67 47.68 47.63 47.64 47.69 47.74 47.76 47.74 47.72 47.78 47.86 47.92 47.92 47.88 47.9 48.01 48.1 48.15 48.02 47.88 47.82 47.82 47.83 47.84 47.89 47.88 47.75 47.66 47.61 47.55 47.61 47.71 47.81 48.06 48.63 49.04 49.52 49.74 49.78 49.8 49.83 49.64 49.1 48.72 48.29 47.94 47.73 47.62 47.6 47.58 47.56 47.55 47.56 47.58 47.6 47.6 47.59 47.56 47.55 47.54 47.53 47.55 47.57 47.59 47.59 47.5 47.4 47.07 46.41 45.84 45.45 44.93 44.19 43.69 43.22 42.6 42.03
47.56 47.65 47.66 47.63 47.66 47.71 47.78 47.79 47.74 47.71 47.77 47.88 47.97 47.98 47.99 47.98 48.01 48.03 48.09 48.01 47.85 47.79 47.86 47.9 47.89 47.93 47.92 47.78 47.68 47.62 47.56 47.63 47.74 47.82 48.1 48.65 49.03 49.47 49.76 49.81 49.82 49.8 49.58 49.11 48.77 48.33 47.94 47.78 47.67 47.61 47.59 47.58 47.59 47.59 47.6 47.62 47.6 47.6 47.59 47.58 47.57 47.58 47.59 47.58 47.6 47.6 47.5 47.41 46.99 46.35 45.91 45.48 44.86 44.13 43.62 43.16 42.59 42.01
47.53 47.59 47.61 47.62 47.64 47.68 47.78 47.79 47.73 47.71 47.76 47.88 47.98 48.01 48.03 48.01 47.99 48.01 48.07 48.03 47.88 47.83 47.94 47.96 47.94 47.95 47.92 47.81 47.73 47.66 47.59 47.65 47.77 47.8 48.1 48.65 49.02 49.42 49.73 49.8 49.81 49.8 49.57 49.21 48.87 48.37 47.95 47.8 47.68 47.61 47.6 47.6 47.61 47.6 47.61 47.64 47.59 47.6 47.59 47.56 47.56 47.59 47.61 47.63 47.58 47.62 47.57 47.42 46.93 46.3 45.9 45.47 44.82 44.07 43.59 43.13 42.58 41.98
47.49 47.51 47.56 47.59 47.58 47.58 47.7 47.75 47.72 47.71 47.76 47.87 47.96 48 48 47.97 47.99 48.05 48.1 48.06 47.94 47.87 47.91 47.94 47.93 47.95 47.92 47.84 47.79 47.72 47.62 47.64 47.72 47.76 48.06 48.64 49.01 49.4 49.69 49.78 49.8 49.84 49.6 49.29 48.91 48.37 47.96 47.81 47.69 47.62 47.62 47.63 47.61 47.6 47.62 47.62 47.59 47.58 47.54 47.53 47.56 47.58 47.61 47.65 47.59 47.6 47.58 47.39 46.91 46.26 45.86 45.42 44.77 44.03 43.55 43.1 42.58 41.95
47.48 47.47 47.5 47.57 47.57 47.54 47.61 47.69 47.7 47.69 47.71 47.81 47.9 47.94 47.94 47.95 47.96 48.02 48.04 47.98 47.91 47.79 47.78 47.86 47.92 47.96 47.95 47.87 47.83 47.76 47.63 47.59 47.65 47.72 48.02 48.57 48.96 49.41 49.7 49.77 49.8 49.87 49.65 49.37 48.96 48.38 47.98 47.83 47.7 47.63 47.63 47.63 47.61 47.61 47.61 47.59 47.59 47.59 47.56 47.56 47.58 47.59 47.62 47.64 47.59 47.56 47.51 47.35 46.93 46.24 45.81 45.36 44.72 44 43.56 43.09 42.57 41.93
47.5 47.49 47.48 47.57 47.59 47.57 47.58 47.63 47.64 47.64 47.68 47.75 47.82 47.88 47.95 47.99 47.99 48.01 47.99 47.88 47.84 47.75 47.71 47.82 47.9 47.94 47.94 47.88 47.85 47.76 47.63 47.57 47.63 47.72 48.01 48.44 48.86 49.42 49.74 49.8 49.81 49.86 49.67 49.44 49.01 48.38 47.97 47.8 47.68 47.62 47.62 47.62 47.62 47.62 47.63 47.62 47.62 47.62 47.61 47.6 47.61 47.6 47.61 47.62 47.58 47.54 47.49 47.37 46.94 46.23 45.78 45.34 44.68 43.98 43.59 43.09 42.51 41.87
47.5 47.5 47.47 47.55 47.59 47.57 47.55 47.59 47.61 47.61 47.67 47.74 47.8 47.91 48 48.03 48.02 48.02 47.96 47.84 47.79 47.74 47.71 47.77 47.83 47.86 47.85 47.83 47.82 47.74 47.62 47.56 47.62 47.74 48.04 48.36 48.81 49.39 49.71 49.8 49.81 49.83 49.66 49.44 49 48.36 47.95 47.79 47.67 47.63 47.64 47.64 47.63 47.62 47.63 47.65 47.63 47.63 47.63 47.62 47.62 47.59 47.58 47.6 47.58 47.53 47.47 47.36 46.93 46.24 45.79 45.3 44.64 43.97 43.62 43.11 42.45 41.83
47.49 47.48 47.45 47.53 47.58 47.58 47.54 47.56 47.58 47.61 47.65 47.74 47.82 47.94 47.99 47.98 47.97 47.98 47.93 47.84 47.79 47.75 47.71 47.71 47.73 47.75 47.76 47.76 47.77 47.72 47.62 47.55 47.62 47.76 48.06 48.35 48.8 49.39 49.68 49.77 49.79 49.81 49.66 49.47 49.03 48.37 47.95 47.83 47.68 47.64 47.63 47.62 47.62 47.62 47.63 47.65 47.62 47.61 47.61 47.61 47.61 47.59 47.57 47.6 47.58 47.5 47.42 47.3 46.9 46.24 45.81 45.27 44.6 43.97 43.62 43.11 42.43 41.92
47.51 47.48 47.45 47.49 47.55 47.56 47.53 47.53 47.57 47.61 47.66 47.75 47.84 47.93 47.91 47.89 47.89 47.92 47.89 47.83 47.81 47.77 47.71 47.69 47.69 47.69 47.71 47.73 47.75 47.73 47.63 47.53 47.6 47.76 48.02 48.3 48.78 49.41 49.7 49.76 49.77 49.79 49.66 49.5 49.06 48.37 47.94 47.82 47.67 47.63 47.62 47.6 47.6 47.62 47.63 47.64 47.61 47.59 47.57 47.61 47.63 47.62 47.58 47.59 47.57 47.49 47.42 47.27 46.86 46.23 45.81 45.26 44.57 44.02 43.64 43.13 42.47 42.07
47.54 47.5 47.48 47.48 47.52 47.55 47.52 47.51 47.55 47.62 47.67 47.75 47.85 47.91 47.88 47.87 47.87 47.89 47.85 47.76 47.73 47.72 47.69 47.69 47.71 47.7 47.72 47.74 47.76 47.73 47.63 47.54 47.6 47.72 47.97 48.24 48.77 49.41 49.7 49.74 49.76 49.79 49.67 49.52 49.04 48.37 47.96 47.82 47.69 47.63 47.62 47.59 47.59 47.62 47.63 47.64 47.62 47.61 47.58 47.63 47.66 47.64 47.59 47.6 47.56 47.48 47.41 47.25 46.83 46.2 45.79 45.24 44.51 44.06 43.67 43.15 42.53 42.18
47.55 47.51 47.5 47.51 47.52 47.56 47.54 47.51 47.52 47.59 47.64 47.75 47.86 47.95 47.94 47.92 47.91 47.92 47.83 47.7 47.66 47.67 47.68 47.7 47.74 47.75 47.76 47.77 47.77 47.73 47.66 47.61 47.63 47.72 47.99 48.25 48.81 49.43 49.71 49.76 49.78 49.81 49.69 49.53 49.04 48.38 48.01 47.84 47.71 47.63 47.62 47.59 47.59 47.62 47.64 47.64 47.65 47.64 47.62 47.65 47.67 47.63 47.6 47.61 47.58 47.48 47.4 47.24 46.82 46.3 45.86 45.26 44.52 44.05 43.63 43.1 42.51 42.19
47.58 47.56 47.55 47.52 47.47 47.54 47.55 47.51 47.49 47.53 47.62 47.78 47.89 48.03 48.04 48 47.98 47.93 47.83 47.76 47.73 47.71 47.71 47.73 47.77 47.78 47.78 47.78 47.77 47.73 47.68 47.64 47.64 47.74 48.01 48.29 48.85 49.46 49.73 49.78 49.82 49.82 49.73 49.55 49.07 48.36 48.01 47.84 47.69 47.62 47.61 47.58 47.59 47.62 47.65 47.62 47.65 47.65 47.63 47.65 47.64 47.63 47.63 47.65 47.63 47.55 47.46 47.29 46.88 46.5 45.99 45.33 44.59 44.09 43.64 43.05 42.45 42.12
47.64 47.61 47.6 47.53 47.46 47.48 47.52 47.5 47.47 47.49 47.62 47.83 47.93 48.06 48.13 48.1 48.06 47.94 47.84 47.8 47.78 47.74 47.72 47.73 47.74 47.75 47.75 47.75 47.75 47.72 47.67 47.63 47.64 47.75 48.02 48.3 48.87 49.47 49.74 49.78 49.82 49.8 49.73 49.57 49.05 48.33 47.99 47.83 47.68 47.61 47.61 47.59 47.6 47.62 47.64 47.61 47.63 47.62 47.6 47.62 47.61 47.62 47.63 47.66 47.65 47.59 47.52 47.35 46.93 46.55 46.02 45.34 44.61 44.14 43.71 43.04 42.41 42.08
47.69 47.67 47.62 47.54 47.5 47.45 47.48 47.49 47.47 47.5 47.61 47.83 47.94 48.04 48.11 48.1 48.08 47.97 47.87 47.78 47.74 47.72 47.69 47.69 47.69 47.7 47.71 47.72 47.7 47.68 47.65 47.61 47.65 47.78 48.01 48.29 48.88 49.47 49.73 49.75 49.77 49.76 49.73 49.57 49 48.3 47.97 47.82 47.69 47.63 47.61 47.61 47.62 47.62 47.62 47.61 47.61 47.61 47.6 47.59 47.58 47.58 47.57 47.62 47.62 47.57 47.53 47.39 46.96 46.56 46.03 45.3 44.55 44.14 43.7 43.02 42.39 42.05
47.7 47.7 47.63 47.55 47.52 47.47 47.46 47.49 47.49 47.53 47.6 47.76 47.92 48 48.05 48.08 48.05 47.96 47.89 47.81 47.75 47.73 47.7 47.68 47.67 47.67 47.67 47.66 47.63 47.64 47.61 47.57 47.63 47.79 47.95 48.25 48.87 49.46 49.72 49.75 49.75 49.75 49.74 49.57 49 48.3 47.95 47.8 47.68 47.62 47.61 47.62 47.62 47.61 47.61 47.62 47.62 47.62 47.62 47.59 47.59 47.58 47.57 47.59 47.6 47.6 47.54 47.41 46.98 46.6 46.05 45.25 44.48 44.1 43.68 43.03 42.38 42.03
47.66 47.68 47.62 47.56 47.52 47.48 47.47 47.49 47.5 47.54 47.58 47.67 47.85 47.94 48 48.05 47.98 47.91 47.88 47.85 47.81 47.77 47.73 47.72 47.71 47.68 47.64 47.62 47.59 47.62 47.58 47.54 47.61 47.78 47.9 48.21 48.84 49.43 49.71 49.77 49.77 49.77 49.75 49.59 49.01 48.3 47.95 47.79 47.66 47.61 47.61 47.62 47.62 47.61 47.61 47.64 47.65 47.64 47.63 47.6 47.59 47.57 47.58 47.6 47.64 47.65 47.58 47.4 46.95 46.57 46.05 45.26 44.5 44.12 43.7 43.07 42.43 42.05
47.66 47.67 47.62 47.57 47.54 47.48 47.47 47.48 47.51 47.53 47.57 47.62 47.78 47.88 47.96 47.99 47.87 47.8 47.84 47.87 47.84 47.76 47.74 47.77 47.75 47.69 47.64 47.62 47.61 47.61 47.56 47.54 47.61 47.75 47.87 48.18 48.81 49.43 49.75 49.78 49.76 49.77 49.78 49.6 49.03 48.32 47.98 47.81 47.66 47.63 47.62 47.62 47.62 47.62 47.64 47.65 47.66 47.66 47.65 47.62 47.59 47.57 47.58 47.62 47.67 47.69 47.62 47.4 46.92 46.56 46.06 45.28 44.54 44.17 43.72 43.08 42.55 42.12
47.68 47.66 47.62 47.61 47.6 47.53 47.49 47.5 47.54 47.55 47.56 47.58 47.7 47.82 47.88 47.9 47.78 47.71 47.76 47.8 47.79 47.74 47.73 47.75 47.74 47.69 47.68 47.65 47.61 47.57 47.54 47.53 47.61 47.73 47.83 48.15 48.84 49.49 49.81 49.77 49.73 49.77 49.82 49.61 49.07 48.35 47.97 47.79 47.67 47.62 47.62 47.63 47.63 47.63 47.64 47.66 47.68 47.67 47.67 47.65 47.62 47.6 47.62 47.63 47.65 47.66 47.62 47.4 46.91 46.58 46.06 45.27 44.57 44.21 43.73 43.04 42.6 42.17
47.66 47.6 47.59 47.6 47.59 47.54 47.51 47.52 47.58 47.56 47.54 47.54 47.63 47.73 47.78 47.78 47.72 47.66 47.68 47.71 47.74 47.75 47.79 47.81 47.8 47.78 47.79 47.75 47.63 47.56 47.53 47.54 47.6 47.73 47.84 48.18 48.9 49.52 49.79 49.77 49.74 49.8 49.84 49.63 49.07 48.41 48 47.8 47.69 47.64 47.63 47.64 47.64 47.65 47.65 47.66 47.67 47.67 47.67 47.67 47.64 47.63 47.66 47.65 47.63 47.63 47.61 47.39 46.93 46.6 46.05 45.28 44.67 44.27 43.7 42.99 42.57 42.18
47.67 47.59 47.57 47.58 47.56 47.52 47.51 47.53 47.6 47.57 47.52 47.51 47.57 47.64 47.67 47.67 47.66 47.64 47.63 47.64 47.72 47.81 47.89 47.92 47.93 47.93 47.93 47.86 47.68 47.57 47.54 47.55 47.61 47.75 47.88 48.25 48.94 49.53 49.76 49.78 49.77 49.78 49.79 49.63 49.06 48.49 48.07 47.82 47.7 47.65 47.65 47.65 47.65 47.66 47.67 47.66 47.66 47.66 47.66 47.67 47.66 47.64 47.68 47.68 47.65 47.66 47.64 47.44 47.09 46.72 46.07 45.27 44.73 44.3 43.64 42.93 42.57 42.17
47.7 47.64 47.59 47.58 47.58 47.53 47.5 47.52 47.59 47.58 47.52 47.5 47.53 47.58 47.58 47.57 47.61 47.63 47.62 47.62 47.7 47.83 47.91 47.94 47.95 47.95 47.95 47.9 47.73 47.58 47.53 47.55 47.63 47.76 47.86 48.26 48.96 49.57 49.8 49.79 49.77 49.75 49.74 49.6 49.06 48.5 48.1 47.83 47.69 47.65 47.65 47.65 47.66 47.66 47.67 47.66 47.67 47.67 47.67 47.67 47.65 47.64 47.65 47.67 47.68 47.68 47.65 47.47 47.23 46.83 46.09 45.22 44.69 44.28 43.6 42.89 42.53 42.11
