slabs/3.grd
DSAA
631 301
642000 642630
4946600 4946900
36.24 50.39
[rows 136 to 169 of 300, columns 78 to 155 of 631]
48.35 47.59 47.27 47.31 47.56 48.08 48.47 48.57 48.54 48.54 48.47 48.42 48.43 48.46 48.45 48.43 48.48 48.48 48.45 48.46 48.49 48.46 48.42 48.42 48.45 48.49 48.51 48.5 48.54 48.51 48.44 48.45 48.41 48.39 48.39 48.38 48.39 48.37 48.34 48.37 48.37 48.37 48.38 48.38 48.4 48.4 48.39 48.37 48.37 48.34 48.34 48.3 48.28 48.29 48.37 48.37 48.34 48.32 48.29 48.32 48.33 48.31 48.29 48.29 48.32 48.34 48.33 48.33 48.38 48.38 48.35 48.3 48.26 48.24 48.27 48.28 48.27 48.25
48.57 47.9 47.37 47.21 47.35 47.9 48.39 48.52 48.51 48.53 48.48 48.43 48.43 48.44 48.44 48.43 48.51 48.55 48.5 48.46 48.46 48.43 48.41 48.47 48.45 48.44 48.46 48.45 48.49 48.47 48.43 48.42 48.42 48.42 48.41 48.35 48.34 48.35 48.34 48.38 48.37 48.38 48.41 48.41 48.43 48.42 48.39 48.36 48.36 48.33 48.33 48.32 48.29 48.27 48.29 48.3 48.32 48.34 48.3 48.33 48.36 48.35 48.32 48.31 48.33 48.34 48.32 48.32 48.37 48.41 48.39 48.33 48.27 48.26 48.27 48.28 48.28 48.29
48.72 48.21 47.61 47.27 47.21 47.67 48.18 48.38 48.45 48.5 48.46 48.43 48.41 48.42 48.44 48.49 48.59 48.62 48.59 48.51 48.44 48.44 48.45 48.5 48.49 48.44 48.42 48.42 48.44 48.45 48.43 48.39 48.41 48.43 48.43 48.37 48.34 48.34 48.34 48.37 48.36 48.38 48.43 48.44 48.42 48.4 48.37 48.35 48.36 48.36 48.36 48.36 48.31 48.25 48.24 48.25 48.27 48.3 48.28 48.33 48.35 48.32 48.31 48.31 48.34 48.33 48.31 48.31 48.33 48.37 48.38 48.36 48.31 48.29 48.27 48.3 48.3 48.31
48.93 48.55 47.9 47.44 47.21 47.38 47.85 48.19 48.4 48.47 48.46 48.42 48.37 48.38 48.41 48.49 48.6 48.61 48.58 48.51 48.45 48.45 48.47 48.5 48.52 48.44 48.4 48.42 48.45 48.47 48.47 48.4 48.38 48.41 48.43 48.4 48.35 48.34 48.34 48.34 48.34 48.37 48.41 48.41 48.39 48.37 48.37 48.35 48.39 48.44 48.44 48.39 48.31 48.25 48.24 48.25 48.24 48.26 48.26 48.31 48.32 48.27 48.27 48.3 48.33 48.3 48.3 48.32 48.35 48.39 48.38 48.4 48.39 48.32 48.26 48.29 48.3 48.27
49.18 48.92 48.35 47.92 47.45 47.23 47.42 47.81 48.26 48.46 48.49 48.45 48.36 48.34 48.36 48.43 48.54 48.59 48.56 48.51 48.48 48.43 48.43 48.48 48.49 48.43 48.39 48.44 48.48 48.51 48.49 48.42 48.37 48.38 48.41 48.4 48.37 48.34 48.34 48.32 48.33 48.34 48.37 48.39 48.39 48.38 48.39 48.36 48.41 48.49 48.5 48.37 48.29 48.28 48.28 48.28 48.27 48.29 48.28 48.28 48.29 48.26 48.25 48.29 48.33 48.29 48.28 48.33 48.39 48.42 48.4 48.43 48.44 48.33 48.27 48.29 48.29 48.25
49.34 49.18 48.87 48.5 47.82 47.29 47.14 47.34 47.94 48.35 48.46 48.48 48.39 48.32 48.31 48.39 48.54 48.59 48.54 48.51 48.49 48.43 48.42 48.45 48.44 48.42 48.4 48.45 48.48 48.52 48.5 48.43 48.38 48.37 48.4 48.4 48.39 48.38 48.36 48.33 48.32 48.31 48.32 48.36 48.4 48.38 48.38 48.34 48.36 48.41 48.43 48.34 48.29 48.3 48.32 48.29 48.28 48.3 48.29 48.28 48.27 48.26 48.28 48.29 48.3 48.29 48.29 48.32 48.34 48.39 48.38 48.39 48.39 48.32 48.28 48.28 48.26 48.23
49.38 49.25 49.11 48.77 48.11 47.48 47.18 47.15 47.63 48.18 48.37 48.41 48.36 48.31 48.29 48.37 48.53 48.57 48.51 48.45 48.48 48.48 48.47 48.46 48.43 48.43 48.43 48.47 48.48 48.5 48.48 48.41 48.36 48.35 48.41 48.4 48.4 48.4 48.37 48.34 48.33 48.32 48.31 48.31 48.36 48.38 48.37 48.33 48.3 48.29 48.33 48.32 48.28 48.28 48.3 48.27 48.25 48.28 48.29 48.29 48.3 48.29 48.29 48.27 48.27 48.29 48.29 48.31 48.31 48.34 48.33 48.3 48.31 48.29 48.25 48.23 48.23 48.24
49.38 49.3 49.19 48.91 48.39 47.74 47.32 47.15 47.42 48 48.29 48.34 48.32 48.32 48.32 48.37 48.49 48.54 48.52 48.45 48.47 48.51 48.5 48.47 48.44 48.43 48.46 48.49 48.49 48.49 48.48 48.41 48.37 48.38 48.44 48.41 48.38 48.35 48.32 48.3 48.33 48.35 48.33 48.3 48.33 48.4 48.39 48.34 48.32 48.29 48.31 48.29 48.25 48.28 48.29 48.27 48.24 48.27 48.3 48.29 48.29 48.32 48.3 48.27 48.26 48.28 48.26 48.27 48.29 48.31 48.29 48.27 48.26 48.28 48.26 48.22 48.2 48.24
49.3 49.35 49.29 49.06 48.65 48.03 47.59 47.26 47.27 47.79 48.16 48.3 48.34 48.35 48.36 48.39 48.45 48.53 48.57 48.53 48.49 48.51 48.49 48.46 48.43 48.41 48.47 48.48 48.49 48.5 48.47 48.43 48.45 48.48 48.51 48.44 48.35 48.3 48.3 48.34 48.37 48.36 48.34 48.3 48.29 48.37 48.38 48.35 48.33 48.3 48.3 48.26 48.24 48.27 48.3 48.29 48.26 48.27 48.29 48.29 48.31 48.34 48.32 48.29 48.27 48.29 48.26 48.25 48.28 48.3 48.31 48.3 48.27 48.29 48.29 48.26 48.22 48.26
49.17 49.33 49.34 49.2 48.88 48.36 47.95 47.46 47.23 47.6 47.97 48.24 48.38 48.39 48.38 48.42 48.44 48.5 48.57 48.56 48.49 48.49 48.48 48.47 48.43 48.41 48.45 48.46 48.5 48.53 48.44 48.4 48.44 48.5 48.53 48.47 48.36 48.31 48.33 48.38 48.39 48.37 48.34 48.29 48.28 48.3 48.35 48.37 48.35 48.3 48.3 48.27 48.24 48.26 48.31 48.3 48.29 48.29 48.27 48.31 48.33 48.35 48.32 48.31 48.3 48.32 48.3 48.3 48.32 48.32 48.33 48.32 48.28 48.3 48.31 48.29 48.25 48.29
49.03 49.3 49.36 49.27 49.06 48.67 48.34 47.72 47.26 47.44 47.7 48.08 48.38 48.42 48.41 48.42 48.41 48.44 48.49 48.5 48.48 48.48 48.49 48.48 48.45 48.45 48.46 48.47 48.5 48.53 48.45 48.39 48.4 48.43 48.46 48.45 48.38 48.32 48.33 48.35 48.36 48.34 48.33 48.33 48.33 48.29 48.34 48.39 48.36 48.33 48.32 48.3 48.26 48.28 48.3 48.27 48.27 48.27 48.27 48.29 48.33 48.35 48.31 48.3 48.32 48.34 48.35 48.36 48.37 48.34 48.33 48.31 48.28 48.3 48.33 48.3 48.27 48.29
48.92 49.27 49.37 49.33 49.2 48.89 48.62 48.01 47.39 47.29 47.38 47.78 48.24 48.39 48.39 48.35 48.35 48.37 48.39 48.45 48.47 48.46 48.49 48.47 48.46 48.46 48.45 48.45 48.47 48.49 48.46 48.45 48.44 48.42 48.39 48.41 48.41 48.36 48.33 48.33 48.32 48.3 48.32 48.35 48.37 48.31 48.34 48.38 48.38 48.36 48.35 48.31 48.29 48.29 48.26 48.23 48.22 48.24 48.25 48.28 48.31 48.34 48.3 48.29 48.33 48.35 48.34 48.35 48.36 48.33 48.32 48.31 48.3 48.3 48.32 48.3 48.28 48.28
48.79 49.2 49.36 49.36 49.3 49.05 48.82 48.26 47.57 47.23 47.16 47.47 48.04 48.27 48.3 48.3 48.32 48.33 48.33 48.41 48.45 48.43 48.45 48.47 48.47 48.47 48.44 48.42 48.43 48.43 48.41 48.45 48.46 48.42 48.38 48.39 48.4 48.4 48.36 48.32 48.31 48.3 48.32 48.35 48.36 48.35 48.33 48.35 48.38 48.37 48.35 48.33 48.34 48.28 48.25 48.23 48.23 48.24 48.25 48.28 48.32 48.33 48.28 48.28 48.34 48.33 48.31 48.31 48.32 48.31 48.3 48.31 48.31 48.28 48.32 48.33 48.3 48.27
48.61 49.02 49.26 49.35 49.36 49.25 49.04 48.56 47.89 47.45 47.19 47.26 47.78 48.07 48.15 48.28 48.34 48.35 48.34 48.4 48.47 48.47 48.46 48.49 48.52 48.52 48.48 48.45 48.43 48.41 48.4 48.45 48.47 48.43 48.39 48.38 48.4 48.42 48.38 48.33 48.31 48.33 48.33 48.34 48.34 48.38 48.35 48.32 48.36 48.36 48.34 48.33 48.34 48.27 48.27 48.29 48.27 48.24 48.26 48.28 48.34 48.32 48.29 48.28 48.32 48.31 48.31 48.31 48.3 48.28 48.29 48.31 48.32 48.31 48.31 48.31 48.27 48.23
48.47 48.78 49.02 49.31 49.46 49.45 49.24 48.88 48.26 47.81 47.36 47.16 47.51 47.8 47.98 48.24 48.38 48.4 48.4 48.45 48.52 48.54 48.51 48.51 48.54 48.54 48.51 48.46 48.44 48.44 48.44 48.46 48.45 48.39 48.38 48.4 48.41 48.42 48.4 48.34 48.31 48.33 48.33 48.32 48.31 48.36 48.36 48.32 48.33 48.35 48.34 48.37 48.32 48.25 48.29 48.32 48.29 48.22 48.23 48.26 48.33 48.33 48.3 48.3 48.31 48.3 48.31 48.31 48.31 48.28 48.29 48.33 48.35 48.35 48.3 48.24 48.22 48.21
48.42 48.53 48.77 49.23 49.52 49.51 49.36 49.08 48.51 48.07 47.57 47.21 47.33 47.56 47.87 48.22 48.41 48.47 48.5 48.51 48.51 48.52 48.52 48.53 48.55 48.56 48.53 48.47 48.45 48.45 48.47 48.45 48.42 48.38 48.4 48.41 48.4 48.39 48.39 48.34 48.31 48.31 48.32 48.31 48.29 48.34 48.36 48.34 48.33 48.35 48.37 48.41 48.34 48.24 48.28 48.32 48.29 48.21 48.22 48.25 48.34 48.32 48.29 48.29 48.31 48.33 48.31 48.29 48.34 48.31 48.29 48.31 48.34 48.36 48.33 48.27 48.23 48.23
48.41 48.38 48.6 49.07 49.47 49.52 49.45 49.22 48.73 48.35 47.9 47.42 47.25 47.33 47.76 48.19 48.39 48.46 48.5 48.48 48.44 48.44 48.48 48.54 48.6 48.64 48.58 48.49 48.46 48.44 48.47 48.46 48.43 48.42 48.44 48.41 48.38 48.37 48.38 48.35 48.31 48.3 48.31 48.33 48.35 48.39 48.37 48.34 48.34 48.37 48.37 48.37 48.32 48.24 48.27 48.3 48.27 48.24 48.27 48.28 48.37 48.35 48.28 48.26 48.36 48.4 48.36 48.3 48.34 48.31 48.27 48.32 48.33 48.35 48.34 48.3 48.26 48.25
48.4 48.36 48.48 48.9 49.33 49.48 49.47 49.31 48.92 48.61 48.19 47.62 47.26 47.2 47.58 48.07 48.31 48.39 48.41 48.39 48.35 48.36 48.43 48.53 48.6 48.63 48.59 48.51 48.47 48.44 48.47 48.46 48.46 48.46 48.46 48.41 48.37 48.38 48.42 48.35 48.28 48.3 48.31 48.35 48.38 48.42 48.38 48.32 48.33 48.37 48.35 48.32 48.28 48.24 48.24 48.26 48.29 48.32 48.35 48.34 48.41 48.39 48.32 48.28 48.4 48.47 48.43 48.36 48.32 48.28 48.27 48.33 48.35 48.33 48.32 48.33 48.3 48.27
48.42 48.37 48.4 48.72 49.12 49.33 49.41 49.37 49.08 48.82 48.39 47.78 47.32 47.18 47.36 47.84 48.18 48.31 48.34 48.34 48.31 48.32 48.41 48.5 48.53 48.54 48.54 48.5 48.48 48.45 48.44 48.43 48.45 48.47 48.45 48.41 48.39 48.4 48.45 48.4 48.3 48.31 48.34 48.35 48.35 48.39 48.38 48.34 48.34 48.38 48.37 48.34 48.31 48.26 48.23 48.26 48.33 48.4 48.42 48.4 48.38 48.37 48.34 48.31 48.42 48.5 48.49 48.43 48.32 48.27 48.26 48.3 48.35 48.33 48.32 48.36 48.33 48.29
48.43 48.39 48.36 48.57 48.93 49.15 49.31 49.38 49.22 49.04 48.6 47.97 47.46 47.24 47.21 47.58 47.97 48.21 48.32 48.36 48.33 48.32 48.39 48.47 48.48 48.48 48.51 48.51 48.48 48.46 48.41 48.42 48.44 48.43 48.43 48.41 48.4 48.4 48.43 48.44 48.36 48.35 48.36 48.34 48.35 48.37 48.35 48.32 48.32 48.38 48.39 48.37 48.36 48.3 48.26 48.27 48.33 48.39 48.39 48.35 48.32 48.31 48.31 48.32 48.41 48.48 48.5 48.45 48.33 48.28 48.28 48.3 48.36 48.35 48.33 48.36 48.35 48.31
48.43 48.41 48.39 48.49 48.78 48.99 49.21 49.37 49.33 49.22 48.82 48.19 47.72 47.42 47.21 47.37 47.68 48.02 48.29 48.38 48.36 48.33 48.37 48.47 48.5 48.49 48.49 48.48 48.47 48.48 48.42 48.42 48.45 48.43 48.43 48.41 48.38 48.38 48.39 48.39 48.34 48.38 48.39 48.33 48.35 48.37 48.33 48.29 48.28 48.36 48.38 48.36 48.39 48.36 48.29 48.27 48.3 48.34 48.33 48.28 48.28 48.3 48.3 48.31 48.34 48.4 48.44 48.45 48.36 48.31 48.31 48.32 48.34 48.35 48.35 48.32 48.34 48.3
48.46 48.43 48.43 48.46 48.67 48.85 49.09 49.32 49.37 49.32 48.99 48.43 48.05 47.71 47.37 47.27 47.35 47.68 48.13 48.34 48.35 48.32 48.34 48.47 48.53 48.51 48.45 48.45 48.48 48.52 48.47 48.44 48.46 48.43 48.42 48.41 48.39 48.38 48.37 48.35 48.31 48.36 48.38 48.35 48.36 48.38 48.34 48.28 48.25 48.32 48.34 48.33 48.38 48.37 48.31 48.28 48.27 48.28 48.27 48.24 48.26 48.28 48.28 48.27 48.3 48.34 48.39 48.44 48.4 48.32 48.3 48.31 48.32 48.31 48.32 48.26 48.28 48.28
48.48 48.47 48.44 48.44 48.57 48.69 48.93 49.22 49.35 49.34 49.12 48.76 48.46 48.08 47.61 47.29 47.2 47.41 47.9 48.23 48.29 48.28 48.3 48.4 48.48 48.53 48.49 48.49 48.51 48.54 48.49 48.45 48.46 48.4 48.4 48.42 48.41 48.39 48.35 48.32 48.31 48.34 48.35 48.34 48.34 48.36 48.35 48.29 48.26 48.29 48.3 48.3 48.35 48.34 48.33 48.32 48.28 48.26 48.25 48.23 48.23 48.24 48.23 48.2 48.25 48.31 48.36 48.43 48.41 48.33 48.31 48.32 48.3 48.27 48.26 48.21 48.24 48.28
48.49 48.48 48.45 48.42 48.45 48.5 48.72 49.04 49.24 49.31 49.24 49.02 48.75 48.35 47.83 47.38 47.21 47.31 47.7 48.08 48.22 48.24 48.26 48.33 48.4 48.5 48.54 48.53 48.52 48.51 48.46 48.42 48.46 48.38 48.39 48.44 48.43 48.38 48.35 48.34 48.34 48.35 48.35 48.35 48.37 48.38 48.36 48.34 48.3 48.28 48.28 48.29 48.34 48.32 48.34 48.36 48.32 48.34 48.34 48.28 48.25 48.24 48.23 48.18 48.23 48.29 48.31 48.37 48.37 48.34 48.33 48.3 48.24 48.24 48.24 48.24 48.24 48.28
48.47 48.49 48.48 48.42 48.39 48.38 48.57 48.92 49.15 49.26 49.29 49.07 48.81 48.45 47.98 47.49 47.23 47.19 47.53 47.98 48.19 48.23 48.26 48.3 48.36 48.44 48.51 48.52 48.51 48.49 48.45 48.43 48.46 48.39 48.38 48.43 48.44 48.39 48.38 48.38 48.35 48.35 48.37 48.39 48.43 48.43 48.39 48.37 48.33 48.29 48.27 48.29 48.35 48.32 48.3 48.34 48.37 48.43 48.45 48.36 48.27 48.29 48.31 48.27 48.28 48.3 48.29 48.29 48.3 48.31 48.31 48.26 48.21 48.23 48.25 48.27 48.27 48.28
48.43 48.46 48.48 48.44 48.41 48.38 48.51 48.87 49.12 49.25 49.28 49.13 48.95 48.65 48.17 47.64 47.32 47.13 47.47 47.99 48.21 48.25 48.27 48.28 48.31 48.39 48.47 48.5 48.47 48.48 48.47 48.45 48.48 48.43 48.39 48.42 48.45 48.43 48.41 48.4 48.35 48.35 48.4 48.43 48.45 48.41 48.33 48.32 48.31 48.28 48.23 48.26 48.33 48.3 48.25 48.3 48.37 48.42 48.43 48.33 48.24 48.31 48.35 48.33 48.32 48.31 48.28 48.25 48.26 48.28 48.29 48.27 48.24 48.26 48.27 48.26 48.26 48.27
48.39 48.43 48.46 48.44 48.43 48.39 48.45 48.76 49.02 49.27 49.34 49.23 49.14 48.88 48.38 47.79 47.45 47.19 47.45 47.94 48.18 48.24 48.26 48.27 48.27 48.34 48.45 48.49 48.47 48.48 48.47 48.45 48.49 48.45 48.4 48.4 48.43 48.42 48.41 48.4 48.39 48.41 48.48 48.48 48.41 48.33 48.27 48.26 48.28 48.29 48.24 48.27 48.34 48.31 48.29 48.33 48.35 48.35 48.32 48.27 48.23 48.28 48.32 48.31 48.33 48.33 48.29 48.25 48.25 48.26 48.29 48.3 48.3 48.29 48.29 48.25 48.24 48.25
48.4 48.42 48.45 48.45 48.45 48.4 48.41 48.66 48.91 49.26 49.36 49.29 49.25 48.98 48.51 48 47.68 47.36 47.39 47.7 48.03 48.21 48.27 48.28 48.26 48.33 48.45 48.5 48.48 48.49 48.45 48.42 48.46 48.42 48.37 48.39 48.4 48.38 48.36 48.35 48.37 48.42 48.48 48.48 48.37 48.3 48.3 48.27 48.29 48.32 48.31 48.3 48.37 48.35 48.34 48.39 48.36 48.29 48.25 48.27 48.25 48.24 48.25 48.27 48.3 48.3 48.27 48.26 48.25 48.24 48.29 48.31 48.32 48.32 48.32 48.26 48.25 48.26
48.42 48.42 48.44 48.44 48.43 48.39 48.39 48.61 48.86 49.17 49.29 49.29 49.28 49 48.61 48.3 48.02 47.6 47.33 47.41 47.84 48.19 48.28 48.3 48.28 48.33 48.43 48.48 48.48 48.48 48.43 48.41 48.42 48.42 48.38 48.39 48.41 48.39 48.34 48.33 48.34 48.35 48.37 48.36 48.34 48.3 48.28 48.27 48.31 48.34 48.32 48.28 48.34 48.33 48.31 48.37 48.35 48.27 48.24 48.28 48.26 48.2 48.2 48.23 48.25 48.25 48.23 48.25 48.25 48.22 48.26 48.28 48.3 48.32 48.31 48.26 48.26 48.28
48.41 48.42 48.44 48.44 48.42 48.38 48.38 48.54 48.73 48.99 49.2 49.26 49.27 49.03 48.69 48.48 48.24 47.77 47.31 47.2 47.63 48.1 48.27 48.31 48.29 48.29 48.36 48.42 48.49 48.51 48.46 48.44 48.42 48.44 48.41 48.39 48.42 48.42 48.39 48.39 48.38 48.3 48.29 48.29 48.31 48.28 48.27 48.24 48.29 48.32 48.3 48.28 48.29 48.29 48.27 48.32 48.33 48.27 48.25 48.25 48.22 48.17 48.18 48.19 48.22 48.23 48.22 48.22 48.23 48.21 48.22 48.23 48.27 48.3 48.29 48.23 48.23 48.26
48.4 48.42 48.45 48.45 48.44 48.4 48.37 48.43 48.5 48.79 49.14 49.28 49.3 49.09 48.77 48.57 48.34 47.88 47.38 47.17 47.34 47.83 48.21 48.3 48.29 48.27 48.3 48.35 48.47 48.52 48.48 48.45 48.46 48.46 48.45 48.4 48.41 48.41 48.42 48.42 48.36 48.29 48.29 48.3 48.26 48.26 48.28 48.24 48.24 48.27 48.27 48.28 48.25 48.26 48.25 48.3 48.33 48.29 48.3 48.23 48.19 48.17 48.17 48.16 48.22 48.25 48.24 48.22 48.23 48.22 48.21 48.2 48.22 48.25 48.26 48.22 48.23 48.26
48.41 48.44 48.47 48.47 48.45 48.43 48.38 48.36 48.37 48.67 49.08 49.25 49.3 49.17 48.9 48.73 48.46 48.03 47.6 47.35 47.16 47.59 48.14 48.3 48.3 48.29 48.28 48.3 48.41 48.49 48.45 48.44 48.48 48.5 48.51 48.44 48.39 48.4 48.4 48.4 48.34 48.3 48.3 48.31 48.25 48.24 48.26 48.26 48.22 48.24 48.27 48.27 48.26 48.25 48.25 48.29 48.35 48.34 48.35 48.25 48.23 48.24 48.21 48.18 48.24 48.3 48.28 48.24 48.23 48.22 48.22 48.22 48.2 48.2 48.25 48.24 48.26 48.29
48.39 48.45 48.48 48.48 48.48 48.44 48.4 48.37 48.36 48.64 48.91 49.04 49.18 49.23 49.1 48.96 48.67 48.23 47.84 47.58 47.22 47.58 48.11 48.28 48.33 48.3 48.25 48.24 48.36 48.46 48.46 48.47 48.51 48.51 48.54 48.45 48.39 48.36 48.35 48.36 48.33 48.3 48.29 48.34 48.29 48.25 48.25 48.26 48.24 48.26 48.29 48.27 48.27 48.25 48.24 48.28 48.35 48.35 48.36 48.29 48.29 48.32 48.3 48.25 48.27 48.32 48.28 48.23 48.22 48.21 48.24 48.28 48.26 48.24 48.26 48.25 48.26 48.28
48.38 48.42 48.46 48.49 48.5 48.45 48.41 48.39 48.37 48.51 48.65 48.77 49 49.2 49.23 49.16 48.89 48.43 47.96 47.73 47.35 47.5 48 48.21 48.31 48.31 48.26 48.23 48.33 48.44 48.48 48.49 48.51 48.51 48.51 48.44 48.4 48.36 48.32 48.34 48.35 48.32 48.31 48.36 48.34 48.29 48.29 48.28 48.27 48.28 48.3 48.29 48.26 48.24 48.24 48.24 48.3 48.32 48.34 48.31 48.3 48.31 48.32 48.26 48.23 48.25 48.24 48.21 48.22 48.23 48.27 48.31 48.29 48.27 48.25 48.24 48.24 48.23
