slabs/30.grd
DSAA
631 301
643260 643890
4948700 4949000
41.39 46.28
[rows 34 to 67 of 300, columns 312 to 389 of 631]
44.89 44.88 44.88 44.91 44.96 44.96 44.95 44.95 44.95 44.95 44.95 44.96 44.97 44.97 44.99 45.02 45.04 45.05 45.04 45.04 45.07 45.09 45.11 45.13 45.13 45.13 45.14 45.12 45.1 45.1 45.11 45.1 45.09 45.08 45.07 45.03 44.99 44.97 44.91 44.87 44.88 44.91 44.94 44.95 44.96 44.99 45 44.97 44.99 45.03 45.01 44.99 44.99 45 45.01 45.01 45 44.97 44.93 44.9 44.88 44.86 44.85 44.84 44.84 44.86 44.9 44.91 44.9 44.9 44.93 44.95 44.96 44.96 44.97 44.96 44.92 44.87
44.89 44.88 44.88 44.89 44.94 44.98 44.96 44.96 44.97 44.96 44.95 44.96 44.96 44.96 44.98 45.02 45.02 45.02 45.02 45.03 45.06 45.08 45.1 45.11 45.11 45.12 45.14 45.14 45.13 45.12 45.11 45.1 45.1 45.09 45.07 45.04 45 44.97 44.92 44.88 44.87 44.87 44.9 44.92 44.94 44.99 45.03 45 44.99 45.01 45.02 45 45.01 45.03 45.01 44.97 44.96 44.94 44.91 44.88 44.87 44.85 44.85 44.85 44.86 44.91 44.95 44.94 44.91 44.92 44.98 45 44.98 44.98 45 44.98 44.92 44.85
44.89 44.88 44.89 44.9 44.92 44.96 44.96 44.97 44.98 44.98 44.97 44.95 44.95 44.95 44.97 45 45.01 45.01 45.01 45.03 45.06 45.07 45.08 45.09 45.1 45.11 45.13 45.13 45.14 45.13 45.1 45.11 45.13 45.1 45.07 45.05 45.03 44.99 44.94 44.9 44.87 44.85 44.87 44.93 44.95 44.99 45.03 45.02 45 45.01 45.03 45.01 45 45.01 44.99 44.94 44.92 44.9 44.87 44.86 44.86 44.86 44.86 44.87 44.9 44.97 45.01 45 44.95 44.97 45.03 45.03 45 44.99 44.99 44.97 44.92 44.87
44.88 44.88 44.89 44.9 44.9 44.93 44.94 44.96 44.98 44.98 44.96 44.95 44.94 44.96 44.98 44.99 44.99 45 45.02 45.03 45.02 45.05 45.07 45.08 45.09 45.1 45.12 45.14 45.16 45.15 45.12 45.11 45.12 45.1 45.06 45.04 45.03 44.99 44.95 44.91 44.87 44.83 44.85 44.92 44.96 44.99 45 45.02 45 44.99 45 44.99 44.98 44.97 44.94 44.91 44.89 44.87 44.85 44.83 44.85 44.88 44.9 44.92 44.95 45.01 45.06 45.03 45 45.02 45.04 45.03 44.98 44.94 44.94 44.93 44.9 44.86
44.91 44.9 44.91 44.89 44.88 44.89 44.9 44.93 44.95 44.95 44.95 44.95 44.93 44.95 44.98 44.98 44.97 44.98 45 45.01 45 45.02 45.06 45.07 45.07 45.1 45.14 45.15 45.15 45.15 45.13 45.11 45.11 45.1 45.07 45.04 45.02 44.98 44.95 44.92 44.89 44.83 44.82 44.86 44.92 44.97 44.98 45.01 45 44.97 44.96 44.96 44.94 44.91 44.88 44.86 44.85 44.84 44.82 44.82 44.86 44.91 44.96 44.98 45 45.03 45.05 45.04 45.04 45.05 45.05 45.04 44.98 44.91 44.89 44.88 44.86 44.83
44.97 44.93 44.91 44.9 44.88 44.87 44.87 44.9 44.94 44.94 44.95 44.95 44.94 44.95 44.97 44.96 44.96 44.96 44.97 44.99 45 45.02 45.06 45.07 45.06 45.08 45.12 45.13 45.13 45.13 45.12 45.11 45.1 45.08 45.05 45.03 45.01 44.97 44.94 44.91 44.88 44.84 44.81 44.81 44.87 44.93 44.95 44.97 44.98 44.97 44.92 44.89 44.87 44.84 44.82 44.81 44.81 44.83 44.84 44.86 44.9 44.95 45 45.02 45.04 45.03 45.01 45.03 45.05 45.07 45.06 45.03 44.98 44.91 44.89 44.88 44.86 44.84
45.04 44.96 44.92 44.9 44.9 44.87 44.87 44.9 44.94 44.96 44.95 44.96 44.96 44.97 44.97 44.95 44.95 44.96 44.98 45.01 45.03 45.03 45.05 45.07 45.07 45.07 45.09 45.12 45.12 45.12 45.12 45.12 45.09 45.05 45.03 45.02 44.99 44.95 44.93 44.91 44.88 44.83 44.81 44.81 44.84 44.88 44.9 44.91 44.92 44.91 44.87 44.83 44.82 44.81 44.8 44.8 44.82 44.85 44.89 44.91 44.93 44.97 45.01 45.02 45.02 45 44.97 44.98 45.01 45.05 45.04 45.02 44.97 44.94 44.91 44.89 44.88 44.88
45.12 45.02 44.96 44.91 44.91 44.89 44.87 44.88 44.92 44.95 44.95 44.95 44.96 44.96 44.97 44.96 44.95 44.96 44.98 45.01 45.03 45.03 45.04 45.08 45.1 45.09 45.09 45.11 45.12 45.11 45.1 45.11 45.08 45.03 45.02 45.03 44.98 44.93 44.92 44.9 44.86 44.82 44.82 44.84 44.84 44.84 44.87 44.88 44.87 44.84 44.83 44.82 44.81 44.81 44.81 44.82 44.84 44.88 44.91 44.93 44.95 44.98 45 45.01 45.01 44.97 44.94 44.93 44.95 44.99 45 44.98 44.97 44.97 44.95 44.92 44.93 44.94
45.15 45.09 45.01 44.93 44.92 44.91 44.9 44.87 44.87 44.9 44.93 44.93 44.94 44.95 44.96 44.97 44.98 44.97 44.98 45 45.02 45.03 45.04 45.07 45.1 45.09 45.09 45.09 45.1 45.11 45.08 45.07 45.06 45.02 45 44.99 44.96 44.9 44.88 44.85 44.83 44.81 44.81 44.82 44.84 44.84 44.84 44.87 44.85 44.83 44.83 44.83 44.82 44.83 44.85 44.85 44.88 44.93 44.95 44.96 44.97 44.98 44.98 44.99 44.99 44.95 44.91 44.89 44.89 44.93 44.94 44.94 44.96 44.97 44.96 44.95 44.96 44.98
45.11 45.1 45.05 44.96 44.92 44.92 44.92 44.88 44.86 44.88 44.92 44.93 44.93 44.95 44.96 44.97 44.97 44.98 44.98 44.99 45 45.01 45.02 45.04 45.06 45.06 45.06 45.06 45.08 45.08 45.05 45.03 45.02 45 44.96 44.93 44.91 44.87 44.82 44.78 44.79 44.8 44.8 44.79 44.81 44.83 44.82 44.82 44.83 44.82 44.83 44.84 44.84 44.87 44.91 44.91 44.91 44.95 44.97 44.97 44.98 44.98 44.98 44.98 44.98 44.95 44.9 44.86 44.86 44.91 44.92 44.92 44.94 44.94 44.94 44.95 44.96 44.97
45.09 45.1 45.09 45.01 44.95 44.93 44.92 44.9 44.88 44.89 44.92 44.94 44.94 44.95 44.97 44.97 44.97 44.98 44.99 45.01 45.01 45 45 45 45 45.02 45.04 45.05 45.05 45.04 45.02 45.01 44.99 44.97 44.95 44.91 44.89 44.85 44.8 44.76 44.76 44.77 44.77 44.76 44.78 44.8 44.82 44.82 44.83 44.83 44.84 44.85 44.87 44.9 44.92 44.93 44.94 44.95 44.95 44.95 44.97 44.97 44.98 44.98 44.98 44.94 44.91 44.87 44.85 44.88 44.9 44.91 44.92 44.93 44.94 44.96 44.96 44.96
45.09 45.11 45.11 45.05 44.99 44.95 44.91 44.92 44.93 44.92 44.92 44.94 44.95 44.95 44.97 44.98 44.99 44.98 44.99 45.01 45.02 45 45 45 44.99 45 45.01 45.01 45.01 45 45 44.99 44.97 44.94 44.92 44.91 44.87 44.83 44.79 44.76 44.74 44.72 44.73 44.73 44.76 44.79 44.82 44.83 44.83 44.85 44.86 44.87 44.9 44.92 44.93 44.95 44.96 44.94 44.92 44.93 44.95 44.96 44.96 44.97 44.96 44.92 44.9 44.89 44.87 44.87 44.89 44.9 44.94 44.97 44.97 44.98 44.96 44.94
45.07 45.09 45.11 45.09 45.05 44.99 44.92 44.94 44.98 44.96 44.92 44.93 44.95 44.96 44.98 44.99 45 45 44.98 44.99 45 45 45 45 44.99 44.98 44.97 44.96 44.97 44.96 44.93 44.94 44.93 44.89 44.87 44.85 44.83 44.79 44.78 44.76 44.73 44.71 44.71 44.72 44.75 44.8 44.83 44.81 44.81 44.85 44.88 44.9 44.93 44.94 44.95 44.97 44.97 44.93 44.91 44.91 44.93 44.94 44.95 44.95 44.93 44.9 44.9 44.91 44.91 44.91 44.92 44.94 44.98 45 45 44.98 44.95 44.93
45.05 45.07 45.09 45.1 45.09 45.04 44.95 44.94 44.97 44.96 44.93 44.92 44.93 44.96 44.99 44.99 44.99 44.98 44.97 44.97 44.98 44.98 44.97 44.96 44.96 44.96 44.96 44.94 44.95 44.93 44.88 44.88 44.87 44.85 44.81 44.79 44.78 44.77 44.76 44.75 44.72 44.7 44.71 44.71 44.74 44.79 44.83 44.8 44.8 44.86 44.9 44.94 44.96 44.97 44.97 44.97 44.96 44.93 44.91 44.89 44.91 44.93 44.94 44.93 44.91 44.92 44.92 44.93 44.94 44.95 44.96 44.98 44.99 44.99 44.98 44.97 44.95 44.93
45.02 45.03 45.06 45.09 45.09 45.06 45 44.96 44.95 44.95 44.94 44.93 44.92 44.94 44.98 44.99 44.98 44.96 44.96 44.96 44.96 44.96 44.94 44.92 44.91 44.92 44.93 44.93 44.92 44.89 44.86 44.85 44.84 44.82 44.79 44.78 44.77 44.75 44.74 44.73 44.7 44.67 44.67 44.67 44.69 44.75 44.8 44.81 44.83 44.89 44.93 44.95 44.96 44.96 44.96 44.96 44.94 44.92 44.9 44.9 44.93 44.97 44.96 44.92 44.92 44.93 44.93 44.93 44.95 44.96 44.96 44.98 44.99 44.98 44.98 44.97 44.96 44.96
44.98 44.99 45.02 45.05 45.05 45.05 45.03 45 44.96 44.94 44.95 44.94 44.93 44.93 44.94 44.97 44.97 44.95 44.95 44.95 44.94 44.94 44.92 44.89 44.88 44.9 44.91 44.91 44.88 44.85 44.85 44.84 44.81 44.8 44.79 44.78 44.76 44.74 44.73 44.72 44.68 44.64 44.63 44.63 44.65 44.73 44.81 44.85 44.89 44.91 44.93 44.95 44.94 44.92 44.92 44.92 44.92 44.92 44.91 44.91 44.97 45.02 44.99 44.94 44.93 44.94 44.95 44.95 44.96 44.96 44.95 44.95 44.96 44.97 44.97 44.98 44.97 44.98
44.95 44.96 44.99 45.01 45.01 45.01 45.01 45 44.97 44.94 44.94 44.95 44.95 44.92 44.9 44.9 44.91 44.91 44.91 44.93 44.93 44.92 44.9 44.88 44.87 44.86 44.88 44.89 44.87 44.82 44.81 44.81 44.79 44.78 44.77 44.76 44.74 44.74 44.74 44.73 44.67 44.63 44.62 44.62 44.65 44.75 44.85 44.89 44.93 44.92 44.93 44.96 44.95 44.91 44.88 44.87 44.9 44.92 44.93 44.92 44.94 44.97 44.97 44.94 44.94 44.95 44.95 44.96 44.95 44.92 44.93 44.94 44.96 44.97 44.97 44.98 44.99 44.99
44.97 44.98 44.99 45 45 44.99 44.98 44.97 44.97 44.96 44.94 44.94 44.93 44.9 44.86 44.84 44.85 44.86 44.89 44.91 44.92 44.91 44.88 44.87 44.86 44.84 44.84 44.86 44.84 44.79 44.77 44.78 44.77 44.75 44.74 44.74 44.73 44.74 44.75 44.74 44.68 44.63 44.62 44.64 44.7 44.79 44.87 44.91 44.94 44.93 44.94 44.96 44.94 44.92 44.86 44.81 44.83 44.87 44.89 44.91 44.9 44.9 44.91 44.93 44.94 44.94 44.94 44.94 44.91 44.88 44.89 44.93 44.97 44.97 44.97 44.99 45 44.99
45 44.99 44.99 44.98 44.99 45 44.98 44.98 44.99 44.97 44.92 44.92 44.91 44.89 44.86 44.84 44.84 44.85 44.86 44.88 44.88 44.88 44.86 44.85 44.84 44.82 44.81 44.81 44.8 44.77 44.75 44.75 44.75 44.73 44.74 44.76 44.73 44.7 44.69 44.7 44.7 44.66 44.62 44.67 44.77 44.85 44.89 44.91 44.91 44.89 44.9 44.91 44.91 44.9 44.86 44.8 44.79 44.8 44.82 44.83 44.82 44.81 44.84 44.93 44.96 44.95 44.94 44.91 44.88 44.87 44.88 44.91 44.94 44.95 44.96 44.98 44.99 44.98
45 44.97 44.94 44.91 44.94 44.98 44.97 44.96 44.96 44.94 44.91 44.91 44.9 44.88 44.86 44.84 44.84 44.84 44.85 44.85 44.85 44.85 44.84 44.82 44.79 44.78 44.77 44.76 44.75 44.74 44.73 44.74 44.74 44.73 44.75 44.76 44.69 44.62 44.61 44.64 44.72 44.76 44.71 44.69 44.76 44.87 44.92 44.93 44.89 44.86 44.87 44.89 44.9 44.89 44.87 44.82 44.8 44.8 44.79 44.77 44.75 44.74 44.79 44.9 44.95 44.94 44.92 44.9 44.89 44.88 44.86 44.87 44.9 44.92 44.96 44.97 44.97 44.96
45 44.96 44.94 44.91 44.93 44.97 44.95 44.93 44.93 44.92 44.91 44.92 44.9 44.88 44.86 44.84 44.83 44.84 44.86 44.84 44.82 44.81 44.82 44.78 44.74 44.72 44.71 44.7 44.69 44.7 44.71 44.73 44.74 44.73 44.72 44.69 44.62 44.61 44.65 44.68 44.76 44.83 44.83 44.75 44.77 44.89 44.95 44.97 44.93 44.89 44.88 44.88 44.9 44.91 44.9 44.85 44.81 44.82 44.8 44.78 44.79 44.79 44.79 44.85 44.91 44.91 44.91 44.91 44.91 44.89 44.85 44.85 44.87 44.91 44.96 44.96 44.97 44.97
44.99 44.94 44.94 44.94 44.94 44.95 44.94 44.92 44.93 44.93 44.92 44.92 44.9 44.86 44.83 44.82 44.82 44.81 44.82 44.8 44.77 44.77 44.77 44.74 44.68 44.66 44.66 44.66 44.65 44.66 44.67 44.68 44.7 44.67 44.62 44.62 44.64 44.7 44.75 44.78 44.8 44.83 44.84 44.83 44.86 44.97 44.99 44.98 44.98 44.96 44.92 44.88 44.89 44.91 44.91 44.87 44.82 44.8 44.8 44.83 44.87 44.85 44.82 44.84 44.89 44.9 44.91 44.91 44.91 44.9 44.88 44.87 44.89 44.92 44.96 44.97 44.97 44.98
45.01 44.96 44.95 44.95 44.95 44.94 44.94 44.94 44.94 44.93 44.92 44.92 44.89 44.82 44.79 44.78 44.78 44.78 44.75 44.73 44.72 44.71 44.7 44.68 44.65 44.65 44.67 44.65 44.61 44.59 44.58 44.59 44.61 44.6 44.58 44.65 44.74 44.79 44.81 44.82 44.84 44.85 44.88 44.9 44.95 45.02 45.01 44.99 44.99 45 44.95 44.88 44.88 44.91 44.9 44.87 44.84 44.81 44.82 44.85 44.88 44.87 44.85 44.85 44.87 44.88 44.9 44.91 44.91 44.91 44.91 44.92 44.92 44.92 44.93 44.95 44.96 44.97
45.02 44.98 44.95 44.94 44.95 44.96 44.96 44.96 44.95 44.91 44.89 44.9 44.88 44.81 44.77 44.75 44.74 44.73 44.68 44.67 44.67 44.66 44.65 44.64 44.66 44.69 44.71 44.67 44.6 44.55 44.53 44.54 44.59 44.65 44.69 44.75 44.8 44.83 44.82 44.82 44.83 44.85 44.9 44.97 45.03 45.06 45.05 45.01 45 45.02 44.97 44.88 44.86 44.9 44.9 44.88 44.88 44.87 44.86 44.87 44.86 44.87 44.87 44.87 44.88 44.87 44.88 44.9 44.91 44.91 44.91 44.91 44.91 44.9 44.91 44.93 44.95 44.97
45.02 44.99 44.94 44.92 44.94 44.96 44.97 44.96 44.93 44.91 44.89 44.9 44.87 44.79 44.75 44.72 44.69 44.67 44.64 44.63 44.62 44.62 44.63 44.65 44.69 44.72 44.72 44.66 44.59 44.56 44.56 44.61 44.68 44.74 44.76 44.79 44.82 44.83 44.82 44.81 44.82 44.85 44.91 45 45.05 45.08 45.07 45.04 45.01 45.01 44.98 44.9 44.86 44.89 44.91 44.91 44.91 44.92 44.91 44.89 44.87 44.88 44.89 44.89 44.89 44.88 44.88 44.89 44.9 44.91 44.91 44.9 44.89 44.89 44.9 44.91 44.94 44.96
44.99 45 44.96 44.93 44.93 44.95 44.95 44.94 44.91 44.91 44.92 44.9 44.84 44.75 44.71 44.69 44.65 44.64 44.63 44.63 44.61 44.62 44.64 44.65 44.68 44.71 44.69 44.61 44.56 44.59 44.64 44.71 44.75 44.77 44.78 44.79 44.81 44.81 44.81 44.81 44.83 44.86 44.92 45.01 45.05 45.06 45.06 45.04 45.01 45 44.98 44.93 44.87 44.86 44.89 44.93 44.93 44.95 44.95 44.91 44.89 44.89 44.9 44.9 44.9 44.9 44.89 44.89 44.9 44.9 44.91 44.9 44.88 44.88 44.88 44.88 44.91 44.96
44.97 44.98 44.99 44.97 44.96 44.95 44.95 44.93 44.9 44.87 44.86 44.83 44.78 44.71 44.67 44.66 44.64 44.63 44.63 44.63 44.61 44.61 44.63 44.64 44.67 44.68 44.66 44.61 44.61 44.67 44.71 44.75 44.77 44.78 44.78 44.78 44.78 44.78 44.8 44.83 44.86 44.87 44.92 45 45.03 45.02 45.03 45.03 45.02 45.01 44.99 44.95 44.9 44.86 44.87 44.94 44.95 44.95 44.95 44.93 44.9 44.9 44.91 44.9 44.9 44.9 44.9 44.89 44.89 44.89 44.9 44.9 44.88 44.86 44.87 44.87 44.9 44.94
44.97 44.98 44.98 44.98 44.97 44.94 44.93 44.91 44.86 44.8 44.75 44.72 44.69 44.67 44.66 44.66 44.65 44.65 44.64 44.63 44.62 44.62 44.63 44.64 44.65 44.66 44.65 44.65 44.69 44.73 44.74 44.74 44.74 44.74 44.74 44.75 44.76 44.77 44.8 44.85 44.89 44.9 44.94 45 45 44.99 45 45.02 45.03 45.02 45 44.96 44.94 44.92 44.93 44.98 44.98 44.95 44.93 44.93 44.91 44.91 44.91 44.91 44.9 44.9 44.9 44.9 44.89 44.89 44.89 44.9 44.88 44.85 44.87 44.88 44.9 44.95
44.97 44.97 44.97 44.97 44.95 44.91 44.89 44.86 44.78 44.7 44.64 44.62 44.6 44.61 44.64 44.65 44.66 44.66 44.64 44.64 44.64 44.63 44.63 44.64 44.65 44.65 44.67 44.69 44.71 44.71 44.7 44.69 44.68 44.69 44.69 44.69 44.73 44.75 44.79 44.85 44.9 44.93 44.97 44.99 44.96 44.96 44.98 45 45.01 45.01 45 44.97 44.95 44.93 44.96 45.01 45.02 44.97 44.93 44.93 44.91 44.91 44.91 44.91 44.91 44.91 44.9 44.9 44.9 44.9 44.9 44.9 44.88 44.86 44.88 44.91 44.93 44.96
44.94 44.95 44.95 44.95 44.92 44.86 44.82 44.77 44.69 44.6 44.56 44.55 44.55 44.58 44.6 44.61 44.62 44.62 44.59 44.59 44.66 44.67 44.65 44.65 44.66 44.65 44.66 44.67 44.67 44.64 44.61 44.6 44.6 44.61 44.62 44.64 44.68 44.73 44.77 44.84 44.9 44.94 44.97 44.97 44.95 44.95 44.97 44.99 45 45.01 45.01 44.98 44.97 44.95 44.97 45 45.01 44.97 44.93 44.92 44.91 44.91 44.91 44.91 44.91 44.91 44.91 44.91 44.91 44.91 44.92 44.92 44.9 44.89 44.92 44.94 44.95 44.97
44.93 44.93 44.93 44.92 44.86 44.78 44.71 44.66 44.6 44.55 44.52 44.52 44.53 44.54 44.55 44.53 44.51 44.52 44.51 44.54 44.64 44.67 44.66 44.66 44.64 44.61 44.6 44.59 44.58 44.56 44.54 44.53 44.53 44.53 44.55 44.58 44.63 44.7 44.77 44.85 44.9 44.93 44.95 44.97 44.98 44.98 45 45.02 45.02 45.02 45.02 45 44.98 44.97 44.96 44.97 44.98 44.96 44.93 44.92 44.92 44.93 44.92 44.92 44.92 44.93 44.93 44.93 44.93 44.93 44.93 44.93 44.9 44.9 44.93 44.94 44.95 44.96
44.91 44.87 44.87 44.86 44.79 44.68 44.62 44.59 44.54 44.52 44.52 44.52 44.51 44.49 44.48 44.45 44.42 44.44 44.48 44.56 44.62 44.63 44.62 44.6 44.58 44.56 44.54 44.53 44.52 44.52 44.52 44.52 44.54 44.55 44.53 44.54 44.57 44.63 44.74 44.85 44.91 44.93 44.96 44.99 45.01 45.01 45.03 45.03 45.03 45.03 45.02 45 44.99 44.98 44.97 44.96 44.97 44.95 44.93 44.92 44.94 44.95 44.94 44.94 44.94 44.95 44.95 44.96 44.96 44.94 44.92 44.9 44.87 44.87 44.9 44.93 44.95 44.97
44.85 44.79 44.77 44.75 44.68 44.6 44.56 44.56 44.54 44.52 44.51 44.5 44.46 44.42 44.43 44.46 44.47 44.5 44.55 44.6 44.59 44.57 44.55 44.52 44.51 44.51 44.52 44.51 44.51 44.51 44.5 44.52 44.56 44.57 44.55 44.53 44.54 44.6 44.71 44.81 44.88 44.92 44.97 44.99 45.01 45.02 45.04 45.04 45.03 45.03 45.02 45.01 45 44.99 44.97 44.96 44.96 44.95 44.93 44.92 44.94 44.97 44.97 44.97 44.97 44.98 44.98 44.97 44.97 44.94 44.89 44.86 44.85 44.83 44.87 44.92 44.95 44.97
44.77 44.69 44.64 44.62 44.58 44.54 44.52 44.53 44.54 44.5 44.47 44.46 44.44 44.43 44.46 44.53 44.57 44.58 44.58 44.56 44.52 44.51 44.51 44.5 44.48 44.47 44.47 44.48 44.48 44.48 44.48 44.51 44.56 44.58 44.57 44.55 44.56 44.6 44.68 44.77 44.83 44.89 44.96 45 45.01 45.02 45.04 45.03 45.03 45.02 45.02 45.01 45 44.99 44.98 44.97 44.97 44.96 44.94 44.93 44.95 44.97 44.98 44.98 44.99 45 44.99 44.97 44.96 44.92 44.89 44.87 44.86 44.86 44.87 44.9 44.93 44.96
