slabs/30.grd
DSAA
631 301
643260 643890
4948700 4949000
41.39 46.28
[rows 238 to 271 of 300, columns 546 to 623 of 631]
43.78 43.78 43.78 43.77 43.76 43.77 43.79 43.79 43.79 43.78 43.78 43.77 43.72 43.69 43.7 43.72 43.72 43.69 43.67 43.65 43.62 43.6 43.62 43.64 43.64 43.62 43.61 43.6 43.63 43.65 43.66 43.66 43.66 43.65 43.67 43.67 43.66 43.66 43.64 43.62 43.64 43.65 43.69 43.92 44.19 44.61 45.16 45.34 45.39 45.41 45.44 45.47 45.46 45.43 45.33 45.19 45.08 44.81 44.67 45.04 45.29 45.52 45.82 45.86 45.69 45.28 44.8 44.56 44.39 44.21 44.07 43.89 43.87 43.89 43.9 43.87 43.92 44
43.77 43.77 43.77 43.78 43.77 43.77 43.78 43.79 43.78 43.76 43.77 43.76 43.71 43.68 43.69 43.69 43.67 43.65 43.64 43.63 43.6 43.59 43.61 43.64 43.61 43.59 43.58 43.6 43.63 43.65 43.65 43.65 43.64 43.63 43.64 43.64 43.63 43.62 43.61 43.63 43.66 43.71 43.92 44.35 44.69 45.05 45.48 45.53 45.49 45.46 45.45 45.47 45.48 45.4 45.14 44.91 44.84 44.72 44.85 45.33 45.6 45.76 45.83 45.66 45.31 44.77 44.31 44.09 43.96 43.85 43.86 43.85 43.87 43.91 43.92 43.93 43.96 43.98
43.77 43.77 43.76 43.76 43.76 43.75 43.75 43.76 43.75 43.73 43.73 43.72 43.69 43.67 43.66 43.64 43.62 43.6 43.6 43.6 43.58 43.57 43.59 43.61 43.6 43.59 43.6 43.62 43.64 43.65 43.66 43.64 43.62 43.61 43.6 43.61 43.6 43.61 43.61 43.66 43.76 43.94 44.33 44.77 45.03 45.27 45.55 45.55 45.49 45.44 45.4 45.38 45.34 45.23 44.92 44.79 44.93 44.99 45.18 45.4 45.47 45.53 45.42 45.17 44.79 44.29 43.97 43.85 43.83 43.86 43.88 43.88 43.88 43.91 43.93 43.94 43.95 43.96
43.75 43.76 43.76 43.75 43.73 43.73 43.74 43.75 43.74 43.73 43.73 43.71 43.69 43.67 43.66 43.63 43.61 43.6 43.6 43.59 43.58 43.57 43.58 43.6 43.59 43.57 43.58 43.6 43.62 43.63 43.63 43.62 43.6 43.59 43.58 43.6 43.6 43.62 43.66 43.84 44.07 44.34 44.77 45.08 45.23 45.35 45.49 45.5 45.42 45.35 45.26 45.16 45.09 45.08 45.05 45.16 45.36 45.39 45.3 45.19 45.15 45.08 44.81 44.55 44.31 44 43.91 43.89 43.88 43.87 43.91 43.94 43.94 43.95 43.96 43.95 43.98 44.02
43.76 43.75 43.75 43.73 43.71 43.73 43.75 43.74 43.73 43.74 43.73 43.7 43.68 43.67 43.66 43.63 43.61 43.59 43.59 43.59 43.59 43.59 43.59 43.59 43.58 43.57 43.57 43.58 43.59 43.6 43.59 43.59 43.59 43.59 43.6 43.61 43.61 43.65 43.82 44.18 44.48 44.71 45.05 45.27 45.36 45.4 45.45 45.41 45.26 45.08 44.96 44.95 45 45.22 45.51 45.72 45.76 45.57 45.14 44.89 44.78 44.6 44.36 44.17 43.99 43.83 43.87 43.89 43.88 43.88 43.94 44.01 44.01 43.98 43.97 43.98 44.03 44.09
43.75 43.73 43.72 43.7 43.7 43.72 43.75 43.74 43.71 43.71 43.71 43.7 43.66 43.62 43.63 43.64 43.61 43.57 43.56 43.58 43.6 43.61 43.6 43.58 43.57 43.57 43.56 43.56 43.58 43.57 43.55 43.55 43.56 43.58 43.62 43.64 43.66 43.78 44.15 44.6 44.86 45.01 45.24 45.38 45.42 45.43 45.38 45.2 44.99 44.77 44.71 44.87 45.12 45.53 45.87 46 45.94 45.55 44.96 44.63 44.46 44.22 44.08 44.02 43.95 43.87 43.89 43.92 43.94 43.94 43.93 43.96 44 44 43.97 43.99 44.05 44.12
43.72 43.69 43.68 43.68 43.69 43.71 43.72 43.71 43.7 43.7 43.7 43.69 43.66 43.61 43.6 43.6 43.6 43.58 43.56 43.55 43.56 43.57 43.57 43.57 43.56 43.57 43.56 43.55 43.57 43.55 43.52 43.53 43.54 43.6 43.71 43.85 43.98 44.2 44.66 45.05 45.19 45.26 45.36 45.38 45.36 45.33 45.16 44.9 44.73 44.61 44.64 44.82 45.11 45.62 46.01 46.13 46 45.52 44.86 44.45 44.25 44 43.92 43.95 43.95 43.92 43.93 43.94 43.98 43.97 43.92 43.92 43.97 44.01 44 44.01 44.05 44.11
43.71 43.69 43.68 43.67 43.68 43.69 43.69 43.68 43.66 43.67 43.68 43.66 43.64 43.63 43.6 43.57 43.57 43.57 43.55 43.53 43.54 43.55 43.55 43.55 43.54 43.55 43.55 43.53 43.54 43.53 43.53 43.57 43.61 43.76 44.07 44.4 44.63 44.81 45.12 45.33 45.37 45.35 45.35 45.35 45.27 45.1 44.86 44.67 44.63 44.58 44.56 44.64 44.93 45.45 45.89 46.13 45.98 45.43 44.72 44.28 44.1 43.9 43.87 43.9 43.9 43.92 43.96 43.97 43.99 43.98 43.95 43.93 43.96 44.03 44.07 44.07 44.07 44.09
43.71 43.71 43.7 43.68 43.68 43.68 43.68 43.68 43.67 43.66 43.66 43.64 43.63 43.63 43.6 43.55 43.55 43.55 43.54 43.53 43.55 43.55 43.54 43.53 43.53 43.53 43.52 43.51 43.51 43.53 43.6 43.76 43.91 44.15 44.59 44.98 45.18 45.23 45.27 45.32 45.35 45.3 45.24 45.24 45.13 44.87 44.74 44.75 44.79 44.72 44.52 44.45 44.68 45.19 45.66 45.94 45.8 45.26 44.52 44.07 43.99 43.93 43.91 43.91 43.89 43.91 43.97 43.99 44 44 44.02 44 44.01 44.09 44.13 44.14 44.12 44.1
43.69 43.71 43.7 43.68 43.68 43.69 43.69 43.68 43.68 43.66 43.66 43.64 43.63 43.62 43.59 43.54 43.52 43.53 43.54 43.54 43.55 43.54 43.52 43.51 43.52 43.52 43.52 43.53 43.54 43.58 43.76 44.13 44.41 44.61 44.94 45.22 45.33 45.33 45.3 45.31 45.33 45.2 44.96 44.86 44.81 44.82 44.99 45.13 45.04 44.79 44.52 44.36 44.49 44.92 45.4 45.68 45.56 45.06 44.41 44.01 43.95 43.95 43.94 43.93 43.93 43.94 43.97 43.98 43.99 44.02 44.09 44.11 44.13 44.16 44.18 44.19 44.21 44.21
43.65 43.68 43.67 43.66 43.67 43.67 43.67 43.67 43.66 43.66 43.65 43.62 43.6 43.6 43.58 43.54 43.51 43.52 43.53 43.52 43.52 43.51 43.48 43.49 43.51 43.53 43.56 43.61 43.67 43.75 44.07 44.56 44.86 44.97 45.15 45.26 45.3 45.32 45.31 45.3 45.21 44.94 44.66 44.62 44.76 45.1 45.32 45.29 45.14 44.85 44.57 44.38 44.4 44.66 45.14 45.4 45.27 44.84 44.38 44.1 43.97 43.95 43.94 43.95 43.98 43.99 44 44 44 44.07 44.17 44.2 44.23 44.22 44.22 44.23 44.27 44.3
43.6 43.66 43.65 43.64 43.64 43.64 43.63 43.63 43.63 43.63 43.61 43.58 43.57 43.56 43.55 43.53 43.52 43.52 43.51 43.48 43.45 43.45 43.46 43.49 43.5 43.53 43.59 43.77 43.97 44.15 44.52 44.94 45.15 45.18 45.22 45.24 45.25 45.27 45.21 45.1 44.91 44.67 44.76 44.96 45.22 45.55 45.52 45.37 45.21 44.92 44.63 44.44 44.36 44.47 44.85 45.09 44.96 44.57 44.27 44.11 43.99 43.97 43.98 43.99 44.02 44.03 44.04 44.05 44.08 44.16 44.22 44.24 44.26 44.26 44.26 44.26 44.24 44.21
43.54 43.6 43.62 43.62 43.61 43.6 43.59 43.59 43.6 43.58 43.57 43.54 43.54 43.53 43.52 43.51 43.51 43.52 43.5 43.46 43.43 43.43 43.47 43.5 43.51 43.56 43.74 44.1 44.4 44.64 45.02 45.25 45.29 45.25 45.25 45.27 45.25 45.13 44.92 44.73 44.64 44.74 45.17 45.47 45.68 45.8 45.6 45.42 45.26 44.98 44.7 44.52 44.37 44.32 44.51 44.69 44.61 44.31 44.13 44.07 44.02 44.02 44.04 44.04 44.05 44.06 44.06 44.09 44.16 44.23 44.25 44.26 44.28 44.29 44.28 44.25 44.17 44.11
43.48 43.52 43.56 43.59 43.57 43.56 43.55 43.55 43.54 43.52 43.52 43.51 43.52 43.51 43.5 43.5 43.51 43.51 43.48 43.46 43.45 43.46 43.49 43.52 43.56 43.7 44.08 44.5 44.77 45.01 45.29 45.4 45.36 45.27 45.24 45.23 45.14 44.87 44.64 44.59 44.74 45.12 45.48 45.66 45.76 45.78 45.6 45.44 45.29 45.01 44.79 44.62 44.4 44.22 44.18 44.24 44.23 44.12 44.08 44.07 44.06 44.05 44.03 44 44.02 44.1 44.14 44.18 44.24 44.29 44.3 44.3 44.3 44.29 44.26 44.18 44.08 44.04
43.44 43.44 43.49 43.54 43.53 43.53 43.51 43.49 43.47 43.46 43.47 43.49 43.5 43.49 43.47 43.47 43.47 43.45 43.43 43.44 43.45 43.47 43.53 43.64 43.77 44 44.47 44.84 45.04 45.24 45.34 45.36 45.31 45.23 45.1 44.95 44.84 44.64 44.7 44.95 45.16 45.39 45.45 45.47 45.51 45.56 45.48 45.36 45.22 44.96 44.79 44.64 44.4 44.17 44.01 43.97 43.97 44.02 44.05 44.06 44.07 44.04 43.98 43.96 44.02 44.16 44.24 44.27 44.3 44.31 44.33 44.32 44.29 44.26 44.21 44.12 44.05 44.03
43.44 43.43 43.45 43.5 43.53 43.53 43.5 43.45 43.41 43.41 43.44 43.47 43.48 43.46 43.45 43.44 43.42 43.41 43.4 43.44 43.47 43.5 43.64 43.94 44.23 44.48 44.88 45.15 45.25 45.32 45.33 45.33 45.25 45.06 44.78 44.52 44.55 44.7 44.94 45.24 45.33 45.32 45.21 45.1 45.05 45.16 45.19 45.14 45.04 44.84 44.69 44.56 44.33 44.1 43.96 43.91 43.91 43.97 44.01 44.03 44.06 44.06 44.04 44.05 44.13 44.25 44.3 44.3 44.3 44.3 44.31 44.31 44.26 44.22 44.18 44.14 44.11 44.1
43.45 43.45 43.45 43.46 43.49 43.51 43.5 43.45 43.41 43.41 43.42 43.44 43.44 43.43 43.42 43.4 43.4 43.4 43.41 43.43 43.5 43.64 43.97 44.33 44.61 44.93 45.2 45.32 45.34 45.34 45.3 45.27 45.11 44.85 44.61 44.42 44.55 44.78 44.94 45.09 45.12 45.05 44.91 44.74 44.63 44.73 44.81 44.85 44.83 44.71 44.6 44.47 44.24 44.03 43.9 43.88 43.9 43.96 44.01 44.02 44.05 44.1 44.11 44.15 44.23 44.31 44.33 44.32 44.32 44.31 44.31 44.29 44.25 44.23 44.21 44.19 44.19 44.18
43.46 43.46 43.44 43.41 43.41 43.45 43.48 43.46 43.42 43.41 43.41 43.4 43.4 43.39 43.38 43.39 43.41 43.43 43.46 43.49 43.64 44 44.45 44.78 44.99 45.25 45.36 45.37 45.31 45.25 45.19 45.09 44.94 44.81 44.79 44.7 44.72 44.72 44.72 44.83 44.9 44.84 44.67 44.52 44.38 44.42 44.5 44.56 44.6 44.54 44.48 44.37 44.16 44 43.93 43.93 43.96 44.01 44.03 44.03 44.04 44.12 44.19 44.24 44.31 44.34 44.34 44.33 44.32 44.31 44.29 44.26 44.26 44.27 44.26 44.25 44.25 44.26
43.47 43.46 43.44 43.42 43.41 43.43 43.46 43.45 43.43 43.41 43.39 43.37 43.36 43.36 43.38 43.41 43.43 43.48 43.63 43.78 44.03 44.48 44.89 45.17 45.29 45.37 45.35 45.31 45.13 44.92 44.93 44.9 44.92 45 44.95 44.83 44.77 44.67 44.61 44.65 44.74 44.73 44.59 44.43 44.22 44.18 44.23 44.27 44.34 44.33 44.3 44.24 44.12 44.05 44.04 44.03 44.03 44.03 44.02 44 44.03 44.1 44.18 44.26 44.32 44.35 44.34 44.32 44.27 44.24 44.21 44.2 44.24 44.27 44.27 44.27 44.3 44.32
43.48 43.48 43.47 43.45 43.44 43.43 43.43 43.43 43.42 43.41 43.38 43.36 43.35 43.37 43.41 43.45 43.5 43.68 44.03 44.3 44.55 44.91 45.17 45.34 45.36 45.3 45.12 44.94 44.75 44.65 44.92 45.09 45.18 45.14 44.9 44.75 44.67 44.62 44.55 44.52 44.58 44.6 44.5 44.36 44.15 44.07 44.05 44.06 44.1 44.11 44.1 44.1 44.1 44.1 44.09 44.08 44.07 44.05 44.01 43.98 44 44.05 44.12 44.21 44.27 44.29 44.28 44.23 44.18 44.14 44.12 44.13 44.21 44.24 44.24 44.27 44.3 44.31
43.5 43.5 43.49 43.47 43.46 43.45 43.44 43.43 43.41 43.39 43.38 43.38 43.39 43.43 43.55 43.67 43.78 44.11 44.65 44.96 45.08 45.24 45.31 45.34 45.26 45.06 44.7 44.39 44.48 44.89 45.34 45.52 45.4 45.09 44.84 44.69 44.55 44.52 44.49 44.46 44.46 44.46 44.4 44.27 44.06 43.97 43.97 43.98 43.98 44 44.01 44.04 44.09 44.09 44.07 44.07 44.09 44.06 44.02 43.96 43.97 44 44.05 44.13 44.19 44.21 44.19 44.15 44.12 44.1 44.1 44.13 44.21 44.24 44.23 44.24 44.25 44.25
43.52 43.5 43.49 43.47 43.46 43.46 43.45 43.42 43.4 43.4 43.4 43.42 43.44 43.56 43.88 44.18 44.37 44.73 45.17 45.41 45.41 45.38 45.32 45.24 45.05 44.69 44.51 44.51 44.79 45.31 45.58 45.55 45.32 44.98 44.75 44.59 44.44 44.41 44.39 44.37 44.35 44.3 44.25 44.14 43.92 43.86 43.94 43.97 43.98 43.98 43.99 44.05 44.1 44.09 44.06 44.07 44.11 44.1 44.05 43.99 43.97 43.97 44.01 44.08 44.17 44.22 44.2 44.16 44.14 44.13 44.14 44.18 44.24 44.28 44.26 44.21 44.19 44.2
43.51 43.5 43.48 43.45 43.43 43.44 43.43 43.41 43.41 43.45 43.5 43.54 43.6 43.86 44.39 44.77 44.98 45.2 45.33 45.42 45.41 45.33 45.15 44.97 44.75 44.54 44.75 45.08 45.3 45.47 45.52 45.44 45.17 44.85 44.65 44.5 44.32 44.28 44.27 44.25 44.22 44.13 44.05 43.99 43.87 43.85 43.94 43.98 44.01 44.01 44.01 44.05 44.08 44.08 44.08 44.12 44.17 44.16 44.13 44.08 44.04 44.03 44.04 44.09 44.2 44.27 44.27 44.23 44.19 44.18 44.18 44.21 44.26 44.28 44.24 44.19 44.16 44.16
43.51 43.49 43.45 43.41 43.38 43.38 43.4 43.41 43.44 43.52 43.66 43.81 43.97 44.39 44.9 45.18 45.27 45.35 45.35 45.35 45.32 45.16 44.86 44.68 44.67 44.85 45.18 45.38 45.4 45.27 45.24 45.2 44.99 44.7 44.53 44.38 44.21 44.16 44.16 44.16 44.1 43.98 43.9 43.92 43.92 43.92 43.95 43.98 44.01 44.02 44.03 44.05 44.08 44.12 44.14 44.18 44.23 44.23 44.21 44.18 44.14 44.12 44.12 44.15 44.21 44.25 44.27 44.26 44.23 44.22 44.22 44.23 44.25 44.24 44.21 44.19 44.16 44.15
43.49 43.45 43.39 43.36 43.35 43.37 43.41 43.44 43.5 43.66 43.95 44.24 44.51 44.95 45.25 45.38 45.36 45.36 45.34 45.26 45.14 44.88 44.65 44.65 44.92 45.3 45.58 45.54 45.21 44.93 44.92 44.91 44.77 44.54 44.37 44.25 44.1 44.09 44.12 44.11 44.04 43.92 43.87 43.92 43.97 43.97 43.97 43.98 43.98 43.99 44.02 44.06 44.13 44.19 44.2 44.23 44.26 44.25 44.24 44.23 44.19 44.17 44.17 44.19 44.22 44.25 44.27 44.27 44.26 44.25 44.24 44.22 44.21 44.21 44.2 44.17 44.14 44.13
43.49 43.39 43.34 43.35 43.37 43.44 43.52 43.58 43.67 43.95 44.45 44.85 45.05 45.27 45.36 45.37 45.34 45.3 45.23 45.04 44.79 44.69 44.75 44.95 45.31 45.52 45.6 45.4 44.92 44.6 44.57 44.59 44.52 44.35 44.22 44.12 44.03 44.07 44.11 44.08 43.99 43.94 43.94 43.96 43.99 44 44.01 44.02 44.02 44 44.02 44.08 44.17 44.25 44.26 44.26 44.26 44.26 44.27 44.26 44.21 44.17 44.17 44.18 44.22 44.23 44.26 44.27 44.27 44.25 44.23 44.19 44.17 44.18 44.19 44.16 44.13 44.13
43.49 43.38 43.37 43.4 43.47 43.66 43.85 43.95 44.07 44.44 44.95 45.26 45.31 45.34 45.34 45.31 45.25 45.09 44.92 44.72 44.62 44.91 45.16 45.35 45.54 45.51 45.48 45.3 44.87 44.45 44.26 44.3 44.32 44.19 44.1 44.04 44.01 44.04 44.04 44 43.95 43.97 43.99 44.01 44.02 44.03 44.04 44.08 44.09 44.08 44.1 44.16 44.24 44.3 44.3 44.28 44.27 44.27 44.29 44.29 44.24 44.19 44.18 44.17 44.19 44.21 44.24 44.25 44.25 44.25 44.22 44.19 44.17 44.18 44.18 44.15 44.11 44.1
43.46 43.39 43.41 43.45 43.64 44.06 44.41 44.55 44.7 45 45.26 45.4 45.39 45.35 45.32 45.26 45.12 44.86 44.64 44.61 44.9 45.33 45.47 45.52 45.5 45.36 45.33 45.21 44.88 44.45 44.17 44.19 44.21 44.09 44.01 43.98 43.96 43.97 43.98 44 43.96 43.97 44 44.03 44.04 44.03 44.05 44.1 44.12 44.14 44.2 44.26 44.29 44.31 44.3 44.28 44.28 44.27 44.28 44.28 44.25 44.21 44.19 44.17 44.16 44.18 44.21 44.24 44.25 44.24 44.22 44.19 44.19 44.18 44.16 44.11 44.07 44.05
43.46 43.42 43.45 43.51 43.79 44.39 44.87 45.02 45.16 45.34 45.39 45.4 45.38 45.3 45.19 45.09 44.95 44.87 44.83 44.99 45.42 45.63 45.61 45.5 45.28 45.14 45.13 45.04 44.77 44.42 44.19 44.14 44.11 44.03 43.95 43.93 43.96 43.99 44.03 44.05 44 43.99 44 44.03 44.03 44.04 44.06 44.11 44.14 44.18 44.23 44.28 44.3 44.3 44.3 44.3 44.29 44.28 44.26 44.25 44.24 44.23 44.21 44.17 44.15 44.15 44.18 44.21 44.22 44.22 44.2 44.2 44.2 44.18 44.13 44.07 44.03 43.98
43.46 43.44 43.51 43.62 43.94 44.59 45.07 45.22 45.34 45.46 45.43 45.41 45.36 45.12 44.87 44.76 44.8 45.13 45.38 45.51 45.68 45.62 45.53 45.3 44.96 44.85 44.86 44.81 44.59 44.29 44.13 44.04 43.98 43.96 43.92 43.96 44.05 44.08 44.06 44.02 44.01 44.01 44.02 44.04 44.07 44.08 44.1 44.16 44.21 44.24 44.25 44.27 44.28 44.29 44.3 44.3 44.3 44.29 44.26 44.24 44.24 44.24 44.22 44.2 44.18 44.16 44.17 44.19 44.18 44.18 44.17 44.17 44.17 44.13 44.04 43.98 43.96 43.95
43.47 43.49 43.64 43.83 44.18 44.82 45.24 45.36 45.42 45.46 45.42 45.39 45.28 44.92 44.57 44.58 44.93 45.46 45.76 45.72 45.53 45.26 45.09 44.9 44.63 44.57 44.6 44.59 44.44 44.21 44.07 43.97 43.89 43.87 43.89 43.99 44.07 44.04 44.03 44.02 44.02 44.02 44.05 44.09 44.11 44.12 44.14 44.21 44.27 44.28 44.28 44.28 44.3 44.3 44.31 44.31 44.31 44.29 44.25 44.24 44.24 44.24 44.23 44.23 44.22 44.2 44.18 44.17 44.14 44.13 44.1 44.06 44.03 44 43.96 43.96 43.97 44.05
43.51 43.64 43.97 44.28 44.6 45.09 45.34 45.4 45.41 45.38 45.3 45.24 45.09 44.89 44.78 44.9 45.27 45.6 45.73 45.61 45.26 44.84 44.59 44.46 44.35 44.38 44.43 44.43 44.31 44.14 44.04 43.91 43.85 43.86 43.92 44.03 44.05 44.03 44.02 44.02 44.01 44 44.03 44.1 44.14 44.17 44.19 44.24 44.28 44.3 44.3 44.31 44.32 44.33 44.32 44.3 44.3 44.28 44.24 44.24 44.24 44.24 44.23 44.24 44.24 44.22 44.17 44.11 44.07 44.03 43.97 43.94 43.93 43.94 44.02 44.1 44.13 44.18
43.67 43.97 44.48 44.86 45.07 45.28 45.34 45.35 45.32 45.13 44.91 44.85 44.89 45.07 45.23 45.32 45.43 45.5 45.51 45.42 45.06 44.61 44.38 44.22 44.12 44.21 44.25 44.27 44.19 44.07 43.99 43.88 43.9 44 44.04 44.07 44.06 44.07 44.05 44.02 44.02 44.02 44.05 44.11 44.17 44.22 44.23 44.25 44.28 44.29 44.31 44.32 44.33 44.33 44.31 44.29 44.28 44.27 44.25 44.26 44.26 44.25 44.23 44.22 44.21 44.19 44.09 43.96 43.91 43.9 43.9 43.97 44.04 44.08 44.12 44.19 44.18 44.17
44.04 44.5 45 45.27 45.37 45.38 45.37 45.29 45.08 44.82 44.65 44.7 44.98 45.24 45.32 45.32 45.35 45.32 45.25 45.12 44.75 44.38 44.25 44.15 44.09 44.13 44.15 44.18 44.13 44.05 43.98 43.92 43.99 44.06 44.06 44.04 44.06 44.08 44.07 44.04 44.06 44.08 44.1 44.15 44.22 44.27 44.27 44.27 44.27 44.29 44.31 44.31 44.31 44.31 44.29 44.28 44.28 44.27 44.27 44.28 44.27 44.25 44.22 44.16 44.1 44.09 44.01 43.88 43.82 43.84 43.95 44.03 44.12 44.18 44.15 44.16 44.17 44.16
