slabs/30.grd
DSAA
631 301
643260 643890
4948700 4949000
41.39 46.28
[rows 0 to 33 of 300, columns 156 to 233 of 631]
44.89 44.89 44.89 44.88 44.87 44.87 44.86 44.85 44.84 44.84 44.85 44.87 44.88 44.88 44.86 44.83 44.82 44.8 44.78 44.78 44.77 44.77 44.77 44.76 44.75 44.75 44.74 44.74 44.73 44.72 44.74 44.76 44.74 44.73 44.76 44.79 44.75 44.71 44.7 44.7 44.7 44.67 44.65 44.68 44.69 44.66 44.64 44.65 44.65 44.63 44.63 44.63 44.64 44.61 44.58 44.58 44.56 44.5 44.46 44.44 44.42 44.39 44.36 44.31 44.27 44.26 44.27 44.3 44.42 44.53 44.59 44.64 44.67 44.69 44.72 44.77 44.75 44.72
44.88 44.88 44.9 44.9 44.87 44.86 44.85 44.84 44.84 44.84 44.86 44.86 44.87 44.89 44.87 44.83 44.82 44.79 44.77 44.78 44.76 44.77 44.77 44.75 44.74 44.75 44.75 44.75 44.74 44.72 44.73 44.73 44.72 44.73 44.75 44.76 44.74 44.71 44.7 44.69 44.7 44.69 44.66 44.65 44.66 44.65 44.63 44.63 44.62 44.61 44.61 44.61 44.59 44.56 44.55 44.53 44.51 44.47 44.43 44.38 44.35 44.33 44.32 44.3 44.27 44.27 44.31 44.41 44.54 44.63 44.68 44.7 44.69 44.67 44.7 44.74 44.74 44.71
44.88 44.89 44.91 44.9 44.89 44.88 44.86 44.84 44.84 44.85 44.85 44.85 44.85 44.87 44.86 44.84 44.82 44.8 44.78 44.77 44.76 44.77 44.77 44.74 44.74 44.76 44.76 44.75 44.73 44.72 44.72 44.72 44.72 44.74 44.76 44.77 44.74 44.7 44.69 44.69 44.68 44.66 44.64 44.63 44.63 44.65 44.65 44.63 44.61 44.61 44.6 44.58 44.56 44.54 44.53 44.51 44.48 44.47 44.42 44.35 44.31 44.29 44.3 44.31 44.32 44.34 44.43 44.57 44.66 44.7 44.72 44.73 44.71 44.69 44.7 44.73 44.74 44.74
44.88 44.88 44.88 44.88 44.88 44.88 44.86 44.84 44.84 44.84 44.84 44.84 44.85 44.86 44.85 44.84 44.83 44.81 44.8 44.78 44.76 44.75 44.75 44.74 44.74 44.79 44.79 44.74 44.74 44.76 44.77 44.76 44.75 44.75 44.76 44.76 44.73 44.71 44.72 44.7 44.67 44.66 44.66 44.66 44.65 44.65 44.66 44.64 44.61 44.6 44.59 44.57 44.54 44.52 44.51 44.49 44.46 44.45 44.41 44.34 44.31 44.3 44.32 44.35 44.42 44.49 44.57 44.69 44.75 44.76 44.75 44.74 44.71 44.68 44.7 44.7 44.7 44.74
44.88 44.87 44.87 44.87 44.86 44.86 44.85 44.83 44.83 44.82 44.83 44.83 44.85 44.85 44.84 44.84 44.83 44.81 44.8 44.78 44.76 44.75 44.77 44.79 44.78 44.77 44.75 44.73 44.74 44.74 44.74 44.74 44.73 44.74 44.74 44.74 44.73 44.71 44.7 44.7 44.67 44.65 44.65 44.66 44.65 44.64 44.64 44.63 44.61 44.58 44.56 44.55 44.51 44.49 44.49 44.45 44.42 44.42 44.39 44.34 44.33 44.33 44.37 44.46 44.58 44.66 44.7 44.76 44.77 44.76 44.75 44.74 44.71 44.68 44.68 44.71 44.74 44.75
44.87 44.87 44.87 44.87 44.86 44.86 44.84 44.83 44.83 44.82 44.81 44.81 44.83 44.84 44.83 44.83 44.82 44.81 44.79 44.76 44.76 44.75 44.75 44.76 44.77 44.75 44.72 44.73 44.73 44.72 44.71 44.7 44.71 44.74 44.74 44.74 44.73 44.71 44.7 44.69 44.67 44.65 44.65 44.65 44.64 44.63 44.62 44.61 44.58 44.56 44.54 44.51 44.48 44.47 44.46 44.43 44.39 44.36 44.36 44.35 44.35 44.36 44.45 44.62 44.73 44.78 44.79 44.77 44.74 44.74 44.72 44.71 44.71 44.68 44.66 44.68 44.71 44.72
44.86 44.85 44.86 44.86 44.87 44.86 44.85 44.85 44.84 44.82 44.8 44.78 44.79 44.82 44.83 44.82 44.82 44.81 44.79 44.76 44.76 44.75 44.74 44.75 44.75 44.73 44.71 44.71 44.73 44.72 44.72 44.7 44.71 44.75 44.75 44.74 44.71 44.69 44.69 44.69 44.68 44.65 44.64 44.65 44.66 44.63 44.6 44.58 44.56 44.56 44.52 44.49 44.47 44.45 44.44 44.42 44.38 44.38 44.36 44.36 44.43 44.51 44.63 44.76 44.8 44.82 44.82 44.77 44.7 44.71 44.73 44.73 44.73 44.73 44.69 44.66 44.67 44.69
44.85 44.85 44.85 44.85 44.87 44.86 44.84 44.83 44.82 44.8 44.78 44.78 44.78 44.81 44.82 44.82 44.81 44.79 44.78 44.77 44.76 44.76 44.76 44.74 44.72 44.71 44.7 44.7 44.72 44.73 44.73 44.72 44.72 44.74 44.73 44.72 44.71 44.69 44.68 44.69 44.68 44.65 44.63 44.65 44.65 44.61 44.59 44.57 44.55 44.56 44.52 44.49 44.47 44.44 44.42 44.4 44.38 44.38 44.38 44.45 44.61 44.7 44.75 44.79 44.81 44.82 44.82 44.78 44.74 44.73 44.72 44.7 44.7 44.72 44.7 44.65 44.64 44.67
44.86 44.86 44.86 44.85 44.84 44.84 44.81 44.79 44.79 44.79 44.78 44.77 44.77 44.78 44.79 44.8 44.79 44.77 44.76 44.77 44.75 44.74 44.76 44.73 44.71 44.7 44.69 44.7 44.72 44.74 44.75 44.74 44.72 44.72 44.71 44.71 44.72 44.72 44.71 44.69 44.66 44.64 44.64 44.62 44.6 44.59 44.58 44.55 44.53 44.52 44.5 44.47 44.46 44.45 44.43 44.41 44.42 44.43 44.48 44.6 44.72 44.77 44.76 44.77 44.8 44.82 44.82 44.79 44.77 44.76 44.73 44.7 44.69 44.71 44.71 44.67 44.65 44.67
44.86 44.84 44.85 44.85 44.84 44.83 44.81 44.79 44.79 44.78 44.77 44.77 44.77 44.76 44.77 44.79 44.79 44.77 44.76 44.77 44.75 44.74 44.74 44.73 44.71 44.7 44.69 44.71 44.72 44.73 44.74 44.73 44.72 44.71 44.7 44.71 44.72 44.73 44.72 44.69 44.65 44.63 44.63 44.61 44.59 44.58 44.57 44.54 44.5 44.48 44.47 44.45 44.43 44.43 44.43 44.48 44.6 44.67 44.7 44.76 44.8 44.81 44.79 44.78 44.78 44.8 44.8 44.79 44.78 44.77 44.73 44.7 44.68 44.71 44.73 44.71 44.7 44.7
44.85 44.84 44.83 44.83 44.82 44.8 44.79 44.8 44.81 44.79 44.78 44.78 44.76 44.74 44.75 44.77 44.78 44.77 44.76 44.77 44.76 44.74 44.73 44.73 44.71 44.69 44.69 44.7 44.71 44.7 44.69 44.69 44.71 44.71 44.7 44.7 44.72 44.74 44.72 44.68 44.65 44.65 44.63 44.59 44.56 44.55 44.54 44.51 44.49 44.47 44.46 44.45 44.47 44.48 44.51 44.63 44.77 44.83 44.84 44.85 44.85 44.82 44.79 44.78 44.78 44.77 44.78 44.79 44.79 44.78 44.74 44.7 44.68 44.7 44.74 44.75 44.75 44.73
44.84 44.83 44.82 44.81 44.8 44.79 44.79 44.81 44.82 44.8 44.78 44.78 44.76 44.74 44.75 44.74 44.74 44.75 44.74 44.75 44.76 44.74 44.72 44.72 44.71 44.7 44.7 44.69 44.69 44.68 44.67 44.68 44.7 44.73 44.72 44.7 44.71 44.73 44.72 44.68 44.65 44.62 44.6 44.56 44.54 44.52 44.49 44.46 44.44 44.44 44.46 44.48 44.54 44.59 44.67 44.77 44.84 44.85 44.83 44.84 44.83 44.81 44.79 44.79 44.78 44.77 44.76 44.78 44.8 44.79 44.76 44.72 44.71 44.7 44.72 44.75 44.76 44.73
44.82 44.83 44.81 44.8 44.79 44.78 44.77 44.79 44.81 44.8 44.79 44.77 44.75 44.74 44.73 44.72 44.72 44.73 44.73 44.73 44.73 44.73 44.72 44.71 44.71 44.69 44.68 44.69 44.69 44.69 44.69 44.69 44.7 44.72 44.71 44.69 44.68 44.68 44.67 44.65 44.62 44.59 44.56 44.53 44.51 44.5 44.47 44.42 44.43 44.46 44.49 44.55 44.65 44.72 44.79 44.84 44.86 44.83 44.8 44.8 44.79 44.79 44.78 44.76 44.76 44.74 44.75 44.77 44.78 44.78 44.76 44.73 44.72 44.7 44.71 44.73 44.74 44.73
44.81 44.84 44.83 44.81 44.8 44.78 44.77 44.76 44.78 44.79 44.79 44.78 44.76 44.74 44.72 44.72 44.72 44.73 44.72 44.71 44.72 44.73 44.73 44.71 44.7 44.69 44.68 44.68 44.69 44.69 44.69 44.69 44.7 44.71 44.69 44.67 44.66 44.66 44.66 44.62 44.57 44.54 44.52 44.49 44.47 44.47 44.45 44.43 44.45 44.48 44.54 44.66 44.75 44.81 44.85 44.86 44.86 44.82 44.79 44.79 44.77 44.77 44.77 44.74 44.73 44.72 44.75 44.77 44.77 44.77 44.77 44.75 44.73 44.73 44.74 44.74 44.74 44.74
44.81 44.83 44.83 44.82 44.8 44.79 44.78 44.76 44.76 44.78 44.77 44.77 44.77 44.75 44.73 44.72 44.72 44.72 44.72 44.72 44.72 44.72 44.71 44.71 44.7 44.69 44.68 44.68 44.68 44.68 44.69 44.69 44.69 44.71 44.68 44.64 44.64 44.64 44.63 44.58 44.53 44.51 44.49 44.45 44.44 44.44 44.44 44.45 44.48 44.54 44.65 44.75 44.8 44.82 44.86 44.87 44.87 44.84 44.81 44.79 44.78 44.77 44.78 44.78 44.76 44.75 44.74 44.74 44.75 44.76 44.78 44.77 44.76 44.76 44.74 44.74 44.74 44.75
44.81 44.81 44.81 44.81 44.8 44.79 44.79 44.77 44.76 44.77 44.77 44.76 44.75 44.75 44.75 44.73 44.71 44.7 44.7 44.7 44.7 44.7 44.7 44.68 44.67 44.68 44.68 44.67 44.65 44.65 44.66 44.66 44.67 44.69 44.67 44.64 44.62 44.62 44.59 44.54 44.5 44.49 44.46 44.43 44.42 44.44 44.47 44.51 44.56 44.66 44.76 44.79 44.8 44.8 44.83 44.86 44.88 44.86 44.81 44.79 44.79 44.78 44.78 44.8 44.8 44.77 44.74 44.73 44.73 44.74 44.78 44.79 44.77 44.74 44.73 44.71 44.71 44.74
44.8 44.79 44.79 44.8 44.8 44.79 44.79 44.77 44.76 44.77 44.78 44.77 44.75 44.75 44.75 44.73 44.71 44.68 44.67 44.69 44.7 44.69 44.68 44.67 44.67 44.67 44.65 44.64 44.63 44.62 44.63 44.64 44.65 44.67 44.65 44.63 44.6 44.58 44.55 44.5 44.47 44.46 44.44 44.43 44.43 44.46 44.53 44.63 44.69 44.75 44.78 44.78 44.78 44.78 44.81 44.86 44.88 44.87 44.81 44.78 44.79 44.78 44.78 44.78 44.79 44.78 44.76 44.74 44.74 44.75 44.78 44.8 44.78 44.77 44.76 44.73 44.72 44.72
44.8 44.79 44.77 44.79 44.79 44.78 44.79 44.77 44.74 44.74 44.76 44.76 44.74 44.73 44.72 44.71 44.69 44.67 44.66 44.67 44.68 44.68 44.67 44.67 44.67 44.67 44.64 44.63 44.63 44.61 44.62 44.63 44.64 44.65 44.63 44.6 44.57 44.54 44.51 44.47 44.45 44.44 44.44 44.46 44.49 44.55 44.65 44.74 44.79 44.78 44.77 44.78 44.78 44.78 44.8 44.84 44.87 44.87 44.84 44.8 44.79 44.8 44.79 44.78 44.77 44.77 44.73 44.69 44.7 44.72 44.75 44.8 44.8 44.79 44.76 44.73 44.7 44.71
44.8 44.77 44.76 44.76 44.77 44.77 44.78 44.77 44.74 44.74 44.77 44.75 44.73 44.71 44.7 44.68 44.67 44.66 44.65 44.65 44.65 44.65 44.66 44.66 44.65 44.65 44.63 44.62 44.64 44.64 44.63 44.62 44.62 44.62 44.6 44.56 44.53 44.51 44.48 44.45 44.44 44.44 44.47 44.55 44.61 44.69 44.78 44.81 44.8 44.79 44.77 44.79 44.8 44.79 44.79 44.8 44.81 44.83 44.86 44.84 44.82 44.8 44.78 44.78 44.79 44.78 44.74 44.69 44.69 44.71 44.74 44.77 44.79 44.79 44.77 44.74 44.72 44.73
44.8 44.79 44.77 44.77 44.77 44.77 44.77 44.76 44.73 44.72 44.72 44.73 44.73 44.71 44.7 44.68 44.66 44.65 44.64 44.64 44.63 44.62 44.64 44.64 44.63 44.62 44.62 44.62 44.63 44.65 44.63 44.6 44.59 44.6 44.57 44.52 44.5 44.48 44.47 44.45 44.45 44.46 44.56 44.68 44.74 44.8 44.85 44.86 44.84 44.82 44.78 44.8 44.83 44.82 44.79 44.78 44.77 44.79 44.83 44.84 44.83 44.82 44.8 44.81 44.8 44.79 44.76 44.74 44.73 44.73 44.75 44.75 44.77 44.8 44.79 44.77 44.76 44.75
44.79 44.79 44.79 44.79 44.77 44.77 44.77 44.76 44.74 44.72 44.7 44.72 44.73 44.72 44.7 44.68 44.66 44.64 44.63 44.63 44.62 44.61 44.62 44.62 44.61 44.62 44.61 44.61 44.61 44.61 44.61 44.58 44.56 44.55 44.53 44.49 44.48 44.46 44.46 44.47 44.48 44.52 44.64 44.77 44.8 44.83 44.85 44.85 44.85 44.82 44.79 44.8 44.81 44.81 44.8 44.78 44.77 44.78 44.81 44.83 44.83 44.82 44.82 44.83 44.81 44.79 44.78 44.78 44.76 44.74 44.75 44.75 44.75 44.78 44.8 44.78 44.77 44.75
44.79 44.79 44.78 44.78 44.76 44.76 44.77 44.76 44.73 44.71 44.71 44.71 44.71 44.7 44.69 44.68 44.66 44.64 44.63 44.62 44.6 44.58 44.59 44.6 44.6 44.61 44.59 44.58 44.58 44.59 44.59 44.56 44.53 44.52 44.51 44.49 44.47 44.46 44.45 44.51 44.58 44.66 44.76 44.8 44.8 44.82 44.83 44.82 44.83 44.82 44.79 44.78 44.76 44.77 44.79 44.78 44.77 44.79 44.81 44.81 44.82 44.84 44.84 44.85 44.83 44.79 44.78 44.79 44.78 44.77 44.76 44.76 44.74 44.76 44.78 44.79 44.78 44.76
44.79 44.78 44.76 44.76 44.76 44.75 44.76 44.76 44.73 44.7 44.7 44.7 44.68 44.67 44.66 44.66 44.66 44.64 44.63 44.61 44.58 44.56 44.56 44.57 44.58 44.58 44.57 44.54 44.53 44.53 44.53 44.51 44.5 44.49 44.48 44.47 44.47 44.47 44.52 44.63 44.74 44.79 44.8 44.79 44.79 44.81 44.83 44.82 44.82 44.82 44.81 44.79 44.75 44.76 44.8 44.8 44.79 44.78 44.79 44.8 44.82 44.84 44.85 44.85 44.84 44.8 44.77 44.78 44.79 44.79 44.77 44.76 44.75 44.73 44.73 44.74 44.77 44.76
44.78 44.77 44.76 44.75 44.75 44.74 44.74 44.73 44.71 44.7 44.69 44.68 44.68 44.67 44.67 44.66 44.63 44.62 44.62 44.62 44.59 44.56 44.56 44.57 44.56 44.55 44.55 44.53 44.51 44.5 44.49 44.48 44.47 44.48 44.47 44.54 44.63 44.69 44.74 44.78 44.82 44.84 44.8 44.77 44.77 44.8 44.83 44.83 44.82 44.81 44.81 44.8 44.78 44.79 44.82 44.84 44.82 44.79 44.78 44.8 44.82 44.84 44.84 44.84 44.83 44.79 44.77 44.78 44.79 44.79 44.78 44.77 44.75 44.73 44.72 44.74 44.77 44.8
44.77 44.77 44.77 44.76 44.74 44.73 44.71 44.7 44.7 44.7 44.69 44.69 44.68 44.67 44.67 44.65 44.63 44.61 44.62 44.62 44.61 44.59 44.58 44.58 44.58 44.57 44.55 44.53 44.53 44.51 44.48 44.48 44.47 44.49 44.56 44.68 44.78 44.83 44.86 44.85 44.84 44.83 44.8 44.78 44.79 44.8 44.82 44.83 44.81 44.8 44.81 44.8 44.79 44.8 44.82 44.85 44.84 44.8 44.78 44.79 44.81 44.83 44.84 44.84 44.84 44.82 44.79 44.78 44.79 44.79 44.78 44.77 44.74 44.73 44.73 44.74 44.76 44.8
44.76 44.77 44.78 44.76 44.74 44.72 44.71 44.71 44.71 44.7 44.71 44.7 44.68 44.68 44.66 44.63 44.62 44.61 44.62 44.62 44.62 44.62 44.6 44.57 44.54 44.51 44.48 44.49 44.49 44.5 44.5 44.5 44.51 44.57 44.68 44.81 44.87 44.88 44.87 44.84 44.82 44.82 44.81 44.8 44.8 44.8 44.81 44.82 44.81 44.79 44.81 44.81 44.79 44.78 44.8 44.84 44.84 44.82 44.8 44.78 44.79 44.81 44.83 44.84 44.84 44.81 44.79 44.77 44.79 44.81 44.79 44.78 44.75 44.72 44.69 44.71 44.74 44.76
44.75 44.75 44.76 44.77 44.75 44.73 44.73 44.73 44.7 44.67 44.68 44.68 44.67 44.66 44.65 44.6 44.58 44.59 44.59 44.59 44.59 44.59 44.57 44.52 44.47 44.45 44.46 44.46 44.46 44.48 44.51 44.58 44.65 44.72 44.8 44.85 44.88 44.88 44.86 44.84 44.82 44.82 44.81 44.8 44.79 44.79 44.79 44.8 44.79 44.79 44.83 44.85 44.84 44.82 44.81 44.82 44.82 44.82 44.82 44.82 44.82 44.8 44.82 44.84 44.84 44.82 44.8 44.77 44.77 44.79 44.79 44.77 44.76 44.74 44.72 44.72 44.73 44.73
44.74 44.74 44.74 44.75 44.76 44.74 44.72 44.69 44.67 44.66 44.67 44.65 44.63 44.63 44.63 44.6 44.57 44.58 44.59 44.57 44.57 44.56 44.53 44.49 44.46 44.45 44.45 44.46 44.48 44.52 44.59 44.7 44.78 44.82 44.86 44.86 44.85 44.85 44.86 44.85 44.84 44.83 44.81 44.78 44.8 44.83 44.81 44.78 44.79 44.81 44.83 44.85 44.87 44.87 44.83 44.81 44.8 44.82 44.84 44.83 44.81 44.79 44.8 44.82 44.83 44.82 44.82 44.81 44.8 44.8 44.78 44.76 44.76 44.76 44.75 44.73 44.74 44.74
44.71 44.71 44.72 44.73 44.73 44.72 44.7 44.68 44.66 44.67 44.67 44.65 44.64 44.62 44.61 44.59 44.56 44.57 44.57 44.55 44.55 44.54 44.5 44.46 44.45 44.45 44.47 44.52 44.57 44.63 44.73 44.81 44.85 44.86 44.86 44.84 44.82 44.83 44.85 44.85 44.83 44.82 44.82 44.8 44.82 44.86 44.85 44.83 44.82 44.83 44.84 44.85 44.85 44.85 44.84 44.83 44.82 44.8 44.79 44.79 44.79 44.82 44.84 44.85 44.84 44.84 44.84 44.84 44.83 44.81 44.78 44.77 44.77 44.76 44.75 44.74 44.74 44.75
44.7 44.71 44.72 44.73 44.73 44.72 44.71 44.69 44.67 44.68 44.66 44.64 44.65 44.63 44.6 44.58 44.55 44.56 44.55 44.52 44.5 44.49 44.47 44.45 44.45 44.47 44.52 44.63 44.72 44.78 44.84 44.87 44.87 44.87 44.86 44.83 44.8 44.8 44.83 44.85 44.84 44.82 44.83 44.84 44.83 44.84 44.84 44.83 44.83 44.81 44.82 44.85 44.84 44.85 44.85 44.86 44.85 44.82 44.8 44.81 44.83 44.82 44.8 44.81 44.82 44.84 44.86 44.86 44.83 44.81 44.78 44.78 44.77 44.76 44.75 44.74 44.74 44.75
44.71 44.71 44.73 44.73 44.73 44.72 44.7 44.67 44.66 44.67 44.65 44.63 44.63 44.6 44.57 44.56 44.55 44.53 44.51 44.48 44.46 44.46 44.45 44.47 44.49 44.53 44.64 44.78 44.87 44.89 44.88 44.87 44.85 44.87 44.87 44.83 44.8 44.78 44.81 44.85 44.83 44.82 44.84 44.85 44.84 44.82 44.81 44.8 44.82 44.84 44.85 44.87 44.86 44.87 44.88 44.87 44.85 44.83 44.82 44.84 44.84 44.82 44.8 44.79 44.8 44.84 44.87 44.86 44.84 44.81 44.79 44.78 44.77 44.76 44.75 44.75 44.74 44.74
44.7 44.69 44.71 44.71 44.7 44.7 44.69 44.67 44.66 44.65 44.64 44.62 44.61 44.59 44.56 44.55 44.53 44.51 44.47 44.45 44.45 44.46 44.47 44.52 44.57 44.64 44.78 44.88 44.9 44.9 44.89 44.89 44.88 44.89 44.87 44.83 44.8 44.8 44.83 44.85 44.84 44.82 44.83 44.84 44.84 44.81 44.81 44.82 44.82 44.83 44.85 44.87 44.88 44.87 44.87 44.87 44.86 44.83 44.8 44.81 44.82 44.81 44.81 44.81 44.8 44.82 44.84 44.84 44.84 44.82 44.79 44.78 44.76 44.75 44.75 44.75 44.74 44.73
44.68 44.66 44.66 44.66 44.66 44.67 44.68 44.67 44.65 44.64 44.63 44.61 44.59 44.58 44.56 44.53 44.51 44.49 44.47 44.46 44.46 44.49 44.53 44.63 44.72 44.79 44.88 44.93 44.93 44.91 44.9 44.91 44.87 44.86 44.88 44.86 44.84 44.83 44.83 44.82 44.83 44.85 44.86 44.85 44.86 44.86 44.83 44.81 44.82 44.84 44.87 44.87 44.87 44.88 44.88 44.88 44.88 44.84 44.8 44.8 44.81 44.82 44.82 44.82 44.79 44.79 44.81 44.83 44.84 44.83 44.81 44.79 44.76 44.73 44.73 44.75 44.75 44.74
44.67 44.65 44.64 44.63 44.64 44.65 44.66 44.66 44.64 44.64 44.61 44.58 44.55 44.53 44.51 44.48 44.46 44.47 44.48 44.48 44.49 44.54 44.66 44.75 44.83 44.9 44.92 44.91 44.91 44.91 44.92 44.93 44.9 44.88 44.88 44.87 44.87 44.87 44.85 44.84 44.85 44.88 44.88 44.87 44.88 44.88 44.86 44.84 44.84 44.85 44.88 44.88 44.86 44.86 44.89 44.89 44.89 44.86 44.82 44.82 44.83 44.83 44.83 44.81 44.77 44.77 44.8 44.82 44.84 44.84 44.83 44.83 44.8 44.76 44.77 44.79 44.78 44.76
