slabs/30.grd
DSAA
631 301
643260 643890
4948700 4949000
41.39 46.28
[rows 102 to 135 of 300, columns 78 to 155 of 631]
44.41 44.43 44.44 44.48 44.55 44.63 44.67 44.65 44.64 44.68 44.7 44.73 44.77 44.76 44.74 44.77 44.77 44.73 44.76 44.79 44.79 44.79 44.79 44.8 44.82 44.83 44.8 44.78 44.78 44.77 44.72 44.71 44.77 44.81 44.78 44.75 44.73 44.71 44.77 44.85 44.88 44.91 44.89 44.83 44.78 44.76 44.75 44.82 44.91 44.92 44.94 44.94 44.9 44.83 44.73 44.72 44.75 44.83 44.93 44.9 44.84 44.84 44.88 44.89 44.83 44.8 44.85 44.91 44.96 44.93 44.86 44.83 44.8 44.78 44.8 44.81 44.84 44.87
44.5 44.53 44.51 44.53 44.57 44.63 44.67 44.67 44.69 44.73 44.76 44.76 44.79 44.81 44.82 44.79 44.74 44.73 44.77 44.83 44.85 44.82 44.79 44.77 44.79 44.81 44.81 44.81 44.81 44.81 44.77 44.73 44.78 44.83 44.82 44.79 44.76 44.76 44.81 44.86 44.9 44.92 44.89 44.87 44.87 44.86 44.84 44.87 44.93 44.94 44.95 44.95 44.92 44.85 44.76 44.75 44.77 44.86 45 45.02 44.94 44.86 44.83 44.81 44.79 44.81 44.86 44.9 44.94 44.92 44.88 44.87 44.84 44.82 44.84 44.84 44.86 44.87
44.57 44.61 44.58 44.58 44.62 44.66 44.68 44.71 44.77 44.82 44.82 44.8 44.79 44.8 44.83 44.8 44.75 44.75 44.79 44.87 44.84 44.75 44.76 44.78 44.78 44.78 44.81 44.81 44.8 44.79 44.78 44.74 44.77 44.82 44.85 44.84 44.8 44.8 44.83 44.85 44.85 44.88 44.89 44.88 44.87 44.89 44.89 44.86 44.87 44.9 44.93 44.96 44.98 44.9 44.81 44.83 44.87 44.9 44.93 44.94 44.88 44.84 44.85 44.84 44.83 44.8 44.79 44.82 44.88 44.89 44.88 44.9 44.92 44.92 44.91 44.89 44.85 44.82
44.62 44.67 44.68 44.69 44.68 44.68 44.71 44.76 44.83 44.84 44.85 44.85 44.83 44.82 44.81 44.79 44.77 44.76 44.79 44.86 44.82 44.72 44.76 44.83 44.81 44.8 44.81 44.8 44.79 44.79 44.78 44.76 44.77 44.78 44.81 44.81 44.77 44.79 44.85 44.84 44.79 44.8 44.84 44.84 44.84 44.86 44.86 44.83 44.81 44.85 44.88 44.93 44.98 44.93 44.86 44.85 44.88 44.85 44.84 44.87 44.84 44.84 44.88 44.89 44.88 44.83 44.79 44.78 44.82 44.86 44.88 44.93 44.96 44.99 44.98 44.95 44.85 44.76
44.7 44.72 44.73 44.73 44.71 44.71 44.74 44.78 44.81 44.82 44.84 44.87 44.88 44.87 44.82 44.78 44.77 44.76 44.79 44.84 44.81 44.76 44.8 44.85 44.83 44.83 44.82 44.81 44.81 44.8 44.81 44.8 44.78 44.75 44.76 44.78 44.76 44.77 44.81 44.79 44.75 44.77 44.8 44.81 44.81 44.85 44.87 44.84 44.81 44.86 44.91 44.92 44.91 44.87 44.84 44.86 44.88 44.83 44.81 44.85 44.84 44.85 44.91 44.93 44.91 44.89 44.85 44.81 44.79 44.82 44.92 44.98 44.98 45 45.02 44.98 44.88 44.79
44.74 44.75 44.75 44.73 44.74 44.76 44.77 44.79 44.8 44.81 44.84 44.89 44.91 44.91 44.84 44.79 44.8 44.81 44.83 44.83 44.81 44.79 44.8 44.82 44.82 44.81 44.81 44.81 44.83 44.8 44.81 44.84 44.83 44.78 44.75 44.77 44.78 44.81 44.79 44.75 44.74 44.78 44.81 44.86 44.9 44.91 44.9 44.89 44.88 44.89 44.88 44.86 44.84 44.82 44.84 44.89 44.88 44.85 44.83 44.85 44.84 44.87 44.94 44.98 44.95 44.92 44.9 44.87 44.79 44.78 44.91 44.98 44.96 44.98 45.03 44.97 44.84 44.81
44.7 44.72 44.73 44.73 44.75 44.78 44.8 44.82 44.84 44.85 44.87 44.91 44.93 44.92 44.85 44.82 44.86 44.89 44.91 44.89 44.82 44.78 44.78 44.79 44.78 44.78 44.8 44.84 44.87 44.79 44.77 44.82 44.84 44.81 44.78 44.79 44.81 44.84 44.82 44.79 44.8 44.81 44.82 44.85 44.88 44.87 44.87 44.91 44.93 44.88 44.81 44.78 44.77 44.78 44.82 44.87 44.88 44.87 44.87 44.86 44.85 44.88 44.94 44.99 44.97 44.95 44.95 44.95 44.86 44.79 44.84 44.88 44.89 44.91 44.94 44.89 44.8 44.81
44.67 44.7 44.74 44.76 44.77 44.8 44.82 44.85 44.89 44.91 44.9 44.91 44.93 44.92 44.88 44.86 44.9 44.93 44.93 44.87 44.81 44.8 44.84 44.84 44.8 44.78 44.81 44.86 44.87 44.83 44.8 44.81 44.84 44.85 44.81 44.8 44.81 44.88 44.9 44.85 44.84 44.82 44.81 44.82 44.86 44.85 44.84 44.86 44.9 44.89 44.79 44.72 44.71 44.74 44.82 44.87 44.88 44.88 44.87 44.86 44.85 44.86 44.89 44.92 44.92 44.94 44.97 44.97 44.93 44.84 44.79 44.76 44.77 44.82 44.85 44.8 44.76 44.76
44.65 44.73 44.78 44.82 44.82 44.83 44.85 44.88 44.91 44.94 44.94 44.95 44.94 44.92 44.9 44.88 44.89 44.91 44.92 44.9 44.88 44.85 44.86 44.85 44.8 44.83 44.89 44.88 44.86 44.86 44.85 44.84 44.86 44.83 44.81 44.83 44.84 44.89 44.9 44.87 44.86 44.83 44.81 44.82 44.86 44.87 44.85 44.86 44.89 44.9 44.82 44.74 44.68 44.7 44.83 44.93 44.9 44.85 44.84 44.84 44.82 44.83 44.88 44.9 44.89 44.93 44.97 44.97 44.96 44.91 44.83 44.78 44.76 44.76 44.76 44.77 44.8 44.83
44.66 44.75 44.82 44.85 44.85 44.84 44.86 44.9 44.92 44.92 44.96 44.98 44.97 44.95 44.94 44.89 44.83 44.85 44.9 44.91 44.92 44.9 44.9 44.86 44.82 44.83 44.85 44.86 44.87 44.86 44.86 44.85 44.83 44.8 44.8 44.82 44.82 44.85 44.86 44.86 44.87 44.85 44.81 44.82 44.83 44.84 44.89 44.94 44.92 44.9 44.86 44.81 44.69 44.64 44.79 44.91 44.89 44.84 44.85 44.85 44.85 44.87 44.9 44.9 44.91 44.95 44.97 44.98 44.98 44.93 44.86 44.81 44.81 44.84 44.87 44.88 44.87 44.87
44.68 44.76 44.82 44.87 44.87 44.87 44.87 44.88 44.86 44.83 44.88 44.97 44.98 44.96 44.96 44.92 44.87 44.9 44.94 44.94 44.93 44.95 44.94 44.91 44.91 44.91 44.87 44.87 44.9 44.87 44.86 44.86 44.83 44.79 44.77 44.77 44.78 44.82 44.85 44.86 44.88 44.87 44.82 44.82 44.81 44.79 44.86 44.95 44.92 44.88 44.87 44.84 44.74 44.65 44.73 44.84 44.85 44.86 44.9 44.92 44.91 44.88 44.86 44.87 44.91 44.96 44.98 45.01 45.01 44.95 44.88 44.86 44.84 44.87 44.93 44.92 44.89 44.88
44.63 44.67 44.75 44.83 44.87 44.88 44.87 44.88 44.88 44.87 44.9 44.98 44.99 44.96 44.95 44.95 44.95 44.96 44.99 44.98 44.96 44.96 44.94 44.92 44.95 44.96 44.92 44.91 44.93 44.89 44.88 44.88 44.85 44.82 44.79 44.77 44.8 44.84 44.85 44.85 44.87 44.87 44.84 44.83 44.83 44.78 44.8 44.88 44.86 44.83 44.85 44.87 44.84 44.74 44.73 44.79 44.81 44.87 44.93 44.96 44.99 44.93 44.87 44.85 44.88 44.94 44.96 44.94 44.92 44.91 44.88 44.89 44.87 44.85 44.87 44.88 44.87 44.88
44.62 44.67 44.75 44.86 44.93 44.96 44.93 44.89 44.87 44.86 44.89 44.96 44.99 45 44.99 44.98 44.99 44.98 44.98 44.96 44.94 44.94 44.92 44.91 44.93 44.94 44.93 44.91 44.9 44.9 44.93 44.92 44.9 44.9 44.88 44.85 44.84 44.85 44.85 44.81 44.81 44.86 44.86 44.83 44.81 44.79 44.79 44.82 44.82 44.81 44.81 44.83 44.86 44.83 44.79 44.8 44.83 44.88 44.91 44.92 44.94 44.9 44.83 44.82 44.87 44.92 44.92 44.91 44.89 44.9 44.93 44.97 44.96 44.86 44.8 44.81 44.85 44.89
44.6 44.63 44.68 44.78 44.88 44.94 44.95 44.95 44.93 44.92 44.91 44.92 44.94 45 45.04 45.03 45.02 45 45 44.97 44.92 44.9 44.89 44.89 44.9 44.92 44.92 44.89 44.85 44.89 44.94 44.93 44.95 44.98 44.96 44.91 44.86 44.86 44.86 44.82 44.8 44.86 44.88 44.85 44.84 44.82 44.81 44.82 44.83 44.8 44.74 44.72 44.81 44.9 44.9 44.83 44.78 44.83 44.89 44.9 44.91 44.88 44.81 44.82 44.9 44.95 44.95 44.92 44.87 44.88 44.93 44.98 45 44.93 44.82 44.76 44.8 44.88
44.63 44.61 44.63 44.71 44.81 44.89 44.95 44.98 44.99 44.97 44.94 44.92 44.91 44.97 45.04 45.03 45.02 45.02 45.04 45 44.93 44.89 44.86 44.87 44.88 44.9 44.9 44.89 44.86 44.88 44.89 44.86 44.9 44.96 44.96 44.93 44.9 44.9 44.9 44.85 44.85 44.89 44.94 44.96 44.93 44.88 44.84 44.83 44.83 44.79 44.73 44.76 44.87 44.93 44.92 44.83 44.77 44.85 44.93 44.95 44.93 44.88 44.85 44.85 44.91 44.95 44.94 44.89 44.83 44.83 44.86 44.93 44.99 44.99 44.9 44.75 44.78 44.89
44.68 44.64 44.63 44.71 44.8 44.88 44.94 44.97 45 44.98 44.95 44.93 44.91 44.95 44.99 44.99 44.98 45.01 45.04 45 44.96 44.92 44.88 44.88 44.89 44.89 44.88 44.84 44.85 44.88 44.87 44.86 44.89 44.92 44.92 44.92 44.91 44.92 44.92 44.89 44.88 44.89 44.92 44.94 44.93 44.92 44.9 44.88 44.83 44.79 44.76 44.78 44.86 44.89 44.88 44.83 44.84 44.91 44.95 44.94 44.89 44.86 44.87 44.88 44.88 44.88 44.87 44.85 44.82 44.82 44.83 44.91 44.98 44.99 44.93 44.8 44.81 44.93
44.69 44.67 44.66 44.69 44.74 44.82 44.91 44.96 44.99 44.97 44.95 44.93 44.91 44.92 44.96 44.97 44.95 44.99 45.01 44.98 44.97 44.95 44.92 44.93 44.91 44.89 44.86 44.78 44.81 44.88 44.86 44.84 44.85 44.89 44.91 44.92 44.91 44.87 44.85 44.84 44.85 44.85 44.87 44.89 44.93 44.96 44.95 44.89 44.82 44.77 44.74 44.76 44.81 44.85 44.87 44.85 44.88 44.9 44.87 44.83 44.81 44.82 44.84 44.85 44.85 44.84 44.84 44.86 44.84 44.83 44.85 44.9 44.94 44.96 44.94 44.84 44.81 44.89
44.71 44.7 44.68 44.65 44.66 44.72 44.85 44.95 44.99 44.98 44.96 44.93 44.9 44.91 44.94 44.98 45 45.03 45.01 44.96 44.94 44.93 44.97 45.01 44.98 44.91 44.91 44.95 44.92 44.89 44.86 44.84 44.84 44.88 44.9 44.88 44.9 44.88 44.85 44.85 44.84 44.82 44.82 44.83 44.89 44.94 44.93 44.85 44.79 44.76 44.73 44.77 44.8 44.84 44.89 44.87 44.87 44.85 44.78 44.77 44.79 44.8 44.81 44.83 44.85 44.85 44.84 44.87 44.85 44.81 44.84 44.88 44.92 44.95 44.92 44.83 44.78 44.79
44.73 44.71 44.68 44.65 44.63 44.68 44.82 44.94 44.98 44.98 44.96 44.93 44.91 44.92 44.94 44.97 44.99 45.02 45.01 44.95 44.93 44.93 44.96 45 44.97 44.92 44.92 44.95 44.94 44.9 44.89 44.89 44.88 44.89 44.91 44.91 44.91 44.88 44.85 44.85 44.84 44.83 44.82 44.81 44.84 44.86 44.86 44.83 44.8 44.79 44.78 44.81 44.82 44.82 44.85 44.84 44.84 44.82 44.78 44.81 44.84 44.82 44.78 44.81 44.86 44.85 44.82 44.83 44.83 44.81 44.81 44.83 44.88 44.95 44.92 44.8 44.72 44.74
44.74 44.72 44.7 44.67 44.65 44.66 44.77 44.91 44.98 44.99 44.98 44.95 44.94 44.95 44.98 44.99 44.99 45 44.98 44.95 44.94 44.94 44.95 44.96 44.96 44.93 44.94 44.96 44.94 44.91 44.91 44.9 44.89 44.88 44.9 44.92 44.91 44.88 44.87 44.85 44.84 44.83 44.82 44.8 44.79 44.8 44.81 44.84 44.85 44.82 44.8 44.82 44.84 44.84 44.83 44.8 44.79 44.8 44.8 44.85 44.89 44.86 44.78 44.76 44.83 44.88 44.83 44.8 44.84 44.89 44.85 44.8 44.83 44.88 44.86 44.81 44.75 44.74
44.75 44.74 44.73 44.7 44.67 44.66 44.74 44.87 44.95 45 45.03 45.01 44.95 44.93 44.98 45 45.02 45.01 44.98 44.98 45 45.01 44.97 44.94 44.95 44.96 44.98 44.98 44.96 44.94 44.94 44.94 44.91 44.88 44.9 44.92 44.9 44.9 44.92 44.88 44.84 44.83 44.8 44.78 44.76 44.78 44.83 44.87 44.87 44.84 44.82 44.81 44.84 44.87 44.88 44.84 44.8 44.8 44.83 44.86 44.88 44.89 44.82 44.79 44.83 44.86 44.83 44.81 44.8 44.8 44.74 44.72 44.77 44.79 44.8 44.84 44.83 44.8
44.77 44.76 44.73 44.71 44.7 44.68 44.72 44.84 44.93 45 45.05 45.04 45 44.95 44.97 45 45.02 45 44.98 45 45.01 45.01 44.96 44.92 44.93 44.97 44.99 44.99 44.99 44.96 44.95 44.96 44.93 44.91 44.92 44.94 44.95 44.95 44.95 44.91 44.88 44.85 44.8 44.77 44.76 44.78 44.82 44.87 44.88 44.85 44.84 44.83 44.83 44.84 44.84 44.82 44.78 44.76 44.78 44.83 44.86 44.87 44.82 44.76 44.78 44.8 44.78 44.76 44.76 44.75 44.72 44.73 44.77 44.79 44.82 44.88 44.88 44.86
44.77 44.76 44.73 44.7 44.69 44.68 44.67 44.7 44.77 44.9 44.99 45.02 45 44.95 44.94 44.95 44.96 44.95 44.95 44.98 45.01 45.03 45 44.94 44.93 44.95 44.97 44.99 44.99 44.95 44.9 44.92 44.93 44.92 44.93 44.97 44.98 44.95 44.96 44.94 44.93 44.89 44.83 44.81 44.78 44.78 44.79 44.83 44.82 44.79 44.8 44.81 44.8 44.77 44.74 44.75 44.76 44.7 44.73 44.8 44.77 44.73 44.71 44.71 44.77 44.8 44.77 44.75 44.78 44.8 44.79 44.8 44.82 44.83 44.86 44.89 44.89 44.89
44.8 44.8 44.77 44.75 44.73 44.7 44.67 44.64 44.67 44.81 44.95 45.02 45 44.95 44.92 44.9 44.91 44.92 44.93 44.96 44.99 45.02 45.01 44.97 44.96 44.95 44.97 44.97 44.94 44.9 44.87 44.88 44.91 44.92 44.92 44.95 44.96 44.96 44.98 44.98 44.95 44.91 44.86 44.82 44.79 44.82 44.85 44.83 44.81 44.8 44.79 44.77 44.78 44.8 44.75 44.74 44.73 44.66 44.66 44.74 44.72 44.65 44.66 44.71 44.79 44.82 44.8 44.77 44.81 44.84 44.86 44.85 44.83 44.83 44.85 44.87 44.87 44.87
44.74 44.76 44.77 44.77 44.75 44.71 44.68 44.66 44.65 44.72 44.88 44.97 44.96 44.94 44.92 44.89 44.89 44.89 44.92 44.96 44.95 44.96 44.98 44.98 44.98 44.98 44.98 44.94 44.89 44.88 44.9 44.89 44.91 44.92 44.89 44.9 44.92 44.94 44.96 44.99 44.98 44.92 44.89 44.87 44.81 44.79 44.79 44.79 44.79 44.8 44.78 44.77 44.81 44.83 44.79 44.75 44.7 44.65 44.63 44.67 44.68 44.66 44.68 44.74 44.81 44.85 44.83 44.78 44.77 44.84 44.9 44.87 44.8 44.78 44.79 44.82 44.83 44.82
44.73 44.75 44.77 44.77 44.75 44.73 44.7 44.69 44.66 44.67 44.77 44.85 44.87 44.91 44.94 44.93 44.91 44.89 44.91 44.94 44.92 44.93 44.97 44.98 44.99 45 44.99 44.95 44.9 44.93 44.95 44.95 44.96 44.93 44.89 44.86 44.85 44.89 44.9 44.93 44.92 44.9 44.87 44.82 44.77 44.75 44.74 44.72 44.75 44.78 44.78 44.78 44.81 44.83 44.82 44.74 44.68 44.66 44.63 44.64 44.68 44.7 44.73 44.76 44.77 44.83 44.85 44.77 44.71 44.79 44.89 44.85 44.77 44.74 44.75 44.76 44.77 44.75
44.75 44.76 44.79 44.8 44.78 44.75 44.73 44.71 44.67 44.65 44.69 44.74 44.79 44.87 44.94 44.97 44.96 44.92 44.91 44.91 44.89 44.92 44.97 44.98 44.99 45 44.98 44.94 44.94 44.98 44.98 44.98 44.93 44.89 44.9 44.89 44.86 44.83 44.81 44.82 44.85 44.87 44.86 44.83 44.82 44.82 44.78 44.73 44.75 44.78 44.79 44.79 44.79 44.78 44.76 44.7 44.67 44.66 44.64 44.65 44.73 44.8 44.81 44.75 44.68 44.73 44.82 44.79 44.73 44.75 44.81 44.8 44.76 44.74 44.76 44.76 44.74 44.7
44.76 44.77 44.79 44.8 44.79 44.77 44.74 44.72 44.69 44.64 44.66 44.68 44.74 44.82 44.89 44.94 44.93 44.91 44.9 44.91 44.9 44.89 44.91 44.93 44.97 44.98 44.94 44.88 44.89 44.94 44.94 44.9 44.84 44.87 44.92 44.94 44.88 44.79 44.77 44.8 44.86 44.87 44.86 44.88 44.88 44.86 44.81 44.76 44.75 44.75 44.77 44.8 44.78 44.75 44.73 44.7 44.67 44.66 44.65 44.68 44.81 44.93 44.88 44.75 44.68 44.69 44.76 44.8 44.8 44.76 44.76 44.77 44.76 44.77 44.79 44.76 44.72 44.67
44.76 44.78 44.78 44.78 44.78 44.77 44.75 44.74 44.71 44.67 44.65 44.64 44.69 44.76 44.82 44.88 44.92 44.93 44.9 44.9 44.91 44.89 44.91 44.9 44.9 44.9 44.89 44.87 44.93 44.98 44.97 44.95 44.9 44.88 44.89 44.91 44.87 44.81 44.81 44.86 44.93 44.94 44.93 44.94 44.91 44.86 44.82 44.78 44.73 44.71 44.75 44.82 44.8 44.76 44.76 44.75 44.69 44.64 44.64 44.72 44.81 44.91 44.89 44.77 44.71 44.7 44.75 44.8 44.79 44.75 44.74 44.76 44.78 44.79 44.79 44.74 44.7 44.71
44.76 44.78 44.78 44.78 44.79 44.78 44.77 44.76 44.74 44.68 44.63 44.61 44.65 44.72 44.79 44.85 44.9 44.91 44.9 44.9 44.9 44.9 44.88 44.89 44.93 44.94 44.94 44.92 44.95 45 45.01 44.99 44.94 44.89 44.87 44.86 44.85 44.84 44.86 44.9 44.96 44.97 44.97 44.96 44.91 44.86 44.84 44.79 44.73 44.72 44.76 44.81 44.8 44.75 44.74 44.74 44.72 44.68 44.66 44.75 44.82 44.86 44.83 44.75 44.7 44.68 44.72 44.73 44.71 44.7 44.69 44.72 44.74 44.76 44.79 44.77 44.76 44.73
44.78 44.78 44.76 44.77 44.78 44.78 44.79 44.8 44.78 44.7 44.64 44.61 44.62 44.69 44.74 44.79 44.87 44.89 44.87 44.88 44.86 44.83 44.81 44.84 44.89 44.93 44.94 44.9 44.89 44.91 44.93 44.95 44.95 44.91 44.86 44.83 44.85 44.87 44.88 44.89 44.92 44.94 44.95 44.94 44.91 44.88 44.85 44.81 44.76 44.74 44.75 44.79 44.78 44.74 44.68 44.67 44.74 44.75 44.75 44.77 44.8 44.82 44.78 44.72 44.71 44.69 44.72 44.73 44.68 44.65 44.67 44.68 44.65 44.69 44.75 44.78 44.79 44.74
44.8 44.81 44.78 44.75 44.76 44.78 44.8 44.78 44.76 44.72 44.68 44.65 44.62 44.64 44.67 44.7 44.77 44.83 44.83 44.85 44.85 44.81 44.8 44.82 44.87 44.91 44.92 44.87 44.83 44.85 44.87 44.9 44.94 44.93 44.88 44.85 44.88 44.89 44.88 44.86 44.88 44.91 44.93 44.92 44.88 44.86 44.84 44.83 44.8 44.77 44.75 44.73 44.72 44.72 44.7 44.72 44.79 44.82 44.8 44.75 44.74 44.78 44.81 44.78 44.73 44.69 44.7 44.69 44.66 44.64 44.66 44.66 44.63 44.65 44.71 44.75 44.76 44.74
44.77 44.78 44.78 44.77 44.76 44.77 44.8 44.79 44.76 44.74 44.73 44.69 44.64 44.62 44.61 44.63 44.69 44.76 44.77 44.82 44.85 44.83 44.83 44.85 44.88 44.9 44.9 44.87 44.85 44.88 44.89 44.89 44.9 44.91 44.9 44.9 44.9 44.89 44.87 44.85 44.87 44.91 44.94 44.92 44.88 44.88 44.89 44.85 44.79 44.76 44.75 44.74 44.73 44.75 44.76 44.76 44.77 44.77 44.77 44.76 44.76 44.8 44.82 44.78 44.73 44.69 44.66 44.65 44.64 44.64 44.66 44.66 44.65 44.65 44.66 44.69 44.71 44.73
44.78 44.75 44.75 44.76 44.76 44.76 44.78 44.79 44.78 44.75 44.73 44.71 44.67 44.61 44.58 44.6 44.65 44.69 44.71 44.79 44.85 44.87 44.88 44.88 44.87 44.86 44.88 44.87 44.88 44.93 44.92 44.9 44.89 44.89 44.94 44.96 44.93 44.92 44.88 44.84 44.85 44.88 44.89 44.86 44.82 44.8 44.84 44.89 44.89 44.82 44.79 44.81 44.81 44.81 44.82 44.82 44.8 44.76 44.74 44.74 44.73 44.74 44.76 44.77 44.76 44.72 44.67 44.64 44.63 44.65 44.65 44.63 44.66 44.67 44.65 44.66 44.68 44.72
