slabs/31.grd
DSAA
631 301
643890 644520
4946000 4946300
41.15 49.54
[rows 238 to 271 of 300, columns 0 to 77 of 631]
48.58 48.83 49.01 49.13 49.26 49.32 49.29 49.19 49.19 49.21 49.19 49.21 49.21 49.21 49.21 49.21 49.21 49.27 49.25 49.25 49.27 49.28 49.27 49.27 49.27 49.21 49.17 49.08 48.91 48.81 48.69 48.57 48.51 48.49 48.44 48.41 48.41 48.39 48.39 48.38 48.38 48.39 48.39 48.43 48.38 48.34 48.28 48.28 48.23 48.25 48.2 48.15 48.17 48.22 48.22 48.16 48.15 48.13 48.14 48.12 48.1 48.09 48.11 48.05 48.03 48.06 48.1 48.06 48.06 48.06 48.07 48.13 48.13 48.1 48.1 48.09 48.07 48.1
48.2 48.43 48.54 48.79 48.99 49.06 49.05 49.04 49.16 49.23 49.27 49.29 49.26 49.23 49.2 49.19 49.2 49.23 49.24 49.24 49.27 49.26 49.26 49.29 49.27 49.27 49.27 49.28 49.18 49.16 49.01 48.81 48.7 48.62 48.54 48.47 48.42 48.41 48.42 48.38 48.38 48.4 48.41 48.33 48.36 48.34 48.34 48.31 48.26 48.27 48.28 48.23 48.2 48.21 48.22 48.14 48.13 48.15 48.14 48.12 48.12 48.1 48.09 48.03 48.01 48.03 48.07 48.04 48.05 48.08 48.04 48.08 48.1 48.09 48.09 48.08 48.09 48.14
47.79 48.02 48.04 48.22 48.44 48.71 48.77 48.94 49.17 49.26 49.32 49.38 49.34 49.26 49.26 49.25 49.23 49.21 49.23 49.25 49.25 49.24 49.25 49.25 49.24 49.24 49.27 49.28 49.27 49.27 49.24 49.2 49.11 49.02 48.84 48.67 48.56 48.52 48.47 48.41 48.41 48.41 48.41 48.34 48.34 48.34 48.35 48.3 48.28 48.29 48.3 48.24 48.25 48.25 48.22 48.16 48.17 48.18 48.16 48.13 48.13 48.12 48.09 48.06 48.05 48.05 48.06 48.05 48.04 48.06 48.06 48.05 48.07 48.05 48.08 48.07 48.09 48.11
47.27 47.46 47.52 47.76 48.01 48.42 48.55 48.9 49.14 49.25 49.29 49.36 49.35 49.26 49.33 49.36 49.28 49.26 49.29 49.27 49.24 49.24 49.24 49.23 49.22 49.22 49.23 49.22 49.21 49.23 49.25 49.26 49.29 49.27 49.18 49 48.9 48.8 48.65 48.53 48.47 48.47 48.44 48.35 48.36 48.37 48.37 48.34 48.33 48.31 48.31 48.29 48.3 48.29 48.23 48.22 48.23 48.21 48.19 48.16 48.15 48.15 48.14 48.1 48.09 48.09 48.09 48.08 48.05 48.02 48.06 48.06 48.05 48.01 48.04 48.05 48.11 48.09
46.89 47.09 47.21 47.54 47.9 48.27 48.44 48.82 49.07 49.18 49.23 49.31 49.28 49.23 49.32 49.4 49.39 49.41 49.43 49.38 49.32 49.29 49.24 49.17 49.18 49.21 49.24 49.26 49.26 49.25 49.24 49.24 49.28 49.31 49.29 49.23 49.16 49.12 48.96 48.85 48.68 48.63 48.65 48.62 48.58 48.46 48.42 48.37 48.36 48.34 48.31 48.31 48.32 48.3 48.25 48.25 48.25 48.21 48.19 48.2 48.19 48.15 48.18 48.09 48.09 48.09 48.11 48.1 48.05 48.02 48.04 48.05 48.07 48.05 48.05 48.04 48.05 48.05
46.74 46.95 47.1 47.48 47.91 48.17 48.33 48.66 48.98 49.06 49.11 49.25 49.23 49.18 49.27 49.39 49.46 49.47 49.47 49.46 49.45 49.38 49.26 49.14 49.11 49.14 49.2 49.26 49.23 49.25 49.24 49.28 49.31 49.31 49.28 49.3 49.29 49.28 49.2 49.18 49.1 49.05 49 49 48.93 48.73 48.59 48.46 48.43 48.38 48.33 48.32 48.32 48.3 48.26 48.25 48.24 48.2 48.22 48.2 48.19 48.17 48.2 48.18 48.15 48.11 48.07 48.09 48.1 48.06 48.02 48.03 48.05 48.07 48.05 48.04 48.05 48.02
46.68 46.85 47.03 47.41 47.76 47.99 48.12 48.48 48.8 48.93 49 49.19 49.16 49.14 49.18 49.34 49.4 49.43 49.49 49.52 49.52 49.47 49.31 49.13 48.99 49.04 49.13 49.21 49.24 49.24 49.27 49.32 49.34 49.32 49.29 49.3 49.31 49.32 49.28 49.28 49.31 49.3 49.24 49.24 49.21 49.08 48.87 48.73 48.66 48.54 48.42 48.38 48.36 48.32 48.26 48.26 48.26 48.23 48.23 48.24 48.23 48.23 48.21 48.2 48.16 48.18 48.18 48.15 48.08 48.04 48.06 48.07 48.1 48.06 48.04 48.05 48.05 48.03
46.6 46.76 46.88 47.17 47.48 47.71 47.88 48.42 48.72 48.8 48.93 49.14 49.1 49.08 49.15 49.31 49.41 49.42 49.48 49.49 49.51 49.44 49.31 49.12 48.96 48.88 48.92 48.93 49.13 49.14 49.2 49.24 49.27 49.31 49.31 49.33 49.32 49.32 49.28 49.27 49.28 49.31 49.3 49.29 49.31 49.33 49.18 49.11 49.04 48.88 48.65 48.54 48.48 48.36 48.31 48.27 48.26 48.25 48.28 48.25 48.24 48.21 48.17 48.18 48.2 48.19 48.16 48.14 48.08 48.09 48.09 48.1 48.07 48.07 48.07 48.07 48.05 48.04
46.26 46.48 46.62 46.93 47.18 47.42 47.67 48.32 48.63 48.69 48.8 48.86 48.89 48.94 49.09 49.21 49.27 49.32 49.37 49.34 49.42 49.34 49.06 48.81 48.53 48.4 48.44 48.63 48.9 48.95 49.05 49.08 49.13 49.28 49.34 49.36 49.34 49.32 49.3 49.31 49.3 49.29 49.29 49.29 49.31 49.35 49.36 49.35 49.32 49.22 49.1 48.91 48.79 48.59 48.43 48.39 48.31 48.29 48.29 48.24 48.18 48.19 48.2 48.19 48.19 48.19 48.18 48.16 48.12 48.12 48.14 48.15 48.12 48.09 48.09 48.08 48.05 48.03
45.79 46.16 46.36 46.66 47.04 47.15 47.49 48.08 48.36 48.43 48.54 48.6 48.81 48.89 49.03 49.18 49.15 49.11 49.07 49.07 49.18 49.11 48.76 48.4 48.07 47.92 47.99 48.34 48.54 48.71 48.84 48.87 48.97 49.23 49.36 49.33 49.32 49.33 49.29 49.32 49.32 49.31 49.31 49.32 49.34 49.34 49.33 49.29 49.32 49.33 49.32 49.25 49.18 49 48.89 48.78 48.55 48.41 48.29 48.27 48.23 48.23 48.23 48.21 48.19 48.18 48.17 48.17 48.17 48.17 48.18 48.19 48.15 48.1 48.09 48.08 48.05 48.08
45.4 45.72 46.01 46.47 46.82 46.95 47.3 47.73 48.08 48.15 48.25 48.29 48.57 48.69 48.86 48.96 48.85 48.82 48.79 48.77 48.87 48.71 48.3 47.93 47.72 47.54 47.56 47.87 48.05 48.33 48.49 48.59 48.74 49.05 49.25 49.24 49.26 49.29 49.13 49.17 49.24 49.33 49.32 49.3 49.33 49.34 49.33 49.37 49.37 49.34 49.31 49.31 49.32 49.26 49.18 49.13 48.95 48.73 48.55 48.49 48.33 48.28 48.41 48.35 48.24 48.2 48.2 48.21 48.21 48.2 48.2 48.19 48.16 48.12 48.11 48.08 48.08 48.13
45.13 45.32 45.69 46.1 46.51 46.67 47.03 47.3 47.61 47.66 47.72 47.69 48.04 48.19 48.34 48.51 48.47 48.48 48.47 48.45 48.51 48.25 47.71 47.36 47.23 47.02 47.01 47.18 47.33 47.66 47.94 48.13 48.28 48.56 48.83 49.06 49.12 49.06 48.78 48.84 48.91 49.01 49.09 49.27 49.3 49.39 49.31 49.33 49.36 49.36 49.36 49.34 49.32 49.32 49.28 49.27 49.23 49.14 49.1 49.07 48.93 48.77 48.8 48.68 48.44 48.3 48.28 48.26 48.23 48.19 48.19 48.16 48.17 48.14 48.13 48.11 48.13 48.13
44.98 45.07 45.27 45.59 46.02 46.18 46.63 46.95 47.23 47.27 47.29 47.13 47.45 47.58 47.71 47.89 47.92 47.94 47.97 47.99 48 47.73 47.06 46.67 46.51 46.3 46.37 46.42 46.45 46.69 47.05 47.21 47.38 47.7 48 48.35 48.64 48.82 48.45 48.63 48.63 48.66 48.81 49 49.11 49.24 49.32 49.34 49.36 49.36 49.34 49.33 49.33 49.31 49.31 49.3 49.3 49.29 49.33 49.34 49.31 49.23 49.21 49.09 48.79 48.64 48.57 48.43 48.29 48.23 48.2 48.17 48.21 48.14 48.14 48.15 48.16 48.18
44.91 44.94 45.04 45.2 45.5 45.67 46.19 46.7 47 47.05 47.01 46.8 46.95 47.06 47.16 47.14 47.13 47.17 47.26 47.3 47.31 47.03 46.29 45.91 45.74 45.46 45.49 45.51 45.53 45.65 45.99 46.23 46.46 46.83 47 47.51 47.8 48.24 48.1 48.15 48.19 48.27 48.35 48.5 48.76 48.95 49.12 49.07 49.06 49.19 49.3 49.32 49.36 49.33 49.33 49.33 49.33 49.3 49.31 49.31 49.33 49.35 49.37 49.33 49.17 49.11 49.02 48.77 48.54 48.39 48.34 48.27 48.24 48.21 48.21 48.19 48.18 48.21
44.84 44.86 44.94 44.99 45.12 45.29 45.8 46.43 46.76 46.81 46.72 46.56 46.51 46.56 46.51 46.34 46.34 46.34 46.44 46.53 46.55 46.22 45.69 45.27 45.08 44.69 44.62 44.54 44.57 44.82 45 45.19 45.38 45.74 46.24 46.81 47.03 47.42 47.53 47.55 47.56 47.57 47.37 47.56 48.01 48.4 48.6 48.6 48.66 48.89 49.04 49.11 49.24 49.27 49.34 49.35 49.37 49.35 49.32 49.33 49.34 49.31 49.34 49.35 49.36 49.34 49.3 49.21 49.01 48.76 48.68 48.49 48.28 48.25 48.23 48.21 48.23 48.2
44.71 44.74 44.83 44.9 44.98 45.13 45.54 46.09 46.39 46.46 46.42 46.26 46.1 45.99 45.85 45.63 45.58 45.52 45.6 45.74 45.74 45.43 45.11 44.79 44.53 44.19 44.12 44.02 44.03 44.07 44.11 44.31 44.46 44.7 45.26 45.62 46.13 45.9 45.9 45.97 46.06 46.3 46.43 46.65 47.18 47.73 47.98 48.09 48.29 48.53 48.64 48.73 48.92 49.06 49.24 49.26 49.32 49.34 49.32 49.35 49.35 49.32 49.34 49.36 49.35 49.3 49.32 49.36 49.34 49.15 49.14 48.96 48.8 48.61 48.52 48.37 48.27 48.22
44.53 44.57 44.69 44.87 45.02 45.14 45.39 45.68 45.91 46.02 46.05 45.85 45.77 45.51 45.29 45.02 44.9 44.72 44.76 44.79 44.8 44.78 44.61 44.21 43.99 43.7 43.62 43.53 43.57 43.58 43.59 43.78 43.69 43.74 44.01 44.22 44.76 44.64 44.56 44.62 44.76 45.18 45.63 45.86 46.44 47.05 47.33 47.49 47.77 48.06 48.27 48.39 48.58 48.73 48.96 49 49.1 49.25 49.3 49.39 49.4 49.36 49.37 49.37 49.35 49.31 49.32 49.35 49.35 49.34 49.33 49.29 49.21 48.97 48.89 48.7 48.46 48.32
44.36 44.4 44.55 44.74 44.87 44.98 45.22 45.45 45.54 45.8 45.64 45.48 45.41 45.17 44.91 44.62 44.45 44.19 44.13 44.09 44.06 43.93 43.77 43.52 43.42 43.2 43.09 42.82 42.89 42.9 42.99 43.1 43.11 43.21 43.29 43.4 43.74 43.91 43.89 43.95 44.13 44.4 44.84 45.11 45.76 46.34 46.6 46.75 47.04 47.46 47.8 48.08 48.33 48.47 48.59 48.66 48.75 48.91 49.02 49.26 49.37 49.36 49.36 49.38 49.39 49.33 49.33 49.35 49.33 49.34 49.33 49.35 49.34 49.27 49.23 49.07 48.94 49.01
44.2 44.26 44.42 44.6 44.73 44.84 45.06 45.28 45.37 45.59 45.45 45.27 45.16 44.9 44.63 44.41 44.22 43.85 43.73 43.67 43.64 43.42 42.87 42.7 42.66 42.47 42.34 42.22 42.35 42.33 42.47 42.55 42.74 42.96 43.05 43.13 43.32 43.47 43.45 43.48 43.63 43.74 44.16 44.44 45.13 45.61 45.86 46.02 46.39 46.82 47.2 47.63 48.11 48.28 48.32 48.41 48.42 48.65 48.7 48.94 49.13 49.16 49.22 49.33 49.43 49.4 49.38 49.36 49.36 49.34 49.34 49.36 49.38 49.37 49.34 49.29 49.27 49.35
44.05 44.12 44.28 44.45 44.53 44.71 44.91 45.12 45.2 45.33 45.23 45.04 44.92 44.66 44.41 44.21 44.02 43.47 43.12 42.91 42.87 42.67 42.27 42.18 42.14 41.98 41.85 41.89 41.99 41.99 42.17 42.26 42.46 42.69 42.8 42.89 43.05 43.13 43.02 43.02 43.08 43.29 43.67 43.9 44.46 44.89 45.12 45.34 45.73 46.09 46.35 47 47.6 48.02 48.14 48.31 48.32 48.4 48.46 48.66 48.79 48.83 48.88 49.02 49.13 49.24 49.25 49.23 49.3 49.42 49.38 49.37 49.37 49.36 49.34 49.35 49.33 49.34
43.97 44.02 44.17 44.32 44.39 44.57 44.76 44.94 45 45.11 45.05 44.83 44.66 44.33 44.07 43.88 43.72 43.21 42.77 42.46 42.31 42.07 41.95 41.94 41.9 41.79 41.73 41.75 41.77 41.78 41.96 42.01 42.17 42.4 42.56 42.63 42.75 42.81 42.71 42.67 42.69 42.9 43.14 43.38 43.82 44.18 44.45 44.66 45.05 45.47 45.71 46.33 46.93 47.42 47.75 48.22 48.27 48.3 48.33 48.4 48.5 48.57 48.52 48.52 48.61 48.76 48.86 48.99 49.09 49.26 49.31 49.3 49.29 49.31 49.34 49.35 49.32 49.33
43.91 43.96 44.09 44.23 44.3 44.48 44.64 44.61 44.68 44.79 44.76 44.55 44.39 44.08 43.8 43.6 43.45 43.05 42.64 42.41 42.1 41.83 41.8 41.79 41.74 41.69 41.73 41.74 41.75 41.75 41.78 41.8 41.9 42.14 42.31 42.33 42.4 42.46 42.44 42.36 42.36 42.58 42.77 42.96 43.32 43.56 43.68 43.97 44.37 44.84 45.05 45.64 46.25 46.85 47.33 48.06 48.22 48.19 48.25 48.27 48.31 48.36 48.3 48.29 48.38 48.48 48.56 48.72 48.83 48.92 49.08 49.13 49.15 49.2 49.32 49.37 49.35 49.34
43.84 43.9 43.96 44.08 44.15 44.32 44.41 44.37 44.42 44.52 44.48 44.31 44.18 43.9 43.61 43.36 43.18 42.83 42.47 42.31 41.92 41.77 41.76 41.76 41.71 41.7 41.78 41.79 41.82 41.77 41.77 41.76 41.79 41.98 42.12 42.11 42.08 42.11 42.15 42.11 42.16 42.25 42.35 42.62 42.94 43.06 43.13 43.33 43.7 44.14 44.35 44.9 45.12 45.91 46.39 47.23 47.68 47.83 47.96 48.13 48.18 48.24 48.25 48.3 48.38 48.42 48.44 48.5 48.57 48.63 48.76 48.86 48.94 48.99 49.16 49.3 49.37 49.35
43.59 43.76 43.87 43.96 44.03 44.17 44.19 44.19 44.24 44.32 44.28 44.14 44 43.68 43.35 43.1 42.8 42.47 42.2 42.05 41.77 41.79 41.78 41.75 41.66 41.72 41.83 41.84 41.84 41.82 41.75 41.74 41.74 41.8 41.9 41.92 41.91 41.88 41.88 41.89 42 42.06 42.09 42.28 42.54 42.57 42.62 42.71 43.02 43.42 43.55 43.91 44.2 44.86 45.29 46.16 46.94 47.32 47.51 47.95 48.04 48.15 48.27 48.33 48.34 48.34 48.35 48.34 48.37 48.39 48.48 48.57 48.67 48.71 48.85 49.08 49.24 49.28
43.28 43.54 43.75 43.88 43.94 44.02 44.02 44.01 44.05 44.12 44.08 43.98 43.76 43.36 42.98 42.83 42.37 42 41.95 41.82 41.71 41.86 41.89 41.8 41.65 41.71 41.84 41.84 41.85 41.82 41.72 41.72 41.72 41.71 41.73 41.75 41.75 41.75 41.76 41.78 41.85 41.89 41.83 41.94 42.01 42.03 42.14 42.34 42.64 43.01 43.04 43.16 43.6 44.01 44.41 45.29 46.18 46.76 47.01 47.68 47.92 48.04 48.28 48.34 48.28 48.28 48.29 48.31 48.31 48.35 48.43 48.46 48.53 48.55 48.66 48.78 49 49.12
42.93 43.21 43.51 43.73 43.8 43.84 43.84 43.84 43.84 43.91 43.9 43.82 43.46 42.98 42.6 42.43 41.99 41.79 41.81 41.77 41.76 41.84 41.87 41.8 41.7 41.74 41.84 41.84 41.83 41.77 41.61 41.63 41.66 41.67 41.66 41.66 41.67 41.67 41.69 41.74 41.77 41.77 41.74 41.81 41.78 41.76 41.87 42.16 42.48 42.83 42.79 42.74 43.09 43.35 43.73 44.56 45.35 45.95 46.46 47.24 47.72 47.89 48.21 48.34 48.29 48.28 48.29 48.24 48.29 48.32 48.33 48.39 48.46 48.45 48.47 48.49 48.67 48.81
42.56 42.87 43.24 43.52 43.56 43.6 43.61 43.61 43.61 43.63 43.69 43.65 43.28 42.71 42.32 42.14 41.87 41.84 41.8 41.77 41.72 41.78 41.77 41.73 41.68 41.72 41.8 41.82 41.82 41.77 41.65 41.58 41.68 41.67 41.64 41.56 41.55 41.55 41.61 41.72 41.73 41.74 41.74 41.8 41.79 41.71 41.77 42.01 42.33 42.62 42.55 42.39 42.55 42.71 43.06 43.79 44.47 44.83 45.84 46.66 47.14 47.4 47.88 48.19 48.27 48.31 48.34 48.35 48.41 48.4 48.36 48.39 48.44 48.42 48.37 48.4 48.46 48.57
42.33 42.74 43.12 43.32 43.33 43.3 43.34 43.36 43.36 43.37 43.42 43.4 43.1 42.54 42.09 41.94 41.75 41.74 41.78 41.72 41.66 41.69 41.71 41.7 41.66 41.68 41.74 41.77 41.78 41.73 41.69 41.7 41.72 41.63 41.59 41.49 41.45 41.47 41.54 41.69 41.65 41.67 41.7 41.77 41.76 41.71 41.72 41.89 42.17 42.37 42.29 42.13 42.11 42.19 42.49 43.03 43.66 44.04 45.13 46 46.6 46.92 47.51 47.94 48.08 48.17 48.35 48.38 48.38 48.39 48.4 48.4 48.45 48.43 48.38 48.36 48.39 48.47
42.23 42.63 42.97 43.03 43.08 43.03 43.03 43.06 43.11 43.11 43.15 43.08 42.78 42.26 41.84 41.78 41.67 41.65 41.74 41.65 41.64 41.69 41.66 41.65 41.63 41.66 41.68 41.72 41.73 41.69 41.71 41.82 41.74 41.6 41.54 41.47 41.45 41.46 41.54 41.68 41.54 41.51 41.58 41.71 41.73 41.72 41.73 41.81 41.98 42.04 42.05 41.96 42.13 42.14 42.16 42.23 42.77 43.25 44.18 45.06 45.83 46.3 47.19 47.68 47.88 48 48.21 48.29 48.28 48.31 48.37 48.39 48.41 48.44 48.42 48.4 48.43 48.47
42.13 42.51 42.78 42.81 42.81 42.75 42.71 42.74 42.81 42.85 42.84 42.73 42.43 41.98 41.74 41.7 41.61 41.59 41.62 41.58 41.65 41.63 41.6 41.6 41.62 41.65 41.66 41.69 41.69 41.62 41.68 41.82 41.74 41.64 41.58 41.52 41.5 41.51 41.57 41.71 41.59 41.43 41.47 41.59 41.69 41.7 41.74 41.78 41.82 41.86 41.92 41.88 42.04 42.06 42.06 42.06 42.42 42.91 43.79 44.48 45.05 45.56 46.65 47.28 47.58 47.74 48 48.06 48.12 48.18 48.26 48.33 48.35 48.45 48.48 48.45 48.45 48.42
42.02 42.39 42.58 42.59 42.55 42.48 42.43 42.42 42.47 42.54 42.46 42.34 42 41.74 41.64 41.61 41.55 41.53 41.53 41.55 41.62 41.58 41.59 41.6 41.62 41.64 41.65 41.68 41.65 41.57 41.63 41.77 41.76 41.71 41.65 41.61 41.61 41.61 41.66 41.76 41.76 41.71 41.64 41.53 41.58 41.61 41.72 41.78 41.77 41.78 41.78 41.77 41.87 41.91 41.93 41.93 42.08 42.59 43.44 44.06 44.45 44.93 45.75 46.37 46.7 46.93 47.33 47.67 47.83 48.05 48.14 48.22 48.27 48.4 48.47 48.46 48.43 48.38
41.91 42.21 42.36 42.33 42.27 42.21 42.1 41.95 41.93 41.96 41.88 41.87 41.78 41.63 41.52 41.49 41.5 41.52 41.53 41.55 41.59 41.61 41.61 41.62 41.63 41.66 41.66 41.67 41.63 41.62 41.64 41.73 41.77 41.7 41.66 41.67 41.7 41.71 41.7 41.7 41.74 41.73 41.69 41.65 41.62 41.61 41.64 41.71 41.75 41.76 41.74 41.72 41.72 41.77 41.81 41.83 41.87 42.17 42.82 43.27 43.59 44.12 44.97 45.55 45.78 46.14 46.65 47.2 47.44 47.89 48.03 48.1 48.16 48.29 48.41 48.46 48.45 48.44
41.79 42 41.91 41.89 41.84 41.78 41.7 41.61 41.58 41.59 41.59 41.65 41.74 41.58 41.46 41.39 41.47 41.55 41.55 41.58 41.58 41.61 41.62 41.64 41.66 41.71 41.69 41.66 41.65 41.74 41.7 41.74 41.84 41.79 41.73 41.63 41.63 41.62 41.62 41.63 41.68 41.69 41.68 41.64 41.6 41.59 41.64 41.71 41.76 41.75 41.72 41.69 41.63 41.65 41.69 41.72 41.72 41.85 42.22 42.53 42.86 43.42 44.42 44.95 45.12 45.59 46.16 46.73 47.01 47.63 47.91 47.99 48.04 48.19 48.43 48.5 48.5 48.51
41.64 41.71 41.62 41.6 41.56 41.51 41.49 41.48 41.47 41.51 41.58 41.66 41.74 41.54 41.46 41.33 41.43 41.53 41.56 41.62 41.58 41.56 41.59 41.65 41.67 41.68 41.69 41.7 41.74 41.73 41.72 41.74 41.81 41.84 41.66 41.5 41.53 41.54 41.54 41.58 41.61 41.63 41.64 41.61 41.58 41.58 41.64 41.7 41.73 41.73 41.69 41.62 41.53 41.5 41.56 41.65 41.67 41.71 41.82 41.98 42.27 42.92 43.91 44.36 44.56 45.08 45.69 46.27 46.57 47.26 47.77 47.88 47.93 48.13 48.44 48.52 48.54 48.57
