slabs/31.grd
DSAA
631 301
643890 644520
4946000 4946300
41.15 49.54
[rows 204 to 237 of 300, columns 390 to 467 of 631]
46.21 46.17 46.23 46.21 46.2 46.17 46.13 46.19 46.13 46.12 46.1 46.09 46.11 46.16 46.17 46.15 46.11 46.1 46.06 46.04 45.99 45.97 45.98 46.01 46.15 46.24 46.3 46.3 46.28 46.27 46.29 46.34 46.37 46.33 46.32 46.35 46.33 46.31 46.3 46.28 46.26 46.2 46.19 46.21 46.21 46.2 46.21 46.26 46.29 46.28 46.35 46.49 46.45 46.46 46.51 46.59 46.52 46.42 46.36 46.29 46.26 46.24 46.17 46.12 46.06 46.06 46.07 46.05 46 45.96 45.92 45.86 45.85 45.84 45.81 45.81 45.76 45.74
46.2 46.16 46.18 46.2 46.19 46.15 46.13 46.2 46.14 46.1 46.11 46.11 46.12 46.16 46.17 46.14 46.1 46.09 46.04 46.03 46.01 45.98 45.97 46.01 46.14 46.22 46.24 46.25 46.25 46.27 46.29 46.31 46.33 46.3 46.3 46.3 46.26 46.25 46.26 46.25 46.26 46.28 46.28 46.36 46.32 46.19 46.19 46.22 46.27 46.31 46.36 46.49 46.48 46.5 46.54 46.6 46.54 46.44 46.39 46.31 46.29 46.27 46.18 46.12 46.12 46.11 46.1 46.03 46.04 46.02 45.98 45.92 45.87 45.85 45.84 45.81 45.79 45.77
46.19 46.16 46.16 46.23 46.19 46.15 46.14 46.18 46.14 46.08 46.09 46.09 46.1 46.13 46.13 46.1 46.09 46.09 46.03 46.04 45.99 45.99 45.95 45.96 46.11 46.21 46.24 46.26 46.27 46.3 46.29 46.27 46.27 46.28 46.28 46.27 46.22 46.26 46.27 46.29 46.32 46.41 46.43 46.49 46.36 46.15 46.15 46.18 46.25 46.36 46.41 46.47 46.47 46.47 46.53 46.58 46.55 46.52 46.37 46.31 46.37 46.32 46.21 46.13 46.08 46.06 46.03 46.04 45.98 46 46.01 45.93 45.86 45.83 45.83 45.81 45.81 45.8
46.2 46.17 46.13 46.21 46.16 46.16 46.07 46.09 46.11 46.14 46.12 46.12 46.13 46.13 46.17 46.13 46.1 46.11 46.05 46.04 45.98 45.97 45.98 45.99 46.09 46.19 46.24 46.26 46.27 46.27 46.25 46.23 46.24 46.26 46.26 46.27 46.25 46.31 46.32 46.35 46.4 46.49 46.52 46.51 46.3 46.12 46.14 46.25 46.34 46.41 46.42 46.46 46.45 46.46 46.52 46.53 46.55 46.5 46.39 46.37 46.42 46.37 46.23 46.13 46.09 46.1 46.11 46.1 46.09 46.09 46.08 45.98 45.88 45.87 45.88 45.87 45.85 45.8
46.24 46.2 46.17 46.2 46.2 46.15 46.12 46.11 46.13 46.09 46.09 46.09 46.09 46.1 46.15 46.12 46.09 46.13 46.06 46.04 46.01 45.98 46.01 46.01 46.05 46.15 46.2 46.24 46.24 46.25 46.24 46.24 46.28 46.29 46.3 46.31 46.3 46.34 46.35 46.39 46.43 46.5 46.49 46.43 46.23 46.11 46.2 46.38 46.38 46.37 46.38 46.44 46.49 46.51 46.52 46.56 46.57 46.53 46.44 46.34 46.4 46.38 46.29 46.17 46.17 46.16 46.16 46.15 46.15 46.14 46.12 46.05 46 45.95 45.9 45.88 45.86 45.81
46.23 46.2 46.14 46.17 46.21 46.15 46.17 46.13 46.12 46.05 46.1 46.1 46.14 46.11 46.16 46.12 46.07 46.13 46.07 46.04 46 46.03 46.04 46.04 46.09 46.15 46.17 46.23 46.28 46.28 46.29 46.28 46.33 46.36 46.37 46.37 46.34 46.38 46.38 46.4 46.4 46.43 46.42 46.35 46.17 46.19 46.34 46.46 46.39 46.38 46.41 46.45 46.47 46.49 46.54 46.55 46.52 46.52 46.41 46.32 46.31 46.3 46.26 46.22 46.21 46.21 46.21 46.2 46.19 46.17 46.14 46.09 46.08 46 45.91 45.88 45.87 45.83
46.19 46.23 46.14 46.16 46.19 46.15 46.16 46.14 46.14 46.06 46.1 46.1 46.11 46.1 46.16 46.12 46.08 46.11 46.07 46.06 46.01 46.05 46.05 46.06 46.06 46.14 46.16 46.25 46.36 46.31 46.32 46.32 46.37 46.4 46.41 46.42 46.41 46.44 46.42 46.45 46.43 46.42 46.41 46.34 46.26 46.28 46.4 46.45 46.45 46.43 46.45 46.49 46.51 46.53 46.55 46.52 46.51 46.48 46.4 46.28 46.27 46.27 46.26 46.28 46.27 46.26 46.24 46.22 46.21 46.18 46.15 46.12 46.09 46.03 45.96 45.89 45.89 45.84
46.2 46.2 46.14 46.15 46.16 46.15 46.13 46.11 46.11 46.09 46.11 46.1 46.08 46.08 46.12 46.11 46.09 46.1 46.08 46.08 46.02 46.04 46.04 46.06 45.98 46.09 46.16 46.31 46.38 46.35 46.34 46.36 46.41 46.43 46.44 46.45 46.46 46.46 46.44 46.45 46.42 46.41 46.42 46.41 46.32 46.32 46.32 46.41 46.44 46.41 46.46 46.52 46.53 46.55 46.55 46.5 46.47 46.43 46.37 46.32 46.3 46.31 46.32 46.33 46.31 46.28 46.25 46.22 46.21 46.19 46.16 46.11 46.09 46.05 45.99 45.92 45.88 45.83
46.17 46.2 46.18 46.17 46.19 46.16 46.12 46.1 46.11 46.13 46.1 46.09 46.11 46.09 46.11 46.1 46.09 46.1 46.09 46.07 46.03 46.07 46.05 46.08 46.03 46.09 46.17 46.28 46.34 46.39 46.39 46.42 46.43 46.46 46.46 46.48 46.56 46.62 46.53 46.42 46.44 46.45 46.45 46.4 46.35 46.32 46.31 46.41 46.41 46.41 46.46 46.51 46.55 46.54 46.53 46.48 46.45 46.42 46.37 46.37 46.34 46.35 46.39 46.35 46.34 46.3 46.25 46.22 46.21 46.18 46.15 46.06 46.06 46.04 46.01 45.95 45.91 45.87
46.15 46.18 46.21 46.18 46.19 46.16 46.12 46.11 46.11 46.12 46.06 46.08 46.12 46.12 46.11 46.1 46.1 46.11 46.09 46.05 46.05 46.09 46.07 46.04 46.02 46 46.08 46.17 46.32 46.41 46.44 46.52 46.47 46.46 46.46 46.48 46.52 46.54 46.54 46.45 46.5 46.48 46.43 46.4 46.41 46.38 46.4 46.43 46.43 46.44 46.49 46.52 46.55 46.52 46.51 46.46 46.44 46.42 46.41 46.4 46.38 46.37 46.4 46.36 46.36 46.35 46.28 46.23 46.22 46.18 46.13 46.04 46.03 46.04 46.03 45.99 45.94 45.86
46.15 46.14 46.21 46.17 46.16 46.16 46.12 46.1 46.07 46.12 46.07 46.09 46.09 46.1 46.09 46.07 46.08 46.1 46.09 46.08 46.06 46.06 46.03 45.97 45.98 45.97 46.07 46.26 46.42 46.41 46.47 46.55 46.48 46.47 46.46 46.47 46.48 46.5 46.53 46.44 46.46 46.45 46.42 46.4 46.45 46.42 46.45 46.46 46.45 46.48 46.52 46.53 46.53 46.51 46.5 46.44 46.43 46.42 46.45 46.43 46.42 46.38 46.38 46.37 46.38 46.39 46.34 46.28 46.25 46.18 46.12 46.05 46.02 46.02 46.04 46.05 45.97 45.89
46.14 46.12 46.18 46.15 46.13 46.15 46.11 46.1 46.08 46.13 46.12 46.11 46.12 46.08 46.09 46.1 46.04 46.04 46.04 46.07 46.04 46.08 46.03 45.98 45.96 45.95 46.05 46.26 46.34 46.4 46.46 46.54 46.48 46.48 46.47 46.47 46.48 46.48 46.49 46.43 46.42 46.43 46.42 46.41 46.44 46.44 46.47 46.47 46.48 46.49 46.52 46.51 46.5 46.5 46.48 46.43 46.43 46.44 46.45 46.43 46.43 46.42 46.41 46.39 46.39 46.42 46.4 46.34 46.31 46.22 46.11 46.06 46.02 46.01 46.05 46.06 46 45.93
46.09 46.11 46.16 46.13 46.11 46.14 46.13 46.11 46.08 46.13 46.12 46.09 46.11 46.09 46.08 46.07 46.08 46.04 46.04 46.02 46.06 46.06 46.02 45.97 45.98 45.98 46.01 46.21 46.31 46.36 46.43 46.51 46.48 46.48 46.48 46.48 46.48 46.48 46.47 46.43 46.43 46.43 46.43 46.43 46.43 46.45 46.48 46.48 46.51 46.51 46.52 46.5 46.48 46.48 46.47 46.45 46.44 46.44 46.42 46.45 46.44 46.42 46.4 46.43 46.42 46.41 46.44 46.4 46.38 46.29 46.1 46.06 46.04 45.99 46.02 46.04 46 45.92
46.09 46.13 46.17 46.12 46.08 46.17 46.16 46.12 46.09 46.12 46.1 46.07 46.07 46.07 46.06 46.06 46.08 46.07 46.06 46.01 46.03 46.04 46.03 45.98 45.98 45.98 45.96 46.1 46.3 46.34 46.42 46.48 46.49 46.49 46.49 46.49 46.47 46.47 46.45 46.43 46.44 46.43 46.43 46.45 46.45 46.45 46.48 46.51 46.5 46.51 46.53 46.52 46.52 46.5 46.45 46.45 46.44 46.42 46.41 46.39 46.4 46.41 46.4 46.43 46.42 46.4 46.41 46.42 46.4 46.24 46.07 46.06 46.05 46.02 46.03 46.05 46.03 45.94
46.09 46.13 46.12 46.11 46.09 46.17 46.14 46.09 46.08 46.09 46.09 46.05 46.08 46.06 46.08 46.08 46.09 46.09 46.05 46.01 46.03 46.04 46.02 45.96 46.01 46 45.96 46.03 46.24 46.32 46.43 46.47 46.49 46.49 46.48 46.49 46.47 46.46 46.45 46.45 46.44 46.44 46.44 46.46 46.47 46.46 46.49 46.53 46.52 46.51 46.52 46.52 46.5 46.5 46.47 46.46 46.45 46.44 46.42 46.41 46.41 46.38 46.38 46.37 46.36 46.35 46.32 46.34 46.34 46.21 46.1 46.11 46.13 46.09 46.05 46.05 46.03 45.95
46.12 46.14 46.12 46.11 46.08 46.11 46.1 46.06 46.04 46.07 46.07 46.02 46.06 46.04 46.08 46.07 46.04 46.04 46.02 46.01 46.02 46.03 46.02 45.97 45.98 45.98 45.95 46.01 46.19 46.28 46.44 46.48 46.5 46.5 46.49 46.49 46.49 46.49 46.48 46.47 46.45 46.44 46.46 46.49 46.48 46.5 46.52 46.52 46.5 46.52 46.54 46.53 46.49 46.47 46.49 46.47 46.47 46.45 46.42 46.39 46.38 46.35 46.32 46.3 46.3 46.35 46.35 46.35 46.32 46.23 46.16 46.16 46.18 46.12 46.02 46.02 46.03 45.99
46.05 46.1 46.09 46.09 46.03 46.07 46.08 46.07 46.04 46.02 46.04 46.02 46.06 46.04 46.06 46.05 46.01 46.01 46.01 46.02 46.03 46.02 46.02 45.97 45.92 45.94 45.93 45.98 46.15 46.25 46.43 46.49 46.53 46.53 46.52 46.51 46.5 46.49 46.48 46.48 46.48 46.46 46.46 46.51 46.51 46.56 46.53 46.49 46.49 46.52 46.54 46.53 46.49 46.48 46.5 46.47 46.45 46.43 46.39 46.37 46.35 46.31 46.29 46.27 46.27 46.3 46.31 46.33 46.33 46.25 46.19 46.18 46.18 46.07 45.95 45.96 46.03 46.02
46.06 46.09 46.08 46.11 46.04 46.06 46.07 46.08 46.04 46.01 46.03 46.02 46.04 46.06 46.05 46.03 46.04 46.05 46.04 46.05 46.04 46.03 46 45.98 45.93 45.94 45.93 45.9 46.11 46.21 46.38 46.45 46.56 46.56 46.55 46.54 46.52 46.51 46.49 46.47 46.46 46.45 46.48 46.52 46.52 46.56 46.52 46.52 46.52 46.52 46.51 46.5 46.48 46.48 46.46 46.45 46.43 46.4 46.37 46.35 46.34 46.31 46.28 46.27 46.26 46.27 46.27 46.29 46.32 46.26 46.19 46.16 46.14 46.01 45.92 45.93 46 46.01
46.02 46.03 46.05 46.08 46.06 46.05 46.09 46.09 46.05 46.03 46.03 46.03 46.01 46.04 46.04 46.02 46.05 46.06 46.05 46.03 46.03 46.02 45.98 45.97 45.98 45.97 45.92 45.87 46.05 46.17 46.36 46.46 46.55 46.54 46.52 46.51 46.5 46.47 46.44 46.43 46.43 46.44 46.5 46.52 46.52 46.56 46.53 46.53 46.51 46.52 46.49 46.5 46.49 46.47 46.45 46.44 46.42 46.4 46.37 46.36 46.34 46.31 46.29 46.28 46.27 46.29 46.31 46.29 46.3 46.24 46.16 46.13 46.08 46 45.95 45.94 45.97 46.03
46.05 46 46.02 46.05 46.08 46.04 46.09 46.08 46.05 46.03 46.02 46.05 45.98 45.99 46.01 46.03 46.04 46.02 46 45.98 46.02 46 45.98 45.99 45.97 45.96 45.92 45.86 45.95 46.14 46.37 46.45 46.52 46.51 46.48 46.47 46.47 46.46 46.45 46.44 46.44 46.46 46.48 46.52 46.54 46.55 46.5 46.51 46.48 46.52 46.51 46.51 46.49 46.47 46.45 46.44 46.43 46.4 46.38 46.37 46.35 46.32 46.3 46.29 46.29 46.31 46.33 46.32 46.29 46.21 46.12 46.1 46.09 46 45.96 45.96 45.98 46.04
46.07 46.02 46.02 46.03 46.09 46.04 46.05 46.06 46.01 46.01 46.01 46.07 45.98 45.98 46.01 46.03 46.04 46.04 46.01 46 46 45.99 46.02 46 45.91 45.92 45.88 45.83 45.89 46.06 46.34 46.48 46.49 46.5 46.49 46.49 46.49 46.49 46.48 46.48 46.48 46.49 46.5 46.55 46.55 46.55 46.5 46.5 46.47 46.52 46.52 46.5 46.48 46.46 46.45 46.45 46.44 46.41 46.39 46.38 46.36 46.33 46.31 46.3 46.3 46.32 46.34 46.35 46.34 46.3 46.18 46.16 46.12 46.02 45.99 45.97 45.97 46
46.05 46.02 46.01 46.01 46.08 46.06 46.03 46.05 45.98 46 45.98 46.03 46 45.98 46 46 46.06 46.05 46.02 45.99 46 46 46.03 45.99 45.92 45.91 45.85 45.86 45.88 46.03 46.37 46.49 46.49 46.5 46.5 46.5 46.5 46.5 46.5 46.51 46.51 46.52 46.51 46.55 46.56 46.55 46.49 46.48 46.48 46.52 46.51 46.49 46.47 46.46 46.46 46.45 46.44 46.42 46.4 46.39 46.36 46.34 46.32 46.31 46.31 46.34 46.36 46.37 46.38 46.38 46.19 46.15 46.11 46.03 45.95 45.95 45.95 46.05
46.02 45.99 45.99 45.99 46.03 46.02 46 46.03 46.04 46.03 45.98 45.99 45.93 45.93 46 45.99 46.01 45.99 45.95 45.98 46.01 46 46 46.01 45.95 45.92 45.91 45.93 45.94 46.08 46.41 46.51 46.52 46.51 46.51 46.51 46.51 46.51 46.51 46.53 46.52 46.53 46.53 46.54 46.56 46.55 46.47 46.46 46.48 46.51 46.5 46.48 46.47 46.46 46.46 46.45 46.45 46.43 46.41 46.4 46.37 46.35 46.33 46.32 46.32 46.35 46.37 46.38 46.4 46.39 46.2 46.16 46.11 46.09 46.05 45.98 45.93 46
46.03 46.01 45.99 46.04 46.01 46.01 45.98 46.02 46 46.02 45.99 46.02 45.99 45.96 45.97 45.95 46.01 45.99 45.98 45.98 45.97 45.99 46.03 45.97 45.96 45.93 45.96 46 46.02 46.15 46.45 46.54 46.54 46.53 46.52 46.52 46.52 46.51 46.53 46.53 46.53 46.54 46.54 46.57 46.57 46.54 46.47 46.48 46.47 46.48 46.49 46.48 46.47 46.46 46.46 46.45 46.45 46.44 46.42 46.41 46.38 46.36 46.34 46.33 46.34 46.37 46.38 46.39 46.42 46.43 46.32 46.15 46.08 46.06 46.04 46 45.97 46
46.01 46.01 46.01 46 45.97 45.98 46 46.06 46.09 46.05 46 45.98 46.01 45.96 45.93 45.96 45.99 46.01 46.02 46 46 45.99 45.98 45.94 45.96 45.95 45.96 46.05 46.13 46.29 46.49 46.57 46.56 46.55 46.53 46.53 46.52 46.5 46.54 46.52 46.54 46.55 46.56 46.6 46.58 46.53 46.47 46.46 46.48 46.49 46.48 46.47 46.46 46.46 46.46 46.45 46.45 46.45 46.42 46.41 46.39 46.36 46.34 46.34 46.36 46.38 46.39 46.41 46.43 46.43 46.36 46.16 46.07 46.06 46.04 46 45.97 45.96
45.93 45.98 46.02 45.99 45.96 45.99 45.98 46 46.06 46.02 45.97 45.94 46 45.97 45.92 45.98 45.98 46 45.97 45.96 45.97 45.99 46 45.99 45.98 45.93 45.92 46.05 46.17 46.39 46.53 46.61 46.61 46.59 46.58 46.56 46.56 46.52 46.53 46.55 46.59 46.57 46.57 46.58 46.57 46.52 46.49 46.48 46.45 46.49 46.47 46.47 46.46 46.46 46.46 46.45 46.45 46.44 46.43 46.42 46.4 46.37 46.35 46.35 46.37 46.4 46.41 46.44 46.44 46.42 46.36 46.19 46.06 46.02 46.03 46.01 45.97 45.97
45.97 45.98 45.96 45.96 45.97 45.98 45.99 45.98 46.04 46.03 45.99 45.92 45.94 45.93 45.92 46 45.98 45.97 45.95 45.97 45.96 45.98 46.03 46.01 45.98 45.91 45.91 46.01 46.14 46.36 46.53 46.69 46.69 46.69 46.67 46.65 46.65 46.64 46.55 46.57 46.61 46.59 46.58 46.58 46.58 46.53 46.49 46.46 46.45 46.48 46.47 46.46 46.46 46.46 46.45 46.45 46.45 46.44 46.44 46.43 46.41 46.39 46.38 46.37 46.39 46.41 46.44 46.47 46.43 46.39 46.35 46.22 46.06 46.03 46.06 46.07 46.07 46.06
45.95 45.95 45.94 45.98 45.96 45.95 45.98 45.95 46.04 46.04 45.99 45.92 45.91 45.89 45.91 45.99 45.97 45.98 45.97 45.99 45.99 45.97 46 45.98 45.96 45.93 45.91 45.99 46.09 46.29 46.44 46.7 46.76 46.8 46.78 46.75 46.75 46.75 46.63 46.6 46.55 46.6 46.64 46.62 46.58 46.5 46.47 46.47 46.45 46.46 46.47 46.47 46.46 46.46 46.45 46.45 46.44 46.44 46.44 46.43 46.42 46.4 46.39 46.39 46.41 46.45 46.46 46.46 46.4 46.35 46.32 46.24 46.12 46.1 46.13 46.17 46.21 46.15
45.92 45.92 45.92 45.94 45.93 45.92 45.96 45.93 45.99 46 45.97 45.93 45.92 45.9 45.89 45.94 45.93 45.99 45.98 45.94 45.99 45.98 45.98 46.01 45.97 45.95 45.88 45.94 46.02 46.17 46.39 46.64 46.77 46.91 46.89 46.86 46.85 46.86 46.66 46.61 46.56 46.6 46.62 46.61 46.58 46.51 46.46 46.46 46.45 46.48 46.46 46.43 46.41 46.42 46.43 46.44 46.45 46.44 46.44 46.43 46.43 46.41 46.4 46.41 46.45 46.49 46.48 46.44 46.37 46.31 46.3 46.26 46.18 46.16 46.17 46.2 46.25 46.23
45.92 45.91 45.94 45.91 45.93 45.93 45.94 45.93 45.94 45.97 45.95 45.94 45.93 45.92 45.91 45.86 45.89 45.93 45.96 45.89 45.95 45.94 45.97 46.03 46.02 45.99 45.86 45.93 46.01 46.11 46.33 46.49 46.81 46.98 46.96 46.94 46.89 46.85 46.64 46.63 46.6 46.59 46.62 46.61 46.58 46.52 46.49 46.47 46.45 46.46 46.46 46.43 46.41 46.42 46.42 46.43 46.44 46.43 46.43 46.42 46.42 46.42 46.41 46.44 46.48 46.52 46.5 46.44 46.33 46.31 46.31 46.3 46.23 46.2 46.18 46.21 46.25 46.24
45.92 45.9 45.94 45.91 45.93 45.93 45.96 45.94 45.93 45.95 45.94 45.95 45.92 45.93 45.94 45.87 45.9 45.93 45.97 45.89 45.9 45.91 45.96 46.02 45.96 45.94 45.92 45.9 45.97 46.16 46.36 46.53 46.86 47 47.03 47.02 46.94 46.81 46.67 46.66 46.63 46.59 46.59 46.6 46.59 46.51 46.51 46.48 46.46 46.44 46.45 46.45 46.45 46.44 46.44 46.43 46.42 46.42 46.42 46.41 46.42 46.42 46.42 46.45 46.49 46.51 46.5 46.46 46.39 46.39 46.38 46.33 46.28 46.26 46.21 46.11 46.2 46.18
45.91 45.87 45.91 45.88 45.89 45.9 45.96 45.94 45.92 45.93 45.91 45.95 45.91 45.9 45.91 45.9 45.92 45.88 45.95 45.97 45.94 45.92 45.92 45.97 45.95 45.9 45.93 45.93 45.95 46.25 46.6 46.67 46.82 46.94 47.02 47.05 47.06 47 46.75 46.72 46.68 46.63 46.58 46.59 46.59 46.53 46.5 46.48 46.46 46.44 46.44 46.45 46.46 46.45 46.45 46.45 46.44 46.44 46.44 46.43 46.43 46.44 46.43 46.42 46.43 46.43 46.44 46.41 46.41 46.39 46.38 46.34 46.3 46.29 46.27 46.16 46.14 46.14
45.88 45.87 45.88 45.87 45.88 45.88 45.9 45.94 45.9 45.9 45.92 45.95 45.92 45.86 45.91 45.87 45.91 45.9 45.93 45.93 45.91 45.89 45.91 45.93 45.95 45.92 45.97 45.97 45.95 46.21 46.58 46.63 46.71 46.79 46.88 46.93 47.04 47.05 46.82 46.77 46.73 46.68 46.6 46.61 46.6 46.55 46.5 46.48 46.45 46.43 46.44 46.46 46.46 46.46 46.46 46.45 46.45 46.45 46.45 46.46 46.46 46.47 46.4 46.38 46.4 46.39 46.39 46.42 46.4 46.39 46.38 46.35 46.3 46.3 46.3 46.24 46.12 46.15
45.85 45.88 45.89 45.9 45.9 45.87 45.89 45.93 45.9 45.88 45.94 45.92 45.9 45.87 45.9 45.87 45.9 45.9 45.89 45.89 45.87 45.91 45.97 45.97 45.94 45.95 45.92 45.94 45.97 46.06 46.38 46.51 46.67 46.73 46.78 46.82 46.91 46.91 46.82 46.75 46.7 46.68 46.62 46.63 46.6 46.54 46.52 46.49 46.44 46.42 46.43 46.42 46.46 46.46 46.46 46.47 46.48 46.48 46.48 46.49 46.49 46.49 46.43 46.37 46.39 46.45 46.44 46.41 46.4 46.39 46.37 46.35 46.31 46.3 46.3 46.25 46.14 46.15
