slabs/31.grd
DSAA
631 301
643890 644520
4946000 4946300
41.15 49.54
[rows 68 to 101 of 300, columns 390 to 467 of 631]
46.67 46.7 46.64 46.68 46.69 46.6 46.53 46.56 46.6 46.59 46.57 46.56 46.54 46.55 46.48 46.54 46.68 46.72 46.7 46.72 46.72 46.7 46.68 46.65 46.62 46.6 46.59 46.53 46.43 46.38 46.32 46.25 46.25 46.15 46.11 46.07 46.1 46.13 46.14 46.14 46.13 46.13 46.12 46.06 45.92 45.91 45.95 46.01 46.03 46.01 45.97 46.05 46.02 46.02 46.03 46.06 46.03 46.05 46.07 46.06 46.08 46.12 46.11 46.11 46.14 46.13 46.13 46.14 46.14 46.12 46.12 46.12 46.11 46.12 46.1 46.06 46.06 46.08
46.67 46.7 46.64 46.68 46.72 46.63 46.58 46.59 46.62 46.58 46.54 46.55 46.57 46.59 46.5 46.55 46.63 46.68 46.72 46.74 46.7 46.71 46.7 46.69 46.65 46.6 46.58 46.53 46.47 46.39 46.33 46.24 46.23 46.12 46.1 46.1 46.1 46.14 46.15 46.13 46.13 46.1 46.1 46.11 45.96 45.9 45.93 46.02 46.06 46.02 46 46.04 46 46 46.02 46.05 46.1 46.12 46.1 46.05 46.1 46.11 46.07 46.11 46.13 46.13 46.11 46.12 46.09 46.12 46.1 46.12 46.11 46.09 46.08 46.07 46.07 46.09
46.7 46.72 46.69 46.7 46.73 46.63 46.63 46.6 46.61 46.55 46.56 46.58 46.58 46.59 46.53 46.55 46.61 46.67 46.71 46.74 46.71 46.71 46.7 46.68 46.66 46.61 46.6 46.55 46.49 46.38 46.32 46.23 46.22 46.16 46.14 46.12 46.12 46.12 46.13 46.1 46.12 46.11 46.1 46.09 45.99 45.93 45.95 46.02 46.06 46.06 46.04 46.04 46.05 46.05 46.06 46.06 46.1 46.09 46.09 46.06 46.1 46.1 46.07 46.11 46.11 46.12 46.11 46.12 46.1 46.15 46.1 46.13 46.12 46.08 46.06 46.08 46.07 46.05
46.67 46.74 46.7 46.68 46.67 46.61 46.61 46.6 46.63 46.57 46.56 46.58 46.57 46.59 46.57 46.54 46.56 46.6 46.62 46.7 46.73 46.7 46.68 46.67 46.66 46.6 46.58 46.54 46.5 46.37 46.34 46.27 46.25 46.21 46.17 46.11 46.09 46.1 46.1 46.12 46.12 46.12 46.08 46.06 46.01 45.95 45.96 46.04 46.04 46.02 46.03 46.05 46.05 46.05 46.06 46.06 46.09 46.08 46.1 46.09 46.09 46.06 46.08 46.11 46.12 46.12 46.11 46.12 46.14 46.18 46.15 46.14 46.12 46.07 46.09 46.07 46.08 46.04
46.65 46.71 46.7 46.67 46.68 46.64 46.57 46.59 46.63 46.58 46.56 46.57 46.56 46.59 46.58 46.51 46.45 46.48 46.53 46.63 46.72 46.68 46.68 46.7 46.67 46.55 46.53 46.5 46.48 46.41 46.37 46.29 46.24 46.18 46.18 46.12 46.05 46.06 46.1 46.11 46.14 46.13 46.11 46.09 46.04 45.98 45.95 46.01 46.03 45.99 46 46.02 46.05 46.05 46.09 46.09 46.1 46.05 46.09 46.1 46.09 46.06 46.09 46.09 46.1 46.13 46.12 46.12 46.15 46.16 46.16 46.15 46.14 46.09 46.11 46.03 46.05 46.04
46.64 46.68 46.71 46.69 46.69 46.66 46.6 46.59 46.6 46.58 46.58 46.57 46.55 46.57 46.57 46.5 46.35 46.4 46.46 46.58 46.7 46.7 46.69 46.72 46.65 46.48 46.46 46.44 46.43 46.46 46.37 46.27 46.23 46.22 46.2 46.17 46.09 46.09 46.1 46.12 46.11 46.12 46.13 46.08 46.06 46.01 45.94 46 46.01 46 45.99 45.99 46.03 46.06 46.08 46.11 46.1 46.07 46.09 46.1 46.09 46.08 46.08 46.07 46.08 46.12 46.13 46.09 46.13 46.12 46.12 46.15 46.15 46.1 46.07 46.03 46.03 46.05
46.6 46.66 46.72 46.69 46.66 46.67 46.65 46.6 46.58 46.61 46.59 46.57 46.55 46.53 46.56 46.5 46.35 46.42 46.47 46.58 46.69 46.68 46.66 46.67 46.68 46.45 46.39 46.36 46.38 46.4 46.4 46.33 46.27 46.25 46.19 46.12 46.11 46.12 46.1 46.13 46.1 46.12 46.11 46.1 46.11 46.04 45.9 45.98 45.99 46.01 46 46 46.02 46.07 46.06 46.07 46.08 46.1 46.09 46.1 46.08 46.07 46.06 46.09 46.09 46.11 46.12 46.07 46.1 46.14 46.17 46.14 46.12 46.08 46.02 46.01 46.03 46.06
46.56 46.63 46.68 46.69 46.64 46.67 46.65 46.61 46.6 46.63 46.6 46.56 46.57 46.54 46.56 46.54 46.47 46.53 46.57 46.66 46.69 46.69 46.68 46.68 46.75 46.67 46.44 46.32 46.33 46.37 46.42 46.36 46.26 46.25 46.21 46.15 46.1 46.11 46.09 46.14 46.12 46.11 46.1 46.1 46.12 46.06 45.9 45.94 45.97 46.01 45.99 45.99 46.01 46.07 46.07 46.06 46.07 46.08 46.08 46.06 46.05 46.07 46.07 46.1 46.09 46.11 46.11 46.11 46.11 46.15 46.12 46.08 46.09 46.11 46.06 46.04 46 46.04
46.55 46.6 46.64 46.69 46.68 46.66 46.65 46.61 46.59 46.58 46.57 46.54 46.54 46.58 46.55 46.53 46.58 46.64 46.68 46.76 46.71 46.69 46.66 46.65 46.76 46.73 46.57 46.42 46.36 46.37 46.4 46.36 46.28 46.28 46.22 46.16 46.11 46.1 46.1 46.15 46.12 46.11 46.13 46.11 46.11 46.07 45.92 45.89 45.93 46.01 45.98 45.97 45.99 46.04 46.09 46.1 46.07 46.07 46.11 46.07 46.06 46.06 46.09 46.1 46.1 46.09 46.1 46.1 46.1 46.12 46.12 46.11 46.12 46.14 46.07 46.06 46 46.03
46.55 46.6 46.64 46.69 46.67 46.66 46.63 46.57 46.55 46.55 46.59 46.59 46.56 46.62 46.57 46.52 46.59 46.68 46.74 46.83 46.75 46.71 46.66 46.66 46.71 46.7 46.61 46.49 46.47 46.46 46.45 46.39 46.33 46.3 46.24 46.18 46.13 46.13 46.12 46.14 46.15 46.13 46.13 46.12 46.12 46.07 45.91 45.84 45.9 45.99 46 45.97 45.98 46.01 46.06 46.07 46.05 46.08 46.12 46.09 46.08 46.06 46.08 46.08 46.08 46.1 46.1 46.1 46.11 46.13 46.12 46.13 46.13 46.15 46.11 46.08 46.02 46.02
46.55 46.6 46.64 46.68 46.64 46.63 46.62 46.58 46.54 46.57 46.62 46.61 46.58 46.59 46.55 46.51 46.54 46.57 46.65 46.72 46.67 46.67 46.66 46.66 46.64 46.63 46.6 46.54 46.53 46.52 46.5 46.41 46.35 46.32 46.27 46.22 46.17 46.16 46.14 46.13 46.17 46.14 46.12 46.12 46.12 46.06 45.93 45.77 45.85 45.98 46 45.98 45.99 46.02 46.02 46.02 46.05 46.08 46.09 46.08 46.08 46.05 46.04 46.05 46.06 46.08 46.11 46.1 46.09 46.14 46.15 46.15 46.13 46.13 46.12 46.09 46.06 46.03
46.54 46.59 46.61 46.66 46.63 46.63 46.66 46.62 46.58 46.55 46.56 46.57 46.54 46.52 46.53 46.56 46.52 46.51 46.56 46.63 46.64 46.65 46.66 46.63 46.62 46.61 46.59 46.57 46.55 46.55 46.55 46.43 46.38 46.34 46.29 46.23 46.2 46.16 46.13 46.12 46.13 46.13 46.12 46.1 46.11 46.07 46 45.88 45.93 46.01 46.01 46 46 46.03 46.05 46.03 46.05 46.09 46.11 46.1 46.07 46.05 46.06 46.06 46.07 46.05 46.06 46.08 46.07 46.11 46.12 46.13 46.09 46.13 46.13 46.11 46.08 46.03
46.56 46.59 46.61 46.63 46.63 46.64 46.67 46.62 46.62 46.57 46.56 46.58 46.55 46.51 46.53 46.55 46.52 46.52 46.54 46.57 46.61 46.63 46.66 46.63 46.63 46.62 46.6 46.59 46.6 46.6 46.59 46.47 46.4 46.34 46.28 46.23 46.22 46.16 46.11 46.09 46.11 46.12 46.12 46.12 46.13 46.09 46.01 45.9 45.9 45.94 45.99 45.96 45.97 46.02 46.05 46.02 46.07 46.1 46.1 46.1 46.08 46.03 46.08 46.07 46.06 46.08 46.06 46.09 46.09 46.11 46.11 46.12 46.1 46.1 46.14 46.11 46.07 46.01
46.59 46.61 46.62 46.64 46.63 46.63 46.66 46.63 46.63 46.6 46.55 46.58 46.57 46.52 46.53 46.56 46.53 46.54 46.52 46.52 46.56 46.59 46.64 46.63 46.65 46.64 46.63 46.63 46.64 46.64 46.62 46.48 46.39 46.33 46.27 46.24 46.22 46.16 46.07 46.09 46.12 46.14 46.11 46.1 46.1 46.1 46.04 45.89 45.89 45.95 45.99 45.99 45.97 45.99 46.02 46.04 46.08 46.09 46.08 46.1 46.11 46.07 46.05 46.06 46.07 46.07 46.07 46.1 46.11 46.08 46.09 46.12 46.11 46.05 46.1 46.1 46.07 45.99
46.59 46.56 46.6 46.63 46.66 46.66 46.64 46.63 46.62 46.61 46.56 46.57 46.56 46.53 46.55 46.57 46.56 46.54 46.49 46.48 46.52 46.54 46.6 46.63 46.66 46.66 46.67 46.65 46.64 46.61 46.56 46.53 46.46 46.37 46.3 46.24 46.24 46.22 46.13 46.11 46.12 46.13 46.12 46.1 46.1 46.1 46.07 45.96 45.88 45.94 46 45.97 45.97 45.98 45.99 46.02 46.07 46.09 46.07 46.09 46.09 46.1 46.05 46.06 46.08 46.05 46.06 46.09 46.09 46.03 46.07 46.1 46.1 46.06 46.09 46.08 46.09 46.04
46.57 46.53 46.57 46.6 46.66 46.66 46.62 46.63 46.65 46.63 46.58 46.54 46.54 46.53 46.52 46.53 46.55 46.54 46.47 46.49 46.52 46.54 46.61 46.64 46.66 46.65 46.65 46.62 46.58 46.52 46.51 46.58 46.51 46.38 46.32 46.24 46.24 46.22 46.12 46.15 46.14 46.13 46.11 46.07 46.09 46.09 46.07 46.01 45.89 45.9 45.97 45.96 45.97 45.96 45.99 46.01 46.05 46.09 46.06 46.07 46.06 46.08 46.06 46.06 46.07 46.03 46.05 46.06 46.07 46.04 46.07 46.08 46.09 46.06 46.09 46.1 46.1 46.06
46.54 46.53 46.55 46.58 46.64 46.65 46.61 46.63 46.66 46.62 46.57 46.54 46.57 46.53 46.47 46.5 46.52 46.52 46.5 46.54 46.59 46.61 46.65 46.63 46.62 46.65 46.68 46.65 46.59 46.46 46.42 46.58 46.52 46.37 46.3 46.25 46.24 46.2 46.11 46.13 46.12 46.12 46.1 46.08 46.08 46.09 46.08 46.05 45.93 45.88 45.94 45.95 45.96 45.95 46 46.02 46.03 46.1 46.05 46.04 46.05 46.07 46.05 46.05 46.05 46.01 46.04 46.06 46.06 46.05 46.04 46.06 46.11 46.1 46.09 46.09 46.08 46.02
46.52 46.52 46.54 46.57 46.65 46.65 46.61 46.62 46.61 46.58 46.56 46.56 46.6 46.57 46.51 46.49 46.46 46.5 46.55 46.58 46.6 46.62 46.64 46.66 46.65 46.65 46.67 46.64 46.61 46.51 46.42 46.51 46.5 46.38 46.3 46.26 46.24 46.23 46.16 46.12 46.1 46.1 46.1 46.06 46.06 46.09 46.06 46.05 45.95 45.88 45.94 45.95 45.95 45.96 46 46.02 46.03 46.11 46.06 46.04 46.04 46.05 46.07 46.07 46.03 46 46.03 46.03 46.03 46.05 46.06 46.07 46.09 46.14 46.11 46.06 46.02 46.03
46.51 46.51 46.52 46.58 46.65 46.65 46.62 46.59 46.59 46.58 46.6 46.55 46.55 46.56 46.51 46.51 46.49 46.53 46.55 46.53 46.54 46.58 46.62 46.69 46.66 46.63 46.63 46.68 46.66 46.59 46.54 46.53 46.51 46.4 46.35 46.29 46.28 46.24 46.18 46.11 46.1 46.09 46.07 46.04 46.04 46.07 46.04 46.04 45.97 45.87 45.94 45.95 45.96 45.97 46 46 46.02 46.08 46.07 46.05 46.05 46.06 46.07 46.05 46.03 46.03 46.04 46.07 46.06 46.05 46.06 46.09 46.12 46.11 46.08 46.05 46.03 46.03
46.5 46.49 46.49 46.56 46.56 46.59 46.64 46.58 46.64 46.61 46.58 46.53 46.54 46.56 46.52 46.52 46.5 46.51 46.56 46.54 46.52 46.51 46.6 46.65 46.64 46.62 46.64 46.66 46.63 46.58 46.57 46.55 46.52 46.42 46.36 46.3 46.29 46.24 46.2 46.14 46.09 46.08 46.06 46.05 46.04 46.07 46.08 46.05 45.99 45.88 45.91 45.92 45.93 45.95 46 46.01 46.01 46.04 46.09 46.07 46.08 46.08 46.05 46.02 46.01 46.01 46.02 46.03 46.05 46.07 46.05 46.05 46.06 46.11 46.08 46.07 46.05 46.05
46.48 46.5 46.51 46.54 46.61 46.63 46.66 46.62 46.65 46.62 46.56 46.56 46.6 46.58 46.51 46.52 46.51 46.52 46.57 46.53 46.5 46.46 46.47 46.6 46.61 46.62 46.64 46.64 46.61 46.56 46.53 46.53 46.51 46.45 46.38 46.32 46.28 46.23 46.21 46.17 46.1 46.09 46.08 46.08 46.07 46.06 46.07 46.06 46.01 45.89 45.88 45.91 45.93 45.96 45.99 45.99 46.02 46.06 46.1 46.08 46.05 46.04 46.03 46.01 46 46.05 46.05 46.03 46.04 46.07 46.05 46.04 46.07 46.08 46.07 46.05 46.05 46.05
46.48 46.51 46.5 46.5 46.55 46.59 46.64 46.58 46.62 46.63 46.58 46.57 46.56 46.54 46.5 46.48 46.5 46.53 46.53 46.5 46.47 46.43 46.47 46.6 46.62 46.65 46.65 46.62 46.61 46.57 46.52 46.5 46.5 46.47 46.43 46.38 46.29 46.21 46.18 46.16 46.12 46.08 46.09 46.1 46.08 46.04 46.06 46.03 46 45.89 45.78 45.83 45.89 45.93 45.95 45.97 46 46.08 46.13 46.09 46.04 46.09 46.06 46.02 46 46 46.01 46.01 46.02 46.06 46.06 46.04 46.07 46.04 46.06 46.03 46.04 46.04
46.48 46.47 46.5 46.51 46.55 46.59 46.65 46.57 46.59 46.6 46.57 46.58 46.56 46.52 46.53 46.48 46.5 46.52 46.5 46.47 46.45 46.46 46.55 46.61 46.63 46.66 46.65 46.62 46.6 46.57 46.53 46.5 46.5 46.51 46.45 46.4 46.3 46.25 46.18 46.15 46.11 46.06 46.04 46.07 46.07 46.03 46.08 46.05 46.01 45.92 45.83 45.86 45.93 45.95 45.99 45.98 46.02 46.05 46.06 46.05 46.03 46.08 46.06 46.04 46.03 46.03 46.03 46.01 46.02 46.03 46.04 46.04 46.06 46.03 46.04 46.01 46.03 46.05
46.55 46.52 46.53 46.52 46.55 46.58 46.63 46.61 46.56 46.56 46.56 46.56 46.56 46.54 46.57 46.51 46.51 46.51 46.48 46.47 46.47 46.51 46.57 46.59 46.61 46.63 46.63 46.64 46.61 46.56 46.54 46.54 46.57 46.6 46.45 46.4 46.3 46.27 46.23 46.2 46.14 46.09 46.07 46.07 46.08 46.05 46.09 46.06 46.02 45.99 45.89 45.91 45.93 45.98 45.99 45.99 46 46.05 46.04 46.06 46.02 46.06 46.06 46.04 46.01 46.05 46.05 46.02 46.02 46.02 46.02 46.05 46.04 46.03 46.02 46 46.04 46.06
46.52 46.52 46.52 46.48 46.51 46.56 46.6 46.62 46.57 46.56 46.57 46.53 46.56 46.55 46.56 46.52 46.52 46.51 46.48 46.51 46.49 46.5 46.52 46.55 46.59 46.64 46.63 46.62 46.59 46.51 46.52 46.55 46.62 46.58 46.45 46.41 46.31 46.27 46.23 46.2 46.14 46.09 46.07 46.05 46.09 46.05 46.06 46.04 46.01 46.01 45.95 45.88 45.92 45.96 45.98 45.97 45.99 46.06 46.06 46.08 46.03 46.05 46.05 46.02 45.99 46 46.03 46.02 46 46.01 46 46.03 45.98 46 46 46.03 46.04 46.04
46.45 46.49 46.5 46.5 46.51 46.55 46.6 46.62 46.6 46.57 46.57 46.53 46.56 46.56 46.53 46.52 46.52 46.51 46.49 46.53 46.47 46.43 46.49 46.55 46.61 46.65 46.63 46.63 46.63 46.57 46.58 46.57 46.58 46.53 46.42 46.38 46.3 46.22 46.22 46.2 46.13 46.07 46.08 46.06 46.07 46.03 46.05 46.06 46.04 46.05 46.01 45.91 45.92 45.96 45.97 45.96 45.97 46.03 46.05 46.09 46.07 46.04 46.05 46.02 45.99 45.97 46 46.02 45.97 45.97 45.98 46.02 45.96 45.98 45.99 46 46 46.03
46.44 46.48 46.46 46.51 46.5 46.52 46.58 46.66 46.61 46.54 46.56 46.55 46.57 46.56 46.54 46.52 46.5 46.51 46.48 46.48 46.46 46.44 46.51 46.54 46.63 46.67 46.62 46.62 46.64 46.61 46.58 46.57 46.54 46.52 46.46 46.41 46.32 46.23 46.26 46.22 46.14 46.08 46.09 46.06 46.05 46.03 46.05 46.06 46.06 46.05 46.02 45.9 45.9 45.96 45.96 45.95 45.96 46 46.04 46.11 46.09 46.04 46.06 46.04 45.98 45.97 45.99 46.04 45.97 45.98 46.01 46.04 46.01 46.03 46.01 46 45.99 46.02
46.44 46.48 46.46 46.49 46.47 46.49 46.55 46.66 46.61 46.53 46.58 46.56 46.57 46.55 46.51 46.5 46.48 46.5 46.46 46.46 46.48 46.45 46.52 46.56 46.63 46.67 46.62 46.63 46.61 46.57 46.53 46.5 46.47 46.47 46.46 46.41 46.34 46.27 46.28 46.25 46.15 46.07 46.08 46.04 46.04 46.05 46.05 46.06 46.1 46.06 46.02 45.88 45.89 45.96 45.96 45.95 45.95 46 46.02 46.06 46.1 46.02 46.03 46.03 45.99 45.95 45.96 46.02 45.98 45.98 45.99 46.02 46.01 46 46.01 46.06 46.04 46.03
46.42 46.46 46.46 46.48 46.48 46.5 46.58 46.6 46.57 46.53 46.56 46.57 46.58 46.54 46.51 46.51 46.49 46.48 46.51 46.5 46.5 46.45 46.52 46.55 46.62 46.66 46.63 46.63 46.61 46.56 46.49 46.44 46.4 46.5 46.48 46.45 46.37 46.28 46.26 46.25 46.17 46.1 46.08 46.04 46.04 46.06 46.05 46.05 46.1 46.09 46.05 45.92 45.91 45.98 45.97 45.97 45.94 45.98 46.01 46.03 46.12 46.02 46.02 46.01 46.02 46 45.95 45.99 46 45.98 45.98 45.98 46 46 46.02 46.03 46.04 46.01
46.41 46.45 46.43 46.48 46.49 46.48 46.52 46.57 46.59 46.56 46.56 46.59 46.57 46.56 46.53 46.54 46.51 46.45 46.44 46.44 46.45 46.42 46.51 46.53 46.61 46.66 46.64 46.62 46.61 46.61 46.56 46.54 46.5 46.54 46.51 46.47 46.38 46.3 46.27 46.26 46.18 46.12 46.08 46.04 46.04 46.06 46.04 46.05 46.06 46.07 46.05 45.95 45.9 45.94 45.94 45.97 45.93 45.97 46.02 46.02 46.06 46.06 46.06 46.03 46.03 46.02 45.98 46.02 45.96 45.95 46.01 46.01 46.01 45.98 46 46.02 46.05 46.04
46.4 46.46 46.43 46.48 46.49 46.47 46.51 46.58 46.62 46.59 46.57 46.57 46.56 46.51 46.48 46.5 46.53 46.49 46.47 46.46 46.42 46.38 46.39 46.45 46.59 46.66 46.66 46.63 46.6 46.6 46.61 46.63 46.61 46.56 46.53 46.46 46.38 46.34 46.32 46.27 46.18 46.1 46.07 46.03 46.02 46.04 46.03 46.04 46.06 46.06 46.06 45.96 45.86 45.88 45.91 45.94 45.95 45.97 46 46.04 46.06 46.05 46.03 46.04 46.03 46.01 45.99 46.02 46.01 45.98 45.97 46.01 46.01 45.97 46 46.05 46.02 46.03
46.39 46.46 46.42 46.39 46.45 46.48 46.48 46.53 46.59 46.59 46.55 46.56 46.57 46.53 46.5 46.5 46.5 46.45 46.43 46.45 46.45 46.43 46.36 46.43 46.61 46.66 46.65 46.62 46.6 46.58 46.61 46.63 46.61 46.56 46.53 46.45 46.36 46.36 46.33 46.25 46.17 46.12 46.09 46.06 46.02 46.01 46.03 46.05 46.09 46.04 46.04 46 45.87 45.88 45.91 45.94 45.94 45.95 45.99 46.01 46.02 46.04 46.06 46.05 46.02 46.02 45.99 45.97 45.98 45.97 45.96 46.01 46 45.98 45.99 46.03 46 46.03
46.35 46.41 46.4 46.41 46.44 46.45 46.48 46.5 46.54 46.58 46.54 46.55 46.59 46.55 46.52 46.49 46.48 46.43 46.37 46.42 46.44 46.45 46.43 46.5 46.64 46.64 46.61 46.59 46.6 46.61 46.62 46.62 46.62 46.58 46.55 46.48 46.41 46.34 46.31 46.24 46.17 46.08 46.06 46.04 46.05 46.03 46.04 46.06 46.09 46.08 46.05 46.02 45.93 45.91 45.92 45.95 45.97 45.96 45.99 46.02 46.03 46.05 46.06 46.03 46.06 46.05 46.02 45.95 45.99 45.98 45.97 45.99 45.98 45.99 45.99 46.01 46.02 46.04
46.34 46.35 46.4 46.4 46.42 46.48 46.5 46.51 46.55 46.56 46.53 46.54 46.57 46.56 46.51 46.47 46.46 46.45 46.36 46.4 46.43 46.42 46.46 46.52 46.61 46.59 46.58 46.57 46.59 46.6 46.6 46.61 46.62 46.6 46.58 46.53 46.45 46.37 46.34 46.23 46.17 46.14 46.09 46.04 46.03 46.03 46.04 46.06 46.04 46.09 46.08 46.04 45.95 45.91 45.87 45.92 45.94 45.95 45.96 45.99 46.03 46.03 46.06 46.02 46.07 46.06 46.03 45.98 46 46 45.97 45.97 45.96 45.99 45.98 46.02 46.02 46.04
