slabs/31.grd
DSAA
631 301
643890 644520
4946000 4946300
41.15 49.54
[rows 0 to 33 of 300, columns 546 to 623 of 631]
45.73 45.75 45.71 45.66 45.65 45.63 45.64 45.66 45.68 45.69 45.6 45.55 45.56 45.43 45.24 45.28 45.52 45.7 45.63 45.68 45.67 45.7 45.69 45.67 45.61 45.55 45.55 45.57 45.62 45.63 45.63 45.63 45.59 45.56 45.58 45.58 45.63 45.64 45.65 45.63 45.6 45.65 45.65 45.63 45.6 45.58 45.59 45.6 45.58 45.58 45.57 45.57 45.55 45.59 45.57 45.54 45.53 45.52 45.52 45.48 45.46 45.46 45.46 45.5 45.47 45.51 45.48 45.49 45.51 45.5 45.46 45.43 45.42 45.43 45.41 45.38 45.38 45.38
45.69 45.72 45.73 45.68 45.66 45.62 45.62 45.63 45.65 45.66 45.61 45.57 45.57 45.47 45.32 45.35 45.56 45.71 45.64 45.66 45.66 45.69 45.72 45.68 45.6 45.6 45.57 45.57 45.59 45.6 45.59 45.6 45.58 45.53 45.55 45.56 45.59 45.61 45.62 45.61 45.64 45.66 45.63 45.61 45.55 45.57 45.59 45.6 45.56 45.59 45.58 45.58 45.58 45.55 45.54 45.54 45.53 45.52 45.52 45.48 45.44 45.46 45.47 45.49 45.47 45.5 45.48 45.49 45.48 45.49 45.47 45.41 45.38 45.4 45.42 45.41 45.38 45.37
45.7 45.7 45.72 45.67 45.67 45.65 45.62 45.61 45.64 45.66 45.62 45.59 45.57 45.49 45.42 45.47 45.6 45.71 45.65 45.64 45.65 45.68 45.7 45.65 45.59 45.56 45.53 45.55 45.59 45.56 45.6 45.6 45.58 45.59 45.57 45.57 45.59 45.63 45.64 45.62 45.63 45.6 45.58 45.58 45.6 45.58 45.6 45.57 45.53 45.56 45.56 45.56 45.55 45.53 45.53 45.55 45.57 45.54 45.52 45.48 45.43 45.47 45.46 45.47 45.48 45.48 45.47 45.45 45.46 45.47 45.47 45.42 45.4 45.4 45.44 45.41 45.37 45.38
45.73 45.7 45.7 45.66 45.66 45.65 45.63 45.62 45.66 45.69 45.64 45.62 45.58 45.53 45.45 45.46 45.54 45.71 45.69 45.66 45.64 45.68 45.68 45.65 45.6 45.58 45.53 45.56 45.61 45.58 45.55 45.57 45.58 45.53 45.54 45.55 45.58 45.63 45.63 45.63 45.63 45.59 45.58 45.58 45.61 45.61 45.6 45.58 45.55 45.54 45.56 45.56 45.54 45.55 45.56 45.56 45.58 45.55 45.51 45.47 45.43 45.46 45.45 45.44 45.49 45.5 45.49 45.45 45.45 45.45 45.45 45.41 45.37 45.37 45.39 45.41 45.35 45.36
45.74 45.7 45.69 45.67 45.67 45.64 45.64 45.61 45.66 45.71 45.64 45.63 45.57 45.57 45.52 45.47 45.42 45.64 45.72 45.69 45.65 45.67 45.67 45.65 45.61 45.61 45.54 45.52 45.55 45.58 45.53 45.52 45.55 45.54 45.5 45.55 45.58 45.6 45.61 45.59 45.61 45.62 45.61 45.59 45.57 45.59 45.59 45.59 45.54 45.55 45.56 45.58 45.56 45.56 45.56 45.55 45.56 45.54 45.51 45.46 45.47 45.45 45.43 45.41 45.46 45.48 45.48 45.46 45.46 45.44 45.47 45.44 45.39 45.39 45.39 45.41 45.36 45.35
45.73 45.68 45.71 45.72 45.7 45.68 45.66 45.62 45.66 45.71 45.67 45.65 45.59 45.56 45.49 45.46 45.38 45.48 45.7 45.7 45.67 45.65 45.69 45.66 45.64 45.58 45.53 45.52 45.51 45.58 45.55 45.56 45.53 45.52 45.49 45.53 45.54 45.59 45.59 45.59 45.6 45.62 45.62 45.59 45.55 45.55 45.57 45.59 45.52 45.55 45.56 45.59 45.55 45.54 45.53 45.55 45.58 45.55 45.5 45.47 45.53 45.5 45.45 45.4 45.45 45.47 45.49 45.42 45.47 45.44 45.44 45.43 45.4 45.4 45.39 45.42 45.39 45.38
45.72 45.66 45.7 45.72 45.72 45.69 45.66 45.67 45.7 45.69 45.61 45.63 45.61 45.56 45.52 45.47 45.33 45.28 45.62 45.66 45.66 45.65 45.65 45.65 45.63 45.58 45.56 45.52 45.5 45.55 45.55 45.56 45.55 45.52 45.52 45.49 45.52 45.57 45.58 45.61 45.6 45.61 45.62 45.58 45.56 45.56 45.56 45.56 45.56 45.54 45.54 45.59 45.59 45.55 45.55 45.58 45.59 45.56 45.52 45.48 45.49 45.48 45.46 45.43 45.48 45.48 45.48 45.45 45.45 45.45 45.44 45.4 45.39 45.41 45.41 45.41 45.4 45.38
45.74 45.69 45.68 45.69 45.7 45.68 45.68 45.68 45.65 45.68 45.69 45.67 45.63 45.58 45.56 45.5 45.33 45.2 45.58 45.61 45.63 45.65 45.64 45.63 45.65 45.61 45.59 45.54 45.5 45.51 45.52 45.53 45.53 45.52 45.52 45.5 45.51 45.54 45.56 45.61 45.59 45.6 45.62 45.6 45.58 45.58 45.56 45.56 45.57 45.54 45.53 45.56 45.58 45.56 45.54 45.53 45.53 45.53 45.48 45.52 45.49 45.46 45.41 45.44 45.38 45.41 45.45 45.42 45.39 45.43 45.45 45.43 45.41 45.41 45.39 45.41 45.41 45.4
45.75 45.67 45.7 45.72 45.72 45.69 45.65 45.65 45.66 45.66 45.68 45.68 45.68 45.61 45.58 45.53 45.35 45.26 45.35 45.5 45.6 45.6 45.64 45.63 45.65 45.64 45.6 45.54 45.5 45.48 45.49 45.52 45.5 45.51 45.53 45.53 45.52 45.54 45.56 45.6 45.59 45.58 45.58 45.62 45.62 45.59 45.55 45.57 45.59 45.59 45.54 45.52 45.52 45.54 45.55 45.52 45.53 45.53 45.51 45.52 45.46 45.45 45.43 45.45 45.4 45.42 45.44 45.4 45.4 45.41 45.42 45.44 45.42 45.4 45.38 45.39 45.39 45.41
45.74 45.69 45.72 45.73 45.73 45.69 45.63 45.65 45.66 45.66 45.74 45.74 45.71 45.65 45.59 45.56 45.43 45.29 45.24 45.45 45.61 45.58 45.62 45.63 45.63 45.63 45.62 45.55 45.49 45.46 45.48 45.52 45.53 45.52 45.52 45.5 45.5 45.52 45.52 45.56 45.57 45.59 45.6 45.63 45.61 45.59 45.57 45.57 45.57 45.58 45.56 45.54 45.53 45.54 45.52 45.54 45.54 45.53 45.53 45.52 45.51 45.49 45.45 45.43 45.41 45.41 45.42 45.44 45.44 45.4 45.4 45.43 45.42 45.4 45.38 45.35 45.37 45.4
45.76 45.73 45.69 45.72 45.73 45.68 45.67 45.68 45.67 45.65 45.74 45.74 45.71 45.66 45.61 45.58 45.47 45.27 45.21 45.38 45.63 45.6 45.61 45.62 45.62 45.65 45.64 45.57 45.5 45.44 45.46 45.5 45.53 45.53 45.53 45.52 45.51 45.5 45.54 45.59 45.55 45.58 45.58 45.57 45.59 45.6 45.59 45.58 45.58 45.57 45.53 45.53 45.53 45.54 45.54 45.53 45.53 45.52 45.51 45.52 45.53 45.51 45.47 45.43 45.4 45.38 45.4 45.47 45.45 45.41 45.41 45.44 45.43 45.39 45.39 45.35 45.37 45.39
45.78 45.72 45.7 45.72 45.74 45.7 45.71 45.71 45.66 45.64 45.69 45.7 45.7 45.66 45.63 45.59 45.5 45.31 45.23 45.31 45.62 45.62 45.61 45.59 45.62 45.7 45.66 45.58 45.49 45.44 45.45 45.49 45.47 45.5 45.52 45.52 45.48 45.49 45.52 45.56 45.58 45.58 45.59 45.62 45.6 45.59 45.56 45.55 45.56 45.56 45.54 45.55 45.51 45.53 45.55 45.52 45.52 45.51 45.49 45.51 45.52 45.51 45.47 45.43 45.4 45.37 45.37 45.44 45.44 45.45 45.42 45.43 45.42 45.39 45.41 45.37 45.38 45.39
45.78 45.74 45.75 45.75 45.73 45.74 45.73 45.7 45.65 45.63 45.66 45.69 45.73 45.66 45.65 45.62 45.55 45.43 45.35 45.37 45.62 45.59 45.59 45.57 45.61 45.66 45.63 45.58 45.54 45.5 45.48 45.5 45.51 45.49 45.49 45.5 45.51 45.5 45.52 45.57 45.58 45.58 45.58 45.59 45.64 45.61 45.55 45.53 45.53 45.53 45.53 45.54 45.51 45.52 45.56 45.51 45.51 45.5 45.5 45.49 45.51 45.51 45.45 45.4 45.4 45.37 45.36 45.41 45.43 45.44 45.41 45.41 45.42 45.42 45.4 45.36 45.37 45.38
45.77 45.76 45.77 45.74 45.71 45.76 45.75 45.7 45.65 45.67 45.66 45.7 45.75 45.69 45.67 45.63 45.61 45.5 45.42 45.26 45.59 45.59 45.6 45.63 45.63 45.63 45.63 45.58 45.55 45.51 45.49 45.5 45.5 45.48 45.48 45.49 45.49 45.5 45.51 45.54 45.56 45.56 45.55 45.58 45.6 45.59 45.56 45.54 45.51 45.52 45.5 45.49 45.52 45.52 45.56 45.52 45.5 45.5 45.53 45.5 45.5 45.51 45.45 45.4 45.39 45.38 45.37 45.4 45.4 45.4 45.42 45.43 45.42 45.44 45.39 45.39 45.39 45.38
45.76 45.75 45.75 45.72 45.72 45.75 45.76 45.71 45.66 45.7 45.68 45.68 45.71 45.73 45.72 45.68 45.63 45.51 45.41 45.25 45.5 45.6 45.59 45.58 45.61 45.6 45.59 45.57 45.51 45.47 45.43 45.45 45.48 45.47 45.48 45.48 45.49 45.5 45.5 45.52 45.54 45.55 45.55 45.56 45.57 45.56 45.57 45.55 45.52 45.52 45.5 45.49 45.53 45.52 45.54 45.53 45.5 45.5 45.54 45.52 45.52 45.51 45.46 45.45 45.43 45.4 45.35 45.36 45.36 45.38 45.41 45.37 45.4 45.44 45.4 45.36 45.36 45.39
45.77 45.76 45.75 45.72 45.71 45.71 45.73 45.69 45.65 45.65 45.64 45.66 45.72 45.71 45.7 45.67 45.63 45.5 45.45 45.29 45.38 45.62 45.6 45.59 45.62 45.6 45.59 45.57 45.53 45.5 45.44 45.45 45.46 45.46 45.46 45.46 45.48 45.48 45.49 45.5 45.51 45.52 45.54 45.54 45.56 45.55 45.56 45.55 45.53 45.51 45.52 45.53 45.53 45.52 45.52 45.53 45.52 45.52 45.52 45.51 45.51 45.49 45.46 45.45 45.42 45.35 45.38 45.34 45.36 45.39 45.39 45.35 45.37 45.37 45.38 45.36 45.34 45.35
45.78 45.77 45.77 45.73 45.7 45.71 45.7 45.67 45.61 45.61 45.63 45.64 45.71 45.74 45.72 45.68 45.65 45.59 45.51 45.31 45.35 45.61 45.6 45.6 45.62 45.65 45.63 45.57 45.52 45.51 45.46 45.47 45.43 45.44 45.46 45.47 45.46 45.45 45.48 45.46 45.5 45.51 45.53 45.55 45.54 45.54 45.55 45.53 45.51 45.49 45.5 45.51 45.52 45.53 45.49 45.5 45.49 45.5 45.5 45.53 45.53 45.5 45.48 45.49 45.45 45.4 45.4 45.36 45.34 45.35 45.37 45.35 45.36 45.38 45.38 45.36 45.34 45.35
45.75 45.76 45.75 45.73 45.67 45.67 45.68 45.68 45.68 45.65 45.67 45.67 45.7 45.75 45.75 45.71 45.62 45.6 45.52 45.36 45.39 45.54 45.57 45.59 45.6 45.63 45.63 45.58 45.52 45.52 45.47 45.47 45.42 45.42 45.45 45.49 45.44 45.44 45.48 45.45 45.49 45.49 45.55 45.55 45.52 45.53 45.54 45.52 45.54 45.51 45.48 45.52 45.53 45.52 45.48 45.48 45.49 45.53 45.5 45.51 45.53 45.52 45.48 45.46 45.44 45.42 45.41 45.37 45.36 45.36 45.41 45.39 45.35 45.39 45.37 45.36 45.35 45.35
45.73 45.77 45.76 45.72 45.67 45.68 45.69 45.71 45.66 45.62 45.64 45.66 45.67 45.71 45.71 45.68 45.62 45.64 45.58 45.43 45.37 45.43 45.55 45.59 45.58 45.6 45.62 45.58 45.53 45.52 45.47 45.45 45.42 45.41 45.43 45.48 45.43 45.44 45.49 45.46 45.45 45.49 45.55 45.53 45.49 45.53 45.55 45.51 45.53 45.5 45.49 45.52 45.52 45.5 45.53 45.51 45.52 45.51 45.51 45.51 45.52 45.52 45.47 45.43 45.44 45.45 45.42 45.36 45.38 45.36 45.4 45.39 45.36 45.38 45.38 45.36 45.34 45.34
45.74 45.72 45.73 45.72 45.64 45.67 45.69 45.71 45.66 45.62 45.61 45.65 45.7 45.69 45.7 45.68 45.62 45.63 45.6 45.48 45.33 45.33 45.44 45.58 45.56 45.58 45.59 45.55 45.54 45.52 45.47 45.42 45.42 45.41 45.43 45.48 45.46 45.45 45.45 45.46 45.42 45.46 45.49 45.52 45.52 45.53 45.55 45.54 45.52 45.49 45.48 45.49 45.5 45.5 45.52 45.52 45.5 45.5 45.5 45.51 45.51 45.5 45.47 45.46 45.45 45.46 45.43 45.38 45.37 45.35 45.37 45.38 45.38 45.37 45.39 45.37 45.33 45.31
45.74 45.72 45.71 45.7 45.67 45.66 45.67 45.7 45.69 45.66 45.64 45.65 45.7 45.7 45.71 45.7 45.66 45.64 45.6 45.51 45.34 45.26 45.3 45.53 45.55 45.56 45.56 45.51 45.55 45.52 45.46 45.39 45.41 45.42 45.46 45.46 45.41 45.44 45.42 45.44 45.44 45.45 45.48 45.54 45.54 45.53 45.56 45.54 45.52 45.49 45.46 45.49 45.5 45.49 45.49 45.52 45.51 45.51 45.48 45.49 45.5 45.5 45.48 45.47 45.45 45.45 45.43 45.4 45.35 45.33 45.35 45.37 45.37 45.37 45.36 45.36 45.32 45.3
45.75 45.75 45.73 45.73 45.69 45.63 45.64 45.7 45.7 45.66 45.66 45.66 45.66 45.67 45.69 45.7 45.68 45.66 45.62 45.53 45.38 45.3 45.25 45.49 45.56 45.55 45.53 45.5 45.54 45.5 45.46 45.45 45.41 45.42 45.45 45.46 45.43 45.43 45.45 45.45 45.45 45.45 45.46 45.5 45.52 45.52 45.55 45.55 45.53 45.49 45.45 45.48 45.49 45.51 45.52 45.49 45.49 45.49 45.45 45.47 45.5 45.49 45.49 45.48 45.47 45.44 45.41 45.39 45.34 45.31 45.33 45.36 45.37 45.34 45.31 45.33 45.34 45.33
45.75 45.73 45.73 45.74 45.69 45.63 45.64 45.71 45.71 45.67 45.66 45.67 45.64 45.64 45.68 45.68 45.65 45.64 45.61 45.55 45.41 45.33 45.26 45.48 45.53 45.49 45.51 45.57 45.54 45.52 45.49 45.48 45.43 45.43 45.42 45.43 45.43 45.44 45.44 45.43 45.42 45.43 45.46 45.52 45.52 45.5 45.5 45.55 45.52 45.5 45.49 45.47 45.48 45.51 45.52 45.46 45.47 45.48 45.48 45.49 45.49 45.48 45.49 45.49 45.48 45.45 45.4 45.38 45.32 45.3 45.33 45.36 45.38 45.29 45.33 45.35 45.37 45.33
45.75 45.72 45.73 45.74 45.7 45.66 45.67 45.71 45.74 45.71 45.67 45.66 45.63 45.64 45.69 45.69 45.63 45.63 45.61 45.59 45.47 45.39 45.32 45.52 45.53 45.51 45.5 45.56 45.56 45.54 45.45 45.42 45.41 45.41 45.39 45.41 45.42 45.43 45.43 45.39 45.41 45.44 45.47 45.52 45.51 45.5 45.5 45.53 45.51 45.51 45.5 45.48 45.48 45.48 45.52 45.47 45.46 45.49 45.53 45.51 45.49 45.5 45.49 45.48 45.45 45.44 45.4 45.39 45.35 45.33 45.38 45.39 45.36 45.3 45.36 45.35 45.37 45.31
45.79 45.77 45.75 45.73 45.73 45.7 45.69 45.69 45.71 45.7 45.68 45.65 45.63 45.64 45.67 45.69 45.67 45.67 45.64 45.62 45.5 45.44 45.37 45.44 45.52 45.51 45.5 45.5 45.47 45.48 45.42 45.41 45.4 45.37 45.36 45.4 45.4 45.41 45.42 45.37 45.41 45.43 45.45 45.46 45.46 45.48 45.49 45.52 45.52 45.51 45.48 45.49 45.49 45.45 45.51 45.5 45.46 45.48 45.51 45.5 45.47 45.51 45.52 45.52 45.49 45.43 45.43 45.43 45.41 45.34 45.33 45.35 45.39 45.35 45.36 45.35 45.37 45.28
45.82 45.82 45.77 45.72 45.72 45.72 45.68 45.67 45.68 45.69 45.69 45.67 45.66 45.66 45.7 45.72 45.7 45.68 45.65 45.59 45.5 45.46 45.35 45.41 45.5 45.5 45.48 45.5 45.49 45.5 45.47 45.41 45.4 45.37 45.32 45.36 45.37 45.4 45.41 45.37 45.39 45.39 45.42 45.42 45.43 45.46 45.48 45.51 45.52 45.52 45.48 45.49 45.48 45.45 45.5 45.5 45.49 45.48 45.48 45.49 45.5 45.51 45.53 45.53 45.5 45.41 45.43 45.44 45.39 45.34 45.34 45.34 45.36 45.36 45.34 45.33 45.36 45.33
45.82 45.81 45.75 45.72 45.7 45.7 45.69 45.66 45.69 45.7 45.7 45.67 45.65 45.67 45.69 45.68 45.68 45.67 45.61 45.6 45.53 45.47 45.38 45.41 45.46 45.51 45.48 45.5 45.5 45.51 45.5 45.44 45.43 45.37 45.32 45.33 45.35 45.4 45.38 45.37 45.35 45.36 45.42 45.43 45.43 45.44 45.49 45.49 45.51 45.53 45.51 45.5 45.46 45.47 45.52 45.54 45.52 45.49 45.46 45.48 45.5 45.47 45.49 45.51 45.51 45.43 45.44 45.43 45.4 45.37 45.37 45.36 45.37 45.36 45.34 45.32 45.32 45.37
45.84 45.82 45.76 45.73 45.72 45.71 45.7 45.66 45.68 45.71 45.71 45.66 45.64 45.64 45.65 45.65 45.7 45.68 45.63 45.64 45.61 45.54 45.38 45.23 45.29 45.46 45.48 45.49 45.49 45.5 45.51 45.48 45.45 45.38 45.35 45.33 45.34 45.39 45.35 45.36 45.35 45.37 45.42 45.41 45.41 45.4 45.44 45.47 45.51 45.52 45.51 45.5 45.47 45.45 45.47 45.49 45.5 45.53 45.47 45.49 45.5 45.51 45.51 45.52 45.51 45.48 45.47 45.44 45.42 45.41 45.39 45.35 45.34 45.38 45.36 45.32 45.31 45.36
45.77 45.79 45.77 45.78 45.7 45.72 45.68 45.63 45.66 45.68 45.7 45.68 45.62 45.63 45.65 45.65 45.68 45.68 45.63 45.59 45.59 45.56 45.45 45.31 45.33 45.45 45.5 45.48 45.48 45.52 45.5 45.51 45.46 45.39 45.37 45.35 45.34 45.37 45.36 45.36 45.36 45.39 45.37 45.38 45.41 45.41 45.44 45.44 45.47 45.48 45.48 45.49 45.49 45.45 45.45 45.47 45.51 45.5 45.5 45.49 45.48 45.49 45.52 45.54 45.52 45.48 45.47 45.44 45.44 45.42 45.4 45.37 45.33 45.37 45.35 45.31 45.32 45.33
45.8 45.81 45.8 45.71 45.7 45.7 45.7 45.67 45.67 45.68 45.69 45.67 45.65 45.64 45.63 45.63 45.65 45.69 45.65 45.59 45.58 45.57 45.49 45.43 45.41 45.43 45.48 45.47 45.47 45.52 45.47 45.5 45.45 45.41 45.38 45.37 45.36 45.4 45.39 45.35 45.34 45.36 45.4 45.38 45.35 45.41 45.46 45.46 45.46 45.48 45.5 45.51 45.51 45.5 45.46 45.48 45.51 45.52 45.53 45.5 45.48 45.52 45.49 45.52 45.52 45.5 45.49 45.43 45.44 45.42 45.4 45.37 45.34 45.33 45.32 45.3 45.31 45.31
45.8 45.81 45.8 45.74 45.73 45.73 45.72 45.7 45.7 45.7 45.68 45.66 45.66 45.67 45.65 45.64 45.65 45.66 45.65 45.63 45.62 45.57 45.47 45.36 45.31 45.34 45.43 45.46 45.47 45.52 45.5 45.49 45.44 45.38 45.4 45.38 45.37 45.35 45.37 45.37 45.36 45.4 45.37 45.36 45.34 45.39 45.45 45.46 45.45 45.47 45.5 45.49 45.45 45.46 45.41 45.44 45.47 45.49 45.5 45.49 45.49 45.49 45.46 45.51 45.51 45.54 45.51 45.44 45.44 45.43 45.41 45.36 45.36 45.3 45.3 45.33 45.32 45.3
45.78 45.81 45.81 45.77 45.73 45.75 45.73 45.73 45.71 45.7 45.68 45.66 45.66 45.67 45.67 45.66 45.65 45.63 45.62 45.65 45.63 45.57 45.48 45.36 45.29 45.27 45.48 45.47 45.47 45.51 45.5 45.51 45.47 45.43 45.4 45.39 45.36 45.34 45.37 45.37 45.34 45.33 45.35 45.35 45.34 45.35 45.45 45.45 45.44 45.46 45.5 45.48 45.47 45.46 45.44 45.45 45.45 45.48 45.48 45.47 45.51 45.45 45.46 45.5 45.51 45.55 45.51 45.45 45.44 45.42 45.41 45.37 45.33 45.29 45.3 45.32 45.31 45.33
45.8 45.8 45.79 45.77 45.72 45.73 45.73 45.74 45.71 45.69 45.68 45.67 45.67 45.65 45.65 45.64 45.64 45.65 45.63 45.65 45.63 45.57 45.52 45.41 45.32 45.24 45.43 45.49 45.49 45.5 45.5 45.49 45.46 45.39 45.39 45.38 45.34 45.34 45.32 45.35 45.37 45.35 45.37 45.36 45.34 45.38 45.42 45.44 45.46 45.49 45.51 45.48 45.49 45.48 45.48 45.46 45.45 45.48 45.48 45.49 45.51 45.45 45.47 45.49 45.52 45.53 45.5 45.44 45.44 45.41 45.42 45.4 45.32 45.31 45.31 45.3 45.28 45.31
45.81 45.79 45.79 45.78 45.75 45.72 45.73 45.73 45.7 45.66 45.67 45.68 45.68 45.67 45.66 45.65 45.63 45.63 45.67 45.65 45.63 45.58 45.53 45.46 45.36 45.14 45.24 45.42 45.48 45.52 45.54 45.53 45.48 45.44 45.38 45.37 45.34 45.34 45.32 45.35 45.36 45.34 45.38 45.36 45.36 45.4 45.43 45.44 45.46 45.5 45.49 45.48 45.47 45.48 45.48 45.47 45.47 45.48 45.49 45.52 45.5 45.46 45.47 45.48 45.49 45.52 45.49 45.46 45.41 45.38 45.4 45.43 45.38 45.39 45.34 45.32 45.31 45.31
