slabs/32.grd
DSAA
631 301
643890 644520
4946300 4946600
37.99 49.8
[rows 0 to 33 of 300, columns 78 to 155 of 631]
41.52 41.5 41.54 41.62 41.66 41.66 41.86 42.45 43.07 43.73 44.03 44.49 44.67 44.77 44.8 44.79 44.9 45.07 45.2 45.47 45.85 45.97 46.07 46.18 46.39 46.5 46.83 47.24 47.58 47.72 48.19 48.48 48.65 48.8 49.11 49.3 49.35 49.37 49.33 49.36 49.41 49.38 49.38 49.34 49.31 49.12 48.67 48.21 48 47.53 47.04 46.63 46.43 45.96 45.46 45.05 44.82 44.44 44.34 44.35 44.33 44.3 44.6 44.69 44.67 44.62 44.6 44.64 44.6 44.58 44.58 44.51 44.48 44.51 44.53 44.53 44.58 44.55
41.47 41.51 41.54 41.6 41.61 41.78 42.04 42.7 43.47 44.01 44.32 44.74 44.78 44.71 44.67 44.62 44.72 44.95 44.99 45.19 45.49 45.61 45.81 45.93 46.12 46.25 46.61 47 47.33 47.54 48.02 48.3 48.44 48.58 48.87 49.13 49.19 49.21 49.2 49.32 49.41 49.4 49.4 49.4 49.39 49.29 48.84 48.42 48.24 47.78 47.28 46.82 46.61 46.14 45.74 45.32 45.1 44.58 44.29 44.25 44.24 44.25 44.37 44.65 44.66 44.61 44.62 44.61 44.56 44.55 44.52 44.5 44.48 44.45 44.5 44.52 44.55 44.51
41.4 41.42 41.51 41.61 41.73 42.12 42.38 43.07 43.98 44.42 44.69 44.98 44.86 44.6 44.43 44.38 44.57 44.69 44.78 44.96 45.19 45.34 45.62 45.78 45.94 46.09 46.42 46.75 47.08 47.3 47.77 48.18 48.38 48.48 48.7 48.92 49.06 49.09 49.19 49.34 49.41 49.4 49.4 49.46 49.41 49.31 49.05 48.7 48.48 47.92 47.41 47.07 46.86 46.42 45.94 45.56 45.38 44.88 44.38 44.27 44.26 44.26 44.3 44.34 44.52 44.5 44.53 44.53 44.5 44.51 44.48 44.46 44.49 44.45 44.44 44.47 44.51 44.49
41.34 41.38 41.46 41.62 41.83 42.45 42.86 43.63 44.4 44.72 44.88 44.87 44.57 44.4 44.19 44.22 44.48 44.5 44.59 44.7 45.02 45.18 45.48 45.64 45.77 45.93 46.21 46.45 46.81 47.05 47.51 47.92 48.22 48.36 48.6 48.77 48.92 49.03 49.18 49.3 49.34 49.4 49.42 49.43 49.41 49.37 49.15 48.9 48.73 48.18 47.63 47.31 47.12 46.74 46.23 45.9 45.67 45.15 44.7 44.58 44.44 44.29 44.31 44.32 44.43 44.37 44.43 44.44 44.45 44.48 44.51 44.47 44.49 44.48 44.38 44.39 44.45 44.47
41.33 41.37 41.46 41.68 42.01 42.67 43.14 43.94 44.53 44.77 44.84 44.6 44.27 44.2 44.03 44.13 44.41 44.42 44.39 44.5 44.86 45 45.28 45.47 45.63 45.75 45.97 46.18 46.54 46.8 47.25 47.58 47.94 48.14 48.42 48.55 48.67 48.96 49.15 49.29 49.32 49.37 49.39 49.4 49.4 49.37 49.3 49.16 48.99 48.48 47.92 47.6 47.38 47.11 46.69 46.36 46.07 45.57 45.14 44.98 44.62 44.34 44.31 44.38 44.43 44.32 44.35 44.37 44.43 44.48 44.53 44.49 44.45 44.48 44.38 44.37 44.37 44.37
41.3 41.38 41.49 41.76 42.15 42.77 43.26 44.18 44.54 44.67 44.66 44.34 44.12 44.03 43.92 44.01 44.26 44.26 44.23 44.39 44.67 44.78 45.05 45.28 45.49 45.56 45.7 45.86 46.28 46.56 47.07 47.34 47.54 47.87 48.28 48.35 48.5 48.86 49.12 49.29 49.33 49.41 49.41 49.38 49.38 49.38 49.38 49.39 49.32 48.97 48.42 48.08 47.84 47.47 47.08 46.84 46.44 45.96 45.54 45.34 44.83 44.44 44.3 44.34 44.39 44.31 44.3 44.33 44.41 44.47 44.49 44.47 44.43 44.46 44.41 44.38 44.27 44.28
41.28 41.39 41.52 41.8 42.2 42.63 43.3 44.31 44.52 44.53 44.43 44.14 43.98 43.9 43.83 43.91 44.04 44.05 44.07 44.17 44.41 44.57 44.9 45.19 45.34 45.42 45.58 45.74 46.01 46.32 46.85 47.08 47.22 47.64 48.07 48.24 48.43 48.82 49.05 49.23 49.29 49.43 49.44 49.41 49.41 49.41 49.41 49.47 49.46 49.25 48.83 48.54 48.3 47.79 47.38 47.2 46.72 46.23 45.85 45.63 45.08 44.6 44.37 44.33 44.3 44.29 44.27 44.31 44.4 44.45 44.42 44.47 44.47 44.44 44.5 44.44 44.31 44.33
41.26 41.39 41.53 41.79 42.18 42.43 43.25 44.13 44.37 44.34 44.2 43.99 43.83 43.76 43.72 43.88 43.94 43.93 43.92 44.04 44.29 44.49 44.84 45.03 45.22 45.34 45.5 45.64 45.76 46.12 46.6 46.86 47.02 47.43 47.75 48.06 48.22 48.55 48.61 48.84 48.97 49.23 49.42 49.42 49.42 49.42 49.4 49.45 49.44 49.34 49.1 48.91 48.57 48.07 47.69 47.49 46.97 46.44 46.11 45.88 45.34 44.9 44.51 44.41 44.28 44.24 44.18 44.19 44.38 44.43 44.39 44.39 44.31 44.29 44.38 44.38 44.34 44.36
41.23 41.36 41.54 41.73 42.14 42.41 43.14 43.79 44.09 44.07 43.98 43.8 43.7 43.65 43.65 43.83 43.86 43.85 43.78 44.05 44.37 44.52 44.81 44.97 45.15 45.29 45.44 45.55 45.65 45.98 46.38 46.72 46.89 47.17 47.31 47.56 47.72 48.06 48.23 48.48 48.65 48.99 49.32 49.4 49.4 49.41 49.4 49.41 49.42 49.39 49.29 49.17 48.75 48.3 47.96 47.74 47.18 46.65 46.37 46.13 45.59 45.22 44.74 44.59 44.34 44.24 44.16 44.13 44.25 44.36 44.34 44.31 44.29 44.22 44.28 44.33 44.25 44.22
41.2 41.29 41.53 41.64 42 42.26 42.88 43.5 43.95 43.92 43.86 43.74 43.59 43.57 43.61 43.83 43.82 43.76 43.71 43.96 44.23 44.37 44.72 44.91 45.02 45.25 45.39 45.49 45.58 45.83 46.28 46.55 46.7 46.92 47.02 47.23 47.37 47.69 47.97 48.2 48.41 48.79 49.13 49.3 49.36 49.41 49.41 49.41 49.42 49.39 49.36 49.27 48.96 48.56 48.17 47.94 47.41 46.88 46.57 46.38 45.88 45.4 44.98 44.75 44.39 44.24 44.21 44.18 44.15 44.32 44.31 44.28 44.26 44.17 44.19 44.24 44.22 44.21
41.2 41.29 41.46 41.52 41.83 42.09 42.68 43.26 43.74 43.8 43.82 43.68 43.53 43.49 43.56 43.74 43.77 43.72 43.67 43.87 43.98 44.19 44.56 44.85 44.94 45.19 45.34 45.45 45.52 45.77 46.26 46.42 46.53 46.71 46.88 47.09 47.21 47.46 47.74 47.96 48.19 48.59 48.91 49.11 49.29 49.38 49.45 49.44 49.42 49.42 49.4 49.37 49.17 48.81 48.46 48.22 47.64 47.14 46.86 46.64 46.17 45.65 45.32 45.02 44.48 44.27 44.26 44.24 44.2 44.18 44.17 44.18 44.22 44.16 44.18 44.21 44.19 44.19
41.2 41.28 41.38 41.43 41.73 42.02 42.69 43.21 43.56 43.67 43.75 43.63 43.48 43.45 43.46 43.63 43.64 43.59 43.59 43.67 43.75 43.95 44.16 44.75 44.87 45.16 45.28 45.37 45.42 45.72 46.2 46.31 46.38 46.52 46.71 46.88 46.99 47.25 47.54 47.71 48 48.39 48.68 48.81 49.19 49.36 49.43 49.43 49.42 49.42 49.42 49.41 49.35 49.05 48.66 48.42 47.9 47.44 47.09 46.88 46.42 45.93 45.53 45.24 44.67 44.38 44.34 44.25 44.2 44.18 44.12 44.04 44.17 44.21 44.2 44.21 44.16 44.19
41.2 41.24 41.38 41.61 41.85 42.1 42.62 43.07 43.4 43.54 43.64 43.53 43.4 43.37 43.37 43.45 43.43 43.37 43.46 43.56 43.62 43.8 43.91 44.57 44.72 45.07 45.2 45.2 45.25 45.57 46.03 46.12 46.24 46.41 46.52 46.66 46.77 47.03 47.31 47.43 47.77 48.14 48.41 48.63 49.09 49.33 49.36 49.39 49.4 49.41 49.46 49.46 49.43 49.24 48.89 48.68 48.16 47.67 47.33 47.1 46.63 46.25 45.97 45.59 45.14 44.74 44.59 44.3 44.21 44.19 44.14 44.02 44.12 44.22 44.22 44.19 44.14 44.17
41.19 41.3 41.53 41.78 41.98 42.15 42.54 42.96 43.26 43.39 43.52 43.41 43.34 43.29 43.33 43.37 43.35 43.3 43.41 43.59 43.65 43.81 43.95 44.37 44.51 44.89 45.05 44.98 45.07 45.42 45.78 45.88 46.08 46.36 46.42 46.45 46.56 46.82 47.1 47.23 47.57 47.9 48.12 48.41 48.96 49.27 49.36 49.38 49.42 49.42 49.42 49.42 49.43 49.35 49.11 48.9 48.44 48 47.83 47.54 47.03 46.61 46.41 45.97 45.53 45.08 44.85 44.42 44.25 44.19 44.17 44.09 44.02 44.1 44.15 44.16 44.12 44.08
41.3 41.41 41.66 41.92 42.18 42.3 42.58 42.91 43.1 43.31 43.43 43.33 43.3 43.24 43.32 43.39 43.35 43.32 43.42 43.61 43.71 43.83 43.96 44.18 44.3 44.61 44.82 44.83 45 45.34 45.54 45.62 45.79 46.16 46.31 46.34 46.42 46.63 46.94 47.08 47.4 47.69 48.02 48.22 48.71 49.12 49.25 49.33 49.43 49.44 49.42 49.43 49.44 49.39 49.32 49.17 48.8 48.4 48.29 47.93 47.37 46.92 46.77 46.34 45.79 45.37 45.12 44.6 44.31 44.23 44.21 44.15 43.96 43.92 44.02 44.12 44.11 44.08
41.53 41.64 41.86 42.12 42.33 42.46 42.69 42.91 43.04 43.3 43.37 43.27 43.24 43.21 43.3 43.34 43.27 43.27 43.39 43.54 43.61 43.72 43.84 43.98 44.05 44.23 44.65 44.78 44.97 45.33 45.5 45.46 45.43 45.81 46.12 46.16 46.29 46.53 46.7 46.86 47.2 47.51 47.85 48 48.4 48.84 49.1 49.24 49.36 49.45 49.45 49.45 49.42 49.4 49.41 49.35 49.12 48.74 48.6 48.2 47.62 47.23 47.09 46.67 46.08 45.68 45.44 44.83 44.41 44.31 44.25 44.19 44.1 43.91 43.94 44.04 44.06 44.05
41.72 41.84 42.05 42.27 42.4 42.58 42.8 42.98 43.1 43.36 43.37 43.23 43.21 43.19 43.31 43.25 43.18 43.17 43.33 43.4 43.42 43.48 43.67 43.79 43.88 44.11 44.49 44.6 44.92 45.35 45.59 45.53 45.41 45.41 45.93 45.99 46.16 46.41 46.57 46.69 46.99 47.3 47.61 47.74 48.08 48.44 48.76 48.94 49.21 49.36 49.39 49.44 49.41 49.41 49.42 49.4 49.32 49.01 48.86 48.42 47.87 47.53 47.36 46.89 46.39 45.94 45.73 45.13 44.58 44.37 44.3 44.2 44.23 44.07 43.93 43.92 44.06 44.05
41.81 41.97 42.18 42.36 42.45 42.68 42.9 43.06 43.13 43.4 43.4 43.22 43.19 43.2 43.3 43.22 43.15 43.13 43.22 43.25 43.25 43.24 43.31 43.51 43.64 43.96 44.35 44.5 44.89 45.37 45.65 45.61 45.49 45.46 45.68 45.79 46.03 46.29 46.54 46.61 46.82 47.1 47.32 47.48 47.82 48.12 48.44 48.68 49.03 49.22 49.28 49.4 49.43 49.41 49.4 49.4 49.39 49.24 49.1 48.69 48.11 47.76 47.54 46.97 46.55 46.25 46.01 45.35 44.81 44.52 44.38 44.27 44.26 44.22 44.05 43.93 44.04 44.07
41.85 42.07 42.27 42.43 42.54 42.77 42.97 43.07 43.11 43.3 43.3 43.17 43.15 43.2 43.21 43.19 43.18 43.15 43.23 43.28 43.28 43.14 43.11 43.21 43.42 43.74 44.06 44.27 44.79 45.34 45.64 45.64 45.6 45.67 45.74 45.8 45.97 46.24 46.51 46.61 46.76 46.97 47.11 47.26 47.6 47.88 48.14 48.47 48.79 49.1 49.17 49.34 49.45 49.39 49.4 49.42 49.4 49.34 49.28 49.01 48.41 48.04 47.78 47.19 46.79 46.55 46.26 45.61 45.21 44.98 44.48 44.31 44.29 44.28 44.15 44 43.99 44.08
41.9 42.08 42.26 42.37 42.55 42.85 43.04 43.09 43.13 43.19 43.22 43.14 43.14 43.13 43.16 43.18 43.17 43.19 43.23 43.19 43.13 42.99 42.92 42.95 43.19 43.6 43.84 44.05 44.49 44.97 45.33 45.45 45.58 45.74 45.78 45.82 46.06 46.39 46.61 46.68 46.73 46.83 46.92 47.06 47.37 47.65 47.82 48.21 48.5 48.93 49.03 49.28 49.44 49.41 49.42 49.41 49.43 49.4 49.37 49.19 48.77 48.36 48.13 47.51 46.99 46.65 46.4 45.86 45.4 45.17 44.65 44.38 44.3 44.28 44.2 44.08 43.99 44.06
41.87 42.02 42.15 42.29 42.52 42.91 43.06 43.11 43.14 43.2 43.2 43.09 43.1 43.07 43.04 43.1 43.13 43.15 43.12 43.07 42.96 42.88 42.84 42.83 43 43.35 43.51 43.73 44.18 44.64 45.03 45.21 45.44 45.62 45.68 45.73 46.1 46.58 46.77 46.76 46.66 46.65 46.72 46.91 47.17 47.49 47.65 48.03 48.33 48.65 48.81 49.21 49.36 49.44 49.43 49.41 49.39 49.4 49.37 49.29 48.97 48.6 48.34 47.76 47.32 47.12 46.66 46.13 45.71 45.48 44.93 44.52 44.35 44.31 44.24 44.15 44.05 44
41.78 41.91 42.05 42.29 42.53 42.95 43.06 43.1 43.13 43.19 43.17 43.05 43.06 43.03 43 43.02 43.05 43.09 43 42.9 42.77 42.76 42.78 42.78 42.94 43.18 43.28 43.48 43.96 44.44 44.82 45.03 45.29 45.45 45.55 45.65 45.98 46.5 46.69 46.72 46.6 46.64 46.69 46.9 47.05 47.31 47.45 47.81 48.17 48.39 48.61 49.03 49.28 49.39 49.41 49.41 49.39 49.4 49.42 49.37 49.19 48.95 48.52 47.97 47.61 47.43 46.95 46.44 46.18 45.94 45.4 44.91 44.54 44.44 44.28 44.19 44.09 43.99
41.68 41.81 41.95 42.28 42.48 42.91 43.07 43.08 43.11 43.14 43.11 43.06 43.03 43.03 43.01 43.03 43.05 42.99 42.85 42.75 42.63 42.66 42.72 42.74 42.92 43.1 43.22 43.36 43.78 44.25 44.62 44.86 45.19 45.37 45.47 45.62 45.9 46.19 46.33 46.51 46.54 46.62 46.68 46.83 47.01 47.1 47.25 47.6 47.99 48.29 48.43 48.81 49.13 49.29 49.33 49.4 49.43 49.4 49.41 49.39 49.29 49.16 48.81 48.48 48.11 47.92 47.43 46.91 46.62 46.38 45.85 45.28 44.8 44.61 44.33 44.22 44.14 44.08
41.64 41.71 41.86 42.07 42.3 42.78 43.12 43.13 43.17 43.16 43.09 43.07 43.04 43.04 43.02 43.04 43.03 42.84 42.68 42.61 42.55 42.62 42.67 42.71 42.84 43 43.15 43.28 43.62 44.06 44.36 44.67 45.09 45.28 45.31 45.49 45.87 46.2 46.3 46.45 46.53 46.61 46.68 46.87 46.99 47.02 47.15 47.47 47.81 48.09 48.27 48.59 48.92 49.1 49.22 49.4 49.43 49.41 49.41 49.38 49.34 49.28 49.08 48.85 48.53 48.33 47.84 47.3 46.94 46.7 46.19 45.56 45.06 44.82 44.43 44.26 44.19 44.15
41.66 41.67 41.72 41.84 42.04 42.54 43.03 43.11 43.24 43.18 43.07 43.04 43.02 43.06 43.01 43.03 42.97 42.74 42.59 42.56 42.57 42.62 42.65 42.65 42.75 42.9 43.05 43.19 43.44 43.84 44 44.46 44.94 45.04 45.09 45.33 45.74 46.08 46.2 46.38 46.48 46.56 46.62 46.75 46.88 46.94 47.03 47.29 47.58 47.83 48.03 48.39 48.68 48.75 48.96 49.28 49.38 49.39 49.41 49.38 49.37 49.35 49.25 49.07 48.82 48.61 48.1 47.56 47.19 46.97 46.47 45.84 45.38 45.1 44.64 44.29 44.24 44.19
41.59 41.61 41.62 41.67 41.91 42.38 42.85 43.01 43.23 43.15 43.02 43.01 42.99 43.04 42.99 43.01 42.93 42.71 42.64 42.64 42.68 42.65 42.59 42.59 42.68 42.8 42.89 43.03 43.21 43.6 43.77 44.23 44.64 44.85 44.92 45.2 45.6 45.95 46.09 46.3 46.39 46.46 46.5 46.62 46.72 46.75 46.82 47.07 47.19 47.43 47.64 48.04 48.36 48.41 48.68 49.08 49.31 49.35 49.42 49.4 49.39 49.4 49.33 49.24 49.04 48.84 48.36 47.83 47.45 47.23 46.75 46.17 45.83 45.41 44.84 44.47 44.4 44.24
41.56 41.58 41.6 41.62 41.88 42.31 42.69 42.88 43.19 43.1 42.97 42.97 42.97 43 42.96 42.95 42.89 42.75 42.71 42.71 42.66 42.58 42.53 42.51 42.6 42.71 42.75 42.84 42.9 43.12 43.4 43.87 44.17 44.42 44.6 45 45.46 45.85 46 46.19 46.27 46.34 46.37 46.41 46.49 46.54 46.61 46.79 46.89 47.04 47.33 47.73 48.03 48.11 48.47 48.92 49.25 49.31 49.41 49.41 49.41 49.41 49.38 49.31 49.2 49.02 48.59 48.08 47.74 47.47 46.95 46.52 46.3 45.7 45.13 44.76 44.6 44.31
41.58 41.6 41.62 41.65 41.85 42.22 42.58 42.78 43.1 43.09 42.93 42.92 42.92 42.98 42.92 42.9 42.87 42.75 42.73 42.69 42.59 42.52 42.5 42.44 42.52 42.63 42.68 42.75 42.79 42.93 43.11 43.45 43.72 44.05 44.26 44.76 45.31 45.67 45.76 45.94 46.05 46.11 46.16 46.22 46.3 46.36 46.48 46.65 46.75 46.84 47.14 47.5 47.74 47.87 48.34 48.82 49.17 49.24 49.36 49.43 49.39 49.38 49.38 49.36 49.36 49.18 48.8 48.37 48.07 47.76 47.26 46.83 46.6 45.99 45.42 45.06 44.87 44.45
41.59 41.62 41.63 41.65 41.82 42.08 42.47 42.64 42.89 43.03 42.92 42.9 42.92 43.02 43.02 42.98 42.84 42.75 42.76 42.72 42.54 42.45 42.42 42.36 42.45 42.56 42.61 42.66 42.66 42.76 42.86 43.13 43.43 43.71 43.9 44.33 44.82 45.22 45.41 45.72 45.85 45.9 45.97 46.08 46.21 46.26 46.44 46.63 46.72 46.79 47 47.28 47.48 47.68 48.2 48.67 48.99 49.13 49.33 49.4 49.38 49.38 49.38 49.37 49.35 49.25 49.03 48.63 48.48 48.05 47.53 47.17 46.93 46.3 45.76 45.4 45.16 44.63
41.58 41.63 41.64 41.66 41.77 41.95 42.35 42.47 42.68 42.86 42.88 42.87 42.88 42.94 42.97 42.93 42.89 42.78 42.76 42.67 42.54 42.39 42.35 42.28 42.37 42.5 42.54 42.58 42.52 42.55 42.62 42.91 43.24 43.49 43.66 44.03 44.46 44.83 45.1 45.54 45.7 45.74 45.88 46.05 46.23 46.29 46.44 46.56 46.68 46.75 46.87 47.05 47.28 47.48 47.9 48.34 48.65 48.9 49.29 49.42 49.46 49.44 49.4 49.39 49.37 49.3 49.21 48.91 48.73 48.26 47.76 47.33 47.13 46.6 46.06 45.72 45.42 44.87
41.53 41.63 41.65 41.69 41.79 41.87 42.21 42.33 42.6 42.84 42.87 42.85 42.85 42.87 42.86 42.84 42.78 42.66 42.63 42.54 42.44 42.34 42.29 42.18 42.21 42.33 42.36 42.4 42.38 42.46 42.53 42.79 43.09 43.3 43.46 43.82 44.26 44.52 44.85 45.31 45.55 45.62 45.86 46.13 46.29 46.35 46.44 46.45 46.59 46.67 46.77 46.88 47.11 47.26 47.62 48.09 48.43 48.71 49.14 49.38 49.41 49.41 49.39 49.36 49.35 49.33 49.28 49.08 48.92 48.48 48.04 47.61 47.4 46.97 46.5 46.16 45.86 45.37
41.49 41.55 41.64 41.69 41.79 41.87 42.14 42.36 42.65 42.84 42.81 42.82 42.82 42.79 42.76 42.72 42.63 42.51 42.44 42.32 42.26 42.2 42.17 42.08 42.06 42.15 42.18 42.24 42.35 42.5 42.57 42.74 42.97 43.08 43.24 43.55 43.96 44.13 44.59 45.01 45.35 45.48 45.79 46.15 46.33 46.36 46.43 46.39 46.55 46.64 46.8 46.81 46.97 47.12 47.48 47.91 48.2 48.49 49.01 49.34 49.36 49.39 49.4 49.37 49.37 49.37 49.33 49.21 49.16 48.91 48.5 48.07 47.84 47.36 46.89 46.55 46.26 45.78
41.47 41.5 41.57 41.63 41.81 42.15 42.41 42.53 42.77 42.83 42.8 42.78 42.8 42.73 42.69 42.56 42.44 42.36 42.32 42.24 42.18 42.13 42.1 42.04 42 42.05 42.09 42.17 42.37 42.52 42.58 42.69 42.86 42.9 43.04 43.3 43.68 43.85 44.28 44.7 45.02 45.18 45.56 46.13 46.45 46.46 46.4 46.2 46.32 46.51 46.74 46.62 46.82 46.98 47.32 47.7 47.89 48.36 48.78 49.05 49.14 49.29 49.38 49.39 49.37 49.34 49.34 49.31 49.29 49.12 48.8 48.48 48.24 47.7 47.19 46.84 46.55 46.02
41.44 41.47 41.49 41.66 42.03 42.46 42.63 42.86 42.89 42.77 42.75 42.7 42.76 42.68 42.61 42.45 42.35 42.3 42.29 42.25 42.19 42.14 42.12 42.05 42 42.04 42.07 42.13 42.26 42.37 42.46 42.56 42.69 42.75 42.9 43.06 43.38 43.55 44 44.43 44.71 44.87 45.36 46.11 46.49 46.48 46.36 46.17 46.13 46.25 46.49 46.55 46.66 46.82 47.15 47.48 47.65 48.12 48.33 48.62 48.78 49.07 49.27 49.36 49.36 49.33 49.33 49.33 49.31 49.18 48.98 48.74 48.5 47.99 47.46 47.15 46.79 46.26
