slabs/32.grd
DSAA
631 301
643890 644520
4946300 4946600
37.99 49.8
[rows 0 to 33 of 300, columns 234 to 311 of 631]
43.73 43.86 43.87 43.88 43.86 43.85 43.83 43.81 43.8 43.82 43.81 43.83 43.82 43.83 43.82 43.83 43.84 43.8 43.79 43.81 43.82 43.81 43.8 43.79 43.79 43.79 43.79 43.78 43.8 43.76 43.76 43.75 43.72 43.65 43.65 43.64 43.62 43.59 43.59 43.6 43.58 43.55 43.55 43.55 43.58 43.61 43.58 43.55 43.51 43.53 43.55 43.57 43.56 43.55 43.56 43.58 43.6 43.6 43.58 43.52 43.51 43.57 43.65 43.61 43.7 43.7 43.72 43.78 43.82 43.82 43.83 43.88 43.8 43.81 43.83 43.84 43.86 43.83
43.78 43.89 43.94 43.89 43.87 43.85 43.85 43.83 43.79 43.83 43.83 43.85 43.86 43.87 43.86 43.88 43.85 43.8 43.79 43.79 43.8 43.77 43.79 43.8 43.82 43.81 43.78 43.76 43.78 43.79 43.78 43.74 43.71 43.64 43.65 43.65 43.64 43.61 43.6 43.61 43.53 43.53 43.52 43.51 43.51 43.54 43.52 43.53 43.57 43.55 43.56 43.58 43.54 43.55 43.57 43.57 43.55 43.54 43.55 43.62 43.67 43.72 43.8 43.79 43.82 43.8 43.78 43.84 43.83 43.81 43.8 43.84 43.82 43.8 43.78 43.83 43.85 43.82
43.81 43.86 43.94 43.92 43.89 43.85 43.86 43.84 43.82 43.85 43.83 43.84 43.84 43.89 43.86 43.88 43.86 43.83 43.78 43.8 43.79 43.8 43.84 43.83 43.83 43.8 43.78 43.75 43.75 43.76 43.76 43.74 43.69 43.66 43.66 43.65 43.66 43.61 43.56 43.51 43.55 43.51 43.49 43.51 43.54 43.55 43.56 43.56 43.57 43.59 43.59 43.61 43.56 43.56 43.61 43.61 43.66 43.75 43.77 43.82 43.85 43.85 43.86 43.88 43.91 43.88 43.82 43.85 43.81 43.79 43.78 43.83 43.82 43.82 43.79 43.81 43.82 43.82
43.79 43.88 43.92 43.92 43.9 43.87 43.88 43.86 43.84 43.84 43.83 43.83 43.82 43.86 43.83 43.84 43.83 43.82 43.79 43.82 43.79 43.82 43.85 43.81 43.77 43.75 43.74 43.7 43.74 43.73 43.73 43.75 43.69 43.68 43.64 43.61 43.65 43.6 43.56 43.51 43.46 43.48 43.51 43.54 43.58 43.55 43.56 43.59 43.61 43.62 43.62 43.61 43.71 43.75 43.81 43.79 43.79 43.85 43.9 43.95 43.92 43.9 43.87 43.88 43.88 43.88 43.85 43.81 43.75 43.77 43.78 43.83 43.83 43.81 43.81 43.84 43.84 43.81
43.77 43.91 43.91 43.92 43.91 43.88 43.88 43.87 43.85 43.86 43.84 43.83 43.82 43.84 43.88 43.85 43.81 43.8 43.83 43.82 43.79 43.78 43.77 43.78 43.77 43.76 43.73 43.7 43.7 43.71 43.74 43.76 43.67 43.64 43.63 43.63 43.61 43.54 43.53 43.53 43.57 43.6 43.61 43.57 43.57 43.57 43.58 43.58 43.64 43.68 43.75 43.81 43.91 43.91 43.93 43.9 43.87 43.89 43.93 43.94 43.88 43.87 43.85 43.84 43.8 43.84 43.82 43.78 43.72 43.77 43.8 43.85 43.84 43.81 43.83 43.82 43.82 43.78
43.77 43.9 43.88 43.91 43.91 43.89 43.85 43.87 43.87 43.9 43.87 43.84 43.84 43.85 43.93 43.9 43.85 43.81 43.79 43.78 43.75 43.77 43.76 43.74 43.73 43.72 43.71 43.7 43.7 43.69 43.68 43.66 43.63 43.65 43.62 43.61 43.6 43.57 43.58 43.6 43.66 43.66 43.63 43.63 43.61 43.62 43.66 43.73 43.81 43.84 43.92 43.97 44 43.96 43.92 43.91 43.93 43.93 43.96 43.88 43.83 43.81 43.8 43.81 43.79 43.81 43.8 43.76 43.75 43.81 43.79 43.84 43.81 43.75 43.75 43.77 43.78 43.75
43.75 43.88 43.88 43.89 43.9 43.9 43.86 43.86 43.9 43.88 43.9 43.86 43.81 43.84 43.87 43.85 43.84 43.82 43.83 43.83 43.76 43.74 43.74 43.73 43.73 43.75 43.73 43.7 43.7 43.65 43.63 43.62 43.61 43.6 43.6 43.6 43.61 43.64 43.66 43.67 43.68 43.65 43.64 43.65 43.69 43.73 43.82 43.89 43.98 43.99 44.01 43.98 43.97 43.94 43.91 43.91 43.93 43.94 43.93 43.87 43.8 43.81 43.8 43.82 43.82 43.84 43.8 43.76 43.75 43.77 43.74 43.79 43.8 43.78 43.77 43.75 43.76 43.79
43.73 43.88 43.88 43.89 43.91 43.94 43.93 43.88 43.95 43.86 43.83 43.84 43.8 43.81 43.83 43.87 43.83 43.83 43.81 43.77 43.75 43.75 43.75 43.73 43.69 43.72 43.72 43.69 43.72 43.63 43.63 43.66 43.67 43.64 43.64 43.67 43.66 43.69 43.71 43.7 43.67 43.67 43.73 43.8 43.87 43.9 43.98 43.96 44 44 44.03 43.98 43.92 43.91 43.9 43.86 43.87 43.91 43.9 43.9 43.86 43.83 43.78 43.78 43.76 43.73 43.75 43.7 43.73 43.77 43.75 43.81 43.8 43.77 43.81 43.79 43.8 43.77
43.75 43.88 43.85 43.88 43.94 43.95 43.93 43.93 43.95 43.91 43.85 43.85 43.87 43.87 43.86 43.87 43.82 43.76 43.77 43.76 43.77 43.76 43.75 43.75 43.69 43.73 43.73 43.7 43.71 43.67 43.68 43.67 43.71 43.69 43.69 43.71 43.68 43.69 43.71 43.72 43.79 43.8 43.91 44.07 44.07 44.04 44.01 43.97 43.94 43.96 44.01 43.99 43.88 43.88 43.86 43.82 43.88 43.87 43.86 43.87 43.85 43.82 43.78 43.78 43.77 43.74 43.75 43.75 43.72 43.72 43.71 43.76 43.76 43.8 43.8 43.81 43.78 43.75
43.77 43.92 43.89 43.88 43.9 43.98 43.94 43.91 43.86 43.89 43.87 43.84 43.88 43.86 43.87 43.86 43.84 43.8 43.77 43.73 43.74 43.73 43.7 43.71 43.71 43.74 43.74 43.72 43.7 43.73 43.75 43.69 43.7 43.71 43.7 43.7 43.71 43.71 43.79 43.86 43.99 44 44.07 44.16 44.14 44.12 43.99 43.94 43.93 43.94 43.98 43.9 43.87 43.85 43.86 43.83 43.84 43.83 43.85 43.85 43.83 43.78 43.79 43.75 43.76 43.74 43.7 43.73 43.71 43.71 43.72 43.78 43.77 43.81 43.78 43.83 43.81 43.81
43.77 43.94 43.97 43.89 43.87 43.93 43.9 43.88 43.9 43.89 43.89 43.87 43.88 43.84 43.84 43.84 43.84 43.77 43.75 43.73 43.73 43.7 43.71 43.7 43.74 43.77 43.77 43.76 43.72 43.76 43.76 43.71 43.67 43.7 43.72 43.78 43.83 43.86 43.96 44.06 44.07 44.09 44.12 44.13 44.12 44.08 44.04 43.99 43.95 43.93 43.93 43.82 43.87 43.84 43.83 43.88 43.84 43.8 43.83 43.81 43.81 43.76 43.78 43.7 43.72 43.72 43.7 43.71 43.7 43.69 43.72 43.78 43.76 43.8 43.79 43.83 43.82 43.83
43.8 43.87 43.89 43.89 43.86 43.91 43.9 43.88 43.88 43.86 43.85 43.85 43.87 43.82 43.8 43.78 43.83 43.71 43.71 43.76 43.78 43.74 43.75 43.74 43.78 43.8 43.81 43.8 43.73 43.75 43.74 43.74 43.72 43.77 43.85 43.98 44.07 44.07 44.06 44.09 44.12 44.14 44.14 44.08 44.04 44.06 44.04 43.97 43.96 43.94 43.91 43.87 43.88 43.84 43.82 43.86 43.83 43.79 43.8 43.76 43.79 43.75 43.76 43.7 43.72 43.74 43.69 43.73 43.71 43.69 43.71 43.77 43.75 43.77 43.78 43.76 43.75 43.78
43.81 43.87 43.88 43.88 43.85 43.87 43.87 43.87 43.86 43.85 43.85 43.84 43.83 43.78 43.76 43.75 43.78 43.73 43.73 43.8 43.81 43.79 43.77 43.77 43.81 43.81 43.82 43.81 43.69 43.71 43.76 43.85 43.94 43.94 43.97 44.08 44.15 44.13 44.11 44.14 44.14 44.14 44.11 44.05 44.01 44.02 43.98 43.94 43.92 43.89 43.88 43.87 43.85 43.83 43.78 43.81 43.8 43.79 43.8 43.78 43.8 43.81 43.74 43.73 43.74 43.75 43.71 43.74 43.72 43.71 43.71 43.77 43.75 43.77 43.73 43.71 43.72 43.74
43.8 43.88 43.93 43.91 43.9 43.86 43.86 43.87 43.85 43.85 43.85 43.82 43.77 43.73 43.74 43.76 43.76 43.79 43.79 43.83 43.82 43.81 43.8 43.79 43.78 43.78 43.81 43.82 43.77 43.79 43.88 43.97 44 44.03 44.09 44.11 44.12 44.15 44.19 44.1 44.07 44.09 44.06 44.02 44.01 43.98 43.91 43.94 43.93 43.9 43.83 43.87 43.81 43.81 43.78 43.76 43.76 43.8 43.77 43.79 43.83 43.84 43.71 43.74 43.73 43.72 43.75 43.74 43.73 43.75 43.74 43.76 43.78 43.76 43.76 43.76 43.78 43.77
43.86 43.92 43.95 43.91 43.9 43.89 43.88 43.89 43.84 43.83 43.84 43.79 43.77 43.77 43.78 43.78 43.79 43.81 43.81 43.83 43.85 43.84 43.81 43.8 43.77 43.79 43.89 44.02 44.03 44.03 44.02 44.08 44.09 44.1 44.12 44.12 44.11 44.12 44.16 44.12 44.07 44.07 44.04 44.05 44.04 43.97 43.85 43.92 43.89 43.85 43.83 43.86 43.82 43.84 43.8 43.74 43.74 43.77 43.77 43.75 43.81 43.83 43.73 43.72 43.71 43.69 43.76 43.75 43.73 43.76 43.78 43.8 43.79 43.74 43.74 43.73 43.75 43.74
43.96 43.97 43.98 43.93 43.89 43.9 43.9 43.89 43.83 43.82 43.84 43.81 43.85 43.86 43.85 43.81 43.85 43.85 43.82 43.81 43.84 43.83 43.77 43.86 44.03 44.04 44.09 44.1 44.12 44.13 44.1 44.15 44.13 44.12 44.13 44.11 44.13 44.13 44.15 44.16 44.11 44.05 43.97 44.03 44.01 43.93 43.9 43.91 43.87 43.81 43.86 43.87 43.85 43.83 43.77 43.74 43.75 43.78 43.8 43.74 43.78 43.84 43.78 43.74 43.77 43.71 43.76 43.74 43.72 43.67 43.73 43.75 43.81 43.81 43.76 43.73 43.69 43.71
44.03 44.01 44.02 43.97 43.92 43.86 43.88 43.9 43.86 43.84 43.84 43.84 43.82 43.84 43.85 43.82 43.83 43.82 43.79 43.8 43.82 43.85 43.93 44.06 44.16 44.18 44.16 44.15 44.15 44.13 44.1 44.11 44.08 44.1 44.08 44.11 44.12 44.15 44.11 44.13 44.1 44.03 43.95 43.99 43.98 43.93 43.96 43.95 43.89 43.81 43.87 43.87 43.82 43.77 43.74 43.76 43.79 43.83 43.8 43.77 43.76 43.82 43.77 43.78 43.81 43.75 43.76 43.73 43.74 43.72 43.71 43.72 43.76 43.68 43.72 43.71 43.73 43.68
44.07 44.04 44.01 43.97 43.92 43.86 43.92 43.99 43.92 43.88 43.87 43.83 43.83 43.83 43.82 43.82 43.79 43.83 43.9 43.96 44.03 44.03 44.05 44.17 44.17 44.18 44.13 44.17 44.19 44.15 44.1 44.08 44.01 44.09 44.07 44.08 44.1 44.15 44.09 44.08 44.05 43.99 43.93 43.92 43.95 43.93 43.93 43.94 43.9 43.8 43.82 43.81 43.79 43.76 43.76 43.81 43.82 43.83 43.79 43.78 43.76 43.81 43.76 43.77 43.83 43.8 43.72 43.74 43.77 43.72 43.65 43.68 43.76 43.69 43.71 43.73 43.75 43.72
44.09 44.03 43.99 43.96 43.94 43.92 43.93 43.91 43.9 43.9 43.9 43.84 43.83 43.84 43.81 43.82 43.95 44.01 44.07 44.06 44.16 44.11 44.11 44.21 44.18 44.2 44.19 44.15 44.16 44.16 44.12 44.12 44.06 44.09 44.07 44.09 44.09 44.11 44.06 44.03 44.02 43.95 43.88 43.88 43.91 43.91 43.9 43.87 43.88 43.85 43.81 43.77 43.74 43.75 43.77 43.79 43.81 43.81 43.84 43.84 43.82 43.84 43.84 43.81 43.8 43.83 43.78 43.77 43.74 43.76 43.72 43.73 43.78 43.77 43.75 43.77 43.72 43.73
44.18 44.1 44.05 43.99 43.94 43.93 43.93 43.9 43.89 43.9 43.9 43.84 43.84 43.86 43.95 44.06 44.16 44.17 44.17 44.16 44.23 44.18 44.12 44.18 44.17 44.18 44.24 44.2 44.18 44.17 44.14 44.15 44.12 44.09 44.08 44.11 44.09 44.05 44.01 43.98 43.99 43.95 43.88 43.88 43.92 43.95 43.92 43.87 43.87 43.85 43.82 43.77 43.78 43.79 43.82 43.82 43.82 43.79 43.8 43.83 43.87 43.89 43.86 43.81 43.76 43.83 43.75 43.77 43.73 43.74 43.71 43.7 43.71 43.78 43.77 43.75 43.7 43.74
44.18 44.08 44.06 44.01 43.97 43.94 43.89 43.88 43.87 43.88 43.88 43.88 43.93 43.97 44.09 44.18 44.25 44.26 44.21 44.16 44.19 44.15 44.09 44.12 44.13 44.16 44.23 44.21 44.19 44.16 44.15 44.16 44.16 44.09 44.12 44.1 44.07 44.02 43.98 43.94 43.95 43.97 43.9 43.82 43.87 43.95 43.91 43.87 43.89 43.82 43.88 43.87 43.83 43.8 43.83 43.84 43.84 43.83 43.81 43.83 43.85 43.86 43.88 43.82 43.77 43.78 43.75 43.77 43.71 43.7 43.69 43.68 43.67 43.77 43.77 43.73 43.71 43.7
44.13 44.11 44.08 44.03 43.98 43.96 43.92 43.92 43.89 43.9 44 44.02 44.17 44.18 44.23 44.23 44.25 44.27 44.22 44.16 44.14 44.13 44.08 44.08 44.11 44.16 44.2 44.16 44.14 44.14 44.2 44.17 44.17 44.12 44.14 44.1 44.08 44.01 43.95 43.95 43.96 43.97 43.91 43.85 43.9 43.95 43.89 43.88 43.84 43.85 43.86 43.86 43.8 43.84 43.81 43.83 43.83 43.85 43.87 43.87 43.86 43.9 43.87 43.82 43.76 43.77 43.79 43.78 43.72 43.7 43.71 43.69 43.67 43.79 43.78 43.73 43.73 43.68
44.18 44.15 44.08 44.02 44.02 44.02 44 44.16 44.2 44.19 44.22 44.18 44.28 44.3 44.29 44.26 44.24 44.26 44.24 44.21 44.18 44.15 44.09 44.09 44.11 44.16 44.2 44.18 44.13 44.17 44.23 44.14 44.15 44.08 44.09 44.13 44.12 44.03 44.01 43.99 43.97 43.95 43.94 43.9 43.89 43.9 43.9 43.88 43.84 43.86 43.88 43.87 43.83 43.83 43.84 43.83 43.81 43.84 43.86 43.86 43.88 43.89 43.84 43.83 43.75 43.78 43.81 43.77 43.73 43.72 43.72 43.7 43.69 43.78 43.76 43.7 43.73 43.71
44.26 44.21 44.09 44.06 44.08 44.11 44.18 44.37 44.44 44.4 44.33 44.24 44.3 44.28 44.26 44.23 44.23 44.26 44.28 44.24 44.23 44.17 44.06 44.07 44.07 44.11 44.22 44.2 44.14 44.17 44.22 44.13 44.08 43.97 44.07 44.06 44.05 44 44 43.98 43.98 43.94 43.97 43.94 43.89 43.9 43.91 43.9 43.9 43.87 43.81 43.83 43.83 43.83 43.85 43.83 43.81 43.81 43.83 43.84 43.89 43.88 43.81 43.84 43.77 43.8 43.8 43.76 43.73 43.72 43.72 43.72 43.73 43.72 43.71 43.66 43.69 43.66
44.27 44.25 44.12 44.14 44.15 44.2 44.3 44.4 44.44 44.42 44.34 44.24 44.29 44.24 44.21 44.17 44.2 44.26 44.28 44.24 44.21 44.16 44.05 44.05 44.06 44.12 44.2 44.23 44.19 44.17 44.19 44.12 44.09 44.06 44.1 44.06 44.03 43.94 43.96 43.99 44.03 44 43.96 43.94 43.87 43.86 43.86 43.87 43.9 43.89 43.8 43.82 43.81 43.78 43.83 43.82 43.83 43.83 43.83 43.85 43.88 43.9 43.84 43.85 43.8 43.8 43.78 43.74 43.74 43.77 43.74 43.71 43.72 43.7 43.69 43.66 43.65 43.66
44.21 44.23 44.16 44.22 44.22 44.26 44.32 44.36 44.38 44.37 44.34 44.26 44.29 44.24 44.2 44.17 44.18 44.2 44.25 44.22 44.19 44.12 44.06 44.14 44.13 44.09 44.14 44.18 44.1 44.02 44.14 44.17 44.1 44.08 44.07 44.08 44.04 43.98 44 44.02 44.04 43.97 43.97 43.96 43.88 43.89 43.9 43.9 43.88 43.88 43.83 43.85 43.81 43.75 43.81 43.81 43.82 43.85 43.84 43.86 43.88 43.9 43.88 43.84 43.8 43.77 43.77 43.73 43.73 43.76 43.73 43.68 43.68 43.66 43.67 43.71 43.69 43.7
44.24 44.23 44.16 44.25 44.26 44.3 44.34 44.28 44.29 44.32 44.3 44.3 44.31 44.27 44.23 44.2 44.19 44.13 44.13 44.18 44.16 44.11 44.05 44.14 44.14 44.1 44.15 44.19 44.14 44.06 44.16 44.14 44.12 44.11 44.05 44.06 44.04 44.04 44.04 44.06 44.07 44 44.01 44 43.93 43.88 43.92 43.91 43.88 43.87 43.84 43.87 43.83 43.75 43.79 43.81 43.84 43.84 43.84 43.85 43.88 43.84 43.84 43.81 43.77 43.78 43.77 43.73 43.71 43.74 43.73 43.72 43.75 43.69 43.69 43.74 43.7 43.7
44.34 44.29 44.15 44.21 44.29 44.34 44.35 44.15 44.2 44.29 44.25 44.3 44.3 44.28 44.25 44.16 44.15 44.16 44.11 44.18 44.17 44.17 44.15 44.15 44.17 44.13 44.14 44.13 44.14 44.12 44.1 44.09 44.13 44.14 44.09 44.09 44.09 44.06 44.04 44.06 44.09 44.06 44.07 44.05 43.98 43.84 43.88 43.88 43.88 43.88 43.85 43.84 43.81 43.76 43.79 43.85 43.91 43.88 43.87 43.88 43.85 43.83 43.83 43.8 43.81 43.75 43.74 43.73 43.75 43.77 43.73 43.71 43.74 43.71 43.7 43.75 43.71 43.71
44.31 44.3 44.2 44.25 44.3 44.35 44.41 44.28 44.31 44.31 44.3 44.26 44.27 44.27 44.21 43.99 44 44.08 44.07 44.11 44.14 44.2 44.19 44.16 44.18 44.16 44.18 44.15 44.11 44.07 44.06 44.07 44.16 44.15 44.12 44.09 44.11 44.09 44.05 44.07 44.07 44.09 44.08 44.05 43.99 43.86 43.88 43.88 43.89 43.89 43.87 43.86 43.8 43.79 43.8 43.85 43.9 43.86 43.85 43.84 43.82 43.81 43.82 43.84 43.83 43.77 43.74 43.74 43.77 43.83 43.79 43.76 43.73 43.7 43.7 43.74 43.7 43.75
44.34 44.31 44.2 44.24 44.28 44.35 44.39 44.34 44.33 44.33 44.26 44.21 44.19 44.19 44.13 43.95 43.94 44.02 44.04 44.06 44.14 44.22 44.23 44.19 44.19 44.16 44.16 44.14 44.1 44.07 44.06 44.08 44.18 44.15 44.14 44.1 44.11 44.13 44.06 44.06 44.05 44.08 44.02 44 43.97 43.91 43.87 43.89 43.92 43.88 43.88 43.91 43.78 43.74 43.76 43.82 43.83 43.88 43.89 43.88 43.85 43.82 43.83 43.86 43.81 43.73 43.7 43.75 43.74 43.76 43.73 43.74 43.75 43.74 43.71 43.73 43.73 43.76
43.92 44.33 44.21 44.26 44.28 44.34 44.38 44.33 44.31 44.29 44.27 44.22 44.19 44.18 44.18 44.08 44.02 44.05 44.11 44.15 44.18 44.19 44.24 44.2 44.18 44.18 44.15 44.13 44.09 44.11 44.08 44.09 44.16 44.14 44.14 44.15 44.13 44.12 44.03 44.02 44.04 44.08 44 44.02 44 43.88 43.89 43.91 43.91 43.86 43.88 43.9 43.84 43.78 43.77 43.81 43.89 43.85 43.85 43.87 43.86 43.81 43.83 43.84 43.78 43.72 43.72 43.77 43.77 43.76 43.72 43.77 43.74 43.75 43.71 43.68 43.76 43.75
43.96 44.3 44.28 44.32 44.34 44.35 44.35 44.28 44.28 44.27 44.26 44.18 44.16 44.18 44.19 44.14 44.11 44.17 44.19 44.21 44.2 44.2 44.22 44.19 44.17 44.2 44.15 44.11 44.07 44.09 44.06 44.06 44.12 44.14 44.11 44.12 44.18 44.12 44.08 44.07 44.07 44.06 43.93 43.97 43.97 43.93 43.92 43.9 43.87 43.87 43.88 43.9 43.85 43.82 43.8 43.81 43.94 43.92 43.92 43.88 43.87 43.87 43.88 43.89 43.86 43.76 43.75 43.75 43.79 43.78 43.73 43.78 43.75 43.75 43.71 43.64 43.72 43.73
43.97 44.35 44.23 44.29 44.32 44.33 44.3 44.27 44.27 44.26 44.24 44.14 44.14 44.18 44.18 44.11 44.15 44.25 44.22 44.22 44.2 44.24 44.21 44.2 44.2 44.18 44.12 44.1 44.1 44.13 44.05 44.03 44.08 44.17 44.11 44.17 44.21 44.09 44.1 44.06 44.06 44.05 44.04 44.03 43.92 43.96 43.91 43.9 43.92 43.88 43.88 43.88 43.9 43.82 43.83 43.81 43.92 43.95 43.95 43.91 43.88 43.87 43.87 43.9 43.89 43.83 43.8 43.73 43.78 43.77 43.73 43.75 43.75 43.73 43.69 43.63 43.67 43.69
43.94 44.35 44.18 44.34 44.32 44.29 44.26 44.26 44.27 44.26 44.23 44.14 44.14 44.19 44.18 44.13 44.18 44.24 44.22 44.18 44.15 44.23 44.24 44.23 44.23 44.19 44.11 44.14 44.15 44.17 44.07 44.05 44.11 44.1 44.12 44.16 44.18 44.03 44.11 44.06 44.08 44.04 44.06 44.04 43.95 43.95 43.91 43.91 43.94 43.9 43.89 43.87 43.9 43.86 43.86 43.81 43.88 43.97 43.97 43.93 43.89 43.87 43.84 43.86 43.85 43.85 43.83 43.74 43.77 43.76 43.72 43.71 43.7 43.68 43.7 43.68 43.64 43.67
