slabs/32.grd
DSAA
631 301
643890 644520
4946300 4946600
37.99 49.8
[rows 136 to 169 of 300, columns 78 to 155 of 631]
42.22 42.1 42.01 41.96 41.85 41.81 41.8 41.8 41.78 41.74 41.67 41.62 41.54 41.48 41.49 41.5 41.51 41.53 41.53 41.53 41.52 41.52 41.52 41.52 41.56 41.6 41.63 41.73 41.76 41.75 41.71 41.62 41.55 41.52 41.51 41.49 41.55 41.61 41.64 41.69 41.72 41.71 41.69 41.72 41.75 41.75 41.75 41.72 41.64 41.6 41.51 41.44 41.47 41.51 41.6 41.61 41.59 41.62 41.71 41.8 41.86 41.9 42.02 42.1 42.12 42.13 42.09 42.03 42.01 41.94 41.85 41.81 41.82 41.84 41.83 41.83 41.84 41.88
42.19 42.07 41.97 41.92 41.83 41.81 41.81 41.8 41.78 41.76 41.71 41.66 41.56 41.49 41.5 41.52 41.53 41.55 41.55 41.55 41.55 41.56 41.56 41.57 41.61 41.65 41.67 41.71 41.7 41.72 41.71 41.65 41.58 41.55 41.53 41.53 41.61 41.67 41.7 41.72 41.75 41.73 41.69 41.7 41.76 41.77 41.81 41.78 41.7 41.65 41.54 41.45 41.43 41.45 41.52 41.54 41.55 41.61 41.71 41.79 41.84 41.91 41.99 42.06 42.07 42.09 42.09 42.05 42.02 41.93 41.83 41.78 41.79 41.8 41.8 41.81 41.82 41.88
42.16 42.04 41.94 41.89 41.81 41.8 41.81 41.8 41.78 41.77 41.74 41.69 41.59 41.51 41.52 41.54 41.55 41.57 41.58 41.59 41.59 41.59 41.6 41.58 41.59 41.63 41.64 41.68 41.72 41.75 41.73 41.68 41.63 41.61 41.58 41.61 41.69 41.72 41.75 41.75 41.75 41.72 41.67 41.64 41.71 41.73 41.81 41.81 41.73 41.68 41.56 41.45 41.44 41.43 41.46 41.48 41.54 41.6 41.69 41.77 41.81 41.89 41.97 42 42 42.01 42.07 42.06 42.02 41.91 41.8 41.76 41.76 41.77 41.78 41.8 41.82 41.88
42.13 42 41.89 41.85 41.8 41.77 41.82 41.81 41.78 41.77 41.77 41.71 41.62 41.54 41.54 41.56 41.58 41.59 41.59 41.61 41.62 41.66 41.67 41.63 41.56 41.59 41.61 41.67 41.72 41.73 41.72 41.68 41.66 41.65 41.6 41.66 41.75 41.77 41.76 41.74 41.69 41.67 41.61 41.56 41.65 41.7 41.78 41.82 41.74 41.68 41.54 41.48 41.47 41.45 41.44 41.46 41.5 41.58 41.66 41.72 41.76 41.84 41.87 41.87 41.9 41.96 42.02 42.03 41.99 41.89 41.78 41.74 41.74 41.77 41.79 41.81 41.82 41.87
42.09 41.95 41.86 41.83 41.79 41.75 41.77 41.81 41.79 41.77 41.77 41.74 41.65 41.57 41.57 41.58 41.6 41.61 41.61 41.63 41.65 41.72 41.76 41.78 41.63 41.58 41.61 41.67 41.72 41.71 41.69 41.68 41.68 41.66 41.62 41.68 41.77 41.77 41.73 41.68 41.61 41.58 41.51 41.47 41.58 41.66 41.76 41.8 41.74 41.66 41.54 41.51 41.49 41.49 41.48 41.47 41.5 41.57 41.65 41.71 41.75 41.82 41.84 41.84 41.85 41.91 41.96 41.98 41.96 41.86 41.77 41.73 41.74 41.78 41.81 41.81 41.83 41.85
42.04 41.9 41.83 41.81 41.77 41.73 41.75 41.8 41.81 41.79 41.78 41.75 41.69 41.6 41.59 41.59 41.61 41.6 41.6 41.62 41.64 41.72 41.79 41.87 41.72 41.65 41.62 41.66 41.71 41.7 41.68 41.69 41.69 41.67 41.63 41.71 41.76 41.74 41.7 41.6 41.54 41.51 41.45 41.41 41.53 41.63 41.74 41.77 41.71 41.63 41.56 41.54 41.54 41.54 41.54 41.53 41.52 41.56 41.64 41.71 41.76 41.82 41.83 41.83 41.84 41.86 41.9 41.9 41.89 41.83 41.77 41.73 41.75 41.78 41.82 41.82 41.84 41.86
41.99 41.88 41.84 41.8 41.76 41.72 41.73 41.77 41.82 41.8 41.79 41.76 41.73 41.66 41.65 41.63 41.63 41.61 41.59 41.58 41.61 41.7 41.79 41.87 41.78 41.72 41.64 41.67 41.69 41.69 41.68 41.69 41.7 41.68 41.65 41.72 41.72 41.71 41.68 41.57 41.48 41.49 41.51 41.51 41.56 41.64 41.72 41.75 41.71 41.63 41.6 41.59 41.6 41.6 41.59 41.58 41.57 41.58 41.64 41.71 41.76 41.82 41.83 41.83 41.83 41.84 41.86 41.86 41.86 41.83 41.78 41.76 41.75 41.78 41.83 41.84 41.88 41.9
41.94 41.85 41.83 41.79 41.75 41.72 41.71 41.72 41.78 41.81 41.8 41.78 41.75 41.7 41.69 41.67 41.65 41.62 41.59 41.55 41.58 41.66 41.77 41.86 41.82 41.76 41.69 41.67 41.67 41.67 41.68 41.69 41.71 41.7 41.67 41.7 41.7 41.71 41.67 41.55 41.53 41.56 41.64 41.69 41.7 41.76 41.76 41.72 41.7 41.66 41.65 41.66 41.67 41.66 41.65 41.64 41.63 41.64 41.67 41.71 41.76 41.82 41.82 41.83 41.83 41.84 41.84 41.85 41.86 41.84 41.8 41.78 41.74 41.79 41.85 41.88 41.92 41.94
41.9 41.83 41.81 41.77 41.73 41.7 41.69 41.69 41.74 41.8 41.8 41.79 41.75 41.72 41.71 41.7 41.66 41.63 41.59 41.54 41.55 41.59 41.72 41.84 41.81 41.79 41.74 41.67 41.65 41.65 41.65 41.68 41.74 41.76 41.73 41.7 41.72 41.71 41.66 41.6 41.58 41.61 41.68 41.73 41.76 41.8 41.77 41.75 41.75 41.73 41.71 41.74 41.77 41.76 41.74 41.73 41.7 41.69 41.7 41.73 41.77 41.81 41.82 41.82 41.83 41.83 41.84 41.85 41.87 41.85 41.81 41.79 41.76 41.83 41.91 41.92 41.95 41.94
41.85 41.81 41.79 41.76 41.72 41.69 41.67 41.69 41.73 41.79 41.77 41.77 41.75 41.74 41.74 41.72 41.66 41.65 41.6 41.57 41.57 41.6 41.68 41.79 41.81 41.81 41.78 41.65 41.61 41.61 41.64 41.72 41.79 41.82 41.81 41.69 41.71 41.71 41.68 41.64 41.63 41.65 41.72 41.77 41.78 41.77 41.74 41.78 41.79 41.78 41.76 41.77 41.81 41.83 41.82 41.78 41.74 41.73 41.74 41.76 41.78 41.81 41.82 41.82 41.83 41.83 41.84 41.85 41.89 41.86 41.82 41.81 41.81 41.89 41.94 41.95 41.95 41.94
41.84 41.82 41.8 41.76 41.73 41.7 41.69 41.7 41.73 41.75 41.74 41.72 41.74 41.76 41.76 41.73 41.68 41.67 41.65 41.62 41.63 41.66 41.72 41.76 41.83 41.84 41.82 41.68 41.56 41.6 41.67 41.76 41.82 41.84 41.85 41.75 41.73 41.69 41.7 41.69 41.68 41.69 41.72 41.74 41.74 41.73 41.73 41.77 41.78 41.78 41.76 41.76 41.8 41.85 41.85 41.77 41.76 41.76 41.78 41.79 41.8 41.83 41.84 41.84 41.84 41.84 41.84 41.86 41.9 41.88 41.86 41.87 41.89 41.93 41.93 41.93 41.93 41.94
41.86 41.84 41.83 41.79 41.76 41.73 41.72 41.71 41.7 41.69 41.68 41.68 41.72 41.73 41.77 41.76 41.74 41.73 41.7 41.67 41.68 41.71 41.79 41.84 41.8 41.8 41.79 41.68 41.6 41.63 41.71 41.8 41.86 41.86 41.84 41.8 41.77 41.73 41.75 41.75 41.74 41.74 41.73 41.71 41.71 41.7 41.72 41.75 41.76 41.76 41.74 41.73 41.76 41.83 41.83 41.75 41.77 41.78 41.79 41.8 41.82 41.87 41.89 41.89 41.87 41.85 41.85 41.87 41.91 41.92 41.93 41.93 41.93 41.93 41.95 41.96 41.97 41.95
41.89 41.86 41.85 41.82 41.78 41.74 41.71 41.69 41.67 41.66 41.66 41.67 41.7 41.72 41.77 41.78 41.79 41.78 41.75 41.73 41.73 41.77 41.84 41.83 41.76 41.77 41.79 41.73 41.66 41.69 41.75 41.83 41.86 41.84 41.82 41.8 41.78 41.76 41.79 41.77 41.75 41.73 41.72 41.7 41.69 41.69 41.7 41.73 41.74 41.74 41.73 41.71 41.74 41.8 41.76 41.75 41.77 41.79 41.8 41.81 41.84 41.9 41.96 41.97 41.92 41.84 41.87 41.9 41.94 41.94 41.94 41.94 41.93 41.95 42.03 42.03 42.01 42
41.9 41.88 41.87 41.81 41.76 41.72 41.68 41.66 41.66 41.66 41.67 41.67 41.7 41.72 41.75 41.78 41.78 41.79 41.79 41.79 41.78 41.79 41.83 41.85 41.81 41.81 41.8 41.78 41.75 41.77 41.79 41.81 41.81 41.79 41.8 41.79 41.78 41.76 41.77 41.73 41.7 41.67 41.68 41.67 41.67 41.68 41.68 41.7 41.72 41.72 41.7 41.69 41.71 41.76 41.71 41.73 41.78 41.8 41.81 41.82 41.85 41.93 41.98 42.01 41.97 41.92 41.92 41.93 41.94 41.93 41.93 41.92 41.91 41.94 41.99 42.04 42.05 42.02
41.91 41.89 41.87 41.81 41.76 41.73 41.68 41.66 41.67 41.67 41.68 41.68 41.69 41.71 41.75 41.78 41.79 41.79 41.79 41.79 41.78 41.78 41.8 41.88 41.9 41.88 41.83 41.77 41.77 41.8 41.79 41.76 41.75 41.74 41.77 41.76 41.76 41.74 41.73 41.69 41.67 41.65 41.67 41.69 41.68 41.68 41.67 41.68 41.7 41.7 41.68 41.68 41.69 41.69 41.71 41.73 41.78 41.82 41.82 41.83 41.87 41.94 41.97 41.96 41.96 41.96 41.94 41.94 41.94 41.92 41.91 41.9 41.89 41.93 41.93 41.95 41.99 41.98
41.91 41.9 41.86 41.81 41.76 41.73 41.68 41.66 41.66 41.67 41.68 41.69 41.69 41.71 41.77 41.8 41.78 41.77 41.76 41.74 41.72 41.73 41.79 41.9 41.95 41.93 41.83 41.73 41.74 41.77 41.76 41.73 41.73 41.72 41.72 41.71 41.71 41.72 41.69 41.67 41.67 41.67 41.69 41.73 41.74 41.72 41.67 41.67 41.68 41.68 41.66 41.66 41.66 41.66 41.71 41.73 41.79 41.84 41.83 41.83 41.87 41.89 41.88 41.88 41.9 41.95 41.94 41.93 41.92 41.9 41.89 41.88 41.86 41.87 41.87 41.89 41.94 41.95
41.9 41.9 41.86 41.81 41.76 41.73 41.68 41.65 41.66 41.66 41.67 41.69 41.69 41.71 41.79 41.85 41.83 41.78 41.72 41.7 41.68 41.71 41.8 41.91 41.95 41.95 41.83 41.72 41.71 41.73 41.74 41.72 41.71 41.7 41.68 41.67 41.67 41.7 41.7 41.68 41.68 41.68 41.7 41.74 41.77 41.79 41.75 41.73 41.69 41.66 41.64 41.64 41.63 41.66 41.71 41.73 41.79 41.84 41.85 41.85 41.84 41.81 41.73 41.75 41.81 41.88 41.91 41.91 41.91 41.89 41.88 41.85 41.82 41.81 41.83 41.89 41.94 41.97
41.88 41.87 41.84 41.8 41.76 41.74 41.69 41.64 41.63 41.64 41.65 41.66 41.66 41.68 41.77 41.88 41.9 41.83 41.75 41.73 41.72 41.73 41.83 41.95 41.98 41.97 41.84 41.73 41.7 41.69 41.71 41.7 41.7 41.71 41.67 41.64 41.66 41.7 41.72 41.69 41.7 41.71 41.71 41.74 41.79 41.83 41.83 41.82 41.75 41.68 41.66 41.65 41.64 41.67 41.72 41.75 41.8 41.88 41.91 41.87 41.79 41.71 41.65 41.7 41.77 41.84 41.88 41.91 41.9 41.88 41.87 41.82 41.78 41.79 41.83 41.89 41.94 41.97
41.89 41.86 41.81 41.77 41.74 41.73 41.68 41.64 41.62 41.62 41.63 41.64 41.64 41.65 41.72 41.85 41.9 41.89 41.84 41.82 41.8 41.79 41.88 41.99 42.01 41.99 41.87 41.74 41.72 41.69 41.69 41.7 41.7 41.7 41.65 41.6 41.63 41.69 41.71 41.71 41.71 41.72 41.73 41.75 41.81 41.85 41.86 41.84 41.77 41.7 41.69 41.69 41.71 41.74 41.77 41.78 41.83 41.88 41.91 41.88 41.76 41.69 41.68 41.71 41.79 41.86 41.89 41.93 41.89 41.87 41.85 41.81 41.76 41.79 41.84 41.9 41.94 41.98
41.93 41.88 41.82 41.79 41.76 41.74 41.7 41.66 41.64 41.64 41.63 41.63 41.63 41.63 41.67 41.78 41.82 41.91 41.92 41.89 41.87 41.84 41.92 41.98 41.98 41.96 41.88 41.76 41.73 41.7 41.71 41.73 41.73 41.7 41.64 41.59 41.61 41.65 41.7 41.71 41.72 41.73 41.75 41.75 41.79 41.83 41.83 41.82 41.8 41.76 41.76 41.75 41.77 41.78 41.8 41.81 41.84 41.86 41.87 41.84 41.77 41.73 41.73 41.76 41.83 41.89 41.91 41.95 41.88 41.86 41.85 41.8 41.76 41.81 41.86 41.92 41.97 42.01
41.93 41.89 41.83 41.82 41.8 41.78 41.73 41.7 41.69 41.68 41.67 41.66 41.65 41.64 41.64 41.71 41.76 41.89 41.95 41.93 41.92 41.88 41.91 41.86 41.87 41.87 41.87 41.78 41.75 41.72 41.75 41.78 41.77 41.7 41.63 41.6 41.57 41.62 41.67 41.69 41.73 41.74 41.71 41.71 41.74 41.79 41.82 41.82 41.81 41.79 41.79 41.78 41.79 41.8 41.81 41.82 41.83 41.84 41.82 41.8 41.78 41.78 41.78 41.8 41.87 41.92 41.93 41.97 41.91 41.87 41.87 41.84 41.78 41.82 41.87 41.97 42.02 42.06
41.9 41.87 41.83 41.82 41.83 41.81 41.76 41.74 41.73 41.73 41.71 41.7 41.7 41.68 41.69 41.72 41.75 41.87 41.92 41.94 41.9 41.9 41.91 41.88 41.87 41.83 41.8 41.79 41.76 41.75 41.78 41.79 41.79 41.72 41.64 41.61 41.55 41.57 41.62 41.66 41.72 41.69 41.65 41.67 41.71 41.76 41.8 41.83 41.8 41.77 41.77 41.77 41.8 41.81 41.8 41.8 41.81 41.79 41.78 41.77 41.77 41.81 41.81 41.84 41.89 41.93 41.94 41.99 42.02 41.95 41.94 41.87 41.79 41.83 41.88 41.96 42.03 42.08
41.89 41.85 41.81 41.8 41.84 41.83 41.8 41.79 41.78 41.77 41.76 41.75 41.74 41.73 41.75 41.77 41.79 41.86 41.91 41.93 41.87 41.88 41.94 41.91 41.89 41.83 41.79 41.75 41.75 41.77 41.78 41.79 41.79 41.75 41.7 41.67 41.61 41.6 41.62 41.66 41.7 41.65 41.62 41.64 41.68 41.72 41.75 41.78 41.78 41.74 41.74 41.75 41.79 41.81 41.81 41.8 41.76 41.74 41.75 41.77 41.77 41.77 41.79 41.85 41.88 41.9 41.92 41.97 42.01 42.01 41.97 41.87 41.8 41.82 41.85 41.92 41.99 42.02
41.9 41.86 41.81 41.77 41.79 41.84 41.84 41.83 41.82 41.81 41.8 41.79 41.78 41.79 41.81 41.84 41.85 41.87 41.95 41.95 41.91 41.91 41.96 41.91 41.87 41.8 41.75 41.73 41.75 41.76 41.78 41.79 41.78 41.75 41.72 41.72 41.71 41.69 41.68 41.69 41.7 41.65 41.62 41.63 41.66 41.68 41.68 41.7 41.76 41.75 41.75 41.75 41.79 41.81 41.81 41.8 41.76 41.76 41.75 41.77 41.78 41.73 41.76 41.8 41.83 41.88 41.9 41.96 41.99 41.97 41.93 41.85 41.8 41.8 41.8 41.86 41.91 41.9
41.92 41.86 41.8 41.75 41.77 41.8 41.81 41.81 41.82 41.85 41.85 41.84 41.83 41.84 41.83 41.83 41.82 41.84 41.96 41.94 41.91 41.9 41.83 41.81 41.76 41.74 41.73 41.73 41.75 41.75 41.78 41.78 41.77 41.74 41.69 41.71 41.74 41.75 41.76 41.75 41.73 41.68 41.64 41.64 41.65 41.62 41.58 41.61 41.69 41.72 41.72 41.74 41.78 41.8 41.81 41.8 41.79 41.8 41.79 41.78 41.78 41.74 41.74 41.77 41.81 41.86 41.89 41.94 41.95 41.93 41.89 41.84 41.82 41.81 41.78 41.78 41.81 41.8
42.01 41.91 41.81 41.72 41.73 41.76 41.79 41.8 41.81 41.83 41.86 41.88 41.84 41.8 41.78 41.77 41.76 41.8 41.88 41.88 41.86 41.83 41.74 41.72 41.69 41.71 41.73 41.74 41.76 41.74 41.78 41.78 41.78 41.73 41.67 41.69 41.73 41.77 41.78 41.79 41.77 41.72 41.67 41.64 41.61 41.58 41.56 41.54 41.64 41.68 41.69 41.72 41.76 41.8 41.81 41.83 41.83 41.84 41.83 41.83 41.81 41.79 41.78 41.77 41.81 41.84 41.9 41.97 41.94 41.92 41.88 41.85 41.84 41.83 41.8 41.77 41.77 41.77
42.06 41.97 41.86 41.76 41.76 41.78 41.81 41.81 41.81 41.82 41.85 41.86 41.81 41.77 41.72 41.69 41.69 41.76 41.79 41.8 41.79 41.74 41.69 41.67 41.68 41.71 41.74 41.74 41.76 41.75 41.78 41.81 41.79 41.7 41.65 41.66 41.71 41.75 41.79 41.81 41.8 41.75 41.71 41.62 41.58 41.53 41.51 41.46 41.54 41.58 41.6 41.65 41.75 41.81 41.82 41.86 41.89 41.89 41.88 41.86 41.87 41.83 41.79 41.79 41.81 41.83 41.88 41.96 41.96 41.95 41.92 41.89 41.86 41.85 41.82 41.81 41.8 41.8
42.08 42.02 41.91 41.77 41.78 41.81 41.83 41.84 41.84 41.84 41.79 41.78 41.78 41.75 41.7 41.67 41.66 41.73 41.73 41.73 41.72 41.69 41.66 41.65 41.67 41.72 41.74 41.75 41.76 41.77 41.81 41.84 41.78 41.68 41.63 41.65 41.69 41.73 41.76 41.78 41.77 41.69 41.66 41.59 41.53 41.5 41.47 41.41 41.46 41.49 41.51 41.61 41.75 41.81 41.83 41.88 41.88 41.86 41.86 41.84 41.84 41.81 41.78 41.79 41.81 41.81 41.84 41.91 41.94 41.94 41.95 41.94 41.89 41.88 41.85 41.84 41.83 41.82
42.08 42.07 41.94 41.81 41.83 41.85 41.85 41.86 41.86 41.84 41.72 41.71 41.75 41.76 41.72 41.7 41.65 41.68 41.68 41.68 41.69 41.66 41.64 41.63 41.67 41.71 41.74 41.76 41.77 41.78 41.83 41.82 41.78 41.65 41.61 41.63 41.67 41.7 41.7 41.68 41.62 41.59 41.6 41.57 41.51 41.45 41.43 41.37 41.37 41.41 41.46 41.6 41.75 41.81 41.83 41.86 41.85 41.84 41.84 41.83 41.81 41.79 41.77 41.78 41.79 41.8 41.82 41.85 41.87 41.88 41.94 41.96 41.92 41.91 41.86 41.84 41.83 41.83
42.23 42.17 42.01 41.88 41.87 41.89 41.88 41.88 41.87 41.79 41.65 41.68 41.74 41.78 41.74 41.72 41.66 41.65 41.67 41.68 41.71 41.67 41.62 41.62 41.66 41.71 41.74 41.74 41.76 41.77 41.79 41.76 41.71 41.64 41.62 41.61 41.62 41.59 41.58 41.55 41.51 41.54 41.57 41.59 41.53 41.46 41.45 41.39 41.38 41.45 41.51 41.61 41.74 41.8 41.82 41.85 41.84 41.84 41.84 41.83 41.79 41.78 41.75 41.76 41.77 41.77 41.79 41.82 41.84 41.84 41.87 41.93 41.91 41.9 41.89 41.85 41.8 41.82
42.41 42.3 42.12 41.98 41.93 41.91 41.93 41.92 41.89 41.76 41.64 41.67 41.74 41.79 41.78 41.76 41.7 41.68 41.71 41.72 41.73 41.68 41.61 41.6 41.65 41.7 41.72 41.73 41.75 41.76 41.74 41.7 41.64 41.59 41.58 41.55 41.53 41.51 41.5 41.48 41.47 41.53 41.57 41.62 41.6 41.52 41.5 41.45 41.45 41.53 41.6 41.69 41.73 41.77 41.78 41.83 41.84 41.84 41.84 41.81 41.75 41.74 41.74 41.75 41.76 41.76 41.77 41.79 41.8 41.79 41.81 41.85 41.85 41.84 41.87 41.85 41.79 41.77
42.5 42.4 42.26 42.15 42.02 41.97 42 41.99 41.92 41.83 41.68 41.69 41.74 41.8 41.79 41.78 41.75 41.73 41.74 41.75 41.76 41.72 41.64 41.62 41.65 41.69 41.7 41.72 41.74 41.71 41.7 41.65 41.6 41.56 41.56 41.55 41.53 41.54 41.55 41.56 41.56 41.57 41.59 41.63 41.65 41.58 41.55 41.52 41.54 41.61 41.68 41.77 41.73 41.73 41.75 41.8 41.83 41.83 41.82 41.79 41.72 41.72 41.73 41.73 41.74 41.75 41.75 41.77 41.76 41.76 41.75 41.77 41.78 41.8 41.85 41.87 41.84 41.77
42.62 42.55 42.44 42.36 42.17 42.06 42.07 42.06 41.97 41.86 41.78 41.75 41.74 41.8 41.8 41.79 41.79 41.77 41.78 41.78 41.78 41.77 41.7 41.68 41.71 41.73 41.75 41.77 41.77 41.7 41.68 41.62 41.58 41.57 41.58 41.58 41.6 41.62 41.64 41.66 41.66 41.64 41.64 41.65 41.67 41.62 41.61 41.6 41.62 41.68 41.73 41.76 41.73 41.72 41.75 41.8 41.82 41.82 41.81 41.76 41.7 41.71 41.72 41.73 41.74 41.75 41.79 41.83 41.77 41.77 41.76 41.77 41.78 41.81 41.86 41.87 41.85 41.8
42.83 42.78 42.69 42.6 42.39 42.22 42.21 42.15 42.02 41.91 41.83 41.79 41.77 41.79 41.83 41.85 41.86 41.84 41.82 41.81 41.8 41.82 41.78 41.75 41.77 41.8 41.83 41.87 41.83 41.73 41.68 41.6 41.56 41.57 41.58 41.61 41.66 41.69 41.71 41.74 41.74 41.72 41.71 41.69 41.69 41.67 41.67 41.69 41.71 41.73 41.78 41.76 41.73 41.73 41.74 41.78 41.83 41.83 41.81 41.78 41.73 41.73 41.73 41.74 41.75 41.78 41.85 41.86 41.8 41.79 41.78 41.78 41.79 41.82 41.86 41.86 41.85 41.84
