slabs/32.grd
DSAA
631 301
643890 644520
4946300 4946600
37.99 49.8
[rows 102 to 135 of 300, columns 546 to 623 of 631]
42.44 42.38 42.39 42.41 42.42 42.42 42.42 42.42 42.46 42.4 42.54 42.6 42.63 42.59 42.48 42.51 42.49 42.5 42.49 42.45 42.38 42.39 42.41 42.47 42.49 42.52 42.5 42.49 42.53 42.5 42.51 42.47 42.41 42.34 42.34 42.38 42.39 42.33 42.3 42.24 42.25 42.25 42.21 42.2 42.22 42.23 42.28 42.28 42.22 42.24 42.23 42.25 42.22 42.24 42.26 42.19 42.13 42.14 42.19 42.23 42.22 42.19 42.22 42.31 42.3 42.24 42.19 42.18 42.21 42.24 42.28 42.31 42.31 42.22 42.22 42.22 42.23 42.21
42.43 42.38 42.37 42.39 42.41 42.44 42.42 42.42 42.47 42.44 42.53 42.6 42.58 42.51 42.52 42.51 42.48 42.5 42.46 42.42 42.44 42.38 42.39 42.44 42.45 42.42 42.46 42.5 42.52 42.44 42.47 42.43 42.4 42.37 42.35 42.35 42.38 42.37 42.33 42.25 42.22 42.23 42.21 42.19 42.22 42.23 42.28 42.3 42.23 42.26 42.26 42.24 42.24 42.23 42.24 42.19 42.14 42.16 42.21 42.25 42.25 42.24 42.2 42.29 42.28 42.23 42.2 42.2 42.21 42.22 42.3 42.34 42.31 42.22 42.17 42.22 42.22 42.25
42.43 42.39 42.36 42.37 42.41 42.44 42.42 42.43 42.48 42.44 42.47 42.53 42.52 42.44 42.45 42.5 42.47 42.49 42.47 42.43 42.45 42.43 42.42 42.46 42.42 42.45 42.49 42.52 42.48 42.42 42.43 42.4 42.38 42.36 42.36 42.37 42.39 42.4 42.36 42.27 42.22 42.23 42.21 42.22 42.24 42.28 42.31 42.32 42.25 42.26 42.25 42.25 42.26 42.24 42.22 42.18 42.16 42.2 42.21 42.25 42.24 42.2 42.16 42.25 42.24 42.19 42.22 42.23 42.22 42.19 42.27 42.32 42.29 42.22 42.17 42.17 42.19 42.2
42.44 42.41 42.37 42.38 42.37 42.38 42.42 42.42 42.45 42.47 42.43 42.45 42.51 42.43 42.44 42.45 42.49 42.47 42.46 42.44 42.44 42.4 42.4 42.45 42.46 42.48 42.48 42.49 42.44 42.43 42.42 42.38 42.39 42.37 42.35 42.37 42.38 42.4 42.38 42.31 42.26 42.26 42.22 42.23 42.27 42.32 42.37 42.35 42.29 42.27 42.26 42.3 42.25 42.23 42.2 42.12 42.16 42.2 42.21 42.22 42.2 42.19 42.16 42.16 42.18 42.22 42.3 42.23 42.21 42.17 42.23 42.31 42.29 42.22 42.23 42.18 42.19 42.2
42.46 42.41 42.4 42.39 42.37 42.4 42.42 42.43 42.47 42.5 42.44 42.43 42.47 42.44 42.43 42.44 42.48 42.48 42.46 42.45 42.42 42.42 42.4 42.4 42.47 42.47 42.47 42.5 42.43 42.44 42.43 42.4 42.41 42.4 42.35 42.35 42.37 42.38 42.38 42.37 42.31 42.31 42.25 42.24 42.26 42.31 42.37 42.36 42.3 42.29 42.3 42.31 42.28 42.23 42.19 42.16 42.18 42.23 42.2 42.14 42.12 42.14 42.16 42.15 42.19 42.26 42.23 42.23 42.18 42.19 42.24 42.28 42.26 42.23 42.23 42.19 42.19 42.23
42.43 42.41 42.4 42.38 42.4 42.4 42.41 42.42 42.45 42.48 42.45 42.45 42.56 42.45 42.44 42.43 42.46 42.47 42.46 42.44 42.48 42.46 42.41 42.38 42.44 42.43 42.47 42.54 42.41 42.41 42.43 42.44 42.47 42.45 42.38 42.36 42.36 42.37 42.36 42.42 42.38 42.38 42.29 42.27 42.27 42.3 42.31 42.32 42.35 42.32 42.32 42.38 42.33 42.21 42.17 42.2 42.21 42.24 42.2 42.18 42.16 42.13 42.18 42.19 42.23 42.31 42.27 42.24 42.25 42.19 42.25 42.23 42.24 42.27 42.22 42.2 42.18 42.21
42.42 42.42 42.41 42.38 42.41 42.41 42.41 42.41 42.43 42.46 42.44 42.46 42.64 42.54 42.52 42.47 42.49 42.52 42.5 42.47 42.48 42.48 42.43 42.42 42.43 42.43 42.47 42.52 42.41 42.42 42.44 42.46 42.51 42.48 42.41 42.4 42.34 42.35 42.4 42.5 42.37 42.37 42.3 42.28 42.27 42.3 42.34 42.36 42.36 42.32 42.3 42.3 42.26 42.19 42.2 42.17 42.2 42.21 42.16 42.17 42.16 42.13 42.21 42.24 42.25 42.37 42.34 42.27 42.26 42.21 42.23 42.21 42.23 42.26 42.23 42.22 42.19 42.16
42.4 42.35 42.37 42.36 42.38 42.38 42.39 42.41 42.41 42.43 42.41 42.41 42.56 42.55 42.54 42.48 42.49 42.52 42.51 42.49 42.44 42.47 42.43 42.45 42.44 42.45 42.48 42.5 42.48 42.47 42.44 42.45 42.44 42.41 42.43 42.45 42.41 42.4 42.41 42.49 42.37 42.33 42.25 42.24 42.25 42.28 42.34 42.37 42.38 42.34 42.25 42.26 42.24 42.19 42.21 42.21 42.22 42.23 42.2 42.21 42.19 42.15 42.22 42.26 42.24 42.37 42.36 42.3 42.23 42.23 42.23 42.24 42.24 42.25 42.23 42.23 42.21 42.17
42.4 42.39 42.39 42.39 42.34 42.39 42.39 42.41 42.4 42.4 42.41 42.38 42.47 42.53 42.54 42.48 42.44 42.46 42.48 42.51 42.45 42.44 42.41 42.4 42.43 42.43 42.49 42.57 42.5 42.47 42.42 42.41 42.41 42.42 42.44 42.44 42.4 42.38 42.37 42.44 42.42 42.38 42.32 42.27 42.26 42.26 42.31 42.32 42.34 42.35 42.24 42.25 42.26 42.24 42.23 42.23 42.24 42.24 42.24 42.23 42.21 42.16 42.19 42.21 42.23 42.33 42.38 42.33 42.23 42.22 42.25 42.27 42.27 42.28 42.23 42.22 42.21 42.2
42.39 42.41 42.41 42.4 42.33 42.4 42.39 42.39 42.37 42.4 42.41 42.39 42.46 42.54 42.56 42.49 42.4 42.39 42.45 42.52 42.49 42.46 42.42 42.42 42.45 42.42 42.44 42.53 42.61 42.54 42.44 42.44 42.44 42.46 42.45 42.46 42.39 42.43 42.45 42.47 42.44 42.4 42.33 42.26 42.24 42.26 42.3 42.33 42.33 42.33 42.27 42.31 42.32 42.31 42.25 42.25 42.25 42.25 42.27 42.24 42.22 42.19 42.14 42.16 42.21 42.3 42.4 42.38 42.3 42.25 42.25 42.26 42.26 42.28 42.27 42.26 42.24 42.2
42.37 42.4 42.41 42.4 42.35 42.38 42.38 42.36 42.37 42.39 42.39 42.4 42.45 42.51 42.57 42.49 42.4 42.41 42.44 42.47 42.5 42.48 42.44 42.43 42.49 42.45 42.39 42.52 42.67 42.58 42.4 42.45 42.43 42.48 42.49 42.45 42.42 42.41 42.43 42.47 42.48 42.44 42.39 42.34 42.29 42.23 42.31 42.34 42.33 42.34 42.29 42.35 42.33 42.32 42.27 42.27 42.27 42.26 42.28 42.27 42.24 42.19 42.13 42.16 42.21 42.26 42.41 42.41 42.34 42.28 42.28 42.27 42.23 42.22 42.27 42.28 42.21 42.17
42.38 42.38 42.39 42.42 42.38 42.33 42.35 42.36 42.38 42.36 42.37 42.39 42.34 42.41 42.49 42.48 42.48 42.45 42.46 42.51 42.44 42.45 42.46 42.43 42.43 42.44 42.42 42.43 42.51 42.5 42.44 42.45 42.44 42.47 42.49 42.45 42.43 42.46 42.5 42.45 42.48 42.49 42.44 42.39 42.33 42.24 42.32 42.33 42.32 42.32 42.3 42.33 42.3 42.33 42.28 42.28 42.26 42.23 42.27 42.28 42.24 42.17 42.15 42.18 42.23 42.27 42.38 42.4 42.32 42.22 42.3 42.27 42.22 42.21 42.25 42.27 42.24 42.2
42.38 42.35 42.37 42.41 42.37 42.32 42.32 42.34 42.34 42.34 42.38 42.39 42.34 42.37 42.51 42.53 42.5 42.47 42.46 42.48 42.48 42.46 42.41 42.46 42.49 42.48 42.44 42.42 42.45 42.48 42.44 42.39 42.42 42.49 42.49 42.48 42.46 42.5 42.54 42.46 42.48 42.5 42.45 42.44 42.39 42.31 42.32 42.3 42.3 42.29 42.32 42.28 42.3 42.32 42.27 42.26 42.23 42.22 42.29 42.3 42.29 42.22 42.17 42.18 42.27 42.28 42.37 42.41 42.37 42.25 42.29 42.27 42.2 42.23 42.25 42.28 42.29 42.2
42.35 42.36 42.36 42.41 42.38 42.37 42.34 42.32 42.34 42.35 42.34 42.38 42.41 42.41 42.49 42.51 42.5 42.51 42.48 42.48 42.55 42.51 42.43 42.48 42.49 42.45 42.42 42.42 42.45 42.45 42.44 42.38 42.42 42.47 42.44 42.5 42.5 42.51 42.52 42.51 42.51 42.5 42.45 42.48 42.45 42.38 42.31 42.27 42.28 42.33 42.29 42.27 42.28 42.3 42.22 42.21 42.22 42.21 42.31 42.32 42.3 42.24 42.21 42.21 42.24 42.27 42.26 42.32 42.32 42.28 42.31 42.27 42.23 42.24 42.25 42.27 42.28 42.28
42.38 42.34 42.37 42.42 42.43 42.4 42.34 42.36 42.35 42.35 42.35 42.39 42.38 42.39 42.5 42.54 42.53 42.53 42.5 42.51 42.53 42.51 42.47 42.49 42.48 42.46 42.46 42.44 42.45 42.43 42.44 42.4 42.42 42.46 42.44 42.49 42.49 42.51 42.48 42.54 42.51 42.49 42.46 42.48 42.46 42.39 42.27 42.28 42.27 42.29 42.23 42.21 42.26 42.31 42.26 42.23 42.23 42.25 42.27 42.28 42.31 42.27 42.23 42.23 42.27 42.28 42.27 42.28 42.3 42.29 42.28 42.26 42.23 42.23 42.25 42.25 42.28 42.3
42.41 42.39 42.37 42.39 42.41 42.39 42.34 42.33 42.34 42.35 42.34 42.37 42.38 42.38 42.46 42.62 42.53 42.53 42.49 42.54 42.54 42.52 42.54 42.49 42.47 42.46 42.47 42.44 42.44 42.44 42.43 42.42 42.44 42.5 42.49 42.47 42.46 42.49 42.48 42.5 42.47 42.44 42.44 42.46 42.44 42.36 42.27 42.28 42.27 42.34 42.25 42.22 42.24 42.31 42.3 42.3 42.28 42.24 42.29 42.27 42.29 42.27 42.22 42.25 42.3 42.32 42.34 42.31 42.29 42.36 42.32 42.29 42.25 42.23 42.25 42.26 42.28 42.31
42.42 42.4 42.36 42.39 42.41 42.38 42.33 42.34 42.32 42.33 42.32 42.33 42.39 42.38 42.39 42.54 42.51 42.52 42.52 42.58 42.58 42.54 42.53 42.5 42.48 42.43 42.44 42.46 42.45 42.46 42.42 42.45 42.46 42.5 42.51 42.49 42.47 42.49 42.53 42.48 42.44 42.44 42.45 42.42 42.44 42.38 42.23 42.24 42.23 42.32 42.27 42.26 42.25 42.27 42.33 42.34 42.3 42.28 42.27 42.24 42.27 42.27 42.25 42.26 42.3 42.34 42.35 42.33 42.33 42.41 42.37 42.32 42.3 42.25 42.26 42.26 42.3 42.32
42.39 42.37 42.33 42.34 42.37 42.36 42.32 42.3 42.34 42.32 42.3 42.3 42.36 42.37 42.36 42.45 42.47 42.53 42.59 42.58 42.55 42.52 42.48 42.52 42.5 42.44 42.42 42.48 42.49 42.47 42.44 42.48 42.48 42.47 42.47 42.52 42.5 42.51 42.53 42.49 42.44 42.43 42.4 42.4 42.41 42.35 42.26 42.24 42.21 42.21 42.27 42.28 42.25 42.24 42.29 42.33 42.31 42.26 42.3 42.28 42.33 42.33 42.27 42.28 42.31 42.33 42.34 42.36 42.38 42.44 42.38 42.31 42.3 42.27 42.27 42.28 42.33 42.31
42.38 42.37 42.35 42.32 42.37 42.35 42.32 42.28 42.33 42.31 42.31 42.3 42.35 42.37 42.38 42.4 42.45 42.53 42.59 42.52 42.49 42.49 42.47 42.53 42.52 42.45 42.44 42.49 42.47 42.45 42.51 42.53 42.48 42.45 42.46 42.54 42.53 42.54 42.57 42.59 42.56 42.49 42.41 42.39 42.43 42.41 42.34 42.29 42.19 42.2 42.3 42.29 42.24 42.22 42.3 42.32 42.31 42.27 42.29 42.29 42.34 42.38 42.31 42.3 42.3 42.36 42.37 42.38 42.35 42.43 42.39 42.28 42.25 42.27 42.25 42.29 42.33 42.3
42.4 42.38 42.35 42.31 42.35 42.34 42.32 42.29 42.28 42.31 42.32 42.29 42.34 42.37 42.39 42.38 42.44 42.53 42.52 42.48 42.47 42.47 42.46 42.53 42.5 42.47 42.57 42.55 42.51 42.5 42.51 42.53 42.49 42.44 42.46 42.5 42.5 42.51 42.5 42.56 42.61 42.51 42.42 42.43 42.46 42.43 42.42 42.34 42.22 42.21 42.29 42.29 42.22 42.25 42.28 42.31 42.31 42.32 42.3 42.28 42.32 42.4 42.37 42.33 42.28 42.38 42.38 42.34 42.32 42.38 42.4 42.32 42.23 42.24 42.21 42.24 42.28 42.29
42.39 42.37 42.34 42.3 42.32 42.33 42.34 42.3 42.28 42.31 42.32 42.28 42.3 42.35 42.36 42.38 42.43 42.51 42.51 42.51 42.48 42.44 42.51 42.56 42.52 42.52 42.62 42.6 42.58 42.54 42.52 42.51 42.51 42.42 42.47 42.46 42.43 42.5 42.5 42.54 42.56 42.54 42.45 42.46 42.48 42.42 42.42 42.35 42.26 42.2 42.23 42.25 42.24 42.3 42.29 42.33 42.36 42.34 42.32 42.28 42.3 42.38 42.37 42.35 42.33 42.32 42.34 42.31 42.33 42.35 42.41 42.39 42.26 42.29 42.28 42.33 42.22 42.3
42.37 42.35 42.33 42.31 42.31 42.33 42.33 42.31 42.29 42.28 42.31 42.32 42.31 42.37 42.36 42.35 42.39 42.49 42.49 42.57 42.5 42.44 42.51 42.63 42.58 42.53 42.53 42.54 42.56 42.52 42.49 42.5 42.53 42.44 42.48 42.49 42.52 42.56 42.49 42.51 42.54 42.51 42.46 42.47 42.47 42.44 42.43 42.36 42.27 42.2 42.18 42.22 42.28 42.36 42.34 42.36 42.36 42.34 42.31 42.25 42.25 42.32 42.33 42.3 42.27 42.3 42.31 42.31 42.36 42.34 42.35 42.37 42.3 42.31 42.31 42.36 42.29 42.28
42.34 42.33 42.34 42.31 42.31 42.33 42.31 42.31 42.29 42.27 42.3 42.3 42.31 42.32 42.38 42.4 42.44 42.49 42.45 42.53 42.5 42.46 42.5 42.6 42.58 42.48 42.51 42.52 42.56 42.54 42.56 42.56 42.55 42.51 42.53 42.55 42.58 42.57 42.51 42.52 42.54 42.49 42.45 42.45 42.43 42.47 42.46 42.39 42.28 42.23 42.2 42.23 42.31 42.4 42.37 42.33 42.31 42.36 42.33 42.25 42.26 42.3 42.33 42.34 42.31 42.3 42.3 42.28 42.31 42.31 42.32 42.36 42.28 42.29 42.3 42.3 42.26 42.27
42.31 42.31 42.34 42.33 42.31 42.31 42.33 42.32 42.29 42.27 42.29 42.3 42.3 42.34 42.41 42.38 42.43 42.55 42.57 42.55 42.53 42.49 42.46 42.53 42.53 42.5 42.53 42.53 42.54 42.55 42.6 42.58 42.53 42.56 42.58 42.59 42.6 42.58 42.54 42.53 42.54 42.52 42.47 42.44 42.43 42.45 42.48 42.41 42.32 42.29 42.28 42.26 42.32 42.37 42.36 42.31 42.31 42.42 42.38 42.28 42.31 42.36 42.37 42.36 42.32 42.31 42.31 42.29 42.34 42.37 42.34 42.35 42.35 42.34 42.33 42.3 42.24 42.27
42.33 42.34 42.32 42.31 42.29 42.28 42.3 42.35 42.31 42.27 42.28 42.31 42.29 42.31 42.38 42.39 42.44 42.53 42.58 42.58 42.56 42.54 42.46 42.49 42.51 42.54 42.54 42.55 42.55 42.54 42.57 42.56 42.52 42.55 42.58 42.57 42.58 42.6 42.56 42.53 42.52 42.55 42.52 42.49 42.47 42.47 42.51 42.45 42.37 42.37 42.33 42.26 42.3 42.29 42.31 42.3 42.35 42.35 42.33 42.29 42.33 42.31 42.34 42.33 42.35 42.36 42.33 42.31 42.32 42.33 42.33 42.38 42.34 42.32 42.3 42.33 42.27 42.29
42.35 42.31 42.29 42.29 42.29 42.26 42.29 42.32 42.31 42.28 42.29 42.3 42.29 42.3 42.35 42.37 42.38 42.41 42.49 42.53 42.59 42.55 42.46 42.47 42.52 42.56 42.56 42.56 42.54 42.53 42.53 42.53 42.53 42.54 42.58 42.55 42.54 42.62 42.6 42.55 42.52 42.56 42.57 42.54 42.47 42.5 42.51 42.49 42.42 42.34 42.33 42.29 42.33 42.34 42.33 42.29 42.29 42.28 42.3 42.32 42.3 42.28 42.29 42.29 42.34 42.35 42.31 42.32 42.28 42.3 42.32 42.35 42.28 42.25 42.3 42.35 42.26 42.28
42.35 42.33 42.29 42.27 42.27 42.27 42.3 42.33 42.3 42.26 42.28 42.31 42.3 42.31 42.33 42.36 42.37 42.38 42.52 42.54 42.56 42.52 42.48 42.5 42.56 42.55 42.59 42.56 42.5 42.53 42.52 42.53 42.56 42.56 42.61 42.56 42.54 42.6 42.59 42.55 42.51 42.58 42.59 42.57 42.48 42.49 42.5 42.54 42.46 42.43 42.37 42.29 42.27 42.33 42.3 42.26 42.32 42.29 42.29 42.31 42.31 42.29 42.27 42.3 42.34 42.35 42.35 42.32 42.3 42.31 42.3 42.33 42.28 42.25 42.28 42.31 42.24 42.26
42.33 42.32 42.29 42.29 42.29 42.27 42.29 42.27 42.29 42.25 42.26 42.3 42.31 42.32 42.31 42.35 42.38 42.4 42.59 42.59 42.55 42.5 42.51 42.55 42.6 42.57 42.57 42.54 42.51 42.52 42.51 42.53 42.57 42.54 42.55 42.53 42.51 42.54 42.57 42.6 42.59 42.66 42.65 42.59 42.5 42.42 42.44 42.5 42.45 42.39 42.37 42.28 42.26 42.3 42.27 42.23 42.28 42.26 42.29 42.31 42.38 42.35 42.29 42.31 42.33 42.33 42.36 42.32 42.31 42.31 42.32 42.34 42.31 42.3 42.25 42.27 42.28 42.28
42.36 42.32 42.29 42.28 42.3 42.27 42.25 42.27 42.27 42.25 42.23 42.27 42.3 42.32 42.3 42.32 42.37 42.36 42.54 42.56 42.56 42.53 42.53 42.53 42.56 42.54 42.51 42.53 42.58 42.49 42.49 42.52 42.53 42.54 42.57 42.52 42.5 42.58 42.61 42.65 42.59 42.6 42.57 42.53 42.49 42.42 42.44 42.44 42.42 42.37 42.35 42.27 42.24 42.26 42.25 42.23 42.27 42.3 42.33 42.33 42.38 42.37 42.33 42.3 42.31 42.32 42.34 42.32 42.29 42.31 42.37 42.37 42.3 42.3 42.26 42.28 42.33 42.29
42.34 42.32 42.3 42.28 42.29 42.28 42.23 42.27 42.27 42.26 42.24 42.25 42.28 42.32 42.3 42.31 42.34 42.34 42.4 42.48 42.57 42.56 42.55 42.53 42.48 42.51 42.53 42.58 42.66 42.45 42.4 42.45 42.63 42.61 42.62 42.59 42.48 42.6 42.62 42.66 42.58 42.56 42.53 42.5 42.47 42.41 42.41 42.45 42.38 42.35 42.35 42.3 42.23 42.2 42.22 42.25 42.27 42.31 42.34 42.34 42.37 42.35 42.33 42.29 42.29 42.31 42.36 42.3 42.28 42.31 42.38 42.37 42.32 42.33 42.34 42.32 42.34 42.29
42.31 42.33 42.3 42.27 42.28 42.27 42.24 42.26 42.28 42.28 42.26 42.27 42.28 42.32 42.32 42.32 42.35 42.35 42.35 42.46 42.59 42.59 42.47 42.47 42.45 42.48 42.51 42.54 42.62 42.5 42.48 42.52 42.69 42.64 42.65 42.59 42.51 42.54 42.58 42.63 42.56 42.51 42.5 42.49 42.44 42.4 42.43 42.48 42.38 42.4 42.37 42.31 42.23 42.18 42.2 42.25 42.25 42.27 42.31 42.34 42.39 42.35 42.33 42.32 42.25 42.31 42.37 42.29 42.31 42.31 42.4 42.38 42.29 42.28 42.31 42.33 42.33 42.29
42.32 42.32 42.29 42.27 42.28 42.26 42.26 42.27 42.27 42.26 42.24 42.25 42.3 42.29 42.34 42.31 42.34 42.34 42.37 42.47 42.56 42.51 42.44 42.49 42.47 42.5 42.55 42.59 42.6 42.51 42.5 42.51 42.63 42.68 42.66 42.58 42.54 42.57 42.64 42.67 42.61 42.5 42.49 42.49 42.44 42.41 42.44 42.47 42.41 42.44 42.39 42.3 42.22 42.21 42.2 42.23 42.24 42.26 42.33 42.33 42.33 42.31 42.38 42.33 42.26 42.31 42.36 42.31 42.36 42.34 42.35 42.38 42.41 42.37 42.33 42.28 42.31 42.35
42.33 42.3 42.29 42.29 42.28 42.27 42.26 42.25 42.26 42.24 42.22 42.24 42.3 42.29 42.33 42.31 42.31 42.36 42.36 42.4 42.47 42.44 42.44 42.47 42.5 42.46 42.49 42.59 42.57 42.57 42.6 42.54 42.5 42.6 42.61 42.59 42.55 42.6 42.65 42.64 42.57 42.51 42.49 42.49 42.46 42.42 42.42 42.43 42.41 42.42 42.41 42.31 42.23 42.21 42.21 42.27 42.23 42.24 42.32 42.34 42.33 42.32 42.35 42.37 42.28 42.29 42.35 42.31 42.36 42.35 42.31 42.37 42.38 42.34 42.3 42.26 42.29 42.35
42.34 42.33 42.29 42.3 42.28 42.23 42.23 42.23 42.24 42.27 42.26 42.27 42.29 42.28 42.33 42.31 42.3 42.34 42.33 42.35 42.42 42.51 42.5 42.5 42.52 42.52 42.52 42.59 42.61 42.62 42.62 42.57 42.52 42.58 42.6 42.59 42.56 42.6 42.59 42.53 42.49 42.52 42.5 42.49 42.48 42.43 42.43 42.41 42.39 42.42 42.43 42.32 42.25 42.23 42.2 42.25 42.24 42.23 42.33 42.33 42.38 42.33 42.28 42.31 42.31 42.3 42.33 42.26 42.28 42.26 42.26 42.33 42.37 42.36 42.28 42.32 42.34 42.37
