slabs/33.grd
DSAA
631 301
643890 644520
4946600 4946900
36.38 49.52
[rows 0 to 33 of 301, columns 546 to 623 of 631]
42.06 42.06 42.08 42.08 42.1 42.08 42.06 42.05 42.05 42.05 42.04 42.06 42.08 42.13 42.15 42.18 42.15 42.08 42.04 42.08 42.06 42.05 42.06 42.07 42.07 42.04 42.03 41.98 42.01 42.05 42.04 42 41.99 41.98 42.03 42.01 42 41.98 41.97 42 42.04 42.04 41.99 42.02 42.06 42.05 42.04 42.05 42.05 42.03 42.07 42.04 42 41.91 41.88 41.9 42 42.05 42.05 41.99 41.92 41.93 41.94 41.96 41.95 41.93 41.94 41.96 41.99 42.01 42.02 42.03 42.03 41.92 41.86 41.8 41.84 41.87
42.06 42.05 42.07 42.11 42.11 42.07 42.03 42.04 42.04 42.05 42.06 42.06 42.1 42.16 42.15 42.15 42.14 42.11 42.06 42.09 42.06 42.03 42.06 42.03 42.02 42.01 42.04 42.04 42.04 42.06 42.03 42.02 41.99 41.98 42 42 42 42.01 42.01 42.04 42.09 42.08 42.02 42.06 42.12 42.07 42.04 42.06 42.05 42.04 42.06 42.04 41.99 41.92 41.9 41.85 41.95 42 42.01 41.96 41.91 41.91 41.92 41.95 41.95 41.94 41.95 41.98 42.01 42.03 42.03 42.03 42.02 41.93 41.88 41.82 41.85 41.84
42.07 42.04 42.06 42.09 42.08 42.06 42.03 42.07 42.07 42.06 42.09 42.07 42.12 42.17 42.12 42.14 42.14 42.09 42.05 42.07 42.06 42.05 42.08 42.01 41.99 42.02 42.06 42.04 42.03 42.06 42.02 42.02 42.02 42.01 42.02 42.02 42.06 42.06 42.06 42.07 42.12 42.1 42.05 42.06 42.11 42.11 42.09 42.08 42.07 42.06 42.07 42.06 42.02 41.95 41.91 41.83 41.89 41.96 41.97 41.94 41.92 41.95 41.96 41.97 41.96 41.94 41.96 42.01 42.01 42.05 42.05 42.03 41.98 41.92 41.88 41.82 41.8 41.81
42.05 42.03 42.01 42.05 42.06 42.04 42.04 42.09 42.08 42.05 42.04 42.09 42.11 42.14 42.16 42.18 42.16 42.1 42.1 42.09 42.07 42.06 42.1 42.05 42.01 41.97 42.04 42.04 42.04 42.05 42.03 42.03 42.03 42.03 42.02 42.03 42.05 42.05 42.04 42.03 42.07 42.09 42.06 42.05 42.06 42.11 42.11 42.09 42.08 42.07 42.07 42.09 42.05 41.97 41.93 41.85 41.86 41.91 41.94 41.95 41.93 41.98 41.97 41.98 41.95 41.97 41.99 42.02 42 42.06 42.06 42.06 41.99 41.98 41.95 41.9 41.82 41.8
42.04 42.02 42 42.03 42.05 42.06 42.06 42.1 42.08 42.05 42.05 42.11 42.13 42.11 42.16 42.2 42.18 42.09 42.07 42.1 42.08 42.05 42.02 42.02 42.01 41.98 41.99 41.99 42 42.02 42 41.99 41.99 42.01 42.02 42.03 42.02 42.03 42.01 42 42 42.05 42.05 42.04 42.03 42.07 42.08 42.09 42.06 42.04 42.05 42.08 42.07 41.98 41.93 41.86 41.83 41.85 41.9 41.95 41.92 41.95 41.97 41.99 41.97 42.03 42.02 41.99 42 42.02 42.07 42.03 41.98 41.98 41.97 41.91 41.81 41.81
42.07 42.04 41.99 42.03 42.05 42.09 42.1 42.05 42.05 42.05 42.04 42.11 42.12 42.11 42.1 42.12 42.12 42.07 42.08 42.09 42.1 42.06 42.06 42.04 42.03 41.99 41.98 41.99 41.99 42.01 41.98 41.97 41.97 41.97 41.99 42.01 42.03 42.03 42.03 42.02 42 42.03 42.05 42.04 42.05 42.08 42.08 42.11 42.06 41.99 42.04 42.09 42.06 42.01 41.96 41.86 41.81 41.85 41.91 42 42 42.01 42 41.98 41.97 41.98 41.98 41.99 42.03 42.03 42.06 42.03 41.99 42 41.97 41.92 41.85 41.84
42.05 42.02 41.99 42.04 42.02 42.04 42.05 42.05 42.05 42.06 42.05 42.07 42.1 42.09 42.12 42.12 42.13 42.1 42.08 42.09 42.09 42.07 42.03 42.02 42.01 41.99 41.99 42 42 41.99 42 41.99 41.99 41.97 41.98 42.01 42.05 42.03 42.05 42.06 42.03 42.03 42.05 42.05 42.08 42.12 42.11 42.11 42.08 41.99 42.03 42.07 42.05 42.02 41.97 41.9 41.83 41.86 41.93 42.03 42.01 42.03 42.03 42 41.95 41.94 41.98 42 42.05 42.03 42.03 42.06 42.02 42.02 41.98 41.94 41.9 41.86
42 41.99 41.97 42.01 42.04 42.05 42.01 42.05 42.05 42.06 42.05 42.08 42.1 42.11 42.13 42.13 42.15 42.15 42.13 42.12 42.08 42.04 41.99 42 42.01 42.01 42.03 42.02 42.01 41.96 42 42 42 42.02 42.02 42.02 42.04 42.04 42.05 42.07 42.05 42.07 42.08 42.1 42.1 42.12 42.11 42.09 42.07 42.05 42.05 42.03 42.03 42.02 41.99 41.94 41.88 41.84 41.93 42.03 42.03 42.02 41.97 41.93 41.92 41.93 41.98 42 42.01 42 42 42.04 42.02 42.02 42 41.95 41.91 41.87
42.02 42.01 42 42 42.03 42.04 42.04 42.04 42.04 42.04 42.04 42.07 42.1 42.1 42.13 42.14 42.17 42.19 42.15 42.13 42.08 42.03 41.99 42.01 42.03 42.05 42.06 42.05 42.02 41.96 41.98 41.98 42.01 42.01 42.01 42.02 42.05 42.04 42.06 42.08 42.03 42.05 42.05 42.08 42.05 42.06 42.09 42.08 42.06 42.05 42.03 42.06 42.06 42.05 42.01 41.94 41.88 41.85 41.91 42.04 42.02 41.99 41.96 41.92 41.92 41.93 41.96 41.99 41.97 41.97 41.96 41.99 41.98 42 42.02 41.98 41.93 41.89
42.06 42.03 42.01 42.04 42.04 42.01 42.02 42.01 42.05 42.03 42.05 42.05 42.09 42.11 42.13 42.15 42.19 42.18 42.15 42.12 42.09 42.07 42.01 42.02 42.04 42.07 42.05 42.05 42.04 42.01 41.99 42 41.99 42.01 42 42.02 42.04 42.05 42.06 42.07 42.04 42.07 42.08 42.1 42.07 42.08 42.09 42.09 42.07 42.07 42.05 42.06 42.06 42.06 42.02 41.94 41.86 41.85 41.89 41.98 42.04 42.01 41.95 41.95 41.96 41.94 41.95 41.98 41.96 41.96 41.95 41.98 41.97 42 42.01 42 41.97 41.91
42.04 42.01 42.03 42.04 42.03 42.01 41.99 42.01 42.05 42.06 42.07 42.07 42.09 42.11 42.14 42.16 42.18 42.15 42.15 42.13 42.12 42.08 42.02 42.03 42.04 42.05 42.05 42.07 42.05 42.03 42.02 42.01 41.99 41.99 41.98 42.01 42.06 42.11 42.1 42.1 42.08 42.06 42.09 42.14 42.11 42.05 42.04 42.07 42.06 42.09 42.08 42.05 42.02 42.04 42.03 41.97 41.87 41.84 41.86 41.97 42.06 42.02 41.94 41.97 41.99 41.97 41.96 41.97 41.97 41.97 41.97 41.99 41.99 42.01 42.02 41.99 41.97 41.9
42.08 42.07 42.09 42.07 42.03 42.03 42 42.02 42.05 42.09 42.08 42.09 42.11 42.11 42.14 42.16 42.14 42.11 42.12 42.11 42.11 42.04 42.02 42.01 42.03 42.03 42.04 42.08 42.03 42.04 42.04 42.03 42 42.03 42.01 42 42.05 42.09 42.08 42.07 42.07 42.03 42.07 42.1 42.09 42.06 42.07 42.09 42.06 42.08 42.07 42.03 41.98 42.01 42.02 41.99 41.9 41.85 41.83 41.95 42.02 42 41.95 41.95 41.98 41.98 41.95 41.94 41.97 41.98 41.98 41.97 41.98 42.01 42.05 42.01 41.98 41.92
42.13 42.15 42.14 42.12 42.06 42.06 42.02 42.04 42.06 42.07 42.08 42.09 42.1 42.14 42.14 42.14 42.12 42.12 42.09 42.09 42.11 42.06 42.07 42.06 42.02 42.01 42.01 42.04 42.05 42.03 42.03 42.04 42.06 42.02 42.01 42.01 42.03 42.07 42.07 42.08 42.08 42.01 42.04 42.09 42.1 42.12 42.13 42.1 42.05 42.05 42.04 42.03 41.99 42.01 42.05 42.04 41.94 41.88 41.82 41.91 41.97 41.99 41.97 41.94 41.94 41.95 41.93 41.94 41.94 41.95 41.98 42 42.01 42.02 42.03 41.98 41.97 41.93
42.13 42.18 42.15 42.12 42.07 42.06 42.03 42.04 42.06 42.08 42.09 42.11 42.13 42.14 42.16 42.16 42.13 42.11 42.15 42.15 42.13 42.1 42.08 42.04 42.06 42.02 42.01 42.02 42.04 42.03 42.03 42.07 42.08 42.03 42.02 42.03 42.06 42.07 42.08 42.08 42.09 42.04 42.05 42.08 42.1 42.13 42.12 42.07 42.01 42.02 42.01 42.02 42.02 42.02 42.09 42.1 41.98 41.91 41.85 41.9 41.97 42 41.98 41.94 41.94 41.93 41.94 41.87 41.9 41.95 42.01 42.02 42.02 42.04 42.02 42.01 42 41.95
42.09 42.13 42.09 42.07 42.03 42.05 42.09 42.09 42.06 42.07 42.1 42.1 42.11 42.13 42.13 42.14 42.11 42.14 42.16 42.17 42.12 42.12 42.1 42.07 42.07 42.06 42.05 42.03 42.05 42.04 42.06 42.1 42.08 42.06 42.04 42.03 42.08 42.07 42.07 42.08 42.08 42.08 42.08 42.06 42.08 42.1 42.09 42.04 42 42.01 42.03 42.03 42 42 42.04 42.07 42.04 41.98 41.88 41.87 41.93 41.99 42 41.91 41.91 41.89 41.89 41.92 41.91 41.95 41.96 41.99 41.99 42.02 42.02 42 41.99 41.97
42.04 42.03 42.01 42.03 42.04 42.06 42.04 42.04 42.03 42.07 42.09 42.1 42.1 42.12 42.13 42.13 42.1 42.08 42.1 42.15 42.12 42.11 42.11 42.09 42.03 42.04 42.02 42.03 42.06 42.05 42.06 42.08 42.05 42.08 42.05 42.02 42.07 42.06 42.07 42.08 42.12 42.11 42.08 42.07 42.05 42.07 42.07 42.03 42.02 42.04 42.09 42.12 42.02 42.02 42.02 42 42.04 42.01 41.93 41.83 41.86 41.93 42.02 41.92 41.94 41.94 41.91 41.9 41.89 41.91 41.9 41.99 42.02 42.05 42.05 42.02 42.02 41.99
42.02 42.04 42.05 42.04 41.99 42.04 41.96 41.97 41.97 42.04 42.07 42.08 42.09 42.11 42.12 42.13 42.12 42.1 42.09 42.12 42.13 42.08 42.09 42.09 42.05 42.03 42.02 42.03 42.05 42.04 42.04 42.05 42.02 42.05 42.03 42 42.04 42.06 42.09 42.08 42.13 42.12 42.09 42.07 42.03 42.04 42.05 42.01 42 42.03 42.08 42.1 42.03 42.03 42.02 42.03 42.01 41.98 41.88 41.85 41.85 41.9 42.01 41.96 41.96 41.94 41.91 41.9 41.91 41.91 41.95 41.99 42.04 42.08 42.04 42.04 42.04 42
41.98 42.01 42.04 42.03 41.99 41.97 41.97 41.97 41.98 42.02 42.02 42.05 42.08 42.12 42.11 42.09 42.07 42.07 42.08 42.12 42.12 42.07 42.08 42.07 42.06 42.04 42.04 42.05 42.05 42.03 42.02 42.02 42.01 42.02 42.01 41.99 42 42.03 42.09 42.09 42.09 42.08 42.06 42.06 42.05 42.03 42.04 42.08 41.99 42.01 42.05 42.05 42.02 42.02 42.02 42.06 42.04 41.99 41.88 41.83 41.86 41.96 42.01 41.96 41.94 41.93 41.97 41.95 41.95 41.95 41.97 41.99 42.05 42.1 42.05 42.06 42.05 42
42.01 42.01 42.02 42.04 42.03 41.98 41.98 41.98 42 42 42.01 42.02 42.05 42.08 42.07 42.05 42.04 42.03 42.06 42.12 42.12 42.08 42.07 42.03 42.03 42.05 42.06 42.08 42.06 42.05 42.01 42 42.02 42 41.98 41.99 41.98 42.01 42.06 42.09 42.11 42.12 42.11 42.1 42.08 42.06 42.06 42.05 42.03 42.02 42.03 42.07 42.11 42.07 42.03 42.06 42.06 42.02 41.92 41.83 41.86 41.94 41.99 41.97 41.94 41.91 41.98 41.98 41.97 41.97 41.97 42 42.04 42.1 42.07 42.09 42.08 42.03
41.98 42.01 42.04 42.04 42.02 41.98 41.99 42 42.01 42.01 42.01 42 42.04 42.07 42.06 42.03 42.03 42.04 42.05 42.1 42.1 42.08 42.07 42.03 42.03 42.06 42.09 42.09 42.06 42.05 42 41.99 42.03 42.01 41.97 41.97 41.97 42.01 42.07 42.08 42.12 42.11 42.11 42.12 42.09 42.07 42.05 42.05 42.04 42.04 42.06 42.07 42.08 42.04 42.02 42.05 42.06 42.07 41.96 41.85 41.86 41.91 41.99 41.99 41.95 41.91 41.96 41.99 41.98 41.97 41.95 42.01 42.03 42.08 42.07 42.1 42.1 42.04
41.96 41.99 42.01 41.99 42 41.98 41.98 42 42.05 42.03 42.02 42 42.04 42.06 42.05 42.03 42.01 42.04 42.03 42.06 42.07 42.09 42.07 42.02 42.03 42.06 42.07 42.09 42.08 42.06 42.05 42 42.05 42.05 42.03 42.02 42 42.03 42.06 42.06 42.06 42.08 42.1 42.11 42.07 42.07 42.04 42.07 42.05 42.04 42.06 42.07 42.06 42.04 42.02 42.02 42.03 42.06 41.99 41.89 41.88 41.89 42 42 41.96 41.92 41.94 41.96 41.95 41.97 41.94 42 42.03 42.08 42.07 42.06 42.07 42.03
41.98 42.01 42 41.95 41.98 41.95 41.96 42.01 42.06 42.03 42.03 42.01 42.03 42.02 42.02 42.05 41.99 42 42.01 42.05 42.08 42.09 42.08 42.06 42.03 42.04 42.06 42.07 42.03 42.06 42.05 42 42.06 42.05 42.06 42.04 42.01 42.02 42.07 42.07 42.08 42.08 42.08 42.07 42.04 42.06 42.07 42.07 42.06 42.04 42.03 42.06 42.05 42.04 42.01 42.01 42.02 42.05 42.02 41.95 41.92 41.89 41.99 42 41.97 41.95 41.95 41.94 41.92 41.94 41.94 41.97 42.02 42.09 42.09 42.06 42.05 42.08
41.99 42.02 42.02 41.99 41.97 41.93 41.96 42.01 42.02 42.03 42.03 42.01 42.01 42.01 42.03 42.06 42.03 42.03 42.05 42.07 42.1 42.11 42.1 42.07 42.06 42.06 42.06 42.05 42.03 42.05 42.06 42.03 42.02 42.02 42.03 42.02 41.98 42.01 42.06 42.09 42.06 42.09 42.07 42.03 42.03 42.06 42.09 42.06 42.05 42.02 42.01 42.06 42.05 42.03 42.01 42.02 42.03 42.06 42.05 41.99 41.93 41.88 41.96 42 42 41.95 41.95 41.97 41.97 41.96 41.96 41.97 41.96 41.98 42.05 42.03 42.05 42.09
41.97 42.01 42.03 42.02 41.98 41.98 41.98 42 41.99 42.04 42.05 42.04 42 42.01 42.02 42.03 42.05 42.03 42.04 42.03 42.05 42.07 42.11 42.08 42.03 42.03 42.04 42 42.03 42.03 42.02 42.04 42 42 42 42.02 41.99 42.01 42.06 42.12 42.09 42.09 42.05 42.05 42.06 42.06 42.06 42.05 42.03 41.99 41.99 42.04 42.05 42.05 42.03 42 42.02 42.05 42.06 42.01 41.93 41.87 41.98 41.98 41.98 41.97 42.01 42.02 42.01 41.99 42.01 41.98 41.96 41.96 42.06 42.05 42.03 42.07
41.95 42 42 42 41.96 41.99 41.99 41.97 41.95 41.97 41.99 42 42 42.01 42.03 42.08 42.04 42.05 42.03 42.03 42.07 42.08 42.08 42.06 42.08 42.08 42.06 42.02 42.05 42.04 42.02 42.02 41.99 41.99 41.98 42.02 42.02 42.02 42.05 42.11 42.11 42.09 42.05 42.08 42.08 42.05 42.02 42.05 42.04 41.99 41.98 41.99 42.02 42.06 42.02 42 42.02 42.06 42.03 42 41.94 41.84 41.89 41.93 41.99 41.93 41.96 41.99 42.01 41.98 41.98 41.96 41.92 41.93 41.97 41.99 42.05 42.07
41.94 41.97 41.97 41.99 41.93 41.96 41.98 41.95 41.97 41.98 42.01 42.02 42.01 42.02 42.02 42.05 42.04 42.04 42.03 42 42.05 42.06 42.08 42.05 42.06 42.07 42.06 42.03 42.04 42.04 42.05 42.03 42.01 42 41.99 42.02 42.03 42.03 42.04 42.1 42.1 42.09 42.04 42.08 42.06 42.05 42.03 42.07 42.05 42.01 42 42.01 42.01 42.04 42 41.97 42 42.05 42.05 41.99 41.94 41.84 41.87 41.91 41.97 41.98 41.97 41.98 41.98 41.93 41.97 41.96 41.94 41.94 41.97 41.96 42.02 42.11
41.97 42.02 42.02 42.01 41.96 41.98 41.97 41.96 41.94 41.99 41.98 42.01 42.01 42.02 42.03 42.04 42.03 42.04 42.04 42 42.04 42.05 42.06 42.05 42.04 42.05 42.04 42.03 42.03 42.02 42.05 42.03 42.02 42.01 42 42.01 42.01 42.02 42.02 42.1 42.1 42.08 42.03 42.07 42.07 42.07 42.04 42.04 42.01 41.97 42 42 42.02 42.03 42 42.01 42.01 42.02 42.09 42.07 41.99 41.87 41.86 41.89 42 42.02 41.99 41.98 41.98 41.91 41.91 41.94 41.98 41.97 41.97 41.95 42 42.09
41.97 42.02 42.02 42 41.95 41.93 41.94 41.95 41.95 41.96 41.96 41.96 42.01 42.02 42.03 42.05 42.07 42.07 42.05 42.02 42.04 42.06 42.09 42.07 42.08 42.07 42.03 42.03 42.04 42.03 42.02 42.01 42.01 41.99 42 41.99 42.01 42 41.99 42.05 42.08 42.1 42.08 42.09 42.08 42.09 42.07 42.03 42 41.98 41.97 42.01 41.99 42 42.02 42.02 42.02 42.02 42.1 42.09 42.02 41.87 41.83 41.87 42 42.02 42 41.99 42 41.97 41.94 41.96 42 42 41.97 41.96 41.99 42.04
41.96 42 42 41.97 41.92 41.92 41.93 41.93 41.93 41.96 42 42 42.01 42.01 42.02 42.08 42.12 42.11 42.06 42.05 42.05 42.07 42.11 42.1 42.13 42.08 42.04 42.05 42.06 42.06 42.03 42.01 41.99 41.96 41.98 41.97 42 41.99 41.99 41.99 42.04 42.08 42.09 42.12 42.09 42.06 42.07 42.01 41.99 41.99 41.96 41.98 41.99 41.98 41.99 41.98 41.96 41.99 42.06 42.06 42.03 41.89 41.81 41.85 41.95 42.01 42.02 42.01 42.01 41.99 41.97 41.98 41.97 42 41.98 41.98 41.99 42
41.93 41.95 41.99 41.96 41.92 41.92 41.94 41.93 41.95 41.98 42.04 42.05 42.03 42.02 42.03 42.09 42.12 42.1 42.06 42.06 42.07 42.08 42.08 42.11 42.11 42.07 42.05 42.07 42.07 42.08 42.05 42.01 41.99 41.98 41.97 41.99 42.02 42.02 42.04 41.99 42.02 42.05 42.06 42.12 42.1 42.09 42.07 42.06 42.02 41.97 41.95 41.97 41.99 42.01 42.01 41.99 41.95 41.96 42 42.02 42.01 41.93 41.85 41.84 41.89 41.97 41.99 41.99 41.98 41.95 41.97 41.97 41.95 41.97 41.97 41.98 41.99 41.99
41.91 41.93 41.98 41.95 41.98 41.97 41.96 41.94 41.96 41.98 42.03 42.06 42.06 42.03 42.05 42.11 42.11 42.09 42.06 42.1 42.12 42.1 42.06 42.06 42.08 42.08 42.08 42.07 42.07 42.08 42.04 42.02 42.02 42.01 42 41.98 41.99 42.02 42.03 42.01 42.01 42.04 42.04 42.08 42.09 42.08 42.08 42.05 42.01 41.97 41.95 41.97 42 41.99 42 41.99 41.95 41.95 41.99 41.99 41.98 41.94 41.89 41.86 41.85 41.91 41.95 41.95 41.95 41.97 41.98 41.97 41.96 41.94 41.93 41.92 41.97 42.02
41.91 41.92 41.97 41.97 42.01 42.01 41.97 41.96 41.96 41.99 42.02 42.06 42.06 42.05 42.04 42.11 42.13 42.12 42.1 42.13 42.13 42.1 42.1 42.11 42.11 42.07 42.06 42.06 42.06 42.06 42.03 41.99 42 42.03 42.04 42.04 42.03 42 41.98 41.99 41.99 42.04 42.02 42.05 42.09 42.09 42.04 42.02 41.98 41.97 41.95 41.96 42 41.98 41.98 41.98 41.95 41.96 42 41.99 41.95 41.93 41.91 41.88 41.83 41.89 41.95 41.96 41.92 41.99 41.98 41.95 41.91 41.88 41.88 41.93 41.97 42.04
41.88 41.89 41.95 41.97 42 42 41.99 41.98 41.98 42 42.05 42.08 42.06 42.07 42.03 42.08 42.1 42.12 42.13 42.15 42.13 42.09 42.15 42.18 42.15 42.1 42.03 42.03 42.03 42.02 42.06 42.04 42.02 42.03 42.03 42.05 42.05 42.01 41.98 41.99 41.99 42.02 42.04 42.06 42.09 42.07 42.03 42.01 41.97 41.96 41.96 41.97 41.98 42 41.97 41.97 41.96 41.98 41.98 41.97 41.97 41.93 41.91 41.86 41.81 41.88 41.91 41.98 41.93 41.97 41.99 41.95 41.87 41.83 41.87 41.91 41.97 42.01
41.87 41.89 41.94 41.94 41.97 41.98 42.03 41.99 42.01 42.02 42.08 42.04 42.03 42.06 42.02 42 42.02 42.06 42.13 42.16 42.12 42.08 42.14 42.12 42.12 42.13 42.1 42.07 42.06 42.05 42.07 42.04 42.04 42.05 42.01 42.02 42.02 42.02 42.01 42.01 41.98 42.01 42.05 42.07 42.09 42.04 42.02 42 41.97 41.96 41.97 41.98 41.98 42 41.95 41.96 41.96 41.97 41.97 41.95 41.98 41.96 41.93 41.85 41.78 41.81 41.86 41.96 41.91 41.95 41.95 41.91 41.87 41.86 41.88 41.92 41.98 41.98
