slabs/33.grd
DSAA
631 301
643890 644520
4946600 4946900
36.38 49.52
[rows 204 to 237 of 301, columns 468 to 545 of 631]
41.7 41.72 41.73 41.69 41.58 41.48 41.42 41.37 41.3 41.24 41.18 41.14 41.04 40.9 40.9 41.01 41.16 41.19 41.15 41.04 40.89 40.87 40.93 41.07 41.22 41.3 41.28 41.2 41.07 40.99 41.01 41.04 41 40.87 40.82 40.73 40.68 40.63 40.62 40.58 40.56 40.6 40.73 40.86 40.94 40.98 41.12 41.18 41.14 41.1 41.05 41.01 40.99 40.97 41 41.02 40.9 40.88 40.8 40.83 40.85 40.87 40.92 41.03 41.03 41.04 40.96 40.92 40.92 40.91 40.9 40.89 40.89 40.87 40.86 40.9 40.94 40.99
41.77 41.78 41.7 41.63 41.51 41.43 41.39 41.36 41.29 41.22 41.14 41.06 40.94 40.83 40.79 40.84 41.02 41.14 41.13 41.04 40.92 40.88 40.94 41.08 41.19 41.24 41.22 41.14 41.02 41 41.06 41.11 40.95 40.85 40.83 40.73 40.67 40.65 40.59 40.54 40.52 40.57 40.71 40.85 40.97 41.01 41.08 41.11 41.1 41.1 41.1 41.09 41.09 41.02 40.98 41.01 40.96 40.94 40.86 40.84 40.86 40.89 40.95 41.07 41.1 41.11 41.07 40.95 40.95 40.93 40.92 40.91 40.91 40.89 40.9 40.96 40.98 40.97
41.88 41.83 41.6 41.54 41.45 41.38 41.34 41.31 41.24 41.13 41.05 40.98 40.91 40.85 40.84 40.81 40.87 41.02 41.08 41.12 41.05 40.96 40.98 41.06 41.12 41.16 41.15 41.08 40.97 40.91 40.98 41.05 40.96 41.03 40.99 40.77 40.67 40.66 40.59 40.54 40.56 40.62 40.77 40.91 40.97 40.98 41 41.03 41.07 41.08 41.09 41.08 41.11 41.06 40.99 41.01 41.02 41.03 40.97 40.87 40.87 40.9 40.98 41.06 41.06 41.08 41.12 41.04 41 40.96 40.95 40.94 40.93 40.93 40.98 41.01 41.02 40.97
41.98 41.87 41.59 41.5 41.4 41.35 41.31 41.26 41.17 41.07 41.05 40.99 40.94 40.89 40.88 40.84 40.82 40.86 40.93 41.08 41.14 41.07 41.02 40.99 41.04 41.08 41.08 41.02 40.92 40.87 40.93 41.09 41.1 41.1 41.03 40.81 40.7 40.69 40.65 40.63 40.69 40.75 40.91 41.01 41.02 41.02 41.04 41.02 41.05 41.07 41.07 41.06 41.09 41.09 41.04 41.04 41.08 41.16 41.12 40.97 40.94 40.91 40.96 40.94 40.94 40.97 41.04 41.1 41.05 40.98 40.97 40.95 40.95 40.99 41.02 41.04 41.04 40.98
41.99 41.84 41.63 41.54 41.39 41.32 41.28 41.22 41.15 41.1 41.08 41.02 40.97 40.93 40.92 40.89 40.85 40.82 40.83 40.94 41.05 41.04 40.98 40.92 40.96 40.99 41.01 40.97 40.91 40.88 40.94 41.11 41.08 41.08 41.03 40.89 40.79 40.82 40.81 40.82 40.88 40.92 41.02 41.08 41.09 41.08 41.07 41.02 41.03 41.05 41.08 41.1 41.12 41.14 41.1 41.05 41.1 41.24 41.23 41.09 41.03 40.91 40.85 40.77 40.8 40.88 40.96 41.02 41.04 41 40.99 40.98 40.99 41.02 41.02 40.96 40.99 40.93
41.87 41.74 41.64 41.57 41.41 41.31 41.29 41.24 41.18 41.13 41.11 41.06 41.01 40.98 40.96 40.92 40.89 40.86 40.85 40.84 40.96 40.87 40.88 40.83 40.86 40.9 40.95 40.97 40.93 40.91 40.95 41 40.97 40.96 40.96 40.99 40.92 40.93 40.93 40.94 40.99 41.02 41.08 41.12 41.14 41.1 41 40.99 41 41.05 41.12 41.16 41.17 41.19 41.18 41.07 41.11 41.22 41.21 41.08 41.03 40.9 40.77 40.72 40.74 40.8 40.87 40.93 40.96 41.02 41.01 41.01 41.01 40.97 40.9 40.9 40.91 40.86
41.7 41.65 41.64 41.56 41.39 41.34 41.32 41.27 41.22 41.16 41.15 41.09 41.05 41.02 41.01 40.97 40.93 40.91 40.89 40.87 40.89 40.88 40.89 40.83 40.79 40.84 40.95 40.95 40.96 40.95 40.93 40.96 40.93 40.92 40.94 41.02 41.02 41.02 41.02 40.99 40.98 41.02 41.09 41.15 41.18 41.1 40.92 40.92 40.95 41.04 41.15 41.23 41.21 41.16 41.13 41.1 41.08 41.12 41.16 41.04 40.99 40.88 40.78 40.73 40.74 40.76 40.79 40.84 40.87 40.94 41.01 40.99 40.94 40.85 40.78 40.8 40.81 40.81
41.62 41.6 41.57 41.45 41.38 41.35 41.34 41.29 41.25 41.2 41.18 41.13 41.09 41.07 41.05 41.01 40.97 40.95 40.93 40.92 40.93 40.95 40.98 40.95 40.94 40.94 40.97 40.96 41.01 41.02 40.98 40.99 40.99 40.99 40.98 41 41.05 41.08 41.06 41.09 41 41 41.06 41.14 41.16 41.07 40.94 40.91 40.94 41.02 41.11 41.17 41.17 41.12 41.07 41.02 41.01 41.04 41.07 41.02 40.97 40.87 40.77 40.74 40.74 40.75 40.77 40.8 40.81 40.86 40.92 40.9 40.88 40.84 40.7 40.73 40.81 40.84
41.68 41.49 41.43 41.3 41.25 41.25 41.25 41.27 41.28 41.24 41.22 41.17 41.13 41.1 41.09 41.05 41.02 41.03 41.02 41.02 41.03 41.04 41.06 41.06 41.06 41.05 41.03 41.04 41.09 41.11 41.08 41.06 41.06 41.05 41.02 41.01 41.04 41.09 41.09 41.18 41.14 41.03 41.01 41.06 41.02 40.93 40.86 40.9 40.96 41.03 41.04 41.07 41.08 41.12 41.08 41.05 41.05 41.05 41.06 41.01 40.95 40.86 40.77 40.75 40.75 40.75 40.78 40.82 40.83 40.81 40.79 40.77 40.77 40.8 40.75 40.78 40.85 40.88
41.68 41.47 41.41 41.31 41.24 41.24 41.24 41.25 41.25 41.24 41.25 41.23 41.24 41.2 41.17 41.13 41.1 41.1 41.1 41.1 41.11 41.11 41.12 41.12 41.13 41.11 41.1 41.13 41.15 41.17 41.2 41.17 41.12 41.09 41.04 41.02 41.05 41.1 41.16 41.27 41.27 41.17 41.08 41.09 41.01 40.86 40.79 40.9 40.96 41.06 41.08 41.12 41.14 41.17 41.2 41.19 41.17 41.12 41.09 41.02 40.96 40.85 40.76 40.76 40.76 40.76 40.87 40.88 40.86 40.79 40.73 40.7 40.71 40.77 40.83 40.85 40.86 40.88
41.52 41.45 41.41 41.36 41.28 41.25 41.25 41.26 41.26 41.29 41.33 41.36 41.35 41.32 41.28 41.22 41.18 41.17 41.16 41.17 41.17 41.18 41.18 41.19 41.2 41.14 41.09 41.14 41.17 41.2 41.28 41.23 41.16 41.14 41.08 41.04 41.07 41.13 41.24 41.36 41.36 41.31 41.25 41.25 41.16 40.96 40.88 40.89 40.95 41.08 41.1 41.16 41.18 41.22 41.22 41.22 41.19 41.17 41.13 41.09 41.03 40.92 40.85 40.84 40.83 40.83 40.95 40.94 40.88 40.81 40.76 40.74 40.76 40.82 40.87 40.88 40.87 40.85
41.37 41.45 41.43 41.43 41.4 41.3 41.28 41.27 41.28 41.32 41.4 41.48 41.45 41.43 41.38 41.32 41.26 41.24 41.23 41.24 41.24 41.24 41.25 41.26 41.23 41.13 41.07 41.13 41.17 41.2 41.29 41.27 41.2 41.17 41.12 41.12 41.14 41.24 41.35 41.4 41.39 41.36 41.3 41.29 41.22 41.04 40.91 40.85 40.89 41.02 41.08 41.08 41.11 41.12 41.12 41.12 41.13 41.14 41.12 41.14 41.12 41.02 40.98 40.97 40.97 40.96 41 40.98 40.91 40.84 40.8 40.8 40.83 40.88 40.9 40.92 40.87 40.79
41.32 41.39 41.43 41.49 41.49 41.37 41.32 41.28 41.31 41.35 41.45 41.54 41.55 41.53 41.49 41.42 41.34 41.32 41.3 41.31 41.31 41.31 41.32 41.31 41.19 41.1 41.05 41.12 41.16 41.2 41.27 41.29 41.27 41.22 41.23 41.24 41.25 41.34 41.42 41.37 41.37 41.37 41.29 41.22 41.19 41.08 40.94 40.94 40.95 40.97 41 41.03 41.03 41 41 41 41.05 41.13 41.16 41.2 41.21 41.15 41.13 41.14 41.13 41.1 41.06 41.02 40.94 40.87 40.84 40.87 40.9 40.93 40.96 40.98 40.91 40.77
41.48 41.44 41.49 41.56 41.58 41.48 41.36 41.3 41.36 41.4 41.51 41.62 41.68 41.66 41.6 41.51 41.43 41.4 41.37 41.37 41.38 41.39 41.4 41.34 41.16 41.08 41.03 41.09 41.16 41.2 41.26 41.29 41.28 41.27 41.32 41.34 41.35 41.42 41.4 41.33 41.34 41.34 41.13 41.17 41.19 41.12 41.03 41.03 41.02 41 41 41.02 41.04 41.05 41.07 41.05 41.06 41.19 41.28 41.32 41.33 41.31 41.31 41.29 41.24 41.15 41.07 41.04 40.97 40.91 40.9 40.92 40.95 40.98 40.99 40.99 40.96 40.84
41.67 41.64 41.65 41.68 41.67 41.61 41.42 41.34 41.42 41.47 41.59 41.71 41.81 41.76 41.67 41.57 41.5 41.47 41.44 41.45 41.45 41.46 41.45 41.29 41.14 41.05 41.02 41.14 41.16 41.21 41.26 41.22 41.2 41.2 41.22 41.26 41.22 41.24 41.25 41.26 41.26 41.25 41.12 41.16 41.19 41.17 41.12 41.1 41.09 41.07 41.06 41.06 41.14 41.23 41.3 41.25 41.16 41.26 41.39 41.43 41.47 41.45 41.43 41.38 41.28 41.16 41.08 41.02 40.95 40.9 40.93 40.95 40.96 40.98 40.99 40.98 40.93 40.89
41.81 41.8 41.83 41.86 41.77 41.69 41.49 41.39 41.5 41.55 41.68 41.75 41.83 41.77 41.65 41.53 41.45 41.45 41.49 41.52 41.52 41.52 41.46 41.28 41.18 41.03 41.05 41.12 41.14 41.17 41.14 41.11 41.09 41.08 41.09 41.1 41.08 41.09 41.14 41.19 41.19 41.18 41.14 41.13 41.15 41.21 41.19 41.18 41.16 41.15 41.12 41.13 41.24 41.35 41.41 41.38 41.29 41.35 41.45 41.5 41.59 41.53 41.45 41.39 41.27 41.16 41.07 41 40.93 40.89 40.91 40.95 40.97 40.99 40.99 40.95 40.91 40.89
41.93 41.94 42.02 41.99 41.86 41.77 41.53 41.43 41.53 41.59 41.71 41.76 41.7 41.68 41.56 41.45 41.42 41.46 41.54 41.59 41.6 41.59 41.43 41.22 41.14 41.01 41.04 41.06 41.09 41.13 41.08 41.09 41.06 41.02 41.01 40.99 41 41.04 41.1 41.13 41.15 41.15 41.1 41.08 41.1 41.23 41.26 41.25 41.23 41.2 41.16 41.17 41.28 41.44 41.45 41.45 41.41 41.41 41.5 41.54 41.59 41.51 41.44 41.39 41.27 41.16 41.09 41.03 40.91 40.93 40.93 40.94 40.98 40.99 40.98 40.93 40.86 40.84
42.03 42.09 42.19 42.07 41.89 41.81 41.57 41.46 41.53 41.58 41.69 41.74 41.63 41.59 41.48 41.4 41.44 41.47 41.56 41.62 41.63 41.65 41.46 41.19 41.16 41.13 41.1 41.08 41.09 41.12 41.08 41.12 41.11 41.05 40.99 40.95 40.97 41.01 41.06 41.09 41.12 41.13 41.09 41.08 41.1 41.21 41.3 41.29 41.26 41.22 41.18 41.15 41.19 41.39 41.38 41.43 41.47 41.45 41.52 41.53 41.54 41.48 41.42 41.36 41.25 41.16 41.12 41.05 40.92 40.93 40.9 40.9 41.02 40.99 40.95 40.89 40.82 40.8
42.21 42.28 42.28 42.09 41.91 41.82 41.6 41.51 41.56 41.59 41.64 41.65 41.57 41.51 41.4 41.41 41.41 41.41 41.47 41.52 41.53 41.59 41.47 41.27 41.28 41.27 41.22 41.16 41.14 41.12 41.11 41.14 41.15 41.11 41.02 40.95 40.95 40.98 41.02 41.05 41.08 41.12 41.09 41.08 41.11 41.21 41.27 41.28 41.28 41.24 41.19 41.17 41.12 41.32 41.38 41.45 41.47 41.43 41.47 41.48 41.49 41.45 41.41 41.33 41.22 41.14 41.12 41.06 40.96 40.94 40.95 40.97 41.04 40.99 40.95 40.86 40.78 40.77
42.25 42.32 42.28 42.06 41.9 41.8 41.66 41.65 41.73 41.71 41.69 41.61 41.59 41.49 41.41 41.42 41.41 41.41 41.43 41.45 41.45 41.48 41.43 41.36 41.37 41.38 41.33 41.27 41.23 41.14 41.13 41.16 41.18 41.17 41.08 41.02 40.99 40.97 40.99 41 41.04 41.09 41.09 41.07 41.11 41.2 41.23 41.25 41.28 41.25 41.21 41.19 41.19 41.3 41.35 41.39 41.39 41.34 41.39 41.41 41.43 41.42 41.36 41.27 41.17 41.13 41.11 41.05 40.98 40.97 41 41.05 41.02 40.98 40.95 40.87 40.77 40.74
42.14 42.18 42.19 42.02 41.88 41.79 41.8 42.01 42.1 42.01 41.79 41.67 41.64 41.54 41.47 41.45 41.46 41.46 41.47 41.48 41.47 41.46 41.38 41.42 41.45 41.48 41.41 41.34 41.28 41.15 41.16 41.18 41.2 41.22 41.15 41.12 41.05 41.03 41.02 41.01 41.01 41.05 41.09 41.07 41.12 41.18 41.21 41.22 41.26 41.28 41.23 41.23 41.23 41.26 41.27 41.29 41.29 41.24 41.26 41.27 41.34 41.34 41.3 41.22 41.15 41.12 41.09 41.02 40.97 40.98 41.01 41.04 40.99 40.95 40.93 40.88 40.8 40.76
42.02 42.04 42.01 41.95 41.99 42.05 42.12 42.29 42.33 42.16 41.86 41.74 41.69 41.59 41.53 41.51 41.51 41.51 41.52 41.52 41.52 41.47 41.33 41.42 41.48 41.54 41.45 41.33 41.26 41.17 41.19 41.21 41.23 41.24 41.21 41.18 41.1 41.08 41.07 41.06 41.04 41.03 41.05 41.05 41.1 41.14 41.17 41.19 41.23 41.26 41.3 41.33 41.33 41.21 41.24 41.3 41.28 41.17 41.16 41.15 41.22 41.27 41.26 41.19 41.13 41.09 41.06 41.02 40.98 41 41.01 41.01 40.96 40.93 40.9 40.88 40.85 40.85
42 41.99 41.99 42.01 42.12 42.28 42.35 42.43 42.39 42.15 41.89 41.8 41.75 41.65 41.59 41.56 41.56 41.57 41.58 41.58 41.56 41.44 41.26 41.24 41.37 41.49 41.41 41.3 41.23 41.19 41.21 41.21 41.2 41.18 41.24 41.21 41.16 41.13 41.12 41.11 41.09 41.07 41.06 41.06 41.06 41.1 41.11 41.1 41.14 41.22 41.3 41.35 41.36 41.27 41.3 41.34 41.31 41.17 41.15 41.11 41.12 41.19 41.19 41.16 41.11 41.06 41.04 41.01 41.04 41.06 41.03 40.97 40.92 40.91 40.92 40.92 40.9 40.88
42.05 42.05 42.09 42.14 42.22 42.34 42.38 42.47 42.41 42.13 41.94 41.85 41.8 41.7 41.65 41.63 41.62 41.62 41.62 41.62 41.55 41.38 41.21 41.11 41.2 41.31 41.35 41.31 41.21 41.19 41.17 41.16 41.13 41.11 41.18 41.21 41.2 41.18 41.15 41.14 41.12 41.1 41.09 41.08 41.07 41.08 41.07 41.06 41.09 41.17 41.23 41.31 41.34 41.31 41.31 41.32 41.32 41.21 41.17 41.12 41.1 41.11 41.13 41.12 41.07 41.02 41.01 41 41.01 41.01 40.98 40.93 40.9 40.91 40.93 40.92 40.91 40.9
42.16 42.13 42.18 42.23 42.27 42.31 42.34 42.44 42.38 42.18 42.01 41.94 41.88 41.76 41.71 41.69 41.68 41.67 41.67 41.6 41.51 41.34 41.19 41.17 41.16 41.14 41.21 41.2 41.15 41.14 41.14 41.11 41.07 41.05 41.09 41.16 41.14 40.94 40.83 40.88 40.99 41.07 41.11 41.11 41.1 41.07 41.07 41.06 41.08 41.15 41.2 41.29 41.3 41.26 41.28 41.32 41.37 41.27 41.23 41.19 41.2 41.18 41.11 41.05 41.02 41 40.99 40.97 40.96 40.97 40.94 40.9 40.9 40.9 40.91 40.94 40.93 40.92
42.25 42.16 42.17 42.23 42.25 42.3 42.37 42.44 42.37 42.24 42.1 42.09 41.99 41.83 41.77 41.75 41.74 41.72 41.68 41.56 41.46 41.32 41.26 41.25 41.18 41.1 41.07 41.08 41.07 41.07 41.08 41.05 41.03 41.06 41.07 41.11 41.06 40.87 40.76 40.81 40.95 41.04 41.09 41.13 41.13 41.1 41.09 41.07 41.08 41.16 41.2 41.29 41.26 41.3 41.33 41.43 41.5 41.43 41.4 41.31 41.29 41.23 41.11 41.01 40.99 40.98 40.97 40.94 40.93 40.93 40.9 40.89 40.9 40.9 40.9 40.93 40.95 40.91
42.18 42.04 41.98 42.09 42.18 42.42 42.53 42.49 42.42 42.27 42.18 42.15 42.13 41.99 41.83 41.82 41.8 41.76 41.63 41.57 41.48 41.37 41.33 41.29 41.19 41.09 41.02 40.99 40.97 41 41.03 41.03 41.07 41.11 41.09 41.1 41.09 41.02 40.98 40.98 41.03 41.03 41.05 41.12 41.18 41.15 41.14 41.11 41.11 41.18 41.23 41.28 41.29 41.38 41.42 41.51 41.53 41.54 41.48 41.38 41.29 41.19 41.07 40.97 40.95 40.95 40.93 40.91 40.9 40.89 40.88 40.89 40.89 40.89 40.89 40.92 40.94 40.88
41.94 41.74 41.78 41.9 42.07 42.46 42.61 42.52 42.42 42.28 42.27 42.23 42.19 42.13 42 41.91 41.77 41.69 41.61 41.58 41.51 41.41 41.34 41.3 41.17 41.05 40.96 40.94 40.96 41.01 41.04 41.07 41.12 41.15 41.13 41.12 41.14 41.14 41.12 41.05 41.02 41.02 41.02 41.1 41.21 41.2 41.19 41.17 41.19 41.21 41.23 41.26 41.32 41.33 41.33 41.35 41.41 41.41 41.37 41.28 41.22 41.13 41.02 40.92 40.9 40.9 40.88 40.88 40.9 40.9 40.9 40.92 40.91 40.9 40.89 40.9 40.96 40.89
41.71 41.55 41.62 41.8 41.99 42.35 42.55 42.51 42.41 42.26 42.24 42.2 42.14 42.07 41.93 41.83 41.61 41.59 41.63 41.59 41.52 41.39 41.3 41.24 41.11 40.99 40.9 40.92 41 41.07 41.1 41.13 41.17 41.19 41.17 41.14 41.11 41.1 41.08 41.01 40.99 40.99 41 41.07 41.23 41.25 41.25 41.25 41.25 41.26 41.25 41.24 41.24 41.21 41.2 41.2 41.26 41.29 41.23 41.15 41.13 41.09 40.96 40.87 40.86 40.87 40.91 40.94 40.95 40.96 40.95 40.96 40.95 40.94 40.92 40.91 40.96 40.92
41.57 41.44 41.43 41.69 41.86 42.2 42.31 42.29 42.25 42.18 42.2 42.14 41.96 41.78 41.67 41.61 41.52 41.54 41.59 41.56 41.46 41.32 41.21 41.16 41.04 40.91 40.87 40.92 41.03 41.12 41.15 41.18 41.23 41.22 41.2 41.12 41.03 41.03 41.02 41 41 41 41 41.05 41.19 41.26 41.28 41.3 41.26 41.21 41.19 41.19 41.1 41.09 41.08 41.06 41.11 41.14 41.13 41.13 41.06 41.02 40.91 40.86 40.9 40.92 40.98 41 41.01 41.02 41.02 41 40.98 40.97 40.95 40.92 40.93 40.95
41.38 41.33 41.33 41.56 41.72 42 42 41.86 41.86 41.82 41.81 41.83 41.77 41.55 41.48 41.49 41.51 41.51 41.53 41.49 41.38 41.25 41.14 41.09 40.97 40.86 40.89 40.95 41.07 41.16 41.2 41.23 41.27 41.24 41.19 41.05 40.97 41.04 41.04 41.03 41.02 41.02 41.04 41.09 41.16 41.22 41.23 41.26 41.24 41.17 41.13 41.08 40.95 40.95 40.95 40.94 40.98 41.11 41.22 41.22 41.15 41.11 41.01 40.96 40.99 41.01 41.03 41.05 41.05 41.06 41.04 41.01 40.98 40.97 40.94 40.92 40.92 40.93
41.2 41.13 41.12 41.38 41.48 41.63 41.63 41.55 41.51 41.46 41.42 41.48 41.57 41.45 41.43 41.45 41.46 41.45 41.49 41.45 41.32 41.17 41.07 41.02 40.9 40.84 40.91 40.98 41.09 41.19 41.2 41.26 41.28 41.19 41.1 40.88 40.89 40.98 41.01 41.06 41.06 41.05 41.06 41.11 41.15 41.18 41.17 41.18 41.18 41.14 41.07 40.85 40.73 40.77 40.89 40.99 41.08 41.19 41.32 41.3 41.33 41.3 41.2 41.08 41.1 41.1 41.11 41.15 41.16 41.14 41.01 40.97 40.95 40.95 40.94 40.92 40.92 40.93
41.05 40.97 40.92 41.06 41.15 41.25 41.32 41.32 41.26 41.22 41.19 41.26 41.43 41.4 41.43 41.42 41.37 41.35 41.45 41.43 41.28 41.1 41 40.95 40.84 40.86 40.9 41.02 41.1 41.12 41.13 41.14 41.13 41.02 40.92 40.78 40.83 40.91 40.95 41.04 41.09 41.07 41.06 41.08 41.12 41.12 41.07 41.05 40.99 40.93 40.81 40.63 40.59 40.66 40.84 41.03 41.16 41.24 41.37 41.36 41.45 41.43 41.32 41.16 41.22 41.22 41.23 41.29 41.3 41.23 41 40.97 40.98 40.96 40.95 40.91 40.91 40.92
40.94 40.86 40.8 40.81 40.87 40.94 41.06 41.09 41.05 41.01 41.03 41.16 41.4 41.41 41.43 41.39 41.31 41.28 41.39 41.44 41.31 41.05 40.95 40.87 40.81 40.88 40.92 41 41.04 41 40.99 40.93 40.89 40.82 40.74 40.69 40.77 40.85 40.9 41 41.09 41.1 41.11 41.07 41.09 41.07 40.99 40.88 40.8 40.75 40.58 40.49 40.54 40.61 40.79 40.99 41.12 41.19 41.34 41.4 41.45 41.47 41.35 41.24 41.3 41.3 41.31 41.31 41.28 41.22 41.04 41 41 40.97 40.95 40.92 40.92 40.93
