slabs/33.grd
DSAA
631 301
643890 644520
4946600 4946900
36.38 49.52
[rows 136 to 169 of 301, columns 546 to 623 of 631]
40.1 40.07 40 39.9 39.81 39.77 39.68 39.63 39.59 39.54 39.41 39.31 39.24 39.22 39.18 39.16 39.18 39.19 39.22 39.24 39.26 39.27 39.3 39.32 39.33 39.36 39.34 39.3 39.28 39.2 39.12 39.22 39.22 39.22 39.21 39.2 39.16 39.09 39.05 39.04 39.05 39.05 39.02 38.99 38.99 38.99 39.02 38.95 38.92 38.91 39.01 39.01 39 38.98 38.94 38.92 38.93 39.01 38.99 39.08 39.33 39.73 40.11 40.37 40.7 40.92 41.1 41.23 41.56 41.74 41.77 41.74 41.59 41.59 41.65 41.62 41.58 41.57
40.22 40.19 40.1 40 39.92 39.88 39.78 39.73 39.73 39.66 39.53 39.41 39.3 39.26 39.21 39.18 39.19 39.21 39.23 39.25 39.27 39.29 39.32 39.34 39.35 39.34 39.33 39.3 39.27 39.22 39.17 39.23 39.24 39.26 39.26 39.23 39.19 39.11 39.09 39.07 39.08 39.07 39.03 38.99 38.98 39.01 39.07 39.08 39.03 38.95 38.96 38.95 38.93 38.95 38.92 38.92 38.95 39 39.06 39.07 39.12 39.25 39.57 39.82 40.07 40.44 40.74 40.92 41.26 41.48 41.52 41.6 41.54 41.5 41.49 41.45 41.48 41.48
40.25 40.23 40.17 40.1 40.02 39.98 39.88 39.82 39.8 39.74 39.63 39.52 39.42 39.36 39.31 39.25 39.25 39.26 39.27 39.29 39.3 39.33 39.35 39.36 39.35 39.28 39.28 39.31 39.28 39.23 39.22 39.25 39.28 39.33 39.34 39.31 39.23 39.14 39.11 39.1 39.1 39.08 39.04 39.03 39.02 39.01 39.03 39.06 39.06 39 38.95 38.93 38.9 38.92 38.92 38.93 38.94 38.97 38.99 38.98 38.96 38.96 39.12 39.3 39.56 39.93 40.16 40.45 40.76 41.05 41.09 41.23 41.22 41.13 41.13 41.11 41.2 41.24
40.25 40.24 40.2 40.15 40.1 40.07 40 39.93 39.83 39.77 39.68 39.59 39.51 39.49 39.43 39.35 39.34 39.33 39.33 39.34 39.35 39.37 39.39 39.4 39.38 39.3 39.29 39.29 39.28 39.27 39.26 39.27 39.3 39.37 39.41 39.35 39.25 39.13 39.13 39.13 39.12 39.11 39.09 39.08 39.07 39.03 39.05 39.06 39.06 39.04 39.03 39.01 39 38.99 38.93 38.94 38.94 38.87 38.85 38.88 38.9 38.89 38.92 38.98 39.2 39.47 39.59 39.93 40.28 40.58 40.63 40.73 40.7 40.67 40.72 40.84 40.96 40.98
40.24 40.23 40.19 40.16 40.12 40.09 40.01 39.94 39.83 39.76 39.71 39.65 39.6 39.6 39.55 39.46 39.45 39.42 39.42 39.41 39.42 39.43 39.45 39.47 39.47 39.41 39.33 39.29 39.29 39.3 39.32 39.31 39.34 39.38 39.41 39.34 39.24 39.11 39.11 39.12 39.16 39.16 39.13 39.13 39.13 39.09 39.07 39.08 39.07 38.99 39.07 39.11 39.12 39.06 39.02 39.02 38.99 38.84 38.75 38.78 38.87 38.94 38.94 38.9 38.97 39.16 39.24 39.51 39.81 40.07 40.14 40.23 40.3 40.4 40.47 40.6 40.72 40.73
40.2 40.21 40.18 40.12 40.06 40.02 39.91 39.84 39.81 39.76 39.75 39.75 39.72 39.69 39.65 39.57 39.56 39.54 39.52 39.5 39.49 39.5 39.51 39.53 39.53 39.45 39.37 39.3 39.29 39.31 39.33 39.36 39.37 39.4 39.41 39.36 39.22 39.09 39.1 39.14 39.19 39.18 39.16 39.18 39.21 39.21 39.16 39.15 39.15 39.13 39.17 39.19 39.19 39.14 39.1 39.09 39.04 38.89 38.76 38.73 38.85 39 39 38.91 38.91 39.03 39.09 39.26 39.39 39.47 39.55 39.79 40.05 40.16 40.23 40.37 40.49 40.51
40.16 40.19 40.15 40.06 39.97 39.91 39.81 39.78 39.81 39.84 39.83 39.89 39.85 39.78 39.75 39.68 39.67 39.65 39.62 39.61 39.59 39.58 39.58 39.58 39.59 39.51 39.4 39.32 39.3 39.31 39.34 39.35 39.37 39.39 39.35 39.32 39.18 39.08 39.13 39.18 39.23 39.25 39.24 39.26 39.3 39.33 39.28 39.27 39.27 39.28 39.25 39.23 39.2 39.18 39.13 39.06 38.99 38.87 38.79 38.74 38.84 38.96 38.98 38.91 38.92 38.97 39.02 39.13 39.08 39.06 39.09 39.33 39.72 39.93 40 40.13 40.26 40.29
40.15 40.16 40.11 40.02 39.95 39.87 39.78 39.82 39.87 39.97 39.99 39.99 39.98 39.89 39.87 39.79 39.78 39.76 39.73 39.72 39.7 39.68 39.66 39.64 39.62 39.55 39.43 39.35 39.33 39.33 39.35 39.35 39.34 39.36 39.3 39.26 39.18 39.14 39.18 39.23 39.28 39.3 39.33 39.35 39.39 39.41 39.4 39.38 39.35 39.31 39.28 39.27 39.23 39.2 39.16 39.02 38.91 38.77 38.76 38.79 38.88 38.95 38.99 38.94 38.93 38.93 38.98 38.96 38.97 39 38.97 39.05 39.27 39.55 39.7 39.9 40.01 40.02
40.17 40.16 40.13 40.05 40.02 39.93 39.87 39.96 40 40.1 40.12 40.08 40.06 40.01 39.94 39.9 39.89 39.87 39.84 39.83 39.81 39.78 39.73 39.71 39.69 39.62 39.48 39.43 39.35 39.34 39.38 39.38 39.37 39.35 39.29 39.27 39.23 39.22 39.24 39.27 39.34 39.37 39.42 39.44 39.49 39.49 39.49 39.48 39.44 39.41 39.38 39.36 39.33 39.29 39.24 39.01 38.84 38.72 38.75 38.84 38.93 39 39.03 38.97 38.95 38.89 38.97 39.04 38.99 38.94 38.94 38.96 39.06 39.18 39.37 39.63 39.75 39.76
40.18 40.18 40.16 40.11 40.09 40.01 40 40.1 40.13 40.16 40.14 40.15 40.14 40.1 40.05 40 39.99 39.96 39.92 39.89 39.87 39.83 39.79 39.77 39.77 39.73 39.63 39.59 39.5 39.43 39.38 39.39 39.39 39.37 39.33 39.32 39.3 39.29 39.31 39.33 39.4 39.45 39.5 39.54 39.57 39.57 39.57 39.56 39.53 39.51 39.5 39.46 39.42 39.39 39.33 39.05 38.78 38.76 38.8 38.9 38.98 39.04 39.07 39.02 38.95 38.91 38.96 38.98 38.9 38.86 38.86 38.9 38.95 39.01 39.11 39.26 39.35 39.4
40.15 40.2 40.25 40.2 40.17 40.11 40.14 40.21 40.2 40.16 40.14 40.15 40.16 40.17 40.14 40.11 40.07 40.02 39.97 39.96 39.95 39.9 39.87 39.86 39.84 39.8 39.73 39.7 39.66 39.56 39.44 39.43 39.43 39.42 39.4 39.39 39.38 39.37 39.37 39.39 39.43 39.48 39.53 39.6 39.64 39.64 39.64 39.64 39.63 39.61 39.59 39.55 39.52 39.49 39.42 39.13 38.81 38.79 38.82 38.9 38.98 39.04 39.08 39.08 39.02 39.03 39 38.93 38.89 38.89 38.87 38.92 38.92 38.94 38.94 39 39.1 39.17
40.13 40.17 40.24 40.28 40.26 40.2 40.25 40.25 40.22 40.16 40.13 40.15 40.16 40.21 40.26 40.27 40.26 40.22 40.11 40.07 40 39.97 39.93 39.92 39.88 39.84 39.77 39.75 39.76 39.69 39.57 39.55 39.53 39.51 39.48 39.47 39.45 39.45 39.44 39.44 39.45 39.49 39.53 39.64 39.7 39.72 39.72 39.72 39.72 39.7 39.69 39.65 39.62 39.59 39.51 39.22 38.96 38.92 38.91 38.92 38.99 39.07 39.09 39.11 39.1 39.09 39.01 38.94 38.94 38.93 38.87 38.9 38.94 38.94 38.89 38.91 39 39.04
40.13 40.16 40.19 40.28 40.3 40.31 40.3 40.25 40.22 40.16 40.13 40.16 40.19 40.25 40.31 40.33 40.37 40.38 40.29 40.22 40.08 40.01 39.97 39.95 39.91 39.87 39.81 39.81 39.85 39.81 39.7 39.68 39.65 39.62 39.59 39.56 39.54 39.52 39.51 39.49 39.49 39.52 39.56 39.68 39.74 39.77 39.78 39.8 39.8 39.8 39.78 39.75 39.71 39.69 39.6 39.32 39.13 39.08 39.07 39.1 39.04 39.06 39.08 39.1 39.1 39.07 39 38.99 38.97 38.92 38.84 38.83 38.94 38.92 38.89 38.89 38.94 38.92
40.14 40.16 40.13 40.22 40.24 40.3 40.29 40.25 40.21 40.15 40.13 40.18 40.22 40.27 40.32 40.33 40.38 40.43 40.43 40.36 40.17 40.05 40.01 39.99 39.94 39.9 39.85 39.88 39.96 39.93 39.83 39.81 39.77 39.76 39.73 39.69 39.64 39.58 39.57 39.54 39.53 39.55 39.59 39.71 39.78 39.81 39.82 39.85 39.87 39.88 39.87 39.85 39.82 39.82 39.77 39.54 39.41 39.34 39.32 39.28 39.09 39.06 39.05 39.07 39.04 39.01 38.98 39.06 39.01 38.94 38.86 38.82 38.87 38.89 38.93 38.94 38.97 38.93
40.17 40.16 40.13 40.18 40.21 40.27 40.26 40.23 40.2 40.15 40.15 40.18 40.23 40.28 40.32 40.35 40.4 40.46 40.48 40.41 40.23 40.12 40.07 40.05 39.99 39.93 39.89 39.93 40.05 40.03 39.95 39.91 39.88 39.91 39.89 39.83 39.74 39.65 39.63 39.59 39.58 39.58 39.62 39.75 39.82 39.85 39.87 39.91 39.94 39.98 39.98 39.99 39.98 39.96 39.9 39.73 39.63 39.59 39.53 39.37 39.15 39.09 39.02 39.03 38.99 38.98 38.98 39.12 39.09 39.03 38.95 38.89 38.85 38.88 39.01 39.06 39.08 39.07
40.26 40.19 40.18 40.21 40.23 40.27 40.26 40.24 40.22 40.2 40.2 40.22 40.27 40.31 40.35 40.37 40.42 40.49 40.49 40.44 40.28 40.18 40.14 40.11 40.06 39.99 39.93 39.98 40.11 40.13 40.01 39.98 39.98 40.03 40 39.91 39.8 39.72 39.68 39.63 39.64 39.63 39.67 39.8 39.89 39.91 39.94 39.97 40.01 40.04 40.06 40.09 40.1 40.09 40 39.88 39.8 39.77 39.67 39.44 39.21 39.11 39.01 38.99 38.97 38.97 38.99 39.09 39.1 39.08 39.01 38.97 38.91 38.92 39.05 39.01 39.01 39.01
40.34 40.27 40.24 40.25 40.26 40.29 40.31 40.31 40.31 40.31 40.31 40.32 40.36 40.39 40.43 40.45 40.49 40.52 40.48 40.44 40.34 40.25 40.2 40.18 40.1 40.02 39.97 39.99 40.09 40.15 40.13 40.09 40.06 40.08 40.03 39.94 39.84 39.76 39.73 39.73 39.8 39.84 39.85 39.89 39.94 39.96 39.99 40.03 40.06 40.09 40.11 40.14 40.17 40.17 40.12 40.03 39.95 39.9 39.75 39.5 39.27 39.16 39.01 38.97 38.99 38.99 39.02 39.08 39.12 39.11 39.07 38.98 38.91 38.91 38.93 38.97 38.96 38.96
40.38 40.35 40.31 40.3 40.29 40.33 40.39 40.41 40.43 40.42 40.41 40.42 40.46 40.5 40.53 40.54 40.57 40.51 40.44 40.38 40.35 40.32 40.27 40.22 40.14 40.06 40.03 40.02 40.11 40.17 40.18 40.17 40.13 40.09 40.06 39.97 39.88 39.81 39.77 39.78 39.88 39.91 39.92 39.95 39.98 40 40.03 40.06 40.1 40.12 40.14 40.17 40.18 40.19 40.19 40.12 40.05 40 39.83 39.57 39.35 39.24 39.04 39.02 39.03 39.04 39.08 39.12 39.16 39.14 39.1 38.99 38.91 38.91 38.94 38.95 38.96 38.94
40.37 40.37 40.41 40.37 40.31 40.35 40.43 40.48 40.54 40.54 40.52 40.53 40.57 40.61 40.63 40.65 40.65 40.59 40.54 40.5 40.43 40.38 40.3 40.26 40.17 40.1 40.07 40.05 40.16 40.26 40.26 40.23 40.17 40.1 40.07 39.99 39.92 39.85 39.81 39.8 39.88 39.88 39.92 39.98 40.02 40.04 40.06 40.09 40.11 40.11 40.12 40.11 40.08 40.1 40.11 40.08 40.04 40 39.91 39.68 39.48 39.39 39.18 39.1 39.11 39.13 39.2 39.25 39.24 39.19 39.13 39.03 38.98 38.93 38.96 38.95 38.96 38.95
40.39 40.4 40.51 40.46 40.36 40.37 40.46 40.52 40.63 40.65 40.63 40.63 40.66 40.67 40.68 40.69 40.67 40.63 40.58 40.56 40.5 40.45 40.4 40.32 40.21 40.12 40.09 40.11 40.27 40.34 40.33 40.26 40.19 40.13 40.09 40.01 39.94 39.88 39.84 39.83 39.89 39.91 39.95 40.01 40.06 40.07 40.1 40.08 40.02 40.01 39.97 39.91 39.92 39.97 40 39.96 40 40 39.99 39.82 39.66 39.56 39.36 39.19 39.2 39.24 39.33 39.3 39.26 39.2 39.17 39.11 39.05 38.99 38.99 38.98 39 39.02
40.49 40.46 40.56 40.56 40.48 40.41 40.47 40.51 40.59 40.57 40.61 40.64 40.68 40.68 40.69 40.69 40.66 40.64 40.61 40.57 40.52 40.47 40.42 40.29 40.18 40.07 40.09 40.21 40.37 40.39 40.35 40.27 40.21 40.15 40.11 40.04 39.97 39.91 39.88 39.87 39.91 39.93 39.92 40.01 40.1 40.09 40.1 40.01 39.87 39.84 39.77 39.76 39.84 39.89 39.97 39.99 39.97 39.98 39.93 39.78 39.65 39.57 39.4 39.25 39.25 39.28 39.37 39.32 39.32 39.28 39.22 39.17 39.14 39.09 39.05 39.01 39.03 39.07
40.52 40.55 40.62 40.62 40.61 40.58 40.56 40.56 40.6 40.58 40.59 40.63 40.68 40.69 40.68 40.67 40.64 40.61 40.6 40.56 40.51 40.45 40.36 40.2 40.08 40.06 40.12 40.28 40.4 40.4 40.36 40.29 40.22 40.16 40.12 40.05 39.98 39.93 39.89 39.91 39.97 39.92 39.86 39.93 40.11 40.09 40.16 40.14 39.96 39.87 39.7 39.69 39.75 39.8 39.9 39.96 39.99 40 39.94 39.79 39.67 39.59 39.42 39.3 39.31 39.33 39.37 39.36 39.38 39.33 39.26 39.24 39.24 39.23 39.13 39.05 39.06 39.08
40.51 40.6 40.67 40.7 40.74 40.64 40.58 40.56 40.57 40.57 40.62 40.63 40.66 40.68 40.67 40.64 40.61 40.59 40.57 40.53 40.5 40.43 40.31 40.11 40.04 40.12 40.18 40.31 40.41 40.41 40.37 40.3 40.23 40.17 40.13 40.05 39.99 39.97 39.93 39.95 39.97 39.9 39.76 39.83 40.04 40.03 40.07 40.01 39.88 39.81 39.66 39.63 39.68 39.72 39.81 39.87 39.9 39.92 39.94 39.83 39.76 39.62 39.45 39.36 39.37 39.37 39.39 39.41 39.41 39.35 39.3 39.31 39.31 39.31 39.22 39.14 39.13 39.12
40.48 40.57 40.66 40.69 40.75 40.66 40.58 40.52 40.53 40.51 40.57 40.62 40.63 40.65 40.65 40.64 40.61 40.56 40.53 40.48 40.5 40.4 40.25 40.04 40.06 40.16 40.22 40.32 40.41 40.41 40.37 40.3 40.24 40.19 40.14 40.07 40.01 39.99 39.97 40 39.99 39.9 39.72 39.7 39.85 39.88 39.93 39.95 39.84 39.76 39.62 39.58 39.61 39.64 39.7 39.76 39.76 39.77 39.84 39.84 39.8 39.65 39.49 39.43 39.41 39.41 39.43 39.45 39.44 39.38 39.35 39.36 39.37 39.37 39.29 39.23 39.22 39.19
40.42 40.51 40.59 40.64 40.71 40.65 40.59 40.5 40.49 40.49 40.52 40.55 40.53 40.55 40.57 40.63 40.61 40.49 40.46 40.44 40.49 40.35 40.21 40.03 40.1 40.17 40.23 40.34 40.41 40.41 40.38 40.32 40.26 40.23 40.15 40.08 40.02 40.02 40.02 40.05 40.01 39.91 39.71 39.64 39.69 39.72 39.78 39.83 39.77 39.68 39.56 39.5 39.52 39.55 39.64 39.71 39.7 39.68 39.72 39.79 39.77 39.66 39.52 39.47 39.46 39.45 39.47 39.5 39.46 39.41 39.41 39.42 39.42 39.42 39.35 39.32 39.3 39.24
40.38 40.46 40.54 40.6 40.68 40.62 40.58 40.5 40.48 40.49 40.47 40.42 40.36 40.41 40.44 40.54 40.53 40.43 40.4 40.35 40.51 40.43 40.25 40.04 40.11 40.17 40.23 40.35 40.41 40.41 40.39 40.33 40.27 40.24 40.16 40.09 40.05 40.05 40.07 40.1 40.02 39.92 39.72 39.68 39.76 39.73 39.68 39.62 39.6 39.57 39.5 39.43 39.44 39.5 39.64 39.74 39.72 39.69 39.67 39.71 39.72 39.67 39.55 39.52 39.51 39.5 39.52 39.51 39.47 39.45 39.46 39.48 39.48 39.44 39.38 39.37 39.34 39.31
40.35 40.42 40.49 40.57 40.65 40.59 40.55 40.5 40.5 40.48 40.41 40.26 40.18 40.28 40.34 40.42 40.33 40.29 40.28 40.29 40.43 40.46 40.29 40.06 40.12 40.18 40.25 40.36 40.41 40.41 40.4 40.34 40.28 40.24 40.17 40.1 40.09 40.1 40.12 40.17 40.05 39.94 39.78 39.86 39.88 39.81 39.68 39.56 39.53 39.49 39.44 39.38 39.41 39.53 39.7 39.77 39.74 39.7 39.68 39.67 39.68 39.66 39.59 39.56 39.55 39.55 39.59 39.52 39.49 39.48 39.51 39.53 39.51 39.47 39.41 39.4 39.38 39.37
40.34 40.39 40.43 40.53 40.61 40.54 40.53 40.51 40.52 40.49 40.43 40.29 40.24 40.26 40.28 40.32 40.37 40.4 40.36 40.29 40.33 40.38 40.29 40.09 40.1 40.15 40.26 40.36 40.4 40.4 40.4 40.35 40.29 40.26 40.2 40.17 40.17 40.18 40.2 40.24 40.07 39.96 39.89 40.04 39.97 39.9 39.76 39.65 39.6 39.48 39.41 39.35 39.4 39.56 39.72 39.76 39.74 39.72 39.71 39.68 39.68 39.66 39.64 39.62 39.6 39.59 39.61 39.53 39.52 39.52 39.55 39.57 39.59 39.57 39.45 39.44 39.43 39.41
40.37 40.38 40.41 40.5 40.58 40.51 40.52 40.53 40.52 40.5 40.44 40.35 40.35 40.39 40.39 40.37 40.42 40.43 40.38 40.29 40.23 40.25 40.25 40.13 40.12 40.16 40.27 40.37 40.4 40.4 40.4 40.37 40.31 40.28 40.24 40.24 40.24 40.25 40.26 40.27 40.09 40.01 40.03 40.15 40.08 39.98 39.85 39.74 39.68 39.55 39.42 39.36 39.42 39.57 39.73 39.79 39.77 39.76 39.73 39.7 39.68 39.65 39.74 39.74 39.73 39.74 39.66 39.64 39.58 39.57 39.63 39.64 39.64 39.59 39.5 39.48 39.47 39.46
40.42 40.43 40.44 40.48 40.55 40.51 40.54 40.56 40.54 40.5 40.47 40.45 40.47 40.47 40.43 40.37 40.4 40.41 40.38 40.27 40.19 40.18 40.18 40.16 40.17 40.19 40.28 40.39 40.4 40.4 40.39 40.38 40.33 40.3 40.27 40.28 40.29 40.3 40.31 40.3 40.17 40.11 40.19 40.25 40.2 40.06 39.93 39.82 39.77 39.63 39.52 39.46 39.48 39.58 39.72 39.83 39.8 39.8 39.86 39.83 39.82 39.83 39.79 39.78 39.78 39.79 39.69 39.69 39.7 39.67 39.69 39.67 39.64 39.61 39.61 39.58 39.5 39.44
40.46 40.47 40.48 40.49 40.53 40.55 40.57 40.6 40.6 40.54 40.55 40.56 40.52 40.48 40.42 40.35 40.37 40.37 40.36 40.29 40.25 40.23 40.18 40.18 40.2 40.22 40.3 40.39 40.39 40.39 40.39 40.39 40.34 40.33 40.32 40.33 40.34 40.34 40.35 40.36 40.33 40.3 40.35 40.34 40.28 40.15 40.02 39.91 39.85 39.73 39.64 39.56 39.59 39.64 39.72 39.84 39.83 39.79 39.86 39.9 39.93 39.95 39.85 39.83 39.84 39.84 39.75 39.76 39.8 39.83 39.83 39.82 39.79 39.72 39.7 39.65 39.53 39.46
40.51 40.52 40.52 40.54 40.58 40.6 40.62 40.68 40.7 40.64 40.65 40.6 40.53 40.49 40.41 40.34 40.3 40.3 40.28 40.26 40.27 40.25 40.22 40.21 40.2 40.22 40.28 40.38 40.38 40.38 40.38 40.38 40.37 40.37 40.38 40.39 40.39 40.4 40.41 40.45 40.46 40.48 40.5 40.43 40.37 40.23 40.1 40 39.94 39.83 39.75 39.67 39.69 39.74 39.8 39.85 39.87 39.9 39.94 39.95 39.99 40 39.97 39.97 39.96 39.94 39.9 39.9 39.93 39.97 39.96 39.96 39.93 39.83 39.74 39.7 39.61 39.6
40.56 40.53 40.57 40.62 40.63 40.64 40.66 40.73 40.79 40.78 40.73 40.6 40.53 40.5 40.42 40.38 40.34 40.31 40.21 40.19 40.29 40.28 40.27 40.27 40.23 40.23 40.21 40.36 40.37 40.37 40.37 40.37 40.39 40.41 40.43 40.44 40.43 40.43 40.46 40.52 40.53 40.52 40.6 40.51 40.45 40.32 40.19 40.08 40.03 39.96 39.86 39.78 39.8 39.85 39.9 39.94 39.95 40 40.05 40.08 40.08 40.06 40.02 40.04 40.08 40.08 40.05 40.04 40.06 40.09 40.07 40.04 39.99 39.89 39.8 39.78 39.78 39.83
40.55 40.52 40.58 40.68 40.71 40.69 40.69 40.74 40.82 40.82 40.74 40.59 40.53 40.49 40.42 40.4 40.44 40.39 40.25 40.25 40.38 40.37 40.36 40.35 40.3 40.28 40.2 40.32 40.37 40.37 40.38 40.34 40.35 40.4 40.46 40.45 40.45 40.48 40.56 40.64 40.67 40.69 40.63 40.6 40.53 40.4 40.27 40.17 40.14 40.07 39.97 39.89 39.9 39.96 40.07 40.09 40.09 40.11 40.16 40.18 40.17 40.1 40.03 40.07 40.17 40.21 40.16 40.15 40.16 40.2 40.16 40.12 40.09 40 39.94 39.96 40.02 40.07
