slabs/33.grd
DSAA
631 301
643890 644520
4946600 4946900
36.38 49.52
[rows 68 to 101 of 301, columns 156 to 233 of 631]
48.36 48.77 49.18 49.29 49.3 49.3 49.3 49.24 48.94 48.4 47.92 47.71 47.14 46.62 46.25 46.1 45.72 45.35 45.16 45.07 44.7 44.4 44.38 44.34 44.3 44.24 44.14 44.08 44.01 43.99 43.99 44.01 43.99 43.95 43.93 43.9 43.81 43.81 43.77 43.71 43.42 43.07 42.85 42.34 41.87 41.52 41.4 41.3 41.35 41.37 41.38 41.39 41.38 41.38 41.33 41.25 41.15 41.1 40.98 40.87 40.79 40.81 40.98 41.23 41.34 41.38 41.5 41.64 41.68 41.66 41.64 41.6 41.57 41.55 41.5 41.46 41.43 41.4
48.57 48.94 49.26 49.31 49.3 49.31 49.29 49.2 48.78 48.23 47.72 47.51 46.96 46.42 46.1 45.93 45.56 45.21 45.12 45.07 44.74 44.47 44.4 44.4 44.26 44.14 44.09 44.03 43.97 43.98 43.96 43.95 43.97 43.97 43.99 43.98 43.91 43.85 43.79 43.7 43.36 43.01 42.75 42.2 41.69 41.43 41.41 41.41 41.44 41.46 41.48 41.52 41.47 41.44 41.32 41.21 41.11 41.06 40.94 40.8 40.71 40.73 40.97 41.22 41.29 41.35 41.5 41.63 41.69 41.65 41.59 41.54 41.51 41.48 41.43 41.4 41.38 41.32
48.73 49.09 49.28 49.3 49.32 49.3 49.25 49.1 48.59 48.05 47.59 47.36 46.81 46.27 45.95 45.77 45.38 45.02 44.83 44.89 44.8 44.44 44.44 44.35 44.22 44.12 44.09 44.04 44 43.96 43.95 43.91 43.92 43.95 43.97 44.01 43.96 43.88 43.79 43.67 43.28 42.92 42.62 42.05 41.55 41.43 41.44 41.45 41.46 41.47 41.48 41.49 41.43 41.39 41.28 41.18 41.1 41.05 40.94 40.82 40.73 40.76 41.02 41.21 41.29 41.35 41.46 41.61 41.65 41.6 41.52 41.48 41.45 41.42 41.37 41.33 41.29 41.15
48.85 49.2 49.28 49.3 49.31 49.28 49.21 49.02 48.45 47.86 47.45 47.21 46.65 46.11 45.8 45.57 45.06 44.69 44.61 44.71 44.79 44.34 44.32 44.35 44.23 44.07 44.06 44.02 43.93 43.93 43.92 43.88 43.89 43.9 43.93 44 44 43.94 43.78 43.6 43.19 42.81 42.51 41.94 41.49 41.46 41.44 41.43 41.45 41.45 41.47 41.48 41.4 41.36 41.26 41.15 41.07 41.02 40.92 40.8 40.73 40.8 41.05 41.22 41.29 41.35 41.46 41.56 41.61 41.56 41.46 41.41 41.39 41.34 41.3 41.19 41.18 41.15
49.01 49.3 49.31 49.3 49.29 49.25 49.11 48.89 48.31 47.71 47.31 47.06 46.48 45.97 45.62 45.36 44.85 44.55 44.39 44.41 44.47 44.43 44.39 44.3 44.22 44.09 44.06 43.99 43.97 43.93 43.89 43.85 43.88 43.84 43.9 43.99 44.02 43.99 43.76 43.55 43.09 42.65 42.4 41.89 41.48 41.47 41.44 41.42 41.43 41.44 41.48 41.46 41.39 41.35 41.25 41.14 41.07 41.02 40.91 40.8 40.73 40.75 41.02 41.21 41.29 41.36 41.47 41.56 41.56 41.52 41.42 41.35 41.33 41.28 41.22 41.19 41.19 41.21
49.17 49.38 49.34 49.32 49.3 49.2 48.94 48.67 48.06 47.49 47.13 46.88 46.29 45.71 45.41 45.11 44.62 44.44 44.41 44.46 44.46 44.4 44.4 44.32 44.23 44.08 44.05 43.97 43.97 43.94 43.91 43.84 43.85 43.81 43.85 43.98 44.05 44.03 43.74 43.48 42.98 42.58 42.25 41.81 41.49 41.48 41.45 41.41 41.41 41.44 41.5 41.46 41.38 41.33 41.23 41.13 41.05 41 40.9 40.8 40.72 40.7 40.96 41.14 41.2 41.35 41.48 41.57 41.56 41.51 41.44 41.34 41.3 41.25 41.24 41.24 41.27 41.3
49.21 49.39 49.36 49.36 49.32 49.13 48.71 48.44 47.9 47.32 46.91 46.64 46.1 45.62 45.45 45.09 44.67 44.43 44.4 44.4 44.38 44.4 44.34 44.21 44.15 44.08 44.05 43.99 43.97 43.95 43.94 43.84 43.85 43.86 43.89 43.96 44.05 44.03 43.65 43.37 42.87 42.62 42.07 41.73 41.5 41.49 41.46 41.42 41.42 41.46 41.52 41.45 41.38 41.32 41.22 41.12 41.04 40.99 40.89 40.8 40.72 40.7 40.9 41.08 41.14 41.3 41.45 41.58 41.53 41.49 41.47 41.39 41.36 41.32 41.32 41.34 41.36 41.38
49.24 49.35 49.38 49.39 49.28 48.99 48.57 48.29 47.75 47.22 46.78 46.47 45.95 45.64 45.57 45.36 45.15 44.8 44.67 44.43 44.28 44.29 44.25 44.16 44.16 44.15 44.1 44.03 43.99 43.97 43.94 43.86 43.89 43.9 43.92 43.91 43.99 43.96 43.51 43.22 42.73 42.49 41.95 41.63 41.52 41.52 41.49 41.49 41.55 41.59 41.56 41.47 41.4 41.35 41.25 41.15 41.08 41.02 40.92 40.84 40.79 40.73 40.89 41.11 41.18 41.34 41.49 41.55 41.51 41.43 41.41 41.39 41.38 41.38 41.4 41.41 41.42 41.44
49.3 49.37 49.43 49.4 49.2 48.83 48.4 48.11 47.58 47.12 46.85 46.29 45.81 45.82 45.79 45.68 45.47 45.11 44.94 44.5 44.23 44.2 44.19 44.2 44.28 44.23 44.17 44.08 44.01 43.97 43.92 43.91 43.9 43.84 43.85 43.86 43.95 43.85 43.27 42.97 42.46 42.29 41.9 41.61 41.58 41.57 41.55 41.55 41.65 41.64 41.57 41.48 41.44 41.38 41.28 41.19 41.14 41.05 40.95 40.87 40.84 40.8 40.92 41.2 41.27 41.45 41.49 41.53 41.52 41.41 41.35 41.34 41.33 41.38 41.45 41.47 41.48 41.5
49.29 49.4 49.43 49.37 49.12 48.71 48.38 47.81 47.3 46.85 46.67 46.13 45.82 45.95 45.95 45.88 45.63 45.3 45.13 44.62 44.28 44.22 44.19 44.2 44.33 44.27 44.22 44.11 44.01 43.95 43.94 43.96 43.91 43.9 43.8 43.66 43.91 43.75 42.85 42.46 42.21 42.07 41.76 41.67 41.61 41.61 41.62 41.65 41.65 41.62 41.58 41.47 41.46 41.41 41.31 41.22 41.2 41.11 41.01 40.94 40.92 40.88 40.92 41.23 41.33 41.53 41.55 41.58 41.57 41.45 41.35 41.33 41.3 41.34 41.46 41.5 41.53 41.56
49.32 49.45 49.41 49.28 48.93 48.49 48.24 47.6 47.07 46.59 46.42 46 45.88 45.98 45.99 45.98 45.82 45.52 45.33 44.81 44.42 44.27 44.23 44.23 44.32 44.36 44.27 44.1 43.96 43.97 43.98 43.89 43.87 43.88 43.73 43.29 43.25 43.2 42.66 42.42 42.16 42 41.69 41.69 41.69 41.68 41.66 41.65 41.59 41.57 41.55 41.45 41.45 41.41 41.35 41.27 41.24 41.15 41.07 41.03 41.01 40.96 40.93 41.24 41.35 41.58 41.67 41.61 41.6 41.54 41.4 41.4 41.36 41.36 41.46 41.49 41.57 41.61
49.39 49.47 49.4 49.18 48.73 48.29 48.06 47.46 46.91 46.45 46.29 45.93 45.97 46.03 46.02 46.01 45.97 45.68 45.53 45.03 44.59 44.39 44.37 44.38 44.4 44.42 44.26 44.01 43.89 43.91 43.93 43.83 43.82 43.85 43.8 43.32 43.14 43.08 42.79 42.41 42.11 41.94 41.69 41.71 41.73 41.7 41.57 41.51 41.5 41.5 41.47 41.43 41.42 41.4 41.38 41.32 41.28 41.19 41.14 41.12 41.1 41.03 41 41.24 41.36 41.59 41.69 41.57 41.56 41.56 41.49 41.48 41.49 41.51 41.49 41.52 41.6 41.66
49.45 49.46 49.39 49.08 48.56 48.13 47.9 47.32 46.76 46.35 46.21 46.01 46.14 46.13 46.09 46.01 45.89 45.68 45.59 45.32 44.97 44.76 44.64 44.47 44.41 44.38 44.18 43.96 43.92 43.92 43.87 43.82 43.79 43.85 43.83 43.37 43.11 42.95 42.66 42.35 42.06 41.88 41.69 41.71 41.7 41.66 41.51 41.44 41.45 41.45 41.42 41.4 41.38 41.37 41.38 41.35 41.32 41.25 41.24 41.21 41.18 41.12 41.08 41.19 41.32 41.56 41.63 41.57 41.49 41.54 41.61 41.63 41.59 41.48 41.36 41.44 41.63 41.67
49.48 49.43 49.36 48.97 48.38 47.92 47.71 47.16 46.61 46.21 46.13 46.24 46.28 46.2 46.16 46.04 45.87 45.78 45.67 45.5 45.24 45.13 44.85 44.52 44.35 44.29 44.1 43.91 43.81 43.83 43.84 43.78 43.75 43.74 43.58 43.32 43.05 42.85 42.35 42.06 41.84 41.75 41.68 41.72 41.71 41.65 41.55 41.44 41.45 41.45 41.4 41.37 41.36 41.35 41.38 41.39 41.37 41.36 41.33 41.29 41.27 41.22 41.18 41.25 41.37 41.54 41.51 41.48 41.38 41.51 41.64 41.64 41.59 41.56 41.48 41.51 41.66 41.69
49.47 49.39 49.28 48.82 48.19 47.72 47.52 47 46.41 46.07 45.99 46.32 46.36 46.16 46.13 45.99 45.85 45.8 45.64 45.51 45.33 45.23 45.02 44.67 44.39 44.32 44.12 43.89 43.73 43.72 43.69 43.55 43.52 43.5 43.43 43.1 42.86 42.56 42.03 41.78 41.67 41.64 41.66 41.72 41.73 41.71 41.6 41.47 41.48 41.46 41.41 41.38 41.36 41.39 41.43 41.45 41.48 41.51 41.41 41.37 41.36 41.3 41.27 41.32 41.42 41.47 41.42 41.4 41.42 41.56 41.67 41.64 41.59 41.54 41.56 41.61 41.73 41.74
49.46 49.38 49.19 48.62 48.02 47.54 47.29 46.76 46.18 46.06 46.03 46.35 46.39 46.14 46.05 45.9 45.81 45.73 45.56 45.51 45.42 45.34 45.12 44.79 44.49 44.4 44.23 43.99 43.78 43.68 43.58 43.48 43.45 43.39 43.21 42.6 42.32 42.11 41.81 41.64 41.62 41.6 41.63 41.69 41.72 41.75 41.65 41.52 41.51 41.47 41.42 41.41 41.42 41.47 41.5 41.5 41.57 41.66 41.56 41.46 41.39 41.26 41.2 41.27 41.4 41.4 41.34 41.34 41.47 41.64 41.63 41.61 41.59 41.52 41.56 41.66 41.79 41.78
49.48 49.35 49.06 48.41 47.83 47.36 47.09 46.53 45.97 45.72 45.87 46.33 46.34 46.22 45.99 45.81 45.77 45.7 45.57 45.56 45.5 45.42 45.21 45.02 44.86 44.75 44.49 44.12 43.85 43.71 43.59 43.54 43.49 43.39 42.9 42.13 41.86 41.78 41.69 41.55 41.55 41.57 41.61 41.65 41.7 41.77 41.7 41.56 41.53 41.48 41.47 41.46 41.48 41.53 41.62 41.68 41.78 41.85 41.72 41.67 41.54 41.38 41.18 41.18 41.29 41.3 41.28 41.33 41.53 41.67 41.59 41.61 41.63 41.47 41.52 41.64 41.75 41.71
49.47 49.22 48.9 48.25 47.64 47.25 46.94 46.35 45.94 45.82 45.9 46.3 46.22 46.12 45.87 45.75 45.65 45.66 45.55 45.56 45.58 45.52 45.36 45.19 45.1 45 44.67 44.26 43.96 43.82 43.67 43.59 43.53 43.33 42.64 41.98 41.87 41.68 41.58 41.47 41.49 41.54 41.59 41.62 41.66 41.75 41.73 41.6 41.56 41.52 41.52 41.5 41.53 41.6 41.7 41.89 42.01 42.03 41.88 41.82 41.6 41.32 41.1 41.07 41.12 41.21 41.27 41.3 41.5 41.65 41.64 41.68 41.67 41.49 41.5 41.6 41.68 41.63
49.25 48.98 48.67 48.11 47.49 47.11 46.76 46.19 45.81 45.77 45.97 46.32 46.23 46.13 45.86 45.77 45.68 45.67 45.59 45.62 45.63 45.61 45.51 45.26 45.12 45.02 44.73 44.41 44.19 43.97 43.75 43.68 43.59 43.15 42.43 41.9 41.81 41.6 41.48 41.41 41.43 41.49 41.55 41.59 41.62 41.69 41.71 41.61 41.59 41.58 41.57 41.55 41.58 41.62 41.65 41.85 42.22 42.21 42 41.9 41.64 41.39 41.17 41.09 41.07 41.21 41.33 41.37 41.55 41.73 41.79 41.82 41.78 41.58 41.56 41.59 41.62 41.56
49.02 48.66 48.38 47.84 47.33 47.11 46.51 45.95 45.86 45.89 46.1 46.28 46.23 46.14 45.91 45.79 45.72 45.67 45.59 45.72 45.69 45.66 45.57 45.3 45.13 45 44.78 44.6 44.49 44.14 43.86 43.76 43.58 42.99 42.32 41.87 41.79 41.57 41.37 41.34 41.37 41.43 41.5 41.55 41.62 41.75 41.81 41.73 41.68 41.61 41.59 41.59 41.62 41.62 41.67 41.9 42.37 42.32 42.09 41.98 41.7 41.45 41.22 41.13 41.09 41.26 41.39 41.47 41.64 41.8 41.9 41.93 41.88 41.73 41.69 41.6 41.57 41.52
48.91 48.63 48.09 47.52 47.1 46.89 46.28 45.85 45.99 46.09 46.26 46.28 46.2 46.1 45.91 45.77 45.62 45.55 45.49 45.76 45.69 45.64 45.54 45.3 45.12 44.99 44.89 44.81 44.7 44.31 43.97 43.8 43.53 42.86 42.21 41.87 41.78 41.55 41.3 41.34 41.37 41.44 41.56 41.63 41.68 41.81 41.84 41.76 41.73 41.71 41.72 41.77 41.82 41.81 41.85 42.07 42.41 42.36 42.13 42.01 41.73 41.45 41.25 41.15 41.08 41.3 41.45 41.53 41.67 41.81 41.9 41.92 41.87 41.8 41.76 41.59 41.53 41.54
48.75 48.37 47.56 47.49 46.91 46.68 46.14 45.93 46.13 46.21 46.31 46.31 46.16 46.08 45.87 45.74 45.49 45.41 45.41 45.67 45.53 45.49 45.43 45.31 45.22 45.01 44.92 44.86 44.75 44.38 44.05 43.67 43.41 42.74 42.11 41.86 41.75 41.44 41.27 41.29 41.34 41.43 41.52 41.59 41.65 41.77 41.77 41.74 41.72 41.78 41.83 41.87 41.91 41.87 41.92 42.09 42.3 42.28 42.13 42.01 41.73 41.46 41.27 41.16 41.08 41.31 41.5 41.57 41.7 41.83 41.87 41.9 41.8 41.75 41.74 41.6 41.54 41.47
47.37 46.8 45.46 46.07 45.72 45.85 45.67 45.83 46.23 46.26 46.26 46.24 46.1 46.04 45.8 45.65 45.46 45.33 45.26 45.33 45.33 45.31 45.31 45.21 45.11 44.99 44.93 44.86 44.74 44.36 43.91 43.53 43.28 42.64 42.01 41.84 41.64 41.31 41.25 41.26 41.3 41.36 41.44 41.47 41.53 41.65 41.73 41.71 41.68 41.76 41.82 41.84 41.87 41.84 41.86 41.97 42.11 42.11 42.07 41.99 41.74 41.48 41.29 41.18 41.07 41.31 41.5 41.6 41.69 41.79 41.81 41.86 41.86 41.93 41.91 41.78 41.63 41.53
44.99 44.27 42.36 42.39 43.35 43.95 44.22 44.93 45.81 46.06 46.17 46.12 46.05 45.94 45.72 45.52 45.22 45.13 44.97 44.95 44.98 45.02 45.14 45.12 45.06 44.98 44.87 44.81 44.7 44.35 43.87 43.47 43.19 42.53 41.94 41.65 41.42 41.21 41.21 41.22 41.24 41.27 41.33 41.34 41.41 41.53 41.64 41.63 41.62 41.7 41.76 41.78 41.83 41.84 41.86 41.9 41.98 41.99 41.98 41.97 41.8 41.55 41.37 41.22 41.09 41.33 41.44 41.66 41.71 41.74 41.75 41.78 41.88 42.03 42.01 41.94 41.74 41.52
42.55 41.88 40.22 38.87 40.95 41.56 41.75 43.01 44.03 44.97 45.93 46.02 46 45.86 45.6 45.34 45.24 45 44.88 44.93 44.89 44.88 44.96 45 44.91 44.9 44.87 44.86 44.72 44.36 43.88 43.53 43.22 42.48 41.7 41.36 41.23 41.16 41.17 41.17 41.19 41.2 41.23 41.24 41.3 41.41 41.51 41.51 41.55 41.64 41.73 41.76 41.82 41.84 41.9 41.93 41.99 42 42.01 42.02 41.97 41.76 41.67 41.41 41.26 41.45 41.55 41.67 41.68 41.69 41.73 41.72 41.72 41.97 41.94 41.87 41.74 41.55
40.12 39.62 38.65 38.5 38.35 38.72 39.55 40.6 41.43 42.79 45.56 45.93 45.9 45.78 45.42 45.18 45.08 44.94 44.88 44.81 44.79 44.7 44.77 44.9 44.88 44.87 44.83 44.82 44.7 44.36 44 43.74 43.38 42.56 41.63 41.35 41.15 41.12 41.13 41.15 41.17 41.17 41.16 41.16 41.2 41.31 41.41 41.42 41.48 41.58 41.67 41.72 41.8 41.85 41.97 41.97 42.01 42.03 42.05 42.06 42.08 41.98 41.87 41.59 41.41 41.54 41.6 41.68 41.64 41.66 41.69 41.67 41.7 41.83 41.8 41.79 41.66 41.59
37.98 38 38.4 38.34 38.27 38.3 38.39 38.54 39.07 40.82 44.67 45.77 45.76 45.71 45.33 45.06 44.99 44.8 44.66 44.81 44.75 44.62 44.48 44.61 44.68 44.78 44.78 44.71 44.62 44.3 44.03 43.88 43.55 42.69 41.76 41.52 41.11 41.08 41.09 41.13 41.15 41.15 41.14 41.14 41.14 41.25 41.33 41.34 41.42 41.53 41.62 41.68 41.79 41.88 41.97 41.99 42.04 42.06 42.07 42.1 42.14 42.14 42.02 41.71 41.46 41.5 41.56 41.72 41.72 41.74 41.74 41.7 41.77 41.69 41.67 41.62 41.58 41.58
37.64 37.68 37.77 37.86 37.94 38.11 38.3 38.35 38.44 38.84 40.56 44.86 44.84 45.1 44.97 44.83 44.63 43.55 42.73 44.25 44.16 44.26 44.45 44.52 44.61 44.72 44.73 44.57 44.58 44.28 43.95 43.86 43.59 42.82 41.89 41.57 41.07 41.03 41.02 41.09 41.12 41.13 41.12 41.12 41.12 41.25 41.28 41.28 41.37 41.51 41.61 41.66 41.76 41.83 41.88 42.01 42.08 42.11 42.12 42.12 42.11 42.09 42.03 41.79 41.46 41.33 41.43 41.65 41.77 41.79 41.75 41.69 41.74 41.6 41.56 41.52 41.58 41.57
38.14 38.05 37.9 37.76 37.71 37.74 38.02 38.12 38.19 38.32 38.68 40.45 40.54 40.83 41.09 42.88 42.64 40.76 39.94 41.16 41.43 42.4 43.85 44.39 44.52 44.72 44.73 44.61 44.67 44.23 43.84 43.75 43.52 42.96 42.04 41.58 40.99 40.95 40.95 41 41.07 41.11 41.1 41.1 41.11 41.2 41.24 41.23 41.33 41.55 41.65 41.69 41.7 41.81 41.86 42 42.04 42.03 42.03 42.02 41.99 41.88 41.85 41.7 41.4 41.23 41.33 41.54 41.71 41.77 41.72 41.67 41.66 41.58 41.52 41.55 41.64 41.58
38.69 38.48 38.05 37.66 37.6 37.57 37.71 37.72 37.78 37.88 38.01 38.11 38.2 38.34 38.49 40 39.89 38.69 38.38 38.44 38.77 39.79 41.45 42.38 43.28 44.43 44.74 44.72 44.7 44.04 43.7 43.56 43.31 43 42.07 41.51 40.88 40.86 40.86 40.9 40.98 41.09 41.1 41.09 41.08 41.08 41.11 41.13 41.23 41.4 41.48 41.56 41.57 41.68 41.74 41.91 41.92 41.88 41.86 41.8 41.76 41.69 41.68 41.59 41.31 41.18 41.27 41.46 41.64 41.75 41.72 41.69 41.62 41.59 41.52 41.59 41.65 41.59
38.97 38.44 37.88 37.53 37.52 37.54 37.58 37.53 37.54 37.58 37.67 37.73 37.89 38.18 38.33 38.29 38.33 38.35 38.35 38.38 38.37 38.39 38.43 38.72 40.47 43.15 44.24 44.26 44.3 43.81 43.52 43.33 42.92 42.56 41.71 41.21 40.74 40.73 40.73 40.78 40.86 40.99 41.04 41.04 41.01 40.99 41 41.02 41.05 41.18 41.26 41.28 41.31 41.44 41.52 41.72 41.79 41.77 41.73 41.65 41.58 41.55 41.54 41.49 41.25 41.13 41.21 41.39 41.58 41.7 41.77 41.71 41.6 41.57 41.51 41.58 41.63 41.58
38.83 38.22 37.66 37.47 37.5 37.55 37.55 37.52 37.54 37.55 37.51 37.53 37.61 37.88 38.14 38.12 38.2 38.3 38.32 38.35 38.34 38.35 38.36 38.35 38.5 40.35 42.5 42.73 43.55 42.63 42.81 42.72 42.29 41.75 41.35 40.96 40.59 40.62 40.65 40.69 40.69 40.81 40.84 40.83 40.75 40.76 40.77 40.8 40.83 40.9 40.95 41.01 41.11 41.23 41.33 41.56 41.69 41.7 41.67 41.58 41.5 41.45 41.42 41.37 41.21 41.12 41.17 41.33 41.47 41.55 41.72 41.67 41.61 41.59 41.52 41.54 41.57 41.54
38.59 38.03 37.52 37.48 37.5 37.54 37.51 37.53 37.54 37.52 37.49 37.53 37.58 37.67 37.76 37.87 37.98 38.21 38.27 38.29 38.3 38.34 38.35 38.33 38.32 38.4 38.57 38.99 40.42 40.26 40.69 41.06 41.13 40.78 40.6 40.54 40.44 40.45 40.49 40.47 40.42 40.39 40.44 40.53 40.55 40.6 40.61 40.64 40.68 40.71 40.73 40.82 40.96 41.09 41.22 41.45 41.57 41.63 41.6 41.52 41.43 41.38 41.34 41.26 41.18 41.15 41.16 41.3 41.43 41.5 41.64 41.64 41.53 41.55 41.52 41.45 41.5 41.47
38.43 37.87 37.44 37.48 37.5 37.52 37.49 37.53 37.52 37.49 37.5 37.55 37.6 37.68 37.76 37.8 37.93 38.17 38.21 38.21 38.21 38.27 38.35 38.33 38.32 38.34 38.35 38.44 38.77 38.82 39.02 39.45 39.68 39.85 40.06 40.2 40.13 39.99 40.02 40.02 40.02 40.04 40.13 40.32 40.45 40.5 40.52 40.55 40.57 40.61 40.62 40.68 40.82 40.98 41.11 41.34 41.45 41.52 41.52 41.46 41.38 41.32 41.27 41.19 41.14 41.12 41.14 41.27 41.41 41.46 41.57 41.56 41.52 41.49 41.46 41.44 41.44 41.41
