slabs/34.grd
DSAA
631 301
643890 644520
4946900 4947200
36.42 58.12
[rows 238 to 271 of 301, columns 312 to 389 of 631]
42.83 42.8 42.79 42.79 42.79 42.76 42.79 42.8 42.84 42.84 42.85 42.87 43.05 43.69 44.38 44.72 45.17 45.79 46.36 46.89 47.59 48.43 49.01 49.63 50.52 51.49 52.12 52.76 53.71 54.56 55.05 55.53 56.21 56.89 57.26 57.65 57.93 58 58 57.92 57.35 56.68 56.19 55.54 54.88 54.43 54.12 53.69 53.37 53.29 53.28 53.27 53.28 53.3 53.28 53.31 53.31 53.33 53.34 53.32 53.27 53.26 53.24 53.19 53.19 53.17 53.14 53.15 53.22 53.31 53.42 53.37 53.14 52.7 51.9 51.02 50.46 49.81
42.82 42.8 42.78 42.77 42.78 42.76 42.77 42.79 42.8 42.79 42.78 42.78 42.88 43.5 44.15 44.47 44.92 45.65 46.19 46.69 47.39 48.21 48.8 49.43 50.28 51.17 51.74 52.44 53.44 54.31 54.79 55.31 55.98 56.63 56.98 57.27 57.65 57.83 57.84 57.71 57.18 56.64 56.12 55.37 54.69 54.32 54.02 53.61 53.33 53.27 53.27 53.26 53.28 53.32 53.32 53.34 53.33 53.34 53.34 53.31 53.26 53.27 53.25 53.2 53.2 53.2 53.17 53.17 53.27 53.4 53.53 53.39 53.13 52.66 51.87 50.97 50.41 49.75
42.79 42.77 42.77 42.8 42.79 42.76 42.77 42.77 42.78 42.75 42.75 42.76 42.81 43.29 43.78 44.2 44.83 45.56 46.01 46.52 47.22 48.04 48.62 49.25 50.08 50.98 51.55 52.24 53.16 54 54.43 54.95 55.58 56.22 56.58 56.86 57.25 57.48 57.5 57.38 56.95 56.5 55.99 55.27 54.58 54.2 53.93 53.57 53.32 53.26 53.28 53.28 53.3 53.32 53.34 53.36 53.36 53.38 53.35 53.32 53.28 53.28 53.24 53.2 53.2 53.19 53.17 53.21 53.35 53.49 53.62 53.37 53.07 52.6 51.81 50.89 50.34 49.69
42.78 42.76 42.78 42.79 42.76 42.75 42.74 42.74 42.76 42.73 42.72 42.73 42.77 43.16 43.58 44.03 44.68 45.44 45.91 46.47 47.15 47.98 48.54 49.13 49.92 50.76 51.31 51.96 52.82 53.62 54.04 54.55 55.18 55.75 56.11 56.51 56.86 57.04 57.03 56.97 56.64 56.32 55.84 55.14 54.48 54.11 53.87 53.52 53.33 53.29 53.3 53.28 53.33 53.36 53.4 53.4 53.39 53.39 53.38 53.36 53.33 53.29 53.23 53.2 53.19 53.17 53.18 53.27 53.44 53.57 53.64 53.28 52.96 52.52 51.71 50.81 50.27 49.62
42.75 42.75 42.77 42.79 42.8 42.76 42.74 42.74 42.76 42.74 42.72 42.72 42.73 43.04 43.46 43.9 44.54 45.35 45.87 46.44 47.1 47.88 48.4 48.91 49.65 50.5 51.04 51.66 52.48 53.18 53.65 54.23 54.88 55.34 55.7 56.14 56.42 56.54 56.51 56.41 56.19 56.03 55.6 54.99 54.41 54.1 53.84 53.53 53.39 53.36 53.35 53.33 53.37 53.39 53.45 53.44 53.44 53.42 53.39 53.36 53.33 53.31 53.25 53.22 53.19 53.17 53.18 53.3 53.46 53.59 53.54 53.16 52.84 52.36 51.61 50.84 50.33 49.61
42.78 42.78 42.78 42.78 42.8 42.76 42.75 42.75 42.74 42.72 42.7 42.69 42.69 42.92 43.28 43.66 44.29 45.14 45.69 46.24 46.94 47.66 48.1 48.56 49.31 50.22 50.74 51.39 52.2 52.77 53.23 53.89 54.54 54.98 55.34 55.75 55.95 56.02 55.96 55.81 55.65 55.54 55.3 54.79 54.29 54.03 53.79 53.56 53.44 53.41 53.38 53.35 53.34 53.37 53.43 53.42 53.41 53.42 53.38 53.34 53.32 53.3 53.27 53.23 53.2 53.18 53.21 53.33 53.45 53.52 53.43 53.1 52.79 52.22 51.5 50.92 50.41 49.61
42.8 42.8 42.79 42.78 42.8 42.76 42.77 42.76 42.71 42.69 42.67 42.65 42.64 42.76 42.97 43.36 44.02 44.86 45.4 45.96 46.68 47.36 47.74 48.24 49.02 49.81 50.31 51 51.88 52.47 52.89 53.53 54.19 54.63 54.97 55.32 55.43 55.45 55.45 55.28 55.08 54.99 54.86 54.46 54.04 53.81 53.67 53.54 53.45 53.41 53.38 53.34 53.32 53.34 53.37 53.34 53.33 53.36 53.34 53.33 53.31 53.3 53.27 53.23 53.22 53.22 53.27 53.38 53.47 53.45 53.38 53.11 52.85 52.21 51.39 50.79 50.26 49.47
42.82 42.82 42.81 42.79 42.8 42.76 42.76 42.74 42.69 42.67 42.66 42.62 42.62 42.65 42.7 43.11 43.81 44.63 45.15 45.71 46.37 46.97 47.38 47.96 48.75 49.37 49.89 50.66 51.57 52.16 52.59 53.18 53.85 54.25 54.55 54.85 54.93 54.92 54.94 54.81 54.64 54.56 54.39 54.09 53.81 53.65 53.62 53.52 53.43 53.37 53.3 53.23 53.21 53.23 53.21 53.08 53.07 53.11 53.18 53.24 53.26 53.3 53.3 53.26 53.25 53.29 53.35 53.42 53.48 53.48 53.33 53.12 52.89 52.19 51.31 50.71 50.16 49.36
42.83 42.83 42.83 42.79 42.77 42.74 42.74 42.71 42.67 42.64 42.65 42.61 42.61 42.61 42.63 42.87 43.54 44.37 44.86 45.41 46.01 46.47 46.98 47.73 48.51 49.08 49.63 50.4 51.34 51.95 52.45 52.96 53.59 53.96 54.16 54.35 54.46 54.51 54.65 54.64 54.5 54.42 54.16 53.8 53.64 53.57 53.55 53.42 53.31 53.21 52.96 52.86 52.86 52.84 52.8 52.71 52.74 52.83 52.99 53.11 53.16 53.28 53.33 53.29 53.28 53.38 53.44 53.47 53.51 53.5 53.26 53.03 52.75 52.06 51.21 50.61 50.04 49.21
42.84 42.83 42.83 42.79 42.76 42.73 42.72 42.7 42.67 42.63 42.62 42.59 42.58 42.59 42.6 42.71 43.32 44.15 44.65 45.15 45.78 46.29 46.79 47.49 48.23 48.72 49.31 50.15 51.1 51.65 52.23 52.77 53.36 53.69 53.81 53.92 54.17 54.35 54.62 54.74 54.63 54.44 54.05 53.64 53.52 53.49 53.41 53.18 53 52.8 52.47 52.33 52.34 52.3 52.33 52.41 52.5 52.68 52.88 53 53.08 53.29 53.33 53.3 53.28 53.4 53.53 53.57 53.58 53.46 53.2 53.03 52.69 51.96 51.05 50.45 49.88 49.04
42.84 42.83 42.81 42.8 42.78 42.74 42.73 42.7 42.66 42.62 42.59 42.6 42.58 42.58 42.56 42.63 43.13 43.76 44.24 44.88 45.61 46.1 46.55 47.19 47.93 48.4 48.99 49.8 50.71 51.28 51.87 52.48 52.96 53.24 53.47 53.65 54.01 54.27 54.64 54.91 54.9 54.64 54.16 53.68 53.46 53.42 53.27 52.88 52.6 52.29 52.02 51.89 51.9 51.93 52.05 52.2 52.32 52.5 52.69 52.83 52.98 53.27 53.34 53.33 53.3 53.35 53.52 53.59 53.59 53.38 53.14 53 52.62 51.87 50.95 50.37 49.77 48.9
42.87 42.83 42.8 42.8 42.78 42.75 42.73 42.72 42.67 42.62 42.6 42.6 42.57 42.55 42.56 42.62 42.98 43.46 43.96 44.63 45.36 45.82 46.25 46.91 47.68 48.13 48.66 49.43 50.39 51.07 51.59 52.05 52.45 52.72 53.15 53.45 53.77 54.07 54.56 54.98 55.08 54.85 54.37 53.82 53.47 53.4 53.12 52.53 52.17 51.81 51.6 51.55 51.6 51.69 51.82 52.01 52.12 52.24 52.43 52.58 52.82 53.22 53.34 53.36 53.32 53.3 53.34 53.39 53.45 53.24 53.06 52.98 52.55 51.73 50.82 50.26 49.62 48.74
42.88 42.83 42.79 42.79 42.77 42.73 42.7 42.72 42.7 42.66 42.63 42.62 42.59 42.57 42.57 42.59 42.85 43.2 43.7 44.41 45.08 45.52 45.97 46.69 47.45 47.85 48.39 49.2 50.11 50.69 50.96 51.34 51.76 52.13 52.65 53.12 53.45 53.81 54.38 54.91 55.07 54.9 54.49 53.94 53.56 53.37 52.77 51.99 51.6 51.26 51.18 51.22 51.25 51.36 51.51 51.68 51.79 51.85 52.05 52.28 52.63 53.15 53.3 53.31 53.31 53.29 53.23 53.21 53.2 53.05 52.93 52.81 52.36 51.53 50.55 49.91 49.24 48.32
42.86 42.84 42.83 42.81 42.79 42.76 42.75 42.76 42.71 42.65 42.63 42.57 42.57 42.56 42.57 42.59 42.75 42.99 43.44 44.14 44.77 45.19 45.69 46.45 47.23 47.56 48.13 48.94 49.7 50.08 50.23 50.69 51.13 51.52 51.84 52.51 53.08 53.56 54.08 54.65 54.89 54.83 54.48 53.92 53.49 53.08 52.13 51.31 51.01 50.88 50.89 50.9 50.88 50.94 51.13 51.29 51.39 51.47 51.66 51.92 52.43 53.02 53.18 53.21 53.25 53.18 53.03 52.94 52.81 52.65 52.51 52.37 51.87 50.96 49.67 48.69 47.95 47.09
42.84 42.83 42.83 42.79 42.77 42.76 42.77 42.78 42.71 42.65 42.64 42.58 42.57 42.56 42.58 42.59 42.66 42.79 43.17 43.85 44.46 44.88 45.38 46.1 46.85 47.19 47.75 48.53 49.13 49.44 49.81 50.25 50.6 50.81 50.76 51.62 52.41 52.95 53.4 53.97 54.28 54.43 54.15 53.47 52.84 52.11 51.32 50.76 50.53 50.51 50.59 50.62 50.56 50.61 50.76 50.93 51.06 51.12 51.28 51.49 51.97 52.55 52.89 52.96 52.97 52.7 52.35 52.11 51.81 51.59 51.25 51.04 50.39 49.17 47.97 47.07 46.35 45.68
42.86 42.85 42.84 42.8 42.78 42.76 42.77 42.76 42.71 42.66 42.65 42.6 42.56 42.55 42.58 42.58 42.59 42.63 42.85 43.44 44.11 44.55 45 45.65 46.2 46.64 47.27 48.03 48.53 48.85 49.32 49.59 49.77 49.75 49.66 50.65 51.31 51.65 52.15 52.82 53.2 53.54 53.45 52.79 52.1 51.38 50.75 50.33 50.13 50.12 50.17 50.18 50.15 50.24 50.4 50.57 50.7 50.77 50.95 51.09 51.41 51.91 52.16 52.13 52.03 51.26 50.76 50.47 50.14 49.94 49.67 49.33 48.5 47.05 46.3 45.88 45.36 44.89
42.86 42.83 42.84 42.79 42.79 42.8 42.81 42.78 42.74 42.69 42.68 42.61 42.56 42.55 42.59 42.59 42.57 42.55 42.59 42.98 43.61 43.99 44.35 44.94 45.26 45.8 46.64 47.36 47.79 48.1 48.45 48.66 48.74 48.73 48.95 49.63 50.04 50.4 50.9 51.53 51.87 52.42 52.68 52.1 51.42 50.87 50.34 50 49.78 49.73 49.7 49.71 49.74 49.81 49.98 50.12 50.28 50.4 50.59 50.52 50.49 50.69 50.57 50.37 50.21 49.59 49.24 49.01 48.74 48.54 48.46 48.02 47.16 46.01 45.49 45.19 44.75 44.31
42.89 42.86 42.87 42.83 42.86 42.93 42.93 42.9 42.85 42.79 42.75 42.65 42.57 42.56 42.6 42.62 42.58 42.55 42.52 42.69 42.98 43.19 43.47 43.89 44.08 44.57 45.49 46.08 46.38 46.78 47.3 47.8 47.99 48.01 48.2 48.52 48.82 49.34 49.82 50.33 50.65 51.17 51.58 51.33 50.85 50.37 49.92 49.6 49.42 49.33 49.24 49.26 49.32 49.38 49.49 49.54 49.69 49.75 49.71 49.5 49.31 49.22 48.83 48.56 48.49 48.57 48.54 48.4 48.16 47.82 47.55 47.07 46.25 45.48 45.1 44.79 44.37 43.88
42.98 43 43.01 42.97 42.99 43.03 43.02 42.99 42.94 42.91 42.83 42.7 42.59 42.57 42.59 42.61 42.59 42.57 42.5 42.51 42.57 42.72 42.87 43.01 43.14 43.45 43.87 44.53 44.9 45.38 46.07 46.75 47.13 47.26 47.52 47.7 47.86 48.29 48.73 49.17 49.51 49.97 50.38 50.46 50.19 49.75 49.42 49.19 49.04 48.91 48.75 48.74 48.8 48.85 48.96 49.01 49.08 48.87 48.53 48.32 48.21 48.04 47.74 47.61 47.77 47.9 47.93 47.84 47.57 47.22 46.96 46.58 45.86 45.16 44.74 44.39 43.93 43.45
43.03 43.05 43.1 43.1 43.06 43.03 42.98 42.94 42.93 42.93 42.85 42.71 42.61 42.61 42.61 42.61 42.61 42.58 42.51 42.46 42.41 42.48 42.56 42.63 42.62 42.69 42.96 43.42 43.75 44.27 45.05 45.86 46.3 46.56 46.88 46.97 46.99 47.27 47.7 47.94 48.25 48.78 49.33 49.59 49.46 48.93 48.75 48.68 48.52 48.38 48.26 48.25 48.31 48.33 48.44 48.57 48.55 48.11 47.66 47.42 47.24 47 46.9 46.96 47.16 47.24 47.21 47.18 46.92 46.62 46.43 46.11 45.48 44.82 44.41 44.04 43.56 43.08
42.98 42.97 43.03 43.07 43.03 43 42.95 42.93 42.91 42.9 42.86 42.73 42.61 42.6 42.61 42.62 42.61 42.59 42.5 42.42 42.39 42.41 42.51 42.48 42.38 42.39 42.55 42.99 43.34 43.88 44.64 45.33 45.69 45.98 46.28 46.34 46.31 46.39 46.64 46.69 46.82 47.36 48.01 48.38 48.38 48.08 48.07 48.1 47.94 47.85 47.86 47.88 47.94 47.94 47.97 48 47.92 47.47 47.06 46.84 46.56 46.36 46.28 46.33 46.45 46.51 46.48 46.47 46.31 46.06 45.91 45.67 45.09 44.46 44.05 43.66 43.22 42.81
42.96 42.95 42.99 43.01 43 42.99 42.95 42.96 42.98 42.97 42.9 42.77 42.66 42.62 42.6 42.59 42.58 42.58 42.52 42.43 42.35 42.33 42.53 42.55 42.39 42.37 42.44 42.79 43.08 43.59 44.22 44.73 45.06 45.38 45.63 45.69 45.7 45.71 45.77 45.79 45.85 46.31 46.89 47.25 47.3 47.39 47.53 47.56 47.47 47.43 47.44 47.47 47.51 47.57 47.53 47.44 47.27 46.96 46.77 46.56 46.21 45.93 45.8 45.81 45.78 45.76 45.8 45.81 45.74 45.57 45.47 45.26 44.73 44.1 43.7 43.3 42.88 42.56
42.97 42.96 42.98 42.98 42.96 42.95 42.95 42.97 42.97 42.97 42.91 42.79 42.69 42.63 42.6 42.6 42.57 42.58 42.54 42.43 42.35 42.34 42.54 42.68 42.71 42.75 42.63 42.69 42.81 43.18 43.54 43.89 44.23 44.61 44.87 45.02 45.12 45.18 45.21 45.29 45.5 45.92 46.37 46.63 46.65 46.75 46.93 46.98 46.98 46.98 46.98 47.03 47.1 47.19 47.18 47.05 46.84 46.49 46.27 46.07 45.77 45.5 45.36 45.37 45.27 45.14 45.15 45.18 45.2 45.13 45.07 44.89 44.42 43.81 43.43 42.99 42.56 42.29
42.99 42.99 42.97 42.98 42.97 42.96 42.95 42.95 42.94 42.95 42.91 42.82 42.73 42.65 42.59 42.58 42.58 42.58 42.54 42.44 42.36 42.35 42.53 42.84 43.17 43.33 43 42.69 42.53 42.65 42.86 43.13 43.42 43.85 44.17 44.42 44.61 44.68 44.71 44.8 45.03 45.37 45.65 45.8 45.84 46.03 46.25 46.34 46.41 46.59 46.6 46.61 46.71 46.82 46.76 46.61 46.41 46.03 45.79 45.61 45.38 45.15 45.01 44.96 44.76 44.58 44.59 44.65 44.72 44.71 44.66 44.51 44.2 43.77 43.4 42.8 42.32 42.06
43.02 43.02 42.97 42.98 42.98 42.96 42.93 42.9 42.91 42.92 42.9 42.81 42.74 42.65 42.6 42.58 42.57 42.57 42.55 42.45 42.37 42.37 42.6 43.03 43.48 43.67 43.2 42.7 42.36 42.24 42.43 42.65 42.87 43.3 43.61 43.87 44.08 44.06 44.01 44.07 44.25 44.46 44.71 44.89 45.07 45.32 45.54 45.62 45.73 46.08 46.18 46.17 46.23 46.29 46.23 46.09 45.94 45.59 45.36 45.25 45.13 44.93 44.76 44.53 44.21 44 44.03 44.15 44.24 44.18 44.09 44.04 43.94 43.77 43.43 42.73 42.19 41.92
42.97 42.98 42.97 42.97 42.97 42.95 42.92 42.9 42.9 42.92 42.91 42.82 42.75 42.66 42.61 42.57 42.56 42.57 42.55 42.47 42.4 42.38 42.69 43.13 43.56 43.69 43.21 42.72 42.36 42.19 42.22 42.33 42.49 42.77 43.05 43.3 43.5 43.48 43.37 43.35 43.58 43.74 43.89 44.05 44.37 44.64 44.81 44.87 45.05 45.43 45.62 45.62 45.55 45.5 45.49 45.43 45.37 45.08 44.89 44.78 44.69 44.55 44.37 44.07 43.64 43.26 43.22 43.36 43.45 43.42 43.4 43.5 43.56 43.57 43.28 42.66 42.12 41.88
42.96 42.97 42.96 42.95 42.94 42.92 42.9 42.9 42.91 42.93 42.92 42.86 42.8 42.67 42.59 42.56 42.54 42.56 42.53 42.49 42.44 42.38 42.66 43.08 43.51 43.68 43.33 42.93 42.52 42.23 42.16 42.16 42.2 42.37 42.63 42.85 43.02 42.97 42.86 42.85 42.99 43.14 43.23 43.42 43.78 44.01 44.11 44.14 44.32 44.65 44.79 44.81 44.64 44.62 44.63 44.62 44.61 44.46 44.35 44.07 43.92 43.79 43.67 43.44 43 42.6 42.46 42.55 42.61 42.68 42.82 42.95 43.06 43.21 42.98 42.49 42.06 41.89
42.96 42.97 42.95 42.93 42.91 42.89 42.88 42.89 42.9 42.92 42.91 42.87 42.83 42.64 42.58 42.56 42.54 42.55 42.53 42.5 42.44 42.39 42.61 42.96 43.36 43.59 43.38 43.1 42.67 42.29 42.16 42.1 42.1 42.17 42.33 42.46 42.55 42.53 42.46 42.46 42.53 42.65 42.73 42.91 43.21 43.41 43.5 43.5 43.65 43.84 43.85 43.85 43.77 43.8 43.74 43.65 43.62 43.62 43.62 43.39 43.23 43.05 42.94 42.81 42.46 42.23 42.12 42.14 42.2 42.25 42.36 42.43 42.56 42.73 42.6 42.22 41.96 41.86
42.96 42.95 42.94 42.93 42.92 42.9 42.88 42.88 42.9 42.91 42.89 42.85 42.79 42.63 42.58 42.57 42.55 42.55 42.52 42.49 42.43 42.39 42.53 42.83 43.22 43.5 43.25 42.95 42.57 42.25 42.13 42.08 42.08 42.09 42.15 42.2 42.22 42.25 42.26 42.27 42.29 42.34 42.39 42.5 42.69 42.83 42.91 42.93 43.03 43.08 42.95 42.93 42.96 43.02 42.96 42.84 42.81 42.86 42.95 42.98 42.83 42.62 42.48 42.37 42.15 42.01 41.96 41.99 42.01 42.02 42.03 42.09 42.17 42.27 42.2 41.98 41.83 41.78
42.95 42.95 42.95 42.94 42.94 42.92 42.89 42.9 42.92 42.92 42.89 42.83 42.76 42.63 42.58 42.55 42.53 42.51 42.49 42.48 42.42 42.37 42.56 42.86 43.24 43.51 43.23 42.88 42.48 42.21 42.13 42.1 42.09 42.08 42.1 42.1 42.1 42.14 42.17 42.19 42.21 42.23 42.24 42.27 42.34 42.37 42.4 42.43 42.48 42.46 42.33 42.34 42.39 42.42 42.44 42.39 42.37 42.42 42.54 42.61 42.42 42.27 42.15 42.03 41.94 41.9 41.87 41.87 41.9 41.93 41.88 41.9 41.93 41.95 41.9 41.82 41.76 41.75
42.96 42.98 42.98 42.98 42.97 42.96 42.94 42.93 42.94 42.93 42.87 42.79 42.73 42.61 42.55 42.55 42.55 42.52 42.47 42.45 42.39 42.37 42.66 42.99 43.38 43.58 43.32 43.01 42.58 42.21 42.1 42.09 42.1 42.08 42.09 42.08 42.09 42.11 42.14 42.14 42.17 42.18 42.18 42.18 42.18 42.16 42.16 42.16 42.16 42.15 42.13 42.18 42.21 42.17 42.15 42.11 42.1 42.12 42.18 42.17 42.07 41.99 41.96 41.92 41.85 41.84 41.85 41.84 41.87 41.87 41.82 41.82 41.83 41.82 41.79 41.74 41.73 41.73
43 43 43.02 43.01 42.99 42.98 42.95 42.91 42.88 42.84 42.76 42.69 42.67 42.61 42.56 42.55 42.54 42.49 42.43 42.4 42.38 42.35 42.65 42.96 43.36 43.58 43.38 43.08 42.63 42.23 42.1 42.1 42.09 42.07 42.08 42.07 42.07 42.09 42.11 42.11 42.14 42.15 42.15 42.15 42.14 42.14 42.15 42.14 42.12 42.13 42.14 42.17 42.17 42.14 42.12 42.09 42.06 42.06 42.03 41.96 41.91 41.89 41.88 41.82 41.82 41.84 41.81 41.8 41.82 41.84 41.79 41.77 41.78 41.77 41.74 41.71 41.7 41.71
43.04 43 42.98 42.94 42.91 42.86 42.84 42.83 42.81 42.76 42.71 42.69 42.63 42.58 42.55 42.54 42.52 42.46 42.39 42.37 42.34 42.35 42.61 42.87 43.27 43.44 43.31 43.02 42.63 42.26 42.12 42.09 42.06 42.04 42.05 42.04 42.03 42.05 42.06 42.07 42.12 42.14 42.15 42.13 42.15 42.14 42.12 42.1 42.1 42.12 42.11 42.14 42.15 42.13 42.12 42.06 42.01 41.98 41.97 41.94 41.9 41.89 41.88 41.82 41.8 41.81 41.75 41.74 41.77 41.8 41.76 41.75 41.74 41.74 41.73 41.71 41.7 41.7
42.99 42.96 42.91 42.87 42.86 42.8 42.77 42.78 42.74 42.68 42.65 42.63 42.6 42.56 42.51 42.5 42.47 42.42 42.37 42.34 42.32 42.34 42.56 42.78 43.15 43.2 43.11 42.91 42.58 42.27 42.15 42.11 42.06 42.02 42.03 42 42 42.02 42.04 42.05 42.1 42.12 42.13 42.11 42.13 42.13 42.09 42.05 42.08 42.09 42.09 42.1 42.13 42.1 42.08 42.01 41.98 41.97 41.95 41.91 41.88 41.87 41.85 41.82 41.8 41.8 41.73 41.73 41.76 41.77 41.76 41.74 41.72 41.72 41.72 41.71 41.7 41.71
