slabs/34.grd
DSAA
631 301
643890 644520
4946900 4947200
36.42 58.12
[rows 34 to 67 of 301, columns 546 to 623 of 631]
37.02 37.22 37.67 37.88 38.18 38.23 38.29 38.37 38.51 38.66 38.85 39.53 39.98 39.79 39.67 39.58 39.41 39.36 39.37 39.44 39.57 39.71 39.74 39.82 39.91 40.08 40.24 40.5 40.49 40.45 40.47 40.57 40.68 40.68 40.58 40.33 40.13 40.09 40.22 40.42 40.56 40.56 40.51 40.36 40.16 40.12 40.07 40.17 40.22 40.23 40.23 40.12 40.07 40.06 40.05 40.05 40.01 40.03 40.09 40.14 40.1 40.09 40.08 40.09 40.02 39.86 39.88 40.05 40.04 40.07 40.13 40.15 40.15 40.15 40.13 40.1 40.12 40.16
36.83 37.04 37.49 37.75 38.06 38.01 37.99 38.01 38.12 38.51 38.71 39.07 39.42 39.31 39.24 39.11 39.04 39.03 39.09 39.19 39.35 39.47 39.43 39.44 39.67 39.96 40.15 40.52 40.59 40.59 40.59 40.62 40.66 40.69 40.57 40.28 40.14 40.14 40.24 40.42 40.46 40.44 40.39 40.28 40.14 40.17 40.27 40.35 40.37 40.35 40.33 40.27 40.21 40.17 40.14 40.1 40.02 40.07 40.12 40.15 40.12 40.06 40.01 40 39.97 39.87 39.87 40.02 40.06 40.13 40.13 40.14 40.16 40.17 40.13 40.14 40.13 40.15
36.85 36.93 37.32 37.6 37.87 37.83 37.77 37.74 37.71 38.02 38.37 38.54 38.89 38.81 38.78 38.72 38.71 38.63 38.68 38.82 38.99 39.1 39.09 39.18 39.53 39.87 40.08 40.5 40.63 40.63 40.63 40.62 40.65 40.67 40.54 40.3 40.26 40.26 40.35 40.48 40.44 40.41 40.35 40.31 40.25 40.3 40.43 40.52 40.51 40.48 40.43 40.35 40.25 40.21 40.18 40.14 40.06 40.1 40.15 40.15 40.11 40.01 39.95 39.95 39.94 39.91 39.91 40.04 40.09 40.19 40.17 40.17 40.2 40.22 40.18 40.19 40.14 40.14
36.84 36.9 37.15 37.43 37.69 37.64 37.59 37.54 37.51 37.59 37.75 38.04 38.25 38.19 38.19 38.2 38.31 38.29 38.35 38.51 38.69 38.77 38.83 39.06 39.48 39.81 40.03 40.46 40.67 40.67 40.67 40.68 40.75 40.74 40.67 40.47 40.37 40.38 40.45 40.49 40.48 40.42 40.35 40.39 40.34 40.36 40.5 40.63 40.59 40.56 40.57 40.52 40.31 40.26 40.23 40.19 40.15 40.13 40.15 40.11 40.08 39.97 39.87 39.9 39.91 39.93 39.96 40.07 40.12 40.18 40.17 40.17 40.21 40.24 40.22 40.23 40.18 40.18
36.83 36.88 37.02 37.27 37.49 37.46 37.42 37.35 37.35 37.37 37.43 37.7 37.87 37.79 37.77 37.82 37.97 38.04 38.12 38.3 38.48 38.55 38.64 38.99 39.43 39.75 39.98 40.42 40.72 40.72 40.71 40.75 40.86 40.91 40.88 40.69 40.46 40.47 40.51 40.51 40.48 40.46 40.37 40.39 40.27 40.3 40.4 40.56 40.66 40.63 40.59 40.53 40.45 40.3 40.2 40.12 40.09 40.02 39.98 39.93 39.94 39.87 39.84 39.88 39.9 39.94 40.01 40.09 40.13 40.16 40.15 40.16 40.19 40.24 40.23 40.26 40.3 40.26
36.83 36.88 36.96 37.08 37.22 37.22 37.22 37.22 37.24 37.27 37.35 37.55 37.71 37.61 37.57 37.6 37.71 37.82 37.91 38.09 38.26 38.35 38.52 38.94 39.37 39.64 39.93 40.37 40.74 40.75 40.76 40.87 40.99 41.04 41.07 40.9 40.73 40.61 40.52 40.51 40.48 40.45 40.41 40.37 40.25 40.2 40.2 40.49 40.67 40.66 40.63 40.54 40.47 40.26 40.05 39.91 39.91 39.86 39.81 39.76 39.79 39.81 39.85 39.9 39.91 39.96 40.04 40.1 40.14 40.18 40.14 40.13 40.17 40.23 40.24 40.28 40.39 40.38
36.88 36.87 36.92 37.02 37.09 37.09 37.1 37.12 37.16 37.23 37.32 37.51 37.57 37.48 37.43 37.39 37.48 37.61 37.7 37.87 38.04 38.21 38.44 38.88 39.28 39.43 39.88 40.32 40.68 40.74 40.83 41.02 41.15 41.19 41.25 41.11 40.95 40.85 40.62 40.51 40.47 40.43 40.39 40.35 40.26 40.22 40.26 40.56 40.63 40.62 40.55 40.46 40.38 40.16 39.93 39.75 39.74 39.73 39.74 39.7 39.72 39.78 39.85 39.91 39.93 39.98 40.05 40.1 40.15 40.17 40.12 40.1 40.17 40.24 40.29 40.35 40.48 40.49
36.95 36.9 36.96 37.07 37.1 37.11 37.1 37.1 37.1 37.19 37.28 37.45 37.43 37.34 37.3 37.28 37.36 37.41 37.5 37.67 37.86 38.13 38.39 38.83 39.21 39.38 39.82 40.26 40.63 40.73 40.95 41.19 41.32 41.36 41.44 41.31 41.19 41.06 40.77 40.56 40.45 40.42 40.42 40.44 40.41 40.34 40.41 40.63 40.64 40.57 40.41 40.29 40.21 40 39.83 39.66 39.65 39.67 39.77 39.72 39.72 39.74 39.81 39.9 39.94 40.01 40.06 40.1 40.14 40.18 40.17 40.18 40.25 40.33 40.37 40.42 40.57 40.62
37 36.96 37.04 37.1 37.09 37.12 37.11 37.09 37.05 37.16 37.24 37.36 37.29 37.23 37.24 37.27 37.32 37.29 37.33 37.46 37.73 37.89 38.33 38.76 39.12 39.29 39.72 40.15 40.49 40.62 40.95 41.31 41.48 41.5 41.57 41.47 41.33 41.25 41.02 40.81 40.66 40.59 40.52 40.49 40.46 40.35 40.39 40.67 40.67 40.56 40.33 40.14 40.03 39.79 39.66 39.59 39.59 39.7 39.87 39.81 39.77 39.72 39.75 39.82 39.92 40.04 40.09 40.1 40.14 40.23 40.31 40.34 40.42 40.55 40.56 40.57 40.59 40.66
37.06 37.02 37.07 37.02 36.99 37.03 36.99 36.97 37.01 37.13 37.19 37.25 37.22 37.22 37.23 37.27 37.28 37.27 37.24 37.21 37.49 37.65 38.08 38.52 38.87 39.05 39.48 39.85 40.08 40.21 40.52 40.92 41.16 41.26 41.44 41.47 41.43 41.36 41.19 41.03 40.93 40.8 40.58 40.44 40.38 40.23 40.21 40.56 40.58 40.55 40.3 40 39.86 39.62 39.5 39.53 39.6 39.79 39.98 39.91 39.87 39.79 39.71 39.75 39.88 40.03 40.12 40.14 40.19 40.2 40.26 40.32 40.52 40.64 40.65 40.66 40.67 40.7
37.12 37.08 37.09 36.93 36.83 36.87 36.82 36.87 37.09 37.14 37.17 37.2 37.2 37.21 37.21 37.25 37.23 37.21 37.09 37 37.24 37.4 37.81 38.23 38.57 38.76 39.1 39.08 39.28 39.41 39.73 40.28 40.7 40.83 41.07 41.25 41.32 41.38 41.29 41.11 41.05 40.89 40.58 40.4 40.33 40.15 40.07 40.21 40.3 40.44 40.14 39.78 39.69 39.56 39.56 39.64 39.72 39.9 40.07 40.02 39.97 39.88 39.72 39.73 39.81 39.96 40.09 40.12 40.18 40.2 40.21 40.26 40.44 40.52 40.55 40.58 40.64 40.65
37.17 37.13 37.1 36.9 36.85 36.87 36.87 36.94 37.1 37.05 37.06 37.12 37.17 37.19 37.2 37.2 37.13 37.11 37.01 36.94 37.01 37.17 37.35 37.67 37.95 38.11 38.38 38.43 38.63 38.81 39.22 39.78 40.23 40.37 40.64 40.9 41.05 41.35 41.35 41.15 41.07 40.91 40.6 40.36 40.29 40.11 39.96 39.94 39.95 40.06 39.85 39.65 39.64 39.6 39.67 39.76 39.84 40.01 40.18 40.15 40.07 39.91 39.73 39.71 39.74 39.88 40.01 40.05 40.12 40.16 40.19 40.23 40.33 40.42 40.49 40.52 40.51 40.52
37.19 37.16 37.06 36.91 36.97 36.99 37.01 37.07 37.12 37.07 36.97 36.99 37.06 37.09 37.15 37.16 37.1 37.07 37 36.94 36.98 37.07 37.06 37.14 37.39 37.52 37.78 38.05 38.28 38.5 38.97 39.44 39.73 39.96 40.28 40.58 40.77 41.23 41.33 41.23 41.14 40.96 40.64 40.34 40.26 40.05 39.84 39.82 39.8 39.75 39.69 39.66 39.64 39.61 39.82 39.88 40 40.12 40.28 40.24 40.12 39.89 39.74 39.73 39.7 39.81 39.93 40.02 40.14 40.22 40.25 40.24 40.29 40.4 40.48 40.45 40.38 40.36
37.22 37.12 36.99 36.92 37.04 37.08 37.12 37.17 37.13 37.07 36.91 36.95 37.07 37.1 37.07 37.07 37.09 37.08 37.02 36.98 37.07 37.06 36.97 36.91 37.02 37.15 37.42 37.74 37.96 38.23 38.65 39.1 39.27 39.63 39.95 40.29 40.49 40.94 41.2 41.18 41.14 41.02 40.78 40.47 40.3 39.94 39.73 39.68 39.66 39.6 39.57 39.65 39.63 39.68 39.98 40.06 40.19 40.27 40.38 40.32 40.12 39.89 39.93 39.88 39.82 39.91 40 40.1 40.26 40.32 40.33 40.27 40.29 40.39 40.42 40.35 40.25 40.2
37.25 37.08 37.03 37.01 37.08 37.11 37.14 37.17 37.13 37.08 36.95 36.92 37.07 37.09 36.98 36.96 37.08 37.08 37.06 37.05 37.11 37.05 36.95 36.87 36.81 36.86 37.05 37.39 37.55 37.98 38.33 38.75 38.94 39.33 39.62 40.01 40.17 40.56 40.94 41.07 41.09 41.04 40.78 40.42 40.18 39.7 39.54 39.52 39.5 39.44 39.42 39.48 39.59 39.81 40.14 40.24 40.38 40.37 40.38 40.3 40.1 39.9 39.9 39.87 39.87 40 40.08 40.17 40.35 40.38 40.35 40.31 40.29 40.34 40.32 40.23 40.13 40.05
37.3 37.21 37.16 37.13 37.12 37.14 37.16 37.15 37.11 37.11 37.05 36.94 37.04 37.07 37.01 36.98 37.09 37.1 37.11 37.09 37.08 37.03 36.95 36.88 36.82 36.8 36.84 37.1 37.25 37.66 38.05 38.4 38.61 39.01 39.23 39.69 39.87 40.29 40.7 40.97 41 40.96 40.55 40.16 39.89 39.43 39.34 39.33 39.3 39.27 39.26 39.32 39.46 39.74 40.08 40.17 40.3 40.29 40.26 40.16 39.95 39.79 39.77 39.79 39.84 39.95 40.04 40.13 40.29 40.33 40.32 40.29 40.26 40.24 40.2 40.09 39.99 39.93
37.23 37.21 37.14 37.13 37.18 37.17 37.15 37.1 37.02 37.08 37.11 37.01 37.03 37.08 37.09 37.06 37.11 37.12 37.14 37.13 37.09 37.05 36.98 36.91 36.89 36.87 36.94 37 37.05 37.3 37.71 38.07 38.24 38.49 38.73 39.32 39.6 40.1 40.51 40.81 40.84 40.74 40.23 39.82 39.5 39.18 39.1 38.98 38.95 38.9 38.87 38.97 39.22 39.54 39.83 39.93 40.05 40.09 40.12 39.96 39.74 39.68 39.75 39.79 39.84 39.85 39.93 39.98 40.11 40.21 40.19 40.19 40.18 40.09 40.04 39.92 39.81 39.82
37.15 37.12 37.08 37.07 37.11 37.1 37.03 36.97 36.89 36.95 37.04 37.03 37.02 37.06 37.05 36.99 37.08 37.11 37.13 37.17 37.15 37.09 37.02 36.96 36.94 36.96 37.05 37.12 37.15 37.25 37.38 37.71 37.82 37.99 38.26 38.84 39.21 39.86 40.29 40.59 40.66 40.41 39.6 39.31 38.96 38.82 38.78 38.69 38.64 38.56 38.52 38.62 38.93 39.28 39.56 39.65 39.79 39.88 39.95 39.77 39.59 39.69 39.76 39.8 39.84 39.8 39.8 39.85 39.92 40.05 39.97 39.93 39.98 39.89 39.83 39.72 39.7 39.76
37.09 37.07 37.04 37.03 36.99 36.92 36.83 36.84 36.88 36.88 36.86 36.92 36.93 36.94 36.91 36.85 36.95 37.04 37.16 37.17 37.17 37.13 37.07 37 37.02 37.08 37.17 37.23 37.25 37.29 37.29 37.37 37.46 37.67 37.93 38.42 38.76 39.06 39.44 39.68 40 39.77 39.04 38.86 38.57 38.52 38.49 38.46 38.38 38.31 38.27 38.37 38.63 38.99 39.32 39.4 39.55 39.63 39.69 39.6 39.54 39.65 39.73 39.81 39.83 39.71 39.72 39.76 39.8 39.88 39.83 39.78 39.78 39.73 39.66 39.59 39.64 39.7
37.04 37.03 37.02 36.99 36.93 36.81 36.71 36.84 36.96 36.93 36.82 36.78 36.78 36.76 36.75 36.73 36.78 36.98 37.16 37.17 37.18 37.17 37.11 37.09 37.12 37.2 37.24 37.25 37.26 37.25 37.23 37.23 37.23 37.33 37.48 37.69 37.96 38.32 38.77 38.96 39.28 39.12 38.6 38.5 38.34 38.29 38.24 38.21 38.13 38.06 38.02 38.12 38.37 38.74 39.09 39.17 39.31 39.4 39.46 39.48 39.47 39.44 39.52 39.74 39.77 39.64 39.64 39.64 39.67 39.67 39.67 39.69 39.72 39.74 39.69 39.62 39.67 39.73
37.01 37.01 36.97 36.94 36.91 36.85 36.8 36.98 37.06 37.04 36.98 36.91 36.85 36.68 36.59 36.62 36.73 37.03 37.17 37.18 37.19 37.2 37.15 37.19 37.2 37.22 37.21 37.18 37.17 37.16 37.15 37.14 37.13 37.14 37.16 37.2 37.38 37.92 38.45 38.6 38.72 38.58 38.23 38.19 38.11 38.04 37.99 37.96 37.89 37.81 37.76 37.86 38.11 38.51 38.7 38.82 39.04 39.18 39.22 39.29 39.32 39.35 39.38 39.51 39.61 39.56 39.57 39.6 39.66 39.62 39.61 39.66 39.73 39.77 39.74 39.68 39.72 39.72
36.99 36.97 36.94 36.93 36.91 36.88 36.9 36.99 37 37.08 37.12 37.06 36.98 36.79 36.66 36.68 36.79 37.06 37.16 37.17 37.18 37.19 37.18 37.19 37.18 37.15 37.12 37.1 37.1 37.09 37.08 37.08 37.08 37.09 37.07 37.11 37.25 37.68 38.06 38.16 38.17 38.05 37.99 37.96 37.88 37.78 37.74 37.7 37.63 37.56 37.51 37.6 37.85 38.16 38.29 38.42 38.68 38.83 38.89 39.16 39.33 39.4 39.45 39.61 39.67 39.65 39.64 39.67 39.69 39.63 39.62 39.67 39.76 39.79 39.81 39.81 39.77 39.72
37.01 37 36.98 36.96 36.95 36.89 36.9 36.88 36.91 37.04 37.13 37.13 37.08 36.97 36.87 36.85 36.91 37.04 37.11 37.07 37.05 37.09 37.19 37.16 37.14 37.11 37.07 37.06 37.05 37.03 37.02 37.02 37.03 37.06 37.09 37.12 37.2 37.42 37.55 37.65 37.7 37.75 37.83 37.8 37.69 37.56 37.5 37.46 37.38 37.31 37.27 37.34 37.57 37.71 37.8 38.04 38.31 38.46 38.57 38.93 39.31 39.47 39.55 39.74 39.81 39.81 39.83 39.86 39.89 39.87 39.84 39.82 39.79 39.87 39.9 39.96 39.85 39.79
37.04 37.03 37.02 37.01 36.98 36.9 36.93 36.92 36.91 36.99 37.06 37.11 37.14 37.09 37.08 37.08 37.09 37.09 37.08 37.03 37 37.03 37.17 37.15 37.13 37.1 37.06 37.04 37.01 36.99 36.97 36.97 36.98 37.03 37.09 37.11 37.17 37.16 37.21 37.28 37.42 37.56 37.63 37.67 37.6 37.46 37.36 37.29 37.15 37.07 37.05 37.07 37.21 37.32 37.41 37.67 37.93 38.09 38.24 38.66 39.13 39.59 39.71 39.93 40.07 40.05 40.04 40.02 40.03 40.02 39.97 39.87 39.83 39.92 40.01 40.08 39.95 39.88
37.1 37.07 37.06 37.04 37 36.89 36.99 37.03 37.02 37.04 37.06 37.12 37.15 37.12 37.16 37.16 37.17 37.13 37.09 37.11 37.08 37.05 37.14 37.14 37.13 37.09 37.05 37.04 36.99 36.95 36.91 36.92 36.95 37.01 37.06 37.08 37.12 37.15 37.12 37.17 37.28 37.37 37.45 37.49 37.5 37.38 37.27 37.19 37.05 36.93 36.89 36.87 37.06 37.23 37.27 37.38 37.56 37.6 37.78 38.22 38.87 39.42 39.55 39.77 40.1 40.05 40 39.95 39.98 39.98 39.9 39.81 39.89 39.94 40.1 40.19 40.07 40.01
37.11 37.08 37.07 37.11 37.05 36.96 37.05 37.09 37.07 37.1 37.11 37.17 37.17 37.14 37.17 37.13 37.14 37.12 37.11 37.16 37.14 37.11 37.13 37.13 37.11 37.06 37.02 37.01 36.96 36.89 36.86 36.87 36.91 36.97 37 37.02 37.05 37.06 37.08 37.13 37.22 37.29 37.27 37.31 37.38 37.29 37.23 37.09 36.95 36.79 36.78 36.82 37.05 37.21 37.21 37.24 37.28 37.25 37.4 37.81 38.52 38.95 39.1 39.38 39.75 39.75 39.71 39.7 39.79 39.8 39.77 39.77 39.9 39.96 40.13 40.28 40.23 40.19
37.06 37.02 37.05 37.12 37.09 37.06 37.1 37.09 37.07 37.07 37.08 37.14 37.15 37.16 37.17 37.15 37.16 37.15 37.13 37.11 37.09 37.13 37.15 37.13 37.06 36.99 36.93 36.91 36.84 36.83 36.83 36.83 36.87 36.92 36.94 36.96 37.06 37.09 37.1 37.12 37.17 37.24 37.22 37.13 37.2 37.19 37.07 36.82 36.72 36.73 36.76 36.88 37.05 37.18 37.19 37.18 37.13 37.11 37.21 37.5 38.04 38.4 38.56 38.87 39.12 39.2 39.29 39.4 39.53 39.57 39.61 39.65 39.75 39.82 40 40.29 40.36 40.36
37.03 36.93 36.98 37.07 37.07 37.1 37.1 37.05 37.03 36.96 36.92 37.01 37.05 37.13 37.13 37.18 37.17 37.15 37.14 37.12 37.06 37.07 37.15 37.11 37 36.87 36.83 36.81 36.78 36.78 36.78 36.8 36.84 36.94 37.02 37.06 37.1 37.12 37.13 37.13 37.15 37.18 37.15 37.02 36.83 36.8 36.73 36.59 36.61 36.75 36.81 36.95 37.08 37.16 37.16 37.12 37.09 37.07 37.12 37.34 37.67 37.94 38.02 38.13 38.25 38.32 38.71 39.05 39.16 39.21 39.34 39.42 39.44 39.51 39.68 40 40.15 40.19
37.04 36.86 36.91 37.02 37.06 37.12 37.05 36.96 36.92 36.86 36.85 36.87 36.91 37.1 37.16 37.16 37.15 37.14 37.12 37.12 37.1 37.1 37.16 37.13 37 36.85 36.78 36.79 36.81 36.82 36.83 36.86 36.96 37.07 37.1 37.11 37.13 37.15 37.15 37.16 37.17 37.17 37.15 37.06 36.81 36.72 36.7 36.62 36.65 36.78 36.88 37.02 37.11 37.13 37.11 37.07 37.04 37.02 37.1 37.38 37.65 37.69 37.66 37.47 37.33 37.46 37.96 38.54 38.67 38.72 38.85 39.04 39.21 39.26 39.37 39.61 39.67 39.65
37.04 36.85 36.92 37.05 37.09 37.13 37.02 36.84 36.75 36.83 36.97 36.96 36.96 37.11 37.17 37.15 37.09 36.99 37.05 37.09 37.12 37.13 37.17 37.14 37.05 36.96 36.89 36.89 36.9 36.92 36.93 36.98 37.05 37.1 37.11 37.11 37.12 37.13 37.15 37.18 37.19 37.18 37.17 37.12 37.06 36.98 36.95 36.87 36.74 36.92 37.01 37.11 37.15 37.11 37.08 37.03 37 37 37.11 37.39 37.58 37.59 37.51 37.33 37.24 37.27 37.37 37.89 38.19 38.23 38.34 38.54 38.71 38.81 39.01 39.13 39.07 39.03
37.07 37.01 37.01 37.07 37.1 37.14 37.11 37.11 36.95 37.06 37.12 37.13 37.15 37.13 37.1 37.12 37.14 37.09 37.12 37.14 37.15 37.06 36.97 37.02 37.08 37.09 37.04 37.06 37.06 37.06 37.06 37.07 37.06 37.07 37.07 37.08 37.1 37.14 37.15 37.19 37.19 37.19 37.18 37.13 37.17 37.11 37.12 37.14 36.94 37.15 37.15 37.16 37.15 37.12 37.07 37 36.95 36.96 37.11 37.33 37.49 37.47 37.36 37.2 37.25 37.26 37.27 37.36 37.66 37.73 37.83 38.03 38.19 38.28 38.46 38.51 38.33 38.16
37.08 37.04 37.07 37.12 37.14 37.16 37.15 37.12 36.98 37.01 37.09 37.1 37.15 37.1 37.08 37.09 37.13 37.19 37.25 37.2 37.13 36.87 36.74 36.82 37 37.09 37.12 37.14 37.14 37.13 37.13 37.1 37.04 37.02 37.02 37.06 37.12 37.17 37.18 37.19 37.17 37.17 37.19 37.16 37.17 37.14 37.13 37.15 37.13 37.17 37.16 37.15 37.16 37.13 37.07 36.99 36.94 36.94 37.05 37.25 37.4 37.36 37.21 37.06 37.26 37.26 37.24 37.23 37.3 37.31 37.34 37.48 37.55 37.64 37.78 37.87 37.79 37.71
37.14 37.1 37.14 37.16 37.21 37.19 37.15 37.11 36.94 36.94 37.11 37.1 37.09 37.08 37.09 37.1 37.12 37.15 37.19 37.17 37.07 36.79 36.68 36.69 36.93 37.08 37.13 37.15 37.14 37.13 37.12 37.1 37.05 37.01 37.02 37.08 37.16 37.19 37.19 37.15 37.12 37.15 37.17 37.2 37.14 37.1 37.09 37.12 37.14 37.15 37.15 37.14 37.16 37.13 37.07 36.99 36.96 36.95 36.99 37.17 37.29 37.23 37.07 37 37.26 37.25 37.23 37.2 37.17 37.18 37.2 37.28 37.31 37.37 37.46 37.54 37.55 37.56
37.35 37.28 37.24 37.24 37.23 37.18 37.15 37.12 37.02 36.96 37.07 37.04 36.98 37.06 37.13 37.12 37.14 37.15 37.13 37.14 37.08 36.9 36.82 36.72 36.94 37.08 37.11 37.15 37.14 37.13 37.12 37.11 37.08 37.06 37.08 37.14 37.18 37.18 37.15 37.09 37.1 37.13 37.16 37.19 37.14 37.08 37.01 37.02 37.13 37.14 37.15 37.14 37.14 37.12 37.07 37.02 37.02 37 36.96 37.09 37.14 37.02 36.84 37 37.24 37.23 37.2 37.17 37.15 37.16 37.22 37.28 37.31 37.37 37.42 37.44 37.43 37.39
