slabs/34.grd
DSAA
631 301
643890 644520
4946900 4947200
36.42 58.12
[rows 170 to 203 of 301, columns 156 to 233 of 631]
43.52 43.53 43.52 43.53 43.53 43.53 43.54 43.55 43.56 43.56 43.57 43.6 43.63 43.65 43.64 43.64 43.64 43.66 43.69 43.7 43.71 43.71 43.71 43.7 43.7 43.71 43.67 43.64 43.62 43.6 43.59 43.63 43.65 43.66 43.66 43.66 43.66 43.68 43.66 43.66 43.67 43.69 43.66 43.66 43.66 43.65 43.64 43.64 43.65 43.63 43.62 43.62 43.6 43.58 43.56 43.52 43.5 43.52 43.53 43.52 43.48 43.46 43.45 43.44 43.41 43.39 43.39 43.4 43.4 43.38 43.36 43.37 43.37 43.35 43.33 43.33 43.33 43.32
43.52 43.54 43.53 43.54 43.53 43.54 43.54 43.54 43.56 43.59 43.61 43.6 43.63 43.65 43.64 43.66 43.65 43.66 43.68 43.72 43.74 43.74 43.74 43.74 43.74 43.74 43.69 43.66 43.65 43.64 43.62 43.66 43.68 43.69 43.69 43.69 43.68 43.7 43.7 43.69 43.69 43.71 43.68 43.68 43.67 43.68 43.67 43.66 43.67 43.65 43.63 43.64 43.61 43.61 43.59 43.56 43.52 43.55 43.56 43.53 43.48 43.45 43.44 43.42 43.4 43.39 43.39 43.42 43.4 43.39 43.39 43.41 43.39 43.36 43.35 43.34 43.34 43.35
43.52 43.52 43.51 43.54 43.54 43.55 43.56 43.56 43.57 43.58 43.62 43.62 43.65 43.67 43.67 43.68 43.68 43.68 43.69 43.72 43.75 43.76 43.77 43.78 43.78 43.76 43.7 43.7 43.7 43.68 43.67 43.7 43.71 43.71 43.71 43.72 43.7 43.7 43.71 43.71 43.7 43.72 43.72 43.72 43.72 43.73 43.7 43.68 43.69 43.69 43.66 43.65 43.65 43.63 43.64 43.63 43.59 43.55 43.54 43.54 43.54 43.5 43.47 43.46 43.45 43.43 43.46 43.49 43.46 43.46 43.47 43.5 43.54 43.51 43.48 43.47 43.44 43.47
43.51 43.52 43.52 43.55 43.56 43.57 43.57 43.56 43.58 43.6 43.63 43.64 43.67 43.69 43.7 43.7 43.71 43.72 43.73 43.74 43.75 43.77 43.79 43.8 43.81 43.76 43.73 43.73 43.72 43.71 43.72 43.73 43.73 43.74 43.74 43.74 43.73 43.74 43.74 43.73 43.72 43.74 43.74 43.74 43.73 43.72 43.7 43.7 43.71 43.68 43.68 43.7 43.69 43.66 43.65 43.65 43.63 43.57 43.57 43.58 43.59 43.57 43.57 43.56 43.55 43.59 43.63 43.7 43.73 43.78 43.81 43.85 44.1 44.14 44.08 44.03 43.93 43.83
43.49 43.51 43.52 43.56 43.58 43.58 43.59 43.59 43.61 43.63 43.65 43.65 43.68 43.71 43.73 43.72 43.72 43.74 43.75 43.76 43.77 43.78 43.8 43.8 43.8 43.76 43.76 43.76 43.75 43.74 43.76 43.75 43.74 43.76 43.76 43.77 43.8 43.8 43.79 43.79 43.77 43.76 43.74 43.73 43.73 43.75 43.74 43.73 43.74 43.73 43.71 43.7 43.71 43.72 43.75 43.77 43.73 43.71 43.73 43.74 43.77 43.84 43.9 43.91 43.93 44.03 44.08 44.34 44.51 44.57 44.6 44.63 44.89 44.93 44.88 44.8 44.64 44.37
43.51 43.52 43.55 43.58 43.59 43.58 43.6 43.61 43.64 43.65 43.66 43.67 43.7 43.73 43.78 43.77 43.75 43.77 43.78 43.78 43.79 43.8 43.8 43.79 43.78 43.79 43.8 43.8 43.8 43.79 43.81 43.79 43.78 43.76 43.77 43.78 43.8 43.8 43.79 43.8 43.79 43.8 43.8 43.8 43.77 43.8 43.8 43.8 43.84 43.84 43.84 43.83 43.87 43.97 44.06 44.1 44.08 44.17 44.21 44.24 44.31 44.44 44.68 44.72 44.79 44.89 44.96 45.21 45.38 45.44 45.48 45.5 45.56 45.52 45.46 45.36 45.18 44.91
43.5 43.53 43.55 43.59 43.61 43.6 43.62 43.64 43.67 43.69 43.68 43.71 43.75 43.77 43.81 43.81 43.79 43.8 43.82 43.8 43.79 43.8 43.8 43.8 43.78 43.79 43.81 43.8 43.79 43.81 43.83 43.82 43.82 43.81 43.81 43.82 43.81 43.82 43.82 43.83 43.83 43.85 43.89 43.9 43.91 44.01 44.08 44.11 44.18 44.21 44.21 44.19 44.34 44.51 44.64 44.69 44.67 45.01 45.15 45.19 45.25 45.33 45.57 45.59 45.7 45.81 45.88 45.93 45.98 46.03 46.08 46.1 46.14 46.09 46.05 45.9 45.67 45.46
43.5 43.52 43.54 43.58 43.62 43.62 43.65 43.67 43.7 43.72 43.72 43.76 43.8 43.81 43.82 43.8 43.8 43.81 43.82 43.82 43.81 43.81 43.82 43.84 43.81 43.83 43.83 43.82 43.81 43.83 43.83 43.81 43.81 43.82 43.82 43.84 43.83 43.83 43.83 43.84 43.87 43.92 44.03 44.04 44.14 44.28 44.45 44.58 44.69 44.75 44.74 44.75 45.08 45.3 45.4 45.46 45.46 45.81 45.99 46.05 46.09 46.13 46.18 46.18 46.29 46.42 46.49 46.53 46.58 46.64 46.66 46.68 46.71 46.65 46.6 46.41 46.17 46.01
43.5 43.52 43.53 43.56 43.61 43.63 43.66 43.71 43.73 43.73 43.75 43.78 43.81 43.82 43.83 43.81 43.8 43.83 43.84 43.84 43.83 43.82 43.83 43.85 43.83 43.85 43.85 43.83 43.83 43.86 43.85 43.83 43.84 43.83 43.84 43.85 43.85 43.84 43.84 43.87 43.92 43.99 44.14 44.18 44.32 44.5 44.7 44.85 45 45.1 45.15 45.21 45.53 45.75 45.83 45.9 45.98 46.13 46.27 46.34 46.41 46.52 46.6 46.63 46.75 46.97 47.07 47.11 47.14 47.21 47.25 47.3 47.34 47.26 47.14 46.92 46.72 46.6
43.49 43.5 43.51 43.55 43.59 43.62 43.66 43.71 43.74 43.76 43.77 43.8 43.81 43.82 43.84 43.83 43.82 43.84 43.85 43.86 43.84 43.84 43.84 43.85 43.85 43.85 43.86 43.86 43.87 43.86 43.85 43.82 43.85 43.85 43.85 43.84 43.84 43.84 43.85 43.89 43.95 44.03 44.2 44.27 44.4 44.6 44.8 44.9 45.04 45.17 45.28 45.41 45.55 45.7 45.79 45.88 45.99 46.16 46.3 46.39 46.52 46.68 46.79 46.83 46.95 47.31 47.46 47.54 47.59 47.69 47.76 47.83 47.87 47.84 47.73 47.5 47.28 47.19
43.47 43.5 43.5 43.55 43.58 43.62 43.67 43.72 43.74 43.76 43.77 43.79 43.79 43.82 43.84 43.85 43.85 43.85 43.85 43.84 43.83 43.87 43.88 43.85 43.85 43.86 43.88 43.89 43.89 43.88 43.85 43.83 43.86 43.88 43.87 43.85 43.84 43.85 43.87 43.9 43.97 44.06 44.23 44.32 44.44 44.65 44.82 44.9 45.02 45.17 45.29 45.39 45.52 45.68 45.79 45.88 46.02 46.17 46.28 46.39 46.52 46.71 46.82 46.94 47.08 47.31 47.46 47.58 47.75 47.89 47.99 48.07 48.2 48.22 48.17 48.03 47.87 47.78
43.46 43.5 43.49 43.56 43.61 43.63 43.69 43.77 43.8 43.8 43.81 43.83 43.84 43.85 43.84 43.87 43.88 43.88 43.86 43.85 43.86 43.87 43.88 43.87 43.87 43.88 43.9 43.91 43.89 43.88 43.87 43.87 43.86 43.86 43.86 43.85 43.84 43.85 43.87 43.89 43.97 44.07 44.22 44.31 44.46 44.68 44.81 44.91 45.02 45.17 45.28 45.37 45.51 45.68 45.77 45.86 45.99 46.15 46.24 46.36 46.54 46.71 46.82 46.97 47.13 47.3 47.42 47.56 47.72 47.84 47.97 48.13 48.33 48.42 48.43 48.49 48.45 48.39
43.47 43.5 43.49 43.54 43.6 43.66 43.75 43.82 43.84 43.86 43.86 43.85 43.85 43.85 43.85 43.86 43.87 43.88 43.86 43.84 43.86 43.87 43.88 43.86 43.86 43.9 43.9 43.89 43.87 43.85 43.86 43.87 43.84 43.84 43.84 43.83 43.84 43.84 43.85 43.87 43.93 44.07 44.21 44.29 44.44 44.64 44.76 44.87 44.99 45.14 45.25 45.35 45.48 45.62 45.69 45.78 45.96 46.13 46.22 46.33 46.52 46.69 46.79 46.93 47.1 47.25 47.38 47.55 47.72 47.84 47.96 48.15 48.37 48.49 48.57 48.76 48.9 48.94
43.5 43.5 43.51 43.57 43.63 43.73 43.84 43.89 43.89 43.9 43.88 43.84 43.84 43.85 43.85 43.85 43.85 43.84 43.85 43.85 43.85 43.85 43.85 43.83 43.84 43.88 43.87 43.85 43.84 43.83 43.83 43.83 43.82 43.83 43.84 43.83 43.83 43.84 43.87 43.91 44 44.2 44.35 44.43 44.5 44.62 44.7 44.82 44.92 45.08 45.19 45.31 45.44 45.59 45.66 45.76 45.92 46.1 46.2 46.3 46.48 46.63 46.74 46.91 47.11 47.25 47.36 47.54 47.73 47.84 47.96 48.15 48.36 48.47 48.62 48.84 49.06 49.19
43.49 43.49 43.52 43.59 43.66 43.76 43.85 43.89 43.92 43.9 43.89 43.86 43.84 43.84 43.84 43.84 43.84 43.82 43.84 43.85 43.84 43.82 43.83 43.82 43.84 43.85 43.85 43.85 43.82 43.84 43.84 43.83 43.82 43.83 43.82 43.82 43.8 43.85 44.01 44.16 44.38 44.65 44.78 44.87 44.86 44.86 44.91 44.96 45.04 45.13 45.23 45.35 45.48 45.63 45.69 45.78 45.93 46.09 46.18 46.31 46.48 46.62 46.75 46.93 47.12 47.25 47.37 47.54 47.72 47.82 47.94 48.13 48.34 48.46 48.6 48.8 49.02 49.15
43.49 43.5 43.53 43.61 43.68 43.76 43.82 43.86 43.89 43.87 43.86 43.85 43.85 43.85 43.84 43.82 43.83 43.81 43.82 43.84 43.83 43.82 43.83 43.82 43.85 43.84 43.84 43.86 43.82 43.85 43.85 43.84 43.81 43.83 43.82 43.83 43.8 43.97 44.36 44.58 44.89 45.23 45.38 45.47 45.45 45.41 45.4 45.38 45.35 45.36 45.41 45.49 45.61 45.76 45.83 45.9 46.02 46.14 46.22 46.35 46.53 46.67 46.82 47.01 47.18 47.28 47.4 47.58 47.74 47.83 47.93 48.12 48.32 48.44 48.57 48.76 48.99 49.11
43.52 43.54 43.57 43.64 43.68 43.73 43.78 43.82 43.85 43.85 43.84 43.84 43.84 43.85 43.84 43.82 43.83 43.82 43.82 43.83 43.83 43.83 43.83 43.82 43.83 43.84 43.85 43.87 43.86 43.86 43.85 43.83 43.83 43.83 43.82 43.82 43.89 44.16 44.68 44.96 45.33 45.74 45.94 46.04 46.03 46 46 45.95 45.86 45.84 45.86 45.85 45.98 46.09 46.14 46.19 46.27 46.41 46.45 46.56 46.75 46.88 47.01 47.14 47.27 47.34 47.44 47.63 47.78 47.86 47.97 48.15 48.33 48.43 48.56 48.74 48.95 49.09
43.56 43.57 43.63 43.67 43.69 43.72 43.78 43.8 43.83 43.85 43.84 43.82 43.83 43.83 43.83 43.84 43.83 43.82 43.82 43.82 43.83 43.81 43.82 43.82 43.82 43.81 43.83 43.83 43.85 43.82 43.8 43.82 43.82 43.83 43.83 43.82 43.97 44.39 45.02 45.33 45.74 46.24 46.49 46.59 46.58 46.56 46.55 46.56 46.5 46.47 46.46 46.43 46.73 46.83 46.88 46.84 46.77 46.87 46.87 46.91 47.08 47.2 47.29 47.35 47.41 47.43 47.51 47.66 47.79 47.87 48 48.18 48.33 48.43 48.59 48.77 48.92 49.04
43.58 43.62 43.7 43.73 43.73 43.77 43.84 43.81 43.82 43.84 43.84 43.82 43.82 43.81 43.82 43.83 43.83 43.8 43.81 43.81 43.83 43.82 43.81 43.83 43.85 43.83 43.82 43.8 43.83 43.81 43.78 43.79 43.83 43.84 43.82 43.81 44.04 44.58 45.29 45.62 46.12 46.71 47 47.1 47.1 47.11 47.11 47.31 47.33 47.3 47.27 47.26 47.48 47.56 47.63 47.5 47.3 47.35 47.31 47.28 47.41 47.5 47.57 47.59 47.59 47.58 47.63 47.74 47.85 47.93 48.05 48.21 48.33 48.45 48.63 48.81 48.94 49.08
43.58 43.65 43.73 43.77 43.81 43.94 43.95 43.85 43.82 43.83 43.82 43.82 43.81 43.81 43.81 43.8 43.8 43.79 43.8 43.81 43.81 43.81 43.82 43.82 43.82 43.83 43.83 43.8 43.82 43.81 43.81 43.8 43.83 43.82 43.82 43.82 44.1 44.72 45.49 45.83 46.4 47.05 47.35 47.49 47.6 47.75 47.81 47.97 48.01 47.99 47.94 47.93 47.9 47.87 47.92 47.76 47.61 47.67 47.64 47.62 47.66 47.71 47.74 47.74 47.74 47.75 47.78 47.85 47.95 48.01 48.08 48.23 48.36 48.48 48.62 48.82 48.95 49.09
43.57 43.61 43.71 43.79 43.92 44.2 44.09 43.86 43.82 43.82 43.82 43.83 43.81 43.81 43.81 43.8 43.8 43.8 43.8 43.79 43.81 43.8 43.79 43.78 43.79 43.81 43.82 43.82 43.82 43.81 43.82 43.81 43.83 43.8 43.8 43.82 44.11 44.78 45.57 45.91 46.54 47.21 47.49 47.65 47.86 48.13 48.32 48.32 48.29 48.23 48.16 48.09 48.06 48.04 48 47.92 47.84 47.87 47.83 47.78 47.76 47.76 47.8 47.81 47.83 47.85 47.9 47.95 48.01 48.07 48.16 48.26 48.36 48.47 48.63 48.85 49 49.13
43.62 43.6 43.73 43.87 44.13 44.44 44.26 43.94 43.82 43.82 43.81 43.81 43.8 43.81 43.8 43.81 43.81 43.78 43.77 43.77 43.78 43.79 43.78 43.78 43.78 43.79 43.79 43.82 43.82 43.81 43.82 43.82 43.81 43.78 43.77 43.81 44.11 44.75 45.53 45.85 46.53 47.17 47.46 47.64 47.84 48.06 48.33 48.47 48.42 48.31 48.25 48.16 48.12 48.11 48.06 48 47.93 47.91 47.88 47.85 47.82 47.81 47.81 47.83 47.88 47.92 47.97 48.02 48.06 48.12 48.24 48.36 48.42 48.51 48.68 48.9 49.04 49.13
43.72 43.71 43.91 44.12 44.43 44.73 44.51 44.16 43.88 43.83 43.83 43.83 43.81 43.8 43.78 43.79 43.79 43.76 43.73 43.75 43.77 43.77 43.76 43.77 43.77 43.78 43.77 43.81 43.82 43.82 43.81 43.82 43.79 43.77 43.75 43.77 44.07 44.6 45.36 45.73 46.4 46.96 47.32 47.6 47.83 48 48.28 48.5 48.47 48.4 48.31 48.21 48.16 48.16 48.11 48.03 47.97 47.96 47.94 47.93 47.89 47.88 47.86 47.89 47.95 48.01 48.03 48.1 48.14 48.2 48.29 48.44 48.51 48.57 48.73 48.91 49.01 49.05
43.91 43.89 44.22 44.52 44.82 45.08 44.74 44.34 43.94 43.83 43.82 43.81 43.8 43.78 43.78 43.76 43.76 43.75 43.74 43.74 43.76 43.76 43.76 43.76 43.76 43.78 43.77 43.79 43.8 43.81 43.8 43.82 43.79 43.75 43.74 43.74 44.01 44.37 45.11 45.52 46.17 46.66 47.05 47.46 47.84 48.07 48.36 48.56 48.51 48.43 48.35 48.25 48.2 48.19 48.14 48.08 48.03 48.01 48 48 47.99 47.98 47.96 47.97 48.01 48.07 48.13 48.22 48.28 48.31 48.4 48.54 48.64 48.65 48.73 48.8 48.84 48.84
44.06 44.14 44.53 44.82 45.17 45.38 44.95 44.54 44.06 43.85 43.81 43.81 43.78 43.78 43.79 43.74 43.74 43.75 43.74 43.73 43.72 43.73 43.74 43.74 43.75 43.76 43.76 43.76 43.78 43.8 43.81 43.81 43.79 43.75 43.74 43.74 43.93 44.21 44.89 45.27 45.86 46.26 46.69 47.22 47.71 48.02 48.35 48.58 48.52 48.45 48.37 48.29 48.26 48.22 48.18 48.13 48.09 48.08 48.08 48.07 48.07 48.06 48.04 48.06 48.08 48.14 48.24 48.39 48.48 48.49 48.6 48.69 48.74 48.69 48.66 48.61 48.55 48.52
44.33 44.52 44.89 45.13 45.41 45.47 45.1 44.69 44.13 43.85 43.79 43.79 43.77 43.77 43.77 43.74 43.73 43.73 43.72 43.7 43.7 43.71 43.72 43.72 43.71 43.72 43.73 43.75 43.77 43.79 43.8 43.79 43.77 43.76 43.76 43.74 43.82 44 44.62 44.96 45.52 45.87 46.26 46.79 47.36 47.69 48.08 48.4 48.51 48.5 48.41 48.37 48.35 48.29 48.22 48.16 48.15 48.16 48.16 48.15 48.16 48.11 48.06 48.13 48.19 48.27 48.42 48.57 48.66 48.68 48.74 48.72 48.7 48.61 48.46 48.33 48.25 48.15
44.71 44.97 45.3 45.47 45.56 45.39 45.03 44.55 44.02 43.81 43.78 43.78 43.75 43.75 43.75 43.73 43.71 43.72 43.71 43.7 43.71 43.7 43.71 43.71 43.69 43.71 43.72 43.75 43.76 43.78 43.78 43.77 43.77 43.75 43.75 43.72 43.76 43.86 44.35 44.62 45.13 45.48 45.84 46.36 46.94 47.28 47.67 48.05 48.3 48.4 48.38 48.39 48.35 48.29 48.19 48.14 48.15 48.19 48.22 48.27 48.29 48.17 48.05 48.15 48.25 48.34 48.54 48.59 48.63 48.65 48.61 48.49 48.42 48.31 48.06 47.91 47.81 47.68
45.11 45.41 45.68 45.72 45.51 45.1 44.74 44.26 43.86 43.78 43.78 43.79 43.76 43.74 43.74 43.72 43.71 43.71 43.7 43.69 43.7 43.69 43.7 43.71 43.72 43.73 43.74 43.75 43.78 43.78 43.79 43.8 43.78 43.75 43.75 43.74 43.72 43.74 44.03 44.21 44.69 45.07 45.43 45.99 46.55 46.87 47.22 47.54 47.78 47.92 48.04 48.07 47.91 47.85 47.83 47.87 47.9 48.02 48.15 48.25 48.27 48.12 47.99 48.09 48.18 48.27 48.37 48.31 48.29 48.28 48.22 48.06 47.97 47.82 47.54 47.39 47.27 47.19
45.41 45.68 45.81 45.67 45.24 44.69 44.35 44.01 43.78 43.76 43.77 43.79 43.77 43.76 43.75 43.75 43.73 43.7 43.69 43.67 43.68 43.69 43.68 43.68 43.71 43.73 43.73 43.72 43.74 43.76 43.78 43.77 43.78 43.77 43.75 43.73 43.72 43.71 43.81 43.9 44.32 44.68 45.02 45.57 46.09 46.38 46.71 46.81 46.93 47.07 47.26 47.32 47.2 47.17 47.24 47.36 47.43 47.63 47.81 47.89 47.89 47.79 47.77 47.88 47.96 48 47.94 47.85 47.8 47.73 47.65 47.55 47.47 47.28 47.01 46.86 46.71 46.69
45.6 45.69 45.57 45.34 44.88 44.32 43.98 43.78 43.72 43.74 43.74 43.78 43.77 43.76 43.75 43.74 43.72 43.7 43.67 43.66 43.67 43.67 43.66 43.65 43.66 43.7 43.71 43.73 43.75 43.73 43.76 43.76 43.77 43.78 43.74 43.73 43.71 43.69 43.69 43.73 44.04 44.31 44.48 44.92 45.33 45.62 45.96 46.03 46.12 46.27 46.44 46.53 46.56 46.6 46.69 46.81 46.91 47.1 47.27 47.33 47.32 47.26 47.31 47.38 47.39 47.38 47.35 47.31 47.24 47.15 47.05 46.94 46.88 46.71 46.5 46.42 46.24 46.18
45.7 45.47 45.2 44.97 44.53 43.99 43.69 43.63 43.69 43.73 43.74 43.77 43.77 43.75 43.72 43.71 43.72 43.69 43.67 43.67 43.65 43.65 43.66 43.66 43.66 43.69 43.71 43.73 43.74 43.73 43.74 43.75 43.76 43.76 43.75 43.72 43.71 43.7 43.67 43.67 43.8 43.91 43.98 44.29 44.57 44.85 45.17 45.41 45.55 45.69 45.85 45.96 46 46.01 46.12 46.26 46.36 46.53 46.74 46.79 46.77 46.72 46.78 46.82 46.8 46.77 46.76 46.75 46.69 46.56 46.46 46.38 46.31 46.16 45.99 45.91 45.74 45.6
45.56 45.15 44.9 44.6 44.19 43.77 43.6 43.6 43.67 43.71 43.73 43.76 43.76 43.74 43.73 43.72 43.71 43.68 43.67 43.66 43.65 43.64 43.65 43.65 43.66 43.66 43.68 43.7 43.71 43.73 43.73 43.75 43.74 43.75 43.75 43.72 43.72 43.72 43.68 43.66 43.65 43.65 43.71 43.91 44.12 44.34 44.61 44.83 44.95 45.09 45.26 45.38 45.42 45.42 45.57 45.72 45.83 45.97 46.17 46.23 46.21 46.12 46.18 46.25 46.26 46.21 46.19 46.2 46.15 46.05 45.91 45.83 45.74 45.61 45.44 45.33 45.18 45.02
45.23 44.79 44.55 44.21 43.84 43.61 43.54 43.61 43.65 43.68 43.72 43.75 43.75 43.73 43.72 43.72 43.7 43.68 43.68 43.66 43.65 43.65 43.64 43.64 43.65 43.65 43.66 43.68 43.7 43.71 43.72 43.75 43.75 43.75 43.75 43.72 43.73 43.71 43.66 43.65 43.65 43.65 43.65 43.68 43.77 43.89 44.08 44.24 44.35 44.49 44.68 44.81 44.89 44.88 45.02 45.17 45.29 45.41 45.59 45.65 45.62 45.55 45.6 45.67 45.7 45.64 45.64 45.64 45.6 45.46 45.33 45.24 45.12 44.98 44.81 44.68 44.58 44.29
44.79 44.43 44.18 43.9 43.66 43.57 43.57 43.6 43.61 43.64 43.69 43.71 43.72 43.72 43.73 43.72 43.7 43.69 43.66 43.66 43.64 43.63 43.63 43.62 43.63 43.64 43.65 43.66 43.69 43.7 43.72 43.74 43.75 43.75 43.75 43.72 43.72 43.7 43.67 43.66 43.64 43.64 43.64 43.6 43.6 43.61 43.67 43.75 43.84 43.92 44.1 44.26 44.35 44.31 44.44 44.6 44.72 44.84 44.99 45.03 45 44.98 45.03 45.09 45.15 45.09 45.04 45 44.95 44.81 44.68 44.49 44.29 44.15 43.97 43.87 43.82 43.58
