slabs/34.grd
DSAA
631 301
643890 644520
4946900 4947200
36.42 58.12
[rows 102 to 135 of 301, columns 0 to 77 of 631]
38.49 38.55 38.63 38.65 38.64 38.64 38.59 38.53 38.5 38.45 38.42 38.39 38.41 38.39 38.39 38.39 38.39 38.4 38.36 38.33 38.34 38.32 38.31 38.32 38.39 38.43 38.47 38.5 38.52 38.58 38.66 38.71 38.74 38.8 38.88 38.91 39.09 39.28 39.39 39.45 39.62 39.92 40.08 40.38 40.93 41.52 41.86 42.23 42.74 43.2 43.39 43.51 43.69 44.16 44.49 44.83 45.18 45.54 45.9 46.37 46.91 47.29 47.46 47.57 47.74 47.98 48.31 48.88 49.35 49.48 49.51 49.5 49.51 49.48 49.19 48.6 47.98 47.73
38.44 38.47 38.52 38.56 38.56 38.54 38.51 38.48 38.46 38.45 38.41 38.38 38.38 38.37 38.4 38.4 38.4 38.38 38.35 38.32 38.32 38.3 38.31 38.32 38.37 38.39 38.44 38.47 38.5 38.55 38.61 38.67 38.72 38.75 38.78 38.8 38.99 39.14 39.22 39.28 39.47 39.84 40.02 40.39 41.02 41.67 42.03 42.41 42.88 43.25 43.4 43.54 43.76 44.24 44.55 44.78 45.1 45.43 45.8 46.25 46.86 47.27 47.44 47.59 47.78 47.93 48.21 48.76 49.27 49.45 49.5 49.51 49.51 49.51 49.26 48.7 48.1 47.81
38.42 38.42 38.46 38.49 38.49 38.46 38.45 38.46 38.46 38.42 38.39 38.38 38.38 38.35 38.36 38.36 38.38 38.37 38.35 38.33 38.31 38.29 38.29 38.32 38.35 38.37 38.41 38.45 38.5 38.54 38.56 38.59 38.67 38.68 38.68 38.72 38.88 39 39.04 39.07 39.29 39.69 39.92 40.33 41.01 41.73 42.14 42.55 42.95 43.24 43.39 43.56 43.86 44.2 44.44 44.69 45.01 45.32 45.7 46.18 46.76 47.16 47.38 47.53 47.71 47.84 48.12 48.68 49.21 49.41 49.49 49.5 49.49 49.49 49.33 48.88 48.39 48.03
38.39 38.4 38.43 38.44 38.45 38.42 38.41 38.41 38.42 38.39 38.36 38.34 38.35 38.34 38.32 38.32 38.34 38.34 38.31 38.3 38.29 38.27 38.27 38.29 38.32 38.35 38.4 38.44 38.49 38.54 38.55 38.57 38.63 38.63 38.63 38.65 38.73 38.84 38.86 38.89 39.18 39.57 39.81 40.24 40.92 41.66 42.07 42.56 43 43.18 43.32 43.57 43.91 44.17 44.36 44.61 44.93 45.21 45.59 46.11 46.65 47.02 47.31 47.48 47.65 47.75 48.03 48.58 49.14 49.35 49.45 49.48 49.47 49.47 49.4 49.07 48.7 48.28
38.37 38.39 38.4 38.4 38.42 38.39 38.4 38.38 38.36 38.36 38.33 38.31 38.33 38.33 38.29 38.27 38.28 38.3 38.27 38.26 38.26 38.26 38.25 38.27 38.3 38.35 38.39 38.41 38.47 38.53 38.56 38.57 38.61 38.63 38.64 38.67 38.69 38.76 38.82 38.94 39.19 39.52 39.71 40.15 40.88 41.61 42.03 42.54 42.98 43.2 43.3 43.58 43.92 44.12 44.29 44.52 44.84 45.1 45.44 45.98 46.54 46.91 47.22 47.43 47.58 47.65 47.88 48.41 48.93 49.2 49.42 49.47 49.46 49.49 49.44 49.17 48.82 48.4
38.37 38.37 38.35 38.36 38.38 38.38 38.39 38.37 38.32 38.32 38.31 38.3 38.3 38.29 38.26 38.24 38.24 38.26 38.25 38.23 38.22 38.25 38.24 38.26 38.29 38.36 38.4 38.39 38.47 38.53 38.56 38.57 38.6 38.61 38.63 38.66 38.69 38.74 38.76 38.83 39.07 39.39 39.63 39.98 40.79 41.44 41.92 42.49 42.95 43.23 43.36 43.61 43.93 44.09 44.22 44.42 44.72 44.96 45.3 45.8 46.37 46.74 47.11 47.38 47.54 47.61 47.76 48.25 48.7 49.06 49.41 49.47 49.47 49.5 49.46 49.24 48.89 48.47
38.34 38.34 38.33 38.33 38.35 38.36 38.34 38.31 38.29 38.29 38.29 38.29 38.28 38.28 38.25 38.23 38.23 38.25 38.23 38.21 38.2 38.23 38.25 38.27 38.3 38.34 38.41 38.42 38.49 38.52 38.53 38.58 38.6 38.59 38.58 38.63 38.67 38.7 38.72 38.79 38.97 39.22 39.51 39.85 40.61 41.24 41.82 42.44 42.99 43.31 43.42 43.65 43.93 44.03 44.11 44.24 44.52 44.78 45.18 45.67 46.22 46.58 47.02 47.35 47.53 47.61 47.75 48.2 48.63 49.04 49.4 49.48 49.48 49.51 49.48 49.29 49.01 48.56
38.33 38.33 38.32 38.33 38.33 38.32 38.29 38.27 38.27 38.3 38.28 38.27 38.28 38.3 38.28 38.25 38.25 38.27 38.26 38.25 38.23 38.22 38.22 38.26 38.31 38.34 38.4 38.46 38.49 38.52 38.52 38.56 38.59 38.6 38.6 38.61 38.67 38.71 38.72 38.81 38.95 39.14 39.42 39.78 40.39 40.93 41.57 42.34 43 43.28 43.4 43.67 43.94 44.03 44.05 44.09 44.34 44.6 45.06 45.61 46.1 46.45 46.95 47.35 47.5 47.6 47.75 48.17 48.55 48.98 49.4 49.49 49.49 49.5 49.51 49.38 49.19 48.74
38.32 38.33 38.33 38.32 38.31 38.29 38.27 38.28 38.28 38.3 38.26 38.23 38.26 38.27 38.29 38.27 38.26 38.28 38.27 38.26 38.24 38.23 38.24 38.26 38.28 38.33 38.38 38.42 38.45 38.5 38.52 38.54 38.56 38.59 38.6 38.6 38.64 38.68 38.68 38.75 38.88 39.02 39.27 39.61 40.12 40.56 41.17 42.05 42.83 43.08 43.27 43.62 43.93 44.04 44.06 44.06 44.27 44.49 44.93 45.49 45.91 46.28 46.85 47.35 47.51 47.57 47.71 48.1 48.46 48.91 49.38 49.51 49.5 49.49 49.53 49.44 49.33 48.88
38.32 38.33 38.32 38.3 38.31 38.27 38.27 38.29 38.27 38.26 38.25 38.22 38.23 38.24 38.26 38.24 38.25 38.25 38.19 38.19 38.2 38.22 38.23 38.24 38.26 38.32 38.37 38.42 38.46 38.48 38.47 38.51 38.54 38.57 38.59 38.58 38.61 38.63 38.63 38.65 38.72 38.82 39.03 39.42 39.97 40.36 40.9 41.78 42.58 42.85 43.13 43.52 43.83 43.95 44 44.05 44.23 44.42 44.79 45.39 45.78 46.2 46.83 47.39 47.55 47.61 47.72 48.09 48.42 48.85 49.38 49.51 49.48 49.48 49.49 49.45 49.36 48.93
38.32 38.31 38.31 38.3 38.29 38.28 38.27 38.26 38.25 38.23 38.23 38.22 38.22 38.24 38.28 38.27 38.27 38.22 38.21 38.21 38.22 38.23 38.24 38.24 38.29 38.34 38.38 38.42 38.46 38.47 38.48 38.51 38.53 38.54 38.55 38.54 38.57 38.59 38.59 38.6 38.61 38.67 38.84 39.33 39.97 40.37 40.85 41.66 42.42 42.72 43.04 43.44 43.74 43.87 43.96 44.08 44.17 44.32 44.65 45.25 45.64 46.12 46.8 47.31 47.51 47.63 47.72 48.08 48.43 48.85 49.35 49.51 49.46 49.47 49.48 49.46 49.4 49.01
38.3 38.27 38.28 38.28 38.25 38.26 38.25 38.25 38.23 38.23 38.25 38.25 38.24 38.24 38.25 38.25 38.24 38.21 38.2 38.21 38.21 38.23 38.27 38.27 38.3 38.35 38.39 38.39 38.42 38.45 38.46 38.48 38.52 38.53 38.52 38.51 38.55 38.55 38.56 38.6 38.64 38.66 38.77 39.28 39.94 40.33 40.78 41.46 42.13 42.52 42.89 43.33 43.56 43.7 43.87 43.97 44.02 44.19 44.63 45.16 45.51 45.97 46.67 47.25 47.51 47.63 47.74 48.09 48.48 48.9 49.3 49.48 49.47 49.48 49.47 49.45 49.42 49.1
38.29 38.26 38.25 38.25 38.26 38.27 38.26 38.24 38.23 38.22 38.23 38.26 38.26 38.25 38.22 38.22 38.24 38.22 38.2 38.19 38.22 38.24 38.25 38.26 38.29 38.32 38.37 38.37 38.4 38.43 38.43 38.45 38.49 38.51 38.5 38.51 38.54 38.55 38.58 38.61 38.66 38.68 38.7 39.15 39.8 40.18 40.64 41.12 41.64 42.02 42.57 43.01 43.28 43.43 43.57 43.67 43.74 44.01 44.5 45.04 45.39 45.81 46.58 47.21 47.47 47.57 47.73 48.06 48.4 48.83 49.19 49.4 49.47 49.49 49.46 49.45 49.46 49.27
38.28 38.26 38.27 38.25 38.27 38.27 38.27 38.26 38.22 38.22 38.24 38.27 38.27 38.27 38.26 38.23 38.25 38.23 38.22 38.2 38.23 38.24 38.23 38.24 38.27 38.3 38.34 38.36 38.39 38.41 38.43 38.45 38.47 38.49 38.49 38.51 38.53 38.55 38.57 38.6 38.63 38.66 38.7 39.04 39.58 39.95 40.44 40.9 41.15 41.41 42.02 42.6 42.93 43.14 43.28 43.42 43.55 43.86 44.37 44.93 45.27 45.68 46.43 47.13 47.42 47.55 47.7 47.96 48.21 48.62 49.09 49.36 49.48 49.48 49.47 49.47 49.5 49.44
38.25 38.26 38.29 38.27 38.26 38.26 38.27 38.26 38.23 38.23 38.25 38.26 38.27 38.28 38.26 38.24 38.25 38.24 38.23 38.22 38.23 38.23 38.24 38.24 38.29 38.32 38.33 38.34 38.37 38.4 38.42 38.44 38.45 38.48 38.5 38.5 38.53 38.55 38.57 38.59 38.63 38.68 38.85 39.12 39.35 39.68 40.23 40.71 40.92 41.16 41.81 42.37 42.68 42.92 43.1 43.28 43.44 43.76 44.27 44.83 45.16 45.58 46.28 46.97 47.29 47.5 47.64 47.8 47.96 48.37 48.93 49.27 49.44 49.48 49.48 49.47 49.51 49.5
38.25 38.24 38.27 38.25 38.24 38.25 38.26 38.24 38.24 38.25 38.27 38.25 38.26 38.28 38.26 38.25 38.25 38.24 38.23 38.24 38.25 38.24 38.25 38.26 38.3 38.33 38.32 38.33 38.38 38.4 38.38 38.41 38.45 38.46 38.5 38.51 38.52 38.54 38.55 38.58 38.63 38.69 38.99 39.32 39.49 39.68 40.11 40.53 40.75 41.02 41.69 42.23 42.5 42.74 42.98 43.22 43.4 43.73 44.22 44.74 45.03 45.47 46.17 46.77 47.11 47.42 47.59 47.67 47.8 48.2 48.77 49.12 49.36 49.47 49.47 49.45 49.49 49.46
38.24 38.24 38.25 38.24 38.25 38.25 38.25 38.24 38.26 38.28 38.29 38.26 38.26 38.27 38.28 38.27 38.25 38.25 38.24 38.24 38.25 38.27 38.27 38.27 38.29 38.31 38.3 38.33 38.39 38.43 38.4 38.42 38.44 38.44 38.48 38.5 38.51 38.52 38.54 38.56 38.59 38.61 38.95 39.41 39.65 39.82 40.11 40.42 40.62 40.91 41.55 42.06 42.29 42.52 42.84 43.24 43.5 43.84 44.29 44.72 44.94 45.37 46.09 46.59 46.97 47.35 47.56 47.64 47.8 48.14 48.71 49.1 49.37 49.47 49.45 49.42 49.45 49.43
38.21 38.22 38.22 38.24 38.25 38.26 38.25 38.24 38.26 38.28 38.28 38.26 38.27 38.27 38.28 38.29 38.28 38.29 38.26 38.22 38.24 38.26 38.26 38.27 38.28 38.31 38.33 38.33 38.36 38.39 38.38 38.4 38.44 38.45 38.48 38.51 38.52 38.52 38.54 38.56 38.57 38.58 38.81 39.27 39.55 39.82 40.1 40.38 40.56 40.79 41.36 41.83 42.03 42.33 42.79 43.36 43.67 44 44.39 44.7 44.9 45.29 46.01 46.48 46.85 47.27 47.51 47.61 47.77 48.06 48.62 49.02 49.29 49.48 49.47 49.43 49.47 49.46
38.21 38.21 38.21 38.23 38.24 38.26 38.25 38.23 38.23 38.25 38.27 38.28 38.28 38.28 38.29 38.31 38.29 38.29 38.27 38.23 38.24 38.26 38.27 38.27 38.27 38.29 38.32 38.33 38.35 38.38 38.38 38.39 38.42 38.45 38.47 38.51 38.54 38.53 38.54 38.56 38.55 38.58 38.7 39.06 39.29 39.57 39.93 40.3 40.52 40.72 41.2 41.67 41.9 42.3 42.9 43.45 43.76 44.05 44.38 44.62 44.83 45.24 45.92 46.34 46.65 47.08 47.41 47.6 47.75 47.99 48.49 48.89 49.17 49.41 49.49 49.5 49.5 49.48
38.23 38.25 38.25 38.23 38.26 38.25 38.25 38.24 38.24 38.27 38.27 38.29 38.27 38.27 38.29 38.3 38.29 38.28 38.27 38.26 38.27 38.29 38.27 38.25 38.26 38.28 38.3 38.33 38.35 38.35 38.39 38.4 38.41 38.44 38.47 38.51 38.53 38.53 38.54 38.55 38.57 38.61 38.63 38.86 39.05 39.33 39.74 40.2 40.47 40.72 41.15 41.66 41.97 42.42 43.04 43.49 43.76 44.04 44.37 44.6 44.8 45.2 45.77 46.13 46.44 46.92 47.37 47.58 47.68 47.89 48.38 48.73 49.06 49.36 49.47 49.49 49.47 49.48
38.23 38.26 38.27 38.24 38.25 38.24 38.23 38.25 38.27 38.3 38.28 38.29 38.28 38.28 38.28 38.26 38.26 38.26 38.26 38.26 38.27 38.28 38.26 38.26 38.28 38.28 38.3 38.32 38.34 38.34 38.4 38.41 38.41 38.43 38.47 38.49 38.51 38.52 38.53 38.55 38.6 38.63 38.62 38.76 38.95 39.25 39.7 40.18 40.45 40.74 41.17 41.67 42.04 42.56 43.2 43.64 43.84 44.05 44.35 44.55 44.73 45.05 45.54 45.88 46.27 46.81 47.31 47.51 47.64 47.83 48.24 48.56 49 49.34 49.47 49.49 49.48 49.49
38.23 38.24 38.23 38.24 38.26 38.24 38.22 38.24 38.27 38.28 38.27 38.29 38.3 38.3 38.3 38.28 38.26 38.25 38.25 38.26 38.28 38.28 38.28 38.29 38.28 38.29 38.32 38.34 38.35 38.36 38.38 38.42 38.43 38.44 38.48 38.5 38.5 38.51 38.53 38.56 38.61 38.63 38.67 38.78 38.93 39.22 39.68 40.12 40.4 40.75 41.23 41.63 42.05 42.68 43.35 43.77 43.92 44.06 44.3 44.47 44.65 44.94 45.4 45.7 46.11 46.7 47.22 47.41 47.59 47.78 48.12 48.4 48.91 49.32 49.51 49.51 49.48 49.5
38.23 38.24 38.22 38.21 38.24 38.23 38.23 38.25 38.28 38.29 38.26 38.27 38.28 38.3 38.31 38.29 38.26 38.24 38.24 38.26 38.28 38.28 38.29 38.29 38.29 38.29 38.31 38.35 38.36 38.37 38.38 38.42 38.45 38.46 38.49 38.52 38.52 38.52 38.52 38.57 38.61 38.62 38.67 38.78 38.92 39.18 39.64 39.98 40.29 40.74 41.29 41.69 42.13 42.78 43.46 43.84 43.98 44.11 44.31 44.45 44.59 44.84 45.3 45.56 45.98 46.56 47.1 47.34 47.5 47.68 47.92 48.21 48.8 49.29 49.49 49.52 49.49 49.49
38.23 38.24 38.22 38.18 38.24 38.25 38.24 38.26 38.27 38.28 38.26 38.28 38.29 38.3 38.31 38.28 38.26 38.25 38.25 38.27 38.29 38.29 38.31 38.31 38.31 38.31 38.29 38.33 38.36 38.37 38.39 38.42 38.45 38.47 38.5 38.54 38.54 38.53 38.51 38.55 38.59 38.65 38.64 38.73 38.84 39.1 39.54 39.85 40.14 40.68 41.28 41.69 42.13 42.79 43.49 43.86 44.05 44.2 44.35 44.45 44.5 44.74 45.19 45.48 45.87 46.43 46.92 47.23 47.47 47.67 47.8 48.07 48.64 49.19 49.43 49.5 49.5 49.49
38.21 38.22 38.21 38.2 38.26 38.25 38.25 38.24 38.24 38.26 38.26 38.28 38.3 38.31 38.3 38.28 38.26 38.26 38.26 38.28 38.29 38.28 38.31 38.32 38.31 38.32 38.31 38.32 38.34 38.36 38.38 38.43 38.46 38.47 38.48 38.51 38.54 38.51 38.51 38.52 38.54 38.61 38.65 38.68 38.74 38.99 39.37 39.62 39.97 40.55 41.16 41.54 42.02 42.75 43.48 43.84 44.11 44.3 44.37 44.35 44.34 44.61 45.07 45.36 45.72 46.31 46.77 47.11 47.44 47.69 47.79 48 48.47 49.06 49.36 49.47 49.51 49.49
38.21 38.22 38.2 38.21 38.25 38.24 38.25 38.24 38.24 38.25 38.27 38.27 38.29 38.31 38.29 38.28 38.28 38.29 38.27 38.27 38.28 38.28 38.29 38.28 38.29 38.29 38.31 38.33 38.33 38.33 38.35 38.42 38.44 38.46 38.46 38.49 38.53 38.52 38.51 38.52 38.53 38.58 38.64 38.65 38.68 38.88 39.16 39.42 39.81 40.36 40.96 41.36 41.86 42.65 43.37 43.71 44.02 44.29 44.31 44.19 44.11 44.48 44.89 45.2 45.61 46.25 46.76 47.09 47.39 47.63 47.74 47.91 48.32 48.93 49.26 49.42 49.49 49.48
38.22 38.22 38.22 38.23 38.26 38.26 38.26 38.26 38.26 38.26 38.28 38.27 38.28 38.29 38.29 38.28 38.29 38.31 38.28 38.26 38.26 38.27 38.29 38.29 38.31 38.31 38.32 38.34 38.33 38.32 38.37 38.43 38.43 38.46 38.5 38.53 38.53 38.52 38.5 38.51 38.53 38.6 38.64 38.63 38.66 38.78 39.02 39.28 39.68 40.22 40.78 41.16 41.65 42.4 43.01 43.35 43.72 44.05 44.08 43.96 43.87 44.35 44.72 45.06 45.57 46.27 46.78 47.12 47.39 47.58 47.67 47.84 48.19 48.8 49.14 49.39 49.48 49.44
38.24 38.25 38.25 38.3 38.3 38.3 38.28 38.27 38.27 38.27 38.28 38.28 38.28 38.27 38.29 38.26 38.27 38.27 38.28 38.27 38.27 38.3 38.3 38.31 38.33 38.32 38.35 38.38 38.38 38.35 38.4 38.46 38.47 38.47 38.51 38.55 38.53 38.52 38.52 38.51 38.53 38.59 38.63 38.62 38.63 38.72 38.97 39.24 39.64 40.14 40.61 40.9 41.33 41.99 42.58 42.93 43.33 43.62 43.68 43.67 43.73 44.23 44.62 44.97 45.53 46.21 46.66 47.05 47.38 47.56 47.66 47.81 48.1 48.71 49.08 49.39 49.48 49.47
38.24 38.25 38.26 38.35 38.33 38.31 38.28 38.27 38.27 38.27 38.25 38.27 38.28 38.26 38.27 38.26 38.28 38.27 38.29 38.28 38.28 38.3 38.32 38.32 38.32 38.32 38.35 38.39 38.41 38.4 38.43 38.45 38.47 38.46 38.5 38.52 38.51 38.53 38.53 38.53 38.54 38.59 38.62 38.62 38.63 38.71 38.99 39.24 39.62 40.07 40.47 40.69 41 41.65 42.26 42.61 42.98 43.25 43.35 43.51 43.72 44.12 44.46 44.85 45.4 46.06 46.49 46.93 47.32 47.57 47.67 47.76 48.03 48.58 48.95 49.34 49.5 49.46
38.23 38.22 38.27 38.32 38.32 38.3 38.28 38.28 38.29 38.29 38.26 38.28 38.28 38.27 38.29 38.27 38.27 38.29 38.29 38.28 38.28 38.29 38.32 38.33 38.34 38.32 38.34 38.36 38.39 38.42 38.45 38.44 38.47 38.48 38.48 38.49 38.48 38.53 38.55 38.55 38.56 38.6 38.62 38.63 38.63 38.71 38.98 39.21 39.55 39.97 40.29 40.5 40.8 41.46 41.91 42.25 42.72 43.09 43.29 43.49 43.75 44.03 44.31 44.72 45.24 45.94 46.36 46.8 47.22 47.52 47.65 47.67 47.95 48.44 48.82 49.27 49.48 49.46
38.24 38.25 38.27 38.29 38.3 38.29 38.28 38.25 38.25 38.28 38.27 38.29 38.28 38.26 38.28 38.28 38.27 38.29 38.31 38.3 38.31 38.3 38.34 38.34 38.34 38.34 38.36 38.36 38.38 38.41 38.44 38.42 38.44 38.49 38.48 38.47 38.48 38.52 38.55 38.55 38.55 38.59 38.62 38.62 38.61 38.67 38.85 39.05 39.38 39.77 40.02 40.23 40.64 41.28 41.67 42.04 42.56 43.01 43.23 43.43 43.71 44.02 44.27 44.62 45.14 45.76 46.1 46.62 47.11 47.41 47.52 47.57 47.87 48.23 48.65 49.19 49.46 49.46
38.22 38.24 38.26 38.27 38.29 38.31 38.29 38.27 38.26 38.27 38.26 38.27 38.28 38.26 38.27 38.28 38.28 38.28 38.3 38.3 38.31 38.31 38.35 38.35 38.33 38.34 38.37 38.38 38.38 38.38 38.42 38.42 38.43 38.48 38.48 38.46 38.5 38.51 38.53 38.54 38.53 38.56 38.58 38.57 38.58 38.65 38.71 38.84 39.15 39.56 39.85 40.11 40.56 41.15 41.54 41.92 42.45 42.94 43.17 43.36 43.64 43.97 44.21 44.54 45.07 45.63 45.93 46.44 47 47.33 47.43 47.53 47.82 48.09 48.5 49.06 49.41 49.48
38.25 38.24 38.27 38.28 38.29 38.29 38.3 38.28 38.27 38.27 38.25 38.26 38.27 38.27 38.28 38.3 38.3 38.3 38.3 38.3 38.3 38.32 38.34 38.34 38.33 38.33 38.35 38.37 38.37 38.37 38.41 38.41 38.44 38.46 38.48 38.48 38.51 38.5 38.51 38.52 38.53 38.56 38.59 38.57 38.58 38.66 38.73 38.8 39.05 39.45 39.73 39.99 40.42 41.01 41.39 41.79 42.34 42.86 43.09 43.29 43.56 43.9 44.12 44.46 45.01 45.57 45.88 46.33 46.86 47.22 47.38 47.52 47.78 48.02 48.32 48.82 49.28 49.44
38.26 38.25 38.26 38.28 38.28 38.28 38.29 38.28 38.27 38.26 38.24 38.25 38.27 38.29 38.3 38.31 38.32 38.31 38.32 38.33 38.33 38.33 38.34 38.34 38.34 38.33 38.33 38.34 38.35 38.38 38.42 38.43 38.46 38.44 38.48 38.51 38.52 38.5 38.5 38.5 38.53 38.53 38.58 38.59 38.58 38.63 38.69 38.74 38.97 39.35 39.6 39.88 40.29 40.86 41.24 41.65 42.22 42.77 43 43.19 43.46 43.79 44.01 44.38 44.94 45.41 45.76 46.21 46.71 47.05 47.31 47.51 47.74 47.94 48.17 48.64 49.13 49.34
