slabs/35.grd
DSAA
631 301
643890 644520
4947200 4947500
37.01 52.8
[rows 102 to 135 of 300, columns 390 to 467 of 631]
43.05 43.02 43.1 43.22 43.51 44.02 44.45 44.6 44.7 44.84 45.2 45.55 45.99 46.49 47.01 47.36 47.82 48.63 49.57 50.1 50.67 51.21 51.51 51.7 51.84 51.83 51.85 51.89 51.82 51.73 51.74 51.9 52.15 52.34 52.43 52.45 52.36 52.18 52.06 51.88 51.56 51.06 50.68 50.05 49.06 48.16 47.5 46.71 45.86 45.26 44.77 44.1 43.54 43.29 43.15 43.06 42.95 42.9 42.86 42.85 42.68 42.46 42.1 41.89 41.86 41.86 41.81 41.71 41.68 41.7 41.73 41.69 41.65 41.59 41.6 41.71 41.74 41.78
43.12 43.07 43.09 43.23 43.62 44.12 44.5 44.68 44.83 45.09 45.6 46.01 46.45 46.96 47.49 47.81 48.26 49.07 49.93 50.39 50.87 51.19 51.28 51.4 51.66 51.8 51.82 51.88 51.85 51.75 51.73 51.8 51.99 52.21 52.31 52.36 52.35 52.27 52.2 52.06 51.72 51.27 50.96 50.34 49.34 48.59 47.92 46.98 46.09 45.53 45.03 44.34 43.69 43.38 43.17 43.04 42.94 42.91 42.9 42.9 42.77 42.6 42.15 41.85 41.82 41.87 41.85 41.71 41.68 41.71 41.77 41.75 41.67 41.6 41.59 41.65 41.69 41.72
43.1 43.08 43.19 43.46 43.86 44.18 44.45 44.64 44.91 45.37 46.01 46.44 46.84 47.24 47.8 48.19 48.68 49.38 49.91 50.26 50.64 50.89 51 51.06 51.31 51.55 51.66 51.74 51.8 51.77 51.77 51.78 51.9 52.09 52.18 52.27 52.37 52.4 52.38 52.3 51.91 51.5 51.2 50.57 49.6 48.87 48.2 47.27 46.39 45.83 45.31 44.59 43.94 43.65 43.38 43.06 42.96 42.96 42.96 42.95 42.85 42.72 42.35 41.95 41.8 41.82 41.83 41.72 41.69 41.71 41.72 41.7 41.66 41.6 41.58 41.6 41.61 41.63
42.96 43.02 43.44 43.81 44.13 44.36 44.59 44.77 45.12 45.7 46.42 46.8 47.11 47.39 47.78 48.18 48.76 49.24 49.48 49.71 50 50.26 50.44 50.56 50.85 51.01 51.16 51.39 51.71 51.83 51.84 51.82 51.92 52.06 52.11 52.21 52.37 52.48 52.49 52.45 52.08 51.74 51.42 50.82 49.9 49.19 48.5 47.63 46.7 46.12 45.55 44.81 44.13 43.78 43.57 43.23 43.02 43.02 43.02 42.99 42.89 42.8 42.5 42.07 41.86 41.8 41.81 41.74 41.72 41.71 41.66 41.64 41.62 41.59 41.54 41.53 41.55 41.55
42.92 43.26 43.76 44.06 44.28 44.46 44.68 44.87 45.24 45.93 46.68 47.02 47.22 47.4 47.61 47.9 48.38 48.65 48.76 48.94 48.98 49.2 49.44 49.71 50.11 50.32 50.49 50.99 51.56 51.88 51.92 51.89 52 52.09 52.1 52.2 52.37 52.47 52.51 52.54 52.26 52 51.64 51.04 50.14 49.45 48.79 48 47.02 46.43 45.84 45.04 44.3 43.93 43.73 43.37 43.13 43.11 43.09 43.02 42.96 42.86 42.57 42.19 41.96 41.78 41.75 41.74 41.73 41.69 41.6 41.55 41.53 41.53 41.49 41.48 41.5 41.51
43.07 43.46 43.89 44.12 44.38 44.56 44.74 44.91 45.3 46.04 46.7 46.99 47.2 47.31 47.39 47.46 47.63 47.73 47.79 47.97 47.99 48.23 48.48 48.83 49.29 49.71 49.98 50.6 51.29 51.78 51.95 51.98 52.01 52.06 52.08 52.27 52.43 52.5 52.53 52.6 52.43 52.23 51.88 51.22 50.38 49.79 49.18 48.35 47.36 46.78 46.15 45.31 44.55 44.15 43.82 43.53 43.36 43.31 43.17 43.03 43.02 42.96 42.67 42.25 42.01 41.79 41.68 41.66 41.63 41.62 41.56 41.48 41.44 41.45 41.45 41.45 41.46 41.47
43.22 43.52 43.88 44.11 44.43 44.6 44.71 44.86 45.3 46.02 46.46 46.69 46.99 47.14 47.15 47.15 47.07 47 47 47.14 47.35 47.66 47.9 48.18 48.65 49.18 49.53 50.13 50.9 51.54 51.87 52.05 52.06 52.06 52.11 52.36 52.54 52.63 52.67 52.66 52.52 52.36 52.04 51.45 50.65 50.15 49.6 48.72 47.69 47.12 46.47 45.59 44.9 44.43 43.92 43.64 43.5 43.39 43.22 43.1 43.09 43.08 42.83 42.28 41.97 41.78 41.63 41.56 41.51 41.53 41.51 41.47 41.43 41.42 41.43 41.44 41.46 41.44
43.29 43.52 43.86 44.09 44.42 44.54 44.6 44.82 45.35 45.98 46.29 46.48 46.76 46.98 47.02 47.08 47.01 46.87 46.79 46.84 46.93 47.17 47.35 47.58 48.08 48.62 49.01 49.63 50.47 51.07 51.47 51.93 52.09 52.11 52.18 52.39 52.58 52.67 52.77 52.76 52.58 52.41 52.14 51.68 50.94 50.46 49.91 49.02 48.07 47.51 46.8 45.87 45.19 44.64 44.01 43.64 43.43 43.24 43.15 43.09 43.07 43.06 42.85 42.26 41.93 41.74 41.64 41.52 41.48 41.46 41.45 41.46 41.44 41.4 41.41 41.43 41.44 41.45
43.49 43.73 43.98 44.14 44.36 44.49 44.62 44.94 45.49 46.05 46.34 46.53 46.73 46.94 46.99 47.06 47.07 46.97 46.89 46.81 46.73 46.83 46.92 47.13 47.62 48.03 48.47 49.18 50.07 50.66 51.1 51.67 51.96 52.06 52.16 52.34 52.55 52.67 52.78 52.79 52.61 52.43 52.17 51.79 51.16 50.71 50.14 49.28 48.53 47.95 47.14 46.15 45.43 44.81 44.06 43.53 43.26 43.04 42.95 42.91 42.89 42.83 42.66 42.18 41.93 41.76 41.62 41.49 41.47 41.41 41.41 41.44 41.42 41.39 41.4 41.43 41.44 41.44
43.72 43.96 44.1 44.19 44.3 44.52 44.8 45.2 45.75 46.23 46.46 46.58 46.77 46.91 46.92 46.98 47.05 47.05 47.03 46.91 46.83 46.82 46.81 46.87 47.27 47.66 48.13 48.85 49.69 50.23 50.71 51.32 51.8 52.01 52.16 52.3 52.51 52.65 52.77 52.8 52.53 52.3 52.02 51.63 51.19 50.83 50.27 49.44 48.84 48.25 47.33 46.28 45.58 44.92 44.1 43.47 43.2 43.01 42.8 42.73 42.7 42.64 42.47 42.09 41.89 41.81 41.59 41.44 41.43 41.39 41.4 41.43 41.41 41.39 41.43 41.48 41.49 41.51
43.83 44.01 44.09 44.17 44.29 44.59 44.97 45.45 46.06 46.5 46.67 46.7 46.76 46.81 46.84 46.86 46.9 46.92 46.91 46.91 46.96 46.94 46.86 46.75 46.98 47.27 47.74 48.46 49.24 49.74 50.2 50.84 51.49 51.85 52.11 52.24 52.45 52.6 52.74 52.69 52.2 51.88 51.58 51.08 50.76 50.61 50.16 49.41 48.87 48.28 47.33 46.25 45.58 44.95 44.18 43.58 43.28 43.06 42.81 42.68 42.64 42.61 42.41 42.05 41.86 41.74 41.57 41.46 41.42 41.37 41.4 41.43 41.42 41.41 41.46 41.5 41.55 41.59
43.91 44.01 44.07 44.17 44.3 44.73 45.15 45.72 46.38 46.79 46.92 46.91 46.82 46.77 46.78 46.82 46.85 46.86 46.86 46.92 47.02 47 46.86 46.68 46.73 46.88 47.25 47.91 48.71 49.19 49.61 50.24 50.96 51.4 51.78 51.9 52.17 52.38 52.51 52.27 51.74 51.36 50.92 50.34 50.02 50 49.73 49.16 48.7 48.12 47.22 46.17 45.53 44.93 44.27 43.72 43.4 43.08 42.8 42.68 42.64 42.61 42.46 42.19 41.99 41.75 41.57 41.45 41.42 41.39 41.46 41.53 41.51 41.45 41.48 41.51 41.61 41.66
43.99 44.04 44.02 44.13 44.33 44.92 45.41 46.01 46.73 47.06 47.11 47.05 46.9 46.76 46.72 46.77 46.83 46.85 46.83 46.88 47 47.03 46.89 46.7 46.65 46.7 46.91 47.39 48.13 48.44 48.83 49.39 50.05 50.45 50.91 51.27 51.71 52.01 52.1 51.67 51.25 50.82 50.21 49.68 49.36 49.22 49.09 48.73 48.38 47.86 47.02 46.04 45.43 44.86 44.27 43.77 43.44 43.03 42.77 42.68 42.63 42.57 42.38 42.18 42.03 41.79 41.57 41.47 41.45 41.5 41.59 41.64 41.6 41.52 41.56 41.63 41.72 41.7
44.07 44.09 44.03 44.06 44.34 45.1 45.67 46.34 47.02 47.3 47.29 47.2 47 46.81 46.71 46.72 46.8 46.78 46.78 46.87 46.99 47.05 46.94 46.77 46.7 46.7 46.77 46.96 47.43 47.62 48.04 48.53 49.06 49.37 49.83 50.54 51.13 51.56 51.65 51.12 50.66 50.21 49.56 49 48.67 48.48 48.43 48.16 47.87 47.41 46.64 45.75 45.21 44.68 44.14 43.68 43.39 42.99 42.73 42.65 42.59 42.5 42.25 42.11 41.96 41.74 41.55 41.49 41.48 41.61 41.72 41.73 41.67 41.62 41.67 41.75 41.8 41.76
44.15 44.14 44.08 44.02 44.35 45.19 45.82 46.58 47.19 47.43 47.43 47.33 47.12 46.94 46.8 46.82 46.81 46.73 46.77 46.88 46.96 47.05 47.01 46.93 46.85 46.82 46.8 46.76 46.9 47.05 47.42 47.86 48.3 48.59 49.07 49.77 50.38 50.97 51.12 50.58 50.12 49.65 48.98 48.32 47.96 47.8 47.74 47.5 47.25 46.82 46.15 45.35 44.89 44.39 43.89 43.56 43.3 42.9 42.62 42.52 42.47 42.39 42.11 41.97 41.83 41.69 41.56 41.53 41.52 41.66 41.72 41.71 41.65 41.66 41.74 41.79 41.81 41.79
44.22 44.19 44.13 44.06 44.43 45.09 45.73 46.62 47.18 47.38 47.41 47.31 47.19 47.11 47.02 46.97 46.87 46.81 46.86 46.87 46.92 46.99 47.05 47.07 47.03 46.97 46.92 46.82 46.81 46.83 47 47.3 47.59 47.91 48.4 49.05 49.62 50.21 50.51 50.02 49.55 49.09 48.45 47.75 47.36 47.13 47 46.75 46.52 46.16 45.56 44.89 44.52 44.01 43.57 43.34 43.16 42.83 42.59 42.49 42.41 42.27 41.99 41.86 41.76 41.65 41.59 41.58 41.56 41.62 41.6 41.58 41.55 41.6 41.68 41.69 41.69 41.68
44.29 44.25 44.19 44.1 44.6 45.22 45.85 46.74 47.19 47.3 47.25 47.07 47.07 47.15 47.13 47.06 46.97 46.94 46.95 46.88 46.93 46.99 47.05 47.09 47.11 47.07 46.98 46.88 46.85 46.83 46.85 46.99 47.15 47.4 47.87 48.47 48.95 49.4 49.75 49.36 48.92 48.45 47.86 47.17 46.78 46.48 46.24 45.96 45.76 45.42 44.92 44.46 44.15 43.66 43.27 43.1 42.97 42.77 42.62 42.51 42.39 42.17 41.92 41.82 41.75 41.66 41.62 41.6 41.56 41.53 41.48 41.47 41.46 41.45 41.48 41.48 41.5 41.52
44.34 44.31 44.22 44.19 44.87 45.6 46.22 46.95 47.29 47.37 47.22 46.96 46.98 47.11 47.11 47.08 47.04 47.02 46.98 46.96 47.01 47.04 47.06 47.08 47.1 47.07 46.92 46.83 46.82 46.83 46.8 46.79 46.83 46.95 47.31 47.86 48.27 48.62 48.95 48.65 48.26 47.82 47.25 46.58 46.24 45.91 45.56 45.26 45.03 44.69 44.24 43.95 43.7 43.34 43.05 42.89 42.77 42.62 42.54 42.44 42.3 42.07 41.88 41.83 41.76 41.69 41.63 41.6 41.54 41.48 41.45 41.44 41.4 41.35 41.34 41.35 41.4 41.45
44.31 44.22 44.13 44.32 45.15 45.91 46.54 47.13 47.49 47.61 47.44 47.22 47.16 47.17 47.15 47.11 47.11 47.09 47.03 47.02 47.02 46.98 46.97 46.97 46.93 46.92 46.84 46.82 46.82 46.85 46.77 46.66 46.58 46.6 46.85 47.29 47.6 47.89 48.12 47.94 47.66 47.19 46.62 46.02 45.66 45.3 44.91 44.62 44.34 43.97 43.5 43.3 43.2 43.05 42.86 42.71 42.59 42.43 42.34 42.27 42.14 41.99 41.89 41.86 41.81 41.73 41.65 41.59 41.53 41.44 41.44 41.41 41.37 41.34 41.35 41.36 41.41 41.43
44.18 44.06 44 44.39 45.28 45.97 46.56 47.19 47.62 47.77 47.59 47.46 47.33 47.25 47.2 47.14 47.12 47.1 46.95 46.92 46.9 46.79 46.67 46.71 46.72 46.72 46.68 46.71 46.75 46.73 46.63 46.45 46.34 46.33 46.46 46.79 47.03 47.24 47.37 47.22 46.98 46.49 45.94 45.47 44.98 44.52 44.13 43.86 43.57 43.21 42.9 42.81 42.83 42.81 42.67 42.56 42.45 42.29 42.16 42.09 42.02 41.94 41.91 41.91 41.88 41.81 41.75 41.67 41.58 41.53 41.52 41.49 41.43 41.45 41.46 41.47 41.42 41.43
44.04 43.96 43.93 44.33 45.22 45.85 46.31 46.94 47.34 47.45 47.33 47.34 47.19 47.08 47 46.9 46.83 46.78 46.66 46.61 46.51 46.42 46.38 46.54 46.65 46.69 46.62 46.59 46.68 46.57 46.38 46.12 46.04 46.1 46.19 46.37 46.54 46.68 46.72 46.49 46.12 45.64 45.12 44.76 44.28 43.78 43.41 43.17 42.92 42.64 42.57 42.61 42.65 42.63 42.52 42.44 42.34 42.18 42.05 41.99 41.95 41.96 41.98 41.98 41.94 41.87 41.81 41.71 41.61 41.63 41.64 41.64 41.6 41.6 41.64 41.69 41.55 41.49
43.94 43.91 43.88 44.24 44.99 45.47 45.84 46.23 46.45 46.56 46.63 46.74 46.65 46.58 46.5 46.36 46.16 46.11 46.1 45.98 45.91 45.86 45.98 46.32 46.54 46.69 46.54 46.47 46.56 46.44 45.96 45.59 45.51 45.68 45.85 45.85 45.92 46.07 46 45.7 45.34 44.93 44.42 44.07 43.74 43.28 42.97 42.8 42.62 42.48 42.44 42.45 42.47 42.46 42.37 42.32 42.25 42.11 42.01 41.98 41.99 42.03 42.1 42.18 42.17 41.97 41.86 41.77 41.69 41.69 41.71 41.74 41.7 41.71 41.73 41.77 41.67 41.62
43.86 43.88 43.86 44.1 44.63 45 45.24 45.49 45.61 45.69 45.83 45.94 45.9 45.88 45.76 45.5 45.31 45.32 45.34 45.21 45.15 45.18 45.41 45.85 46.06 46.23 46.2 46.14 46.16 46.01 45.15 44.73 44.67 44.88 45.11 45.14 45.18 45.32 45.26 45.02 44.82 44.5 44.03 43.71 43.35 42.93 42.69 42.6 42.49 42.41 42.38 42.37 42.34 42.3 42.25 42.2 42.16 42.14 42.1 42.07 42.06 42.18 42.3 42.43 42.4 42.1 41.9 41.83 41.77 41.71 41.69 41.76 41.73 41.73 41.74 41.75 41.72 41.7
43.74 43.79 43.79 43.91 44.19 44.42 44.51 44.72 44.88 44.96 45.07 45.13 45.11 45.18 45.02 44.75 44.57 44.59 44.6 44.49 44.4 44.45 44.72 45.11 45.1 45.13 45.27 45.15 45.06 44.91 44.25 43.99 43.93 44.07 44.29 44.44 44.48 44.57 44.66 44.54 44.35 44.06 43.73 43.51 43.11 42.78 42.59 42.54 42.49 42.41 42.37 42.37 42.33 42.32 42.32 42.32 42.43 42.41 42.31 42.23 42.16 42.4 42.6 42.68 42.53 42.18 41.92 41.87 41.75 41.71 41.74 41.78 41.75 41.73 41.74 41.7 41.71 41.73
43.7 43.7 43.7 43.72 43.78 43.86 43.95 44.17 44.32 44.39 44.49 44.43 44.35 44.43 44.32 44.1 43.97 43.94 43.94 43.83 43.68 43.68 43.86 44.13 44.05 44.11 44.26 44.09 43.93 43.78 43.67 43.65 43.57 43.61 43.77 43.88 43.9 43.93 44.07 44.03 43.88 43.68 43.48 43.37 43.02 42.71 42.57 42.5 42.46 42.42 42.42 42.46 42.54 42.77 42.83 42.74 42.93 42.88 42.71 42.58 42.48 42.68 42.85 42.81 42.54 42.16 41.93 41.81 41.67 41.72 41.83 41.81 41.75 41.72 41.73 41.67 41.69 41.74
43.69 43.69 43.68 43.67 43.68 43.68 43.7 43.81 43.88 43.94 44.02 43.92 43.84 43.87 43.8 43.62 43.54 43.5 43.49 43.41 43.3 43.26 43.29 43.37 43.41 43.6 43.67 43.59 43.52 43.4 43.33 43.35 43.3 43.26 43.31 43.35 43.42 43.49 43.6 43.62 43.52 43.45 43.32 43.2 42.89 42.66 42.55 42.48 42.45 42.52 42.73 42.93 43.16 43.27 43.19 43.1 43.27 43.2 43.07 42.97 42.87 42.92 42.93 42.77 42.46 42.07 41.88 41.71 41.65 41.78 41.93 41.87 41.74 41.71 41.71 41.68 41.69 41.72
43.68 43.67 43.65 43.65 43.64 43.62 43.64 43.65 43.67 43.69 43.7 43.64 43.61 43.59 43.53 43.43 43.37 43.36 43.33 43.31 43.31 43.29 43.26 43.23 43.21 43.27 43.27 43.25 43.25 43.17 43.13 43.12 43.09 43.05 43.04 43.04 43.02 43.06 43.17 43.25 43.32 43.37 43.19 43.02 42.75 42.61 42.56 42.51 42.5 42.77 43.12 43.38 43.56 43.54 43.44 43.36 43.39 43.32 43.25 43.23 43.1 42.96 42.81 42.57 42.28 41.98 41.85 41.69 41.66 41.79 41.97 41.89 41.74 41.72 41.71 41.69 41.69 41.7
43.66 43.65 43.64 43.63 43.61 43.61 43.61 43.6 43.61 43.59 43.57 43.54 43.53 43.51 43.47 43.41 43.38 43.37 43.36 43.32 43.31 43.28 43.24 43.22 43.22 43.22 43.14 43.11 43.1 43.07 43.05 43.06 43.06 43.03 42.97 42.95 42.89 42.9 42.97 43.03 43.1 43.11 42.99 42.88 42.68 42.58 42.55 42.55 42.65 43.08 43.4 43.63 43.73 43.69 43.68 43.54 43.45 43.39 43.35 43.35 43.13 42.79 42.57 42.29 42.07 41.96 41.91 41.75 41.65 41.7 41.87 41.82 41.75 41.74 41.74 41.72 41.73 41.74
43.66 43.65 43.65 43.63 43.61 43.62 43.6 43.57 43.57 43.58 43.54 43.52 43.52 43.5 43.48 43.42 43.38 43.36 43.36 43.33 43.29 43.27 43.25 43.23 43.21 43.2 43.15 43.12 43.11 43.09 43.05 43.04 43.04 43 42.95 42.92 42.88 42.87 42.89 42.9 42.87 42.86 42.83 42.77 42.66 42.59 42.57 42.69 42.94 43.41 43.68 43.79 43.81 43.8 43.83 43.63 43.54 43.51 43.48 43.39 43.01 42.54 42.3 42.04 41.93 41.93 41.91 41.78 41.67 41.67 41.82 41.81 41.78 41.77 41.77 41.76 41.78 41.8
43.67 43.65 43.65 43.63 43.61 43.6 43.59 43.57 43.55 43.56 43.52 43.49 43.49 43.47 43.46 43.42 43.39 43.36 43.35 43.33 43.3 43.29 43.27 43.23 43.21 43.2 43.15 43.11 43.1 43.09 43.03 43.02 43.01 42.96 42.91 42.88 42.86 42.85 42.83 42.82 42.76 42.74 42.73 42.7 42.65 42.63 42.63 42.91 43.27 43.61 43.77 43.78 43.77 43.8 43.82 43.63 43.6 43.61 43.57 43.33 42.86 42.38 42.11 41.87 41.83 41.86 41.85 41.74 41.69 41.69 41.79 41.85 41.83 41.81 41.8 41.8 41.83 41.84
43.67 43.65 43.63 43.63 43.61 43.58 43.59 43.56 43.53 43.53 43.49 43.47 43.46 43.43 43.42 43.42 43.41 43.4 43.36 43.32 43.3 43.27 43.25 43.22 43.21 43.18 43.14 43.11 43.1 43.08 43.02 43 42.97 42.92 42.88 42.86 42.83 42.81 42.79 42.76 42.72 42.69 42.67 42.67 42.67 42.71 42.75 43.05 43.44 43.57 43.53 43.53 43.6 43.69 43.74 43.61 43.61 43.65 43.57 43.2 42.69 42.34 42.08 41.83 41.8 41.8 41.78 41.74 41.73 41.74 41.82 41.89 41.88 41.86 41.83 41.86 41.89 41.92
43.65 43.65 43.62 43.63 43.62 43.6 43.56 43.53 43.5 43.49 43.49 43.45 43.44 43.41 43.41 43.41 43.39 43.4 43.36 43.3 43.29 43.26 43.25 43.24 43.23 43.19 43.15 43.12 43.08 43.04 43 42.97 42.96 42.91 42.87 42.87 42.82 42.79 42.76 42.73 42.71 42.67 42.65 42.7 42.75 42.82 42.88 43.11 43.42 43.44 43.3 43.34 43.49 43.61 43.71 43.65 43.63 43.6 43.46 42.95 42.48 42.21 42.01 41.87 41.85 41.85 41.81 41.77 41.82 41.87 41.91 41.93 41.92 41.9 41.87 41.94 41.99 42.01
43.63 43.63 43.61 43.6 43.59 43.59 43.54 43.52 43.5 43.48 43.47 43.44 43.42 43.39 43.39 43.39 43.4 43.4 43.36 43.31 43.31 43.28 43.27 43.25 43.24 43.21 43.16 43.12 43.07 43.03 43 42.98 42.96 42.89 42.85 42.85 42.82 42.78 42.76 42.74 42.71 42.68 42.67 42.75 42.84 42.93 42.98 43.1 43.33 43.36 43.3 43.34 43.47 43.6 43.7 43.78 43.67 43.5 43.25 42.72 42.28 42.05 41.93 41.91 41.95 41.93 41.83 41.83 41.91 41.96 41.95 41.95 41.96 41.94 41.9 42.01 42.12 42.13
43.63 43.63 43.62 43.59 43.57 43.56 43.53 43.51 43.48 43.45 43.45 43.44 43.42 43.38 43.35 43.36 43.38 43.38 43.34 43.31 43.31 43.28 43.27 43.25 43.25 43.23 43.18 43.14 43.09 43.03 43 42.97 42.95 42.87 42.82 42.81 42.81 42.78 42.76 42.76 42.74 42.72 42.72 42.78 42.89 42.99 43.04 43.07 43.2 43.35 43.43 43.44 43.49 43.57 43.67 43.78 43.58 43.34 42.99 42.5 42.12 41.95 41.91 41.91 41.95 41.94 41.82 41.83 41.93 41.98 41.97 41.97 41.98 41.97 41.94 42.06 42.26 42.24
