slabs/35.grd
DSAA
631 301
643890 644520
4947200 4947500
37.01 52.8
[rows 170 to 203 of 300, columns 78 to 155 of 631]
37.86 37.84 37.85 37.86 37.86 37.85 37.85 37.85 37.84 37.86 37.87 37.87 37.85 37.85 37.84 37.86 37.85 37.85 37.85 37.87 37.88 37.86 37.84 37.85 37.83 37.84 37.84 37.84 37.83 37.82 37.84 37.83 37.84 37.85 37.86 37.84 37.84 37.85 37.85 37.83 37.83 37.85 37.87 37.87 37.85 37.84 37.84 37.85 37.84 37.84 37.84 37.82 37.78 37.79 37.81 37.81 37.8 37.77 37.79 37.79 37.8 37.77 37.76 37.78 37.8 37.84 37.85 37.88 38.08 38.23 38.29 38.27 38.26 38.24 38.2 38.2 38.21 38.22
37.85 37.83 37.85 37.87 37.87 37.86 37.85 37.84 37.85 37.86 37.86 37.87 37.85 37.84 37.82 37.84 37.86 37.87 37.85 37.85 37.85 37.85 37.84 37.84 37.84 37.84 37.84 37.83 37.81 37.83 37.84 37.85 37.86 37.84 37.85 37.83 37.8 37.82 37.86 37.85 37.84 37.83 37.83 37.85 37.84 37.85 37.84 37.84 37.84 37.85 37.83 37.8 37.77 37.77 37.8 37.8 37.8 37.76 37.76 37.77 37.76 37.76 37.78 37.81 37.81 37.86 37.86 37.95 38.19 38.3 38.33 38.31 38.26 38.23 38.21 38.2 38.2 38.21
37.84 37.82 37.84 37.87 37.88 37.87 37.87 37.85 37.86 37.87 37.85 37.86 37.85 37.84 37.82 37.84 37.86 37.87 37.84 37.84 37.83 37.82 37.83 37.83 37.83 37.83 37.83 37.83 37.81 37.82 37.84 37.84 37.82 37.79 37.84 37.86 37.83 37.84 37.86 37.85 37.82 37.83 37.85 37.85 37.82 37.85 37.84 37.83 37.83 37.83 37.83 37.81 37.78 37.77 37.77 37.77 37.77 37.76 37.74 37.72 37.74 37.77 37.79 37.81 37.79 37.85 37.89 38.01 38.27 38.34 38.35 38.33 38.28 38.23 38.2 38.21 38.21 38.21
37.83 37.82 37.84 37.86 37.86 37.86 37.86 37.86 37.86 37.86 37.84 37.85 37.84 37.84 37.83 37.86 37.85 37.84 37.84 37.83 37.82 37.8 37.83 37.83 37.82 37.83 37.83 37.82 37.84 37.85 37.84 37.83 37.82 37.81 37.85 37.85 37.82 37.84 37.84 37.83 37.83 37.84 37.85 37.84 37.84 37.84 37.83 37.83 37.81 37.8 37.8 37.82 37.81 37.77 37.76 37.76 37.76 37.76 37.74 37.73 37.76 37.81 37.83 37.84 37.81 37.82 37.89 38.09 38.34 38.4 38.38 38.35 38.28 38.24 38.21 38.21 38.22 38.2
37.84 37.83 37.83 37.85 37.84 37.84 37.85 37.85 37.86 37.85 37.84 37.84 37.82 37.83 37.87 37.86 37.85 37.84 37.85 37.83 37.8 37.79 37.83 37.82 37.82 37.81 37.83 37.84 37.87 37.84 37.85 37.84 37.82 37.81 37.83 37.84 37.82 37.85 37.84 37.84 37.84 37.84 37.84 37.84 37.85 37.83 37.82 37.81 37.81 37.79 37.78 37.82 37.81 37.76 37.76 37.77 37.77 37.76 37.74 37.72 37.76 37.8 37.81 37.82 37.79 37.81 37.95 38.22 38.43 38.44 38.41 38.38 38.31 38.26 38.23 38.21 38.23 38.21
37.84 37.81 37.82 37.83 37.83 37.83 37.84 37.85 37.84 37.86 37.84 37.82 37.82 37.84 37.84 37.86 37.86 37.85 37.87 37.84 37.81 37.81 37.83 37.83 37.83 37.82 37.84 37.84 37.85 37.82 37.84 37.85 37.84 37.82 37.82 37.83 37.81 37.86 37.84 37.84 37.84 37.83 37.83 37.83 37.85 37.81 37.8 37.8 37.82 37.81 37.8 37.81 37.79 37.75 37.78 37.77 37.76 37.75 37.73 37.72 37.76 37.78 37.76 37.79 37.81 37.89 38.01 38.32 38.48 38.49 38.46 38.4 38.34 38.29 38.26 38.22 38.23 38.23
37.84 37.81 37.81 37.81 37.81 37.81 37.82 37.86 37.88 37.86 37.83 37.83 37.84 37.85 37.82 37.85 37.85 37.85 37.84 37.83 37.82 37.82 37.84 37.83 37.83 37.83 37.84 37.84 37.85 37.82 37.83 37.85 37.85 37.83 37.82 37.83 37.81 37.84 37.81 37.82 37.82 37.82 37.83 37.83 37.86 37.79 37.81 37.84 37.82 37.81 37.83 37.82 37.8 37.79 37.79 37.8 37.76 37.71 37.73 37.74 37.74 37.75 37.73 37.75 37.8 37.87 37.97 38.27 38.47 38.51 38.48 38.41 38.35 38.31 38.28 38.23 38.24 38.24
37.84 37.84 37.82 37.8 37.82 37.83 37.84 37.84 37.84 37.82 37.84 37.85 37.85 37.84 37.82 37.83 37.83 37.84 37.83 37.81 37.8 37.82 37.84 37.84 37.84 37.84 37.83 37.84 37.84 37.83 37.83 37.84 37.84 37.82 37.83 37.82 37.82 37.82 37.79 37.79 37.81 37.82 37.82 37.85 37.83 37.8 37.82 37.85 37.82 37.83 37.83 37.83 37.78 37.78 37.81 37.81 37.79 37.75 37.76 37.77 37.73 37.74 37.73 37.77 37.82 37.88 37.92 38.18 38.43 38.51 38.5 38.41 38.35 38.3 38.28 38.26 38.25 38.25
37.85 37.82 37.86 37.85 37.86 37.88 37.86 37.84 37.84 37.84 37.85 37.85 37.86 37.85 37.83 37.82 37.82 37.84 37.84 37.83 37.81 37.82 37.83 37.83 37.84 37.84 37.83 37.84 37.83 37.84 37.85 37.84 37.84 37.82 37.83 37.8 37.8 37.83 37.81 37.78 37.77 37.8 37.8 37.8 37.78 37.8 37.82 37.81 37.75 37.77 37.82 37.83 37.83 37.82 37.82 37.81 37.79 37.76 37.78 37.8 37.77 37.76 37.76 37.81 37.83 37.86 37.87 38.08 38.36 38.48 38.49 38.41 38.34 38.29 38.29 38.27 38.24 38.22
37.85 37.82 37.86 37.85 37.84 37.86 37.85 37.85 37.86 37.85 37.85 37.85 37.86 37.84 37.82 37.82 37.83 37.84 37.84 37.84 37.83 37.82 37.82 37.83 37.83 37.84 37.83 37.84 37.85 37.85 37.84 37.83 37.83 37.81 37.83 37.83 37.82 37.82 37.81 37.8 37.74 37.79 37.8 37.78 37.78 37.79 37.76 37.79 37.76 37.8 37.82 37.81 37.81 37.77 37.78 37.78 37.78 37.76 37.77 37.8 37.78 37.78 37.77 37.81 37.81 37.82 37.83 38.01 38.25 38.35 38.36 38.35 38.31 38.28 38.29 38.26 38.22 38.2
37.86 37.84 37.87 37.85 37.83 37.83 37.84 37.84 37.84 37.84 37.85 37.84 37.84 37.82 37.81 37.82 37.84 37.83 37.83 37.83 37.83 37.83 37.83 37.82 37.81 37.83 37.84 37.84 37.85 37.84 37.82 37.81 37.81 37.81 37.83 37.83 37.84 37.83 37.81 37.81 37.81 37.8 37.78 37.79 37.78 37.78 37.76 37.75 37.76 37.79 37.79 37.8 37.76 37.71 37.73 37.74 37.76 37.74 37.75 37.77 37.78 37.79 37.78 37.79 37.81 37.82 37.84 38.02 38.19 38.24 38.24 38.27 38.28 38.28 38.26 38.24 38.23 38.22
37.86 37.85 37.85 37.83 37.81 37.82 37.83 37.83 37.83 37.84 37.84 37.84 37.84 37.82 37.82 37.84 37.85 37.84 37.83 37.83 37.83 37.84 37.82 37.82 37.82 37.83 37.84 37.84 37.84 37.83 37.83 37.83 37.82 37.83 37.83 37.82 37.82 37.8 37.84 37.85 37.85 37.8 37.75 37.78 37.78 37.76 37.72 37.71 37.77 37.77 37.75 37.78 37.75 37.71 37.7 37.72 37.76 37.78 37.79 37.78 37.79 37.8 37.78 37.77 37.81 37.85 37.87 38.05 38.16 38.2 38.2 38.25 38.27 38.28 38.26 38.23 38.23 38.23
37.85 37.85 37.84 37.82 37.81 37.82 37.83 37.83 37.83 37.84 37.85 37.85 37.87 37.85 37.85 37.85 37.86 37.84 37.83 37.82 37.83 37.83 37.82 37.84 37.83 37.83 37.84 37.84 37.84 37.82 37.83 37.84 37.83 37.83 37.83 37.83 37.83 37.8 37.81 37.79 37.78 37.78 37.78 37.81 37.79 37.77 37.72 37.73 37.75 37.75 37.74 37.76 37.75 37.74 37.71 37.76 37.79 37.82 37.82 37.81 37.83 37.82 37.8 37.76 37.8 37.85 37.86 37.98 38.07 38.13 38.17 38.21 38.25 38.25 38.25 38.23 38.21 38.19
37.84 37.85 37.82 37.82 37.82 37.83 37.84 37.83 37.83 37.83 37.85 37.86 37.88 37.86 37.85 37.84 37.84 37.83 37.83 37.84 37.83 37.84 37.82 37.83 37.84 37.84 37.84 37.83 37.82 37.84 37.83 37.83 37.83 37.84 37.82 37.83 37.82 37.8 37.8 37.78 37.77 37.77 37.8 37.83 37.82 37.79 37.76 37.76 37.76 37.76 37.78 37.79 37.78 37.8 37.77 37.81 37.82 37.82 37.8 37.82 37.85 37.84 37.83 37.81 37.77 37.81 37.85 37.92 38 38.04 38.11 38.18 38.24 38.26 38.26 38.22 38.16 38.14
37.84 37.84 37.82 37.81 37.82 37.83 37.86 37.85 37.85 37.84 37.85 37.86 37.87 37.87 37.86 37.86 37.86 37.84 37.84 37.86 37.83 37.83 37.82 37.81 37.84 37.84 37.83 37.82 37.82 37.84 37.84 37.83 37.82 37.84 37.82 37.82 37.8 37.79 37.79 37.8 37.79 37.8 37.82 37.83 37.83 37.81 37.8 37.79 37.78 37.76 37.79 37.81 37.8 37.83 37.82 37.83 37.82 37.83 37.8 37.82 37.81 37.83 37.82 37.8 37.75 37.72 37.82 37.91 37.95 37.96 38.03 38.14 38.21 38.25 38.26 38.2 38.12 38.06
37.84 37.85 37.85 37.84 37.82 37.83 37.85 37.84 37.85 37.84 37.84 37.84 37.83 37.86 37.84 37.82 37.84 37.83 37.82 37.83 37.83 37.83 37.84 37.83 37.86 37.84 37.83 37.83 37.83 37.84 37.85 37.83 37.82 37.85 37.83 37.82 37.81 37.8 37.79 37.81 37.82 37.83 37.84 37.83 37.84 37.83 37.82 37.82 37.78 37.75 37.77 37.76 37.77 37.81 37.82 37.83 37.81 37.8 37.77 37.8 37.77 37.78 37.8 37.78 37.68 37.63 37.76 37.88 37.92 37.94 37.97 38.05 38.14 38.21 38.24 38.17 38.1 38.04
37.85 37.86 37.86 37.84 37.82 37.83 37.83 37.83 37.84 37.82 37.84 37.86 37.83 37.86 37.84 37.81 37.83 37.83 37.82 37.82 37.83 37.83 37.85 37.84 37.85 37.83 37.83 37.85 37.84 37.83 37.83 37.83 37.83 37.84 37.83 37.82 37.83 37.81 37.79 37.81 37.82 37.83 37.83 37.82 37.83 37.83 37.82 37.84 37.82 37.79 37.8 37.75 37.77 37.81 37.83 37.83 37.8 37.76 37.74 37.78 37.73 37.68 37.75 37.72 37.6 37.54 37.68 37.84 37.88 37.89 37.91 37.96 38.06 38.14 38.16 38.11 38.08 38.02
37.86 37.86 37.85 37.84 37.81 37.82 37.81 37.8 37.82 37.84 37.83 37.83 37.82 37.83 37.83 37.82 37.83 37.83 37.83 37.82 37.84 37.85 37.85 37.86 37.84 37.85 37.86 37.85 37.84 37.83 37.82 37.83 37.83 37.83 37.82 37.82 37.84 37.79 37.76 37.78 37.81 37.82 37.82 37.82 37.82 37.83 37.82 37.84 37.81 37.77 37.79 37.79 37.76 37.79 37.81 37.82 37.75 37.7 37.67 37.7 37.66 37.63 37.68 37.7 37.61 37.52 37.61 37.8 37.85 37.85 37.86 37.89 37.96 38.02 38 38.01 38.03 37.97
37.83 37.83 37.83 37.81 37.8 37.82 37.84 37.82 37.82 37.83 37.83 37.84 37.82 37.84 37.84 37.84 37.84 37.83 37.84 37.83 37.82 37.83 37.85 37.87 37.84 37.85 37.87 37.85 37.82 37.84 37.83 37.84 37.84 37.84 37.82 37.83 37.84 37.81 37.76 37.78 37.82 37.83 37.83 37.82 37.81 37.83 37.83 37.85 37.82 37.8 37.79 37.76 37.76 37.8 37.8 37.81 37.76 37.72 37.7 37.58 37.57 37.58 37.63 37.67 37.64 37.57 37.64 37.78 37.83 37.8 37.83 37.82 37.84 37.86 37.83 37.87 37.88 37.87
37.82 37.83 37.85 37.83 37.81 37.82 37.85 37.86 37.82 37.82 37.83 37.83 37.82 37.84 37.85 37.84 37.84 37.83 37.83 37.83 37.81 37.82 37.83 37.84 37.83 37.83 37.84 37.84 37.83 37.85 37.86 37.83 37.86 37.86 37.83 37.8 37.84 37.84 37.82 37.81 37.83 37.82 37.81 37.81 37.82 37.83 37.82 37.82 37.82 37.83 37.84 37.82 37.8 37.82 37.82 37.77 37.79 37.8 37.73 37.52 37.48 37.48 37.54 37.59 37.59 37.55 37.65 37.77 37.82 37.79 37.81 37.76 37.76 37.79 37.76 37.74 37.71 37.74
37.9 37.86 37.86 37.86 37.82 37.83 37.83 37.86 37.84 37.83 37.82 37.82 37.83 37.84 37.84 37.83 37.83 37.84 37.84 37.84 37.82 37.82 37.8 37.81 37.82 37.83 37.83 37.83 37.85 37.86 37.86 37.83 37.88 37.89 37.84 37.8 37.82 37.83 37.84 37.82 37.83 37.82 37.81 37.83 37.83 37.84 37.82 37.83 37.84 37.84 37.84 37.84 37.82 37.83 37.82 37.75 37.73 37.71 37.64 37.49 37.42 37.42 37.46 37.42 37.4 37.41 37.56 37.69 37.76 37.78 37.77 37.7 37.69 37.76 37.75 37.65 37.61 37.58
38.05 37.92 37.86 37.86 37.8 37.82 37.83 37.84 37.84 37.83 37.83 37.82 37.83 37.83 37.83 37.83 37.82 37.83 37.85 37.84 37.82 37.82 37.8 37.83 37.83 37.85 37.83 37.85 37.84 37.84 37.82 37.82 37.83 37.85 37.83 37.83 37.84 37.84 37.84 37.82 37.83 37.82 37.81 37.84 37.83 37.84 37.84 37.84 37.85 37.86 37.82 37.81 37.8 37.82 37.83 37.75 37.7 37.62 37.51 37.44 37.41 37.42 37.41 37.26 37.19 37.25 37.42 37.51 37.56 37.64 37.69 37.62 37.62 37.65 37.67 37.59 37.55 37.52
38.14 37.99 37.9 37.85 37.8 37.82 37.83 37.83 37.82 37.83 37.84 37.83 37.83 37.84 37.83 37.83 37.82 37.81 37.82 37.83 37.81 37.8 37.79 37.83 37.83 37.83 37.83 37.84 37.83 37.82 37.81 37.82 37.83 37.84 37.83 37.83 37.85 37.86 37.83 37.81 37.82 37.81 37.81 37.83 37.82 37.81 37.81 37.83 37.84 37.85 37.82 37.81 37.78 37.79 37.84 37.76 37.66 37.56 37.41 37.38 37.39 37.42 37.38 37.21 37.12 37.14 37.27 37.32 37.33 37.44 37.55 37.54 37.54 37.44 37.48 37.48 37.48 37.48
38.1 38.02 37.94 37.87 37.84 37.82 37.81 37.82 37.81 37.83 37.83 37.83 37.84 37.84 37.84 37.84 37.82 37.81 37.81 37.83 37.82 37.81 37.81 37.82 37.82 37.82 37.83 37.84 37.8 37.78 37.81 37.82 37.83 37.83 37.83 37.84 37.84 37.84 37.8 37.8 37.82 37.81 37.8 37.81 37.79 37.76 37.8 37.83 37.82 37.83 37.83 37.8 37.77 37.77 37.83 37.75 37.61 37.49 37.36 37.33 37.36 37.42 37.41 37.25 37.15 37.08 37.15 37.22 37.24 37.29 37.37 37.32 37.26 37.26 37.3 37.34 37.39 37.43
38.03 38.01 37.95 37.9 37.86 37.81 37.8 37.82 37.83 37.83 37.83 37.82 37.84 37.84 37.83 37.83 37.83 37.83 37.82 37.81 37.82 37.82 37.82 37.82 37.83 37.82 37.82 37.82 37.83 37.84 37.85 37.83 37.83 37.82 37.84 37.86 37.84 37.82 37.81 37.81 37.82 37.82 37.82 37.82 37.79 37.77 37.82 37.84 37.82 37.82 37.83 37.79 37.75 37.76 37.82 37.76 37.63 37.46 37.34 37.28 37.28 37.37 37.45 37.32 37.22 37.13 37.18 37.22 37.25 37.24 37.28 37.23 37.19 37.2 37.26 37.36 37.42 37.42
38.03 38.01 37.98 37.97 37.9 37.83 37.83 37.83 37.84 37.83 37.82 37.82 37.84 37.84 37.83 37.84 37.83 37.83 37.83 37.82 37.83 37.82 37.8 37.82 37.82 37.81 37.81 37.83 37.85 37.86 37.87 37.83 37.83 37.82 37.83 37.85 37.85 37.85 37.85 37.84 37.83 37.84 37.84 37.84 37.81 37.8 37.81 37.82 37.82 37.81 37.83 37.8 37.76 37.76 37.8 37.74 37.62 37.47 37.4 37.23 37.2 37.3 37.4 37.37 37.33 37.24 37.25 37.31 37.34 37.27 37.25 37.2 37.17 37.16 37.26 37.39 37.46 37.43
38.04 38.05 38.06 38.07 37.93 37.85 37.85 37.85 37.83 37.83 37.83 37.83 37.83 37.83 37.82 37.83 37.81 37.82 37.82 37.82 37.83 37.82 37.8 37.82 37.82 37.81 37.83 37.83 37.83 37.84 37.85 37.84 37.82 37.81 37.81 37.81 37.85 37.89 37.87 37.86 37.84 37.84 37.85 37.84 37.82 37.8 37.78 37.79 37.82 37.83 37.83 37.77 37.77 37.77 37.78 37.74 37.64 37.57 37.51 37.35 37.31 37.34 37.4 37.36 37.36 37.35 37.37 37.4 37.41 37.33 37.24 37.2 37.17 37.15 37.29 37.43 37.49 37.44
38.03 38.07 38.11 38.16 37.96 37.83 37.82 37.82 37.82 37.83 37.85 37.84 37.82 37.83 37.83 37.83 37.82 37.82 37.81 37.82 37.83 37.82 37.81 37.82 37.82 37.82 37.83 37.82 37.82 37.83 37.84 37.84 37.83 37.81 37.81 37.8 37.85 37.88 37.86 37.86 37.84 37.82 37.83 37.82 37.81 37.8 37.77 37.78 37.81 37.81 37.82 37.77 37.77 37.77 37.81 37.75 37.65 37.63 37.58 37.46 37.41 37.41 37.41 37.4 37.38 37.42 37.45 37.46 37.45 37.39 37.3 37.26 37.23 37.21 37.38 37.49 37.51 37.46
38 38.02 38.05 38.12 37.98 37.85 37.82 37.82 37.82 37.82 37.82 37.82 37.82 37.82 37.84 37.84 37.84 37.83 37.81 37.81 37.83 37.83 37.82 37.82 37.82 37.82 37.83 37.82 37.81 37.82 37.82 37.83 37.83 37.82 37.83 37.84 37.83 37.83 37.87 37.86 37.83 37.82 37.84 37.83 37.8 37.8 37.78 37.79 37.81 37.8 37.82 37.79 37.77 37.78 37.75 37.64 37.54 37.57 37.61 37.56 37.49 37.44 37.42 37.44 37.45 37.5 37.5 37.5 37.47 37.42 37.35 37.3 37.3 37.32 37.47 37.55 37.51 37.51
37.96 37.98 37.99 38.02 37.92 37.84 37.82 37.81 37.81 37.81 37.81 37.82 37.83 37.83 37.83 37.84 37.84 37.83 37.82 37.81 37.83 37.83 37.82 37.82 37.82 37.83 37.84 37.82 37.81 37.81 37.81 37.82 37.81 37.8 37.83 37.82 37.82 37.82 37.87 37.85 37.83 37.86 37.85 37.84 37.81 37.82 37.83 37.82 37.82 37.82 37.82 37.79 37.77 37.77 37.78 37.71 37.66 37.64 37.64 37.67 37.63 37.51 37.45 37.5 37.5 37.55 37.56 37.56 37.5 37.45 37.41 37.38 37.39 37.42 37.54 37.61 37.54 37.59
37.91 37.93 37.94 37.94 37.87 37.83 37.84 37.82 37.82 37.82 37.83 37.82 37.83 37.83 37.82 37.83 37.82 37.82 37.82 37.82 37.83 37.83 37.83 37.82 37.82 37.83 37.83 37.82 37.82 37.81 37.82 37.83 37.82 37.81 37.81 37.82 37.83 37.82 37.83 37.82 37.83 37.83 37.84 37.84 37.83 37.83 37.84 37.83 37.84 37.82 37.82 37.78 37.73 37.76 37.81 37.75 37.72 37.7 37.68 37.72 37.67 37.54 37.45 37.47 37.51 37.6 37.64 37.63 37.54 37.5 37.5 37.49 37.49 37.48 37.6 37.71 37.66 37.65
37.88 37.89 37.9 37.9 37.87 37.84 37.84 37.83 37.82 37.82 37.82 37.82 37.82 37.83 37.83 37.82 37.82 37.82 37.82 37.83 37.82 37.82 37.84 37.83 37.82 37.81 37.82 37.82 37.82 37.81 37.81 37.82 37.81 37.81 37.82 37.81 37.82 37.82 37.82 37.82 37.83 37.82 37.83 37.82 37.83 37.82 37.81 37.82 37.83 37.82 37.81 37.74 37.71 37.76 37.8 37.74 37.72 37.73 37.74 37.79 37.7 37.6 37.49 37.44 37.5 37.62 37.71 37.68 37.58 37.55 37.57 37.59 37.56 37.53 37.69 37.85 37.84 37.72
37.87 37.88 37.88 37.87 37.88 37.87 37.84 37.83 37.82 37.81 37.81 37.84 37.83 37.82 37.82 37.82 37.82 37.82 37.82 37.82 37.82 37.82 37.84 37.83 37.83 37.83 37.83 37.83 37.83 37.82 37.82 37.82 37.82 37.82 37.82 37.82 37.82 37.82 37.81 37.82 37.83 37.83 37.83 37.82 37.81 37.81 37.81 37.82 37.82 37.83 37.78 37.73 37.71 37.79 37.8 37.73 37.71 37.76 37.78 37.81 37.74 37.69 37.59 37.5 37.47 37.59 37.71 37.72 37.64 37.62 37.64 37.66 37.59 37.61 37.76 37.94 37.96 37.81
37.86 37.87 37.86 37.85 37.87 37.87 37.85 37.84 37.82 37.81 37.82 37.84 37.83 37.82 37.82 37.82 37.83 37.83 37.83 37.83 37.83 37.83 37.84 37.84 37.82 37.82 37.83 37.83 37.82 37.83 37.82 37.82 37.82 37.81 37.83 37.83 37.84 37.82 37.81 37.82 37.83 37.82 37.82 37.82 37.82 37.82 37.83 37.83 37.81 37.83 37.79 37.78 37.73 37.79 37.82 37.76 37.72 37.76 37.77 37.75 37.73 37.71 37.67 37.58 37.47 37.58 37.75 37.82 37.76 37.7 37.69 37.7 37.68 37.74 37.81 37.92 37.94 37.83
