slabs/35.grd
DSAA
631 301
643890 644520
4947200 4947500
37.01 52.8
[rows 136 to 169 of 300, columns 546 to 623 of 631]
40.75 40.76 40.77 40.87 40.95 40.93 40.87 40.75 40.66 40.64 40.66 40.64 40.61 40.59 40.68 40.7 40.68 40.66 40.62 40.67 40.7 40.64 40.65 40.73 40.76 40.69 40.64 40.57 40.51 40.51 40.56 40.57 40.55 40.55 40.55 40.56 40.56 40.54 40.56 40.55 40.51 40.5 40.51 40.51 40.49 40.45 40.44 40.48 40.55 40.58 40.5 40.46 40.42 40.35 40.3 40.29 40.33 40.3 40.25 40.21 40.21 40.34 40.42 40.37 40.36 40.37 40.34 40.29 40.18 40.06 39.94 39.79 39.91 40.13 40.22 40.27 40.35 40.42
40.73 40.75 40.77 40.82 40.91 40.93 40.85 40.72 40.65 40.62 40.65 40.65 40.61 40.56 40.62 40.68 40.65 40.66 40.62 40.63 40.67 40.65 40.66 40.68 40.69 40.64 40.57 40.54 40.53 40.64 40.69 40.66 40.59 40.62 40.61 40.61 40.55 40.54 40.57 40.57 40.55 40.54 40.48 40.43 40.43 40.44 40.44 40.48 40.56 40.62 40.59 40.55 40.47 40.38 40.33 40.28 40.27 40.28 40.26 40.21 40.21 40.29 40.31 40.26 40.33 40.41 40.42 40.34 40.22 40.08 39.97 39.88 39.97 40.14 40.21 40.26 40.33 40.38
40.75 40.77 40.77 40.74 40.78 40.82 40.79 40.73 40.68 40.64 40.66 40.64 40.62 40.58 40.66 40.68 40.64 40.68 40.63 40.58 40.58 40.64 40.65 40.6 40.56 40.58 40.58 40.58 40.58 40.73 40.83 40.76 40.64 40.59 40.59 40.57 40.51 40.51 40.56 40.58 40.56 40.53 40.49 40.46 40.42 40.43 40.48 40.5 40.53 40.54 40.56 40.56 40.48 40.42 40.37 40.31 40.24 40.26 40.28 40.22 40.19 40.22 40.22 40.2 40.29 40.43 40.47 40.4 40.26 40.11 40.02 39.98 40.06 40.14 40.2 40.25 40.31 40.34
40.78 40.8 40.76 40.69 40.69 40.72 40.74 40.75 40.73 40.66 40.64 40.61 40.61 40.56 40.68 40.68 40.65 40.67 40.67 40.59 40.55 40.59 40.63 40.58 40.55 40.56 40.61 40.63 40.64 40.76 40.86 40.82 40.66 40.48 40.5 40.52 40.48 40.46 40.54 40.59 40.59 40.53 40.5 40.49 40.44 40.44 40.47 40.48 40.48 40.48 40.55 40.57 40.51 40.46 40.42 40.39 40.27 40.24 40.27 40.23 40.17 40.16 40.19 40.23 40.31 40.43 40.48 40.46 40.34 40.2 40.11 40.08 40.12 40.14 40.18 40.22 40.27 40.3
40.81 40.84 40.75 40.69 40.7 40.72 40.74 40.76 40.73 40.66 40.59 40.56 40.58 40.57 40.62 40.62 40.62 40.65 40.65 40.62 40.58 40.59 40.58 40.56 40.56 40.56 40.6 40.63 40.65 40.76 40.83 40.81 40.69 40.55 40.54 40.53 40.49 40.48 40.52 40.57 40.64 40.6 40.56 40.54 40.48 40.41 40.42 40.42 40.42 40.46 40.57 40.6 40.57 40.52 40.47 40.42 40.31 40.26 40.26 40.23 40.18 40.18 40.22 40.3 40.36 40.39 40.39 40.43 40.38 40.3 40.2 40.14 40.13 40.15 40.17 40.21 40.26 40.29
40.8 40.82 40.73 40.68 40.68 40.71 40.74 40.74 40.73 40.66 40.6 40.59 40.6 40.65 40.59 40.55 40.58 40.62 40.59 40.56 40.56 40.61 40.59 40.56 40.56 40.57 40.58 40.6 40.61 40.68 40.74 40.76 40.72 40.65 40.61 40.58 40.56 40.55 40.61 40.64 40.69 40.68 40.64 40.61 40.51 40.4 40.4 40.4 40.41 40.45 40.55 40.59 40.62 40.57 40.51 40.42 40.35 40.32 40.29 40.25 40.2 40.24 40.28 40.33 40.38 40.4 40.41 40.38 40.34 40.34 40.26 40.18 40.15 40.16 40.16 40.21 40.27 40.32
40.71 40.73 40.66 40.64 40.64 40.65 40.67 40.67 40.68 40.66 40.63 40.62 40.6 40.64 40.65 40.62 40.62 40.62 40.6 40.59 40.6 40.64 40.61 40.57 40.58 40.6 40.59 40.61 40.6 40.6 40.65 40.7 40.71 40.66 40.63 40.61 40.62 40.64 40.68 40.68 40.69 40.68 40.67 40.65 40.54 40.44 40.45 40.43 40.41 40.46 40.54 40.6 40.61 40.53 40.44 40.38 40.35 40.36 40.36 40.3 40.23 40.18 40.17 40.2 40.28 40.31 40.31 40.28 40.3 40.33 40.29 40.23 40.16 40.14 40.13 40.2 40.31 40.39
40.56 40.54 40.51 40.58 40.62 40.64 40.63 40.62 40.61 40.64 40.64 40.62 40.6 40.59 40.61 40.64 40.64 40.63 40.65 40.65 40.65 40.65 40.62 40.61 40.64 40.66 40.62 40.65 40.62 40.56 40.59 40.64 40.68 40.62 40.59 40.6 40.62 40.66 40.64 40.61 40.61 40.59 40.6 40.62 40.54 40.47 40.49 40.46 40.42 40.45 40.5 40.55 40.54 40.47 40.4 40.36 40.36 40.39 40.42 40.33 40.26 40.23 40.23 40.15 40.16 40.19 40.23 40.28 40.3 40.31 40.28 40.26 40.18 40.14 40.15 40.23 40.35 40.46
40.43 40.41 40.37 40.49 40.59 40.62 40.6 40.59 40.58 40.6 40.59 40.57 40.57 40.58 40.59 40.61 40.61 40.65 40.68 40.66 40.65 40.63 40.63 40.64 40.68 40.69 40.7 40.73 40.65 40.57 40.57 40.6 40.64 40.58 40.56 40.57 40.56 40.59 40.57 40.58 40.56 40.49 40.48 40.51 40.53 40.5 40.48 40.47 40.43 40.44 40.45 40.48 40.48 40.46 40.45 40.42 40.42 40.41 40.39 40.31 40.23 40.19 40.23 40.16 40.11 40.12 40.19 40.28 40.3 40.29 40.29 40.28 40.22 40.22 40.23 40.24 40.36 40.49
40.41 40.35 40.31 40.42 40.54 40.61 40.6 40.59 40.58 40.58 40.56 40.55 40.56 40.6 40.62 40.6 40.6 40.67 40.68 40.64 40.6 40.59 40.62 40.63 40.67 40.69 40.73 40.74 40.66 40.62 40.61 40.59 40.62 40.55 40.54 40.56 40.55 40.56 40.59 40.64 40.55 40.44 40.4 40.45 40.49 40.48 40.45 40.45 40.43 40.41 40.41 40.45 40.45 40.49 40.53 40.51 40.5 40.46 40.41 40.32 40.23 40.2 40.23 40.16 40.09 40.08 40.15 40.24 40.26 40.27 40.29 40.28 40.26 40.27 40.26 40.21 40.33 40.45
40.39 40.34 40.26 40.35 40.49 40.61 40.62 40.62 40.6 40.59 40.56 40.55 40.57 40.59 40.6 40.61 40.6 40.65 40.67 40.63 40.57 40.58 40.6 40.61 40.63 40.65 40.66 40.64 40.65 40.67 40.64 40.59 40.6 40.57 40.55 40.56 40.56 40.61 40.68 40.69 40.55 40.48 40.47 40.47 40.46 40.45 40.44 40.43 40.46 40.45 40.45 40.49 40.5 40.53 40.53 40.51 40.5 40.45 40.38 40.31 40.25 40.23 40.23 40.17 40.13 40.09 40.13 40.19 40.21 40.24 40.26 40.26 40.25 40.26 40.2 40.16 40.23 40.35
40.37 40.38 40.3 40.35 40.49 40.67 40.67 40.66 40.64 40.61 40.54 40.53 40.55 40.55 40.56 40.58 40.59 40.66 40.68 40.64 40.59 40.62 40.61 40.59 40.6 40.61 40.62 40.64 40.67 40.68 40.62 40.56 40.57 40.61 40.61 40.6 40.58 40.67 40.75 40.71 40.56 40.5 40.49 40.48 40.44 40.42 40.42 40.41 40.46 40.49 40.5 40.49 40.49 40.5 40.5 40.48 40.46 40.4 40.34 40.28 40.28 40.27 40.24 40.22 40.22 40.18 40.17 40.19 40.2 40.21 40.25 40.25 40.25 40.26 40.19 40.08 40.08 40.2
40.36 40.4 40.34 40.38 40.51 40.73 40.76 40.73 40.69 40.62 40.55 40.53 40.53 40.55 40.56 40.56 40.57 40.66 40.68 40.65 40.62 40.66 40.61 40.57 40.59 40.61 40.62 40.64 40.65 40.63 40.59 40.55 40.56 40.59 40.61 40.6 40.61 40.67 40.72 40.67 40.55 40.5 40.49 40.48 40.45 40.43 40.41 40.42 40.43 40.45 40.44 40.4 40.39 40.43 40.44 40.42 40.39 40.35 40.29 40.25 40.29 40.32 40.27 40.28 40.27 40.22 40.23 40.22 40.21 40.21 40.27 40.3 40.27 40.23 40.19 40.04 39.94 40.05
40.39 40.41 40.34 40.38 40.51 40.76 40.83 40.79 40.7 40.63 40.6 40.58 40.54 40.57 40.58 40.59 40.58 40.64 40.65 40.64 40.63 40.62 40.58 40.56 40.6 40.62 40.63 40.65 40.61 40.55 40.55 40.54 40.55 40.57 40.59 40.58 40.57 40.62 40.65 40.6 40.54 40.5 40.47 40.45 40.46 40.45 40.45 40.44 40.4 40.39 40.4 40.37 40.36 40.39 40.38 40.35 40.33 40.32 40.28 40.26 40.33 40.35 40.32 40.34 40.27 40.18 40.22 40.26 40.26 40.23 40.25 40.32 40.34 40.25 40.16 40.04 39.95 40.02
40.4 40.43 40.39 40.39 40.5 40.71 40.77 40.74 40.66 40.61 40.58 40.57 40.54 40.56 40.59 40.6 40.59 40.63 40.63 40.61 40.6 40.56 40.55 40.58 40.61 40.64 40.66 40.67 40.59 40.51 40.51 40.51 40.51 40.53 40.56 40.55 40.52 40.57 40.59 40.57 40.53 40.51 40.49 40.42 40.45 40.45 40.42 40.41 40.4 40.39 40.41 40.41 40.4 40.39 40.36 40.33 40.31 40.3 40.29 40.35 40.4 40.4 40.38 40.38 40.33 40.23 40.19 40.27 40.31 40.23 40.22 40.3 40.31 40.18 40.11 40.06 40.02 40.09
40.41 40.44 40.44 40.42 40.49 40.59 40.66 40.67 40.61 40.58 40.56 40.55 40.55 40.56 40.57 40.56 40.56 40.6 40.59 40.57 40.58 40.57 40.56 40.6 40.6 40.62 40.65 40.65 40.57 40.52 40.51 40.53 40.51 40.53 40.55 40.55 40.57 40.62 40.6 40.59 40.53 40.52 40.48 40.4 40.4 40.39 40.33 40.34 40.39 40.41 40.43 40.42 40.39 40.37 40.33 40.31 40.29 40.28 40.25 40.33 40.4 40.4 40.4 40.36 40.34 40.29 40.22 40.23 40.23 40.17 40.19 40.26 40.26 40.15 40.1 40.1 40.11 40.15
40.42 40.42 40.4 40.39 40.42 40.53 40.63 40.65 40.6 40.56 40.58 40.6 40.62 40.6 40.6 40.58 40.57 40.58 40.54 40.53 40.54 40.57 40.57 40.58 40.56 40.59 40.63 40.61 40.52 40.5 40.52 40.55 40.56 40.58 40.59 40.58 40.66 40.7 40.65 40.61 40.57 40.55 40.46 40.4 40.37 40.35 40.31 40.31 40.36 40.4 40.43 40.41 40.35 40.31 40.28 40.28 40.26 40.24 40.19 40.29 40.37 40.35 40.35 40.31 40.3 40.31 40.25 40.17 40.13 40.14 40.17 40.19 40.18 40.13 40.11 40.09 40.1 40.16
40.41 40.39 40.43 40.43 40.42 40.51 40.62 40.64 40.63 40.59 40.61 40.62 40.6 40.58 40.56 40.56 40.56 40.54 40.52 40.52 40.54 40.58 40.59 40.56 40.52 40.53 40.57 40.54 40.47 40.45 40.47 40.54 40.59 40.61 40.6 40.58 40.7 40.72 40.66 40.6 40.64 40.6 40.5 40.43 40.39 40.35 40.31 40.3 40.34 40.37 40.41 40.38 40.28 40.2 40.16 40.23 40.22 40.18 40.15 40.25 40.32 40.29 40.28 40.28 40.26 40.25 40.18 40.13 40.13 40.13 40.15 40.14 40.13 40.12 40.12 40.06 40.07 40.15
40.43 40.35 40.37 40.36 40.36 40.52 40.62 40.65 40.63 40.62 40.68 40.67 40.62 40.58 40.55 40.55 40.55 40.54 40.54 40.54 40.54 40.55 40.54 40.49 40.46 40.49 40.53 40.48 40.42 40.4 40.42 40.52 40.54 40.54 40.54 40.57 40.67 40.68 40.65 40.58 40.64 40.64 40.54 40.46 40.39 40.35 40.3 40.29 40.33 40.35 40.4 40.4 40.26 40.13 40.07 40.17 40.21 40.18 40.15 40.23 40.29 40.28 40.26 40.22 40.19 40.16 40.11 40.11 40.13 40.13 40.11 40.12 40.1 40.09 40.08 40.04 40.04 40.13
40.39 40.34 40.32 40.31 40.31 40.46 40.57 40.61 40.63 40.66 40.71 40.69 40.63 40.6 40.58 40.56 40.56 40.54 40.54 40.54 40.51 40.49 40.47 40.43 40.4 40.45 40.49 40.4 40.39 40.41 40.44 40.53 40.5 40.47 40.48 40.54 40.64 40.67 40.67 40.57 40.62 40.65 40.59 40.48 40.4 40.36 40.3 40.28 40.32 40.35 40.4 40.38 40.27 40.14 40.17 40.28 40.3 40.26 40.24 40.28 40.31 40.31 40.25 40.18 40.17 40.15 40.12 40.11 40.13 40.16 40.13 40.11 40.09 40.08 40.05 40.01 40.01 40.07
40.34 40.32 40.32 40.34 40.31 40.34 40.44 40.51 40.61 40.69 40.72 40.67 40.61 40.59 40.58 40.56 40.55 40.53 40.52 40.53 40.47 40.44 40.43 40.4 40.36 40.39 40.39 40.36 40.39 40.45 40.52 40.58 40.57 40.55 40.53 40.53 40.63 40.71 40.7 40.58 40.58 40.63 40.62 40.53 40.44 40.39 40.32 40.28 40.31 40.34 40.38 40.33 40.23 40.16 40.24 40.36 40.36 40.33 40.29 40.3 40.33 40.35 40.29 40.21 40.2 40.16 40.11 40.12 40.13 40.2 40.16 40.1 40.09 40.11 40.05 39.99 39.98 40.01
40.32 40.33 40.35 40.39 40.32 40.3 40.36 40.42 40.48 40.61 40.71 40.68 40.62 40.57 40.57 40.54 40.53 40.52 40.52 40.5 40.44 40.44 40.43 40.39 40.35 40.37 40.4 40.41 40.45 40.5 40.56 40.61 40.61 40.57 40.53 40.5 40.58 40.68 40.68 40.58 40.55 40.58 40.62 40.56 40.49 40.45 40.39 40.31 40.29 40.31 40.33 40.28 40.23 40.2 40.26 40.35 40.35 40.29 40.22 40.22 40.25 40.27 40.26 40.23 40.21 40.18 40.12 40.15 40.17 40.18 40.11 40.06 40.06 40.08 40.06 39.99 39.97 40
40.44 40.45 40.44 40.4 40.32 40.31 40.35 40.35 40.31 40.46 40.63 40.67 40.63 40.57 40.56 40.51 40.51 40.5 40.47 40.43 40.42 40.48 40.47 40.39 40.37 40.44 40.47 40.47 40.51 40.52 40.53 40.53 40.53 40.54 40.52 40.49 40.5 40.52 40.54 40.56 40.55 40.54 40.62 40.59 40.54 40.49 40.41 40.33 40.28 40.27 40.27 40.26 40.28 40.25 40.29 40.33 40.3 40.23 40.14 40.14 40.16 40.16 40.15 40.15 40.17 40.21 40.22 40.22 40.19 40.1 40.04 40 40.02 40.08 40.07 40.01 39.98 39.97
40.67 40.61 40.5 40.38 40.32 40.33 40.33 40.32 40.24 40.32 40.44 40.52 40.58 40.53 40.49 40.47 40.5 40.49 40.45 40.4 40.41 40.45 40.41 40.33 40.38 40.47 40.5 40.52 40.5 40.5 40.49 40.48 40.47 40.5 40.49 40.47 40.47 40.48 40.49 40.52 40.51 40.49 40.55 40.57 40.54 40.49 40.4 40.34 40.28 40.24 40.22 40.27 40.32 40.28 40.31 40.31 40.28 40.24 40.17 40.14 40.14 40.14 40.1 40.07 40.1 40.15 40.25 40.26 40.18 40.07 40.04 39.99 40 40.08 40.06 40.02 39.99 39.96
40.8 40.7 40.55 40.42 40.38 40.34 40.31 40.29 40.2 40.23 40.26 40.32 40.45 40.48 40.48 40.47 40.49 40.48 40.44 40.38 40.36 40.36 40.34 40.32 40.4 40.47 40.53 40.53 40.49 40.49 40.48 40.43 40.42 40.45 40.47 40.45 40.46 40.47 40.48 40.48 40.47 40.4 40.36 40.42 40.46 40.45 40.38 40.35 40.32 40.26 40.26 40.31 40.34 40.34 40.34 40.3 40.26 40.29 40.23 40.15 40.11 40.12 40.08 40.04 40.03 40.1 40.22 40.24 40.16 40.08 40.12 40.08 40.03 40.05 40.04 40.03 40.02 40.04
40.75 40.7 40.62 40.51 40.43 40.35 40.28 40.2 40.2 40.23 40.24 40.26 40.35 40.43 40.45 40.46 40.46 40.44 40.42 40.39 40.34 40.31 40.29 40.34 40.42 40.49 40.56 40.56 40.48 40.46 40.46 40.45 40.41 40.4 40.43 40.44 40.44 40.45 40.47 40.46 40.43 40.28 40.18 40.26 40.36 40.38 40.37 40.39 40.38 40.37 40.41 40.43 40.41 40.46 40.42 40.33 40.31 40.32 40.25 40.17 40.14 40.13 40.11 40.09 40.06 40.11 40.15 40.18 40.13 40.11 40.13 40.11 40.06 40.05 40.08 40.1 40.06 40.07
40.66 40.65 40.62 40.55 40.44 40.33 40.28 40.21 40.21 40.27 40.29 40.33 40.29 40.31 40.36 40.43 40.45 40.42 40.4 40.38 40.35 40.3 40.29 40.32 40.4 40.47 40.55 40.57 40.5 40.47 40.46 40.44 40.42 40.39 40.4 40.41 40.42 40.43 40.45 40.39 40.33 40.18 40.13 40.2 40.27 40.32 40.39 40.45 40.47 40.5 40.56 40.57 40.52 40.5 40.42 40.36 40.37 40.36 40.28 40.23 40.26 40.25 40.15 40.1 40.09 40.11 40.14 40.14 40.13 40.13 40.11 40.08 40.04 40.02 40.06 40.09 40.02 40.01
40.65 40.64 40.63 40.62 40.48 40.35 40.34 40.33 40.3 40.31 40.31 40.34 40.22 40.18 40.24 40.39 40.42 40.39 40.38 40.37 40.36 40.33 40.31 40.32 40.38 40.44 40.51 40.54 40.51 40.51 40.49 40.46 40.43 40.4 40.36 40.36 40.37 40.4 40.44 40.32 40.25 40.18 40.18 40.23 40.26 40.3 40.39 40.48 40.51 40.52 40.54 40.56 40.54 40.45 40.39 40.36 40.39 40.4 40.33 40.23 40.31 40.34 40.26 40.17 40.13 40.15 40.18 40.13 40.11 40.12 40.11 40.09 40.06 40.05 40.08 40.09 40.03 40.01
40.59 40.62 40.64 40.65 40.55 40.43 40.4 40.4 40.44 40.44 40.39 40.35 40.2 40.14 40.14 40.26 40.37 40.39 40.39 40.38 40.38 40.36 40.37 40.36 40.4 40.44 40.49 40.51 40.52 40.54 40.52 40.47 40.43 40.37 40.32 40.32 40.33 40.37 40.4 40.31 40.26 40.22 40.25 40.3 40.32 40.35 40.39 40.44 40.47 40.49 40.51 40.51 40.49 40.4 40.41 40.42 40.44 40.45 40.42 40.4 40.46 40.51 40.48 40.36 40.24 40.25 40.25 40.19 40.16 40.15 40.14 40.12 40.11 40.14 40.16 40.13 40.08 40.04
40.57 40.57 40.59 40.6 40.55 40.48 40.45 40.49 40.54 40.54 40.46 40.36 40.21 40.14 40.11 40.18 40.31 40.36 40.38 40.39 40.39 40.4 40.42 40.4 40.42 40.45 40.49 40.52 40.54 40.54 40.5 40.44 40.4 40.34 40.3 40.3 40.33 40.36 40.35 40.29 40.27 40.25 40.29 40.33 40.35 40.36 40.38 40.41 40.42 40.44 40.45 40.44 40.44 40.38 40.39 40.44 40.46 40.42 40.38 40.4 40.46 40.54 40.55 40.46 40.33 40.34 40.31 40.29 40.26 40.21 40.16 40.14 40.16 40.23 40.24 40.16 40.08 40.03
40.56 40.56 40.58 40.58 40.55 40.51 40.48 40.52 40.55 40.55 40.49 40.4 40.29 40.26 40.21 40.22 40.29 40.33 40.35 40.36 40.39 40.42 40.42 40.42 40.41 40.43 40.49 40.53 40.53 40.51 40.46 40.41 40.38 40.33 40.29 40.3 40.32 40.34 40.31 40.28 40.27 40.26 40.26 40.3 40.34 40.34 40.37 40.4 40.4 40.39 40.39 40.37 40.37 40.37 40.4 40.44 40.47 40.42 40.32 40.31 40.36 40.47 40.48 40.38 40.34 40.4 40.35 40.32 40.35 40.29 40.21 40.19 40.24 40.31 40.3 40.22 40.08 40.04
40.57 40.58 40.59 40.59 40.57 40.53 40.51 40.52 40.5 40.49 40.47 40.43 40.41 40.42 40.34 40.31 40.31 40.32 40.3 40.3 40.32 40.37 40.43 40.47 40.46 40.44 40.49 40.54 40.52 40.47 40.43 40.39 40.37 40.34 40.32 40.32 40.33 40.34 40.31 40.31 40.31 40.29 40.26 40.29 40.35 40.33 40.34 40.35 40.34 40.34 40.33 40.3 40.3 40.37 40.39 40.39 40.42 40.4 40.31 40.26 40.32 40.4 40.38 40.29 40.32 40.39 40.36 40.31 40.4 40.4 40.36 40.31 40.3 40.38 40.38 40.35 40.19 40.09
40.56 40.57 40.58 40.57 40.57 40.54 40.52 40.52 40.47 40.43 40.43 40.44 40.46 40.48 40.41 40.34 40.31 40.3 40.27 40.24 40.25 40.3 40.38 40.49 40.53 40.46 40.49 40.55 40.54 40.48 40.43 40.4 40.38 40.35 40.34 40.36 40.38 40.38 40.33 40.34 40.36 40.35 40.29 40.23 40.25 40.29 40.3 40.31 40.28 40.27 40.26 40.26 40.23 40.3 40.36 40.35 40.37 40.36 40.31 40.27 40.3 40.33 40.33 40.3 40.3 40.34 40.37 40.39 40.51 40.56 40.61 40.5 40.36 40.42 40.43 40.44 40.31 40.15
40.54 40.54 40.55 40.54 40.56 40.54 40.54 40.52 40.46 40.42 40.42 40.41 40.4 40.41 40.38 40.3 40.27 40.27 40.28 40.31 40.35 40.34 40.32 40.39 40.45 40.43 40.47 40.52 40.54 40.48 40.41 40.39 40.39 40.35 40.37 40.41 40.45 40.42 40.31 40.3 40.34 40.37 40.33 40.26 40.22 40.29 40.33 40.34 40.3 40.25 40.23 40.23 40.19 40.25 40.33 40.35 40.34 40.32 40.3 40.28 40.24 40.28 40.36 40.38 40.31 40.33 40.37 40.47 40.59 40.67 40.76 40.66 40.5 40.48 40.41 40.42 40.33 40.16
