slabs/35.grd
DSAA
631 301
643890 644520
4947200 4947500
37.01 52.8
[rows 68 to 101 of 300, columns 546 to 623 of 631]
41.34 41.35 41.31 41.27 41.25 41.25 41.25 41.27 41.28 41.28 41.26 41.27 41.29 41.33 41.33 41.33 41.33 41.35 41.33 41.32 41.33 41.37 41.42 41.43 41.44 41.4 41.38 41.36 41.37 41.35 41.37 41.37 41.34 41.36 41.42 41.43 41.37 41.31 41.31 41.32 41.33 41.34 41.41 41.45 41.48 41.46 41.48 41.51 41.47 41.46 41.44 41.38 41.38 41.39 41.39 41.41 41.47 41.48 41.49 41.56 41.7 41.74 41.72 41.76 41.8 41.82 41.84 41.83 41.76 41.67 41.61 41.6 41.65 41.68 41.74 41.89 42.14 42.36
41.29 41.28 41.26 41.26 41.24 41.24 41.23 41.25 41.26 41.24 41.2 41.24 41.27 41.28 41.28 41.29 41.29 41.3 41.29 41.32 41.34 41.36 41.43 41.39 41.39 41.39 41.36 41.32 41.36 41.36 41.35 41.35 41.35 41.38 41.39 41.38 41.37 41.31 41.3 41.32 41.34 41.33 41.35 41.39 41.43 41.4 41.42 41.47 41.45 41.4 41.38 41.37 41.38 41.39 41.39 41.42 41.47 41.47 41.49 41.6 41.76 41.77 41.73 41.75 41.78 41.75 41.77 41.78 41.74 41.68 41.64 41.62 41.64 41.64 41.65 41.75 42.06 42.35
41.28 41.27 41.26 41.25 41.24 41.25 41.25 41.23 41.22 41.19 41.16 41.23 41.27 41.25 41.19 41.2 41.22 41.22 41.25 41.3 41.33 41.29 41.27 41.28 41.33 41.35 41.3 41.26 41.32 41.33 41.35 41.39 41.37 41.39 41.38 41.37 41.37 41.3 41.33 41.36 41.36 41.31 41.28 41.34 41.39 41.39 41.38 41.39 41.37 41.32 41.32 41.35 41.36 41.38 41.36 41.38 41.44 41.47 41.51 41.6 41.74 41.75 41.71 41.73 41.75 41.7 41.7 41.72 41.75 41.7 41.67 41.64 41.64 41.64 41.65 41.67 41.95 42.22
41.28 41.27 41.26 41.24 41.23 41.26 41.26 41.22 41.2 41.2 41.19 41.19 41.19 41.17 41.12 41.13 41.14 41.1 41.07 41.11 41.13 41.06 41.06 41.09 41.21 41.26 41.21 41.23 41.32 41.33 41.36 41.43 41.4 41.39 41.37 41.35 41.35 41.32 41.37 41.38 41.36 41.33 41.3 41.36 41.42 41.41 41.37 41.33 41.26 41.21 41.25 41.31 41.32 41.35 41.32 41.33 41.41 41.52 41.59 41.63 41.67 41.68 41.68 41.73 41.68 41.63 41.63 41.67 41.74 41.73 41.71 41.64 41.67 41.7 41.69 41.6 41.86 42.12
41.25 41.22 41.25 41.24 41.22 41.22 41.23 41.18 41.16 41.17 41.15 41.1 41.07 41.12 41.07 41.01 40.98 40.81 40.74 40.79 40.85 40.85 40.89 40.94 41.08 41.12 41.1 41.16 41.24 41.25 41.33 41.42 41.39 41.37 41.35 41.33 41.35 41.35 41.39 41.38 41.38 41.37 41.38 41.4 41.44 41.4 41.34 41.31 41.21 41.15 41.2 41.27 41.3 41.36 41.37 41.38 41.45 41.55 41.61 41.65 41.63 41.62 41.64 41.67 41.63 41.61 41.6 41.62 41.7 41.73 41.67 41.65 41.72 41.78 41.7 41.56 41.77 41.98
41.23 41.22 41.25 41.24 41.21 41.21 41.24 41.19 41.17 41.15 41.06 41.03 40.97 40.99 40.97 40.87 40.75 40.51 40.51 40.59 40.68 40.74 40.83 40.9 41.01 40.99 40.95 40.97 41.01 41.13 41.28 41.36 41.33 41.3 41.32 41.3 41.35 41.37 41.38 41.36 41.38 41.38 41.38 41.38 41.4 41.37 41.34 41.37 41.29 41.24 41.26 41.29 41.3 41.34 41.39 41.39 41.47 41.59 41.66 41.68 41.62 41.56 41.57 41.6 41.56 41.49 41.52 41.55 41.61 41.66 41.6 41.64 41.75 41.81 41.69 41.54 41.65 41.79
41.26 41.27 41.27 41.25 41.22 41.22 41.22 41.2 41.18 41.16 41.08 41.01 40.92 40.75 40.65 40.53 40.44 40.33 40.4 40.5 40.6 40.72 40.85 40.93 40.96 40.9 40.81 40.76 40.79 41.01 41.21 41.27 41.25 41.24 41.31 41.3 41.34 41.35 41.33 41.29 41.33 41.39 41.4 41.39 41.35 41.36 41.4 41.47 41.4 41.34 41.34 41.32 41.31 41.34 41.34 41.32 41.43 41.54 41.64 41.68 41.61 41.55 41.54 41.57 41.52 41.46 41.45 41.51 41.57 41.57 41.52 41.61 41.71 41.72 41.6 41.5 41.53 41.58
41.24 41.26 41.26 41.24 41.23 41.22 41.2 41.19 41.15 41.09 41.02 40.91 40.78 40.56 40.47 40.41 40.37 40.34 40.41 40.48 40.61 40.76 40.88 40.93 40.91 40.85 40.75 40.68 40.73 40.91 41.11 41.18 41.2 41.27 41.36 41.36 41.36 41.29 41.26 41.26 41.3 41.38 41.4 41.37 41.28 41.28 41.28 41.38 41.42 41.37 41.35 41.33 41.31 41.31 41.32 41.31 41.37 41.43 41.51 41.62 41.59 41.57 41.54 41.55 41.51 41.48 41.47 41.54 41.61 41.59 41.51 41.56 41.6 41.58 41.51 41.46 41.45 41.47
41.27 41.28 41.27 41.24 41.23 41.22 41.18 41.14 41.13 41.05 40.9 40.76 40.62 40.47 40.44 40.44 40.44 40.46 40.47 40.5 40.63 40.8 40.9 40.9 40.87 40.81 40.74 40.71 40.77 40.88 41.01 41.06 41.1 41.26 41.4 41.39 41.3 41.14 41.12 41.18 41.27 41.35 41.39 41.24 41.09 41.12 41.18 41.33 41.43 41.38 41.35 41.35 41.34 41.33 41.33 41.33 41.35 41.39 41.45 41.56 41.58 41.58 41.55 41.59 41.6 41.59 41.6 41.69 41.75 41.71 41.59 41.51 41.51 41.5 41.5 41.46 41.46 41.51
41.25 41.27 41.26 41.23 41.23 41.22 41.19 41.17 41.19 41.11 40.8 40.62 40.5 40.43 40.43 40.45 40.47 40.51 40.53 40.53 40.62 40.8 40.88 40.86 40.82 40.76 40.72 40.73 40.82 40.88 40.92 40.94 41.02 41.17 41.29 41.24 41.09 40.98 40.99 41.08 41.13 41.21 41.24 41.08 40.97 41.11 41.26 41.37 41.33 41.26 41.3 41.35 41.35 41.35 41.35 41.34 41.35 41.38 41.45 41.54 41.58 41.56 41.52 41.62 41.69 41.69 41.71 41.79 41.83 41.81 41.69 41.51 41.49 41.48 41.51 41.5 41.54 41.6
41.24 41.23 41.24 41.23 41.24 41.22 41.18 41.16 41.21 41.11 40.72 40.52 40.43 40.41 40.43 40.45 40.47 40.49 40.54 40.57 40.62 40.76 40.84 40.82 40.78 40.72 40.68 40.76 40.85 40.87 40.88 40.9 40.98 41.01 41.04 41 40.89 40.87 40.9 40.98 41.02 41.03 41.07 41.06 40.94 41.01 41.18 41.29 41.22 41.16 41.25 41.34 41.36 41.36 41.36 41.36 41.37 41.39 41.44 41.53 41.56 41.54 41.5 41.58 41.64 41.65 41.67 41.71 41.77 41.79 41.67 41.5 41.46 41.45 41.5 41.55 41.61 41.68
41.25 41.23 41.25 41.24 41.24 41.23 41.16 41.13 41.13 40.99 40.65 40.48 40.4 40.4 40.42 40.44 40.46 40.48 40.51 40.53 40.6 40.71 40.78 40.78 40.76 40.7 40.65 40.79 40.86 40.85 40.85 40.89 40.97 40.98 41 40.97 40.88 40.83 40.83 40.89 40.91 40.89 40.97 41 40.94 40.94 41.05 41.16 41.17 41.19 41.27 41.35 41.37 41.37 41.37 41.38 41.4 41.42 41.45 41.49 41.52 41.52 41.52 41.55 41.57 41.58 41.6 41.64 41.7 41.71 41.59 41.49 41.45 41.42 41.49 41.6 41.68 41.73
41.27 41.26 41.25 41.23 41.22 41.23 41.2 41.17 41.08 40.89 40.6 40.43 40.38 40.39 40.42 40.44 40.45 40.48 40.5 40.52 40.54 40.65 40.74 40.77 40.77 40.71 40.68 40.83 40.83 40.81 40.83 40.9 40.99 41.02 41.05 41.04 40.97 40.86 40.81 40.83 40.86 40.85 40.94 41.01 40.99 40.97 41 41.06 41.16 41.26 41.33 41.38 41.39 41.4 41.4 41.42 41.44 41.45 41.46 41.45 41.45 41.48 41.52 41.54 41.55 41.54 41.57 41.63 41.68 41.66 41.56 41.48 41.45 41.42 41.46 41.58 41.68 41.73
41.25 41.25 41.23 41.22 41.21 41.21 41.21 41.17 41.09 40.89 40.61 40.43 40.39 40.4 40.42 40.43 40.46 40.49 40.51 40.52 40.55 40.63 40.72 40.74 40.81 40.84 40.84 40.88 40.84 40.82 40.85 40.92 40.99 41.03 41.05 41.08 41.04 40.93 40.86 40.87 40.91 40.89 40.96 41.07 41.06 41.04 41.02 41.02 41.18 41.31 41.39 41.43 41.44 41.45 41.46 41.48 41.49 41.49 41.46 41.43 41.44 41.49 41.55 41.56 41.59 41.57 41.56 41.61 41.66 41.62 41.54 41.48 41.46 41.45 41.44 41.52 41.59 41.61
41.23 41.22 41.22 41.22 41.2 41.22 41.23 41.23 41.21 41.03 40.7 40.51 40.47 40.44 40.44 40.45 40.47 40.5 40.52 40.54 40.57 40.62 40.68 40.71 40.84 40.96 40.96 40.93 40.86 40.86 40.87 40.92 40.94 40.93 40.95 41.02 41.03 40.98 40.92 40.96 41.02 41.01 41.02 41.08 41.09 41.08 41.05 41.03 41.21 41.37 41.48 41.54 41.56 41.56 41.56 41.57 41.56 41.53 41.5 41.48 41.47 41.5 41.55 41.58 41.61 41.6 41.58 41.62 41.65 41.6 41.52 41.49 41.49 41.48 41.46 41.51 41.54 41.53
41.25 41.24 41.22 41.21 41.25 41.26 41.25 41.24 41.25 41.11 40.83 40.65 40.58 40.55 40.52 40.5 40.5 40.52 40.53 40.55 40.58 40.63 40.7 40.77 40.9 40.97 40.98 40.93 40.85 40.85 40.86 40.88 40.86 40.81 40.84 40.91 40.97 41 40.96 41 41.08 41.12 41.1 41.09 41.08 41.06 41.01 41.01 41.19 41.36 41.52 41.66 41.72 41.72 41.68 41.67 41.63 41.57 41.52 41.51 41.48 41.52 41.6 41.6 41.6 41.62 41.63 41.64 41.63 41.58 41.51 41.51 41.52 41.52 41.52 41.54 41.54 41.5
41.21 41.23 41.25 41.26 41.26 41.26 41.27 41.26 41.24 41.11 40.9 40.75 40.68 40.66 40.64 40.61 40.56 40.54 40.56 40.58 40.61 40.7 40.79 40.86 40.92 40.93 40.92 40.89 40.83 40.81 40.81 40.83 40.81 40.75 40.8 40.87 40.93 40.96 40.96 41.04 41.1 41.1 41.1 41.07 41.01 40.95 40.91 40.98 41.18 41.32 41.5 41.76 41.86 41.84 41.77 41.7 41.64 41.56 41.47 41.53 41.55 41.57 41.61 41.59 41.56 41.6 41.66 41.64 41.6 41.56 41.51 41.53 41.54 41.54 41.55 41.56 41.55 41.52
41.24 41.25 41.24 41.24 41.23 41.25 41.26 41.26 41.25 41.12 40.96 40.88 40.8 40.76 40.76 40.74 40.69 40.62 40.65 40.69 40.71 40.8 40.87 40.89 40.94 40.93 40.91 40.87 40.83 40.82 40.8 40.8 40.77 40.72 40.81 40.9 40.92 40.93 40.94 41.02 41 40.98 40.96 41 40.96 40.89 40.87 40.94 41.2 41.44 41.62 41.83 41.95 41.88 41.68 41.6 41.56 41.52 41.49 41.57 41.6 41.6 41.63 41.63 41.61 41.66 41.69 41.63 41.58 41.53 41.5 41.51 41.53 41.53 41.54 41.56 41.55 41.58
41.24 41.24 41.23 41.24 41.24 41.23 41.21 41.2 41.2 41.16 41.09 41.07 40.93 40.9 40.91 40.89 40.84 40.78 40.8 40.82 40.83 40.87 40.88 40.92 40.99 40.97 40.93 40.89 40.86 40.84 40.79 40.75 40.71 40.68 40.84 40.94 40.92 40.89 40.89 40.96 40.8 40.73 40.81 40.95 40.99 40.97 40.94 40.98 41.12 41.42 41.76 41.92 41.99 41.89 41.67 41.6 41.59 41.58 41.57 41.66 41.7 41.67 41.69 41.72 41.73 41.75 41.7 41.6 41.55 41.49 41.47 41.48 41.5 41.52 41.55 41.57 41.58 41.72
41.24 41.24 41.24 41.25 41.25 41.22 41.2 41.19 41.18 41.21 41.23 41.24 41.12 41.05 41.05 40.99 40.92 40.89 40.9 40.9 40.9 40.9 40.9 40.9 40.91 40.89 40.87 40.9 40.9 40.86 40.8 40.74 40.71 40.72 40.88 40.94 40.91 40.88 40.9 40.95 40.87 40.81 40.88 40.98 41.02 41.03 41.02 41.07 41.14 41.39 41.82 41.94 41.94 41.85 41.69 41.63 41.63 41.62 41.62 41.7 41.76 41.74 41.76 41.8 41.8 41.8 41.71 41.57 41.5 41.45 41.45 41.47 41.5 41.54 41.59 41.62 41.67 41.9
41.24 41.24 41.23 41.25 41.26 41.24 41.24 41.21 41.2 41.22 41.25 41.27 41.23 41.16 41.09 41 40.89 40.88 40.9 40.92 40.93 40.93 40.9 40.84 40.78 40.77 40.78 40.84 40.89 40.88 40.87 40.84 40.84 40.87 40.96 40.97 40.91 40.87 40.86 40.91 40.95 40.95 40.97 41.02 41.04 41.05 41.07 41.12 41.18 41.4 41.78 41.88 41.87 41.8 41.7 41.64 41.62 41.61 41.65 41.7 41.73 41.74 41.76 41.77 41.79 41.8 41.71 41.57 41.47 41.41 41.43 41.44 41.49 41.54 41.6 41.69 41.78 42.03
41.26 41.24 41.24 41.22 41.25 41.26 41.27 41.24 41.22 41.19 41.17 41.2 41.22 41.17 41.09 40.96 40.86 40.86 40.9 40.94 40.95 40.93 40.89 40.83 40.75 40.7 40.72 40.82 40.92 40.98 40.98 40.96 40.94 40.94 40.95 40.94 40.89 40.83 40.79 40.9 41.03 41.05 41.03 41.04 41.06 41.08 41.1 41.15 41.17 41.36 41.67 41.83 41.84 41.78 41.7 41.63 41.6 41.6 41.66 41.67 41.66 41.65 41.65 41.66 41.71 41.77 41.72 41.58 41.44 41.41 41.5 41.49 41.5 41.53 41.62 41.77 41.95 42.1
41.25 41.25 41.25 41.23 41.25 41.26 41.27 41.25 41.25 41.22 41.16 41.19 41.22 41.18 41.09 40.91 40.85 40.87 40.9 40.96 40.96 40.93 40.88 40.82 40.76 40.71 40.7 40.84 40.95 41 41.04 41.02 40.97 40.93 40.89 40.86 40.83 40.79 40.73 40.88 41.02 41.06 41.02 41.02 41.05 41.1 41.13 41.18 41.19 41.32 41.59 41.79 41.83 41.78 41.71 41.64 41.6 41.61 41.65 41.62 41.59 41.58 41.57 41.56 41.59 41.69 41.71 41.59 41.42 41.5 41.65 41.63 41.58 41.59 41.77 41.97 42.19 42.29
41.24 41.25 41.25 41.25 41.25 41.25 41.25 41.26 41.25 41.23 41.19 41.22 41.24 41.2 41.11 40.95 40.84 40.8 40.83 40.9 40.94 40.92 40.89 40.83 40.76 40.72 40.72 40.87 40.97 41.01 41.06 41.03 40.97 40.93 40.87 40.8 40.76 40.73 40.69 40.83 40.95 41 40.95 40.93 40.98 41.1 41.18 41.26 41.27 41.35 41.57 41.74 41.78 41.77 41.71 41.65 41.6 41.59 41.58 41.56 41.54 41.51 41.51 41.5 41.52 41.63 41.65 41.55 41.43 41.46 41.64 41.71 41.73 41.81 41.98 42.12 42.27 42.35
41.23 41.25 41.26 41.26 41.25 41.25 41.24 41.26 41.25 41.23 41.24 41.24 41.22 41.19 41.13 40.98 40.82 40.73 40.73 40.78 40.83 40.85 40.87 40.83 40.77 40.73 40.78 40.9 40.98 41.02 41.08 41 40.97 40.95 40.89 40.8 40.74 40.73 40.73 40.82 40.91 40.97 40.91 40.87 40.9 41.1 41.31 41.44 41.46 41.47 41.6 41.7 41.72 41.73 41.69 41.65 41.61 41.51 41.49 41.49 41.47 41.46 41.48 41.5 41.53 41.62 41.63 41.56 41.48 41.48 41.63 41.76 41.89 42.03 42.15 42.22 42.27 42.31
41.22 41.25 41.24 41.26 41.25 41.23 41.24 41.24 41.26 41.27 41.26 41.27 41.24 41.18 41.14 40.96 40.77 40.66 40.63 40.65 40.7 40.73 40.76 40.78 40.77 40.75 40.82 40.92 40.99 41.03 41.11 40.94 40.89 40.91 40.9 40.82 40.77 40.83 40.85 40.86 40.9 41.01 40.99 40.94 40.96 41.22 41.5 41.66 41.68 41.67 41.67 41.69 41.69 41.68 41.66 41.63 41.58 41.54 41.51 41.51 41.48 41.47 41.48 41.5 41.54 41.6 41.62 41.59 41.55 41.63 41.82 41.96 42.07 42.16 42.21 42.22 42.21 42.24
41.22 41.26 41.26 41.26 41.27 41.25 41.21 41.22 41.27 41.28 41.27 41.26 41.22 41.17 41.14 40.9 40.72 40.62 40.57 40.56 40.59 40.61 40.64 40.72 40.78 40.79 40.85 40.93 40.99 41.05 41.12 40.9 40.78 40.83 40.88 40.87 40.86 41 41 40.9 40.89 41.09 41.21 41.23 41.28 41.53 41.74 41.85 41.86 41.8 41.73 41.69 41.67 41.66 41.63 41.59 41.55 41.54 41.53 41.55 41.52 41.49 41.49 41.51 41.55 41.59 41.64 41.66 41.67 41.78 41.99 42.12 42.16 42.15 42.18 42.14 42.05 42.12
41.19 41.25 41.24 41.23 41.24 41.23 41.23 41.22 41.25 41.25 41.24 41.23 41.2 41.17 41.13 40.96 40.78 40.66 40.55 40.51 40.53 40.55 40.56 40.66 40.76 40.83 40.9 40.97 41.02 41.07 41.13 40.91 40.75 40.78 40.88 40.97 41.08 41.2 41.15 41.02 41.03 41.21 41.34 41.5 41.64 41.87 42.01 42.01 41.91 41.79 41.72 41.68 41.65 41.63 41.58 41.55 41.54 41.52 41.49 41.49 41.5 41.52 41.53 41.55 41.59 41.65 41.74 41.78 41.86 41.98 42.12 42.2 42.19 42.14 42.15 42.05 41.91 41.98
41.17 41.23 41.21 41.22 41.23 41.22 41.23 41.24 41.24 41.22 41.24 41.23 41.18 41.17 41.07 40.97 40.82 40.68 40.57 40.54 40.55 40.56 40.58 40.63 40.7 40.85 40.98 41.09 41.14 41.18 41.22 41.08 40.95 40.94 41.01 41.15 41.33 41.41 41.35 41.31 41.36 41.43 41.47 41.6 41.78 42.06 42.21 42.15 41.99 41.81 41.72 41.67 41.64 41.6 41.56 41.55 41.57 41.55 41.53 41.53 41.56 41.6 41.62 41.64 41.64 41.76 41.88 41.94 42.03 42.13 42.19 42.18 42.12 42.12 42.1 42.02 41.92 41.88
41.14 41.15 41.13 41.18 41.21 41.22 41.22 41.26 41.25 41.24 41.25 41.23 41.18 41.15 41.01 40.9 40.8 40.7 40.65 40.63 40.63 40.64 40.68 40.7 40.69 40.88 41.13 41.35 41.43 41.46 41.49 41.54 41.52 41.43 41.37 41.39 41.49 41.58 41.56 41.6 41.66 41.68 41.64 41.64 41.79 42.13 42.3 42.21 42.05 41.85 41.73 41.68 41.63 41.61 41.61 41.62 41.64 41.63 41.66 41.68 41.72 41.76 41.75 41.75 41.7 41.83 41.99 42.04 42.06 42.12 42.18 42.1 42.01 41.98 41.96 41.93 41.9 41.8
40.98 40.94 40.96 41.09 41.17 41.2 41.19 41.24 41.25 41.25 41.22 41.2 41.17 41.11 40.99 40.88 40.82 40.77 40.76 40.75 40.75 40.77 40.85 40.91 40.89 41.03 41.34 41.6 41.72 41.79 41.89 42.02 42.02 41.93 41.74 41.68 41.69 41.79 41.83 41.85 41.91 41.89 41.81 41.76 41.81 42.07 42.21 42.16 42.04 41.87 41.75 41.69 41.65 41.68 41.72 41.74 41.76 41.77 41.81 41.83 41.86 41.9 41.9 41.87 41.8 41.89 41.99 42.03 42.05 42.13 42.18 42.08 41.95 41.84 41.78 41.75 41.72 41.6
40.82 40.78 40.84 41.04 41.14 41.16 41.15 41.22 41.24 41.23 41.19 41.19 41.17 41.12 41.06 40.97 40.92 40.85 40.89 40.93 40.96 41.02 41.09 41.15 41.18 41.25 41.45 41.75 41.91 42.04 42.22 42.38 42.46 42.37 42.07 41.96 41.95 42.11 42.19 42.19 42.21 42.05 41.89 41.8 41.8 41.98 42.04 42.01 41.92 41.81 41.76 41.73 41.71 41.76 41.78 41.79 41.8 41.89 41.94 41.94 41.96 41.99 42 42 41.95 41.97 41.99 42.05 42.16 42.27 42.31 42.17 41.87 41.68 41.61 41.57 41.53 41.4
40.79 40.83 40.91 41.08 41.13 41.13 41.17 41.21 41.23 41.22 41.25 41.26 41.26 41.23 41.22 41.09 41.05 41 41.04 41.13 41.19 41.24 41.3 41.33 41.34 41.37 41.49 41.82 42.05 42.2 42.35 42.49 42.57 42.44 42.23 42.15 42.16 42.33 42.47 42.5 42.41 42.11 41.87 41.77 41.78 41.91 41.94 41.92 41.82 41.71 41.7 41.71 41.71 41.71 41.71 41.72 41.7 41.86 42 42.03 42.03 42.04 42.05 42.08 42.07 42.07 42.05 42.13 42.27 42.42 42.48 42.35 41.85 41.53 41.43 41.4 41.32 41.21
40.88 40.98 41.1 41.16 41.15 41.14 41.13 41.17 41.2 41.23 41.25 41.25 41.25 41.25 41.27 41.28 41.26 41.2 41.23 41.31 41.36 41.41 41.47 41.48 41.47 41.47 41.55 41.82 42.05 42.29 42.38 42.43 42.46 42.32 42.2 42.16 42.17 42.31 42.41 42.5 42.33 42.01 41.8 41.75 41.79 41.89 41.94 41.93 41.79 41.62 41.57 41.57 41.57 41.57 41.57 41.57 41.54 41.7 41.87 41.96 41.97 41.96 41.97 41.99 42.03 42.06 42.06 42.14 42.32 42.52 42.59 42.5 41.9 41.43 41.29 41.22 41.13 41.05
