slabs/36.grd
DSAA
631 301
643890 644520
4947500 4947800
36.97 49.83
[rows 136 to 169 of 300, columns 546 to 623 of 631]
38.1 38.1 38.05 38.03 37.99 37.99 38.01 38.02 38.15 38.23 38.22 38.21 38.23 38.22 38.19 38.14 38.18 38.21 38.21 38.24 38.24 38.25 38.24 38.25 38.26 38.27 38.29 38.28 38.27 38.27 38.28 38.27 38.27 38.25 38.25 38.29 38.28 38.28 38.27 38.25 38.27 38.27 38.28 38.27 38.29 38.27 38.26 38.26 38.23 38.22 38.23 38.27 38.25 38.24 38.28 38.27 38.24 38.23 38.19 38.21 38.26 38.27 38.27 38.24 38.23 38.25 38.37 38.65 38.88 39.25 39.64 40.01 40.24 40.37 40.58 40.77 40.87 40.96
38.02 37.97 37.92 37.92 37.92 37.96 38.06 38.14 38.23 38.27 38.22 38.18 38.18 38.12 38.11 38.09 38.19 38.24 38.25 38.26 38.25 38.24 38.24 38.24 38.26 38.29 38.29 38.26 38.24 38.26 38.29 38.26 38.29 38.27 38.25 38.29 38.28 38.28 38.28 38.27 38.26 38.27 38.28 38.26 38.26 38.25 38.25 38.28 38.26 38.22 38.23 38.26 38.26 38.26 38.28 38.28 38.26 38.24 38.21 38.24 38.26 38.26 38.27 38.31 38.34 38.47 38.71 39 39.19 39.54 39.95 40.32 40.52 40.63 40.77 40.92 41.01 41.11
37.99 37.93 37.86 37.84 37.88 37.97 38.09 38.18 38.24 38.26 38.22 38.15 38.12 38 37.97 38.03 38.21 38.25 38.24 38.23 38.25 38.25 38.25 38.28 38.29 38.28 38.29 38.3 38.26 38.25 38.28 38.2 38.25 38.26 38.26 38.27 38.29 38.3 38.29 38.27 38.26 38.27 38.27 38.26 38.26 38.24 38.26 38.29 38.28 38.25 38.25 38.25 38.25 38.27 38.26 38.28 38.29 38.24 38.24 38.26 38.24 38.22 38.28 38.4 38.49 38.71 38.95 39.24 39.42 39.68 40.06 40.43 40.6 40.76 40.9 41.02 41.08 41.17
37.97 37.93 37.85 37.8 37.88 37.99 38.06 38.08 38.21 38.27 38.19 38.08 38.04 37.98 37.96 38.04 38.21 38.26 38.26 38.26 38.28 38.27 38.26 38.33 38.31 38.3 38.34 38.3 38.26 38.25 38.26 38.23 38.24 38.26 38.28 38.28 38.28 38.29 38.27 38.26 38.25 38.24 38.25 38.26 38.26 38.24 38.26 38.27 38.27 38.27 38.27 38.23 38.22 38.27 38.26 38.26 38.28 38.23 38.25 38.28 38.27 38.23 38.31 38.48 38.63 38.86 39.12 39.5 39.7 39.89 40.23 40.61 40.78 40.93 41.07 41.12 41.16 41.21
37.96 37.92 37.86 37.81 37.92 38.07 38.13 38.11 38.2 38.25 38.15 38.04 37.96 37.96 38.01 38.03 38.16 38.28 38.31 38.3 38.33 38.28 38.24 38.31 38.29 38.28 38.29 38.28 38.25 38.25 38.26 38.24 38.25 38.27 38.3 38.28 38.27 38.27 38.25 38.23 38.25 38.25 38.28 38.26 38.24 38.24 38.24 38.26 38.25 38.25 38.27 38.22 38.19 38.26 38.28 38.24 38.22 38.17 38.21 38.31 38.37 38.36 38.4 38.53 38.66 38.96 39.36 39.76 39.96 40.15 40.47 40.78 40.91 41.02 41.12 41.17 41.22 41.26
37.98 37.94 37.89 37.85 37.96 38.18 38.27 38.23 38.18 38.2 38.13 38.01 37.92 37.97 38.07 38.1 38.14 38.24 38.29 38.29 38.3 38.26 38.23 38.27 38.26 38.23 38.24 38.27 38.26 38.26 38.25 38.25 38.26 38.27 38.29 38.27 38.26 38.26 38.24 38.25 38.25 38.26 38.3 38.26 38.24 38.25 38.25 38.26 38.26 38.26 38.26 38.27 38.25 38.27 38.25 38.23 38.21 38.07 38.15 38.42 38.56 38.57 38.57 38.64 38.74 39.08 39.55 39.93 40.14 40.34 40.62 40.82 40.91 41 41.1 41.17 41.23 41.27
38.01 37.99 37.94 37.88 37.95 38.16 38.27 38.23 38.23 38.23 38.19 38.03 37.95 38.03 38.14 38.2 38.19 38.17 38.24 38.29 38.31 38.29 38.28 38.27 38.25 38.2 38.22 38.24 38.25 38.25 38.22 38.25 38.27 38.26 38.27 38.25 38.23 38.24 38.24 38.26 38.25 38.24 38.26 38.27 38.25 38.26 38.27 38.26 38.27 38.26 38.24 38.28 38.32 38.27 38.24 38.19 38.13 37.94 38.13 38.57 38.78 38.81 38.81 38.95 39.09 39.33 39.69 39.97 40.19 40.43 40.71 40.85 40.92 41 41.08 41.16 41.26 41.3
38.13 38.06 38.01 37.98 37.99 38.1 38.2 38.17 38.16 38.17 38.14 38.08 38.1 38.17 38.23 38.27 38.24 38.2 38.24 38.28 38.29 38.3 38.3 38.27 38.25 38.23 38.24 38.23 38.21 38.23 38.21 38.24 38.26 38.25 38.26 38.23 38.21 38.2 38.21 38.24 38.25 38.25 38.26 38.26 38.25 38.25 38.28 38.28 38.26 38.28 38.26 38.27 38.29 38.2 38.19 38.08 37.96 37.81 38.12 38.66 38.96 39.06 39.13 39.39 39.6 39.75 39.92 40.08 40.28 40.57 40.81 40.91 40.97 41.04 41.1 41.2 41.34 41.38
38.23 38.15 38.1 38.09 38.07 38.09 38.14 38.12 38.04 38.06 38.09 38.13 38.22 38.24 38.25 38.29 38.25 38.23 38.25 38.25 38.27 38.29 38.28 38.27 38.28 38.27 38.27 38.25 38.23 38.27 38.25 38.24 38.25 38.26 38.26 38.23 38.23 38.22 38.21 38.18 38.2 38.23 38.26 38.25 38.24 38.25 38.29 38.27 38.25 38.25 38.24 38.29 38.29 38.25 38.19 38.03 37.91 37.88 38.14 38.62 38.95 39.22 39.41 39.66 39.91 40.13 40.28 40.4 40.52 40.78 40.97 41.03 41.09 41.15 41.2 41.29 41.42 41.47
38.2 38.19 38.14 38.12 38.1 38.1 38.13 38.11 38.01 38.01 38.06 38.15 38.24 38.26 38.27 38.28 38.25 38.24 38.23 38.18 38.23 38.25 38.26 38.27 38.28 38.28 38.26 38.28 38.27 38.28 38.26 38.24 38.25 38.28 38.27 38.26 38.27 38.28 38.2 38.17 38.23 38.25 38.27 38.24 38.23 38.27 38.29 38.26 38.21 38.22 38.24 38.28 38.27 38.28 38.2 38.09 38.05 38.11 38.28 38.52 38.86 39.28 39.65 39.91 40.2 40.48 40.68 40.78 40.84 40.97 41.09 41.13 41.19 41.26 41.29 41.34 41.45 41.51
38.13 38.19 38.13 38.04 38.06 38.13 38.17 38.18 38.11 38.11 38.14 38.19 38.24 38.26 38.3 38.28 38.24 38.22 38.14 38.07 38.14 38.22 38.25 38.25 38.26 38.28 38.24 38.25 38.23 38.23 38.25 38.26 38.27 38.25 38.23 38.27 38.28 38.27 38.23 38.23 38.26 38.26 38.28 38.28 38.26 38.28 38.28 38.24 38.22 38.21 38.23 38.22 38.2 38.25 38.23 38.24 38.3 38.41 38.53 38.63 38.97 39.48 39.94 40.23 40.5 40.78 40.95 41.01 41.06 41.06 41.1 41.13 41.2 41.27 41.3 41.31 41.41 41.47
38.09 38.16 38.08 37.99 38.04 38.05 38.06 38.08 38.11 38.19 38.21 38.22 38.26 38.25 38.28 38.27 38.22 38.14 38.01 37.95 38.05 38.16 38.21 38.24 38.26 38.26 38.25 38.21 38.21 38.22 38.25 38.28 38.3 38.29 38.27 38.27 38.28 38.26 38.23 38.23 38.25 38.27 38.28 38.3 38.28 38.28 38.26 38.23 38.22 38.2 38.2 38.18 38.16 38.23 38.31 38.42 38.55 38.77 38.89 38.96 39.32 39.91 40.31 40.52 40.72 40.96 41.08 41.09 41.14 41.09 41.12 41.15 41.24 41.3 41.34 41.34 41.36 41.43
38.08 38.11 38.03 38.01 38.06 37.96 37.87 37.84 37.94 38.09 38.18 38.23 38.26 38.23 38.25 38.26 38.18 38.06 37.93 37.84 37.99 38.14 38.15 38.21 38.23 38.21 38.19 38.15 38.18 38.22 38.26 38.3 38.32 38.28 38.27 38.26 38.26 38.25 38.24 38.22 38.21 38.23 38.27 38.31 38.3 38.25 38.19 38.16 38.16 38.19 38.2 38.17 38.16 38.25 38.39 38.54 38.74 39.1 39.35 39.44 39.76 40.34 40.63 40.74 40.89 41.11 41.22 41.22 41.25 41.21 41.24 41.28 41.34 41.36 41.39 41.4 41.41 41.43
37.99 38.05 38 38.06 38.11 38 37.85 37.72 37.77 37.9 38.13 38.25 38.25 38.18 38.22 38.24 38.13 38.03 37.94 37.75 37.97 38.13 38.11 38.17 38.2 38.13 38.16 38.16 38.17 38.22 38.26 38.3 38.34 38.3 38.26 38.26 38.27 38.27 38.26 38.23 38.19 38.2 38.25 38.3 38.29 38.22 38.15 38.13 38.15 38.22 38.22 38.15 38.16 38.29 38.43 38.58 38.85 39.34 39.81 40.01 40.19 40.54 40.76 40.85 41.01 41.21 41.31 41.31 41.27 41.21 41.28 41.36 41.39 41.41 41.43 41.44 41.41 41.4
37.87 37.98 38.01 38.14 38.17 38.11 37.98 37.81 37.79 37.86 38.05 38.17 38.24 38.24 38.24 38.26 38.16 38.12 38.1 37.9 38.03 38.14 38.14 38.13 38.22 38.18 38.22 38.2 38.2 38.23 38.29 38.32 38.34 38.29 38.25 38.27 38.27 38.27 38.26 38.25 38.23 38.21 38.25 38.29 38.27 38.21 38.12 38.11 38.15 38.22 38.26 38.22 38.23 38.36 38.54 38.69 38.99 39.58 40.19 40.45 40.56 40.69 40.78 40.85 41.01 41.25 41.35 41.37 41.31 41.21 41.25 41.32 41.35 41.39 41.39 41.39 41.39 41.34
37.88 37.96 38.07 38.21 38.2 38.17 38.08 37.98 37.93 37.91 37.99 38.1 38.2 38.21 38.22 38.26 38.18 38.14 38.19 38.1 38.11 38.17 38.18 38.19 38.24 38.22 38.25 38.25 38.26 38.26 38.28 38.3 38.3 38.26 38.25 38.28 38.28 38.24 38.25 38.26 38.26 38.24 38.25 38.29 38.29 38.19 38.03 37.98 38.04 38.16 38.3 38.38 38.4 38.56 38.86 39.06 39.36 39.89 40.43 40.68 40.82 40.91 41 41.07 41.15 41.3 41.32 41.32 41.31 41.29 41.34 41.37 41.33 41.34 41.35 41.35 41.32 41.29
38.06 38.12 38.18 38.24 38.18 38.14 38.11 38.12 38.12 38.09 38.02 38.09 38.14 38.11 38.15 38.24 38.2 38.11 38.18 38.22 38.23 38.24 38.23 38.21 38.27 38.27 38.26 38.26 38.3 38.27 38.25 38.26 38.27 38.26 38.26 38.27 38.26 38.21 38.24 38.26 38.27 38.23 38.24 38.28 38.3 38.17 37.96 37.87 37.93 38.1 38.3 38.4 38.48 38.86 39.24 39.41 39.73 40.23 40.64 40.82 41.01 41.08 41.16 41.24 41.25 41.3 41.3 41.29 41.28 41.32 41.35 41.36 41.34 41.33 41.32 41.32 41.28 41.25
38.24 38.27 38.24 38.23 38.2 38.21 38.22 38.23 38.25 38.24 38.03 38.02 38.12 38.17 38.19 38.19 38.23 38.21 38.2 38.24 38.28 38.27 38.22 38.19 38.26 38.26 38.25 38.27 38.29 38.26 38.24 38.26 38.28 38.27 38.26 38.24 38.23 38.22 38.24 38.25 38.29 38.25 38.27 38.3 38.28 38.17 37.95 37.84 37.93 38.14 38.37 38.49 38.69 39.13 39.54 39.73 39.98 40.42 40.81 40.99 41.12 41.19 41.21 41.28 41.32 41.32 41.3 41.3 41.28 41.31 41.33 41.33 41.32 41.31 41.3 41.29 41.25 41.21
38.37 38.31 38.27 38.24 38.29 38.32 38.28 38.26 38.27 38.26 37.98 37.94 38.05 38.14 38.18 38.12 38.2 38.24 38.2 38.23 38.28 38.23 38.18 38.17 38.21 38.17 38.21 38.25 38.25 38.24 38.24 38.26 38.26 38.26 38.26 38.25 38.25 38.27 38.26 38.21 38.22 38.24 38.27 38.28 38.24 38.17 38.02 37.98 38.02 38.18 38.43 38.6 38.93 39.4 39.85 40.07 40.31 40.68 40.94 41.08 41.18 41.25 41.25 41.3 41.34 41.33 41.29 41.3 41.28 41.3 41.31 41.3 41.29 41.3 41.3 41.28 41.23 41.17
38.32 38.26 38.24 38.23 38.28 38.31 38.29 38.26 38.25 38.23 37.98 37.91 38 38.1 38.17 38.14 38.21 38.21 38.21 38.25 38.26 38.19 38.16 38.14 38.11 38.07 38.15 38.2 38.18 38.21 38.26 38.24 38.23 38.25 38.27 38.28 38.26 38.26 38.24 38.16 38.12 38.18 38.24 38.26 38.21 38.14 38.13 38.14 38.17 38.24 38.5 38.72 39.14 39.72 40.2 40.42 40.64 40.91 41.08 41.16 41.23 41.29 41.29 41.32 41.34 41.33 41.3 41.3 41.29 41.29 41.31 41.3 41.29 41.28 41.29 41.26 41.21 41.17
38.28 38.18 38.12 38.2 38.3 38.31 38.3 38.27 38.22 38.19 38.08 37.99 37.98 38.09 38.21 38.22 38.26 38.21 38.25 38.27 38.25 38.19 38.17 38.09 38.04 38.03 38.16 38.21 38.13 38.21 38.26 38.22 38.22 38.23 38.22 38.22 38.22 38.27 38.24 38.18 38.05 38.11 38.19 38.23 38.23 38.17 38.17 38.2 38.25 38.34 38.64 38.92 39.36 39.94 40.39 40.67 40.87 41.07 41.2 41.23 41.29 41.33 41.34 41.34 41.34 41.32 41.3 41.29 41.29 41.29 41.29 41.29 41.28 41.26 41.24 41.22 41.18 41.16
38.31 38.16 38.08 38.17 38.29 38.3 38.31 38.27 38.2 38.19 38.19 38.12 38.06 38.15 38.24 38.22 38.26 38.26 38.27 38.22 38.19 38.12 38.13 38.09 38.08 38.1 38.24 38.27 38.24 38.25 38.25 38.23 38.25 38.21 38.16 38.15 38.21 38.27 38.22 38.12 37.97 38.05 38.19 38.23 38.26 38.22 38.21 38.23 38.28 38.46 38.78 39.12 39.61 40.17 40.6 40.91 41.06 41.21 41.31 41.31 41.33 41.35 41.35 41.34 41.32 41.29 41.27 41.26 41.28 41.28 41.26 41.24 41.23 41.23 41.2 41.18 41.16 41.16
38.49 38.35 38.19 38.12 38.17 38.24 38.3 38.26 38.19 38.18 38.19 38.21 38.21 38.24 38.23 38.22 38.25 38.29 38.21 38.08 37.98 38.02 38.11 38.12 38.13 38.16 38.23 38.27 38.31 38.29 38.26 38.26 38.25 38.18 38.08 38.07 38.15 38.21 38.11 38 37.9 38.04 38.21 38.25 38.26 38.25 38.26 38.27 38.34 38.79 39.14 39.5 40.04 40.55 40.91 41.14 41.22 41.33 41.4 41.37 41.35 41.33 41.33 41.3 41.28 41.27 41.26 41.24 41.25 41.25 41.23 41.21 41.2 41.22 41.2 41.19 41.18 41.17
38.74 38.58 38.33 38.09 38.05 38.18 38.27 38.2 38.14 38.1 38.09 38.15 38.22 38.27 38.24 38.24 38.25 38.26 38.05 37.99 38 38.03 38.12 38.17 38.2 38.22 38.24 38.24 38.27 38.29 38.27 38.22 38.2 38.19 38.11 38.04 38.08 38.11 38.01 37.94 37.91 38.1 38.25 38.28 38.27 38.29 38.39 38.44 38.64 39.24 39.58 39.93 40.48 40.95 41.19 41.29 41.31 41.38 41.42 41.37 41.34 41.32 41.3 41.28 41.27 41.24 41.22 41.22 41.24 41.23 41.22 41.21 41.2 41.19 41.19 41.19 41.15 41.13
38.87 38.6 38.34 38.13 38.04 38.13 38.23 38.13 38.06 38.02 37.96 37.99 38.05 38.17 38.26 38.25 38.22 38.18 38.01 38.04 38.08 38.09 38.14 38.18 38.23 38.26 38.24 38.22 38.19 38.23 38.26 38.26 38.23 38.18 38.16 38.1 38.07 38.07 38.04 38.04 38.07 38.23 38.33 38.34 38.3 38.39 38.59 38.75 39.12 39.66 39.92 40.24 40.7 41.12 41.34 41.38 41.37 41.36 41.36 41.33 41.32 41.29 41.25 41.24 41.24 41.24 41.22 41.23 41.22 41.22 41.21 41.2 41.21 41.2 41.2 41.17 41.12 41.09
38.88 38.5 38.26 38.1 38.04 38.09 38.18 38.17 38.13 38.05 37.93 37.87 37.88 38.11 38.25 38.2 38.15 38.09 38 38.09 38.13 38.08 38.12 38.16 38.18 38.24 38.21 38.17 38.14 38.15 38.23 38.27 38.23 38.15 38.17 38.16 38.15 38.18 38.2 38.23 38.25 38.37 38.48 38.51 38.51 38.73 38.95 39.19 39.61 40.08 40.3 40.55 40.83 41.13 41.33 41.35 41.37 41.32 41.28 41.28 41.29 41.27 41.24 41.21 41.24 41.24 41.22 41.24 41.21 41.18 41.17 41.17 41.19 41.19 41.16 41.11 41.08 41.06
39.01 38.51 38.21 38.11 38.09 38.09 38.1 38.17 38.22 38.22 38.01 37.86 37.8 38.06 38.24 38.22 38.16 38.07 38.05 38.18 38.18 38.07 38.11 38.17 38.21 38.25 38.21 38.18 38.16 38.14 38.17 38.18 38.16 38.14 38.13 38.13 38.22 38.32 38.36 38.38 38.38 38.5 38.67 38.78 38.99 39.31 39.53 39.79 40.13 40.48 40.68 40.85 41.03 41.15 41.24 41.27 41.29 41.27 41.24 41.26 41.25 41.25 41.23 41.22 41.21 41.21 41.21 41.21 41.19 41.17 41.18 41.17 41.16 41.15 41.13 41.08 41.03 41
39.28 38.8 38.36 38.23 38.22 38.19 38.13 38.13 38.17 38.21 38.1 37.99 37.93 38.09 38.24 38.24 38.19 38.16 38.18 38.24 38.22 38.07 38.13 38.22 38.26 38.25 38.21 38.18 38.16 38.09 38.03 38 38.06 38.18 38.16 38.11 38.17 38.32 38.42 38.5 38.57 38.71 38.85 39.07 39.41 39.81 40.1 40.37 40.62 40.88 41.01 41.11 41.18 41.21 41.25 41.26 41.24 41.22 41.21 41.23 41.22 41.2 41.21 41.19 41.17 41.19 41.19 41.19 41.2 41.2 41.18 41.15 41.12 41.11 41.1 41.02 40.93 40.89
39.46 38.98 38.47 38.3 38.27 38.21 38.09 38.11 38.15 38.19 38.17 38.12 38.08 38.15 38.24 38.25 38.23 38.2 38.22 38.22 38.19 38.09 38.14 38.23 38.25 38.23 38.18 38.13 38.07 38.01 37.95 37.92 38.06 38.27 38.34 38.22 38.12 38.26 38.41 38.61 38.83 38.99 39.1 39.4 39.76 40.14 40.39 40.63 40.95 41.14 41.2 41.22 41.25 41.25 41.24 41.24 41.2 41.2 41.19 41.2 41.2 41.2 41.21 41.18 41.15 41.16 41.18 41.2 41.21 41.22 41.17 41.12 41.07 41.04 41.03 40.93 40.8 40.76
39.54 39.02 38.53 38.33 38.28 38.13 38.05 38.08 38.12 38.17 38.18 38.16 38.14 38.17 38.22 38.23 38.19 38.14 38.13 38.12 38.12 38.12 38.15 38.23 38.24 38.22 38.16 38.08 37.97 38.04 38.11 38.14 38.24 38.43 38.53 38.44 38.26 38.35 38.54 38.76 39.09 39.32 39.47 39.72 40 40.29 40.47 40.75 41.07 41.23 41.27 41.25 41.25 41.23 41.22 41.21 41.19 41.19 41.19 41.19 41.18 41.18 41.19 41.17 41.13 41.11 41.16 41.18 41.17 41.16 41.13 41.08 40.99 40.95 40.9 40.81 40.7 40.66
39.58 39.08 38.59 38.32 38.19 38.02 38.01 38.05 38.09 38.13 38.15 38.15 38.14 38.17 38.2 38.2 38.14 38.09 38.05 38.04 38.07 38.12 38.19 38.26 38.29 38.22 38.14 38.07 37.95 38.14 38.33 38.39 38.52 38.68 38.78 38.73 38.64 38.77 38.91 39.05 39.33 39.64 39.83 40.06 40.31 40.45 40.58 40.84 41.11 41.2 41.23 41.22 41.21 41.2 41.2 41.18 41.18 41.18 41.17 41.16 41.16 41.15 41.17 41.15 41.11 41.08 41.13 41.12 41.09 41.09 41.05 41.02 40.91 40.84 40.76 40.68 40.63 40.6
39.74 39.26 38.66 38.3 38.07 37.96 37.98 38.02 38.05 38.09 38.13 38.13 38.15 38.18 38.2 38.18 38.14 38.09 38.04 38.02 38.05 38.1 38.2 38.27 38.32 38.2 38.13 38.06 37.96 38.22 38.46 38.6 38.76 38.97 39.15 39.14 39.1 39.22 39.34 39.42 39.62 39.92 40.11 40.31 40.58 40.71 40.77 40.94 41.12 41.18 41.17 41.16 41.16 41.17 41.19 41.18 41.18 41.17 41.15 41.14 41.16 41.14 41.16 41.14 41.11 41.09 41.11 41.05 41.03 41.04 40.95 40.94 40.86 40.79 40.67 40.57 40.51 40.4
40.22 39.65 38.84 38.35 38.04 37.95 37.97 38 38.03 38.07 38.11 38.13 38.14 38.17 38.18 38.17 38.13 38.06 38.01 38 38.03 38.08 38.18 38.28 38.37 38.23 38.1 38.02 38.02 38.31 38.54 38.74 38.95 39.14 39.26 39.34 39.43 39.53 39.62 39.74 39.9 40.22 40.43 40.62 40.86 40.97 41.01 41.07 41.13 41.15 41.14 41.14 41.14 41.15 41.18 41.19 41.19 41.17 41.14 41.15 41.17 41.14 41.13 41.13 41.1 41.07 41.05 40.96 40.94 40.92 40.84 40.8 40.76 40.72 40.58 40.36 40.22 40.02
40.67 39.98 39.09 38.51 38.14 38.02 38.02 38.04 38.06 38.09 38.1 38.11 38.12 38.11 38.12 38.13 38.09 38.02 37.98 37.98 38.01 38.07 38.13 38.25 38.38 38.31 38.15 38.02 38.08 38.4 38.64 38.85 39.05 39.22 39.31 39.38 39.56 39.75 39.85 40 40.21 40.55 40.75 40.91 41.04 41.09 41.1 41.11 41.11 41.11 41.12 41.14 41.16 41.17 41.19 41.18 41.17 41.16 41.14 41.13 41.14 41.11 41.1 41.1 41.02 40.96 40.94 40.91 40.88 40.82 40.76 40.62 40.54 40.49 40.26 39.94 39.78 39.6
