slabs/36.grd
DSAA
631 301
643890 644520
4947500 4947800
36.97 49.83
[rows 34 to 67 of 300, columns 312 to 389 of 631]
37.4 37.42 37.45 37.49 37.54 37.58 37.6 37.61 37.63 37.66 37.7 37.71 37.78 37.9 38.04 38.15 38.33 38.66 38.83 38.99 39.21 39.43 39.56 39.72 39.93 40.13 40.26 40.69 41.25 41.7 41.98 42.39 42.96 43.35 43.68 44.16 44.78 45.17 45.57 46.14 46.7 46.99 47.33 47.64 47.75 47.75 48.02 48.72 49.27 49.45 49.48 49.49 49.52 49.52 49.31 48.8 48.4 48.02 47.61 47.41 47.37 47.32 47.27 46.89 46.56 46.13 45.41 44.73 44.34 44.18 44.15 44.1 44.04 44.02 44 44 43.85 43.47
37.41 37.46 37.53 37.59 37.62 37.65 37.67 37.68 37.7 37.72 37.74 37.77 37.8 37.88 37.97 38.1 38.26 38.55 38.72 38.89 39.12 39.37 39.5 39.67 39.87 39.99 40.11 40.56 41.2 41.6 41.89 42.35 42.89 43.26 43.62 44.16 44.74 45.07 45.43 45.99 46.55 46.85 47.2 47.57 47.7 47.69 47.88 48.53 49.07 49.38 49.49 49.49 49.52 49.53 49.46 49.02 48.61 48.19 47.68 47.43 47.36 47.29 47.23 46.91 46.58 46.12 45.5 44.85 44.41 44.19 44.14 44.13 44.1 44.05 44 43.97 43.89 43.61
37.43 37.53 37.63 37.68 37.7 37.71 37.72 37.74 37.76 37.79 37.81 37.84 37.85 37.88 37.92 38.04 38.23 38.49 38.64 38.83 39.08 39.33 39.49 39.69 39.88 39.96 40.1 40.45 41.06 41.43 41.77 42.26 42.76 43.08 43.47 44.07 44.66 44.98 45.35 45.89 46.42 46.66 46.97 47.37 47.62 47.67 47.82 48.27 48.72 49.17 49.48 49.5 49.51 49.52 49.57 49.23 48.83 48.37 47.76 47.44 47.35 47.25 47.2 46.93 46.65 46.16 45.63 45.08 44.65 44.26 44.13 44.14 44.12 44.06 44.02 43.99 43.93 43.76
37.48 37.61 37.7 37.73 37.75 37.77 37.78 37.79 37.82 37.84 37.85 37.85 37.84 37.86 37.9 38.01 38.21 38.43 38.58 38.81 39.11 39.33 39.51 39.75 39.88 39.89 40.02 40.29 40.83 41.19 41.52 41.97 42.47 42.81 43.21 43.88 44.53 44.87 45.26 45.76 46.22 46.42 46.75 47.2 47.53 47.66 47.79 48.08 48.43 48.91 49.43 49.51 49.51 49.53 49.58 49.35 49.05 48.54 47.91 47.51 47.4 47.3 47.19 46.96 46.74 46.33 45.76 45.35 44.91 44.33 44.14 44.11 44.12 44.08 44.02 43.98 43.96 43.87
37.56 37.7 37.76 37.78 37.8 37.82 37.84 37.85 37.84 37.84 37.84 37.84 37.84 37.87 37.9 37.96 38.16 38.31 38.43 38.78 39.17 39.4 39.58 39.75 39.83 39.83 39.9 40.19 40.62 40.86 41.16 41.64 42.19 42.53 42.96 43.65 44.28 44.64 45.07 45.55 45.93 46.16 46.58 47.08 47.4 47.56 47.7 47.99 48.29 48.75 49.36 49.52 49.51 49.51 49.56 49.44 49.23 48.7 48.05 47.56 47.41 47.29 47.19 47.05 46.91 46.53 45.91 45.46 44.99 44.39 44.16 44.11 44.11 44.07 44.04 44.01 43.97 43.92
37.66 37.78 37.81 37.82 37.84 37.84 37.84 37.84 37.84 37.83 37.83 37.83 37.83 37.85 37.87 37.93 38.09 38.18 38.3 38.68 39.15 39.44 39.6 39.71 39.78 39.81 39.85 40.12 40.49 40.69 40.98 41.47 42.02 42.35 42.77 43.43 43.99 44.35 44.84 45.34 45.66 45.95 46.44 46.94 47.25 47.44 47.6 47.86 48.18 48.62 49.24 49.52 49.52 49.49 49.51 49.48 49.35 48.87 48.25 47.67 47.42 47.29 47.2 47.13 47.04 46.67 46.03 45.6 45.14 44.56 44.22 44.13 44.13 44.08 44.06 44.03 43.97 43.99
37.74 37.82 37.84 37.84 37.84 37.84 37.84 37.83 37.83 37.83 37.83 37.82 37.82 37.82 37.83 37.9 38.04 38.1 38.24 38.57 39.05 39.37 39.57 39.69 39.77 39.81 39.82 40.03 40.39 40.63 40.95 41.44 41.98 42.29 42.7 43.31 43.77 44.14 44.67 45.2 45.5 45.8 46.31 46.82 47.1 47.32 47.51 47.7 47.93 48.38 49.07 49.49 49.54 49.51 49.5 49.52 49.49 49.1 48.4 47.84 47.54 47.31 47.22 47.18 47.14 46.81 46.19 45.75 45.34 44.78 44.28 44.14 44.12 44.09 44.07 44.03 43.97 43.99
37.74 37.78 37.81 37.83 37.83 37.83 37.82 37.82 37.81 37.81 37.81 37.8 37.8 37.8 37.8 37.87 37.97 38.05 38.21 38.49 38.92 39.19 39.48 39.67 39.77 39.82 39.82 39.94 40.28 40.55 40.92 41.44 41.93 42.25 42.7 43.23 43.59 43.94 44.48 45.03 45.31 45.65 46.15 46.68 46.99 47.29 47.49 47.62 47.77 48.19 48.98 49.48 49.57 49.51 49.5 49.51 49.56 49.27 48.56 48.02 47.68 47.35 47.21 47.16 47.17 46.92 46.36 45.94 45.55 44.97 44.39 44.15 44.13 44.11 44.08 44.04 44.01 43.96
37.68 37.72 37.74 37.77 37.8 37.82 37.83 37.83 37.82 37.82 37.81 37.79 37.79 37.79 37.79 37.82 37.89 37.99 38.16 38.41 38.79 39.06 39.41 39.63 39.75 39.81 39.85 39.92 40.17 40.42 40.81 41.34 41.77 42.14 42.66 43.11 43.36 43.69 44.23 44.83 45.15 45.53 45.96 46.5 46.84 47.25 47.5 47.59 47.63 48 48.81 49.39 49.56 49.51 49.48 49.49 49.52 49.36 48.73 48.24 47.86 47.43 47.22 47.14 47.17 47 46.56 46.25 45.81 45.18 44.53 44.21 44.16 44.13 44.09 44.05 44.04 43.98
37.66 37.67 37.68 37.7 37.74 37.76 37.78 37.8 37.82 37.82 37.82 37.82 37.82 37.82 37.81 37.81 37.87 37.96 38.14 38.33 38.71 39.01 39.35 39.56 39.71 39.8 39.88 39.9 40 40.2 40.62 41.13 41.59 42.02 42.6 43 43.16 43.45 43.98 44.65 45.08 45.47 45.83 46.36 46.71 47.12 47.44 47.57 47.59 47.86 48.61 49.2 49.48 49.51 49.48 49.48 49.5 49.42 48.93 48.47 48.08 47.59 47.28 47.19 47.17 47.05 46.75 46.52 46.05 45.38 44.71 44.33 44.18 44.14 44.1 44.06 44.02 43.99
37.66 37.66 37.66 37.66 37.68 37.69 37.69 37.71 37.75 37.77 37.79 37.82 37.83 37.84 37.84 37.84 37.89 37.97 38.14 38.3 38.66 38.95 39.28 39.53 39.71 39.83 39.94 39.89 39.91 40.03 40.46 40.98 41.29 41.74 42.47 42.92 43.07 43.25 43.75 44.49 44.96 45.35 45.72 46.3 46.68 47.07 47.44 47.57 47.59 47.77 48.38 48.97 49.38 49.52 49.48 49.48 49.48 49.44 49.14 48.77 48.34 47.79 47.37 47.26 47.19 47.09 46.84 46.64 46.2 45.56 44.96 44.56 44.22 44.13 44.13 44.11 44.03 44.01
37.67 37.66 37.67 37.66 37.67 37.68 37.66 37.65 37.66 37.67 37.7 37.74 37.78 37.81 37.84 37.85 37.89 37.94 38.09 38.3 38.57 38.8 39.18 39.57 39.78 39.9 40 39.91 39.88 39.99 40.4 40.91 41.15 41.52 42.23 42.83 43.03 43.16 43.6 44.34 44.8 45.19 45.65 46.3 46.72 47.07 47.42 47.56 47.6 47.7 48.15 48.65 49.18 49.45 49.46 49.46 49.45 49.45 49.34 49.07 48.6 47.97 47.47 47.31 47.25 47.12 46.91 46.76 46.39 45.75 45.3 44.87 44.31 44.12 44.12 44.09 44.06 44
37.69 37.66 37.67 37.68 37.69 37.7 37.7 37.68 37.65 37.64 37.64 37.67 37.71 37.73 37.76 37.8 37.86 37.9 38.03 38.24 38.4 38.62 39.08 39.58 39.86 39.94 39.98 39.93 39.87 39.93 40.29 40.79 41.05 41.29 42.01 42.72 43.06 43.27 43.61 44.2 44.58 44.99 45.57 46.18 46.62 47.04 47.38 47.57 47.61 47.63 47.94 48.34 48.95 49.38 49.46 49.44 49.45 49.46 49.43 49.25 48.81 48.14 47.58 47.33 47.28 47.17 47.08 46.98 46.6 45.9 45.47 45.06 44.4 44.14 44.12 44.12 44.06 44
37.72 37.68 37.66 37.67 37.69 37.7 37.71 37.72 37.7 37.68 37.65 37.64 37.65 37.66 37.69 37.73 37.8 37.87 37.97 38.14 38.33 38.55 39.02 39.54 39.82 39.9 39.94 39.93 39.88 39.78 40.1 40.62 40.93 41.17 41.8 42.51 42.9 43.24 43.6 43.98 44.23 44.73 45.39 45.91 46.32 46.86 47.22 47.45 47.53 47.56 47.78 48.12 48.75 49.33 49.46 49.44 49.46 49.48 49.45 49.35 48.95 48.3 47.75 47.42 47.31 47.21 47.21 47.16 46.76 46.1 45.69 45.3 44.59 44.19 44.13 44.11 44.05 44
37.75 37.72 37.68 37.67 37.69 37.7 37.7 37.72 37.73 37.74 37.72 37.68 37.64 37.63 37.63 37.66 37.69 37.76 37.88 38.07 38.22 38.45 38.93 39.43 39.71 39.85 39.91 39.91 39.88 39.72 39.95 40.44 40.76 41.03 41.56 42.2 42.53 42.95 43.41 43.7 43.91 44.48 45.19 45.68 46.06 46.58 46.99 47.21 47.39 47.53 47.71 47.98 48.53 49.17 49.41 49.43 49.46 49.48 49.46 49.4 49.08 48.49 48.08 47.74 47.45 47.27 47.23 47.21 46.87 46.31 45.94 45.52 44.75 44.23 44.13 44.12 44.05 43.99
37.76 37.77 37.7 37.67 37.68 37.7 37.7 37.72 37.73 37.74 37.74 37.74 37.72 37.69 37.65 37.62 37.63 37.66 37.82 38.03 38.18 38.34 38.77 39.28 39.58 39.81 39.92 39.93 39.9 39.76 39.9 40.24 40.46 40.73 41.26 41.78 42.1 42.6 43.16 43.51 43.77 44.26 45.01 45.52 45.92 46.37 46.83 47.06 47.32 47.55 47.74 47.94 48.36 49.01 49.36 49.4 49.44 49.46 49.48 49.45 49.26 48.67 48.23 47.87 47.46 47.3 47.27 47.25 46.98 46.47 46.12 45.7 44.9 44.29 44.15 44.15 44.08 44.01
37.78 37.81 37.75 37.69 37.68 37.69 37.7 37.71 37.73 37.73 37.74 37.76 37.76 37.75 37.72 37.67 37.65 37.62 37.76 37.98 38.11 38.25 38.6 39.11 39.41 39.76 39.95 39.98 39.96 39.82 39.86 40.03 40.15 40.42 40.96 41.39 41.78 42.35 42.98 43.39 43.72 44.1 44.75 45.25 45.68 46.18 46.72 46.99 47.23 47.48 47.64 47.74 48.09 48.83 49.3 49.4 49.43 49.47 49.49 49.52 49.41 48.82 48.36 47.96 47.49 47.29 47.24 47.26 47.08 46.59 46.25 45.87 45.1 44.39 44.16 44.15 44.11 44.07
37.78 37.83 37.8 37.71 37.68 37.69 37.7 37.71 37.72 37.73 37.74 37.75 37.77 37.77 37.77 37.74 37.71 37.68 37.74 37.93 38.04 38.16 38.42 38.88 39.17 39.58 39.94 40.01 39.99 39.84 39.79 39.86 39.97 40.29 40.8 41.19 41.59 42.16 42.8 43.2 43.61 44 44.56 44.99 45.41 45.96 46.56 46.86 47.15 47.44 47.58 47.63 47.89 48.61 49.17 49.39 49.44 49.48 49.48 49.5 49.45 49.01 48.58 48.12 47.58 47.31 47.23 47.27 47.14 46.71 46.46 46.1 45.39 44.58 44.21 44.15 44.12 44.1
37.78 37.83 37.84 37.76 37.69 37.68 37.69 37.71 37.72 37.72 37.73 37.75 37.76 37.77 37.78 37.78 37.77 37.76 37.78 37.91 37.99 38.09 38.29 38.67 38.96 39.35 39.82 39.94 39.94 39.86 39.77 39.8 39.96 40.25 40.72 41.09 41.49 42.08 42.71 43.1 43.53 43.92 44.46 44.82 45.2 45.75 46.36 46.68 47.02 47.35 47.48 47.53 47.73 48.37 48.91 49.28 49.44 49.47 49.47 49.47 49.48 49.19 48.82 48.31 47.7 47.38 47.3 47.27 47.17 46.85 46.66 46.3 45.62 44.89 44.37 44.17 44.11 44.08
37.79 37.82 37.87 37.81 37.73 37.69 37.69 37.7 37.71 37.72 37.73 37.74 37.75 37.76 37.77 37.79 37.8 37.81 37.83 37.91 37.97 38.07 38.24 38.5 38.79 39.19 39.62 39.8 39.86 39.85 39.78 39.8 39.95 40.23 40.69 41.05 41.46 42.04 42.66 43.03 43.45 43.95 44.44 44.72 45.04 45.6 46.21 46.55 46.92 47.27 47.43 47.5 47.62 48.14 48.65 49.13 49.4 49.45 49.44 49.45 49.52 49.37 49.11 48.61 47.91 47.47 47.33 47.27 47.2 47.02 46.83 46.42 45.78 45.25 44.68 44.23 44.12 44.09
37.79 37.81 37.87 37.85 37.79 37.72 37.69 37.69 37.7 37.71 37.73 37.74 37.74 37.75 37.77 37.78 37.8 37.8 37.83 37.91 37.95 38.04 38.19 38.28 38.56 38.98 39.43 39.69 39.8 39.8 39.78 39.79 39.91 40.21 40.67 41.01 41.43 42 42.61 42.97 43.37 43.88 44.33 44.6 44.88 45.4 45.87 46.26 46.73 47.17 47.37 47.47 47.56 47.99 48.44 48.88 49.28 49.42 49.44 49.45 49.52 49.49 49.36 48.9 48.15 47.59 47.35 47.28 47.22 47.16 47.02 46.58 45.93 45.49 44.96 44.33 44.15 44.13
37.8 37.82 37.87 37.9 37.87 37.79 37.72 37.69 37.7 37.71 37.72 37.74 37.74 37.75 37.77 37.78 37.79 37.8 37.82 37.87 37.91 37.97 38.13 38.22 38.47 38.87 39.28 39.53 39.7 39.8 39.8 39.79 39.88 40.2 40.66 40.97 41.38 41.94 42.52 42.84 43.23 43.74 44.13 44.4 44.66 45.18 45.6 46.01 46.54 47.06 47.31 47.41 47.51 47.86 48.2 48.62 49.17 49.4 49.45 49.45 49.48 49.52 49.49 49.05 48.33 47.79 47.49 47.32 47.24 47.25 47.1 46.67 46.04 45.58 45.17 44.45 44.15 44.12
37.81 37.84 37.87 37.93 37.95 37.88 37.77 37.7 37.7 37.7 37.72 37.73 37.74 37.75 37.76 37.78 37.78 37.8 37.82 37.85 37.88 37.93 38.09 38.19 38.36 38.75 39.17 39.42 39.58 39.74 39.79 39.77 39.85 40.18 40.61 40.88 41.26 41.79 42.32 42.63 43.03 43.53 43.87 44.16 44.44 44.99 45.36 45.78 46.37 46.94 47.23 47.37 47.49 47.72 47.93 48.46 49.11 49.4 49.46 49.46 49.46 49.53 49.58 49.21 48.49 48.02 47.62 47.36 47.29 47.33 47.18 46.77 46.18 45.75 45.37 44.7 44.21 44.13
37.83 37.85 37.88 37.94 37.98 37.93 37.82 37.73 37.7 37.7 37.72 37.73 37.73 37.74 37.76 37.77 37.78 37.79 37.81 37.84 37.86 37.94 38.1 38.17 38.25 38.61 39.05 39.31 39.47 39.66 39.77 39.77 39.81 40.13 40.49 40.7 41.04 41.55 41.99 42.31 42.77 43.2 43.51 43.8 44.15 44.75 45.13 45.56 46.21 46.78 47.12 47.34 47.5 47.64 47.78 48.33 49.06 49.42 49.48 49.45 49.44 49.49 49.58 49.32 48.68 48.18 47.75 47.4 47.29 47.3 47.26 46.88 46.3 45.96 45.56 44.82 44.24 44.12
37.84 37.87 37.9 37.95 37.99 37.97 37.87 37.76 37.7 37.7 37.71 37.73 37.73 37.74 37.76 37.77 37.77 37.79 37.81 37.84 37.85 37.95 38.12 38.17 38.22 38.45 38.94 39.21 39.38 39.59 39.76 39.77 39.79 40.04 40.3 40.44 40.75 41.21 41.57 41.91 42.41 42.88 43.18 43.44 43.87 44.5 44.94 45.41 46.04 46.61 46.95 47.26 47.48 47.64 47.75 48.18 48.91 49.39 49.5 49.46 49.44 49.44 49.61 49.48 48.86 48.36 47.88 47.44 47.27 47.24 47.29 47.06 46.47 46.12 45.74 45.02 44.32 44.13
37.86 37.88 37.91 37.96 37.99 38.01 37.93 37.82 37.75 37.71 37.71 37.72 37.73 37.74 37.75 37.77 37.77 37.78 37.82 37.85 37.85 37.98 38.12 38.17 38.22 38.38 38.79 39.03 39.25 39.5 39.7 39.75 39.77 39.95 40.09 40.22 40.5 40.91 41.23 41.56 42.08 42.66 43.01 43.3 43.76 44.38 44.79 45.26 45.86 46.42 46.75 47.08 47.4 47.6 47.69 48.06 48.74 49.28 49.51 49.5 49.45 49.44 49.58 49.57 49.03 48.52 48.01 47.5 47.28 47.24 47.26 47.11 46.61 46.28 45.89 45.17 44.47 44.18
37.87 37.89 37.92 37.96 37.99 38.04 37.98 37.9 37.83 37.73 37.71 37.72 37.72 37.74 37.75 37.76 37.77 37.78 37.8 37.86 37.85 37.95 38.09 38.16 38.21 38.35 38.64 38.85 39.1 39.36 39.55 39.68 39.76 39.88 39.98 40.1 40.37 40.75 41.02 41.34 41.9 42.56 42.96 43.3 43.73 44.3 44.68 45.12 45.69 46.25 46.54 46.92 47.31 47.5 47.64 48.05 48.7 49.18 49.45 49.46 49.47 49.48 49.52 49.59 49.19 48.73 48.21 47.63 47.33 47.26 47.23 47.13 46.77 46.47 46.03 45.37 44.87 44.42
37.88 37.9 37.93 37.97 37.99 38.04 38.02 37.96 37.88 37.78 37.71 37.71 37.72 37.73 37.75 37.76 37.76 37.76 37.75 37.83 37.86 37.91 38.05 38.14 38.2 38.35 38.55 38.73 39 39.28 39.45 39.62 39.74 39.86 39.96 40.07 40.27 40.59 40.79 41.13 41.79 42.58 43.05 43.38 43.7 44.22 44.57 45.01 45.61 46.13 46.38 46.71 47.24 47.52 47.67 48.05 48.64 49.07 49.31 49.43 49.47 49.49 49.48 49.57 49.35 49.01 48.45 47.82 47.41 47.29 47.21 47.17 47.03 46.77 46.23 45.62 45.28 44.71
37.88 37.91 37.95 37.98 38.01 38.04 38.06 38.02 37.94 37.83 37.74 37.72 37.72 37.73 37.74 37.75 37.76 37.7 37.65 37.72 37.82 37.9 38.03 38.13 38.21 38.37 38.51 38.7 39.02 39.32 39.5 39.64 39.75 39.87 39.96 40.06 40.27 40.53 40.65 40.99 41.74 42.59 43.1 43.4 43.61 44.07 44.42 44.89 45.47 45.87 46.14 46.53 47.19 47.51 47.63 47.88 48.44 48.89 49.23 49.5 49.5 49.48 49.47 49.54 49.43 49.27 48.82 48.1 47.54 47.34 47.21 47.22 47.23 47.01 46.46 45.83 45.43 44.87
37.9 37.93 37.96 37.99 38.02 38.05 38.09 38.07 38 37.89 37.78 37.74 37.72 37.72 37.74 37.75 37.75 37.62 37.57 37.63 37.76 37.9 38 38.09 38.21 38.37 38.51 38.74 39.07 39.4 39.56 39.69 39.78 39.85 39.93 40.06 40.37 40.72 40.91 41.11 41.81 42.68 43.14 43.31 43.51 43.84 44.19 44.75 45.27 45.57 45.87 46.4 47.12 47.49 47.64 47.78 48.24 48.67 49.16 49.55 49.53 49.46 49.45 49.49 49.47 49.47 49.17 48.38 47.75 47.44 47.25 47.22 47.23 47.08 46.62 45.96 45.53 45.03
37.91 37.94 37.97 38 38.03 38.06 38.1 38.12 38.07 37.98 37.86 37.8 37.74 37.72 37.73 37.74 37.72 37.57 37.58 37.65 37.76 37.9 37.96 38.07 38.22 38.38 38.54 38.78 39.14 39.44 39.6 39.75 39.81 39.87 39.95 40.09 40.29 40.63 40.87 41.24 41.95 42.7 43.06 43.18 43.4 43.7 44.04 44.58 45.08 45.36 45.69 46.27 47.04 47.45 47.6 47.73 48.04 48.4 48.95 49.45 49.51 49.44 49.41 49.44 49.49 49.54 49.31 48.55 47.99 47.61 47.31 47.2 47.22 47.14 46.73 46.09 45.64 45.18
37.92 37.95 37.99 38.02 38.04 38.08 38.12 38.15 38.15 38.06 37.93 37.87 37.78 37.73 37.73 37.73 37.67 37.57 37.59 37.69 37.83 37.94 38 38.11 38.25 38.38 38.5 38.8 39.17 39.45 39.62 39.8 39.85 39.93 40.04 40.13 40.23 40.59 40.86 41.29 41.99 42.52 42.82 43.02 43.31 43.58 43.87 44.34 44.86 45.2 45.55 46.13 46.9 47.33 47.52 47.68 47.91 48.18 48.71 49.24 49.43 49.45 49.41 49.43 49.46 49.53 49.39 48.69 48.17 47.69 47.38 47.22 47.23 47.18 46.86 46.24 45.76 45.36
37.94 37.97 38.01 38.04 38.07 38.1 38.13 38.16 38.18 38.11 37.99 37.92 37.84 37.75 37.73 37.72 37.62 37.59 37.64 37.71 37.88 37.99 38.07 38.18 38.3 38.45 38.59 38.91 39.22 39.49 39.66 39.88 39.86 39.97 40.1 40.2 40.35 40.6 40.85 41.3 41.91 42.26 42.55 42.91 43.27 43.48 43.67 44.1 44.66 45.07 45.47 46.05 46.75 47.18 47.46 47.64 47.86 48.07 48.59 49.09 49.4 49.5 49.43 49.41 49.43 49.51 49.41 48.8 48.32 47.77 47.4 47.22 47.2 47.2 46.95 46.31 45.87 45.4
37.95 37.99 38.03 38.05 38.08 38.11 38.15 38.18 38.21 38.16 38.06 37.99 37.89 37.79 37.73 37.69 37.57 37.62 37.69 37.74 37.85 38.01 38.14 38.26 38.41 38.66 38.89 39.11 39.35 39.62 39.8 39.96 39.87 39.97 40.09 40.25 40.46 40.62 40.86 41.24 41.68 41.9 42.24 42.78 43.2 43.39 43.52 43.97 44.57 44.99 45.42 45.98 46.64 47.05 47.39 47.62 47.81 47.95 48.41 49.02 49.41 49.51 49.45 49.43 49.44 49.49 49.48 48.98 48.5 47.89 47.42 47.27 47.21 47.15 46.91 46.37 45.99 45.55
