slabs/36.grd
DSAA
631 301
643890 644520
4947500 4947800
36.97 49.83
[rows 34 to 67 of 300, columns 468 to 545 of 631]
42 42.03 42.05 42.04 42.04 42.05 42.05 42.05 42.06 42.06 42.06 42.04 41.95 41.81 41.68 41.59 41.48 41.37 41.32 41.28 41.26 41.25 41.24 41.24 41.23 41.2 41.17 41.15 41.15 41.13 41.09 41.07 41.09 41.07 41.06 41.03 40.99 41 41 40.98 40.96 40.94 40.94 40.94 40.93 40.9 40.88 40.89 40.9 40.88 40.87 40.86 40.83 40.83 40.82 40.8 40.8 40.78 40.73 40.56 40.3 40.18 40.15 40.17 40.19 40.18 40.17 40.12 40.01 39.93 39.67 38.89 38.34 38.22 38.24 38.25 38.26 38.27
41.98 42.03 42.06 42.06 42.05 42.06 42.06 42.07 42.08 42.08 42.08 42.08 41.98 41.83 41.68 41.59 41.49 41.38 41.32 41.29 41.27 41.24 41.23 41.22 41.22 41.21 41.18 41.15 41.14 41.12 41.09 41.07 41.08 41.06 41.04 41.01 41 41 41.01 40.99 40.96 40.94 40.92 40.92 40.92 40.89 40.87 40.89 40.9 40.88 40.88 40.86 40.82 40.81 40.81 40.8 40.8 40.81 40.76 40.58 40.33 40.19 40.15 40.14 40.17 40.17 40.16 40.11 40.01 39.91 39.67 38.94 38.39 38.25 38.25 38.26 38.26 38.26
41.93 42 42.04 42.07 42.07 42.06 42.07 42.07 42.08 42.09 42.1 42.1 42 41.86 41.67 41.58 41.5 41.4 41.32 41.31 41.28 41.26 41.25 41.23 41.21 41.2 41.18 41.16 41.12 41.1 41.09 41.08 41.08 41.05 41.02 41.01 41.01 41 41 40.98 40.96 40.95 40.94 40.93 40.92 40.89 40.88 40.89 40.89 40.87 40.87 40.84 40.8 40.79 40.8 40.79 40.79 40.8 40.77 40.6 40.35 40.21 40.15 40.12 40.13 40.13 40.15 40.11 40.03 39.95 39.67 38.99 38.43 38.25 38.27 38.27 38.26 38.26
41.94 41.99 42.01 42.05 42.07 42.06 42.07 42.07 42.08 42.09 42.09 42.09 41.99 41.85 41.7 41.61 41.53 41.43 41.33 41.31 41.28 41.25 41.23 41.21 41.2 41.2 41.19 41.17 41.12 41.11 41.1 41.09 41.07 41.04 41.02 41.01 41.01 40.99 41 40.98 40.96 40.96 40.94 40.94 40.94 40.91 40.9 40.89 40.88 40.86 40.85 40.83 40.81 40.8 40.8 40.8 40.8 40.79 40.77 40.65 40.37 40.18 40.11 40.09 40.1 40.1 40.13 40.1 40.01 39.93 39.66 39.11 38.68 38.45 38.31 38.26 38.26 38.26
41.97 42.01 42.02 42.01 42.04 42.06 42.07 42.08 42.08 42.09 42.07 42.04 41.97 41.85 41.73 41.67 41.6 41.49 41.36 41.31 41.28 41.24 41.23 41.21 41.2 41.19 41.18 41.16 41.13 41.1 41.09 41.09 41.06 41.03 41.01 41.02 41 40.99 40.98 40.97 40.96 40.95 40.94 40.94 40.95 40.93 40.91 40.89 40.87 40.86 40.86 40.81 40.81 40.79 40.78 40.79 40.8 40.76 40.74 40.7 40.44 40.26 40.15 40.08 40.07 40.08 40.12 40.08 39.99 39.91 39.65 39.16 38.78 38.59 38.34 38.26 38.27 38.27
41.95 41.98 41.99 42 42.04 42.06 42.07 42.07 42.07 42.07 42.04 41.98 41.95 41.86 41.75 41.69 41.65 41.55 41.4 41.31 41.26 41.25 41.24 41.22 41.21 41.19 41.18 41.16 41.13 41.1 41.08 41.08 41.06 41.03 41.03 41.01 41.01 40.99 40.97 40.97 40.96 40.95 40.94 40.95 40.95 40.93 40.9 40.87 40.86 40.84 40.82 40.78 40.78 40.75 40.77 40.81 40.8 40.75 40.73 40.73 40.48 40.27 40.13 40.08 40.06 40.06 40.09 40.08 40.01 39.89 39.59 39.08 38.68 38.54 38.33 38.26 38.29 38.26
41.95 41.98 42 41.99 42.02 42.05 42.06 42.06 42.06 42.05 42 41.94 41.93 41.88 41.78 41.72 41.67 41.57 41.45 41.34 41.28 41.27 41.24 41.23 41.21 41.19 41.17 41.16 41.13 41.1 41.08 41.09 41.06 41.04 41.05 41.02 41 40.99 40.99 40.99 40.96 40.96 40.95 40.93 40.91 40.91 40.89 40.86 40.86 40.83 40.8 40.78 40.78 40.77 40.78 40.79 40.79 40.76 40.75 40.75 40.55 40.34 40.14 40.07 40.05 40.04 40.05 40.04 39.99 39.82 39.47 38.92 38.51 38.38 38.28 38.24 38.28 38.26
41.95 41.96 42.01 42.02 42.01 42.04 42.04 42.04 42.03 41.99 41.93 41.91 41.88 41.87 41.81 41.76 41.68 41.57 41.48 41.4 41.31 41.27 41.24 41.23 41.22 41.18 41.14 41.13 41.14 41.11 41.09 41.09 41.07 41.03 41.04 41.03 41.01 41.01 41.01 41 40.98 40.95 40.95 40.94 40.93 40.91 40.9 40.88 40.85 40.82 40.79 40.78 40.77 40.77 40.77 40.77 40.77 40.77 40.76 40.76 40.65 40.45 40.19 40.07 40.02 40.03 40.03 39.98 39.91 39.7 39.31 38.79 38.42 38.28 38.26 38.24 38.27 38.25
41.97 42.01 42.02 42.04 42.03 42.04 42.02 42.01 41.99 41.96 41.9 41.88 41.85 41.85 41.82 41.77 41.68 41.56 41.49 41.45 41.32 41.26 41.25 41.23 41.24 41.19 41.14 41.12 41.14 41.12 41.11 41.1 41.08 41.03 41.04 41.03 40.99 40.99 40.99 40.98 40.96 40.93 40.94 40.94 40.91 40.88 40.87 40.87 40.85 40.82 40.81 40.79 40.77 40.76 40.76 40.77 40.76 40.77 40.76 40.78 40.73 40.54 40.24 40.07 40.01 40.02 40.03 39.98 39.89 39.63 39.23 38.76 38.43 38.26 38.25 38.25 38.25 38.21
41.97 42.02 42.02 42.04 42.04 42.04 42.01 41.99 41.98 41.95 41.89 41.87 41.84 41.81 41.79 41.74 41.68 41.57 41.5 41.49 41.34 41.25 41.22 41.22 41.22 41.17 41.15 41.13 41.13 41.12 41.09 41.09 41.06 41.04 41.04 41.01 40.98 40.99 41 40.98 40.96 40.93 40.94 40.92 40.89 40.86 40.86 40.86 40.82 40.81 40.8 40.78 40.77 40.77 40.76 40.76 40.74 40.76 40.78 40.77 40.74 40.57 40.29 40.08 40.01 40.02 40.04 40 39.94 39.7 39.3 38.77 38.4 38.24 38.22 38.23 38.26 38.24
41.97 42 42.02 42.01 42.04 42.02 41.99 41.98 41.97 41.93 41.88 41.85 41.83 41.78 41.75 41.72 41.67 41.57 41.51 41.47 41.36 41.25 41.22 41.21 41.18 41.15 41.15 41.13 41.11 41.09 41.07 41.06 41.05 41.04 41.05 41.01 40.98 40.96 40.99 40.98 40.95 40.95 40.94 40.91 40.88 40.87 40.88 40.86 40.82 40.8 40.81 40.78 40.77 40.78 40.78 40.75 40.74 40.76 40.79 40.76 40.72 40.61 40.35 40.11 40.01 40 40 39.98 39.96 39.78 39.36 38.77 38.43 38.25 38.23 38.24 38.24 38.26
41.99 42.01 42.02 42 42.01 41.98 41.96 41.95 41.92 41.88 41.87 41.82 41.8 41.75 41.73 41.68 41.63 41.54 41.52 41.45 41.35 41.24 41.22 41.2 41.18 41.16 41.14 41.11 41.1 41.08 41.06 41.05 41.04 41.04 41.04 41.01 40.98 40.97 40.97 40.96 40.94 40.94 40.93 40.9 40.88 40.88 40.88 40.85 40.82 40.82 40.82 40.79 40.77 40.77 40.78 40.75 40.74 40.75 40.77 40.75 40.73 40.66 40.42 40.15 40.01 39.97 39.98 39.95 39.92 39.8 39.34 38.73 38.47 38.29 38.24 38.25 38.23 38.23
41.99 42.01 42.02 42 41.98 41.95 41.92 41.91 41.88 41.85 41.82 41.8 41.77 41.72 41.68 41.66 41.6 41.51 41.48 41.43 41.35 41.27 41.24 41.22 41.18 41.17 41.15 41.12 41.09 41.09 41.06 41.06 41.03 41.02 41.02 41.01 40.99 40.97 40.96 40.95 40.94 40.93 40.9 40.88 40.87 40.88 40.87 40.84 40.82 40.83 40.81 40.79 40.77 40.75 40.75 40.74 40.73 40.75 40.74 40.74 40.72 40.7 40.5 40.22 40.05 39.95 39.96 39.92 39.87 39.72 39.17 38.74 38.51 38.34 38.28 38.26 38.23 38.21
41.97 42 42 42.01 41.98 41.93 41.89 41.87 41.84 41.8 41.78 41.76 41.72 41.68 41.68 41.65 41.57 41.49 41.45 41.41 41.34 41.26 41.23 41.21 41.17 41.17 41.15 41.11 41.08 41.08 41.06 41.05 41.02 41 41.01 41.01 40.99 40.96 40.96 40.95 40.95 40.93 40.89 40.85 40.85 40.86 40.86 40.84 40.82 40.82 40.8 40.76 40.76 40.75 40.74 40.74 40.75 40.75 40.75 40.76 40.77 40.75 40.58 40.32 40.15 40.02 39.96 39.93 39.88 39.66 39.12 38.69 38.46 38.32 38.26 38.27 38.24 38.24
41.97 42 41.99 41.98 41.94 41.9 41.86 41.85 41.81 41.77 41.76 41.73 41.7 41.65 41.62 41.6 41.54 41.48 41.45 41.41 41.33 41.31 41.26 41.21 41.17 41.16 41.14 41.1 41.08 41.07 41.06 41.04 41.02 41 41.01 41.01 40.99 40.96 40.97 40.95 40.93 40.91 40.88 40.85 40.83 40.86 40.85 40.83 40.82 40.81 40.8 40.76 40.75 40.74 40.74 40.75 40.76 40.75 40.74 40.75 40.75 40.76 40.67 40.43 40.24 40.05 39.98 39.94 39.88 39.63 39.08 38.6 38.4 38.3 38.26 38.26 38.26 38.25
41.97 42 41.96 41.95 41.91 41.84 41.8 41.78 41.73 41.71 41.71 41.71 41.68 41.62 41.58 41.54 41.52 41.48 41.44 41.39 41.34 41.35 41.29 41.22 41.16 41.15 41.14 41.1 41.08 41.08 41.06 41.03 41.02 41.02 41.01 41 41 40.98 40.96 40.93 40.9 40.89 40.86 40.85 40.84 40.86 40.85 40.83 40.82 40.81 40.79 40.79 40.77 40.76 40.75 40.74 40.72 40.72 40.74 40.75 40.75 40.78 40.74 40.56 40.36 40.09 39.99 39.96 39.88 39.61 38.98 38.5 38.34 38.27 38.25 38.26 38.27 38.26
41.93 41.96 41.95 41.93 41.9 41.82 41.8 41.76 41.68 41.65 41.66 41.67 41.66 41.62 41.58 41.52 41.5 41.46 41.43 41.37 41.34 41.32 41.27 41.21 41.17 41.14 41.14 41.1 41.06 41.06 41.05 41.03 41.04 41.05 41.04 41 40.98 40.96 40.94 40.92 40.92 40.9 40.85 40.85 40.84 40.84 40.82 40.8 40.79 40.78 40.77 40.77 40.75 40.72 40.73 40.72 40.69 40.72 40.73 40.74 40.75 40.76 40.74 40.62 40.46 40.21 40.01 39.96 39.88 39.59 38.93 38.48 38.31 38.24 38.25 38.26 38.26 38.26
41.91 41.91 41.91 41.9 41.88 41.84 41.81 41.76 41.67 41.63 41.64 41.64 41.64 41.63 41.6 41.53 41.48 41.45 41.42 41.36 41.33 41.28 41.25 41.2 41.16 41.14 41.12 41.1 41.06 41.06 41.04 41.02 41.01 41 41.01 40.98 40.96 40.95 40.94 40.93 40.95 40.91 40.86 40.85 40.84 40.82 40.81 40.8 40.8 40.77 40.75 40.76 40.75 40.73 40.72 40.7 40.67 40.7 40.72 40.73 40.73 40.74 40.73 40.68 40.63 40.41 40.11 39.98 39.87 39.6 38.93 38.46 38.3 38.25 38.25 38.25 38.23 38.24
41.89 41.88 41.87 41.87 41.87 41.85 41.84 41.79 41.7 41.66 41.64 41.61 41.61 41.62 41.6 41.51 41.46 41.44 41.41 41.36 41.32 41.26 41.23 41.19 41.15 41.13 41.1 41.09 41.09 41.07 41.04 41.01 40.99 40.98 40.98 40.96 40.95 40.95 40.94 40.91 40.91 40.88 40.87 40.85 40.85 40.81 40.81 40.79 40.78 40.77 40.75 40.76 40.76 40.75 40.72 40.7 40.68 40.69 40.71 40.74 40.74 40.73 40.73 40.74 40.76 40.53 40.18 39.98 39.86 39.57 38.86 38.38 38.29 38.28 38.25 38.23 38.22 38.24
41.86 41.84 41.83 41.84 41.81 41.81 41.8 41.77 41.71 41.69 41.64 41.59 41.57 41.6 41.58 41.48 41.44 41.42 41.39 41.37 41.29 41.21 41.21 41.19 41.16 41.14 41.1 41.08 41.07 41.04 41.01 41 40.99 40.97 40.98 40.95 40.95 40.95 40.93 40.92 40.89 40.89 40.85 40.83 40.83 40.82 40.8 40.78 40.78 40.77 40.75 40.76 40.76 40.75 40.74 40.71 40.7 40.71 40.72 40.73 40.75 40.74 40.74 40.75 40.76 40.49 40.14 39.97 39.87 39.51 38.79 38.35 38.28 38.27 38.25 38.24 38.24 38.25
41.8 41.78 41.78 41.79 41.77 41.76 41.74 41.72 41.68 41.67 41.64 41.57 41.55 41.58 41.56 41.47 41.42 41.41 41.38 41.37 41.31 41.26 41.24 41.19 41.16 41.14 41.11 41.07 41.04 41.04 41.02 41.01 41 40.98 40.97 40.94 40.93 40.93 40.92 40.91 40.88 40.88 40.83 40.81 40.81 40.81 40.79 40.77 40.78 40.76 40.74 40.75 40.76 40.74 40.74 40.71 40.72 40.73 40.73 40.73 40.74 40.74 40.73 40.73 40.73 40.48 40.15 40 39.89 39.4 38.64 38.28 38.24 38.24 38.23 38.25 38.27 38.26
41.75 41.73 41.73 41.75 41.75 41.73 41.72 41.7 41.65 41.62 41.6 41.54 41.53 41.55 41.53 41.47 41.43 41.42 41.38 41.35 41.31 41.3 41.25 41.18 41.14 41.14 41.11 41.05 41.02 41.03 41.03 41 40.98 40.97 40.97 40.95 40.94 40.94 40.92 40.89 40.87 40.87 40.84 40.82 40.8 40.8 40.78 40.77 40.78 40.76 40.75 40.74 40.75 40.74 40.74 40.72 40.73 40.73 40.74 40.74 40.74 40.73 40.71 40.7 40.69 40.49 40.16 39.95 39.79 39.24 38.58 38.29 38.26 38.26 38.26 38.26 38.26 38.26
41.73 41.7 41.7 41.71 41.7 41.68 41.67 41.67 41.62 41.58 41.55 41.53 41.53 41.52 41.5 41.45 41.42 41.41 41.37 41.32 41.29 41.28 41.25 41.2 41.17 41.16 41.12 41.07 41.05 41.04 41.03 40.99 40.97 40.96 40.96 40.94 40.94 40.92 40.9 40.88 40.88 40.88 40.86 40.82 40.81 40.79 40.77 40.76 40.77 40.75 40.76 40.75 40.74 40.74 40.75 40.74 40.74 40.74 40.75 40.76 40.75 40.74 40.7 40.68 40.7 40.47 40.17 39.93 39.63 39.19 38.73 38.42 38.28 38.26 38.25 38.25 38.24 38.26
41.68 41.68 41.7 41.66 41.66 41.65 41.62 41.6 41.57 41.55 41.52 41.52 41.52 41.51 41.46 41.44 41.44 41.43 41.37 41.3 41.27 41.26 41.26 41.21 41.21 41.17 41.1 41.08 41.07 41.04 41.01 40.99 40.96 40.95 40.94 40.92 40.92 40.9 40.88 40.87 40.87 40.87 40.85 40.81 40.81 40.79 40.77 40.76 40.77 40.75 40.77 40.78 40.76 40.76 40.76 40.75 40.74 40.76 40.75 40.75 40.75 40.74 40.7 40.66 40.63 40.42 40.23 39.99 39.58 38.97 38.6 38.37 38.27 38.25 38.26 38.25 38.23 38.24
41.62 41.63 41.66 41.63 41.61 41.63 41.6 41.56 41.53 41.53 41.5 41.49 41.49 41.48 41.43 41.4 41.38 41.39 41.34 41.28 41.24 41.25 41.25 41.21 41.2 41.17 41.1 41.09 41.08 41.04 41 40.98 40.97 40.96 40.92 40.91 40.91 40.9 40.88 40.87 40.86 40.84 40.83 40.81 40.81 40.8 40.78 40.76 40.78 40.77 40.77 40.78 40.79 40.78 40.78 40.76 40.76 40.78 40.78 40.77 40.79 40.75 40.65 40.57 40.46 40.26 40.13 39.91 39.41 38.73 38.37 38.27 38.25 38.26 38.26 38.22 38.24 38.25
41.61 41.62 41.61 41.59 41.58 41.6 41.57 41.56 41.53 41.51 41.49 41.51 41.51 41.49 41.43 41.37 41.35 41.33 41.27 41.26 41.22 41.25 41.26 41.22 41.17 41.15 41.12 41.08 41.05 41.03 41 40.98 40.97 40.97 40.93 40.91 40.9 40.89 40.87 40.88 40.86 40.84 40.82 40.8 40.79 40.8 40.78 40.76 40.78 40.78 40.77 40.77 40.79 40.78 40.77 40.77 40.78 40.79 40.79 40.79 40.79 40.71 40.59 40.47 40.3 40.11 39.94 39.72 39.2 38.53 38.26 38.23 38.22 38.24 38.23 38.2 38.23 38.25
41.59 41.59 41.6 41.59 41.58 41.57 41.55 41.55 41.53 41.51 41.48 41.5 41.52 41.5 41.43 41.36 41.33 41.29 41.23 41.23 41.22 41.24 41.27 41.22 41.15 41.11 41.12 41.08 41.04 41.04 41.01 40.97 40.97 40.96 40.94 40.91 40.91 40.88 40.87 40.87 40.85 40.83 40.81 40.8 40.8 40.8 40.79 40.77 40.8 40.79 40.8 40.8 40.81 40.79 40.78 40.79 40.78 40.79 40.8 40.79 40.71 40.59 40.49 40.36 40.2 40 39.78 39.52 38.99 38.41 38.26 38.25 38.25 38.23 38.21 38.19 38.22 38.24
41.59 41.58 41.6 41.59 41.57 41.55 41.55 41.54 41.51 41.49 41.46 41.47 41.51 41.48 41.41 41.35 41.31 41.27 41.24 41.22 41.22 41.22 41.27 41.21 41.14 41.09 41.12 41.1 41.06 41.08 41.03 40.99 40.99 40.97 40.94 40.91 40.9 40.89 40.85 40.84 40.81 40.82 40.82 40.79 40.8 40.82 40.8 40.79 40.8 40.8 40.81 40.81 40.81 40.82 40.81 40.79 40.75 40.73 40.73 40.68 40.57 40.45 40.36 40.26 40.09 39.8 39.51 39.19 38.71 38.35 38.28 38.28 38.29 38.25 38.21 38.21 38.21 38.24
41.57 41.58 41.56 41.53 41.53 41.53 41.52 41.5 41.46 41.44 41.44 41.44 41.45 41.43 41.38 41.34 41.31 41.28 41.26 41.23 41.22 41.2 41.23 41.17 41.13 41.06 41.12 41.12 41.09 41.06 41.02 40.98 40.98 40.96 40.93 40.93 40.9 40.87 40.85 40.85 40.83 40.82 40.83 40.82 40.81 40.83 40.83 40.83 40.82 40.81 40.82 40.82 40.83 40.83 40.79 40.74 40.65 40.61 40.57 40.48 40.38 40.31 40.26 40.16 39.95 39.49 39.09 38.77 38.44 38.31 38.28 38.26 38.25 38.24 38.24 38.23 38.22 38.25
41.54 41.54 41.52 41.49 41.5 41.5 41.46 41.44 41.42 41.42 41.42 41.41 41.39 41.39 41.36 41.33 41.31 41.3 41.28 41.25 41.24 41.21 41.19 41.13 41.13 41.09 41.1 41.13 41.09 41.05 40.99 40.97 40.96 40.94 40.92 40.91 40.89 40.87 40.86 40.84 40.84 40.82 40.84 40.84 40.83 40.84 40.87 40.88 40.86 40.83 40.83 40.81 40.76 40.72 40.64 40.58 40.48 40.42 40.37 40.31 40.22 40.2 40.18 40.05 39.75 39.12 38.67 38.46 38.33 38.29 38.28 38.22 38.24 38.24 38.24 38.24 38.26 38.27
41.51 41.5 41.5 41.48 41.47 41.47 41.44 41.41 41.4 41.41 41.42 41.4 41.38 41.39 41.35 41.32 41.32 41.32 41.3 41.27 41.26 41.24 41.17 41.14 41.13 41.12 41.11 41.13 41.1 41.05 41.01 40.99 40.98 40.94 40.93 40.91 40.91 40.87 40.87 40.88 40.86 40.84 40.85 40.86 40.84 40.83 40.86 40.86 40.85 40.76 40.72 40.7 40.59 40.5 40.43 40.4 40.34 40.27 40.22 40.21 40.14 40.07 40.04 39.87 39.44 38.76 38.36 38.3 38.29 38.26 38.26 38.22 38.23 38.24 38.22 38.25 38.26 38.28
41.5 41.49 41.49 41.48 41.45 41.46 41.45 41.41 41.39 41.39 41.42 41.41 41.39 41.38 41.36 41.35 41.35 41.34 41.33 41.31 41.29 41.25 41.21 41.19 41.17 41.16 41.17 41.13 41.1 41.06 41.03 41.03 40.99 40.96 40.96 40.95 40.93 40.89 40.88 40.9 40.89 40.86 40.86 40.84 40.78 40.73 40.7 40.69 40.68 40.57 40.53 40.51 40.43 40.33 40.29 40.28 40.26 40.2 40.15 40.11 40 39.85 39.77 39.55 39.03 38.48 38.26 38.27 38.27 38.26 38.25 38.23 38.23 38.24 38.26 38.26 38.26 38.26
41.5 41.49 41.48 41.47 41.44 41.44 41.44 41.41 41.4 41.39 41.41 41.41 41.39 41.37 41.38 41.4 41.4 41.38 41.35 41.34 41.34 41.27 41.25 41.24 41.23 41.27 41.24 41.16 41.11 41.1 41.05 41.04 41 40.99 40.99 40.98 40.94 40.93 40.91 40.9 40.83 40.79 40.75 40.72 40.67 40.6 40.54 40.51 40.45 40.41 40.4 40.38 40.33 40.25 40.21 40.18 40.13 40.04 39.98 39.89 39.71 39.48 39.33 39.05 38.54 38.22 38.19 38.23 38.27 38.28 38.27 38.23 38.22 38.24 38.26 38.23 38.22 38.21
41.5 41.49 41.48 41.48 41.42 41.44 41.43 41.41 41.4 41.41 41.42 41.4 41.39 41.4 41.44 41.45 41.44 41.4 41.35 41.37 41.34 41.29 41.27 41.27 41.28 41.35 41.31 41.23 41.15 41.11 41.08 41.07 41.03 41.02 41.01 40.98 40.94 40.95 40.9 40.84 40.74 40.69 40.64 40.61 40.59 40.54 40.51 40.48 40.4 40.37 40.37 40.34 40.29 40.22 40.17 40.08 39.9 39.66 39.55 39.49 39.3 38.93 38.72 38.47 38.27 38.15 38.23 38.28 38.3 38.28 38.25 38.23 38.21 38.19 38.23 38.22 38.23 38.23
