slabs/36.grd
DSAA
631 301
643890 644520
4947500 4947800
36.97 49.83
[rows 204 to 237 of 300, columns 156 to 233 of 631]
45.73 45.38 45.11 44.91 44.71 44.4 44.2 44.06 43.81 43.68 43.64 43.65 43.59 43.54 43.51 43.47 43.38 43.25 43.18 43.19 43.52 43.64 43.64 43.65 43.49 43.3 43.14 42.99 42.92 42.9 42.85 42.88 42.91 42.92 42.8 42.49 42.14 41.93 41.52 41.38 41.27 41.23 41.23 41.2 41.16 41.11 41.05 41 40.97 40.95 40.98 40.96 40.96 40.93 40.91 40.89 40.87 40.85 40.81 40.77 40.76 40.73 40.74 40.71 40.69 40.66 40.58 40.48 40.41 40.28 40.25 40.24 40.26 40.23 40.26 40.28 40.33 40.34
45.23 44.87 44.63 44.45 44.25 43.96 43.78 43.69 43.58 43.59 43.62 43.7 43.57 43.48 43.44 43.41 43.33 43.21 43.12 43.13 43.3 43.37 43.37 43.4 43.28 43.04 42.76 42.64 42.64 42.64 42.67 42.76 42.82 42.82 42.77 42.39 41.96 41.75 41.34 41.2 41.15 41.12 41.13 41.09 41.05 41.04 41.01 40.99 40.98 40.96 40.96 40.95 40.95 40.92 40.89 40.86 40.84 40.8 40.78 40.76 40.76 40.71 40.73 40.66 40.61 40.57 40.47 40.38 40.28 40.21 40.2 40.19 40.22 40.22 40.25 40.29 40.29 40.28
44.71 44.3 44.09 43.97 43.86 43.68 43.57 43.51 43.49 43.57 43.66 43.78 43.63 43.47 43.4 43.36 43.28 43.17 43.06 43.09 43.11 43.14 43.14 43.16 43.06 42.84 42.3 42.24 42.29 42.3 42.32 42.41 42.45 42.43 42.39 42.14 41.75 41.53 41.22 41.13 41.11 41.09 41.07 41.02 41 41 40.96 40.97 40.97 40.95 40.94 40.91 40.91 40.88 40.86 40.82 40.81 40.78 40.8 40.8 40.79 40.71 40.71 40.63 40.55 40.49 40.42 40.36 40.29 40.21 40.2 40.17 40.2 40.24 40.25 40.25 40.23 40.24
44.11 43.8 43.66 43.59 43.6 43.59 43.59 43.54 43.46 43.47 43.54 43.63 43.57 43.44 43.34 43.29 43.21 43.12 43.01 42.98 42.99 43 43.01 42.93 42.72 42.55 41.95 41.92 41.98 41.96 41.97 42.03 42.05 42 41.84 41.71 41.55 41.35 41.14 41.08 41.07 41.06 41.04 41 40.98 40.96 40.93 40.94 40.94 40.93 40.91 40.86 40.86 40.84 40.83 40.79 40.8 40.81 40.85 40.84 40.79 40.69 40.65 40.6 40.51 40.43 40.36 40.31 40.27 40.22 40.18 40.17 40.19 40.19 40.19 40.2 40.18 40.19
43.65 43.57 43.55 43.51 43.55 43.57 43.58 43.55 43.4 43.27 43.25 43.28 43.27 43.21 43.18 43.19 43.13 43.04 42.95 42.82 42.81 42.84 42.86 42.7 42.45 42.32 42.08 41.96 41.77 41.66 41.63 41.67 41.67 41.59 41.37 41.27 41.24 41.15 41.08 41.06 41.05 41.03 41 40.98 40.96 40.93 40.91 40.91 40.91 40.89 40.86 40.83 40.83 40.82 40.8 40.76 40.74 40.85 40.85 40.8 40.75 40.66 40.58 40.56 40.48 40.39 40.32 40.27 40.27 40.26 40.22 40.18 40.16 40.16 40.17 40.18 40.14 40.14
43.52 43.51 43.51 43.5 43.51 43.46 43.43 43.43 43.36 43.18 43.01 42.96 42.98 42.99 42.97 42.99 42.99 42.94 42.86 42.68 42.62 42.65 42.68 42.5 42.29 42.24 42.14 41.88 41.58 41.43 41.36 41.34 41.32 41.26 41.14 41.07 41.06 41.04 41.05 41.05 41.04 41.02 40.96 40.93 40.92 40.91 40.9 40.88 40.87 40.84 40.84 40.84 40.84 40.83 40.79 40.73 40.62 40.76 40.81 40.76 40.71 40.63 40.54 40.52 40.45 40.35 40.29 40.25 40.26 40.29 40.25 40.21 40.15 40.14 40.16 40.17 40.14 40.1
43.54 43.52 43.47 43.4 43.34 43.29 43.29 43.37 43.37 43.24 43.04 42.89 42.87 42.85 42.72 42.69 42.74 42.76 42.73 42.53 42.42 42.44 42.44 42.28 42.11 42.06 41.93 41.61 41.35 41.23 41.18 41.15 41.11 41.1 41.07 41.03 41.02 41 41.02 41.02 41.01 41 40.95 40.91 40.89 40.88 40.88 40.85 40.84 40.83 40.84 40.87 40.88 40.86 40.8 40.72 40.59 40.69 40.73 40.72 40.67 40.59 40.51 40.49 40.41 40.32 40.26 40.23 40.22 40.24 40.19 40.15 40.11 40.12 40.12 40.14 40.11 40.07
43.57 43.54 43.46 43.33 43.2 43.15 43.21 43.32 43.32 43.22 43.06 42.86 42.78 42.73 42.59 42.47 42.45 42.48 42.49 42.25 42.08 42.06 42.03 41.9 41.77 41.62 41.46 41.28 41.17 41.11 41.1 41.09 41.06 41.07 41.03 41 41.01 41 41.01 40.99 40.99 40.96 40.94 40.9 40.89 40.87 40.87 40.87 40.83 40.82 40.82 40.82 40.84 40.85 40.79 40.72 40.6 40.64 40.66 40.64 40.61 40.55 40.48 40.43 40.36 40.28 40.23 40.2 40.18 40.13 40.1 40.08 40.07 40.09 40.09 40.09 40.09 40.07
43.55 43.55 43.47 43.31 43.14 43.08 43.12 43.19 43.18 43.09 42.91 42.76 42.68 42.63 42.49 42.34 42.21 42.15 42.14 41.89 41.67 41.55 41.52 41.44 41.38 41.26 41.13 41.1 41.1 41.09 41.08 41.06 41.05 41.05 41.02 41 41.02 41.01 41 40.96 40.95 40.92 40.91 40.9 40.9 40.87 40.87 40.89 40.82 40.77 40.72 40.71 40.74 40.78 40.74 40.7 40.6 40.59 40.58 40.55 40.53 40.49 40.42 40.38 40.32 40.25 40.2 40.17 40.14 40.09 40.05 40.03 40.04 40.05 40.05 40.05 40.06 40.07
43.41 43.45 43.4 43.24 43.07 43.02 43.04 43.04 43.01 42.94 42.73 42.52 42.42 42.38 42.24 42.11 41.89 41.76 41.64 41.47 41.34 41.24 41.21 41.19 41.17 41.15 41.1 41.07 41.07 41.08 41.07 41.05 41.04 41.03 41.03 41 40.98 40.98 40.98 40.96 40.95 40.93 40.95 40.93 40.92 40.91 40.79 40.75 40.73 40.67 40.63 40.64 40.68 40.71 40.68 40.65 40.59 40.53 40.51 40.47 40.44 40.4 40.36 40.33 40.27 40.21 40.16 40.14 40.12 40.09 40.05 40.01 40.03 40.03 40.03 40.03 40.03 40.03
43.17 43.18 43.2 43.08 42.96 42.92 42.93 42.86 42.8 42.74 42.47 42.18 42 41.94 41.81 41.72 41.56 41.43 41.26 41.2 41.2 41.2 41.19 41.18 41.17 41.12 41.07 41.04 41.04 41.07 41.06 41.05 41.05 41.02 41.03 41.01 40.98 40.96 40.97 40.97 40.96 41.01 41.01 40.98 40.95 40.9 40.76 40.67 40.68 40.62 40.59 40.59 40.62 40.64 40.62 40.59 40.54 40.46 40.43 40.4 40.32 40.27 40.24 40.23 40.19 40.16 40.13 40.11 40.1 40.07 40.05 40 40.05 40.05 40.03 40.03 40.02 40.01
42.9 42.86 42.9 42.84 42.78 42.75 42.69 42.56 42.45 42.37 42.16 41.87 41.66 41.55 41.43 41.36 41.34 41.28 41.2 41.18 41.17 41.18 41.16 41.16 41.15 41.13 41.09 41.04 41.02 41.04 41.05 41.05 41.06 41.03 40.99 40.99 40.99 40.94 40.94 40.97 40.96 41.02 40.99 40.94 40.89 40.84 40.75 40.67 40.65 40.6 40.57 40.55 40.56 40.57 40.55 40.5 40.45 40.37 40.34 40.32 40.22 40.15 40.11 40.12 40.11 40.1 40.08 40.06 40.08 40.08 40.06 40.04 40.06 40.04 40.02 40.03 40 39.98
42.72 42.61 42.61 42.59 42.58 42.56 42.42 42.23 42.07 41.98 41.88 41.67 41.48 41.36 41.28 41.23 41.2 41.24 41.19 41.16 41.13 41.16 41.17 41.15 41.11 41.11 41.1 41.07 41.05 41.06 41.04 41.01 41 40.99 41 41.03 41.08 40.98 40.96 40.98 40.9 40.94 40.9 40.84 40.8 40.76 40.71 40.67 40.63 40.58 40.55 40.52 40.5 40.47 40.45 40.42 40.37 40.28 40.24 40.23 40.16 40.09 40.06 40.06 40.07 40.06 40.04 40.03 40.09 40.09 40.06 40.04 40.05 40.03 40.02 40.02 39.99 39.98
42.58 42.45 42.36 42.32 42.34 42.35 42.22 42 41.82 41.72 41.62 41.46 41.31 41.25 41.22 41.23 41.2 41.2 41.2 41.16 41.16 41.14 41.15 41.14 41.12 41.1 41.07 41.06 41.05 41.05 41.03 41.04 41.04 41.03 41.08 41.11 41.14 41.06 40.98 40.94 40.77 40.81 40.78 40.74 40.71 40.68 40.62 40.6 40.56 40.53 40.49 40.47 40.45 40.38 40.33 40.34 40.32 40.21 40.18 40.15 40.12 40.09 40.08 40.06 40.05 40.04 40.02 40.01 40.05 40.08 40.05 40.04 40.04 40.01 39.99 39.99 39.97 40
42.43 42.31 42.07 41.97 42.03 42.09 41.98 41.77 41.63 41.51 41.39 41.29 41.23 41.22 41.21 41.21 41.24 41.22 41.19 41.15 41.15 41.14 41.12 41.11 41.11 41.09 41.07 41.05 41.05 41.07 41.11 41.16 41.13 41.09 41.1 41.1 41.11 41.09 40.98 40.85 40.61 40.63 40.65 40.64 40.61 40.58 40.53 40.51 40.49 40.46 40.43 40.42 40.39 40.3 40.24 40.24 40.24 40.18 40.15 40.14 40.12 40.09 40.09 40.07 40.05 40.01 39.98 39.95 39.99 40.04 40.05 40.04 40.03 39.99 39.96 39.94 39.94 39.99
42.23 42.07 41.74 41.66 41.73 41.8 41.71 41.54 41.46 41.38 41.3 41.25 41.23 41.23 41.21 41.2 41.23 41.23 41.2 41.17 41.15 41.13 41.11 41.1 41.09 41.1 41.09 41.1 41.13 41.2 41.27 41.3 41.22 41.11 41.07 41.04 41.02 41.03 40.94 40.8 40.51 40.49 40.57 40.57 40.54 40.51 40.48 40.45 40.44 40.4 40.38 40.36 40.31 40.22 40.16 40.16 40.16 40.16 40.14 40.15 40.13 40.09 40.07 40.06 40.02 39.96 39.93 39.9 39.93 39.98 40 40.01 40.02 40.01 39.96 39.91 39.9 39.94
42 41.83 41.57 41.47 41.49 41.52 41.46 41.37 41.33 41.29 41.24 41.23 41.23 41.24 41.2 41.2 41.2 41.19 41.17 41.15 41.12 41.1 41.1 41.14 41.16 41.18 41.17 41.18 41.22 41.28 41.3 41.29 41.22 41.08 41 40.97 40.95 40.94 40.89 40.8 40.49 40.44 40.52 40.55 40.52 40.47 40.43 40.41 40.38 40.34 40.34 40.3 40.24 40.18 40.15 40.16 40.16 40.2 40.2 40.21 40.15 40.08 40.04 40.02 39.98 39.93 39.89 39.84 39.86 39.91 39.94 39.98 40 40.01 39.97 39.9 39.89 39.91
41.8 41.66 41.5 41.42 41.37 41.33 41.29 41.26 41.25 41.23 41.21 41.2 41.2 41.21 41.18 41.19 41.18 41.17 41.15 41.14 41.13 41.11 41.14 41.23 41.26 41.23 41.2 41.19 41.21 41.22 41.21 41.19 41.16 41.03 40.9 40.88 40.88 40.87 40.83 40.79 40.48 40.4 40.46 40.51 40.51 40.46 40.42 40.39 40.35 40.29 40.27 40.24 40.19 40.16 40.16 40.17 40.19 40.19 40.18 40.17 40.14 40.07 40.02 39.99 39.95 39.93 39.89 39.81 39.81 39.85 39.89 39.96 40 40 39.98 39.93 39.92 39.95
41.5 41.39 41.3 41.28 41.27 41.27 41.26 41.23 41.23 41.23 41.22 41.19 41.16 41.16 41.16 41.16 41.16 41.17 41.16 41.15 41.19 41.21 41.23 41.27 41.27 41.21 41.16 41.13 41.13 41.13 41.13 41.13 41.1 41 40.86 40.81 40.8 40.8 40.76 40.74 40.46 40.38 40.4 40.46 40.48 40.45 40.41 40.38 40.34 40.27 40.23 40.23 40.16 40.16 40.15 40.15 40.15 40.15 40.14 40.12 40.1 40.04 40.01 39.97 39.93 39.94 39.92 39.87 39.85 39.88 39.91 39.94 39.96 39.98 39.97 39.96 40 40.05
41.28 41.26 41.24 41.25 41.23 41.23 41.22 41.22 41.21 41.22 41.21 41.19 41.16 41.15 41.16 41.16 41.16 41.2 41.2 41.19 41.24 41.26 41.26 41.23 41.2 41.16 41.11 41.08 41.07 41.06 41.06 41.06 41.04 40.95 40.82 40.75 40.73 40.72 40.68 40.66 40.44 40.37 40.38 40.42 40.44 40.39 40.35 40.33 40.32 40.26 40.23 40.22 40.23 40.23 40.2 40.17 40.13 40.1 40.09 40.08 40.06 40.03 40 39.97 39.93 39.98 39.99 39.95 39.91 39.92 39.92 39.92 39.92 39.93 39.94 39.96 40.06 40.11
41.2 41.21 41.23 41.24 41.23 41.23 41.21 41.2 41.18 41.18 41.18 41.18 41.17 41.15 41.15 41.17 41.18 41.26 41.27 41.24 41.25 41.23 41.2 41.17 41.14 41.1 41.05 41.02 41.01 41 41 41 40.98 40.9 40.78 40.69 40.67 40.65 40.6 40.57 40.42 40.37 40.38 40.4 40.37 40.29 40.28 40.29 40.32 40.28 40.28 40.28 40.3 40.28 40.24 40.18 40.12 40.09 40.08 40.07 40.06 40.03 40 40 40 40.02 40.02 39.97 39.94 39.92 39.91 39.91 39.91 39.9 39.92 39.97 40.08 40.13
41.19 41.19 41.22 41.23 41.23 41.21 41.2 41.17 41.15 41.15 41.17 41.16 41.17 41.16 41.16 41.17 41.2 41.3 41.29 41.26 41.23 41.18 41.14 41.11 41.08 41.04 40.99 40.96 40.95 40.94 40.94 40.93 40.92 40.84 40.76 40.68 40.61 40.56 40.51 40.49 40.4 40.37 40.38 40.37 40.32 40.31 40.32 40.29 40.31 40.31 40.31 40.31 40.3 40.28 40.25 40.17 40.13 40.12 40.11 40.09 40.07 40.03 40.01 40.05 40.06 40.04 40.01 39.98 39.94 39.92 39.91 39.9 39.9 39.9 39.91 40 40.09 40.12
41.19 41.18 41.18 41.19 41.2 41.18 41.16 41.16 41.15 41.17 41.19 41.17 41.19 41.21 41.22 41.19 41.17 41.22 41.21 41.19 41.16 41.12 41.08 41.06 41.03 40.98 40.93 40.9 40.87 40.87 40.87 40.87 40.86 40.78 40.71 40.65 40.54 40.48 40.43 40.41 40.38 40.36 40.37 40.35 40.33 40.34 40.35 40.28 40.28 40.3 40.28 40.25 40.21 40.21 40.19 40.14 40.12 40.13 40.13 40.13 40.11 40.05 40.05 40.08 40.06 40.04 40.02 39.98 39.94 39.92 39.91 39.9 39.9 39.91 39.97 40.04 40.08 40.09
41.17 41.16 41.16 41.15 41.15 41.14 41.14 41.16 41.17 41.23 41.27 41.21 41.23 41.25 41.22 41.14 41.09 41.14 41.14 41.12 41.08 41.04 41.01 40.99 40.97 40.93 40.88 40.85 40.82 40.81 40.82 40.81 40.8 40.72 40.65 40.59 40.48 40.42 40.39 40.38 40.37 40.36 40.35 40.37 40.34 40.33 40.32 40.26 40.23 40.22 40.21 40.18 40.14 40.14 40.15 40.13 40.12 40.12 40.14 40.15 40.13 40.1 40.11 40.1 40.06 40.03 40.01 39.98 39.94 39.92 39.91 39.9 39.9 39.91 39.98 40.03 40.05 40.06
41.16 41.15 41.15 41.14 41.14 41.15 41.16 41.16 41.17 41.28 41.33 41.23 41.17 41.15 41.12 41.07 41.02 41.05 41.06 41.05 41.01 40.97 40.93 40.91 40.91 40.87 40.84 40.8 40.76 40.75 40.75 40.75 40.73 40.65 40.58 40.51 40.44 40.4 40.4 40.4 40.4 40.36 40.34 40.35 40.32 40.29 40.27 40.23 40.19 40.16 40.15 40.17 40.15 40.14 40.16 40.14 40.13 40.14 40.14 40.15 40.16 40.15 40.13 40.1 40.06 40.03 40.01 39.98 39.94 39.92 39.91 39.9 39.89 39.91 39.95 40.01 40.03 40.03
41.13 41.15 41.14 41.16 41.18 41.2 41.19 41.15 41.12 41.18 41.26 41.18 41.1 41.05 41.02 40.99 40.94 40.96 40.98 40.98 40.94 40.9 40.87 40.84 40.84 40.82 40.78 40.75 40.7 40.69 40.69 40.68 40.64 40.56 40.5 40.46 40.45 40.45 40.45 40.43 40.41 40.35 40.32 40.29 40.27 40.25 40.24 40.21 40.17 40.14 40.14 40.19 40.17 40.16 40.16 40.16 40.14 40.14 40.15 40.15 40.16 40.15 40.12 40.09 40.05 40.02 40 39.98 39.94 39.92 39.91 39.9 39.87 39.86 39.91 39.99 40.01 40.01
41.1 41.11 41.15 41.19 41.23 41.24 41.18 41.13 41.08 41.09 41.17 41.14 41.06 40.97 40.92 40.91 40.86 40.88 40.9 40.9 40.87 40.83 40.81 40.78 40.76 40.75 40.72 40.69 40.64 40.62 40.61 40.58 40.54 40.48 40.45 40.45 40.47 40.49 40.45 40.43 40.37 40.3 40.27 40.24 40.21 40.2 40.21 40.19 40.16 40.16 40.18 40.21 40.17 40.17 40.16 40.15 40.14 40.15 40.15 40.16 40.15 40.13 40.11 40.08 40.04 40.02 40 39.98 39.95 39.93 39.91 39.9 39.86 39.82 39.87 39.99 39.99 39.99
41.08 41.11 41.16 41.19 41.21 41.21 41.15 41.11 41.06 41.03 41.09 41.1 41.02 40.9 40.84 40.82 40.78 40.78 40.8 40.82 40.79 40.75 40.75 40.72 40.67 40.66 40.64 40.61 40.56 40.55 40.55 40.51 40.48 40.46 40.44 40.43 40.44 40.41 40.37 40.36 40.31 40.26 40.23 40.2 40.18 40.19 40.21 40.21 40.2 40.18 40.21 40.21 40.18 40.17 40.16 40.15 40.15 40.15 40.16 40.16 40.14 40.11 40.09 40.07 40.05 40.03 40 39.97 39.95 39.93 39.93 39.91 39.89 39.83 39.85 39.96 39.99 39.97
41.08 41.11 41.14 41.16 41.18 41.18 41.11 41.08 41.04 40.99 41.01 41.06 40.97 40.85 40.77 40.73 40.69 40.69 40.71 40.71 40.67 40.64 40.64 40.62 40.58 40.57 40.56 40.55 40.52 40.54 40.55 40.51 40.49 40.46 40.42 40.39 40.38 40.36 40.31 40.29 40.27 40.24 40.21 40.2 40.23 40.25 40.26 40.26 40.24 40.21 40.22 40.22 40.18 40.17 40.16 40.15 40.15 40.16 40.16 40.15 40.12 40.07 40.06 40.05 40.04 40.02 39.99 39.97 39.95 39.94 39.95 39.95 39.94 39.91 39.91 39.96 40.01 39.97
41.08 41.09 41.12 41.13 41.15 41.15 41.07 41.02 41 40.95 40.96 40.99 40.91 40.8 40.72 40.65 40.6 40.59 40.6 40.59 40.57 40.55 40.55 40.54 40.52 40.52 40.54 40.56 40.58 40.58 40.55 40.5 40.48 40.44 40.41 40.37 40.33 40.32 40.27 40.24 40.27 40.28 40.27 40.32 40.32 40.32 40.28 40.24 40.25 40.26 40.25 40.23 40.2 40.19 40.17 40.16 40.15 40.15 40.15 40.13 40.08 40.05 40.04 40.03 40.01 39.98 39.96 39.97 39.97 39.97 39.99 40 40 39.99 39.99 40 40.05 39.97
41.08 41.07 41.09 41.1 41.12 41.12 41.03 40.97 40.94 40.91 40.89 40.88 40.83 40.73 40.66 40.6 40.54 40.54 40.54 40.52 40.52 40.52 40.52 40.52 40.55 40.57 40.6 40.62 40.64 40.6 40.54 40.46 40.44 40.4 40.38 40.34 40.3 40.27 40.28 40.3 40.33 40.36 40.41 40.47 40.41 40.33 40.27 40.24 40.29 40.31 40.28 40.24 40.25 40.25 40.22 40.18 40.16 40.15 40.11 40.08 40.04 40.03 40.01 40 39.98 39.96 39.97 39.99 40 40.01 40.02 40.03 40.03 40.04 40.03 40.04 40.05 39.98
41.09 41.07 41.06 41.07 41.09 41.09 40.99 40.91 40.86 40.83 40.8 40.77 40.75 40.68 40.63 40.6 40.54 40.54 40.56 40.56 40.55 40.55 40.56 40.55 40.56 40.59 40.63 40.62 40.61 40.55 40.5 40.43 40.39 40.37 40.34 40.31 40.29 40.3 40.36 40.4 40.42 40.42 40.47 40.51 40.45 40.36 40.28 40.27 40.32 40.33 40.29 40.28 40.3 40.3 40.26 40.22 40.19 40.15 40.05 40.03 40.02 40.01 40.01 39.99 39.97 39.98 40.02 40.01 40.02 40.03 40.04 40.05 40.05 40.06 40.07 40.07 40.06 40.03
41.09 41.08 41.06 41.05 41.05 41.04 40.97 40.89 40.79 40.74 40.73 40.72 40.7 40.66 40.65 40.61 40.54 40.55 40.57 40.56 40.59 40.61 40.63 40.61 40.55 40.54 40.56 40.54 40.51 40.48 40.45 40.39 40.36 40.33 40.31 40.28 40.35 40.41 40.5 40.53 40.51 40.47 40.49 40.52 40.49 40.38 40.29 40.31 40.33 40.33 40.28 40.28 40.33 40.33 40.29 40.26 40.23 40.15 40.03 40.02 40.02 40.02 40.02 40 39.99 40.02 40.04 40.02 40.02 40.03 40.04 40.05 40.07 40.08 40.09 40.1 40.1 40.09
41.1 41.08 41.06 41.04 41.02 41.01 40.96 40.87 40.75 40.69 40.67 40.66 40.65 40.64 40.62 40.58 40.54 40.57 40.61 40.58 40.61 40.64 40.64 40.66 40.55 40.49 40.49 40.48 40.43 40.4 40.41 40.4 40.39 40.37 40.34 40.32 40.4 40.46 40.56 40.6 40.57 40.52 40.51 40.52 40.48 40.39 40.33 40.35 40.35 40.34 40.28 40.27 40.33 40.33 40.3 40.26 40.23 40.14 40.05 40.04 40.04 40.04 40.02 39.99 39.97 40.05 40.06 40.01 40.01 40.02 40.04 40.05 40.06 40.07 40.09 40.09 40.1 40.09
