slabs/37.grd
DSAA
631 301
643890 644520
4947800 4948100
37.52 41.94
[rows 0 to 34 of 301, columns 385 to 461 of 631]
38.35 38.35 38.35 38.35 38.35 38.35 38.36 38.36 38.36 38.36 38.36 38.36 38.36 38.36 38.36 38.36 38.36 38.36 38.36 38.37 38.37 38.37 38.37 38.37 38.37 38.37 38.37 38.37 38.37 38.37 38.37 38.37 38.37 38.38 38.38 38.38 38.38 38.38 38.38 38.38 38.38 38.38 38.43 38.51 38.7 38.98 39.21 39.3 39.31 39.31 39.31 39.3 39.3 39.3 39.29 39.29 39.29 39.29 39.28 39.28 39.28 39.27 39.27 39.27 39.27 39.26 39.26 39.26 39.25 39.25 39.25 39.25 39.24 39.24 39.24 39.24 39.23
38.35 38.35 38.35 38.35 38.35 38.36 38.36 38.36 38.36 38.36 38.36 38.36 38.36 38.36 38.36 38.36 38.36 38.36 38.37 38.37 38.37 38.37 38.37 38.37 38.37 38.37 38.37 38.37 38.37 38.37 38.37 38.38 38.38 38.38 38.38 38.38 38.38 38.38 38.38 38.38 38.38 38.39 38.49 38.61 38.82 39.11 39.27 39.3 39.3 39.3 39.3 39.3 39.3 39.29 39.29 39.29 39.28 39.28 39.28 39.28 39.27 39.27 39.27 39.27 39.26 39.26 39.26 39.26 39.25 39.25 39.25 39.24 39.24 39.24 39.24 39.23 39.23
38.35 38.35 38.35 38.35 38.36 38.36 38.36 38.36 38.36 38.36 38.36 38.36 38.36 38.36 38.36 38.36 38.36 38.37 38.37 38.37 38.37 38.37 38.37 38.37 38.37 38.37 38.37 38.37 38.37 38.37 38.38 38.38 38.38 38.38 38.38 38.38 38.38 38.38 38.38 38.38 38.38 38.44 38.58 38.74 38.97 39.22 39.29 39.3 39.3 39.3 39.3 39.3 39.29 39.29 39.29 39.28 39.28 39.28 39.28 39.28 39.27 39.27 39.27 39.26 39.26 39.26 39.26 39.25 39.25 39.25 39.24 39.24 39.24 39.24 39.23 39.23 39.22
38.35 38.35 38.35 38.36 38.36 38.36 38.36 38.36 38.36 38.36 38.36 38.36 38.36 38.36 38.36 38.36 38.37 38.37 38.37 38.37 38.37 38.37 38.37 38.37 38.37 38.37 38.37 38.37 38.37 38.37 38.38 38.38 38.38 38.38 38.38 38.38 38.38 38.38 38.38 38.38 38.38 38.51 38.68 38.86 39.12 39.27 39.3 39.3 39.3 39.3 39.3 39.3 39.29 39.29 39.29 39.28 39.28 39.27 39.27 39.27 39.27 39.26 39.26 39.26 39.26 39.25 39.25 39.25 39.24 39.24 39.24 39.24 39.23 39.23 39.23 39.23 39.22
38.35 38.35 38.36 38.36 38.36 38.36 38.36 38.36 38.36 38.36 38.36 38.36 38.36 38.36 38.36 38.37 38.37 38.37 38.37 38.37 38.37 38.37 38.37 38.37 38.37 38.37 38.37 38.37 38.37 38.38 38.38 38.38 38.38 38.38 38.38 38.38 38.38 38.38 38.38 38.38 38.41 38.61 38.79 38.97 39.21 39.28 39.3 39.3 39.3 39.29 39.29 39.29 39.29 39.28 39.28 39.28 39.27 39.27 39.27 39.27 39.27 39.26 39.26 39.26 39.25 39.25 39.25 39.24 39.24 39.24 39.24 39.23 39.23 39.23 39.22 39.22 39.22
38.35 38.35 38.36 38.36 38.36 38.36 38.36 38.36 38.36 38.36 38.36 38.36 38.36 38.36 38.37 38.37 38.37 38.37 38.37 38.37 38.37 38.37 38.37 38.37 38.37 38.37 38.37 38.37 38.38 38.38 38.38 38.38 38.38 38.38 38.38 38.38 38.38 38.38 38.38 38.38 38.46 38.71 38.9 39.08 39.25 39.29 39.29 39.29 39.29 39.29 39.29 39.29 39.28 39.28 39.28 39.28 39.27 39.27 39.27 39.26 39.26 39.26 39.26 39.25 39.25 39.25 39.24 39.24 39.24 39.24 39.23 39.23 39.23 39.22 39.22 39.21 39.21
38.36 38.36 38.36 38.36 38.36 38.36 38.36 38.36 38.36 38.36 38.36 38.36 38.36 38.36 38.37 38.37 38.37 38.37 38.37 38.37 38.37 38.37 38.37 38.37 38.37 38.37 38.38 38.38 38.38 38.38 38.38 38.38 38.38 38.38 38.38 38.38 38.38 38.38 38.38 38.39 38.55 38.82 39.01 39.18 39.27 39.29 39.29 39.29 39.29 39.29 39.29 39.28 39.28 39.27 39.27 39.27 39.27 39.27 39.26 39.26 39.26 39.25 39.25 39.25 39.24 39.24 39.24 39.24 39.23 39.23 39.22 39.22 39.22 39.22 39.21 39.21 39.2
38.36 38.36 38.36 38.36 38.36 38.36 38.36 38.36 38.36 38.36 38.36 38.36 38.36 38.37 38.37 38.37 38.37 38.37 38.37 38.37 38.37 38.37 38.37 38.37 38.37 38.38 38.38 38.38 38.38 38.38 38.38 38.38 38.38 38.38 38.38 38.38 38.38 38.38 38.39 38.43 38.64 38.93 39.11 39.23 39.28 39.28 39.29 39.29 39.29 39.28 39.28 39.28 39.27 39.27 39.27 39.27 39.27 39.26 39.26 39.26 39.25 39.25 39.25 39.24 39.24 39.24 39.23 39.23 39.23 39.22 39.22 39.22 39.21 39.21 39.21 39.21 39.2
38.36 38.36 38.36 38.36 38.36 38.36 38.36 38.36 38.36 38.36 38.36 38.36 38.37 38.37 38.37 38.37 38.37 38.37 38.37 38.37 38.37 38.37 38.37 38.37 38.38 38.38 38.38 38.38 38.38 38.38 38.38 38.38 38.38 38.38 38.38 38.38 38.38 38.39 38.39 38.5 38.75 39.04 39.21 39.26 39.28 39.28 39.28 39.28 39.28 39.28 39.28 39.28 39.27 39.27 39.27 39.26 39.26 39.26 39.26 39.25 39.24 39.24 39.24 39.24 39.23 39.23 39.23 39.23 39.22 39.22 39.22 39.21 39.21 39.21 39.21 39.2 39.2
38.36 38.36 38.36 38.36 38.36 38.36 38.36 38.36 38.36 38.36 38.37 38.37 38.37 38.37 38.37 38.37 38.37 38.37 38.37 38.37 38.37 38.37 38.37 38.38 38.38 38.38 38.38 38.38 38.38 38.38 38.38 38.38 38.38 38.38 38.38 38.38 38.39 38.4 38.43 38.59 38.86 39.12 39.25 39.28 39.28 39.28 39.28 39.28 39.28 39.28 39.28 39.27 39.27 39.27 39.26 39.26 39.25 39.25 39.25 39.24 39.24 39.24 39.24 39.23 39.23 39.23 39.23 39.22 39.22 39.22 39.22 39.21 39.21 39.21 39.21 39.2 39.2
38.36 38.36 38.36 38.36 38.36 38.36 38.36 38.36 38.36 38.37 38.37 38.37 38.37 38.37 38.37 38.37 38.37 38.37 38.37 38.37 38.37 38.37 38.38 38.38 38.38 38.38 38.38 38.38 38.38 38.38 38.38 38.38 38.38 38.38 38.38 38.38 38.39 38.44 38.51 38.69 38.97 39.19 39.26 39.27 39.27 39.27 39.28 39.28 39.28 39.27 39.27 39.26 39.26 39.26 39.26 39.25 39.25 39.25 39.24 39.24 39.24 39.24 39.23 39.23 39.23 39.23 39.22 39.22 39.22 39.22 39.21 39.21 39.21 39.2 39.2 39.2 39.2
38.36 38.36 38.36 38.36 38.36 38.36 38.36 38.36 38.37 38.37 38.37 38.37 38.37 38.37 38.37 38.37 38.37 38.37 38.37 38.37 38.37 38.38 38.38 38.38 38.38 38.38 38.38 38.38 38.38 38.38 38.38 38.38 38.38 38.38 38.38 38.39 38.39 38.49 38.61 38.8 39.07 39.23 39.27 39.27 39.27 39.27 39.27 39.27 39.27 39.27 39.26 39.26 39.26 39.25 39.25 39.25 39.25 39.24 39.24 39.24 39.23 39.23 39.23 39.23 39.22 39.22 39.22 39.21 39.21 39.21 39.21 39.2 39.2 39.2 39.2 39.19 39.19
38.36 38.36 38.36 38.36 38.36 38.36 38.36 38.37 38.37 38.37 38.37 38.37 38.37 38.37 38.37 38.37 38.37 38.37 38.37 38.37 38.38 38.38 38.38 38.38 38.38 38.38 38.38 38.38 38.38 38.38 38.38 38.38 38.38 38.38 38.39 38.39 38.42 38.57 38.72 38.92 39.16 39.25 39.26 39.26 39.26 39.26 39.27 39.27 39.27 39.26 39.26 39.26 39.25 39.25 39.25 39.24 39.24 39.24 39.24 39.23 39.23 39.23 39.23 39.22 39.22 39.22 39.22 39.21 39.21 39.21 39.21 39.2 39.2 39.2 39.19 39.19 39.19
38.36 38.36 38.36 38.36 38.36 38.36 38.37 38.37 38.37 38.37 38.37 38.37 38.37 38.37 38.37 38.37 38.37 38.37 38.37 38.37 38.38 38.38 38.38 38.38 38.38 38.38 38.38 38.38 38.38 38.38 38.38 38.38 38.38 38.39 38.39 38.39 38.5 38.68 38.84 39.07 39.23 39.26 39.26 39.26 39.26 39.26 39.26 39.27 39.26 39.26 39.26 39.25 39.25 39.25 39.25 39.24 39.24 39.24 39.24 39.23 39.23 39.23 39.22 39.22 39.22 39.22 39.21 39.21 39.21 39.2 39.2 39.2 39.2 39.19 39.19 39.18 39.18
38.36 38.36 38.36 38.36 38.36 38.37 38.37 38.37 38.37 38.37 38.37 38.37 38.37 38.37 38.37 38.37 38.37 38.37 38.37 38.38 38.38 38.38 38.38 38.38 38.38 38.38 38.38 38.38 38.38 38.38 38.38 38.38 38.39 38.39 38.39 38.41 38.61 38.79 38.97 39.19 39.25 39.25 39.26 39.26 39.26 39.26 39.26 39.26 39.26 39.26 39.26 39.25 39.25 39.25 39.24 39.24 39.24 39.24 39.23 39.23 39.23 39.22 39.22 39.22 39.21 39.21 39.21 39.2 39.2 39.2 39.2 39.19 39.19 39.19 39.19 39.18 39.18
38.36 38.36 38.36 38.36 38.37 38.37 38.37 38.37 38.37 38.37 38.37 38.37 38.37 38.37 38.37 38.37 38.37 38.38 38.38 38.38 38.38 38.38 38.38 38.38 38.38 38.38 38.38 38.38 38.38 38.38 38.39 38.39 38.39 38.39 38.39 38.46 38.71 38.9 39.09 39.22 39.25 39.25 39.25 39.26 39.26 39.26 39.26 39.26 39.25 39.25 39.25 39.25 39.24 39.24 39.24 39.23 39.23 39.23 39.23 39.23 39.22 39.22 39.22 39.21 39.21 39.21 39.21 39.2 39.2 39.2 39.19 39.19 39.19 39.18 39.18 39.17 39.17
38.36 38.36 38.36 38.37 38.37 38.37 38.37 38.37 38.37 38.37 38.37 38.37 38.37 38.37 38.37 38.37 38.37 38.38 38.38 38.38 38.38 38.38 38.38 38.38 38.38 38.38 38.38 38.38 38.38 38.39 38.39 38.39 38.39 38.39 38.4 38.55 38.82 39.01 39.17 39.24 39.25 39.25 39.25 39.25 39.25 39.25 39.26 39.26 39.25 39.25 39.25 39.24 39.24 39.24 39.24 39.23 39.23 39.23 39.22 39.22 39.22 39.22 39.21 39.21 39.21 39.2 39.2 39.2 39.2 39.19 39.19 39.18 39.18 39.18 39.17 39.17 39.17
38.36 38.36 38.37 38.37 38.37 38.37 38.37 38.37 38.37 38.37 38.37 38.37 38.37 38.37 38.37 38.37 38.38 38.38 38.38 38.38 38.38 38.38 38.38 38.38 38.38 38.38 38.38 38.38 38.39 38.39 38.39 38.39 38.39 38.39 38.43 38.64 38.93 39.11 39.21 39.24 39.25 39.25 39.25 39.25 39.25 39.25 39.25 39.25 39.25 39.25 39.24 39.24 39.24 39.24 39.23 39.23 39.23 39.22 39.22 39.22 39.21 39.21 39.21 39.2 39.2 39.2 39.19 39.19 39.19 39.18 39.18 39.18 39.18 39.17 39.17 39.17 39.16
38.36 38.36 38.37 38.37 38.37 38.37 38.37 38.37 38.37 38.37 38.37 38.37 38.37 38.37 38.38 38.38 38.38 38.38 38.38 38.38 38.38 38.38 38.38 38.38 38.38 38.38 38.38 38.39 38.39 38.39 38.39 38.39 38.39 38.39 38.5 38.75 39.04 39.2 39.24 39.24 39.24 39.24 39.25 39.25 39.25 39.25 39.25 39.25 39.25 39.24 39.24 39.23 39.23 39.23 39.23 39.23 39.22 39.22 39.22 39.21 39.21 39.2 39.2 39.2 39.2 39.19 39.19 39.19 39.18 39.18 39.18 39.18 39.17 39.17 39.17 39.16 39.16
38.36 38.37 38.37 38.37 38.37 38.37 38.37 38.37 38.37 38.37 38.37 38.37 38.37 38.38 38.38 38.38 38.38 38.38 38.38 38.38 38.38 38.38 38.38 38.38 38.38 38.38 38.38 38.39 38.39 38.39 38.39 38.39 38.4 38.43 38.59 38.86 39.11 39.22 39.24 39.24 39.24 39.24 39.24 39.24 39.24 39.24 39.24 39.24 39.24 39.24 39.24 39.23 39.23 39.23 39.22 39.22 39.22 39.21 39.21 39.2 39.2 39.2 39.2 39.19 39.19 39.19 39.19 39.18 39.18 39.18 39.17 39.17 39.17 39.17 39.16 39.16 39.16
38.37 38.37 38.37 38.37 38.37 38.37 38.37 38.37 38.37 38.37 38.37 38.37 38.38 38.38 38.38 38.38 38.38 38.38 38.38 38.38 38.38 38.38 38.38 38.38 38.38 38.39 38.39 38.39 38.39 38.39 38.39 38.39 38.43 38.51 38.7 38.96 39.17 39.23 39.24 39.24 39.24 39.24 39.24 39.24 39.24 39.24 39.24 39.24 39.24 39.23 39.23 39.23 39.22 39.22 39.22 39.21 39.21 39.21 39.21 39.2 39.2 39.2 39.19 39.19 39.19 39.19 39.18 39.18 39.18 39.18 39.17 39.17 39.17 39.17 39.16 39.16 39.16
38.37 38.37 38.37 38.37 38.37 38.37 38.37 38.37 38.37 38.37 38.37 38.38 38.38 38.38 38.38 38.38 38.38 38.38 38.38 38.38 38.38 38.38 38.38 38.38 38.39 38.39 38.39 38.39 38.39 38.39 38.39 38.39 38.48 38.61 38.81 39.06 39.21 39.23 39.23 39.23 39.23 39.23 39.24 39.24 39.23 39.23 39.23 39.23 39.23 39.23 39.22 39.22 39.22 39.22 39.21 39.21 39.21 39.2 39.2 39.2 39.2 39.2 39.19 39.19 39.19 39.18 39.18 39.18 39.18 39.17 39.17 39.17 39.16 39.16 39.16 39.16 39.15
38.37 38.37 38.37 38.37 38.37 38.37 38.37 38.37 38.37 38.37 38.38 38.38 38.38 38.38 38.38 38.38 38.38 38.38 38.38 38.38 38.38 38.38 38.38 38.38 38.39 38.39 38.39 38.39 38.39 38.39 38.39 38.41 38.57 38.71 38.92 39.14 39.22 39.23 39.23 39.23 39.23 39.23 39.23 39.23 39.23 39.23 39.23 39.23 39.23 39.22 39.22 39.22 39.22 39.22 39.21 39.21 39.2 39.2 39.2 39.2 39.2 39.19 39.19 39.19 39.18 39.18 39.18 39.18 39.17 39.17 39.16 39.16 39.16 39.16 39.15 39.15 39.15
38.37 38.37 38.37 38.37 38.37 38.37 38.37 38.37 38.37 38.38 38.38 38.38 38.38 38.38 38.38 38.38 38.38 38.38 38.38 38.38 38.38 38.38 38.38 38.39 38.39 38.39 38.39 38.39 38.39 38.39 38.39 38.45 38.66 38.82 39.06 39.2 39.22 39.22 39.22 39.22 39.22 39.22 39.22 39.23 39.23 39.23 39.23 39.23 39.23 39.22 39.22 39.22 39.22 39.21 39.21 39.2 39.2 39.2 39.19 39.19 39.19 39.19 39.18 39.18 39.18 39.18 39.17 39.17 39.17 39.17 39.16 39.16 39.16 39.15 39.15 39.15 39.15
38.37 38.37 38.37 38.37 38.37 38.37 38.37 38.37 38.38 38.38 38.38 38.38 38.38 38.38 38.38 38.38 38.38 38.38 38.38 38.38 38.38 38.38 38.39 38.39 38.39 38.39 38.39 38.39 38.39 38.39 38.41 38.56 38.78 38.95 39.16 39.22 39.22 39.22 39.22 39.22 39.22 39.22 39.22 39.23 39.23 39.23 39.23 39.22 39.22 39.22 39.21 39.21 39.21 39.21 39.2 39.2 39.2 39.2 39.19 39.19 39.19 39.19 39.18 39.18 39.18 39.17 39.17 39.17 39.16 39.16 39.16 39.16 39.15 39.15 39.14 39.14 39.14
38.37 38.37 38.37 38.37 38.37 38.37 38.37 38.38 38.38 38.38 38.38 38.38 38.38 38.38 38.38 38.38 38.38 38.38 38.38 38.38 38.38 38.39 38.39 38.39 38.39 38.39 38.39 38.39 38.39 38.39 38.46 38.7 38.9 39.07 39.19 39.21 39.21 39.22 39.22 39.22 39.22 39.22 39.22 39.22 39.22 39.22 39.22 39.22 39.22 39.22 39.21 39.21 39.21 39.2 39.2 39.2 39.2 39.19 39.19 39.19 39.18 39.18 39.18 39.18 39.17 39.17 39.16 39.16 39.16 39.16 39.15 39.15 39.15 39.15 39.14 39.14 39.13
38.37 38.37 38.37 38.37 38.37 38.37 38.37 38.38 38.38 38.38 38.38 38.38 38.38 38.38 38.38 38.38 38.38 38.38 38.38 38.38 38.39 38.39 38.39 38.39 38.39 38.39 38.39 38.39 38.39 38.4 38.55 38.82 39.01 39.14 39.2 39.21 39.21 39.21 39.22 39.22 39.22 39.22 39.22 39.22 39.22 39.22 39.22 39.22 39.22 39.21 39.21 39.21 39.2 39.2 39.2 39.19 39.19 39.19 39.19 39.18 39.18 39.18 39.17 39.17 39.17 39.17 39.16 39.16 39.16 39.15 39.15 39.14 39.14 39.14 39.14 39.13 39.13
38.37 38.37 38.37 38.37 38.37 38.37 38.38 38.38 38.38 38.38 38.38 38.38 38.38 38.38 38.38 38.38 38.38 38.38 38.38 38.39 38.39 38.39 38.39 38.39 38.39 38.39 38.39 38.39 38.39 38.43 38.64 38.92 39.11 39.18 39.21 39.21 39.21 39.21 39.21 39.21 39.21 39.21 39.21 39.22 39.22 39.22 39.22 39.21 39.21 39.21 39.2 39.2 39.2 39.2 39.19 39.19 39.19 39.19 39.18 39.18 39.18 39.17 39.17 39.17 39.16 39.16 39.16 39.15 39.15 39.15 39.14 39.14 39.14 39.13 39.13 39.13 39.13
38.37 38.37 38.37 38.37 38.37 38.38 38.38 38.38 38.38 38.38 38.38 38.38 38.38 38.38 38.38 38.38 38.38 38.39 38.39 38.39 38.39 38.39 38.39 38.39 38.39 38.39 38.39 38.39 38.39 38.5 38.75 39.02 39.17 39.2 39.21 39.21 39.21 39.21 39.21 39.21 39.21 39.21 39.21 39.21 39.21 39.21 39.21 39.21 39.21 39.2 39.2 39.2 39.2 39.19 39.19 39.19 39.18 39.18 39.18 39.17 39.17 39.17 39.16 39.16 39.16 39.15 39.15 39.15 39.15 39.14 39.14 39.14 39.13 39.13 39.13 39.13 39.13
38.37 38.37 38.37 38.37 38.38 38.38 38.38 38.38 38.38 38.38 38.38 38.38 38.38 38.38 38.38 38.38 38.39 38.39 38.39 38.39 38.39 38.39 38.39 38.39 38.39 38.39 38.39 38.4 38.43 38.58 38.85 39.1 39.19 39.2 39.2 39.2 39.2 39.2 39.21 39.21 39.21 39.21 39.21 39.21 39.21 39.21 39.21 39.21 39.2 39.2 39.2 39.19 39.19 39.19 39.19 39.18 39.18 39.17 39.17 39.17 39.16 39.16 39.16 39.16 39.15 39.15 39.15 39.15 39.15 39.14 39.14 39.14 39.13 39.13 39.13 39.12 39.12
38.37 38.37 38.37 38.38 38.38 38.38 38.38 38.38 38.38 38.38 38.38 38.38 38.38 38.38 38.38 38.39 38.39 38.39 38.39 38.39 38.39 38.39 38.39 38.39 38.39 38.39 38.39 38.43 38.51 38.69 38.96 39.15 39.2 39.2 39.2 39.2 39.2 39.2 39.2 39.2 39.2 39.2 39.2 39.21 39.21 39.21 39.2 39.2 39.2 39.19 39.19 39.19 39.18 39.18 39.18 39.18 39.17 39.17 39.17 39.16 39.16 39.16 39.16 39.16 39.15 39.15 39.15 39.14 39.14 39.14 39.14 39.13 39.13 39.12 39.12 39.12 39.12
38.37 38.38 38.38 38.38 38.38 38.38 38.38 38.38 38.38 38.38 38.38 38.38 38.38 38.38 38.39 38.39 38.39 38.39 38.39 38.39 38.39 38.39 38.39 38.39 38.39 38.39 38.39 38.48 38.61 38.8 39.05 39.17 39.19 39.19 39.2 39.2 39.2 39.2 39.2 39.2 39.2 39.2 39.2 39.2 39.2 39.2 39.2 39.19 39.19 39.19 39.19 39.18 39.18 39.18 39.17 39.17 39.17 39.17 39.16 39.16 39.16 39.16 39.16 39.15 39.15 39.14 39.14 39.14 39.14 39.13 39.13 39.13 39.13 39.12 39.12 39.12 39.11
38.38 38.38 38.38 38.38 38.38 38.38 38.38 38.38 38.38 38.38 38.38 38.38 38.38 38.38 38.39 38.39 38.39 38.39 38.39 38.39 38.39 38.39 38.39 38.39 38.39 38.39 38.41 38.57 38.71 38.91 39.12 39.19 39.19 39.19 39.19 39.19 39.19 39.19 39.19 39.19 39.19 39.19 39.19 39.2 39.2 39.2 39.19 39.19 39.19 39.19 39.18 39.18 39.18 39.17 39.17 39.17 39.17 39.16 39.16 39.16 39.16 39.15 39.15 39.15 39.15 39.14 39.14 39.14 39.13 39.13 39.13 39.12 39.12 39.12 39.12 39.11 39.11
38.38 38.38 38.38 38.38 38.38 38.38 38.38 38.38 38.38 38.38 38.38 38.38 38.39 38.39 38.39 38.39 38.39 38.39 38.39 38.39 38.39 38.39 38.39 38.39 38.39 38.39 38.44 38.66 38.82 39.02 39.16 39.19 39.19 39.19 39.19 39.19 39.19 39.19 39.19 39.19 39.19 39.19 39.19 39.19 39.19 39.19 39.19 39.19 39.19 39.18 39.18 39.18 39.18 39.17 39.17 39.17 39.16 39.16 39.16 39.16 39.15 39.15 39.15 39.14 39.14 39.14 39.14 39.13 39.13 39.12 39.12 39.12 39.12 39.11 39.11 39.11 39.11
38.38 38.38 38.38 38.38 38.38 38.38 38.38 38.38 38.38 38.38 38.38 38.39 38.39 38.39 38.39 38.39 38.39 38.39 38.39 38.39 38.39 38.39 38.39 38.39 38.39 38.41 38.52 38.77 38.93 39.1 39.17 39.18 39.18 39.18 39.18 39.18 39.18 39.18 39.19 39.19 39.19 39.19 39.19 39.19 39.19 39.19 39.19 39.19 39.18 39.18 39.18 39.18 39.17 39.17 39.17 39.16 39.16 39.16 39.16 39.15 39.15 39.14 39.14 39.14 39.14 39.13 39.13 39.13 39.13 39.12 39.12 39.12 39.11 39.11 39.11 39.11 39.1
