slabs/37.grd
DSAA
631 301
643890 644520
4947800 4948100
37.52 41.94
[rows 210 to 244 of 301, columns 308 to 384 of 631]
38.48 38.48 38.48 38.47 38.47 38.47 38.47 38.47 38.46 38.46 38.46 38.46 38.46 38.46 38.46 38.47 38.5 38.52 38.52 38.52 38.52 38.52 38.52 38.52 38.52 38.52 38.52 38.52 38.52 38.52 38.52 38.53 38.53 38.53 38.53 38.53 38.53 38.53 38.53 38.53 38.54 38.54 38.54 38.54 38.54 38.54 38.54 38.54 38.54 38.54 38.54 38.54 38.54 38.55 38.55 38.55 38.55 38.55 38.55 38.55 38.55 38.55 38.55 38.55 38.55 38.55 38.56 38.56 38.56 38.56 38.56 38.56 38.56 38.56 38.56 38.56 38.56
38.48 38.48 38.48 38.48 38.47 38.47 38.47 38.47 38.46 38.46 38.46 38.46 38.46 38.46 38.46 38.48 38.5 38.51 38.52 38.52 38.51 38.51 38.51 38.52 38.52 38.52 38.52 38.52 38.52 38.52 38.52 38.52 38.53 38.53 38.53 38.53 38.53 38.53 38.53 38.53 38.53 38.53 38.53 38.53 38.54 38.54 38.54 38.54 38.54 38.54 38.54 38.54 38.54 38.54 38.54 38.54 38.54 38.55 38.55 38.55 38.55 38.55 38.55 38.55 38.55 38.55 38.55 38.55 38.55 38.55 38.55 38.55 38.55 38.55 38.55 38.56 38.56
38.48 38.48 38.48 38.48 38.47 38.47 38.47 38.47 38.46 38.46 38.46 38.46 38.46 38.46 38.46 38.49 38.51 38.51 38.51 38.51 38.51 38.51 38.51 38.52 38.52 38.52 38.52 38.52 38.52 38.52 38.52 38.52 38.52 38.52 38.52 38.52 38.53 38.53 38.53 38.53 38.53 38.53 38.53 38.53 38.53 38.53 38.53 38.53 38.53 38.54 38.54 38.54 38.54 38.54 38.54 38.54 38.54 38.54 38.54 38.54 38.54 38.54 38.55 38.55 38.55 38.55 38.55 38.55 38.55 38.55 38.55 38.55 38.55 38.55 38.55 38.56 38.56
38.48 38.48 38.48 38.48 38.47 38.47 38.47 38.47 38.46 38.46 38.46 38.46 38.46 38.46 38.48 38.5 38.5 38.51 38.51 38.51 38.51 38.51 38.51 38.51 38.51 38.51 38.51 38.52 38.52 38.52 38.52 38.52 38.52 38.52 38.52 38.52 38.52 38.52 38.52 38.52 38.53 38.53 38.53 38.53 38.53 38.53 38.53 38.53 38.53 38.53 38.53 38.53 38.53 38.54 38.54 38.54 38.54 38.54 38.54 38.54 38.54 38.54 38.54 38.54 38.54 38.54 38.54 38.55 38.55 38.55 38.55 38.55 38.55 38.55 38.55 38.55 38.55
38.48 38.48 38.48 38.48 38.47 38.47 38.47 38.47 38.47 38.46 38.46 38.46 38.47 38.47 38.49 38.5 38.5 38.5 38.51 38.51 38.51 38.51 38.51 38.51 38.51 38.51 38.51 38.51 38.51 38.51 38.51 38.52 38.52 38.52 38.52 38.52 38.52 38.52 38.52 38.52 38.52 38.52 38.52 38.52 38.52 38.53 38.53 38.53 38.53 38.53 38.53 38.53 38.53 38.53 38.53 38.53 38.53 38.53 38.53 38.53 38.53 38.54 38.54 38.54 38.54 38.54 38.54 38.54 38.54 38.54 38.54 38.55 38.55 38.55 38.55 38.55 38.55
38.48 38.48 38.48 38.48 38.48 38.47 38.47 38.47 38.47 38.47 38.46 38.47 38.47 38.48 38.5 38.5 38.5 38.5 38.5 38.5 38.5 38.5 38.5 38.51 38.51 38.51 38.51 38.51 38.51 38.51 38.51 38.51 38.51 38.51 38.51 38.51 38.52 38.52 38.52 38.52 38.52 38.52 38.52 38.52 38.52 38.52 38.52 38.52 38.52 38.53 38.52 38.52 38.52 38.53 38.53 38.53 38.53 38.53 38.53 38.53 38.53 38.53 38.54 38.54 38.54 38.54 38.54 38.54 38.54 38.54 38.54 38.54 38.54 38.54 38.54 38.55 38.55
38.49 38.48 38.48 38.48 38.48 38.47 38.47 38.47 38.47 38.47 38.47 38.47 38.47 38.48 38.49 38.5 38.5 38.5 38.5 38.5 38.5 38.5 38.5 38.5 38.5 38.5 38.5 38.51 38.51 38.51 38.51 38.51 38.51 38.51 38.51 38.51 38.51 38.51 38.51 38.51 38.52 38.52 38.52 38.52 38.52 38.52 38.52 38.52 38.52 38.52 38.52 38.52 38.52 38.52 38.52 38.52 38.52 38.53 38.53 38.53 38.53 38.53 38.53 38.53 38.53 38.53 38.53 38.54 38.54 38.54 38.54 38.54 38.54 38.54 38.54 38.54 38.54
38.51 38.49 38.48 38.48 38.48 38.48 38.47 38.47 38.47 38.47 38.47 38.48 38.49 38.49 38.49 38.49 38.49 38.49 38.49 38.5 38.5 38.5 38.5 38.5 38.5 38.5 38.5 38.5 38.5 38.5 38.5 38.5 38.51 38.51 38.51 38.51 38.51 38.51 38.51 38.51 38.51 38.51 38.51 38.51 38.51 38.51 38.51 38.52 38.52 38.52 38.52 38.52 38.52 38.52 38.52 38.52 38.52 38.52 38.53 38.53 38.53 38.53 38.53 38.53 38.53 38.53 38.53 38.53 38.53 38.53 38.53 38.54 38.54 38.54 38.54 38.54 38.54
38.54 38.52 38.49 38.48 38.48 38.48 38.47 38.47 38.47 38.47 38.47 38.48 38.49 38.49 38.49 38.49 38.49 38.49 38.49 38.49 38.49 38.49 38.49 38.5 38.5 38.5 38.5 38.5 38.5 38.5 38.5 38.5 38.5 38.5 38.5 38.5 38.5 38.5 38.5 38.5 38.5 38.51 38.51 38.51 38.51 38.51 38.51 38.51 38.51 38.52 38.52 38.52 38.52 38.52 38.52 38.52 38.52 38.52 38.52 38.52 38.52 38.52 38.53 38.53 38.53 38.53 38.53 38.53 38.53 38.53 38.53 38.53 38.53 38.53 38.53 38.54 38.54
38.54 38.55 38.53 38.5 38.49 38.48 38.47 38.47 38.47 38.47 38.47 38.48 38.48 38.48 38.49 38.49 38.49 38.49 38.49 38.49 38.49 38.49 38.49 38.49 38.49 38.49 38.49 38.5 38.5 38.5 38.49 38.49 38.5 38.5 38.5 38.5 38.5 38.5 38.5 38.5 38.5 38.51 38.51 38.51 38.51 38.51 38.51 38.51 38.51 38.51 38.51 38.51 38.51 38.51 38.52 38.52 38.52 38.52 38.52 38.52 38.52 38.52 38.52 38.52 38.52 38.52 38.52 38.53 38.53 38.53 38.53 38.53 38.53 38.53 38.53 38.53 38.53
38.49 38.52 38.53 38.52 38.52 38.49 38.48 38.47 38.47 38.47 38.47 38.48 38.48 38.48 38.48 38.48 38.48 38.48 38.48 38.49 38.49 38.49 38.49 38.49 38.49 38.49 38.49 38.49 38.49 38.49 38.49 38.49 38.49 38.49 38.49 38.49 38.5 38.5 38.5 38.5 38.5 38.5 38.5 38.5 38.5 38.51 38.51 38.51 38.51 38.51 38.51 38.51 38.51 38.51 38.51 38.51 38.51 38.51 38.52 38.52 38.52 38.52 38.52 38.52 38.52 38.52 38.52 38.52 38.52 38.52 38.52 38.53 38.53 38.53 38.52 38.52 38.53
38.45 38.48 38.5 38.51 38.51 38.5 38.49 38.47 38.47 38.47 38.48 38.48 38.48 38.48 38.48 38.48 38.48 38.48 38.48 38.48 38.48 38.48 38.48 38.48 38.48 38.48 38.48 38.48 38.49 38.49 38.49 38.49 38.49 38.49 38.49 38.49 38.5 38.5 38.5 38.5 38.5 38.5 38.5 38.5 38.5 38.5 38.5 38.5 38.5 38.51 38.51 38.51 38.51 38.51 38.51 38.51 38.51 38.51 38.51 38.51 38.51 38.51 38.51 38.52 38.52 38.52 38.52 38.52 38.52 38.52 38.52 38.52 38.52 38.52 38.52 38.52 38.52
38.41 38.43 38.47 38.49 38.49 38.49 38.49 38.47 38.47 38.47 38.47 38.47 38.47 38.47 38.48 38.47 38.47 38.47 38.48 38.48 38.48 38.48 38.48 38.48 38.48 38.48 38.48 38.48 38.48 38.49 38.49 38.49 38.49 38.49 38.49 38.49 38.49 38.49 38.49 38.49 38.49 38.5 38.5 38.5 38.5 38.5 38.5 38.5 38.5 38.5 38.5 38.5 38.5 38.5 38.51 38.51 38.51 38.51 38.51 38.51 38.51 38.51 38.51 38.51 38.51 38.51 38.51 38.51 38.51 38.51 38.51 38.52 38.52 38.52 38.52 38.52 38.52
38.36 38.38 38.43 38.47 38.47 38.48 38.48 38.47 38.47 38.47 38.47 38.47 38.47 38.47 38.47 38.47 38.47 38.47 38.47 38.48 38.48 38.48 38.48 38.48 38.48 38.48 38.48 38.48 38.48 38.48 38.48 38.48 38.49 38.49 38.49 38.49 38.49 38.49 38.49 38.49 38.49 38.49 38.49 38.49 38.49 38.5 38.5 38.5 38.5 38.5 38.5 38.5 38.5 38.5 38.5 38.5 38.5 38.5 38.51 38.51 38.5 38.5 38.5 38.51 38.51 38.51 38.51 38.51 38.51 38.51 38.51 38.52 38.52 38.52 38.52 38.52 38.52
38.25 38.3 38.37 38.42 38.45 38.46 38.47 38.47 38.47 38.47 38.47 38.47 38.47 38.47 38.47 38.47 38.47 38.47 38.47 38.47 38.47 38.47 38.47 38.48 38.48 38.48 38.48 38.48 38.48 38.48 38.48 38.48 38.48 38.48 38.48 38.48 38.49 38.49 38.49 38.49 38.49 38.49 38.49 38.49 38.49 38.49 38.49 38.49 38.49 38.49 38.5 38.5 38.5 38.5 38.5 38.5 38.5 38.5 38.5 38.5 38.5 38.5 38.5 38.51 38.51 38.51 38.51 38.51 38.51 38.51 38.51 38.51 38.51 38.51 38.51 38.51 38.52
38.03 38.07 38.21 38.32 38.38 38.43 38.46 38.47 38.47 38.48 38.48 38.47 38.47 38.47 38.46 38.47 38.47 38.47 38.47 38.47 38.47 38.47 38.47 38.47 38.47 38.47 38.47 38.47 38.48 38.48 38.48 38.48 38.48 38.48 38.48 38.48 38.48 38.48 38.48 38.48 38.48 38.49 38.49 38.49 38.49 38.49 38.49 38.49 38.49 38.49 38.49 38.49 38.49 38.49 38.49 38.49 38.49 38.49 38.5 38.5 38.5 38.5 38.5 38.5 38.5 38.5 38.5 38.51 38.51 38.51 38.51 38.51 38.51 38.51 38.51 38.51 38.51
37.82 37.83 38.01 38.17 38.29 38.4 38.46 38.47 38.48 38.48 38.48 38.48 38.48 38.48 38.47 38.47 38.46 38.46 38.46 38.47 38.47 38.47 38.47 38.47 38.47 38.47 38.47 38.47 38.47 38.47 38.47 38.47 38.48 38.48 38.48 38.48 38.48 38.48 38.48 38.48 38.48 38.48 38.48 38.48 38.48 38.48 38.48 38.48 38.48 38.48 38.49 38.49 38.49 38.49 38.49 38.49 38.49 38.49 38.49 38.5 38.5 38.5 38.5 38.5 38.5 38.5 38.5 38.5 38.5 38.5 38.5 38.5 38.51 38.51 38.51 38.51 38.51
37.74 37.72 37.86 38 38.15 38.33 38.44 38.47 38.48 38.48 38.48 38.48 38.48 38.48 38.48 38.48 38.47 38.46 38.46 38.46 38.46 38.46 38.46 38.46 38.47 38.47 38.47 38.47 38.47 38.47 38.47 38.47 38.47 38.47 38.47 38.47 38.47 38.48 38.48 38.48 38.47 38.48 38.48 38.48 38.48 38.48 38.48 38.48 38.48 38.48 38.48 38.48 38.49 38.49 38.49 38.49 38.49 38.49 38.49 38.49 38.49 38.49 38.49 38.5 38.5 38.5 38.5 38.5 38.5 38.5 38.5 38.5 38.5 38.5 38.5 38.5 38.51
37.78 37.76 37.82 37.91 38.02 38.19 38.38 38.45 38.48 38.48 38.48 38.48 38.48 38.48 38.48 38.48 38.48 38.47 38.47 38.46 38.46 38.46 38.46 38.46 38.46 38.46 38.46 38.46 38.47 38.47 38.47 38.47 38.47 38.47 38.47 38.47 38.47 38.47 38.47 38.47 38.47 38.47 38.48 38.48 38.48 38.48 38.48 38.48 38.48 38.48 38.48 38.48 38.48 38.48 38.49 38.49 38.49 38.49 38.49 38.49 38.49 38.49 38.49 38.49 38.49 38.49 38.49 38.5 38.5 38.5 38.5 38.5 38.5 38.5 38.5 38.5 38.5
37.96 37.98 38.01 38.03 38.04 38.12 38.29 38.41 38.46 38.49 38.48 38.48 38.48 38.48 38.48 38.48 38.48 38.48 38.48 38.47 38.46 38.46 38.46 38.46 38.46 38.46 38.46 38.46 38.46 38.46 38.46 38.46 38.46 38.46 38.46 38.46 38.47 38.47 38.47 38.47 38.47 38.47 38.47 38.47 38.47 38.47 38.48 38.48 38.48 38.48 38.48 38.48 38.48 38.48 38.48 38.48 38.48 38.48 38.48 38.49 38.49 38.49 38.49 38.49 38.49 38.49 38.49 38.49 38.49 38.49 38.49 38.49 38.5 38.5 38.5 38.5 38.5
38.19 38.21 38.24 38.26 38.28 38.3 38.34 38.37 38.43 38.48 38.49 38.49 38.48 38.48 38.48 38.48 38.48 38.48 38.48 38.48 38.47 38.46 38.46 38.45 38.46 38.45 38.45 38.45 38.46 38.46 38.46 38.46 38.46 38.46 38.46 38.46 38.46 38.47 38.47 38.47 38.47 38.47 38.47 38.47 38.47 38.47 38.47 38.47 38.47 38.47 38.48 38.48 38.48 38.48 38.48 38.48 38.48 38.48 38.48 38.48 38.48 38.48 38.48 38.49 38.49 38.49 38.49 38.49 38.49 38.49 38.49 38.49 38.49 38.49 38.49 38.49 38.49
38.4 38.42 38.44 38.45 38.46 38.46 38.45 38.45 38.46 38.48 38.49 38.49 38.49 38.49 38.48 38.48 38.48 38.48 38.48 38.48 38.48 38.47 38.47 38.47 38.46 38.45 38.45 38.45 38.45 38.45 38.45 38.45 38.46 38.46 38.46 38.46 38.46 38.46 38.46 38.46 38.46 38.47 38.47 38.47 38.47 38.47 38.47 38.47 38.47 38.47 38.47 38.47 38.47 38.47 38.48 38.48 38.48 38.48 38.48 38.48 38.48 38.48 38.48 38.48 38.48 38.48 38.48 38.48 38.49 38.48 38.48 38.48 38.49 38.49 38.49 38.49 38.49
38.5 38.48 38.48 38.47 38.47 38.47 38.46 38.45 38.45 38.47 38.48 38.49 38.49 38.49 38.49 38.49 38.49 38.49 38.48 38.48 38.49 38.48 38.48 38.48 38.47 38.46 38.46 38.45 38.45 38.45 38.45 38.45 38.45 38.46 38.46 38.46 38.46 38.46 38.46 38.46 38.46 38.46 38.46 38.46 38.46 38.46 38.47 38.47 38.47 38.47 38.47 38.47 38.47 38.47 38.47 38.47 38.47 38.47 38.47 38.48 38.48 38.48 38.48 38.48 38.48 38.48 38.48 38.48 38.48 38.48 38.48 38.48 38.48 38.48 38.48 38.48 38.49
38.51 38.47 38.46 38.45 38.44 38.43 38.42 38.41 38.42 38.46 38.48 38.48 38.48 38.49 38.49 38.49 38.49 38.49 38.49 38.49 38.49 38.49 38.49 38.48 38.48 38.47 38.47 38.46 38.45 38.45 38.45 38.45 38.45 38.45 38.45 38.45 38.45 38.46 38.46 38.46 38.46 38.46 38.46 38.46 38.46 38.46 38.46 38.46 38.46 38.46 38.47 38.47 38.47 38.47 38.47 38.47 38.47 38.47 38.47 38.47 38.47 38.47 38.47 38.47 38.47 38.47 38.47 38.48 38.48 38.48 38.48 38.48 38.48 38.48 38.48 38.48 38.48
38.48 38.44 38.42 38.41 38.41 38.37 38.36 38.36 38.39 38.45 38.48 38.48 38.47 38.48 38.49 38.49 38.49 38.49 38.49 38.49 38.49 38.49 38.49 38.49 38.49 38.48 38.48 38.47 38.46 38.46 38.45 38.45 38.45 38.45 38.45 38.45 38.45 38.45 38.45 38.45 38.45 38.45 38.46 38.46 38.46 38.46 38.46 38.46 38.46 38.46 38.46 38.46 38.46 38.46 38.46 38.46 38.46 38.46 38.46 38.47 38.47 38.47 38.47 38.47 38.47 38.47 38.47 38.47 38.48 38.48 38.48 38.48 38.48 38.48 38.48 38.48 38.48
38.43 38.39 38.38 38.37 38.35 38.31 38.3 38.32 38.37 38.43 38.47 38.49 38.48 38.48 38.48 38.49 38.49 38.49 38.49 38.49 38.49 38.49 38.49 38.49 38.49 38.49 38.49 38.48 38.47 38.47 38.46 38.45 38.44 38.45 38.45 38.45 38.45 38.45 38.45 38.45 38.45 38.45 38.45 38.45 38.45 38.45 38.46 38.46 38.46 38.45 38.46 38.46 38.46 38.46 38.46 38.46 38.46 38.46 38.46 38.47 38.47 38.47 38.47 38.47 38.47 38.47 38.47 38.47 38.47 38.47 38.47 38.47 38.48 38.48 38.48 38.48 38.48
38.39 38.34 38.32 38.31 38.28 38.27 38.27 38.3 38.36 38.42 38.45 38.48 38.48 38.47 38.47 38.48 38.49 38.5 38.5 38.49 38.49 38.49 38.49 38.49 38.49 38.49 38.49 38.49 38.48 38.48 38.47 38.46 38.45 38.44 38.44 38.44 38.44 38.45 38.45 38.45 38.45 38.45 38.45 38.45 38.45 38.45 38.45 38.45 38.45 38.45 38.45 38.45 38.45 38.45 38.45 38.46 38.46 38.46 38.46 38.46 38.46 38.46 38.46 38.46 38.47 38.47 38.47 38.47 38.47 38.47 38.47 38.47 38.47 38.47 38.47 38.47 38.47
38.37 38.3 38.28 38.26 38.24 38.23 38.25 38.29 38.34 38.4 38.44 38.48 38.49 38.48 38.47 38.46 38.48 38.49 38.5 38.5 38.5 38.5 38.5 38.5 38.49 38.49 38.49 38.49 38.49 38.48 38.48 38.47 38.46 38.46 38.45 38.44 38.44 38.44 38.44 38.44 38.44 38.44 38.44 38.44 38.44 38.44 38.45 38.45 38.45 38.45 38.45 38.45 38.45 38.45 38.45 38.46 38.46 38.46 38.46 38.46 38.46 38.46 38.46 38.46 38.46 38.46 38.46 38.46 38.47 38.47 38.47 38.47 38.47 38.47 38.47 38.47 38.47
38.35 38.26 38.23 38.21 38.19 38.21 38.24 38.28 38.33 38.39 38.43 38.47 38.49 38.48 38.47 38.46 38.46 38.48 38.49 38.5 38.5 38.5 38.5 38.5 38.5 38.49 38.49 38.49 38.49 38.49 38.48 38.48 38.47 38.47 38.46 38.45 38.45 38.44 38.44 38.44 38.44 38.44 38.44 38.44 38.44 38.44 38.45 38.45 38.45 38.45 38.45 38.45 38.45 38.45 38.45 38.45 38.45 38.45 38.45 38.46 38.46 38.46 38.46 38.46 38.46 38.46 38.46 38.46 38.46 38.46 38.46 38.46 38.47 38.47 38.47 38.47 38.47
38.32 38.21 38.18 38.16 38.15 38.19 38.22 38.27 38.32 38.38 38.41 38.46 38.49 38.49 38.48 38.47 38.45 38.46 38.48 38.49 38.5 38.5 38.5 38.5 38.5 38.5 38.5 38.5 38.49 38.49 38.49 38.49 38.48 38.48 38.48 38.47 38.47 38.46 38.45 38.44 38.44 38.44 38.44 38.44 38.44 38.44 38.44 38.44 38.44 38.44 38.44 38.45 38.45 38.45 38.45 38.45 38.45 38.45 38.45 38.45 38.45 38.45 38.45 38.45 38.46 38.46 38.46 38.46 38.46 38.46 38.46 38.46 38.46 38.46 38.46 38.46 38.46
38.27 38.16 38.13 38.11 38.12 38.18 38.21 38.25 38.31 38.37 38.4 38.45 38.49 38.49 38.49 38.47 38.46 38.45 38.46 38.48 38.49 38.5 38.5 38.5 38.5 38.5 38.5 38.5 38.5 38.5 38.5 38.5 38.49 38.49 38.49 38.49 38.48 38.48 38.46 38.45 38.43 38.43 38.44 38.44 38.44 38.44 38.44 38.44 38.44 38.44 38.44 38.44 38.44 38.44 38.44 38.45 38.45 38.45 38.45 38.45 38.45 38.45 38.45 38.45 38.45 38.45 38.45 38.45 38.46 38.46 38.46 38.46 38.46 38.46 38.46 38.46 38.46
38.23 38.12 38.08 38.07 38.11 38.17 38.2 38.24 38.3 38.35 38.39 38.44 38.49 38.5 38.49 38.48 38.46 38.45 38.45 38.45 38.47 38.48 38.5 38.5 38.5 38.5 38.5 38.5 38.5 38.5 38.5 38.5 38.5 38.5 38.49 38.49 38.49 38.49 38.48 38.46 38.45 38.44 38.43 38.43 38.43 38.43 38.44 38.44 38.44 38.44 38.44 38.44 38.44 38.44 38.44 38.44 38.44 38.44 38.44 38.45 38.45 38.45 38.45 38.45 38.45 38.45 38.45 38.45 38.45 38.45 38.45 38.45 38.45 38.45 38.45 38.45 38.45
38.18 38.08 38.04 38.04 38.09 38.14 38.18 38.23 38.29 38.33 38.37 38.42 38.48 38.5 38.5 38.49 38.47 38.46 38.45 38.44 38.44 38.46 38.49 38.5 38.51 38.51 38.5 38.5 38.5 38.5 38.5 38.5 38.5 38.5 38.5 38.49 38.49 38.49 38.49 38.48 38.47 38.46 38.45 38.43 38.43 38.43 38.43 38.43 38.43 38.43 38.43 38.44 38.44 38.44 38.44 38.44 38.44 38.44 38.44 38.44 38.44 38.44 38.44 38.44 38.44 38.44 38.44 38.44 38.45 38.45 38.45 38.45 38.45 38.45 38.45 38.45 38.45
38.15 38.04 38.01 38.03 38.08 38.12 38.16 38.21 38.27 38.31 38.35 38.4 38.46 38.49 38.51 38.5 38.48 38.47 38.46 38.44 38.43 38.43 38.45 38.49 38.5 38.51 38.51 38.51 38.51 38.51 38.51 38.51 38.5 38.5 38.5 38.5 38.5 38.49 38.49 38.49 38.49 38.48 38.46 38.45 38.43 38.43 38.43 38.43 38.43 38.43 38.43 38.43 38.43 38.43 38.43 38.44 38.44 38.44 38.44 38.44 38.44 38.44 38.44 38.44 38.44 38.44 38.44 38.44 38.45 38.45 38.45 38.45 38.45 38.45 38.45 38.45 38.45
38.12 38.02 37.99 38.02 38.07 38.11 38.15 38.19 38.25 38.29 38.33 38.38 38.44 38.47 38.5 38.5 38.48 38.47 38.46 38.45 38.43 38.41 38.42 38.44 38.48 38.5 38.51 38.51 38.51 38.51 38.51 38.51 38.51 38.51 38.51 38.5 38.5 38.5 38.49 38.49 38.49 38.48 38.47 38.46 38.45 38.44 38.43 38.43 38.43 38.43 38.43 38.43 38.43 38.43 38.43 38.43 38.43 38.43 38.43 38.43 38.43 38.43 38.44 38.44 38.44 38.44 38.44 38.44 38.44 38.44 38.44 38.44 38.44 38.45 38.45 38.45 38.45
