slabs/37.grd
DSAA
631 301
643890 644520
4947800 4948100
37.52 41.94
[rows 70 to 104 of 301, columns 77 to 153 of 631]
38.27 38.27 38.27 38.28 38.29 38.31 38.32 38.33 38.34 38.36 38.37 38.38 38.39 38.4 38.42 38.43 38.44 38.45 38.46 38.46 38.46 38.46 38.46 38.46 38.46 38.46 38.46 38.46 38.46 38.46 38.46 38.46 38.46 38.46 38.46 38.46 38.46 38.46 38.46 38.47 38.47 38.47 38.47 38.48 38.48 38.49 38.49 38.49 38.5 38.5 38.51 38.51 38.51 38.52 38.52 38.53 38.53 38.53 38.54 38.55 38.55 38.55 38.56 38.56 38.56 38.56 38.56 38.57 38.57 38.57 38.57 38.57 38.58 38.58 38.59 38.59 38.6
38.28 38.27 38.27 38.28 38.29 38.31 38.32 38.33 38.34 38.36 38.37 38.38 38.39 38.4 38.41 38.43 38.44 38.45 38.45 38.45 38.46 38.46 38.46 38.46 38.46 38.46 38.46 38.46 38.46 38.46 38.46 38.46 38.46 38.46 38.46 38.46 38.46 38.46 38.46 38.46 38.46 38.47 38.47 38.48 38.48 38.48 38.49 38.49 38.49 38.5 38.51 38.51 38.51 38.52 38.52 38.53 38.53 38.53 38.54 38.54 38.54 38.55 38.55 38.55 38.56 38.56 38.56 38.56 38.56 38.57 38.57 38.57 38.57 38.58 38.58 38.59 38.59
38.29 38.27 38.27 38.28 38.29 38.31 38.32 38.33 38.34 38.35 38.37 38.38 38.39 38.4 38.41 38.43 38.44 38.45 38.45 38.45 38.45 38.45 38.45 38.46 38.46 38.46 38.46 38.46 38.46 38.46 38.46 38.46 38.46 38.46 38.46 38.46 38.46 38.46 38.46 38.46 38.46 38.46 38.47 38.47 38.47 38.48 38.49 38.49 38.49 38.49 38.5 38.51 38.51 38.51 38.52 38.52 38.52 38.53 38.53 38.54 38.54 38.54 38.55 38.55 38.55 38.55 38.56 38.56 38.56 38.56 38.56 38.57 38.57 38.58 38.59 38.59 38.59
38.3 38.28 38.27 38.27 38.29 38.3 38.31 38.33 38.34 38.35 38.36 38.38 38.39 38.4 38.41 38.43 38.44 38.45 38.45 38.45 38.45 38.45 38.45 38.45 38.45 38.45 38.46 38.46 38.46 38.46 38.46 38.46 38.46 38.46 38.46 38.46 38.46 38.46 38.46 38.46 38.46 38.46 38.47 38.47 38.47 38.48 38.48 38.49 38.49 38.49 38.5 38.5 38.5 38.51 38.51 38.52 38.52 38.52 38.53 38.53 38.54 38.54 38.54 38.55 38.55 38.55 38.55 38.55 38.56 38.56 38.56 38.56 38.57 38.57 38.58 38.58 38.59
38.3 38.29 38.27 38.27 38.29 38.3 38.31 38.32 38.34 38.35 38.36 38.37 38.39 38.4 38.41 38.42 38.44 38.45 38.45 38.45 38.45 38.45 38.45 38.45 38.45 38.45 38.45 38.45 38.45 38.46 38.46 38.46 38.46 38.46 38.46 38.46 38.46 38.46 38.46 38.46 38.46 38.46 38.46 38.46 38.47 38.47 38.48 38.48 38.48 38.49 38.49 38.5 38.5 38.5 38.51 38.51 38.52 38.52 38.52 38.53 38.53 38.54 38.54 38.54 38.54 38.55 38.55 38.55 38.55 38.55 38.56 38.56 38.56 38.57 38.57 38.58 38.58
38.31 38.3 38.28 38.27 38.29 38.3 38.31 38.32 38.34 38.35 38.36 38.37 38.39 38.4 38.41 38.42 38.44 38.45 38.45 38.45 38.45 38.45 38.45 38.45 38.45 38.45 38.45 38.45 38.45 38.45 38.45 38.46 38.46 38.46 38.46 38.46 38.46 38.46 38.46 38.46 38.46 38.46 38.46 38.46 38.46 38.47 38.47 38.48 38.48 38.48 38.49 38.49 38.5 38.5 38.5 38.51 38.51 38.52 38.52 38.52 38.53 38.53 38.54 38.54 38.54 38.54 38.55 38.55 38.55 38.55 38.55 38.55 38.56 38.56 38.57 38.57 38.58
38.31 38.3 38.29 38.28 38.29 38.3 38.31 38.32 38.34 38.35 38.36 38.37 38.39 38.4 38.41 38.42 38.44 38.45 38.45 38.45 38.45 38.45 38.45 38.45 38.45 38.45 38.45 38.45 38.45 38.45 38.45 38.45 38.46 38.45 38.45 38.46 38.46 38.46 38.46 38.46 38.46 38.46 38.46 38.46 38.46 38.46 38.47 38.47 38.48 38.48 38.48 38.49 38.49 38.5 38.5 38.5 38.51 38.51 38.52 38.52 38.53 38.53 38.53 38.53 38.54 38.54 38.54 38.54 38.54 38.55 38.55 38.55 38.55 38.56 38.56 38.57 38.58
38.31 38.31 38.3 38.29 38.29 38.3 38.31 38.32 38.34 38.35 38.36 38.37 38.39 38.4 38.41 38.42 38.44 38.45 38.45 38.45 38.45 38.45 38.45 38.45 38.45 38.45 38.45 38.45 38.45 38.45 38.45 38.45 38.45 38.45 38.45 38.45 38.45 38.45 38.45 38.46 38.46 38.46 38.46 38.46 38.46 38.46 38.46 38.47 38.47 38.48 38.48 38.49 38.49 38.49 38.5 38.5 38.51 38.51 38.52 38.52 38.52 38.53 38.53 38.53 38.53 38.53 38.54 38.54 38.54 38.55 38.55 38.55 38.55 38.56 38.56 38.56 38.57
38.31 38.32 38.31 38.29 38.28 38.29 38.31 38.32 38.33 38.34 38.36 38.37 38.38 38.39 38.41 38.42 38.43 38.44 38.45 38.45 38.45 38.45 38.45 38.45 38.45 38.45 38.45 38.45 38.45 38.45 38.45 38.45 38.45 38.45 38.45 38.45 38.45 38.45 38.45 38.45 38.45 38.45 38.46 38.46 38.46 38.46 38.46 38.47 38.47 38.47 38.48 38.48 38.49 38.49 38.49 38.5 38.5 38.51 38.51 38.51 38.52 38.52 38.52 38.53 38.53 38.53 38.53 38.54 38.53 38.54 38.55 38.55 38.55 38.55 38.56 38.56 38.57
38.31 38.32 38.31 38.3 38.29 38.29 38.31 38.32 38.33 38.34 38.35 38.37 38.38 38.39 38.4 38.42 38.43 38.44 38.44 38.44 38.44 38.44 38.44 38.45 38.45 38.45 38.45 38.45 38.45 38.45 38.45 38.45 38.45 38.45 38.45 38.45 38.45 38.45 38.45 38.45 38.45 38.45 38.45 38.45 38.45 38.46 38.46 38.46 38.47 38.47 38.48 38.48 38.48 38.49 38.49 38.49 38.5 38.51 38.51 38.51 38.52 38.52 38.52 38.52 38.52 38.53 38.53 38.53 38.53 38.54 38.54 38.54 38.54 38.55 38.55 38.56 38.56
38.31 38.31 38.32 38.31 38.29 38.29 38.3 38.32 38.33 38.34 38.35 38.37 38.38 38.39 38.4 38.42 38.43 38.44 38.44 38.44 38.44 38.44 38.44 38.44 38.44 38.44 38.45 38.45 38.45 38.45 38.45 38.45 38.45 38.45 38.45 38.45 38.45 38.45 38.45 38.45 38.45 38.45 38.45 38.45 38.45 38.45 38.45 38.46 38.46 38.47 38.47 38.47 38.48 38.48 38.49 38.49 38.49 38.5 38.51 38.51 38.51 38.52 38.52 38.52 38.52 38.52 38.53 38.53 38.53 38.53 38.53 38.54 38.54 38.54 38.55 38.55 38.56
38.31 38.31 38.32 38.31 38.3 38.29 38.3 38.32 38.33 38.34 38.35 38.37 38.38 38.39 38.4 38.42 38.43 38.44 38.44 38.44 38.44 38.44 38.44 38.44 38.44 38.44 38.44 38.44 38.44 38.45 38.45 38.45 38.45 38.45 38.45 38.45 38.45 38.45 38.45 38.45 38.45 38.45 38.45 38.45 38.45 38.45 38.45 38.45 38.46 38.47 38.47 38.47 38.48 38.48 38.48 38.49 38.49 38.5 38.5 38.5 38.51 38.51 38.51 38.52 38.52 38.52 38.52 38.52 38.53 38.53 38.53 38.53 38.53 38.54 38.54 38.55 38.55
38.31 38.31 38.32 38.32 38.31 38.29 38.3 38.32 38.33 38.34 38.35 38.37 38.38 38.39 38.4 38.42 38.43 38.44 38.44 38.44 38.44 38.44 38.44 38.44 38.44 38.44 38.44 38.44 38.44 38.44 38.44 38.44 38.45 38.45 38.45 38.45 38.45 38.45 38.45 38.45 38.45 38.45 38.45 38.45 38.45 38.45 38.45 38.45 38.45 38.46 38.47 38.47 38.47 38.48 38.48 38.48 38.49 38.49 38.5 38.5 38.5 38.51 38.51 38.51 38.51 38.52 38.52 38.52 38.52 38.52 38.53 38.53 38.53 38.53 38.54 38.54 38.55
38.3 38.31 38.32 38.33 38.32 38.3 38.3 38.31 38.33 38.34 38.35 38.36 38.38 38.39 38.4 38.41 38.43 38.44 38.44 38.44 38.44 38.44 38.44 38.44 38.44 38.44 38.44 38.44 38.44 38.44 38.44 38.44 38.44 38.44 38.45 38.45 38.45 38.45 38.45 38.45 38.45 38.45 38.45 38.45 38.45 38.45 38.45 38.45 38.45 38.46 38.46 38.46 38.47 38.47 38.48 38.48 38.48 38.49 38.49 38.5 38.5 38.5 38.51 38.51 38.51 38.51 38.51 38.52 38.52 38.52 38.52 38.52 38.53 38.53 38.53 38.54 38.54
38.3 38.31 38.31 38.32 38.32 38.31 38.3 38.31 38.32 38.34 38.35 38.36 38.37 38.39 38.4 38.41 38.42 38.43 38.44 38.44 38.44 38.44 38.44 38.44 38.44 38.44 38.44 38.44 38.44 38.44 38.44 38.44 38.44 38.44 38.44 38.45 38.45 38.45 38.45 38.45 38.45 38.45 38.45 38.45 38.45 38.45 38.45 38.45 38.45 38.45 38.46 38.46 38.46 38.47 38.47 38.48 38.48 38.48 38.49 38.49 38.5 38.5 38.5 38.5 38.51 38.51 38.51 38.51 38.51 38.52 38.52 38.52 38.52 38.53 38.53 38.54 38.54
38.29 38.3 38.31 38.32 38.33 38.32 38.31 38.31 38.32 38.33 38.35 38.36 38.37 38.38 38.4 38.41 38.42 38.43 38.43 38.44 38.44 38.44 38.44 38.44 38.44 38.44 38.44 38.44 38.44 38.44 38.44 38.44 38.44 38.44 38.44 38.44 38.44 38.44 38.44 38.44 38.44 38.44 38.45 38.45 38.45 38.45 38.45 38.45 38.45 38.45 38.45 38.46 38.46 38.46 38.47 38.47 38.48 38.48 38.48 38.49 38.49 38.5 38.5 38.5 38.5 38.51 38.51 38.51 38.51 38.51 38.51 38.52 38.52 38.52 38.53 38.53 38.54
38.29 38.3 38.31 38.32 38.33 38.32 38.31 38.31 38.32 38.33 38.35 38.36 38.37 38.38 38.4 38.41 38.42 38.43 38.43 38.43 38.43 38.43 38.44 38.44 38.44 38.44 38.44 38.44 38.44 38.44 38.44 38.44 38.44 38.44 38.44 38.44 38.44 38.44 38.44 38.44 38.44 38.44 38.44 38.44 38.44 38.45 38.45 38.45 38.45 38.45 38.45 38.45 38.46 38.46 38.47 38.47 38.47 38.48 38.48 38.49 38.49 38.49 38.49 38.5 38.5 38.5 38.5 38.5 38.51 38.51 38.51 38.51 38.52 38.52 38.52 38.53 38.54
38.29 38.3 38.31 38.33 38.33 38.33 38.32 38.31 38.32 38.33 38.35 38.36 38.37 38.38 38.4 38.41 38.42 38.43 38.43 38.43 38.43 38.43 38.43 38.44 38.44 38.44 38.44 38.44 38.44 38.44 38.44 38.44 38.44 38.44 38.44 38.44 38.44 38.44 38.44 38.44 38.44 38.44 38.44 38.44 38.44 38.44 38.44 38.44 38.45 38.45 38.45 38.45 38.45 38.46 38.46 38.47 38.47 38.48 38.48 38.48 38.49 38.49 38.49 38.49 38.49 38.5 38.5 38.5 38.51 38.51 38.51 38.51 38.52 38.52 38.52 38.53 38.53
38.29 38.3 38.31 38.32 38.33 38.34 38.33 38.32 38.32 38.33 38.34 38.36 38.37 38.38 38.39 38.41 38.42 38.43 38.43 38.43 38.43 38.43 38.43 38.43 38.43 38.43 38.43 38.43 38.43 38.44 38.44 38.44 38.44 38.44 38.44 38.44 38.44 38.44 38.44 38.44 38.44 38.44 38.44 38.44 38.44 38.44 38.44 38.44 38.44 38.44 38.44 38.45 38.45 38.46 38.46 38.46 38.47 38.47 38.47 38.48 38.48 38.48 38.49 38.49 38.49 38.49 38.5 38.5 38.5 38.51 38.51 38.51 38.51 38.51 38.51 38.52 38.52
38.29 38.3 38.31 38.32 38.32 38.33 38.33 38.32 38.32 38.33 38.34 38.36 38.37 38.38 38.39 38.4 38.42 38.43 38.43 38.43 38.43 38.43 38.43 38.43 38.43 38.43 38.43 38.43 38.43 38.43 38.43 38.43 38.44 38.44 38.44 38.44 38.44 38.44 38.44 38.44 38.44 38.44 38.44 38.44 38.44 38.44 38.44 38.44 38.44 38.44 38.44 38.44 38.45 38.45 38.45 38.46 38.47 38.47 38.47 38.47 38.48 38.48 38.48 38.48 38.49 38.49 38.49 38.5 38.5 38.5 38.5 38.5 38.5 38.51 38.51 38.52 38.52
38.28 38.29 38.3 38.31 38.32 38.33 38.33 38.32 38.32 38.33 38.34 38.35 38.36 38.38 38.39 38.4 38.41 38.43 38.43 38.43 38.43 38.43 38.43 38.43 38.43 38.43 38.43 38.43 38.43 38.43 38.43 38.43 38.43 38.43 38.43 38.44 38.44 38.44 38.44 38.44 38.44 38.44 38.44 38.44 38.44 38.44 38.44 38.44 38.44 38.44 38.44 38.44 38.45 38.45 38.45 38.45 38.46 38.47 38.47 38.47 38.48 38.48 38.48 38.48 38.48 38.49 38.49 38.49 38.49 38.49 38.5 38.5 38.5 38.5 38.51 38.51 38.52
38.28 38.29 38.3 38.31 38.32 38.33 38.34 38.33 38.33 38.33 38.34 38.35 38.36 38.38 38.39 38.4 38.41 38.42 38.43 38.43 38.43 38.43 38.43 38.43 38.43 38.43 38.43 38.43 38.43 38.43 38.43 38.43 38.43 38.43 38.43 38.43 38.43 38.44 38.44 38.44 38.44 38.44 38.44 38.44 38.44 38.44 38.44 38.44 38.44 38.44 38.44 38.44 38.44 38.45 38.45 38.45 38.46 38.46 38.46 38.47 38.47 38.47 38.48 38.48 38.48 38.48 38.48 38.49 38.49 38.49 38.49 38.49 38.5 38.5 38.5 38.51 38.51
38.28 38.29 38.3 38.31 38.32 38.33 38.34 38.34 38.34 38.33 38.34 38.35 38.36 38.37 38.39 38.4 38.41 38.42 38.42 38.42 38.43 38.43 38.43 38.43 38.43 38.43 38.43 38.43 38.43 38.43 38.43 38.43 38.43 38.43 38.43 38.43 38.43 38.43 38.43 38.43 38.43 38.44 38.44 38.44 38.44 38.44 38.44 38.44 38.44 38.44 38.44 38.44 38.44 38.44 38.44 38.45 38.45 38.46 38.46 38.46 38.47 38.47 38.47 38.47 38.48 38.48 38.48 38.48 38.48 38.49 38.49 38.49 38.49 38.49 38.5 38.5 38.51
38.28 38.29 38.3 38.31 38.32 38.33 38.33 38.34 38.34 38.33 38.34 38.35 38.36 38.37 38.39 38.4 38.41 38.42 38.42 38.42 38.42 38.42 38.42 38.43 38.43 38.43 38.43 38.43 38.43 38.43 38.43 38.43 38.43 38.43 38.43 38.43 38.43 38.43 38.43 38.43 38.43 38.43 38.44 38.44 38.44 38.44 38.44 38.44 38.44 38.44 38.44 38.44 38.44 38.44 38.44 38.44 38.45 38.45 38.46 38.46 38.46 38.47 38.47 38.47 38.47 38.47 38.48 38.48 38.48 38.48 38.48 38.49 38.49 38.49 38.49 38.5 38.5
38.28 38.29 38.3 38.3 38.31 38.32 38.33 38.34 38.34 38.33 38.34 38.35 38.36 38.37 38.39 38.4 38.41 38.42 38.42 38.42 38.42 38.42 38.42 38.42 38.42 38.42 38.43 38.43 38.43 38.43 38.43 38.43 38.43 38.43 38.43 38.43 38.43 38.43 38.43 38.43 38.43 38.43 38.43 38.43 38.43 38.43 38.43 38.43 38.44 38.44 38.44 38.44 38.44 38.44 38.44 38.44 38.44 38.45 38.45 38.46 38.46 38.46 38.46 38.47 38.47 38.47 38.47 38.47 38.48 38.48 38.48 38.48 38.49 38.49 38.49 38.49 38.5
38.27 38.28 38.29 38.3 38.31 38.32 38.34 38.34 38.35 38.34 38.34 38.35 38.36 38.37 38.39 38.4 38.41 38.42 38.42 38.42 38.42 38.42 38.42 38.42 38.42 38.42 38.42 38.42 38.42 38.43 38.43 38.43 38.43 38.43 38.43 38.43 38.43 38.43 38.43 38.43 38.43 38.43 38.43 38.43 38.43 38.43 38.43 38.43 38.43 38.43 38.43 38.44 38.44 38.44 38.44 38.44 38.44 38.44 38.45 38.45 38.46 38.46 38.46 38.46 38.47 38.47 38.47 38.47 38.47 38.48 38.48 38.48 38.48 38.48 38.49 38.49 38.5
38.27 38.28 38.29 38.3 38.31 38.32 38.34 38.34 38.35 38.34 38.34 38.35 38.36 38.37 38.38 38.4 38.41 38.42 38.42 38.42 38.42 38.42 38.42 38.42 38.42 38.42 38.42 38.42 38.42 38.42 38.43 38.43 38.43 38.43 38.43 38.43 38.43 38.43 38.43 38.43 38.43 38.43 38.43 38.43 38.43 38.43 38.43 38.43 38.43 38.43 38.43 38.43 38.43 38.43 38.44 38.44 38.44 38.44 38.45 38.45 38.45 38.45 38.46 38.46 38.46 38.46 38.46 38.47 38.47 38.47 38.47 38.48 38.48 38.48 38.48 38.49 38.49
38.27 38.28 38.3 38.3 38.31 38.32 38.33 38.34 38.35 38.35 38.34 38.34 38.36 38.37 38.38 38.39 38.41 38.42 38.42 38.42 38.42 38.42 38.42 38.42 38.42 38.42 38.42 38.42 38.42 38.42 38.42 38.42 38.42 38.42 38.42 38.43 38.43 38.43 38.43 38.43 38.43 38.43 38.43 38.43 38.43 38.43 38.43 38.43 38.43 38.43 38.43 38.43 38.43 38.43 38.43 38.43 38.44 38.44 38.44 38.45 38.45 38.45 38.45 38.45 38.46 38.46 38.46 38.47 38.47 38.47 38.47 38.48 38.48 38.48 38.48 38.49 38.49
38.27 38.28 38.3 38.3 38.31 38.32 38.33 38.33 38.34 38.35 38.35 38.34 38.36 38.37 38.38 38.39 38.41 38.42 38.41 38.41 38.42 38.42 38.42 38.42 38.42 38.42 38.42 38.42 38.42 38.42 38.42 38.42 38.42 38.42 38.42 38.42 38.42 38.42 38.43 38.43 38.43 38.43 38.43 38.43 38.43 38.43 38.43 38.43 38.43 38.43 38.43 38.43 38.43 38.43 38.43 38.43 38.43 38.43 38.44 38.44 38.44 38.45 38.45 38.45 38.45 38.46 38.46 38.46 38.47 38.47 38.47 38.47 38.47 38.47 38.47 38.48 38.48
38.27 38.28 38.29 38.3 38.3 38.31 38.33 38.33 38.34 38.35 38.35 38.34 38.35 38.37 38.38 38.39 38.4 38.41 38.41 38.41 38.42 38.42 38.42 38.42 38.42 38.42 38.42 38.42 38.42 38.42 38.42 38.42 38.42 38.42 38.42 38.42 38.42 38.42 38.42 38.42 38.42 38.42 38.43 38.43 38.43 38.43 38.43 38.43 38.43 38.43 38.43 38.43 38.43 38.43 38.43 38.43 38.43 38.43 38.43 38.44 38.44 38.44 38.45 38.45 38.45 38.45 38.46 38.46 38.46 38.46 38.46 38.46 38.47 38.47 38.47 38.47 38.48
38.27 38.28 38.29 38.3 38.3 38.31 38.32 38.33 38.34 38.35 38.35 38.35 38.35 38.37 38.38 38.39 38.4 38.41 38.41 38.41 38.41 38.41 38.41 38.42 38.42 38.42 38.42 38.42 38.42 38.42 38.42 38.42 38.42 38.42 38.42 38.42 38.42 38.42 38.42 38.42 38.42 38.42 38.42 38.42 38.43 38.43 38.43 38.43 38.43 38.43 38.43 38.43 38.43 38.43 38.43 38.43 38.43 38.43 38.43 38.44 38.44 38.44 38.45 38.44 38.45 38.45 38.45 38.45 38.45 38.46 38.46 38.46 38.46 38.46 38.47 38.47 38.47
38.27 38.27 38.28 38.29 38.3 38.31 38.32 38.33 38.34 38.35 38.36 38.36 38.35 38.37 38.38 38.39 38.4 38.41 38.41 38.41 38.41 38.41 38.41 38.41 38.41 38.41 38.42 38.42 38.42 38.42 38.42 38.42 38.42 38.42 38.42 38.42 38.42 38.42 38.42 38.42 38.42 38.42 38.42 38.42 38.42 38.42 38.42 38.42 38.43 38.43 38.43 38.43 38.43 38.43 38.43 38.43 38.43 38.43 38.43 38.43 38.43 38.44 38.44 38.44 38.44 38.44 38.45 38.45 38.45 38.45 38.45 38.46 38.46 38.46 38.46 38.47 38.47
38.26 38.27 38.28 38.29 38.3 38.31 38.32 38.33 38.34 38.35 38.35 38.36 38.35 38.37 38.38 38.39 38.4 38.41 38.41 38.41 38.41 38.41 38.41 38.41 38.41 38.41 38.41 38.41 38.41 38.42 38.42 38.42 38.42 38.42 38.42 38.42 38.42 38.42 38.42 38.42 38.42 38.42 38.42 38.42 38.42 38.42 38.42 38.42 38.42 38.42 38.43 38.43 38.43 38.43 38.43 38.43 38.43 38.43 38.44 38.43 38.42 38.43 38.43 38.44 38.44 38.44 38.44 38.44 38.45 38.45 38.45 38.45 38.46 38.46 38.46 38.46 38.47
38.26 38.27 38.28 38.29 38.3 38.31 38.32 38.32 38.33 38.34 38.35 38.36 38.36 38.37 38.37 38.39 38.4 38.41 38.41 38.41 38.41 38.41 38.41 38.41 38.41 38.41 38.41 38.41 38.41 38.41 38.41 38.41 38.42 38.42 38.42 38.42 38.42 38.42 38.42 38.42 38.42 38.42 38.42 38.42 38.42 38.42 38.42 38.42 38.42 38.42 38.42 38.42 38.42 38.42 38.43 38.44 38.44 38.44 38.43 38.42 38.41 38.42 38.43 38.43 38.43 38.44 38.44 38.44 38.44 38.44 38.45 38.45 38.45 38.45 38.46 38.46 38.46
38.26 38.27 38.28 38.29 38.29 38.31 38.31 38.32 38.33 38.34 38.35 38.36 38.36 38.37 38.37 38.38 38.4 38.41 38.41 38.41 38.41 38.41 38.41 38.41 38.41 38.41 38.41 38.41 38.41 38.41 38.41 38.41 38.41 38.41 38.41 38.42 38.42 38.42 38.42 38.42 38.42 38.42 38.42 38.42 38.42 38.42 38.42 38.42 38.42 38.42 38.42 38.43 38.43 38.44 38.44 38.45 38.45 38.44 38.43 38.42 38.4 38.4 38.42 38.43 38.43 38.43 38.43 38.44 38.44 38.44 38.44 38.45 38.45 38.45 38.45 38.45 38.46
