slabs/37.grd
DSAA
631 301
643890 644520
4947800 4948100
37.52 41.94
[rows 70 to 104 of 301, columns 154 to 230 of 631]
38.6 38.61 38.61 38.62 38.62 38.63 38.63 38.64 38.64 38.65 38.65 38.65 38.65 38.64 38.64 38.63 38.63 38.62 38.62 38.62 38.61 38.61 38.6 38.6 38.59 38.59 38.59 38.58 38.58 38.57 38.57 38.58 38.59 38.63 38.67 38.72 38.74 38.77 38.82 38.86 38.91 38.93 38.95 38.94 38.94 38.92 38.9 38.88 38.88 38.86 38.84 38.82 38.82 38.8 38.78 38.77 38.75 38.74 38.72 38.71 38.69 38.68 38.66 38.64 38.63 38.61 38.59 38.58 38.57 38.55 38.53 38.52 38.51 38.48 38.45 38.43 38.4
38.6 38.6 38.61 38.61 38.62 38.62 38.63 38.63 38.64 38.64 38.65 38.65 38.65 38.64 38.64 38.63 38.63 38.63 38.62 38.62 38.61 38.61 38.6 38.6 38.59 38.59 38.59 38.58 38.58 38.57 38.57 38.58 38.59 38.62 38.66 38.71 38.74 38.76 38.81 38.86 38.91 38.93 38.95 38.94 38.93 38.92 38.9 38.88 38.87 38.85 38.83 38.82 38.81 38.79 38.77 38.76 38.75 38.73 38.71 38.7 38.68 38.67 38.65 38.64 38.62 38.61 38.59 38.58 38.56 38.54 38.52 38.51 38.5 38.47 38.44 38.42 38.39
38.59 38.6 38.6 38.61 38.61 38.62 38.62 38.63 38.63 38.64 38.64 38.65 38.65 38.64 38.64 38.63 38.63 38.63 38.62 38.62 38.61 38.61 38.6 38.6 38.6 38.59 38.59 38.58 38.58 38.57 38.57 38.58 38.59 38.61 38.66 38.7 38.73 38.76 38.8 38.85 38.9 38.92 38.94 38.93 38.92 38.91 38.89 38.88 38.86 38.85 38.83 38.82 38.8 38.78 38.76 38.75 38.74 38.72 38.7 38.69 38.68 38.66 38.64 38.63 38.61 38.6 38.58 38.57 38.55 38.53 38.52 38.5 38.48 38.44 38.43 38.4 38.37
38.59 38.6 38.6 38.61 38.61 38.62 38.62 38.63 38.63 38.64 38.64 38.65 38.65 38.64 38.64 38.63 38.63 38.63 38.62 38.62 38.61 38.61 38.61 38.6 38.6 38.59 38.59 38.58 38.58 38.57 38.57 38.58 38.59 38.61 38.65 38.7 38.73 38.76 38.81 38.85 38.9 38.92 38.94 38.93 38.92 38.9 38.88 38.87 38.86 38.84 38.82 38.81 38.8 38.78 38.76 38.75 38.73 38.72 38.7 38.68 38.67 38.65 38.63 38.62 38.61 38.59 38.57 38.56 38.55 38.53 38.51 38.49 38.46 38.42 38.4 38.38 38.35
38.59 38.59 38.6 38.6 38.61 38.61 38.62 38.63 38.63 38.63 38.64 38.64 38.64 38.64 38.64 38.64 38.63 38.63 38.62 38.62 38.61 38.61 38.61 38.6 38.6 38.59 38.59 38.58 38.58 38.58 38.57 38.57 38.58 38.61 38.65 38.7 38.72 38.76 38.8 38.84 38.89 38.91 38.93 38.93 38.91 38.89 38.88 38.86 38.85 38.83 38.81 38.8 38.79 38.77 38.75 38.74 38.73 38.71 38.69 38.68 38.66 38.64 38.62 38.62 38.6 38.58 38.56 38.55 38.53 38.51 38.5 38.48 38.45 38.41 38.39 38.37 38.34
38.59 38.59 38.59 38.6 38.61 38.61 38.62 38.62 38.63 38.63 38.63 38.64 38.64 38.64 38.64 38.64 38.63 38.63 38.62 38.62 38.61 38.61 38.61 38.6 38.6 38.59 38.59 38.58 38.58 38.58 38.57 38.57 38.57 38.6 38.65 38.69 38.72 38.75 38.8 38.82 38.88 38.9 38.92 38.92 38.91 38.89 38.87 38.86 38.84 38.82 38.81 38.79 38.78 38.76 38.74 38.73 38.72 38.7 38.68 38.67 38.66 38.63 38.62 38.61 38.59 38.57 38.56 38.55 38.53 38.51 38.49 38.46 38.43 38.4 38.38 38.35 38.32
38.58 38.59 38.59 38.6 38.6 38.61 38.61 38.61 38.62 38.62 38.63 38.63 38.64 38.64 38.64 38.64 38.63 38.63 38.62 38.62 38.62 38.61 38.61 38.6 38.6 38.59 38.59 38.59 38.58 38.58 38.57 38.57 38.57 38.59 38.64 38.68 38.71 38.74 38.79 38.82 38.87 38.9 38.92 38.91 38.9 38.88 38.86 38.85 38.84 38.82 38.8 38.78 38.77 38.75 38.73 38.72 38.71 38.69 38.67 38.66 38.65 38.63 38.62 38.6 38.58 38.56 38.55 38.54 38.52 38.5 38.48 38.45 38.42 38.39 38.37 38.34 38.32
38.58 38.58 38.58 38.59 38.59 38.6 38.6 38.61 38.61 38.62 38.62 38.63 38.63 38.64 38.64 38.64 38.63 38.63 38.62 38.62 38.62 38.61 38.61 38.6 38.6 38.59 38.59 38.59 38.58 38.58 38.57 38.56 38.56 38.59 38.64 38.67 38.7 38.74 38.78 38.81 38.87 38.89 38.91 38.9 38.9 38.87 38.85 38.84 38.83 38.81 38.79 38.77 38.76 38.74 38.72 38.72 38.7 38.68 38.67 38.66 38.64 38.62 38.61 38.59 38.58 38.56 38.55 38.53 38.52 38.49 38.46 38.44 38.41 38.38 38.35 38.32 38.33
38.57 38.58 38.58 38.58 38.59 38.59 38.6 38.6 38.61 38.61 38.62 38.62 38.63 38.63 38.64 38.64 38.63 38.63 38.63 38.62 38.62 38.61 38.61 38.6 38.6 38.6 38.59 38.59 38.58 38.58 38.57 38.57 38.57 38.59 38.63 38.66 38.69 38.73 38.78 38.8 38.86 38.89 38.9 38.9 38.88 38.86 38.84 38.83 38.82 38.8 38.78 38.77 38.76 38.74 38.72 38.71 38.69 38.67 38.66 38.65 38.63 38.61 38.6 38.59 38.57 38.55 38.54 38.52 38.51 38.48 38.45 38.42 38.39 38.36 38.34 38.32 38.33
38.57 38.57 38.58 38.58 38.59 38.59 38.6 38.6 38.61 38.61 38.62 38.62 38.62 38.63 38.63 38.64 38.63 38.63 38.63 38.62 38.62 38.61 38.61 38.6 38.6 38.6 38.59 38.59 38.58 38.58 38.57 38.57 38.57 38.58 38.63 38.65 38.68 38.73 38.77 38.8 38.86 38.88 38.89 38.89 38.87 38.85 38.83 38.83 38.81 38.79 38.77 38.76 38.75 38.73 38.72 38.7 38.69 38.67 38.66 38.64 38.62 38.6 38.59 38.58 38.56 38.54 38.53 38.52 38.49 38.46 38.44 38.41 38.38 38.35 38.33 38.32 38.34
38.56 38.57 38.57 38.58 38.58 38.59 38.59 38.6 38.6 38.61 38.61 38.62 38.62 38.63 38.63 38.64 38.64 38.63 38.63 38.62 38.62 38.61 38.61 38.6 38.6 38.6 38.59 38.59 38.58 38.58 38.57 38.57 38.57 38.58 38.62 38.64 38.67 38.72 38.77 38.79 38.85 38.88 38.89 38.88 38.87 38.85 38.82 38.82 38.8 38.78 38.77 38.76 38.74 38.72 38.71 38.7 38.68 38.66 38.65 38.63 38.62 38.6 38.59 38.57 38.56 38.54 38.52 38.51 38.48 38.45 38.42 38.4 38.37 38.34 38.32 38.32 38.36
38.56 38.56 38.57 38.57 38.58 38.58 38.59 38.59 38.6 38.6 38.61 38.62 38.62 38.62 38.63 38.64 38.64 38.63 38.63 38.62 38.62 38.61 38.61 38.61 38.6 38.6 38.59 38.59 38.58 38.58 38.57 38.57 38.57 38.57 38.61 38.64 38.67 38.71 38.76 38.79 38.85 38.87 38.88 38.87 38.86 38.84 38.82 38.81 38.8 38.78 38.77 38.75 38.73 38.71 38.7 38.69 38.67 38.65 38.64 38.63 38.61 38.59 38.58 38.56 38.55 38.53 38.52 38.5 38.47 38.44 38.42 38.39 38.35 38.33 38.32 38.34 38.39
38.55 38.56 38.56 38.57 38.57 38.58 38.58 38.59 38.59 38.6 38.6 38.61 38.61 38.62 38.63 38.63 38.63 38.63 38.63 38.62 38.62 38.62 38.61 38.61 38.6 38.6 38.59 38.59 38.59 38.58 38.58 38.57 38.57 38.57 38.61 38.63 38.66 38.71 38.76 38.78 38.84 38.86 38.87 38.87 38.85 38.83 38.82 38.8 38.79 38.77 38.76 38.74 38.73 38.71 38.7 38.68 38.66 38.64 38.63 38.62 38.6 38.58 38.57 38.56 38.54 38.52 38.51 38.48 38.45 38.43 38.4 38.37 38.33 38.31 38.32 38.36 38.41
38.55 38.55 38.56 38.56 38.57 38.57 38.58 38.59 38.59 38.59 38.6 38.61 38.61 38.61 38.62 38.63 38.63 38.63 38.63 38.62 38.62 38.62 38.61 38.61 38.6 38.6 38.59 38.59 38.59 38.58 38.58 38.57 38.57 38.56 38.6 38.63 38.66 38.71 38.75 38.78 38.84 38.86 38.87 38.86 38.84 38.82 38.81 38.8 38.78 38.76 38.75 38.74 38.72 38.7 38.69 38.67 38.66 38.64 38.63 38.61 38.6 38.58 38.56 38.55 38.53 38.52 38.5 38.47 38.43 38.41 38.38 38.35 38.32 38.3 38.33 38.38 38.42
38.55 38.55 38.56 38.56 38.57 38.57 38.58 38.58 38.59 38.59 38.6 38.6 38.6 38.61 38.62 38.62 38.62 38.63 38.63 38.62 38.62 38.62 38.61 38.61 38.6 38.6 38.59 38.59 38.59 38.58 38.58 38.57 38.57 38.56 38.6 38.62 38.66 38.7 38.74 38.77 38.83 38.85 38.86 38.85 38.84 38.82 38.81 38.79 38.77 38.76 38.74 38.73 38.71 38.69 38.68 38.67 38.65 38.63 38.62 38.6 38.59 38.57 38.56 38.54 38.52 38.5 38.48 38.45 38.41 38.39 38.37 38.34 38.31 38.31 38.34 38.39 38.44
38.54 38.55 38.56 38.56 38.56 38.57 38.57 38.58 38.58 38.59 38.59 38.6 38.6 38.61 38.61 38.61 38.62 38.62 38.63 38.63 38.62 38.62 38.61 38.61 38.6 38.6 38.6 38.59 38.59 38.58 38.58 38.57 38.57 38.57 38.59 38.61 38.65 38.7 38.72 38.75 38.83 38.85 38.86 38.84 38.83 38.81 38.8 38.78 38.77 38.75 38.74 38.73 38.7 38.69 38.67 38.66 38.64 38.62 38.61 38.59 38.58 38.56 38.55 38.53 38.51 38.49 38.46 38.43 38.4 38.38 38.35 38.32 38.31 38.33 38.36 38.41 38.46
38.54 38.54 38.55 38.56 38.56 38.56 38.57 38.57 38.58 38.58 38.59 38.59 38.6 38.6 38.61 38.61 38.62 38.62 38.63 38.63 38.62 38.62 38.61 38.61 38.6 38.6 38.6 38.59 38.59 38.58 38.58 38.57 38.57 38.57 38.58 38.6 38.64 38.69 38.72 38.75 38.82 38.84 38.85 38.84 38.82 38.8 38.79 38.78 38.76 38.74 38.73 38.72 38.69 38.67 38.66 38.65 38.63 38.61 38.6 38.59 38.57 38.56 38.54 38.52 38.5 38.48 38.45 38.42 38.38 38.36 38.34 38.31 38.33 38.35 38.38 38.42 38.47
38.53 38.54 38.54 38.55 38.55 38.56 38.56 38.57 38.57 38.58 38.58 38.59 38.59 38.6 38.6 38.61 38.61 38.62 38.62 38.63 38.62 38.62 38.61 38.61 38.61 38.6 38.6 38.59 38.59 38.58 38.58 38.58 38.57 38.57 38.57 38.59 38.64 38.69 38.72 38.75 38.81 38.83 38.85 38.84 38.81 38.8 38.78 38.77 38.75 38.73 38.72 38.71 38.69 38.67 38.66 38.64 38.62 38.61 38.6 38.58 38.56 38.55 38.54 38.52 38.49 38.46 38.44 38.41 38.37 38.35 38.32 38.31 38.33 38.36 38.39 38.44 38.49
38.53 38.53 38.54 38.54 38.55 38.55 38.56 38.56 38.57 38.57 38.58 38.58 38.59 38.59 38.6 38.6 38.61 38.61 38.62 38.62 38.62 38.62 38.61 38.61 38.61 38.6 38.59 38.59 38.59 38.58 38.58 38.58 38.57 38.57 38.57 38.59 38.64 38.69 38.71 38.74 38.79 38.82 38.84 38.82 38.8 38.78 38.77 38.76 38.74 38.72 38.71 38.7 38.68 38.67 38.65 38.64 38.61 38.61 38.59 38.57 38.55 38.54 38.53 38.51 38.48 38.45 38.42 38.39 38.36 38.34 38.31 38.31 38.34 38.37 38.41 38.45 38.49
38.52 38.53 38.53 38.54 38.54 38.55 38.55 38.56 38.56 38.57 38.57 38.58 38.58 38.59 38.59 38.6 38.6 38.61 38.62 38.62 38.62 38.62 38.61 38.61 38.61 38.6 38.6 38.59 38.59 38.58 38.58 38.58 38.57 38.57 38.56 38.58 38.63 38.68 38.7 38.73 38.78 38.81 38.83 38.81 38.79 38.77 38.77 38.75 38.73 38.71 38.71 38.69 38.67 38.66 38.64 38.63 38.61 38.6 38.58 38.57 38.55 38.54 38.52 38.49 38.46 38.44 38.41 38.38 38.35 38.32 38.3 38.32 38.35 38.38 38.42 38.47 38.5
38.52 38.53 38.53 38.54 38.54 38.55 38.55 38.56 38.56 38.56 38.57 38.57 38.58 38.58 38.59 38.59 38.6 38.6 38.61 38.61 38.62 38.62 38.62 38.61 38.61 38.6 38.6 38.59 38.59 38.58 38.58 38.58 38.57 38.57 38.56 38.58 38.62 38.67 38.69 38.72 38.77 38.8 38.82 38.81 38.79 38.77 38.76 38.75 38.73 38.71 38.7 38.68 38.66 38.65 38.64 38.62 38.6 38.59 38.58 38.56 38.54 38.53 38.51 38.48 38.45 38.42 38.4 38.37 38.33 38.31 38.3 38.33 38.36 38.39 38.43 38.48 38.52
38.52 38.52 38.53 38.53 38.54 38.54 38.55 38.55 38.56 38.56 38.57 38.57 38.58 38.58 38.59 38.59 38.6 38.6 38.61 38.61 38.61 38.62 38.62 38.61 38.61 38.6 38.6 38.6 38.59 38.59 38.58 38.58 38.57 38.57 38.56 38.58 38.62 38.66 38.69 38.72 38.77 38.8 38.82 38.8 38.78 38.77 38.75 38.74 38.72 38.71 38.69 38.68 38.66 38.65 38.63 38.61 38.59 38.58 38.57 38.55 38.53 38.52 38.49 38.46 38.43 38.41 38.38 38.35 38.32 38.3 38.3 38.34 38.38 38.41 38.45 38.5 38.54
38.51 38.52 38.52 38.53 38.53 38.54 38.55 38.55 38.55 38.56 38.57 38.57 38.57 38.58 38.59 38.59 38.59 38.6 38.6 38.61 38.61 38.62 38.62 38.61 38.61 38.6 38.6 38.6 38.59 38.59 38.58 38.58 38.57 38.57 38.57 38.58 38.61 38.66 38.69 38.72 38.76 38.79 38.81 38.79 38.77 38.76 38.75 38.73 38.71 38.7 38.68 38.67 38.65 38.64 38.62 38.61 38.59 38.58 38.56 38.54 38.52 38.51 38.48 38.45 38.42 38.4 38.37 38.34 38.31 38.3 38.32 38.37 38.4 38.43 38.48 38.52 38.55
38.51 38.51 38.52 38.52 38.53 38.53 38.54 38.54 38.55 38.56 38.56 38.56 38.57 38.58 38.58 38.59 38.59 38.59 38.6 38.6 38.61 38.61 38.62 38.61 38.61 38.6 38.6 38.6 38.59 38.59 38.58 38.58 38.57 38.57 38.57 38.57 38.61 38.65 38.68 38.71 38.76 38.79 38.8 38.79 38.77 38.75 38.74 38.72 38.7 38.69 38.68 38.66 38.64 38.63 38.61 38.6 38.58 38.57 38.55 38.53 38.51 38.5 38.47 38.44 38.41 38.38 38.35 38.32 38.3 38.3 38.34 38.39 38.42 38.45 38.5 38.54 38.55
38.5 38.51 38.52 38.52 38.52 38.53 38.54 38.54 38.54 38.55 38.56 38.56 38.56 38.57 38.58 38.58 38.58 38.59 38.59 38.6 38.6 38.61 38.61 38.61 38.61 38.61 38.6 38.6 38.59 38.59 38.58 38.58 38.58 38.57 38.57 38.57 38.6 38.63 38.66 38.71 38.75 38.78 38.79 38.78 38.76 38.75 38.73 38.72 38.7 38.69 38.67 38.65 38.63 38.62 38.61 38.59 38.57 38.56 38.55 38.53 38.5 38.48 38.45 38.41 38.4 38.37 38.33 38.3 38.29 38.31 38.36 38.4 38.43 38.46 38.51 38.54 38.55
38.5 38.51 38.51 38.52 38.52 38.53 38.53 38.53 38.54 38.55 38.55 38.55 38.56 38.56 38.57 38.57 38.58 38.58 38.59 38.59 38.6 38.6 38.61 38.61 38.61 38.61 38.6 38.6 38.59 38.59 38.58 38.58 38.58 38.57 38.57 38.56 38.6 38.63 38.65 38.7 38.75 38.78 38.79 38.77 38.75 38.74 38.73 38.71 38.69 38.68 38.66 38.65 38.63 38.62 38.6 38.58 38.56 38.56 38.54 38.51 38.49 38.46 38.43 38.39 38.37 38.35 38.32 38.29 38.29 38.32 38.37 38.42 38.45 38.48 38.52 38.55 38.55
38.5 38.51 38.51 38.51 38.52 38.52 38.53 38.53 38.54 38.54 38.55 38.55 38.55 38.56 38.56 38.57 38.57 38.58 38.58 38.59 38.59 38.6 38.6 38.61 38.61 38.61 38.6 38.6 38.59 38.59 38.58 38.58 38.58 38.57 38.57 38.56 38.59 38.62 38.65 38.69 38.74 38.77 38.78 38.76 38.74 38.73 38.72 38.7 38.68 38.67 38.66 38.64 38.62 38.61 38.59 38.57 38.56 38.55 38.52 38.49 38.47 38.45 38.42 38.38 38.36 38.34 38.31 38.3 38.31 38.34 38.39 38.44 38.47 38.5 38.54 38.55 38.55
38.49 38.5 38.5 38.51 38.51 38.52 38.52 38.53 38.53 38.54 38.54 38.55 38.55 38.56 38.56 38.57 38.57 38.58 38.58 38.59 38.59 38.59 38.6 38.6 38.61 38.6 38.6 38.6 38.59 38.59 38.59 38.58 38.58 38.57 38.57 38.56 38.59 38.62 38.65 38.69 38.74 38.76 38.77 38.76 38.74 38.73 38.71 38.69 38.67 38.66 38.65 38.63 38.61 38.6 38.59 38.57 38.55 38.54 38.51 38.48 38.46 38.43 38.4 38.37 38.35 38.32 38.29 38.31 38.33 38.36 38.4 38.45 38.48 38.51 38.55 38.55 38.55
38.49 38.49 38.5 38.5 38.51 38.51 38.52 38.52 38.53 38.53 38.54 38.54 38.55 38.55 38.56 38.56 38.57 38.57 38.58 38.58 38.59 38.59 38.6 38.6 38.61 38.61 38.6 38.6 38.59 38.59 38.59 38.58 38.58 38.57 38.57 38.56 38.59 38.61 38.64 38.69 38.73 38.76 38.76 38.75 38.73 38.72 38.7 38.68 38.66 38.66 38.64 38.62 38.61 38.59 38.58 38.56 38.55 38.53 38.5 38.47 38.45 38.42 38.39 38.35 38.34 38.31 38.29 38.31 38.34 38.37 38.42 38.47 38.49 38.53 38.55 38.55 38.55
38.48 38.49 38.49 38.5 38.5 38.51 38.51 38.52 38.52 38.53 38.53 38.54 38.54 38.55 38.55 38.56 38.56 38.57 38.57 38.58 38.58 38.59 38.59 38.6 38.6 38.61 38.6 38.6 38.59 38.59 38.59 38.58 38.58 38.57 38.57 38.57 38.58 38.6 38.63 38.68 38.73 38.75 38.76 38.74 38.72 38.71 38.69 38.67 38.66 38.65 38.63 38.61 38.6 38.59 38.57 38.55 38.54 38.52 38.49 38.46 38.43 38.41 38.38 38.34 38.32 38.29 38.29 38.33 38.35 38.39 38.43 38.47 38.5 38.54 38.55 38.55 38.55
38.48 38.48 38.49 38.49 38.5 38.5 38.51 38.51 38.52 38.52 38.53 38.53 38.54 38.55 38.55 38.55 38.56 38.57 38.57 38.57 38.58 38.58 38.59 38.59 38.6 38.6 38.6 38.6 38.6 38.59 38.59 38.58 38.58 38.57 38.57 38.57 38.58 38.6 38.63 38.67 38.72 38.75 38.75 38.73 38.72 38.7 38.69 38.67 38.66 38.64 38.63 38.61 38.59 38.58 38.56 38.54 38.53 38.5 38.48 38.45 38.42 38.39 38.36 38.33 38.31 38.28 38.3 38.33 38.36 38.4 38.45 38.48 38.51 38.55 38.55 38.55 38.55
38.48 38.48 38.49 38.49 38.49 38.5 38.5 38.51 38.51 38.52 38.52 38.53 38.53 38.54 38.54 38.55 38.56 38.56 38.56 38.57 38.58 38.58 38.58 38.59 38.6 38.6 38.6 38.6 38.6 38.59 38.59 38.58 38.58 38.58 38.57 38.57 38.58 38.59 38.62 38.67 38.72 38.74 38.74 38.72 38.71 38.7 38.68 38.66 38.65 38.63 38.62 38.6 38.59 38.57 38.56 38.53 38.52 38.49 38.46 38.43 38.41 38.38 38.35 38.32 38.3 38.28 38.31 38.34 38.37 38.41 38.46 38.5 38.53 38.55 38.55 38.55 38.55
38.47 38.48 38.48 38.49 38.49 38.5 38.5 38.51 38.51 38.52 38.52 38.53 38.53 38.54 38.54 38.54 38.55 38.55 38.56 38.56 38.57 38.58 38.58 38.59 38.59 38.59 38.59 38.6 38.6 38.59 38.59 38.58 38.58 38.58 38.57 38.57 38.57 38.58 38.62 38.67 38.71 38.73 38.73 38.71 38.7 38.69 38.67 38.65 38.64 38.63 38.61 38.59 38.58 38.56 38.55 38.52 38.5 38.48 38.45 38.42 38.4 38.37 38.34 38.31 38.29 38.29 38.32 38.36 38.39 38.43 38.48 38.52 38.55 38.55 38.55 38.55 38.54
38.47 38.48 38.48 38.48 38.49 38.5 38.5 38.5 38.51 38.52 38.52 38.52 38.53 38.53 38.54 38.54 38.55 38.55 38.56 38.56 38.57 38.57 38.58 38.58 38.58 38.59 38.59 38.6 38.6 38.59 38.59 38.59 38.58 38.58 38.57 38.57 38.56 38.58 38.61 38.66 38.71 38.73 38.73 38.71 38.7 38.68 38.67 38.65 38.63 38.62 38.6 38.58 38.57 38.56 38.54 38.51 38.49 38.47 38.44 38.41 38.39 38.36 38.32 38.3 38.28 38.3 38.35 38.38 38.41 38.46 38.5 38.54 38.56 38.55 38.55 38.55 38.54
38.46 38.47 38.47 38.48 38.48 38.49 38.49 38.5 38.51 38.51 38.52 38.52 38.52 38.53 38.53 38.54 38.54 38.55 38.55 38.56 38.56 38.57 38.57 38.58 38.58 38.59 38.59 38.6 38.6 38.59 38.59 38.59 38.58 38.58 38.57 38.57 38.56 38.57 38.61 38.65 38.7 38.72 38.72 38.7 38.69 38.67 38.66 38.64 38.63 38.61 38.6 38.58 38.57 38.55 38.53 38.5 38.49 38.46 38.42 38.4 38.37 38.34 38.3 38.28 38.28 38.32 38.37 38.4 38.43 38.48 38.52 38.55 38.56 38.55 38.55 38.55 38.54
