slabs/38.grd
DSAA
631 301
643890 644520
4948100 4948400
31.69 46.88
[rows 0 to 33 of 301, columns 156 to 233 of 631]
38.47 38.46 38.47 38.46 38.47 38.49 38.49 38.49 38.48 38.49 38.49 38.47 38.45 38.46 38.45 38.45 38.45 38.45 38.46 38.49 38.48 38.48 38.47 38.46 38.47 38.48 38.47 38.48 38.5 38.49 38.5 38.5 38.47 38.46 38.48 38.5 38.49 38.49 38.46 38.44 38.47 38.48 38.47 38.46 38.45 38.45 38.44 38.44 38.44 38.46 38.48 38.48 38.47 38.47 38.46 38.48 38.47 38.4 38.38 38.45 38.46 38.45 38.46 38.45 38.44 38.39 38.32 38.3 38.32 38.34 38.36 38.38 38.37 38.41 38.45 38.41 38.41 38.43
38.45 38.45 38.46 38.47 38.48 38.47 38.47 38.47 38.48 38.5 38.49 38.46 38.45 38.44 38.39 38.38 38.44 38.44 38.47 38.5 38.49 38.47 38.46 38.46 38.47 38.47 38.46 38.47 38.48 38.49 38.52 38.5 38.48 38.47 38.49 38.52 38.51 38.49 38.43 38.42 38.48 38.48 38.45 38.42 38.39 38.4 38.42 38.43 38.44 38.45 38.44 38.41 38.43 38.44 38.44 38.46 38.45 38.36 38.34 38.43 38.46 38.46 38.43 38.4 38.39 38.37 38.32 38.29 38.31 38.32 38.35 38.41 38.41 38.44 38.46 38.42 38.41 38.44
38.44 38.44 38.46 38.47 38.47 38.46 38.45 38.46 38.47 38.5 38.49 38.46 38.43 38.39 38.34 38.37 38.46 38.46 38.48 38.5 38.47 38.44 38.44 38.46 38.46 38.46 38.46 38.44 38.41 38.44 38.49 38.49 38.48 38.47 38.49 38.51 38.52 38.51 38.51 38.5 38.48 38.47 38.45 38.43 38.4 38.41 38.43 38.44 38.45 38.46 38.43 38.38 38.39 38.39 38.38 38.43 38.44 38.4 38.39 38.44 38.48 38.46 38.41 38.4 38.39 38.38 38.38 38.38 38.4 38.4 38.41 38.46 38.45 38.45 38.46 38.43 38.4 38.44
38.45 38.44 38.45 38.47 38.47 38.46 38.46 38.45 38.45 38.48 38.47 38.45 38.44 38.41 38.39 38.42 38.48 38.47 38.48 38.49 38.47 38.45 38.45 38.45 38.45 38.44 38.46 38.45 38.39 38.41 38.45 38.45 38.45 38.44 38.45 38.47 38.48 38.48 38.5 38.5 38.49 38.48 38.48 38.47 38.46 38.45 38.44 38.44 38.45 38.46 38.44 38.43 38.39 38.29 38.29 38.4 38.43 38.44 38.44 38.45 38.44 38.38 38.38 38.44 38.42 38.39 38.4 38.43 38.46 38.5 38.48 38.46 38.42 38.41 38.43 38.44 38.45 38.45
38.46 38.46 38.46 38.47 38.47 38.47 38.47 38.47 38.45 38.46 38.46 38.46 38.46 38.46 38.45 38.46 38.47 38.47 38.46 38.47 38.5 38.5 38.47 38.44 38.43 38.42 38.44 38.45 38.45 38.45 38.45 38.41 38.42 38.41 38.42 38.44 38.45 38.46 38.47 38.48 38.48 38.48 38.48 38.49 38.48 38.48 38.48 38.46 38.47 38.47 38.44 38.44 38.38 38.26 38.3 38.43 38.45 38.45 38.43 38.39 38.36 38.33 38.39 38.46 38.45 38.4 38.37 38.39 38.41 38.46 38.47 38.43 38.36 38.36 38.4 38.42 38.45 38.46
38.46 38.46 38.47 38.46 38.45 38.47 38.47 38.49 38.48 38.48 38.47 38.47 38.46 38.46 38.45 38.44 38.45 38.46 38.46 38.46 38.48 38.48 38.46 38.46 38.45 38.44 38.44 38.44 38.46 38.47 38.45 38.43 38.45 38.45 38.42 38.4 38.41 38.44 38.44 38.43 38.44 38.44 38.45 38.48 38.48 38.48 38.5 38.49 38.47 38.44 38.4 38.38 38.31 38.28 38.38 38.44 38.44 38.45 38.42 38.37 38.37 38.4 38.44 38.44 38.43 38.43 38.42 38.39 38.38 38.42 38.45 38.42 38.35 38.36 38.42 38.41 38.42 38.47
38.44 38.44 38.45 38.45 38.45 38.47 38.47 38.49 38.5 38.49 38.47 38.46 38.45 38.45 38.44 38.42 38.43 38.45 38.46 38.44 38.43 38.44 38.46 38.46 38.45 38.44 38.44 38.44 38.43 38.45 38.47 38.47 38.47 38.46 38.42 38.38 38.39 38.41 38.39 38.37 38.39 38.39 38.43 38.47 38.47 38.45 38.45 38.46 38.42 38.33 38.25 38.2 38.13 38.17 38.27 38.2 38.25 38.38 38.43 38.43 38.43 38.42 38.4 38.39 38.38 38.41 38.46 38.43 38.38 38.39 38.42 38.43 38.42 38.43 38.46 38.45 38.44 38.47
38.46 38.46 38.45 38.46 38.47 38.49 38.48 38.46 38.46 38.47 38.47 38.45 38.45 38.44 38.42 38.42 38.45 38.45 38.45 38.46 38.47 38.48 38.46 38.43 38.43 38.43 38.45 38.44 38.42 38.45 38.48 38.46 38.43 38.43 38.42 38.37 38.38 38.44 38.44 38.41 38.4 38.42 38.46 38.49 38.47 38.4 38.36 38.36 38.32 38.21 38.1 38.03 37.99 38.02 38.03 37.94 38.01 38.23 38.38 38.41 38.41 38.4 38.4 38.41 38.38 38.4 38.45 38.44 38.39 38.38 38.4 38.42 38.45 38.47 38.48 38.46 38.46 38.48
38.49 38.49 38.47 38.46 38.47 38.49 38.48 38.46 38.44 38.46 38.44 38.43 38.46 38.48 38.47 38.44 38.44 38.44 38.44 38.46 38.48 38.49 38.47 38.43 38.42 38.45 38.46 38.45 38.44 38.46 38.47 38.42 38.36 38.39 38.42 38.4 38.41 38.49 38.51 38.48 38.46 38.47 38.5 38.49 38.43 38.31 38.25 38.24 38.22 38.17 38.12 38.09 38.06 38 37.99 38.01 38.02 38.11 38.25 38.3 38.34 38.39 38.43 38.43 38.41 38.42 38.46 38.46 38.42 38.4 38.42 38.44 38.48 38.48 38.47 38.45 38.45 38.46
38.49 38.48 38.45 38.41 38.43 38.47 38.47 38.46 38.45 38.45 38.4 38.37 38.44 38.47 38.46 38.44 38.44 38.43 38.43 38.46 38.47 38.48 38.49 38.47 38.46 38.46 38.47 38.46 38.46 38.46 38.45 38.41 38.36 38.4 38.45 38.45 38.46 38.49 38.5 38.48 38.48 38.49 38.49 38.45 38.37 38.25 38.2 38.18 38.16 38.15 38.14 38.14 38.13 38.1 38.08 38.1 38.09 38.06 38.1 38.14 38.23 38.34 38.42 38.39 38.37 38.43 38.48 38.48 38.46 38.45 38.46 38.47 38.48 38.47 38.45 38.45 38.44 38.44
38.47 38.48 38.42 38.35 38.39 38.47 38.47 38.45 38.44 38.45 38.42 38.39 38.42 38.44 38.43 38.43 38.47 38.47 38.44 38.44 38.44 38.46 38.49 38.5 38.5 38.46 38.41 38.4 38.43 38.46 38.45 38.43 38.42 38.46 38.48 38.48 38.47 38.47 38.48 38.49 38.48 38.48 38.46 38.41 38.32 38.24 38.22 38.2 38.18 38.17 38.17 38.17 38.17 38.19 38.2 38.2 38.16 38.09 38.08 38.1 38.16 38.29 38.4 38.38 38.37 38.44 38.48 38.47 38.47 38.47 38.45 38.46 38.46 38.45 38.45 38.45 38.44 38.43
38.43 38.45 38.41 38.36 38.39 38.45 38.48 38.47 38.45 38.46 38.46 38.42 38.38 38.41 38.42 38.42 38.47 38.47 38.43 38.38 38.37 38.4 38.45 38.49 38.49 38.44 38.32 38.24 38.32 38.45 38.46 38.44 38.45 38.48 38.48 38.48 38.46 38.44 38.46 38.48 38.47 38.45 38.4 38.33 38.24 38.17 38.2 38.2 38.2 38.18 38.17 38.17 38.19 38.26 38.3 38.28 38.21 38.14 38.12 38.13 38.18 38.31 38.42 38.41 38.42 38.45 38.42 38.43 38.46 38.46 38.45 38.45 38.46 38.46 38.45 38.44 38.43 38.41
38.41 38.41 38.41 38.43 38.43 38.45 38.47 38.46 38.46 38.46 38.46 38.41 38.34 38.38 38.43 38.43 38.44 38.43 38.36 38.32 38.35 38.39 38.45 38.47 38.47 38.43 38.34 38.22 38.28 38.42 38.45 38.46 38.43 38.42 38.44 38.44 38.39 38.35 38.41 38.45 38.43 38.36 38.3 38.27 38.17 38.1 38.15 38.17 38.17 38.14 38.13 38.15 38.22 38.3 38.35 38.31 38.24 38.19 38.17 38.16 38.23 38.37 38.42 38.44 38.46 38.42 38.29 38.32 38.45 38.48 38.48 38.47 38.47 38.47 38.46 38.45 38.45 38.43
38.45 38.43 38.43 38.47 38.46 38.47 38.46 38.44 38.43 38.44 38.46 38.44 38.4 38.42 38.46 38.45 38.44 38.42 38.36 38.36 38.4 38.45 38.49 38.46 38.46 38.45 38.43 38.42 38.42 38.42 38.44 38.47 38.38 38.31 38.35 38.36 38.3 38.27 38.37 38.44 38.39 38.26 38.2 38.22 38.17 38.11 38.12 38.13 38.13 38.1 38.08 38.13 38.26 38.34 38.36 38.31 38.23 38.2 38.17 38.18 38.29 38.4 38.39 38.41 38.46 38.42 38.29 38.29 38.45 38.49 38.48 38.47 38.46 38.48 38.48 38.48 38.48 38.49
38.47 38.46 38.46 38.46 38.44 38.45 38.46 38.44 38.41 38.41 38.43 38.46 38.47 38.47 38.47 38.47 38.47 38.45 38.44 38.43 38.43 38.46 38.49 38.46 38.47 38.47 38.45 38.48 38.48 38.44 38.45 38.48 38.39 38.27 38.27 38.31 38.3 38.33 38.39 38.42 38.38 38.25 38.16 38.18 38.18 38.12 38.09 38.09 38.1 38.08 38.05 38.12 38.3 38.4 38.4 38.31 38.23 38.21 38.19 38.22 38.35 38.46 38.41 38.4 38.45 38.48 38.43 38.4 38.44 38.45 38.46 38.47 38.47 38.47 38.47 38.46 38.48 38.49
38.44 38.45 38.47 38.43 38.37 38.4 38.46 38.46 38.44 38.41 38.41 38.45 38.46 38.46 38.46 38.47 38.47 38.47 38.46 38.47 38.47 38.48 38.48 38.46 38.44 38.43 38.45 38.45 38.45 38.44 38.46 38.5 38.44 38.36 38.33 38.34 38.38 38.44 38.43 38.39 38.37 38.27 38.18 38.19 38.2 38.14 38.06 38.06 38.09 38.09 38.06 38.14 38.33 38.43 38.42 38.35 38.28 38.28 38.28 38.31 38.4 38.49 38.45 38.38 38.43 38.48 38.47 38.44 38.42 38.43 38.44 38.45 38.45 38.45 38.44 38.44 38.45 38.47
38.44 38.44 38.45 38.38 38.29 38.36 38.46 38.48 38.5 38.47 38.44 38.45 38.47 38.47 38.46 38.46 38.47 38.46 38.46 38.47 38.49 38.49 38.45 38.42 38.37 38.35 38.4 38.43 38.46 38.48 38.49 38.5 38.48 38.45 38.43 38.41 38.43 38.46 38.38 38.3 38.31 38.27 38.23 38.24 38.28 38.22 38.09 38.1 38.15 38.15 38.12 38.2 38.36 38.39 38.34 38.35 38.38 38.4 38.41 38.4 38.39 38.42 38.39 38.34 38.4 38.45 38.46 38.45 38.45 38.47 38.45 38.43 38.44 38.46 38.45 38.45 38.44 38.44
38.46 38.46 38.43 38.33 38.23 38.34 38.48 38.5 38.51 38.47 38.44 38.45 38.47 38.46 38.43 38.42 38.44 38.46 38.45 38.44 38.44 38.46 38.44 38.41 38.37 38.34 38.36 38.41 38.45 38.48 38.46 38.44 38.46 38.48 38.46 38.43 38.4 38.39 38.31 38.23 38.24 38.29 38.35 38.37 38.41 38.32 38.17 38.18 38.21 38.21 38.21 38.29 38.41 38.39 38.3 38.34 38.45 38.46 38.46 38.42 38.34 38.34 38.38 38.41 38.4 38.42 38.43 38.44 38.48 38.5 38.47 38.41 38.41 38.45 38.45 38.45 38.44 38.43
38.42 38.44 38.43 38.33 38.24 38.35 38.48 38.49 38.49 38.47 38.46 38.45 38.45 38.45 38.4 38.37 38.4 38.45 38.43 38.41 38.41 38.44 38.44 38.42 38.42 38.39 38.36 38.39 38.45 38.45 38.39 38.35 38.39 38.46 38.45 38.43 38.38 38.32 38.26 38.21 38.22 38.32 38.45 38.49 38.48 38.37 38.23 38.2 38.19 38.26 38.35 38.41 38.45 38.44 38.38 38.37 38.43 38.37 38.4 38.42 38.3 38.27 38.35 38.43 38.43 38.43 38.43 38.44 38.47 38.49 38.44 38.36 38.35 38.4 38.44 38.45 38.45 38.45
38.43 38.44 38.42 38.35 38.3 38.37 38.45 38.44 38.44 38.44 38.45 38.45 38.46 38.47 38.42 38.37 38.37 38.39 38.42 38.4 38.4 38.43 38.45 38.42 38.44 38.41 38.34 38.39 38.45 38.43 38.4 38.38 38.37 38.36 38.38 38.41 38.38 38.28 38.21 38.19 38.2 38.29 38.4 38.45 38.48 38.39 38.26 38.18 38.13 38.24 38.38 38.44 38.45 38.43 38.41 38.42 38.4 38.32 38.37 38.41 38.32 38.29 38.34 38.4 38.41 38.4 38.42 38.46 38.47 38.46 38.39 38.31 38.32 38.37 38.43 38.47 38.47 38.48
38.43 38.42 38.38 38.27 38.25 38.32 38.41 38.42 38.4 38.4 38.41 38.41 38.44 38.48 38.44 38.41 38.34 38.32 38.37 38.34 38.33 38.4 38.46 38.43 38.45 38.4 38.33 38.39 38.43 38.4 38.43 38.46 38.41 38.33 38.34 38.36 38.34 38.27 38.2 38.18 38.17 38.22 38.31 38.37 38.42 38.37 38.27 38.17 38.09 38.12 38.19 38.34 38.42 38.39 38.38 38.38 38.38 38.37 38.41 38.42 38.37 38.37 38.38 38.4 38.4 38.39 38.41 38.42 38.41 38.39 38.37 38.36 38.38 38.41 38.45 38.47 38.48 38.48
38.39 38.36 38.35 38.25 38.22 38.29 38.4 38.43 38.41 38.4 38.39 38.37 38.4 38.45 38.44 38.41 38.36 38.34 38.34 38.28 38.31 38.41 38.46 38.45 38.45 38.41 38.38 38.42 38.39 38.31 38.37 38.45 38.46 38.41 38.38 38.35 38.33 38.31 38.27 38.26 38.22 38.26 38.34 38.36 38.32 38.25 38.24 38.16 38.05 38.04 38.13 38.31 38.39 38.34 38.29 38.25 38.32 38.42 38.44 38.42 38.42 38.46 38.46 38.44 38.42 38.4 38.39 38.35 38.33 38.34 38.37 38.42 38.46 38.47 38.47 38.46 38.45 38.46
38.35 38.32 38.36 38.35 38.32 38.34 38.4 38.39 38.4 38.43 38.39 38.3 38.29 38.32 38.35 38.37 38.38 38.4 38.38 38.34 38.39 38.45 38.43 38.44 38.45 38.44 38.45 38.46 38.41 38.31 38.3 38.39 38.46 38.36 38.27 38.28 38.34 38.37 38.37 38.38 38.35 38.38 38.45 38.39 38.25 38.16 38.17 38.13 38.03 38.02 38.15 38.35 38.31 38.18 38.15 38.17 38.32 38.45 38.47 38.46 38.47 38.5 38.5 38.45 38.4 38.37 38.37 38.38 38.36 38.37 38.35 38.41 38.47 38.49 38.47 38.44 38.43 38.46
38.27 38.3 38.4 38.43 38.4 38.39 38.4 38.36 38.38 38.42 38.33 38.16 38.09 38.11 38.18 38.26 38.32 38.38 38.41 38.43 38.48 38.48 38.43 38.44 38.47 38.47 38.47 38.48 38.48 38.43 38.35 38.38 38.39 38.28 38.21 38.24 38.33 38.39 38.42 38.45 38.44 38.46 38.47 38.39 38.23 38.15 38.15 38.11 38.07 38.09 38.2 38.32 38.2 38.04 38.03 38.16 38.36 38.47 38.47 38.47 38.48 38.49 38.48 38.42 38.37 38.37 38.4 38.44 38.42 38.4 38.35 38.37 38.46 38.49 38.48 38.44 38.44 38.48
38.29 38.35 38.41 38.4 38.4 38.42 38.42 38.39 38.36 38.29 38.15 38.03 37.99 38 38.06 38.15 38.24 38.35 38.41 38.44 38.49 38.5 38.47 38.48 38.5 38.5 38.49 38.49 38.49 38.46 38.43 38.4 38.33 38.27 38.25 38.27 38.33 38.37 38.41 38.45 38.44 38.44 38.44 38.36 38.23 38.17 38.16 38.14 38.15 38.2 38.24 38.25 38.15 38.05 38.06 38.2 38.37 38.45 38.46 38.45 38.46 38.46 38.45 38.43 38.43 38.45 38.46 38.41 38.35 38.36 38.39 38.42 38.47 38.47 38.44 38.4 38.36 38.43
38.31 38.35 38.31 38.25 38.29 38.39 38.43 38.41 38.32 38.14 38.01 38.02 38.05 38.08 38.12 38.16 38.25 38.37 38.42 38.43 38.43 38.41 38.39 38.38 38.38 38.44 38.5 38.5 38.49 38.45 38.42 38.35 38.26 38.24 38.25 38.29 38.34 38.36 38.4 38.44 38.4 38.37 38.38 38.35 38.28 38.26 38.26 38.25 38.24 38.25 38.25 38.22 38.21 38.22 38.22 38.25 38.32 38.39 38.45 38.44 38.45 38.45 38.42 38.44 38.48 38.47 38.44 38.38 38.29 38.33 38.44 38.46 38.43 38.41 38.39 38.34 38.28 38.35
38.22 38.28 38.21 38.11 38.14 38.27 38.38 38.37 38.27 38.1 38.01 38.05 38.13 38.2 38.27 38.3 38.33 38.4 38.41 38.38 38.32 38.27 38.23 38.21 38.2 38.29 38.39 38.45 38.49 38.46 38.42 38.31 38.2 38.21 38.25 38.33 38.37 38.37 38.4 38.41 38.33 38.28 38.32 38.38 38.37 38.37 38.38 38.32 38.22 38.19 38.18 38.18 38.24 38.29 38.26 38.21 38.23 38.33 38.4 38.38 38.38 38.37 38.33 38.38 38.46 38.4 38.36 38.38 38.3 38.36 38.45 38.42 38.38 38.39 38.44 38.42 38.37 38.4
38.2 38.28 38.24 38.14 38.09 38.11 38.21 38.24 38.19 38.06 38.01 38.07 38.17 38.29 38.41 38.44 38.43 38.43 38.43 38.4 38.35 38.29 38.24 38.22 38.22 38.24 38.28 38.36 38.46 38.47 38.44 38.3 38.17 38.2 38.27 38.38 38.41 38.38 38.37 38.31 38.24 38.23 38.31 38.41 38.44 38.45 38.4 38.25 38.12 38.09 38.09 38.14 38.25 38.27 38.21 38.17 38.19 38.25 38.31 38.31 38.29 38.29 38.31 38.34 38.35 38.29 38.3 38.39 38.38 38.41 38.44 38.43 38.43 38.44 38.46 38.45 38.44 38.45
38.26 38.3 38.32 38.3 38.21 38.09 38.08 38.09 38.08 38.03 37.99 38.06 38.18 38.33 38.45 38.45 38.4 38.39 38.43 38.44 38.44 38.4 38.36 38.34 38.32 38.26 38.22 38.29 38.41 38.47 38.46 38.34 38.23 38.25 38.3 38.38 38.39 38.33 38.25 38.15 38.15 38.21 38.32 38.44 38.48 38.48 38.37 38.17 38.08 38.05 38.04 38.16 38.34 38.37 38.3 38.24 38.24 38.25 38.27 38.3 38.32 38.35 38.39 38.32 38.23 38.23 38.31 38.42 38.44 38.44 38.45 38.45 38.46 38.47 38.46 38.43 38.42 38.45
38.34 38.34 38.36 38.41 38.39 38.25 38.13 38.07 38.01 38 38 38.05 38.17 38.32 38.41 38.39 38.32 38.3 38.36 38.42 38.46 38.43 38.42 38.41 38.36 38.26 38.18 38.22 38.38 38.47 38.47 38.41 38.36 38.36 38.36 38.38 38.32 38.19 38.08 37.99 38.05 38.14 38.26 38.4 38.44 38.4 38.3 38.16 38.12 38.09 38.05 38.2 38.4 38.43 38.38 38.32 38.31 38.27 38.24 38.29 38.33 38.36 38.38 38.32 38.25 38.27 38.36 38.43 38.46 38.46 38.46 38.47 38.48 38.49 38.46 38.44 38.43 38.44
38.4 38.42 38.42 38.44 38.43 38.29 38.15 38.06 38 38.04 38.07 38.1 38.2 38.32 38.38 38.36 38.34 38.33 38.31 38.36 38.43 38.43 38.43 38.41 38.32 38.23 38.16 38.2 38.37 38.46 38.47 38.45 38.44 38.44 38.43 38.39 38.2 37.99 37.93 37.92 37.97 38.05 38.15 38.29 38.33 38.29 38.23 38.18 38.18 38.15 38.11 38.24 38.41 38.44 38.41 38.4 38.4 38.33 38.24 38.26 38.28 38.29 38.26 38.21 38.21 38.25 38.35 38.42 38.45 38.45 38.45 38.47 38.48 38.48 38.46 38.45 38.45 38.44
38.37 38.43 38.45 38.45 38.43 38.26 38.06 38.01 38.03 38.1 38.14 38.19 38.28 38.36 38.4 38.4 38.4 38.36 38.29 38.31 38.4 38.47 38.47 38.43 38.32 38.24 38.19 38.23 38.37 38.45 38.45 38.42 38.43 38.45 38.47 38.39 38.08 37.85 37.85 37.88 37.92 37.96 38.04 38.15 38.18 38.17 38.12 38.13 38.19 38.19 38.17 38.23 38.34 38.38 38.39 38.39 38.42 38.39 38.3 38.23 38.22 38.2 38.11 38.02 38.06 38.18 38.35 38.41 38.42 38.42 38.44 38.45 38.43 38.42 38.43 38.42 38.43 38.45
38.26 38.37 38.43 38.42 38.39 38.2 37.94 37.95 38.06 38.13 38.18 38.25 38.35 38.4 38.42 38.41 38.37 38.3 38.26 38.28 38.38 38.5 38.52 38.49 38.41 38.34 38.28 38.25 38.33 38.4 38.39 38.36 38.4 38.44 38.46 38.35 38.04 37.82 37.83 37.86 37.88 37.91 37.96 38 38 37.99 37.98 38.05 38.15 38.2 38.22 38.23 38.27 38.31 38.32 38.33 38.38 38.4 38.33 38.22 38.19 38.16 38.04 37.91 37.95 38.16 38.36 38.43 38.41 38.39 38.42 38.43 38.35 38.32 38.42 38.42 38.44 38.47
38.2 38.3 38.4 38.37 38.29 38.09 37.88 37.94 38.06 38.12 38.16 38.24 38.33 38.35 38.33 38.31 38.26 38.2 38.19 38.25 38.38 38.48 38.5 38.49 38.47 38.46 38.37 38.24 38.25 38.27 38.26 38.28 38.36 38.4 38.4 38.29 38.03 37.85 37.83 37.87 37.88 37.9 37.92 37.92 37.91 37.89 37.9 38.02 38.13 38.2 38.27 38.26 38.23 38.26 38.28 38.29 38.33 38.35 38.32 38.24 38.19 38.16 38.09 38.01 38.02 38.16 38.34 38.42 38.42 38.4 38.4 38.44 38.37 38.35 38.42 38.42 38.44 38.49
