slabs/38.grd
DSAA
631 301
643890 644520
4948100 4948400
31.69 46.88
[rows 0 to 33 of 301, columns 546 to 623 of 631]
38.31 38.31 38.3 38.3 38.3 38.29 38.29 38.29 38.29 38.28 38.28 38.28 38.27 38.27 38.27 38.26 38.26 38.25 38.25 38.25 38.24 38.24 38.24 38.24 38.23 38.22 38.22 38.22 38.22 38.21 38.21 38.21 38.2 38.2 38.2 38.19 38.19 38.18 38.18 38.18 38.17 38.17 38.17 38.16 38.16 38.16 38.15 38.15 38.14 38.14 38.14 38.13 38.13 38.13 38.13 38.12 38.12 38.12 38.11 38.11 38.11 38.1 38.1 38.09 38.09 38.09 38.09 38.08 38.08 38.09 38.11 38.15 38.17 38.19 38.22 38.24 38.26 38.29
38.31 38.31 38.3 38.3 38.3 38.29 38.29 38.29 38.29 38.28 38.28 38.28 38.27 38.26 38.26 38.26 38.26 38.25 38.25 38.25 38.24 38.24 38.24 38.23 38.23 38.22 38.22 38.22 38.21 38.21 38.21 38.2 38.2 38.2 38.19 38.19 38.18 38.18 38.18 38.17 38.17 38.17 38.17 38.16 38.16 38.16 38.15 38.15 38.14 38.14 38.14 38.13 38.13 38.13 38.13 38.12 38.12 38.12 38.11 38.1 38.1 38.1 38.09 38.09 38.09 38.09 38.08 38.08 38.08 38.09 38.12 38.15 38.17 38.19 38.22 38.24 38.26 38.29
38.31 38.3 38.3 38.3 38.3 38.29 38.29 38.29 38.28 38.28 38.28 38.27 38.27 38.26 38.26 38.26 38.25 38.25 38.25 38.25 38.24 38.24 38.24 38.23 38.23 38.22 38.22 38.22 38.21 38.21 38.21 38.2 38.2 38.2 38.19 38.19 38.18 38.18 38.18 38.17 38.17 38.17 38.16 38.16 38.16 38.16 38.15 38.15 38.15 38.14 38.14 38.13 38.13 38.13 38.12 38.12 38.12 38.11 38.11 38.1 38.1 38.1 38.09 38.09 38.09 38.09 38.08 38.08 38.08 38.1 38.12 38.15 38.17 38.19 38.22 38.25 38.27 38.29
1.70141e38 1.70141e38 1.70141e38 1.70141e38 1.70141e38 1.70141e38 1.70141e38 1.70141e38 1.70141e38 1.70141e38 1.70141e38 1.70141e38 1.70141e38 1.70141e38 1.70141e38 38.26 38.25 38.25 38.25 38.24 38.24 38.24 38.23 38.23 38.22 38.22 38.22 38.21 38.21 38.21 38.2 38.2 38.2 38.19 38.19 38.19 38.18 38.18 38.18 38.17 38.17 38.17 38.16 38.16 38.15 38.15 38.15 38.14 38.14 38.14 38.13 38.13 38.13 38.13 38.12 38.12 38.12 38.11 38.11 38.1 38.1 38.1 38.09 38.09 38.09 38.08 38.08 38.08 38.08 38.1 38.12 38.15 38.17 38.19 38.22 38.25 38.27 38.29
38.31 38.3 38.3 38.3 38.29 38.29 1.70141e38 1.70141e38 1.70141e38 1.70141e38 1.70141e38 1.70141e38 1.70141e38 1.70141e38 1.70141e38 1.70141e38 1.70141e38 1.70141e38 1.70141e38 1.70141e38 1.70141e38 1.70141e38 1.70141e38 1.70141e38 1.70141e38 1.70141e38 1.70141e38 1.70141e38 1.70141e38 1.70141e38 1.70141e38 1.70141e38 1.70141e38 1.70141e38 1.70141e38 1.70141e38 1.70141e38 1.70141e38 1.70141e38 1.70141e38 1.70141e38 1.70141e38 1.70141e38 1.70141e38 1.70141e38 1.70141e38 1.70141e38 1.70141e38 1.70141e38 1.70141e38 1.70141e38 1.70141e38 1.70141e38 1.70141e38 1.70141e38 1.70141e38 1.70141e38 1.70141e38 1.70141e38 38.1 38.1 38.1 38.09 38.09 38.08 38.08 38.08 38.07 38.08 38.09 38.12 38.15 38.17 38.19 38.22 38.25 38.27 38.29
38.31 38.3 38.3 38.3 38.29 38.29 38.29 38.28 38.28 38.27 38.27 38.27 38.26 38.26 38.26 38.26 38.25 38.25 38.24 38.24 38.24 38.23 38.23 38.23 38.22 38.22 38.22 38.21 38.21 38.21 38.2 38.2 38.19 38.19 38.19 38.18 38.18 38.18 38.17 38.17 38.17 38.17 38.16 38.16 38.15 38.15 38.15 38.14 38.14 38.14 38.13 1.70141e38 1.70141e38 1.70141e38 1.70141e38 1.70141e38 1.70141e38 1.70141e38 1.70141e38 1.70141e38 1.70141e38 1.70141e38 1.70141e38 1.70141e38 1.70141e38 1.70141e38 1.70141e38 1.70141e38 1.70141e38 1.70141e38 1.70141e38 1.70141e38 1.70141e38 1.70141e38 1.70141e38 1.70141e38 1.70141e38 1.70141e38
38.31 38.3 38.3 38.3 38.29 38.28 38.28 38.28 38.27 38.27 38.27 38.27 38.26 38.26 38.26 38.25 38.25 38.24 38.24 38.24 38.23 38.23 38.23 38.22 38.22 38.22 38.22 38.21 38.21 38.2 38.2 38.2 38.19 38.19 38.19 38.18 38.18 38.18 38.17 38.17 38.17 38.16 38.16 38.15 38.15 38.15 38.15 38.14 38.14 38.14 38.13 38.12 38.12 38.12 38.12 38.11 38.11 38.11 38.1 38.1 38.1 38.09 38.09 38.08 38.08 38.08 38.07 38.07 38.07 38.09 38.12 38.14 38.17 38.2 38.23 38.25 38.27 38.3
38.3 38.3 38.3 38.29 38.29 38.28 38.28 38.28 38.27 38.27 38.27 38.26 38.26 38.26 38.26 38.25 38.25 38.24 38.24 38.24 38.23 38.23 38.23 38.22 38.22 38.22 38.22 38.21 38.2 38.2 38.2 38.19 38.19 38.19 38.19 38.18 38.18 38.18 38.17 38.17 38.16 38.16 38.16 38.15 38.15 38.15 38.14 38.14 38.14 38.13 38.13 38.12 38.12 38.12 38.11 38.11 38.11 38.1 38.1 38.1 38.1 38.09 38.09 38.08 38.08 38.08 38.07 38.07 38.07 38.1 38.13 38.15 38.17 38.2 38.23 38.25 38.27 38.3
38.3 38.3 38.29 38.29 38.29 38.28 38.28 38.28 38.27 38.27 38.27 38.26 38.26 38.26 38.26 38.25 38.24 38.24 38.24 38.23 38.23 38.23 38.23 38.22 38.22 38.22 38.21 38.21 38.2 38.2 38.2 38.19 38.19 38.19 38.18 38.18 38.18 38.18 38.17 38.16 38.16 38.16 38.16 38.15 38.15 38.15 38.14 38.14 38.13 38.13 38.13 38.12 38.12 38.12 38.11 38.11 38.11 38.1 38.1 38.1 38.1 38.09 38.09 38.08 38.08 38.07 38.07 38.07 38.08 38.1 38.13 38.15 38.17 38.2 38.23 38.25 38.27 38.3
38.3 38.3 38.29 38.29 38.29 38.28 38.28 38.27 38.27 38.27 38.27 38.26 38.26 38.26 38.25 38.25 38.24 38.24 38.24 38.23 38.23 38.23 38.23 38.22 38.22 38.21 38.21 38.21 38.2 38.2 38.2 38.19 38.19 38.19 38.18 38.18 38.18 38.17 38.17 38.16 38.16 38.16 38.15 38.15 38.15 38.14 38.14 38.13 38.13 38.13 38.13 38.12 38.12 38.11 38.11 38.11 38.11 38.1 38.1 38.1 38.09 38.09 38.08 38.08 38.08 38.07 38.07 38.07 38.08 38.1 38.13 38.15 38.17 38.2 38.23 38.25 38.27 38.3
38.3 38.29 38.29 38.29 38.28 38.28 38.28 38.27 38.27 38.27 38.27 38.26 38.26 38.25 38.25 38.25 38.24 38.24 38.24 38.23 38.23 38.23 38.22 38.22 38.21 38.21 38.21 38.2 38.2 38.2 38.19 38.19 38.19 38.18 38.18 38.17 38.17 38.17 38.17 38.16 38.16 38.16 38.15 38.15 38.14 38.14 38.14 38.13 38.13 38.13 38.12 38.12 38.12 38.11 38.11 38.11 38.11 38.1 38.1 38.09 38.09 38.09 38.08 38.08 38.08 38.07 38.07 38.07 38.08 38.1 38.13 38.15 38.17 38.2 38.22 38.24 38.27 38.3
38.3 38.29 38.29 38.29 38.28 38.28 38.28 38.27 38.27 38.27 38.26 38.26 38.25 38.25 38.25 38.24 38.24 38.24 38.23 38.23 38.23 38.22 38.22 38.22 38.21 38.21 38.2 38.2 38.2 38.2 38.19 38.19 38.18 38.18 38.18 38.17 38.17 38.17 38.16 38.16 38.16 38.16 38.15 38.15 38.14 38.14 38.14 38.13 38.13 38.13 38.12 38.12 38.12 38.11 38.11 38.11 38.1 38.1 38.09 38.09 38.09 38.08 38.08 38.08 38.08 38.07 38.07 38.06 38.07 38.1 38.13 38.15 38.17 38.2 38.22 38.24 38.27 38.3
38.29 38.29 38.29 38.28 38.28 38.28 38.28 38.27 38.27 38.26 38.26 38.26 38.25 38.25 38.25 38.24 38.24 38.23 38.23 38.23 38.22 38.22 38.22 38.22 38.21 38.21 38.2 38.2 38.2 38.2 38.19 38.19 38.18 38.18 38.18 38.17 38.17 38.17 38.16 38.16 38.16 38.16 38.15 38.14 38.14 38.14 38.13 38.13 38.13 38.12 38.12 38.12 38.12 38.11 38.11 38.1 38.1 38.1 38.09 38.09 38.09 38.08 38.08 38.08 38.08 38.07 38.06 38.06 38.07 38.1 38.12 38.14 38.17 38.2 38.23 38.25 38.28 38.31
38.29 38.29 38.29 38.28 38.28 38.28 38.28 38.27 38.26 38.26 38.26 38.26 38.25 38.25 38.25 38.24 38.24 38.23 38.23 38.23 38.22 38.22 38.22 38.21 38.21 38.21 38.2 38.2 38.2 38.2 38.19 38.18 38.18 38.18 38.17 38.17 38.17 38.16 38.16 38.16 38.16 38.15 38.15 38.14 38.14 38.14 38.13 38.13 38.13 38.12 38.12 38.12 38.12 38.11 38.1 38.1 38.1 38.09 38.09 38.09 38.09 38.08 38.08 38.08 38.07 38.06 38.06 38.06 38.07 38.11 38.13 38.15 38.18 38.21 38.23 38.25 38.28 38.31
38.29 38.29 38.29 38.28 38.28 38.28 38.27 38.27 38.26 38.26 38.26 38.25 38.25 38.25 38.24 38.24 38.23 38.23 38.23 38.22 38.22 38.22 38.21 38.21 38.21 38.21 38.2 38.2 38.2 38.19 38.19 38.18 38.18 38.18 38.17 38.17 38.17 38.16 38.16 38.16 38.16 38.15 38.14 38.14 38.14 38.13 38.13 38.13 38.13 38.12 38.12 38.12 38.11 38.11 38.1 38.1 38.1 38.09 38.09 38.09 38.08 38.08 38.08 38.07 38.07 38.06 38.06 38.06 38.08 38.11 38.13 38.15 38.18 38.21 38.23 38.25 38.28 38.31
38.29 38.29 38.29 38.28 38.28 38.27 38.27 38.27 38.26 38.26 38.26 38.25 38.25 38.25 38.24 38.24 38.23 38.23 38.23 38.22 38.22 38.22 38.21 38.21 38.21 38.21 38.2 38.2 38.19 38.19 38.18 38.18 38.18 38.17 38.17 38.17 38.17 38.16 38.16 38.16 38.15 38.15 38.14 38.14 38.14 38.13 38.13 38.13 38.13 38.12 38.12 38.11 38.11 38.11 38.1 38.1 38.1 38.09 38.09 38.09 38.08 38.08 38.07 38.07 38.07 38.06 38.06 38.06 38.08 38.11 38.13 38.15 38.18 38.21 38.23 38.25 38.28 38.31
38.29 38.29 38.28 38.28 38.27 38.27 38.27 38.26 38.26 38.26 38.25 38.25 38.25 38.24 38.24 38.24 38.23 38.23 38.23 38.22 38.22 38.22 38.21 38.21 38.21 38.2 38.2 38.19 38.19 38.19 38.18 38.18 38.18 38.17 38.17 38.17 38.17 38.16 38.16 38.15 38.15 38.15 38.14 38.14 38.14 38.13 38.13 38.13 38.12 38.12 38.11 38.11 38.11 38.1 38.1 38.1 38.09 38.09 38.09 38.09 38.08 38.08 38.07 38.07 38.07 38.06 38.06 38.06 38.08 38.11 38.13 38.15 38.18 38.21 38.23 38.25 38.28 38.31
38.28 38.28 38.28 38.27 38.27 38.27 38.27 38.26 38.26 38.26 38.25 38.25 38.24 38.24 38.24 38.23 38.23 38.23 38.22 38.22 38.22 38.22 38.21 38.21 38.2 38.2 38.2 38.19 38.19 38.19 38.18 38.18 38.18 38.17 38.17 38.17 38.16 38.16 38.15 38.15 38.15 38.15 38.14 38.14 38.13 38.13 38.12 38.12 38.12 38.12 38.11 38.11 38.11 38.1 38.1 38.1 38.09 38.09 38.09 38.08 38.08 38.07 38.07 38.07 38.06 38.06 38.06 38.06 38.08 38.11 38.13 38.15 38.18 38.21 38.23 38.26 38.31 38.36
38.28 38.28 38.28 38.27 38.27 38.27 38.26 38.26 38.26 38.26 38.25 38.25 38.24 38.24 38.24 38.23 38.23 38.23 38.22 38.22 38.22 38.21 38.21 38.2 38.2 38.2 38.19 38.19 38.19 38.19 38.18 38.18 38.18 38.17 38.17 38.16 38.16 38.16 38.15 38.15 38.15 38.14 38.14 38.13 38.13 38.13 38.12 38.12 38.12 38.11 38.11 38.11 38.1 38.1 38.1 38.1 38.09 38.09 38.08 38.08 38.08 38.07 38.07 38.07 38.06 38.06 38.06 38.06 38.08 38.11 38.13 38.15 38.18 38.21 38.25 38.29 38.38 38.49
38.28 38.28 38.28 38.27 38.27 38.27 38.26 38.26 38.26 38.25 38.25 38.24 38.24 38.24 38.23 38.23 38.23 38.23 38.22 38.22 38.21 38.21 38.21 38.2 38.2 38.2 38.19 38.19 38.19 38.18 38.18 38.18 38.17 38.17 38.16 38.16 38.16 38.16 38.15 38.15 38.15 38.14 38.14 38.13 38.13 38.13 38.12 38.12 38.12 38.11 38.11 38.11 38.1 38.1 38.1 38.1 38.09 38.08 38.08 38.08 38.07 38.07 38.07 38.06 38.06 38.06 38.05 38.06 38.08 38.11 38.13 38.18 38.25 38.31 38.37 38.46 38.55 38.67
38.28 38.28 38.27 38.27 38.27 38.27 38.26 38.26 38.25 38.25 38.25 38.24 38.24 38.24 38.23 38.23 38.23 38.23 38.22 38.22 38.21 38.21 38.2 38.2 38.2 38.2 38.19 38.19 38.19 38.18 38.18 38.17 38.17 38.16 38.16 38.16 38.16 38.15 38.15 38.15 38.14 38.14 38.13 38.13 38.13 38.12 38.12 38.12 38.11 38.11 38.11 38.11 38.1 38.1 38.1 38.09 38.09 38.08 38.08 38.08 38.07 38.07 38.07 38.06 38.06 38.06 38.05 38.06 38.11 38.16 38.18 38.25 38.39 38.52 38.62 38.74 38.84 38.97
38.28 38.28 38.27 38.27 38.27 38.27 38.26 38.26 38.25 38.25 38.24 38.24 38.24 38.24 38.23 38.23 38.23 38.22 38.22 38.21 38.21 38.21 38.2 38.2 38.2 38.19 38.19 38.19 38.18 38.18 38.17 38.17 38.17 38.16 38.16 38.16 38.16 38.15 38.15 38.14 38.14 38.14 38.13 38.13 38.13 38.12 38.12 38.12 38.11 38.11 38.11 38.11 38.1 38.1 38.09 38.09 38.08 38.08 38.08 38.08 38.07 38.07 38.06 38.06 38.06 38.05 38.05 38.08 38.17 38.27 38.3 38.34 38.49 38.65 38.82 39.04 39.19 39.33
38.28 38.28 38.27 38.27 38.27 38.26 38.26 38.25 38.25 38.25 38.24 38.24 38.24 38.23 38.23 38.23 38.22 38.22 38.22 38.21 38.21 38.2 38.2 38.2 38.2 38.19 38.19 38.18 38.18 38.18 38.17 38.17 38.17 38.16 38.16 38.16 38.16 38.15 38.15 38.14 38.14 38.14 38.13 38.13 38.12 38.12 38.12 38.12 38.11 38.11 38.11 38.1 38.1 38.09 38.09 38.09 38.08 38.08 38.08 38.07 38.07 38.06 38.06 38.06 38.06 38.07 38.08 38.12 38.23 38.37 38.44 38.51 38.69 38.89 39.11 39.41 39.55 39.66
38.28 38.28 38.27 38.27 38.26 38.26 38.26 38.25 38.25 38.25 38.24 38.24 38.23 38.23 38.23 38.22 38.22 38.22 38.22 38.21 38.21 38.2 38.2 38.2 38.19 38.19 38.19 38.18 38.18 38.18 38.17 38.17 38.17 38.16 38.16 38.16 38.15 38.15 38.14 38.14 38.14 38.13 38.13 38.13 38.12 38.12 38.12 38.12 38.11 38.1 38.1 38.1 38.09 38.09 38.09 38.08 38.08 38.07 38.07 38.06 38.06 38.06 38.06 38.07 38.14 38.2 38.21 38.23 38.34 38.55 38.73 38.89 39.19 39.39 39.54 39.72 39.82 39.91
38.28 38.27 38.27 38.26 38.26 38.26 38.26 38.25 38.25 38.24 38.24 38.23 38.23 38.23 38.23 38.22 38.22 38.22 38.21 38.21 38.21 38.2 38.2 38.19 38.19 38.19 38.18 38.18 38.18 38.17 38.17 38.17 38.16 38.16 38.16 38.15 38.15 38.15 38.14 38.14 38.13 38.13 38.13 38.12 38.12 38.12 38.12 38.11 38.1 38.1 38.1 38.09 38.09 38.08 38.08 38.07 38.07 38.06 38.06 38.07 38.09 38.09 38.1 38.19 38.37 38.52 38.58 38.62 38.74 38.98 39.19 39.44 39.72 39.8 39.81 39.88 39.99 40.09
38.27 38.27 38.27 38.26 38.26 38.26 38.25 38.25 38.25 38.24 38.24 38.23 38.23 38.23 38.22 38.22 38.22 38.21 38.21 38.21 38.21 38.2 38.2 38.19 38.19 38.19 38.18 38.18 38.18 38.17 38.17 38.17 38.16 38.16 38.15 38.15 38.15 38.14 38.14 38.13 38.13 38.12 38.12 38.12 38.11 38.11 38.11 38.1 38.09 38.09 38.09 38.08 38.08 38.07 38.07 38.06 38.05 38.06 38.07 38.14 38.22 38.26 38.29 38.48 38.8 39.01 39.08 39.13 39.29 39.5 39.64 39.88 40 39.96 39.97 40.02 40.11 40.16
38.27 38.27 38.27 38.26 38.26 38.26 38.25 38.25 38.25 38.24 38.24 38.23 38.23 38.23 38.22 38.22 38.22 38.21 38.21 38.21 38.21 38.2 38.19 38.19 38.19 38.18 38.18 38.18 38.17 38.17 38.17 38.16 38.16 38.15 38.15 38.14 38.14 38.13 38.13 38.13 38.12 38.11 38.11 38.11 38.1 38.09 38.09 38.09 38.08 38.08 38.08 38.07 38.06 38.06 38.05 38.04 38.05 38.09 38.16 38.32 38.46 38.51 38.59 38.85 39.17 39.33 39.35 39.45 39.7 39.91 40 40.11 40.13 40.09 40.09 40.1 40.1 40.09
38.27 38.27 38.26 38.26 38.26 38.25 38.25 38.25 38.24 38.24 38.24 38.23 38.23 38.22 38.22 38.22 38.22 38.21 38.21 38.21 38.2 38.19 38.19 38.19 38.18 38.18 38.17 38.17 38.16 38.16 38.16 38.15 38.15 38.14 38.14 38.13 38.13 38.12 38.12 38.12 38.11 38.1 38.1 38.1 38.09 38.08 38.08 38.07 38.07 38.06 38.06 38.05 38.05 38.04 38.03 38.04 38.14 38.23 38.36 38.6 38.77 38.82 38.89 39.11 39.3 39.36 39.43 39.7 40.01 40.14 40.14 40.14 40.14 40.13 40.1 40.07 40.05 40.03
38.27 38.27 38.26 38.26 38.26 38.25 38.25 38.24 38.24 38.24 38.23 38.23 38.23 38.22 38.22 38.22 38.21 38.2 38.2 38.2 38.19 38.18 38.18 38.18 38.17 38.17 38.16 38.16 38.15 38.15 38.15 38.14 38.14 38.13 38.13 38.12 38.12 38.11 38.11 38.1 38.1 38.09 38.09 38.08 38.08 38.07 38.06 38.06 38.05 38.05 38.04 38.02 38.01 38.01 38.03 38.13 38.29 38.41 38.55 38.87 39.12 39.16 39.21 39.35 39.47 39.51 39.6 39.88 40.12 40.17 40.16 40.14 40.14 40.12 40.09 40.05 40.03 40.01
38.27 38.26 38.26 38.26 38.25 38.25 38.24 38.24 38.24 38.23 38.22 38.22 38.22 38.21 38.21 38.21 38.2 38.19 38.19 38.19 38.18 38.17 38.17 38.17 38.16 38.15 38.15 38.15 38.14 38.14 38.14 38.13 38.13 38.12 38.12 38.11 38.1 38.1 38.1 38.09 38.08 38.07 38.07 38.07 38.06 38.05 38.05 38.04 38.04 38.04 38.01 37.98 38 38.04 38.12 38.25 38.38 38.48 38.7 39.11 39.35 39.42 39.49 39.62 39.73 39.79 39.86 40.02 40.16 40.18 40.16 40.13 40.12 40.1 40.08 40.05 40.03 40.01
38.26 38.26 38.25 38.25 38.24 38.24 38.23 38.23 38.23 38.22 38.21 38.21 38.21 38.2 38.19 38.19 38.19 38.18 38.18 38.17 38.17 38.16 38.16 38.16 38.15 38.14 38.14 38.14 38.13 38.13 38.13 38.13 38.12 38.11 38.11 38.1 38.09 38.09 38.08 38.08 38.07 38.06 38.06 38.06 38.05 38.05 38.05 38.05 38.08 38.11 38.12 38.13 38.17 38.23 38.28 38.37 38.49 38.61 38.94 39.42 39.63 39.7 39.77 39.89 39.99 40.04 40.06 40.12 40.17 40.17 40.15 40.13 40.12 40.1 40.08 40.06 40.04 40.02
38.26 38.25 38.25 38.24 38.24 38.24 38.23 38.22 38.22 38.22 38.21 38.21 38.2 38.2 38.19 38.18 38.18 38.18 38.17 38.17 38.16 38.16 38.15 38.15 38.15 38.14 38.14 38.14 38.13 38.13 38.14 38.14 38.13 38.12 38.12 38.11 38.1 38.1 38.09 38.09 38.08 38.08 38.08 38.07 38.07 38.07 38.08 38.13 38.25 38.35 38.44 38.53 38.53 38.55 38.6 38.69 38.82 38.97 39.34 39.87 40.02 40.02 40.05 40.1 40.15 40.16 40.17 40.18 40.19 40.17 40.15 40.13 40.12 40.1 40.08 40.08 40.08 40.06
38.28 38.27 38.27 38.26 38.26 38.26 38.25 38.24 38.24 38.24 38.23 38.23 38.22 38.22 38.21 38.21 38.2 38.2 38.19 38.19 38.19 38.18 38.18 38.18 38.18 38.18 38.18 38.18 38.17 38.17 38.17 38.17 38.16 38.16 38.16 38.15 38.14 38.14 38.14 38.14 38.14 38.14 38.13 38.13 38.15 38.17 38.22 38.37 38.56 38.67 38.76 38.85 38.89 38.93 39.02 39.17 39.38 39.56 39.84 40.22 40.3 40.27 40.25 40.23 40.23 40.22 40.21 40.19 40.2 40.17 40.14 40.13 40.13 40.12 40.12 40.13 40.13 40.12
38.32 38.31 38.3 38.3 38.3 38.29 38.29 38.28 38.28 38.27 38.27 38.26 38.26 38.25 38.25 38.25 38.25 38.24 38.23 38.24 38.24 38.24 38.23 38.23 38.24 38.24 38.24 38.23 38.22 38.22 38.22 38.21 38.2 38.2 38.2 38.2 38.2 38.19 38.19 38.2 38.21 38.21 38.21 38.23 38.3 38.38 38.48 38.7 38.89 39 39.09 39.2 39.24 39.27 39.42 39.67 39.92 40.1 40.21 40.35 40.36 40.34 40.31 40.28 40.26 40.25 40.22 40.19 40.18 40.16 40.14 40.15 40.16 40.17 40.18 40.18 40.17 40.16
