slabs/38.grd
DSAA
631 301
643890 644520
4948100 4948400
31.69 46.88
[rows 34 to 67 of 301, columns 546 to 623 of 631]
38.36 38.35 38.35 38.34 38.34 38.33 38.33 38.32 38.32 38.32 38.31 38.31 38.3 38.3 38.3 38.31 38.3 38.3 38.3 38.3 38.3 38.3 38.29 38.29 38.29 38.28 38.28 38.27 38.27 38.27 38.26 38.26 38.26 38.26 38.26 38.27 38.27 38.27 38.26 38.27 38.27 38.27 38.27 38.33 38.52 38.69 38.81 39.03 39.22 39.33 39.44 39.59 39.64 39.63 39.78 40.07 40.28 40.36 40.36 40.37 40.35 40.33 40.31 40.27 40.26 40.25 40.22 40.19 40.17 40.16 40.16 40.18 40.21 40.21 40.21 40.21 40.19 40.17
38.37 38.38 38.39 38.39 38.38 38.38 38.37 38.37 38.36 38.36 38.37 38.37 38.37 38.36 38.37 38.37 38.36 38.36 38.36 38.35 38.35 38.34 38.34 38.34 38.34 38.33 38.33 38.33 38.32 38.33 38.32 38.32 38.32 38.32 38.32 38.32 38.31 38.3 38.29 38.29 38.29 38.29 38.29 38.41 38.74 39.01 39.15 39.36 39.55 39.67 39.79 39.96 40.03 39.99 40.07 40.3 40.42 40.41 40.38 40.36 40.34 40.33 40.3 40.26 40.25 40.23 40.21 40.2 40.19 40.2 40.21 40.22 40.24 40.23 40.21 40.21 40.2 40.19
38.25 38.32 38.35 38.37 38.39 38.41 38.42 38.42 38.42 38.42 38.43 38.43 38.43 38.42 38.42 38.41 38.4 38.4 38.4 38.4 38.4 38.39 38.38 38.38 38.38 38.38 38.38 38.38 38.37 38.36 38.35 38.34 38.33 38.33 38.32 38.31 38.3 38.29 38.28 38.28 38.31 38.34 38.34 38.5 38.95 39.31 39.46 39.69 39.88 40.02 40.12 40.25 40.3 40.27 40.29 40.39 40.42 40.4 40.37 40.34 40.32 40.31 40.29 40.26 40.24 40.23 40.22 40.22 40.23 40.25 40.25 40.25 40.26 40.24 40.22 40.21 40.2 40.19
37.94 38.04 38.12 38.18 38.27 38.37 38.43 38.45 38.46 38.47 38.47 38.47 38.47 38.46 38.45 38.45 38.44 38.43 38.42 38.42 38.42 38.41 38.4 38.39 38.38 38.37 38.37 38.36 38.34 38.33 38.32 38.31 38.3 38.3 38.29 38.28 38.27 38.26 38.25 38.25 38.33 38.4 38.45 38.68 39.17 39.57 39.79 40.04 40.2 40.32 40.42 40.45 40.44 40.43 40.41 40.4 40.38 40.37 40.34 40.3 40.29 40.28 40.27 40.25 40.24 40.24 40.25 40.26 40.27 40.27 40.28 40.27 40.26 40.24 40.22 40.22 40.21 40.21
37.71 37.81 37.9 38 38.16 38.32 38.43 38.45 38.46 38.46 38.47 38.48 38.48 38.47 38.46 38.45 38.44 38.43 38.42 38.41 38.4 38.38 38.37 38.36 38.34 38.33 38.32 38.3 38.28 38.27 38.26 38.25 38.24 38.23 38.23 38.24 38.24 38.22 38.2 38.24 38.42 38.55 38.68 39.04 39.5 39.9 40.22 40.41 40.5 40.55 40.58 40.54 40.51 40.48 40.43 40.38 40.35 40.35 40.33 40.29 40.27 40.27 40.27 40.26 40.26 40.27 40.28 40.29 40.29 40.28 40.27 40.26 40.24 40.22 40.22 40.21 40.21 40.22
37.74 37.84 37.94 38.04 38.2 38.37 38.47 38.46 38.43 38.44 38.46 38.46 38.46 38.45 38.43 38.42 38.4 38.4 38.4 38.39 38.37 38.36 38.35 38.33 38.31 38.3 38.29 38.26 38.24 38.23 38.22 38.2 38.18 38.17 38.21 38.29 38.31 38.26 38.28 38.49 38.81 39.01 39.25 39.72 40.06 40.33 40.57 40.64 40.68 40.66 40.59 40.53 40.49 40.47 40.43 40.37 40.34 40.34 40.33 40.3 40.29 40.29 40.3 40.3 40.3 40.29 40.29 40.29 40.28 40.27 40.26 40.25 40.24 40.23 40.24 40.23 40.23 40.23
37.78 37.88 37.97 38.07 38.24 38.39 38.48 38.45 38.4 38.41 38.43 38.44 38.45 38.42 38.4 38.4 38.38 38.35 38.35 38.33 38.32 38.32 38.31 38.31 38.31 38.31 38.3 38.27 38.25 38.24 38.23 38.24 38.24 38.24 38.37 38.6 38.72 38.73 38.8 39.06 39.37 39.59 39.93 40.35 40.55 40.6 40.63 40.63 40.63 40.61 40.55 40.49 40.45 40.44 40.41 40.36 40.33 40.33 40.34 40.33 40.33 40.33 40.33 40.33 40.33 40.32 40.29 40.28 40.27 40.27 40.26 40.25 40.25 40.26 40.26 40.26 40.26 40.25
37.82 37.92 38 38.09 38.27 38.4 38.45 38.42 38.36 38.35 38.38 38.41 38.43 38.4 38.36 38.36 38.36 38.34 38.32 38.29 38.26 38.25 38.25 38.25 38.25 38.25 38.25 38.25 38.25 38.24 38.31 38.44 38.51 38.54 38.77 39.16 39.38 39.48 39.55 39.67 39.82 40.02 40.33 40.54 40.62 40.62 40.61 40.58 40.55 40.53 40.5 40.45 40.41 40.4 40.38 40.36 40.35 40.35 40.36 40.37 40.37 40.36 40.35 40.35 40.34 40.32 40.3 40.28 40.27 40.28 40.29 40.28 40.29 40.3 40.31 40.32 40.31 40.3
37.87 37.95 38.03 38.12 38.28 38.36 38.37 38.35 38.31 38.29 38.31 38.34 38.39 38.39 38.35 38.32 38.33 38.33 38.32 38.28 38.23 38.21 38.19 38.18 38.16 38.14 38.14 38.17 38.23 38.28 38.46 38.79 38.92 38.96 39.26 39.73 39.91 39.98 40.09 40.2 40.29 40.4 40.56 40.6 40.61 40.59 40.57 40.53 40.49 40.47 40.45 40.43 40.4 40.39 40.38 40.37 40.36 40.36 40.37 40.37 40.38 40.38 40.37 40.36 40.34 40.32 40.31 40.3 40.3 40.32 40.34 40.34 40.35 40.37 40.38 40.39 40.38 40.37
37.93 37.99 38.06 38.14 38.26 38.28 38.26 38.25 38.23 38.22 38.23 38.28 38.35 38.39 38.35 38.28 38.28 38.29 38.29 38.27 38.23 38.21 38.18 38.15 38.12 38.09 38.12 38.24 38.37 38.47 38.74 39.16 39.31 39.33 39.63 40.08 40.25 40.32 40.44 40.53 40.57 40.57 40.6 40.59 40.58 40.55 40.51 40.47 40.43 40.42 40.42 40.42 40.41 40.39 40.38 40.37 40.36 40.36 40.37 40.36 40.37 40.37 40.38 40.38 40.36 40.34 40.33 40.32 40.34 40.37 40.39 40.4 40.41 40.42 40.44 40.44 40.45 40.44
37.99 38.03 38.09 38.14 38.2 38.17 38.14 38.14 38.15 38.16 38.2 38.25 38.3 38.34 38.3 38.23 38.2 38.19 38.21 38.23 38.22 38.21 38.19 38.17 38.17 38.17 38.25 38.46 38.62 38.74 39.1 39.52 39.64 39.67 39.89 40.26 40.43 40.49 40.58 40.61 40.61 40.59 40.56 40.54 40.53 40.5 40.47 40.43 40.4 40.41 40.42 40.42 40.42 40.39 40.37 40.37 40.37 40.38 40.37 40.36 40.37 40.37 40.37 40.38 40.39 40.38 40.37 40.37 40.38 40.4 40.42 40.43 40.44 40.45 40.46 40.48 40.49 40.48
38.05 38.06 38.09 38.11 38.11 38.07 38.04 38.04 38.1 38.19 38.26 38.28 38.23 38.21 38.18 38.15 38.13 38.09 38.12 38.16 38.15 38.14 38.15 38.19 38.27 38.33 38.45 38.65 38.73 38.96 39.47 39.84 39.93 39.96 40.15 40.42 40.56 40.59 40.61 40.61 40.59 40.55 40.5 40.5 40.49 40.47 40.45 40.43 40.41 40.42 40.43 40.42 40.41 40.4 40.38 40.37 40.38 40.39 40.38 40.38 40.39 40.39 40.39 40.4 40.42 40.44 40.43 40.44 40.44 40.45 40.46 40.46 40.48 40.51 40.51 40.53 40.54 40.52
38.16 38.13 38.12 38.1 38.05 38.02 37.99 37.99 38.1 38.22 38.29 38.29 38.18 38.08 38.06 38.07 38.08 38.08 38.13 38.23 38.26 38.26 38.27 38.27 38.31 38.47 38.72 38.97 39.08 39.32 39.79 40.08 40.2 40.25 40.4 40.55 40.61 40.61 40.59 40.56 40.54 40.51 40.47 40.47 40.47 40.46 40.45 40.45 40.44 40.43 40.42 40.42 40.42 40.42 40.4 40.39 40.39 40.4 40.41 40.42 40.43 40.43 40.44 40.46 40.48 40.48 40.46 40.46 40.48 40.5 40.5 40.51 40.53 40.56 40.57 40.58 40.57 40.54
38.34 38.31 38.29 38.23 38.14 38.08 38.03 38 38.08 38.17 38.21 38.23 38.16 38.09 38.09 38.09 38.11 38.18 38.34 38.61 38.75 38.79 38.8 38.68 38.55 38.74 39.15 39.51 39.71 39.81 40.02 40.27 40.41 40.46 40.55 40.59 40.6 40.59 40.54 40.5 40.48 40.46 40.46 40.45 40.45 40.45 40.45 40.46 40.46 40.45 40.44 40.44 40.45 40.44 40.43 40.43 40.42 40.41 40.44 40.46 40.47 40.48 40.49 40.5 40.5 40.5 40.48 40.48 40.5 40.52 40.52 40.53 40.56 40.58 40.59 40.59 40.57 40.56
38.55 38.54 38.53 38.46 38.33 38.23 38.17 38.1 38.13 38.17 38.21 38.24 38.2 38.18 38.22 38.25 38.3 38.44 38.7 39.11 39.3 39.37 39.47 39.41 39.24 39.35 39.67 39.97 40.12 40.12 40.19 40.38 40.52 40.55 40.58 40.58 40.57 40.54 40.49 40.45 40.44 40.44 40.43 40.42 40.43 40.44 40.46 40.46 40.47 40.48 40.48 40.47 40.47 40.47 40.45 40.45 40.44 40.44 40.47 40.49 40.5 40.52 40.52 40.52 40.52 40.51 40.51 40.52 40.54 40.54 40.54 40.56 40.59 40.61 40.62 40.61 40.58 40.56
38.75 38.72 38.7 38.62 38.49 38.42 38.38 38.33 38.31 38.31 38.33 38.37 38.36 38.35 38.47 38.58 38.62 38.71 38.98 39.49 39.76 39.87 40.03 40.05 39.95 39.98 40.09 40.22 40.28 40.29 40.34 40.46 40.56 40.56 40.55 40.54 40.53 40.49 40.45 40.43 40.44 40.44 40.42 40.42 40.43 40.46 40.48 40.47 40.48 40.5 40.51 40.51 40.51 40.51 40.49 40.48 40.48 40.48 40.51 40.54 40.53 40.54 40.55 40.55 40.55 40.54 40.54 40.56 40.59 40.59 40.58 40.6 40.62 40.63 40.64 40.63 40.61 40.59
38.95 38.9 38.87 38.79 38.71 38.67 38.64 38.6 38.57 38.56 38.57 38.59 38.6 38.6 38.83 39.07 39.07 39.03 39.23 39.74 40.03 40.16 40.33 40.37 40.31 40.3 40.3 40.34 40.37 40.39 40.45 40.51 40.54 40.53 40.51 40.5 40.49 40.47 40.45 40.44 40.44 40.44 40.44 40.45 40.46 40.48 40.5 40.51 40.5 40.51 40.54 40.54 40.54 40.55 40.54 40.54 40.53 40.54 40.56 40.56 40.55 40.55 40.57 40.57 40.58 40.58 40.58 40.6 40.62 40.61 40.62 40.63 40.64 40.64 40.65 40.64 40.64 40.62
39.13 39.08 39.04 39 38.97 38.95 38.93 38.89 38.85 38.83 38.82 38.84 38.85 38.88 39.2 39.59 39.62 39.54 39.62 39.95 40.19 40.31 40.44 40.45 40.41 40.4 40.41 40.43 40.45 40.48 40.5 40.5 40.49 40.49 40.48 40.48 40.48 40.48 40.47 40.46 40.46 40.46 40.46 40.47 40.47 40.49 40.53 40.55 40.54 40.55 40.57 40.58 40.57 40.57 40.57 40.57 40.58 40.59 40.59 40.58 40.57 40.58 40.58 40.6 40.61 40.6 40.6 40.62 40.63 40.63 40.64 40.65 40.65 40.64 40.65 40.65 40.65 40.62
39.26 39.21 39.19 39.18 39.19 39.19 39.18 39.16 39.14 39.11 39.09 39.09 39.1 39.16 39.55 40.02 40.11 40.05 40.05 40.21 40.34 40.41 40.49 40.49 40.48 40.49 40.49 40.51 40.52 40.53 40.51 40.48 40.47 40.47 40.47 40.48 40.49 40.49 40.49 40.48 40.48 40.49 40.49 40.49 40.5 40.52 40.55 40.56 40.57 40.58 40.6 40.6 40.6 40.6 40.6 40.6 40.6 40.6 40.59 40.58 40.59 40.6 40.61 40.61 40.62 40.61 40.61 40.62 40.64 40.65 40.65 40.65 40.64 40.63 40.63 40.62 40.6 40.55
39.35 39.3 39.28 39.29 39.32 39.33 39.34 39.36 39.37 39.36 39.35 39.34 39.34 39.42 39.81 40.26 40.39 40.38 40.38 40.44 40.5 40.52 40.55 40.54 40.54 40.55 40.55 40.55 40.55 40.54 40.51 40.49 40.48 40.46 40.47 40.48 40.49 40.51 40.51 40.51 40.51 40.51 40.52 40.53 40.53 40.54 40.56 40.57 40.58 40.6 40.61 40.62 40.62 40.62 40.62 40.62 40.62 40.62 40.6 40.6 40.61 40.62 40.63 40.63 40.62 40.63 40.63 40.65 40.66 40.66 40.66 40.64 40.63 40.6 40.56 40.51 40.44 40.39
39.43 39.38 39.37 39.38 39.41 39.43 39.46 39.49 39.51 39.53 39.55 39.56 39.57 39.66 39.94 40.3 40.48 40.53 40.54 40.54 40.58 40.59 40.6 40.58 40.57 40.57 40.56 40.56 40.55 40.54 40.51 40.5 40.49 40.47 40.47 40.48 40.5 40.52 40.53 40.54 40.54 40.54 40.56 40.57 40.57 40.57 40.57 40.57 40.59 40.61 40.63 40.64 40.65 40.64 40.64 40.64 40.63 40.62 40.61 40.61 40.61 40.63 40.64 40.64 40.64 40.64 40.65 40.66 40.66 40.65 40.65 40.64 40.59 40.53 40.44 40.32 40.2 40.15
39.51 39.46 39.46 39.48 39.51 39.53 39.56 39.59 39.61 39.65 39.71 39.75 39.78 39.83 40 40.28 40.49 40.57 40.59 40.55 40.55 40.59 40.61 40.6 40.59 40.59 40.58 40.57 40.56 40.53 40.5 40.5 40.5 40.5 40.5 40.52 40.54 40.56 40.56 40.56 40.56 40.56 40.58 40.59 40.59 40.6 40.61 40.61 40.62 40.64 40.65 40.66 40.66 40.66 40.65 40.65 40.63 40.62 40.61 40.62 40.63 40.64 40.65 40.65 40.65 40.64 40.64 40.65 40.65 40.64 40.65 40.61 40.48 40.36 40.26 40.09 39.96 39.91
39.59 39.56 39.55 39.58 39.62 39.66 39.69 39.72 39.74 39.77 39.83 39.88 39.92 39.96 40.06 40.29 40.5 40.57 40.58 40.53 40.54 40.57 40.61 40.62 40.62 40.61 40.59 40.58 40.56 40.52 40.51 40.5 40.52 40.53 40.56 40.58 40.58 40.59 40.59 40.58 40.58 40.59 40.6 40.61 40.63 40.65 40.66 40.66 40.65 40.66 40.67 40.67 40.67 40.66 40.65 40.63 40.62 40.63 40.63 40.64 40.65 40.66 40.66 40.65 40.64 40.64 40.64 40.66 40.66 40.64 40.62 40.52 40.31 40.16 40.05 39.87 39.73 39.66
39.65 39.66 39.67 39.7 39.74 39.79 39.82 39.85 39.86 39.88 39.92 39.98 40.03 40.06 40.13 40.3 40.49 40.57 40.59 40.55 40.56 40.58 40.61 40.62 40.63 40.62 40.58 40.57 40.54 40.52 40.54 40.55 40.56 40.58 40.62 40.64 40.64 40.62 40.62 40.62 40.62 40.62 40.63 40.65 40.66 40.67 40.69 40.68 40.68 40.67 40.66 40.66 40.67 40.66 40.65 40.64 40.64 40.66 40.67 40.67 40.67 40.66 40.66 40.65 40.64 40.65 40.66 40.68 40.66 40.59 40.51 40.36 40.17 40.02 39.88 39.66 39.49 39.41
39.69 39.72 39.77 39.82 39.85 39.86 39.89 39.93 39.94 39.96 40.01 40.09 40.13 40.17 40.21 40.31 40.46 40.56 40.61 40.59 40.6 40.61 40.62 40.62 40.62 40.61 40.57 40.56 40.54 40.53 40.58 40.61 40.62 40.63 40.66 40.68 40.68 40.66 40.65 40.66 40.66 40.65 40.65 40.66 40.68 40.68 40.69 40.68 40.68 40.69 40.68 40.68 40.68 40.67 40.67 40.68 40.68 40.69 40.7 40.69 40.67 40.65 40.65 40.64 40.64 40.67 40.69 40.68 40.55 40.39 40.3 40.18 40.03 39.92 39.77 39.5 39.34 39.29
39.69 39.73 39.81 39.89 39.92 39.94 39.97 40 40.02 40.05 40.12 40.2 40.24 40.27 40.3 40.32 40.42 40.57 40.63 40.64 40.63 40.62 40.62 40.63 40.62 40.6 40.6 40.6 40.57 40.56 40.62 40.66 40.67 40.67 40.68 40.7 40.7 40.69 40.67 40.69 40.7 40.68 40.68 40.68 40.68 40.69 40.7 40.69 40.7 40.7 40.7 40.7 40.69 40.69 40.7 40.69 40.69 40.68 40.68 40.68 40.66 40.63 40.62 40.62 40.63 40.65 40.64 40.55 40.32 40.14 40.08 39.99 39.87 39.78 39.67 39.47 39.41 39.47
39.66 39.73 39.85 39.94 39.99 40.01 40.05 40.08 40.11 40.15 40.23 40.3 40.34 40.38 40.4 40.39 40.45 40.59 40.65 40.65 40.64 40.62 40.63 40.64 40.63 40.63 40.64 40.64 40.63 40.62 40.65 40.68 40.69 40.69 40.7 40.72 40.74 40.73 40.71 40.72 40.73 40.72 40.71 40.71 40.7 40.7 40.7 40.71 40.71 40.72 40.72 40.71 40.7 40.69 40.7 40.7 40.69 40.69 40.67 40.65 40.63 40.6 40.6 40.59 40.56 40.52 40.46 40.27 40.04 39.9 39.86 39.79 39.7 39.64 39.63 39.62 39.68 39.76
39.62 39.72 39.9 40 40.05 40.08 40.12 40.16 40.2 40.26 40.33 40.39 40.44 40.49 40.51 40.49 40.53 40.62 40.67 40.68 40.68 40.67 40.66 40.66 40.66 40.66 40.68 40.68 40.67 40.67 40.7 40.72 40.73 40.74 40.75 40.76 40.78 40.78 40.77 40.75 40.74 40.73 40.73 40.73 40.73 40.72 40.71 40.71 40.71 40.74 40.74 40.73 40.71 40.72 40.73 40.73 40.72 40.7 40.67 40.64 40.63 40.61 40.6 40.54 40.41 40.29 40.18 39.97 39.77 39.69 39.66 39.62 39.6 39.62 39.8 40.01 40.04 40.06
39.65 39.75 39.95 40.08 40.13 40.17 40.22 40.25 40.28 40.34 40.41 40.46 40.51 40.58 40.61 40.61 40.62 40.65 40.71 40.73 40.74 40.73 40.71 40.7 40.7 40.71 40.71 40.7 40.69 40.69 40.72 40.75 40.77 40.79 40.81 40.81 40.79 40.78 40.77 40.76 40.74 40.74 40.75 40.77 40.79 40.77 40.74 40.73 40.73 40.74 40.74 40.73 40.73 40.74 40.75 40.75 40.72 40.69 40.66 40.63 40.61 40.61 40.57 40.44 40.24 40.09 39.94 39.72 39.6 39.58 39.6 39.68 39.8 39.91 40.26 40.57 40.48 40.44
39.78 39.82 40.01 40.21 40.29 40.33 40.35 40.36 40.37 40.4 40.46 40.5 40.54 40.62 40.69 40.71 40.7 40.71 40.75 40.76 40.77 40.76 40.76 40.76 40.76 40.76 40.75 40.73 40.72 40.73 40.73 40.74 40.78 40.83 40.84 40.84 40.82 40.79 40.78 40.77 40.76 40.76 40.76 40.78 40.79 40.78 40.76 40.75 40.75 40.75 40.75 40.75 40.75 40.76 40.76 40.75 40.72 40.67 40.62 40.51 40.44 40.42 40.39 40.27 40.05 39.91 39.8 39.64 39.64 39.74 39.86 40.09 40.3 40.46 40.76 40.91 40.77 40.7
39.96 39.94 40.1 40.36 40.48 40.51 40.5 40.51 40.5 40.51 40.57 40.61 40.63 40.7 40.78 40.81 40.78 40.75 40.75 40.75 40.74 40.73 40.74 40.77 40.81 40.81 40.79 40.78 40.77 40.77 40.77 40.78 40.82 40.85 40.85 40.84 40.81 40.8 40.8 40.79 40.79 40.79 40.79 40.78 40.78 40.77 40.76 40.76 40.77 40.79 40.79 40.76 40.74 40.73 40.71 40.68 40.65 40.63 40.5 40.26 40.12 40.1 40.11 40.02 39.84 39.74 39.73 39.74 39.83 39.98 40.17 40.46 40.67 40.81 40.94 40.87 40.73 40.7
40.17 40.1 40.22 40.47 40.59 40.65 40.64 40.67 40.68 40.71 40.78 40.83 40.85 40.9 40.94 40.94 40.89 40.8 40.72 40.71 40.7 40.67 40.66 40.71 40.81 40.85 40.82 40.82 40.81 40.8 40.8 40.82 40.86 40.87 40.87 40.86 40.81 40.8 40.81 40.81 40.81 40.81 40.81 40.81 40.79 40.78 40.78 40.78 40.8 40.82 40.79 40.72 40.64 40.61 40.57 40.48 40.43 40.43 40.28 39.94 39.75 39.75 39.82 39.84 39.79 39.79 39.82 39.91 39.99 40.09 40.3 40.54 40.72 40.81 40.84 40.73 40.62 40.63
40.38 40.32 40.39 40.56 40.66 40.74 40.77 40.79 40.82 40.91 40.99 41.05 41.1 41.15 41.13 41.07 41.04 40.92 40.78 40.72 40.66 40.62 40.6 40.66 40.79 40.87 40.85 40.84 40.85 40.85 40.84 40.86 40.89 40.89 40.89 40.87 40.84 40.81 40.81 40.82 40.82 40.82 40.83 40.84 40.81 40.8 40.8 40.81 40.79 40.76 40.71 40.6 40.49 40.44 40.37 40.2 40.07 40.02 39.93 39.69 39.61 39.74 39.89 40.03 40.06 40.12 40.1 40.09 40.14 40.24 40.44 40.63 40.74 40.74 40.69 40.62 40.57 40.58
40.58 40.56 40.61 40.65 40.72 40.82 40.86 40.87 40.92 41.04 41.16 41.24 41.31 41.41 41.4 41.29 41.2 41.08 40.94 40.83 40.67 40.56 40.51 40.55 40.66 40.77 40.84 40.85 40.87 40.89 40.88 40.89 40.91 40.91 40.9 40.87 40.85 40.83 40.83 40.84 40.85 40.84 40.84 40.85 40.83 40.82 40.81 40.79 40.68 40.56 40.49 40.4 40.29 40.22 40.14 39.97 39.81 39.75 39.8 39.86 39.97 40.19 40.42 40.5 40.41 40.39 40.37 40.32 40.3 40.39 40.55 40.65 40.68 40.67 40.69 40.74 40.74 40.71
