slabs/38.grd
DSAA
631 301
643890 644520
4948100 4948400
31.69 46.88
[rows 68 to 101 of 301, columns 78 to 155 of 631]
39.4 39.34 39.27 39.24 39.23 39.22 39.2 39.19 39.18 39.17 39.18 39.2 39.24 39.29 39.32 39.34 39.37 39.44 39.52 39.55 39.58 39.64 39.67 39.69 39.71 39.75 39.78 39.8 39.85 39.9 39.93 39.97 40.02 40.05 40.08 40.08 40.06 40.02 40 39.99 39.95 39.88 39.85 39.82 39.69 39.48 39.32 39.07 38.6 38.23 38.06 37.97 37.99 38.02 38.06 38.17 38.29 38.35 38.33 38.28 38.25 38.25 38.3 38.4 38.44 38.42 38.41 38.41 38.36 38.28 38.27 38.33 38.42 38.45 38.43 38.44 38.49 38.45
39.3 39.24 39.19 39.16 39.15 39.14 39.12 39.11 39.11 39.11 39.11 39.13 39.15 39.19 39.2 39.21 39.24 39.33 39.43 39.48 39.53 39.6 39.64 39.65 39.67 39.7 39.72 39.75 39.8 39.84 39.87 39.91 39.98 40.03 40.07 40.08 40.09 40.06 40.02 40 39.98 39.97 39.97 39.91 39.76 39.61 39.48 39.23 38.73 38.3 38.14 38.04 38.03 38.04 38.06 38.12 38.22 38.26 38.24 38.2 38.18 38.18 38.23 38.34 38.39 38.37 38.35 38.35 38.36 38.35 38.37 38.39 38.42 38.41 38.37 38.4 38.45 38.44
39.18 39.15 39.12 39.09 39.06 39.02 39.03 39.03 39.03 39.04 39.04 39.04 39.06 39.09 39.11 39.12 39.18 39.28 39.37 39.42 39.47 39.55 39.6 39.62 39.65 39.67 39.68 39.7 39.75 39.8 39.83 39.86 39.93 40.01 40.05 40.06 40.08 40.06 40.02 40.01 39.99 39.99 40 39.94 39.81 39.69 39.59 39.35 38.9 38.48 38.3 38.13 38.07 38.07 38.07 38.1 38.15 38.18 38.17 38.15 38.14 38.15 38.18 38.27 38.34 38.34 38.28 38.25 38.29 38.36 38.44 38.43 38.39 38.37 38.37 38.4 38.42 38.44
39.07 39.04 39.02 38.99 38.95 38.92 38.93 38.94 38.94 38.95 38.97 38.97 39 39.04 39.07 39.09 39.14 39.22 39.28 39.33 39.41 39.5 39.57 39.6 39.64 39.66 39.65 39.67 39.7 39.76 39.8 39.82 39.89 39.96 40 40.02 40.06 40.05 40.02 40.01 40 40 40 39.97 39.86 39.76 39.67 39.45 39.07 38.76 38.53 38.2 38.05 38.04 38.05 38.08 38.12 38.13 38.14 38.15 38.16 38.16 38.17 38.23 38.3 38.31 38.25 38.22 38.26 38.34 38.45 38.44 38.39 38.4 38.43 38.44 38.43 38.46
38.96 38.93 38.91 38.91 38.89 38.86 38.86 38.86 38.87 38.89 38.9 38.9 38.93 38.98 39.03 39.06 39.09 39.17 39.22 39.27 39.35 39.43 39.49 39.53 39.59 39.62 39.62 39.64 39.67 39.7 39.73 39.77 39.83 39.89 39.93 39.96 40.01 40.02 40.01 40.01 40 40 40 40 39.94 39.89 39.83 39.62 39.25 38.98 38.69 38.23 38 37.96 38 38.07 38.12 38.15 38.16 38.17 38.17 38.18 38.18 38.21 38.25 38.26 38.23 38.22 38.26 38.34 38.45 38.47 38.43 38.44 38.47 38.47 38.46 38.48
38.9 38.86 38.84 38.84 38.82 38.81 38.81 38.81 38.81 38.82 38.82 38.85 38.89 38.92 38.95 38.98 39.04 39.11 39.16 39.2 39.29 39.38 39.41 39.46 39.53 39.57 39.58 39.61 39.64 39.66 39.67 39.71 39.77 39.81 39.83 39.87 39.94 39.97 39.98 40 40.01 40.02 40.02 40.01 40 40 39.98 39.81 39.4 39.05 38.75 38.3 38.02 37.89 37.94 38.06 38.13 38.16 38.17 38.18 38.18 38.19 38.19 38.2 38.22 38.22 38.21 38.24 38.31 38.39 38.5 38.5 38.47 38.47 38.49 38.49 38.49 38.49
38.84 38.8 38.78 38.77 38.76 38.74 38.74 38.76 38.74 38.73 38.74 38.77 38.81 38.85 38.88 38.92 38.99 39.06 39.09 39.13 39.23 39.3 39.33 39.38 39.46 39.52 39.54 39.57 39.61 39.61 39.62 39.65 39.69 39.72 39.72 39.75 39.83 39.86 39.9 39.96 40 40.02 40.02 40.02 40.01 40.03 40.01 39.89 39.51 39.14 38.91 38.54 38.16 37.9 37.93 38.04 38.12 38.15 38.18 38.18 38.18 38.18 38.18 38.2 38.22 38.22 38.23 38.32 38.42 38.48 38.54 38.52 38.49 38.5 38.5 38.5 38.5 38.5
38.79 38.75 38.74 38.73 38.73 38.7 38.69 38.69 38.69 38.69 38.73 38.74 38.75 38.8 38.85 38.89 38.95 39 39.02 39.07 39.16 39.23 39.25 39.3 39.38 39.46 39.49 39.51 39.53 39.53 39.55 39.58 39.59 39.61 39.61 39.63 39.7 39.74 39.79 39.88 39.95 40 40.02 40.03 40.04 40.05 40.04 39.96 39.7 39.44 39.26 38.91 38.51 38.23 38.13 38.11 38.11 38.13 38.16 38.16 38.16 38.16 38.17 38.2 38.23 38.24 38.29 38.41 38.5 38.53 38.54 38.53 38.5 38.51 38.51 38.49 38.49 38.49
38.73 38.72 38.7 38.67 38.68 38.66 38.64 38.64 38.66 38.69 38.7 38.7 38.71 38.76 38.81 38.84 38.9 38.95 38.97 39.01 39.09 39.15 39.17 39.22 39.3 39.36 39.4 39.41 39.43 39.46 39.47 39.5 39.5 39.5 39.52 39.56 39.61 39.66 39.71 39.8 39.89 39.96 39.99 40.03 40.04 40.04 40.04 40.02 39.9 39.77 39.64 39.37 39.09 38.85 38.53 38.27 38.14 38.12 38.13 38.13 38.13 38.14 38.16 38.2 38.23 38.26 38.35 38.45 38.5 38.51 38.52 38.51 38.5 38.5 38.49 38.44 38.42 38.44
38.69 38.67 38.65 38.63 38.63 38.62 38.62 38.61 38.62 38.65 38.64 38.65 38.67 38.72 38.75 38.79 38.84 38.89 38.91 38.94 39.01 39.08 39.11 39.15 39.21 39.26 39.28 39.29 39.33 39.37 39.4 39.43 39.44 39.43 39.45 39.49 39.54 39.58 39.64 39.73 39.8 39.86 39.92 40 40.04 40.05 40.05 40.06 40.03 39.99 39.9 39.71 39.52 39.31 38.9 38.47 38.22 38.15 38.11 38.11 38.11 38.12 38.15 38.19 38.22 38.27 38.37 38.45 38.48 38.47 38.48 38.48 38.48 38.48 38.43 38.36 38.32 38.36
38.64 38.62 38.6 38.58 38.56 38.57 38.58 38.58 38.58 38.58 38.57 38.58 38.62 38.67 38.69 38.72 38.76 38.8 38.82 38.87 38.97 39.04 39.06 39.08 39.13 39.16 39.17 39.2 39.25 39.26 39.29 39.34 39.38 39.39 39.39 39.42 39.47 39.52 39.57 39.65 39.71 39.79 39.85 39.95 40.01 40.03 40.05 40.07 40.07 40.06 40.01 39.88 39.74 39.57 39.16 38.66 38.38 38.25 38.13 38.09 38.08 38.09 38.12 38.17 38.23 38.3 38.4 38.45 38.44 38.4 38.4 38.42 38.42 38.4 38.33 38.27 38.22 38.26
38.57 38.55 38.55 38.53 38.5 38.51 38.53 38.53 38.52 38.51 38.51 38.53 38.57 38.63 38.66 38.68 38.71 38.76 38.8 38.86 38.95 38.99 38.99 39.01 39.05 39.07 39.07 39.1 39.15 39.16 39.19 39.24 39.29 39.32 39.33 39.36 39.4 39.44 39.49 39.56 39.63 39.7 39.77 39.89 39.96 39.99 40.03 40.06 40.07 40.06 40.03 39.97 39.9 39.74 39.36 38.92 38.64 38.47 38.23 38.1 38.03 38.02 38.06 38.16 38.26 38.34 38.42 38.43 38.4 38.33 38.31 38.32 38.31 38.27 38.21 38.16 38.14 38.17
38.5 38.49 38.49 38.48 38.46 38.45 38.46 38.46 38.46 38.46 38.47 38.5 38.54 38.61 38.66 38.67 38.71 38.77 38.81 38.85 38.89 38.91 38.91 38.94 38.97 39 39 39.01 39.05 39.07 39.1 39.13 39.17 39.2 39.24 39.29 39.32 39.36 39.4 39.46 39.51 39.58 39.69 39.82 39.91 39.94 40 40.04 40.04 40.04 40.02 39.99 39.97 39.87 39.62 39.27 39 38.81 38.49 38.2 38.03 37.98 38.02 38.14 38.24 38.33 38.39 38.4 38.39 38.33 38.26 38.22 38.21 38.19 38.14 38.1 38.1 38.16
38.46 38.44 38.43 38.42 38.41 38.4 38.4 38.41 38.42 38.41 38.4 38.45 38.54 38.6 38.63 38.64 38.69 38.75 38.77 38.79 38.81 38.82 38.83 38.85 38.88 38.91 38.91 38.92 38.96 38.99 39.01 39.02 39.05 39.09 39.13 39.2 39.25 39.28 39.32 39.37 39.41 39.47 39.6 39.73 39.82 39.87 39.95 40 40.03 40.04 40.01 39.96 39.94 39.92 39.83 39.58 39.32 39.14 38.8 38.44 38.19 38.04 38.03 38.08 38.16 38.27 38.33 38.37 38.38 38.35 38.26 38.2 38.18 38.15 38.1 38.07 38.1 38.19
38.43 38.4 38.37 38.38 38.38 38.38 38.4 38.4 38.41 38.4 38.39 38.45 38.54 38.58 38.6 38.62 38.67 38.72 38.72 38.72 38.74 38.75 38.77 38.79 38.8 38.82 38.82 38.83 38.87 38.89 38.91 38.93 38.95 38.98 39.04 39.13 39.2 39.23 39.28 39.32 39.33 39.38 39.51 39.63 39.69 39.75 39.86 39.96 40.02 40.05 40.01 39.94 39.92 39.92 39.91 39.74 39.53 39.38 39.05 38.74 38.48 38.18 38.09 38.08 38.13 38.21 38.3 38.36 38.39 38.36 38.26 38.19 38.15 38.11 38.08 38.08 38.12 38.21
38.39 38.37 38.36 38.36 38.37 38.4 38.42 38.4 38.4 38.42 38.43 38.46 38.52 38.55 38.56 38.57 38.6 38.63 38.64 38.65 38.67 38.68 38.7 38.71 38.73 38.73 38.74 38.76 38.79 38.79 38.81 38.85 38.88 38.9 38.97 39.06 39.12 39.17 39.23 39.29 39.3 39.32 39.41 39.51 39.56 39.62 39.76 39.89 39.97 40.01 40.02 39.96 39.93 39.93 39.93 39.86 39.76 39.65 39.36 39.08 38.83 38.44 38.19 38.11 38.13 38.19 38.27 38.35 38.39 38.37 38.26 38.19 38.14 38.08 38.07 38.1 38.15 38.24
38.36 38.34 38.35 38.34 38.35 38.38 38.39 38.39 38.39 38.41 38.43 38.46 38.49 38.51 38.51 38.51 38.52 38.54 38.56 38.59 38.61 38.62 38.63 38.64 38.65 38.66 38.66 38.68 38.71 38.71 38.73 38.78 38.8 38.83 38.88 38.95 39.01 39.06 39.15 39.23 39.26 39.28 39.33 39.41 39.48 39.54 39.66 39.79 39.87 39.93 40 39.99 39.96 39.94 39.94 39.95 39.93 39.86 39.64 39.41 39.19 38.81 38.42 38.2 38.19 38.21 38.23 38.31 38.36 38.36 38.26 38.19 38.13 38.06 38.07 38.11 38.17 38.26
38.32 38.32 38.33 38.33 38.34 38.35 38.36 38.37 38.39 38.41 38.42 38.43 38.45 38.47 38.47 38.46 38.47 38.48 38.49 38.53 38.55 38.56 38.57 38.59 38.59 38.59 38.59 38.61 38.63 38.64 38.65 38.68 38.7 38.74 38.8 38.86 38.92 38.96 39.06 39.15 39.2 39.24 39.3 39.36 39.41 39.48 39.58 39.69 39.77 39.83 39.93 39.99 39.99 39.96 39.94 39.95 39.95 39.91 39.79 39.65 39.49 39.19 38.8 38.48 38.39 38.27 38.2 38.23 38.28 38.31 38.24 38.17 38.11 38.06 38.06 38.09 38.15 38.24
38.3 38.3 38.3 38.31 38.33 38.35 38.36 38.37 38.38 38.38 38.38 38.4 38.4 38.41 38.42 38.43 38.44 38.45 38.45 38.46 38.49 38.51 38.52 38.54 38.53 38.52 38.51 38.52 38.54 38.56 38.59 38.61 38.63 38.68 38.77 38.83 38.87 38.92 39 39.08 39.14 39.2 39.3 39.34 39.35 39.41 39.5 39.6 39.68 39.75 39.86 39.95 39.98 39.98 39.96 39.94 39.94 39.92 39.88 39.82 39.71 39.49 39.16 38.88 38.69 38.39 38.19 38.16 38.19 38.24 38.22 38.16 38.09 38.07 38.08 38.07 38.1 38.2
38.27 38.27 38.28 38.3 38.32 38.34 38.34 38.36 38.37 38.36 38.36 38.38 38.37 38.37 38.37 38.38 38.4 38.41 38.41 38.41 38.43 38.45 38.46 38.47 38.48 38.46 38.43 38.44 38.48 38.5 38.54 38.57 38.6 38.65 38.73 38.79 38.82 38.86 38.94 39.03 39.11 39.17 39.26 39.31 39.33 39.36 39.43 39.51 39.58 39.67 39.78 39.87 39.92 39.98 39.99 39.97 39.95 39.93 39.92 39.91 39.85 39.7 39.49 39.32 39.1 38.65 38.31 38.2 38.2 38.23 38.24 38.17 38.1 38.11 38.14 38.1 38.07 38.19
38.24 38.25 38.26 38.28 38.31 38.32 38.32 38.34 38.35 38.35 38.34 38.34 38.34 38.34 38.32 38.32 38.34 38.35 38.37 38.38 38.4 38.4 38.39 38.41 38.42 38.41 38.39 38.43 38.48 38.48 38.49 38.53 38.57 38.61 38.69 38.76 38.78 38.81 38.88 38.98 39.06 39.11 39.19 39.24 39.28 39.34 39.38 39.42 39.49 39.59 39.7 39.78 39.83 39.93 39.99 40 39.97 39.94 39.94 39.93 39.92 39.85 39.75 39.7 39.54 39.07 38.68 38.55 38.48 38.41 38.34 38.25 38.17 38.19 38.2 38.17 38.14 38.22
38.24 38.25 38.25 38.26 38.29 38.31 38.31 38.31 38.31 38.31 38.3 38.27 38.26 38.27 38.27 38.27 38.29 38.32 38.34 38.36 38.38 38.38 38.37 38.37 38.37 38.37 38.39 38.42 38.46 38.46 38.47 38.52 38.57 38.6 38.67 38.74 38.76 38.78 38.85 38.94 38.99 39.05 39.13 39.18 39.22 39.3 39.35 39.37 39.42 39.52 39.63 39.7 39.75 39.85 39.93 39.96 39.96 39.95 39.94 39.94 39.95 39.94 39.91 39.91 39.81 39.43 39.11 39 38.85 38.65 38.49 38.37 38.28 38.27 38.26 38.24 38.21 38.24
38.25 38.26 38.26 38.26 38.28 38.29 38.29 38.28 38.27 38.27 38.24 38.2 38.21 38.24 38.26 38.28 38.28 38.3 38.33 38.34 38.36 38.36 38.35 38.35 38.34 38.35 38.37 38.39 38.4 38.42 38.46 38.52 38.56 38.58 38.63 38.69 38.72 38.76 38.83 38.89 38.93 39 39.08 39.13 39.18 39.27 39.33 39.35 39.38 39.44 39.52 39.59 39.65 39.75 39.82 39.86 39.9 39.94 39.95 39.96 39.96 39.96 39.98 39.98 39.89 39.62 39.39 39.26 39.05 38.79 38.61 38.49 38.38 38.33 38.27 38.25 38.21 38.17
38.23 38.24 38.24 38.25 38.26 38.26 38.26 38.24 38.23 38.22 38.22 38.21 38.23 38.27 38.27 38.28 38.28 38.29 38.31 38.31 38.31 38.32 38.32 38.32 38.32 38.33 38.37 38.4 38.41 38.42 38.47 38.52 38.54 38.56 38.59 38.63 38.66 38.72 38.79 38.83 38.88 38.96 39.04 39.1 39.14 39.21 39.28 39.32 39.34 39.37 39.42 39.47 39.53 39.62 39.71 39.77 39.82 39.89 39.94 39.95 39.96 39.96 39.96 39.97 39.93 39.76 39.6 39.45 39.18 38.91 38.73 38.6 38.45 38.35 38.27 38.24 38.18 38.09
38.19 38.2 38.21 38.22 38.23 38.22 38.21 38.2 38.21 38.21 38.22 38.25 38.25 38.25 38.25 38.26 38.28 38.28 38.27 38.28 38.29 38.29 38.29 38.28 38.3 38.32 38.37 38.4 38.41 38.42 38.46 38.49 38.51 38.54 38.58 38.6 38.63 38.69 38.75 38.79 38.83 38.91 38.99 39.01 39.03 39.09 39.17 39.23 39.27 39.32 39.36 39.38 39.42 39.51 39.6 39.68 39.76 39.84 39.9 39.93 39.95 39.96 39.96 39.96 39.95 39.86 39.75 39.6 39.32 39.04 38.86 38.71 38.51 38.37 38.29 38.24 38.17 38.12
38.17 38.16 38.18 38.2 38.2 38.19 38.18 38.2 38.23 38.23 38.23 38.24 38.24 38.23 38.23 38.25 38.26 38.26 38.26 38.28 38.29 38.27 38.25 38.26 38.3 38.32 38.35 38.38 38.4 38.42 38.45 38.48 38.48 38.51 38.56 38.59 38.62 38.67 38.71 38.75 38.78 38.84 38.88 38.88 38.9 38.98 39.07 39.14 39.2 39.29 39.33 39.34 39.37 39.45 39.51 39.57 39.68 39.79 39.85 39.88 39.93 39.97 39.99 39.98 39.98 39.95 39.91 39.77 39.5 39.22 39.04 38.87 38.61 38.43 38.34 38.28 38.21 38.18
38.16 38.15 38.17 38.19 38.18 38.17 38.18 38.21 38.22 38.23 38.24 38.24 38.25 38.23 38.21 38.23 38.24 38.24 38.24 38.24 38.25 38.23 38.22 38.26 38.29 38.3 38.33 38.36 38.38 38.4 38.44 38.45 38.45 38.48 38.55 38.59 38.62 38.66 38.69 38.71 38.74 38.76 38.79 38.8 38.83 38.92 39.03 39.11 39.16 39.23 39.27 39.29 39.33 39.39 39.45 39.5 39.6 39.71 39.76 39.81 39.89 39.96 40 40 40 39.99 40 39.92 39.71 39.46 39.3 39.08 38.74 38.52 38.42 38.32 38.26 38.24
38.17 38.17 38.18 38.19 38.19 38.19 38.2 38.22 38.23 38.24 38.24 38.24 38.25 38.23 38.22 38.22 38.21 38.21 38.2 38.19 38.18 38.19 38.22 38.24 38.26 38.29 38.32 38.34 38.35 38.37 38.42 38.43 38.44 38.49 38.55 38.6 38.63 38.65 38.64 38.64 38.67 38.71 38.74 38.77 38.8 38.87 38.97 39.06 39.09 39.14 39.19 39.24 39.3 39.36 39.4 39.45 39.54 39.63 39.69 39.75 39.84 39.91 39.97 40 40.01 39.99 40.01 39.99 39.89 39.75 39.61 39.34 38.95 38.71 38.58 38.39 38.3 38.27
38.14 38.15 38.16 38.19 38.21 38.21 38.21 38.21 38.21 38.23 38.23 38.22 38.22 38.22 38.23 38.22 38.19 38.19 38.17 38.15 38.16 38.18 38.21 38.22 38.23 38.27 38.3 38.33 38.33 38.35 38.4 38.43 38.45 38.5 38.55 38.58 38.58 38.58 38.57 38.58 38.61 38.64 38.67 38.71 38.77 38.85 38.92 38.97 39.02 39.08 39.14 39.19 39.27 39.33 39.35 39.4 39.48 39.56 39.62 39.68 39.77 39.86 39.93 39.98 40.03 40.01 40.01 40.01 39.99 39.96 39.87 39.64 39.29 39.1 38.96 38.56 38.32 38.23
38.11 38.13 38.16 38.18 38.19 38.2 38.2 38.19 38.2 38.21 38.22 38.21 38.2 38.21 38.22 38.2 38.18 38.17 38.15 38.14 38.15 38.19 38.21 38.22 38.22 38.25 38.3 38.33 38.34 38.36 38.4 38.43 38.44 38.49 38.52 38.51 38.5 38.5 38.52 38.56 38.6 38.63 38.64 38.68 38.75 38.81 38.86 38.89 38.96 39.03 39.09 39.14 39.22 39.27 39.3 39.34 39.42 39.49 39.54 39.59 39.69 39.8 39.88 39.94 40.01 40.03 40.04 40.05 40.05 40.06 40.02 39.91 39.69 39.57 39.38 38.82 38.32 38.05
38.12 38.15 38.17 38.18 38.17 38.18 38.19 38.19 38.19 38.2 38.2 38.19 38.2 38.19 38.18 38.16 38.16 38.15 38.13 38.13 38.15 38.21 38.23 38.23 38.24 38.26 38.31 38.34 38.35 38.36 38.39 38.43 38.43 38.43 38.47 38.48 38.47 38.48 38.52 38.54 38.57 38.62 38.63 38.66 38.72 38.77 38.8 38.84 38.91 38.98 39 39.05 39.15 39.23 39.26 39.3 39.37 39.42 39.45 39.49 39.6 39.7 39.77 39.85 39.91 39.95 40.02 40.09 40.09 40.08 40.07 40.03 39.95 39.88 39.65 39.16 38.5 38.02
38.15 38.16 38.17 38.17 38.16 38.18 38.2 38.2 38.2 38.18 38.17 38.17 38.18 38.17 38.15 38.13 38.13 38.14 38.14 38.15 38.17 38.22 38.23 38.22 38.24 38.29 38.31 38.31 38.33 38.34 38.37 38.4 38.4 38.4 38.43 38.44 38.44 38.47 38.51 38.53 38.55 38.59 38.61 38.63 38.67 38.73 38.77 38.8 38.87 38.92 38.94 38.99 39.09 39.17 39.22 39.25 39.31 39.35 39.36 39.37 39.46 39.55 39.62 39.7 39.77 39.83 39.93 40.06 40.1 40.09 40.07 40.04 40.01 40 39.88 39.55 38.99 38.54
38.15 38.16 38.17 38.17 38.17 38.18 38.19 38.19 38.18 38.15 38.13 38.15 38.17 38.17 38.15 38.12 38.14 38.17 38.18 38.19 38.19 38.2 38.22 38.23 38.25 38.29 38.29 38.28 38.29 38.32 38.35 38.38 38.38 38.38 38.4 38.4 38.42 38.45 38.49 38.51 38.53 38.56 38.58 38.6 38.64 38.71 38.76 38.77 38.81 38.86 38.9 38.94 39.01 39.09 39.14 39.17 39.22 39.26 39.27 39.28 39.36 39.43 39.49 39.57 39.66 39.74 39.83 39.96 40.05 40.08 40.07 40.04 40.02 40.02 39.97 39.79 39.43 39.12
38.15 38.16 38.18 38.18 38.18 38.18 38.18 38.17 38.15 38.12 38.12 38.14 38.15 38.14 38.14 38.14 38.17 38.2 38.2 38.2 38.18 38.17 38.21 38.25 38.26 38.28 38.28 38.28 38.29 38.3 38.32 38.35 38.35 38.35 38.36 38.37 38.39 38.43 38.45 38.47 38.5 38.53 38.54 38.57 38.62 38.67 38.72 38.73 38.75 38.8 38.84 38.87 38.93 39 39.04 39.08 39.14 39.18 39.2 39.24 39.32 39.38 39.43 39.5 39.59 39.64 39.71 39.83 39.94 40.02 40.04 40.04 40.01 40.01 39.99 39.91 39.72 39.53
