slabs/39.grd
DSAA
631 301
643890 644520
4948400 4948700
31.85 47.45
[rows 204 to 237 of 300, columns 468 to 545 of 631]
45 45.04 45.07 45.08 45.13 45.33 45.6 45.71 45.65 45.56 45.56 45.58 45.58 45.55 45.51 45.48 45.46 45.43 45.41 45.41 45.41 45.4 45.38 45.37 45.35 45.35 45.35 45.36 45.37 45.36 45.37 45.34 45.31 45.32 45.35 45.36 45.36 45.37 45.37 45.37 45.38 45.38 45.38 45.39 45.4 45.41 45.41 45.4 45.32 45.21 45.1 45.03 45.19 45.34 45.4 45.47 45.51 45.51 45.5 45.49 45.48 45.47 45.43 45.34 45.34 45.4 45.42 45.42 45.42 45.44 45.47 45.55 45.59 45.57 45.43 45.23 45.13 45.06
45.02 45.07 45.08 45.06 45.09 45.28 45.57 45.7 45.66 45.58 45.57 45.58 45.57 45.54 45.5 45.48 45.46 45.43 45.41 45.41 45.4 45.39 45.36 45.36 45.36 45.35 45.35 45.35 45.35 45.35 45.36 45.35 45.33 45.34 45.35 45.36 45.36 45.36 45.36 45.36 45.37 45.38 45.39 45.39 45.4 45.4 45.4 45.38 45.32 45.26 45.16 45.03 45.1 45.26 45.34 45.44 45.5 45.51 45.5 45.49 45.48 45.46 45.44 45.39 45.36 45.39 45.42 45.43 45.44 45.44 45.46 45.52 45.54 45.55 45.49 45.29 45.15 45.08
45.02 45.06 45.05 45.06 45.06 45.19 45.49 45.68 45.65 45.58 45.56 45.57 45.57 45.53 45.47 45.46 45.45 45.43 45.4 45.39 45.39 45.37 45.35 45.35 45.36 45.34 45.32 45.32 45.34 45.35 45.36 45.35 45.35 45.36 45.37 45.37 45.37 45.36 45.35 45.36 45.37 45.37 45.37 45.38 45.39 45.4 45.4 45.37 45.31 45.26 45.18 45.04 45.07 45.24 45.34 45.44 45.49 45.5 45.5 45.49 45.48 45.45 45.42 45.43 45.42 45.41 45.41 45.43 45.43 45.42 45.43 45.48 45.51 45.54 45.52 45.35 45.18 45.11
44.97 45.03 45.03 45.06 45.06 45.15 45.41 45.62 45.62 45.57 45.55 45.56 45.57 45.53 45.46 45.45 45.45 45.43 45.41 45.39 45.37 45.36 45.35 45.35 45.36 45.34 45.32 45.32 45.34 45.35 45.34 45.35 45.35 45.34 45.36 45.38 45.36 45.35 45.36 45.37 45.36 45.35 45.35 45.35 45.36 45.38 45.39 45.38 45.32 45.27 45.2 45.04 45.02 45.17 45.29 45.43 45.48 45.48 45.49 45.48 45.47 45.44 45.41 45.43 45.44 45.43 45.41 45.41 45.41 45.39 45.39 45.45 45.49 45.53 45.55 45.42 45.25 45.17
44.96 45.02 45.02 45.04 45.06 45.14 45.34 45.51 45.56 45.56 45.54 45.55 45.57 45.54 45.49 45.46 45.45 45.44 45.43 45.4 45.37 45.36 45.36 45.35 45.34 45.34 45.34 45.34 45.34 45.34 45.33 45.34 45.34 45.33 45.35 45.36 45.34 45.35 45.37 45.37 45.36 45.36 45.36 45.35 45.35 45.37 45.38 45.39 45.35 45.3 45.24 45.06 44.96 45.07 45.23 45.4 45.45 45.47 45.47 45.46 45.45 45.44 45.42 45.42 45.43 45.42 45.41 45.4 45.39 45.37 45.38 45.43 45.49 45.52 45.58 45.5 45.34 45.23
44.99 45.02 45.02 45.01 45.05 45.13 45.27 45.41 45.51 45.57 45.53 45.54 45.57 45.54 45.48 45.44 45.42 45.43 45.44 45.4 45.37 45.37 45.36 45.35 45.33 45.32 45.34 45.33 45.34 45.34 45.35 45.34 45.33 45.33 45.34 45.34 45.34 45.37 45.36 45.35 45.35 45.37 45.37 45.35 45.35 45.36 45.38 45.4 45.37 45.34 45.28 45.1 44.93 44.97 45.16 45.36 45.42 45.45 45.47 45.45 45.43 45.44 45.44 45.44 45.45 45.43 45.42 45.41 45.4 45.39 45.39 45.44 45.47 45.51 45.6 45.58 45.47 45.31
45.01 45.03 45.01 44.98 45.02 45.11 45.21 45.34 45.49 45.56 45.54 45.54 45.56 45.51 45.43 45.4 45.4 45.41 45.41 45.4 45.37 45.35 45.37 45.37 45.32 45.3 45.33 45.33 45.33 45.34 45.35 45.35 45.32 45.3 45.3 45.32 45.32 45.35 45.34 45.33 45.36 45.37 45.37 45.35 45.35 45.36 45.39 45.41 45.38 45.36 45.3 45.14 44.99 44.97 45.09 45.3 45.38 45.42 45.47 45.48 45.45 45.46 45.47 45.45 45.46 45.45 45.43 45.43 45.44 45.42 45.4 45.43 45.43 45.48 45.59 45.64 45.59 45.39
45.03 45.05 45.02 44.99 45 45.11 45.22 45.32 45.47 45.55 45.55 45.55 45.53 45.46 45.4 45.4 45.4 45.4 45.4 45.39 45.36 45.33 45.34 45.33 45.3 45.29 45.3 45.3 45.3 45.34 45.35 45.35 45.33 45.3 45.31 45.32 45.32 45.33 45.32 45.33 45.35 45.35 45.36 45.35 45.36 45.39 45.4 45.39 45.37 45.37 45.31 45.17 45.09 45.04 45.02 45.19 45.31 45.36 45.45 45.49 45.48 45.46 45.45 45.45 45.44 45.45 45.45 45.43 45.44 45.43 45.4 45.41 45.43 45.46 45.56 45.61 45.6 45.44
45.05 45.07 45.05 45.03 45.04 45.17 45.31 45.39 45.47 45.52 45.53 45.53 45.5 45.44 45.41 45.4 45.4 45.41 45.41 45.39 45.35 45.33 45.33 45.33 45.31 45.28 45.29 45.3 45.31 45.33 45.34 45.35 45.35 45.33 45.33 45.34 45.34 45.33 45.33 45.35 45.35 45.34 45.35 45.37 45.39 45.4 45.39 45.36 45.36 45.35 45.31 45.22 45.18 45.1 44.96 45.08 45.25 45.31 45.41 45.48 45.48 45.46 45.44 45.44 45.45 45.47 45.46 45.43 45.42 45.41 45.4 45.39 45.41 45.46 45.53 45.58 45.59 45.5
45.06 45.09 45.06 45.06 45.1 45.24 45.39 45.44 45.48 45.5 45.5 45.51 45.52 45.48 45.44 45.42 45.41 45.42 45.42 45.37 45.33 45.34 45.35 45.35 45.33 45.32 45.32 45.33 45.33 45.34 45.33 45.34 45.33 45.31 45.31 45.34 45.35 45.34 45.34 45.36 45.34 45.32 45.34 45.36 45.38 45.37 45.37 45.37 45.35 45.34 45.31 45.27 45.24 45.13 44.96 45.02 45.19 45.28 45.4 45.48 45.48 45.48 45.47 45.47 45.48 45.47 45.46 45.43 45.41 45.4 45.39 45.36 45.38 45.44 45.51 45.55 45.57 45.54
45.06 45.02 45 45.04 45.14 45.28 45.36 45.41 45.47 45.49 45.52 45.52 45.52 45.5 45.47 45.45 45.43 45.43 45.4 45.32 45.29 45.3 45.33 45.36 45.35 45.33 45.34 45.34 45.33 45.34 45.33 45.33 45.31 45.28 45.29 45.32 45.35 45.35 45.34 45.34 45.31 45.31 45.33 45.34 45.34 45.36 45.38 45.37 45.34 45.33 45.31 45.29 45.27 45.18 44.99 44.97 45.11 45.23 45.37 45.46 45.49 45.49 45.48 45.46 45.46 45.46 45.46 45.45 45.43 45.41 45.38 45.32 45.35 45.42 45.49 45.54 45.55 45.54
45.02 44.92 44.92 45.01 45.15 45.26 45.33 45.37 45.43 45.48 45.53 45.52 45.5 45.48 45.46 45.43 45.4 45.41 45.36 45.28 45.24 45.23 45.29 45.35 45.35 45.34 45.34 45.33 45.33 45.33 45.32 45.32 45.29 45.26 45.26 45.28 45.31 45.32 45.32 45.3 45.28 45.31 45.35 45.33 45.32 45.34 45.37 45.35 45.33 45.33 45.33 45.32 45.3 45.23 45.03 44.95 45.05 45.17 45.32 45.42 45.49 45.49 45.46 45.45 45.45 45.45 45.46 45.46 45.45 45.43 45.38 45.32 45.35 45.41 45.46 45.51 45.54 45.56
45.03 44.98 45 45.07 45.18 45.29 45.35 45.37 45.41 45.46 45.51 45.49 45.46 45.44 45.43 45.4 45.38 45.39 45.37 45.29 45.26 45.27 45.3 45.33 45.35 45.35 45.34 45.32 45.32 45.31 45.31 45.3 45.28 45.25 45.26 45.28 45.28 45.29 45.3 45.29 45.3 45.31 45.34 45.34 45.32 45.31 45.3 45.32 45.32 45.33 45.34 45.31 45.27 45.23 45.06 44.91 44.95 45.08 45.26 45.37 45.44 45.47 45.46 45.45 45.45 45.45 45.46 45.46 45.46 45.43 45.39 45.37 45.38 45.41 45.45 45.49 45.53 45.58
45.06 45.06 45.12 45.17 45.26 45.32 45.34 45.37 45.41 45.44 45.46 45.44 45.41 45.42 45.41 45.4 45.38 45.38 45.36 45.31 45.3 45.34 45.33 45.3 45.32 45.35 45.33 45.32 45.32 45.31 45.3 45.28 45.28 45.28 45.29 45.3 45.3 45.29 45.28 45.3 45.33 45.32 45.3 45.31 45.31 45.29 45.27 45.3 45.32 45.32 45.33 45.3 45.27 45.24 45.1 44.93 44.88 44.99 45.21 45.33 45.39 45.45 45.46 45.45 45.45 45.46 45.46 45.47 45.45 45.42 45.4 45.41 45.42 45.44 45.45 45.46 45.5 45.57
45.14 45.16 45.21 45.26 45.33 45.35 45.36 45.38 45.4 45.41 45.4 45.38 45.38 45.41 45.41 45.39 45.38 45.37 45.36 45.32 45.32 45.35 45.32 45.27 45.27 45.3 45.3 45.3 45.3 45.3 45.3 45.27 45.28 45.28 45.29 45.3 45.3 45.27 45.25 45.27 45.28 45.29 45.29 45.31 45.33 45.32 45.3 45.3 45.31 45.32 45.31 45.31 45.29 45.26 45.12 44.97 44.87 44.92 45.16 45.31 45.37 45.43 45.46 45.46 45.46 45.46 45.45 45.45 45.45 45.43 45.41 45.41 45.43 45.45 45.43 45.41 45.46 45.54
45.19 45.22 45.27 45.3 45.34 45.37 45.39 45.39 45.37 45.37 45.36 45.35 45.38 45.4 45.39 45.38 45.38 45.37 45.35 45.33 45.34 45.35 45.31 45.25 45.24 45.25 45.27 45.28 45.28 45.29 45.3 45.28 45.28 45.27 45.28 45.28 45.27 45.25 45.23 45.24 45.25 45.28 45.31 45.32 45.34 45.33 45.31 45.31 45.31 45.31 45.3 45.3 45.3 45.26 45.16 45.06 44.95 44.9 45.09 45.25 45.33 45.42 45.46 45.47 45.47 45.45 45.44 45.45 45.44 45.43 45.42 45.42 45.42 45.42 45.41 45.41 45.45 45.52
45.19 45.25 45.27 45.29 45.32 45.36 45.38 45.36 45.32 45.31 45.32 45.35 45.38 45.39 45.37 45.37 45.36 45.34 45.33 45.31 45.31 45.32 45.29 45.26 45.27 45.27 45.27 45.28 45.28 45.29 45.3 45.29 45.28 45.26 45.25 45.27 45.27 45.26 45.24 45.24 45.23 45.27 45.3 45.31 45.33 45.33 45.31 45.29 45.3 45.31 45.3 45.29 45.29 45.28 45.22 45.16 45.06 44.93 44.99 45.14 45.25 45.38 45.44 45.46 45.46 45.44 45.44 45.45 45.44 45.43 45.43 45.43 45.41 45.4 45.39 45.4 45.44 45.52
45.2 45.28 45.29 45.3 45.29 45.29 45.29 45.28 45.25 45.24 45.27 45.34 45.38 45.37 45.35 45.34 45.33 45.31 45.31 45.3 45.28 45.29 45.29 45.29 45.3 45.31 45.3 45.27 45.25 45.26 45.27 45.28 45.28 45.26 45.25 45.26 45.27 45.26 45.24 45.23 45.21 45.23 45.27 45.29 45.3 45.3 45.29 45.28 45.29 45.3 45.29 45.29 45.3 45.31 45.27 45.23 45.15 44.95 44.89 45.01 45.17 45.35 45.42 45.43 45.44 45.44 45.44 45.44 45.44 45.44 45.44 45.42 45.41 45.4 45.38 45.39 45.44 45.5
45.26 45.31 45.33 45.33 45.27 45.22 45.22 45.22 45.22 45.22 45.26 45.34 45.36 45.35 45.32 45.29 45.29 45.29 45.29 45.29 45.28 45.29 45.31 45.29 45.27 45.27 45.27 45.27 45.27 45.27 45.27 45.27 45.28 45.27 45.25 45.25 45.25 45.24 45.23 45.22 45.2 45.22 45.26 45.28 45.28 45.28 45.27 45.27 45.26 45.27 45.29 45.3 45.31 45.31 45.28 45.27 45.22 45.01 44.86 44.94 45.11 45.32 45.41 45.45 45.45 45.44 45.44 45.44 45.44 45.44 45.45 45.43 45.41 45.41 45.39 45.38 45.42 45.48
45.29 45.32 45.32 45.3 45.27 45.25 45.25 45.24 45.24 45.25 45.3 45.34 45.33 45.33 45.3 45.27 45.26 45.26 45.28 45.3 45.3 45.3 45.3 45.28 45.26 45.23 45.22 45.25 45.27 45.27 45.27 45.27 45.26 45.25 45.24 45.23 45.22 45.23 45.23 45.23 45.21 45.21 45.24 45.25 45.25 45.25 45.25 45.25 45.25 45.26 45.29 45.3 45.3 45.29 45.28 45.27 45.24 45.08 44.89 44.87 45.02 45.25 45.38 45.45 45.46 45.44 45.43 45.43 45.44 45.44 45.45 45.44 45.43 45.42 45.41 45.39 45.38 45.43
45.28 45.31 45.29 45.26 45.29 45.31 45.31 45.3 45.29 45.29 45.3 45.3 45.29 45.3 45.28 45.25 45.24 45.24 45.28 45.31 45.29 45.28 45.28 45.28 45.29 45.24 45.2 45.24 45.25 45.25 45.26 45.26 45.25 45.24 45.25 45.23 45.22 45.23 45.24 45.23 45.23 45.22 45.23 45.25 45.23 45.22 45.23 45.23 45.25 45.28 45.29 45.29 45.29 45.28 45.28 45.28 45.26 45.13 44.94 44.84 44.95 45.18 45.3 45.37 45.42 45.42 45.41 45.43 45.44 45.44 45.46 45.46 45.45 45.43 45.43 45.41 45.39 45.41
45.28 45.29 45.27 45.27 45.31 45.33 45.34 45.32 45.28 45.26 45.26 45.27 45.27 45.27 45.26 45.23 45.22 45.22 45.26 45.28 45.26 45.27 45.28 45.28 45.3 45.27 45.23 45.24 45.23 45.24 45.26 45.26 45.26 45.25 45.25 45.24 45.24 45.25 45.24 45.24 45.24 45.25 45.26 45.26 45.23 45.2 45.22 45.23 45.25 45.27 45.29 45.29 45.29 45.27 45.28 45.3 45.29 45.2 45.08 44.96 44.95 45.12 45.24 45.31 45.4 45.41 45.41 45.42 45.44 45.45 45.46 45.47 45.46 45.43 45.44 45.42 45.4 45.4
45.3 45.3 45.28 45.26 45.3 45.35 45.34 45.31 45.27 45.23 45.22 45.24 45.25 45.25 45.25 45.22 45.22 45.22 45.24 45.26 45.26 45.27 45.27 45.28 45.3 45.28 45.25 45.21 45.17 45.21 45.25 45.25 45.26 45.25 45.25 45.24 45.24 45.23 45.22 45.22 45.23 45.25 45.26 45.26 45.25 45.22 45.22 45.24 45.25 45.27 45.29 45.31 45.29 45.29 45.32 45.32 45.31 45.25 45.16 45.03 44.92 45.06 45.19 45.27 45.38 45.43 45.43 45.43 45.43 45.43 45.44 45.46 45.46 45.43 45.43 45.42 45.39 45.39
45.3 45.28 45.27 45.26 45.27 45.3 45.31 45.29 45.28 45.25 45.22 45.24 45.26 45.25 45.24 45.22 45.22 45.22 45.23 45.25 45.27 45.28 45.27 45.27 45.29 45.28 45.24 45.19 45.17 45.2 45.23 45.22 45.23 45.24 45.25 45.24 45.23 45.21 45.19 45.2 45.21 45.22 45.25 45.26 45.27 45.24 45.22 45.23 45.24 45.25 45.27 45.29 45.28 45.28 45.31 45.3 45.29 45.27 45.22 45.1 44.94 45.01 45.16 45.25 45.36 45.43 45.43 45.43 45.43 45.43 45.44 45.45 45.45 45.44 45.43 45.42 45.4 45.41
45.28 45.25 45.26 45.27 45.25 45.26 45.28 45.29 45.29 45.27 45.24 45.25 45.27 45.26 45.25 45.21 45.19 45.19 45.2 45.23 45.27 45.28 45.28 45.28 45.27 45.26 45.23 45.21 45.23 45.23 45.22 45.2 45.21 45.22 45.23 45.25 45.24 45.2 45.19 45.2 45.2 45.21 45.23 45.24 45.25 45.24 45.22 45.24 45.24 45.24 45.26 45.26 45.26 45.28 45.3 45.29 45.28 45.27 45.24 45.14 44.96 44.97 45.09 45.2 45.35 45.41 45.42 45.43 45.44 45.44 45.44 45.44 45.45 45.46 45.44 45.41 45.42 45.43
45.23 45.21 45.23 45.26 45.24 45.25 45.27 45.29 45.29 45.27 45.23 45.23 45.24 45.24 45.24 45.2 45.16 45.15 45.16 45.2 45.23 45.24 45.26 45.27 45.26 45.25 45.24 45.24 45.24 45.24 45.22 45.22 45.21 45.21 45.21 45.22 45.22 45.21 45.19 45.18 45.19 45.21 45.23 45.22 45.23 45.23 45.23 45.24 45.23 45.23 45.23 45.22 45.24 45.28 45.3 45.29 45.28 45.27 45.24 45.17 45.01 44.94 45 45.1 45.3 45.39 45.42 45.44 45.45 45.45 45.43 45.44 45.46 45.47 45.45 45.41 45.41 45.42
45.22 45.2 45.21 45.24 45.22 45.23 45.26 45.26 45.26 45.25 45.22 45.2 45.18 45.2 45.21 45.18 45.17 45.15 45.14 45.18 45.2 45.21 45.22 45.24 45.24 45.22 45.22 45.24 45.25 45.23 45.22 45.22 45.22 45.22 45.21 45.21 45.21 45.21 45.19 45.17 45.18 45.2 45.23 45.23 45.23 45.22 45.22 45.22 45.21 45.21 45.21 45.2 45.22 45.27 45.3 45.29 45.28 45.27 45.26 45.23 45.1 44.95 44.9 44.99 45.21 45.34 45.4 45.44 45.45 45.45 45.43 45.42 45.45 45.46 45.45 45.42 45.4 45.38
45.21 45.21 45.21 45.2 45.18 45.19 45.21 45.22 45.24 45.22 45.19 45.17 45.16 45.18 45.2 45.17 45.16 45.14 45.14 45.17 45.19 45.19 45.19 45.2 45.23 45.24 45.23 45.24 45.22 45.22 45.22 45.2 45.21 45.22 45.23 45.22 45.22 45.2 45.18 45.17 45.17 45.18 45.21 45.22 45.23 45.22 45.21 45.2 45.18 45.2 45.21 45.2 45.2 45.25 45.28 45.29 45.27 45.27 45.28 45.27 45.17 44.96 44.83 44.92 45.13 45.27 45.35 45.43 45.43 45.42 45.41 45.42 45.44 45.44 45.45 45.42 45.39 45.39
45.2 45.19 45.19 45.17 45.15 45.16 45.18 45.19 45.22 45.2 45.15 45.14 45.15 45.17 45.19 45.17 45.15 45.14 45.13 45.14 45.16 45.18 45.18 45.21 45.24 45.25 45.23 45.22 45.2 45.2 45.19 45.16 45.18 45.21 45.22 45.21 45.2 45.18 45.18 45.18 45.17 45.17 45.18 45.2 45.23 45.23 45.22 45.2 45.17 45.18 45.19 45.18 45.19 45.23 45.25 45.27 45.27 45.27 45.28 45.28 45.2 45.05 44.91 44.91 45.08 45.22 45.31 45.4 45.42 45.41 45.43 45.44 45.43 45.43 45.44 45.42 45.4 45.4
45.19 45.18 45.17 45.17 45.17 45.18 45.18 45.17 45.18 45.17 45.15 45.12 45.13 45.14 45.16 45.16 45.16 45.14 45.12 45.11 45.15 45.18 45.18 45.19 45.22 45.25 45.24 45.22 45.2 45.18 45.17 45.13 45.16 45.19 45.2 45.21 45.19 45.17 45.18 45.18 45.18 45.16 45.16 45.18 45.21 45.21 45.2 45.2 45.18 45.18 45.2 45.19 45.18 45.21 45.24 45.25 45.26 45.27 45.28 45.28 45.24 45.18 45.05 44.91 45.01 45.15 45.24 45.36 45.41 45.43 45.43 45.43 45.41 45.4 45.41 45.42 45.41 45.4
45.21 45.2 45.17 45.17 45.17 45.18 45.17 45.16 45.16 45.16 45.16 45.14 45.12 45.11 45.12 45.14 45.14 45.13 45.11 45.1 45.12 45.16 45.18 45.18 45.2 45.23 45.22 45.2 45.19 45.19 45.18 45.16 45.17 45.18 45.19 45.2 45.19 45.17 45.17 45.17 45.17 45.15 45.14 45.14 45.17 45.17 45.16 45.18 45.2 45.19 45.2 45.2 45.2 45.23 45.26 45.25 45.24 45.25 45.25 45.25 45.23 45.2 45.07 44.89 44.95 45.09 45.18 45.32 45.4 45.42 45.43 45.41 45.39 45.38 45.39 45.41 45.41 45.4
45.2 45.19 45.17 45.15 45.14 45.15 45.16 45.16 45.17 45.16 45.16 45.18 45.16 45.13 45.14 45.14 45.14 45.13 45.1 45.08 45.1 45.15 45.18 45.2 45.2 45.2 45.2 45.18 45.18 45.19 45.2 45.18 45.18 45.2 45.2 45.2 45.19 45.17 45.16 45.17 45.17 45.13 45.11 45.12 45.15 45.16 45.17 45.18 45.19 45.17 45.17 45.2 45.23 45.25 45.24 45.23 45.23 45.24 45.24 45.22 45.22 45.22 45.13 44.95 44.92 45.02 45.13 45.29 45.39 45.42 45.42 45.4 45.38 45.38 45.4 45.41 45.41 45.39
45.17 45.18 45.16 45.13 45.13 45.13 45.15 45.17 45.16 45.15 45.16 45.18 45.16 45.13 45.14 45.13 45.14 45.14 45.12 45.09 45.11 45.14 45.17 45.2 45.2 45.19 45.19 45.18 45.17 45.18 45.18 45.17 45.17 45.19 45.21 45.19 45.16 45.14 45.14 45.16 45.17 45.14 45.11 45.13 45.16 45.17 45.21 45.19 45.16 45.17 45.17 45.2 45.24 45.23 45.21 45.22 45.24 45.25 45.24 45.22 45.24 45.24 45.17 45.01 44.92 44.94 45.06 45.27 45.38 45.41 45.41 45.39 45.39 45.4 45.41 45.41 45.4 45.39
45.17 45.18 45.17 45.14 45.16 45.14 45.14 45.15 45.14 45.13 45.15 45.15 45.13 45.11 45.12 45.13 45.14 45.15 45.14 45.12 45.12 45.12 45.14 45.18 45.18 45.18 45.18 45.17 45.15 45.16 45.16 45.16 45.15 45.17 45.2 45.18 45.15 45.14 45.15 45.16 45.17 45.15 45.13 45.14 45.15 45.16 45.18 45.17 45.16 45.17 45.15 45.17 45.22 45.23 45.21 45.22 45.24 45.24 45.22 45.22 45.23 45.24 45.18 45.05 44.93 44.89 45.01 45.23 45.36 45.4 45.41 45.39 45.39 45.4 45.41 45.41 45.4 45.4
