slabs/39.grd
DSAA
631 301
643890 644520
4948400 4948700
31.85 47.45
[rows 0 to 33 of 300, columns 78 to 155 of 631]
39.95 39.95 39.97 40.01 40.03 40.04 40.06 40.08 40.09 40.08 40.08 40.09 40.11 40.11 40.09 40.09 40.12 40.13 40.11 40.08 40.09 40.08 40.08 40.07 40.05 40.03 40.05 40.07 40.07 40.07 40.09 40.08 40.06 40.06 40.07 40.09 40.09 40.09 40.09 40.09 40.08 40.07 40.08 40.12 40.17 40.18 40.19 40.18 40.18 40.21 40.23 40.25 40.35 40.54 40.79 40.98 41.02 41.05 41.08 41.08 41.04 40.91 40.82 40.81 40.8 40.76 40.72 40.71 40.7 40.66 40.63 40.6 40.54 40.49 40.48 40.45 40.41 40.35
39.95 39.95 39.98 40.04 40.06 40.06 40.06 40.08 40.1 40.1 40.09 40.09 40.11 40.11 40.09 40.09 40.11 40.11 40.1 40.09 40.1 40.1 40.09 40.09 40.1 40.08 40.07 40.08 40.07 40.08 40.1 40.1 40.08 40.07 40.07 40.08 40.09 40.09 40.1 40.09 40.09 40.09 40.11 40.14 40.18 40.21 40.2 40.19 40.2 40.23 40.28 40.34 40.49 40.73 40.92 41.02 41.04 41.07 41.08 41.03 40.98 40.87 40.8 40.79 40.77 40.74 40.7 40.68 40.66 40.63 40.62 40.59 40.53 40.49 40.46 40.43 40.38 40.33
39.96 39.97 40 40.05 40.07 40.07 40.07 40.08 40.11 40.13 40.12 40.11 40.13 40.14 40.12 40.1 40.11 40.11 40.11 40.11 40.12 40.12 40.1 40.1 40.1 40.1 40.1 40.1 40.1 40.09 40.1 40.11 40.1 40.08 40.08 40.1 40.11 40.1 40.1 40.11 40.11 40.11 40.14 40.15 40.18 40.21 40.21 40.22 40.23 40.25 40.34 40.46 40.62 40.83 40.95 41.02 41.04 41.1 41.09 40.99 40.92 40.82 40.78 40.76 40.75 40.72 40.69 40.68 40.65 40.62 40.61 40.58 40.54 40.5 40.46 40.43 40.38 40.32
40 40.02 40.04 40.07 40.07 40.07 40.08 40.1 40.12 40.13 40.12 40.12 40.13 40.13 40.13 40.11 40.11 40.11 40.12 40.14 40.14 40.13 40.12 40.13 40.12 40.11 40.11 40.12 40.12 40.12 40.12 40.13 40.13 40.11 40.1 40.12 40.14 40.13 40.12 40.13 40.14 40.15 40.17 40.18 40.19 40.21 40.22 40.23 40.25 40.28 40.41 40.6 40.74 40.91 40.98 41.02 41.05 41.11 41.08 40.97 40.88 40.79 40.76 40.74 40.72 40.7 40.69 40.67 40.65 40.61 40.58 40.56 40.54 40.5 40.47 40.43 40.37 40.31
40.02 40.03 40.05 40.07 40.07 40.08 40.09 40.12 40.13 40.13 40.13 40.14 40.14 40.12 40.12 40.12 40.1 40.1 40.13 40.15 40.14 40.13 40.13 40.16 40.16 40.14 40.12 40.14 40.14 40.15 40.16 40.16 40.17 40.16 40.14 40.15 40.17 40.16 40.14 40.15 40.16 40.18 40.2 40.2 40.21 40.23 40.24 40.23 40.25 40.33 40.55 40.77 40.88 40.98 41.02 41.04 41.09 41.14 41.08 40.95 40.86 40.79 40.76 40.74 40.7 40.68 40.66 40.66 40.64 40.6 40.56 40.55 40.54 40.51 40.48 40.44 40.36 40.3
40.03 40.04 40.06 40.08 40.1 40.12 40.13 40.13 40.12 40.13 40.14 40.16 40.16 40.15 40.13 40.11 40.1 40.11 40.14 40.14 40.13 40.12 40.14 40.17 40.17 40.16 40.15 40.16 40.16 40.17 40.17 40.16 40.17 40.18 40.19 40.19 40.19 40.17 40.16 40.17 40.18 40.2 40.21 40.22 40.23 40.25 40.25 40.24 40.29 40.44 40.69 40.9 40.97 41.02 41.03 41.05 41.1 41.15 41.1 40.97 40.83 40.77 40.75 40.73 40.69 40.67 40.65 40.63 40.62 40.59 40.55 40.55 40.54 40.5 40.48 40.43 40.35 40.29
40.05 40.06 40.07 40.09 40.11 40.14 40.15 40.13 40.12 40.13 40.15 40.17 40.17 40.16 40.14 40.11 40.1 40.12 40.15 40.14 40.13 40.13 40.15 40.17 40.15 40.15 40.16 40.18 40.18 40.18 40.17 40.17 40.18 40.19 40.19 40.18 40.18 40.18 40.18 40.17 40.19 40.21 40.22 40.23 40.24 40.24 40.26 40.26 40.35 40.57 40.83 40.99 41.01 41.03 41.04 41.05 41.08 41.09 41.04 40.93 40.81 40.76 40.73 40.72 40.69 40.66 40.63 40.62 40.6 40.57 40.55 40.55 40.53 40.48 40.45 40.4 40.33 40.27
40.06 40.07 40.08 40.09 40.11 40.12 40.13 40.12 40.09 40.11 40.14 40.15 40.15 40.14 40.12 40.11 40.11 40.11 40.13 40.13 40.13 40.13 40.15 40.17 40.15 40.14 40.16 40.18 40.19 40.19 40.18 40.18 40.2 40.2 40.18 40.17 40.18 40.22 40.21 40.19 40.2 40.22 40.23 40.23 40.24 40.25 40.27 40.31 40.44 40.71 40.93 41.04 41.05 41.05 41.05 41.05 41.04 41.01 40.96 40.88 40.8 40.76 40.73 40.7 40.67 40.63 40.61 40.59 40.58 40.57 40.57 40.55 40.51 40.47 40.43 40.37 40.3 40.25
40.07 40.08 40.09 40.09 40.1 40.11 40.12 40.12 40.1 40.11 40.13 40.14 40.13 40.12 40.11 40.12 40.13 40.12 40.13 40.14 40.15 40.14 40.15 40.17 40.17 40.17 40.18 40.19 40.19 40.19 40.2 40.2 40.2 40.2 40.2 40.21 40.21 40.23 40.24 40.24 40.23 40.23 40.24 40.24 40.25 40.26 40.29 40.36 40.53 40.81 40.98 41.04 41.07 41.07 41.07 41.06 41.02 40.96 40.91 40.86 40.81 40.76 40.73 40.69 40.63 40.6 40.58 40.56 40.56 40.56 40.56 40.54 40.5 40.47 40.43 40.36 40.29 40.23
40.07 40.08 40.1 40.11 40.11 40.12 40.14 40.14 40.13 40.13 40.14 40.13 40.12 40.12 40.12 40.13 40.15 40.15 40.16 40.17 40.19 40.18 40.18 40.2 40.2 40.21 40.22 40.22 40.21 40.2 40.21 40.2 40.2 40.2 40.19 40.19 40.22 40.25 40.26 40.25 40.24 40.24 40.25 40.27 40.26 40.27 40.29 40.39 40.61 40.88 41.03 41.07 41.11 41.11 41.1 41.07 40.99 40.92 40.88 40.85 40.79 40.74 40.71 40.67 40.6 40.57 40.55 40.54 40.54 40.55 40.54 40.52 40.47 40.43 40.4 40.33 40.25 40.2
40.07 40.08 40.1 40.13 40.15 40.15 40.16 40.15 40.14 40.13 40.12 40.13 40.13 40.13 40.13 40.13 40.14 40.16 40.19 40.19 40.18 40.17 40.19 40.22 40.22 40.22 40.22 40.23 40.22 40.21 40.22 40.22 40.22 40.21 40.2 40.2 40.22 40.25 40.25 40.23 40.24 40.24 40.25 40.28 40.27 40.28 40.32 40.46 40.73 40.96 41.09 41.12 41.15 41.16 41.14 41.08 40.96 40.88 40.86 40.82 40.77 40.72 40.68 40.64 40.59 40.56 40.55 40.54 40.53 40.54 40.53 40.5 40.45 40.39 40.35 40.29 40.2 40.14
40.12 40.11 40.1 40.14 40.17 40.18 40.17 40.16 40.15 40.14 40.12 40.14 40.16 40.15 40.14 40.14 40.15 40.17 40.2 40.2 40.18 40.18 40.21 40.21 40.22 40.23 40.22 40.21 40.21 40.21 40.23 40.24 40.23 40.22 40.21 40.22 40.22 40.24 40.24 40.23 40.24 40.26 40.27 40.28 40.28 40.33 40.44 40.66 40.93 41.05 41.12 41.14 41.18 41.19 41.15 41.08 40.94 40.86 40.83 40.81 40.78 40.74 40.7 40.65 40.59 40.55 40.54 40.53 40.5 40.49 40.49 40.46 40.41 40.36 40.32 40.26 40.17 40.11
40.16 40.14 40.12 40.13 40.14 40.17 40.17 40.15 40.14 40.14 40.14 40.15 40.17 40.16 40.13 40.14 40.16 40.18 40.19 40.19 40.18 40.19 40.21 40.22 40.23 40.24 40.22 40.19 40.2 40.23 40.24 40.25 40.24 40.22 40.21 40.22 40.23 40.24 40.26 40.26 40.28 40.3 40.31 40.3 40.32 40.46 40.64 40.85 41.06 41.1 41.12 41.15 41.2 41.18 41.11 41.03 40.92 40.84 40.82 40.81 40.78 40.75 40.72 40.65 40.6 40.55 40.53 40.52 40.5 40.49 40.48 40.46 40.4 40.34 40.31 40.24 40.15 40.1
40.14 40.14 40.14 40.13 40.12 40.14 40.15 40.13 40.14 40.15 40.16 40.16 40.15 40.14 40.13 40.14 40.16 40.18 40.18 40.17 40.18 40.2 40.21 40.22 40.24 40.25 40.22 40.19 40.2 40.23 40.25 40.26 40.25 40.23 40.22 40.23 40.24 40.26 40.28 40.3 40.31 40.32 40.33 40.33 40.4 40.63 40.83 40.96 41.08 41.11 41.12 41.16 41.21 41.14 41.04 41 40.92 40.86 40.84 40.81 40.76 40.72 40.69 40.64 40.6 40.57 40.55 40.53 40.52 40.5 40.48 40.44 40.37 40.33 40.3 40.22 40.12 40.08
40.1 40.12 40.16 40.16 40.15 40.15 40.14 40.14 40.14 40.15 40.15 40.15 40.14 40.14 40.14 40.14 40.16 40.18 40.17 40.17 40.17 40.19 40.21 40.22 40.23 40.23 40.22 40.2 40.21 40.23 40.24 40.24 40.25 40.26 40.27 40.27 40.27 40.28 40.3 40.31 40.33 40.34 40.34 40.37 40.51 40.78 40.99 41.06 41.11 41.12 41.12 41.15 41.17 41.11 41.02 40.97 40.93 40.89 40.87 40.82 40.76 40.7 40.67 40.64 40.62 40.59 40.57 40.54 40.51 40.49 40.47 40.41 40.35 40.31 40.27 40.19 40.11 40.06
40.1 40.13 40.17 40.16 40.15 40.14 40.14 40.15 40.15 40.14 40.13 40.14 40.15 40.15 40.15 40.15 40.17 40.19 40.17 40.16 40.17 40.19 40.21 40.22 40.21 40.2 40.2 40.2 40.21 40.24 40.24 40.23 40.25 40.28 40.3 40.3 40.3 40.32 40.32 40.34 40.36 40.37 40.37 40.43 40.64 40.92 41.08 41.11 41.12 41.12 41.13 41.12 41.1 41.06 40.99 40.94 40.92 40.9 40.88 40.82 40.75 40.71 40.68 40.65 40.62 40.6 40.57 40.52 40.49 40.46 40.44 40.39 40.33 40.28 40.24 40.17 40.12 40.09
40.13 40.14 40.16 40.16 40.16 40.14 40.14 40.16 40.16 40.14 40.13 40.15 40.14 40.14 40.15 40.16 40.17 40.18 40.17 40.16 40.17 40.2 40.21 40.22 40.22 40.21 40.22 40.22 40.23 40.25 40.25 40.24 40.25 40.28 40.31 40.33 40.34 40.35 40.35 40.37 40.38 40.38 40.41 40.55 40.82 41.03 41.12 41.14 41.14 41.12 41.1 41.08 41.04 41 40.96 40.92 40.9 40.88 40.87 40.82 40.76 40.72 40.69 40.66 40.63 40.59 40.56 40.51 40.47 40.45 40.41 40.35 40.31 40.27 40.22 40.18 40.16 40.14
40.15 40.16 40.15 40.14 40.14 40.14 40.14 40.14 40.14 40.13 40.13 40.15 40.14 40.13 40.15 40.15 40.17 40.19 40.17 40.17 40.18 40.19 40.21 40.23 40.23 40.23 40.25 40.26 40.25 40.24 40.25 40.25 40.26 40.29 40.32 40.33 40.35 40.36 40.36 40.37 40.39 40.43 40.49 40.71 41.01 41.12 41.17 41.18 41.16 41.13 41.09 41.05 41 40.98 40.95 40.91 40.9 40.88 40.86 40.81 40.75 40.72 40.69 40.65 40.62 40.58 40.55 40.5 40.45 40.43 40.39 40.33 40.29 40.26 40.21 40.19 40.19 40.16
40.15 40.15 40.14 40.12 40.12 40.14 40.14 40.11 40.11 40.13 40.14 40.14 40.14 40.14 40.16 40.16 40.17 40.2 40.19 40.18 40.18 40.19 40.2 40.21 40.22 40.22 40.24 40.27 40.27 40.24 40.24 40.25 40.27 40.31 40.32 40.33 40.35 40.36 40.37 40.39 40.41 40.5 40.64 40.85 41.11 41.16 41.17 41.19 41.19 41.15 41.1 41.02 40.97 40.94 40.92 40.89 40.89 40.89 40.86 40.8 40.74 40.71 40.68 40.64 40.61 40.57 40.54 40.48 40.43 40.41 40.38 40.33 40.29 40.27 40.22 40.18 40.18 40.14
40.15 40.14 40.14 40.13 40.13 40.14 40.13 40.12 40.12 40.14 40.15 40.14 40.14 40.15 40.16 40.15 40.16 40.17 40.17 40.16 40.18 40.2 40.19 40.2 40.22 40.22 40.23 40.26 40.26 40.24 40.23 40.25 40.28 40.3 40.32 40.33 40.35 40.37 40.38 40.4 40.44 40.55 40.73 40.97 41.16 41.16 41.17 41.2 41.21 41.19 41.11 41 40.94 40.9 40.89 40.87 40.86 40.86 40.82 40.77 40.72 40.69 40.67 40.64 40.6 40.57 40.52 40.47 40.43 40.41 40.37 40.32 40.29 40.27 40.22 40.17 40.14 40.11
40.15 40.14 40.14 40.15 40.15 40.14 40.13 40.13 40.15 40.16 40.15 40.14 40.14 40.14 40.14 40.14 40.14 40.13 40.13 40.14 40.17 40.2 40.19 40.2 40.21 40.22 40.24 40.25 40.25 40.24 40.24 40.26 40.29 40.3 40.31 40.33 40.36 40.38 40.4 40.41 40.48 40.6 40.8 41.06 41.19 41.18 41.19 41.21 41.24 41.22 41.12 40.97 40.91 40.87 40.85 40.83 40.82 40.8 40.78 40.74 40.71 40.69 40.66 40.62 40.59 40.56 40.5 40.45 40.43 40.41 40.37 40.31 40.27 40.25 40.21 40.16 40.11 40.08
40.14 40.14 40.14 40.14 40.14 40.14 40.13 40.14 40.16 40.15 40.13 40.12 40.11 40.11 40.12 40.15 40.14 40.13 40.13 40.15 40.19 40.21 40.21 40.21 40.21 40.23 40.24 40.24 40.23 40.24 40.26 40.29 40.31 40.3 40.3 40.33 40.37 40.4 40.41 40.43 40.57 40.75 40.93 41.14 41.2 41.19 41.19 41.2 41.19 41.16 41.06 40.94 40.89 40.86 40.83 40.8 40.79 40.78 40.76 40.73 40.7 40.68 40.65 40.6 40.58 40.56 40.51 40.45 40.42 40.41 40.37 40.31 40.26 40.24 40.21 40.16 40.09 40.07
40.13 40.14 40.13 40.12 40.13 40.14 40.15 40.17 40.16 40.13 40.1 40.11 40.1 40.1 40.13 40.15 40.15 40.13 40.13 40.16 40.2 40.21 40.22 40.21 40.21 40.23 40.23 40.22 40.22 40.25 40.29 40.31 40.33 40.32 40.32 40.34 40.39 40.41 40.43 40.49 40.69 40.92 41.07 41.19 41.2 41.2 41.19 41.17 41.11 41.04 40.98 40.92 40.9 40.88 40.85 40.81 40.79 40.78 40.76 40.72 40.69 40.68 40.64 40.6 40.58 40.56 40.51 40.46 40.43 40.41 40.36 40.31 40.29 40.26 40.22 40.16 40.1 40.07
40.12 40.15 40.14 40.13 40.14 40.14 40.16 40.16 40.14 40.1 40.07 40.08 40.09 40.1 40.12 40.14 40.15 40.14 40.14 40.17 40.21 40.21 40.21 40.19 40.2 40.23 40.23 40.23 40.24 40.27 40.3 40.32 40.35 40.36 40.35 40.35 40.39 40.43 40.46 40.59 40.85 41.04 41.14 41.21 41.2 41.2 41.2 41.16 41.08 41.01 40.96 40.91 40.89 40.88 40.85 40.82 40.8 40.79 40.75 40.71 40.67 40.66 40.62 40.59 40.58 40.56 40.51 40.47 40.44 40.41 40.35 40.31 40.29 40.27 40.23 40.17 40.12 40.07
40.13 40.15 40.16 40.18 40.16 40.13 40.13 40.13 40.12 40.09 40.08 40.09 40.1 40.11 40.12 40.14 40.15 40.15 40.16 40.18 40.22 40.22 40.21 40.2 40.2 40.23 40.24 40.24 40.25 40.27 40.3 40.33 40.36 40.38 40.38 40.37 40.39 40.43 40.49 40.7 40.99 41.15 41.19 41.22 41.22 41.22 41.21 41.15 41.05 41 40.97 40.91 40.89 40.87 40.84 40.82 40.81 40.8 40.75 40.7 40.67 40.64 40.6 40.57 40.56 40.55 40.51 40.48 40.46 40.42 40.35 40.29 40.26 40.25 40.22 40.16 40.11 40.04
40.16 40.16 40.15 40.17 40.16 40.13 40.11 40.12 40.12 40.1 40.09 40.11 40.12 40.13 40.13 40.14 40.15 40.17 40.19 40.21 40.23 40.23 40.23 40.22 40.22 40.24 40.25 40.25 40.25 40.27 40.29 40.32 40.36 40.38 40.38 40.38 40.41 40.45 40.57 40.85 41.11 41.21 41.23 41.24 41.24 41.24 41.22 41.14 41.04 41 40.97 40.93 40.92 40.89 40.85 40.83 40.81 40.79 40.75 40.7 40.67 40.65 40.61 40.57 40.54 40.54 40.52 40.5 40.49 40.43 40.34 40.28 40.25 40.23 40.19 40.13 40.08 40.01
40.17 40.16 40.13 40.12 40.13 40.12 40.11 40.12 40.12 40.1 40.1 40.11 40.12 40.13 40.13 40.14 40.15 40.18 40.21 40.23 40.23 40.23 40.23 40.23 40.24 40.25 40.25 40.25 40.27 40.28 40.29 40.31 40.34 40.35 40.36 40.38 40.45 40.52 40.71 41.05 41.2 41.21 41.23 41.25 41.25 41.25 41.21 41.12 41.04 41 40.98 40.95 40.93 40.9 40.86 40.83 40.81 40.8 40.76 40.7 40.67 40.65 40.61 40.57 40.54 40.53 40.52 40.5 40.49 40.43 40.34 40.28 40.25 40.22 40.17 40.12 40.06 39.98
40.17 40.14 40.11 40.1 40.1 40.11 40.12 40.12 40.11 40.1 40.1 40.1 40.11 40.12 40.14 40.14 40.14 40.16 40.2 40.21 40.21 40.21 40.22 40.21 40.22 40.25 40.25 40.25 40.28 40.3 40.3 40.32 40.34 40.34 40.35 40.4 40.54 40.68 40.89 41.17 41.23 41.22 41.23 41.26 41.28 41.26 41.2 41.1 41.03 41 40.98 40.96 40.94 40.92 40.87 40.84 40.82 40.81 40.76 40.7 40.68 40.65 40.62 40.58 40.56 40.54 40.53 40.53 40.5 40.44 40.36 40.29 40.26 40.22 40.16 40.11 40.06 39.96
40.14 40.12 40.12 40.11 40.09 40.11 40.12 40.12 40.11 40.09 40.09 40.1 40.11 40.13 40.14 40.14 40.13 40.15 40.18 40.18 40.17 40.19 40.19 40.2 40.21 40.22 40.24 40.26 40.28 40.29 40.3 40.31 40.34 40.36 40.38 40.44 40.63 40.83 41.02 41.23 41.24 41.23 41.24 41.27 41.28 41.25 41.17 41.08 41.03 41.01 40.98 40.95 40.93 40.92 40.88 40.84 40.83 40.81 40.75 40.7 40.67 40.64 40.61 40.6 40.58 40.56 40.54 40.55 40.52 40.44 40.35 40.29 40.26 40.2 40.14 40.1 40.05 39.95
40.12 40.11 40.12 40.11 40.11 40.12 40.12 40.12 40.11 40.1 40.1 40.1 40.13 40.14 40.14 40.13 40.14 40.15 40.18 40.17 40.16 40.16 40.18 40.22 40.22 40.22 40.23 40.26 40.27 40.29 40.3 40.33 40.35 40.36 40.39 40.5 40.73 40.94 41.11 41.25 41.24 41.24 41.26 41.28 41.27 41.22 41.12 41.06 41.02 41.01 40.98 40.94 40.92 40.9 40.87 40.84 40.83 40.8 40.73 40.68 40.66 40.64 40.61 40.59 40.58 40.55 40.53 40.53 40.5 40.42 40.32 40.27 40.24 40.19 40.12 40.09 40.03 39.92
40.12 40.1 40.1 40.12 40.13 40.12 40.12 40.11 40.11 40.11 40.12 40.12 40.13 40.12 40.12 40.14 40.16 40.17 40.19 40.19 40.17 40.17 40.19 40.22 40.24 40.26 40.26 40.25 40.26 40.3 40.33 40.36 40.35 40.34 40.39 40.57 40.83 41.03 41.16 41.24 41.24 41.24 41.28 41.29 41.25 41.18 41.08 41.03 41.01 41 40.97 40.93 40.91 40.89 40.87 40.84 40.83 40.8 40.74 40.68 40.65 40.64 40.61 40.58 40.56 40.54 40.51 40.47 40.45 40.41 40.33 40.28 40.25 40.17 40.08 40.03 39.99 39.88
40.11 40.11 40.11 40.13 40.13 40.11 40.1 40.11 40.12 40.12 40.13 40.14 40.13 40.11 40.11 40.14 40.16 40.19 40.21 40.21 40.21 40.22 40.21 40.21 40.23 40.25 40.26 40.25 40.27 40.3 40.34 40.38 40.36 40.34 40.44 40.67 40.89 41.05 41.18 41.23 41.24 41.25 41.28 41.27 41.2 41.13 41.05 41.01 40.97 40.96 40.95 40.91 40.9 40.89 40.87 40.83 40.82 40.79 40.74 40.7 40.66 40.64 40.61 40.57 40.54 40.52 40.47 40.42 40.41 40.4 40.37 40.32 40.26 40.17 40.05 39.98 39.94 39.83
40.11 40.12 40.12 40.13 40.12 40.1 40.08 40.1 40.13 40.13 40.14 40.15 40.14 40.13 40.13 40.15 40.17 40.2 40.21 40.22 40.22 40.23 40.23 40.23 40.24 40.25 40.26 40.26 40.3 40.33 40.36 40.38 40.37 40.37 40.5 40.78 40.99 41.1 41.21 41.24 41.26 41.27 41.28 41.22 41.12 41.08 41.03 40.99 40.95 40.95 40.94 40.91 40.89 40.88 40.85 40.82 40.81 40.78 40.74 40.71 40.68 40.64 40.61 40.58 40.55 40.5 40.45 40.41 40.39 40.38 40.37 40.34 40.29 40.18 40.04 39.95 39.9 39.79
40.13 40.12 40.13 40.13 40.12 40.09 40.09 40.1 40.12 40.13 40.15 40.16 40.14 40.12 40.14 40.17 40.18 40.19 40.2 40.21 40.21 40.22 40.22 40.24 40.25 40.25 40.26 40.29 40.33 40.35 40.36 40.38 40.39 40.43 40.61 40.93 41.13 41.2 41.26 41.28 41.29 41.29 41.27 41.16 41.05 41.02 41.01 41 40.98 40.96 40.93 40.9 40.89 40.88 40.85 40.83 40.82 40.77 40.73 40.7 40.67 40.62 40.59 40.56 40.54 40.49 40.43 40.4 40.36 40.32 40.31 40.3 40.25 40.15 40.01 39.91 39.86 39.74
