slabs/39.grd
DSAA
631 301
643890 644520
4948400 4948700
31.85 47.45
[rows 34 to 67 of 300, columns 0 to 77 of 631]
39.54 39.37 39.08 38.88 38.93 39.11 39.24 39.29 39.32 39.37 39.4 39.43 39.45 39.49 39.51 39.54 39.61 39.66 39.68 39.67 39.64 39.63 39.63 39.66 39.72 39.75 39.74 39.74 39.75 39.78 39.79 39.79 39.79 39.82 39.84 39.84 39.83 39.82 39.85 39.9 39.9 39.89 39.91 39.96 39.99 40 39.99 40.01 40.06 40.09 40.1 40.1 40.1 40.11 40.11 40.1 40.1 40.11 40.1 40.1 40.13 40.12 40.09 40.1 40.12 40.12 40.14 40.15 40.13 40.14 40.15 40.15 40.15 40.15 40.14 40.12 40.09 40.09
39.55 39.44 39.19 39 38.98 39.04 39.17 39.28 39.32 39.37 39.41 39.42 39.44 39.48 39.5 39.54 39.63 39.67 39.69 39.67 39.63 39.63 39.65 39.68 39.73 39.74 39.73 39.73 39.75 39.79 39.81 39.8 39.8 39.82 39.83 39.84 39.85 39.86 39.87 39.9 39.89 39.88 39.91 39.98 40 39.99 39.99 40.02 40.06 40.08 40.09 40.09 40.07 40.08 40.09 40.11 40.11 40.11 40.12 40.13 40.15 40.12 40.07 40.09 40.13 40.14 40.14 40.13 40.12 40.13 40.15 40.15 40.14 40.13 40.13 40.11 40.09 40.08
39.56 39.48 39.36 39.25 39.17 39.05 39.12 39.28 39.33 39.38 39.42 39.42 39.43 39.48 39.52 39.56 39.63 39.66 39.67 39.66 39.63 39.65 39.68 39.71 39.75 39.75 39.75 39.74 39.76 39.8 39.81 39.8 39.82 39.84 39.85 39.84 39.85 39.88 39.9 39.9 39.91 39.91 39.94 39.98 40 40.01 40.02 40.04 40.07 40.08 40.08 40.08 40.06 40.06 40.09 40.12 40.12 40.11 40.13 40.15 40.16 40.13 40.09 40.12 40.15 40.16 40.16 40.12 40.1 40.13 40.16 40.17 40.16 40.15 40.14 40.14 40.12 40.1
39.59 39.54 39.53 39.53 39.42 39.17 39.04 39.17 39.33 39.4 39.44 39.43 39.41 39.45 39.5 39.54 39.61 39.65 39.67 39.67 39.66 39.67 39.7 39.73 39.75 39.76 39.77 39.76 39.79 39.83 39.83 39.82 39.84 39.86 39.87 39.87 39.88 39.9 39.91 39.92 39.93 39.96 39.97 39.99 40.03 40.05 40.07 40.07 40.08 40.1 40.09 40.09 40.08 40.07 40.09 40.11 40.11 40.11 40.12 40.13 40.13 40.12 40.11 40.13 40.15 40.15 40.13 40.11 40.11 40.14 40.18 40.18 40.17 40.16 40.15 40.16 40.15 40.13
39.65 39.6 39.55 39.54 39.48 39.25 39 39.03 39.24 39.39 39.44 39.43 39.41 39.43 39.47 39.52 39.59 39.65 39.68 39.68 39.68 39.7 39.72 39.74 39.76 39.77 39.77 39.77 39.81 39.86 39.85 39.84 39.86 39.88 39.89 39.91 39.91 39.93 39.94 39.95 39.98 40 40.01 40.03 40.07 40.09 40.08 40.06 40.06 40.07 40.1 40.1 40.1 40.09 40.08 40.09 40.08 40.11 40.13 40.13 40.13 40.12 40.12 40.13 40.13 40.13 40.13 40.13 40.15 40.17 40.19 40.18 40.17 40.15 40.14 40.14 40.14 40.13
39.68 39.62 39.56 39.53 39.49 39.32 39.13 39.03 39.1 39.34 39.43 39.44 39.44 39.45 39.47 39.51 39.58 39.64 39.68 39.68 39.69 39.72 39.72 39.74 39.77 39.77 39.77 39.78 39.83 39.87 39.86 39.86 39.88 39.9 39.9 39.91 39.93 39.95 39.96 40 40.04 40.05 40.06 40.07 40.09 40.08 40.07 40.06 40.07 40.07 40.1 40.1 40.1 40.09 40.09 40.09 40.06 40.09 40.12 40.12 40.13 40.13 40.13 40.14 40.14 40.13 40.13 40.15 40.18 40.18 40.17 40.15 40.14 40.14 40.13 40.13 40.12 40.12
39.69 39.61 39.56 39.53 39.47 39.36 39.23 39.06 39.01 39.26 39.41 39.45 39.47 39.45 39.45 39.49 39.56 39.62 39.65 39.66 39.69 39.72 39.72 39.73 39.75 39.75 39.75 39.79 39.83 39.85 39.85 39.88 39.91 39.94 39.93 39.92 39.94 39.96 39.98 40.02 40.06 40.06 40.07 40.08 40.08 40.07 40.07 40.1 40.12 40.12 40.11 40.09 40.07 40.07 40.09 40.1 40.09 40.1 40.11 40.11 40.12 40.13 40.14 40.15 40.17 40.16 40.16 40.18 40.19 40.17 40.15 40.13 40.13 40.14 40.15 40.15 40.14 40.12
39.74 39.62 39.55 39.52 39.49 39.39 39.27 39.13 39 39.15 39.35 39.44 39.5 39.47 39.45 39.48 39.54 39.58 39.61 39.64 39.67 39.69 39.7 39.72 39.73 39.72 39.74 39.77 39.81 39.82 39.84 39.89 39.92 39.96 39.96 39.95 39.96 39.98 40 40.03 40.05 40.06 40.07 40.09 40.1 40.08 40.07 40.09 40.11 40.12 40.1 40.07 40.06 40.07 40.1 40.1 40.08 40.09 40.1 40.1 40.12 40.13 40.15 40.16 40.17 40.17 40.17 40.18 40.18 40.16 40.14 40.12 40.13 40.16 40.15 40.14 40.13 40.12
39.8 39.68 39.59 39.57 39.54 39.44 39.33 39.22 39.03 39.05 39.23 39.39 39.52 39.5 39.48 39.49 39.52 39.55 39.59 39.63 39.65 39.67 39.68 39.71 39.73 39.74 39.74 39.77 39.8 39.82 39.85 39.89 39.92 39.94 39.95 39.95 39.96 39.97 39.99 40.02 40.03 40.03 40.05 40.08 40.11 40.11 40.1 40.08 40.09 40.1 40.09 40.07 40.08 40.09 40.11 40.1 40.08 40.09 40.1 40.1 40.13 40.15 40.16 40.15 40.15 40.16 40.18 40.18 40.17 40.16 40.14 40.12 40.13 40.15 40.13 40.1 40.1 40.1
39.8 39.71 39.64 39.62 39.59 39.5 39.4 39.28 39.05 38.99 39.13 39.32 39.52 39.53 39.52 39.52 39.53 39.56 39.6 39.63 39.66 39.68 39.69 39.72 39.75 39.77 39.77 39.77 39.81 39.84 39.86 39.89 39.91 39.94 39.93 39.93 39.94 39.95 39.98 40.01 40.01 40.01 40.05 40.09 40.12 40.13 40.11 40.08 40.07 40.08 40.08 40.07 40.08 40.09 40.11 40.1 40.1 40.1 40.1 40.1 40.13 40.16 40.16 40.16 40.16 40.17 40.18 40.19 40.17 40.15 40.14 40.12 40.13 40.13 40.1 40.1 40.1 40.1
39.75 39.66 39.62 39.59 39.58 39.5 39.38 39.24 39.01 39.02 39.2 39.36 39.54 39.58 39.57 39.55 39.55 39.56 39.57 39.6 39.65 39.68 39.7 39.72 39.76 39.79 39.78 39.78 39.81 39.83 39.84 39.87 39.89 39.91 39.91 39.92 39.94 39.94 39.97 40.01 40.01 40.01 40.04 40.09 40.13 40.13 40.11 40.08 40.06 40.06 40.06 40.07 40.08 40.09 40.1 40.12 40.12 40.12 40.11 40.11 40.13 40.15 40.15 40.17 40.17 40.18 40.17 40.17 40.15 40.13 40.13 40.12 40.13 40.13 40.12 40.14 40.13 40.09
39.68 39.62 39.61 39.59 39.52 39.36 39.21 39.08 38.98 39.13 39.34 39.48 39.58 39.62 39.6 39.57 39.54 39.53 39.55 39.59 39.64 39.66 39.68 39.71 39.75 39.78 39.77 39.77 39.79 39.79 39.8 39.83 39.85 39.86 39.87 39.91 39.95 39.95 39.97 40 40 40.01 40.04 40.08 40.12 40.12 40.11 40.1 40.09 40.08 40.07 40.08 40.09 40.09 40.1 40.13 40.13 40.13 40.13 40.12 40.13 40.14 40.15 40.17 40.17 40.16 40.16 40.15 40.14 40.12 40.13 40.14 40.15 40.14 40.15 40.16 40.13 40.09
39.64 39.63 39.63 39.58 39.4 39.15 38.99 38.94 39.11 39.33 39.45 39.57 39.65 39.67 39.64 39.59 39.56 39.54 39.56 39.6 39.63 39.66 39.67 39.69 39.72 39.74 39.75 39.76 39.78 39.78 39.79 39.8 39.81 39.81 39.84 39.9 39.94 39.96 39.97 39.99 40 40.02 40.04 40.08 40.1 40.1 40.1 40.12 40.12 40.11 40.1 40.09 40.1 40.11 40.11 40.13 40.14 40.14 40.13 40.12 40.12 40.14 40.14 40.14 40.14 40.13 40.14 40.16 40.15 40.13 40.14 40.16 40.16 40.14 40.13 40.14 40.11 40.08
39.61 39.6 39.56 39.46 39.18 38.93 38.88 39.04 39.36 39.54 39.6 39.64 39.69 39.72 39.68 39.62 39.6 39.58 39.57 39.59 39.64 39.68 39.69 39.7 39.71 39.72 39.74 39.76 39.76 39.77 39.78 39.79 39.79 39.79 39.84 39.9 39.93 39.94 39.97 39.99 40.01 40.02 40.03 40.06 40.08 40.07 40.09 40.11 40.1 40.1 40.1 40.08 40.1 40.12 40.12 40.11 40.13 40.14 40.13 40.12 40.12 40.14 40.13 40.12 40.12 40.11 40.14 40.16 40.16 40.14 40.14 40.16 40.15 40.13 40.12 40.12 40.1 40.08
39.53 39.54 39.43 39.19 38.96 38.86 38.99 39.3 39.53 39.62 39.63 39.63 39.68 39.73 39.7 39.63 39.61 39.59 39.58 39.59 39.62 39.64 39.67 39.7 39.72 39.72 39.73 39.75 39.76 39.78 39.78 39.78 39.78 39.8 39.85 39.89 39.91 39.93 39.96 39.98 39.99 40 40.01 40.04 40.06 40.05 40.07 40.08 40.07 40.08 40.08 40.09 40.09 40.11 40.12 40.1 40.1 40.11 40.13 40.14 40.14 40.13 40.13 40.12 40.12 40.12 40.13 40.16 40.15 40.13 40.13 40.15 40.16 40.13 40.12 40.11 40.08 40.09
39.42 39.38 39.21 38.94 38.94 39.12 39.3 39.5 39.61 39.66 39.66 39.67 39.71 39.73 39.69 39.62 39.62 39.61 39.6 39.59 39.59 39.61 39.65 39.69 39.72 39.72 39.74 39.76 39.78 39.79 39.78 39.78 39.79 39.82 39.85 39.86 39.88 39.9 39.93 39.95 39.97 39.98 39.99 40.01 40.04 40.06 40.06 40.08 40.07 40.06 40.07 40.09 40.09 40.1 40.1 40.09 40.08 40.09 40.12 40.14 40.13 40.12 40.12 40.12 40.13 40.14 40.14 40.15 40.14 40.13 40.13 40.15 40.15 40.13 40.11 40.09 40.07 40.1
39.21 39.01 38.92 38.94 39.18 39.43 39.51 39.58 39.65 39.69 39.7 39.74 39.75 39.72 39.68 39.63 39.62 39.62 39.63 39.61 39.6 39.61 39.64 39.68 39.71 39.73 39.76 39.78 39.79 39.79 39.78 39.79 39.8 39.82 39.83 39.83 39.85 39.88 39.92 39.95 39.97 39.97 39.98 39.99 40.01 40.04 40.06 40.1 40.09 40.06 40.07 40.09 40.09 40.08 40.09 40.08 40.08 40.09 40.11 40.12 40.12 40.13 40.12 40.12 40.14 40.15 40.13 40.13 40.12 40.13 40.13 40.14 40.14 40.12 40.1 40.08 40.08 40.12
38.95 38.76 38.83 39.08 39.36 39.55 39.58 39.59 39.65 39.69 39.72 39.76 39.75 39.7 39.69 39.67 39.64 39.63 39.64 39.65 39.62 39.62 39.64 39.67 39.7 39.74 39.79 39.79 39.79 39.79 39.78 39.78 39.79 39.81 39.83 39.85 39.87 39.89 39.92 39.95 39.96 39.97 39.98 39.99 40 40.02 40.05 40.08 40.08 40.07 40.07 40.07 40.07 40.08 40.08 40.09 40.09 40.09 40.1 40.1 40.11 40.12 40.12 40.11 40.13 40.14 40.13 40.12 40.12 40.13 40.13 40.14 40.14 40.12 40.11 40.11 40.12 40.15
38.83 38.84 39 39.27 39.48 39.6 39.62 39.61 39.64 39.68 39.71 39.76 39.77 39.73 39.72 39.7 39.66 39.64 39.65 39.66 39.65 39.64 39.64 39.66 39.69 39.74 39.79 39.8 39.79 39.79 39.78 39.76 39.77 39.79 39.84 39.88 39.9 39.91 39.93 39.95 39.96 39.97 39.98 39.99 40 40.02 40.03 40.06 40.06 40.05 40.05 40.05 40.05 40.06 40.07 40.07 40.07 40.09 40.08 40.07 40.08 40.09 40.1 40.1 40.12 40.13 40.13 40.13 40.12 40.13 40.13 40.14 40.13 40.13 40.14 40.15 40.16 40.16
38.91 39.08 39.23 39.43 39.56 39.62 39.63 39.63 39.65 39.68 39.71 39.78 39.82 39.81 39.79 39.76 39.71 39.68 39.67 39.67 39.67 39.66 39.64 39.66 39.7 39.73 39.78 39.8 39.81 39.8 39.79 39.77 39.77 39.8 39.85 39.87 39.89 39.92 39.93 39.94 39.95 39.96 39.97 39.98 40.01 40.02 40.02 40.04 40.03 40.03 40.04 40.05 40.04 40.05 40.07 40.07 40.06 40.07 40.08 40.07 40.06 40.06 40.07 40.09 40.11 40.11 40.11 40.11 40.11 40.13 40.14 40.13 40.12 40.13 40.15 40.16 40.18 40.18
39.13 39.32 39.39 39.49 39.56 39.59 39.61 39.65 39.68 39.69 39.72 39.8 39.87 39.88 39.86 39.82 39.76 39.76 39.74 39.71 39.7 39.69 39.66 39.67 39.7 39.73 39.77 39.8 39.82 39.81 39.81 39.83 39.83 39.84 39.87 39.87 39.88 39.91 39.92 39.94 39.95 39.96 39.96 39.96 39.99 40.01 39.99 39.99 40 40.01 40.02 40.03 40.02 40.04 40.06 40.07 40.07 40.07 40.07 40.06 40.06 40.05 40.05 40.07 40.1 40.1 40.11 40.1 40.11 40.15 40.16 40.15 40.13 40.14 40.16 40.16 40.19 40.2
39.33 39.44 39.46 39.49 39.54 39.58 39.62 39.67 39.69 39.69 39.71 39.79 39.86 39.89 39.9 39.87 39.82 39.82 39.81 39.74 39.7 39.69 39.68 39.68 39.7 39.74 39.8 39.84 39.84 39.84 39.85 39.88 39.87 39.86 39.88 39.87 39.88 39.89 39.91 39.93 39.94 39.95 39.96 39.95 39.97 39.99 39.97 39.96 39.97 39.98 39.99 40 40 40.02 40.04 40.04 40.03 40.04 40.05 40.05 40.05 40.04 40.04 40.06 40.09 40.11 40.14 40.13 40.14 40.16 40.18 40.16 40.13 40.13 40.15 40.15 40.17 40.2
39.44 39.47 39.5 39.52 39.56 39.61 39.65 39.68 39.68 39.68 39.7 39.76 39.8 39.84 39.89 39.91 39.9 39.88 39.83 39.77 39.72 39.71 39.7 39.69 39.69 39.73 39.81 39.84 39.85 39.86 39.86 39.87 39.87 39.87 39.88 39.87 39.88 39.89 39.9 39.93 39.94 39.95 39.96 39.95 39.95 39.97 39.96 39.95 39.96 39.96 39.96 39.96 39.98 39.99 40 39.99 39.98 40.01 40.03 40.04 40.03 40.02 40.03 40.06 40.09 40.1 40.12 40.12 40.13 40.15 40.15 40.15 40.15 40.15 40.16 40.16 40.18 40.19
39.5 39.53 39.56 39.57 39.58 39.6 39.64 39.66 39.67 39.67 39.72 39.75 39.74 39.78 39.87 39.93 39.94 39.9 39.85 39.83 39.79 39.75 39.73 39.72 39.69 39.72 39.78 39.81 39.83 39.86 39.87 39.88 39.88 39.88 39.88 39.88 39.89 39.9 39.91 39.92 39.92 39.94 39.95 39.95 39.94 39.95 39.95 39.94 39.95 39.94 39.93 39.94 39.97 39.99 39.99 39.99 39.99 40 40 40.01 40.01 40.02 40.06 40.07 40.09 40.08 40.08 40.1 40.13 40.12 40.12 40.13 40.15 40.17 40.17 40.16 40.17 40.17
39.52 39.56 39.6 39.59 39.6 39.61 39.63 39.66 39.69 39.7 39.72 39.72 39.71 39.75 39.85 39.93 39.95 39.91 39.88 39.87 39.84 39.79 39.75 39.74 39.72 39.73 39.76 39.79 39.81 39.85 39.88 39.89 39.89 39.89 39.89 39.89 39.89 39.89 39.9 39.89 39.89 39.91 39.93 39.94 39.94 39.94 39.94 39.94 39.94 39.93 39.9 39.93 39.98 39.99 40 39.99 39.98 39.98 39.96 39.98 40 40.04 40.08 40.08 40.06 40.05 40.05 40.08 40.12 40.11 40.11 40.12 40.15 40.16 40.15 40.15 40.15 40.14
39.5 39.54 39.58 39.6 39.6 39.6 39.63 39.68 39.71 39.71 39.71 39.71 39.72 39.76 39.86 39.92 39.93 39.91 39.89 39.88 39.87 39.82 39.76 39.75 39.75 39.74 39.75 39.77 39.79 39.84 39.88 39.89 39.89 39.89 39.89 39.89 39.89 39.88 39.86 39.84 39.85 39.89 39.92 39.92 39.92 39.94 39.92 39.92 39.94 39.94 39.92 39.94 39.99 40 40.01 39.99 39.97 39.98 39.98 39.99 40 40.03 40.05 40.05 40.04 40.03 40.04 40.09 40.11 40.1 40.08 40.09 40.11 40.12 40.12 40.13 40.13 40.12
39.5 39.52 39.55 39.58 39.57 39.59 39.64 39.69 39.7 39.69 39.69 39.72 39.74 39.78 39.84 39.89 39.93 39.93 39.91 39.92 39.91 39.85 39.78 39.76 39.76 39.75 39.75 39.75 39.78 39.83 39.87 39.89 39.89 39.89 39.89 39.88 39.88 39.87 39.84 39.83 39.86 39.9 39.91 39.9 39.91 39.93 39.91 39.92 39.94 39.96 39.96 39.97 40 40.02 40.02 40.01 39.99 39.98 39.99 39.99 40 40 40.01 40.01 40.01 40.01 40.04 40.1 40.09 40.06 40.05 40.07 40.08 40.09 40.1 40.12 40.13 40.13
39.52 39.52 39.55 39.56 39.56 39.58 39.63 39.65 39.64 39.65 39.69 39.74 39.76 39.78 39.83 39.87 39.91 39.96 39.97 39.98 39.96 39.88 39.8 39.77 39.76 39.76 39.74 39.73 39.74 39.78 39.85 39.89 39.89 39.89 39.87 39.87 39.87 39.87 39.86 39.86 39.88 39.89 39.9 39.89 39.91 39.93 39.93 39.94 39.96 39.96 39.97 39.97 39.98 39.99 40.01 40 39.99 39.99 39.98 39.99 40 40 39.99 39.99 40.01 40.02 40.05 40.09 40.08 40.04 40.04 40.05 40.06 40.08 40.1 40.12 40.13 40.13
39.53 39.53 39.56 39.57 39.56 39.57 39.59 39.61 39.62 39.64 39.7 39.74 39.75 39.76 39.81 39.86 39.9 39.97 40.01 40.01 39.97 39.91 39.83 39.79 39.77 39.75 39.73 39.7 39.7 39.73 39.82 39.88 39.89 39.88 39.87 39.87 39.87 39.88 39.89 39.89 39.89 39.89 39.88 39.9 39.91 39.91 39.93 39.94 39.96 39.97 39.96 39.97 39.98 39.99 40 40 39.99 39.99 39.98 39.99 40.01 40.03 40.01 40 40.02 40.04 40.06 40.08 40.08 40.06 40.05 40.05 40.06 40.08 40.11 40.13 40.12 40.12
39.54 39.55 39.57 39.57 39.56 39.56 39.57 39.61 39.65 39.67 39.69 39.73 39.73 39.74 39.8 39.85 39.89 39.96 40.02 40.02 39.99 39.94 39.89 39.85 39.81 39.75 39.73 39.7 39.69 39.71 39.79 39.85 39.88 39.88 39.87 39.88 39.89 39.88 39.89 39.89 39.89 39.89 39.87 39.88 39.9 39.91 39.91 39.92 39.94 39.96 39.97 39.98 39.99 39.99 39.99 39.98 39.98 39.99 39.98 39.98 40.01 40.04 40.02 40.01 40.04 40.05 40.05 40.07 40.08 40.08 40.07 40.05 40.06 40.09 40.11 40.13 40.13 40.12
39.53 39.54 39.56 39.57 39.56 39.56 39.59 39.64 39.68 39.67 39.66 39.68 39.72 39.77 39.82 39.86 39.88 39.95 40.02 40.03 40.01 39.96 39.92 39.91 39.86 39.79 39.74 39.72 39.7 39.7 39.74 39.79 39.84 39.87 39.88 39.89 39.89 39.88 39.87 39.87 39.88 39.88 39.87 39.88 39.9 39.9 39.9 39.9 39.93 39.97 39.97 39.98 39.99 39.98 39.97 39.96 39.97 39.98 39.98 39.98 40 40.02 40.02 40.02 40.04 40.03 40.04 40.07 40.08 40.08 40.06 40.04 40.04 40.07 40.1 40.13 40.13 40.12
39.53 39.54 39.56 39.58 39.58 39.58 39.61 39.65 39.66 39.65 39.65 39.68 39.74 39.8 39.84 39.88 39.88 39.92 39.99 39.99 39.97 39.94 39.93 39.95 39.92 39.83 39.75 39.73 39.72 39.71 39.7 39.73 39.8 39.85 39.87 39.88 39.88 39.88 39.87 39.87 39.87 39.88 39.88 39.89 39.9 39.91 39.91 39.91 39.94 39.99 39.99 39.97 39.97 39.97 39.96 39.95 39.97 40 40 40 40.01 40.01 40.01 40.02 40.03 40.02 40.03 40.07 40.09 40.08 40.05 40.03 40.03 40.06 40.09 40.12 40.13 40.12
39.57 39.57 39.58 39.62 39.62 39.61 39.62 39.64 39.65 39.67 39.71 39.75 39.78 39.8 39.83 39.86 39.84 39.87 39.93 39.95 39.97 39.97 39.95 39.94 39.92 39.85 39.78 39.75 39.74 39.72 39.69 39.7 39.76 39.83 39.87 39.87 39.88 39.89 39.88 39.88 39.86 39.87 39.88 39.89 39.91 39.92 39.93 39.94 39.96 39.99 39.99 39.96 39.95 39.95 39.95 39.96 39.99 40.02 40.03 40.02 40.01 40.01 40.01 40.02 40.02 40.03 40.03 40.06 40.07 40.06 40.05 40.05 40.09 40.1 40.1 40.1 40.1 40.11
39.6 39.58 39.6 39.65 39.66 39.65 39.65 39.66 39.68 39.72 39.74 39.76 39.79 39.82 39.82 39.83 39.82 39.83 39.88 39.91 39.94 39.97 39.96 39.94 39.93 39.89 39.82 39.78 39.73 39.72 39.69 39.69 39.73 39.81 39.87 39.88 39.87 39.88 39.89 39.89 39.88 39.88 39.87 39.88 39.9 39.92 39.93 39.94 39.95 39.95 39.95 39.94 39.93 39.94 39.94 39.96 39.99 40.02 40.03 40.02 40.02 40.01 40.01 40.02 40.03 40.02 40.02 40.02 40.02 40.03 40.06 40.09 40.12 40.11 40.08 40.08 40.08 40.1
