slabs/39.grd
DSAA
631 301
643890 644520
4948400 4948700
31.85 47.45
[rows 170 to 203 of 300, columns 546 to 623 of 631]
45.38 45.37 45.36 45.37 45.37 45.35 45.36 45.38 45.37 45.34 45.33 45.34 45.35 45.35 45.35 45.34 45.3 45.28 45.28 45.25 45.23 45.23 45.23 45.2 45.16 45.12 45.14 45.17 45.17 45.14 45.14 45.11 45.05 45.09 45.18 45.21 45.22 45.21 45.17 45.13 45.11 45.14 45.22 45.26 45.26 45.25 45.23 45.21 45.23 45.25 45.31 45.34 45.34 45.34 45.35 45.35 45.33 45.29 45.3 45.35 45.38 45.37 45.35 45.34 45.33 45.35 45.37 45.36 45.37 45.39 45.42 45.43 45.42 45.38 45.36 45.37 45.42 45.46
45.38 45.36 45.35 45.37 45.37 45.32 45.32 45.35 45.35 45.34 45.33 45.32 45.35 45.35 45.35 45.32 45.28 45.26 45.26 45.24 45.22 45.23 45.22 45.19 45.15 45.13 45.11 45.13 45.15 45.14 45.11 45.08 45.05 45.08 45.17 45.23 45.25 45.24 45.2 45.15 45.13 45.14 45.19 45.22 45.22 45.22 45.2 45.2 45.22 45.24 45.28 45.31 45.32 45.34 45.36 45.36 45.34 45.3 45.3 45.33 45.36 45.39 45.38 45.38 45.34 45.33 45.37 45.39 45.39 45.4 45.41 45.42 45.42 45.38 45.36 45.38 45.39 45.41
45.37 45.37 45.36 45.36 45.35 45.32 45.31 45.3 45.3 45.32 45.32 45.32 45.32 45.32 45.32 45.29 45.26 45.25 45.23 45.21 45.21 45.21 45.18 45.14 45.13 45.13 45.13 45.13 45.14 45.13 45.1 45.08 45.08 45.1 45.16 45.23 45.27 45.26 45.21 45.16 45.15 45.15 45.18 45.22 45.24 45.24 45.2 45.17 45.17 45.2 45.25 45.28 45.31 45.36 45.37 45.36 45.35 45.32 45.31 45.32 45.35 45.39 45.39 45.38 45.34 45.31 45.35 45.38 45.39 45.39 45.39 45.39 45.4 45.41 45.42 45.4 45.33 45.34
45.36 45.37 45.37 45.35 45.33 45.33 45.31 45.3 45.31 45.32 45.33 45.31 45.28 45.28 45.28 45.26 45.24 45.23 45.21 45.19 45.2 45.19 45.14 45.1 45.11 45.14 45.17 45.18 45.17 45.16 45.15 45.12 45.12 45.14 45.18 45.22 45.24 45.25 45.23 45.17 45.13 45.13 45.16 45.22 45.26 45.26 45.22 45.17 45.16 45.19 45.24 45.27 45.32 45.38 45.37 45.36 45.36 45.34 45.31 45.3 45.34 45.38 45.38 45.37 45.34 45.3 45.32 45.35 45.36 45.36 45.35 45.36 45.4 45.44 45.45 45.39 45.3 45.33
45.34 45.34 45.35 45.34 45.33 45.33 45.32 45.31 45.32 45.33 45.32 45.27 45.24 45.24 45.24 45.23 45.23 45.23 45.22 45.21 45.22 45.21 45.16 45.12 45.12 45.15 45.19 45.19 45.17 45.17 45.17 45.15 45.13 45.15 45.19 45.23 45.26 45.26 45.24 45.2 45.16 45.14 45.15 45.19 45.23 45.25 45.22 45.19 45.19 45.21 45.24 45.28 45.32 45.37 45.36 45.34 45.35 45.35 45.3 45.29 45.33 45.38 45.39 45.38 45.36 45.33 45.3 45.3 45.33 45.34 45.33 45.35 45.41 45.45 45.45 45.39 45.31 45.32
45.32 45.33 45.34 45.33 45.32 45.33 45.32 45.31 45.3 45.28 45.26 45.21 45.18 45.19 45.2 45.21 45.24 45.24 45.23 45.22 45.24 45.23 45.2 45.16 45.13 45.16 45.18 45.16 45.16 45.16 45.16 45.15 45.12 45.14 45.18 45.23 45.25 45.26 45.27 45.26 45.21 45.15 45.15 45.16 45.2 45.25 45.23 45.21 45.21 45.21 45.23 45.26 45.29 45.35 45.35 45.33 45.34 45.34 45.3 45.3 45.32 45.36 45.38 45.39 45.39 45.35 45.3 45.28 45.32 45.34 45.32 45.36 45.43 45.45 45.43 45.39 45.32 45.3
45.31 45.32 45.32 45.32 45.31 45.31 45.31 45.3 45.27 45.23 45.21 45.17 45.13 45.15 45.19 45.21 45.21 45.21 45.21 45.21 45.23 45.23 45.22 45.19 45.17 45.16 45.16 45.18 45.21 45.2 45.19 45.17 45.16 45.17 45.19 45.21 45.22 45.25 45.28 45.27 45.22 45.16 45.13 45.13 45.18 45.24 45.24 45.23 45.21 45.19 45.2 45.22 45.26 45.31 45.34 45.34 45.35 45.35 45.32 45.31 45.3 45.32 45.33 45.35 45.37 45.35 45.33 45.3 45.3 45.33 45.32 45.35 45.43 45.45 45.44 45.39 45.32 45.31
45.29 45.29 45.29 45.3 45.29 45.28 45.27 45.26 45.23 45.2 45.21 45.18 45.13 45.15 45.2 45.21 45.19 45.2 45.22 45.21 45.2 45.21 45.21 45.17 45.15 45.16 45.17 45.19 45.21 45.2 45.18 45.17 45.18 45.2 45.2 45.18 45.19 45.24 45.28 45.26 45.23 45.18 45.13 45.11 45.14 45.2 45.22 45.21 45.2 45.17 45.17 45.2 45.23 45.28 45.32 45.35 45.35 45.35 45.35 45.33 45.28 45.27 45.27 45.32 45.37 45.37 45.36 45.32 45.28 45.31 45.31 45.34 45.39 45.42 45.42 45.4 45.35 45.34
45.29 45.29 45.28 45.27 45.26 45.24 45.22 45.22 45.21 45.19 45.2 45.2 45.16 45.16 45.19 45.2 45.19 45.2 45.21 45.2 45.19 45.2 45.21 45.17 45.14 45.15 45.17 45.19 45.2 45.2 45.19 45.18 45.18 45.19 45.19 45.16 45.17 45.23 45.28 45.27 45.26 45.2 45.14 45.1 45.11 45.16 45.2 45.21 45.2 45.16 45.15 45.19 45.21 45.25 45.31 45.35 45.35 45.35 45.36 45.33 45.27 45.23 45.23 45.29 45.37 45.38 45.36 45.32 45.28 45.29 45.31 45.33 45.37 45.39 45.39 45.4 45.37 45.33
45.3 45.28 45.25 45.24 45.26 45.24 45.22 45.2 45.18 45.17 45.18 45.19 45.16 45.17 45.19 45.18 45.18 45.19 45.2 45.2 45.19 45.22 45.24 45.21 45.18 45.18 45.18 45.19 45.2 45.21 45.21 45.2 45.18 45.18 45.18 45.17 45.16 45.21 45.27 45.28 45.28 45.23 45.14 45.1 45.1 45.15 45.21 45.24 45.22 45.18 45.18 45.19 45.19 45.23 45.27 45.31 45.35 45.36 45.35 45.32 45.26 45.23 45.25 45.29 45.36 45.37 45.33 45.3 45.28 45.3 45.33 45.33 45.35 45.36 45.37 45.38 45.36 45.31
45.27 45.23 45.21 45.22 45.25 45.26 45.24 45.18 45.14 45.14 45.16 45.17 45.16 45.18 45.2 45.18 45.15 45.17 45.2 45.2 45.22 45.24 45.26 45.23 45.21 45.2 45.17 45.16 45.19 45.22 45.23 45.25 45.22 45.18 45.19 45.2 45.19 45.2 45.26 45.28 45.29 45.26 45.16 45.11 45.11 45.16 45.21 45.23 45.21 45.2 45.2 45.2 45.2 45.23 45.27 45.3 45.34 45.35 45.36 45.33 45.27 45.25 45.26 45.3 45.36 45.36 45.31 45.29 45.28 45.31 45.35 45.33 45.32 45.34 45.35 45.37 45.36 45.32
45.27 45.21 45.19 45.2 45.22 45.24 45.24 45.18 45.14 45.15 45.16 45.15 45.15 45.17 45.2 45.17 45.13 45.15 45.2 45.22 45.23 45.25 45.24 45.21 45.22 45.21 45.16 45.15 45.19 45.23 45.25 45.27 45.23 45.17 45.19 45.23 45.21 45.19 45.23 45.27 45.27 45.26 45.2 45.14 45.13 45.15 45.17 45.19 45.2 45.19 45.18 45.18 45.19 45.22 45.26 45.28 45.31 45.34 45.36 45.34 45.29 45.25 45.24 45.28 45.34 45.36 45.33 45.3 45.27 45.28 45.31 45.32 45.31 45.31 45.34 45.39 45.39 45.35
45.27 45.22 45.2 45.21 45.23 45.24 45.24 45.19 45.16 45.16 45.15 45.15 45.16 45.17 45.18 45.18 45.16 45.18 45.21 45.22 45.22 45.24 45.25 45.25 45.24 45.22 45.18 45.18 45.2 45.23 45.23 45.24 45.21 45.18 45.21 45.26 45.23 45.18 45.21 45.24 45.25 45.26 45.26 45.2 45.16 45.14 45.13 45.17 45.2 45.19 45.19 45.19 45.19 45.19 45.21 45.22 45.25 45.3 45.34 45.34 45.32 45.28 45.25 45.27 45.32 45.35 45.34 45.31 45.26 45.24 45.25 45.28 45.32 45.3 45.34 45.4 45.39 45.34
45.28 45.26 45.23 45.23 45.26 45.28 45.28 45.24 45.21 45.18 45.15 45.15 45.17 45.18 45.19 45.19 45.21 45.22 45.22 45.22 45.22 45.24 45.28 45.3 45.29 45.24 45.21 45.2 45.2 45.2 45.21 45.21 45.22 45.24 45.27 45.29 45.26 45.21 45.23 45.25 45.25 45.26 45.28 45.24 45.18 45.15 45.13 45.15 45.19 45.2 45.19 45.19 45.19 45.18 45.16 45.17 45.22 45.29 45.32 45.33 45.33 45.3 45.27 45.27 45.3 45.32 45.33 45.33 45.28 45.24 45.22 45.25 45.31 45.29 45.32 45.38 45.38 45.35
45.32 45.3 45.25 45.23 45.25 45.28 45.31 45.28 45.25 45.22 45.17 45.18 45.19 45.2 45.2 45.19 45.2 45.21 45.21 45.21 45.23 45.24 45.26 45.29 45.3 45.27 45.21 45.18 45.17 45.17 45.2 45.22 45.22 45.23 45.26 45.27 45.24 45.19 45.21 45.26 45.27 45.27 45.29 45.26 45.18 45.14 45.12 45.13 45.18 45.2 45.19 45.19 45.19 45.18 45.17 45.17 45.22 45.28 45.3 45.31 45.33 45.32 45.29 45.27 45.28 45.3 45.32 45.35 45.33 45.29 45.26 45.25 45.28 45.27 45.29 45.36 45.4 45.39
45.37 45.34 45.27 45.23 45.23 45.26 45.31 45.29 45.26 45.23 45.2 45.2 45.21 45.21 45.21 45.2 45.2 45.21 45.21 45.21 45.23 45.24 45.26 45.29 45.3 45.28 45.21 45.19 45.17 45.16 45.19 45.22 45.23 45.22 45.22 45.22 45.2 45.19 45.19 45.23 45.27 45.28 45.28 45.26 45.2 45.14 45.11 45.12 45.16 45.21 45.21 45.19 45.17 45.18 45.18 45.18 45.21 45.26 45.28 45.3 45.32 45.33 45.3 45.25 45.26 45.29 45.32 45.34 45.34 45.33 45.29 45.25 45.25 45.26 45.29 45.36 45.41 45.41
45.39 45.37 45.32 45.27 45.25 45.28 45.31 45.28 45.25 45.24 45.21 45.21 45.2 45.19 45.21 45.22 45.24 45.25 45.23 45.22 45.22 45.25 45.28 45.29 45.3 45.29 45.23 45.19 45.18 45.18 45.21 45.24 45.25 45.22 45.18 45.18 45.21 45.22 45.2 45.2 45.25 45.29 45.28 45.27 45.23 45.17 45.14 45.13 45.16 45.21 45.23 45.2 45.17 45.18 45.19 45.18 45.2 45.24 45.27 45.3 45.32 45.32 45.3 45.24 45.23 45.26 45.29 45.34 45.33 45.29 45.24 45.2 45.21 45.23 45.28 45.36 45.4 45.4
45.38 45.37 45.34 45.31 45.29 45.31 45.32 45.28 45.27 45.26 45.23 45.21 45.18 45.17 45.21 45.22 45.24 45.25 45.25 45.23 45.23 45.25 45.27 45.28 45.29 45.3 45.26 45.22 45.2 45.19 45.21 45.24 45.25 45.22 45.18 45.19 45.22 45.23 45.2 45.2 45.23 45.28 45.29 45.28 45.25 45.21 45.18 45.16 45.14 45.19 45.23 45.21 45.19 45.2 45.19 45.17 45.19 45.24 45.28 45.31 45.31 45.32 45.3 45.25 45.23 45.25 45.29 45.33 45.32 45.27 45.25 45.22 45.21 45.22 45.27 45.34 45.37 45.39
45.36 45.35 45.32 45.31 45.31 45.33 45.33 45.3 45.29 45.28 45.23 45.19 45.17 45.17 45.21 45.23 45.24 45.24 45.26 45.27 45.26 45.25 45.26 45.27 45.28 45.29 45.28 45.26 45.24 45.21 45.21 45.23 45.25 45.25 45.24 45.24 45.23 45.22 45.21 45.21 45.23 45.26 45.29 45.29 45.26 45.22 45.2 45.17 45.13 45.15 45.2 45.2 45.19 45.2 45.19 45.16 45.2 45.24 45.27 45.3 45.31 45.33 45.32 45.28 45.26 45.28 45.3 45.32 45.32 45.32 45.29 45.26 45.22 45.21 45.26 45.32 45.35 45.38
45.35 45.34 45.32 45.32 45.31 45.32 45.32 45.31 45.3 45.29 45.25 45.23 45.2 45.2 45.24 45.24 45.25 45.25 45.24 45.24 45.24 45.24 45.24 45.26 45.27 45.28 45.28 45.28 45.26 45.23 45.22 45.23 45.26 45.28 45.29 45.27 45.24 45.23 45.23 45.23 45.22 45.24 45.28 45.28 45.26 45.23 45.21 45.19 45.15 45.13 45.16 45.2 45.19 45.19 45.19 45.17 45.19 45.21 45.23 45.27 45.3 45.31 45.31 45.29 45.26 45.25 45.26 45.31 45.34 45.35 45.32 45.27 45.25 45.25 45.27 45.31 45.34 45.36
45.33 45.35 45.33 45.33 45.31 45.29 45.29 45.29 45.29 45.28 45.27 45.27 45.23 45.2 45.23 45.23 45.23 45.24 45.22 45.21 45.22 45.24 45.25 45.25 45.26 45.28 45.28 45.28 45.26 45.24 45.25 45.24 45.26 45.29 45.3 45.28 45.25 45.24 45.23 45.22 45.2 45.22 45.25 45.27 45.28 45.26 45.25 45.22 45.17 45.13 45.16 45.21 45.2 45.2 45.19 45.17 45.18 45.2 45.21 45.25 45.29 45.29 45.3 45.3 45.26 45.22 45.24 45.3 45.35 45.36 45.32 45.28 45.28 45.27 45.28 45.31 45.34 45.36
45.27 45.35 45.35 45.36 45.33 45.29 45.29 45.28 45.28 45.28 45.3 45.29 45.24 45.2 45.22 45.23 45.24 45.25 45.24 45.24 45.25 45.26 45.27 45.26 45.27 45.29 45.29 45.28 45.27 45.27 45.27 45.24 45.23 45.27 45.28 45.27 45.25 45.22 45.2 45.2 45.2 45.2 45.22 45.26 45.29 45.29 45.25 45.19 45.17 45.16 45.17 45.2 45.21 45.22 45.2 45.16 45.17 45.19 45.21 45.25 45.28 45.28 45.29 45.3 45.26 45.22 45.24 45.29 45.34 45.35 45.33 45.29 45.27 45.27 45.28 45.32 45.34 45.35
45.24 45.34 45.36 45.38 45.35 45.31 45.29 45.28 45.27 45.29 45.32 45.3 45.26 45.23 45.23 45.25 45.25 45.27 45.29 45.31 45.29 45.27 45.28 45.28 45.29 45.3 45.31 45.3 45.28 45.28 45.27 45.24 45.22 45.24 45.25 45.26 45.26 45.22 45.21 45.19 45.18 45.18 45.19 45.25 45.29 45.3 45.26 45.19 45.17 45.18 45.17 45.17 45.21 45.22 45.2 45.16 45.17 45.2 45.2 45.24 45.28 45.29 45.29 45.3 45.28 45.26 45.25 45.28 45.32 45.32 45.31 45.26 45.23 45.24 45.27 45.3 45.32 45.34
45.25 45.32 45.36 45.38 45.35 45.32 45.3 45.29 45.29 45.31 45.33 45.32 45.3 45.25 45.24 45.26 45.26 45.28 45.31 45.33 45.32 45.29 45.27 45.27 45.28 45.3 45.31 45.29 45.27 45.26 45.25 45.23 45.22 45.24 45.26 45.27 45.26 45.21 45.2 45.19 45.17 45.16 45.18 45.23 45.28 45.31 45.29 45.24 45.21 45.2 45.16 45.15 45.2 45.22 45.2 45.17 45.17 45.2 45.2 45.23 45.28 45.29 45.29 45.29 45.29 45.29 45.28 45.27 45.28 45.28 45.25 45.21 45.17 45.2 45.25 45.29 45.31 45.35
45.25 45.3 45.34 45.37 45.36 45.34 45.33 45.33 45.31 45.32 45.35 45.36 45.35 45.29 45.24 45.25 45.27 45.28 45.3 45.33 45.33 45.28 45.25 45.24 45.26 45.29 45.31 45.3 45.28 45.26 45.24 45.22 45.22 45.23 45.24 45.26 45.26 45.23 45.22 45.22 45.19 45.18 45.19 45.2 45.23 45.28 45.28 45.26 45.22 45.19 45.16 45.15 45.2 45.23 45.21 45.17 45.17 45.18 45.18 45.22 45.25 45.25 45.26 45.27 45.29 45.3 45.29 45.25 45.24 45.23 45.22 45.2 45.17 45.19 45.23 45.3 45.35 45.36
45.24 45.29 45.34 45.37 45.38 45.37 45.36 45.35 45.33 45.33 45.37 45.39 45.39 45.34 45.28 45.27 45.27 45.28 45.29 45.31 45.33 45.29 45.24 45.24 45.27 45.31 45.32 45.32 45.31 45.29 45.27 45.26 45.24 45.24 45.25 45.28 45.28 45.25 45.23 45.21 45.22 45.23 45.21 45.17 45.18 45.22 45.24 45.25 45.22 45.18 45.15 45.15 45.19 45.23 45.21 45.19 45.18 45.17 45.16 45.19 45.21 45.22 45.24 45.27 45.31 45.32 45.3 45.25 45.22 45.21 45.22 45.25 45.25 45.24 45.24 45.28 45.33 45.33
45.22 45.27 45.34 45.38 45.37 45.37 45.39 45.36 45.34 45.35 45.37 45.38 45.38 45.35 45.31 45.28 45.26 45.27 45.28 45.31 45.35 45.34 45.31 45.29 45.28 45.29 45.31 45.32 45.31 45.3 45.3 45.28 45.25 45.23 45.24 45.28 45.28 45.26 45.23 45.21 45.23 45.27 45.22 45.13 45.14 45.17 45.22 45.27 45.23 45.17 45.15 45.13 45.16 45.18 45.2 45.2 45.21 45.18 45.16 45.19 45.19 45.22 45.26 45.29 45.31 45.31 45.31 45.28 45.25 45.24 45.26 45.29 45.31 45.28 45.26 45.28 45.29 45.31
45.2 45.24 45.33 45.4 45.38 45.38 45.42 45.39 45.35 45.37 45.37 45.36 45.36 45.36 45.33 45.31 45.27 45.28 45.3 45.31 45.33 45.34 45.32 45.3 45.28 45.31 45.32 45.31 45.3 45.3 45.3 45.28 45.25 45.24 45.25 45.28 45.29 45.28 45.26 45.23 45.24 45.27 45.21 45.13 45.15 45.19 45.23 45.28 45.24 45.19 45.16 45.13 45.13 45.15 45.18 45.19 45.19 45.17 45.15 45.19 45.21 45.23 45.26 45.28 45.29 45.3 45.31 45.28 45.25 45.26 45.29 45.31 45.32 45.3 45.26 45.26 45.28 45.3
45.2 45.23 45.3 45.36 45.38 45.38 45.4 45.39 45.36 45.37 45.39 45.36 45.37 45.41 45.4 45.36 45.31 45.29 45.3 45.32 45.31 45.29 45.28 45.27 45.29 45.33 45.34 45.32 45.32 45.31 45.31 45.29 45.26 45.25 45.25 45.27 45.29 45.3 45.29 45.25 45.22 45.21 45.2 45.18 45.19 45.21 45.23 45.26 45.26 45.22 45.16 45.13 45.13 45.14 45.17 45.17 45.16 45.14 45.12 45.17 45.22 45.24 45.27 45.3 45.33 45.33 45.32 45.29 45.27 45.27 45.3 45.33 45.34 45.32 45.26 45.24 45.26 45.3
45.22 45.24 45.25 45.3 45.36 45.38 45.4 45.39 45.36 45.37 45.39 45.38 45.39 45.42 45.43 45.4 45.33 45.3 45.31 45.31 45.29 45.25 45.24 45.25 45.29 45.33 45.32 45.32 45.33 45.32 45.3 45.27 45.26 45.26 45.24 45.24 45.27 45.29 45.29 45.25 45.2 45.16 45.18 45.21 45.2 45.18 45.2 45.23 45.26 45.22 45.15 45.13 45.12 45.12 45.14 45.16 45.15 45.14 45.14 45.18 45.21 45.21 45.24 45.29 45.32 45.33 45.32 45.29 45.27 45.27 45.3 45.33 45.34 45.31 45.23 45.19 45.23 45.29
45.22 45.24 45.25 45.28 45.35 45.4 45.41 45.4 45.36 45.35 45.37 45.37 45.39 45.42 45.44 45.4 45.34 45.3 45.31 45.3 45.28 45.25 45.24 45.25 45.28 45.3 45.31 45.33 45.35 45.34 45.31 45.25 45.24 45.25 45.24 45.22 45.25 45.28 45.28 45.28 45.25 45.19 45.18 45.18 45.19 45.18 45.18 45.21 45.25 45.21 45.15 45.14 45.12 45.11 45.13 45.16 45.15 45.15 45.16 45.19 45.21 45.2 45.21 45.27 45.31 45.32 45.31 45.3 45.26 45.24 45.27 45.32 45.33 45.31 45.25 45.21 45.24 45.3
45.16 45.22 45.24 45.26 45.32 45.39 45.41 45.41 45.39 45.36 45.35 45.35 45.38 45.43 45.45 45.42 45.35 45.29 45.29 45.31 45.3 45.28 45.27 45.27 45.29 45.31 45.32 45.33 45.35 45.35 45.33 45.29 45.27 45.26 45.26 45.23 45.24 45.27 45.28 45.3 45.28 45.22 45.19 45.18 45.17 45.16 45.15 45.19 45.25 45.25 45.2 45.15 45.12 45.11 45.13 45.16 45.17 45.17 45.16 45.17 45.19 45.19 45.21 45.26 45.3 45.31 45.31 45.31 45.27 45.23 45.27 45.3 45.32 45.33 45.3 45.29 45.29 45.29
45.1 45.21 45.24 45.26 45.32 45.38 45.42 45.42 45.4 45.35 45.33 45.34 45.38 45.43 45.45 45.43 45.37 45.31 45.29 45.31 45.32 45.3 45.3 45.3 45.32 45.33 45.3 45.3 45.33 45.33 45.33 45.33 45.31 45.28 45.27 45.25 45.25 45.26 45.28 45.29 45.27 45.24 45.19 45.17 45.15 45.15 45.16 45.19 45.24 45.25 45.21 45.15 45.13 45.12 45.12 45.15 45.18 45.18 45.16 45.16 45.19 45.19 45.21 45.26 45.28 45.29 45.3 45.3 45.28 45.26 45.28 45.29 45.32 45.32 45.31 45.32 45.3 45.29
45.07 45.2 45.25 45.27 45.31 45.38 45.42 45.42 45.39 45.35 45.34 45.35 45.38 45.41 45.43 45.42 45.38 45.37 45.35 45.32 45.31 45.3 45.31 45.34 45.34 45.34 45.31 45.29 45.3 45.31 45.32 45.33 45.31 45.28 45.27 45.28 45.28 45.28 45.27 45.28 45.28 45.25 45.19 45.17 45.16 45.17 45.18 45.18 45.19 45.2 45.19 45.15 45.12 45.11 45.1 45.12 45.16 45.18 45.18 45.18 45.19 45.19 45.21 45.23 45.26 45.28 45.3 45.3 45.3 45.29 45.28 45.26 45.29 45.31 45.31 45.32 45.31 45.31
