slabs/4.grd
DSAA
631 301
642000 642630
4946900 4947200
40.32 50.7
[rows 170 to 203 of 301, columns 468 to 545 of 631]
47.18 47.16 47.09 47.06 47.02 46.96 46.94 46.85 46.87 46.85 46.86 46.82 46.87 46.99 47.1 47.09 47.07 46.94 47.02 47.12 47.14 47.12 47.1 47.07 47.07 47.07 47.1 47.09 47.03 46.97 47 47 47 47.11 47.09 47.09 46.94 46.85 46.8 46.76 46.66 46.68 46.82 46.86 46.9 46.98 47.06 47.14 47.12 47.16 47.14 47.09 47.01 47 47.03 46.99 46.91 46.93 46.92 46.99 47.01 46.93 47 47.11 47.18 47.23 47.25 47.27 47.23 47.18 47.13 47.03 47 46.98 46.99 47.03 46.87 46.86
47.13 47.15 47.11 47.11 47.08 46.99 46.95 46.87 46.85 46.79 46.81 46.8 46.85 46.99 47.12 47.13 47.13 47 47.06 47.11 47.13 47.12 47.13 47.12 47.1 47.07 47.08 47.08 47.06 47 47.03 47.02 46.99 47.11 47.13 47.13 47.03 46.89 46.79 46.76 46.69 46.64 46.77 46.88 47.02 47.06 47.08 47.12 47.14 47.17 47.17 47.12 47.02 46.99 47 46.94 46.93 46.93 46.92 46.95 47 46.97 47 47.1 47.19 47.2 47.23 47.26 47.25 47.21 47.11 47.03 47.02 47 47.01 47.05 46.94 46.9
47.11 47.17 47.2 47.15 47.13 47.11 46.97 46.9 46.86 46.81 46.8 46.83 46.87 46.96 47.1 47.13 47.18 47.11 47.12 47.15 47.15 47.14 47.13 47.13 47.12 47.07 47.07 47.08 47.09 47.02 47.03 47.02 46.99 47.1 47.13 47.14 47.1 46.94 46.81 46.77 46.75 46.65 46.74 46.94 47.07 47.06 47.05 47.08 47.16 47.12 47.15 47.15 47.06 47.02 47.04 47.03 47.07 46.93 46.93 46.92 46.95 46.97 46.98 47.06 47.18 47.17 47.21 47.28 47.29 47.25 47.14 47.04 47.03 47.01 47.03 47.05 47.01 46.95
47.03 47.12 47.24 47.2 47.19 47.18 47.03 46.98 46.93 46.84 46.82 46.85 46.88 46.95 47.05 47.09 47.21 47.18 47.17 47.18 47.19 47.17 47.11 47.11 47.11 47.07 47.06 47.09 47.12 47.05 47.02 47.01 46.97 47.04 47.08 47.11 47.16 47.03 46.94 46.82 46.77 46.64 46.72 46.93 47 47.04 47.03 47.02 47.14 47.12 47.13 47.14 47.07 46.98 47.02 47.07 47.12 46.95 46.91 46.92 46.93 46.95 46.96 47.01 47.13 47.13 47.2 47.27 47.28 47.26 47.19 47.1 47.04 47.03 47.03 47.04 47.04 46.98
46.96 47.05 47.21 47.2 47.2 47.17 47.09 47.05 46.98 46.84 46.8 46.83 46.86 46.95 46.98 47.05 47.2 47.21 47.15 47.18 47.2 47.15 47.12 47.11 47.11 47.11 47.07 47.1 47.13 47.07 47.03 47.02 46.97 46.97 47.03 47.1 47.2 47.07 47 46.89 46.79 46.65 46.66 46.81 46.96 47.06 47.06 46.99 47.11 47.15 47.14 47.12 47.1 46.99 47.01 47.05 47.08 47.02 47 47 46.91 46.92 46.94 46.98 47.06 47.09 47.15 47.24 47.22 47.24 47.21 47.13 47.05 47.03 47.01 47.05 47.08 47.01
47 47.07 47.17 47.18 47.19 47.17 47.13 47.1 47 46.85 46.77 46.8 46.84 46.94 46.95 47.02 47.16 47.21 47.15 47.17 47.18 47.07 47.15 47.14 47.14 47.14 47.09 47.11 47.13 47.04 47.07 47.05 47.04 46.99 47.02 47.1 47.18 47.09 47.03 46.92 46.78 46.67 46.65 46.66 46.86 47.05 47.07 47.02 47.09 47.16 47.14 47.09 47.08 47.02 47.04 47.05 47.09 47.1 47.08 47.04 46.89 46.9 46.94 46.94 46.99 47.04 47.1 47.22 47.21 47.22 47.2 47.14 47.05 47.03 47 47.01 47.05 47.02
47.08 47.11 47.13 47.19 47.19 47.17 47.15 47.12 47.02 46.88 46.79 46.79 46.84 46.93 46.97 47.01 47.11 47.2 47.2 47.17 47.13 47.03 47.13 47.16 47.16 47.16 47.08 47.11 47.15 47.06 47.08 47.08 47.09 47.03 47.01 47.01 47.12 47.11 47.05 46.93 46.77 46.7 46.69 46.63 46.8 47 47.03 47.02 47.02 47.15 47.13 47.09 47.07 47.06 47.05 47.05 47.09 47.11 47.09 46.98 46.88 46.91 46.93 46.9 46.97 47.01 47.07 47.2 47.23 47.22 47.22 47.19 47.07 47.03 46.96 46.94 46.98 47
47.09 47.12 47.09 47.17 47.19 47.14 47.16 47.14 47.04 46.94 46.85 46.82 46.82 46.91 46.94 46.99 47.1 47.17 47.23 47.17 47.11 47.05 47.12 47.16 47.17 47.19 47.09 47.14 47.12 47.09 47.1 47.13 47.1 47.04 47 46.94 47.06 47.12 47.12 47 46.81 46.76 46.75 46.71 46.84 46.99 47.01 47.02 46.94 47.07 47.11 47.12 47.1 47.1 47.08 47.04 47.04 47.07 47.05 46.92 46.9 46.92 46.92 46.89 46.97 47.01 47.07 47.15 47.2 47.2 47.23 47.23 47.13 47.07 46.96 46.94 46.97 47.03
47.08 47.14 47.08 47.12 47.17 47.14 47.18 47.17 47.09 47 46.93 46.88 46.83 46.88 46.92 46.97 47.08 47.15 47.2 47.17 47.13 47.1 47.06 47.13 47.16 47.14 47.11 47.15 47.12 47.11 47.12 47.14 47.09 47.05 47 46.92 47.05 47.14 47.16 47.07 46.87 46.82 46.8 46.76 46.81 46.96 46.99 47 46.88 46.96 47.06 47.13 47.12 47.14 47.13 47.04 47 47.03 47.05 46.95 46.94 46.94 46.95 46.9 46.93 46.97 47.1 47.12 47.14 47.17 47.23 47.26 47.2 47.12 47.02 47.02 47.03 47.06
47.1 47.15 47.12 47.11 47.16 47.18 47.16 47.18 47.16 47.04 46.95 46.91 46.88 46.89 46.93 46.96 47.06 47.11 47.13 47.15 47.2 47.15 47.09 47.12 47.18 47.13 47.14 47.14 47.07 47.1 47.1 47.12 47.11 47.09 47.02 46.93 47.07 47.14 47.16 47.1 46.92 46.84 46.82 46.76 46.71 46.84 46.93 46.96 46.9 46.93 47.02 47.12 47.12 47.13 47.13 47.06 46.99 47.01 47.07 47 47 46.99 46.96 46.91 46.92 46.97 47.11 47.15 47.14 47.17 47.23 47.23 47.21 47.15 47.07 47.06 47.06 47.08
47.11 47.17 47.17 47.15 47.16 47.21 47.15 47.19 47.2 47.1 47 46.98 46.93 46.9 46.92 46.93 47.01 47.08 47.09 47.14 47.23 47.18 47.16 47.13 47.22 47.18 47.17 47.13 47.04 47.1 47.1 47.11 47.12 47.09 47.03 46.96 47.04 47.08 47.13 47.14 46.99 46.91 46.85 46.78 46.68 46.73 46.86 46.95 46.99 46.99 47 47.06 47.07 47.05 47.05 47.09 47.01 47.01 47.04 47.04 46.98 46.99 47 46.97 46.92 46.94 47.03 47.1 47.12 47.18 47.2 47.19 47.19 47.16 47.08 47.06 47.07 47.09
47.13 47.17 47.17 47.16 47.17 47.19 47.2 47.2 47.19 47.15 47.06 47.04 46.95 46.89 46.9 46.9 46.95 47.08 47.09 47.14 47.21 47.18 47.19 47.18 47.22 47.23 47.2 47.14 47.08 47.1 47.09 47.09 47.11 47.08 47.04 47 47 47.02 47.11 47.21 47.13 47.05 46.91 46.82 46.76 46.74 46.83 46.94 47.04 47.02 46.99 47 47.03 47.02 47.01 47.05 47.01 47.04 47.02 47.12 47.1 47.04 47 46.9 46.9 46.95 47 47.07 47.09 47.13 47.15 47.17 47.18 47.16 47.13 47.08 47.07 47.07
47.14 47.17 47.16 47.18 47.14 47.2 47.26 47.24 47.21 47.16 47.1 47.07 46.98 46.89 46.91 46.91 46.92 47.04 47.08 47.14 47.16 47.14 47.15 47.18 47.18 47.22 47.19 47.17 47.12 47.09 47.08 47.09 47.09 47.1 47.09 47.04 46.96 46.99 47.1 47.24 47.21 47.12 46.91 46.83 46.82 46.76 46.74 46.9 46.99 46.99 46.97 46.98 47.05 47.06 47.09 47.1 47.07 47.05 47.03 47.12 47.14 47.08 46.97 46.86 46.89 46.93 46.99 47.02 47.04 47.08 47.11 47.16 47.17 47.17 47.17 47.11 47.07 47.06
47.14 47.21 47.2 47.18 47.18 47.2 47.25 47.24 47.21 47.18 47.15 47.09 47.04 46.93 46.93 46.94 46.91 46.99 47.05 47.15 47.16 47.14 47.14 47.15 47.13 47.15 47.15 47.18 47.14 47.07 47.08 47.11 47.1 47.11 47.12 47.03 46.93 46.95 47.05 47.2 47.2 47.11 46.92 46.83 46.8 46.74 46.7 46.87 46.9 46.91 46.91 46.94 47.04 47.07 47.1 47.1 47.12 47.07 47.04 47.1 47.12 47.12 46.99 46.94 46.94 46.95 46.98 46.97 46.99 47.05 47.06 47.15 47.17 47.18 47.17 47.12 47.07 47.04
47.16 47.23 47.25 47.17 47.19 47.16 47.24 47.26 47.22 47.22 47.18 47.12 47.09 46.97 46.94 46.92 46.93 46.97 47.03 47.13 47.19 47.21 47.19 47.16 47.14 47.13 47.13 47.19 47.15 47.1 47.07 47.12 47.07 47.08 47.09 47.02 46.99 46.97 47.04 47.14 47.16 47.13 47 46.9 46.79 46.75 46.74 46.84 46.85 46.85 46.86 46.89 47.02 47.08 47.11 47.12 47.15 47.1 47.06 47.08 47.1 47.12 47.03 46.99 46.97 46.97 46.98 46.94 46.96 47.05 47.04 47.14 47.16 47.17 47.15 47.1 47.07 47.02
47.16 47.25 47.26 47.18 47.16 47.16 47.24 47.25 47.24 47.25 47.22 47.13 47.1 47.03 46.97 46.91 46.94 46.97 47.02 47.11 47.18 47.26 47.26 47.23 47.19 47.14 47.14 47.18 47.16 47.14 47.11 47.16 47.08 47.09 47.08 47.02 47.02 46.98 46.98 47.08 47.13 47.13 47.08 46.96 46.9 46.82 46.81 46.74 46.76 46.81 46.88 46.91 47 47.08 47.15 47.17 47.16 47.12 47.07 47.08 47.08 47.09 47.04 46.97 46.95 46.92 46.94 46.94 46.96 47.05 47.06 47.13 47.15 47.14 47.17 47.12 47.1 47.03
47.11 47.21 47.23 47.21 47.17 47.2 47.21 47.22 47.26 47.27 47.24 47.14 47.12 47.08 47.01 46.93 46.96 46.96 47.01 47.1 47.18 47.25 47.27 47.28 47.25 47.13 47.13 47.21 47.17 47.17 47.14 47.12 47.07 47.1 47.11 47.07 47.04 47 46.94 47.04 47.14 47.14 47.14 47.01 46.97 46.88 46.84 46.76 46.76 46.83 46.96 47.02 47.04 47.08 47.17 47.18 47.16 47.14 47.1 47.09 47.08 47.08 47.03 46.92 46.89 46.84 46.9 46.93 46.96 47.02 47.07 47.11 47.14 47.16 47.21 47.19 47.15 47.08
47.08 47.15 47.18 47.23 47.2 47.21 47.2 47.2 47.26 47.26 47.24 47.17 47.16 47.09 47.03 46.96 47 47 47.03 47.11 47.21 47.25 47.26 47.28 47.27 47.17 47.07 47.11 47.17 47.16 47.12 47.07 47.07 47.11 47.1 47.07 47.07 47.02 46.93 46.99 47.14 47.15 47.18 47.06 46.95 46.89 46.85 46.83 46.8 46.85 47 47.08 47.08 47.06 47.15 47.16 47.16 47.16 47.13 47.09 47.07 47.09 47.08 46.91 46.87 46.82 46.89 46.92 46.94 46.98 47.06 47.07 47.12 47.22 47.2 47.19 47.18 47.13
47.06 47.09 47.13 47.21 47.21 47.2 47.2 47.19 47.23 47.23 47.23 47.21 47.15 47.1 47.06 46.98 47 46.98 47 47.09 47.15 47.17 47.23 47.27 47.2 47.14 47.02 47.03 47.11 47.13 47.17 47.13 47.1 47.12 47.08 47.05 47.09 47.03 46.94 46.97 47.14 47.16 47.19 47.11 47 46.9 46.86 46.83 46.79 46.81 46.99 47.04 47.04 47.03 47.11 47.12 47.13 47.16 47.17 47.13 47.08 47.08 47.15 47 46.93 46.84 46.84 46.88 46.93 46.95 47.05 47.06 47.07 47.22 47.21 47.2 47.18 47.15
47.03 47.08 47.11 47.19 47.23 47.19 47.2 47.17 47.22 47.2 47.2 47.22 47.16 47.1 47.09 46.99 47 46.96 46.95 47.01 47.12 47.14 47.22 47.25 47.15 47.1 47.02 47.04 47.11 47.14 47.2 47.17 47.14 47.11 47.07 47.06 47.11 47.06 46.96 46.97 47.12 47.17 47.21 47.19 47.11 46.95 46.88 46.82 46.79 46.8 46.96 46.96 46.99 47.04 47.09 47.11 47.13 47.18 47.18 47.11 47.06 47.07 47.16 47.11 47 46.85 46.89 46.91 46.92 46.99 47.03 47.06 47.07 47.23 47.25 47.23 47.2 47.16
47.03 47.1 47.13 47.18 47.24 47.23 47.22 47.2 47.24 47.26 47.24 47.25 47.22 47.09 47.06 47.01 46.99 46.97 46.97 46.98 47.09 47.12 47.18 47.23 47.17 47.12 47.05 47.06 47.13 47.16 47.18 47.15 47.17 47.12 47.09 47.07 47.11 47.08 46.98 46.95 47.06 47.18 47.25 47.26 47.2 47 46.89 46.84 46.83 46.81 46.89 46.93 46.99 47.08 47.09 47.1 47.13 47.17 47.17 47.09 47.02 47.02 47.07 47.09 47.07 46.89 46.89 46.9 46.92 47.03 46.98 47.02 47.07 47.16 47.23 47.21 47.22 47.19
47.06 47.04 47.07 47.14 47.24 47.22 47.24 47.22 47.16 47.3 47.31 47.28 47.23 47.14 47.06 47.06 47.04 47.02 46.99 46.99 47.04 47.06 47.14 47.25 47.23 47.18 47.11 47.09 47.14 47.18 47.2 47.18 47.2 47.15 47.11 47.06 47.08 47.06 46.97 46.92 46.98 47.15 47.24 47.26 47.22 47.03 46.87 46.85 46.85 46.81 46.8 46.95 46.99 47.07 47.09 47.06 47.09 47.16 47.14 47.1 47.06 47.02 47.06 47.08 47.11 46.96 46.9 46.89 46.96 47.02 46.93 46.99 47.06 47.11 47.2 47.21 47.22 47.21
47.04 47.01 47.04 47.12 47.22 47.22 47.24 47.25 47.16 47.27 47.33 47.27 47.2 47.19 47.14 47.12 47.1 47.07 47.01 46.97 46.99 47.02 47.11 47.23 47.28 47.26 47.2 47.15 47.16 47.21 47.23 47.21 47.21 47.18 47.12 47.07 47.07 47.04 46.99 46.91 46.93 47.07 47.2 47.22 47.21 47.07 46.9 46.85 46.86 46.81 46.64 46.81 46.9 47.06 47.05 46.96 46.98 47.1 47.14 47.14 47.1 47.02 47.08 47.09 47.13 47.02 46.94 46.92 46.95 47.01 46.95 46.99 47.08 47.11 47.2 47.22 47.22 47.2
47.02 47.03 47.02 47.08 47.19 47.23 47.27 47.28 47.25 47.26 47.28 47.29 47.23 47.23 47.2 47.13 47.11 47.07 47 46.98 47.01 47.04 47.12 47.21 47.31 47.32 47.27 47.2 47.17 47.2 47.21 47.19 47.18 47.18 47.14 47.09 47.1 47.07 47.05 46.97 46.96 46.98 47.15 47.2 47.21 47.14 46.95 46.86 46.87 46.8 46.58 46.66 46.79 46.99 47.04 46.96 46.96 47.06 47.14 47.15 47.12 47.04 47.07 47.08 47.11 47.05 46.92 46.91 46.91 46.99 46.96 46.97 47.06 47.12 47.17 47.2 47.2 47.2
47.04 47.04 47.03 47.09 47.17 47.21 47.27 47.26 47.29 47.27 47.26 47.31 47.3 47.3 47.24 47.11 47.1 47.07 47 47.01 47.05 47.06 47.14 47.22 47.33 47.34 47.29 47.21 47.19 47.21 47.19 47.16 47.16 47.15 47.13 47.1 47.11 47.09 47.08 47.05 47.05 46.97 47.01 47.14 47.18 47.2 47.1 46.91 46.87 46.8 46.63 46.64 46.76 46.91 47.02 47 47 47.08 47.14 47.13 47.1 47.08 47.04 47.05 47.07 47.07 46.95 46.92 46.89 46.96 46.93 46.93 47.01 47.11 47.12 47.18 47.17 47.18
47.07 47.06 47.08 47.12 47.15 47.18 47.24 47.25 47.28 47.29 47.3 47.33 47.34 47.33 47.25 47.12 47.1 47.1 47.04 47.02 47.06 47.04 47.09 47.22 47.31 47.31 47.25 47.2 47.21 47.23 47.24 47.21 47.2 47.16 47.1 47.11 47.1 47.05 47.08 47.14 47.11 47 46.99 47.09 47.14 47.17 47.11 46.93 46.86 46.79 46.72 46.7 46.79 46.88 46.99 46.99 47.01 47.06 47.13 47.11 47.09 47.12 47.05 47.03 47.05 47.09 47.06 46.99 46.91 46.91 46.9 46.91 46.95 47.09 47.09 47.15 47.16 47.16
47.07 47.07 47.1 47.15 47.14 47.17 47.24 47.29 47.31 47.33 47.33 47.33 47.34 47.33 47.26 47.19 47.13 47.13 47.09 47.01 47.03 47 47.02 47.17 47.23 47.28 47.25 47.16 47.18 47.21 47.26 47.25 47.24 47.18 47.14 47.09 47.09 47.07 47.12 47.14 47.12 47.05 47.04 47.05 47.11 47.12 47.1 47 46.89 46.79 46.78 46.78 46.79 46.9 47 47.02 46.99 47.02 47.13 47.12 47.11 47.15 47.11 47.07 47.04 47.08 47.1 47.01 46.93 46.89 46.89 46.94 46.95 47.06 47.07 47.1 47.15 47.16
47.11 47.09 47.1 47.14 47.14 47.17 47.25 47.32 47.35 47.34 47.31 47.31 47.38 47.35 47.29 47.24 47.16 47.15 47.15 47.02 47.02 47.01 47.02 47.12 47.19 47.31 47.32 47.24 47.23 47.24 47.28 47.27 47.26 47.2 47.15 47.01 47.04 47.08 47.11 47.12 47.11 47.1 47.05 47.03 47.09 47.11 47.13 47.09 46.94 46.81 46.81 46.82 46.79 46.9 47.01 47.03 46.97 46.98 47.13 47.13 47.13 47.17 47.16 47.12 47.04 47.02 47.07 47.02 46.9 46.89 46.91 46.99 46.99 47 47.02 47.03 47.06 47.13
47.17 47.14 47.11 47.11 47.16 47.16 47.24 47.33 47.34 47.31 47.29 47.28 47.37 47.36 47.33 47.3 47.21 47.18 47.15 47.07 47.05 47.02 47.05 47.12 47.16 47.28 47.36 47.34 47.27 47.22 47.31 47.32 47.3 47.24 47.12 47.05 47.05 47.08 47.1 47.11 47.09 47.09 47.06 47.05 47.08 47.12 47.13 47.12 47 46.84 46.81 46.84 46.8 46.82 46.94 46.99 46.98 46.96 47.1 47.11 47.13 47.18 47.16 47.12 46.99 46.99 47.02 47 46.86 46.88 46.91 46.98 47.04 47.02 47.01 47.01 47.07 47.09
47.18 47.18 47.16 47.12 47.13 47.15 47.22 47.29 47.32 47.29 47.26 47.29 47.35 47.36 47.34 47.3 47.26 47.19 47.1 47.09 47.05 47 47.05 47.08 47.11 47.23 47.39 47.39 47.31 47.22 47.32 47.33 47.31 47.27 47.14 47.11 47.1 47.08 47.09 47.09 47.08 47.07 47.06 47.06 47.08 47.11 47.12 47.12 47.06 46.86 46.8 46.82 46.74 46.67 46.85 46.93 47 46.96 47.08 47.09 47.11 47.16 47.16 47.14 47.04 46.98 47 47 46.93 46.85 46.88 46.97 47.08 47.08 47.05 47.05 47.09 47.04
47.18 47.17 47.14 47.12 47.08 47.1 47.17 47.25 47.29 47.27 47.21 47.3 47.28 47.33 47.36 47.29 47.29 47.2 47.11 47.09 47.06 47.02 47.05 47.01 47.05 47.18 47.32 47.38 47.32 47.24 47.3 47.31 47.29 47.27 47.19 47.15 47.13 47.06 47.08 47.09 47.09 47.08 47.04 47.04 47.06 47.09 47.1 47.09 47.1 46.9 46.82 46.8 46.67 46.59 46.78 46.87 46.96 46.96 47.06 47.09 47.11 47.12 47.14 47.14 47.05 46.93 46.97 47.01 46.94 46.83 46.88 46.98 47.07 47.08 47.05 47.07 47.09 47.03
47.17 47.16 47.13 47.11 47.07 47.08 47.12 47.19 47.22 47.24 47.22 47.27 47.25 47.28 47.36 47.32 47.32 47.24 47.16 47.1 47.08 47.04 47.06 46.97 47.01 47.13 47.25 47.36 47.32 47.26 47.25 47.29 47.28 47.28 47.25 47.21 47.15 47.06 47.1 47.1 47.09 47.07 47.06 47.05 47.04 47.05 47.1 47.11 47.11 46.96 46.84 46.8 46.68 46.61 46.74 46.82 46.96 46.99 47.03 47.05 47.05 47.07 47.1 47.13 47.07 46.94 46.97 46.98 46.9 46.84 46.88 46.95 47.01 47.01 46.99 47.03 47.08 47.06
47.1 47.12 47.14 47.14 47.11 47.12 47.11 47.17 47.18 47.23 47.26 47.24 47.25 47.25 47.34 47.32 47.31 47.24 47.17 47.13 47.14 47.1 47.05 46.98 47.01 47.1 47.25 47.35 47.33 47.28 47.24 47.28 47.28 47.32 47.29 47.25 47.15 47.06 47.11 47.1 47.06 47.04 47.08 47.08 47.04 47.01 47.1 47.12 47.14 47.05 46.84 46.84 46.77 46.66 46.61 46.7 46.86 46.97 46.98 46.98 46.98 47.04 47.09 47.16 47.12 46.97 46.96 46.95 46.95 46.92 46.9 46.89 46.94 46.94 46.93 46.97 47.05 47.05
47.05 47.04 47.15 47.16 47.13 47.13 47.13 47.15 47.16 47.21 47.24 47.22 47.23 47.23 47.32 47.33 47.3 47.24 47.2 47.19 47.21 47.16 47.03 47.01 47.04 47.1 47.24 47.31 47.33 47.32 47.29 47.28 47.28 47.36 47.31 47.26 47.15 47.06 47.08 47.08 47.03 47.04 47.09 47.09 47.05 47.03 47.06 47.06 47.15 47.11 46.94 46.89 46.79 46.72 46.64 46.66 46.87 46.95 46.95 46.97 46.99 47.01 47.06 47.13 47.11 46.98 46.93 46.94 47 46.97 46.9 46.84 46.87 46.89 46.89 46.93 47 47.01
