slabs/4.grd
DSAA
631 301
642000 642630
4946900 4947200
40.32 50.7
[rows 102 to 135 of 301, columns 390 to 467 of 631]
47.39 47.39 47.41 47.43 47.39 47.43 47.46 47.36 47.34 47.3 47.22 47.26 47.3 47.27 47.24 47.24 47.27 47.31 47.35 47.35 47.29 47.22 47.24 47.34 47.35 47.41 47.48 47.5 47.45 47.33 47.29 47.2 47.15 47.14 47.15 47.12 47.12 47.1 47.13 47.14 47.14 47.2 47.31 47.32 47.31 47.35 47.47 47.46 47.43 47.41 47.4 47.37 47.31 47.28 47.24 47.21 47.19 47.18 47.17 47.16 47.16 47.15 47.25 47.32 47.42 47.48 47.56 47.55 47.41 47.48 47.51 47.51 47.48 47.52 47.53 47.45 47.35 47.23
47.37 47.36 47.36 47.37 47.35 47.37 47.4 47.3 47.27 47.24 47.23 47.22 47.28 47.26 47.24 47.25 47.25 47.27 47.3 47.34 47.32 47.26 47.26 47.29 47.31 47.44 47.45 47.4 47.41 47.35 47.32 47.29 47.21 47.16 47.15 47.13 47.12 47.1 47.11 47.13 47.15 47.18 47.27 47.29 47.3 47.37 47.41 47.42 47.42 47.42 47.41 47.38 47.29 47.26 47.26 47.23 47.2 47.18 47.19 47.17 47.13 47.14 47.2 47.26 47.4 47.51 47.53 47.52 47.4 47.46 47.5 47.5 47.51 47.5 47.51 47.48 47.44 47.34
47.34 47.32 47.31 47.31 47.3 47.31 47.33 47.27 47.23 47.23 47.29 47.21 47.24 47.27 47.27 47.26 47.27 47.26 47.28 47.28 47.31 47.32 47.27 47.19 47.24 47.38 47.39 47.3 47.36 47.36 47.29 47.31 47.26 47.19 47.15 47.16 47.13 47.1 47.07 47.1 47.16 47.18 47.24 47.28 47.31 47.35 47.39 47.4 47.42 47.46 47.41 47.38 47.32 47.23 47.26 47.25 47.2 47.16 47.2 47.18 47.13 47.14 47.17 47.22 47.34 47.49 47.5 47.47 47.37 47.41 47.49 47.49 47.55 47.53 47.51 47.48 47.46 47.43
47.31 47.3 47.28 47.29 47.27 47.26 47.29 47.29 47.24 47.25 47.28 47.2 47.22 47.29 47.3 47.21 47.23 47.26 47.26 47.27 47.33 47.36 47.27 47.15 47.2 47.29 47.3 47.27 47.3 47.3 47.27 47.31 47.27 47.2 47.16 47.17 47.13 47.1 47.07 47.09 47.14 47.16 47.19 47.24 47.3 47.36 47.4 47.4 47.45 47.49 47.44 47.4 47.36 47.24 47.27 47.26 47.19 47.17 47.18 47.16 47.12 47.13 47.15 47.2 47.3 47.45 47.48 47.46 47.38 47.43 47.47 47.49 47.51 47.53 47.51 47.48 47.47 47.46
47.31 47.3 47.28 47.3 47.29 47.26 47.28 47.29 47.27 47.28 47.22 47.22 47.22 47.23 47.27 47.22 47.24 47.26 47.26 47.3 47.35 47.4 47.29 47.2 47.21 47.23 47.24 47.28 47.27 47.25 47.28 47.31 47.28 47.2 47.15 47.15 47.13 47.12 47.1 47.11 47.11 47.14 47.14 47.2 47.31 47.39 47.36 47.37 47.45 47.45 47.45 47.42 47.37 47.27 47.28 47.25 47.21 47.18 47.17 47.14 47.16 47.14 47.16 47.21 47.28 47.42 47.46 47.49 47.39 47.47 47.45 47.46 47.45 47.5 47.5 47.5 47.51 47.48
47.31 47.32 47.32 47.31 47.32 47.29 47.26 47.3 47.31 47.32 47.22 47.22 47.2 47.18 47.26 47.28 47.26 47.26 47.27 47.33 47.36 47.4 47.31 47.23 47.21 47.22 47.27 47.32 47.3 47.26 47.28 47.29 47.28 47.22 47.16 47.15 47.15 47.16 47.12 47.12 47.12 47.13 47.14 47.17 47.3 47.38 47.33 47.34 47.43 47.48 47.47 47.45 47.39 47.26 47.27 47.25 47.21 47.19 47.17 47.15 47.21 47.16 47.16 47.2 47.29 47.39 47.43 47.5 47.44 47.52 47.46 47.43 47.43 47.47 47.48 47.49 47.49 47.48
47.33 47.35 47.36 47.33 47.32 47.29 47.29 47.33 47.34 47.33 47.19 47.18 47.18 47.2 47.29 47.35 47.29 47.24 47.27 47.33 47.35 47.38 47.35 47.26 47.22 47.23 47.28 47.32 47.35 47.28 47.26 47.26 47.26 47.26 47.17 47.16 47.16 47.17 47.1 47.11 47.13 47.12 47.14 47.16 47.26 47.34 47.33 47.33 47.38 47.45 47.45 47.46 47.44 47.32 47.31 47.25 47.2 47.2 47.18 47.19 47.23 47.18 47.17 47.19 47.28 47.38 47.42 47.49 47.43 47.47 47.47 47.43 47.42 47.44 47.45 47.47 47.47 47.47
47.34 47.37 47.34 47.35 47.32 47.29 47.31 47.34 47.36 47.33 47.19 47.15 47.15 47.18 47.26 47.33 47.28 47.21 47.25 47.3 47.32 47.36 47.37 47.31 47.26 47.21 47.22 47.27 47.36 47.31 47.28 47.25 47.24 47.27 47.17 47.15 47.16 47.14 47.12 47.11 47.11 47.16 47.15 47.15 47.2 47.33 47.33 47.34 47.36 47.34 47.41 47.49 47.48 47.42 47.37 47.28 47.19 47.2 47.2 47.21 47.23 47.24 47.21 47.2 47.23 47.34 47.4 47.46 47.39 47.36 47.44 47.43 47.4 47.4 47.43 47.46 47.5 47.49
47.31 47.36 47.32 47.35 47.34 47.33 47.31 47.34 47.36 47.33 47.23 47.14 47.13 47.13 47.23 47.29 47.27 47.22 47.24 47.28 47.29 47.32 47.37 47.34 47.29 47.22 47.17 47.22 47.33 47.32 47.3 47.27 47.25 47.27 47.21 47.17 47.15 47.14 47.14 47.11 47.1 47.15 47.11 47.12 47.18 47.29 47.32 47.38 47.4 47.36 47.41 47.51 47.5 47.46 47.41 47.3 47.2 47.21 47.2 47.19 47.21 47.25 47.23 47.2 47.19 47.29 47.36 47.41 47.38 47.33 47.4 47.44 47.41 47.38 47.39 47.45 47.5 47.5
47.28 47.32 47.28 47.34 47.35 47.36 47.32 47.32 47.35 47.32 47.26 47.14 47.13 47.12 47.21 47.29 47.29 47.24 47.23 47.27 47.26 47.29 47.39 47.36 47.28 47.22 47.19 47.21 47.28 47.34 47.36 47.34 47.3 47.33 47.29 47.24 47.17 47.16 47.15 47.12 47.1 47.13 47.1 47.1 47.17 47.23 47.29 47.4 47.4 47.38 47.39 47.49 47.51 47.48 47.44 47.33 47.24 47.21 47.2 47.19 47.19 47.21 47.22 47.2 47.17 47.23 47.3 47.37 47.39 47.37 47.37 47.42 47.43 47.38 47.35 47.39 47.42 47.46
47.27 47.28 47.27 47.33 47.35 47.37 47.31 47.3 47.33 47.3 47.25 47.18 47.14 47.11 47.16 47.25 47.25 47.25 47.23 47.23 47.22 47.28 47.39 47.36 47.29 47.23 47.21 47.21 47.24 47.28 47.33 47.35 47.42 47.36 47.37 47.3 47.19 47.19 47.16 47.13 47.11 47.12 47.1 47.1 47.14 47.16 47.23 47.37 47.4 47.37 47.36 47.43 47.49 47.55 47.5 47.4 47.26 47.22 47.21 47.2 47.17 47.17 47.2 47.19 47.14 47.16 47.23 47.32 47.38 47.38 47.35 47.41 47.42 47.39 47.34 47.33 47.41 47.44
47.26 47.27 47.29 47.34 47.36 47.34 47.27 47.29 47.31 47.28 47.21 47.23 47.17 47.1 47.1 47.14 47.15 47.22 47.21 47.2 47.2 47.28 47.34 47.34 47.33 47.27 47.22 47.21 47.19 47.22 47.29 47.33 47.42 47.39 47.36 47.3 47.21 47.19 47.16 47.13 47.12 47.1 47.09 47.1 47.12 47.15 47.18 47.32 47.42 47.39 47.38 47.4 47.48 47.58 47.54 47.45 47.28 47.22 47.2 47.2 47.16 47.15 47.17 47.19 47.12 47.12 47.16 47.27 47.31 47.35 47.37 47.47 47.45 47.41 47.35 47.34 47.39 47.4
47.25 47.27 47.32 47.35 47.34 47.32 47.25 47.25 47.27 47.24 47.2 47.26 47.17 47.11 47.12 47.11 47.14 47.21 47.23 47.22 47.2 47.27 47.28 47.32 47.37 47.3 47.22 47.2 47.15 47.18 47.27 47.3 47.36 47.41 47.37 47.32 47.24 47.18 47.16 47.14 47.14 47.08 47.09 47.1 47.1 47.17 47.18 47.29 47.42 47.4 47.42 47.42 47.49 47.55 47.55 47.48 47.33 47.25 47.21 47.21 47.17 47.15 47.15 47.15 47.12 47.11 47.14 47.22 47.25 47.32 47.38 47.45 47.5 47.48 47.38 47.4 47.39 47.4
47.24 47.29 47.34 47.34 47.32 47.33 47.28 47.25 47.26 47.27 47.27 47.27 47.2 47.17 47.22 47.21 47.17 47.25 47.26 47.24 47.2 47.23 47.24 47.3 47.36 47.33 47.24 47.2 47.14 47.17 47.23 47.27 47.34 47.44 47.4 47.34 47.25 47.16 47.16 47.17 47.15 47.1 47.09 47.1 47.08 47.15 47.18 47.27 47.41 47.41 47.42 47.43 47.48 47.55 47.57 47.53 47.39 47.33 47.24 47.19 47.19 47.17 47.15 47.12 47.12 47.11 47.11 47.16 47.26 47.3 47.39 47.42 47.43 47.47 47.41 47.41 47.39 47.4
47.26 47.3 47.36 47.33 47.32 47.34 47.32 47.29 47.26 47.29 47.34 47.32 47.25 47.2 47.2 47.23 47.23 47.25 47.27 47.25 47.22 47.21 47.26 47.3 47.35 47.35 47.26 47.23 47.17 47.16 47.18 47.23 47.34 47.43 47.39 47.33 47.27 47.14 47.16 47.18 47.15 47.14 47.1 47.09 47.08 47.14 47.17 47.24 47.41 47.43 47.42 47.4 47.43 47.49 47.54 47.55 47.41 47.37 47.26 47.16 47.19 47.17 47.11 47.12 47.1 47.11 47.11 47.16 47.27 47.31 47.41 47.43 47.33 47.37 47.36 47.37 47.35 47.37
47.28 47.26 47.31 47.3 47.3 47.31 47.34 47.33 47.26 47.26 47.3 47.31 47.25 47.22 47.18 47.22 47.25 47.22 47.28 47.27 47.25 47.2 47.24 47.27 47.34 47.35 47.29 47.27 47.2 47.15 47.15 47.21 47.34 47.39 47.36 47.3 47.29 47.16 47.16 47.17 47.17 47.12 47.09 47.07 47.09 47.14 47.16 47.2 47.4 47.4 47.41 47.37 47.36 47.41 47.5 47.55 47.52 47.45 47.32 47.24 47.23 47.17 47.08 47.11 47.09 47.1 47.09 47.14 47.21 47.27 47.4 47.44 47.34 47.36 47.34 47.35 47.34 47.35
47.32 47.24 47.22 47.24 47.27 47.32 47.3 47.3 47.27 47.26 47.27 47.3 47.25 47.22 47.18 47.23 47.26 47.23 47.25 47.26 47.28 47.22 47.18 47.24 47.32 47.33 47.32 47.29 47.22 47.13 47.13 47.18 47.33 47.37 47.34 47.29 47.3 47.22 47.18 47.16 47.21 47.09 47.07 47.08 47.09 47.11 47.13 47.13 47.32 47.33 47.39 47.36 47.37 47.4 47.48 47.53 47.56 47.51 47.37 47.3 47.25 47.18 47.11 47.1 47.09 47.09 47.08 47.1 47.16 47.22 47.33 47.42 47.4 47.4 47.4 47.37 47.36 47.35
47.32 47.2 47.19 47.22 47.28 47.32 47.3 47.31 47.3 47.27 47.29 47.31 47.29 47.21 47.2 47.25 47.28 47.22 47.22 47.24 47.31 47.3 47.23 47.23 47.27 47.29 47.32 47.3 47.22 47.15 47.13 47.15 47.27 47.35 47.36 47.36 47.29 47.27 47.22 47.16 47.24 47.15 47.1 47.07 47.09 47.11 47.17 47.17 47.21 47.25 47.35 47.37 47.43 47.43 47.46 47.45 47.51 47.49 47.39 47.32 47.24 47.18 47.14 47.11 47.11 47.1 47.09 47.13 47.15 47.18 47.28 47.37 47.39 47.4 47.45 47.41 47.39 47.36
47.36 47.22 47.19 47.21 47.28 47.3 47.28 47.3 47.31 47.24 47.28 47.3 47.32 47.29 47.28 47.29 47.3 47.23 47.23 47.26 47.34 47.39 47.34 47.27 47.25 47.29 47.33 47.34 47.24 47.2 47.17 47.13 47.2 47.32 47.37 47.44 47.3 47.27 47.23 47.15 47.17 47.17 47.14 47.08 47.11 47.12 47.16 47.17 47.15 47.19 47.32 47.35 47.41 47.41 47.45 47.46 47.49 47.49 47.43 47.34 47.27 47.22 47.16 47.12 47.12 47.11 47.08 47.14 47.13 47.15 47.25 47.35 47.37 47.36 47.44 47.45 47.42 47.37
47.42 47.29 47.2 47.21 47.27 47.3 47.27 47.28 47.29 47.24 47.25 47.28 47.35 47.38 47.35 47.35 47.32 47.31 47.3 47.3 47.38 47.38 47.37 47.32 47.3 47.33 47.38 47.37 47.28 47.19 47.17 47.13 47.14 47.25 47.29 47.41 47.41 47.33 47.27 47.18 47.08 47.12 47.14 47.11 47.13 47.14 47.14 47.12 47.1 47.16 47.31 47.34 47.38 47.38 47.43 47.49 47.5 47.5 47.46 47.36 47.31 47.26 47.17 47.13 47.13 47.1 47.08 47.1 47.09 47.1 47.2 47.32 47.34 47.36 47.4 47.41 47.38 47.36
47.47 47.33 47.2 47.21 47.27 47.29 47.27 47.26 47.26 47.26 47.26 47.28 47.38 47.4 47.36 47.35 47.32 47.37 47.34 47.28 47.36 47.33 47.35 47.36 47.35 47.38 47.41 47.41 47.32 47.23 47.2 47.15 47.12 47.15 47.22 47.36 47.47 47.42 47.34 47.23 47.15 47.16 47.15 47.12 47.11 47.13 47.16 47.12 47.11 47.16 47.28 47.34 47.37 47.38 47.42 47.48 47.5 47.5 47.48 47.4 47.34 47.28 47.19 47.13 47.13 47.1 47.1 47.1 47.08 47.08 47.19 47.26 47.3 47.37 47.4 47.37 47.37 47.37
47.53 47.39 47.21 47.22 47.27 47.28 47.25 47.26 47.25 47.29 47.3 47.33 47.38 47.35 47.31 47.28 47.3 47.33 47.3 47.23 47.28 47.3 47.31 47.33 47.32 47.33 47.41 47.48 47.41 47.32 47.27 47.19 47.11 47.08 47.16 47.31 47.44 47.43 47.36 47.28 47.24 47.21 47.17 47.13 47.11 47.11 47.15 47.12 47.14 47.17 47.24 47.31 47.33 47.37 47.42 47.44 47.46 47.48 47.49 47.42 47.36 47.29 47.22 47.14 47.13 47.09 47.1 47.11 47.08 47.07 47.15 47.21 47.26 47.36 47.44 47.33 47.33 47.35
47.57 47.47 47.26 47.23 47.25 47.3 47.25 47.27 47.26 47.29 47.3 47.34 47.33 47.29 47.26 47.22 47.27 47.24 47.24 47.19 47.18 47.23 47.25 47.27 47.23 47.29 47.37 47.48 47.47 47.41 47.35 47.24 47.12 47.09 47.13 47.25 47.31 47.36 47.37 47.3 47.26 47.22 47.18 47.17 47.13 47.12 47.12 47.1 47.14 47.16 47.2 47.31 47.31 47.36 47.4 47.39 47.42 47.48 47.5 47.42 47.39 47.33 47.26 47.15 47.14 47.1 47.07 47.13 47.1 47.06 47.08 47.15 47.2 47.29 47.37 47.35 47.33 47.34
47.58 47.49 47.31 47.26 47.23 47.32 47.29 47.27 47.28 47.31 47.31 47.36 47.32 47.29 47.25 47.24 47.29 47.24 47.21 47.14 47.1 47.26 47.25 47.27 47.23 47.28 47.33 47.41 47.45 47.44 47.4 47.32 47.17 47.13 47.1 47.21 47.22 47.3 47.37 47.32 47.26 47.23 47.19 47.21 47.13 47.13 47.11 47.09 47.11 47.13 47.18 47.31 47.33 47.38 47.38 47.34 47.38 47.46 47.5 47.44 47.4 47.34 47.27 47.13 47.12 47.1 47.06 47.1 47.11 47.1 47.06 47.11 47.14 47.21 47.27 47.34 47.36 47.39
47.6 47.51 47.39 47.31 47.22 47.27 47.28 47.3 47.37 47.43 47.41 47.38 47.26 47.24 47.23 47.23 47.28 47.21 47.17 47.11 47.16 47.31 47.3 47.29 47.25 47.23 47.29 47.36 47.43 47.43 47.4 47.39 47.28 47.22 47.13 47.18 47.22 47.25 47.31 47.3 47.27 47.23 47.21 47.21 47.11 47.12 47.13 47.12 47.11 47.12 47.16 47.25 47.3 47.38 47.36 47.34 47.37 47.43 47.49 47.43 47.41 47.35 47.29 47.17 47.14 47.1 47.06 47.08 47.1 47.1 47.08 47.08 47.12 47.2 47.26 47.32 47.39 47.45
47.62 47.56 47.5 47.39 47.25 47.21 47.25 47.36 47.51 47.54 47.5 47.4 47.21 47.21 47.22 47.24 47.24 47.17 47.14 47.14 47.24 47.32 47.31 47.33 47.3 47.24 47.24 47.33 47.41 47.4 47.38 47.42 47.39 47.32 47.17 47.15 47.22 47.21 47.21 47.25 47.29 47.26 47.23 47.21 47.11 47.09 47.1 47.13 47.13 47.12 47.11 47.15 47.21 47.36 47.4 47.38 47.38 47.39 47.38 47.38 47.4 47.41 47.28 47.21 47.18 47.12 47.09 47.09 47.09 47.09 47.12 47.09 47.09 47.18 47.25 47.29 47.39 47.42
47.61 47.55 47.55 47.45 47.23 47.21 47.23 47.36 47.57 47.55 47.52 47.41 47.21 47.19 47.22 47.26 47.25 47.19 47.16 47.15 47.26 47.32 47.34 47.38 47.34 47.28 47.23 47.3 47.37 47.36 47.37 47.43 47.43 47.37 47.19 47.14 47.22 47.2 47.18 47.24 47.31 47.29 47.27 47.22 47.13 47.08 47.08 47.11 47.13 47.12 47.08 47.1 47.15 47.3 47.38 47.38 47.37 47.33 47.32 47.34 47.39 47.44 47.29 47.21 47.2 47.15 47.14 47.13 47.1 47.1 47.11 47.09 47.07 47.14 47.23 47.28 47.38 47.35
47.53 47.49 47.52 47.45 47.24 47.23 47.24 47.35 47.57 47.56 47.53 47.42 47.24 47.21 47.24 47.26 47.24 47.25 47.21 47.2 47.28 47.31 47.35 47.39 47.36 47.3 47.22 47.26 47.33 47.33 47.37 47.39 47.41 47.38 47.26 47.16 47.19 47.19 47.21 47.27 47.33 47.33 47.29 47.26 47.21 47.15 47.08 47.09 47.12 47.14 47.06 47.11 47.13 47.2 47.33 47.35 47.35 47.34 47.35 47.35 47.4 47.45 47.32 47.23 47.23 47.17 47.16 47.14 47.1 47.11 47.1 47.09 47.07 47.13 47.24 47.31 47.38 47.33
47.45 47.39 47.44 47.41 47.26 47.22 47.23 47.34 47.56 47.54 47.52 47.45 47.29 47.23 47.25 47.23 47.21 47.26 47.25 47.23 47.27 47.28 47.31 47.34 47.35 47.32 47.18 47.19 47.28 47.29 47.36 47.37 47.38 47.39 47.34 47.15 47.15 47.18 47.26 47.36 47.39 47.37 47.33 47.35 47.31 47.19 47.09 47.06 47.09 47.12 47.09 47.12 47.11 47.16 47.31 47.32 47.34 47.35 47.36 47.41 47.44 47.47 47.36 47.29 47.24 47.18 47.16 47.14 47.1 47.1 47.11 47.09 47.09 47.12 47.23 47.3 47.34 47.36
47.38 47.37 47.41 47.4 47.32 47.24 47.23 47.31 47.51 47.5 47.51 47.48 47.33 47.26 47.24 47.22 47.21 47.23 47.23 47.17 47.22 47.25 47.29 47.3 47.33 47.31 47.19 47.2 47.26 47.27 47.35 47.34 47.35 47.39 47.38 47.24 47.15 47.18 47.29 47.36 47.39 47.41 47.38 47.37 47.33 47.22 47.13 47.03 47.06 47.11 47.14 47.12 47.11 47.16 47.29 47.32 47.34 47.33 47.36 47.45 47.49 47.51 47.41 47.36 47.27 47.19 47.16 47.15 47.12 47.09 47.08 47.08 47.1 47.1 47.16 47.21 47.27 47.4
47.35 47.41 47.43 47.43 47.38 47.27 47.25 47.3 47.43 47.48 47.49 47.49 47.38 47.33 47.25 47.23 47.22 47.22 47.19 47.12 47.19 47.24 47.28 47.23 47.3 47.32 47.29 47.2 47.26 47.26 47.29 47.3 47.33 47.38 47.39 47.27 47.2 47.19 47.29 47.29 47.34 47.42 47.4 47.36 47.33 47.25 47.15 47.05 47.07 47.12 47.13 47.09 47.11 47.13 47.25 47.33 47.33 47.3 47.38 47.43 47.49 47.5 47.43 47.39 47.3 47.21 47.15 47.14 47.11 47.09 47.08 47.07 47.06 47.07 47.11 47.17 47.27 47.37
47.4 47.44 47.46 47.44 47.41 47.3 47.27 47.31 47.36 47.42 47.48 47.49 47.43 47.38 47.28 47.2 47.2 47.2 47.18 47.12 47.14 47.21 47.25 47.2 47.26 47.32 47.39 47.27 47.22 47.22 47.22 47.24 47.27 47.33 47.4 47.3 47.26 47.19 47.26 47.27 47.31 47.39 47.39 47.39 47.35 47.25 47.14 47.1 47.1 47.12 47.09 47.08 47.09 47.11 47.2 47.3 47.3 47.29 47.4 47.39 47.44 47.43 47.43 47.4 47.31 47.23 47.16 47.15 47.09 47.1 47.09 47.08 47.04 47.07 47.1 47.16 47.29 47.35
47.48 47.46 47.45 47.44 47.44 47.36 47.29 47.27 47.27 47.31 47.44 47.51 47.52 47.46 47.32 47.18 47.21 47.22 47.23 47.27 47.26 47.23 47.21 47.21 47.23 47.27 47.36 47.32 47.23 47.23 47.22 47.21 47.23 47.31 47.4 47.35 47.31 47.19 47.21 47.27 47.29 47.38 47.41 47.4 47.36 47.25 47.15 47.13 47.12 47.1 47.08 47.09 47.1 47.11 47.16 47.21 47.26 47.32 47.41 47.39 47.38 47.37 47.4 47.41 47.37 47.26 47.21 47.19 47.1 47.08 47.07 47.09 47.07 47.08 47.08 47.15 47.27 47.33
47.52 47.45 47.42 47.46 47.49 47.44 47.33 47.24 47.21 47.25 47.4 47.49 47.58 47.53 47.38 47.25 47.25 47.25 47.27 47.38 47.34 47.26 47.17 47.21 47.25 47.26 47.33 47.33 47.29 47.26 47.25 47.26 47.26 47.32 47.4 47.39 47.35 47.21 47.19 47.25 47.27 47.39 47.44 47.35 47.34 47.26 47.19 47.14 47.1 47.06 47.07 47.08 47.1 47.12 47.12 47.14 47.23 47.35 47.42 47.4 47.34 47.34 47.4 47.44 47.43 47.29 47.27 47.23 47.13 47.06 47.08 47.08 47.08 47.07 47.07 47.11 47.17 47.29
