slabs/4.grd
DSAA
631 301
642000 642630
4946900 4947200
40.32 50.7
[rows 136 to 169 of 301, columns 312 to 389 of 631]
47.39 47.41 47.43 47.48 47.58 47.62 47.67 47.7 47.67 47.57 47.55 47.52 47.49 47.61 47.6 47.5 47.44 47.39 47.33 47.26 47.28 47.18 47.12 47.02 47.13 47.2 47.25 47.31 47.36 47.45 47.44 47.49 47.54 47.51 47.48 47.41 47.37 47.37 47.34 47.28 47.25 47.23 47.21 47.28 47.31 47.27 47.26 47.31 47.31 47.35 47.43 47.47 47.49 47.51 47.59 47.59 47.57 47.53 47.53 47.54 47.53 47.5 47.59 47.56 47.49 47.35 47.36 47.49 47.47 47.48 47.57 47.5 47.45 47.49 47.53 47.62 47.61 47.55
47.4 47.4 47.37 47.41 47.49 47.53 47.59 47.65 47.69 47.63 47.59 47.54 47.5 47.58 47.58 47.5 47.4 47.36 47.31 47.25 47.27 47.23 47.19 47.02 47.06 47.15 47.23 47.34 47.4 47.49 47.51 47.57 47.55 47.53 47.47 47.44 47.47 47.44 47.36 47.28 47.29 47.28 47.24 47.31 47.33 47.29 47.26 47.29 47.3 47.34 47.41 47.41 47.44 47.49 47.6 47.61 47.58 47.5 47.49 47.53 47.51 47.49 47.59 47.52 47.51 47.38 47.39 47.52 47.51 47.52 47.57 47.52 47.48 47.49 47.51 47.59 47.61 47.55
47.4 47.39 47.35 47.38 47.43 47.47 47.52 47.61 47.7 47.69 47.64 47.58 47.58 47.55 47.57 47.52 47.39 47.34 47.32 47.3 47.3 47.29 47.24 47.09 47.03 47.13 47.23 47.33 47.32 47.37 47.5 47.65 47.55 47.54 47.49 47.44 47.51 47.46 47.35 47.29 47.31 47.29 47.25 47.27 47.3 47.29 47.25 47.28 47.31 47.34 47.38 47.37 47.41 47.5 47.6 47.63 47.61 47.55 47.5 47.51 47.5 47.49 47.55 47.5 47.52 47.47 47.43 47.5 47.5 47.51 47.51 47.54 47.48 47.47 47.5 47.53 47.58 47.55
47.43 47.38 47.36 47.38 47.41 47.46 47.51 47.6 47.73 47.73 47.67 47.65 47.65 47.57 47.59 47.56 47.44 47.33 47.33 47.3 47.31 47.34 47.3 47.18 47.03 47.1 47.23 47.28 47.24 47.27 47.44 47.56 47.52 47.52 47.49 47.42 47.44 47.4 47.32 47.29 47.29 47.28 47.23 47.25 47.29 47.29 47.27 47.27 47.31 47.3 47.35 47.36 47.39 47.49 47.57 47.62 47.63 47.61 47.55 47.51 47.51 47.5 47.5 47.51 47.53 47.51 47.44 47.41 47.46 47.53 47.51 47.51 47.44 47.42 47.43 47.45 47.5 47.5
47.51 47.39 47.38 47.37 47.39 47.45 47.52 47.63 47.73 47.77 47.75 47.7 47.65 47.62 47.62 47.55 47.55 47.42 47.39 47.32 47.29 47.32 47.33 47.25 47.13 47.07 47.11 47.24 47.25 47.27 47.33 47.42 47.46 47.48 47.46 47.42 47.42 47.39 47.33 47.32 47.27 47.27 47.25 47.27 47.29 47.29 47.3 47.29 47.28 47.27 47.34 47.37 47.38 47.45 47.54 47.61 47.64 47.64 47.57 47.52 47.52 47.49 47.49 47.55 47.56 47.52 47.45 47.42 47.46 47.55 47.51 47.49 47.45 47.42 47.42 47.45 47.49 47.5
47.6 47.44 47.4 47.35 47.37 47.46 47.52 47.61 47.64 47.73 47.76 47.7 47.65 47.69 47.66 47.58 47.58 47.44 47.39 47.33 47.27 47.28 47.31 47.29 47.24 47.13 47.07 47.18 47.24 47.25 47.26 47.34 47.44 47.46 47.47 47.44 47.46 47.42 47.36 47.34 47.3 47.3 47.28 47.3 47.28 47.25 47.28 47.3 47.29 47.28 47.34 47.37 47.35 47.39 47.53 47.59 47.61 47.64 47.61 47.51 47.52 47.5 47.49 47.49 47.51 47.49 47.47 47.46 47.44 47.55 47.51 47.49 47.45 47.45 47.42 47.45 47.51 47.52
47.64 47.46 47.4 47.34 47.36 47.43 47.45 47.49 47.59 47.67 47.7 47.67 47.7 47.67 47.65 47.59 47.56 47.46 47.37 47.32 47.27 47.28 47.3 47.31 47.32 47.26 47.15 47.15 47.22 47.25 47.25 47.32 47.43 47.46 47.48 47.45 47.48 47.45 47.39 47.34 47.34 47.33 47.28 47.32 47.28 47.25 47.29 47.29 47.29 47.3 47.31 47.35 47.36 47.38 47.52 47.56 47.57 47.64 47.65 47.57 47.54 47.52 47.43 47.43 47.47 47.47 47.47 47.47 47.42 47.49 47.53 47.51 47.46 47.46 47.37 47.4 47.47 47.5
47.61 47.44 47.38 47.34 47.36 47.37 47.41 47.45 47.53 47.64 47.64 47.66 47.72 47.63 47.64 47.61 47.56 47.47 47.35 47.31 47.29 47.29 47.3 47.34 47.38 47.33 47.17 47.18 47.26 47.28 47.26 47.3 47.4 47.43 47.48 47.46 47.48 47.46 47.39 47.35 47.35 47.34 47.29 47.29 47.28 47.27 47.3 47.34 47.32 47.29 47.31 47.3 47.34 47.38 47.46 47.51 47.53 47.61 47.63 47.6 47.55 47.49 47.39 47.43 47.52 47.54 47.53 47.52 47.46 47.47 47.52 47.49 47.48 47.46 47.37 47.37 47.4 47.46
47.59 47.49 47.45 47.38 47.33 47.38 47.47 47.52 47.47 47.59 47.6 47.67 47.76 47.69 47.66 47.64 47.57 47.49 47.34 47.33 47.31 47.3 47.31 47.34 47.4 47.34 47.13 47.22 47.3 47.3 47.27 47.29 47.37 47.39 47.45 47.47 47.46 47.45 47.41 47.39 47.36 47.33 47.29 47.25 47.26 47.29 47.31 47.35 47.33 47.3 47.29 47.28 47.31 47.36 47.38 47.44 47.48 47.56 47.61 47.6 47.55 47.44 47.38 47.43 47.53 47.59 47.57 47.56 47.49 47.48 47.5 47.48 47.49 47.43 47.41 47.38 47.35 47.45
47.65 47.59 47.56 47.47 47.36 47.37 47.48 47.55 47.45 47.52 47.54 47.65 47.75 47.71 47.67 47.67 47.59 47.51 47.38 47.38 47.33 47.31 47.3 47.32 47.38 47.34 47.16 47.18 47.25 47.26 47.26 47.27 47.33 47.34 47.37 47.42 47.42 47.42 47.42 47.39 47.36 47.3 47.28 47.24 47.27 47.31 47.33 47.34 47.32 47.28 47.28 47.29 47.3 47.37 47.37 47.39 47.44 47.53 47.59 47.59 47.58 47.42 47.38 47.43 47.5 47.56 47.56 47.56 47.52 47.46 47.49 47.51 47.5 47.41 47.44 47.41 47.34 47.45
47.7 47.66 47.62 47.54 47.4 47.34 47.43 47.5 47.44 47.46 47.5 47.63 47.7 47.68 47.66 47.69 47.6 47.53 47.42 47.41 47.34 47.31 47.28 47.3 47.36 47.36 47.25 47.03 47.11 47.17 47.21 47.21 47.26 47.31 47.31 47.34 47.41 47.41 47.41 47.39 47.37 47.3 47.28 47.27 47.28 47.29 47.3 47.32 47.32 47.29 47.3 47.31 47.29 47.35 47.38 47.38 47.42 47.52 47.58 47.59 47.62 47.47 47.4 47.43 47.5 47.5 47.51 47.54 47.55 47.45 47.48 47.52 47.51 47.39 47.44 47.44 47.35 47.44
47.68 47.66 47.62 47.53 47.4 47.35 47.38 47.45 47.43 47.46 47.52 47.63 47.7 47.69 47.65 47.68 47.61 47.54 47.44 47.4 47.32 47.3 47.28 47.3 47.29 47.33 47.27 47.06 47.06 47.06 47.18 47.16 47.18 47.24 47.28 47.35 47.4 47.42 47.43 47.4 47.35 47.3 47.3 47.27 47.28 47.27 47.28 47.31 47.32 47.32 47.32 47.31 47.28 47.3 47.39 47.38 47.41 47.49 47.53 47.56 47.62 47.54 47.43 47.45 47.5 47.48 47.5 47.53 47.55 47.47 47.47 47.51 47.5 47.45 47.48 47.47 47.38 47.43
47.64 47.62 47.59 47.52 47.42 47.37 47.34 47.4 47.47 47.5 47.56 47.64 47.69 47.7 47.65 47.68 47.62 47.58 47.48 47.38 47.33 47.35 47.34 47.3 47.28 47.3 47.3 47.2 47.1 46.97 47.07 47.15 47.16 47.18 47.26 47.38 47.4 47.43 47.43 47.38 47.35 47.32 47.33 47.26 47.26 47.24 47.29 47.3 47.32 47.32 47.3 47.29 47.27 47.29 47.38 47.37 47.38 47.45 47.47 47.52 47.61 47.59 47.46 47.47 47.47 47.48 47.51 47.52 47.55 47.51 47.45 47.5 47.47 47.51 47.51 47.49 47.39 47.41
47.58 47.56 47.53 47.56 47.44 47.38 47.32 47.33 47.49 47.51 47.55 47.61 47.64 47.67 47.66 47.6 47.58 47.57 47.51 47.46 47.44 47.43 47.41 47.32 47.31 47.32 47.35 47.31 47.18 46.93 46.99 47.14 47.15 47.17 47.24 47.35 47.39 47.43 47.42 47.4 47.39 47.34 47.31 47.28 47.26 47.21 47.28 47.29 47.33 47.3 47.27 47.28 47.28 47.31 47.37 47.37 47.37 47.44 47.45 47.51 47.62 47.6 47.55 47.49 47.42 47.43 47.46 47.49 47.57 47.55 47.51 47.51 47.49 47.53 47.52 47.49 47.45 47.42
47.51 47.47 47.46 47.6 47.48 47.4 47.32 47.32 47.48 47.49 47.51 47.62 47.61 47.68 47.71 47.6 47.6 47.55 47.46 47.46 47.46 47.44 47.43 47.36 47.34 47.33 47.35 47.31 47.18 46.9 46.96 47.13 47.17 47.21 47.21 47.3 47.36 47.41 47.41 47.43 47.44 47.37 47.28 47.3 47.28 47.24 47.27 47.29 47.34 47.3 47.27 47.3 47.32 47.31 47.34 47.36 47.39 47.43 47.46 47.52 47.6 47.61 47.61 47.51 47.43 47.42 47.43 47.45 47.53 47.6 47.57 47.52 47.5 47.53 47.51 47.48 47.46 47.44
47.43 47.38 47.42 47.62 47.54 47.46 47.34 47.32 47.41 47.47 47.5 47.62 47.65 47.67 47.73 47.68 47.66 47.58 47.44 47.44 47.43 47.39 47.41 47.37 47.36 47.35 47.29 47.23 47.12 46.88 46.94 47.13 47.2 47.25 47.18 47.25 47.3 47.37 47.39 47.41 47.45 47.42 47.3 47.31 47.33 47.29 47.28 47.3 47.32 47.3 47.29 47.3 47.31 47.26 47.26 47.31 47.36 47.38 47.45 47.51 47.59 47.62 47.6 47.56 47.49 47.48 47.46 47.42 47.48 47.62 47.59 47.49 47.46 47.55 47.52 47.47 47.47 47.48
47.35 47.34 47.44 47.65 47.63 47.57 47.43 47.33 47.36 47.41 47.47 47.51 47.58 47.61 47.71 47.72 47.69 47.58 47.42 47.4 47.38 47.35 47.36 47.38 47.36 47.36 47.28 47.18 47.08 46.9 46.92 47.11 47.2 47.22 47.17 47.2 47.25 47.33 47.37 47.38 47.41 47.46 47.37 47.37 47.39 47.33 47.27 47.28 47.31 47.31 47.28 47.29 47.29 47.24 47.23 47.27 47.32 47.36 47.43 47.47 47.53 47.56 47.55 47.56 47.5 47.51 47.5 47.48 47.55 47.63 47.6 47.5 47.43 47.52 47.52 47.48 47.51 47.5
47.32 47.3 47.47 47.62 47.64 47.62 47.52 47.41 47.34 47.37 47.47 47.52 47.54 47.57 47.69 47.75 47.71 47.59 47.42 47.35 47.32 47.3 47.32 47.39 47.37 47.39 47.31 47.17 47.1 46.98 46.95 47.04 47.12 47.16 47.16 47.16 47.24 47.32 47.35 47.36 47.38 47.46 47.47 47.42 47.4 47.32 47.26 47.28 47.32 47.32 47.29 47.27 47.26 47.23 47.24 47.26 47.3 47.35 47.38 47.44 47.51 47.54 47.54 47.55 47.51 47.48 47.49 47.51 47.61 47.64 47.62 47.53 47.46 47.48 47.5 47.49 47.54 47.49
47.39 47.37 47.5 47.59 47.61 47.61 47.55 47.42 47.35 47.36 47.5 47.55 47.54 47.56 47.65 47.77 47.74 47.63 47.45 47.34 47.32 47.28 47.32 47.4 47.4 47.43 47.34 47.16 47.12 47.08 47.02 46.99 47.04 47.12 47.15 47.15 47.22 47.29 47.32 47.36 47.42 47.43 47.52 47.45 47.4 47.36 47.3 47.27 47.27 47.34 47.3 47.27 47.25 47.24 47.25 47.26 47.28 47.36 47.39 47.44 47.5 47.52 47.54 47.57 47.54 47.48 47.46 47.48 47.59 47.63 47.63 47.58 47.47 47.47 47.48 47.49 47.53 47.46
47.43 47.43 47.51 47.57 47.59 47.61 47.57 47.41 47.37 47.34 47.48 47.54 47.55 47.56 47.62 47.76 47.75 47.67 47.51 47.36 47.33 47.3 47.36 47.41 47.41 47.42 47.36 47.19 47.17 47.14 47.06 47 47 47.11 47.16 47.17 47.2 47.28 47.28 47.34 47.45 47.4 47.52 47.49 47.44 47.48 47.43 47.33 47.28 47.38 47.34 47.32 47.3 47.27 47.26 47.27 47.3 47.39 47.42 47.45 47.49 47.51 47.55 47.59 47.55 47.48 47.44 47.44 47.54 47.61 47.62 47.61 47.47 47.46 47.46 47.5 47.5 47.45
47.44 47.41 47.49 47.55 47.58 47.6 47.58 47.45 47.4 47.33 47.43 47.49 47.53 47.58 47.64 47.7 47.72 47.68 47.55 47.4 47.34 47.3 47.39 47.42 47.39 47.37 47.34 47.26 47.22 47.17 47.09 47.03 46.98 47.12 47.19 47.19 47.19 47.24 47.26 47.31 47.39 47.43 47.49 47.52 47.51 47.52 47.5 47.39 47.3 47.38 47.36 47.34 47.33 47.3 47.28 47.29 47.33 47.37 47.4 47.44 47.46 47.51 47.54 47.57 47.53 47.47 47.42 47.41 47.5 47.57 47.57 47.57 47.49 47.48 47.46 47.51 47.51 47.49
47.45 47.41 47.49 47.55 47.56 47.59 47.59 47.51 47.44 47.36 47.36 47.39 47.47 47.6 47.67 47.63 47.66 47.65 47.55 47.46 47.38 47.3 47.34 47.38 47.37 47.35 47.33 47.31 47.22 47.14 47.07 47.01 46.9 46.95 47.08 47.13 47.2 47.21 47.3 47.31 47.34 47.46 47.52 47.55 47.58 47.52 47.5 47.42 47.3 47.31 47.33 47.36 47.33 47.31 47.3 47.3 47.3 47.32 47.35 47.41 47.45 47.5 47.53 47.56 47.55 47.52 47.45 47.4 47.49 47.54 47.53 47.55 47.57 47.54 47.49 47.49 47.5 47.5
47.46 47.45 47.48 47.55 47.55 47.59 47.62 47.53 47.48 47.4 47.3 47.34 47.43 47.58 47.67 47.62 47.64 47.64 47.58 47.47 47.4 47.3 47.24 47.27 47.31 47.34 47.33 47.33 47.26 47.17 47.09 47.04 46.88 46.84 47.01 47.07 47.21 47.25 47.33 47.34 47.36 47.46 47.52 47.54 47.6 47.58 47.53 47.45 47.3 47.26 47.3 47.35 47.31 47.31 47.3 47.3 47.26 47.29 47.32 47.41 47.46 47.49 47.5 47.53 47.57 47.57 47.5 47.39 47.47 47.51 47.55 47.6 47.65 47.61 47.49 47.44 47.49 47.53
47.48 47.46 47.44 47.54 47.55 47.6 47.65 47.53 47.51 47.43 47.32 47.35 47.42 47.58 47.66 47.6 47.6 47.62 47.61 47.48 47.4 47.35 47.25 47.22 47.22 47.26 47.2 47.27 47.31 47.18 47.13 47.08 46.92 46.84 46.99 47.07 47.18 47.26 47.33 47.37 47.36 47.43 47.48 47.54 47.59 47.62 47.56 47.47 47.31 47.23 47.27 47.3 47.27 47.3 47.29 47.28 47.26 47.28 47.3 47.39 47.45 47.45 47.45 47.49 47.56 47.57 47.5 47.36 47.43 47.47 47.56 47.6 47.58 47.57 47.51 47.48 47.54 47.55
47.48 47.45 47.4 47.5 47.53 47.59 47.65 47.55 47.54 47.45 47.36 47.35 47.41 47.53 47.58 47.51 47.47 47.49 47.58 47.55 47.48 47.43 47.34 47.29 47.25 47.24 47.2 47.27 47.32 47.16 47.16 47.09 46.94 46.82 46.96 47.09 47.17 47.25 47.34 47.39 47.35 47.35 47.42 47.53 47.55 47.6 47.57 47.48 47.35 47.24 47.28 47.29 47.25 47.27 47.27 47.25 47.28 47.27 47.28 47.36 47.45 47.39 47.39 47.45 47.55 47.55 47.5 47.4 47.43 47.46 47.5 47.57 47.55 47.55 47.56 47.47 47.54 47.52
47.41 47.4 47.36 47.44 47.49 47.54 47.58 47.57 47.57 47.47 47.39 47.33 47.38 47.5 47.54 47.5 47.45 47.45 47.59 47.61 47.58 47.51 47.37 47.3 47.19 47.21 47.23 47.28 47.33 47.21 47.16 47.1 46.97 46.9 46.97 47.1 47.17 47.23 47.3 47.37 47.34 47.26 47.33 47.47 47.52 47.58 47.55 47.49 47.41 47.33 47.33 47.31 47.26 47.23 47.26 47.27 47.24 47.23 47.25 47.32 47.41 47.39 47.36 47.39 47.47 47.49 47.51 47.46 47.43 47.45 47.5 47.62 47.62 47.59 47.58 47.47 47.46 47.47
47.37 47.32 47.33 47.38 47.43 47.49 47.55 47.54 47.59 47.56 47.46 47.37 47.35 47.43 47.53 47.52 47.49 47.48 47.57 47.59 47.59 47.57 47.44 47.36 47.18 47.23 47.24 47.25 47.32 47.28 47.16 47.1 47.01 47.03 47.01 47.08 47.15 47.19 47.23 47.29 47.3 47.23 47.26 47.39 47.51 47.57 47.56 47.5 47.42 47.39 47.36 47.29 47.27 47.26 47.29 47.28 47.21 47.2 47.24 47.29 47.33 47.36 47.38 47.4 47.43 47.47 47.53 47.51 47.48 47.46 47.46 47.63 47.62 47.57 47.55 47.51 47.46 47.47
47.52 47.39 47.35 47.34 47.34 47.47 47.57 47.56 47.6 47.61 47.49 47.42 47.33 47.39 47.52 47.53 47.49 47.44 47.52 47.55 47.57 47.58 47.5 47.44 47.27 47.3 47.3 47.27 47.32 47.31 47.19 47.13 47.04 47.09 47.06 47.04 47.13 47.18 47.19 47.23 47.29 47.3 47.26 47.32 47.47 47.58 47.56 47.46 47.42 47.4 47.34 47.28 47.26 47.21 47.23 47.25 47.2 47.22 47.26 47.24 47.26 47.31 47.38 47.41 47.43 47.47 47.51 47.52 47.49 47.47 47.45 47.57 47.55 47.5 47.5 47.54 47.51 47.5
47.59 47.49 47.4 47.34 47.31 47.42 47.53 47.54 47.59 47.59 47.48 47.44 47.34 47.37 47.51 47.54 47.49 47.4 47.51 47.56 47.6 47.54 47.49 47.46 47.38 47.36 47.35 47.34 47.33 47.31 47.25 47.19 47.1 47.11 47.09 47.02 47.09 47.14 47.17 47.23 47.33 47.34 47.24 47.24 47.44 47.58 47.57 47.5 47.41 47.4 47.35 47.28 47.2 47.16 47.18 47.26 47.24 47.23 47.24 47.24 47.26 47.3 47.35 47.38 47.42 47.44 47.47 47.51 47.47 47.46 47.44 47.5 47.49 47.46 47.51 47.56 47.53 47.5
47.62 47.58 47.44 47.38 47.33 47.37 47.51 47.53 47.59 47.57 47.47 47.44 47.35 47.35 47.48 47.52 47.5 47.42 47.52 47.58 47.64 47.5 47.45 47.48 47.46 47.41 47.36 47.38 47.32 47.31 47.29 47.2 47.1 47.11 47.11 47.03 47.05 47.13 47.14 47.21 47.33 47.36 47.27 47.19 47.39 47.53 47.54 47.56 47.45 47.4 47.37 47.27 47.16 47.17 47.2 47.28 47.23 47.22 47.23 47.25 47.27 47.28 47.32 47.36 47.41 47.43 47.47 47.5 47.48 47.47 47.42 47.44 47.46 47.48 47.55 47.58 47.54 47.46
47.64 47.62 47.46 47.44 47.37 47.33 47.5 47.53 47.59 47.58 47.51 47.47 47.36 47.31 47.4 47.47 47.54 47.5 47.54 47.59 47.65 47.49 47.46 47.48 47.47 47.42 47.39 47.41 47.33 47.35 47.33 47.23 47.11 47.11 47.14 47.07 46.94 47.07 47.1 47.2 47.33 47.38 47.32 47.24 47.34 47.48 47.53 47.58 47.54 47.46 47.35 47.26 47.18 47.2 47.24 47.28 47.21 47.2 47.21 47.23 47.24 47.23 47.28 47.39 47.42 47.43 47.47 47.49 47.49 47.48 47.44 47.4 47.41 47.47 47.54 47.58 47.54 47.42
47.59 47.61 47.5 47.47 47.38 47.3 47.45 47.5 47.57 47.57 47.58 47.54 47.42 47.32 47.32 47.4 47.56 47.57 47.55 47.59 47.65 47.57 47.52 47.49 47.47 47.41 47.41 47.43 47.37 47.38 47.36 47.32 47.21 47.1 47.13 47.1 46.96 47.03 47.09 47.2 47.27 47.37 47.33 47.27 47.27 47.39 47.52 47.58 47.56 47.49 47.35 47.28 47.23 47.24 47.28 47.3 47.23 47.22 47.21 47.22 47.2 47.19 47.26 47.4 47.41 47.41 47.43 47.49 47.51 47.48 47.45 47.39 47.39 47.46 47.51 47.55 47.54 47.43
47.53 47.57 47.55 47.5 47.35 47.31 47.38 47.45 47.56 47.54 47.59 47.59 47.51 47.41 47.31 47.37 47.52 47.57 47.55 47.59 47.64 47.63 47.6 47.55 47.49 47.42 47.44 47.43 47.39 47.31 47.33 47.36 47.27 47.13 47.15 47.14 47.05 47.01 47.05 47.13 47.23 47.34 47.3 47.26 47.23 47.32 47.5 47.59 47.57 47.52 47.39 47.31 47.26 47.26 47.28 47.34 47.27 47.26 47.24 47.22 47.2 47.19 47.26 47.34 47.34 47.38 47.41 47.48 47.5 47.49 47.46 47.37 47.39 47.47 47.57 47.54 47.59 47.57
47.51 47.54 47.59 47.53 47.37 47.35 47.35 47.43 47.55 47.53 47.58 47.6 47.57 47.45 47.28 47.32 47.47 47.52 47.52 47.55 47.56 47.52 47.58 47.61 47.5 47.46 47.42 47.36 47.37 47.28 47.31 47.34 47.28 47.13 47.14 47.16 47.09 46.94 46.96 47.07 47.21 47.28 47.25 47.24 47.23 47.3 47.44 47.56 47.59 47.56 47.45 47.35 47.27 47.26 47.26 47.37 47.3 47.29 47.25 47.22 47.2 47.22 47.24 47.28 47.31 47.38 47.43 47.46 47.47 47.53 47.47 47.37 47.37 47.43 47.54 47.53 47.59 47.62
