slabs/4.grd
DSAA
631 301
642000 642630
4946900 4947200
40.32 50.7
[rows 34 to 67 of 301, columns 234 to 311 of 631]
48.18 48.19 48.17 48.08 48.04 48.08 48.09 48.11 48.17 48.12 48.05 48.07 48.04 48.01 48.02 48.04 48.1 48.11 48.08 48.07 48.05 48.05 48.07 48.05 47.96 47.9 47.9 47.94 47.97 47.97 47.99 48.03 48.04 48.09 48.09 48.06 48.08 48.07 48.02 48 48 47.97 47.98 47.98 47.95 47.9 47.9 47.85 47.82 47.87 47.89 47.85 47.81 47.79 47.79 47.83 47.91 47.96 47.86 47.8 47.9 48.15 48.3 48.32 48.33 48.34 48.35 48.35 48.34 48.34 48.31 48.28 48.26 48.19 47.87 47.6 47.59 47.63
48.16 48.16 48.17 48.09 48.02 48.05 48.09 48.14 48.19 48.14 48.09 48.08 48.04 48.02 48 47.99 48.08 48.08 48.03 48.09 48.09 48.05 48.03 48.01 47.94 47.89 47.9 47.93 47.97 47.95 47.97 48.01 48.04 48.09 48.06 48.07 48.07 48.04 47.99 47.99 47.98 47.98 48 48 47.95 47.91 47.89 47.83 47.76 47.82 47.85 47.85 47.83 47.81 47.8 47.86 47.94 47.92 47.76 47.76 47.89 48.19 48.29 48.3 48.32 48.33 48.34 48.34 48.33 48.32 48.3 48.26 48.25 48.12 47.81 47.63 47.64 47.62
48.16 48.15 48.14 48.1 48.03 48.04 48.1 48.16 48.19 48.12 48.07 48.07 48.05 48.03 48.01 47.99 48.03 48.04 48.03 48.12 48.1 48.03 47.99 48 47.99 47.91 47.91 47.94 47.94 47.9 47.95 47.99 48.02 48.06 48.02 48.06 48.06 48.01 47.99 47.97 47.96 47.97 48 47.97 47.93 47.92 47.89 47.83 47.78 47.81 47.81 47.84 47.86 47.85 47.83 47.89 47.95 47.88 47.7 47.77 47.93 48.22 48.3 48.3 48.34 48.35 48.34 48.33 48.33 48.3 48.25 48.21 48.24 48.05 47.75 47.67 47.67 47.62
48.18 48.14 48.11 48.09 48.04 48.03 48.06 48.12 48.16 48.06 47.99 48.03 48.05 48.03 48.01 48.02 48.02 48.02 48.04 48.12 48.07 48.01 47.99 48.04 48.02 47.92 47.95 48 47.96 47.9 47.94 47.97 48.02 48.06 48.04 48.04 48.04 48.01 48.01 47.96 47.94 47.96 47.97 47.92 47.89 47.92 47.9 47.82 47.81 47.8 47.8 47.81 47.84 47.85 47.85 47.91 47.95 47.86 47.69 47.83 48.03 48.24 48.3 48.29 48.33 48.35 48.34 48.32 48.31 48.29 48.23 48.23 48.24 47.99 47.72 47.67 47.65 47.63
48.2 48.14 48.1 48.08 48.05 48.05 48.08 48.07 48.09 48.02 47.95 48 48.03 48 48 48.07 48.08 48.05 48.04 48.1 48.07 48.04 47.99 48.04 48.04 47.98 47.99 48.04 47.98 47.91 47.97 47.98 48 48.02 48.01 48.03 48.04 48.03 48.02 47.97 47.95 47.97 47.96 47.91 47.89 47.94 47.92 47.84 47.81 47.8 47.81 47.8 47.8 47.82 47.84 47.93 47.95 47.82 47.72 47.93 48.13 48.24 48.28 48.29 48.31 48.33 48.33 48.3 48.29 48.28 48.25 48.27 48.19 47.92 47.7 47.65 47.65 47.65
48.15 48.14 48.1 48.07 48.04 48.08 48.11 48.08 48.07 48 47.94 47.99 48.02 47.99 48 48.06 48.06 48.05 48.03 48.05 48.07 48.08 48 48.01 48.04 48.03 47.98 48 47.98 47.95 48 48 47.99 47.99 47.98 47.99 48.01 48.02 48 47.98 47.97 48 47.99 47.93 47.92 47.96 47.92 47.85 47.81 47.83 47.81 47.79 47.79 47.8 47.83 47.89 47.88 47.72 47.75 47.99 48.19 48.25 48.29 48.32 48.32 48.32 48.32 48.29 48.26 48.26 48.26 48.28 48.15 47.86 47.68 47.65 47.66 47.67
48.12 48.14 48.09 48.04 48.02 48.05 48.07 48.09 48.09 48.04 47.99 48 48.02 48.01 48.02 48.04 48.03 48.02 48 47.99 48.02 48.06 48.01 47.97 48.01 48.01 47.96 47.95 47.97 47.98 48 47.99 47.98 47.99 47.98 47.94 47.95 48 47.98 47.98 48 48.04 48 47.95 47.95 47.98 47.9 47.85 47.85 47.87 47.8 47.77 47.78 47.78 47.83 47.9 47.83 47.67 47.8 48.03 48.19 48.27 48.31 48.32 48.32 48.32 48.31 48.29 48.26 48.25 48.26 48.28 48.12 47.83 47.68 47.67 47.66 47.67
48.14 48.14 48.11 48.07 48.03 48.02 48.01 48.04 48.11 48.1 48.1 48.07 48.02 48 48.03 48.05 48.05 48.02 47.97 47.96 48 48.04 48 47.95 47.98 47.99 47.96 47.95 47.96 48 48.02 48 47.98 48 47.98 47.93 47.91 47.96 47.97 47.97 47.97 48.03 47.98 47.96 47.97 47.99 47.9 47.87 47.9 47.87 47.79 47.76 47.76 47.78 47.88 47.97 47.85 47.66 47.86 48.12 48.2 48.26 48.3 48.31 48.31 48.32 48.31 48.29 48.26 48.24 48.24 48.23 48.04 47.78 47.71 47.71 47.67 47.7
48.12 48.13 48.12 48.09 48.04 48.04 48.03 48.03 48.09 48.08 48.13 48.13 48.05 48.01 48.02 48.03 48.02 47.99 47.97 47.97 47.99 48.01 47.99 47.97 47.99 47.99 47.97 47.96 47.97 48.01 48.04 48.02 48 47.99 47.96 47.93 47.88 47.91 47.95 47.96 47.95 47.97 47.98 47.99 47.98 47.99 47.9 47.87 47.89 47.84 47.77 47.77 47.75 47.79 47.92 47.95 47.81 47.65 47.91 48.18 48.22 48.25 48.29 48.32 48.33 48.32 48.28 48.25 48.25 48.24 48.21 48.16 47.94 47.74 47.72 47.73 47.68 47.72
1.70141e38 1.70141e38 1.70141e38 1.70141e38 1.70141e38 1.70141e38 1.70141e38 1.70141e38 1.70141e38 1.70141e38 1.70141e38 1.70141e38 1.70141e38 48.04 48.04 48 47.99 47.96 47.98 47.99 48.01 48.02 48.02 47.99 47.99 47.98 47.99 47.99 47.99 47.99 48.01 48 47.97 47.97 47.95 47.94 47.91 47.93 47.95 47.95 47.94 47.93 47.97 48.01 48 48.01 47.91 47.84 47.86 47.85 47.83 47.82 47.77 47.83 47.94 47.96 47.8 47.69 47.95 48.19 48.24 48.26 48.29 48.33 48.33 48.29 48.26 48.25 48.23 48.22 48.19 48.1 47.86 47.73 47.73 47.71 47.68 47.72
48.05 48.1 48.08 48.03 48.07 48.17 1.70141e38 1.70141e38 1.70141e38 1.70141e38 1.70141e38 1.70141e38 1.70141e38 1.70141e38 1.70141e38 1.70141e38 1.70141e38 1.70141e38 1.70141e38 1.70141e38 1.70141e38 1.70141e38 1.70141e38 1.70141e38 1.70141e38 1.70141e38 1.70141e38 1.70141e38 1.70141e38 1.70141e38 1.70141e38 1.70141e38 1.70141e38 1.70141e38 1.70141e38 1.70141e38 1.70141e38 1.70141e38 1.70141e38 1.70141e38 1.70141e38 1.70141e38 1.70141e38 1.70141e38 1.70141e38 1.70141e38 1.70141e38 1.70141e38 1.70141e38 1.70141e38 1.70141e38 1.70141e38 1.70141e38 1.70141e38 1.70141e38 1.70141e38 1.70141e38 1.70141e38 1.70141e38 48.2 48.24 48.25 48.28 48.29 48.31 48.27 48.26 48.27 48.23 48.2 48.18 48.05 47.81 47.76 47.75 47.68 47.68 47.71
48.03 48.1 48.08 48.05 48.08 48.17 48.13 48.08 48.05 48.02 48.02 48.06 48.12 48.13 48.08 48.06 48.03 48.01 47.98 47.94 47.98 48.04 48.05 47.95 47.94 47.96 47.94 47.89 47.88 47.9 47.96 47.95 47.9 47.94 47.95 47.96 47.94 47.94 47.95 47.96 47.97 47.97 48.04 48.08 48.01 47.97 47.91 47.89 47.89 47.87 47.91 1.70141e38 1.70141e38 1.70141e38 1.70141e38 1.70141e38 1.70141e38 1.70141e38 1.70141e38 1.70141e38 1.70141e38 1.70141e38 1.70141e38 1.70141e38 1.70141e38 1.70141e38 1.70141e38 1.70141e38 1.70141e38 1.70141e38 1.70141e38 1.70141e38 1.70141e38 1.70141e38 1.70141e38 1.70141e38 1.70141e38 1.70141e38
48.01 48.07 48.06 48.05 48.08 48.17 48.14 48.07 48.07 48.03 48.02 48.06 48.08 48.11 48.06 48.01 48.01 48.03 48 47.97 48 48.02 48.02 47.92 47.95 47.97 47.94 47.88 47.85 47.88 47.95 47.97 47.92 47.94 47.95 47.98 47.96 47.95 47.98 48.02 48.02 47.99 47.99 48.04 48.01 47.97 47.92 47.91 47.9 47.86 47.86 47.84 47.85 47.93 48 47.8 47.71 47.83 48.15 48.23 48.24 48.28 48.29 48.32 48.31 48.26 48.24 48.23 48.2 48.22 47.99 47.85 47.69 47.75 47.73 47.7 47.69 47.69
48.04 48.05 48.05 48.04 48.07 48.21 48.17 48.03 48.05 48.08 48.08 48.07 48.03 48.04 48.03 48.01 48 48.03 48.03 47.99 48.01 48.01 47.97 47.92 47.93 47.97 47.95 47.91 47.89 47.9 47.93 47.96 47.94 47.94 47.92 47.94 47.95 47.94 48.02 48.08 48.04 47.97 47.98 48.01 48 47.94 47.9 47.9 47.88 47.81 47.8 47.84 47.88 47.94 47.95 47.71 47.69 47.9 48.22 48.24 48.25 48.27 48.3 48.32 48.31 48.25 48.18 48.19 48.18 48.15 47.9 47.79 47.69 47.73 47.7 47.71 47.73 47.71
48.08 48.07 48.09 48.07 48.09 48.08 48.09 48.04 48.05 48.04 48.06 48.03 47.97 48 48.06 48.06 48.02 48.02 48.02 47.98 47.98 47.99 47.95 47.93 47.91 47.94 47.94 47.92 47.92 47.91 47.91 47.95 47.96 47.96 47.92 47.92 47.92 47.92 48.01 48.07 48.01 47.93 48.01 48.05 48.01 47.91 47.88 47.93 47.92 47.84 47.82 47.87 47.9 47.95 47.87 47.6 47.71 48.04 48.3 48.29 48.28 48.26 48.28 48.28 48.28 48.25 48.18 48.2 48.19 48.06 47.84 47.75 47.69 47.74 47.67 47.71 47.75 47.76
48.05 48.12 48.1 48.07 48.08 48 48.03 48.04 48.04 48.02 48.05 48.03 47.99 48.03 48.1 48.09 48.05 48.02 47.99 47.95 47.97 47.98 47.99 47.96 47.9 47.92 47.93 47.91 47.91 47.89 47.89 47.94 47.98 47.98 47.92 47.93 47.93 47.91 47.93 47.96 47.94 47.92 48.02 48.08 48.02 47.9 47.9 47.93 47.93 47.93 47.89 47.86 47.95 47.98 47.77 47.59 47.78 48.15 48.34 48.31 48.28 48.27 48.28 48.28 48.26 48.25 48.19 48.21 48.19 48.01 47.77 47.7 47.73 47.78 47.71 47.72 47.7 47.69
48.03 48.09 48.08 48.04 48.08 48.04 48.03 48 48 48.01 48.03 48.03 48.01 48.02 48.07 48.06 48.06 48.02 47.95 47.94 47.96 47.98 48 47.97 47.91 47.91 47.94 47.93 47.92 47.89 47.9 47.95 47.97 47.96 47.91 47.94 47.96 47.95 47.9 47.9 47.91 47.89 47.95 48.03 48 47.91 47.86 47.87 47.91 47.95 47.91 47.89 47.97 48 47.72 47.66 47.84 48.2 48.3 48.29 48.28 48.29 48.3 48.3 48.26 48.24 48.19 48.2 48.16 47.97 47.7 47.68 47.78 47.83 47.76 47.72 47.62 47.53
48.05 48.08 48.09 48.05 48.08 48.06 48.02 47.98 47.99 48.01 48.02 48.02 48.01 47.99 48 48.01 48.04 48.01 47.95 47.94 47.95 47.96 47.96 47.96 47.94 47.93 47.96 47.96 47.94 47.91 47.91 47.93 47.93 47.93 47.9 47.9 47.95 47.98 47.9 47.89 47.95 47.92 47.9 47.96 47.96 47.93 47.88 47.89 47.93 47.95 47.93 47.93 47.97 47.97 47.77 47.75 47.9 48.23 48.24 48.25 48.27 48.29 48.29 48.29 48.28 48.23 48.19 48.18 48.14 47.9 47.67 47.69 47.79 47.83 47.78 47.71 47.57 47.44
48.07 48.08 48.09 48.02 48.06 48.03 48.01 47.99 48.02 48.02 48.03 48.04 48.02 47.99 47.98 48 48.02 48.05 48 47.93 47.94 47.97 47.99 47.96 47.96 47.97 47.97 47.94 47.93 47.9 47.89 47.93 47.92 47.9 47.88 47.85 47.88 47.91 47.89 47.9 47.93 47.93 47.92 47.92 47.89 47.91 47.94 47.92 47.93 47.93 47.94 47.94 47.95 47.92 47.77 47.79 47.97 48.25 48.23 48.24 48.26 48.28 48.29 48.28 48.29 48.21 48.19 48.17 48.1 47.82 47.68 47.7 47.76 47.8 47.77 47.68 47.54 47.44
48.07 48.07 48.06 48.01 48.04 48.03 48.04 48.03 48.03 48.03 48.04 48.07 48 47.99 47.99 48.02 48.05 48.1 48.04 47.95 47.94 47.98 48.01 47.94 47.96 48 48.01 47.9 47.89 47.89 47.83 47.85 47.86 47.86 47.89 47.82 47.83 47.85 47.89 47.92 47.92 47.93 47.96 47.97 47.92 47.9 47.94 47.92 47.91 47.94 47.99 47.98 47.95 47.92 47.76 47.83 48.06 48.25 48.23 48.26 48.26 48.28 48.3 48.29 48.28 48.18 48.2 48.17 48.04 47.76 47.69 47.68 47.72 47.78 47.76 47.66 47.54 47.55
48.09 48.09 48.06 48.03 48.04 48.05 48.08 48.06 48.02 48.01 48.03 48.05 47.97 47.99 48 48 48.04 48.07 48 47.94 47.93 47.94 47.97 47.95 47.92 47.92 47.92 47.86 47.88 47.92 47.9 47.87 47.87 47.88 47.9 47.89 47.89 47.88 47.89 47.93 47.93 47.94 47.98 47.98 47.95 47.92 47.92 47.91 47.92 48 48.04 48.04 48 47.91 47.76 47.85 48.12 48.22 48.23 48.25 48.28 48.28 48.31 48.31 48.29 48.21 48.21 48.17 47.99 47.71 47.69 47.7 47.68 47.76 47.74 47.71 47.73 47.78
48.12 48.13 48.09 48.03 48.03 48.04 48.05 48.04 48.02 48.01 48.04 48.05 47.98 47.98 48 48.01 48.01 48.01 47.95 47.89 47.89 47.9 47.93 47.89 47.88 47.9 47.88 47.88 47.89 47.91 47.92 47.87 47.89 47.93 47.89 47.9 47.92 47.9 47.88 47.9 47.92 47.93 47.96 47.95 47.93 47.91 47.92 47.91 47.93 48.03 48.03 48.05 48.03 47.84 47.77 47.87 48.14 48.21 48.26 48.26 48.29 48.28 48.31 48.31 48.3 48.27 48.24 48.17 47.92 47.66 47.67 47.7 47.66 47.76 47.76 47.8 47.88 47.94
48.08 48.12 48.13 48.02 48.03 48.03 48.01 48.02 48.02 48.03 48.03 48.02 48 47.99 48.02 48.04 48.01 47.99 47.96 47.91 47.92 47.93 47.93 47.88 47.88 47.92 47.92 47.91 47.9 47.9 47.88 47.86 47.9 47.92 47.88 47.86 47.89 47.9 47.9 47.88 47.87 47.89 47.92 47.9 47.91 47.91 47.95 47.93 47.93 48 47.99 48.03 48.05 47.76 47.86 47.98 48.17 48.24 48.27 48.27 48.27 48.3 48.3 48.28 48.25 48.23 48.23 48.14 47.84 47.58 47.63 47.69 47.66 47.77 47.78 47.84 47.96 48.05
48.07 48.11 48.11 48.03 48.07 48.06 48.05 48.03 48.03 48.05 48.01 47.96 47.97 48 48.02 48.02 48 48 47.97 47.94 47.94 47.92 47.91 47.9 47.88 47.91 47.92 47.91 47.92 47.91 47.88 47.88 47.91 47.91 47.86 47.85 47.87 47.9 47.9 47.9 47.84 47.84 47.85 47.85 47.88 47.91 47.97 47.97 47.94 47.97 48.03 48.09 48.08 47.81 47.97 48.08 48.23 48.26 48.27 48.29 48.29 48.29 48.28 48.25 48.23 48.21 48.2 48.04 47.76 47.6 47.64 47.68 47.63 47.7 47.72 47.78 47.94 48.03
48.08 48.1 48.09 48.05 48.13 48.09 48.1 48.08 48.03 48.01 47.97 47.95 47.95 47.97 47.98 47.99 48.01 48.04 47.99 47.94 47.94 47.92 47.9 47.89 47.89 47.89 47.9 47.91 47.92 47.91 47.88 47.89 47.9 47.9 47.85 47.85 47.88 47.9 47.88 47.89 47.86 47.83 47.83 47.84 47.85 47.89 47.91 47.93 47.95 48 48.06 48.12 48.08 47.89 48.06 48.2 48.27 48.25 48.26 48.3 48.3 48.27 48.26 48.23 48.21 48.19 48.19 47.98 47.69 47.66 47.69 47.7 47.62 47.66 47.69 47.74 47.83 47.92
48.11 48.11 48.12 48.1 48.12 48.09 48.09 48.08 48.03 48.01 47.99 47.97 47.94 47.93 47.95 48 48.04 48.08 47.98 47.95 47.95 47.97 47.89 47.88 47.89 47.89 47.92 47.91 47.91 47.91 47.87 47.89 47.91 47.91 47.85 47.86 47.88 47.91 47.85 47.86 47.87 47.87 47.88 47.87 47.87 47.92 47.91 47.91 47.96 48.05 48.1 48.1 48.11 48.02 48.13 48.26 48.25 48.24 48.25 48.28 48.28 48.26 48.24 48.21 48.17 48.2 48.18 47.96 47.61 47.66 47.71 47.74 47.66 47.7 47.74 47.78 47.75 47.84
48.15 48.12 48.11 48.14 48.1 48.05 48.05 48.08 48.07 48.03 48 47.99 47.94 47.91 47.93 47.99 48.05 48.09 47.97 47.97 47.96 47.97 47.88 47.88 47.88 47.89 47.93 47.93 47.9 47.89 47.88 47.9 47.95 47.92 47.9 47.89 47.88 47.93 47.84 47.82 47.82 47.84 47.86 47.87 47.88 47.93 47.93 47.93 48.02 48.09 48.1 48.11 48.21 48.23 48.23 48.29 48.26 48.23 48.25 48.28 48.29 48.27 48.25 48.21 48.18 48.22 48.18 47.93 47.58 47.65 47.7 47.72 47.69 47.74 47.81 47.8 47.76 47.82
48.11 48.09 48.1 48.13 48.09 48.02 48.02 48.07 48.08 48.04 47.98 47.97 47.94 47.92 47.92 47.97 48.02 48.09 47.97 47.97 47.97 47.93 47.88 47.87 47.88 47.88 47.9 47.9 47.92 47.9 47.91 47.92 47.94 47.94 47.95 47.94 47.91 47.93 47.88 47.84 47.77 47.8 47.82 47.85 47.89 47.86 47.89 47.93 48.14 48.26 48.21 48.1 48.1 48.27 48.28 48.29 48.26 48.23 48.25 48.28 48.3 48.29 48.27 48.23 48.2 48.23 48.14 47.86 47.58 47.68 47.68 47.66 47.68 47.73 47.82 47.8 47.84 47.88
48.06 48.1 48.13 48.12 48.1 48.04 48.03 48.06 48.06 48.02 47.95 47.93 47.93 47.96 47.94 47.93 47.99 48.07 47.98 47.97 47.95 47.92 47.87 47.88 47.89 47.86 47.88 47.91 47.96 47.93 47.9 47.91 47.92 47.9 47.92 47.92 47.9 47.92 47.88 47.85 47.78 47.78 47.79 47.83 47.9 47.85 47.88 47.94 48.11 48.33 48.26 48.04 47.94 48.2 48.25 48.28 48.25 48.23 48.24 48.27 48.29 48.29 48.27 48.23 48.22 48.24 48.07 47.76 47.61 47.71 47.67 47.61 47.67 47.7 47.77 47.82 47.87 47.9
48.06 48.12 48.15 48.15 48.12 48.07 48.05 48.06 48.06 47.99 47.93 47.93 47.93 47.99 47.96 47.9 47.96 48.01 47.97 47.95 47.93 47.92 47.86 47.88 47.9 47.88 47.89 47.91 47.95 47.92 47.87 47.89 47.91 47.88 47.9 47.89 47.88 47.89 47.88 47.85 47.79 47.79 47.8 47.82 47.92 47.86 47.88 47.95 48.07 48.29 48.22 47.98 47.88 48.16 48.23 48.28 48.26 48.24 48.25 48.27 48.27 48.28 48.26 48.21 48.23 48.23 48.03 47.68 47.63 47.69 47.66 47.6 47.67 47.7 47.74 47.82 47.84 47.86
48.06 48.13 48.15 48.16 48.14 48.09 48.04 48.03 48.04 47.98 47.93 47.96 47.97 48 47.97 47.93 47.96 47.97 47.97 47.95 47.92 47.92 47.86 47.86 47.87 47.89 47.88 47.88 47.88 47.91 47.85 47.87 47.88 47.89 47.89 47.88 47.9 47.88 47.88 47.87 47.8 47.79 47.79 47.81 47.89 47.83 47.87 47.96 48.06 48.28 48.18 47.9 47.9 48.17 48.24 48.28 48.27 48.26 48.27 48.28 48.28 48.28 48.26 48.22 48.26 48.22 48 47.66 47.63 47.67 47.66 47.6 47.72 47.75 47.8 47.81 47.85 47.86
48.05 48.13 48.15 48.13 48.12 48.09 48.03 48 48 47.95 47.94 47.99 48.01 48.02 47.95 47.96 47.98 47.99 47.98 47.94 47.94 47.94 47.93 47.9 47.86 47.87 47.87 47.89 47.86 47.87 47.85 47.86 47.85 47.89 47.9 47.87 47.88 47.89 47.87 47.87 47.8 47.78 47.79 47.81 47.84 47.82 47.86 47.95 48.04 48.25 48.12 47.85 47.96 48.23 48.26 48.27 48.26 48.3 48.3 48.28 48.26 48.28 48.26 48.24 48.24 48.18 47.92 47.59 47.63 47.64 47.62 47.63 47.77 47.81 47.89 47.86 47.87 47.89
48.04 48.11 48.14 48.12 48.12 48.09 48.08 48.05 47.99 47.93 47.97 47.99 48 48.02 47.95 47.97 48 47.99 47.93 47.92 47.94 47.91 47.95 47.93 47.89 47.86 47.87 47.88 47.85 47.86 47.84 47.84 47.85 47.89 47.91 47.86 47.83 47.87 47.86 47.85 47.78 47.81 47.83 47.82 47.8 47.83 47.85 47.93 48.09 48.22 48.07 47.84 48 48.28 48.27 48.27 48.29 48.31 48.31 48.29 48.25 48.26 48.25 48.21 48.23 48.12 47.82 47.54 47.59 47.59 47.59 47.67 47.84 47.91 47.96 47.93 47.92 47.94
48.04 48.06 48.12 48.15 48.12 48.04 48.05 48.08 48.02 47.97 47.97 47.99 48.01 48.03 47.99 47.98 47.96 47.95 47.93 47.93 47.94 47.89 47.92 47.91 47.92 47.85 47.84 47.85 47.86 47.84 47.84 47.84 47.86 47.89 47.9 47.89 47.81 47.81 47.82 47.82 47.78 47.82 47.83 47.82 47.81 47.84 47.86 47.95 48.15 48.25 48.05 47.86 48.1 48.31 48.27 48.27 48.29 48.29 48.29 48.28 48.27 48.25 48.21 48.18 48.24 48.08 47.72 47.53 47.54 47.53 47.59 47.7 47.92 47.98 47.99 47.93 47.92 47.93
