slabs/40.grd
DSAA
631 301
643890 644520
4948700 4949000
40.92 47.74
[rows 238 to 271 of 301, columns 546 to 623 of 631]
43.77 43.78 43.78 43.77 43.75 43.75 43.73 43.67 43.64 43.7 43.79 43.79 43.76 43.76 43.75 43.75 43.76 43.77 43.77 43.78 43.77 43.74 43.75 43.78 43.79 43.79 43.79 43.79 43.78 43.79 43.82 43.83 43.84 43.85 43.83 43.8 43.8 43.79 43.78 43.78 43.79 43.81 43.83 43.85 43.84 43.81 43.78 43.8 43.82 43.82 43.8 43.8 43.82 43.83 43.81 43.79 43.78 43.81 43.83 43.84 43.84 43.83 43.85 43.87 43.86 43.83 43.84 43.85 43.86 43.87 43.86 43.8 43.81 43.88 43.88 43.88 43.9 43.91
43.75 43.77 43.79 43.78 43.75 43.75 43.74 43.7 43.67 43.71 43.78 43.79 43.78 43.76 43.74 43.73 43.74 43.75 43.77 43.78 43.78 43.77 43.77 43.77 43.77 43.77 43.78 43.79 43.78 43.79 43.81 43.8 43.81 43.83 43.82 43.79 43.79 43.79 43.78 43.76 43.77 43.83 43.86 43.86 43.83 43.81 43.79 43.79 43.8 43.82 43.83 43.8 43.8 43.83 43.83 43.8 43.77 43.79 43.81 43.81 43.82 43.84 43.87 43.89 43.89 43.86 43.85 43.84 43.85 43.88 43.86 43.81 43.82 43.87 43.88 43.89 43.9 43.92
43.77 43.78 43.78 43.76 43.73 43.74 43.74 43.71 43.7 43.73 43.78 43.79 43.78 43.76 43.73 43.73 43.73 43.75 43.76 43.77 43.77 43.77 43.78 43.78 43.77 43.76 43.78 43.78 43.79 43.79 43.8 43.79 43.8 43.83 43.83 43.8 43.79 43.79 43.75 43.73 43.76 43.82 43.86 43.85 43.82 43.81 43.79 43.79 43.8 43.82 43.84 43.83 43.82 43.83 43.82 43.8 43.79 43.8 43.81 43.82 43.83 43.85 43.87 43.9 43.91 43.89 43.87 43.84 43.85 43.89 43.86 43.81 43.82 43.85 43.88 43.89 43.89 43.91
43.79 43.78 43.76 43.74 43.72 43.74 43.74 43.71 43.72 43.74 43.77 43.8 43.79 43.76 43.73 43.72 43.73 43.76 43.76 43.75 43.74 43.75 43.79 43.81 43.79 43.78 43.78 43.77 43.78 43.79 43.78 43.79 43.81 43.84 43.86 43.83 43.8 43.78 43.72 43.72 43.76 43.81 43.84 43.84 43.84 43.83 43.81 43.79 43.8 43.83 43.85 43.84 43.83 43.83 43.82 43.8 43.79 43.81 43.82 43.84 43.84 43.84 43.86 43.89 43.9 43.89 43.87 43.84 43.86 43.89 43.86 43.81 43.83 43.85 43.87 43.88 43.88 43.9
43.79 43.79 43.76 43.75 43.73 43.74 43.73 43.71 43.72 43.74 43.77 43.8 43.78 43.75 43.74 43.71 43.72 43.75 43.76 43.75 43.74 43.75 43.78 43.81 43.79 43.78 43.78 43.77 43.79 43.79 43.77 43.78 43.8 43.83 43.86 43.84 43.8 43.79 43.75 43.76 43.79 43.81 43.83 43.83 43.84 43.83 43.8 43.79 43.79 43.81 43.82 43.82 43.81 43.82 43.82 43.8 43.79 43.81 43.83 43.84 43.84 43.84 43.86 43.89 43.9 43.88 43.86 43.83 43.84 43.85 43.83 43.82 43.85 43.87 43.86 43.86 43.86 43.88
43.78 43.79 43.78 43.75 43.74 43.74 43.72 43.7 43.72 43.74 43.75 43.79 43.78 43.75 43.74 43.72 43.72 43.72 43.73 43.72 43.74 43.76 43.76 43.76 43.76 43.75 43.74 43.75 43.77 43.78 43.75 43.76 43.79 43.82 43.84 43.83 43.81 43.79 43.76 43.78 43.81 43.81 43.8 43.82 43.84 43.83 43.81 43.79 43.78 43.79 43.8 43.81 43.81 43.82 43.82 43.81 43.79 43.79 43.81 43.84 43.84 43.85 43.86 43.89 43.89 43.87 43.85 43.82 43.8 43.81 43.81 43.82 43.85 43.88 43.88 43.87 43.87 43.89
43.76 43.77 43.77 43.76 43.75 43.74 43.72 43.72 43.73 43.74 43.76 43.8 43.8 43.76 43.75 43.76 43.75 43.71 43.7 43.69 43.73 43.76 43.75 43.76 43.75 43.73 43.73 43.74 43.75 43.76 43.73 43.74 43.78 43.82 43.84 43.85 43.84 43.8 43.77 43.78 43.8 43.8 43.8 43.82 43.84 43.82 43.8 43.79 43.79 43.81 43.82 43.82 43.82 43.83 43.83 43.83 43.8 43.75 43.78 43.83 43.83 43.83 43.85 43.88 43.88 43.85 43.84 43.81 43.79 43.81 43.83 43.83 43.83 43.86 43.89 43.88 43.88 43.89
43.75 43.76 43.77 43.78 43.76 43.73 43.72 43.73 43.73 43.74 43.78 43.81 43.81 43.77 43.76 43.77 43.76 43.74 43.72 43.72 43.74 43.76 43.76 43.78 43.75 43.74 43.76 43.77 43.77 43.75 43.72 43.73 43.77 43.81 43.84 43.85 43.85 43.81 43.77 43.76 43.76 43.79 43.8 43.83 43.83 43.8 43.78 43.78 43.8 43.83 43.83 43.83 43.81 43.82 43.82 43.81 43.79 43.75 43.78 43.83 43.84 43.84 43.83 43.84 43.85 43.82 43.81 43.8 43.8 43.79 43.83 43.84 43.81 43.83 43.87 43.87 43.86 43.87
43.74 43.77 43.77 43.77 43.75 43.72 43.72 43.71 43.71 43.72 43.76 43.78 43.79 43.77 43.74 43.73 43.74 43.74 43.74 43.73 43.75 43.77 43.77 43.77 43.76 43.75 43.78 43.78 43.77 43.77 43.75 43.75 43.78 43.82 43.84 43.84 43.83 43.8 43.76 43.73 43.74 43.78 43.79 43.81 43.81 43.78 43.79 43.78 43.78 43.8 43.81 43.81 43.8 43.8 43.8 43.8 43.77 43.73 43.76 43.81 43.84 43.85 43.82 43.8 43.8 43.8 43.81 43.82 43.83 43.82 43.84 43.84 43.8 43.81 43.84 43.85 43.87 43.89
43.72 43.76 43.77 43.75 43.74 43.72 43.71 43.72 43.73 43.74 43.74 43.75 43.76 43.74 43.72 43.73 43.74 43.74 43.74 43.74 43.75 43.76 43.76 43.76 43.76 43.75 43.77 43.77 43.78 43.78 43.78 43.77 43.78 43.82 43.84 43.83 43.8 43.78 43.76 43.74 43.74 43.75 43.75 43.78 43.81 43.8 43.8 43.77 43.76 43.77 43.79 43.8 43.79 43.79 43.79 43.82 43.77 43.68 43.72 43.79 43.82 43.83 43.81 43.8 43.79 43.79 43.83 43.84 43.83 43.83 43.85 43.86 43.84 43.84 43.84 43.85 43.86 43.88
43.73 43.76 43.75 43.74 43.75 43.74 43.72 43.72 43.73 43.74 43.75 43.77 43.78 43.74 43.7 43.7 43.73 43.75 43.74 43.74 43.75 43.76 43.75 43.76 43.76 43.74 43.74 43.76 43.77 43.79 43.79 43.78 43.79 43.82 43.84 43.83 43.8 43.78 43.77 43.77 43.74 43.71 43.71 43.77 43.82 43.81 43.79 43.76 43.75 43.76 43.77 43.79 43.78 43.75 43.77 43.81 43.79 43.75 43.76 43.8 43.82 43.81 43.8 43.81 43.82 43.83 43.86 43.85 43.82 43.81 43.83 43.85 43.84 43.85 43.86 43.85 43.84 43.87
43.74 43.77 43.76 43.76 43.76 43.74 43.73 43.72 43.72 43.74 43.78 43.79 43.79 43.74 43.7 43.7 43.72 43.73 43.72 43.72 43.73 43.75 43.75 43.76 43.76 43.74 43.72 43.75 43.78 43.78 43.77 43.76 43.78 43.82 43.84 43.84 43.81 43.77 43.77 43.77 43.73 43.69 43.73 43.81 43.82 43.8 43.78 43.76 43.75 43.75 43.76 43.79 43.78 43.74 43.77 43.81 43.81 43.8 43.79 43.79 43.8 43.81 43.83 43.84 43.85 43.86 43.86 43.83 43.82 43.81 43.82 43.84 43.82 43.83 43.86 43.85 43.83 43.85
43.74 43.77 43.79 43.79 43.78 43.74 43.72 43.71 43.69 43.7 43.75 43.75 43.74 43.73 43.72 43.72 43.73 43.71 43.7 43.72 43.74 43.75 43.76 43.76 43.75 43.74 43.73 43.75 43.79 43.78 43.76 43.75 43.77 43.81 43.83 43.84 43.82 43.78 43.77 43.76 43.74 43.73 43.76 43.82 43.82 43.81 43.78 43.75 43.74 43.74 43.76 43.81 43.81 43.77 43.78 43.79 43.77 43.77 43.77 43.77 43.79 43.81 43.84 43.86 43.87 43.86 43.85 43.83 43.82 43.82 43.83 43.84 43.83 43.83 43.85 43.85 43.84 43.85
43.74 43.75 43.78 43.79 43.78 43.75 43.72 43.7 43.68 43.69 43.72 43.72 43.72 43.72 43.72 43.73 43.73 43.71 43.71 43.73 43.74 43.76 43.77 43.75 43.72 43.72 43.72 43.73 43.76 43.76 43.77 43.77 43.79 43.81 43.81 43.82 43.82 43.8 43.8 43.78 43.73 43.71 43.73 43.78 43.8 43.81 43.8 43.76 43.73 43.72 43.75 43.79 43.81 43.79 43.77 43.77 43.74 43.73 43.75 43.77 43.78 43.8 43.83 43.85 43.87 43.86 43.85 43.84 43.83 43.83 43.83 43.84 43.83 43.84 43.86 43.86 43.86 43.86
43.74 43.74 43.76 43.78 43.78 43.76 43.73 43.71 43.7 43.7 43.72 43.72 43.71 43.72 43.72 43.72 43.74 43.74 43.74 43.75 43.74 43.74 43.76 43.74 43.71 43.7 43.69 43.7 43.74 43.75 43.76 43.77 43.8 43.83 43.83 43.82 43.83 43.8 43.79 43.77 43.71 43.65 43.69 43.76 43.79 43.81 43.81 43.78 43.73 43.71 43.73 43.77 43.79 43.78 43.77 43.77 43.75 43.74 43.75 43.77 43.78 43.78 43.8 43.83 43.86 43.86 43.85 43.83 43.82 43.82 43.83 43.85 43.84 43.85 43.86 43.87 43.87 43.87
43.74 43.73 43.75 43.76 43.78 43.76 43.74 43.73 43.71 43.71 43.72 43.71 43.72 43.72 43.72 43.73 43.75 43.76 43.77 43.76 43.74 43.74 43.76 43.75 43.73 43.73 43.71 43.71 43.76 43.78 43.77 43.77 43.79 43.82 43.82 43.82 43.82 43.79 43.77 43.74 43.7 43.68 43.7 43.75 43.79 43.8 43.8 43.79 43.75 43.73 43.73 43.76 43.79 43.78 43.77 43.77 43.74 43.75 43.77 43.78 43.78 43.78 43.78 43.81 43.84 43.85 43.86 43.82 43.8 43.8 43.82 43.85 43.86 43.85 43.84 43.85 43.85 43.86
43.73 43.74 43.75 43.75 43.77 43.75 43.71 43.7 43.69 43.69 43.7 43.7 43.72 43.73 43.72 43.72 43.73 43.74 43.75 43.74 43.73 43.75 43.76 43.75 43.74 43.74 43.72 43.71 43.74 43.76 43.77 43.78 43.78 43.8 43.81 43.82 43.81 43.78 43.77 43.73 43.7 43.7 43.72 43.75 43.8 43.8 43.79 43.78 43.76 43.74 43.74 43.75 43.78 43.77 43.75 43.76 43.74 43.75 43.77 43.78 43.79 43.78 43.76 43.76 43.78 43.81 43.86 43.85 43.82 43.81 43.83 43.83 43.83 43.82 43.81 43.8 43.83 43.86
43.73 43.75 43.77 43.76 43.76 43.73 43.67 43.66 43.67 43.68 43.71 43.7 43.7 43.72 43.72 43.71 43.72 43.73 43.73 43.71 43.72 43.73 43.72 43.7 43.71 43.72 43.72 43.72 43.72 43.73 43.74 43.76 43.78 43.79 43.81 43.82 43.8 43.77 43.77 43.76 43.74 43.72 43.71 43.74 43.8 43.8 43.78 43.77 43.76 43.75 43.75 43.76 43.77 43.76 43.75 43.76 43.77 43.76 43.75 43.77 43.78 43.76 43.73 43.72 43.72 43.76 43.84 43.88 43.85 43.84 43.84 43.84 43.83 43.81 43.79 43.79 43.82 43.84
43.72 43.74 43.76 43.76 43.75 43.74 43.7 43.7 43.7 43.69 43.7 43.68 43.68 43.71 43.71 43.71 43.72 43.72 43.71 43.7 43.71 43.71 43.71 43.7 43.7 43.71 43.7 43.71 43.72 43.73 43.74 43.75 43.75 43.76 43.78 43.81 43.79 43.78 43.79 43.78 43.75 43.72 43.71 43.72 43.78 43.78 43.77 43.77 43.77 43.76 43.75 43.75 43.77 43.77 43.75 43.75 43.77 43.76 43.75 43.76 43.76 43.75 43.73 43.71 43.71 43.75 43.82 43.87 43.86 43.83 43.81 43.81 43.81 43.8 43.81 43.83 43.84 43.85
43.7 43.7 43.72 43.72 43.74 43.75 43.74 43.72 43.7 43.67 43.65 43.66 43.7 43.74 43.73 43.71 43.68 43.67 43.67 43.69 43.69 43.69 43.7 43.72 43.71 43.7 43.7 43.71 43.73 43.73 43.74 43.74 43.73 43.75 43.77 43.79 43.79 43.8 43.81 43.76 43.72 43.72 43.71 43.72 43.76 43.78 43.79 43.78 43.77 43.76 43.73 43.76 43.8 43.78 43.75 43.76 43.78 43.77 43.75 43.75 43.76 43.76 43.74 43.73 43.71 43.73 43.82 43.88 43.86 43.82 43.8 43.79 43.78 43.78 43.81 43.83 43.84 43.84
43.7 43.7 43.72 43.72 43.71 43.72 43.73 43.71 43.67 43.64 43.63 43.64 43.69 43.74 43.73 43.7 43.68 43.67 43.67 43.68 43.7 43.7 43.72 43.74 43.72 43.71 43.7 43.71 43.71 43.73 43.74 43.74 43.74 43.77 43.77 43.78 43.8 43.82 43.81 43.75 43.71 43.7 43.69 43.7 43.75 43.78 43.79 43.77 43.77 43.75 43.73 43.76 43.8 43.79 43.76 43.77 43.79 43.76 43.73 43.73 43.75 43.75 43.73 43.73 43.69 43.69 43.79 43.86 43.84 43.81 43.81 43.82 43.8 43.8 43.83 43.85 43.84 43.83
43.71 43.71 43.72 43.72 43.71 43.71 43.71 43.69 43.66 43.63 43.64 43.67 43.7 43.72 43.71 43.69 43.7 43.69 43.68 43.68 43.7 43.71 43.72 43.73 43.72 43.72 43.71 43.71 43.71 43.72 43.73 43.75 43.76 43.78 43.78 43.78 43.79 43.82 43.83 43.76 43.71 43.68 43.64 43.68 43.75 43.77 43.76 43.75 43.77 43.76 43.73 43.74 43.76 43.77 43.76 43.75 43.77 43.75 43.69 43.68 43.71 43.74 43.73 43.72 43.68 43.64 43.71 43.79 43.81 43.8 43.79 43.81 43.8 43.81 43.84 43.86 43.85 43.84
43.69 43.7 43.71 43.72 43.73 43.73 43.72 43.69 43.66 43.66 43.66 43.69 43.71 43.71 43.7 43.69 43.7 43.71 43.71 43.7 43.69 43.67 43.69 43.71 43.7 43.68 43.67 43.68 43.7 43.71 43.71 43.73 43.75 43.78 43.79 43.77 43.77 43.8 43.82 43.75 43.7 43.68 43.67 43.69 43.73 43.75 43.75 43.74 43.75 43.75 43.74 43.73 43.74 43.75 43.75 43.74 43.75 43.73 43.66 43.66 43.69 43.71 43.7 43.7 43.68 43.66 43.71 43.79 43.8 43.78 43.77 43.77 43.79 43.82 43.83 43.84 43.83 43.83
43.68 43.69 43.7 43.72 43.73 43.73 43.72 43.68 43.65 43.65 43.64 43.66 43.7 43.7 43.7 43.69 43.7 43.71 43.72 43.72 43.68 43.65 43.66 43.68 43.65 43.63 43.62 43.64 43.68 43.71 43.72 43.72 43.72 43.74 43.77 43.75 43.75 43.77 43.77 43.73 43.7 43.69 43.7 43.7 43.68 43.72 43.76 43.75 43.74 43.74 43.73 43.74 43.75 43.76 43.75 43.73 43.73 43.71 43.67 43.68 43.7 43.71 43.7 43.7 43.7 43.71 43.76 43.8 43.78 43.76 43.76 43.76 43.79 43.82 43.81 43.81 43.83 43.83
43.68 43.69 43.7 43.72 43.74 43.74 43.72 43.67 43.64 43.63 43.6 43.63 43.69 43.7 43.7 43.69 43.7 43.72 43.72 43.71 43.69 43.68 43.68 43.67 43.64 43.64 43.64 43.64 43.67 43.7 43.73 43.75 43.74 43.74 43.76 43.75 43.74 43.75 43.75 43.72 43.7 43.68 43.66 43.66 43.66 43.71 43.77 43.77 43.75 43.74 43.74 43.74 43.75 43.76 43.73 43.71 43.72 43.73 43.71 43.69 43.7 43.73 43.73 43.7 43.7 43.73 43.75 43.74 43.74 43.73 43.75 43.77 43.79 43.81 43.79 43.8 43.84 43.85
43.68 43.69 43.69 43.71 43.74 43.75 43.73 43.69 43.65 43.62 43.6 43.62 43.68 43.69 43.69 43.69 43.69 43.72 43.73 43.7 43.7 43.71 43.7 43.69 43.68 43.68 43.67 43.67 43.69 43.7 43.72 43.73 43.74 43.75 43.77 43.76 43.75 43.76 43.77 43.74 43.69 43.66 43.64 43.66 43.68 43.72 43.76 43.76 43.75 43.74 43.74 43.73 43.74 43.75 43.72 43.69 43.71 43.75 43.72 43.66 43.67 43.72 43.75 43.74 43.72 43.73 43.73 43.7 43.7 43.73 43.74 43.77 43.81 43.8 43.78 43.77 43.81 43.83
43.68 43.69 43.69 43.71 43.73 43.73 43.72 43.7 43.67 43.66 43.65 43.65 43.67 43.67 43.68 43.68 43.67 43.69 43.7 43.71 43.71 43.7 43.67 43.69 43.7 43.7 43.69 43.69 43.7 43.71 43.71 43.72 43.75 43.77 43.77 43.77 43.79 43.78 43.76 43.74 43.7 43.67 43.66 43.66 43.69 43.73 43.74 43.75 43.74 43.73 43.73 43.72 43.72 43.73 43.72 43.69 43.7 43.72 43.69 43.64 43.65 43.71 43.76 43.77 43.75 43.75 43.76 43.76 43.75 43.75 43.75 43.77 43.8 43.78 43.74 43.74 43.79 43.84
43.68 43.68 43.69 43.7 43.72 43.72 43.72 43.69 43.66 43.68 43.66 43.65 43.67 43.68 43.68 43.68 43.66 43.67 43.67 43.68 43.69 43.67 43.65 43.66 43.67 43.68 43.7 43.69 43.69 43.7 43.7 43.71 43.76 43.77 43.77 43.78 43.8 43.79 43.77 43.75 43.73 43.69 43.67 43.65 43.67 43.7 43.73 43.75 43.75 43.72 43.71 43.71 43.7 43.71 43.71 43.71 43.7 43.68 43.67 43.66 43.68 43.71 43.75 43.76 43.76 43.77 43.79 43.8 43.8 43.78 43.78 43.77 43.77 43.77 43.78 43.77 43.81 43.85
43.68 43.69 43.68 43.68 43.69 43.72 43.71 43.67 43.64 43.62 43.61 43.61 43.67 43.69 43.68 43.67 43.66 43.65 43.64 43.66 43.67 43.67 43.66 43.67 43.69 43.69 43.68 43.66 43.66 43.68 43.7 43.7 43.72 43.73 43.75 43.77 43.78 43.78 43.77 43.75 43.74 43.7 43.66 43.63 43.63 43.66 43.72 43.76 43.75 43.72 43.7 43.69 43.69 43.71 43.7 43.7 43.71 43.69 43.65 43.68 43.71 43.73 43.74 43.73 43.74 43.78 43.8 43.8 43.79 43.77 43.76 43.75 43.75 43.78 43.79 43.77 43.79 43.84
43.67 43.7 43.69 43.68 43.67 43.68 43.68 43.67 43.65 43.63 43.62 43.63 43.68 43.68 43.67 43.68 43.69 43.67 43.67 43.68 43.68 43.68 43.69 43.69 43.68 43.67 43.64 43.62 43.63 43.66 43.69 43.7 43.7 43.71 43.73 43.75 43.75 43.76 43.77 43.75 43.72 43.68 43.66 43.65 43.65 43.66 43.71 43.75 43.75 43.73 43.71 43.7 43.7 43.72 43.71 43.7 43.71 43.7 43.66 43.68 43.74 43.74 43.73 43.72 43.73 43.77 43.79 43.78 43.77 43.77 43.76 43.75 43.75 43.78 43.79 43.76 43.77 43.83
43.68 43.69 43.69 43.7 43.69 43.67 43.67 43.69 43.68 43.66 43.65 43.65 43.67 43.68 43.68 43.68 43.69 43.69 43.69 43.69 43.68 43.68 43.69 43.68 43.66 43.65 43.61 43.59 43.59 43.63 43.68 43.69 43.7 43.72 43.73 43.73 43.72 43.74 43.75 43.74 43.72 43.68 43.66 43.68 43.68 43.69 43.71 43.73 43.73 43.73 43.71 43.71 43.7 43.71 43.74 43.74 43.71 43.67 43.65 43.66 43.71 43.72 43.73 43.72 43.72 43.76 43.79 43.79 43.78 43.78 43.76 43.76 43.76 43.76 43.79 43.78 43.78 43.81
43.7 43.68 43.67 43.69 43.7 43.68 43.67 43.68 43.68 43.67 43.64 43.61 43.62 43.65 43.67 43.68 43.68 43.68 43.68 43.68 43.68 43.67 43.66 43.67 43.67 43.66 43.63 43.59 43.59 43.62 43.67 43.69 43.71 43.74 43.74 43.72 43.71 43.73 43.74 43.73 43.73 43.71 43.66 43.64 43.65 43.69 43.72 43.73 43.73 43.72 43.7 43.7 43.68 43.69 43.72 43.72 43.7 43.67 43.65 43.66 43.7 43.73 43.75 43.74 43.73 43.76 43.8 43.81 43.79 43.77 43.75 43.75 43.73 43.73 43.76 43.77 43.77 43.77
43.68 43.67 43.67 43.67 43.68 43.68 43.68 43.68 43.67 43.66 43.64 43.61 43.6 43.62 43.65 43.67 43.68 43.68 43.68 43.68 43.67 43.66 43.66 43.67 43.67 43.67 43.65 43.63 43.62 43.63 43.67 43.69 43.72 43.75 43.74 43.73 43.72 43.73 43.74 43.74 43.74 43.7 43.64 43.61 43.63 43.67 43.7 43.72 43.72 43.71 43.7 43.69 43.68 43.69 43.71 43.71 43.71 43.71 43.7 43.69 43.69 43.71 43.74 43.74 43.74 43.76 43.78 43.79 43.79 43.75 43.74 43.73 43.73 43.75 43.76 43.76 43.75 43.74
43.7 43.7 43.69 43.68 43.69 43.67 43.68 43.68 43.67 43.66 43.65 43.63 43.62 43.63 43.64 43.66 43.67 43.68 43.69 43.68 43.66 43.65 43.66 43.67 43.67 43.65 43.64 43.66 43.66 43.64 43.65 43.66 43.69 43.72 43.71 43.71 43.72 43.73 43.72 43.72 43.71 43.67 43.61 43.59 43.63 43.67 43.69 43.71 43.7 43.69 43.69 43.69 43.68 43.69 43.72 43.72 43.71 43.72 43.74 43.69 43.65 43.68 43.72 43.73 43.73 43.73 43.75 43.77 43.78 43.75 43.74 43.73 43.76 43.8 43.79 43.75 43.73 43.74
