slabs/40.grd
DSAA
631 301
643890 644520
4948700 4949000
40.92 47.74
[rows 68 to 101 of 301, columns 234 to 311 of 631]
41.94 41.95 41.97 41.99 42.01 42.05 42.11 42.18 42.21 42.24 42.27 42.31 42.38 42.43 42.58 42.82 42.89 42.84 42.84 42.99 43.11 43.26 43.45 43.63 43.84 43.92 43.97 44 44.04 44.1 44.21 44.26 44.22 44.22 44.24 44.22 44.19 44.14 44.08 44.07 44.09 44.15 44.21 44.23 44.23 44.23 44.14 44 43.95 43.96 44.06 44.1 44.09 44.07 44.02 44 43.98 43.96 43.97 43.99 44 44.02 44.02 44.02 44.04 44.07 44.07 44.06 44.07 44.09 44.11 44.12 44.12 44.09 44.08 44.1 44.13 44.15
42 42.01 42.03 42.06 42.09 42.13 42.16 42.2 42.26 42.3 42.35 42.44 42.51 42.58 42.81 43.06 43.11 43.04 43.08 43.34 43.51 43.63 43.8 43.95 44.09 44.1 44.09 44.12 44.14 44.18 44.24 44.22 44.19 44.2 44.23 44.22 44.19 44.13 44.09 44.08 44.11 44.18 44.22 44.23 44.21 44.14 44 43.88 43.85 43.89 43.98 44.03 44.04 44.04 44 43.98 43.98 44 44.02 44.03 44.05 44.08 44.07 44.05 44.05 44.08 44.1 44.09 44.09 44.1 44.11 44.12 44.11 44.09 44.08 44.11 44.13 44.15
42.09 42.08 42.08 42.11 42.14 42.15 42.16 42.2 42.32 42.4 42.45 42.52 42.57 42.69 43.02 43.3 43.33 43.34 43.47 43.71 43.87 43.96 44.11 44.23 44.27 44.24 44.19 44.2 44.23 44.25 44.24 44.2 44.17 44.19 44.23 44.25 44.18 44.08 44.08 44.11 44.16 44.21 44.22 44.19 44.12 43.97 43.88 43.86 43.85 43.87 43.94 43.99 44.01 44.01 43.98 43.97 43.99 44.05 44.11 44.11 44.09 44.1 44.09 44.06 44.07 44.1 44.11 44.11 44.11 44.1 44.09 44.1 44.12 44.12 44.11 44.13 44.15 44.16
42.15 42.16 42.15 42.16 42.18 42.19 42.21 42.29 42.41 42.5 42.56 42.68 42.79 42.94 43.27 43.52 43.55 43.6 43.75 43.96 44.11 44.19 44.34 44.43 44.41 44.36 44.28 44.25 44.27 44.27 44.23 44.19 44.17 44.19 44.23 44.25 44.12 43.96 43.99 44.04 44.1 44.18 44.18 44.13 44.03 43.9 43.92 43.98 43.96 43.93 43.95 43.98 43.99 44 44 43.99 44.02 44.07 44.12 44.11 44.08 44.07 44.07 44.07 44.09 44.1 44.1 44.11 44.13 44.12 44.1 44.11 44.13 44.13 44.14 44.16 44.17 44.18
42.23 42.25 42.24 42.22 42.23 42.29 42.34 42.43 42.53 42.6 42.74 42.99 43.22 43.34 43.55 43.75 43.8 43.86 43.98 44.15 44.27 44.35 44.45 44.48 44.46 44.42 44.31 44.25 44.27 44.29 44.24 44.2 44.21 44.21 44.21 44.17 44.02 43.82 43.82 43.87 43.96 44.1 44.12 44.06 44.02 43.97 43.99 44.01 43.99 43.97 43.97 43.98 44 44.02 44.03 44.03 44.05 44.07 44.07 44.06 44.07 44.08 44.08 44.07 44.08 44.11 44.13 44.13 44.15 44.15 44.13 44.13 44.14 44.14 44.16 44.17 44.19 44.2
42.38 42.38 42.33 42.28 42.28 42.34 42.45 42.59 42.69 42.81 43.05 43.4 43.68 43.76 43.84 43.96 44.02 44.08 44.18 44.29 44.36 44.4 44.43 44.42 44.43 44.38 44.26 44.18 44.23 44.29 44.26 44.25 44.24 44.22 44.17 44.1 43.95 43.72 43.7 43.77 43.89 44.05 44.06 44 43.99 43.99 43.97 43.95 43.97 44.01 44.02 44.02 44.02 44.04 44.06 44.05 44.06 44.08 44.09 44.08 44.09 44.12 44.13 44.1 44.09 44.12 44.15 44.16 44.16 44.15 44.14 44.15 44.16 44.16 44.17 44.19 44.21 44.25
42.55 42.57 42.48 42.39 42.41 42.5 42.7 42.91 43 43.12 43.39 43.73 43.99 44.02 44.01 44.08 44.13 44.18 44.26 44.32 44.35 44.35 44.33 44.31 44.33 44.3 44.22 44.19 44.23 44.29 44.28 44.28 44.24 44.13 44.01 43.91 43.81 43.67 43.66 43.73 43.84 43.99 43.99 43.94 43.94 43.98 44 43.98 43.99 44.04 44.07 44.06 44.04 44.05 44.07 44.06 44.05 44.09 44.11 44.1 44.11 44.15 44.16 44.13 44.11 44.13 44.15 44.16 44.16 44.16 44.16 44.18 44.19 44.18 44.19 44.21 44.24 44.27
42.63 42.72 42.71 42.64 42.72 42.87 43.14 43.32 43.37 43.47 43.71 43.95 44.1 44.1 44.07 44.1 44.14 44.19 44.26 44.3 44.31 44.29 44.25 44.24 44.27 44.29 44.27 44.29 44.3 44.28 44.23 44.18 44.1 43.93 43.8 43.73 43.75 43.79 43.79 43.78 43.86 43.96 43.95 43.91 43.92 43.98 44.03 44.03 44.01 44.04 44.08 44.07 44.04 44.05 44.08 44.06 44.04 44.09 44.12 44.11 44.12 44.16 44.16 44.14 44.13 44.14 44.16 44.17 44.16 44.17 44.2 44.21 44.21 44.21 44.2 44.21 44.24 44.25
42.68 42.86 43.05 43.06 43.19 43.36 43.6 43.71 43.74 43.81 43.98 44.1 44.14 44.12 44.09 44.11 44.14 44.19 44.27 44.31 44.31 44.27 44.22 44.23 44.3 44.34 44.3 44.27 44.24 44.14 44 43.92 43.84 43.77 43.82 43.87 43.91 43.95 43.93 43.9 43.93 43.97 43.95 43.93 43.94 43.99 44.03 44.04 44.03 44.02 44.04 44.04 44.05 44.09 44.11 44.08 44.06 44.09 44.11 44.11 44.14 44.16 44.15 44.14 44.15 44.17 44.19 44.19 44.18 44.17 44.2 44.24 44.25 44.23 44.21 44.24 44.26 44.27
42.93 43.12 43.39 43.5 43.64 43.76 43.92 43.96 43.99 44.02 44.1 44.14 44.13 44.12 44.13 44.15 44.17 44.21 44.28 44.34 44.35 44.3 44.24 44.24 44.3 44.33 44.21 44.1 44.03 43.89 43.78 43.77 43.78 43.85 43.93 43.96 43.96 43.95 43.96 43.96 43.97 43.97 43.97 43.96 43.97 43.99 44.02 44.02 44.01 44.01 44.01 44.03 44.07 44.12 44.14 44.11 44.08 44.09 44.1 44.11 44.14 44.16 44.15 44.14 44.17 44.2 44.19 44.18 44.18 44.19 44.21 44.25 44.26 44.25 44.24 44.26 44.29 44.28
43.33 43.48 43.74 43.89 43.98 44.02 44.06 44.05 44.05 44.07 44.09 44.11 44.1 44.11 44.14 44.18 44.2 44.23 44.28 44.34 44.36 44.33 44.29 44.26 44.26 44.18 44 43.89 43.84 43.78 43.81 43.87 43.9 43.93 43.94 43.94 43.94 43.96 43.99 44.01 44.01 43.98 43.98 43.99 44 44 44.01 44.01 44.02 44.03 44.04 44.06 44.1 44.13 44.15 44.13 44.09 44.11 44.14 44.14 44.15 44.17 44.16 44.17 44.19 44.2 44.2 44.18 44.19 44.23 44.24 44.25 44.27 44.29 44.28 44.28 44.31 44.31
43.7 43.8 44.01 44.13 44.17 44.16 44.11 44.05 44.03 44.05 44.1 44.13 44.14 44.14 44.14 44.16 44.19 44.23 44.26 44.29 44.3 44.27 44.21 44.17 44.09 43.94 43.81 43.76 43.79 43.86 43.92 43.93 43.93 43.94 43.96 43.95 43.94 43.96 43.99 44.03 44.05 44.01 43.98 44 44.02 44 44.02 44.04 44.06 44.08 44.08 44.11 44.15 44.15 44.14 44.14 44.15 44.18 44.21 44.18 44.17 44.19 44.21 44.21 44.21 44.22 44.22 44.23 44.24 44.25 44.25 44.26 44.29 44.31 44.31 44.31 44.32 44.34
43.93 43.99 44.09 44.15 44.16 44.16 44.12 44.06 44.06 44.11 44.15 44.17 44.18 44.17 44.17 44.2 44.21 44.21 44.2 44.19 44.17 44.1 43.98 43.89 43.83 43.78 43.77 43.76 43.8 43.9 43.94 43.92 43.93 43.95 43.99 43.97 43.95 43.97 43.98 44.02 44.06 44.05 44.02 44.04 44.03 44.02 44.05 44.07 44.08 44.1 44.11 44.13 44.17 44.16 44.13 44.15 44.19 44.22 44.21 44.19 44.19 44.21 44.23 44.22 44.23 44.27 44.26 44.26 44.27 44.27 44.26 44.26 44.29 44.3 44.31 44.32 44.33 44.36
44 44.05 44.11 44.13 44.15 44.15 44.14 44.12 44.13 44.17 44.18 44.18 44.19 44.2 44.2 44.2 44.19 44.14 44.06 44.01 43.96 43.88 43.8 43.73 43.73 43.79 43.82 43.8 43.84 43.9 43.92 43.92 43.94 43.97 43.99 43.99 43.97 43.99 44 44.04 44.07 44.07 44.07 44.07 44.06 44.06 44.08 44.09 44.09 44.1 44.11 44.13 44.15 44.14 44.14 44.16 44.16 44.16 44.18 44.21 44.22 44.25 44.25 44.23 44.24 44.27 44.28 44.29 44.29 44.28 44.28 44.28 44.29 44.3 44.31 44.32 44.33 44.36
44.05 44.08 44.12 44.13 44.14 44.16 44.17 44.17 44.17 44.18 44.19 44.18 44.19 44.2 44.15 44.1 44.05 43.95 43.87 43.84 43.81 43.78 43.79 43.8 43.83 43.87 43.87 43.86 43.87 43.91 43.94 43.95 43.96 43.96 43.98 43.99 44 44.01 44.03 44.06 44.08 44.07 44.09 44.08 44.06 44.07 44.11 44.12 44.12 44.12 44.13 44.15 44.15 44.14 44.16 44.19 44.17 44.16 44.18 44.22 44.24 44.25 44.26 44.25 44.26 44.29 44.3 44.31 44.31 44.31 44.31 44.31 44.31 44.32 44.32 44.33 44.35 44.36
44.06 44.1 44.13 44.14 44.14 44.16 44.18 44.19 44.17 44.18 44.19 44.17 44.16 44.1 43.98 43.88 43.81 43.73 43.75 43.8 43.82 43.82 43.83 43.87 43.88 43.88 43.88 43.88 43.9 43.93 43.96 43.99 44 43.98 43.97 44 44.03 44.03 44.04 44.06 44.08 44.08 44.08 44.08 44.07 44.07 44.13 44.15 44.14 44.13 44.14 44.17 44.17 44.16 44.17 44.2 44.21 44.22 44.23 44.24 44.24 44.24 44.26 44.27 44.28 44.3 44.32 44.33 44.33 44.33 44.33 44.33 44.35 44.37 44.37 44.37 44.39 44.39
44.06 44.12 44.14 44.15 44.16 44.17 44.17 44.17 44.16 44.16 44.13 44.08 44.02 43.89 43.74 43.67 43.66 43.67 43.76 43.86 43.88 43.87 43.83 43.83 43.85 43.88 43.88 43.9 43.92 43.95 44.01 44.02 44.02 44.02 44 44.03 44.07 44.07 44.07 44.07 44.08 44.09 44.08 44.08 44.09 44.09 44.12 44.16 44.16 44.17 44.16 44.17 44.18 44.18 44.19 44.21 44.23 44.25 44.25 44.25 44.25 44.25 44.28 44.29 44.3 44.32 44.32 44.33 44.34 44.35 44.36 44.36 44.38 44.4 44.42 44.43 44.43 44.43
44.1 44.14 44.15 44.16 44.16 44.17 44.15 44.13 44.12 44.06 43.95 43.88 43.82 43.68 43.64 43.67 43.71 43.76 43.83 43.89 43.91 43.89 43.84 43.83 43.87 43.92 43.93 43.94 43.95 43.98 44.03 44.03 44.02 44.04 44.04 44.05 44.07 44.09 44.11 44.1 44.08 44.08 44.09 44.11 44.13 44.14 44.14 44.16 44.19 44.21 44.2 44.2 44.2 44.21 44.22 44.24 44.26 44.27 44.26 44.25 44.26 44.26 44.29 44.31 44.32 44.33 44.32 44.34 44.36 44.37 44.39 44.4 44.4 44.42 44.44 44.45 44.46 44.47
44.17 44.16 44.15 44.15 44.15 44.13 44.06 44.01 43.97 43.85 43.71 43.7 43.74 43.68 43.71 43.78 43.79 43.82 43.86 43.88 43.92 43.93 43.89 43.88 43.92 43.96 43.97 43.98 43.99 43.99 43.99 44.02 44.06 44.08 44.09 44.07 44.06 44.08 44.09 44.1 44.1 44.09 44.11 44.14 44.17 44.18 44.17 44.16 44.2 44.23 44.22 44.23 44.25 44.24 44.25 44.27 44.29 44.31 44.27 44.24 44.26 44.26 44.29 44.33 44.33 44.34 44.35 44.38 44.41 44.41 44.42 44.43 44.44 44.45 44.45 44.45 44.47 44.48
44.18 44.14 44.07 44.05 44.06 44 43.86 43.78 43.78 43.74 43.66 43.69 43.77 43.78 43.8 43.8 43.81 43.84 43.86 43.87 43.92 43.96 43.94 43.93 43.94 43.97 43.99 44 44.02 44.02 44.01 44.03 44.08 44.11 44.11 44.09 44.07 44.07 44.09 44.12 44.13 44.11 44.14 44.17 44.19 44.2 44.18 44.18 44.21 44.23 44.23 44.24 44.26 44.25 44.27 44.3 44.32 44.34 44.29 44.27 44.3 44.3 44.32 44.36 44.36 44.35 44.36 44.4 44.43 44.43 44.43 44.46 44.49 44.49 44.46 44.46 44.47 44.48
44.1 44 43.85 43.77 43.79 43.79 43.72 43.68 43.7 43.75 43.77 43.75 43.75 43.79 43.82 43.85 43.85 43.86 43.88 43.88 43.92 43.96 43.98 43.96 43.95 43.98 44.01 44.02 44.04 44.04 44.03 44.03 44.06 44.1 44.12 44.1 44.09 44.09 44.11 44.13 44.14 44.15 44.16 44.17 44.18 44.2 44.2 44.21 44.22 44.23 44.23 44.25 44.26 44.25 44.29 44.34 44.35 44.35 44.32 44.31 44.33 44.34 44.36 44.4 44.41 44.38 44.35 44.39 44.44 44.44 44.44 44.48 44.5 44.51 44.5 44.47 44.45 44.48
43.9 43.75 43.63 43.61 43.65 43.7 43.73 43.75 43.74 43.74 43.77 43.76 43.76 43.8 43.84 43.87 43.9 43.88 43.87 43.9 43.93 43.95 43.97 43.96 43.97 44.01 44.03 44.05 44.06 44.05 44.04 44.04 44.06 44.09 44.09 44.08 44.1 44.13 44.13 44.14 44.15 44.16 44.16 44.16 44.18 44.2 44.22 44.23 44.23 44.23 44.25 44.27 44.28 44.28 44.31 44.34 44.35 44.35 44.34 44.33 44.31 44.33 44.37 44.41 44.42 44.4 44.38 44.41 44.44 44.44 44.46 44.49 44.5 44.52 44.52 44.49 44.48 44.51
43.65 43.61 43.66 43.73 43.75 43.76 43.74 43.73 43.74 43.77 43.79 43.78 43.77 43.8 43.83 43.87 43.9 43.88 43.85 43.88 43.94 43.96 43.98 43.96 43.97 44.01 44.03 44.04 44.05 44.06 44.05 44.06 44.08 44.1 44.09 44.1 44.13 44.17 44.16 44.14 44.16 44.16 44.16 44.17 44.18 44.21 44.23 44.25 44.25 44.25 44.26 44.29 44.31 44.32 44.34 44.36 44.37 44.36 44.36 44.36 44.34 44.35 44.38 44.42 44.42 44.42 44.44 44.45 44.45 44.45 44.48 44.51 44.52 44.53 44.53 44.51 44.5 44.53
43.6 43.68 43.71 43.72 43.71 43.72 43.75 43.76 43.78 43.78 43.78 43.79 43.79 43.8 43.83 43.86 43.88 43.87 43.86 43.88 43.94 43.98 43.99 43.98 43.98 44.01 44.02 44.03 44.04 44.05 44.07 44.1 44.11 44.13 44.13 44.14 44.17 44.19 44.19 44.17 44.16 44.17 44.19 44.21 44.22 44.24 44.26 44.28 44.28 44.27 44.28 44.3 44.33 44.34 44.35 44.37 44.38 44.38 44.38 44.39 44.39 44.38 44.4 44.43 44.44 44.45 44.46 44.47 44.48 44.48 44.5 44.52 44.53 44.53 44.54 44.54 44.52 44.55
43.71 43.71 43.66 43.65 43.67 43.71 43.75 43.77 43.79 43.79 43.78 43.79 43.8 43.82 43.83 43.85 43.87 43.88 43.89 43.91 43.95 43.98 43.98 44 44.01 44 44.02 44.04 44.06 44.09 44.11 44.13 44.15 44.16 44.15 44.16 44.18 44.2 44.22 44.2 44.16 44.2 44.22 44.24 44.26 44.28 44.29 44.3 44.3 44.31 44.34 44.34 44.33 44.35 44.37 44.37 44.35 44.37 44.41 44.41 44.41 44.42 44.44 44.45 44.45 44.46 44.47 44.48 44.48 44.5 44.52 44.52 44.53 44.54 44.55 44.56 44.55 44.55
43.67 43.65 43.66 43.66 43.68 43.73 43.76 43.77 43.79 43.78 43.77 43.8 43.83 43.84 43.84 43.86 43.9 43.93 43.94 43.93 43.95 43.97 43.98 44.01 44.03 44.01 44.03 44.08 44.11 44.14 44.14 44.14 44.17 44.18 44.17 44.17 44.19 44.21 44.23 44.21 44.2 44.23 44.25 44.27 44.29 44.3 44.3 44.31 44.31 44.33 44.37 44.38 44.37 44.36 44.38 44.38 44.37 44.37 44.4 44.43 44.44 44.46 44.47 44.46 44.46 44.47 44.5 44.52 44.5 44.5 44.52 44.52 44.53 44.54 44.56 44.58 44.58 44.6
43.64 43.62 43.64 43.67 43.71 43.76 43.78 43.77 43.78 43.79 43.8 43.82 43.86 43.87 43.86 43.88 43.92 43.95 43.96 43.95 43.97 44 44 44.03 44.05 44.03 44.06 44.11 44.13 44.15 44.14 44.13 44.18 44.2 44.2 44.21 44.22 44.22 44.23 44.23 44.25 44.26 44.27 44.29 44.32 44.32 44.31 44.33 44.32 44.34 44.37 44.38 44.37 44.36 44.37 44.38 44.39 44.4 44.44 44.46 44.45 44.46 44.48 44.48 44.48 44.49 44.53 44.55 44.53 44.5 44.52 44.51 44.52 44.55 44.59 44.62 44.65 44.71
43.63 43.61 43.63 43.68 43.74 43.78 43.8 43.79 43.79 43.82 43.83 43.85 43.88 43.89 43.88 43.9 43.94 43.96 43.96 43.96 44 44.03 44.03 44.06 44.08 44.07 44.08 44.1 44.13 44.16 44.15 44.15 44.18 44.2 44.2 44.2 44.22 44.24 44.25 44.26 44.27 44.26 44.27 44.3 44.31 44.31 44.33 44.35 44.35 44.36 44.36 44.36 44.37 44.38 44.39 44.39 44.41 44.42 44.46 44.47 44.46 44.46 44.48 44.51 44.5 44.5 44.53 44.55 44.54 44.53 44.54 44.51 44.54 44.6 44.66 44.71 44.75 44.81
43.65 43.65 43.67 43.71 43.76 43.8 43.82 43.81 43.82 43.83 43.82 43.85 43.9 43.9 43.9 43.93 43.98 43.99 43.98 43.99 44.02 44.02 44.04 44.09 44.12 44.13 44.12 44.12 44.15 44.17 44.17 44.17 44.18 44.19 44.19 44.2 44.23 44.25 44.28 44.28 44.27 44.27 44.29 44.31 44.32 44.33 44.34 44.34 44.34 44.36 44.38 44.38 44.38 44.4 44.4 44.41 44.43 44.43 44.45 44.46 44.46 44.48 44.51 44.52 44.51 44.52 44.54 44.58 44.58 44.58 44.59 44.59 44.63 44.7 44.77 44.81 44.83 44.88
43.7 43.73 43.74 43.76 43.78 43.82 43.85 43.83 43.85 43.86 43.85 43.87 43.9 43.91 43.92 43.96 44.01 44.02 44.03 44.04 44.05 44.04 44.05 44.09 44.14 44.16 44.15 44.15 44.17 44.18 44.19 44.19 44.18 44.18 44.2 44.22 44.23 44.24 44.27 44.27 44.25 44.27 44.31 44.32 44.34 44.35 44.36 44.35 44.34 44.35 44.39 44.41 44.41 44.42 44.42 44.43 44.44 44.45 44.44 44.45 44.47 44.52 44.55 44.55 44.54 44.53 44.56 44.61 44.62 44.64 44.68 44.72 44.76 44.82 44.86 44.88 44.9 44.96
43.77 43.8 43.79 43.79 43.8 43.85 43.87 43.87 43.88 43.9 43.9 43.91 43.92 43.93 43.95 43.98 44.02 44.04 44.05 44.06 44.07 44.06 44.07 44.09 44.12 44.14 44.15 44.17 44.19 44.2 44.21 44.21 44.21 44.19 44.2 44.23 44.23 44.24 44.27 44.27 44.25 44.28 44.33 44.34 44.35 44.37 44.39 44.37 44.34 44.36 44.4 44.42 44.44 44.45 44.45 44.46 44.47 44.48 44.46 44.44 44.47 44.55 44.6 44.6 44.58 44.57 44.61 44.65 44.68 44.73 44.78 44.82 44.86 44.91 44.93 44.94 44.97 45.03
43.82 43.83 43.79 43.81 43.84 43.86 43.89 43.9 43.9 43.93 43.93 43.93 43.95 43.96 43.97 44 44.04 44.06 44.06 44.07 44.1 44.09 44.09 44.12 44.15 44.17 44.18 44.18 44.18 44.21 44.22 44.22 44.23 44.21 44.21 44.24 44.24 44.26 44.29 44.3 44.29 44.31 44.35 44.36 44.35 44.37 44.4 44.4 44.38 44.39 44.43 44.45 44.45 44.46 44.48 44.48 44.5 44.52 44.49 44.43 44.46 44.55 44.62 44.64 44.63 44.63 44.69 44.75 44.78 44.82 44.85 44.88 44.91 44.96 44.98 45 45.04 45.11
43.85 43.83 43.81 43.84 43.87 43.87 43.89 43.89 43.91 43.97 43.97 43.96 43.98 43.99 43.99 44.01 44.06 44.08 44.08 44.1 44.12 44.12 44.13 44.15 44.18 44.18 44.18 44.17 44.15 44.18 44.22 44.23 44.24 44.24 44.24 44.26 44.26 44.27 44.31 44.32 44.32 44.34 44.38 44.39 44.38 44.38 44.4 44.42 44.42 44.43 44.45 44.46 44.47 44.49 44.5 44.48 44.5 44.54 44.51 44.45 44.47 44.55 44.63 44.67 44.68 44.71 44.79 44.86 44.88 44.9 44.93 44.95 44.96 44.99 45.02 45.04 45.09 45.16
43.83 43.83 43.83 43.86 43.9 43.89 43.9 43.9 43.93 43.98 43.97 43.96 44 44.03 44.02 44.02 44.07 44.09 44.11 44.13 44.13 44.14 44.16 44.17 44.16 44.17 44.19 44.19 44.19 44.2 44.23 44.26 44.28 44.29 44.29 44.29 44.3 44.3 44.32 44.34 44.35 44.37 44.41 44.44 44.44 44.42 44.41 44.42 44.43 44.44 44.46 44.47 44.49 44.51 44.51 44.5 44.51 44.55 44.54 44.5 44.52 44.59 44.66 44.71 44.75 44.81 44.86 44.91 44.94 44.98 45.01 45.02 45.02 45.02 45.04 45.07 45.14 45.19
