slabs/40.grd
DSAA
631 301
643890 644520
4948700 4949000
40.92 47.74
[rows 0 to 33 of 301, columns 390 to 467 of 631]
44.09 44.11 44.12 44.14 44.17 44.21 44.23 44.27 44.34 44.38 44.4 44.42 44.46 44.46 44.44 44.41 44.42 44.44 44.46 44.49 44.51 44.51 44.51 44.56 44.65 44.72 44.74 44.82 44.87 44.85 44.93 45.09 45.19 45.21 45.25 45.37 45.46 45.43 45.37 45.44 45.54 45.6 45.6 45.51 45.44 45.44 45.31 44.85 44.49 44.57 44.96 45.42 45.67 45.7 45.66 45.62 45.61 45.63 45.7 45.74 45.73 45.64 45.49 45.41 45.35 45.26 45.28 45.35 45.49 45.7 45.84 45.96 46.1 46.31 46.37 46.37 46.43 46.54
44.12 44.14 44.16 44.18 44.21 44.24 44.27 44.32 44.39 44.42 44.43 44.47 44.51 44.49 44.47 44.48 44.53 44.55 44.56 44.58 44.6 44.61 44.6 44.61 44.68 44.74 44.78 44.87 44.89 44.86 44.9 45.01 45.1 45.14 45.22 45.38 45.48 45.43 45.38 45.46 45.56 45.61 45.63 45.56 45.48 45.49 45.39 45.13 45.01 45.1 45.33 45.6 45.79 45.83 45.81 45.76 45.72 45.7 45.73 45.78 45.8 45.78 45.66 45.58 45.53 45.44 45.44 45.52 45.66 45.92 46.14 46.28 46.31 46.35 46.41 46.45 46.48 46.55
44.14 44.16 44.19 44.23 44.26 44.28 44.32 44.37 44.43 44.44 44.44 44.5 44.55 44.54 44.53 44.56 44.59 44.58 44.59 44.62 44.68 44.71 44.71 44.69 44.72 44.79 44.86 44.96 45 44.98 44.95 44.98 45.04 45.08 45.18 45.32 45.38 45.33 45.28 45.34 45.41 45.47 45.53 45.51 45.47 45.49 45.48 45.46 45.53 45.57 45.63 45.77 45.89 45.95 45.95 45.9 45.86 45.81 45.79 45.8 45.85 45.9 45.85 45.8 45.75 45.65 45.63 45.7 45.84 46.08 46.24 46.3 46.27 46.27 46.39 46.46 46.46 46.49
44.16 44.21 44.22 44.26 44.3 44.33 44.37 44.44 44.47 44.47 44.48 44.53 44.58 44.6 44.6 44.62 44.59 44.54 44.55 44.62 44.71 44.76 44.77 44.77 44.81 44.89 44.97 45.06 45.12 45.08 45 45 45.02 45.04 45.1 45.16 45.18 45.14 45.1 45.15 45.21 45.29 45.41 45.49 45.53 45.58 45.66 45.78 45.88 45.87 45.89 45.94 46.01 46.08 46.09 46.05 46.01 45.94 45.87 45.84 45.91 46.02 46.04 46.01 45.97 45.83 45.76 45.83 45.95 46.06 46.01 45.96 45.94 45.97 46.04 46.09 46.15 46.18
44.21 44.26 44.28 44.3 44.37 44.42 44.46 44.52 44.54 44.54 44.55 44.58 44.61 44.63 44.63 44.61 44.57 44.54 44.55 44.61 44.71 44.76 44.78 44.83 44.92 44.99 45.05 45.1 45.09 45.02 44.94 44.95 44.96 44.96 44.97 44.99 45.01 44.97 44.93 44.97 45.03 45.14 45.31 45.47 45.61 45.74 45.95 46.1 46.13 46.09 46.13 46.15 46.19 46.24 46.2 46.15 46.11 46 45.9 45.86 45.91 45.98 46 46 45.96 45.76 45.61 45.67 45.7 45.67 45.55 45.49 45.51 45.52 45.51 45.52 45.59 45.61
44.28 44.31 44.33 44.36 44.43 44.5 44.56 44.6 44.59 44.6 44.64 44.68 44.67 44.64 44.62 44.58 44.56 44.58 44.6 44.67 44.76 44.81 44.86 44.92 44.97 45.01 45.07 45.06 44.98 44.92 44.86 44.86 44.88 44.87 44.85 44.88 44.92 44.88 44.84 44.87 44.92 45.03 45.21 45.37 45.51 45.7 45.97 46.15 46.22 46.24 46.25 46.27 46.29 46.28 46.19 46.09 45.99 45.88 45.81 45.8 45.72 45.61 45.6 45.61 45.58 45.42 45.3 45.32 45.3 45.24 45.21 45.23 45.26 45.27 45.24 45.22 45.22 45.21
44.36 44.38 44.4 44.45 44.52 44.62 44.69 44.66 44.63 44.65 44.7 44.76 44.72 44.68 44.64 44.6 44.62 44.64 44.68 44.78 44.87 44.91 44.96 44.98 44.98 44.98 44.97 44.91 44.85 44.83 44.8 44.79 44.8 44.79 44.79 44.85 44.9 44.87 44.83 44.83 44.84 44.9 45.06 45.2 45.32 45.53 45.74 45.82 45.98 46.13 46.08 46.09 46.08 46.01 45.93 45.75 45.57 45.5 45.47 45.47 45.36 45.22 45.21 45.23 45.21 45.19 45.19 45.2 45.2 45.18 45.17 45.18 45.2 45.19 45.16 45.17 45.19 45.2
44.47 44.51 44.52 44.54 44.61 44.71 44.72 44.63 44.63 44.67 44.71 44.76 44.76 44.72 44.7 44.69 44.72 44.76 44.81 44.91 44.98 44.98 44.97 44.96 44.95 44.9 44.82 44.78 44.76 44.76 44.76 44.77 44.77 44.76 44.77 44.82 44.86 44.85 44.82 44.82 44.78 44.75 44.88 45.04 45.16 45.34 45.45 45.45 45.57 45.7 45.6 45.56 45.54 45.49 45.46 45.34 45.2 45.19 45.16 45.15 45.15 45.15 45.15 45.16 45.18 45.19 45.21 45.22 45.21 45.2 45.19 45.19 45.2 45.2 45.18 45.18 45.19 45.2
44.63 44.69 44.68 44.64 44.65 44.67 44.63 44.55 44.57 44.63 44.68 44.76 44.77 44.76 44.74 44.75 44.77 44.81 44.9 44.98 45.02 44.99 44.92 44.87 44.85 44.81 44.75 44.72 44.71 44.73 44.76 44.78 44.78 44.78 44.77 44.8 44.83 44.83 44.82 44.8 44.74 44.68 44.82 44.99 45.08 45.19 45.24 45.24 45.25 45.25 45.19 45.15 45.15 45.14 45.15 45.16 45.16 45.16 45.16 45.17 45.18 45.18 45.17 45.18 45.2 45.21 45.21 45.21 45.21 45.2 45.19 45.2 45.21 45.21 45.2 45.18 45.18 45.19
44.75 44.79 44.77 44.71 44.67 44.65 44.61 44.54 44.56 44.61 44.67 44.76 44.79 44.78 44.76 44.73 44.72 44.76 44.84 44.9 44.93 44.89 44.81 44.77 44.75 44.74 44.71 44.7 44.71 44.73 44.76 44.78 44.79 44.78 44.78 44.8 44.82 44.84 44.84 44.8 44.73 44.73 44.9 45.02 45.07 45.13 45.15 45.15 45.12 45.09 45.1 45.1 45.11 45.13 45.15 45.18 45.17 45.16 45.15 45.17 45.19 45.19 45.19 45.19 45.2 45.21 45.22 45.21 45.2 45.19 45.18 45.2 45.23 45.21 45.19 45.18 45.18 45.17
44.77 44.8 44.8 44.77 44.75 44.74 44.69 44.61 44.59 44.62 44.67 44.76 44.8 44.8 44.78 44.74 44.71 44.72 44.76 44.79 44.79 44.77 44.73 44.7 44.7 44.71 44.72 44.73 44.74 44.74 44.75 44.77 44.78 44.78 44.8 44.83 44.85 44.89 44.88 44.8 44.74 44.78 44.95 45.02 45.05 45.1 45.13 45.13 45.1 45.07 45.07 45.08 45.1 45.14 45.17 45.2 45.21 45.19 45.18 45.17 45.18 45.19 45.19 45.2 45.21 45.21 45.2 45.2 45.19 45.18 45.18 45.2 45.24 45.23 45.2 45.19 45.17 45.17
44.75 44.79 44.81 44.84 44.86 44.86 44.8 44.69 44.62 44.63 44.68 44.76 44.8 44.81 44.8 44.76 44.71 44.7 44.72 44.73 44.72 44.72 44.7 44.69 44.7 44.73 44.76 44.77 44.77 44.76 44.75 44.76 44.77 44.81 44.85 44.88 44.88 44.89 44.86 44.78 44.75 44.81 44.95 44.99 45.02 45.07 45.1 45.11 45.08 45.05 45.07 45.11 45.14 45.16 45.18 45.19 45.2 45.19 45.18 45.17 45.19 45.2 45.21 45.22 45.24 45.21 45.18 45.18 45.18 45.16 45.17 45.19 45.23 45.24 45.22 45.2 45.18 45.18
44.68 44.73 44.76 44.85 44.94 44.97 44.93 44.79 44.69 44.66 44.69 44.76 44.8 44.81 44.82 44.79 44.73 44.71 44.7 44.72 44.72 44.72 44.71 44.71 44.71 44.74 44.78 44.79 44.79 44.77 44.75 44.76 44.79 44.83 44.87 44.9 44.87 44.86 44.83 44.76 44.76 44.84 44.93 44.97 45 45.05 45.08 45.08 45.06 45.04 45.05 45.1 45.15 45.16 45.17 45.18 45.18 45.17 45.16 45.17 45.19 45.2 45.19 45.21 45.21 45.17 45.13 45.16 45.17 45.15 45.17 45.18 45.2 45.21 45.22 45.21 45.19 45.2
44.6 44.63 44.68 44.8 44.9 44.97 45 44.9 44.8 44.74 44.71 44.76 44.79 44.81 44.83 44.81 44.77 44.73 44.71 44.72 44.73 44.73 44.74 44.76 44.76 44.77 44.79 44.8 44.8 44.78 44.78 44.8 44.82 44.84 44.83 44.84 44.84 44.83 44.79 44.74 44.77 44.85 44.91 44.95 44.98 45.03 45.05 45.05 45.04 45.03 45.05 45.07 45.12 45.16 45.14 45.15 45.16 45.16 45.17 45.17 45.19 45.2 45.18 45.19 45.19 45.16 45.13 45.16 45.18 45.17 45.18 45.17 45.18 45.18 45.2 45.22 45.2 45.2
44.56 44.56 44.6 44.71 44.81 44.89 44.97 44.94 44.88 44.82 44.74 44.75 44.78 44.8 44.81 44.81 44.79 44.77 44.74 44.73 44.75 44.75 44.77 44.8 44.8 44.8 44.8 44.8 44.8 44.8 44.83 44.85 44.86 44.85 44.82 44.8 44.8 44.79 44.76 44.73 44.76 44.83 44.88 44.92 44.95 45 45.02 45.03 45.02 45.01 45 45.02 45.1 45.16 45.14 45.14 45.14 45.15 45.17 45.17 45.17 45.18 45.18 45.19 45.21 45.21 45.18 45.17 45.2 45.17 45.17 45.17 45.19 45.22 45.23 45.22 45.2 45.21
44.56 44.54 44.54 44.63 44.71 44.79 44.87 44.89 44.88 44.83 44.75 44.71 44.73 44.74 44.73 44.74 44.76 44.78 44.76 44.72 44.75 44.77 44.79 44.81 44.8 44.79 44.8 44.77 44.78 44.8 44.83 44.86 44.86 44.86 44.83 44.81 44.79 44.77 44.75 44.73 44.76 44.81 44.85 44.89 44.93 44.97 44.99 45 45 44.99 44.98 45.02 45.12 45.16 45.14 45.13 45.13 45.15 45.16 45.16 45.15 45.17 45.19 45.21 45.23 45.23 45.2 45.18 45.21 45.2 45.2 45.19 45.21 45.26 45.26 45.22 45.21 45.22
44.6 44.56 44.52 44.56 44.62 44.68 44.77 44.81 44.8 44.78 44.7 44.65 44.65 44.65 44.62 44.61 44.67 44.72 44.73 44.72 44.75 44.79 44.79 44.8 44.8 44.81 44.81 44.77 44.79 44.81 44.84 44.87 44.87 44.86 44.83 44.82 44.8 44.77 44.75 44.74 44.76 44.8 44.82 44.85 44.91 44.95 44.96 44.97 44.99 45.01 45.02 45.06 45.14 45.16 45.15 45.14 45.13 45.14 45.15 45.15 45.16 45.19 45.22 45.23 45.21 45.18 45.18 45.2 45.23 45.28 45.26 45.21 45.2 45.22 45.24 45.23 45.22 45.23
44.64 44.62 44.56 44.52 44.5 44.57 44.69 44.75 44.75 44.72 44.67 44.63 44.62 44.6 44.56 44.52 44.6 44.69 44.7 44.75 44.79 44.84 44.86 44.87 44.87 44.86 44.82 44.78 44.78 44.81 44.84 44.88 44.87 44.85 44.83 44.82 44.8 44.77 44.76 44.75 44.76 44.79 44.81 44.83 44.88 44.92 44.94 44.97 45.01 45.03 45.05 45.07 45.12 45.13 45.13 45.13 45.12 45.12 45.12 45.12 45.14 45.16 45.2 45.24 45.23 45.19 45.19 45.19 45.23 45.27 45.25 45.21 45.21 45.21 45.22 45.23 45.22 45.23
44.66 44.65 44.61 44.5 44.42 44.5 44.65 44.71 44.73 44.72 44.7 44.68 44.67 44.62 44.53 44.46 44.56 44.71 44.73 44.76 44.83 44.94 45.02 45.05 45.01 44.92 44.85 44.79 44.8 44.81 44.83 44.86 44.87 44.85 44.83 44.82 44.8 44.79 44.78 44.78 44.78 44.79 44.8 44.82 44.86 44.9 44.92 44.95 44.99 45.01 45.02 45.04 45.08 45.1 45.09 45.09 45.09 45.09 45.09 45.09 45.1 45.11 45.16 45.24 45.24 45.21 45.19 45.18 45.2 45.24 45.22 45.2 45.19 45.18 45.2 45.22 45.23 45.24
44.63 44.63 44.61 44.53 44.45 44.52 44.64 44.68 44.68 44.7 44.74 44.73 44.7 44.65 44.56 44.48 44.56 44.73 44.8 44.87 44.98 45.16 45.25 45.25 45.16 45 44.88 44.83 44.82 44.81 44.81 44.83 44.86 44.85 44.82 44.81 44.79 44.79 44.8 44.8 44.8 44.8 44.82 44.83 44.86 44.89 44.91 44.92 44.93 44.95 44.95 44.99 45.05 45.08 45.08 45.06 45.05 45.05 45.06 45.07 45.08 45.11 45.14 45.17 45.18 45.17 45.17 45.17 45.17 45.19 45.18 45.17 45.17 45.16 45.19 45.23 45.24 45.25
44.6 44.62 44.63 44.57 44.54 44.57 44.62 44.63 44.61 44.62 44.69 44.73 44.72 44.69 44.66 44.66 44.67 44.76 44.92 45.06 45.19 45.4 45.45 45.4 45.27 45.04 44.9 44.85 44.83 44.81 44.81 44.81 44.83 44.83 44.81 44.8 44.79 44.79 44.79 44.8 44.8 44.81 44.83 44.84 44.85 44.85 44.86 44.86 44.86 44.86 44.87 44.92 45.01 45.06 45.06 45.04 45.04 45.04 45.06 45.07 45.07 45.1 45.11 45.14 45.15 45.16 45.16 45.16 45.16 45.15 45.14 45.15 45.17 45.17 45.19 45.21 45.21 45.21
44.62 44.64 44.65 44.62 44.6 44.61 44.62 44.6 44.55 44.53 44.61 44.67 44.71 44.72 44.7 44.71 44.71 44.78 45 45.19 45.33 45.54 45.58 45.49 45.32 45.05 44.9 44.86 44.82 44.81 44.81 44.8 44.8 44.82 44.83 44.82 44.81 44.8 44.8 44.8 44.8 44.81 44.82 44.82 44.79 44.77 44.78 44.78 44.78 44.78 44.79 44.84 44.95 45.02 45.03 45.03 45.04 45.04 45.04 45.04 45.06 45.08 45.09 45.12 45.15 45.17 45.15 45.13 45.11 45.1 45.08 45.07 45.08 45.1 45.12 45.13 45.13 45.11
44.64 44.66 44.68 44.68 44.66 44.66 44.66 44.62 44.54 44.5 44.58 44.64 44.69 44.72 44.69 44.7 44.71 44.79 45.01 45.2 45.34 45.54 45.6 45.52 45.31 45.03 44.89 44.85 44.82 44.82 44.82 44.81 44.8 44.82 44.86 44.86 44.86 44.85 44.85 44.85 44.85 44.84 44.83 44.81 44.77 44.73 44.71 44.7 44.7 44.69 44.7 44.75 44.87 44.96 45 45.02 45 45 44.99 45 45.03 45.06 45.06 45.05 45.07 45.08 45.06 45.02 45.01 45 44.95 44.92 44.92 44.95 45.03 45.08 45.08 45.07
44.65 44.66 44.7 44.71 44.69 44.67 44.65 44.59 44.52 44.5 44.58 44.64 44.68 44.71 44.7 44.69 44.71 44.79 44.96 45.11 45.21 45.34 45.4 45.35 45.19 44.98 44.86 44.84 44.83 44.83 44.82 44.82 44.82 44.83 44.86 44.87 44.89 44.89 44.89 44.89 44.88 44.87 44.87 44.86 44.83 44.8 44.73 44.64 44.62 44.61 44.61 44.65 44.75 44.83 44.87 44.91 44.91 44.91 44.92 44.96 45 45.01 45.01 44.96 44.93 44.94 44.94 44.93 44.93 44.95 44.94 44.92 44.92 44.94 45.01 45.06 45.08 45.08
44.64 44.65 44.67 44.68 44.65 44.59 44.54 44.51 44.49 44.5 44.58 44.63 44.67 44.7 44.69 44.69 44.7 44.75 44.83 44.92 44.99 45.06 45.07 45.05 44.98 44.89 44.84 44.83 44.84 44.83 44.81 44.83 44.85 44.85 44.86 44.85 44.85 44.87 44.9 44.91 44.91 44.91 44.9 44.89 44.88 44.87 44.78 44.63 44.57 44.55 44.55 44.58 44.64 44.69 44.71 44.75 44.8 44.83 44.87 44.93 44.96 44.96 44.97 44.96 44.92 44.9 44.9 44.91 44.92 44.95 45 45.01 45.01 45.01 45.02 45.02 45.02 45.02
44.63 44.63 44.63 44.62 44.57 44.47 44.42 44.42 44.44 44.49 44.56 44.61 44.64 44.67 44.67 44.67 44.69 44.7 44.71 44.74 44.8 44.86 44.88 44.85 44.81 44.82 44.86 44.85 44.84 44.8 44.75 44.78 44.82 44.81 44.81 44.77 44.74 44.77 44.82 44.87 44.91 44.93 44.93 44.92 44.88 44.86 44.8 44.66 44.57 44.54 44.55 44.58 44.65 44.71 44.71 44.74 44.82 44.87 44.88 44.91 44.93 44.92 44.94 44.97 44.96 44.93 44.92 44.92 44.92 44.95 44.98 44.98 44.98 44.99 45 45.01 45.02 45.03
44.61 44.61 44.59 44.56 44.5 44.38 44.33 44.36 44.39 44.46 44.53 44.57 44.6 44.61 44.6 44.64 44.69 44.67 44.65 44.66 44.65 44.67 44.72 44.71 44.66 44.7 44.79 44.77 44.72 44.66 44.61 44.64 44.66 44.66 44.67 44.66 44.64 44.63 44.68 44.77 44.86 44.91 44.93 44.92 44.86 44.82 44.79 44.72 44.64 44.62 44.63 44.66 44.72 44.79 44.79 44.81 44.87 44.9 44.9 44.91 44.91 44.9 44.91 44.94 44.96 44.95 44.95 44.96 44.96 44.98 45.01 45 44.98 44.99 45.02 45.04 45.03 45.04
44.56 44.59 44.56 44.5 44.44 44.33 44.29 44.32 44.36 44.43 44.5 44.54 44.54 44.51 44.49 44.55 44.61 44.57 44.54 44.5 44.43 44.44 44.5 44.51 44.49 44.5 44.54 44.55 44.55 44.54 44.53 44.54 44.58 44.62 44.63 44.62 44.6 44.56 44.6 44.69 44.78 44.86 44.88 44.87 44.82 44.79 44.8 44.78 44.73 44.72 44.73 44.77 44.8 44.82 44.83 44.85 44.86 44.87 44.88 44.9 44.9 44.9 44.92 44.96 45 45 45 45 45.01 45.01 45.02 45 44.98 45 45.03 45.04 45.04 45.06
44.44 44.51 44.48 44.43 44.37 44.28 44.26 44.29 44.35 44.42 44.47 44.5 44.47 44.38 44.36 44.39 44.41 44.4 44.39 44.36 44.32 44.35 44.38 44.39 44.41 44.44 44.43 44.48 44.56 44.59 44.56 44.57 44.61 44.65 44.67 44.66 44.62 44.61 44.62 44.67 44.75 44.82 44.83 44.81 44.81 44.81 44.81 44.81 44.8 44.8 44.81 44.84 44.87 44.86 44.87 44.9 44.91 44.92 44.91 44.91 44.93 44.93 44.94 44.98 45.03 45.03 45 45 45.03 45.03 45.02 45.02 45.02 45.03 45.04 45.04 45.04 45.06
44.28 44.36 44.36 44.34 44.3 44.25 44.23 44.26 44.33 44.4 44.44 44.46 44.42 44.33 44.33 44.33 44.35 44.38 44.35 44.36 44.4 44.44 44.45 44.44 44.46 44.49 44.49 44.54 44.63 44.65 44.63 44.63 44.65 44.67 44.68 44.68 44.69 44.71 44.7 44.72 44.77 44.8 44.8 44.8 44.82 44.82 44.82 44.83 44.86 44.87 44.86 44.87 44.9 44.88 44.88 44.91 44.93 44.95 44.95 44.96 44.97 44.97 44.97 44.98 45.01 45 44.98 44.99 45.01 45.02 45.04 45.06 45.06 45.06 45.06 45.05 45.06 45.07
44.24 44.29 44.3 44.3 44.28 44.25 44.24 44.27 44.33 44.38 44.42 44.43 44.41 44.38 44.39 44.38 44.41 44.44 44.41 44.43 44.47 44.51 44.53 44.52 44.53 44.55 44.57 44.62 44.67 44.69 44.68 44.66 44.67 44.7 44.69 44.69 44.74 44.77 44.76 44.78 44.8 44.78 44.8 44.83 44.84 44.84 44.83 44.84 44.85 44.86 44.86 44.87 44.9 44.9 44.9 44.92 44.93 44.94 44.97 44.97 44.96 44.96 44.95 44.95 44.97 44.97 44.98 45 45.02 45.02 45.03 45.04 45.05 45.06 45.06 45.06 45.07 45.1
44.31 44.34 44.35 44.35 44.33 44.3 44.29 44.32 44.37 44.41 44.43 44.43 44.43 44.44 44.45 44.44 44.46 44.49 44.47 44.48 44.52 44.55 44.57 44.58 44.58 44.58 44.61 44.65 44.69 44.7 44.69 44.68 44.7 44.73 44.73 44.73 44.75 44.77 44.78 44.8 44.82 44.81 44.82 44.84 44.86 44.87 44.86 44.85 44.87 44.86 44.84 44.87 44.92 44.93 44.93 44.94 44.96 44.94 44.94 44.96 44.95 44.94 44.93 44.95 44.97 44.98 44.99 45.01 45.03 45.04 45.04 45.05 45.07 45.09 45.11 45.11 45.12 45.15
44.35 44.37 44.39 44.39 44.38 44.36 44.35 44.39 44.44 44.47 44.47 44.47 44.46 44.48 44.48 44.48 44.49 44.5 44.49 44.5 44.54 44.57 44.6 44.61 44.6 44.6 44.62 44.67 44.7 44.71 44.7 44.71 44.73 44.75 44.76 44.77 44.77 44.77 44.78 44.79 44.82 44.84 44.84 44.85 44.86 44.87 44.86 44.88 44.91 44.88 44.85 44.88 44.92 44.94 44.94 44.94 44.96 44.95 44.93 44.95 44.95 44.95 44.95 44.98 45 45.02 45.04 45.07 45.09 45.11 45.12 45.13 45.15 45.18 45.19 45.2 45.21 45.21
44.36 44.39 44.42 44.42 44.42 44.41 44.42 44.45 44.5 44.52 44.51 44.5 44.5 44.51 44.52 44.52 44.52 44.5 44.5 44.54 44.57 44.6 44.62 44.64 44.63 44.63 44.65 44.68 44.72 44.73 44.72 44.72 44.73 44.74 44.74 44.76 44.78 44.79 44.79 44.8 44.82 44.84 44.85 44.87 44.87 44.86 44.86 44.88 44.89 44.88 44.88 44.9 44.9 44.92 44.95 44.94 44.95 44.94 44.95 44.98 45 45.02 45.05 45.08 45.1 45.12 45.14 45.16 45.17 45.19 45.21 45.21 45.22 45.24 45.24 45.24 45.26 45.26
