slabs/40.grd
DSAA
631 301
643890 644520
4948700 4949000
40.92 47.74
[rows 238 to 271 of 301, columns 312 to 389 of 631]
43.58 43.61 43.63 43.64 43.67 43.68 43.68 43.67 43.67 43.65 43.64 43.66 43.68 43.67 43.66 43.66 43.65 43.64 43.65 43.68 43.69 43.67 43.65 43.65 43.64 43.64 43.65 43.65 43.63 43.61 43.62 43.65 43.67 43.68 43.68 43.68 43.66 43.65 43.67 43.68 43.67 43.66 43.68 43.69 43.67 43.66 43.67 43.66 43.66 43.68 43.69 43.69 43.7 43.69 43.69 43.7 43.7 43.72 43.75 43.74 43.72 43.74 43.76 43.75 43.73 43.73 43.74 43.71 43.69 43.72 43.75 43.75 43.74 43.74 43.76 43.77 43.76 43.78
43.57 43.59 43.61 43.64 43.66 43.68 43.69 43.68 43.67 43.66 43.64 43.64 43.67 43.67 43.67 43.67 43.67 43.66 43.65 43.66 43.68 43.65 43.63 43.65 43.66 43.64 43.62 43.63 43.62 43.59 43.61 43.66 43.68 43.68 43.67 43.66 43.65 43.65 43.67 43.68 43.67 43.66 43.67 43.67 43.66 43.65 43.64 43.63 43.65 43.67 43.68 43.68 43.67 43.68 43.7 43.71 43.7 43.69 43.71 43.71 43.71 43.74 43.75 43.74 43.72 43.71 43.71 43.71 43.71 43.72 43.74 43.75 43.73 43.73 43.74 43.76 43.77 43.78
43.58 43.61 43.62 43.64 43.66 43.68 43.69 43.66 43.65 43.64 43.62 43.64 43.67 43.68 43.68 43.68 43.67 43.67 43.65 43.67 43.68 43.66 43.63 43.65 43.66 43.64 43.59 43.6 43.6 43.59 43.61 43.64 43.65 43.65 43.67 43.67 43.65 43.65 43.67 43.68 43.68 43.67 43.68 43.69 43.67 43.64 43.62 43.63 43.65 43.66 43.66 43.67 43.66 43.66 43.69 43.71 43.7 43.67 43.68 43.69 43.7 43.71 43.73 43.73 43.71 43.68 43.69 43.71 43.7 43.7 43.72 43.74 43.75 43.75 43.76 43.76 43.78 43.79
43.59 43.62 43.63 43.64 43.66 43.67 43.66 43.63 43.6 43.6 43.61 43.63 43.67 43.68 43.68 43.66 43.65 43.65 43.64 43.65 43.67 43.66 43.63 43.63 43.64 43.63 43.61 43.62 43.62 43.61 43.6 43.61 43.62 43.64 43.67 43.69 43.68 43.65 43.65 43.68 43.67 43.67 43.67 43.67 43.65 43.62 43.61 43.63 43.65 43.65 43.66 43.67 43.68 43.68 43.7 43.7 43.68 43.65 43.66 43.68 43.68 43.68 43.7 43.72 43.71 43.68 43.7 43.72 43.69 43.68 43.7 43.73 43.77 43.79 43.79 43.78 43.79 43.81
43.6 43.61 43.61 43.64 43.66 43.66 43.64 43.6 43.58 43.58 43.59 43.6 43.65 43.66 43.66 43.66 43.63 43.63 43.63 43.64 43.65 43.65 43.64 43.65 43.64 43.62 43.61 43.6 43.61 43.61 43.6 43.59 43.6 43.63 43.66 43.67 43.66 43.65 43.65 43.66 43.66 43.66 43.65 43.66 43.66 43.63 43.62 43.64 43.66 43.66 43.66 43.67 43.68 43.68 43.67 43.67 43.66 43.64 43.64 43.66 43.68 43.68 43.7 43.71 43.71 43.7 43.72 43.74 43.72 43.72 43.73 43.75 43.79 43.81 43.81 43.79 43.79 43.81
43.55 43.57 43.59 43.62 43.65 43.66 43.64 43.61 43.59 43.58 43.57 43.59 43.63 43.64 43.64 43.64 43.62 43.62 43.65 43.68 43.68 43.65 43.64 43.64 43.63 43.62 43.6 43.58 43.59 43.6 43.58 43.56 43.57 43.61 43.64 43.65 43.65 43.64 43.66 43.67 43.66 43.66 43.65 43.67 43.68 43.66 43.65 43.66 43.67 43.67 43.66 43.66 43.65 43.65 43.64 43.65 43.67 43.66 43.65 43.67 43.69 43.69 43.7 43.72 43.7 43.68 43.7 43.74 43.74 43.76 43.76 43.76 43.77 43.79 43.79 43.78 43.79 43.8
43.51 43.56 43.6 43.61 43.64 43.66 43.66 43.62 43.6 43.6 43.59 43.6 43.62 43.64 43.62 43.61 43.61 43.62 43.65 43.67 43.66 43.62 43.6 43.59 43.61 43.63 43.61 43.59 43.59 43.6 43.59 43.56 43.58 43.61 43.62 43.63 43.64 43.64 43.65 43.66 43.67 43.66 43.65 43.67 43.68 43.68 43.68 43.68 43.67 43.67 43.67 43.65 43.63 43.65 43.67 43.67 43.67 43.67 43.66 43.68 43.7 43.69 43.7 43.72 43.7 43.67 43.69 43.73 43.72 43.72 43.73 43.74 43.76 43.76 43.76 43.77 43.78 43.79
43.52 43.56 43.62 43.63 43.64 43.65 43.65 43.62 43.6 43.6 43.61 43.6 43.6 43.6 43.6 43.59 43.59 43.61 43.64 43.66 43.65 43.6 43.58 43.58 43.61 43.64 43.62 43.6 43.6 43.6 43.6 43.56 43.59 43.64 43.62 43.62 43.63 43.64 43.65 43.66 43.67 43.65 43.64 43.65 43.67 43.67 43.66 43.67 43.68 43.69 43.7 43.68 43.65 43.65 43.67 43.67 43.67 43.68 43.67 43.68 43.7 43.7 43.7 43.72 43.72 43.7 43.71 43.73 43.71 43.69 43.69 43.71 43.74 43.75 43.75 43.75 43.76 43.77
43.53 43.56 43.59 43.61 43.62 43.63 43.62 43.6 43.59 43.59 43.58 43.57 43.56 43.58 43.6 43.59 43.6 43.61 43.63 43.65 43.65 43.61 43.58 43.59 43.61 43.62 43.61 43.6 43.59 43.6 43.6 43.56 43.58 43.65 43.64 43.63 43.62 43.62 43.64 43.66 43.66 43.64 43.62 43.64 43.67 43.65 43.63 43.65 43.66 43.66 43.68 43.69 43.69 43.67 43.67 43.67 43.67 43.68 43.67 43.67 43.68 43.7 43.71 43.73 43.72 43.69 43.7 43.72 43.72 43.69 43.68 43.71 43.74 43.76 43.75 43.73 43.72 43.73
43.52 43.54 43.57 43.59 43.6 43.62 43.61 43.59 43.59 43.59 43.57 43.57 43.56 43.58 43.6 43.61 43.61 43.61 43.64 43.65 43.65 43.63 43.6 43.6 43.61 43.61 43.61 43.6 43.59 43.61 43.62 43.57 43.57 43.64 43.64 43.64 43.62 43.62 43.64 43.65 43.65 43.65 43.65 43.66 43.68 43.68 43.66 43.66 43.66 43.65 43.64 43.67 43.69 43.66 43.66 43.66 43.68 43.7 43.69 43.68 43.69 43.71 43.72 43.73 43.71 43.68 43.69 43.71 43.7 43.68 43.67 43.7 43.73 43.74 43.73 43.7 43.67 43.69
43.45 43.52 43.57 43.59 43.6 43.61 43.61 43.59 43.59 43.59 43.58 43.59 43.58 43.59 43.62 43.63 43.61 43.61 43.64 43.65 43.65 43.64 43.63 43.61 43.59 43.61 43.62 43.6 43.59 43.61 43.63 43.59 43.57 43.63 43.64 43.65 43.65 43.65 43.65 43.66 43.66 43.66 43.67 43.69 43.7 43.7 43.69 43.69 43.68 43.67 43.64 43.65 43.67 43.64 43.64 43.65 43.68 43.7 43.69 43.67 43.68 43.7 43.71 43.72 43.71 43.68 43.69 43.7 43.69 43.66 43.64 43.69 43.73 43.72 43.7 43.67 43.63 43.66
43.37 43.5 43.57 43.59 43.6 43.61 43.61 43.59 43.59 43.58 43.58 43.58 43.59 43.6 43.62 43.63 43.63 43.63 43.65 43.66 43.66 43.66 43.66 43.62 43.59 43.6 43.59 43.58 43.58 43.6 43.63 43.6 43.6 43.64 43.65 43.66 43.67 43.65 43.64 43.65 43.66 43.65 43.66 43.7 43.7 43.67 43.66 43.66 43.67 43.66 43.64 43.64 43.64 43.63 43.63 43.65 43.67 43.67 43.67 43.66 43.68 43.69 43.7 43.71 43.7 43.7 43.7 43.69 43.69 43.66 43.64 43.69 43.73 43.72 43.7 43.67 43.62 43.63
43.37 43.49 43.54 43.56 43.58 43.61 43.61 43.59 43.59 43.58 43.57 43.57 43.57 43.59 43.62 43.64 43.65 43.65 43.66 43.66 43.66 43.66 43.66 43.65 43.63 43.61 43.59 43.58 43.58 43.61 43.63 43.61 43.61 43.64 43.64 43.65 43.64 43.63 43.62 43.64 43.66 43.66 43.67 43.69 43.68 43.65 43.64 43.64 43.64 43.63 43.62 43.62 43.63 43.63 43.63 43.65 43.66 43.64 43.64 43.67 43.69 43.67 43.68 43.69 43.7 43.72 43.7 43.68 43.68 43.66 43.64 43.67 43.7 43.73 43.75 43.71 43.65 43.64
43.38 43.48 43.53 43.54 43.57 43.62 43.61 43.6 43.59 43.59 43.58 43.56 43.56 43.59 43.61 43.64 43.66 43.66 43.66 43.66 43.66 43.65 43.62 43.62 43.61 43.61 43.62 43.6 43.58 43.59 43.62 43.6 43.59 43.62 43.62 43.61 43.62 43.63 43.63 43.64 43.66 43.66 43.67 43.67 43.66 43.67 43.65 43.63 43.62 43.61 43.6 43.61 43.62 43.63 43.63 43.65 43.66 43.65 43.65 43.68 43.68 43.68 43.69 43.69 43.69 43.7 43.69 43.67 43.68 43.66 43.64 43.67 43.69 43.72 43.75 43.73 43.71 43.7
43.33 43.47 43.53 43.54 43.57 43.61 43.62 43.61 43.61 43.61 43.59 43.57 43.58 43.59 43.59 43.61 43.65 43.64 43.64 43.64 43.64 43.62 43.6 43.58 43.58 43.61 43.63 43.6 43.56 43.57 43.58 43.58 43.58 43.61 43.63 43.62 43.6 43.61 43.62 43.63 43.66 43.67 43.67 43.66 43.66 43.68 43.66 43.62 43.62 43.62 43.61 43.61 43.62 43.63 43.64 43.65 43.68 43.68 43.67 43.66 43.66 43.69 43.72 43.71 43.7 43.71 43.7 43.67 43.66 43.65 43.65 43.67 43.68 43.7 43.73 43.74 43.74 43.74
43.22 43.43 43.5 43.52 43.55 43.59 43.61 43.62 43.62 43.61 43.6 43.58 43.58 43.57 43.57 43.59 43.62 43.63 43.63 43.63 43.63 43.62 43.6 43.58 43.59 43.62 43.62 43.59 43.56 43.55 43.55 43.56 43.58 43.6 43.61 43.61 43.6 43.61 43.61 43.62 43.66 43.68 43.67 43.66 43.67 43.68 43.65 43.6 43.61 43.64 43.63 43.63 43.65 43.66 43.66 43.66 43.65 43.65 43.66 43.65 43.64 43.68 43.71 43.7 43.71 43.72 43.71 43.68 43.67 43.64 43.63 43.65 43.66 43.69 43.72 43.74 43.75 43.74
43.13 43.38 43.46 43.48 43.51 43.56 43.58 43.58 43.57 43.56 43.56 43.55 43.54 43.55 43.56 43.58 43.62 43.63 43.63 43.62 43.62 43.62 43.59 43.59 43.61 43.64 43.64 43.61 43.56 43.55 43.55 43.56 43.58 43.58 43.59 43.6 43.6 43.61 43.61 43.61 43.66 43.69 43.68 43.67 43.67 43.68 43.65 43.6 43.62 43.65 43.62 43.62 43.66 43.67 43.68 43.66 43.64 43.65 43.67 43.66 43.66 43.68 43.71 43.7 43.71 43.72 43.71 43.69 43.68 43.64 43.61 43.63 43.65 43.68 43.72 43.74 43.75 43.74
43.18 43.4 43.45 43.47 43.5 43.54 43.58 43.57 43.54 43.53 43.54 43.54 43.53 43.54 43.57 43.57 43.58 43.6 43.61 43.6 43.61 43.62 43.59 43.59 43.61 43.65 43.67 43.63 43.58 43.56 43.57 43.57 43.57 43.56 43.58 43.59 43.59 43.6 43.6 43.62 43.66 43.71 43.69 43.67 43.68 43.68 43.67 43.64 43.63 43.64 43.61 43.6 43.66 43.69 43.67 43.66 43.65 43.66 43.67 43.67 43.68 43.69 43.71 43.71 43.72 43.72 43.69 43.67 43.69 43.66 43.63 43.64 43.65 43.67 43.71 43.73 43.75 43.75
43.22 43.38 43.42 43.46 43.49 43.52 43.57 43.56 43.53 43.54 43.54 43.53 43.54 43.56 43.58 43.57 43.57 43.59 43.61 43.6 43.61 43.62 43.61 43.6 43.6 43.63 43.65 43.63 43.58 43.56 43.58 43.59 43.57 43.55 43.57 43.6 43.6 43.59 43.6 43.62 43.68 43.72 43.69 43.66 43.66 43.66 43.66 43.66 43.65 43.64 43.62 43.63 43.67 43.67 43.65 43.64 43.64 43.65 43.67 43.67 43.66 43.69 43.72 43.72 43.72 43.71 43.66 43.64 43.65 43.64 43.63 43.63 43.65 43.67 43.7 43.7 43.74 43.75
43.13 43.27 43.35 43.43 43.5 43.52 43.54 43.54 43.54 43.55 43.55 43.54 43.54 43.55 43.56 43.56 43.57 43.6 43.62 43.61 43.61 43.62 43.63 43.61 43.59 43.6 43.62 43.63 43.59 43.55 43.57 43.6 43.58 43.56 43.57 43.61 43.63 43.61 43.6 43.63 43.68 43.71 43.68 43.63 43.64 43.63 43.64 43.66 43.65 43.65 43.63 43.63 43.63 43.62 43.62 43.63 43.64 43.65 43.67 43.66 43.65 43.68 43.73 43.74 43.71 43.71 43.66 43.62 43.63 43.63 43.63 43.61 43.63 43.66 43.7 43.71 43.73 43.74
43.08 43.24 43.33 43.41 43.48 43.51 43.53 43.54 43.55 43.56 43.55 43.55 43.53 43.54 43.56 43.56 43.57 43.6 43.62 43.61 43.61 43.62 43.61 43.6 43.58 43.58 43.6 43.63 43.61 43.57 43.57 43.57 43.58 43.58 43.58 43.59 43.59 43.6 43.62 43.65 43.68 43.71 43.68 43.64 43.65 43.65 43.65 43.62 43.6 43.62 43.64 43.61 43.6 43.6 43.62 43.64 43.66 43.67 43.68 43.66 43.64 43.67 43.73 43.74 43.72 43.71 43.68 43.63 43.63 43.65 43.63 43.59 43.6 43.65 43.7 43.74 43.74 43.73
43.1 43.27 43.36 43.41 43.47 43.49 43.5 43.53 43.57 43.58 43.57 43.56 43.54 43.54 43.57 43.57 43.57 43.59 43.61 43.61 43.61 43.6 43.59 43.58 43.57 43.55 43.56 43.59 43.6 43.6 43.59 43.58 43.58 43.59 43.59 43.58 43.57 43.58 43.61 43.64 43.66 43.69 43.68 43.67 43.65 43.66 43.65 43.61 43.59 43.61 43.64 43.62 43.6 43.61 43.64 43.66 43.66 43.67 43.69 43.68 43.65 43.67 43.72 43.74 43.72 43.72 43.7 43.68 43.67 43.65 43.62 43.57 43.59 43.65 43.69 43.71 43.71 43.71
43.1 43.28 43.36 43.41 43.45 43.46 43.47 43.5 43.56 43.58 43.57 43.56 43.54 43.55 43.57 43.57 43.56 43.57 43.58 43.6 43.6 43.59 43.59 43.59 43.58 43.57 43.57 43.57 43.59 43.61 43.63 43.63 43.59 43.58 43.59 43.59 43.59 43.59 43.62 43.64 43.65 43.67 43.69 43.68 43.67 43.66 43.66 43.64 43.62 43.63 43.64 43.63 43.61 43.62 43.66 43.67 43.67 43.68 43.69 43.68 43.66 43.67 43.7 43.72 43.72 43.72 43.71 43.71 43.68 43.64 43.61 43.6 43.61 43.66 43.68 43.67 43.69 43.71
43.07 43.24 43.35 43.4 43.46 43.47 43.49 43.53 43.57 43.57 43.56 43.55 43.54 43.53 43.55 43.55 43.54 43.55 43.56 43.59 43.6 43.6 43.6 43.59 43.57 43.55 43.56 43.59 43.6 43.62 43.64 43.63 43.6 43.57 43.59 43.6 43.6 43.61 43.63 43.66 43.66 43.67 43.69 43.69 43.68 43.67 43.66 43.65 43.64 43.64 43.64 43.62 43.61 43.63 43.66 43.68 43.68 43.67 43.67 43.68 43.66 43.65 43.68 43.71 43.71 43.71 43.71 43.71 43.69 43.64 43.61 43.6 43.62 43.65 43.67 43.68 43.69 43.71
43.05 43.21 43.33 43.39 43.45 43.48 43.52 43.55 43.58 43.58 43.56 43.55 43.54 43.52 43.55 43.56 43.53 43.54 43.56 43.57 43.58 43.57 43.59 43.59 43.55 43.52 43.54 43.58 43.63 43.65 43.64 43.63 43.61 43.58 43.6 43.61 43.59 43.6 43.63 43.66 43.66 43.67 43.68 43.68 43.67 43.67 43.66 43.65 43.64 43.64 43.63 43.62 43.61 43.62 43.64 43.66 43.66 43.65 43.66 43.68 43.66 43.65 43.68 43.72 43.72 43.71 43.72 43.74 43.71 43.66 43.61 43.59 43.62 43.66 43.68 43.68 43.7 43.71
43.05 43.22 43.33 43.38 43.43 43.46 43.5 43.54 43.58 43.58 43.57 43.55 43.55 43.54 43.57 43.57 43.53 43.53 43.54 43.56 43.55 43.52 43.56 43.61 43.57 43.53 43.53 43.58 43.63 43.64 43.63 43.62 43.61 43.59 43.59 43.6 43.58 43.59 43.62 43.65 43.66 43.66 43.67 43.67 43.66 43.66 43.67 43.66 43.64 43.63 43.62 43.61 43.61 43.61 43.62 43.63 43.64 43.65 43.66 43.65 43.63 43.63 43.68 43.71 43.72 43.71 43.72 43.73 43.71 43.66 43.61 43.58 43.6 43.64 43.66 43.67 43.68 43.7
43.05 43.23 43.33 43.38 43.43 43.46 43.48 43.53 43.57 43.57 43.57 43.57 43.57 43.56 43.56 43.56 43.54 43.53 43.54 43.55 43.54 43.52 43.55 43.59 43.57 43.54 43.55 43.59 43.63 43.63 43.62 43.61 43.59 43.56 43.57 43.59 43.57 43.58 43.6 43.63 43.64 43.64 43.65 43.66 43.65 43.66 43.67 43.67 43.65 43.65 43.63 43.6 43.59 43.59 43.6 43.61 43.64 43.66 43.64 43.65 43.65 43.65 43.67 43.69 43.69 43.69 43.69 43.69 43.67 43.63 43.6 43.59 43.59 43.62 43.66 43.67 43.68 43.7
43 43.15 43.25 43.35 43.43 43.46 43.47 43.52 43.56 43.57 43.56 43.57 43.6 43.6 43.57 43.53 43.52 43.53 43.54 43.54 43.53 43.53 43.56 43.59 43.57 43.55 43.56 43.59 43.62 43.62 43.61 43.61 43.58 43.55 43.54 43.57 43.57 43.57 43.59 43.63 43.62 43.63 43.66 43.68 43.67 43.67 43.66 43.66 43.65 43.66 43.64 43.61 43.58 43.58 43.6 43.63 43.65 43.65 43.64 43.66 43.67 43.67 43.67 43.67 43.67 43.68 43.68 43.68 43.67 43.64 43.62 43.61 43.6 43.64 43.67 43.67 43.68 43.71
42.95 43.06 43.17 43.34 43.45 43.48 43.47 43.48 43.53 43.58 43.57 43.57 43.59 43.6 43.57 43.52 43.51 43.52 43.53 43.55 43.54 43.54 43.57 43.59 43.58 43.56 43.54 43.58 43.6 43.6 43.61 43.6 43.58 43.55 43.52 43.57 43.6 43.58 43.6 43.64 43.64 43.63 43.65 43.68 43.68 43.69 43.68 43.67 43.65 43.63 43.62 43.61 43.6 43.61 43.63 43.63 43.65 43.66 43.65 43.66 43.67 43.67 43.67 43.68 43.68 43.67 43.68 43.68 43.68 43.65 43.64 43.63 43.63 43.65 43.65 43.66 43.68 43.71
42.96 43.05 43.16 43.33 43.45 43.48 43.46 43.46 43.52 43.58 43.58 43.57 43.57 43.57 43.56 43.53 43.52 43.52 43.54 43.55 43.54 43.54 43.56 43.58 43.6 43.57 43.54 43.57 43.57 43.58 43.59 43.58 43.56 43.54 43.53 43.57 43.59 43.59 43.6 43.63 43.65 43.63 43.63 43.66 43.67 43.69 43.7 43.69 43.67 43.62 43.6 43.61 43.61 43.63 43.64 43.64 43.65 43.66 43.66 43.65 43.66 43.67 43.67 43.68 43.68 43.66 43.65 43.67 43.68 43.65 43.63 43.62 43.63 43.63 43.63 43.64 43.67 43.7
42.95 43.01 43.13 43.32 43.43 43.46 43.46 43.49 43.55 43.58 43.58 43.58 43.58 43.57 43.56 43.53 43.53 43.54 43.55 43.55 43.55 43.54 43.54 43.58 43.61 43.58 43.55 43.56 43.56 43.57 43.58 43.57 43.56 43.53 43.52 43.54 43.55 43.56 43.59 43.62 43.65 43.64 43.64 43.65 43.66 43.68 43.67 43.67 43.66 43.63 43.61 43.61 43.61 43.6 43.61 43.63 43.65 43.66 43.66 43.65 43.66 43.67 43.65 43.67 43.7 43.67 43.65 43.66 43.67 43.65 43.63 43.62 43.61 43.61 43.63 43.64 43.66 43.69
42.95 43 43.13 43.33 43.42 43.45 43.47 43.52 43.57 43.58 43.59 43.59 43.6 43.59 43.55 43.51 43.53 43.55 43.55 43.55 43.55 43.54 43.54 43.57 43.6 43.58 43.54 43.55 43.55 43.57 43.6 43.6 43.6 43.56 43.51 43.53 43.54 43.57 43.6 43.61 43.62 43.64 43.65 43.65 43.65 43.67 43.67 43.66 43.65 43.64 43.62 43.59 43.59 43.58 43.59 43.62 43.65 43.65 43.64 43.65 43.67 43.67 43.65 43.67 43.7 43.68 43.65 43.66 43.66 43.64 43.63 43.63 43.59 43.58 43.61 43.63 43.67 43.7
42.94 42.98 43.12 43.32 43.42 43.46 43.48 43.52 43.57 43.58 43.58 43.58 43.57 43.58 43.55 43.52 43.53 43.55 43.56 43.54 43.53 43.53 43.53 43.55 43.58 43.56 43.54 43.54 43.54 43.56 43.59 43.61 43.62 43.59 43.53 43.53 43.54 43.56 43.57 43.56 43.58 43.62 43.65 43.65 43.66 43.67 43.67 43.66 43.64 43.62 43.6 43.58 43.59 43.58 43.58 43.61 43.64 43.65 43.64 43.64 43.66 43.67 43.65 43.67 43.7 43.68 43.65 43.66 43.66 43.63 43.64 43.62 43.56 43.57 43.61 43.64 43.68 43.7
42.93 42.95 43.08 43.29 43.41 43.45 43.46 43.5 43.54 43.55 43.56 43.55 43.54 43.56 43.57 43.56 43.55 43.56 43.56 43.54 43.53 43.54 43.54 43.54 43.57 43.56 43.56 43.56 43.56 43.57 43.58 43.6 43.61 43.57 43.53 43.54 43.54 43.56 43.57 43.56 43.58 43.61 43.64 43.65 43.66 43.66 43.66 43.64 43.62 43.59 43.59 43.58 43.59 43.6 43.6 43.61 43.63 43.66 43.65 43.65 43.65 43.65 43.65 43.67 43.69 43.68 43.67 43.67 43.66 43.64 43.64 43.61 43.58 43.61 43.64 43.64 43.66 43.69
