slabs/41.grd
DSAA
631 301
644520 645150
4946000 4946300
42.57 48.25
[rows 68 to 101 of 301, columns 78 to 155 of 631]
45.16 45.13 45.16 45.19 45.16 45.12 45.11 45.13 45.11 45.11 45.11 45.1 45.09 45.05 45.06 45.07 45.11 45.08 45.04 45.03 45.03 45.06 45.09 45.09 45.08 45.07 45.09 45.1 45.06 45.07 45.1 45.09 45.04 45.05 45.06 45.06 45 44.97 44.98 44.99 44.98 45.01 45.06 45.07 45.02 45.04 45.05 45.08 45.09 45.05 45.04 45.05 45.06 45.03 45.02 45 44.99 44.99 44.97 44.98 45.01 45.02 45.04 45.02 45.01 45.01 44.96 44.88 44.79 44.86 45.02 45.07 45.06 45.03 44.95 44.92 44.99 45
45.19 45.16 45.16 45.16 45.15 45.13 45.12 45.14 45.12 45.11 45.12 45.11 45.09 45.08 45.1 45.08 45.1 45.1 45.06 45.05 45.04 45.07 45.08 45.09 45.1 45.07 45.1 45.09 45.06 45.08 45.09 45.08 45.08 45 45.02 45.05 45.01 44.98 45 45.01 45 45 45.02 45.04 45 45.03 45.04 45.07 45.06 45.05 45.05 45.06 45.07 45.06 45.05 45 45.01 45.01 45 45.01 45.03 45.02 45.03 45.02 45 45.01 44.96 44.87 44.78 44.82 45.02 45.09 45.07 45.05 45 44.89 44.92 44.98
45.17 45.14 45.17 45.13 45.14 45.13 45.12 45.12 45.12 45.11 45.13 45.12 45.09 45.1 45.11 45.1 45.1 45.1 45.03 45.02 45.03 45.05 45.09 45.09 45.12 45.11 45.1 45.09 45.08 45.04 45.06 45.08 45.02 45.04 45.05 45.05 45.02 45.01 45.01 45 44.96 45 45.01 45.04 45.03 45.02 45.02 45.08 45.06 45.04 45.06 45.08 45.06 45.07 45.04 44.99 45 45.01 45.01 45.04 45.03 45.03 45.02 45.04 45.02 45.02 44.98 44.87 44.86 44.89 45.03 45.08 45.05 45.03 44.97 44.87 44.9 44.95
45.15 45.14 45.19 45.14 45.12 45.12 45.14 45.14 45.14 45.12 45.13 45.12 45.06 45.08 45.07 45.09 45.1 45.08 45.07 45.03 45.02 45.06 45.08 45.08 45.1 45.14 45.12 45.1 45.12 45.07 45.06 45.1 45.08 45.06 45.07 45.06 45.02 45.03 45.03 44.99 44.94 45.01 45.02 45.03 45.06 45.02 45.01 45.05 45.06 45.03 45.06 45.08 45.04 45.04 45.03 44.99 44.99 44.99 44.99 45.01 45.02 45.04 45.02 45.02 45.03 45.03 45.02 44.97 44.91 44.86 44.92 44.98 45.01 45.02 45.04 45.02 44.97 44.93
45.16 45.16 45.17 45.14 45.09 45.13 45.17 45.16 45.13 45.12 45.09 45.11 45.11 45.09 45.05 45.08 45.09 45.08 45.05 45.03 45.05 45.11 45.11 45.1 45.09 45.13 45.12 45.1 45.11 45.07 45.08 45.1 45.08 45.07 45.08 45.07 45.05 45.06 45.05 45.02 44.98 45 45.01 45.02 45.05 45.03 45.01 45.02 45.05 45.05 45.06 45.05 45.03 45.03 45.03 45 44.98 44.98 44.96 44.99 45.01 45.02 45.05 45.01 45.04 45.04 45.05 45 44.95 44.94 44.99 45.03 45.02 45.01 45.03 45 44.97 44.95
45.19 45.17 45.13 45.11 45.11 45.16 45.15 45.14 45.11 45.12 45.11 45.12 45.11 45.09 45.05 45.08 45.13 45.11 45.1 45.06 45.06 45.1 45.11 45.12 45.11 45.07 45.07 45.09 45.09 45.07 45.08 45.08 45.07 45.06 45.07 45.06 45.08 45.08 45.07 45.03 45.01 44.99 44.99 45.01 45.02 45.03 45.02 45.03 45.04 45.04 45.03 45.05 45.05 45.05 45.01 44.98 44.96 44.96 44.99 45.04 45.04 45.05 45.04 45.03 45.03 45.03 45.03 45.04 45.02 45.03 45.07 45.09 45.07 45.03 45.03 44.99 44.96 44.97
45.18 45.14 45.18 45.16 45.12 45.2 45.17 45.15 45.1 45.12 45.08 45.09 45.1 45.09 45.06 45.07 45.08 45.09 45.09 45.08 45.08 45.07 45.07 45.11 45.12 45.08 45.07 45.07 45.09 45.09 45.1 45.09 45.08 45.08 45.07 45.03 45.08 45.08 45.07 45.02 44.98 45 45 45.02 45.02 45.01 45 44.99 45.02 45.03 45.03 45.06 45.06 45.06 45.06 45.06 45.04 45.01 44.97 44.95 44.99 44.99 45.01 45.02 45.01 45.01 45.02 45.03 45.05 45.09 44.95 45 45.02 45.02 45.01 44.99 44.98 44.95
45.15 45.16 45.16 45.15 45.11 45.17 45.15 45.14 45.12 45.14 45.1 45.09 45.11 45.1 45.09 45.1 45.08 45.06 45.07 45.1 45.09 45.07 45.07 45.11 45.09 45.07 45.08 45.06 45.1 45.09 45.11 45.09 45.1 45.13 45.1 45.05 45.09 45.08 45.06 45.05 44.99 44.99 44.98 45 45 45.01 45.01 44.99 45.05 45.06 45.03 45.04 45.03 45.03 45.04 45.08 45.01 45 44.96 44.98 45.02 45.02 45.02 45.01 44.99 44.97 45 45.01 45.04 45.04 44.96 44.95 44.97 45 45 44.98 45 44.99
45.16 45.17 45.21 45.17 45.12 45.16 45.15 45.15 45.14 45.15 45.12 45.1 45.09 45.12 45.12 45.12 45.09 45.08 45.09 45.11 45.12 45.08 45.08 45.11 45.08 45.06 45.09 45.09 45.09 45.09 45.1 45.07 45.12 45.12 45.11 45.11 45.1 45.1 45.08 45.07 45.02 45.01 45 45.03 45.02 45.03 45.03 44.99 45.05 45.04 45.05 45.02 44.99 45 45.04 45.02 44.99 44.98 44.97 45 45.02 45.03 45.03 45.03 45.02 45.01 45.01 45.02 45.03 45.07 45.08 44.95 44.94 44.96 45.01 44.99 45.02 45.04
45.15 45.19 45.2 45.17 45.15 45.12 45.1 45.11 45.14 45.13 45.11 45.1 45.09 45.11 45.11 45.09 45.09 45.08 45.08 45.1 45.14 45.06 45.07 45.09 45.08 45.08 45.1 45.1 45.08 45.13 45.1 45.08 45.07 45.09 45.12 45.13 45.07 45.07 45.05 45.04 45 45 45.02 45.02 44.99 44.99 45.03 45.06 45.08 45.07 45.07 45.04 45.02 45.05 45.08 45.05 45.02 44.99 45 45.02 45.01 44.99 45.01 45.03 45.04 45.04 45.02 45.03 45.03 45.12 45.16 44.93 44.88 44.9 44.98 45.01 45.02 45
45.15 45.2 45.18 45.17 45.16 45.11 45.11 45.12 45.14 45.12 45.11 45.1 45.12 45.11 45.1 45.09 45.08 45.07 45.07 45.08 45.13 45.04 45.07 45.09 45.07 45.08 45.07 45.06 45.08 45.11 45.07 45.05 45.03 45.06 45.1 45.11 45.06 45.05 45.03 45.07 45.07 45.02 45.02 45 44.99 44.98 45 45.08 45.07 45.08 45.06 45.07 45.07 45.08 45.08 45.09 45.07 45.02 45.01 44.99 45 45 44.98 45.02 45.03 45.03 45 45.01 45 45.07 45.11 44.93 44.86 44.86 44.94 44.99 45 45.01
45.16 45.19 45.19 45.2 45.17 45.13 45.12 45.13 45.15 45.13 45.12 45.1 45.12 45.1 45.11 45.09 45.09 45.09 45.09 45.08 45.1 45.08 45.1 45.11 45.13 45.09 45.05 45.03 45.08 45.09 45.1 45.06 45.06 45.08 45.13 45.1 45.06 45.06 45.05 45.01 45.06 45.03 45.02 45 45 45 45.01 45.06 45.03 45.04 45.03 45.09 45.09 45.09 45.06 45.06 45.06 45.02 44.98 44.98 44.99 45.03 44.99 45.04 45.03 45.01 44.98 44.99 44.97 45.01 45.07 44.99 44.91 44.86 44.97 44.99 45.02 45.03
45.16 45.14 45.16 45.19 45.16 45.14 45.11 45.12 45.16 45.12 45.11 45.1 45.1 45.08 45.08 45.06 45.09 45.09 45.09 45.09 45.11 45.11 45.09 45.05 45.11 45.09 45.07 45.03 45.05 45.06 45.08 45.09 45.1 45.09 45.14 45.11 45.13 45.1 45.05 45.06 45.08 45.06 45.06 45.03 45.01 45.01 45 45.03 45.01 45.02 45.03 45.07 45.08 45.07 45.06 45.05 45.05 45.03 45 45 45.01 45.02 44.99 45.05 45.04 45.02 45.01 44.99 44.98 44.99 44.99 44.96 44.92 44.81 44.98 45 45.03 45.03
45.16 45.1 45.11 45.15 45.14 45.1 45.1 45.11 45.14 45.09 45.1 45.12 45.11 45.1 45.1 45.09 45.06 45.06 45.09 45.11 45.13 45.13 45.12 45.09 45.11 45.11 45.08 45.05 45.07 45.08 45.08 45.07 45.11 45.1 45.13 45.13 45.14 45.12 45.1 45.1 45.08 45.08 45.03 45.02 45.03 45.03 45 45.01 45.01 45.02 45.04 45.04 45.05 45.06 45.07 45.06 45.05 45.06 45.06 45.03 45.02 45 44.99 45.01 45.02 45.02 45 44.92 44.93 44.95 44.93 44.91 44.86 44.82 44.96 44.99 45.03 45.02
45.18 45.08 45.1 45.15 45.13 45.09 45.09 45.09 45.13 45.13 45.13 45.12 45.12 45.1 45.08 45.1 45.08 45.06 45.1 45.09 45.11 45.12 45.11 45.06 45.08 45.08 45.04 45.02 45.02 45.05 45.1 45.06 45.06 45.08 45.11 45.1 45.12 45.1 45.07 45.09 45.08 45.08 45.02 45.02 45.03 45.02 45 45 45.01 45.03 45.02 45.04 45.05 45.08 45.04 45 45.02 45.06 45.04 45.05 45.02 44.97 44.96 44.99 45.01 45.04 45.01 44.95 44.93 44.93 44.93 44.92 44.87 44.85 44.89 44.96 45.04 45.02
45.17 45.07 45.11 45.15 45.12 45.08 45.08 45.08 45.13 45.13 45.12 45.08 45.12 45.12 45.13 45.1 45.07 45.08 45.1 45.11 45.1 45.1 45.12 45.1 45.05 45.06 45.05 45.03 45.04 45.05 45.07 45.07 45.08 45.09 45.08 45.09 45.13 45.1 45.06 45.1 45.1 45.1 45.06 45.02 45.02 44.99 44.99 45.01 45.01 45.04 45.02 45.06 45.08 45.09 45.02 45.01 45.04 45.05 45.06 45.1 45.06 45.02 45.01 45.05 45.05 45.04 45 44.98 44.95 44.93 44.93 44.92 44.91 44.88 44.82 44.91 45.06 45.07
45.18 45.14 45.13 45.13 45.2 45.18 45.18 45.14 45.1 45.17 45.13 45.08 45.07 45.1 45.1 45.08 45.05 45.05 45.06 45.09 45.13 45.12 45.13 45.13 45.09 45.09 45.08 45.09 45.07 45.07 45.07 45.07 45.11 45.11 45.08 45.12 45.14 45.12 45.08 45.1 45.11 45.11 45.06 45.02 45.03 45 45 45 45.01 45.01 45.01 45.03 45.05 45.07 45.04 44.99 45.01 45.05 45.07 45.08 45.06 44.97 44.99 44.99 45.01 45.02 44.99 44.98 44.93 44.9 44.94 44.94 44.94 44.94 44.85 44.89 45 45.08
45.16 45.15 45.1 45.08 45.16 45.21 45.18 45.13 45.08 45.14 45.12 45.12 45.1 45.11 45.09 45.09 45.1 45.09 45.06 45.09 45.1 45.1 45.12 45.14 45.1 45.09 45.07 45.1 45.07 45.07 45.09 45.09 45.11 45.11 45.09 45.12 45.11 45.1 45.1 45.07 45.08 45.09 45.05 45.04 45.02 45 45 45.01 45.01 45.03 45.04 45.06 45.07 45.06 45.05 45.03 45.06 45.07 45.1 45.11 45.09 45.03 45.01 45.02 45.02 45.03 45 44.98 44.96 44.92 44.97 44.98 44.99 44.98 44.9 44.89 44.96 45.07
45.15 45.18 45.16 45.12 45.15 45.2 45.19 45.15 45.06 45.09 45.13 45.13 45.14 45.13 45.11 45.08 45.12 45.11 45.09 45.11 45.09 45.09 45.1 45.14 45.09 45.07 45.06 45.07 45.08 45.07 45.08 45.13 45.12 45.12 45.12 45.1 45.1 45.11 45.11 45.08 45.07 45.12 45.11 45.06 45.02 44.97 44.97 45.03 45 45.02 45.06 45.03 45.05 45.06 45.06 45.06 45.05 45.05 45.13 45.12 45.07 45.01 45 45 45.01 45.02 45 44.99 44.98 44.95 44.96 44.96 44.99 44.99 44.95 44.92 44.97 45.05
45.13 45.17 45.15 45.1 45.15 45.18 45.19 45.15 45.11 45.09 45.12 45.13 45.14 45.12 45.11 45.1 45.09 45.09 45.09 45.12 45.09 45.08 45.08 45.12 45.09 45.06 45.04 45.05 45.07 45.06 45.07 45.13 45.14 45.13 45.12 45.12 45.11 45.09 45.09 45.07 45.08 45.12 45.09 45.07 45.05 45.01 44.95 44.96 45 45.05 45.07 45.05 45.04 45.04 45.1 45.09 45.06 45.06 45.13 45.12 45.08 45.04 45.03 45.02 45.02 44.99 44.99 44.98 44.97 44.99 44.96 44.95 44.98 45.02 45.03 44.96 44.92 45
45.14 45.16 45.14 45.11 45.15 45.15 45.16 45.15 45.14 45.11 45.12 45.12 45.12 45.11 45.11 45.12 45.09 45.08 45.08 45.12 45.08 45.08 45.08 45.09 45.11 45.08 45.03 45.02 45.01 45.03 45.03 45.06 45.11 45.15 45.12 45.14 45.13 45.13 45.15 45.15 45.12 45.13 45.11 45.07 45.06 45.03 45.02 44.99 45.01 45.04 45.04 45.04 45.04 45.03 45.07 45.08 45.05 45.06 45.1 45.1 45.08 45.07 45.07 45.04 45 44.96 44.98 44.99 44.99 45.02 44.98 44.97 45 45.09 45.08 45 44.85 44.96
45.13 45.15 45.16 45.12 45.14 45.14 45.15 45.17 45.12 45.11 45.12 45.11 45.09 45.09 45.09 45.1 45.11 45.1 45.09 45.11 45.1 45.09 45.11 45.11 45.11 45.1 45.04 45.06 45.06 45.06 45.06 45.09 45.13 45.14 45.08 45.1 45.11 45.12 45.1 45.13 45.13 45.11 45.13 45.09 45.09 45.05 45 45.01 45.04 45.05 45.03 45.04 45.03 45.02 45.04 45.05 45.04 45.06 45.06 45.07 45.07 45.06 45.06 45.02 44.97 44.96 44.97 44.99 45.02 45.03 44.97 44.97 44.99 45.05 45.06 45.04 44.9 44.88
45.11 45.13 45.16 45.13 45.11 45.11 45.14 45.19 45.11 45.1 45.11 45.1 45.08 45.08 45.08 45.1 45.1 45.1 45.1 45.08 45.1 45.08 45.07 45.06 45.07 45.09 45.04 45.04 45.07 45.14 45.09 45.12 45.14 45.16 45.14 45.13 45.11 45.06 45.1 45.13 45.13 45.13 45.13 45.13 45.11 45.1 45.03 45.04 45.04 45.04 45.04 45.06 45.04 45.02 45.04 45.04 45.04 45.03 45.04 45.06 45.08 45.03 45.01 45.01 44.98 44.97 44.95 44.97 44.96 45.01 44.98 44.97 44.97 44.95 44.98 44.99 44.88 44.78
45.1 45.11 45.16 45.15 45.1 45.1 45.14 45.19 45.12 45.12 45.08 45.11 45.11 45.11 45.12 45.14 45.11 45.11 45.12 45.08 45.12 45.1 45.08 45.08 45.08 45.09 45.05 45.08 45.09 45.08 45.09 45.1 45.09 45.1 45.13 45.14 45.11 45.07 45.14 45.12 45.13 45.12 45.13 45.13 45.12 45.13 45.05 45.05 45.03 45.02 45.05 45.06 45.04 45.03 45.06 45.06 45.03 45.02 45.06 45.08 45.11 45.05 45.04 45.01 44.97 44.96 44.92 44.96 44.98 44.98 44.98 44.94 44.96 44.99 44.98 44.94 44.85 44.79
45.11 45.11 45.16 45.15 45.13 45.12 45.13 45.17 45.17 45.13 45.05 45.06 45.1 45.09 45.11 45.11 45.11 45.11 45.1 45.11 45.12 45.1 45.06 45.07 45.08 45.1 45.08 45.08 45.08 45.08 45.09 45.09 45.09 45.07 45.11 45.12 45.09 45.09 45.13 45.12 45.12 45.12 45.11 45.12 45.13 45.14 45.06 45.05 45.04 45.01 45.06 45.06 45.05 45.03 45.06 45.06 45.07 45.04 45.09 45.09 45.12 45.07 45.02 44.99 44.97 44.95 44.95 44.97 44.99 45.02 45 44.97 44.95 44.92 44.94 44.96 44.89 44.85
45.11 45.1 45.11 45.16 45.13 45.11 45.1 45.15 45.16 45.12 45.08 45.09 45.13 45.11 45.09 45.14 45.15 45.14 45.13 45.09 45.1 45.09 45.08 45.11 45.11 45.09 45.1 45.09 45.09 45.1 45.14 45.12 45.1 45.1 45.13 45.12 45.12 45.1 45.1 45.11 45.12 45.13 45.11 45.12 45.13 45.12 45.09 45.07 45.05 45.02 45.06 45.04 45.05 45.07 45.04 45.04 45.07 45.05 45.07 45.08 45.09 45.08 45.05 45.01 44.93 44.94 44.93 44.92 44.98 44.97 44.99 44.99 44.98 44.97 44.98 45.03 44.98 44.91
45.1 45.1 45.12 45.17 45.13 45.11 45.1 45.16 45.14 45.11 45.08 45.06 45.08 45.1 45.09 45.13 45.14 45.13 45.1 45.1 45.1 45.08 45.1 45.11 45.11 45.12 45.14 45.12 45.09 45.07 45.14 45.15 45.11 45.11 45.16 45.15 45.15 45.11 45.09 45.1 45.12 45.13 45.11 45.12 45.1 45.09 45.11 45.08 45.06 45.03 45.01 45.01 45.02 45.07 45.05 45.04 45.04 45.05 45.08 45.06 45.1 45.08 45.08 45.02 44.97 44.92 44.92 44.95 44.97 44.97 44.97 44.96 44.95 44.97 44.98 45.01 45.01 44.97
45.11 45.1 45.11 45.15 45.15 45.13 45.1 45.15 45.14 45.1 45.04 45.04 45.06 45.11 45.11 45.13 45.12 45.11 45.13 45.1 45.09 45.06 45.08 45.1 45.1 45.13 45.13 45.14 45.09 45.06 45.1 45.11 45.09 45.09 45.15 45.15 45.14 45.11 45.1 45.11 45.12 45.12 45.11 45.12 45.08 45.07 45.08 45.07 45.09 45.04 44.98 44.97 44.99 45.01 45.02 45.01 45.04 45.03 45.03 45.03 45.05 45.07 45.07 45.03 44.98 44.95 44.95 44.95 44.92 44.95 44.95 44.95 44.95 44.99 45 44.99 45 44.99
45.14 45.13 45.14 45.17 45.16 45.13 45.11 45.14 45.14 45.11 45.06 45.04 45.05 45.09 45.09 45.11 45.11 45.12 45.13 45.12 45.12 45.08 45.08 45.09 45.1 45.12 45.11 45.15 45.13 45.08 45.09 45.06 45.07 45.07 45.1 45.12 45.14 45.1 45.11 45.1 45.11 45.14 45.14 45.14 45.13 45.09 45.08 45.08 45.08 45.06 44.97 44.97 44.98 45.02 45.03 45.05 45.02 45.04 45.05 45.05 45.05 45.06 45.06 45.02 44.98 44.99 44.98 44.95 44.93 44.94 44.95 44.96 44.96 44.99 45 45 45 44.99
45.1 45.1 45.13 45.16 45.18 45.14 45.07 45.11 45.14 45.13 45.1 45.04 45.04 45.06 45.09 45.1 45.11 45.12 45.15 45.14 45.14 45.11 45.09 45.09 45.09 45.11 45.13 45.15 45.15 45.11 45.08 45.07 45.06 45.06 45.08 45.1 45.12 45.13 45.11 45.11 45.14 45.12 45.12 45.13 45.12 45.09 45.03 45.05 45.07 45.07 45.03 45.02 45.01 45.03 45.04 45.05 45.04 45.01 45.01 45.02 45.07 45.06 45.05 45.02 45 45.01 45 44.97 44.96 44.95 44.95 44.97 44.97 44.98 44.99 44.99 45.02 45
45.13 45.12 45.11 45.15 45.16 45.14 45.08 45.09 45.11 45.13 45.12 45.07 45.05 45.06 45.13 45.12 45.12 45.13 45.16 45.13 45.12 45.1 45.1 45.09 45.09 45.09 45.09 45.1 45.13 45.12 45.08 45.08 45.07 45.06 45.06 45.1 45.15 45.18 45.13 45.11 45.1 45.15 45.16 45.14 45.08 45.09 45.08 45.07 45.04 45.05 45.04 45.01 45.01 45.01 45.03 45.06 45.04 45.01 45.01 45.02 45.06 45.07 45.05 45.02 45.01 45.01 45 44.97 44.97 44.96 44.95 44.98 44.98 45.01 44.99 44.99 45.02 45.01
45.15 45.13 45.1 45.13 45.13 45.13 45.1 45.07 45.09 45.12 45.11 45.09 45.07 45.06 45.14 45.14 45.14 45.15 45.11 45.12 45.12 45.1 45.1 45.09 45.09 45.07 45.05 45.07 45.13 45.12 45.11 45.09 45.06 45.08 45.08 45.1 45.14 45.17 45.13 45.12 45.12 45.14 45.13 45.14 45.12 45.12 45.12 45.09 45.05 45.04 45.03 44.99 44.99 45.01 45.02 45.03 45.01 45.02 45.02 45.04 45.06 45.06 45.05 45.01 44.99 45 44.97 44.94 44.95 44.98 44.97 45.01 45.03 45.02 45.02 44.99 45 45.01
45.15 45.12 45.09 45.11 45.12 45.13 45.12 45.08 45.11 45.12 45.13 45.08 45.07 45.07 45.12 45.16 45.14 45.13 45.09 45.13 45.13 45.14 45.08 45.08 45.1 45.07 45.06 45.07 45.11 45.12 45.06 45.07 45.09 45.09 45.12 45.11 45.12 45.17 45.13 45.14 45.12 45.12 45.11 45.11 45.13 45.11 45.11 45.1 45.08 45.06 45.04 45.01 44.98 45.02 45.01 45.02 45.02 45.02 45.01 45.05 45.06 45.05 45.04 45.01 45.01 45.01 44.97 44.93 44.94 44.95 44.97 45.01 45.07 45.05 45.03 45.03 45.01 45.01
45.14 45.12 45.09 45.11 45.13 45.13 45.16 45.11 45.12 45.14 45.13 45.08 45.08 45.07 45.09 45.15 45.16 45.13 45.13 45.13 45.13 45.17 45.16 45.13 45.1 45.08 45.1 45.09 45.13 45.12 45.1 45.1 45.11 45.11 45.12 45.12 45.13 45.17 45.12 45.12 45.08 45.07 45.08 45.11 45.13 45.12 45.1 45.1 45.1 45.1 45.07 45.03 44.99 44.99 45 45.04 45.06 45.03 45.02 45.04 45.05 45.05 45.06 45.05 45.01 45.01 45.02 44.99 45 45 44.97 45 45.04 45.05 45.03 45.01 45.02 45.04
