slabs/41.grd
DSAA
631 301
644520 645150
4946000 4946300
42.57 48.25
[rows 136 to 169 of 301, columns 0 to 77 of 631]
45.29 45.28 45.28 45.31 45.34 45.34 45.32 45.31 45.26 45.26 45.24 45.23 45.26 45.27 45.27 45.24 45.25 45.24 45.23 45.21 45.24 45.24 45.25 45.21 45.16 45.13 45.17 45.12 45.11 45.07 45.07 45.11 45.12 45.15 45.11 45.12 45.12 45.13 45.13 45.12 45.13 45.14 45.1 45.09 45.1 45.1 45.08 45.06 45.06 45.11 45.08 45.08 45.09 45.09 45.09 45.09 45.08 45.11 45.15 45.13 45.13 45.09 45.13 45.13 45.13 45.1 45.18 45.13 45.11 45.15 45.14 45.15 45.15 45.14 45.14 45.15 45.15 45.14
45.3 45.29 45.28 45.28 45.32 45.33 45.3 45.29 45.25 45.24 45.24 45.24 45.26 45.27 45.27 45.21 45.2 45.2 45.23 45.19 45.22 45.23 45.24 45.24 45.21 45.15 45.18 45.19 45.16 45.1 45.07 45.12 45.12 45.13 45.11 45.1 45.09 45.13 45.14 45.09 45.11 45.13 45.12 45.08 45.09 45.09 45.07 45.06 45.07 45.11 45.11 45.1 45.1 45.11 45.09 45.08 45.09 45.1 45.16 45.13 45.11 45.08 45.14 45.14 45.13 45.15 45.18 45.15 45.11 45.16 45.15 45.14 45.21 45.13 45.14 45.16 45.16 45.2
45.29 45.3 45.31 45.28 45.31 45.33 45.35 45.31 45.29 45.27 45.24 45.23 45.2 45.23 45.27 45.25 45.22 45.21 45.25 45.22 45.22 45.22 45.27 45.24 45.22 45.16 45.17 45.2 45.16 45.1 45.06 45.08 45.11 45.13 45.12 45.08 45.09 45.14 45.15 45.13 45.15 45.15 45.15 45.11 45.1 45.1 45.08 45.07 45.08 45.08 45.1 45.1 45.11 45.09 45.08 45.08 45.08 45.06 45.11 45.11 45.1 45.08 45.11 45.13 45.13 45.15 45.12 45.13 45.14 45.12 45.13 45.14 45.16 45.14 45.15 45.15 45.16 45.16
45.26 45.29 45.29 45.28 45.27 45.3 45.32 45.29 45.24 45.25 45.22 45.24 45.2 45.22 45.23 45.23 45.2 45.22 45.24 45.23 45.22 45.22 45.24 45.26 45.23 45.18 45.18 45.2 45.17 45.11 45.06 45.06 45.1 45.11 45.1 45.07 45.08 45.12 45.14 45.17 45.16 45.15 45.13 45.13 45.1 45.09 45.09 45.08 45.08 45.08 45.1 45.09 45.08 45.02 45.08 45.07 45.07 45.08 45.1 45.12 45.1 45.1 45.13 45.12 45.12 45.16 45.16 45.16 45.11 45.1 45.12 45.1 45.12 45.1 45.11 45.12 45.15 45.12
45.27 45.29 45.3 45.29 45.29 45.29 45.31 45.29 45.25 45.26 45.25 45.25 45.23 45.22 45.23 45.24 45.23 45.22 45.25 45.27 45.25 45.22 45.23 45.27 45.26 45.2 45.18 45.19 45.18 45.13 45.07 45.05 45.08 45.08 45.07 45.08 45.08 45.1 45.1 45.12 45.12 45.12 45.11 45.1 45.09 45.08 45.08 45.07 45.07 45.06 45.09 45.1 45.1 45.07 45.04 45.06 45.07 45.06 45.09 45.11 45.11 45.14 45.14 45.13 45.12 45.14 45.14 45.14 45.12 45.08 45.1 45.1 45.09 45.08 45.1 45.13 45.14 45.14
45.29 45.31 45.31 45.27 45.28 45.31 45.31 45.31 45.32 45.3 45.25 45.27 45.26 45.25 45.24 45.24 45.25 45.23 45.25 45.27 45.25 45.22 45.21 45.26 45.27 45.22 45.18 45.17 45.18 45.16 45.06 45.03 45.04 45.06 45.06 45.09 45.08 45.11 45.09 45.1 45.11 45.12 45.08 45.07 45.09 45.1 45.14 45.11 45.07 45.1 45.09 45.1 45.08 45.1 45.07 45.08 45.08 45.05 45.08 45.1 45.13 45.13 45.13 45.13 45.13 45.13 45.13 45.12 45.14 45.09 45.09 45.11 45.09 45.11 45.12 45.15 45.15 45.15
45.28 45.29 45.3 45.26 45.27 45.28 45.3 45.31 45.32 45.28 45.24 45.25 45.26 45.26 45.25 45.24 45.24 45.22 45.24 45.24 45.24 45.22 45.21 45.24 45.26 45.23 45.18 45.15 45.16 45.18 45.05 45.04 45.04 45.06 45.1 45.1 45.08 45.08 45.09 45.11 45.11 45.11 45.12 45.11 45.12 45.09 45.1 45.1 45.08 45.08 45.05 45.07 45.07 45.1 45.08 45.07 45.08 45.06 45.08 45.13 45.12 45.13 45.12 45.11 45.13 45.11 45.12 45.12 45.14 45.1 45.11 45.12 45.11 45.15 45.15 45.15 45.16 45.12
45.3 45.29 45.29 45.27 45.27 45.28 45.28 45.29 45.29 45.26 45.24 45.24 45.25 45.25 45.23 45.24 45.23 45.21 45.23 45.2 45.22 45.21 45.19 45.23 45.24 45.23 45.18 45.14 45.15 45.19 45.07 45.07 45.07 45.08 45.09 45.07 45.08 45.08 45.09 45.11 45.16 45.15 45.12 45.12 45.12 45.11 45.11 45.12 45.12 45.07 45.07 45.07 45.06 45.05 45.04 45.04 45.09 45.11 45.11 45.12 45.09 45.1 45.09 45.09 45.11 45.08 45.11 45.14 45.12 45.09 45.13 45.15 45.14 45.19 45.2 45.19 45.14 45.1
45.27 45.28 45.31 45.29 45.28 45.27 45.27 45.28 45.29 45.27 45.25 45.26 45.27 45.25 45.23 45.24 45.23 45.23 45.23 45.19 45.2 45.2 45.17 45.23 45.25 45.23 45.18 45.17 45.17 45.18 45.11 45.09 45.05 45.05 45.11 45.08 45.05 45.05 45.12 45.13 45.13 45.13 45.12 45.1 45.08 45.14 45.12 45.12 45.13 45.11 45.08 45.06 45.08 45.05 45.05 45.04 45.09 45.12 45.1 45.08 45.07 45.08 45.07 45.09 45.1 45.08 45.1 45.13 45.1 45.08 45.11 45.16 45.16 45.21 45.24 45.18 45.12 45.1
45.26 45.27 45.31 45.31 45.3 45.26 45.26 45.3 45.31 45.29 45.26 45.28 45.28 45.26 45.23 45.26 45.24 45.26 45.24 45.2 45.2 45.21 45.17 45.2 45.22 45.23 45.18 45.16 45.15 45.16 45.15 45.1 45.03 45.04 45.08 45.08 45.07 45.06 45.08 45.11 45.13 45.14 45.09 45.09 45.08 45.11 45.1 45.1 45.13 45.1 45.08 45.04 45.07 45.07 45.05 45.05 45.06 45.1 45.07 45.07 45.08 45.08 45.08 45.09 45.09 45.1 45.09 45.09 45.08 45.11 45.12 45.11 45.11 45.13 45.17 45.14 45.09 45.1
45.27 45.28 45.3 45.32 45.3 45.25 45.28 45.3 45.32 45.29 45.26 45.27 45.27 45.25 45.22 45.26 45.24 45.25 45.24 45.19 45.2 45.21 45.2 45.21 45.22 45.21 45.18 45.18 45.18 45.13 45.17 45.13 45.06 45.06 45.07 45.08 45.07 45.09 45.09 45.09 45.11 45.13 45.09 45.08 45.09 45.1 45.08 45.07 45.1 45.09 45.07 45.03 45.03 45.07 45.04 45.04 45.03 45.05 45.07 45.09 45.1 45.06 45.08 45.07 45.07 45.09 45.07 45.08 45.07 45.06 45.08 45.08 45.09 45.1 45.12 45.09 45.07 45.08
45.27 45.26 45.28 45.3 45.28 45.26 45.29 45.31 45.31 45.29 45.26 45.29 45.27 45.24 45.24 45.19 45.23 45.25 45.22 45.21 45.19 45.15 45.2 45.19 45.22 45.23 45.17 45.19 45.18 45.14 45.17 45.15 45.09 45.05 45.05 45.06 45.06 45.06 45.07 45.06 45.09 45.11 45.1 45.08 45.08 45.1 45.08 45.06 45.08 45.1 45.07 45.03 45.02 45.05 45.03 45.04 45.05 45.01 45.05 45.09 45.09 45.05 45.06 45.08 45.09 45.1 45.09 45.11 45.06 45.06 45.08 45.08 45.08 45.09 45.1 45.13 45.14 45.13
45.26 45.23 45.24 45.26 45.27 45.29 45.28 45.32 45.31 45.28 45.25 45.29 45.26 45.25 45.19 45.18 45.23 45.23 45.15 45.16 45.19 45.16 45.2 45.2 45.2 45.23 45.22 45.2 45.15 45.17 45.17 45.14 45.09 45.05 45.03 45.05 45.08 45.05 45.08 45.07 45.09 45.09 45.1 45.1 45.08 45.08 45.08 45.07 45.05 45.08 45.06 45.03 45.02 45.01 45.02 45.06 45.08 45.04 45.05 45.05 45.08 45.08 45.1 45.1 45.12 45.11 45.09 45.06 45.1 45.1 45.1 45.11 45.08 45.08 45.1 45.13 45.15 45.12
45.28 45.28 45.27 45.26 45.26 45.27 45.27 45.29 45.29 45.29 45.28 45.28 45.28 45.25 45.19 45.2 45.23 45.23 45.22 45.21 45.18 45.17 45.18 45.19 45.21 45.2 45.21 45.2 45.16 45.18 45.16 45.14 45.09 45.04 45.03 45.04 45.09 45.07 45.09 45.08 45.09 45.08 45.09 45.11 45.09 45.08 45.07 45.04 45.03 45.03 45.02 45.02 45.02 45.02 45.03 45.03 45.06 45.03 45.02 45.05 45.06 45.06 45.09 45.11 45.11 45.12 45.1 45.09 45.09 45.1 45.1 45.11 45.1 45.09 45.11 45.12 45.16 45.15
45.28 45.26 45.23 45.22 45.26 45.28 45.28 45.27 45.27 45.28 45.28 45.28 45.27 45.27 45.27 45.26 45.23 45.21 45.23 45.22 45.19 45.17 45.18 45.18 45.17 45.16 45.18 45.18 45.18 45.13 45.13 45.12 45.08 45.05 45.05 45.04 45.07 45.07 45.07 45.05 45.08 45.09 45.09 45.1 45.08 45.08 45.08 45.07 45.03 45.04 45.02 45.05 45.03 45.04 45.04 45.06 45.03 45.04 45.05 45.09 45.07 45.08 45.09 45.12 45.11 45.12 45.12 45.11 45.09 45.1 45.09 45.1 45.12 45.12 45.14 45.14 45.15 45.17
45.28 45.27 45.25 45.22 45.22 45.26 45.27 45.3 45.29 45.29 45.29 45.29 45.27 45.25 45.23 45.24 45.23 45.21 45.21 45.21 45.2 45.18 45.17 45.17 45.16 45.16 45.18 45.17 45.16 45.11 45.09 45.1 45.07 45.1 45.09 45.06 45.06 45.05 45.05 45.05 45.05 45.11 45.09 45.11 45.06 45.07 45.08 45.07 45.07 45.08 45.05 45.02 45.03 45.06 45.06 45.08 45.1 45.1 45.07 45.09 45.1 45.11 45.13 45.12 45.13 45.12 45.12 45.11 45.08 45.1 45.1 45.11 45.1 45.13 45.16 45.15 45.14 45.14
45.24 45.26 45.24 45.23 45.21 45.25 45.26 45.27 45.28 45.25 45.28 45.3 45.25 45.27 45.22 45.23 45.24 45.21 45.19 45.18 45.2 45.19 45.19 45.19 45.19 45.18 45.19 45.17 45.16 45.15 45.11 45.1 45.07 45.11 45.1 45.07 45.05 45.04 45.01 45.03 45.01 45.1 45.1 45.12 45.12 45.13 45.11 45.08 45.09 45.08 45.07 45.07 45.02 45.04 45.07 45.1 45.11 45.11 45.09 45.1 45.09 45.11 45.13 45.09 45.13 45.13 45.12 45.08 45.05 45.09 45.11 45.11 45.07 45.11 45.14 45.13 45.12 45.12
45.24 45.25 45.23 45.24 45.25 45.27 45.27 45.27 45.26 45.23 45.28 45.29 45.26 45.26 45.24 45.24 45.23 45.2 45.2 45.19 45.2 45.2 45.2 45.18 45.19 45.17 45.16 45.16 45.17 45.18 45.15 45.1 45.08 45.11 45.09 45.07 45.04 45.06 45.05 45.07 45.09 45.13 45.17 45.17 45.12 45.1 45.09 45.08 45.05 45.07 45.06 45.1 45.07 45.08 45.07 45.1 45.12 45.11 45.1 45.12 45.11 45.11 45.1 45.1 45.12 45.13 45.1 45.08 45.08 45.09 45.1 45.11 45.07 45.1 45.11 45.11 45.11 45.12
45.22 45.24 45.24 45.24 45.27 45.27 45.29 45.28 45.26 45.24 45.27 45.28 45.27 45.24 45.27 45.26 45.24 45.21 45.22 45.2 45.18 45.19 45.18 45.16 45.18 45.2 45.19 45.18 45.17 45.14 45.13 45.11 45.09 45.07 45.06 45.02 45.05 45.05 45.07 45.1 45.12 45.14 45.16 45.12 45.09 45.1 45.1 45.1 45.09 45.09 45.08 45.12 45.15 45.11 45.06 45.08 45.11 45.11 45.12 45.1 45.12 45.11 45.09 45.1 45.1 45.11 45.09 45.12 45.14 45.12 45.08 45.13 45.1 45.1 45.12 45.13 45.13 45.11
45.21 45.2 45.23 45.24 45.27 45.28 45.28 45.28 45.27 45.27 45.28 45.28 45.28 45.26 45.28 45.28 45.27 45.23 45.21 45.2 45.19 45.17 45.16 45.16 45.17 45.17 45.16 45.16 45.13 45.1 45.12 45.12 45.11 45.1 45.08 45.06 45.1 45.13 45.13 45.1 45.14 45.14 45.14 45.1 45.1 45.11 45.14 45.13 45.13 45.12 45.09 45.09 45.14 45.1 45.06 45.05 45.11 45.11 45.12 45.09 45.09 45.11 45.09 45.05 45.07 45.09 45.12 45.12 45.11 45.1 45.06 45.14 45.12 45.09 45.11 45.09 45.11 45.12
45.23 45.2 45.24 45.24 45.26 45.29 45.26 45.27 45.28 45.28 45.31 45.3 45.3 45.28 45.26 45.26 45.25 45.24 45.22 45.2 45.19 45.2 45.18 45.17 45.22 45.19 45.16 45.12 45.12 45.14 45.15 45.16 45.15 45.13 45.12 45.09 45.11 45.09 45.11 45.12 45.13 45.14 45.13 45.14 45.14 45.14 45.15 45.13 45.14 45.13 45.1 45.09 45.09 45.08 45.06 45.05 45.1 45.1 45.11 45.1 45.06 45.09 45.1 45.05 45.05 45.07 45.11 45.12 45.12 45.12 45.1 45.12 45.12 45.11 45.08 45.1 45.12 45.13
45.24 45.24 45.25 45.26 45.27 45.28 45.27 45.27 45.31 45.28 45.33 45.3 45.28 45.31 45.26 45.27 45.26 45.23 45.22 45.21 45.2 45.25 45.22 45.2 45.21 45.14 45.13 45.14 45.14 45.17 45.19 45.19 45.13 45.15 45.14 45.11 45.11 45.14 45.14 45.16 45.16 45.15 45.13 45.15 45.16 45.15 45.13 45.12 45.14 45.13 45.11 45.11 45.06 45.06 45.03 45.06 45.06 45.07 45.09 45.1 45.09 45.08 45.09 45.07 45.06 45.09 45.12 45.12 45.12 45.13 45.15 45.13 45.13 45.12 45.1 45.15 45.15 45.14
45.25 45.27 45.23 45.26 45.29 45.25 45.28 45.27 45.31 45.29 45.28 45.28 45.28 45.23 45.23 45.23 45.24 45.23 45.23 45.2 45.17 45.2 45.19 45.19 45.18 45.16 45.16 45.15 45.14 45.17 45.19 45.18 45.14 45.16 45.15 45.13 45.14 45.17 45.16 45.15 45.18 45.17 45.15 45.15 45.15 45.16 45.14 45.12 45.12 45.13 45.1 45.08 45.04 45.05 45.04 45.07 45.07 45.05 45.06 45.06 45.06 45.08 45.08 45.06 45.08 45.11 45.11 45.1 45.1 45.12 45.15 45.17 45.15 45.13 45.11 45.18 45.15 45.14
45.28 45.24 45.25 45.25 45.28 45.28 45.25 45.27 45.29 45.27 45.26 45.26 45.27 45.29 45.26 45.25 45.23 45.22 45.21 45.2 45.22 45.21 45.21 45.18 45.14 45.17 45.16 45.2 45.19 45.16 45.16 45.15 45.17 45.19 45.17 45.15 45.16 45.16 45.15 45.16 45.19 45.17 45.16 45.17 45.16 45.17 45.16 45.14 45.14 45.14 45.11 45.07 45.04 45.05 45.09 45.09 45.11 45.07 45.03 45.07 45.06 45.07 45.08 45.11 45.11 45.11 45.1 45.1 45.11 45.14 45.19 45.16 45.15 45.13 45.11 45.17 45.15 45.16
45.25 45.23 45.2 45.2 45.24 45.25 45.19 45.24 45.28 45.28 45.27 45.24 45.25 45.28 45.27 45.23 45.21 45.19 45.2 45.2 45.25 45.23 45.24 45.2 45.15 45.18 45.19 45.22 45.23 45.18 45.16 45.15 45.19 45.2 45.2 45.19 45.18 45.17 45.15 45.18 45.21 45.19 45.16 45.19 45.17 45.18 45.17 45.12 45.16 45.15 45.11 45.08 45.05 45.08 45.09 45.04 45.05 45.04 45.05 45.03 45.02 45.03 45.07 45.06 45.07 45.09 45.1 45.15 45.15 45.13 45.17 45.15 45.14 45.12 45.11 45.13 45.14 45.14
45.19 45.22 45.22 45.2 45.24 45.29 45.26 45.26 45.27 45.28 45.29 45.3 45.28 45.29 45.27 45.22 45.21 45.21 45.23 45.22 45.24 45.23 45.23 45.2 45.19 45.21 45.21 45.22 45.23 45.22 45.2 45.17 45.2 45.19 45.2 45.22 45.23 45.21 45.16 45.16 45.23 45.22 45.18 45.13 45.13 45.15 45.18 45.12 45.1 45.12 45.07 45.02 45.06 45.06 45.08 45.06 45.06 45.08 45.04 45.05 45.04 45.04 45.06 45.05 45.05 45.07 45.08 45.11 45.11 45.12 45.16 45.16 45.14 45.14 45.1 45.12 45.12 45.1
45.19 45.21 45.22 45.21 45.26 45.3 45.28 45.26 45.28 45.3 45.3 45.28 45.25 45.25 45.25 45.23 45.21 45.23 45.24 45.24 45.21 45.21 45.19 45.2 45.22 45.23 45.22 45.25 45.22 45.22 45.22 45.18 45.19 45.19 45.18 45.2 45.22 45.21 45.16 45.16 45.23 45.21 45.17 45.13 45.17 45.18 45.19 45.16 45.12 45.09 45.08 45.05 45.05 45.04 45.07 45.06 45.05 45.06 45.04 45.05 45.04 45.05 45.07 45.08 45.07 45.06 45.08 45.05 45.08 45.13 45.15 45.17 45.16 45.14 45.09 45.11 45.1 45.1
45.24 45.24 45.23 45.23 45.26 45.29 45.29 45.26 45.28 45.27 45.27 45.24 45.24 45.23 45.24 45.24 45.2 45.2 45.22 45.23 45.2 45.22 45.21 45.24 45.26 45.25 45.24 45.25 45.2 45.21 45.23 45.2 45.17 45.18 45.22 45.26 45.23 45.21 45.15 45.15 45.16 45.18 45.18 45.12 45.15 45.14 45.16 45.14 45.13 45.12 45.1 45.08 45.06 45.04 45.05 45.06 45.05 45.04 45.03 45.05 45.05 45.04 45.04 45.05 45.06 45.07 45.09 45.06 45.09 45.13 45.13 45.15 45.15 45.14 45.1 45.1 45.09 45.11
45.23 45.24 45.24 45.26 45.25 45.26 45.26 45.25 45.27 45.27 45.27 45.25 45.26 45.23 45.24 45.23 45.22 45.2 45.22 45.23 45.22 45.25 45.24 45.26 45.26 45.27 45.25 45.27 45.26 45.24 45.2 45.23 45.18 45.19 45.17 45.22 45.19 45.21 45.2 45.15 45.15 45.18 45.18 45.13 45.12 45.12 45.14 45.13 45.13 45.12 45.11 45.11 45.09 45.05 45.05 45.06 45.07 45.06 45.02 45.05 45.06 45.02 44.98 45 45.03 45.09 45.09 45.09 45.1 45.13 45.12 45.12 45.15 45.14 45.14 45.14 45.12 45.17
45.22 45.23 45.25 45.27 45.25 45.19 45.22 45.25 45.27 45.29 45.28 45.27 45.24 45.21 45.21 45.22 45.26 45.26 45.26 45.24 45.26 45.26 45.26 45.28 45.3 45.29 45.25 45.23 45.24 45.26 45.24 45.24 45.19 45.18 45.18 45.21 45.23 45.22 45.19 45.16 45.12 45.12 45.17 45.13 45.12 45.11 45.12 45.13 45.13 45.13 45.11 45.12 45.09 45.05 45.05 45.07 45.07 45.04 45 45.02 45.04 45.02 44.98 45 45.02 45.07 45.07 45.08 45.09 45.11 45.12 45.13 45.14 45.16 45.11 45.12 45.13 45.16
45.25 45.23 45.25 45.27 45.27 45.18 45.23 45.27 45.28 45.27 45.26 45.26 45.22 45.21 45.22 45.23 45.27 45.27 45.28 45.28 45.3 45.29 45.26 45.25 45.25 45.26 45.26 45.22 45.28 45.26 45.23 45.23 45.21 45.2 45.18 45.19 45.23 45.22 45.21 45.14 45.13 45.13 45.16 45.16 45.14 45.11 45.12 45.15 45.14 45.13 45.12 45.1 45.08 45.05 45.04 45.08 45.07 45.01 44.98 45.01 45.01 45.02 45.01 45.01 45.02 45.08 45.06 45.08 45.09 45.11 45.12 45.13 45.13 45.17 45.15 45.14 45.13 45.14
45.28 45.28 45.27 45.28 45.31 45.22 45.26 45.28 45.27 45.24 45.27 45.28 45.23 45.22 45.23 45.25 45.3 45.32 45.33 45.29 45.25 45.24 45.24 45.22 45.27 45.27 45.26 45.26 45.28 45.26 45.23 45.19 45.24 45.21 45.17 45.2 45.2 45.22 45.22 45.17 45.16 45.14 45.14 45.2 45.18 45.12 45.12 45.14 45.13 45.13 45.13 45.09 45.09 45.06 45.05 45.07 45.08 45.04 45.02 45.04 45.01 44.99 45.01 45.01 45.03 45.08 45.12 45.11 45.08 45.09 45.12 45.12 45.13 45.11 45.14 45.12 45.09 45.13
45.32 45.34 45.32 45.3 45.29 45.25 45.29 45.28 45.26 45.23 45.24 45.26 45.24 45.24 45.27 45.27 45.29 45.3 45.27 45.26 45.29 45.27 45.24 45.2 45.23 45.25 45.25 45.26 45.26 45.23 45.23 45.2 45.2 45.19 45.16 45.18 45.18 45.21 45.19 45.2 45.17 45.12 45.12 45.22 45.19 45.13 45.1 45.11 45.13 45.13 45.12 45.11 45.1 45.08 45.06 45.05 45.08 45.08 45.06 45.03 44.98 44.97 45.01 45 45.03 45.06 45.08 45.06 45.09 45.1 45.12 45.13 45.13 45.13 45.14 45.13 45.09 45.12
45.34 45.35 45.34 45.32 45.31 45.28 45.28 45.29 45.33 45.34 45.3 45.27 45.3 45.29 45.25 45.26 45.27 45.27 45.25 45.26 45.24 45.24 45.23 45.19 45.2 45.23 45.26 45.25 45.23 45.23 45.23 45.22 45.19 45.19 45.16 45.17 45.18 45.21 45.18 45.22 45.18 45.11 45.13 45.2 45.18 45.15 45.1 45.11 45.13 45.14 45.12 45.14 45.11 45.08 45.08 45.07 45.07 45.06 45.06 45.04 45 44.99 45.03 45.03 45.03 45.05 45.07 45.07 45.09 45.12 45.12 45.12 45.09 45.12 45.15 45.15 45.12 45.15
