slabs/41.grd
DSAA
631 301
644520 645150
4946000 4946300
42.57 48.25
[rows 102 to 135 of 301, columns 468 to 545 of 631]
43.66 43.65 43.66 43.68 43.65 43.65 43.67 43.69 43.64 43.64 43.6 43.61 43.6 43.64 43.67 43.7 43.71 43.73 43.73 43.7 43.74 43.77 43.76 43.72 43.69 43.68 43.71 43.71 43.69 43.66 43.66 43.66 43.66 43.64 43.6 43.56 43.57 43.6 43.59 43.59 43.56 43.55 43.59 43.52 43.53 43.54 43.54 43.5 43.52 43.53 43.51 43.5 43.51 43.52 43.43 43.45 43.48 43.51 43.53 43.54 43.51 43.45 43.44 43.43 43.44 43.52 43.53 43.5 43.46 43.48 43.49 43.47 43.46 43.45 43.43 43.39 43.4 43.44
43.73 43.7 43.72 43.74 43.71 43.7 43.66 43.67 43.62 43.63 43.65 43.63 43.69 43.72 43.71 43.74 43.71 43.7 43.7 43.72 43.71 43.7 43.68 43.69 43.66 43.64 43.66 43.65 43.64 43.6 43.61 43.67 43.63 43.57 43.61 43.62 43.6 43.57 43.55 43.56 43.57 43.58 43.61 43.51 43.51 43.53 43.51 43.49 43.53 43.53 43.45 43.45 43.46 43.52 43.48 43.49 43.49 43.5 43.54 43.55 43.56 43.5 43.42 43.41 43.41 43.42 43.47 43.48 43.45 43.49 43.48 43.46 43.46 43.49 43.45 43.4 43.41 43.43
43.76 43.75 43.72 43.72 43.73 43.7 43.67 43.69 43.63 43.64 43.67 43.7 43.72 43.69 43.68 43.73 43.67 43.68 43.66 43.71 43.66 43.64 43.63 43.66 43.66 43.67 43.65 43.66 43.65 43.63 43.6 43.62 43.64 43.6 43.6 43.6 43.59 43.6 43.55 43.53 43.58 43.59 43.59 43.55 43.52 43.51 43.51 43.53 43.53 43.46 43.41 43.43 43.46 43.56 43.53 43.5 43.46 43.48 43.53 43.53 43.56 43.57 43.45 43.42 43.41 43.43 43.45 43.47 43.43 43.42 43.43 43.44 43.45 43.45 43.42 43.41 43.45 43.43
43.66 43.69 43.71 43.69 43.67 43.67 43.71 43.73 43.68 43.68 43.69 43.75 43.67 43.68 43.66 43.68 43.64 43.65 43.68 43.71 43.67 43.59 43.56 43.67 43.66 43.66 43.63 43.6 43.58 43.62 43.59 43.58 43.62 43.63 43.58 43.56 43.57 43.6 43.56 43.53 43.57 43.56 43.56 43.57 43.54 43.49 43.53 43.52 43.48 43.43 43.45 43.49 43.53 43.55 43.56 43.53 43.52 43.55 43.54 43.52 43.54 43.56 43.54 43.48 43.46 43.49 43.47 43.47 43.45 43.48 43.46 43.41 43.44 43.45 43.42 43.39 43.4 43.37
43.63 43.65 43.69 43.72 43.79 43.77 43.76 43.72 43.69 43.67 43.65 43.65 43.68 43.66 43.62 43.58 43.57 43.63 43.71 43.64 43.6 43.59 43.57 43.62 43.6 43.62 43.59 43.56 43.55 43.6 43.56 43.6 43.63 43.64 43.57 43.6 43.59 43.57 43.54 43.52 43.57 43.54 43.53 43.52 43.5 43.47 43.51 43.5 43.46 43.42 43.49 43.53 43.59 43.52 43.54 43.52 43.52 43.57 43.57 43.55 43.54 43.62 43.6 43.51 43.47 43.54 43.52 43.48 43.44 43.44 43.42 43.37 43.41 43.4 43.4 43.38 43.34 43.34
43.68 43.68 43.71 43.68 43.8 43.79 43.75 43.7 43.69 43.67 43.64 43.66 43.64 43.63 43.6 43.58 43.57 43.58 43.63 43.61 43.57 43.57 43.57 43.6 43.58 43.6 43.56 43.56 43.56 43.6 43.59 43.61 43.64 43.65 43.56 43.61 43.59 43.55 43.52 43.52 43.52 43.49 43.47 43.47 43.46 43.47 43.52 43.52 43.47 43.45 43.54 43.56 43.56 43.58 43.51 43.5 43.48 43.52 43.55 43.56 43.57 43.6 43.59 43.5 43.42 43.53 43.51 43.47 43.45 43.4 43.38 43.37 43.38 43.36 43.36 43.36 43.34 43.31
43.75 43.73 43.73 43.72 43.74 43.74 43.75 43.72 43.69 43.65 43.57 43.62 43.61 43.59 43.56 43.53 43.54 43.54 43.55 43.59 43.57 43.54 43.58 43.61 43.6 43.61 43.55 43.56 43.59 43.63 43.63 43.55 43.59 43.61 43.54 43.56 43.55 43.52 43.54 43.52 43.47 43.45 43.43 43.43 43.44 43.5 43.51 43.55 43.54 43.48 43.56 43.56 43.58 43.59 43.52 43.5 43.51 43.55 43.56 43.55 43.53 43.52 43.53 43.49 43.44 43.5 43.49 43.46 43.44 43.4 43.38 43.38 43.35 43.36 43.37 43.35 43.37 43.29
43.77 43.75 43.72 43.74 43.68 43.66 43.63 43.66 43.64 43.6 43.53 43.52 43.55 43.59 43.56 43.52 43.52 43.49 43.52 43.56 43.56 43.54 43.59 43.6 43.6 43.63 43.61 43.57 43.61 43.63 43.59 43.5 43.53 43.55 43.55 43.55 43.55 43.52 43.53 43.53 43.51 43.46 43.46 43.48 43.54 43.58 43.52 43.52 43.53 43.49 43.52 43.52 43.53 43.6 43.57 43.57 43.52 43.53 43.55 43.55 43.5 43.48 43.49 43.48 43.45 43.48 43.45 43.43 43.41 43.4 43.38 43.35 43.36 43.37 43.39 43.39 43.36 43.34
43.72 43.72 43.72 43.67 43.62 43.61 43.54 43.59 43.59 43.58 43.54 43.48 43.52 43.59 43.58 43.56 43.53 43.48 43.52 43.51 43.54 43.54 43.57 43.63 43.62 43.61 43.62 43.59 43.57 43.59 43.56 43.54 43.53 43.54 43.59 43.55 43.53 43.54 43.5 43.51 43.51 43.48 43.43 43.47 43.53 43.55 43.46 43.49 43.54 43.53 43.56 43.53 43.51 43.57 43.56 43.57 43.51 43.53 43.55 43.54 43.51 43.47 43.46 43.45 43.42 43.43 43.41 43.38 43.39 43.37 43.36 43.35 43.42 43.4 43.4 43.35 43.28 43.3
43.66 43.66 43.68 43.59 43.57 43.59 43.53 43.59 43.59 43.58 43.55 43.51 43.51 43.56 43.56 43.54 43.54 43.54 43.56 43.49 43.56 43.57 43.55 43.57 43.59 43.58 43.57 43.58 43.54 43.55 43.59 43.6 43.57 43.53 43.58 43.55 43.52 43.53 43.5 43.48 43.49 43.5 43.43 43.46 43.51 43.54 43.51 43.52 43.53 43.56 43.57 43.53 43.5 43.52 43.52 43.53 43.49 43.54 43.53 43.51 43.48 43.43 43.41 43.42 43.4 43.39 43.41 43.39 43.37 43.38 43.39 43.41 43.48 43.47 43.41 43.29 43.22 43.23
43.6 43.6 43.6 43.57 43.57 43.59 43.55 43.59 43.6 43.57 43.54 43.54 43.52 43.55 43.54 43.55 43.54 43.58 43.62 43.56 43.58 43.53 43.55 43.52 43.51 43.53 43.55 43.56 43.58 43.58 43.58 43.58 43.59 43.57 43.54 43.5 43.52 43.5 43.51 43.47 43.45 43.49 43.49 43.46 43.45 43.5 43.53 43.56 43.54 43.52 43.5 43.48 43.5 43.51 43.52 43.51 43.48 43.49 43.47 43.47 43.44 43.38 43.4 43.44 43.38 43.4 43.45 43.47 43.4 43.36 43.38 43.39 43.43 43.43 43.39 43.33 43.27 43.25
43.58 43.57 43.56 43.59 43.58 43.59 43.59 43.55 43.56 43.59 43.59 43.59 43.56 43.55 43.56 43.61 43.57 43.58 43.61 43.59 43.55 43.5 43.51 43.5 43.52 43.53 43.55 43.56 43.59 43.58 43.56 43.55 43.55 43.54 43.53 43.51 43.5 43.52 43.54 43.52 43.46 43.48 43.53 43.49 43.46 43.51 43.53 43.53 43.53 43.47 43.44 43.43 43.49 43.52 43.53 43.5 43.44 43.44 43.42 43.45 43.44 43.39 43.42 43.45 43.36 43.44 43.5 43.47 43.39 43.42 43.4 43.38 43.43 43.42 43.36 43.33 43.3 43.27
43.63 43.6 43.58 43.62 43.6 43.6 43.62 43.6 43.59 43.6 43.64 43.57 43.58 43.53 43.61 43.6 43.59 43.59 43.56 43.56 43.54 43.51 43.48 43.49 43.52 43.54 43.51 43.5 43.54 43.57 43.55 43.52 43.49 43.52 43.59 43.56 43.51 43.52 43.53 43.53 43.53 43.49 43.53 43.54 43.53 43.55 43.53 43.48 43.5 43.48 43.45 43.41 43.43 43.48 43.48 43.48 43.4 43.41 43.42 43.45 43.45 43.44 43.44 43.4 43.36 43.42 43.44 43.39 43.34 43.36 43.39 43.37 43.34 43.36 43.33 43.27 43.27 43.26
43.69 43.64 43.59 43.64 43.65 43.64 43.66 43.64 43.59 43.62 43.67 43.65 43.62 43.55 43.56 43.57 43.57 43.59 43.55 43.54 43.52 43.53 43.53 43.54 43.54 43.51 43.52 43.52 43.55 43.57 43.57 43.53 43.5 43.54 43.58 43.55 43.51 43.49 43.5 43.5 43.56 43.51 43.52 43.54 43.57 43.52 43.51 43.48 43.49 43.48 43.49 43.47 43.43 43.42 43.45 43.48 43.46 43.44 43.46 43.51 43.48 43.46 43.44 43.38 43.33 43.36 43.41 43.39 43.34 43.35 43.37 43.4 43.31 43.31 43.3 43.3 43.31 43.3
43.68 43.63 43.6 43.62 43.64 43.65 43.62 43.69 43.64 43.62 43.63 43.59 43.59 43.53 43.55 43.57 43.6 43.6 43.55 43.54 43.5 43.53 43.54 43.56 43.56 43.53 43.58 43.57 43.58 43.58 43.6 43.56 43.53 43.54 43.54 43.52 43.5 43.49 43.49 43.46 43.51 43.53 43.52 43.5 43.55 43.47 43.48 43.45 43.46 43.44 43.44 43.44 43.46 43.46 43.45 43.46 43.51 43.51 43.49 43.48 43.45 43.44 43.43 43.4 43.35 43.36 43.39 43.38 43.32 43.36 43.4 43.37 43.36 43.35 43.32 43.32 43.33 43.31
43.64 43.66 43.66 43.68 43.7 43.69 43.69 43.69 43.63 43.61 43.64 43.63 43.61 43.57 43.61 43.59 43.56 43.59 43.55 43.55 43.54 43.51 43.52 43.55 43.59 43.58 43.61 43.6 43.59 43.57 43.62 43.57 43.52 43.52 43.53 43.52 43.5 43.48 43.47 43.44 43.48 43.48 43.48 43.47 43.43 43.44 43.46 43.44 43.47 43.48 43.45 43.42 43.4 43.39 43.42 43.46 43.51 43.49 43.47 43.45 43.49 43.47 43.44 43.39 43.38 43.4 43.39 43.38 43.37 43.37 43.4 43.34 43.34 43.34 43.32 43.31 43.31 43.3
43.69 43.64 43.65 43.7 43.68 43.65 43.67 43.66 43.6 43.6 43.61 43.62 43.66 43.6 43.64 43.61 43.56 43.57 43.55 43.55 43.58 43.53 43.52 43.55 43.6 43.61 43.6 43.6 43.55 43.59 43.62 43.59 43.53 43.53 43.54 43.56 43.58 43.53 43.52 43.5 43.45 43.44 43.44 43.4 43.35 43.38 43.41 43.46 43.43 43.43 43.44 43.4 43.42 43.43 43.44 43.46 43.48 43.45 43.43 43.44 43.44 43.43 43.42 43.4 43.39 43.39 43.36 43.33 43.38 43.36 43.33 43.31 43.29 43.28 43.26 43.3 43.29 43.31
43.71 43.7 43.66 43.69 43.67 43.67 43.69 43.68 43.64 43.62 43.56 43.61 43.67 43.61 43.65 43.62 43.58 43.57 43.56 43.56 43.58 43.54 43.56 43.56 43.58 43.6 43.6 43.58 43.53 43.62 43.63 43.59 43.55 43.53 43.55 43.59 43.62 43.54 43.51 43.45 43.43 43.42 43.43 43.4 43.35 43.37 43.39 43.44 43.42 43.44 43.43 43.37 43.39 43.41 43.43 43.41 43.39 43.37 43.36 43.4 43.38 43.38 43.37 43.38 43.39 43.35 43.32 43.29 43.35 43.34 43.29 43.25 43.29 43.27 43.25 43.26 43.27 43.31
43.69 43.67 43.64 43.66 43.68 43.67 43.66 43.65 43.65 43.63 43.56 43.59 43.64 43.63 43.69 43.65 43.6 43.57 43.57 43.59 43.58 43.5 43.58 43.58 43.59 43.6 43.59 43.6 43.61 43.58 43.56 43.53 43.52 43.56 43.58 43.58 43.52 43.48 43.46 43.46 43.46 43.44 43.41 43.35 43.37 43.39 43.4 43.41 43.43 43.46 43.44 43.4 43.39 43.39 43.39 43.37 43.36 43.35 43.37 43.39 43.39 43.38 43.36 43.37 43.35 43.32 43.28 43.29 43.35 43.36 43.3 43.24 43.29 43.27 43.27 43.23 43.24 43.28
43.69 43.66 43.66 43.68 43.7 43.65 43.63 43.63 43.64 43.66 43.61 43.61 43.63 43.66 43.71 43.69 43.62 43.58 43.55 43.55 43.55 43.55 43.59 43.59 43.57 43.57 43.57 43.57 43.59 43.56 43.52 43.47 43.53 43.5 43.48 43.48 43.48 43.44 43.43 43.42 43.41 43.44 43.42 43.38 43.41 43.4 43.4 43.38 43.39 43.41 43.42 43.39 43.4 43.39 43.37 43.35 43.37 43.38 43.43 43.42 43.41 43.4 43.39 43.37 43.32 43.31 43.26 43.27 43.34 43.32 43.26 43.3 43.28 43.26 43.27 43.27 43.29 43.35
43.7 43.68 43.71 43.72 43.71 43.65 43.67 43.67 43.66 43.68 43.67 43.68 43.66 43.67 43.64 43.61 43.58 43.56 43.53 43.52 43.5 43.51 43.52 43.54 43.56 43.58 43.57 43.56 43.55 43.53 43.51 43.48 43.56 43.51 43.47 43.48 43.43 43.45 43.44 43.46 43.44 43.43 43.42 43.39 43.4 43.38 43.37 43.36 43.34 43.35 43.38 43.36 43.37 43.38 43.37 43.33 43.35 43.37 43.46 43.47 43.4 43.39 43.38 43.36 43.32 43.33 43.32 43.29 43.32 43.32 43.25 43.28 43.31 43.34 43.33 43.29 43.32 43.38
43.7 43.7 43.71 43.71 43.68 43.67 43.71 43.72 43.67 43.65 43.68 43.69 43.69 43.67 43.62 43.6 43.56 43.54 43.51 43.56 43.57 43.64 43.64 43.59 43.53 43.56 43.56 43.53 43.52 43.49 43.49 43.5 43.54 43.52 43.51 43.5 43.46 43.46 43.45 43.45 43.44 43.43 43.41 43.38 43.37 43.36 43.36 43.37 43.35 43.33 43.33 43.34 43.37 43.37 43.34 43.32 43.32 43.33 43.41 43.5 43.38 43.35 43.32 43.36 43.37 43.35 43.35 43.33 43.33 43.35 43.35 43.39 43.39 43.35 43.38 43.42 43.44 43.44
43.69 43.73 43.68 43.67 43.66 43.72 43.77 43.75 43.68 43.65 43.66 43.65 43.66 43.62 43.57 43.57 43.58 43.57 43.54 43.56 43.64 43.7 43.69 43.62 43.53 43.55 43.55 43.53 43.52 43.47 43.46 43.47 43.48 43.54 43.52 43.5 43.49 43.48 43.48 43.44 43.44 43.45 43.42 43.41 43.39 43.38 43.37 43.39 43.39 43.34 43.28 43.32 43.39 43.38 43.34 43.35 43.28 43.3 43.34 43.41 43.36 43.35 43.32 43.29 43.33 43.37 43.35 43.38 43.37 43.35 43.45 43.44 43.4 43.37 43.4 43.48 43.49 43.46
43.71 43.75 43.71 43.71 43.68 43.71 43.7 43.66 43.65 43.66 43.64 43.64 43.62 43.62 43.63 43.61 43.56 43.59 43.59 43.58 43.6 43.61 43.62 43.57 43.52 43.55 43.53 43.48 43.53 43.49 43.47 43.45 43.47 43.53 43.51 43.49 43.51 43.51 43.53 43.49 43.47 43.45 43.39 43.41 43.41 43.39 43.37 43.37 43.37 43.33 43.27 43.3 43.33 43.36 43.38 43.38 43.34 43.32 43.31 43.36 43.29 43.33 43.37 43.34 43.37 43.45 43.43 43.39 43.39 43.39 43.41 43.43 43.41 43.38 43.39 43.41 43.43 43.41
43.72 43.76 43.73 43.72 43.67 43.7 43.76 43.72 43.64 43.62 43.6 43.62 43.68 43.66 43.66 43.63 43.59 43.64 43.63 43.62 43.6 43.57 43.57 43.56 43.55 43.54 43.54 43.5 43.53 43.51 43.5 43.46 43.5 43.52 43.49 43.51 43.52 43.54 43.56 43.55 43.47 43.43 43.33 43.33 43.38 43.37 43.31 43.33 43.36 43.33 43.25 43.25 43.28 43.31 43.35 43.32 43.28 43.27 43.27 43.35 43.34 43.34 43.36 43.4 43.41 43.45 43.49 43.48 43.46 43.43 43.4 43.39 43.36 43.37 43.38 43.38 43.39 43.39
43.74 43.68 43.67 43.68 43.66 43.72 43.75 43.75 43.67 43.66 43.64 43.61 43.68 43.61 43.6 43.56 43.58 43.59 43.59 43.6 43.59 43.55 43.54 43.58 43.57 43.52 43.55 43.55 43.54 43.52 43.51 43.48 43.53 43.51 43.49 43.53 43.51 43.53 43.54 43.51 43.44 43.41 43.35 43.35 43.41 43.38 43.33 43.3 43.33 43.3 43.26 43.28 43.3 43.3 43.3 43.24 43.26 43.31 43.37 43.43 43.43 43.37 43.34 43.41 43.43 43.45 43.44 43.46 43.45 43.42 43.39 43.36 43.35 43.39 43.38 43.44 43.42 43.41
43.75 43.75 43.7 43.72 43.72 43.71 43.71 43.7 43.67 43.71 43.7 43.61 43.61 43.57 43.58 43.55 43.59 43.56 43.56 43.58 43.56 43.53 43.53 43.58 43.57 43.52 43.55 43.56 43.53 43.54 43.52 43.51 43.53 43.52 43.5 43.54 43.49 43.48 43.46 43.44 43.45 43.42 43.32 43.36 43.38 43.38 43.36 43.35 43.31 43.29 43.26 43.29 43.34 43.32 43.31 43.28 43.31 43.36 43.41 43.44 43.46 43.42 43.4 43.42 43.43 43.43 43.38 43.41 43.42 43.4 43.39 43.38 43.39 43.4 43.37 43.44 43.46 43.44
43.7 43.75 43.73 43.73 43.72 43.66 43.67 43.69 43.69 43.7 43.69 43.6 43.6 43.59 43.59 43.57 43.59 43.57 43.56 43.57 43.56 43.54 43.54 43.58 43.56 43.52 43.56 43.54 43.51 43.51 43.51 43.55 43.54 43.54 43.52 43.55 43.52 43.47 43.41 43.45 43.49 43.46 43.37 43.41 43.46 43.44 43.4 43.35 43.33 43.32 43.29 43.3 43.33 43.34 43.35 43.34 43.37 43.42 43.42 43.43 43.45 43.43 43.42 43.41 43.41 43.43 43.38 43.42 43.42 43.4 43.41 43.4 43.41 43.39 43.34 43.39 43.47 43.46
43.78 43.77 43.76 43.74 43.72 43.67 43.66 43.64 43.67 43.69 43.65 43.58 43.61 43.59 43.59 43.6 43.6 43.6 43.56 43.56 43.59 43.59 43.56 43.59 43.55 43.55 43.54 43.51 43.49 43.5 43.54 43.52 43.52 43.53 43.53 43.56 43.51 43.48 43.44 43.42 43.48 43.47 43.43 43.42 43.42 43.4 43.38 43.34 43.36 43.37 43.35 43.34 43.35 43.36 43.38 43.39 43.4 43.44 43.41 43.41 43.41 43.41 43.39 43.38 43.4 43.44 43.41 43.44 43.43 43.39 43.4 43.38 43.4 43.4 43.36 43.38 43.44 43.44
43.78 43.77 43.74 43.72 43.72 43.7 43.68 43.63 43.64 43.66 43.62 43.55 43.56 43.57 43.58 43.63 43.67 43.63 43.59 43.58 43.59 43.57 43.55 43.53 43.5 43.51 43.51 43.47 43.47 43.48 43.51 43.56 43.58 43.55 43.52 43.49 43.46 43.47 43.46 43.41 43.43 43.43 43.46 43.43 43.43 43.45 43.42 43.43 43.45 43.47 43.42 43.39 43.39 43.38 43.39 43.42 43.42 43.4 43.37 43.37 43.37 43.41 43.42 43.4 43.41 43.44 43.42 43.44 43.43 43.39 43.37 43.36 43.38 43.43 43.43 43.4 43.38 43.38
43.74 43.73 43.7 43.69 43.74 43.72 43.72 43.69 43.65 43.61 43.61 43.57 43.55 43.57 43.6 43.62 43.66 43.65 43.65 43.62 43.59 43.57 43.55 43.56 43.54 43.55 43.55 43.55 43.57 43.53 43.53 43.56 43.54 43.51 43.48 43.45 43.43 43.45 43.46 43.43 43.45 43.46 43.47 43.44 43.46 43.49 43.5 43.5 43.51 43.49 43.46 43.42 43.41 43.4 43.41 43.44 43.44 43.4 43.34 43.35 43.36 43.44 43.44 43.42 43.42 43.39 43.37 43.39 43.41 43.43 43.43 43.4 43.36 43.42 43.39 43.4 43.42 43.39
43.76 43.71 43.67 43.7 43.74 43.71 43.7 43.67 43.64 43.58 43.61 43.64 43.61 43.57 43.59 43.64 43.64 43.66 43.64 43.56 43.57 43.54 43.5 43.55 43.58 43.58 43.55 43.56 43.56 43.55 43.56 43.51 43.49 43.48 43.48 43.49 43.46 43.48 43.46 43.46 43.49 43.5 43.47 43.48 43.49 43.52 43.54 43.54 43.51 43.46 43.46 43.45 43.43 43.41 43.41 43.44 43.43 43.41 43.4 43.42 43.42 43.45 43.39 43.4 43.39 43.36 43.36 43.38 43.39 43.42 43.44 43.41 43.35 43.35 43.24 43.26 43.32 43.33
43.76 43.7 43.67 43.68 43.66 43.62 43.63 43.62 43.65 43.64 43.65 43.63 43.61 43.56 43.57 43.61 43.65 43.66 43.66 43.63 43.57 43.56 43.52 43.56 43.58 43.57 43.54 43.52 43.53 43.53 43.51 43.46 43.47 43.47 43.48 43.5 43.51 43.54 43.48 43.49 43.5 43.51 43.49 43.51 43.53 43.56 43.54 43.54 43.52 43.46 43.47 43.52 43.48 43.43 43.39 43.4 43.41 43.43 43.43 43.43 43.45 43.46 43.4 43.39 43.36 43.38 43.39 43.4 43.42 43.44 43.39 43.36 43.28 43.22 43.12 43.13 43.23 43.28
43.74 43.69 43.65 43.65 43.59 43.59 43.6 43.61 43.58 43.67 43.65 43.64 43.6 43.59 43.6 43.67 43.65 43.63 43.62 43.63 43.59 43.57 43.53 43.56 43.56 43.56 43.53 43.52 43.51 43.5 43.47 43.45 43.45 43.47 43.48 43.5 43.54 43.58 43.51 43.51 43.51 43.52 43.54 43.53 43.54 43.55 43.56 43.53 43.52 43.5 43.49 43.53 43.52 43.48 43.46 43.4 43.39 43.42 43.49 43.49 43.47 43.43 43.39 43.4 43.4 43.41 43.43 43.44 43.44 43.4 43.29 43.26 43.16 43.17 43.22 43.22 43.27 43.3
