slabs/41.grd
DSAA
631 301
644520 645150
4946000 4946300
42.57 48.25
[rows 34 to 67 of 301, columns 546 to 623 of 631]
43.61 43.59 43.63 43.61 43.61 43.6 43.57 43.49 43.49 43.53 43.48 43.51 43.52 43.46 43.47 43.49 43.49 43.56 43.63 43.62 43.57 43.48 43.47 43.49 43.52 43.53 43.47 43.47 43.47 43.45 43.46 43.44 43.39 43.39 43.45 43.44 43.34 43.28 43.32 43.43 43.38 43.37 43.38 43.37 43.33 43.47 43.46 43.39 43.32 43.26 43.28 43.3 43.26 43.3 43.33 43.3 43.27 43.26 43.25 43.28 43.27 43.33 43.36 43.42 43.37 43.36 43.35 43.31 43.28 43.28 43.25 43.23 43.17 43.16 43.13 43.12 43.1 43.12
43.62 43.59 43.61 43.63 43.61 43.54 43.53 43.5 43.49 43.5 43.45 43.5 43.52 43.5 43.48 43.5 43.51 43.56 43.59 43.59 43.58 43.49 43.5 43.52 43.5 43.53 43.46 43.48 43.46 43.44 43.37 43.42 43.42 43.39 43.4 43.37 43.32 43.32 43.36 43.46 43.42 43.4 43.4 43.38 43.38 43.4 43.4 43.31 43.25 43.23 43.29 43.32 43.27 43.29 43.3 43.29 43.32 43.32 43.31 43.3 43.36 43.38 43.41 43.37 43.29 43.28 43.3 43.33 43.3 43.28 43.26 43.29 43.26 43.26 43.21 43.16 43.14 43.16
43.58 43.59 43.59 43.61 43.56 43.48 43.49 43.53 43.53 43.52 43.5 43.51 43.5 43.52 43.52 43.53 43.52 43.53 43.52 43.54 43.58 43.62 43.59 43.59 43.57 43.55 43.51 43.53 43.51 43.39 43.37 43.41 43.44 43.41 43.39 43.37 43.34 43.35 43.39 43.48 43.49 43.42 43.41 43.37 43.48 43.41 43.4 43.33 43.24 43.24 43.29 43.32 43.32 43.33 43.32 43.32 43.34 43.37 43.4 43.36 43.41 43.4 43.4 43.33 43.28 43.25 43.27 43.31 43.28 43.24 43.22 43.24 43.26 43.26 43.26 43.12 43.13 43.13
43.54 43.59 43.59 43.58 43.56 43.49 43.48 43.5 43.53 43.57 43.58 43.54 43.49 43.54 43.58 43.57 43.57 43.59 43.6 43.6 43.57 43.6 43.64 43.61 43.52 43.53 43.57 43.57 43.52 43.41 43.42 43.44 43.45 43.39 43.41 43.43 43.38 43.39 43.42 43.48 43.51 43.42 43.4 43.36 43.5 43.47 43.43 43.37 43.27 43.24 43.27 43.31 43.36 43.38 43.41 43.37 43.36 43.4 43.39 43.35 43.32 43.29 43.35 43.32 43.23 43.23 43.28 43.32 43.25 43.23 43.22 43.18 43.17 43.2 43.25 43.2 43.13 43.13
43.53 43.59 43.59 43.59 43.59 43.56 43.55 43.55 43.54 43.56 43.58 43.55 43.52 43.56 43.63 43.64 43.62 43.67 43.68 43.63 43.56 43.58 43.55 43.51 43.47 43.5 43.52 43.57 43.53 43.46 43.47 43.45 43.46 43.39 43.41 43.47 43.41 43.39 43.4 43.45 43.47 43.39 43.37 43.33 43.45 43.47 43.43 43.35 43.29 43.27 43.28 43.32 43.37 43.38 43.44 43.36 43.36 43.36 43.32 43.28 43.27 43.28 43.29 43.28 43.29 43.27 43.27 43.3 43.22 43.21 43.24 43.21 43.23 43.22 43.23 43.19 43.15 43.11
43.54 43.55 43.52 43.53 43.57 43.59 43.58 43.57 43.58 43.54 43.6 43.58 43.54 43.58 43.61 43.59 43.55 43.61 43.62 43.62 43.61 43.6 43.57 43.52 43.48 43.5 43.51 43.53 43.5 43.46 43.47 43.48 43.48 43.37 43.4 43.47 43.44 43.38 43.38 43.41 43.42 43.38 43.37 43.33 43.42 43.4 43.37 43.35 43.36 43.35 43.36 43.43 43.47 43.43 43.42 43.43 43.32 43.34 43.36 43.33 43.3 43.3 43.29 43.26 43.28 43.24 43.23 43.29 43.19 43.19 43.24 43.25 43.23 43.18 43.18 43.15 43.14 43.12
43.52 43.52 43.5 43.52 43.56 43.55 43.57 43.56 43.55 43.6 43.57 43.56 43.55 43.6 43.59 43.59 43.58 43.64 43.62 43.6 43.54 43.53 43.58 43.54 43.48 43.48 43.51 43.55 43.48 43.47 43.46 43.47 43.45 43.36 43.39 43.43 43.45 43.4 43.38 43.37 43.41 43.42 43.44 43.44 43.4 43.34 43.34 43.42 43.47 43.44 43.4 43.4 43.47 43.42 43.39 43.41 43.32 43.31 43.31 43.26 43.24 43.26 43.26 43.25 43.23 43.18 43.19 43.22 43.17 43.13 43.19 43.27 43.22 43.15 43.16 43.16 43.15 43.16
43.53 43.48 43.46 43.49 43.52 43.52 43.56 43.55 43.57 43.57 43.53 43.55 43.56 43.62 43.65 43.6 43.55 43.58 43.58 43.56 43.52 43.57 43.6 43.56 43.48 43.47 43.5 43.55 43.46 43.49 43.46 43.44 43.45 43.41 43.41 43.4 43.45 43.42 43.4 43.39 43.47 43.47 43.48 43.51 43.44 43.41 43.39 43.44 43.41 43.4 43.37 43.34 43.33 43.34 43.37 43.38 43.33 43.31 43.3 43.18 43.24 43.23 43.23 43.3 43.23 43.19 43.2 43.19 43.17 43.14 43.16 43.24 43.23 43.19 43.17 43.19 43.16 43.15
43.56 43.5 43.45 43.49 43.55 43.53 43.55 43.6 43.66 43.56 43.54 43.55 43.62 43.65 43.64 43.62 43.58 43.6 43.59 43.54 43.55 43.63 43.61 43.54 43.47 43.47 43.49 43.51 43.46 43.5 43.48 43.45 43.48 43.47 43.46 43.43 43.46 43.41 43.41 43.42 43.46 43.47 43.48 43.48 43.46 43.45 43.44 43.44 43.33 43.36 43.38 43.34 43.3 43.31 43.32 43.34 43.35 43.32 43.25 43.16 43.24 43.23 43.23 43.24 43.21 43.2 43.19 43.18 43.14 43.15 43.19 43.22 43.24 43.22 43.18 43.19 43.17 43.13
43.58 43.51 43.53 43.56 43.61 43.63 43.63 43.65 43.69 43.63 43.62 43.62 43.67 43.67 43.65 43.61 43.6 43.62 43.59 43.55 43.56 43.61 43.58 43.5 43.47 43.46 43.48 43.5 43.49 43.48 43.46 43.44 43.42 43.44 43.43 43.49 43.54 43.45 43.45 43.46 43.48 43.46 43.44 43.52 43.51 43.46 43.42 43.46 43.43 43.41 43.39 43.27 43.22 43.28 43.33 43.36 43.36 43.33 43.23 43.21 43.23 43.21 43.25 43.21 43.21 43.22 43.19 43.2 43.16 43.17 43.23 43.23 43.22 43.19 43.18 43.16 43.18 43.15
43.62 43.57 43.61 43.61 43.57 43.59 43.6 43.61 43.69 43.69 43.67 43.63 43.66 43.67 43.65 43.58 43.59 43.59 43.58 43.56 43.54 43.57 43.54 43.52 43.51 43.46 43.46 43.49 43.46 43.42 43.4 43.39 43.41 43.42 43.41 43.49 43.52 43.5 43.45 43.37 43.4 43.42 43.46 43.54 43.49 43.43 43.34 43.42 43.45 43.41 43.33 43.26 43.23 43.28 43.34 43.31 43.31 43.3 43.25 43.29 43.27 43.2 43.23 43.21 43.22 43.26 43.21 43.22 43.22 43.22 43.22 43.24 43.18 43.14 43.18 43.09 43.12 43.12
43.65 43.59 43.59 43.58 43.54 43.51 43.53 43.57 43.68 43.67 43.66 43.63 43.61 43.66 43.65 43.58 43.59 43.61 43.61 43.58 43.55 43.55 43.54 43.54 43.47 43.51 43.51 43.5 43.45 43.44 43.45 43.47 43.47 43.46 43.46 43.52 43.5 43.47 43.42 43.41 43.44 43.43 43.46 43.5 43.47 43.42 43.35 43.28 43.42 43.4 43.35 43.3 43.27 43.28 43.31 43.25 43.27 43.3 43.27 43.31 43.29 43.21 43.2 43.2 43.22 43.26 43.22 43.2 43.21 43.24 43.21 43.22 43.18 43.17 43.19 43.15 43.11 43.07
43.66 43.62 43.59 43.56 43.51 43.51 43.54 43.57 43.62 43.63 43.62 43.64 43.61 43.65 43.64 43.58 43.54 43.6 43.59 43.58 43.64 43.57 43.55 43.54 43.51 43.48 43.53 43.58 43.52 43.51 43.48 43.51 43.49 43.47 43.42 43.43 43.44 43.45 43.47 43.49 43.47 43.41 43.4 43.41 43.38 43.36 43.31 43.22 43.39 43.4 43.36 43.3 43.28 43.28 43.28 43.25 43.28 43.3 43.25 43.25 43.24 43.24 43.24 43.21 43.21 43.19 43.2 43.2 43.2 43.19 43.2 43.19 43.15 43.1 43.18 43.17 43.1 43.09
43.59 43.59 43.61 43.61 43.52 43.54 43.57 43.58 43.57 43.62 43.6 43.6 43.63 43.64 43.62 43.56 43.52 43.61 43.6 43.57 43.61 43.52 43.5 43.5 43.49 43.51 43.52 43.51 43.56 43.53 43.5 43.5 43.47 43.45 43.41 43.42 43.45 43.47 43.46 43.49 43.47 43.45 43.44 43.36 43.35 43.37 43.34 43.29 43.34 43.37 43.35 43.3 43.29 43.26 43.27 43.28 43.3 43.28 43.22 43.26 43.23 43.19 43.2 43.2 43.21 43.17 43.22 43.26 43.24 43.13 43.16 43.2 43.17 43.16 43.2 43.2 43.15 43.16
43.48 43.47 43.54 43.65 43.59 43.58 43.6 43.6 43.56 43.59 43.58 43.59 43.57 43.56 43.56 43.56 43.53 43.54 43.58 43.64 43.56 43.5 43.5 43.5 43.49 43.5 43.55 43.52 43.51 43.48 43.45 43.48 43.52 43.52 43.52 43.46 43.5 43.51 43.49 43.48 43.48 43.49 43.5 43.36 43.35 43.4 43.42 43.36 43.3 43.3 43.35 43.34 43.29 43.21 43.24 43.28 43.3 43.32 43.18 43.25 43.21 43.18 43.24 43.25 43.24 43.19 43.23 43.25 43.22 43.11 43.21 43.22 43.21 43.2 43.21 43.2 43.16 43.17
43.46 43.42 43.48 43.57 43.59 43.56 43.57 43.6 43.59 43.54 43.56 43.59 43.57 43.55 43.53 43.54 43.57 43.53 43.54 43.57 43.55 43.52 43.47 43.49 43.49 43.49 43.53 43.48 43.48 43.48 43.5 43.52 43.56 43.56 43.53 43.44 43.47 43.47 43.49 43.49 43.48 43.49 43.48 43.35 43.33 43.36 43.41 43.37 43.34 43.29 43.32 43.3 43.26 43.22 43.26 43.32 43.34 43.33 43.16 43.17 43.18 43.18 43.26 43.27 43.28 43.27 43.23 43.23 43.26 43.26 43.36 43.32 43.26 43.21 43.19 43.18 43.19 43.19
43.48 43.42 43.45 43.52 43.51 43.53 43.55 43.55 43.6 43.62 43.61 43.58 43.52 43.53 43.53 43.59 43.58 43.51 43.52 43.55 43.58 43.56 43.5 43.51 43.53 43.52 43.53 43.46 43.48 43.49 43.49 43.53 43.52 43.5 43.45 43.36 43.38 43.38 43.41 43.46 43.46 43.49 43.44 43.35 43.35 43.36 43.35 43.35 43.35 43.31 43.31 43.32 43.29 43.24 43.26 43.37 43.36 43.31 43.23 43.2 43.19 43.15 43.16 43.27 43.31 43.34 43.27 43.26 43.26 43.26 43.31 43.31 43.26 43.21 43.19 43.21 43.28 43.22
43.49 43.48 43.47 43.5 43.61 43.57 43.59 43.61 43.61 43.56 43.56 43.58 43.6 43.58 43.58 43.61 43.56 43.57 43.55 43.55 43.59 43.57 43.53 43.52 43.55 43.56 43.56 43.49 43.52 43.49 43.44 43.47 43.45 43.46 43.43 43.35 43.32 43.33 43.35 43.4 43.44 43.49 43.46 43.37 43.35 43.35 43.31 43.32 43.33 43.32 43.38 43.35 43.32 43.24 43.23 43.23 43.28 43.36 43.29 43.18 43.17 43.17 43.24 43.28 43.33 43.38 43.28 43.29 43.27 43.27 43.3 43.29 43.26 43.23 43.24 43.28 43.33 43.23
43.58 43.56 43.52 43.48 43.58 43.57 43.57 43.6 43.54 43.49 43.5 43.54 43.59 43.58 43.56 43.58 43.56 43.59 43.6 43.58 43.59 43.59 43.56 43.52 43.53 43.54 43.56 43.53 43.52 43.5 43.46 43.42 43.41 43.43 43.44 43.35 43.3 43.32 43.34 43.41 43.42 43.43 43.4 43.33 43.35 43.34 43.3 43.28 43.29 43.3 43.33 43.34 43.33 43.28 43.28 43.29 43.31 43.33 43.22 43.17 43.18 43.24 43.27 43.28 43.31 43.32 43.33 43.34 43.31 43.31 43.33 43.31 43.28 43.27 43.26 43.3 43.33 43.23
43.56 43.54 43.54 43.51 43.5 43.56 43.54 43.56 43.52 43.49 43.51 43.54 43.58 43.58 43.53 43.56 43.56 43.56 43.57 43.61 43.62 43.62 43.6 43.56 43.51 43.51 43.54 43.53 43.5 43.48 43.47 43.44 43.4 43.39 43.41 43.35 43.36 43.38 43.35 43.36 43.37 43.4 43.37 43.25 43.3 43.34 43.26 43.23 43.24 43.28 43.31 43.36 43.37 43.36 43.34 43.3 43.32 43.35 43.31 43.28 43.25 43.28 43.3 43.3 43.31 43.28 43.34 43.36 43.32 43.32 43.36 43.35 43.33 43.28 43.21 43.26 43.28 43.2
43.53 43.53 43.57 43.54 43.51 43.53 43.54 43.56 43.53 43.52 43.55 43.56 43.61 43.6 43.55 43.58 43.57 43.56 43.56 43.64 43.66 43.64 43.59 43.59 43.52 43.52 43.51 43.44 43.5 43.54 43.53 43.44 43.42 43.39 43.4 43.45 43.44 43.4 43.35 43.35 43.34 43.33 43.33 43.28 43.3 43.32 43.24 43.26 43.27 43.28 43.34 43.33 43.34 43.37 43.33 43.3 43.31 43.33 43.35 43.34 43.31 43.33 43.35 43.34 43.31 43.29 43.34 43.33 43.28 43.32 43.37 43.36 43.32 43.28 43.21 43.22 43.18 43.12
43.54 43.55 43.59 43.56 43.55 43.54 43.57 43.58 43.56 43.55 43.56 43.57 43.61 43.61 43.58 43.6 43.61 43.6 43.62 43.68 43.69 43.64 43.56 43.62 43.61 43.55 43.52 43.44 43.5 43.54 43.53 43.55 43.48 43.4 43.39 43.38 43.38 43.39 43.37 43.41 43.37 43.31 43.32 43.3 43.31 43.31 43.28 43.28 43.28 43.32 43.35 43.33 43.33 43.39 43.36 43.34 43.33 43.34 43.29 43.31 43.31 43.37 43.39 43.37 43.26 43.29 43.35 43.33 43.25 43.3 43.33 43.31 43.22 43.23 43.23 43.17 43.12 43.19
43.55 43.56 43.59 43.55 43.58 43.57 43.57 43.56 43.56 43.56 43.58 43.6 43.58 43.59 43.58 43.6 43.65 43.63 43.63 43.66 43.66 43.6 43.55 43.61 43.62 43.62 43.57 43.52 43.52 43.49 43.46 43.51 43.46 43.42 43.42 43.37 43.39 43.41 43.35 43.36 43.35 43.31 43.3 43.33 43.35 43.35 43.32 43.29 43.28 43.31 43.32 43.32 43.32 43.41 43.36 43.34 43.34 43.4 43.24 43.26 43.29 43.36 43.4 43.36 43.24 43.25 43.34 43.31 43.27 43.25 43.3 43.29 43.19 43.21 43.2 43.17 43.16 43.19
43.57 43.58 43.59 43.56 43.59 43.59 43.54 43.53 43.53 43.57 43.6 43.61 43.61 43.61 43.58 43.55 43.6 43.6 43.55 43.59 43.54 43.56 43.56 43.5 43.51 43.53 43.52 43.49 43.49 43.46 43.46 43.5 43.47 43.46 43.43 43.38 43.38 43.42 43.45 43.4 43.38 43.35 43.34 43.35 43.35 43.36 43.32 43.3 43.28 43.29 43.29 43.28 43.32 43.41 43.35 43.31 43.32 43.4 43.27 43.27 43.3 43.34 43.32 43.27 43.22 43.27 43.31 43.28 43.25 43.26 43.26 43.26 43.25 43.2 43.19 43.17 43.12 43.19
43.61 43.6 43.63 43.59 43.56 43.6 43.58 43.55 43.56 43.59 43.58 43.5 43.53 43.57 43.61 43.55 43.57 43.56 43.55 43.58 43.55 43.55 43.58 43.46 43.45 43.47 43.51 43.46 43.45 43.48 43.47 43.47 43.49 43.49 43.47 43.41 43.41 43.45 43.55 43.47 43.42 43.39 43.42 43.41 43.39 43.34 43.3 43.29 43.3 43.34 43.28 43.31 43.38 43.45 43.43 43.37 43.35 43.44 43.37 43.32 43.28 43.31 43.29 43.26 43.23 43.24 43.23 43.22 43.22 43.18 43.17 43.2 43.24 43.23 43.24 43.22 43.19 43.21
43.59 43.6 43.61 43.59 43.6 43.6 43.56 43.58 43.6 43.6 43.58 43.55 43.55 43.55 43.52 43.53 43.52 43.54 43.56 43.57 43.56 43.58 43.56 43.49 43.46 43.46 43.52 43.49 43.48 43.51 43.48 43.44 43.44 43.42 43.47 43.44 43.44 43.48 43.58 43.48 43.44 43.43 43.48 43.47 43.43 43.33 43.29 43.29 43.31 43.34 43.33 43.35 43.4 43.38 43.37 43.37 43.39 43.38 43.33 43.29 43.25 43.22 43.24 43.21 43.17 43.15 43.15 43.17 43.2 43.22 43.21 43.22 43.22 43.27 43.27 43.25 43.21 43.19
43.56 43.59 43.61 43.56 43.58 43.57 43.55 43.56 43.54 43.55 43.56 43.58 43.54 43.52 43.47 43.47 43.48 43.55 43.58 43.55 43.53 43.53 43.52 43.47 43.48 43.52 43.56 43.51 43.51 43.5 43.45 43.41 43.39 43.35 43.41 43.44 43.43 43.45 43.53 43.46 43.45 43.47 43.46 43.43 43.35 43.3 43.29 43.31 43.31 43.37 43.39 43.36 43.35 43.31 43.3 43.32 43.41 43.3 43.24 43.25 43.26 43.18 43.17 43.16 43.15 43.15 43.15 43.16 43.17 43.21 43.22 43.22 43.21 43.25 43.25 43.21 43.26 43.2
43.6 43.59 43.61 43.6 43.63 43.62 43.57 43.56 43.57 43.58 43.56 43.58 43.57 43.54 43.48 43.44 43.45 43.49 43.52 43.57 43.58 43.57 43.53 43.5 43.51 43.54 43.55 43.49 43.51 43.48 43.43 43.38 43.36 43.35 43.38 43.4 43.39 43.41 43.47 43.46 43.45 43.45 43.4 43.36 43.3 43.3 43.27 43.3 43.35 43.39 43.43 43.39 43.34 43.34 43.32 43.33 43.31 43.24 43.2 43.19 43.22 43.2 43.18 43.15 43.12 43.12 43.14 43.19 43.19 43.17 43.19 43.19 43.21 43.23 43.23 43.21 43.26 43.18
43.59 43.59 43.55 43.53 43.56 43.58 43.53 43.56 43.61 43.58 43.53 43.54 43.51 43.51 43.46 43.45 43.47 43.5 43.51 43.55 43.56 43.58 43.53 43.53 43.52 43.51 43.51 43.47 43.49 43.47 43.43 43.41 43.38 43.39 43.4 43.4 43.4 43.39 43.38 43.4 43.38 43.37 43.4 43.37 43.31 43.29 43.29 43.32 43.41 43.38 43.43 43.43 43.37 43.31 43.28 43.31 43.33 43.29 43.24 43.15 43.2 43.21 43.18 43.13 43.12 43.14 43.15 43.19 43.24 43.19 43.2 43.21 43.2 43.19 43.2 43.23 43.2 43.13
43.52 43.55 43.52 43.57 43.57 43.57 43.56 43.5 43.53 43.52 43.47 43.5 43.48 43.51 43.48 43.46 43.5 43.54 43.52 43.51 43.51 43.51 43.46 43.48 43.49 43.51 43.49 43.47 43.46 43.45 43.49 43.51 43.47 43.45 43.44 43.46 43.48 43.42 43.41 43.4 43.34 43.33 43.36 43.38 43.36 43.3 43.34 43.4 43.49 43.41 43.37 43.35 43.37 43.27 43.26 43.28 43.31 43.27 43.23 43.15 43.17 43.21 43.17 43.11 43.11 43.13 43.14 43.16 43.23 43.22 43.23 43.23 43.18 43.14 43.17 43.2 43.15 43.15
43.47 43.5 43.51 43.57 43.57 43.53 43.53 43.45 43.47 43.48 43.47 43.52 43.51 43.52 43.52 43.51 43.52 43.54 43.52 43.5 43.5 43.46 43.41 43.45 43.49 43.57 43.54 43.47 43.45 43.51 43.54 43.53 43.48 43.49 43.51 43.51 43.49 43.41 43.42 43.43 43.41 43.36 43.33 43.36 43.37 43.34 43.34 43.41 43.42 43.37 43.34 43.33 43.34 43.25 43.24 43.27 43.3 43.26 43.23 43.18 43.15 43.16 43.17 43.11 43.11 43.11 43.11 43.13 43.16 43.2 43.22 43.2 43.16 43.16 43.19 43.2 43.18 43.17
43.51 43.49 43.49 43.53 43.55 43.51 43.48 43.45 43.46 43.47 43.53 43.58 43.54 43.5 43.54 43.58 43.58 43.56 43.54 43.5 43.53 43.49 43.44 43.51 43.54 43.62 43.59 43.54 43.49 43.52 43.52 43.52 43.52 43.53 43.51 43.5 43.48 43.45 43.48 43.44 43.42 43.4 43.37 43.38 43.38 43.35 43.35 43.38 43.37 43.3 43.29 43.3 43.26 43.22 43.21 43.24 43.26 43.24 43.21 43.16 43.15 43.14 43.18 43.14 43.15 43.14 43.13 43.17 43.12 43.18 43.2 43.19 43.13 43.14 43.19 43.23 43.32 43.28
43.57 43.54 43.5 43.52 43.53 43.52 43.48 43.48 43.48 43.49 43.57 43.55 43.52 43.47 43.56 43.62 43.61 43.57 43.53 43.57 43.57 43.51 43.48 43.51 43.57 43.59 43.63 43.6 43.54 43.52 43.53 43.53 43.55 43.54 43.53 43.51 43.47 43.44 43.47 43.45 43.41 43.4 43.36 43.33 43.35 43.32 43.33 43.36 43.36 43.24 43.26 43.28 43.21 43.2 43.21 43.21 43.2 43.18 43.15 43.12 43.17 43.17 43.2 43.2 43.2 43.19 43.18 43.2 43.19 43.23 43.19 43.15 43.1 43.13 43.22 43.3 43.33 43.29
43.58 43.55 43.52 43.54 43.52 43.54 43.54 43.53 43.53 43.53 43.52 43.5 43.46 43.43 43.52 43.59 43.59 43.57 43.55 43.55 43.57 43.57 43.53 43.55 43.57 43.63 43.65 43.62 43.55 43.57 43.54 43.54 43.58 43.61 43.6 43.53 43.49 43.49 43.46 43.43 43.31 43.35 43.35 43.32 43.33 43.29 43.29 43.31 43.29 43.28 43.29 43.29 43.18 43.18 43.2 43.21 43.17 43.15 43.13 43.14 43.2 43.13 43.16 43.23 43.26 43.17 43.15 43.16 43.18 43.2 43.2 43.14 43.17 43.19 43.25 43.31 43.28 43.25
