slabs/42.grd
DSAA
631 301
644520 645150
4946300 4946600
39.16 48.27
[rows 34 to 67 of 301, columns 468 to 545 of 631]
43.81 43.76 43.82 43.83 43.81 43.72 43.75 43.77 43.81 43.91 43.91 43.86 43.77 43.71 43.62 43.67 43.76 43.75 43.72 43.71 43.74 43.76 43.73 43.72 43.75 43.76 43.76 43.77 43.78 43.76 43.74 43.7 43.67 43.7 43.71 43.75 43.73 43.7 43.69 43.67 43.67 43.69 43.7 43.67 43.65 43.61 43.59 43.58 43.59 43.6 43.63 43.68 43.67 43.68 43.64 43.65 43.65 43.69 43.66 43.58 43.47 43.46 43.47 43.44 43.43 43.42 43.4 43.36 43.32 43.31 43.39 43.35 43.32 43.29 43.31 43.34 43.34 43.32
43.77 43.58 43.81 43.84 43.88 43.86 43.74 43.66 43.57 43.81 43.92 43.88 43.81 43.74 43.68 43.67 43.71 43.75 43.72 43.73 43.79 43.78 43.77 43.76 43.76 43.79 43.78 43.77 43.7 43.69 43.7 43.68 43.65 43.7 43.71 43.71 43.73 43.71 43.69 43.67 43.69 43.69 43.67 43.66 43.66 43.66 43.62 43.55 43.58 43.6 43.64 43.66 43.64 43.65 43.7 43.67 43.66 43.69 43.7 43.61 43.53 43.51 43.52 43.45 43.41 43.41 43.4 43.39 43.37 43.33 43.37 43.37 43.35 43.29 43.28 43.3 43.31 43.29
43.88 43.71 43.83 43.85 43.87 43.81 43.65 43.52 43.43 43.7 43.84 43.85 43.82 43.76 43.74 43.68 43.7 43.74 43.73 43.77 43.77 43.79 43.79 43.8 43.78 43.77 43.79 43.79 43.68 43.67 43.68 43.7 43.64 43.66 43.67 43.69 43.69 43.7 43.71 43.68 43.67 43.69 43.66 43.59 43.6 43.62 43.63 43.64 43.64 43.63 43.6 43.59 43.62 43.64 43.71 43.72 43.64 43.63 43.66 43.62 43.58 43.55 43.51 43.44 43.42 43.4 43.38 43.37 43.36 43.35 43.36 43.38 43.35 43.3 43.27 43.28 43.3 43.31
43.92 43.79 43.82 43.85 43.84 43.78 43.62 43.5 43.44 43.68 43.84 43.83 43.8 43.85 43.83 43.73 43.69 43.71 43.72 43.77 43.76 43.82 43.81 43.82 43.8 43.79 43.8 43.79 43.73 43.74 43.73 43.75 43.71 43.66 43.68 43.7 43.67 43.69 43.71 43.69 43.68 43.67 43.63 43.62 43.63 43.67 43.67 43.55 43.61 43.63 43.6 43.64 43.6 43.64 43.68 43.69 43.61 43.64 43.68 43.65 43.59 43.52 43.46 43.45 43.44 43.4 43.38 43.41 43.41 43.37 43.35 43.33 43.33 43.3 43.28 43.29 43.32 43.34
43.85 43.64 43.86 43.86 43.84 43.84 43.71 43.62 43.45 43.73 43.89 43.82 43.73 43.77 43.77 43.71 43.61 43.69 43.72 43.76 43.77 43.81 43.8 43.79 43.8 43.84 43.8 43.74 43.72 43.74 43.77 43.79 43.74 43.7 43.71 43.71 43.65 43.65 43.67 43.7 43.68 43.66 43.61 43.63 43.65 43.63 43.65 43.65 43.65 43.63 43.59 43.62 43.58 43.62 43.63 43.67 43.62 43.65 43.67 43.71 43.65 43.54 43.46 43.45 43.44 43.4 43.4 43.44 43.44 43.4 43.35 43.31 43.31 43.28 43.27 43.29 43.32 43.33
43.76 43.65 43.88 43.88 43.84 43.84 43.78 43.72 43.52 43.76 43.86 43.83 43.69 43.67 43.68 43.66 43.56 43.71 43.75 43.78 43.78 43.77 43.76 43.75 43.75 43.79 43.77 43.73 43.73 43.72 43.74 43.79 43.73 43.72 43.72 43.72 43.71 43.7 43.7 43.75 43.72 43.7 43.64 43.68 43.64 43.63 43.65 43.62 43.58 43.6 43.58 43.62 43.6 43.62 43.63 43.66 43.67 43.71 43.67 43.69 43.67 43.58 43.5 43.45 43.44 43.4 43.41 43.42 43.41 43.41 43.38 43.35 43.34 43.32 43.26 43.27 43.28 43.32
43.85 43.82 43.85 43.84 43.82 43.82 43.8 43.75 43.6 43.72 43.77 43.82 43.78 43.74 43.74 43.66 43.57 43.68 43.74 43.81 43.83 43.8 43.77 43.76 43.76 43.69 43.72 43.77 43.74 43.73 43.72 43.77 43.77 43.74 43.7 43.65 43.69 43.71 43.72 43.74 43.74 43.71 43.65 43.66 43.71 43.68 43.66 43.66 43.61 43.62 43.58 43.56 43.58 43.63 43.68 43.68 43.7 43.72 43.66 43.62 43.63 43.63 43.55 43.48 43.46 43.4 43.4 43.4 43.4 43.4 43.38 43.37 43.36 43.37 43.28 43.29 43.29 43.37
43.91 43.84 43.8 43.78 43.78 43.79 43.79 43.75 43.66 43.64 43.71 43.8 43.94 43.91 43.89 43.72 43.58 43.58 43.67 43.8 43.83 43.81 43.81 43.83 43.74 43.71 43.72 43.75 43.7 43.69 43.71 43.79 43.78 43.74 43.7 43.71 43.68 43.7 43.74 43.73 43.73 43.72 43.68 43.67 43.67 43.65 43.63 43.66 43.64 43.62 43.58 43.53 43.57 43.65 43.7 43.67 43.67 43.67 43.65 43.62 43.64 43.66 43.59 43.51 43.49 43.42 43.38 43.4 43.4 43.41 43.4 43.38 43.38 43.37 43.35 43.33 43.3 43.38
43.9 43.79 43.77 43.75 43.75 43.76 43.78 43.74 43.69 43.6 43.67 43.83 44.02 43.97 43.95 43.76 43.56 43.5 43.62 43.77 43.81 43.84 43.85 43.85 43.75 43.75 43.75 43.74 43.7 43.7 43.72 43.78 43.81 43.77 43.73 43.74 43.68 43.69 43.73 43.73 43.71 43.7 43.7 43.66 43.66 43.66 43.62 43.61 43.62 43.62 43.6 43.58 43.6 43.65 43.67 43.62 43.63 43.65 43.64 43.67 43.66 43.63 43.59 43.53 43.51 43.44 43.37 43.4 43.41 43.48 43.44 43.37 43.37 43.39 43.31 43.29 43.29 43.36
43.89 43.81 43.78 43.73 43.73 43.74 43.75 43.8 43.73 43.62 43.66 43.88 44.09 44.07 44 43.78 43.6 43.59 43.66 43.79 43.8 43.79 43.82 43.86 43.83 43.82 43.78 43.77 43.73 43.73 43.74 43.79 43.78 43.76 43.73 43.7 43.68 43.69 43.7 43.75 43.72 43.71 43.72 43.67 43.7 43.7 43.61 43.61 43.63 43.64 43.62 43.59 43.6 43.62 43.64 43.6 43.63 43.67 43.65 43.67 43.69 43.66 43.56 43.49 43.47 43.47 43.44 43.41 43.38 43.43 43.48 43.42 43.37 43.4 43.36 43.35 43.31 43.32
43.87 43.82 43.77 43.71 43.7 43.71 43.73 43.8 43.82 43.66 43.6 43.8 44.01 44.04 43.93 43.74 43.64 43.63 43.69 43.78 43.79 43.79 43.81 43.81 43.81 43.82 43.84 43.74 43.73 43.75 43.74 43.71 43.73 43.75 43.73 43.67 43.7 43.69 43.7 43.76 43.72 43.73 43.72 43.7 43.71 43.7 43.61 43.67 43.68 43.66 43.62 43.57 43.59 43.66 43.61 43.62 43.63 43.63 43.62 43.66 43.69 43.68 43.53 43.47 43.46 43.51 43.48 43.44 43.39 43.43 43.48 43.42 43.36 43.37 43.42 43.38 43.31 43.31
43.83 43.79 43.76 43.7 43.67 43.67 43.7 43.81 43.83 43.75 43.69 43.79 43.94 43.93 43.87 43.75 43.65 43.65 43.63 43.72 43.83 43.81 43.78 43.76 43.8 43.81 43.81 43.72 43.74 43.75 43.72 43.68 43.71 43.76 43.74 43.68 43.69 43.68 43.68 43.72 43.69 43.72 43.71 43.7 43.7 43.69 43.64 43.65 43.67 43.64 43.67 43.64 43.63 43.65 43.63 43.68 43.68 43.66 43.7 43.66 43.65 43.66 43.54 43.48 43.47 43.46 43.5 43.45 43.4 43.42 43.47 43.43 43.36 43.35 43.38 43.35 43.3 43.31
43.81 43.79 43.76 43.69 43.66 43.65 43.68 43.85 43.83 43.79 43.73 43.72 43.84 43.87 43.87 43.77 43.65 43.61 43.53 43.66 43.78 43.77 43.74 43.77 43.82 43.81 43.77 43.74 43.77 43.76 43.72 43.72 43.75 43.78 43.75 43.69 43.68 43.67 43.65 43.68 43.69 43.72 43.68 43.69 43.69 43.69 43.66 43.65 43.65 43.66 43.65 43.73 43.7 43.63 43.6 43.65 43.65 43.68 43.69 43.62 43.6 43.59 43.55 43.53 43.49 43.46 43.49 43.46 43.42 43.42 43.42 43.43 43.4 43.35 43.33 43.32 43.29 43.29
43.79 43.78 43.77 43.71 43.63 43.62 43.66 43.84 43.86 43.83 43.76 43.69 43.78 43.83 43.89 43.78 43.66 43.6 43.49 43.66 43.7 43.71 43.73 43.78 43.84 43.81 43.75 43.72 43.77 43.76 43.77 43.78 43.8 43.81 43.76 43.75 43.74 43.67 43.64 43.7 43.71 43.74 43.73 43.73 43.71 43.68 43.68 43.66 43.67 43.69 43.67 43.7 43.7 43.61 43.62 43.64 43.63 43.65 43.69 43.67 43.62 43.57 43.55 43.54 43.49 43.47 43.44 43.44 43.42 43.41 43.38 43.43 43.43 43.36 43.35 43.33 43.3 43.28
43.73 43.73 43.73 43.72 43.66 43.57 43.64 43.83 43.87 43.85 43.69 43.64 43.74 43.79 43.89 43.81 43.68 43.65 43.58 43.66 43.65 43.68 43.76 43.79 43.84 43.83 43.77 43.71 43.77 43.75 43.77 43.82 43.84 43.82 43.76 43.81 43.8 43.69 43.63 43.71 43.73 43.74 43.7 43.74 43.7 43.68 43.69 43.69 43.7 43.68 43.68 43.72 43.67 43.6 43.64 43.64 43.63 43.65 43.63 43.66 43.67 43.6 43.58 43.57 43.55 43.5 43.41 43.43 43.44 43.38 43.37 43.41 43.43 43.37 43.38 43.36 43.32 43.28
43.69 43.66 43.69 43.72 43.67 43.6 43.57 43.75 43.87 43.85 43.7 43.65 43.64 43.69 43.79 43.8 43.73 43.72 43.67 43.61 43.62 43.67 43.78 43.8 43.84 43.86 43.81 43.75 43.75 43.76 43.77 43.81 43.84 43.81 43.75 43.82 43.8 43.69 43.61 43.74 43.75 43.73 43.73 43.75 43.72 43.67 43.67 43.68 43.68 43.65 43.68 43.71 43.64 43.61 43.63 43.63 43.63 43.61 43.61 43.65 43.69 43.62 43.63 43.63 43.63 43.56 43.45 43.45 43.44 43.38 43.38 43.39 43.45 43.36 43.36 43.36 43.34 43.28
43.67 43.66 43.67 43.7 43.67 43.62 43.51 43.65 43.85 43.86 43.8 43.69 43.53 43.54 43.61 43.71 43.78 43.77 43.69 43.61 43.62 43.67 43.76 43.77 43.83 43.85 43.82 43.74 43.77 43.78 43.75 43.73 43.76 43.8 43.76 43.74 43.75 43.74 43.71 43.74 43.74 43.7 43.7 43.74 43.74 43.69 43.68 43.71 43.72 43.7 43.65 43.66 43.62 43.62 43.61 43.62 43.65 43.61 43.63 43.64 43.67 43.62 43.66 43.67 43.67 43.58 43.51 43.46 43.43 43.39 43.39 43.4 43.5 43.41 43.38 43.37 43.35 43.31
43.7 43.69 43.67 43.66 43.67 43.63 43.52 43.58 43.81 43.85 43.87 43.7 43.52 43.48 43.51 43.7 43.84 43.84 43.75 43.65 43.63 43.66 43.71 43.76 43.77 43.79 43.74 43.76 43.78 43.75 43.72 43.77 43.77 43.77 43.78 43.76 43.76 43.74 43.73 43.72 43.71 43.69 43.69 43.73 43.74 43.72 43.7 43.72 43.73 43.7 43.64 43.64 43.65 43.62 43.6 43.61 43.64 43.65 43.64 43.64 43.64 43.65 43.69 43.69 43.68 43.56 43.51 43.47 43.42 43.41 43.38 43.39 43.47 43.48 43.44 43.37 43.37 43.37
43.72 43.72 43.7 43.67 43.68 43.66 43.55 43.5 43.75 43.83 43.87 43.78 43.63 43.55 43.61 43.81 43.94 43.9 43.75 43.67 43.6 43.58 43.66 43.73 43.74 43.81 43.8 43.76 43.78 43.77 43.72 43.78 43.75 43.73 43.79 43.81 43.79 43.74 43.7 43.72 43.71 43.68 43.68 43.69 43.71 43.72 43.68 43.69 43.7 43.68 43.63 43.64 43.67 43.63 43.61 43.59 43.6 43.66 43.65 43.65 43.67 43.66 43.68 43.64 43.64 43.5 43.44 43.46 43.46 43.51 43.46 43.38 43.43 43.5 43.46 43.41 43.39 43.39
43.72 43.72 43.73 43.71 43.69 43.69 43.59 43.45 43.66 43.79 43.91 43.87 43.76 43.67 43.72 43.91 44 43.92 43.74 43.65 43.61 43.55 43.64 43.77 43.78 43.79 43.81 43.78 43.78 43.8 43.75 43.76 43.73 43.7 43.77 43.79 43.76 43.72 43.72 43.72 43.71 43.69 43.72 43.7 43.71 43.69 43.68 43.67 43.69 43.7 43.63 43.64 43.66 43.65 43.65 43.65 43.62 43.62 43.64 43.61 43.61 43.63 43.66 43.63 43.58 43.54 43.53 43.5 43.44 43.49 43.47 43.41 43.39 43.45 43.44 43.4 43.37 43.34
43.73 43.73 43.74 43.74 43.7 43.7 43.64 43.46 43.61 43.75 43.93 43.97 43.83 43.75 43.79 43.87 43.88 43.87 43.72 43.62 43.6 43.57 43.59 43.73 43.78 43.81 43.78 43.77 43.79 43.8 43.82 43.71 43.7 43.72 43.76 43.75 43.73 43.7 43.72 43.71 43.69 43.72 43.75 43.76 43.74 43.68 43.72 43.7 43.7 43.73 43.68 43.68 43.66 43.66 43.66 43.66 43.63 43.63 43.67 43.67 43.65 43.67 43.7 43.64 43.57 43.57 43.55 43.52 43.45 43.48 43.46 43.41 43.38 43.41 43.41 43.4 43.36 43.38
43.75 43.75 43.73 43.71 43.65 43.68 43.64 43.52 43.59 43.71 43.85 43.91 43.88 43.78 43.72 43.77 43.8 43.83 43.71 43.57 43.55 43.51 43.43 43.55 43.64 43.73 43.76 43.78 43.77 43.78 43.82 43.69 43.72 43.77 43.77 43.72 43.73 43.7 43.69 43.7 43.7 43.73 43.71 43.72 43.72 43.72 43.75 43.71 43.68 43.75 43.69 43.67 43.69 43.67 43.64 43.65 43.62 43.64 43.7 43.68 43.67 43.68 43.69 43.66 43.64 43.63 43.59 43.54 43.48 43.48 43.46 43.4 43.4 43.4 43.43 43.42 43.35 43.39
43.73 43.73 43.72 43.68 43.64 43.67 43.64 43.5 43.47 43.56 43.75 43.92 43.88 43.77 43.64 43.66 43.71 43.79 43.69 43.56 43.53 43.52 43.46 43.55 43.63 43.69 43.76 43.8 43.77 43.77 43.79 43.74 43.76 43.81 43.79 43.73 43.73 43.72 43.7 43.71 43.73 43.72 43.7 43.7 43.72 43.69 43.73 43.73 43.73 43.7 43.72 43.71 43.69 43.67 43.67 43.62 43.59 43.58 43.6 43.62 43.6 43.63 43.64 43.66 43.64 43.61 43.6 43.54 43.46 43.45 43.46 43.45 43.41 43.41 43.44 43.45 43.36 43.36
43.72 43.72 43.72 43.66 43.61 43.62 43.57 43.44 43.44 43.53 43.77 43.87 43.84 43.78 43.69 43.63 43.65 43.7 43.67 43.57 43.57 43.59 43.6 43.67 43.71 43.75 43.78 43.81 43.81 43.8 43.79 43.8 43.77 43.79 43.8 43.77 43.72 43.7 43.68 43.68 43.67 43.66 43.66 43.7 43.74 43.7 43.7 43.69 43.68 43.7 43.59 43.64 43.66 43.62 43.64 43.59 43.59 43.64 43.62 43.57 43.55 43.58 43.62 43.68 43.64 43.6 43.6 43.58 43.49 43.45 43.46 43.49 43.42 43.43 43.43 43.48 43.37 43.35
43.72 43.72 43.71 43.67 43.63 43.63 43.6 43.51 43.56 43.53 43.67 43.81 43.81 43.8 43.74 43.61 43.6 43.65 43.69 43.63 43.63 43.64 43.67 43.71 43.74 43.8 43.81 43.79 43.81 43.79 43.76 43.76 43.71 43.71 43.76 43.76 43.72 43.71 43.72 43.71 43.69 43.69 43.67 43.72 43.76 43.72 43.74 43.71 43.68 43.7 43.6 43.59 43.62 43.68 43.7 43.68 43.66 43.65 43.64 43.59 43.57 43.55 43.6 43.66 43.62 43.59 43.59 43.58 43.52 43.48 43.49 43.51 43.44 43.44 43.41 43.49 43.38 43.38
43.72 43.72 43.66 43.67 43.66 43.68 43.69 43.64 43.66 43.59 43.6 43.76 43.78 43.8 43.75 43.6 43.59 43.65 43.72 43.7 43.68 43.64 43.67 43.71 43.74 43.77 43.76 43.76 43.77 43.76 43.77 43.77 43.73 43.66 43.68 43.71 43.7 43.72 43.73 43.75 43.72 43.69 43.73 43.73 43.73 43.69 43.75 43.72 43.68 43.68 43.65 43.62 43.65 43.67 43.66 43.68 43.72 43.69 43.66 43.56 43.55 43.56 43.59 43.65 43.65 43.65 43.62 43.6 43.52 43.52 43.53 43.52 43.42 43.43 43.39 43.46 43.45 43.42
43.72 43.73 43.68 43.7 43.7 43.71 43.71 43.7 43.7 43.67 43.61 43.7 43.73 43.78 43.75 43.65 43.59 43.6 43.67 43.66 43.66 43.62 43.67 43.71 43.74 43.75 43.76 43.77 43.77 43.74 43.78 43.76 43.73 43.73 43.7 43.71 43.72 43.77 43.76 43.77 43.77 43.72 43.69 43.7 43.73 43.7 43.75 43.72 43.69 43.67 43.66 43.66 43.66 43.63 43.61 43.65 43.7 43.7 43.66 43.55 43.55 43.59 43.59 43.64 43.7 43.72 43.7 43.66 43.56 43.54 43.53 43.49 43.44 43.42 43.38 43.41 43.47 43.43
43.73 43.74 43.72 43.72 43.73 43.7 43.67 43.71 43.73 43.71 43.62 43.61 43.67 43.74 43.76 43.69 43.6 43.49 43.53 43.57 43.57 43.59 43.66 43.68 43.74 43.75 43.72 43.78 43.83 43.76 43.84 43.8 43.74 43.7 43.7 43.72 43.75 43.79 43.73 43.77 43.75 43.72 43.67 43.68 43.72 43.7 43.72 43.73 43.72 43.68 43.68 43.66 43.63 43.61 43.6 43.64 43.65 43.67 43.64 43.6 43.59 43.61 43.58 43.57 43.65 43.68 43.66 43.65 43.62 43.61 43.58 43.49 43.45 43.43 43.41 43.39 43.45 43.43
43.73 43.74 43.72 43.72 43.72 43.68 43.65 43.72 43.72 43.71 43.63 43.56 43.63 43.73 43.77 43.68 43.52 43.33 43.37 43.39 43.48 43.58 43.65 43.68 43.71 43.67 43.7 43.78 43.84 43.83 43.83 43.82 43.79 43.77 43.77 43.74 43.72 43.78 43.69 43.72 43.76 43.73 43.7 43.68 43.69 43.68 43.69 43.71 43.7 43.69 43.7 43.67 43.61 43.6 43.63 43.63 43.66 43.67 43.63 43.6 43.64 43.61 43.58 43.57 43.68 43.62 43.62 43.6 43.63 43.62 43.57 43.46 43.49 43.47 43.39 43.37 43.44 43.44
43.73 43.73 43.71 43.71 43.72 43.69 43.65 43.72 43.72 43.68 43.6 43.53 43.59 43.7 43.75 43.61 43.48 43.36 43.43 43.45 43.5 43.64 43.71 43.72 43.69 43.57 43.7 43.75 43.78 43.78 43.77 43.79 43.81 43.8 43.75 43.71 43.7 43.72 43.67 43.71 43.77 43.74 43.74 43.72 43.67 43.67 43.69 43.7 43.65 43.68 43.71 43.69 43.63 43.65 43.66 43.67 43.68 43.65 43.62 43.56 43.61 43.62 43.62 43.64 43.69 43.69 43.65 43.58 43.65 43.59 43.5 43.49 43.48 43.49 43.44 43.4 43.37 43.41
43.73 43.71 43.7 43.69 43.7 43.71 43.64 43.64 43.67 43.66 43.57 43.51 43.55 43.7 43.77 43.73 43.62 43.5 43.44 43.45 43.51 43.66 43.72 43.72 43.68 43.62 43.72 43.75 43.77 43.83 43.77 43.8 43.79 43.75 43.74 43.69 43.69 43.71 43.7 43.73 43.77 43.74 43.75 43.75 43.68 43.7 43.73 43.71 43.64 43.72 43.7 43.7 43.66 43.68 43.67 43.67 43.68 43.62 43.64 43.57 43.56 43.57 43.59 43.64 43.67 43.68 43.69 43.66 43.66 43.63 43.57 43.55 43.44 43.47 43.45 43.39 43.38 43.37
43.72 43.69 43.68 43.67 43.69 43.71 43.65 43.62 43.65 43.62 43.56 43.54 43.59 43.73 43.79 43.74 43.62 43.51 43.45 43.46 43.52 43.66 43.68 43.68 43.68 43.69 43.74 43.77 43.79 43.87 43.81 43.83 43.79 43.74 43.76 43.71 43.7 43.76 43.75 43.76 43.78 43.77 43.76 43.75 43.69 43.72 43.76 43.74 43.7 43.72 43.69 43.66 43.65 43.68 43.65 43.66 43.72 43.65 43.67 43.63 43.6 43.6 43.61 43.61 43.66 43.67 43.71 43.68 43.69 43.67 43.62 43.56 43.48 43.47 43.49 43.4 43.38 43.36
43.7 43.66 43.65 43.65 43.67 43.67 43.63 43.61 43.64 43.63 43.59 43.6 43.64 43.72 43.76 43.74 43.68 43.64 43.57 43.55 43.56 43.63 43.64 43.65 43.66 43.7 43.72 43.72 43.68 43.82 43.8 43.82 43.8 43.78 43.76 43.72 43.71 43.77 43.78 43.79 43.77 43.77 43.76 43.75 43.71 43.66 43.7 43.76 43.75 43.69 43.7 43.68 43.71 43.71 43.69 43.64 43.69 43.71 43.68 43.63 43.58 43.56 43.53 43.55 43.63 43.66 43.72 43.69 43.66 43.66 43.66 43.61 43.55 43.52 43.48 43.4 43.39 43.37
43.69 43.64 43.63 43.64 43.64 43.65 43.62 43.62 43.63 43.66 43.63 43.63 43.63 43.71 43.76 43.77 43.79 43.76 43.7 43.64 43.58 43.6 43.63 43.64 43.66 43.65 43.64 43.62 43.52 43.74 43.74 43.76 43.77 43.74 43.75 43.76 43.71 43.7 43.74 43.79 43.78 43.77 43.75 43.73 43.72 43.69 43.68 43.71 43.74 43.73 43.76 43.73 43.72 43.73 43.71 43.67 43.69 43.71 43.71 43.67 43.59 43.56 43.54 43.57 43.63 43.65 43.65 43.68 43.65 43.66 43.66 43.63 43.58 43.53 43.48 43.42 43.42 43.38
