slabs/42.grd
DSAA
631 301
644520 645150
4946300 4946600
39.16 48.27
[rows 136 to 169 of 301, columns 0 to 77 of 631]
42.29 42.37 42.34 42.33 42.35 42.4 42.42 42.37 42.29 42.29 42.27 42.26 42.2 42.1 42.15 42.13 42.09 42.13 42.15 42.15 42.19 42.16 42.14 42.1 42.1 42.07 42.07 42.1 42.11 42.09 42.13 42.13 42.12 42.18 42.17 42.15 42.15 42.15 42.2 42.25 42.24 42.2 42.17 42.15 42.14 42.15 42.18 42.2 42.28 42.24 42.19 42.11 42.04 41.97 42.02 42.11 42.14 42.1 42.05 42.07 42.05 42.08 42.1 42.06 41.98 41.99 42.04 42.1 42.17 42.14 42.04 41.94 41.98 41.88 41.77 41.82 41.79 41.84
42.33 42.34 42.38 42.34 42.34 42.36 42.43 42.37 42.3 42.3 42.27 42.25 42.26 42.17 42.19 42.15 42.1 42.12 42.18 42.18 42.2 42.16 42.16 42.12 42.11 42.1 42.13 42.1 42.12 42.09 42.12 42.12 42.14 42.21 42.17 42.14 42.19 42.21 42.23 42.23 42.25 42.18 42.15 42.15 42.17 42.17 42.16 42.19 42.27 42.26 42.23 42.1 42.02 42.01 41.99 42.02 42.09 42.07 42.02 42.02 42.12 42.12 42.16 42.11 42.03 42.04 42.04 42.12 42.19 42.18 42.07 41.99 42.04 41.96 41.81 41.8 41.79 41.81
42.41 42.31 42.37 42.35 42.31 42.31 42.36 42.34 42.27 42.27 42.22 42.24 42.23 42.18 42.2 42.15 42.09 42.15 42.21 42.2 42.17 42.18 42.19 42.14 42.13 42.12 42.13 42.12 42.15 42.13 42.11 42.12 42.14 42.2 42.16 42.15 42.2 42.23 42.24 42.23 42.23 42.13 42.13 42.17 42.19 42.22 42.18 42.21 42.2 42.21 42.24 42.12 41.99 41.99 42 42.01 42.05 42.06 42.02 42.02 42.05 42.07 42.13 42.15 42.1 42.11 42.07 42.07 42.1 42.13 42.13 42.11 42.07 41.98 41.82 41.73 41.74 41.78
42.4 42.3 42.29 42.29 42.29 42.32 42.42 42.4 42.28 42.26 42.21 42.22 42.25 42.22 42.12 42.11 42.13 42.12 42.13 42.17 42.16 42.18 42.19 42.15 42.11 42.16 42.13 42.1 42.14 42.14 42.11 42.13 42.16 42.19 42.16 42.16 42.18 42.21 42.22 42.23 42.21 42.13 42.15 42.19 42.21 42.23 42.21 42.24 42.21 42.23 42.26 42.13 42.07 42.09 42.08 42.03 42.04 42.06 42.06 42.02 42.06 42.06 42.12 42.18 42.15 42.12 42.09 42.09 42.08 42.08 42.06 42.06 42.06 42 41.88 41.76 41.72 41.73
42.35 42.29 42.33 42.33 42.31 42.29 42.34 42.33 42.28 42.26 42.22 42.23 42.22 42.19 42.14 42.13 42.15 42.16 42.15 42.16 42.18 42.18 42.18 42.17 42.11 42.19 42.16 42.11 42.12 42.13 42.12 42.14 42.2 42.19 42.17 42.16 42.2 42.25 42.24 42.19 42.21 42.2 42.15 42.17 42.24 42.22 42.23 42.23 42.18 42.2 42.2 42.16 42.13 42.11 42.04 41.99 42.1 42.12 42.06 41.99 42.03 42.07 42.1 42.12 42.09 42.08 42.07 42.06 42.12 42.11 42.1 42.1 42.09 42.02 41.96 41.81 41.73 41.7
42.32 42.31 42.31 42.31 42.28 42.3 42.34 42.33 42.28 42.24 42.22 42.22 42.21 42.28 42.27 42.24 42.2 42.14 42.14 42.16 42.17 42.19 42.2 42.19 42.15 42.21 42.2 42.15 42.1 42.12 42.13 42.14 42.2 42.16 42.17 42.15 42.2 42.23 42.25 42.21 42.2 42.21 42.17 42.16 42.24 42.23 42.18 42.14 42.13 42.14 42.19 42.18 42.06 42.07 42.06 42.03 42.07 42.1 42.1 42.02 42.05 42.07 42.11 42.09 42.07 42.09 42.06 42.05 42.1 42.1 42.14 42.12 42.11 42.02 42.02 41.85 41.78 41.71
42.32 42.36 42.31 42.31 42.28 42.29 42.3 42.32 42.29 42.27 42.25 42.25 42.26 42.32 42.33 42.29 42.22 42.15 42.15 42.14 42.12 42.18 42.21 42.2 42.16 42.2 42.18 42.14 42.08 42.09 42.11 42.14 42.17 42.12 42.16 42.16 42.16 42.19 42.23 42.24 42.22 42.19 42.13 42.17 42.26 42.21 42.16 42.14 42.13 42.15 42.19 42.16 42.11 42.09 42.08 42.05 42.08 42.12 42.16 42.09 42.08 42.1 42.14 42.08 42.1 42.13 42.09 42.06 42.08 42.09 42.12 42.1 42.08 42.02 42.03 41.88 41.83 41.74
42.32 42.36 42.32 42.3 42.28 42.28 42.36 42.35 42.3 42.34 42.31 42.27 42.28 42.3 42.3 42.27 42.22 42.19 42.18 42.13 42.1 42.15 42.19 42.18 42.14 42.15 42.14 42.12 42.13 42.12 42.13 42.15 42.14 42.1 42.13 42.14 42.2 42.22 42.24 42.31 42.22 42.18 42.12 42.12 42.11 42.1 42.11 42.07 42.08 42.14 42.22 42.14 42.1 42.07 42.1 42.08 42.09 42.14 42.19 42.15 42.12 42.11 42.16 42.12 42.13 42.13 42.14 42.11 42.1 42.09 42.09 42.11 42.1 42.07 42.01 41.91 41.88 41.73
42.33 42.33 42.32 42.32 42.29 42.29 42.4 42.35 42.31 42.35 42.32 42.27 42.27 42.28 42.27 42.25 42.19 42.18 42.16 42.12 42.1 42.15 42.19 42.16 42.14 42.1 42.12 42.11 42.15 42.13 42.12 42.09 42.18 42.15 42.11 42.13 42.24 42.23 42.23 42.3 42.29 42.25 42.16 42.13 42.05 42.06 42.09 42.14 42.08 42.12 42.16 42.1 42.08 42.09 42.13 42.1 42.09 42.13 42.18 42.19 42.16 42.11 42.15 42.17 42.17 42.13 42.13 42.12 42.09 42.07 42.06 42.09 42.08 42.08 42.05 41.98 41.95 41.84
42.33 42.32 42.32 42.34 42.32 42.3 42.35 42.33 42.33 42.33 42.31 42.27 42.29 42.3 42.31 42.26 42.16 42.16 42.15 42.11 42.14 42.14 42.17 42.17 42.13 42.14 42.14 42.12 42.16 42.14 42.13 42.18 42.16 42.15 42.11 42.15 42.24 42.22 42.19 42.24 42.25 42.22 42.15 42.11 42.09 42.09 42.07 42.15 42.12 42.13 42.15 42.09 42.08 42.11 42.16 42.1 42.09 42.11 42.17 42.21 42.2 42.13 42.15 42.15 42.14 42.18 42.12 42.08 42.08 42.07 42.08 42.08 42.08 42.1 42.08 41.96 41.92 41.81
42.32 42.33 42.33 42.34 42.34 42.28 42.3 42.35 42.34 42.34 42.32 42.3 42.32 42.3 42.31 42.28 42.17 42.12 42.13 42.15 42.16 42.15 42.19 42.18 42.11 42.17 42.14 42.14 42.17 42.16 42.14 42.2 42.2 42.18 42.12 42.14 42.19 42.19 42.18 42.18 42.21 42.19 42.13 42.11 42.13 42.09 42.02 42.11 42.15 42.14 42.18 42.16 42.12 42.11 42.15 42.1 42.09 42.09 42.14 42.21 42.22 42.18 42.13 42.13 42.17 42.19 42.19 42.07 42.07 42.08 42.06 42.06 42.1 42.13 42.09 42.06 41.98 41.88
42.33 42.34 42.34 42.35 42.36 42.26 42.3 42.37 42.34 42.3 42.31 42.31 42.26 42.26 42.29 42.24 42.15 42.16 42.12 42.1 42.1 42.16 42.18 42.19 42.16 42.16 42.16 42.17 42.15 42.17 42.19 42.19 42.23 42.2 42.16 42.15 42.18 42.17 42.18 42.2 42.18 42.17 42.12 42.11 42.12 42.1 42.04 42.07 42.13 42.12 42.18 42.22 42.17 42.12 42.13 42.11 42.09 42.08 42.12 42.16 42.18 42.18 42.14 42.25 42.22 42.23 42.2 42.16 42.15 42.11 42.04 42.05 42.07 42.14 42.12 42.09 42.03 41.93
42.34 42.33 42.35 42.31 42.34 42.29 42.29 42.33 42.31 42.31 42.31 42.3 42.24 42.28 42.27 42.23 42.24 42.23 42.17 42.08 42.05 42.08 42.12 42.16 42.18 42.18 42.17 42.19 42.17 42.2 42.22 42.19 42.21 42.2 42.19 42.16 42.16 42.15 42.18 42.19 42.18 42.17 42.13 42.1 42.11 42.13 42.1 42.07 42.08 42.09 42.14 42.22 42.17 42.13 42.17 42.16 42.13 42.1 42.08 42.2 42.18 42.18 42.18 42.24 42.19 42.2 42.21 42.17 42.17 42.16 42.13 42.12 42.06 42.1 42.09 42.06 41.98 41.91
42.37 42.31 42.35 42.33 42.34 42.32 42.3 42.31 42.28 42.24 42.27 42.34 42.32 42.32 42.3 42.28 42.27 42.2 42.18 42.11 42.07 42.1 42.14 42.13 42.15 42.16 42.17 42.2 42.17 42.17 42.2 42.18 42.16 42.17 42.17 42.15 42.15 42.15 42.19 42.17 42.19 42.16 42.16 42.13 42.13 42.16 42.14 42.12 42.09 42.1 42.11 42.2 42.17 42.13 42.15 42.15 42.15 42.17 42.12 42.15 42.19 42.18 42.15 42.19 42.18 42.15 42.25 42.23 42.2 42.12 42.18 42.16 42.13 42.09 42.1 42.07 42 41.93
42.37 42.3 42.31 42.34 42.33 42.37 42.34 42.3 42.25 42.24 42.27 42.33 42.3 42.31 42.34 42.37 42.31 42.27 42.24 42.19 42.12 42.13 42.14 42.15 42.14 42.15 42.19 42.18 42.15 42.14 42.16 42.17 42.15 42.14 42.12 42.13 42.18 42.17 42.19 42.21 42.19 42.16 42.2 42.15 42.13 42.14 42.16 42.13 42.11 42.08 42.07 42.11 42.11 42.13 42.17 42.16 42.16 42.17 42.18 42.23 42.26 42.24 42.19 42.2 42.19 42.15 42.21 42.21 42.19 42.14 42.21 42.2 42.17 42.1 42.15 42.12 42.06 41.94
42.39 42.39 42.35 42.29 42.35 42.36 42.34 42.3 42.32 42.3 42.28 42.28 42.32 42.31 42.36 42.39 42.32 42.33 42.28 42.22 42.14 42.14 42.13 42.18 42.17 42.17 42.19 42.15 42.14 42.13 42.14 42.16 42.17 42.14 42.13 42.15 42.21 42.2 42.19 42.15 42.17 42.19 42.22 42.12 42.13 42.13 42.16 42.1 42.08 42.11 42.13 42.13 42.12 42.16 42.18 42.2 42.18 42.19 42.2 42.19 42.24 42.23 42.25 42.21 42.16 42.17 42.2 42.2 42.21 42.2 42.19 42.19 42.16 42.13 42.17 42.15 42.1 41.95
42.45 42.41 42.35 42.3 42.3 42.36 42.4 42.31 42.3 42.33 42.32 42.3 42.32 42.31 42.36 42.39 42.31 42.33 42.29 42.21 42.15 42.15 42.13 42.15 42.15 42.16 42.17 42.15 42.1 42.12 42.13 42.15 42.19 42.18 42.2 42.2 42.18 42.14 42.18 42.19 42.19 42.19 42.19 42.12 42.1 42.13 42.16 42.12 42.1 42.12 42.11 42.12 42.12 42.16 42.17 42.24 42.21 42.24 42.23 42.19 42.22 42.23 42.26 42.21 42.13 42.24 42.22 42.23 42.25 42.22 42.15 42.15 42.15 42.16 42.12 42.13 42.13 42.01
42.41 42.36 42.33 42.31 42.32 42.29 42.35 42.36 42.34 42.34 42.31 42.33 42.33 42.31 42.35 42.35 42.3 42.3 42.28 42.21 42.16 42.16 42.16 42.09 42.09 42.13 42.16 42.15 42.07 42.1 42.13 42.17 42.17 42.22 42.2 42.24 42.21 42.16 42.17 42.21 42.2 42.19 42.17 42.13 42.13 42.15 42.1 42.1 42.11 42.12 42.13 42.12 42.13 42.18 42.18 42.22 42.25 42.29 42.26 42.23 42.22 42.21 42.23 42.19 42.1 42.22 42.22 42.25 42.28 42.22 42.16 42.16 42.14 42.16 42.12 42.15 42.16 42.08
42.34 42.29 42.27 42.29 42.34 42.28 42.28 42.37 42.37 42.36 42.34 42.32 42.35 42.34 42.35 42.3 42.29 42.27 42.24 42.24 42.2 42.16 42.13 42.09 42.11 42.14 42.18 42.16 42.16 42.13 42.15 42.19 42.18 42.18 42.21 42.15 42.17 42.2 42.18 42.14 42.14 42.16 42.16 42.13 42.13 42.15 42.14 42.17 42.17 42.16 42.12 42.12 42.14 42.21 42.2 42.21 42.26 42.31 42.31 42.27 42.21 42.19 42.22 42.2 42.12 42.13 42.19 42.24 42.31 42.23 42.24 42.21 42.17 42.22 42.21 42.22 42.2 42.09
42.34 42.33 42.29 42.28 42.34 42.29 42.25 42.34 42.35 42.37 42.39 42.29 42.33 42.34 42.34 42.3 42.27 42.25 42.25 42.27 42.27 42.22 42.13 42.12 42.12 42.12 42.17 42.14 42.14 42.13 42.17 42.21 42.19 42.19 42.22 42.16 42.16 42.19 42.18 42.15 42.15 42.16 42.2 42.15 42.16 42.14 42.13 42.18 42.18 42.16 42.1 42.12 42.15 42.23 42.24 42.23 42.25 42.29 42.32 42.29 42.22 42.23 42.28 42.26 42.2 42.13 42.17 42.22 42.27 42.27 42.26 42.23 42.17 42.19 42.21 42.18 42.15 42.12
42.38 42.41 42.34 42.27 42.31 42.28 42.24 42.32 42.35 42.35 42.37 42.31 42.31 42.33 42.35 42.38 42.35 42.31 42.32 42.26 42.19 42.2 42.12 42.09 42.09 42.13 42.17 42.13 42.15 42.16 42.14 42.19 42.18 42.17 42.18 42.16 42.16 42.17 42.18 42.2 42.2 42.17 42.2 42.2 42.18 42.1 42.12 42.15 42.18 42.18 42.13 42.13 42.15 42.22 42.26 42.27 42.27 42.27 42.27 42.26 42.22 42.26 42.33 42.29 42.24 42.16 42.17 42.2 42.24 42.27 42.28 42.27 42.22 42.2 42.2 42.14 42.12 42.13
42.41 42.42 42.37 42.3 42.28 42.28 42.28 42.33 42.38 42.37 42.37 42.38 42.34 42.36 42.39 42.39 42.41 42.37 42.32 42.26 42.24 42.23 42.08 42.04 42.05 42.08 42.15 42.19 42.2 42.21 42.15 42.15 42.15 42.16 42.2 42.13 42.15 42.17 42.19 42.19 42.2 42.18 42.19 42.22 42.19 42.13 42.14 42.16 42.2 42.2 42.21 42.18 42.16 42.18 42.23 42.25 42.25 42.27 42.27 42.23 42.17 42.21 42.26 42.28 42.28 42.22 42.19 42.23 42.25 42.17 42.2 42.22 42.19 42.24 42.21 42.18 42.14 42.11
42.38 42.39 42.38 42.3 42.23 42.28 42.36 42.32 42.31 42.31 42.33 42.39 42.37 42.36 42.4 42.39 42.39 42.36 42.3 42.28 42.25 42.2 42.09 42.08 42.07 42.07 42.11 42.16 42.15 42.19 42.16 42.12 42.11 42.16 42.21 42.15 42.17 42.2 42.2 42.18 42.18 42.2 42.23 42.22 42.2 42.18 42.14 42.17 42.22 42.18 42.24 42.23 42.2 42.18 42.23 42.27 42.25 42.29 42.25 42.21 42.12 42.22 42.27 42.28 42.25 42.24 42.22 42.24 42.31 42.19 42.2 42.24 42.17 42.23 42.21 42.17 42.17 42.14
42.29 42.3 42.36 42.33 42.26 42.31 42.36 42.3 42.27 42.31 42.34 42.34 42.38 42.38 42.37 42.33 42.33 42.34 42.31 42.24 42.22 42.18 42.14 42.1 42.08 42.06 42.09 42.12 42.12 42.16 42.15 42.11 42.11 42.17 42.18 42.19 42.21 42.2 42.2 42.2 42.18 42.2 42.24 42.21 42.18 42.15 42.14 42.17 42.19 42.15 42.16 42.19 42.21 42.2 42.25 42.28 42.26 42.3 42.31 42.29 42.22 42.22 42.28 42.28 42.26 42.29 42.26 42.25 42.31 42.17 42.21 42.28 42.24 42.27 42.23 42.16 42.15 42.15
42.23 42.24 42.32 42.37 42.32 42.31 42.28 42.26 42.27 42.31 42.37 42.34 42.37 42.34 42.36 42.34 42.32 42.33 42.32 42.22 42.22 42.21 42.13 42.06 42.05 42.07 42.08 42.1 42.12 42.17 42.15 42.09 42.13 42.18 42.13 42.16 42.2 42.17 42.18 42.2 42.21 42.19 42.21 42.21 42.22 42.21 42.09 42.12 42.17 42.21 42.2 42.21 42.2 42.2 42.18 42.21 42.2 42.24 42.27 42.27 42.28 42.27 42.28 42.28 42.29 42.3 42.28 42.25 42.25 42.18 42.21 42.29 42.27 42.27 42.22 42.17 42.15 42.14
42.28 42.28 42.29 42.33 42.28 42.26 42.23 42.23 42.24 42.29 42.38 42.43 42.44 42.39 42.37 42.35 42.32 42.33 42.35 42.26 42.25 42.23 42.1 42.04 42.05 42.08 42.08 42.1 42.13 42.18 42.18 42.1 42.15 42.17 42.09 42.11 42.16 42.16 42.19 42.21 42.26 42.24 42.3 42.29 42.26 42.21 42.16 42.16 42.2 42.2 42.14 42.18 42.25 42.23 42.21 42.22 42.19 42.2 42.23 42.3 42.25 42.17 42.21 42.27 42.29 42.28 42.26 42.23 42.21 42.21 42.24 42.3 42.27 42.27 42.23 42.17 42.16 42.12
42.33 42.31 42.28 42.31 42.22 42.21 42.22 42.23 42.22 42.29 42.37 42.39 42.4 42.38 42.39 42.37 42.34 42.32 42.32 42.26 42.26 42.21 42.11 42.08 42.08 42.08 42.09 42.13 42.15 42.2 42.23 42.17 42.19 42.21 42.15 42.14 42.15 42.16 42.19 42.18 42.2 42.25 42.31 42.31 42.25 42.22 42.26 42.22 42.19 42.21 42.17 42.18 42.23 42.19 42.2 42.25 42.24 42.18 42.2 42.27 42.27 42.25 42.24 42.24 42.28 42.26 42.23 42.22 42.18 42.27 42.27 42.29 42.27 42.31 42.27 42.2 42.13 42.1
42.25 42.24 42.24 42.25 42.21 42.22 42.23 42.21 42.23 42.28 42.33 42.31 42.34 42.36 42.37 42.36 42.36 42.31 42.28 42.24 42.25 42.21 42.13 42.12 42.12 42.11 42.1 42.13 42.14 42.18 42.26 42.24 42.2 42.15 42.11 42.11 42.15 42.12 42.18 42.16 42.18 42.23 42.28 42.26 42.23 42.21 42.27 42.24 42.2 42.21 42.19 42.19 42.21 42.19 42.21 42.24 42.27 42.22 42.23 42.27 42.31 42.36 42.32 42.27 42.28 42.26 42.24 42.22 42.19 42.3 42.27 42.25 42.26 42.31 42.29 42.24 42.12 42.13
42.16 42.15 42.19 42.27 42.27 42.27 42.25 42.23 42.26 42.31 42.35 42.28 42.35 42.39 42.32 42.31 42.35 42.34 42.3 42.27 42.27 42.22 42.18 42.18 42.19 42.11 42.14 42.15 42.16 42.13 42.21 42.22 42.24 42.17 42.15 42.12 42.1 42.1 42.12 42.14 42.18 42.25 42.22 42.22 42.22 42.21 42.22 42.22 42.22 42.22 42.2 42.19 42.2 42.23 42.24 42.24 42.28 42.3 42.3 42.3 42.32 42.37 42.36 42.34 42.28 42.26 42.26 42.27 42.26 42.24 42.23 42.21 42.23 42.26 42.29 42.24 42.13 42.13
42.2 42.15 42.15 42.3 42.31 42.29 42.3 42.28 42.29 42.37 42.43 42.28 42.35 42.39 42.33 42.31 42.34 42.35 42.32 42.35 42.31 42.23 42.24 42.24 42.23 42.13 42.12 42.12 42.15 42.15 42.13 42.16 42.17 42.11 42.11 42.11 42.12 42.13 42.11 42.12 42.17 42.23 42.23 42.2 42.24 42.25 42.24 42.23 42.25 42.26 42.24 42.24 42.22 42.25 42.26 42.26 42.29 42.34 42.33 42.31 42.33 42.36 42.38 42.35 42.25 42.26 42.32 42.38 42.29 42.21 42.21 42.21 42.2 42.19 42.23 42.27 42.23 42.2
42.28 42.22 42.12 42.27 42.28 42.29 42.32 42.31 42.28 42.34 42.41 42.32 42.35 42.36 42.37 42.35 42.33 42.32 42.33 42.37 42.35 42.29 42.25 42.25 42.21 42.08 42.08 42.08 42.05 42.09 42.17 42.16 42.14 42.06 42.09 42.14 42.17 42.13 42.15 42.15 42.17 42.23 42.25 42.21 42.25 42.25 42.25 42.24 42.28 42.29 42.28 42.28 42.25 42.27 42.28 42.31 42.3 42.28 42.27 42.31 42.37 42.36 42.38 42.3 42.25 42.32 42.35 42.38 42.33 42.3 42.23 42.23 42.25 42.23 42.28 42.25 42.21 42.2
42.28 42.26 42.13 42.23 42.26 42.29 42.26 42.26 42.26 42.27 42.29 42.29 42.31 42.36 42.38 42.33 42.3 42.28 42.37 42.35 42.29 42.28 42.29 42.3 42.27 42.1 42.06 42.06 42.05 42.04 42.13 42.12 42.14 42.09 42.09 42.13 42.18 42.17 42.16 42.17 42.15 42.21 42.23 42.23 42.24 42.24 42.23 42.25 42.31 42.28 42.27 42.26 42.28 42.29 42.31 42.37 42.33 42.27 42.29 42.34 42.38 42.35 42.39 42.32 42.22 42.22 42.26 42.3 42.27 42.26 42.22 42.19 42.21 42.23 42.22 42.19 42.16 42.14
42.21 42.22 42.16 42.25 42.3 42.29 42.27 42.28 42.27 42.31 42.27 42.27 42.32 42.39 42.39 42.36 42.33 42.27 42.29 42.29 42.29 42.28 42.34 42.32 42.28 42.17 42.09 42.07 42.05 42.07 42.07 42.1 42.14 42.16 42.1 42.13 42.18 42.23 42.19 42.17 42.15 42.19 42.22 42.24 42.2 42.28 42.27 42.3 42.31 42.25 42.26 42.27 42.3 42.3 42.29 42.35 42.37 42.3 42.3 42.36 42.36 42.34 42.35 42.32 42.28 42.26 42.27 42.33 42.29 42.25 42.19 42.2 42.19 42.19 42.19 42.16 42.2 42.18
42.21 42.22 42.18 42.2 42.22 42.25 42.33 42.31 42.3 42.28 42.25 42.29 42.32 42.41 42.41 42.38 42.34 42.31 42.3 42.29 42.27 42.26 42.31 42.28 42.24 42.17 42.12 42.09 42.06 42.08 42.03 42.08 42.14 42.21 42.14 42.13 42.17 42.24 42.21 42.17 42.17 42.2 42.23 42.26 42.16 42.28 42.3 42.33 42.33 42.24 42.29 42.32 42.25 42.29 42.32 42.36 42.41 42.36 42.31 42.32 42.31 42.35 42.4 42.35 42.35 42.31 42.27 42.32 42.3 42.24 42.15 42.18 42.2 42.2 42.18 42.13 42.18 42.18
