slabs/42.grd
DSAA
631 301
644520 645150
4946300 4946600
39.16 48.27
[rows 68 to 101 of 301, columns 156 to 233 of 631]
42.88 42.93 43.02 43.01 42.96 42.95 43 43.04 43.02 43 42.94 43.03 43.1 43.16 43.2 43.15 43.09 42.96 42.93 42.96 43.05 43.2 43.25 43.33 43.34 43.42 43.48 43.32 43.35 43.42 43.49 43.56 43.59 43.56 43.52 43.54 43.59 43.62 43.6 43.64 43.84 44.02 43.98 43.92 43.84 43.86 43.83 43.85 43.87 43.92 43.9 43.9 43.98 43.98 43.88 43.93 44.04 44.13 44.15 44.24 44.33 44.22 44.22 44.23 44.23 44.4 44.36 44.32 44.39 44.39 44.36 44.33 44.33 44.36 44.41 44.47 44.52 44.47
42.85 42.91 43 43.03 42.98 42.97 42.96 43 43.02 43.01 42.88 43 43.07 43.18 43.19 43.14 43.11 43.01 42.86 43 43.07 43.21 43.25 43.28 43.29 43.36 43.4 43.34 43.36 43.41 43.46 43.5 43.57 43.56 43.52 43.54 43.62 43.63 43.6 43.63 43.82 43.99 43.98 43.91 43.8 43.84 43.83 43.83 43.87 43.91 43.84 43.88 44 43.99 43.96 43.95 44.05 44.14 44.16 44.28 44.33 44.23 44.2 44.21 44.29 44.39 44.34 44.3 44.36 44.34 44.32 44.31 44.3 44.37 44.4 44.44 44.51 44.5
42.84 42.92 42.96 43 42.98 42.99 42.92 42.97 42.99 42.99 42.95 42.97 43.03 43.13 43.17 43.12 43.11 43.04 42.92 43 43.06 43.2 43.23 43.23 43.27 43.35 43.35 43.37 43.39 43.39 43.43 43.43 43.48 43.52 43.44 43.49 43.59 43.55 43.58 43.63 43.8 43.91 44 43.97 43.85 43.84 43.85 43.84 43.92 43.93 43.87 43.88 43.94 43.91 43.93 44 44.05 44.12 44.14 44.27 44.31 44.22 44.22 44.19 44.24 44.32 44.3 44.29 44.34 44.33 44.32 44.35 44.3 44.34 44.35 44.38 44.44 44.46
42.8 42.91 42.96 42.95 42.94 42.92 42.86 42.86 42.9 42.96 42.98 42.97 42.97 43.07 43.14 43.09 43.11 43.11 43.03 42.97 43 43.13 43.15 43.16 43.24 43.32 43.39 43.42 43.44 43.39 43.4 43.36 43.39 43.47 43.46 43.47 43.52 43.59 43.58 43.61 43.71 43.87 44.07 44.05 43.94 43.88 43.91 43.88 43.93 43.95 43.92 43.94 43.9 43.89 43.91 44.01 44.03 44.13 44.18 44.29 44.25 44.23 44.22 44.17 44.19 44.31 44.32 44.31 44.34 44.35 44.33 44.36 44.32 44.31 44.29 44.3 44.33 44.35
42.78 42.87 42.87 42.87 42.88 42.84 42.76 42.77 42.83 42.96 42.96 42.9 42.92 43.03 43.12 43.09 43.11 43.14 43.06 43.01 42.97 43.01 43.06 43.11 43.19 43.29 43.42 43.43 43.41 43.35 43.37 43.35 43.41 43.47 43.47 43.46 43.49 43.56 43.53 43.6 43.7 43.89 43.99 44.01 43.93 43.81 43.86 43.91 43.88 43.87 43.87 43.92 43.93 43.9 43.92 44 44.05 44.07 44.15 44.27 44.19 44.21 44.2 44.15 44.2 44.37 44.41 44.35 44.35 44.34 44.3 44.29 44.26 44.26 44.26 44.29 44.25 44.28
42.78 42.85 42.84 42.8 42.84 42.81 42.72 42.77 42.83 42.97 42.96 42.84 42.88 42.97 43.1 43.14 43.13 43.12 43.07 43.02 42.93 42.96 43.04 43.07 43.12 43.25 43.3 43.34 43.42 43.38 43.36 43.34 43.38 43.48 43.53 43.52 43.51 43.56 43.57 43.61 43.71 43.82 43.88 43.97 43.9 43.8 43.84 43.89 43.81 43.83 43.84 43.91 43.91 43.86 43.9 43.99 44.09 44.05 44.13 44.25 44.18 44.2 44.2 44.16 44.2 44.35 44.41 44.33 44.31 44.3 44.28 44.25 44.21 44.25 44.28 44.25 44.27 44.3
42.83 42.86 42.87 42.86 42.87 42.8 42.75 42.79 42.85 42.95 42.94 42.88 42.89 42.91 43.11 43.2 43.17 43.15 43.05 42.98 42.92 43.04 43.11 43.15 43.16 43.16 43.2 43.29 43.39 43.32 43.22 43.25 43.35 43.48 43.49 43.49 43.52 43.6 43.6 43.57 43.6 43.67 43.77 43.95 44 43.91 43.89 43.84 43.82 43.87 43.88 43.93 43.87 43.82 43.86 43.95 44.09 44.11 44.17 44.24 44.23 44.23 44.21 44.16 44.17 44.22 44.32 44.26 44.16 44.2 44.25 44.25 44.34 44.33 44.23 44.15 44.29 44.32
42.91 42.89 42.9 42.96 42.91 42.81 42.76 42.8 42.85 42.95 42.92 42.94 42.96 43.02 43.16 43.17 43.16 43.13 43.11 43.02 42.91 42.93 43.03 43.05 43.1 43.13 43.14 43.22 43.34 43.38 43.29 43.3 43.33 43.41 43.45 43.5 43.53 43.63 43.61 43.56 43.54 43.65 43.71 43.89 44.07 43.96 43.91 43.82 43.86 43.96 43.97 43.95 43.89 43.87 43.89 43.97 44.08 44.11 44.14 44.18 44.17 44.15 44.13 44.11 44.11 44.17 44.26 44.24 44.16 44.19 44.24 44.26 44.34 44.33 44.31 44.35 44.39 44.36
42.92 42.91 42.91 42.97 42.94 42.86 42.81 42.82 42.88 42.95 42.91 42.92 42.95 43 43.06 43.09 43.13 43.15 43.13 43.08 42.97 42.94 43.02 43 43.01 43 43.08 43.12 43.27 43.41 43.39 43.36 43.33 43.28 43.33 43.46 43.56 43.63 43.6 43.56 43.57 43.66 43.7 43.84 44.03 43.92 43.89 43.85 43.87 43.99 43.99 43.95 43.93 43.91 43.95 44.05 44.12 44.12 44.15 44.16 44.13 44.12 44.09 44.13 44.13 44.16 44.21 44.2 44.18 44.2 44.27 44.22 44.26 44.28 44.32 44.34 44.32 44.29
42.84 42.86 42.93 42.97 42.93 42.89 42.86 42.84 42.8 42.88 42.95 42.93 42.94 42.97 43.03 43.08 43.13 43.11 43.1 43.05 42.97 42.97 42.98 42.92 42.95 42.91 43.02 43.07 43.22 43.36 43.38 43.36 43.33 43.25 43.28 43.41 43.54 43.59 43.58 43.58 43.61 43.59 43.65 43.79 43.96 43.91 43.87 43.82 43.82 43.91 43.91 43.88 43.87 43.84 43.88 43.97 44.06 44.08 44.13 44.12 44.1 44.08 44 44.05 44.16 44.16 44.18 44.25 44.2 44.21 44.28 44.27 44.2 44.2 44.24 44.29 44.27 44.29
42.82 42.78 42.9 42.96 42.95 42.93 42.91 42.88 42.85 42.91 42.96 42.94 42.9 42.95 43.03 43.08 43.16 43.16 43.13 43.05 42.97 42.98 42.94 42.93 42.99 43.02 43.07 43.1 43.2 43.32 43.34 43.34 43.32 43.28 43.29 43.38 43.54 43.57 43.58 43.61 43.58 43.48 43.56 43.73 43.89 43.88 43.86 43.83 43.76 43.81 43.82 43.79 43.84 43.85 43.89 43.93 44.06 44.05 44.05 44.08 44.08 44.06 43.99 44.02 44.18 44.19 44.21 44.23 44.25 44.25 44.28 44.23 44.21 44.21 44.23 44.26 44.26 44.32
42.82 42.86 42.88 42.89 42.89 42.88 42.92 42.92 42.87 42.86 42.93 42.94 42.94 42.94 43 43.06 43.13 43.2 43.16 43.09 43.04 43.06 42.97 42.94 43.04 43.12 43.12 43.08 43.16 43.28 43.32 43.32 43.31 43.27 43.27 43.38 43.56 43.63 43.63 43.6 43.53 43.45 43.48 43.61 43.78 43.81 43.85 43.86 43.75 43.76 43.78 43.77 43.84 43.88 43.92 43.96 44.02 44.01 44.02 44.13 44.07 44.06 43.99 43.94 44.17 44.21 44.12 44.11 44.17 44.2 44.28 44.29 44.31 44.27 44.23 44.24 44.26 44.32
42.85 42.88 42.85 42.83 42.84 42.85 42.87 42.92 42.89 42.82 42.9 42.89 42.9 42.88 42.98 43.03 43.1 43.21 43.2 43.14 43.08 43.11 43.05 42.99 43.05 43.08 43.09 43.06 43.06 43.23 43.27 43.33 43.3 43.29 43.31 43.38 43.48 43.61 43.61 43.62 43.57 43.5 43.5 43.58 43.7 43.83 43.89 43.93 43.89 43.89 43.84 43.78 43.8 43.86 43.93 43.95 43.99 43.98 44 44.15 44.11 44.07 44.01 44.01 44.13 44.12 44.06 44.09 44.12 44.16 44.3 44.34 44.37 44.33 44.27 44.27 44.28 44.32
42.9 42.9 42.81 42.8 42.82 42.78 42.85 42.86 42.91 42.79 42.82 42.86 42.86 42.86 43 43.01 43.07 43.19 43.15 43.14 43.07 43.1 43.09 43.06 43.08 43.01 43.05 43.06 42.97 43.17 43.25 43.34 43.26 43.3 43.3 43.35 43.44 43.54 43.56 43.61 43.61 43.56 43.5 43.5 43.58 43.7 43.96 43.96 43.78 43.78 43.79 43.76 43.8 43.82 43.88 43.95 43.94 43.87 43.92 44.07 44.13 44.1 44.04 44.1 44.12 44.09 44.08 44.11 44.14 44.19 44.3 44.3 44.34 44.37 44.35 44.33 44.34 44.36
42.93 42.88 42.76 42.78 42.82 42.76 42.79 42.84 42.92 42.82 42.81 42.85 42.88 42.87 42.96 43.02 43.04 43.08 43.04 43.09 43.08 43.04 43.04 43.05 43.06 42.98 43.03 43.05 43.05 43.13 43.21 43.38 43.24 43.22 43.25 43.32 43.45 43.48 43.55 43.61 43.67 43.63 43.56 43.63 43.71 43.78 43.97 44 43.8 43.77 43.76 43.79 43.81 43.82 43.86 43.9 43.91 43.86 43.92 44.01 44.11 44.12 44.13 44.19 44.17 44.14 44.08 44.15 44.17 44.21 44.26 44.28 44.3 44.34 44.38 44.35 44.35 44.35
42.89 42.86 42.75 42.79 42.83 42.81 42.82 42.9 42.93 42.86 42.8 42.79 42.86 42.81 42.85 42.95 43.03 43 43.03 43.1 43.09 42.97 42.99 43.01 42.94 42.96 42.99 43.04 43.09 43.15 43.22 43.39 43.35 43.31 43.32 43.36 43.42 43.46 43.52 43.6 43.65 43.64 43.59 43.62 43.64 43.73 43.82 43.95 43.78 43.77 43.76 43.84 43.83 43.84 43.88 43.86 43.92 43.91 43.96 43.98 44.03 44.08 44.19 44.26 44.23 44.14 44.06 44.21 44.21 44.16 44.2 44.28 44.26 44.29 44.33 44.28 44.26 44.24
42.88 42.83 42.77 42.8 42.82 42.86 42.89 42.92 42.92 42.88 42.77 42.74 42.79 42.76 42.78 42.87 43.03 43.08 43.1 43.15 43.13 43.03 42.97 42.93 42.95 42.99 43 43.06 43.08 43.16 43.22 43.32 43.37 43.33 43.35 43.4 43.43 43.45 43.52 43.61 43.67 43.66 43.63 43.62 43.64 43.69 43.75 43.92 43.88 43.87 43.78 43.84 43.84 43.84 43.85 43.84 43.92 43.9 43.92 43.9 43.92 43.97 44.09 44.19 44.17 44.12 44.09 44.21 44.2 44.06 44.15 44.23 44.25 44.31 44.34 44.3 44.25 44.25
42.88 42.79 42.76 42.79 42.81 42.85 42.83 42.84 42.86 42.88 42.83 42.75 42.77 42.8 42.81 42.87 42.99 43.06 43.09 43.1 43.08 43.04 43 42.93 42.93 43 43 43.08 43.12 43.16 43.21 43.29 43.39 43.39 43.4 43.4 43.37 43.36 43.48 43.56 43.63 43.64 43.66 43.62 43.64 43.68 43.75 43.89 43.99 43.95 43.79 43.77 43.82 43.8 43.8 43.81 43.88 43.86 43.85 43.81 43.84 43.9 44.03 44.13 44.13 44.15 44.14 44.2 44.21 44.16 44.07 44.13 44.18 44.24 44.31 44.29 44.25 44.25
42.85 42.74 42.72 42.77 42.83 42.8 42.73 42.78 42.84 42.85 42.81 42.7 42.67 42.68 42.75 42.87 42.95 43.04 43.05 43.08 43.11 42.96 42.91 42.88 42.94 43 43.02 43.04 43.16 43.17 43.19 43.23 43.36 43.39 43.41 43.36 43.34 43.35 43.48 43.54 43.6 43.61 43.66 43.65 43.61 43.65 43.73 43.83 43.98 43.95 43.81 43.71 43.77 43.77 43.76 43.78 43.81 43.86 43.82 43.83 43.84 43.86 43.98 44.12 44.12 44.09 44.12 44.21 44.19 44.12 44.08 44.13 44.16 44.2 44.25 44.3 44.25 44.21
42.83 42.73 42.75 42.78 42.79 42.79 42.78 42.82 42.88 42.87 42.81 42.65 42.67 42.69 42.74 42.82 42.84 42.94 43.02 43.07 43.04 42.9 42.84 42.8 42.93 43.02 43.03 43.01 43.06 43.08 43.14 43.14 43.27 43.32 43.4 43.34 43.35 43.39 43.48 43.55 43.58 43.57 43.64 43.7 43.63 43.61 43.66 43.78 43.98 43.95 43.85 43.73 43.72 43.77 43.79 43.74 43.75 43.84 43.86 43.84 43.89 43.94 43.93 43.96 43.97 44 44.08 44.18 44.22 44.16 44.06 44.13 44.16 44.22 44.28 44.29 44.18 44.19
42.8 42.79 42.78 42.79 42.81 42.81 42.8 42.8 42.79 42.79 42.78 42.68 42.6 42.63 42.69 42.81 42.88 42.95 42.96 43.02 43 42.96 42.91 42.9 42.97 43.01 42.98 42.99 43.04 43.07 43.12 43.11 43.18 43.25 43.4 43.37 43.39 43.41 43.45 43.57 43.54 43.54 43.62 43.69 43.66 43.64 43.62 43.7 43.9 43.97 43.88 43.69 43.69 43.75 43.85 43.77 43.79 43.84 43.86 43.84 43.9 43.98 44 44.02 44.02 44.03 44.07 44.11 44.18 44.11 44.09 44.17 44.15 44.12 44.19 44.19 44.16 44.17
42.83 42.79 42.81 42.81 42.74 42.8 42.81 42.82 42.84 42.84 42.85 42.78 42.61 42.68 42.7 42.77 42.87 42.87 42.93 42.97 43 43 42.98 43.02 42.99 43 42.96 43.01 43.06 43.1 43.17 43.15 43.15 43.22 43.37 43.41 43.43 43.45 43.45 43.54 43.54 43.55 43.59 43.64 43.69 43.66 43.6 43.62 43.68 43.89 43.94 43.81 43.79 43.79 43.78 43.79 43.8 43.83 43.87 43.85 43.95 44.04 44.04 44.03 44.05 44.08 44.1 44.17 44.23 44.26 44.21 44.2 44.11 44.09 44.14 44.17 44.22 44.18
42.87 42.8 42.83 42.81 42.75 42.69 42.7 42.76 42.85 42.84 42.84 42.82 42.67 42.7 42.7 42.71 42.8 42.84 42.9 42.91 42.96 42.98 43 42.99 42.97 42.99 42.99 43.04 43.02 43.08 43.22 43.22 43.18 43.22 43.33 43.39 43.41 43.44 43.47 43.53 43.59 43.57 43.58 43.62 43.65 43.69 43.66 43.62 43.68 43.89 43.92 43.76 43.76 43.76 43.74 43.81 43.84 43.87 43.92 43.95 44.01 44.06 44.07 44.03 44.07 44.13 44.11 44.18 44.26 44.32 44.29 44.21 44.08 44.15 44.2 44.21 44.25 44.21
42.86 42.83 42.83 42.77 42.73 42.64 42.69 42.77 42.81 42.78 42.8 42.82 42.75 42.7 42.68 42.69 42.75 42.8 42.83 42.81 42.9 42.96 43 42.95 42.97 42.97 43 43.06 43.03 43.05 43.2 43.28 43.28 43.29 43.33 43.32 43.31 43.37 43.46 43.48 43.59 43.59 43.58 43.65 43.67 43.67 43.69 43.66 43.72 43.9 44 43.9 43.83 43.77 43.66 43.75 43.79 43.9 43.9 43.95 43.97 44.01 44.07 44.07 44.12 44.14 44.09 44.13 44.21 44.2 44.23 44.16 44.04 44.19 44.27 44.24 44.25 44.22
42.88 42.87 42.84 42.74 42.66 42.69 42.72 42.76 42.78 42.75 42.8 42.84 42.82 42.75 42.66 42.69 42.67 42.7 42.74 42.74 42.86 42.93 42.99 43 43.02 43.02 43.03 43.08 43.08 43.07 43.17 43.24 43.29 43.31 43.34 43.41 43.36 43.38 43.45 43.51 43.53 43.52 43.52 43.56 43.6 43.64 43.66 43.64 43.7 43.88 44 43.92 43.84 43.76 43.74 43.8 43.82 43.9 43.91 43.9 43.91 43.96 44.02 44.08 44.18 44.16 44.11 44.11 44.14 44.09 44.12 44.08 44.03 44.19 44.26 44.21 44.24 44.22
42.82 42.81 42.84 42.81 42.7 42.76 42.74 42.73 42.72 42.68 42.77 42.85 42.85 42.8 42.67 42.64 42.61 42.64 42.68 42.72 42.82 42.9 42.99 43.02 42.99 43.02 43.09 43.11 43.14 43.15 43.19 43.31 43.33 43.32 43.34 43.41 43.4 43.37 43.42 43.48 43.5 43.52 43.54 43.59 43.62 43.67 43.67 43.65 43.67 43.75 43.87 43.95 43.89 43.75 43.8 43.86 43.87 43.88 43.91 43.88 43.86 43.94 44 44.06 44.2 44.19 44.13 44.11 44.12 44.09 44.02 44.04 44.11 44.18 44.25 44.19 44.16 44.1
42.77 42.8 42.83 42.86 42.77 42.73 42.7 42.68 42.65 42.61 42.71 42.8 42.82 42.79 42.7 42.67 42.71 42.7 42.7 42.71 42.88 42.96 43.04 43.09 43.04 43.04 43.06 43.05 43.15 43.18 43.22 43.25 43.25 43.29 43.34 43.45 43.44 43.39 43.4 43.48 43.48 43.52 43.61 43.64 43.64 43.69 43.68 43.66 43.64 43.63 43.78 43.97 43.95 43.76 43.78 43.85 43.86 43.83 43.88 43.87 43.84 43.91 43.99 44.05 44.17 44.2 44.07 44.06 44.11 44.12 44.01 44.04 44.11 44.17 44.19 44.15 44.11 44.1
42.8 42.85 42.84 42.87 42.79 42.69 42.62 42.6 42.66 42.66 42.68 42.72 42.77 42.77 42.73 42.7 42.72 42.69 42.69 42.72 42.83 42.9 43.04 43.13 43.07 43.07 43.11 43.1 43.15 43.2 43.25 43.24 43.24 43.3 43.37 43.42 43.4 43.37 43.41 43.48 43.47 43.51 43.59 43.63 43.62 43.65 43.66 43.66 43.64 43.62 43.77 43.93 43.95 43.81 43.75 43.79 43.83 43.81 43.88 43.88 43.9 43.89 43.94 44 44.1 44.14 44.08 44.06 44.1 44.08 44.03 44.05 44.16 44.19 44.17 44.14 44.14 44.1
42.82 42.91 42.87 42.88 42.84 42.75 42.6 42.61 42.67 42.65 42.69 42.74 42.72 42.75 42.74 42.73 42.76 42.76 42.76 42.8 42.89 42.92 43.02 43.13 43.11 43.09 43.12 43.14 43.14 43.17 43.18 43.22 43.18 43.2 43.26 43.24 43.19 43.2 43.38 43.47 43.48 43.5 43.54 43.59 43.57 43.6 43.67 43.71 43.67 43.66 43.76 43.84 43.92 43.87 43.72 43.76 43.81 43.95 43.95 43.92 43.92 43.92 43.95 43.97 44.01 44.09 44.09 44.09 44.1 44.11 44.16 44.16 44.16 44.14 44.13 44.13 44.13 44.17
42.86 42.93 42.91 42.84 42.84 42.78 42.68 42.63 42.67 42.67 42.66 42.73 42.78 42.81 42.79 42.78 42.74 42.72 42.73 42.81 42.93 42.96 43.02 43.12 43.14 43.17 43.17 43.2 43.19 43.18 43.2 43.2 43.15 43.16 43.08 42.95 42.92 42.96 43.28 43.43 43.47 43.5 43.53 43.56 43.55 43.59 43.69 43.76 43.73 43.68 43.73 43.78 43.91 43.88 43.72 43.74 43.8 43.87 43.95 43.96 44 43.93 44.04 44.06 44.11 44.01 44.04 44.1 44.19 44.23 44.24 44.21 44.15 44.11 44.12 44.15 44.13 44.13
42.87 42.88 42.86 42.84 42.84 42.78 42.66 42.62 42.63 42.66 42.7 42.69 42.74 42.8 42.82 42.77 42.69 42.69 42.75 42.82 42.97 42.96 42.98 43.09 43.12 43.17 43.16 43.16 43.17 43.2 43.24 43.21 43.19 43.16 42.96 42.8 42.81 42.85 43.12 43.36 43.42 43.5 43.53 43.55 43.58 43.6 43.66 43.7 43.74 43.68 43.73 43.75 43.86 43.92 43.73 43.74 43.83 43.92 43.92 43.95 44.05 44.03 44.09 44.08 44.11 44.03 44.04 44.08 44.14 44.19 44.2 44.15 44.16 44.16 44.15 44.13 44.11 44.07
42.83 42.8 42.79 42.83 42.87 42.84 42.73 42.65 42.59 42.6 42.66 42.68 42.72 42.79 42.84 42.76 42.75 42.74 42.76 42.85 42.89 42.86 42.96 43.04 43.05 43.05 43.06 43.04 43.03 43.12 43.19 43.2 43.19 43.14 42.93 42.89 42.87 42.89 43.05 43.3 43.39 43.52 43.58 43.58 43.62 43.62 43.65 43.69 43.75 43.69 43.72 43.73 43.8 43.98 43.86 43.81 43.84 43.84 43.88 43.93 44.04 44.03 44.03 44.03 44.1 44.1 44.06 44.06 44.03 44.12 44.15 44.14 44.2 44.2 44.16 44.09 44.07 44.05
42.68 42.68 42.71 42.78 42.77 42.8 42.74 42.61 42.57 42.59 42.63 42.63 42.7 42.77 42.79 42.74 42.76 42.77 42.79 42.88 42.87 42.84 42.98 43.01 42.99 42.89 42.87 42.87 42.82 42.95 43.07 43.09 43.12 43.11 42.95 42.87 42.88 42.93 43.02 43.28 43.43 43.51 43.49 43.52 43.56 43.61 43.57 43.62 43.7 43.7 43.67 43.66 43.72 43.92 43.9 43.87 43.88 43.85 43.89 43.92 43.98 43.95 43.99 44.01 44 44 43.98 44 43.97 44.03 44.08 44.14 44.19 44.21 44.17 44.08 44.03 44.09
42.59 42.64 42.73 42.86 42.81 42.81 42.74 42.64 42.62 42.63 42.68 42.65 42.75 42.77 42.76 42.74 42.76 42.8 42.83 42.91 42.91 42.88 43 43 42.97 42.77 42.66 42.72 42.72 42.8 42.9 42.94 43 43.06 42.96 42.81 42.87 42.91 42.88 43.04 43.37 43.45 43.49 43.53 43.56 43.6 43.58 43.62 43.69 43.72 43.72 43.68 43.61 43.8 43.9 43.88 43.87 43.86 43.95 43.95 43.95 43.94 43.98 43.96 43.88 43.87 43.88 43.95 43.97 44 44.04 44.08 44.11 44.18 44.18 44.11 44.04 44.14
