slabs/42.grd
DSAA
631 301
644520 645150
4946300 4946600
39.16 48.27
[rows 0 to 33 of 301, columns 0 to 77 of 631]
43.3 43.25 43.26 43.25 43.26 43.26 43.23 43.22 43.18 43.19 43.23 43.21 43.18 43.17 43.17 43.15 43.17 43.16 43.14 43.11 43.08 43.04 43.01 42.9 42.81 42.98 43.03 43.08 43.05 43.05 43.08 43.14 43.08 43.04 43 43 43.03 42.96 42.96 42.96 42.97 42.96 42.95 42.93 42.95 42.94 42.92 42.94 42.94 42.92 42.9 42.91 42.87 42.87 42.86 42.86 42.78 42.8 42.82 42.81 42.82 42.82 42.84 42.84 42.84 42.87 42.86 42.88 42.86 42.84 42.84 42.88 42.86 42.86 42.92 42.95 42.96 42.94
43.29 43.23 43.24 43.25 43.21 43.21 43.23 43.2 43.17 43.19 43.21 43.18 43.17 43.15 43.14 43.13 43.14 43.14 43.13 43.1 43.07 43.02 42.99 42.91 42.81 42.9 43 43.07 43.03 43.07 43.1 43.14 43.1 43.04 42.99 43 43.05 43.01 42.96 42.97 42.98 42.97 42.95 42.9 42.97 42.96 42.92 42.94 42.96 42.93 42.89 42.9 42.88 42.85 42.88 42.84 42.82 42.82 42.83 42.81 42.82 42.83 42.86 42.87 42.85 42.87 42.9 42.89 42.89 42.87 42.86 42.88 42.87 42.86 42.93 42.96 42.96 42.93
43.3 43.25 43.23 43.23 43.23 43.22 43.19 43.17 43.15 43.19 43.16 43.15 43.15 43.12 43.11 43.12 43.12 43.12 43.1 43.1 43.06 43.01 42.99 42.93 42.83 42.81 42.96 43.07 43.03 43.07 43.09 43.13 43.1 43.08 43.03 42.99 43.04 43.02 42.99 42.98 42.97 42.97 42.9 42.9 42.93 42.95 42.95 42.95 42.91 42.91 42.89 42.85 42.89 42.86 42.89 42.85 42.84 42.81 42.78 42.81 42.81 42.81 42.85 42.9 42.88 42.86 42.9 42.88 42.9 42.87 42.88 42.87 42.87 42.85 42.93 42.93 42.93 42.93
43.27 43.21 43.18 43.2 43.17 43.15 43.13 43.15 43.17 43.14 43.11 43.12 43.12 43.1 43.1 43.1 43.08 43.09 43.07 43.1 43.05 43.03 43 42.94 42.83 42.75 42.91 43.07 43.04 43.05 43.07 43.12 43.1 43.07 43.02 42.98 43.02 42.99 42.95 42.96 42.97 42.97 42.93 42.91 42.9 42.92 42.91 42.96 42.91 42.92 42.88 42.86 42.9 42.87 42.88 42.83 42.84 42.83 42.8 42.84 42.83 42.83 42.85 42.89 42.88 42.86 42.89 42.89 42.9 42.87 42.86 42.88 42.88 42.89 42.94 42.92 42.95 42.95
43.23 43.21 43.18 43.15 43.13 43.09 43.1 43.15 43.15 43.1 43.1 43.1 43.11 43.1 43.09 43.07 43.03 43.05 43.07 43.09 43.07 43.03 42.97 42.91 42.82 42.78 42.87 43.06 43.04 43.04 43.05 43.11 43.11 43.07 43.01 42.99 42.99 42.99 42.94 42.95 42.97 42.96 42.91 42.89 42.91 42.92 42.92 42.95 42.94 42.91 42.88 42.86 42.87 42.85 42.87 42.83 42.84 42.84 42.82 42.86 42.84 42.83 42.85 42.85 42.85 42.86 42.88 42.91 42.9 42.89 42.87 42.87 42.88 42.91 42.91 42.92 42.95 42.95
43.2 43.18 43.17 43.13 43.12 43.08 43.08 43.12 43.12 43.1 43.09 43.09 43.12 43.11 43.08 43.05 43.01 42.99 43.03 43.06 43.07 43.04 42.97 42.92 42.84 42.83 42.82 43 43.01 43.02 43.04 43.03 43.1 43.06 43.02 42.96 42.99 42.99 42.97 42.94 42.94 42.95 42.96 42.91 42.94 42.91 42.9 42.93 42.92 42.88 42.86 42.87 42.85 42.84 42.85 42.84 42.84 42.84 42.82 42.84 42.84 42.82 42.83 42.86 42.84 42.86 42.87 42.9 42.88 42.87 42.87 42.87 42.89 42.94 42.94 42.96 42.96 42.98
43.19 43.14 43.14 43.12 43.1 43.09 43.08 43.06 43.08 43.09 43.06 43.05 43.09 43.09 43.06 43.04 43.01 43 43.03 43.05 43.03 42.97 42.94 42.88 42.84 42.81 42.79 42.97 43 43.01 43.02 43.07 43.06 43.03 42.98 42.97 42.98 42.98 42.99 42.96 42.97 42.95 42.95 42.93 42.94 42.91 42.91 42.91 42.9 42.88 42.85 42.86 42.87 42.85 42.85 42.85 42.84 42.84 42.81 42.83 42.84 42.84 42.84 42.88 42.87 42.85 42.91 42.89 42.87 42.87 42.87 42.86 42.87 42.91 42.92 42.94 42.98 42.97
43.18 43.12 43.13 43.09 43.09 43.1 43.07 43.04 43.05 43.05 43.05 43.04 43.08 43.06 43.02 43.03 43.05 43 43.04 43.1 43.05 43.02 42.96 42.88 42.84 42.8 42.76 42.89 43.03 43.04 43.03 43.05 43.02 43.03 43 42.96 42.93 42.93 42.97 42.95 42.92 42.9 42.94 42.92 42.92 42.92 42.92 42.9 42.91 42.9 42.86 42.86 42.88 42.88 42.89 42.87 42.84 42.85 42.81 42.83 42.85 42.84 42.84 42.79 42.81 42.85 42.87 42.88 42.87 42.9 42.85 42.85 42.88 42.91 42.96 42.96 42.95 42.98
43.16 43.12 43.11 43.07 43.05 43.06 43.03 43.01 43.03 43.03 43.03 43.02 43.03 43.06 43.03 43.01 43.02 43.01 43 43.01 43 42.99 42.94 42.87 42.84 42.79 42.72 42.75 42.94 42.98 43 43.01 43.01 43.03 43 42.97 42.93 42.91 42.94 42.92 42.87 42.87 42.93 42.92 42.92 42.91 42.9 42.9 42.91 42.9 42.87 42.89 42.9 42.9 42.9 42.89 42.86 42.88 42.86 42.83 42.82 42.83 42.79 42.83 42.82 42.86 42.88 42.87 42.88 42.9 42.87 42.88 42.88 42.92 42.93 42.93 42.92 42.91
43.12 43.12 43.11 43.12 43.04 43.04 43.02 43 43.03 43.02 43.04 43 43.03 43.03 43.03 43.02 42.99 42.99 42.99 42.98 42.99 42.97 42.91 42.86 42.84 42.77 42.7 42.67 42.9 42.95 42.98 42.99 43.01 43.03 42.99 42.96 42.96 42.92 42.91 42.91 42.89 42.88 42.9 42.93 42.93 42.9 42.89 42.88 42.91 42.93 42.92 42.9 42.92 42.91 42.9 42.86 42.88 42.83 42.84 42.84 42.81 42.79 42.82 42.82 42.83 42.87 42.88 42.88 42.89 42.89 42.86 42.87 42.88 42.89 42.88 42.87 42.88 42.85
43.14 43.1 43.09 43.06 43.05 43.03 43.05 43.02 43.01 43.02 43.02 43.03 43.01 43.02 43.03 43.01 42.95 42.95 42.96 42.96 42.99 42.96 42.91 42.86 42.81 42.76 42.7 42.69 42.86 42.95 43 42.98 43.01 43.01 42.98 42.93 42.94 42.93 42.9 42.91 42.9 42.9 42.89 42.95 42.92 42.88 42.9 42.88 42.89 42.91 42.91 42.94 42.92 42.91 42.87 42.88 42.88 42.85 42.89 42.9 42.87 42.83 42.83 42.83 42.84 42.85 42.9 42.9 42.89 42.86 42.85 42.86 42.86 42.85 42.87 42.85 42.82 42.8
43.11 43.07 43.05 43.05 43.02 42.98 43.01 42.98 42.99 42.99 43.01 43.01 42.98 42.99 42.99 42.97 42.94 42.94 42.94 42.92 42.95 42.95 42.9 42.85 42.8 42.77 42.71 42.72 42.81 42.92 42.98 42.97 43 42.99 42.97 42.91 42.91 42.91 42.89 42.91 42.9 42.9 42.88 42.91 42.92 42.89 42.86 42.88 42.88 42.91 42.89 42.9 42.9 42.9 42.88 42.87 42.87 42.87 42.9 42.9 42.86 42.81 42.84 42.84 42.84 42.85 42.87 42.87 42.84 42.84 42.83 42.83 42.81 42.82 42.85 42.84 42.81 42.85
43.07 43.09 43.07 43.03 43.01 43 42.98 42.97 42.99 42.98 42.95 42.96 42.96 42.97 42.96 42.97 42.93 42.93 42.92 42.89 42.91 42.92 42.89 42.85 42.79 42.78 42.71 42.7 42.74 42.83 42.91 42.96 42.97 42.98 42.97 42.96 42.93 42.9 42.88 42.91 42.9 42.89 42.9 42.86 42.88 42.84 42.84 42.87 42.86 42.86 42.88 42.86 42.85 42.84 42.89 42.88 42.89 42.9 42.9 42.87 42.86 42.82 42.85 42.85 42.85 42.84 42.82 42.82 42.81 42.81 42.8 42.79 42.79 42.83 42.87 42.88 42.9 42.97
43.06 43.07 43.06 43.04 42.99 43 42.97 42.95 42.98 42.97 42.93 42.95 42.96 42.96 42.95 42.97 42.93 42.92 42.93 42.9 42.88 42.88 42.87 42.83 42.77 42.75 42.7 42.67 42.68 42.75 42.84 42.97 42.97 42.95 42.97 42.98 42.94 42.91 42.86 42.88 42.89 42.87 42.89 42.86 42.86 42.85 42.86 42.89 42.88 42.88 42.88 42.86 42.84 42.85 42.9 42.88 42.85 42.85 42.86 42.84 42.82 42.8 42.84 42.83 42.83 42.8 42.78 42.78 42.78 42.78 42.79 42.81 42.85 42.91 42.98 43.01 43.02 43.02
43.07 43.06 43.06 43.03 43 42.98 42.94 42.94 42.97 42.95 42.91 42.96 42.95 42.96 42.95 42.94 42.94 42.92 42.94 42.9 42.86 42.88 42.87 42.8 42.79 42.74 42.67 42.68 42.69 42.74 42.82 42.96 42.96 42.94 42.92 42.93 42.92 42.9 42.89 42.85 42.87 42.84 42.85 42.83 42.84 42.85 42.85 42.86 42.86 42.86 42.87 42.86 42.83 42.85 42.87 42.85 42.82 42.79 42.8 42.81 42.78 42.76 42.81 42.79 42.78 42.75 42.75 42.75 42.78 42.81 42.85 42.9 42.98 43.02 43.05 43.08 43.06 43.05
43.09 43.07 43.04 43 43 42.96 42.9 42.93 42.95 42.92 42.89 42.94 42.93 42.93 42.92 42.89 42.92 42.91 42.92 42.9 42.88 42.9 42.86 42.8 42.77 42.73 42.68 42.69 42.67 42.62 42.75 42.89 42.91 42.94 42.94 42.88 42.92 42.91 42.88 42.84 42.86 42.87 42.86 42.83 42.83 42.84 42.83 42.83 42.85 42.86 42.86 42.84 42.81 42.81 42.81 42.82 42.8 42.78 42.77 42.77 42.75 42.74 42.78 42.76 42.75 42.71 42.76 42.81 42.86 42.94 42.96 43.04 43.07 43.05 43.06 43.04 43.05 43.09
43.06 43.05 43.02 43.02 42.99 42.97 42.9 42.93 42.92 42.92 42.89 42.92 42.9 42.89 42.88 42.91 42.9 42.89 42.87 42.9 42.9 42.87 42.83 42.81 42.79 42.76 42.73 42.68 42.67 42.65 42.75 42.92 42.93 42.91 42.91 42.91 42.92 42.91 42.89 42.84 42.85 42.85 42.82 42.82 42.82 42.83 42.83 42.83 42.83 42.84 42.83 42.82 42.8 42.76 42.76 42.79 42.77 42.77 42.75 42.74 42.72 42.72 42.74 42.75 42.8 42.85 42.88 42.97 43.01 43.04 43.04 43.04 43.05 43.03 43.05 43.08 43.03 43.06
43.03 43.03 43.02 43.02 42.98 42.97 42.91 42.9 42.89 42.89 42.89 42.89 42.86 42.85 42.89 42.89 42.89 42.88 42.85 42.86 42.85 42.82 42.82 42.79 42.79 42.74 42.68 42.67 42.66 42.61 42.67 42.82 42.87 42.88 42.88 42.9 42.9 42.9 42.9 42.86 42.85 42.84 42.81 42.81 42.81 42.82 42.83 42.82 42.8 42.78 42.79 42.8 42.78 42.73 42.71 42.74 42.74 42.74 42.71 42.69 42.69 42.71 42.77 42.85 42.94 42.99 43 43.03 43.04 43.06 43.06 43.06 43.06 43.05 43.05 43.07 43.05 43.07
43.04 43.03 42.98 42.98 42.95 42.94 42.89 42.88 42.88 42.89 42.88 42.86 42.87 42.88 42.92 42.91 42.91 42.9 42.86 42.86 42.85 42.84 42.79 42.79 42.78 42.73 42.7 42.65 42.64 42.58 42.55 42.75 42.81 42.87 42.83 42.86 42.87 42.88 42.89 42.87 42.84 42.83 42.84 42.83 42.81 42.83 42.8 42.8 42.77 42.75 42.77 42.77 42.75 42.72 42.72 42.71 42.7 42.73 42.69 42.7 42.78 42.88 42.9 43 43.04 43.03 43.03 43.03 43.09 43.06 43.05 43.04 43.08 43.08 43.07 43.07 43.13 43.13
43.04 43.02 43.01 42.97 43 42.94 42.88 42.85 42.89 42.89 42.86 42.88 42.87 42.87 42.85 42.87 42.87 42.88 42.85 42.85 42.84 42.83 42.82 42.8 42.77 42.72 42.69 42.66 42.64 42.56 42.48 42.65 42.75 42.83 42.8 42.82 42.84 42.86 42.87 42.86 42.82 42.8 42.83 42.82 42.79 42.81 42.76 42.76 42.74 42.74 42.72 42.72 42.7 42.68 42.65 42.66 42.67 42.73 42.76 42.85 42.96 43.01 43 43.01 43.04 43.04 43.04 43.03 43.05 43.09 43.08 43.09 43.12 43.07 43.13 43.18 43.22 43.22
43.05 43.02 42.99 42.94 42.99 42.95 42.91 42.85 42.86 42.85 42.84 42.84 42.83 42.85 42.84 42.84 42.84 42.85 42.85 42.84 42.85 42.8 42.79 42.78 42.76 42.69 42.66 42.66 42.64 42.54 42.44 42.52 42.64 42.77 42.79 42.8 42.82 42.87 42.85 42.84 42.8 42.77 42.77 42.77 42.76 42.74 42.71 42.7 42.69 42.7 42.68 42.66 42.61 42.6 42.6 42.67 42.79 42.85 42.87 42.92 42.96 42.98 43 43.04 43.04 43.04 43.03 43.05 43.08 43.24 43.23 43.21 43.25 43.21 43.24 43.29 43.3 43.3
43.05 43.02 42.97 42.91 42.94 42.92 42.92 42.84 42.84 42.85 42.85 42.84 42.83 42.84 42.82 42.81 42.83 42.85 42.84 42.83 42.83 42.77 42.74 42.76 42.74 42.69 42.65 42.64 42.61 42.52 42.42 42.42 42.53 42.69 42.74 42.75 42.79 42.85 42.84 42.81 42.76 42.71 42.76 42.73 42.68 42.65 42.63 42.63 42.62 42.68 42.65 42.64 42.67 42.71 42.73 42.81 42.87 42.92 42.91 42.93 42.98 42.98 42.99 43.01 43.04 42.99 42.99 43.04 43.17 43.35 43.37 43.33 43.34 43.3 43.32 43.37 43.38 43.37
42.99 42.98 42.95 42.94 42.92 42.9 42.93 42.84 42.83 42.84 42.86 42.83 42.82 42.8 42.8 42.79 42.81 42.84 42.81 42.8 42.8 42.76 42.72 42.74 42.74 42.68 42.66 42.64 42.59 42.51 42.44 42.44 42.52 42.65 42.73 42.74 42.78 42.79 42.77 42.74 42.71 42.72 42.73 42.68 42.63 42.56 42.54 42.59 42.61 42.69 42.68 42.71 42.77 42.81 42.82 42.83 42.87 42.91 42.91 42.93 42.94 42.94 42.94 42.96 43.05 43 43.03 43.13 43.23 43.36 43.35 43.33 43.36 43.35 43.42 43.45 43.46 43.45
42.98 42.97 42.95 42.93 42.91 42.87 42.91 42.87 42.85 42.85 42.86 42.81 42.8 42.78 42.81 42.78 42.81 42.81 42.78 42.77 42.79 42.79 42.74 42.75 42.75 42.66 42.64 42.63 42.61 42.52 42.46 42.45 42.43 42.6 42.69 42.69 42.71 42.71 42.72 42.71 42.69 42.66 42.62 42.6 42.59 42.58 42.52 42.57 42.67 42.73 42.74 42.78 42.79 42.8 42.84 42.85 42.83 42.9 42.9 42.88 42.86 42.85 42.87 42.94 43.09 43.13 43.17 43.23 43.26 43.31 43.27 43.3 43.44 43.48 43.55 43.5 43.49 43.46
42.95 42.96 42.93 42.9 42.88 42.85 42.88 42.91 42.87 42.82 42.84 42.79 42.79 42.8 42.81 42.77 42.8 42.8 42.78 42.75 42.77 42.78 42.75 42.74 42.71 42.65 42.58 42.6 42.63 42.58 42.44 42.43 42.39 42.52 42.61 42.62 42.66 42.7 42.68 42.65 42.63 42.6 42.58 42.59 42.58 42.64 42.63 42.68 42.76 42.75 42.75 42.79 42.78 42.81 42.83 42.84 42.81 42.86 42.84 42.83 42.83 42.84 42.88 42.99 43.15 43.26 43.25 43.28 43.31 43.29 43.27 43.41 43.55 43.55 43.52 43.42 43.44 43.44
42.91 42.91 42.9 42.86 42.84 42.85 42.87 42.9 42.87 42.79 42.82 42.79 42.8 42.81 42.77 42.75 42.8 42.77 42.75 42.75 42.73 42.69 42.73 42.73 42.72 42.67 42.64 42.61 42.6 42.53 42.46 42.46 42.38 42.48 42.57 42.58 42.63 42.63 42.62 42.59 42.54 42.54 42.56 42.59 42.64 42.69 42.69 42.71 42.76 42.73 42.74 42.78 42.83 42.87 42.87 42.8 42.75 42.78 42.78 42.85 42.91 42.97 43 43.08 43.21 43.26 43.26 43.29 43.38 43.37 43.37 43.48 43.52 43.46 43.34 43.23 43.35 43.33
42.89 42.89 42.87 42.85 42.83 42.84 42.88 42.86 42.84 42.8 42.8 42.81 42.79 42.77 42.74 42.76 42.76 42.77 42.75 42.76 42.73 42.7 42.72 42.72 42.71 42.67 42.65 42.64 42.61 42.56 42.52 42.5 42.39 42.36 42.49 42.51 42.54 42.52 42.52 42.57 42.62 42.59 42.6 42.63 42.67 42.71 42.71 42.71 42.72 42.76 42.79 42.84 42.91 42.92 42.87 42.75 42.68 42.72 42.77 42.93 43.05 43.08 43.13 43.19 43.28 43.28 43.31 43.33 43.43 43.43 43.38 43.34 43.34 43.36 43.27 43.25 43.33 43.3
42.91 42.9 42.87 42.87 42.86 42.85 42.85 42.84 42.82 42.81 42.81 42.81 42.76 42.72 42.72 42.73 42.73 42.71 42.77 42.76 42.71 42.68 42.73 42.72 42.69 42.67 42.68 42.65 42.62 42.59 42.62 42.57 42.4 42.26 42.38 42.46 42.56 42.55 42.56 42.62 42.67 42.64 42.64 42.66 42.69 42.7 42.72 42.73 42.74 42.82 42.87 42.88 42.98 42.91 42.84 42.75 42.71 42.76 42.79 42.97 43.07 43.1 43.26 43.37 43.46 43.41 43.36 43.35 43.33 43.31 43.26 43.26 43.34 43.3 43.23 43.26 43.17 43.23
42.91 42.9 42.87 42.86 42.88 42.85 42.83 42.84 42.83 42.78 42.74 42.75 42.74 42.72 42.71 42.72 42.7 42.68 42.69 42.71 42.69 42.68 42.74 42.71 42.7 42.67 42.68 42.67 42.64 42.6 42.58 42.55 42.45 42.39 42.43 42.53 42.63 42.64 42.63 42.64 42.66 42.66 42.66 42.67 42.72 42.74 42.74 42.75 42.78 42.81 42.86 42.79 42.98 42.97 42.87 42.76 42.74 42.84 42.87 43.05 43.24 43.3 43.37 43.4 43.41 43.35 43.22 43.24 43.2 43.21 43.21 43.24 43.29 43.23 43.19 43.27 43.26 43.3
42.93 42.89 42.83 42.84 42.85 42.84 42.84 42.82 42.8 42.75 42.78 42.76 42.72 42.67 42.7 42.7 42.69 42.68 42.67 42.67 42.67 42.67 42.72 42.69 42.67 42.7 42.68 42.66 42.59 42.53 42.52 42.55 42.53 42.54 42.55 42.6 42.65 42.67 42.66 42.64 42.66 42.66 42.66 42.7 42.74 42.79 42.75 42.72 42.75 42.71 42.72 42.72 42.9 42.94 42.92 42.9 42.9 42.95 43.07 43.19 43.2 43.27 43.35 43.37 43.37 43.3 43.23 43.23 43.28 43.28 43.27 43.22 43.23 43.19 43.21 43.3 43.29 43.33
42.93 42.87 42.86 42.84 42.82 42.78 42.8 42.8 42.8 42.75 42.72 42.72 42.7 42.7 42.71 42.69 42.67 42.65 42.64 42.63 42.65 42.67 42.69 42.67 42.64 42.65 42.57 42.58 42.56 42.53 42.55 42.6 42.58 42.58 42.59 42.62 42.66 42.66 42.67 42.66 42.66 42.64 42.69 42.72 42.73 42.73 42.67 42.68 42.78 42.78 42.76 42.71 42.85 42.91 43.05 43.1 43.12 43.12 43.14 43.23 43.22 43.25 43.27 43.27 43.25 43.23 43.23 43.26 43.26 43.23 43.22 43.19 43.09 43.09 43.15 43.23 43.22 43.27
42.91 42.9 42.84 42.83 42.8 42.79 42.81 42.79 42.76 42.72 42.72 42.72 42.67 42.68 42.67 42.65 42.62 42.64 42.63 42.62 42.61 42.64 42.64 42.62 42.53 42.55 42.49 42.54 42.58 42.59 42.6 42.61 42.59 42.6 42.61 42.63 42.65 42.66 42.67 42.72 42.65 42.66 42.72 42.78 42.74 42.75 42.78 42.81 42.92 42.93 42.93 42.95 42.99 43.04 43.11 43.15 43.16 43.13 43.11 43.17 43.2 43.2 43.21 43.24 43.31 43.26 43.17 43.25 43.23 43.19 43.13 43.09 42.99 43.01 43.1 43.16 43.16 43.2
42.88 42.9 42.84 42.84 42.84 42.81 42.8 42.78 42.75 42.73 42.7 42.72 42.68 42.67 42.65 42.65 42.61 42.63 42.6 42.58 42.53 42.53 42.55 42.53 42.45 42.52 42.54 42.59 42.61 42.59 42.58 42.58 42.61 42.59 42.6 42.6 42.6 42.66 42.73 42.8 42.73 42.67 42.73 42.95 42.96 42.87 42.87 42.88 43.02 43.03 43.05 43.09 43.17 43.18 43.12 43.11 43.14 43.08 43.04 43.04 43.11 43.17 43.25 43.32 43.32 43.24 43.11 43.22 43.2 43.16 43.04 43 42.98 43.02 43.1 43.13 43.15 43.17
42.85 42.83 42.82 42.84 42.8 42.76 42.75 42.76 42.75 42.71 42.69 42.69 42.68 42.67 42.64 42.65 42.61 42.58 42.56 42.55 42.49 42.47 42.48 42.5 42.5 42.55 42.55 42.57 42.57 42.61 42.59 42.58 42.61 42.58 42.59 42.56 42.55 42.63 42.7 42.77 42.77 42.82 42.87 43.01 43.03 42.96 42.93 42.98 43.05 43.07 43.11 43.15 43.19 43.18 43.07 43.05 43.09 43.04 42.94 42.9 43.13 43.2 43.25 43.32 43.24 43.18 43.08 43.15 43.15 43.08 43 43.01 42.99 43.07 43.12 43.08 43.13 43.17
