slabs/43.grd
DSAA
631 301
644520 645150
4946600 4946900
38.49 43.51
[rows 136 to 169 of 301, columns 234 to 311 of 631]
41.2 41.13 41.13 41.11 41.13 41.19 41.21 41.23 41.19 41.13 41.14 41.2 41.23 41.23 41.22 41.21 41.22 41.21 41.18 41.18 41.2 41.18 41.16 41.21 41.24 41.2 41.14 41.09 41.1 41.11 41.15 41.15 41.12 41.11 41.08 41.08 41.08 41.06 41.06 41.1 41.08 41.01 40.95 41 41 40.97 40.93 40.92 40.92 40.92 40.91 40.92 40.93 40.98 41.06 41.04 41.02 40.99 40.95 40.95 40.94 40.99 40.96 40.98 40.98 40.94 40.97 40.96 40.96 40.97 40.97 40.95 40.95 40.9 40.9 40.88 40.87 40.88
41.21 41.15 41.12 41.09 41.11 41.17 41.19 41.19 41.21 41.16 41.18 41.22 41.2 41.21 41.21 41.19 41.18 41.18 41.18 41.22 41.23 41.22 41.16 41.18 41.22 41.18 41.1 41.12 41.16 41.13 41.14 41.15 41.14 41.11 41.13 41.07 41.06 41.05 41.09 41.08 41.09 41.05 40.98 41 41 40.97 40.98 40.97 40.97 40.95 40.9 40.95 40.94 40.95 41.05 41.06 41.02 40.98 40.95 40.95 40.95 40.99 40.95 40.97 40.97 40.95 40.95 40.97 40.99 40.95 40.96 40.93 40.95 40.94 40.9 40.88 40.85 40.87
41.2 41.18 41.14 41.13 41.11 41.15 41.16 41.18 41.22 41.22 41.19 41.16 41.13 41.15 41.19 41.23 41.19 41.19 41.2 41.22 41.26 41.22 41.13 41.15 41.23 41.21 41.15 41.15 41.17 41.15 41.15 41.16 41.16 41.13 41.13 41.14 41.09 41.03 41.09 41.13 41.14 41.11 41.03 41.02 41.02 40.98 40.99 41 41 40.95 40.87 40.92 40.94 40.95 41.02 41.05 41.04 40.99 40.98 40.96 40.96 40.99 40.97 40.94 40.97 41.02 40.99 41 40.98 40.94 40.99 40.97 40.97 40.96 40.9 40.9 40.91 40.89
41.16 41.17 41.17 41.17 41.14 41.15 41.15 41.19 41.2 41.2 41.21 41.18 41.16 41.17 41.21 41.24 41.27 41.25 41.22 41.23 41.24 41.23 41.17 41.15 41.16 41.16 41.11 41.07 41.11 41.14 41.14 41.2 41.19 41.15 41.14 41.11 41.08 41.08 41.11 41.14 41.16 41.15 41.09 41.05 41.02 40.97 40.96 40.98 40.98 40.94 40.88 40.91 40.94 40.96 41.04 41.06 41.04 40.98 40.97 40.96 40.97 40.98 40.94 40.93 40.97 41.06 41.05 41.02 40.95 40.92 40.93 40.93 40.98 41 40.97 40.94 40.92 40.91
41.09 41.11 41.17 41.19 41.16 41.16 41.15 41.17 41.2 41.19 41.2 41.21 41.28 41.28 41.24 41.25 41.28 41.28 41.28 41.27 41.24 41.24 41.21 41.17 41.17 41.13 41.09 41.09 41.11 41.12 41.1 41.15 41.17 41.17 41.16 41.13 41.11 41.11 41.1 41.11 41.13 41.17 41.12 41.07 41.02 40.95 40.94 40.96 40.96 40.95 40.94 40.94 40.95 40.94 41 41.01 40.99 40.96 40.96 40.96 40.98 41.02 40.99 40.97 40.97 41.03 41.06 41.03 40.99 40.94 40.93 40.95 40.99 40.95 40.94 40.9 40.91 40.91
41.06 41.06 41.11 41.14 41.11 41.14 41.17 41.19 41.15 41.16 41.2 41.22 41.21 41.25 41.27 41.23 41.26 41.27 41.27 41.29 41.28 41.26 41.22 41.19 41.16 41.12 41.13 41.15 41.16 41.15 41.15 41.15 41.16 41.19 41.19 41.18 41.17 41.12 41.09 41.08 41.1 41.14 41.13 41.1 41.05 40.98 40.96 40.96 40.96 40.98 40.99 40.97 40.92 40.89 40.91 40.95 40.98 41.01 40.99 41 41.01 41.03 41.05 41.04 41 41.02 41.01 41.01 40.99 40.98 40.97 40.95 40.98 40.97 40.96 40.93 40.92 40.91
41.03 41.04 41.06 41.07 41.09 41.11 41.14 41.19 41.21 41.2 41.18 41.15 41.15 41.19 41.24 41.26 41.31 41.31 41.28 41.28 41.28 41.25 41.23 41.2 41.18 41.16 41.18 41.2 41.18 41.18 41.23 41.19 41.18 41.2 41.22 41.17 41.17 41.14 41.12 41.1 41.1 41.13 41.15 41.13 41.09 41.04 41.03 41.03 41.01 41.01 41.02 40.99 40.93 40.91 40.96 40.98 41.03 41.04 41.01 41.02 40.97 40.97 40.99 41.01 41.01 41.04 41.02 40.99 40.99 41.03 41 40.96 40.95 40.96 40.96 40.93 40.9 40.91
41.02 41.03 41.05 41.09 41.1 41.09 41.08 41.11 41.14 41.17 41.21 41.21 41.18 41.2 41.21 41.21 41.24 41.27 41.29 41.27 41.26 41.23 41.25 41.2 41.2 41.2 41.22 41.22 41.18 41.18 41.23 41.2 41.17 41.19 41.23 41.16 41.16 41.15 41.16 41.13 41.09 41.14 41.17 41.16 41.11 41.1 41.07 41.08 41.06 41.03 40.98 40.95 40.93 40.9 40.91 40.95 41.06 41.07 41 41.02 41.02 41.01 41.01 41.01 41.03 41.01 41.01 41.02 41.02 41.03 40.99 40.94 40.92 40.93 40.94 40.93 40.87 40.9
41.02 41.03 41.04 41.03 41.06 41.07 41.09 41.13 41.17 41.18 41.2 41.2 41.18 41.18 41.17 41.18 41.2 41.22 41.25 41.26 41.24 41.23 41.24 41.2 41.2 41.21 41.23 41.24 41.21 41.16 41.19 41.17 41.17 41.19 41.21 41.15 41.14 41.14 41.11 41.1 41.08 41.12 41.19 41.17 41.11 41.06 41.05 41.04 41.01 41.03 40.96 40.92 40.9 40.92 40.9 40.91 40.99 41.01 41.01 41.01 41.02 41.01 41 40.99 41.02 40.99 41.01 41.05 41.03 40.99 40.98 40.93 40.91 40.94 40.94 40.95 40.9 40.88
41.05 41.07 41.05 41.02 41.03 41.03 41.06 41.12 41.16 41.17 41.15 41.17 41.18 41.18 41.18 41.21 41.22 41.2 41.21 41.26 41.25 41.23 41.19 41.19 41.21 41.23 41.22 41.24 41.2 41.15 41.19 41.16 41.16 41.19 41.18 41.16 41.14 41.17 41.12 41.13 41.15 41.16 41.21 41.18 41.09 41.03 41.03 41.03 41.04 41.04 40.97 40.94 40.91 40.89 40.87 40.86 40.93 40.95 40.97 40.98 41.01 40.98 40.97 40.95 40.98 41.01 41.01 41.01 41 40.98 40.98 40.96 40.94 40.96 40.95 40.95 40.93 40.88
41.27 41.26 41.16 41.02 40.98 41 41.03 41.08 41.09 41.12 41.13 41.18 41.17 41.2 41.22 41.23 41.23 41.21 41.23 41.27 41.28 41.23 41.16 41.17 41.2 41.23 41.21 41.17 41.19 41.18 41.23 41.2 41.19 41.2 41.18 41.19 41.19 41.2 41.17 41.17 41.15 41.1 41.16 41.15 41.1 41.05 41.09 41.05 41.02 40.98 40.96 40.96 40.95 40.9 40.87 40.84 40.9 40.93 40.93 40.95 41 40.99 40.97 40.93 40.94 40.99 40.98 40.95 40.97 40.99 40.99 40.98 40.99 40.98 40.99 40.96 40.9 40.87
41.38 41.4 41.27 41.09 41.04 41.02 41.02 41.04 41.04 41.08 41.13 41.17 41.16 41.19 41.22 41.2 41.22 41.25 41.29 41.27 41.29 41.26 41.2 41.23 41.24 41.27 41.23 41.18 41.18 41.17 41.2 41.22 41.2 41.18 41.21 41.19 41.16 41.19 41.16 41.15 41.14 41.09 41.11 41.12 41.08 41.05 41.1 41.05 41.01 40.97 40.97 40.98 40.98 40.94 40.91 40.85 40.89 40.91 40.92 40.96 41 41.02 40.99 40.95 40.95 40.94 40.94 40.95 40.98 40.99 40.98 41.01 41.02 40.98 40.98 40.98 40.91 40.88
41.38 41.42 41.31 41.16 41.14 41.1 41.02 41.03 41.03 41.05 41.09 41.14 41.15 41.19 41.18 41.15 41.16 41.23 41.27 41.22 41.25 41.28 41.23 41.21 41.22 41.27 41.27 41.25 41.21 41.19 41.17 41.18 41.19 41.2 41.25 41.2 41.15 41.19 41.18 41.15 41.13 41.09 41.1 41.09 41.06 41.08 41.1 41.06 41.02 41.01 41.01 41.02 41.01 40.96 40.94 40.88 40.88 40.89 40.93 40.99 41.02 41.02 41.01 40.98 40.98 40.91 40.91 40.96 40.98 40.98 40.97 40.98 41 41 40.98 40.95 40.93 40.9
41.33 41.39 41.29 41.14 41.15 41.16 41.08 41.09 41.07 41.03 41.05 41.08 41.09 41.14 41.2 41.17 41.19 41.19 41.24 41.24 41.25 41.29 41.29 41.29 41.26 41.2 41.21 41.21 41.22 41.2 41.21 41.2 41.19 41.19 41.23 41.21 41.16 41.17 41.14 41.13 41.12 41.1 41.12 41.11 41.09 41.12 41.11 41.06 41.04 41.04 41.05 41.03 41.03 40.98 40.95 40.88 40.86 40.91 40.95 41.02 41.02 41 41 41.01 40.98 40.93 40.93 40.97 41.02 41.01 40.98 41.02 41.03 41.03 41.02 40.97 40.95 40.93
41.24 41.33 41.24 41.1 41.14 41.17 41.13 41.09 41.08 41.08 41.07 41.09 41.1 41.1 41.17 41.16 41.15 41.17 41.23 41.27 41.27 41.28 41.25 41.26 41.28 41.23 41.18 41.18 41.22 41.18 41.21 41.2 41.19 41.18 41.16 41.17 41.17 41.17 41.12 41.12 41.11 41.11 41.12 41.12 41.11 41.13 41.09 41.03 41.02 41.05 41.04 41.02 41.05 41.01 40.97 40.91 40.84 40.87 40.93 41.01 41.04 41.04 41.03 41.03 41 40.96 40.97 40.97 40.99 41 41 41.02 41.05 41.04 41.02 40.98 40.92 40.91
41.18 41.28 41.24 41.13 41.19 41.24 41.2 41.15 41.14 41.09 41.02 41.07 41.09 41.06 41.1 41.13 41.12 41.13 41.18 41.22 41.27 41.3 41.29 41.27 41.29 41.22 41.17 41.2 41.23 41.18 41.17 41.18 41.19 41.19 41.15 41.16 41.16 41.17 41.13 41.13 41.14 41.1 41.07 41.08 41.1 41.12 41.1 41.06 41 41.02 41.02 41.03 41.01 40.99 40.99 40.94 40.87 40.88 40.92 41.01 41.04 41.02 41.02 41.01 40.98 40.98 40.99 40.99 40.97 40.99 41.04 41.02 41.03 41.03 41.05 40.99 40.93 40.92
41.21 41.25 41.19 41.13 41.16 41.21 41.19 41.16 41.13 41.08 41.08 41.1 41.12 41.09 41.06 41.08 41.11 41.14 41.16 41.17 41.23 41.29 41.29 41.28 41.29 41.21 41.17 41.21 41.23 41.21 41.17 41.18 41.22 41.21 41.2 41.18 41.15 41.16 41.13 41.12 41.11 41.07 41.06 41.04 41.08 41.09 41.08 41.08 41.05 41.05 41.04 41 41.02 41.03 41.04 41 40.94 40.96 40.95 41 41.06 41.04 41.02 41.01 40.96 40.97 40.99 41.01 40.97 40.96 41.02 40.99 40.98 40.98 41.03 40.99 40.94 40.93
41.3 41.27 41.26 41.19 41.15 41.15 41.15 41.1 41.1 41.1 41.13 41.16 41.19 41.14 41.18 41.16 41.14 41.1 41.12 41.15 41.22 41.25 41.27 41.27 41.26 41.2 41.17 41.2 41.23 41.23 41.2 41.21 41.24 41.21 41.19 41.15 41.17 41.17 41.17 41.14 41.11 41.09 41.09 41.06 41.04 41.08 41.08 41.08 41.07 41.08 41.08 41.04 40.99 40.98 41.02 41.05 41 40.97 40.98 41.01 41.03 41.02 41.01 41.01 41 40.99 40.98 40.98 40.95 40.95 40.99 40.98 40.96 40.97 40.99 40.99 40.95 40.94
41.34 41.3 41.25 41.2 41.13 41.08 41.13 41.1 41.13 41.13 41.24 41.29 41.39 41.32 41.31 41.26 41.18 41.1 41.12 41.16 41.21 41.2 41.24 41.24 41.2 41.17 41.19 41.2 41.23 41.23 41.2 41.21 41.2 41.21 41.19 41.16 41.15 41.14 41.13 41.13 41.12 41.12 41.11 41.09 41.06 41.09 41.07 41.06 41.09 41.09 41.07 41.03 40.99 41 41.01 41.02 40.98 40.96 40.95 40.97 40.99 41.01 41 40.99 41.02 41.01 40.97 40.96 40.95 40.97 41 40.98 40.97 40.98 40.96 40.96 40.95 40.95
41.22 41.26 41.23 41.19 41.15 41.09 41.11 41.12 41.16 41.18 41.29 41.34 41.43 41.4 41.3 41.26 41.16 41.13 41.14 41.15 41.19 41.19 41.2 41.21 41.17 41.17 41.2 41.23 41.24 41.22 41.21 41.21 41.21 41.22 41.21 41.19 41.17 41.16 41.13 41.11 41.13 41.1 41.09 41.09 41.09 41.05 41.05 41.08 41.06 41.05 41.04 41.01 41.02 41.05 41.07 41.06 41.02 40.99 40.93 40.91 40.95 40.97 40.98 40.97 40.99 40.99 40.95 40.95 40.98 40.99 41.02 40.99 40.96 40.97 40.94 40.9 40.91 40.91
41.19 41.22 41.19 41.17 41.16 41.13 41.12 41.13 41.16 41.16 41.2 41.22 41.26 41.27 41.25 41.19 41.12 41.12 41.12 41.13 41.19 41.21 41.23 41.22 41.19 41.2 41.18 41.19 41.19 41.24 41.23 41.2 41.2 41.23 41.22 41.21 41.17 41.15 41.13 41.1 41.07 41.14 41.12 41.09 41.09 41.07 41.06 41.06 41.08 41.04 41.04 41.02 41.01 41.04 41.09 41.07 41.03 41 40.93 40.92 40.93 40.94 40.95 40.95 40.95 40.97 40.95 40.95 40.97 40.99 41.02 41.03 41.01 40.98 40.95 40.9 40.89 40.88
41.2 41.22 41.16 41.16 41.14 41.12 41.11 41.12 41.11 41.08 41.07 41.07 41.09 41.13 41.21 41.18 41.12 41.14 41.12 41.12 41.19 41.3 41.33 41.29 41.21 41.2 41.19 41.19 41.17 41.21 41.22 41.21 41.14 41.17 41.18 41.17 41.17 41.13 41.11 41.1 41.05 41.07 41.09 41.13 41.09 41.09 41.08 41.05 41.08 41.07 41.06 41.04 40.99 41.02 41.07 41.07 41.02 41 40.94 40.96 40.95 40.95 40.95 40.94 40.95 40.96 40.99 41 40.99 41 41.02 41.01 40.99 40.99 40.99 40.98 40.96 40.91
41.2 41.26 41.18 41.16 41.11 41.09 41.09 41.09 41.05 41.02 41.02 41.03 41.05 41.06 41.15 41.15 41.11 41.13 41.15 41.14 41.21 41.37 41.43 41.42 41.36 41.31 41.28 41.22 41.2 41.18 41.17 41.13 41.15 41.12 41.14 41.18 41.16 41.11 41.1 41.1 41.08 41.08 41.09 41.11 41.06 41.08 41.09 41.05 41.08 41.09 41.07 41.05 41.02 41.02 41.04 41.07 41.03 41 40.95 40.94 40.93 40.95 40.97 40.99 40.98 40.99 41 40.97 41.02 41.03 41.04 40.99 40.99 41.01 40.99 40.98 40.97 40.93
41.2 41.31 41.27 41.23 41.13 41.08 41.08 41.06 41.03 41.02 41.03 41.04 41.06 41.08 41.12 41.14 41.14 41.18 41.26 41.24 41.23 41.31 41.34 41.43 41.48 41.35 41.31 41.25 41.25 41.23 41.18 41.11 41.13 41.13 41.15 41.16 41.12 41.08 41.08 41.1 41.12 41.09 41.08 41.09 41.06 41.07 41.08 41.04 41.05 41.07 41.08 41.05 41.03 41.03 41.01 41.05 41.02 41 41 40.93 40.88 40.93 41 41.03 41.01 40.99 40.99 40.97 40.98 40.99 41 40.99 41 41.02 41.01 41 41 40.99
41.23 41.35 41.37 41.33 41.2 41.09 41.12 41.16 41.14 41.07 41.05 41.05 41.07 41.11 41.13 41.14 41.17 41.22 41.23 41.2 41.18 41.23 41.28 41.43 41.56 41.4 41.34 41.35 41.4 41.43 41.36 41.24 41.17 41.12 41.14 41.14 41.11 41.08 41.08 41.11 41.13 41.1 41.1 41.11 41.1 41.1 41.08 41.04 41.04 41.06 41.08 41.03 41.01 41.01 40.99 41.03 41.01 41 41.02 40.96 40.89 40.89 41 41.01 40.96 40.96 40.98 41 41 41 41.01 41.05 41.03 41 41 40.95 40.96 40.95
41.28 41.39 41.33 41.3 41.2 41.14 41.26 41.31 41.3 41.22 41.16 41.13 41.1 41.2 41.19 41.17 41.17 41.22 41.24 41.27 41.2 41.21 41.27 41.46 41.51 41.41 41.36 41.41 41.63 41.62 41.55 41.39 41.27 41.18 41.18 41.17 41.14 41.11 41.1 41.09 41.12 41.13 41.16 41.15 41.14 41.13 41.1 41.1 41.12 41.1 41.07 41.04 41.03 41.01 41.01 41.04 41.03 41.02 41.03 40.97 40.93 40.91 40.92 41 40.98 40.97 41 40.99 40.97 40.96 41.03 41.03 41.03 41 41.01 40.99 40.99 40.97
41.31 41.34 41.28 41.27 41.24 41.22 41.36 41.44 41.45 41.38 41.33 41.29 41.26 41.25 41.24 41.2 41.17 41.21 41.25 41.3 41.2 41.17 41.22 41.34 41.33 41.37 41.39 41.5 41.76 41.71 41.65 41.51 41.38 41.28 41.28 41.26 41.17 41.16 41.11 41.09 41.11 41.11 41.15 41.14 41.13 41.15 41.11 41.12 41.09 41.08 41.06 41.04 41.06 41.03 41.04 41.01 41.02 41.03 41.05 41 40.98 40.94 40.9 40.95 40.96 40.99 41 40.97 40.97 40.99 41.04 40.99 41 40.99 41.02 41.02 41.02 41.01
41.32 41.39 41.35 41.34 41.3 41.29 41.44 41.5 41.53 41.48 41.46 41.39 41.28 41.24 41.25 41.22 41.19 41.2 41.22 41.22 41.18 41.15 41.17 41.21 41.24 41.37 41.47 41.66 41.84 41.8 41.76 41.64 41.49 41.41 41.38 41.36 41.26 41.24 41.21 41.15 41.11 41.09 41.1 41.08 41.15 41.14 41.11 41.07 41.1 41.08 41.09 41.04 41.04 41.06 41.07 41.09 41.07 41.04 41.04 41.02 40.99 40.95 40.9 40.91 40.93 40.99 40.98 40.99 41 41.02 41.03 41 41 41.01 41.05 41.04 41.04 41.03
41.29 41.38 41.42 41.4 41.37 41.35 41.43 41.53 41.53 41.48 41.46 41.34 41.24 41.23 41.23 41.22 41.22 41.2 41.2 41.18 41.16 41.15 41.16 41.2 41.32 41.46 41.58 41.81 41.95 41.95 41.92 41.79 41.61 41.56 41.47 41.39 41.33 41.35 41.42 41.33 41.23 41.16 41.09 41.07 41.11 41.11 41.09 41.06 41.12 41.12 41.1 41.09 41.07 41.07 41.08 41.07 41.04 41.01 41.03 40.98 40.98 40.95 40.94 40.93 40.94 40.98 40.99 41 41.01 41.03 41.03 41.02 41.01 41.03 41.06 41.08 41.07 41.05
41.23 41.33 41.4 41.43 41.45 41.47 41.48 41.5 41.47 41.42 41.39 41.25 41.19 41.2 41.2 41.2 41.21 41.2 41.2 41.19 41.18 41.15 41.18 41.25 41.38 41.53 41.65 41.83 41.94 41.97 42.01 41.93 41.78 41.69 41.5 41.4 41.43 41.48 41.54 41.49 41.41 41.33 41.2 41.11 41.08 41.1 41.11 41.05 41.1 41.1 41.09 41.07 41.06 41.06 41.08 41.06 41.04 41.01 41.03 40.98 40.97 40.97 40.97 40.95 40.96 40.98 40.98 41 40.99 41.01 41.06 41.02 41.01 41.02 41.04 41.09 41.08 41.05
41.13 41.22 41.28 41.36 41.43 41.5 41.48 41.44 41.39 41.35 41.32 41.18 41.14 41.15 41.15 41.16 41.16 41.17 41.17 41.18 41.18 41.18 41.2 41.27 41.4 41.52 41.63 41.81 41.91 41.93 42.02 42.07 42.01 41.86 41.55 41.4 41.39 41.45 41.55 41.6 41.54 41.46 41.33 41.16 41.11 41.1 41.08 41.04 41.07 41.09 41.07 41.02 41.01 41 41.01 41.02 41.02 41.02 41.03 41.02 41.01 40.99 40.99 40.97 40.98 40.98 40.96 41.01 40.99 41.01 41.04 41.01 41 40.99 41.02 41.05 41.08 41.07
41.05 41.14 41.17 41.26 41.33 41.41 41.41 41.37 41.33 41.28 41.26 41.13 41.1 41.11 41.11 41.12 41.12 41.13 41.13 41.13 41.15 41.17 41.2 41.23 41.3 41.37 41.56 41.74 41.84 41.87 41.96 42.05 41.94 41.81 41.52 41.36 41.38 41.43 41.52 41.6 41.59 41.53 41.37 41.17 41.14 41.12 41.11 41.09 41.09 41.12 41.08 41.03 41.02 40.99 40.96 40.97 40.96 40.99 41.01 41.04 41.01 40.98 40.99 40.97 40.97 40.97 40.96 41 41.01 41.03 41 41 41.01 41.03 40.98 41 41.03 41.06
40.99 41.06 41.08 41.15 41.21 41.31 41.32 41.31 41.26 41.21 41.19 41.08 41.06 41.06 41.07 41.07 41.08 41.09 41.09 41.1 41.11 41.13 41.15 41.21 41.23 41.31 41.5 41.66 41.74 41.78 41.87 41.95 41.81 41.69 41.41 41.31 41.36 41.39 41.48 41.51 41.57 41.45 41.26 41.12 41.12 41.13 41.15 41.15 41.13 41.13 41.11 41.09 41.08 41.04 41.02 40.95 40.93 40.96 40.97 41.01 40.98 40.94 40.96 40.94 40.94 40.94 40.92 40.93 40.96 41 41 40.99 40.99 41.01 40.99 41.01 41.08 41.07
40.98 41 41.01 41.03 41.09 41.2 41.24 41.25 41.19 41.15 41.12 41.03 41.02 41.03 41.03 41.04 41.04 41.04 41.05 41.05 41.1 41.12 41.13 41.11 41.16 41.24 41.43 41.57 41.65 41.69 41.77 41.81 41.69 41.53 41.27 41.21 41.28 41.31 41.38 41.43 41.47 41.35 41.12 41.05 41.08 41.13 41.14 41.17 41.16 41.13 41.13 41.1 41.09 41.06 41.06 40.96 40.96 40.98 40.97 41 40.98 40.97 40.95 40.96 40.94 40.91 40.9 40.91 40.95 40.98 40.96 40.96 40.95 40.96 40.96 40.98 41.05 41.03
