slabs/43.grd
DSAA
631 301
644520 645150
4946600 4946900
38.49 43.51
[rows 170 to 203 of 301, columns 234 to 311 of 631]
41.03 41.07 41.04 40.98 41.01 41.1 41.15 41.18 41.12 41.08 41.05 40.98 40.97 40.98 40.99 40.99 40.99 41 41.01 41.03 41.09 41.12 41.17 41.13 41.09 41.16 41.35 41.48 41.53 41.54 41.55 41.48 41.39 41.33 41.23 41.18 41.2 41.23 41.28 41.36 41.37 41.27 41.04 41.01 41.03 41.1 41.11 41.15 41.16 41.12 41.08 41.07 41.07 41.05 41.03 41 41.03 40.99 40.99 41.02 40.99 41.02 40.99 40.98 40.93 40.9 40.91 40.92 40.96 40.99 40.99 40.98 40.97 40.92 40.95 40.97 41.02 41.04
41.02 41.2 41.17 41.06 40.98 41.03 41.07 41.1 41.05 41.01 40.98 40.92 40.92 40.93 40.94 40.95 40.96 40.96 40.97 41.02 41.08 41.1 41.16 41.18 41.15 41.14 41.22 41.34 41.41 41.39 41.33 41.24 41.22 41.23 41.23 41.19 41.18 41.2 41.24 41.28 41.28 41.2 41.01 40.99 41 41.03 41.08 41.13 41.13 41.1 41.09 41.08 41.07 41.05 41.05 40.98 41.03 41.08 41.03 41.03 41.04 41.12 41.05 41.02 40.96 40.92 40.91 40.94 40.98 40.96 40.97 40.99 41.01 40.97 41.04 41.07 41.18 41.21
41.01 41.15 41.15 41.04 41 41.04 41.06 41.04 40.99 40.96 40.91 40.88 40.88 40.88 40.9 40.91 40.91 40.92 40.94 40.99 41.04 41.06 41.12 41.18 41.15 41.11 41.12 41.23 41.28 41.25 41.19 41.18 41.2 41.22 41.24 41.19 41.2 41.22 41.23 41.22 41.22 41.14 41 41.01 41.02 41.04 41.04 41.09 41.11 41.09 41.08 41.12 41.1 41.09 41.09 41 41.05 41.13 41.11 41.11 41.09 41.07 41.05 41.03 40.98 40.95 40.95 40.98 41.02 41.02 41 41.04 41.14 41.15 41.19 41.23 41.34 41.32
41 41.02 41.07 41.03 41.02 41.05 41.05 41.01 40.97 40.94 40.87 40.84 40.84 40.85 40.85 40.85 40.86 40.87 40.92 40.97 41.02 41.05 41.11 41.16 41.13 41.09 41.08 41.15 41.15 41.14 41.14 41.17 41.18 41.21 41.24 41.2 41.21 41.22 41.2 41.17 41.18 41.09 41.01 41.03 41.03 41.04 41.04 41.04 41.06 41.06 41.12 41.2 41.19 41.17 41.18 41.11 41.04 41.11 41.12 41.09 41.02 41 41.04 41.02 40.97 40.93 40.97 41.01 41.1 41.11 41.07 41.12 41.24 41.27 41.29 41.33 41.37 41.33
41 41 41.04 41.01 41.03 41.03 41.01 40.97 40.93 40.89 40.84 40.81 40.81 40.81 40.82 40.83 40.84 40.87 40.93 40.98 41.02 41.06 41.11 41.16 41.15 41.1 41.06 41.08 41.08 41.11 41.13 41.16 41.17 41.2 41.24 41.22 41.22 41.21 41.17 41.14 41.14 41.04 41.02 41.04 41.04 41.04 41.04 41.04 41.04 41.04 41.14 41.15 41.15 41.21 41.19 41.15 41.03 41.03 41.08 41.06 41.05 41.02 41.02 41.01 40.98 40.95 41.03 41.08 41.16 41.14 41.11 41.17 41.28 41.31 41.32 41.34 41.34 41.33
41 41 41.01 41.01 40.98 40.98 40.96 40.92 40.89 40.85 40.81 40.8 40.8 40.81 40.83 40.84 40.86 40.9 40.96 41.01 41.05 41.09 41.14 41.19 41.17 41.11 41.08 41.06 41.07 41.1 41.13 41.15 41.16 41.19 41.23 41.22 41.21 41.18 41.14 41.11 41.1 41.04 41.03 41.03 41.03 41.04 41.06 41.07 41.08 41.07 41.15 41.13 41.08 41.13 41.12 41.09 41.04 41 41.05 41.05 41.09 41.1 41.07 41.04 41.01 40.99 41.04 41.07 41.13 41.13 41.12 41.16 41.26 41.3 41.31 41.32 41.31 41.3
40.99 41 41 40.98 40.95 40.94 40.92 40.88 40.84 40.83 40.79 40.8 40.82 40.82 40.84 40.86 40.89 40.92 40.98 41.03 41.07 41.11 41.17 41.21 41.18 41.1 41.06 41.06 41.07 41.09 41.13 41.15 41.16 41.19 41.21 41.22 41.2 41.15 41.1 41.08 41.06 41.03 41.04 41.05 41.07 41.09 41.11 41.12 41.16 41.13 41.09 41.08 41.05 41.06 41.1 41.08 41.04 40.98 41.01 41.03 41.06 41.12 41.08 41.04 41.02 41.01 40.99 41 41.05 41.11 41.11 41.14 41.2 41.24 41.25 41.29 41.27 41.28
40.98 40.99 40.95 40.94 40.93 40.92 40.89 40.85 40.82 40.81 40.78 40.8 40.83 40.84 40.85 40.87 40.91 40.94 41 41.05 41.08 41.14 41.19 41.2 41.15 41.07 41.02 41.02 41.05 41.09 41.1 41.12 41.13 41.16 41.19 41.19 41.19 41.18 41.15 41.11 41.09 41.08 41.09 41.13 41.18 41.19 41.2 41.21 41.24 41.17 41.04 41.04 41.04 41.08 41.14 41.11 41.04 40.98 40.96 40.97 40.99 41.04 41 40.99 41.02 41.02 41.01 40.98 40.99 41.01 41.04 41.1 41.13 41.16 41.19 41.23 41.22 41.28
40.96 40.94 40.89 40.89 40.9 40.89 40.86 40.83 40.81 40.8 40.77 40.81 40.84 40.85 40.87 40.89 40.93 40.97 41.03 41.07 41.1 41.16 41.21 41.16 41.11 41.06 41.01 40.98 41 41.05 41.08 41.1 41.11 41.13 41.16 41.16 41.16 41.17 41.16 41.15 41.14 41.14 41.15 41.19 41.24 41.25 41.27 41.28 41.3 41.17 41.04 41.03 41.06 41.16 41.17 41.12 41.05 41.04 40.97 40.97 40.97 40.98 40.95 40.96 41.02 41.01 40.99 40.95 40.94 40.93 40.97 41.09 41.08 41.09 41.13 41.16 41.15 41.2
40.89 40.85 40.83 40.85 40.85 40.84 40.83 40.82 40.8 40.79 40.76 40.81 40.85 40.86 40.89 40.9 40.93 40.99 41.05 41.1 41.12 41.17 41.19 41.12 41.07 41.02 40.95 40.92 40.97 41.03 41.06 41.08 41.09 41.11 41.1 41.11 41.12 41.13 41.14 41.14 41.16 41.16 41.18 41.19 41.22 41.26 41.28 41.29 41.3 41.18 41.06 41.05 41.1 41.24 41.19 41.15 41.06 41.05 41.03 41.02 41.04 40.99 40.98 40.97 41.01 41.04 41.01 40.89 40.91 41 41.03 41.1 41.13 41.09 41.13 41.19 41.16 41.13
40.82 40.8 40.81 40.86 40.85 40.84 40.83 40.8 40.79 40.78 40.76 40.82 40.83 40.88 40.9 40.93 40.96 41.01 41.07 41.12 41.13 41.15 41.16 41.07 41.04 41 40.95 40.92 40.96 41.01 41.01 41.03 41.04 41.06 41.06 41.07 41.08 41.1 41.11 41.12 41.14 41.16 41.17 41.18 41.21 41.24 41.25 41.25 41.23 41.19 41.08 41.09 41.13 41.26 41.2 41.14 41.05 40.98 40.99 40.99 41.04 41.01 40.99 40.98 41.01 40.98 40.95 40.94 41.05 41.14 41.14 41.16 41.16 41.14 41.13 41.15 41.19 41.16
40.93 40.88 40.82 40.88 40.89 40.88 40.84 40.75 40.79 40.77 40.77 40.82 40.84 40.88 40.91 40.95 40.98 41.03 41.08 41.1 41.11 41.13 41.12 41 40.97 40.96 40.93 40.91 40.92 40.97 40.98 40.99 41 41.02 41.04 41.05 41.06 41.08 41.09 41.1 41.12 41.14 41.15 41.16 41.19 41.21 41.2 41.19 41.16 41.14 41.12 41.13 41.15 41.17 41.22 41.12 41.01 41 40.98 40.96 41.02 41 40.99 40.99 40.97 40.92 40.95 41.05 41.18 41.22 41.2 41.16 41.14 41.14 41.14 41.13 41.16 41.16
40.92 40.91 40.87 40.87 40.9 40.9 40.86 40.73 40.74 40.76 40.78 40.82 40.84 40.89 40.93 40.97 40.99 41.03 41.06 41.06 41.06 41.08 41.05 40.92 40.91 40.92 40.93 40.93 40.91 40.93 40.95 40.96 40.97 40.98 41.04 41.07 41.1 41.12 41.13 41.13 41.14 41.16 41.17 41.17 41.16 41.15 41.17 41.18 41.18 41.16 41.11 41.08 41.05 41.13 41.12 41.04 40.97 40.97 40.98 40.98 41.02 41.03 41.02 40.98 41 40.97 41 41.1 41.21 41.2 41.18 41.14 41.12 41.13 41.13 41.12 41.13 41.13
40.89 40.91 40.92 40.89 40.88 40.87 40.86 40.82 40.8 40.78 40.77 40.76 40.81 40.89 40.92 40.94 40.95 40.97 40.99 41 41.01 41.03 41.01 40.95 40.97 40.97 40.97 40.98 40.94 40.91 40.9 40.91 40.92 40.95 41.07 41.12 41.21 41.24 41.25 41.26 41.26 41.27 41.28 41.26 41.19 41.15 41.13 41.11 41.14 41.2 41.17 41.13 41.09 41.09 41.06 40.99 40.98 40.99 41 41.03 40.99 41.01 41.01 41.05 41.16 41.14 41.13 41.16 41.23 41.2 41.17 41.13 41.11 41.13 41.11 41.09 41.11 41.12
40.87 40.88 40.91 40.88 40.86 40.83 40.84 40.84 40.82 40.82 40.81 40.76 40.77 40.79 40.85 40.87 40.87 40.9 40.91 40.93 40.94 40.97 41.02 41.01 41.05 41.05 40.99 40.97 40.91 40.88 40.86 40.86 40.87 40.97 41.1 41.16 41.28 41.35 41.38 41.4 41.41 41.42 41.43 41.4 41.31 41.21 41.18 41.16 41.14 41.2 41.2 41.15 41.07 41.07 41.03 40.98 40.99 41.01 41.02 41.05 41.02 41.05 41.07 41.14 41.29 41.26 41.21 41.19 41.23 41.22 41.19 41.12 41.11 41.11 41.07 41.06 41.09 41.12
40.82 40.85 40.88 40.84 40.81 40.78 40.77 40.78 40.78 40.83 40.86 40.81 40.78 40.75 40.78 40.82 40.82 40.83 40.85 40.89 40.93 40.99 41.02 41.03 41.07 41.06 40.99 40.96 40.89 40.83 40.8 40.79 40.82 41 41.12 41.18 41.33 41.42 41.46 41.48 41.54 41.56 41.56 41.53 41.43 41.32 41.28 41.2 41.14 41.18 41.16 41.1 41.09 41.08 41.06 41.06 41.04 41.04 41.05 41.05 41.06 41.09 41.1 41.17 41.32 41.34 41.29 41.19 41.2 41.21 41.2 41.13 41.1 41.08 41.05 41.06 41.08 41.1
40.76 40.81 40.83 40.8 40.78 40.74 40.72 40.72 40.75 40.82 40.88 40.85 40.83 40.79 40.77 40.8 40.77 40.79 40.86 40.94 41.05 41.16 41.13 41.11 41.11 41.11 41.04 41.01 40.97 40.82 40.72 40.72 40.84 41.03 41.15 41.21 41.35 41.49 41.54 41.56 41.62 41.66 41.66 41.64 41.52 41.38 41.33 41.23 41.18 41.24 41.23 41.2 41.19 41.14 41.16 41.19 41.12 41.07 41.06 41.05 41.05 41.06 41.05 41.09 41.25 41.35 41.37 41.19 41.16 41.17 41.15 41.09 41.09 41.08 41.08 41.09 41.1 41.08
40.72 40.77 40.8 40.77 40.75 40.72 40.68 40.69 40.73 40.8 40.86 40.9 40.88 40.84 40.81 40.78 40.75 40.83 40.99 41.06 41.25 41.34 41.31 41.28 41.24 41.18 41.11 41.09 41.04 40.89 40.67 40.7 40.88 41.06 41.17 41.24 41.38 41.53 41.6 41.63 41.69 41.75 41.75 41.67 41.52 41.39 41.34 41.23 41.22 41.28 41.27 41.25 41.26 41.23 41.25 41.27 41.19 41.08 41.06 41.04 41.04 41.01 40.96 40.99 41.15 41.26 41.4 41.18 41.16 41.14 41.06 40.98 41.02 41.06 41.11 41.14 41.12 41.11
40.69 40.75 40.78 40.74 40.73 40.69 40.66 40.68 40.72 40.79 40.86 40.91 40.9 40.87 40.83 40.82 40.82 40.94 41.1 41.17 41.38 41.56 41.56 41.55 41.51 41.41 41.3 41.25 41.11 40.93 40.76 40.77 40.93 41.08 41.19 41.26 41.41 41.54 41.59 41.66 41.76 41.83 41.79 41.63 41.45 41.34 41.31 41.22 41.21 41.23 41.2 41.16 41.22 41.29 41.28 41.25 41.21 41.07 41.03 41.04 41.04 40.98 40.94 40.99 41.12 41.24 41.42 41.3 41.27 41.22 41.1 41.02 41.06 41.09 41.13 41.13 41.16 41.16
40.67 40.73 40.75 40.72 40.71 40.69 40.68 40.68 40.72 40.79 40.85 40.9 40.89 40.86 40.83 40.86 40.93 41.06 41.19 41.26 41.46 41.66 41.81 41.8 41.76 41.64 41.48 41.37 41.16 40.98 40.89 40.85 40.95 41.09 41.09 41.2 41.33 41.45 41.49 41.58 41.68 41.78 41.71 41.54 41.37 41.29 41.27 41.21 41.15 41.15 41.1 41.08 41.18 41.28 41.24 41.19 41.2 41.1 41.09 41.11 41.02 41 40.97 41.02 41.12 41.18 41.35 41.42 41.35 41.29 41.15 41.06 41.08 41.1 41.15 41.18 41.26 41.25
40.66 40.71 40.73 40.74 40.74 40.72 40.7 40.69 40.72 40.79 40.84 40.85 40.87 40.84 40.89 40.94 41.03 41.18 41.32 41.42 41.63 41.83 41.95 41.96 41.89 41.71 41.54 41.43 41.21 41.05 40.95 40.9 40.91 41 41.01 41.12 41.23 41.33 41.36 41.45 41.52 41.6 41.54 41.4 41.26 41.24 41.26 41.23 41.12 41.07 41.03 41.04 41.13 41.23 41.23 41.17 41.19 41.18 41.13 41.1 40.97 40.97 40.99 41.06 41.08 41.13 41.32 41.45 41.43 41.36 41.23 41.12 41.06 41.09 41.18 41.25 41.36 41.35
40.67 40.71 40.73 40.78 40.77 40.75 40.74 40.73 40.73 40.79 40.84 40.85 40.85 40.83 40.86 40.91 41.05 41.26 41.47 41.58 41.79 41.89 41.96 41.96 41.9 41.76 41.6 41.48 41.28 41.12 41.03 40.9 40.83 40.92 40.96 41.06 41.14 41.22 41.24 41.31 41.39 41.42 41.37 41.25 41.14 41.17 41.21 41.25 41.15 41 40.97 41.02 41.09 41.15 41.25 41.14 41.13 41.11 41.01 41.01 41.05 41 40.97 41 41.05 41.1 41.27 41.46 41.46 41.42 41.34 41.21 41.11 41.12 41.15 41.24 41.31 41.36
40.69 40.69 40.7 40.74 40.8 40.79 40.77 40.76 40.74 40.79 40.84 40.84 40.83 40.81 40.82 40.88 41.02 41.27 41.48 41.55 41.71 41.84 41.9 41.9 41.86 41.77 41.67 41.53 41.33 41.15 41.08 40.87 40.76 40.87 40.91 41.01 41.09 41.12 41.13 41.18 41.25 41.24 41.18 41.08 41.01 41.1 41.16 41.22 41.13 41.02 40.98 41.01 41.09 41.15 41.28 41.15 41.08 41.05 41.02 41.1 41.09 41.05 41 40.98 40.97 41.04 41.22 41.41 41.48 41.45 41.4 41.26 41.19 41.15 41.1 41.16 41.21 41.33
40.72 40.72 40.73 40.76 40.81 40.82 40.79 40.78 40.75 40.79 40.84 40.83 40.82 40.8 40.79 40.84 40.98 41.24 41.38 41.42 41.56 41.73 41.83 41.85 41.82 41.74 41.7 41.55 41.35 41.15 41.06 40.82 40.74 40.83 40.88 40.97 41.02 41.04 41.05 41.07 41.11 41.05 41.01 40.94 40.94 40.98 41.05 41.16 41.03 41.02 40.97 41 41.13 41.19 41.31 41.15 41.09 41.08 41.08 41.11 41.09 41.03 40.95 40.98 40.97 41.03 41.18 41.34 41.42 41.43 41.37 41.26 41.22 41.16 41.08 41.13 41.16 41.28
40.78 40.77 40.78 40.82 40.86 40.85 40.82 40.81 40.77 40.78 40.81 40.81 40.8 40.79 40.77 40.8 40.96 41.16 41.24 41.3 41.44 41.61 41.71 41.79 41.76 41.68 41.65 41.52 41.34 41.15 41.05 40.82 40.78 40.78 40.84 40.92 40.95 40.96 40.97 40.97 40.94 40.88 40.89 40.92 40.95 40.98 41.03 41.07 41.03 41.02 41.02 41.08 41.18 41.25 41.36 41.24 41.16 41.16 41.19 41.23 41.17 41.1 40.98 41 40.97 41.02 41.13 41.24 41.29 41.34 41.31 41.23 41.2 41.12 41.1 41.17 41.17 41.24
40.72 40.78 40.83 40.84 40.87 40.87 40.85 40.84 40.81 40.79 40.8 40.79 40.78 40.77 40.77 40.78 40.9 41.04 41.09 41.17 41.31 41.47 41.53 41.69 41.69 41.61 41.57 41.45 41.28 41.12 41.04 40.85 40.8 40.73 40.78 40.84 40.87 40.88 40.89 40.92 40.91 40.91 40.91 40.94 40.98 41.01 41.06 41.06 41.08 41.09 41.13 41.2 41.28 41.37 41.52 41.43 41.27 41.26 41.24 41.23 41.15 41.08 40.98 40.98 40.96 41 41.09 41.18 41.2 41.25 41.27 41.23 41.19 41.09 41.07 41.18 41.19 41.22
40.68 40.77 40.83 40.84 40.85 40.85 40.86 40.85 40.82 40.8 40.84 40.84 40.84 40.82 40.81 40.76 40.81 40.9 40.93 41.04 41.18 41.33 41.39 41.53 41.58 41.52 41.48 41.37 41.22 41.07 40.98 40.81 40.75 40.73 40.76 40.81 40.84 40.86 40.88 40.91 40.94 40.95 40.97 41 41.04 41.06 41.12 41.17 41.13 41.13 41.14 41.19 41.29 41.39 41.55 41.43 41.31 41.3 41.24 41.18 41.08 41.02 40.95 40.93 40.95 40.99 41.05 41.12 41.14 41.18 41.25 41.26 41.22 41.09 41.03 41.09 41.12 41.13
40.68 40.78 40.81 40.82 40.82 40.84 40.86 40.83 40.79 40.82 40.91 40.94 40.96 40.91 40.88 40.74 40.74 40.81 40.84 40.93 41.05 41.16 41.22 41.35 41.4 41.43 41.39 41.29 41.14 41.01 40.92 40.77 40.73 40.74 40.77 40.82 40.85 40.86 40.89 40.91 40.95 40.96 41 41.04 41.14 41.19 41.29 41.36 41.28 41.21 41.09 41.12 41.2 41.27 41.46 41.37 41.31 41.3 41.24 41.17 41.11 41.08 41 40.94 40.97 40.99 40.95 40.98 41.03 41.13 41.21 41.26 41.18 41.03 40.97 40.92 41 41.13
40.71 40.78 40.78 40.79 40.8 40.85 40.85 40.81 40.76 40.84 40.92 40.99 41.04 40.91 40.85 40.78 40.8 40.83 40.85 40.87 40.88 40.98 41.03 41.16 41.22 41.24 41.25 41.2 41.07 40.95 40.87 40.76 40.73 40.75 40.77 40.82 40.86 40.87 40.9 40.93 40.96 40.98 41.01 41.06 41.17 41.27 41.45 41.51 41.46 41.33 41.1 41.07 41.11 41.16 41.31 41.31 41.28 41.24 41.18 41.17 41.18 41.16 41.08 41 41.02 41.03 40.9 40.91 40.96 41.07 41.16 41.18 41.13 40.98 40.9 40.88 40.95 41.05
40.71 40.74 40.75 40.75 40.78 40.81 40.81 40.76 40.75 40.84 40.88 40.95 40.97 40.91 40.86 40.82 40.84 40.84 40.84 40.83 40.79 40.8 40.85 40.97 41.03 41.05 41.07 41.07 40.98 40.88 40.81 40.76 40.74 40.75 40.76 40.79 40.82 40.84 40.9 40.94 40.97 40.98 41.01 41.05 41.16 41.27 41.49 41.56 41.56 41.41 41.18 41.1 41.11 41.12 41.17 41.15 41.13 41.09 41.07 41.15 41.17 41.21 41.14 41.02 41.01 41 40.97 40.85 40.86 40.91 41.03 41.09 41.05 40.96 40.9 40.93 40.95 40.97
40.65 40.67 40.69 40.7 40.71 40.72 40.71 40.7 40.75 40.8 40.81 40.83 40.86 40.88 40.85 40.82 40.82 40.82 40.81 40.75 40.72 40.71 40.72 40.8 40.85 40.87 40.89 40.92 40.86 40.74 40.71 40.76 40.75 40.76 40.75 40.76 40.8 40.81 40.84 40.9 40.96 40.97 40.99 41.06 41.15 41.26 41.45 41.53 41.58 41.44 41.26 41.18 41.16 41.12 41.09 41.07 41.07 41.06 41.12 41.15 41.18 41.23 41.12 41 40.98 40.97 40.94 40.89 40.89 40.91 40.95 40.98 40.99 40.99 40.97 40.98 40.97 40.94
40.62 40.56 40.59 40.59 40.6 40.63 40.64 40.66 40.68 40.72 40.73 40.75 40.79 40.81 40.82 40.79 40.76 40.77 40.77 40.69 40.65 40.64 40.64 40.66 40.66 40.68 40.7 40.74 40.7 40.67 40.69 40.75 40.77 40.77 40.75 40.74 40.75 40.78 40.83 40.87 40.93 40.94 40.99 41.08 41.16 41.24 41.37 41.49 41.58 41.48 41.35 41.29 41.27 41.21 41.18 41.16 41.16 41.15 41.19 41.23 41.25 41.28 41.29 41.17 41.09 41 40.95 40.92 40.94 40.96 40.97 40.97 40.99 40.98 40.97 40.95 40.91 40.89
40.64 40.58 40.58 40.59 40.62 40.65 40.65 40.66 40.68 40.7 40.71 40.74 40.77 40.79 40.8 40.79 40.74 40.71 40.71 40.67 40.64 40.64 40.63 40.64 40.6 40.6 40.64 40.67 40.66 40.68 40.71 40.72 40.76 40.8 40.79 40.73 40.73 40.77 40.88 40.91 40.9 40.93 41 41.09 41.16 41.22 41.31 41.45 41.51 41.53 41.43 41.36 41.31 41.2 41.2 41.22 41.23 41.24 41.27 41.3 41.29 41.28 41.26 41.21 41.15 41.01 40.91 40.92 40.96 41.02 41.02 40.99 40.96 40.95 40.94 40.91 40.85 40.84
40.64 40.63 40.62 40.61 40.64 40.65 40.65 40.65 40.67 40.69 40.7 40.73 40.76 40.78 40.79 40.81 40.77 40.72 40.71 40.69 40.67 40.66 40.66 40.66 40.63 40.64 40.67 40.69 40.7 40.7 40.72 40.72 40.78 40.86 40.86 40.73 40.78 40.8 40.9 40.97 40.87 40.92 41.01 41.08 41.14 41.18 41.3 41.47 41.54 41.59 41.39 41.31 41.27 41.2 41.2 41.24 41.25 41.29 41.28 41.28 41.27 41.25 41.23 41.2 41.16 41.09 41.02 41.02 41.02 41.04 41 40.96 40.92 40.92 40.92 40.89 40.83 40.8
