slabs/43.grd
DSAA
631 301
644520 645150
4946600 4946900
38.49 43.51
[rows 136 to 169 of 301, columns 468 to 545 of 631]
40.72 40.69 40.67 40.63 40.57 40.59 40.63 40.71 40.75 40.76 40.78 40.82 40.79 40.75 40.71 40.74 40.72 40.72 40.75 40.81 40.9 40.89 40.85 40.79 40.72 40.74 40.78 40.79 40.77 40.74 40.75 40.79 40.83 40.82 40.74 40.76 40.75 40.74 40.71 40.8 40.81 40.79 40.78 40.77 40.74 40.71 40.72 40.74 40.75 40.76 40.62 40.57 40.54 40.67 40.76 40.72 40.72 40.72 40.76 40.76 40.75 40.75 40.73 40.74 40.76 40.79 40.78 40.77 40.76 40.71 40.66 40.66 40.7 40.76 40.77 40.76 40.74 40.71
40.67 40.64 40.65 40.67 40.57 40.54 40.59 40.72 40.75 40.73 40.75 40.78 40.75 40.7 40.65 40.72 40.71 40.71 40.73 40.8 40.84 40.86 40.84 40.81 40.79 40.8 40.84 40.8 40.76 40.73 40.72 40.77 40.83 40.85 40.79 40.76 40.76 40.77 40.74 40.87 40.86 40.82 40.76 40.73 40.71 40.7 40.73 40.79 40.81 40.8 40.75 40.7 40.59 40.63 40.72 40.69 40.67 40.71 40.78 40.74 40.71 40.75 40.72 40.71 40.71 40.73 40.78 40.78 40.76 40.7 40.61 40.64 40.69 40.69 40.69 40.7 40.7 40.73
40.64 40.63 40.65 40.66 40.59 40.56 40.59 40.68 40.7 40.7 40.74 40.79 40.75 40.71 40.64 40.67 40.67 40.67 40.73 40.83 40.84 40.83 40.8 40.82 40.84 40.83 40.86 40.79 40.81 40.78 40.73 40.76 40.77 40.8 40.76 40.77 40.78 40.76 40.76 40.81 40.83 40.81 40.71 40.71 40.7 40.72 40.76 40.75 40.77 40.77 40.73 40.65 40.58 40.59 40.64 40.64 40.64 40.69 40.76 40.72 40.7 40.78 40.76 40.73 40.68 40.69 40.75 40.76 40.76 40.75 40.66 40.67 40.69 40.67 40.68 40.69 40.74 40.72
40.68 40.69 40.67 40.67 40.65 40.63 40.6 40.64 40.68 40.69 40.72 40.77 40.76 40.75 40.67 40.67 40.64 40.67 40.75 40.84 40.82 40.8 40.77 40.84 40.82 40.82 40.8 40.81 40.85 40.87 40.76 40.74 40.73 40.73 40.76 40.74 40.76 40.76 40.72 40.78 40.78 40.78 40.69 40.68 40.68 40.68 40.7 40.7 40.72 40.73 40.71 40.66 40.58 40.57 40.59 40.58 40.62 40.69 40.72 40.71 40.73 40.8 40.79 40.74 40.69 40.68 40.7 40.72 40.76 40.82 40.74 40.74 40.7 40.68 40.68 40.7 40.73 40.68
40.71 40.73 40.71 40.67 40.64 40.65 40.63 40.64 40.68 40.69 40.68 40.67 40.68 40.69 40.69 40.67 40.68 40.7 40.81 40.84 40.8 40.77 40.78 40.84 40.77 40.78 40.81 40.84 40.84 40.83 40.78 40.76 40.76 40.75 40.83 40.84 40.82 40.75 40.7 40.69 40.71 40.77 40.72 40.68 40.69 40.69 40.71 40.72 40.76 40.7 40.7 40.69 40.62 40.55 40.52 40.54 40.63 40.73 40.67 40.68 40.72 40.76 40.79 40.75 40.72 40.73 40.73 40.75 40.71 40.74 40.69 40.71 40.67 40.71 40.7 40.7 40.67 40.71
40.73 40.74 40.73 40.65 40.56 40.61 40.67 40.65 40.67 40.68 40.68 40.67 40.64 40.66 40.7 40.69 40.75 40.78 40.86 40.83 40.81 40.79 40.83 40.83 40.79 40.75 40.83 40.86 40.85 40.82 40.79 40.77 40.77 40.81 40.85 40.86 40.84 40.78 40.69 40.68 40.7 40.75 40.71 40.68 40.68 40.69 40.71 40.73 40.78 40.7 40.65 40.69 40.67 40.57 40.52 40.55 40.7 40.75 40.68 40.67 40.64 40.69 40.76 40.75 40.78 40.79 40.76 40.74 40.69 40.65 40.64 40.63 40.61 40.7 40.7 40.71 40.69 40.66
40.75 40.75 40.73 40.66 40.56 40.6 40.67 40.62 40.65 40.67 40.72 40.7 40.64 40.66 40.72 40.69 40.72 40.72 40.78 40.77 40.77 40.76 40.83 40.8 40.77 40.73 40.77 40.8 40.8 40.8 40.76 40.7 40.73 40.78 40.75 40.79 40.78 40.75 40.7 40.69 40.68 40.69 40.7 40.69 40.69 40.67 40.63 40.67 40.73 40.68 40.63 40.67 40.69 40.62 40.58 40.61 40.71 40.73 40.72 40.71 40.62 40.68 40.77 40.77 40.75 40.79 40.76 40.71 40.67 40.69 40.72 40.7 40.64 40.66 40.68 40.69 40.65 40.69
40.71 40.7 40.74 40.74 40.68 40.65 40.6 40.48 40.57 40.61 40.71 40.74 40.71 40.73 40.74 40.71 40.72 40.73 40.74 40.74 40.74 40.71 40.77 40.75 40.74 40.72 40.73 40.74 40.75 40.79 40.77 40.72 40.72 40.75 40.73 40.77 40.77 40.74 40.72 40.71 40.69 40.64 40.71 40.72 40.74 40.69 40.59 40.64 40.71 40.69 40.65 40.69 40.72 40.64 40.54 40.55 40.63 40.67 40.74 40.7 40.63 40.74 40.76 40.75 40.72 40.75 40.73 40.7 40.67 40.73 40.78 40.78 40.71 40.68 40.71 40.74 40.68 40.7
40.7 40.69 40.73 40.75 40.72 40.68 40.64 40.57 40.62 40.62 40.63 40.7 40.72 40.7 40.75 40.7 40.72 40.74 40.73 40.69 40.69 40.69 40.74 40.75 40.74 40.71 40.67 40.68 40.7 40.76 40.77 40.77 40.75 40.71 40.73 40.8 40.8 40.74 40.73 40.74 40.72 40.64 40.72 40.73 40.77 40.75 40.68 40.68 40.72 40.71 40.69 40.73 40.76 40.63 40.55 40.54 40.57 40.64 40.67 40.7 40.68 40.68 40.68 40.72 40.7 40.71 40.75 40.76 40.71 40.74 40.74 40.72 40.7 40.73 40.72 40.68 40.69 40.74
40.67 40.66 40.63 40.68 40.7 40.7 40.68 40.63 40.6 40.6 40.59 40.66 40.68 40.71 40.75 40.73 40.73 40.72 40.73 40.71 40.71 40.72 40.71 40.72 40.73 40.73 40.69 40.66 40.67 40.72 40.73 40.74 40.73 40.66 40.7 40.78 40.8 40.75 40.74 40.74 40.69 40.63 40.7 40.71 40.77 40.79 40.73 40.71 40.69 40.69 40.74 40.76 40.8 40.68 40.58 40.53 40.53 40.6 40.63 40.65 40.67 40.69 40.69 40.71 40.72 40.7 40.74 40.77 40.77 40.74 40.7 40.66 40.7 40.76 40.71 40.63 40.71 40.77
40.59 40.62 40.63 40.74 40.74 40.75 40.7 40.62 40.6 40.55 40.58 40.71 40.71 40.73 40.75 40.73 40.71 40.69 40.73 40.77 40.78 40.76 40.69 40.66 40.7 40.76 40.77 40.69 40.67 40.7 40.69 40.69 40.7 40.65 40.67 40.72 40.79 40.79 40.74 40.73 40.72 40.71 40.73 40.74 40.83 40.86 40.79 40.74 40.69 40.73 40.75 40.77 40.83 40.76 40.66 40.6 40.56 40.57 40.6 40.67 40.72 40.71 40.71 40.73 40.73 40.73 40.72 40.76 40.79 40.75 40.71 40.66 40.7 40.72 40.67 40.63 40.69 40.75
40.59 40.65 40.69 40.69 40.75 40.73 40.66 40.61 40.6 40.6 40.68 40.73 40.7 40.71 40.74 40.7 40.68 40.66 40.7 40.78 40.79 40.75 40.7 40.65 40.7 40.8 40.8 40.73 40.69 40.7 40.7 40.69 40.71 40.67 40.64 40.69 40.76 40.78 40.73 40.7 40.65 40.64 40.69 40.68 40.71 40.76 40.76 40.72 40.64 40.66 40.71 40.75 40.79 40.75 40.69 40.6 40.53 40.57 40.58 40.62 40.64 40.66 40.69 40.75 40.73 40.74 40.71 40.73 40.77 40.77 40.76 40.69 40.7 40.71 40.68 40.65 40.67 40.71
40.62 40.68 40.72 40.65 40.68 40.67 40.63 40.61 40.59 40.61 40.68 40.73 40.7 40.7 40.7 40.66 40.66 40.66 40.7 40.76 40.75 40.72 40.73 40.68 40.71 40.82 40.82 40.76 40.69 40.73 40.72 40.73 40.7 40.66 40.64 40.65 40.68 40.8 40.77 40.72 40.65 40.62 40.63 40.64 40.69 40.73 40.77 40.7 40.62 40.64 40.66 40.69 40.71 40.69 40.68 40.64 40.55 40.52 40.55 40.58 40.6 40.63 40.67 40.75 40.72 40.72 40.7 40.73 40.76 40.75 40.78 40.76 40.72 40.74 40.75 40.72 40.71 40.74
40.66 40.68 40.66 40.6 40.62 40.64 40.63 40.62 40.6 40.58 40.57 40.71 40.71 40.7 40.67 40.64 40.66 40.71 40.76 40.75 40.72 40.67 40.74 40.74 40.75 40.8 40.81 40.78 40.75 40.72 40.76 40.79 40.8 40.73 40.61 40.64 40.73 40.78 40.8 40.76 40.66 40.62 40.61 40.65 40.71 40.75 40.8 40.72 40.63 40.62 40.64 40.68 40.65 40.64 40.66 40.68 40.61 40.54 40.56 40.58 40.61 40.6 40.64 40.72 40.72 40.7 40.71 40.76 40.78 40.73 40.73 40.78 40.71 40.73 40.76 40.72 40.77 40.77
40.68 40.65 40.63 40.61 40.62 40.63 40.64 40.63 40.6 40.55 40.5 40.61 40.65 40.69 40.66 40.63 40.66 40.76 40.75 40.67 40.63 40.65 40.66 40.68 40.74 40.79 40.75 40.75 40.75 40.75 40.7 40.7 40.71 40.66 40.57 40.61 40.68 40.75 40.8 40.77 40.69 40.69 40.66 40.68 40.74 40.82 40.82 40.74 40.65 40.64 40.66 40.7 40.69 40.66 40.67 40.68 40.62 40.58 40.57 40.57 40.58 40.58 40.63 40.74 40.74 40.73 40.71 40.73 40.73 40.73 40.73 40.8 40.65 40.67 40.71 40.7 40.75 40.76
40.69 40.66 40.64 40.63 40.64 40.66 40.65 40.61 40.59 40.56 40.5 40.48 40.55 40.64 40.63 40.62 40.68 40.79 40.75 40.72 40.67 40.72 40.73 40.73 40.74 40.78 40.76 40.75 40.72 40.73 40.66 40.67 40.67 40.6 40.59 40.62 40.66 40.69 40.7 40.69 40.67 40.68 40.67 40.66 40.7 40.8 40.78 40.74 40.67 40.67 40.68 40.71 40.74 40.68 40.67 40.65 40.58 40.54 40.53 40.52 40.56 40.64 40.7 40.77 40.76 40.73 40.71 40.69 40.68 40.68 40.73 40.82 40.73 40.7 40.67 40.75 40.77 40.77
40.68 40.72 40.63 40.59 40.63 40.69 40.69 40.58 40.59 40.6 40.56 40.51 40.53 40.57 40.62 40.63 40.65 40.7 40.68 40.67 40.67 40.7 40.67 40.69 40.72 40.74 40.73 40.72 40.69 40.69 40.64 40.67 40.7 40.65 40.64 40.64 40.63 40.59 40.6 40.64 40.63 40.63 40.64 40.62 40.62 40.72 40.75 40.76 40.7 40.68 40.7 40.7 40.71 40.66 40.64 40.61 40.55 40.51 40.5 40.49 40.56 40.66 40.68 40.69 40.7 40.7 40.69 40.71 40.7 40.67 40.71 40.78 40.69 40.68 40.71 40.76 40.84 40.79
40.66 40.69 40.62 40.58 40.62 40.7 40.79 40.68 40.65 40.59 40.55 40.47 40.54 40.56 40.59 40.59 40.61 40.65 40.69 40.69 40.68 40.66 40.73 40.73 40.73 40.72 40.67 40.68 40.72 40.74 40.69 40.68 40.68 40.67 40.64 40.64 40.6 40.56 40.58 40.62 40.63 40.62 40.63 40.62 40.57 40.66 40.73 40.79 40.72 40.67 40.67 40.69 40.68 40.68 40.68 40.64 40.58 40.5 40.49 40.48 40.51 40.57 40.67 40.66 40.65 40.66 40.63 40.65 40.68 40.67 40.7 40.75 40.71 40.72 40.75 40.79 40.83 40.81
40.69 40.68 40.63 40.61 40.63 40.66 40.7 40.62 40.61 40.55 40.49 40.5 40.56 40.53 40.55 40.59 40.64 40.65 40.64 40.66 40.66 40.64 40.7 40.69 40.72 40.77 40.74 40.73 40.73 40.74 40.71 40.67 40.63 40.63 40.6 40.61 40.59 40.58 40.59 40.62 40.64 40.68 40.69 40.65 40.57 40.61 40.67 40.74 40.73 40.71 40.67 40.65 40.71 40.75 40.73 40.61 40.53 40.56 40.52 40.48 40.52 40.54 40.61 40.68 40.74 40.71 40.67 40.69 40.76 40.71 40.68 40.75 40.75 40.71 40.71 40.73 40.76 40.78
40.66 40.65 40.65 40.66 40.65 40.63 40.56 40.54 40.6 40.58 40.6 40.6 40.63 40.58 40.59 40.6 40.66 40.64 40.65 40.64 40.61 40.59 40.66 40.67 40.67 40.75 40.77 40.76 40.73 40.68 40.68 40.66 40.63 40.59 40.59 40.6 40.58 40.58 40.59 40.63 40.66 40.74 40.74 40.69 40.59 40.61 40.64 40.67 40.71 40.78 40.71 40.65 40.72 40.77 40.68 40.6 40.61 40.62 40.61 40.55 40.62 40.6 40.62 40.67 40.7 40.68 40.67 40.75 40.76 40.72 40.66 40.72 40.71 40.66 40.65 40.72 40.72 40.75
40.65 40.72 40.72 40.7 40.67 40.65 40.59 40.6 40.62 40.56 40.58 40.59 40.59 40.59 40.56 40.58 40.62 40.62 40.65 40.64 40.59 40.57 40.66 40.68 40.63 40.67 40.72 40.73 40.75 40.69 40.69 40.67 40.64 40.58 40.6 40.62 40.6 40.59 40.6 40.65 40.74 40.73 40.73 40.68 40.57 40.59 40.62 40.64 40.67 40.8 40.71 40.62 40.68 40.72 40.72 40.67 40.63 40.62 40.59 40.53 40.57 40.56 40.61 40.62 40.64 40.63 40.67 40.72 40.7 40.67 40.64 40.69 40.68 40.66 40.65 40.73 40.72 40.72
40.71 40.73 40.68 40.65 40.62 40.66 40.64 40.63 40.59 40.51 40.61 40.64 40.62 40.57 40.53 40.54 40.57 40.61 40.64 40.64 40.62 40.59 40.65 40.69 40.65 40.67 40.72 40.74 40.78 40.79 40.76 40.71 40.65 40.58 40.6 40.62 40.58 40.6 40.61 40.61 40.68 40.7 40.71 40.71 40.66 40.62 40.63 40.66 40.66 40.67 40.63 40.61 40.66 40.69 40.7 40.65 40.62 40.61 40.55 40.48 40.49 40.5 40.57 40.57 40.59 40.61 40.66 40.67 40.66 40.64 40.64 40.66 40.67 40.68 40.69 40.72 40.73 40.69
40.74 40.71 40.67 40.65 40.64 40.64 40.6 40.59 40.58 40.53 40.65 40.65 40.61 40.54 40.52 40.53 40.58 40.61 40.65 40.65 40.64 40.58 40.61 40.68 40.69 40.73 40.75 40.79 40.8 40.77 40.76 40.75 40.69 40.62 40.62 40.62 40.59 40.56 40.55 40.57 40.62 40.64 40.7 40.7 40.63 40.62 40.61 40.62 40.65 40.65 40.62 40.62 40.61 40.64 40.64 40.63 40.63 40.62 40.58 40.56 40.47 40.48 40.55 40.61 40.61 40.61 40.64 40.65 40.69 40.68 40.66 40.6 40.63 40.68 40.73 40.72 40.73 40.71
40.7 40.65 40.61 40.61 40.6 40.61 40.58 40.56 40.58 40.6 40.63 40.6 40.54 40.51 40.5 40.53 40.61 40.62 40.64 40.65 40.67 40.6 40.63 40.69 40.71 40.69 40.72 40.74 40.76 40.78 40.76 40.75 40.71 40.64 40.63 40.6 40.6 40.58 40.54 40.53 40.62 40.63 40.69 40.76 40.69 40.66 40.59 40.58 40.6 40.62 40.66 40.62 40.62 40.65 40.65 40.64 40.64 40.63 40.62 40.65 40.51 40.52 40.57 40.66 40.69 40.65 40.62 40.68 40.72 40.71 40.67 40.6 40.65 40.69 40.7 40.65 40.66 40.7
40.67 40.62 40.58 40.57 40.56 40.57 40.58 40.58 40.62 40.63 40.6 40.56 40.5 40.49 40.5 40.52 40.57 40.61 40.63 40.66 40.64 40.63 40.63 40.67 40.71 40.71 40.71 40.7 40.74 40.76 40.75 40.74 40.73 40.67 40.66 40.65 40.59 40.56 40.54 40.55 40.65 40.65 40.68 40.7 40.7 40.68 40.62 40.56 40.55 40.59 40.66 40.63 40.64 40.68 40.7 40.7 40.65 40.65 40.63 40.64 40.54 40.56 40.6 40.63 40.69 40.67 40.63 40.69 40.71 40.67 40.6 40.64 40.68 40.72 40.72 40.66 40.65 40.7
40.66 40.61 40.6 40.6 40.59 40.57 40.58 40.59 40.64 40.62 40.61 40.57 40.5 40.49 40.53 40.52 40.56 40.56 40.56 40.63 40.59 40.55 40.6 40.66 40.65 40.63 40.67 40.72 40.73 40.75 40.77 40.76 40.72 40.71 40.68 40.65 40.57 40.6 40.63 40.57 40.62 40.62 40.62 40.62 40.68 40.68 40.65 40.6 40.57 40.58 40.64 40.65 40.65 40.67 40.72 40.75 40.66 40.65 40.63 40.6 40.55 40.57 40.54 40.62 40.63 40.64 40.61 40.63 40.66 40.67 40.64 40.68 40.66 40.63 40.68 40.67 40.65 40.7
40.66 40.62 40.61 40.64 40.62 40.64 40.62 40.6 40.55 40.57 40.59 40.57 40.53 40.5 40.49 40.47 40.47 40.5 40.53 40.6 40.59 40.6 40.61 40.65 40.65 40.6 40.64 40.7 40.74 40.79 40.83 40.83 40.73 40.69 40.69 40.65 40.62 40.65 40.66 40.55 40.52 40.54 40.56 40.6 40.68 40.68 40.66 40.65 40.62 40.61 40.64 40.66 40.63 40.64 40.67 40.72 40.67 40.65 40.6 40.61 40.61 40.55 40.48 40.62 40.62 40.61 40.6 40.62 40.64 40.7 40.62 40.65 40.65 40.65 40.65 40.65 40.65 40.68
40.62 40.62 40.64 40.65 40.64 40.7 40.73 40.68 40.59 40.6 40.61 40.64 40.6 40.55 40.53 40.5 40.49 40.47 40.5 40.57 40.69 40.77 40.71 40.61 40.64 40.63 40.62 40.63 40.62 40.66 40.71 40.74 40.68 40.65 40.66 40.63 40.64 40.66 40.66 40.55 40.51 40.53 40.57 40.6 40.67 40.68 40.66 40.63 40.62 40.61 40.63 40.63 40.6 40.58 40.58 40.64 40.73 40.68 40.62 40.63 40.61 40.55 40.5 40.52 40.54 40.54 40.64 40.68 40.69 40.74 40.7 40.66 40.68 40.7 40.63 40.62 40.63 40.65
40.61 40.61 40.58 40.57 40.64 40.72 40.7 40.67 40.64 40.61 40.61 40.64 40.65 40.62 40.59 40.47 40.47 40.5 40.54 40.62 40.73 40.76 40.71 40.65 40.65 40.67 40.65 40.63 40.59 40.6 40.62 40.67 40.65 40.64 40.63 40.62 40.61 40.63 40.62 40.57 40.59 40.59 40.61 40.61 40.62 40.65 40.62 40.55 40.58 40.59 40.59 40.6 40.62 40.59 40.59 40.62 40.63 40.59 40.6 40.65 40.6 40.5 40.46 40.44 40.49 40.56 40.66 40.63 40.66 40.71 40.68 40.72 40.73 40.71 40.67 40.69 40.67 40.65
40.64 40.64 40.6 40.6 40.63 40.65 40.65 40.63 40.65 40.66 40.64 40.59 40.55 40.56 40.54 40.46 40.47 40.53 40.58 40.66 40.67 40.68 40.68 40.66 40.64 40.66 40.65 40.65 40.62 40.62 40.63 40.67 40.68 40.66 40.63 40.62 40.6 40.6 40.56 40.53 40.57 40.58 40.59 40.62 40.62 40.6 40.58 40.55 40.53 40.54 40.64 40.64 40.64 40.59 40.53 40.65 40.67 40.68 40.71 40.75 40.66 40.48 40.47 40.48 40.51 40.57 40.62 40.62 40.6 40.64 40.66 40.72 40.74 40.66 40.64 40.67 40.69 40.66
40.57 40.59 40.59 40.62 40.61 40.61 40.6 40.6 40.61 40.67 40.64 40.57 40.51 40.54 40.53 40.49 40.49 40.54 40.57 40.63 40.63 40.64 40.65 40.65 40.61 40.63 40.63 40.63 40.59 40.58 40.62 40.67 40.7 40.68 40.65 40.63 40.61 40.6 40.58 40.55 40.54 40.51 40.5 40.6 40.69 40.68 40.63 40.59 40.53 40.53 40.59 40.71 40.69 40.63 40.59 40.61 40.63 40.71 40.77 40.78 40.7 40.6 40.56 40.53 40.51 40.57 40.59 40.62 40.57 40.54 40.61 40.65 40.7 40.6 40.55 40.57 40.63 40.65
40.57 40.62 40.6 40.57 40.59 40.65 40.64 40.62 40.6 40.62 40.61 40.58 40.55 40.54 40.54 40.51 40.51 40.57 40.56 40.55 40.59 40.59 40.61 40.63 40.62 40.63 40.61 40.58 40.52 40.54 40.62 40.71 40.78 40.75 40.68 40.59 40.59 40.59 40.56 40.53 40.54 40.53 40.5 40.54 40.6 40.6 40.59 40.59 40.6 40.61 40.62 40.66 40.67 40.66 40.62 40.53 40.58 40.65 40.73 40.72 40.71 40.66 40.56 40.49 40.48 40.53 40.59 40.57 40.53 40.5 40.55 40.6 40.64 40.6 40.54 40.52 40.54 40.63
40.63 40.68 40.65 40.57 40.59 40.67 40.64 40.6 40.6 40.59 40.59 40.59 40.57 40.53 40.52 40.51 40.51 40.57 40.55 40.48 40.52 40.55 40.59 40.6 40.65 40.65 40.61 40.54 40.49 40.52 40.59 40.69 40.78 40.77 40.7 40.57 40.51 40.54 40.57 40.53 40.52 40.53 40.55 40.54 40.55 40.58 40.62 40.57 40.6 40.62 40.56 40.61 40.59 40.57 40.59 40.56 40.56 40.57 40.66 40.68 40.67 40.62 40.53 40.47 40.46 40.48 40.55 40.53 40.51 40.51 40.55 40.59 40.63 40.61 40.59 40.57 40.56 40.63
40.62 40.64 40.63 40.58 40.55 40.61 40.58 40.55 40.56 40.59 40.58 40.59 40.58 40.54 40.53 40.51 40.49 40.49 40.5 40.46 40.53 40.56 40.6 40.58 40.66 40.64 40.61 40.49 40.45 40.49 40.58 40.66 40.7 40.68 40.63 40.59 40.52 40.52 40.55 40.54 40.55 40.55 40.49 40.46 40.5 40.61 40.7 40.68 40.67 40.65 40.56 40.56 40.54 40.52 40.54 40.58 40.55 40.54 40.58 40.62 40.62 40.59 40.55 40.52 40.48 40.44 40.51 40.54 40.55 40.55 40.62 40.61 40.63 40.65 40.63 40.61 40.59 40.67
