slabs/43.grd
DSAA
631 301
644520 645150
4946600 4946900
38.49 43.51
[rows 102 to 135 of 301, columns 390 to 467 of 631]
40.97 40.96 40.92 40.85 40.7 40.82 41 40.98 41 41.03 41.01 41 41.01 41 41.04 41.02 40.99 40.99 40.98 41.01 40.96 40.98 40.98 40.95 40.9 40.87 40.85 40.84 40.91 40.98 40.95 40.94 40.97 40.88 40.88 40.88 40.86 40.85 40.82 40.8 40.79 40.8 40.82 40.83 40.82 40.84 40.85 40.86 40.84 40.85 40.9 40.88 40.93 40.95 40.95 40.9 40.89 40.91 40.94 40.98 40.95 40.91 40.84 40.88 40.91 40.94 40.91 40.84 40.82 40.78 40.85 40.89 40.91 40.93 40.91 40.99 41 40.97
40.98 40.98 40.97 40.92 40.74 40.77 40.96 40.97 40.97 41.01 41.02 40.99 41 41 41.03 41 40.97 40.97 40.99 41 40.93 40.9 40.93 40.94 40.89 40.89 40.88 40.85 40.87 40.92 40.93 40.93 40.96 40.91 40.91 40.87 40.85 40.84 40.81 40.8 40.78 40.77 40.77 40.79 40.84 40.86 40.86 40.81 40.83 40.84 40.88 40.89 40.93 40.97 40.95 40.87 40.87 40.91 40.95 40.96 40.95 40.93 40.86 40.91 40.93 40.92 40.9 40.89 40.89 40.85 40.88 40.93 40.95 40.94 40.86 40.91 40.94 40.92
40.97 40.94 40.94 40.94 40.85 40.67 40.91 40.96 40.94 40.95 40.99 40.97 40.98 41.02 41.02 40.98 40.95 40.94 40.97 40.98 40.94 40.91 40.94 40.95 40.88 40.91 40.88 40.84 40.83 40.81 40.86 40.92 40.89 40.88 40.91 40.85 40.84 40.83 40.83 40.87 40.85 40.84 40.83 40.82 40.91 40.92 40.86 40.8 40.82 40.84 40.89 40.92 40.9 40.91 40.97 40.95 40.95 40.97 40.96 40.96 40.94 40.93 40.89 40.94 40.94 40.88 40.84 40.84 40.87 40.9 40.87 40.91 40.93 40.96 40.94 40.92 40.92 40.9
40.89 40.97 40.93 40.94 40.9 40.71 40.82 40.89 40.94 40.97 40.96 40.92 40.93 40.99 40.99 41 41.02 40.94 40.97 41 41.01 41.01 41 40.96 40.88 40.92 40.86 40.8 40.81 40.76 40.82 40.87 40.84 40.83 40.89 40.87 40.84 40.84 40.85 40.88 40.9 40.89 40.84 40.82 40.88 40.91 40.88 40.87 40.87 40.87 40.86 40.87 40.87 40.88 40.95 40.94 40.95 40.95 40.92 40.92 40.91 40.91 40.9 40.88 40.88 40.85 40.8 40.79 40.83 40.87 40.82 40.83 40.84 40.88 40.9 40.9 40.85 40.91
40.83 40.95 40.91 40.93 40.92 40.82 40.76 40.81 40.97 41.02 40.99 40.95 40.95 40.97 40.99 41.03 41.08 40.97 40.98 41.03 41.03 41.01 41 40.98 40.88 40.85 40.88 40.83 40.78 40.78 40.86 40.88 40.85 40.83 40.83 40.79 40.84 40.84 40.82 40.84 40.89 40.88 40.85 40.84 40.9 40.92 40.9 40.86 40.86 40.88 40.84 40.82 40.84 40.85 40.9 40.87 40.87 40.86 40.85 40.87 40.86 40.85 40.84 40.8 40.83 40.84 40.81 40.81 40.82 40.85 40.79 40.85 40.87 40.92 40.94 40.9 40.81 40.83
40.72 40.92 40.91 40.91 40.95 40.87 40.78 40.8 40.98 41.02 41.01 41.02 41.02 41.02 41.03 41.04 41.09 40.97 40.96 40.98 41.06 41.02 40.98 40.94 40.88 40.88 40.89 40.86 40.84 40.85 40.93 40.91 40.85 40.83 40.81 40.81 40.83 40.84 40.83 40.85 40.87 40.87 40.85 40.83 40.89 40.9 40.87 40.79 40.81 40.85 40.83 40.8 40.81 40.84 40.88 40.86 40.84 40.81 40.83 40.88 40.87 40.82 40.83 40.85 40.86 40.86 40.85 40.87 40.84 40.86 40.81 40.78 40.79 40.82 40.89 40.88 40.85 40.88
40.59 40.91 40.9 40.89 40.94 40.93 40.83 40.77 40.99 41.08 41.06 41.02 41.01 41.01 41.01 41.02 41.07 41.03 41.03 41.01 41.07 41.05 41.02 40.99 40.98 40.92 40.83 40.81 40.78 40.82 40.91 40.95 40.85 40.84 40.84 40.87 40.83 40.82 40.81 40.86 40.89 40.88 40.85 40.82 40.87 40.87 40.85 40.83 40.84 40.85 40.84 40.84 40.84 40.85 40.88 40.86 40.85 40.83 40.83 40.87 40.86 40.82 40.84 40.91 40.91 40.91 40.91 40.85 40.83 40.82 40.83 40.81 40.78 40.81 40.83 40.83 40.87 40.92
40.54 40.78 40.82 40.88 40.91 40.95 40.88 40.73 40.93 41.05 41.04 41.06 41.07 41.07 41.06 41.05 41.04 41.02 40.97 40.98 41.02 41.02 40.97 40.96 41.01 40.96 40.86 40.92 40.89 40.87 40.84 40.89 40.87 40.86 40.85 40.88 40.85 40.84 40.81 40.84 40.89 40.88 40.86 40.88 40.89 40.86 40.88 40.94 40.94 40.92 40.9 40.9 40.86 40.8 40.84 40.88 40.87 40.86 40.84 40.88 40.85 40.79 40.82 40.93 40.94 40.91 40.87 40.84 40.8 40.81 40.83 40.81 40.81 40.84 40.85 40.86 40.87 40.91
40.56 40.58 40.65 40.83 40.88 40.9 40.83 40.6 40.79 40.97 41.03 41.08 41.03 41.04 41.06 41.07 41.06 41.05 41.02 40.99 41 41.01 40.99 40.94 40.99 40.97 40.92 40.96 40.96 40.92 40.82 40.81 40.87 40.88 40.87 40.83 40.84 40.86 40.85 40.84 40.85 40.84 40.9 40.96 40.93 40.87 40.88 40.97 40.97 40.9 40.88 40.85 40.81 40.75 40.78 40.82 40.86 40.86 40.85 40.9 40.89 40.86 40.81 40.81 40.9 40.9 40.89 40.87 40.83 40.85 40.86 40.82 40.76 40.79 40.87 40.87 40.86 40.92
40.51 40.44 40.55 40.78 40.86 40.84 40.79 40.63 40.64 40.9 40.96 41 40.98 41.01 41.02 41.09 41.08 41.05 40.98 40.98 41.01 41.03 41.03 40.94 40.94 40.95 40.94 40.94 40.96 40.95 40.86 40.8 40.87 40.9 40.91 40.83 40.83 40.86 40.87 40.84 40.83 40.85 40.92 40.93 40.9 40.86 40.88 40.84 40.84 40.82 40.86 40.83 40.81 40.81 40.82 40.83 40.85 40.83 40.8 40.81 40.85 40.87 40.88 40.87 40.85 40.82 40.84 40.84 40.86 40.87 40.86 40.83 40.74 40.74 40.85 40.86 40.85 40.91
40.64 40.36 40.5 40.74 40.82 40.83 40.79 40.67 40.61 40.87 40.91 40.93 40.96 40.99 41 41 40.99 40.97 40.94 40.97 41.02 41.03 41.01 40.97 40.94 40.93 40.91 40.93 40.97 40.96 40.89 40.84 40.87 40.91 40.93 40.87 40.85 40.88 40.84 40.77 40.78 40.82 40.83 40.88 40.87 40.84 40.79 40.81 40.81 40.83 40.87 40.85 40.81 40.78 40.83 40.84 40.83 40.8 40.8 40.82 40.88 40.9 40.88 40.86 40.82 40.8 40.81 40.84 40.88 40.84 40.8 40.81 40.77 40.75 40.81 40.83 40.85 40.84
40.66 40.42 40.52 40.7 40.82 40.82 40.83 40.78 40.6 40.71 40.82 40.89 40.97 40.99 40.99 40.95 40.91 40.92 40.96 41 41.01 41.01 40.98 41.01 40.98 40.95 40.93 40.91 40.94 40.94 40.88 40.8 40.84 40.86 40.91 40.85 40.85 40.84 40.79 40.75 40.78 40.82 40.81 40.8 40.84 40.88 40.88 40.83 40.84 40.85 40.92 40.88 40.82 40.78 40.83 40.89 40.85 40.81 40.85 40.85 40.84 40.86 40.85 40.84 40.81 40.79 40.81 40.84 40.86 40.82 40.77 40.8 40.79 40.74 40.77 40.78 40.83 40.8
40.7 40.51 40.49 40.59 40.79 40.79 40.81 40.78 40.58 40.58 40.71 40.86 40.92 40.92 40.96 40.95 40.9 40.93 41 41.05 41.01 41.01 40.99 41.01 40.98 40.98 41 40.94 40.9 40.94 40.89 40.76 40.75 40.81 40.88 40.83 40.84 40.87 40.82 40.8 40.8 40.83 40.8 40.76 40.8 40.85 40.88 40.85 40.83 40.86 40.89 40.86 40.82 40.77 40.81 40.87 40.84 40.8 40.86 40.85 40.83 40.86 40.87 40.85 40.8 40.78 40.79 40.81 40.83 40.83 40.82 40.83 40.8 40.7 40.75 40.77 40.82 40.84
40.72 40.63 40.51 40.46 40.69 40.72 40.77 40.73 40.58 40.54 40.62 40.83 40.85 40.84 40.91 40.93 40.9 40.94 41.01 41.02 41.02 41 40.97 40.97 40.95 40.98 41.02 40.9 40.88 40.88 40.85 40.77 40.74 40.77 40.82 40.85 40.86 40.9 40.85 40.84 40.83 40.84 40.81 40.76 40.79 40.83 40.86 40.84 40.82 40.8 40.8 40.8 40.81 40.79 40.79 40.81 40.81 40.79 40.84 40.85 40.89 40.93 40.89 40.85 40.79 40.77 40.76 40.77 40.77 40.81 40.83 40.86 40.84 40.68 40.7 40.75 40.82 40.84
40.74 40.72 40.57 40.41 40.68 40.72 40.77 40.74 40.65 40.58 40.58 40.74 40.83 40.85 40.9 40.89 40.89 40.92 40.97 41 40.99 40.99 40.96 40.92 40.96 40.98 41 40.88 40.86 40.86 40.83 40.79 40.78 40.78 40.85 40.9 40.9 40.91 40.92 40.91 40.9 40.84 40.83 40.81 40.81 40.8 40.81 40.81 40.78 40.73 40.72 40.74 40.81 40.82 40.8 40.78 40.77 40.81 40.85 40.88 40.95 40.92 40.86 40.83 40.81 40.77 40.8 40.77 40.71 40.74 40.81 40.84 40.82 40.71 40.69 40.69 40.79 40.84
40.77 40.76 40.63 40.51 40.74 40.76 40.78 40.75 40.74 40.71 40.57 40.65 40.78 40.8 40.84 40.83 40.89 40.92 40.93 40.97 40.96 40.9 40.89 40.91 40.94 41 40.99 40.89 40.86 40.82 40.78 40.74 40.73 40.76 40.85 40.91 40.91 40.88 40.87 40.86 40.88 40.87 40.84 40.8 40.79 40.79 40.78 40.79 40.78 40.74 40.7 40.73 40.81 40.85 40.81 40.78 40.76 40.81 40.88 40.9 40.93 40.81 40.81 40.81 40.82 40.78 40.75 40.72 40.68 40.71 40.72 40.75 40.74 40.69 40.71 40.72 40.74 40.77
40.83 40.8 40.69 40.6 40.65 40.69 40.74 40.72 40.75 40.71 40.52 40.56 40.74 40.77 40.83 40.86 40.84 40.89 40.91 40.88 40.9 40.92 40.91 40.94 40.93 40.9 40.9 40.87 40.85 40.83 40.76 40.69 40.71 40.74 40.77 40.88 40.88 40.83 40.82 40.83 40.87 40.87 40.84 40.79 40.77 40.78 40.79 40.79 40.81 40.79 40.73 40.75 40.82 40.87 40.81 40.78 40.76 40.8 40.84 40.86 40.8 40.72 40.78 40.82 40.81 40.78 40.75 40.71 40.7 40.73 40.74 40.75 40.73 40.7 40.73 40.73 40.73 40.79
40.87 40.84 40.72 40.53 40.52 40.63 40.73 40.7 40.72 40.66 40.48 40.51 40.69 40.71 40.78 40.81 40.84 40.87 40.91 40.9 40.91 40.94 40.95 40.9 40.9 40.87 40.89 40.92 40.9 40.84 40.69 40.69 40.7 40.72 40.77 40.89 40.88 40.82 40.81 40.82 40.87 40.84 40.83 40.81 40.78 40.77 40.78 40.79 40.84 40.83 40.79 40.78 40.83 40.89 40.86 40.82 40.77 40.84 40.86 40.83 40.79 40.76 40.81 40.85 40.82 40.76 40.75 40.72 40.72 40.68 40.7 40.75 40.72 40.73 40.76 40.75 40.69 40.75
40.81 40.8 40.75 40.6 40.57 40.62 40.69 40.72 40.69 40.69 40.52 40.42 40.62 40.71 40.82 40.86 40.85 40.86 40.89 40.87 40.86 40.9 40.9 40.86 40.87 40.87 40.91 40.99 40.96 40.88 40.72 40.75 40.74 40.73 40.77 40.86 40.87 40.84 40.81 40.8 40.81 40.81 40.78 40.78 40.81 40.8 40.8 40.79 40.84 40.83 40.78 40.79 40.82 40.84 40.83 40.8 40.79 40.78 40.81 40.8 40.8 40.84 40.83 40.83 40.82 40.76 40.74 40.7 40.7 40.7 40.72 40.79 40.76 40.69 40.72 40.76 40.71 40.73
40.73 40.77 40.79 40.68 40.51 40.59 40.68 40.69 40.69 40.69 40.6 40.39 40.49 40.66 40.79 40.79 40.8 40.81 40.85 40.88 40.85 40.83 40.81 40.83 40.83 40.88 40.88 40.95 40.93 40.9 40.8 40.76 40.77 40.75 40.72 40.76 40.83 40.85 40.81 40.81 40.78 40.77 40.74 40.76 40.79 40.75 40.78 40.79 40.81 40.81 40.76 40.75 40.77 40.82 40.8 40.79 40.73 40.79 40.77 40.8 40.86 40.88 40.84 40.81 40.81 40.74 40.72 40.68 40.71 40.73 40.72 40.78 40.79 40.7 40.69 40.73 40.71 40.7
40.7 40.74 40.79 40.7 40.61 40.62 40.69 40.66 40.66 40.7 40.71 40.52 40.52 40.55 40.64 40.69 40.74 40.77 40.78 40.87 40.85 40.81 40.8 40.82 40.84 40.9 40.88 40.88 40.88 40.87 40.78 40.7 40.73 40.77 40.73 40.74 40.8 40.85 40.83 40.84 40.79 40.79 40.83 40.81 40.78 40.78 40.75 40.74 40.76 40.76 40.76 40.76 40.73 40.8 40.86 40.85 40.79 40.81 40.79 40.82 40.88 40.83 40.8 40.83 40.83 40.76 40.74 40.7 40.7 40.68 40.68 40.71 40.74 40.72 40.71 40.68 40.67 40.67
40.79 40.8 40.79 40.75 40.68 40.6 40.67 40.65 40.64 40.68 40.72 40.65 40.57 40.48 40.59 40.7 40.74 40.75 40.74 40.83 40.84 40.85 40.83 40.83 40.86 40.89 40.9 40.87 40.87 40.87 40.74 40.71 40.68 40.75 40.76 40.73 40.71 40.8 40.87 40.84 40.75 40.81 40.86 40.85 40.78 40.75 40.75 40.75 40.81 40.82 40.73 40.73 40.77 40.82 40.86 40.85 40.77 40.78 40.77 40.79 40.82 40.79 40.77 40.81 40.86 40.81 40.78 40.73 40.67 40.64 40.65 40.68 40.69 40.71 40.72 40.7 40.7 40.67
40.85 40.84 40.81 40.77 40.72 40.62 40.6 40.64 40.65 40.68 40.68 40.68 40.58 40.47 40.61 40.74 40.76 40.77 40.74 40.78 40.81 40.85 40.82 40.83 40.84 40.82 40.82 40.79 40.82 40.9 40.84 40.79 40.73 40.71 40.78 40.76 40.75 40.79 40.84 40.82 40.76 40.83 40.83 40.84 40.82 40.77 40.79 40.78 40.79 40.79 40.76 40.75 40.79 40.82 40.83 40.8 40.76 40.72 40.73 40.76 40.77 40.77 40.75 40.79 40.87 40.83 40.79 40.75 40.67 40.68 40.7 40.7 40.7 40.7 40.69 40.69 40.68 40.66
40.78 40.79 40.78 40.74 40.71 40.62 40.49 40.62 40.65 40.68 40.68 40.67 40.6 40.48 40.55 40.71 40.75 40.76 40.72 40.73 40.76 40.83 40.81 40.77 40.78 40.77 40.79 40.83 40.89 40.9 40.85 40.8 40.71 40.74 40.72 40.74 40.76 40.75 40.74 40.76 40.75 40.78 40.78 40.81 40.82 40.79 40.78 40.77 40.74 40.74 40.76 40.81 40.83 40.82 40.82 40.77 40.74 40.69 40.71 40.75 40.73 40.75 40.72 40.76 40.84 40.8 40.75 40.73 40.69 40.7 40.7 40.68 40.72 40.71 40.66 40.61 40.6 40.59
40.7 40.74 40.77 40.72 40.72 40.65 40.45 40.57 40.6 40.65 40.69 40.69 40.65 40.47 40.47 40.63 40.68 40.74 40.74 40.73 40.74 40.79 40.8 40.79 40.79 40.82 40.81 40.83 40.85 40.89 40.87 40.81 40.73 40.71 40.64 40.66 40.69 40.73 40.76 40.81 40.78 40.77 40.75 40.78 40.79 40.81 40.8 40.77 40.76 40.75 40.78 40.86 40.85 40.83 40.82 40.78 40.73 40.73 40.73 40.75 40.69 40.72 40.71 40.75 40.77 40.75 40.7 40.67 40.68 40.73 40.7 40.65 40.65 40.67 40.67 40.64 40.63 40.6
40.73 40.75 40.78 40.74 40.76 40.72 40.49 40.45 40.54 40.64 40.68 40.69 40.64 40.42 40.43 40.6 40.62 40.67 40.74 40.77 40.75 40.77 40.79 40.79 40.78 40.81 40.81 40.79 40.82 40.82 40.82 40.8 40.74 40.73 40.7 40.7 40.7 40.73 40.74 40.78 40.77 40.79 40.76 40.76 40.79 40.83 40.83 40.79 40.79 40.79 40.82 40.87 40.82 40.81 40.82 40.79 40.73 40.76 40.76 40.76 40.74 40.71 40.74 40.82 40.77 40.72 40.67 40.65 40.67 40.69 40.68 40.67 40.71 40.71 40.7 40.72 40.65 40.66
40.78 40.79 40.77 40.74 40.73 40.69 40.53 40.41 40.49 40.64 40.67 40.68 40.67 40.58 40.4 40.49 40.57 40.64 40.71 40.74 40.78 40.83 40.81 40.83 40.82 40.82 40.78 40.76 40.77 40.83 40.83 40.81 40.74 40.68 40.74 40.78 40.75 40.73 40.72 40.75 40.77 40.82 40.8 40.77 40.79 40.84 40.84 40.81 40.78 40.8 40.83 40.86 40.78 40.8 40.8 40.8 40.77 40.76 40.76 40.73 40.77 40.73 40.76 40.82 40.78 40.75 40.68 40.64 40.63 40.62 40.6 40.64 40.68 40.68 40.67 40.71 40.69 40.67
40.79 40.8 40.72 40.69 40.68 40.67 40.63 40.46 40.5 40.65 40.65 40.68 40.67 40.62 40.33 40.4 40.58 40.69 40.74 40.75 40.75 40.84 40.85 40.84 40.84 40.81 40.78 40.81 40.73 40.74 40.8 40.8 40.75 40.68 40.7 40.75 40.75 40.73 40.73 40.74 40.78 40.86 40.85 40.81 40.79 40.85 40.85 40.83 40.78 40.77 40.79 40.87 40.86 40.86 40.85 40.86 40.75 40.86 40.82 40.74 40.74 40.71 40.73 40.77 40.73 40.72 40.69 40.66 40.65 40.63 40.6 40.62 40.6 40.6 40.64 40.69 40.68 40.66
40.76 40.75 40.69 40.64 40.63 40.66 40.68 40.51 40.46 40.6 40.67 40.68 40.69 40.66 40.5 40.52 40.58 40.65 40.76 40.75 40.73 40.75 40.83 40.81 40.8 40.82 40.82 40.84 40.75 40.72 40.77 40.79 40.77 40.72 40.67 40.68 40.69 40.72 40.72 40.72 40.76 40.89 40.87 40.83 40.79 40.86 40.9 40.88 40.79 40.8 40.81 40.81 40.81 40.87 40.87 40.82 40.77 40.82 40.81 40.74 40.7 40.7 40.71 40.76 40.71 40.7 40.68 40.67 40.68 40.67 40.64 40.66 40.66 40.63 40.62 40.67 40.7 40.65
40.66 40.72 40.7 40.67 40.68 40.71 40.69 40.55 40.46 40.56 40.63 40.64 40.67 40.67 40.58 40.51 40.52 40.63 40.74 40.75 40.76 40.73 40.77 40.77 40.77 40.81 40.84 40.83 40.79 40.78 40.78 40.77 40.78 40.74 40.72 40.67 40.7 40.7 40.7 40.71 40.71 40.82 40.84 40.83 40.79 40.87 40.9 40.9 40.81 40.75 40.76 40.81 40.8 40.76 40.79 40.8 40.77 40.77 40.77 40.78 40.67 40.68 40.67 40.75 40.72 40.72 40.76 40.74 40.71 40.7 40.67 40.64 40.66 40.65 40.66 40.68 40.71 40.65
40.64 40.67 40.7 40.7 40.71 40.73 40.69 40.64 40.55 40.49 40.57 40.61 40.68 40.69 40.65 40.54 40.41 40.57 40.69 40.72 40.73 40.73 40.72 40.72 40.75 40.79 40.8 40.78 40.79 40.82 40.8 40.75 40.77 40.76 40.73 40.71 40.77 40.72 40.72 40.74 40.71 40.79 40.83 40.82 40.78 40.81 40.82 40.81 40.8 40.77 40.76 40.79 40.79 40.78 40.79 40.74 40.77 40.77 40.78 40.76 40.71 40.71 40.7 40.73 40.7 40.7 40.73 40.74 40.73 40.71 40.69 40.66 40.66 40.68 40.72 40.71 40.72 40.68
40.62 40.63 40.62 40.64 40.69 40.7 40.68 40.67 40.62 40.47 40.54 40.59 40.65 40.68 40.68 40.58 40.37 40.52 40.68 40.7 40.71 40.71 40.71 40.7 40.7 40.76 40.74 40.72 40.76 40.8 40.8 40.78 40.74 40.7 40.7 40.7 40.79 40.83 40.8 40.79 40.84 40.8 40.84 40.81 40.78 40.8 40.79 40.77 40.79 40.75 40.77 40.8 40.73 40.73 40.76 40.73 40.79 40.8 40.78 40.78 40.76 40.73 40.72 40.72 40.67 40.67 40.67 40.7 40.73 40.72 40.71 40.72 40.71 40.7 40.71 40.7 40.69 40.69
40.61 40.65 40.63 40.64 40.68 40.7 40.67 40.66 40.61 40.45 40.54 40.59 40.62 40.67 40.65 40.59 40.41 40.5 40.73 40.73 40.73 40.74 40.75 40.7 40.68 40.75 40.75 40.73 40.73 40.71 40.74 40.78 40.73 40.7 40.73 40.8 40.83 40.79 40.77 40.77 40.83 40.79 40.8 40.79 40.78 40.76 40.75 40.75 40.79 40.78 40.8 40.82 40.78 40.78 40.77 40.74 40.77 40.77 40.74 40.79 40.77 40.74 40.71 40.73 40.68 40.66 40.64 40.69 40.72 40.72 40.71 40.72 40.72 40.68 40.65 40.65 40.63 40.65
40.58 40.62 40.63 40.63 40.65 40.67 40.64 40.64 40.62 40.47 40.48 40.56 40.63 40.66 40.62 40.59 40.47 40.47 40.73 40.73 40.73 40.77 40.75 40.73 40.73 40.77 40.76 40.73 40.72 40.77 40.75 40.76 40.77 40.73 40.77 40.82 40.82 40.81 40.79 40.77 40.8 40.79 40.79 40.8 40.81 40.79 40.78 40.8 40.83 40.82 40.8 40.83 40.76 40.8 40.76 40.73 40.73 40.74 40.75 40.8 40.78 40.76 40.74 40.73 40.71 40.68 40.65 40.72 40.75 40.76 40.73 40.71 40.7 40.67 40.66 40.67 40.65 40.61
