slabs/44.grd
DSAA
631 301
644520 645150
4946900 4947200
34.92 45.03
[rows 102 to 135 of 300, columns 0 to 77 of 631]
37.15 37.12 37.15 37.16 37.12 37.12 37.1 37.09 37.02 36.88 36.79 36.73 36.64 36.62 36.72 36.88 37.1 37.15 37.17 37.16 37.3 37.71 37.93 37.93 37.95 38 38.02 38.04 38.06 38.05 38.05 37.89 37.75 37.75 37.84 37.98 37.94 37.82 37.69 37.5 37.31 37.18 37.16 37.22 37.3 37.35 37.29 37.12 36.94 36.87 36.96 37.09 37.1 37.08 37.07 37.05 37.03 36.99 36.88 36.73 36.72 36.8 36.82 36.96 37.01 37.02 37.03 37.01 36.99 36.98 36.97 36.98 36.99 36.99 36.93 36.92 36.94 36.95
37.14 37.14 37.14 37.13 37.04 37.08 37.05 37.02 37.06 37.03 36.95 36.88 36.79 36.67 36.72 36.88 37.08 37.15 37.2 37.25 37.36 37.69 37.89 37.91 37.94 38.02 38.06 37.99 37.99 37.97 37.98 37.88 37.81 37.8 37.87 38.02 38.01 37.9 37.74 37.53 37.32 37.21 37.2 37.27 37.33 37.37 37.27 37.08 36.9 36.82 36.92 37.07 37.11 37.1 37.09 37.07 37.04 36.98 36.82 36.72 36.76 36.85 36.84 36.96 37 37.01 37.01 37 36.98 36.96 36.98 37 37.01 37 36.92 36.91 36.93 36.95
37.12 37.13 37.12 37.1 37 37.04 36.97 36.98 37.04 37.09 37.1 37.04 37 36.81 36.75 36.84 36.99 37.13 37.2 37.26 37.32 37.47 37.63 37.72 37.84 37.97 38.02 37.9 37.89 37.89 37.91 37.88 37.87 37.86 37.91 38.04 38.07 38 37.85 37.63 37.41 37.35 37.32 37.35 37.38 37.37 37.25 37.05 36.87 36.78 36.88 37.04 37.12 37.12 37.1 37.07 37.02 36.93 36.76 36.74 36.8 36.89 36.87 36.96 36.99 37.01 37 36.98 36.97 36.97 37.01 37.03 37.03 37 36.9 36.89 36.91 36.94
37.12 37.11 37.11 37.13 37.11 37.07 37.06 37.09 37.06 37.01 36.97 36.84 36.96 36.94 36.9 36.91 36.99 37.1 37.19 37.24 37.23 37.27 37.36 37.47 37.63 37.78 37.85 37.77 37.78 37.8 37.82 37.88 37.92 37.93 37.97 38.08 38.12 38.08 38.02 37.88 37.72 37.68 37.59 37.55 37.5 37.43 37.27 37.05 36.88 36.79 36.87 37.02 37.12 37.13 37.11 37.06 36.99 36.88 36.72 36.77 36.85 36.93 36.91 36.97 36.99 37 36.98 36.97 36.96 37.01 37.03 37.05 37.06 37 36.9 36.88 36.9 36.92
37.12 37.12 37.12 37.13 37.09 37.11 37.1 37.1 37.12 36.95 36.78 36.68 36.99 37.06 37.02 37.03 37.03 37.09 37.16 37.19 37.15 37.13 37.13 37.24 37.41 37.54 37.63 37.64 37.7 37.74 37.76 37.87 37.97 37.99 38.02 38.08 38.1 38.1 38.16 38.17 38.12 38.05 37.92 37.83 37.72 37.63 37.47 37.26 37.11 36.99 36.96 37.04 37.12 37.13 37.11 37.04 36.93 36.81 36.72 36.81 36.89 36.95 36.93 36.97 36.99 36.99 36.97 36.98 37.01 37.04 37.05 37.06 37.06 37 36.89 36.87 36.89 36.91
37.16 37.15 37.15 37.14 37.13 37.11 37.1 37.1 37.11 36.97 36.86 36.84 37.04 37.11 37.1 37.11 37.09 37.08 37.12 37.14 37.11 37.07 37.05 37.1 37.21 37.31 37.43 37.57 37.64 37.68 37.71 37.84 37.97 38.01 38.03 38.06 38.08 38.09 38.21 38.33 38.32 38.27 38.13 38.04 37.96 37.92 37.86 37.75 37.65 37.5 37.28 37.2 37.2 37.18 37.14 37.01 36.88 36.74 36.74 36.86 36.94 36.96 36.95 36.96 36.98 36.98 36.97 37.01 37.05 37.06 37.07 37.08 37.07 36.99 36.88 36.86 36.87 36.9
37.3 37.3 37.26 37.18 37.18 37.16 37.14 37.12 37.09 36.96 36.87 36.94 37.06 37.1 37.1 37.12 37.1 37.05 37.06 37.09 37.08 37.04 37.01 37.03 37.09 37.14 37.26 37.48 37.61 37.64 37.66 37.8 37.93 37.97 37.99 38.06 38.11 38.13 38.21 38.34 38.37 38.37 38.28 38.18 38.09 38.11 38.15 38.07 37.97 37.86 37.65 37.57 37.56 37.43 37.3 37.11 36.95 36.82 36.82 36.91 36.99 36.98 36.95 36.96 36.97 36.97 37.01 37.06 37.08 37.08 37.09 37.11 37.08 36.98 36.86 36.84 36.86 36.88
37.51 37.49 37.44 37.37 37.35 37.29 37.26 37.17 37.08 36.96 36.89 36.97 37.05 37.07 37.1 37.11 37.06 37.02 37.06 37.04 37.02 37.01 36.97 36.99 37.01 37.02 37.07 37.3 37.54 37.6 37.65 37.75 37.85 37.9 37.94 38.02 38.12 38.2 38.24 38.32 38.37 38.4 38.36 38.29 38.23 38.2 38.22 38.28 38.27 38.19 38.06 38.02 38.05 37.79 37.6 37.46 37.37 37.28 37.12 37.07 37.09 37.07 37.02 37 36.99 37 37.06 37.1 37.1 37.11 37.12 37.14 37.09 36.97 36.85 36.83 36.85 36.86
37.75 37.72 37.69 37.63 37.52 37.41 37.35 37.23 37.16 37.07 37.01 37.04 37.01 36.98 37.03 37.07 37.06 37.05 37.07 36.96 36.94 36.95 36.94 36.95 36.96 36.94 36.94 37.13 37.37 37.48 37.58 37.69 37.74 37.77 37.84 37.94 38.03 38.18 38.27 38.26 38.29 38.35 38.36 38.33 38.27 38.23 38.27 38.37 38.44 38.41 38.38 38.31 38.27 38.05 37.87 37.77 37.74 37.73 37.58 37.47 37.37 37.41 37.35 37.26 37.19 37.12 37.12 37.13 37.13 37.13 37.15 37.15 37.1 36.96 36.84 36.82 36.83 36.83
37.98 37.96 37.96 37.91 37.72 37.53 37.43 37.34 37.29 37.25 37.21 37.19 37.06 37.02 37.04 37.07 37.1 37.1 37.03 36.88 36.83 36.87 36.88 36.91 36.92 36.94 36.96 37.04 37.15 37.23 37.43 37.63 37.67 37.69 37.71 37.84 37.96 38.09 38.24 38.22 38.28 38.34 38.36 38.37 38.34 38.31 38.34 38.39 38.43 38.39 38.4 38.37 38.34 38.23 38.12 38.03 38.03 38.06 37.99 37.89 37.74 37.79 37.75 37.64 37.52 37.34 37.22 37.18 37.16 37.16 37.17 37.15 37.1 36.96 36.83 36.81 36.82 36.81
38.18 38.22 38.3 38.25 38.01 37.74 37.6 37.48 37.41 37.4 37.39 37.36 37.26 37.22 37.18 37.13 37.11 37.07 36.97 36.83 36.74 36.75 36.8 36.86 36.91 36.94 36.98 37.02 37.05 37.06 37.27 37.49 37.58 37.63 37.69 37.78 37.85 37.95 38.08 38.18 38.28 38.32 38.34 38.37 38.38 38.39 38.39 38.39 38.38 38.31 38.34 38.38 38.42 38.38 38.33 38.25 38.28 38.32 38.25 38.14 38.03 37.98 37.95 37.88 37.8 37.62 37.41 37.31 37.25 37.21 37.18 37.16 37.1 36.95 36.82 36.8 36.8 36.8
38.35 38.43 38.52 38.48 38.24 37.99 37.83 37.62 37.49 37.5 37.51 37.49 37.44 37.38 37.31 37.19 37.1 37.03 36.96 36.84 36.74 36.7 36.74 36.8 36.86 36.91 36.97 37.04 37.09 37.06 37.14 37.35 37.49 37.56 37.62 37.68 37.7 37.76 37.87 38.07 38.2 38.22 38.24 38.31 38.34 38.41 38.44 38.4 38.38 38.34 38.37 38.42 38.47 38.48 38.46 38.42 38.46 38.53 38.43 38.31 38.19 38.09 38.02 37.98 37.96 37.86 37.67 37.57 37.47 37.32 37.22 37.18 37.11 36.94 36.81 36.79 36.78 36.79
38.36 38.41 38.45 38.43 38.28 38.14 37.98 37.78 37.64 37.63 37.65 37.63 37.6 37.56 37.49 37.37 37.18 37.07 36.98 36.88 36.81 36.73 36.74 36.82 36.89 36.94 37.01 37.08 37.13 37.12 37.1 37.21 37.36 37.46 37.52 37.59 37.63 37.65 37.74 37.93 38.06 38.06 38.06 38.16 38.21 38.31 38.37 38.35 38.35 38.38 38.42 38.43 38.44 38.49 38.51 38.52 38.6 38.67 38.55 38.44 38.36 38.28 38.14 38.07 38 37.95 37.86 37.79 37.67 37.48 37.32 37.27 37.18 36.99 36.85 36.78 36.77 36.78
38.24 38.2 38.22 38.23 38.25 38.22 38.11 37.99 37.9 37.88 37.84 37.78 37.75 37.76 37.75 37.65 37.42 37.26 37.11 36.98 36.87 36.78 36.8 36.88 36.94 36.99 37.06 37.13 37.16 37.13 37.04 37.09 37.22 37.35 37.41 37.51 37.58 37.6 37.66 37.81 37.91 37.89 37.89 38.02 38.08 38.18 38.23 38.25 38.26 38.34 38.38 38.37 38.39 38.47 38.52 38.55 38.6 38.58 38.56 38.55 38.54 38.47 38.29 38.17 38.07 38.03 37.98 37.94 37.84 37.63 37.46 37.38 37.28 37.15 37.02 36.87 36.77 36.76
38.24 38.14 38.08 38.11 38.19 38.22 38.21 38.13 38.05 38.05 38.01 37.93 37.89 37.89 37.89 37.84 37.62 37.46 37.27 37.07 36.92 36.84 36.86 36.94 36.99 37.05 37.11 37.16 37.17 37.11 37.02 37.02 37.12 37.21 37.28 37.4 37.47 37.54 37.6 37.7 37.76 37.78 37.84 37.95 38.01 38.14 38.17 38.17 38.22 38.36 38.36 38.3 38.34 38.4 38.49 38.53 38.46 38.39 38.46 38.51 38.54 38.54 38.42 38.32 38.23 38.13 38.07 37.97 37.9 37.74 37.59 37.47 37.36 37.24 37.18 37.05 36.84 36.79
38.3 38.22 38.15 38.17 38.18 38.21 38.22 38.21 38.18 38.2 38.19 38.09 38.01 37.98 37.94 37.85 37.66 37.52 37.33 37.11 36.94 36.9 36.94 37.01 37.06 37.1 37.15 37.19 37.17 37.11 37.02 37.06 37.11 37.13 37.13 37.23 37.32 37.43 37.54 37.62 37.67 37.72 37.85 37.94 37.98 38.07 38.09 38.09 38.26 38.4 38.37 38.29 38.29 38.38 38.48 38.53 38.52 38.45 38.42 38.42 38.48 38.53 38.47 38.4 38.3 38.2 38.12 38.01 37.92 37.81 37.7 37.56 37.42 37.31 37.27 37.18 37.03 36.95
38.47 38.39 38.35 38.33 38.31 38.29 38.26 38.25 38.26 38.26 38.27 38.19 38.09 38.01 37.93 37.82 37.68 37.55 37.34 37.11 36.96 36.97 37.03 37.09 37.12 37.15 37.19 37.21 37.17 37.1 37.07 37.13 37.15 37.12 37.01 37.02 37.1 37.2 37.45 37.59 37.64 37.69 37.86 37.94 37.98 37.99 38.07 38.1 38.21 38.31 38.3 38.25 38.31 38.37 38.44 38.43 38.46 38.42 38.35 38.33 38.44 38.57 38.57 38.53 38.45 38.32 38.19 38.1 37.99 37.88 37.78 37.65 37.49 37.38 37.34 37.26 37.17 37.07
38.64 38.56 38.53 38.49 38.46 38.43 38.39 38.31 38.28 38.27 38.28 38.25 38.22 38.13 37.98 37.83 37.72 37.57 37.35 37.12 37.01 37.04 37.1 37.14 37.16 37.19 37.23 37.21 37.17 37.09 37.13 37.16 37.15 37.05 36.9 36.81 36.79 36.86 37.27 37.51 37.58 37.67 37.84 37.9 37.94 38.05 38.14 38.13 38.07 38.15 38.22 38.23 38.3 38.31 38.34 38.34 38.36 38.34 38.28 38.27 38.43 38.58 38.6 38.64 38.6 38.44 38.32 38.24 38.1 37.94 37.83 37.68 37.52 37.42 37.38 37.29 37.15 37.06
38.82 38.73 38.68 38.64 38.61 38.58 38.51 38.43 38.4 38.37 38.36 38.36 38.42 38.39 38.22 38.03 37.91 37.72 37.43 37.16 37.07 37.09 37.13 37.17 37.19 37.22 37.25 37.21 37.16 37.13 37.18 37.16 37.09 36.96 36.8 36.7 36.62 36.75 37.08 37.29 37.39 37.5 37.68 37.8 37.9 38.01 38.09 38.08 38.08 38.17 38.25 38.29 38.34 38.28 38.28 38.28 38.28 38.26 38.22 38.22 38.4 38.54 38.61 38.68 38.66 38.51 38.41 38.31 38.16 37.96 37.85 37.66 37.47 37.37 37.31 37.24 37.12 37.05
38.94 38.9 38.84 38.82 38.77 38.72 38.62 38.62 38.61 38.59 38.57 38.57 38.64 38.66 38.52 38.33 38.2 37.97 37.62 37.29 37.14 37.13 37.16 37.19 37.21 37.24 37.26 37.22 37.17 37.22 37.2 37.13 37.03 36.88 36.75 36.69 36.67 36.68 36.86 37.05 37.19 37.37 37.52 37.67 37.79 37.9 37.97 37.98 38.01 38.11 38.25 38.3 38.33 38.28 38.27 38.27 38.33 38.28 38.2 38.16 38.24 38.41 38.55 38.61 38.6 38.49 38.39 38.31 38.14 37.95 37.83 37.58 37.33 37.23 37.18 37.18 37.14 37.09
38.88 38.98 39.04 39.04 38.96 38.88 38.8 38.82 38.82 38.81 38.79 38.8 38.84 38.85 38.71 38.54 38.42 38.21 37.88 37.53 37.3 37.2 37.18 37.21 37.24 37.27 37.28 37.23 37.22 37.24 37.14 37.04 36.95 36.84 36.79 36.75 36.72 36.69 36.77 36.85 36.98 37.21 37.39 37.51 37.66 37.81 37.84 37.84 37.88 37.96 38.09 38.11 38.14 38.27 38.34 38.34 38.4 38.32 38.21 38.14 38.08 38.21 38.36 38.41 38.43 38.39 38.33 38.31 38.15 37.95 37.78 37.45 37.15 37.11 37.14 37.18 37.16 37.12
38.6 38.89 39.18 39.19 39.06 38.97 38.98 38.98 38.98 38.97 38.95 38.96 39.01 39.01 38.86 38.73 38.65 38.5 38.19 37.82 37.58 37.35 37.24 37.24 37.26 37.29 37.29 37.25 37.25 37.21 37.07 36.98 36.94 36.88 36.83 36.79 36.75 36.72 36.77 36.81 36.81 37.03 37.23 37.32 37.44 37.65 37.72 37.7 37.79 37.81 37.82 37.83 37.95 38.22 38.38 38.39 38.38 38.3 38.21 38.18 38.12 38.11 38.15 38.19 38.24 38.26 38.26 38.26 38.13 37.89 37.66 37.33 37.13 37.1 37.12 37.16 37.18 37.16
38.34 38.75 39.21 39.18 39 38.92 39 39.08 39.12 39.12 39.12 39.13 39.17 39.16 39.02 38.89 38.82 38.72 38.49 38.15 37.91 37.63 37.38 37.28 37.28 37.31 37.3 37.29 37.25 37.15 37.06 37 36.97 36.92 36.86 36.83 36.79 36.75 36.79 36.82 36.74 36.82 36.99 37.04 37.08 37.26 37.45 37.52 37.72 37.72 37.64 37.66 37.87 38.14 38.31 38.33 38.34 38.29 38.23 38.21 38.23 38.16 38.08 38.13 38.19 38.19 38.17 38.16 38.07 37.9 37.59 37.25 37.15 37.14 37.14 37.15 37.18 37.19
38.24 38.66 39.16 39.1 38.91 38.81 38.9 39.06 39.16 39.22 39.26 39.28 39.31 39.3 39.19 39.05 38.97 38.89 38.73 38.53 38.29 37.92 37.61 37.43 37.35 37.34 37.31 37.28 37.23 37.15 37.08 37.05 37.01 36.96 36.9 36.87 36.85 36.8 36.81 36.79 36.7 36.67 36.75 36.73 36.71 36.79 37.01 37.26 37.6 37.66 37.6 37.66 37.84 38.09 38.24 38.31 38.36 38.32 38.26 38.23 38.24 38.24 38.2 38.22 38.3 38.28 38.23 38.18 38.05 37.84 37.46 37.23 37.19 37.18 37.17 37.16 37.18 37.19
38.07 38.48 38.94 38.96 38.81 38.71 38.79 38.95 39.05 39.15 39.29 39.37 39.41 39.4 39.32 39.22 39.16 39.09 38.97 38.83 38.58 38.2 37.87 37.67 37.51 37.38 37.31 37.27 37.22 37.17 37.12 37.09 37.07 37.01 36.95 36.92 36.89 36.86 36.82 36.77 36.7 36.64 36.64 36.58 36.53 36.54 36.65 36.98 37.39 37.53 37.52 37.69 37.83 38.04 38.17 38.25 38.34 38.32 38.28 38.23 38.23 38.28 38.3 38.34 38.42 38.42 38.34 38.22 37.94 37.59 37.3 37.2 37.2 37.21 37.19 37.19 37.18 37.17
37.86 38.28 38.68 38.81 38.71 38.6 38.68 38.84 38.94 39.05 39.18 39.28 39.34 39.37 39.36 39.34 39.32 39.28 39.19 39.09 38.85 38.47 38.1 37.93 37.74 37.45 37.3 37.25 37.22 37.18 37.13 37.11 37.09 37.04 36.99 36.97 36.93 36.88 36.84 36.79 36.74 36.69 36.66 36.64 36.61 36.59 36.62 36.87 37.13 37.27 37.37 37.53 37.76 38.01 38.11 38.17 38.25 38.28 38.25 38.2 38.2 38.23 38.27 38.32 38.43 38.5 38.39 38.19 37.73 37.26 37.05 37.05 37.09 37.11 37.12 37.14 37.12 37.07
37.74 38.08 38.43 38.62 38.61 38.5 38.58 38.74 38.83 38.93 39.04 39.12 39.18 39.22 39.24 39.24 39.23 39.22 39.19 39.15 38.94 38.59 38.19 38.04 37.86 37.51 37.28 37.21 37.18 37.15 37.11 37.09 37.06 37.03 36.99 36.96 36.94 36.89 36.87 36.85 36.82 36.78 36.75 36.72 36.69 36.66 36.63 36.76 36.85 36.93 37.07 37.27 37.57 37.9 38.02 38.07 38.15 38.16 38.13 38.1 38.17 38.19 38.23 38.31 38.39 38.42 38.3 37.98 37.53 37.21 37.07 37.14 37.14 37.11 37.08 37.03 36.97 36.91
37.78 37.96 38.18 38.4 38.48 38.39 38.47 38.62 38.7 38.78 38.88 38.94 38.99 39.02 39.03 39.03 38.97 38.95 38.95 38.94 38.76 38.44 38.1 37.98 37.83 37.53 37.24 37.15 37.12 37.09 37.06 37.03 37 36.96 36.94 36.92 36.89 36.89 36.91 36.91 36.89 36.86 36.83 36.8 36.78 36.73 36.71 36.7 36.74 36.81 36.87 37.01 37.26 37.63 37.86 37.99 38.01 38 37.99 37.96 38.07 38.13 38.18 38.28 38.27 38.22 37.97 37.61 37.41 37.34 37.29 37.33 37.29 37.24 37.15 37.03 36.92 36.88
37.83 37.94 38 38.16 38.29 38.26 38.35 38.45 38.52 38.59 38.69 38.72 38.72 38.73 38.74 38.75 38.7 38.68 38.68 38.66 38.47 38.16 37.93 37.86 37.76 37.52 37.22 37.1 37.06 37.03 37 36.98 36.95 36.91 36.88 36.87 36.86 36.89 36.91 36.91 36.91 36.91 36.9 36.88 36.85 36.8 36.74 36.68 36.72 36.79 36.84 36.89 37.01 37.24 37.56 37.83 37.82 37.75 37.75 37.83 37.96 37.99 38.01 38.09 37.94 37.81 37.51 37.32 37.33 37.37 37.38 37.36 37.31 37.27 37.23 37.16 37.08 37.02
37.88 37.94 37.91 37.94 38.03 38.09 38.18 38.21 38.26 38.34 38.44 38.47 38.45 38.46 38.46 38.47 38.48 38.49 38.49 38.47 38.28 37.97 37.78 37.72 37.67 37.47 37.23 37.08 37.01 36.97 36.94 36.92 36.89 36.86 36.83 36.83 36.87 36.9 36.91 36.91 36.92 36.93 36.93 36.93 36.92 36.84 36.76 36.68 36.71 36.78 36.81 36.84 36.87 36.94 37.26 37.56 37.52 37.36 37.36 37.53 37.67 37.68 37.7 37.74 37.5 37.33 37.18 37.17 37.22 37.25 37.29 37.31 37.27 37.21 37.19 37.17 37.15 37.11
37.92 37.93 37.86 37.81 37.82 37.85 37.94 37.96 38.01 38.1 38.2 38.25 38.26 38.27 38.28 38.29 38.29 38.3 38.3 38.29 38.08 37.8 37.65 37.6 37.54 37.4 37.27 37.08 36.96 36.91 36.88 36.86 36.83 36.8 36.8 36.83 36.87 36.9 36.91 36.91 36.93 36.93 36.94 36.94 36.94 36.85 36.77 36.67 36.7 36.76 36.78 36.81 36.79 36.77 36.91 37.09 37.07 36.96 36.97 37.04 37.18 37.27 37.35 37.36 37.18 37.03 37 37.04 37.1 37.14 37.18 37.23 37.27 37.25 37.15 37.05 37.04 37.04
37.92 37.91 37.83 37.78 37.74 37.68 37.73 37.79 37.85 37.94 38.02 38.06 38.07 38.08 38.09 38.1 38.11 38.12 38.11 38.1 37.89 37.64 37.54 37.49 37.41 37.31 37.2 37.03 36.91 36.85 36.83 36.81 36.78 36.79 36.81 36.84 36.87 36.9 36.91 36.92 36.93 36.94 36.94 36.94 36.91 36.84 36.76 36.67 36.72 36.79 36.79 36.79 36.74 36.71 36.69 36.71 36.76 36.77 36.76 36.68 36.81 37 37.1 37.04 36.91 36.84 36.87 36.93 36.99 37.02 37.07 37.13 37.17 37.2 37.17 37.06 36.99 36.93
37.91 37.89 37.83 37.8 37.76 37.67 37.66 37.68 37.72 37.8 37.86 37.88 37.89 37.9 37.91 37.92 37.92 37.93 37.93 37.91 37.69 37.49 37.41 37.36 37.28 37.19 37.1 37 36.86 36.8 36.77 36.75 36.76 36.79 36.82 36.84 36.87 36.9 36.91 36.92 36.93 36.94 36.95 36.92 36.84 36.79 36.73 36.71 36.77 36.82 36.82 36.79 36.75 36.74 36.72 36.71 36.75 36.78 36.77 36.67 36.76 36.97 37 36.83 36.74 36.74 36.77 36.82 36.86 36.9 36.96 37.01 37.05 37.1 37.13 37.08 37.02 36.94
37.93 37.91 37.87 37.84 37.78 37.68 37.63 37.65 37.68 37.72 37.75 37.74 37.72 37.72 37.72 37.73 37.74 37.75 37.76 37.73 37.51 37.35 37.29 37.23 37.16 37.07 37.01 36.93 36.8 36.74 36.72 36.72 36.75 36.8 36.83 36.85 36.88 36.9 36.92 36.93 36.94 36.95 36.93 36.88 36.79 36.75 36.74 36.79 36.84 36.85 36.84 36.82 36.79 36.78 36.77 36.74 36.76 36.78 36.76 36.69 36.84 37.04 36.98 36.81 36.73 36.72 36.73 36.75 36.77 36.8 36.85 36.9 36.94 36.98 37.03 37.05 37.03 36.97
