slabs/44.grd
DSAA
631 301
644520 645150
4946900 4947200
34.92 45.03
[rows 136 to 169 of 300, columns 468 to 545 of 631]
40.73 40.8 40.74 40.67 40.61 40.57 40.55 40.53 40.54 40.63 40.66 40.65 40.59 40.56 40.6 40.61 40.66 40.7 40.75 40.85 40.85 40.79 40.75 40.72 40.66 40.6 40.57 40.52 40.45 40.4 40.37 40.34 40.29 40.24 40.21 40.17 40.16 40.18 40.2 40.27 40.27 40.25 40.31 40.34 40.25 40.17 40.1 40.09 40.13 40.15 40.16 40.14 40.08 40.04 39.99 40.02 40.06 40.02 39.98 40.02 40.06 40.07 39.95 39.88 39.86 39.86 39.86 39.86 39.86 39.91 40.11 40.34 40.42 40.32 40.11 39.85 39.69 39.76
40.77 40.82 40.74 40.67 40.59 40.51 40.46 40.43 40.53 40.65 40.63 40.56 40.45 40.36 40.4 40.47 40.57 40.67 40.71 40.76 40.79 40.74 40.7 40.66 40.6 40.53 40.5 40.45 40.38 40.33 40.3 40.26 40.22 40.18 40.15 40.11 40.13 40.17 40.2 40.31 40.3 40.25 40.23 40.24 40.22 40.18 40.12 40.07 40.08 40.11 40.17 40.16 40.12 40.08 40.06 40.15 40.14 40.08 40.04 40.05 40.06 40.02 39.93 39.86 39.84 39.83 39.83 39.83 39.84 39.89 40.06 40.27 40.34 40.27 40.04 39.8 39.67 39.76
40.73 40.77 40.72 40.67 40.59 40.46 40.37 40.35 40.53 40.7 40.7 40.6 40.44 40.36 40.42 40.51 40.63 40.7 40.67 40.71 40.74 40.68 40.64 40.59 40.53 40.46 40.41 40.37 40.31 40.26 40.23 40.19 40.14 40.11 40.08 40.05 40.1 40.17 40.21 40.32 40.27 40.21 40.17 40.16 40.19 40.21 40.16 40.11 40.11 40.12 40.15 40.15 40.14 40.15 40.21 40.25 40.18 40.11 40.1 40.1 40.1 40.02 39.93 39.86 39.82 39.81 39.8 39.8 39.82 39.87 39.98 40.15 40.17 40.08 39.88 39.75 39.71 39.8
40.63 40.68 40.68 40.64 40.55 40.44 40.36 40.38 40.55 40.74 40.72 40.6 40.42 40.42 40.51 40.62 40.73 40.73 40.65 40.65 40.71 40.64 40.58 40.52 40.45 40.38 40.34 40.29 40.23 40.18 40.16 40.12 40.07 40.04 40.02 40.03 40.11 40.18 40.23 40.3 40.26 40.2 40.18 40.16 40.19 40.23 40.22 40.21 40.21 40.2 40.19 40.18 40.17 40.22 40.34 40.26 40.18 40.14 40.13 40.11 40.11 40.03 39.93 39.86 39.82 39.79 39.77 39.78 39.8 39.86 39.94 40.04 40.08 39.94 39.83 39.78 39.76 39.84
40.51 40.59 40.62 40.6 40.51 40.41 40.37 40.44 40.57 40.72 40.68 40.55 40.39 40.47 40.59 40.71 40.82 40.73 40.64 40.64 40.75 40.67 40.58 40.48 40.38 40.32 40.28 40.22 40.15 40.11 40.08 40.04 40 39.99 40 40.05 40.13 40.19 40.25 40.27 40.26 40.24 40.25 40.2 40.22 40.26 40.25 40.27 40.31 40.3 40.28 40.24 40.21 40.24 40.34 40.31 40.27 40.25 40.22 40.15 40.09 40.06 39.96 39.87 39.82 39.78 39.75 39.76 39.79 39.84 39.91 39.97 39.96 39.91 39.86 39.84 39.81 39.88
40.41 40.49 40.54 40.55 40.47 40.41 40.45 40.5 40.56 40.64 40.62 40.5 40.41 40.55 40.68 40.82 40.84 40.75 40.7 40.75 40.83 40.73 40.63 40.51 40.35 40.27 40.21 40.15 40.08 40.04 40.01 39.98 39.98 40 40.02 40.09 40.17 40.22 40.26 40.26 40.26 40.28 40.32 40.27 40.27 40.29 40.27 40.28 40.35 40.36 40.33 40.29 40.25 40.27 40.35 40.42 40.42 40.38 40.37 40.29 40.21 40.14 40.03 39.92 39.86 39.79 39.74 39.74 39.77 39.81 39.9 39.96 39.96 39.95 39.91 39.89 39.86 39.93
40.29 40.37 40.43 40.48 40.43 40.43 40.47 40.51 40.57 40.56 40.55 40.44 40.47 40.64 40.76 40.93 40.89 40.8 40.78 40.83 40.89 40.82 40.71 40.56 40.38 40.27 40.18 40.08 40 39.96 39.95 39.97 40 40.03 40.07 40.13 40.21 40.25 40.26 40.26 40.27 40.28 40.36 40.32 40.32 40.3 40.26 40.29 40.39 40.4 40.38 40.33 40.27 40.3 40.39 40.55 40.57 40.53 40.52 40.47 40.41 40.28 40.12 39.99 39.93 39.85 39.77 39.74 39.76 39.8 39.88 39.94 39.96 39.98 39.96 39.94 39.91 39.97
40.18 40.26 40.32 40.38 40.37 40.37 40.39 40.44 40.51 40.48 40.45 40.41 40.53 40.72 40.84 40.97 40.89 40.82 40.8 40.85 40.93 40.88 40.77 40.61 40.42 40.3 40.19 40.04 39.95 39.9 39.92 39.98 40.04 40.07 40.11 40.16 40.23 40.26 40.19 40.24 40.28 40.29 40.37 40.32 40.32 40.31 40.26 40.34 40.44 40.43 40.43 40.37 40.31 40.34 40.5 40.62 40.66 40.66 40.71 40.67 40.6 40.46 40.26 40.13 40.07 40.01 39.93 39.88 39.87 39.9 39.92 39.97 40.01 40.02 40.01 40 39.98 40.02
40.06 40.15 40.21 40.3 40.28 40.24 40.25 40.33 40.41 40.43 40.43 40.46 40.58 40.75 40.85 40.93 40.86 40.8 40.8 40.86 40.93 40.9 40.79 40.6 40.41 40.29 40.18 40.04 39.94 39.89 39.91 39.98 40.05 40.09 40.13 40.19 40.23 40.24 40.07 40.11 40.2 40.26 40.31 40.3 40.34 40.33 40.31 40.43 40.5 40.47 40.48 40.43 40.37 40.43 40.57 40.64 40.66 40.74 40.85 40.84 40.78 40.63 40.47 40.37 40.33 40.28 40.21 40.15 40.12 40.17 40.16 40.16 40.17 40.16 40.13 40.11 40.08 40.07
39.98 40.11 40.2 40.29 40.2 40.14 40.18 40.25 40.31 40.4 40.47 40.55 40.62 40.73 40.8 40.83 40.79 40.74 40.78 40.83 40.84 40.82 40.72 40.53 40.34 40.23 40.15 40.07 39.98 39.92 39.9 39.95 40.02 40.07 40.13 40.2 40.21 40.19 40.03 39.98 40.05 40.16 40.25 40.31 40.34 40.35 40.42 40.53 40.55 40.52 40.54 40.52 40.52 40.53 40.6 40.64 40.66 40.76 40.9 40.95 40.88 40.75 40.65 40.6 40.6 40.58 40.53 40.48 40.43 40.46 40.46 40.48 40.45 40.38 40.32 40.28 40.24 40.2
39.94 40.09 40.19 40.22 40.11 40.07 40.1 40.19 40.24 40.3 40.39 40.52 40.64 40.68 40.72 40.72 40.73 40.72 40.78 40.76 40.71 40.68 40.59 40.44 40.3 40.24 40.19 40.12 40.03 39.97 39.92 39.93 39.98 40.02 40.08 40.17 40.17 40.15 40.1 40.06 40.05 40.13 40.25 40.28 40.32 40.39 40.49 40.57 40.57 40.59 40.6 40.58 40.58 40.57 40.59 40.62 40.66 40.76 40.88 40.96 40.86 40.76 40.72 40.71 40.73 40.76 40.74 40.69 40.62 40.62 40.69 40.77 40.75 40.59 40.5 40.48 40.5 40.5
39.92 40.04 40.13 40.13 40.04 39.96 39.99 40.09 40.14 40.13 40.23 40.42 40.62 40.64 40.63 40.65 40.7 40.72 40.76 40.69 40.6 40.57 40.44 40.36 40.32 40.29 40.24 40.16 40.08 40.04 39.96 39.94 39.95 39.97 40.04 40.16 40.17 40.18 40.17 40.17 40.17 40.21 40.3 40.29 40.29 40.39 40.53 40.59 40.6 40.63 40.62 40.6 40.63 40.62 40.63 40.66 40.69 40.73 40.83 40.89 40.82 40.75 40.73 40.74 40.78 40.82 40.8 40.75 40.64 40.67 40.83 40.94 40.91 40.76 40.69 40.66 40.71 40.75
39.9 39.97 40.03 40.06 39.96 39.87 39.93 40.01 40.03 40.01 40.13 40.34 40.52 40.57 40.57 40.61 40.66 40.68 40.64 40.58 40.51 40.48 40.28 40.21 40.26 40.28 40.26 40.19 40.15 40.1 39.99 39.95 39.96 39.96 40.02 40.16 40.22 40.24 40.24 40.26 40.3 40.33 40.37 40.32 40.29 40.39 40.54 40.6 40.62 40.61 40.58 40.57 40.65 40.69 40.69 40.71 40.7 40.69 40.76 40.82 40.83 40.8 40.78 40.78 40.82 40.84 40.83 40.82 40.7 40.61 40.81 40.95 40.88 40.79 40.77 40.76 40.77 40.87
39.89 39.94 39.96 39.99 39.93 39.89 39.95 40 39.99 39.97 40.05 40.2 40.36 40.44 40.49 40.55 40.59 40.59 40.48 40.43 40.37 40.3 40.15 40.02 40.08 40.12 40.16 40.17 40.16 40.13 40.02 39.97 39.97 39.97 40.05 40.17 40.25 40.29 40.31 40.35 40.38 40.44 40.44 40.37 40.33 40.42 40.55 40.57 40.57 40.54 40.51 40.48 40.6 40.69 40.69 40.67 40.65 40.63 40.7 40.77 40.83 40.84 40.82 40.83 40.85 40.84 40.83 40.83 40.81 40.66 40.74 40.76 40.72 40.64 40.69 40.72 40.84 41
39.87 39.95 39.95 39.94 39.95 39.97 39.98 39.96 39.9 39.88 39.93 40.06 40.24 40.33 40.39 40.44 40.46 40.47 40.36 40.28 40.21 40.19 40.13 39.99 39.92 39.93 39.98 40.04 40.06 40.09 40.06 40 39.98 39.96 40.06 40.15 40.19 40.23 40.28 40.33 40.35 40.44 40.47 40.43 40.4 40.48 40.54 40.51 40.47 40.45 40.41 40.37 40.45 40.59 40.63 40.61 40.59 40.57 40.64 40.71 40.79 40.85 40.85 40.86 40.85 40.84 40.83 40.82 40.8 40.68 40.64 40.62 40.57 40.53 40.61 40.71 40.84 41.08
39.83 39.95 39.94 39.9 39.93 39.97 39.97 39.83 39.71 39.71 39.77 39.91 40.16 40.26 40.29 40.3 40.31 40.32 40.27 40.17 40.08 40.07 40.1 39.99 39.85 39.78 39.8 39.86 39.9 39.96 40.03 40.02 40 39.95 40.01 40.06 40.09 40.14 40.2 40.25 40.27 40.36 40.44 40.44 40.43 40.54 40.51 40.46 40.41 40.37 40.34 40.34 40.33 40.45 40.54 40.55 40.53 40.51 40.59 40.65 40.73 40.82 40.86 40.86 40.85 40.85 40.83 40.81 40.77 40.65 40.62 40.61 40.58 40.57 40.63 40.72 40.81 41.05
39.8 39.9 39.87 39.8 39.84 39.9 39.87 39.71 39.58 39.53 39.56 39.77 39.98 40.08 40.09 40.1 40.13 40.17 40.16 40.1 40.01 39.97 40.04 40.01 39.88 39.73 39.68 39.72 39.76 39.8 39.89 39.93 39.94 39.9 39.94 39.99 40.03 40.08 40.14 40.19 40.22 40.29 40.38 40.38 40.42 40.53 40.51 40.46 40.4 40.34 40.32 40.32 40.32 40.32 40.43 40.47 40.47 40.45 40.52 40.59 40.67 40.76 40.82 40.85 40.84 40.81 40.78 40.75 40.71 40.61 40.61 40.63 40.62 40.63 40.65 40.69 40.72 40.91
39.83 39.87 39.82 39.76 39.75 39.77 39.76 39.66 39.52 39.45 39.41 39.54 39.73 39.84 39.87 39.92 39.97 40.04 40.06 40.03 39.91 39.9 39.99 40.02 39.96 39.8 39.72 39.7 39.7 39.68 39.77 39.8 39.81 39.83 39.9 39.97 40.01 40.06 40.11 40.14 40.17 40.24 40.32 40.33 40.36 40.44 40.51 40.49 40.43 40.36 40.31 40.3 40.3 40.3 40.32 40.38 40.4 40.39 40.47 40.53 40.62 40.69 40.68 40.76 40.74 40.71 40.69 40.67 40.63 40.55 40.6 40.65 40.66 40.65 40.65 40.64 40.65 40.75
39.82 39.84 39.81 39.77 39.75 39.73 39.71 39.65 39.51 39.43 39.36 39.43 39.54 39.62 39.69 39.77 39.83 39.92 39.97 39.96 39.84 39.87 39.93 39.98 39.99 39.91 39.84 39.76 39.69 39.62 39.72 39.75 39.74 39.79 39.86 39.93 39.97 40.01 40.06 40.1 40.13 40.2 40.27 40.27 40.26 40.31 40.39 40.45 40.44 40.38 40.32 40.3 40.29 40.28 40.28 40.29 40.32 40.33 40.39 40.46 40.56 40.58 40.53 40.62 40.63 40.59 40.58 40.57 40.53 40.48 40.52 40.64 40.67 40.65 40.64 40.63 40.63 40.64
39.72 39.75 39.75 39.7 39.7 39.69 39.69 39.63 39.53 39.45 39.38 39.42 39.48 39.54 39.62 39.68 39.73 39.8 39.85 39.82 39.74 39.8 39.84 39.9 39.93 39.91 39.88 39.76 39.65 39.58 39.7 39.75 39.77 39.77 39.79 39.84 39.91 39.97 40.02 40.05 40.08 40.17 40.2 40.19 40.17 40.16 40.24 40.34 40.4 40.38 40.34 40.3 40.28 40.27 40.26 40.25 40.26 40.28 40.35 40.42 40.49 40.44 40.38 40.46 40.49 40.47 40.46 40.45 40.41 40.41 40.43 40.59 40.64 40.65 40.64 40.64 40.62 40.62
39.6 39.62 39.64 39.63 39.64 39.65 39.66 39.62 39.54 39.47 39.41 39.44 39.48 39.54 39.62 39.65 39.69 39.73 39.73 39.66 39.61 39.66 39.73 39.8 39.83 39.82 39.82 39.76 39.64 39.53 39.72 39.8 39.81 39.79 39.76 39.76 39.84 39.92 39.98 40.01 40.04 40.11 40.12 40.1 40.09 40.08 40.15 40.24 40.29 40.33 40.33 40.31 40.28 40.26 40.25 40.24 40.23 40.28 40.35 40.39 40.42 40.38 40.35 40.37 40.39 40.4 40.39 40.36 40.34 40.36 40.38 40.5 40.6 40.65 40.66 40.65 40.65 40.66
39.58 39.61 39.62 39.6 39.59 39.59 39.62 39.62 39.55 39.48 39.43 39.47 39.5 39.55 39.63 39.66 39.67 39.68 39.66 39.59 39.53 39.54 39.63 39.72 39.76 39.73 39.78 39.83 39.74 39.67 39.74 39.79 39.79 39.77 39.77 39.78 39.8 39.87 39.93 39.96 40 40.05 40.04 40.03 40.03 40.06 40.17 40.22 40.24 40.26 40.27 40.28 40.28 40.25 40.24 40.23 40.23 40.27 40.32 40.37 40.4 40.4 40.39 40.38 40.38 40.39 40.39 40.38 40.35 40.32 40.32 40.4 40.6 40.72 40.71 40.68 40.67 40.64
39.64 39.65 39.65 39.6 39.57 39.55 39.61 39.62 39.58 39.51 39.46 39.52 39.57 39.62 39.7 39.67 39.63 39.62 39.6 39.53 39.47 39.48 39.57 39.64 39.68 39.67 39.73 39.78 39.76 39.76 39.76 39.77 39.77 39.71 39.72 39.75 39.78 39.83 39.88 39.92 39.96 39.99 39.99 40 40.02 40.08 40.19 40.22 40.23 40.23 40.23 40.23 40.25 40.23 40.22 40.21 40.23 40.27 40.29 40.38 40.42 40.44 40.44 40.42 40.41 40.4 40.39 40.39 40.37 40.35 40.33 40.39 40.6 40.77 40.78 40.7 40.61 40.56
39.67 39.67 39.65 39.6 39.57 39.56 39.64 39.67 39.62 39.55 39.55 39.64 39.71 39.78 39.83 39.75 39.68 39.62 39.57 39.52 39.49 39.49 39.54 39.58 39.61 39.62 39.66 39.7 39.75 39.78 39.76 39.75 39.74 39.65 39.65 39.67 39.72 39.77 39.83 39.88 39.92 39.95 39.98 40 40.06 40.14 40.19 40.2 40.21 40.21 40.22 40.22 40.21 40.21 40.2 40.21 40.25 40.29 40.32 40.42 40.48 40.49 40.49 40.48 40.46 40.45 40.43 40.41 40.37 40.37 40.38 40.42 40.55 40.68 40.73 40.66 40.54 40.47
39.65 39.65 39.64 39.6 39.56 39.6 39.72 39.75 39.71 39.66 39.73 39.81 39.84 39.89 39.89 39.79 39.72 39.63 39.57 39.54 39.52 39.5 39.55 39.6 39.59 39.58 39.61 39.66 39.71 39.76 39.75 39.74 39.7 39.59 39.56 39.59 39.64 39.72 39.8 39.89 39.92 39.96 40.01 40.03 40.11 40.17 40.19 40.19 40.2 40.2 40.21 40.21 40.21 40.21 40.2 40.22 40.27 40.32 40.35 40.45 40.57 40.55 40.53 40.52 40.51 40.49 40.47 40.39 40.34 40.33 40.41 40.46 40.5 40.55 40.61 40.58 40.44 40.36
39.64 39.64 39.63 39.59 39.57 39.64 39.77 39.79 39.79 39.83 39.85 39.86 39.87 39.88 39.84 39.71 39.65 39.61 39.57 39.55 39.53 39.53 39.59 39.62 39.57 39.53 39.57 39.62 39.67 39.72 39.72 39.72 39.64 39.51 39.47 39.48 39.56 39.7 39.82 39.94 39.96 40 40.04 40.07 40.14 40.17 40.17 40.18 40.18 40.19 40.2 40.2 40.21 40.21 40.2 40.22 40.28 40.34 40.38 40.48 40.61 40.6 40.58 40.57 40.54 40.5 40.43 40.36 40.31 40.29 40.36 40.42 40.45 40.47 40.49 40.48 40.36 40.28
39.62 39.62 39.62 39.61 39.61 39.7 39.77 39.82 39.85 39.91 39.85 39.82 39.83 39.85 39.8 39.7 39.65 39.61 39.59 39.56 39.54 39.57 39.63 39.63 39.56 39.49 39.54 39.6 39.64 39.67 39.69 39.68 39.58 39.42 39.38 39.42 39.54 39.73 39.88 40 40 40 40.06 40.1 40.14 40.16 40.16 40.17 40.17 40.18 40.18 40.19 40.19 40.19 40.2 40.23 40.29 40.37 40.43 40.58 40.67 40.65 40.63 40.6 40.52 40.44 40.39 40.33 40.28 40.26 40.32 40.41 40.43 40.44 40.41 40.37 40.25 40.17
39.6 39.61 39.61 39.62 39.67 39.73 39.77 39.79 39.8 39.88 39.83 39.79 39.81 39.83 39.77 39.69 39.64 39.61 39.59 39.58 39.57 39.6 39.64 39.61 39.51 39.49 39.58 39.63 39.63 39.63 39.64 39.66 39.58 39.39 39.33 39.38 39.54 39.74 39.88 39.99 39.99 39.99 40.07 40.12 40.13 40.14 40.14 40.14 40.15 40.15 40.15 40.15 40.15 40.17 40.19 40.25 40.33 40.43 40.51 40.7 40.73 40.69 40.65 40.57 40.46 40.39 40.35 40.31 40.28 40.29 40.34 40.42 40.42 40.41 40.35 40.27 40.17 40.11
39.59 39.59 39.61 39.67 39.72 39.75 39.8 39.83 39.87 39.9 39.84 39.81 39.82 39.82 39.76 39.71 39.67 39.62 39.61 39.66 39.67 39.66 39.66 39.64 39.54 39.52 39.64 39.69 39.66 39.62 39.61 39.65 39.64 39.45 39.33 39.33 39.43 39.62 39.74 39.82 39.88 39.94 40.04 40.08 40.09 40.08 40.08 40.08 40.08 40.07 40.07 40.07 40.07 40.12 40.18 40.27 40.37 40.44 40.51 40.69 40.75 40.68 40.62 40.51 40.42 40.37 40.35 40.33 40.33 40.36 40.41 40.45 40.4 40.37 40.31 40.24 40.17 40.13
39.57 39.6 39.67 39.77 39.79 39.82 39.86 39.88 39.93 39.96 39.91 39.88 39.87 39.85 39.79 39.76 39.73 39.69 39.69 39.77 39.8 39.79 39.76 39.73 39.66 39.59 39.69 39.73 39.69 39.63 39.59 39.62 39.65 39.48 39.39 39.35 39.34 39.47 39.54 39.62 39.7 39.8 39.86 39.96 40 40 40 40 40 39.99 39.99 39.99 40.01 40.08 40.16 40.26 40.36 40.42 40.5 40.66 40.7 40.61 40.55 40.47 40.44 40.42 40.41 40.41 40.43 40.46 40.5 40.53 40.43 40.35 40.3 40.28 40.23 40.19
39.57 39.67 39.77 39.85 39.87 39.9 39.9 39.92 39.96 39.98 39.96 39.95 39.95 39.92 39.84 39.81 39.79 39.76 39.81 39.87 39.93 39.96 39.89 39.82 39.79 39.77 39.77 39.75 39.7 39.64 39.59 39.55 39.56 39.47 39.42 39.37 39.33 39.37 39.42 39.47 39.56 39.67 39.69 39.8 39.9 39.91 39.91 39.91 39.91 39.91 39.9 39.91 39.99 40.07 40.13 40.22 40.3 40.36 40.45 40.59 40.62 40.56 40.56 40.54 40.52 40.51 40.5 40.51 40.51 40.52 40.6 40.66 40.53 40.41 40.34 40.33 40.28 40.25
39.63 39.71 39.79 39.84 39.88 39.9 39.9 39.92 39.94 39.96 39.97 39.98 39.99 39.97 39.91 39.87 39.85 39.83 39.91 39.98 40.05 40.04 39.98 39.93 39.98 39.98 39.94 39.9 39.82 39.73 39.66 39.52 39.5 39.39 39.31 39.29 39.32 39.38 39.42 39.45 39.52 39.55 39.52 39.61 39.77 39.83 39.82 39.82 39.82 39.82 39.82 39.87 39.97 40.03 40.07 40.13 40.22 40.28 40.37 40.5 40.55 40.53 40.57 40.63 40.61 40.59 40.56 40.53 40.53 40.57 40.68 40.72 40.65 40.51 40.36 40.31 40.31 40.29
39.67 39.7 39.75 39.78 39.83 39.86 39.87 39.89 39.9 39.92 39.95 39.98 39.98 40.02 40 39.96 39.94 39.95 39.99 40.01 40.07 40.05 40.01 39.99 40.05 40.1 40.09 40.06 39.99 39.9 39.83 39.63 39.5 39.33 39.25 39.26 39.32 39.38 39.42 39.46 39.5 39.46 39.37 39.44 39.61 39.72 39.73 39.73 39.74 39.73 39.75 39.82 39.91 39.96 39.99 40.05 40.14 40.21 40.3 40.42 40.5 40.48 40.53 40.63 40.69 40.67 40.6 40.52 40.56 40.64 40.67 40.67 40.65 40.56 40.42 40.35 40.34 40.32
39.71 39.73 39.75 39.77 39.8 39.84 39.87 39.88 39.9 39.93 39.96 39.98 39.99 40.05 40.06 40.05 40.03 40.02 40.01 40.01 40.04 40 39.97 40 40.1 40.2 40.24 40.23 40.16 40.05 39.94 39.76 39.6 39.39 39.29 39.28 39.31 39.37 39.41 39.46 39.49 39.44 39.34 39.36 39.47 39.57 39.59 39.6 39.63 39.64 39.68 39.75 39.83 39.88 39.92 40 40.1 40.16 40.25 40.39 40.49 40.48 40.53 40.63 40.7 40.72 40.64 40.57 40.63 40.66 40.64 40.63 40.61 40.56 40.48 40.41 40.38 40.35
