slabs/44.grd
DSAA
631 301
644520 645150
4946900 4947200
34.92 45.03
[rows 102 to 135 of 300, columns 156 to 233 of 631]
40.24 40.1 40.23 40.5 40.69 40.93 41.31 41.43 41.31 41.19 41.17 41.16 41.17 41.13 41.01 40.84 40.74 40.65 40.54 40.45 40.37 40.25 40.23 40.3 40.45 40.68 40.78 40.79 40.8 40.77 40.58 40.43 40.39 40.57 40.88 41.06 41.21 41.22 41.15 41.08 41.06 41.19 41.27 41.28 41.25 41.14 41.13 41.15 41.1 40.98 40.88 40.84 40.77 40.71 40.69 40.7 40.71 40.71 40.67 40.58 40.48 40.43 40.41 40.41 40.4 40.39 40.39 40.39 40.39 40.36 40.31 40.24 40.1 40.02 39.98 39.92 39.84 39.87
39.36 39.32 39.52 39.84 40.06 40.41 41.06 41.4 41.39 41.28 41.18 41.16 41.17 41.18 41.07 40.92 40.8 40.7 40.6 40.52 40.44 40.31 40.27 40.3 40.44 40.66 40.72 40.68 40.62 40.54 40.37 40.29 40.35 40.54 40.81 40.99 41.17 41.2 41.14 41.1 41.07 41.13 41.18 41.17 41.08 41.01 41.02 41.05 41.09 41.03 40.95 40.89 40.81 40.72 40.69 40.69 40.7 40.69 40.64 40.53 40.44 40.41 40.41 40.44 40.43 40.41 40.41 40.44 40.52 40.51 40.45 40.32 40.17 40.07 40.01 39.94 39.89 39.94
38.52 38.58 38.84 39.25 39.57 40.08 40.8 41.31 41.42 41.36 41.17 41.08 41.09 41.12 41.04 40.9 40.78 40.7 40.63 40.58 40.5 40.4 40.37 40.36 40.45 40.63 40.64 40.58 40.48 40.38 40.3 40.29 40.37 40.48 40.63 40.74 40.96 41.05 41.02 41 41.01 41.02 41.04 41.04 40.97 40.95 40.96 40.98 41.02 41.02 41 40.92 40.84 40.75 40.7 40.68 40.69 40.67 40.61 40.49 40.41 40.4 40.43 40.44 40.46 40.46 40.47 40.54 40.63 40.65 40.58 40.42 40.25 40.15 40.06 39.97 39.94 40
37.77 37.87 38.22 38.81 39.24 39.77 40.51 41.12 41.34 41.41 41.19 40.86 40.87 40.97 40.94 40.85 40.74 40.64 40.6 40.59 40.55 40.54 40.52 40.48 40.5 40.62 40.59 40.53 40.47 40.42 40.42 40.42 40.47 40.47 40.47 40.52 40.72 40.84 40.84 40.84 40.89 40.95 40.96 40.98 40.98 40.94 40.93 40.94 40.97 40.99 40.98 40.92 40.85 40.78 40.73 40.68 40.67 40.66 40.61 40.5 40.43 40.42 40.44 40.47 40.5 40.55 40.57 40.65 40.74 40.78 40.67 40.5 40.33 40.24 40.12 40.01 39.97 40.01
37.18 37.28 37.75 38.46 38.9 39.43 40.18 40.77 41.14 41.37 41.22 40.95 40.91 40.95 40.86 40.77 40.68 40.58 40.57 40.6 40.62 40.65 40.67 40.65 40.63 40.7 40.68 40.65 40.62 40.62 40.63 40.58 40.61 40.54 40.48 40.47 40.58 40.66 40.69 40.71 40.79 40.87 40.91 40.95 40.99 40.97 40.93 40.9 40.94 40.93 40.89 40.83 40.8 40.79 40.76 40.7 40.69 40.67 40.69 40.65 40.56 40.49 40.48 40.5 40.55 40.64 40.68 40.74 40.83 40.85 40.72 40.56 40.4 40.31 40.19 40.08 40.02 40.01
36.87 36.95 37.4 38.08 38.52 39.09 39.87 40.44 40.92 41.21 41.18 41.05 40.98 40.9 40.75 40.65 40.59 40.58 40.64 40.72 40.79 40.84 40.86 40.85 40.83 40.86 40.85 40.84 40.83 40.82 40.79 40.73 40.71 40.63 40.56 40.5 40.48 40.51 40.56 40.66 40.77 40.85 40.89 40.93 40.99 40.98 40.94 40.89 40.92 40.87 40.79 40.75 40.74 40.75 40.74 40.72 40.79 40.81 40.85 40.81 40.71 40.63 40.57 40.53 40.59 40.69 40.74 40.75 40.82 40.78 40.65 40.53 40.41 40.35 40.25 40.16 40.09 40.03
36.75 36.79 37.08 37.57 38.04 38.73 39.56 40.13 40.68 40.99 40.97 40.91 40.85 40.77 40.62 40.49 40.57 40.74 40.86 40.93 41 41.03 41.03 41.03 41.03 41.01 40.99 40.97 40.96 40.96 40.92 40.86 40.8 40.72 40.65 40.57 40.47 40.48 40.53 40.64 40.75 40.83 40.87 40.91 40.95 40.93 40.9 40.9 40.92 40.88 40.83 40.8 40.81 40.82 40.82 40.8 40.86 40.93 40.93 40.86 40.76 40.69 40.64 40.58 40.6 40.65 40.71 40.73 40.74 40.67 40.57 40.5 40.43 40.39 40.31 40.23 40.16 40.05
36.68 36.7 36.86 37.13 37.59 38.35 39.25 39.86 40.44 40.75 40.66 40.6 40.57 40.57 40.52 40.43 40.63 40.93 41.08 41.13 41.15 41.16 41.16 41.16 41.15 41.13 41.12 41.11 41.1 41.09 41.06 41 40.9 40.8 40.72 40.64 40.56 40.53 40.54 40.62 40.74 40.82 40.85 40.87 40.88 40.87 40.89 40.93 40.95 40.91 40.89 40.88 40.89 40.89 40.89 40.83 40.88 40.96 40.9 40.81 40.7 40.64 40.62 40.59 40.58 40.57 40.65 40.7 40.68 40.66 40.6 40.54 40.49 40.45 40.38 40.3 40.22 40.08
36.66 36.66 36.73 36.86 37.25 37.91 38.91 39.58 40.13 40.53 40.6 40.59 40.58 40.61 40.62 40.59 40.79 41.06 41.2 41.25 41.27 41.26 41.25 41.24 41.23 41.23 41.22 41.2 41.19 41.2 41.17 41.1 40.97 40.85 40.79 40.73 40.67 40.62 40.6 40.63 40.72 40.78 40.79 40.81 40.82 40.83 40.88 40.94 40.98 40.97 40.96 40.96 40.96 40.95 40.91 40.82 40.81 40.89 40.82 40.71 40.62 40.58 40.57 40.56 40.55 40.53 40.61 40.65 40.66 40.66 40.62 40.55 40.51 40.47 40.42 40.36 40.29 40.13
36.65 36.66 36.69 36.74 37.01 37.63 38.61 39.18 39.65 40.26 40.74 40.9 40.97 41.01 40.95 40.87 41.05 41.22 41.31 41.35 41.32 41.28 41.26 41.24 41.24 41.24 41.23 41.2 41.16 41.16 41.16 41.1 41.02 40.92 40.86 40.82 40.77 40.72 40.7 40.7 40.71 40.72 40.73 40.74 40.76 40.81 40.87 40.93 41.01 41.04 41.07 41.06 41.01 40.97 40.9 40.79 40.73 40.76 40.72 40.62 40.58 40.57 40.55 40.53 40.52 40.5 40.56 40.6 40.61 40.62 40.62 40.57 40.52 40.49 40.44 40.39 40.37 40.2
36.64 36.65 36.68 36.7 36.83 37.48 38.26 38.62 39.07 39.82 40.57 40.94 41.23 41.33 41.24 41.16 41.28 41.36 41.4 41.38 41.32 41.26 41.22 41.2 41.25 41.26 41.25 41.21 41.14 41.06 41.03 41.1 41.08 41 40.96 40.92 40.86 40.82 40.79 40.78 40.72 40.68 40.67 40.68 40.74 40.82 40.89 40.95 41.06 41.12 41.15 41.13 41.03 40.96 40.89 40.78 40.68 40.64 40.62 40.57 40.55 40.54 40.52 40.5 40.48 40.47 40.52 40.56 40.56 40.57 40.58 40.57 40.54 40.5 40.45 40.41 40.41 40.29
36.64 36.65 36.66 36.66 36.7 37.21 37.75 38.04 38.49 39.24 40.01 40.49 41.18 41.45 41.45 41.4 41.36 41.4 41.42 41.39 41.31 41.23 41.19 41.17 41.24 41.28 41.27 41.21 41.14 41.07 41.03 41.13 41.18 41.11 41.04 40.99 40.94 40.91 40.87 40.83 40.73 40.68 40.67 40.68 40.77 40.89 40.96 40.99 41.09 41.15 41.16 41.13 41.03 40.95 40.88 40.77 40.66 40.58 40.55 40.53 40.52 40.51 40.49 40.47 40.45 40.44 40.49 40.51 40.51 40.52 40.53 40.53 40.53 40.51 40.46 40.43 40.45 40.41
36.67 36.65 36.64 36.6 36.56 36.86 37.25 37.48 37.92 38.7 39.34 39.92 40.98 41.41 41.44 41.4 41.39 41.4 41.41 41.38 41.31 41.22 41.17 41.13 41.2 41.25 41.22 41.17 41.12 41.09 41.07 41.15 41.21 41.18 41.08 41.04 41.02 40.99 40.92 40.81 40.72 40.71 40.69 40.71 40.83 40.97 41.05 41.04 41.09 41.12 41.12 41.11 41.03 40.96 40.87 40.75 40.65 40.56 40.51 40.49 40.48 40.47 40.45 40.43 40.42 40.4 40.44 40.46 40.46 40.47 40.48 40.49 40.49 40.49 40.47 40.47 40.49 40.46
36.68 36.66 36.61 36.51 36.38 36.52 36.8 36.98 37.37 38.36 39.21 40.03 41.03 41.38 41.4 41.37 41.35 41.38 41.42 41.38 41.3 41.18 41.12 41.08 41.22 41.23 41.18 41.12 41.08 41.07 41.05 41.05 41.08 41.1 41.05 41.06 41.04 41 40.92 40.79 40.73 40.7 40.67 40.68 40.81 40.93 41.03 41.03 41 40.97 40.98 41.02 41.02 40.96 40.86 40.71 40.6 40.52 40.47 40.45 40.44 40.43 40.42 40.4 40.38 40.37 40.4 40.41 40.42 40.42 40.43 40.44 40.44 40.45 40.47 40.51 40.56 40.53
36.68 36.63 36.5 36.36 36.21 36.29 36.38 36.58 36.94 38.24 39.26 40.2 41.06 41.33 41.36 41.34 41.35 41.41 41.43 41.39 41.29 41.16 41.08 41.1 41.23 41.19 41.16 41.08 41.01 40.98 40.95 40.91 40.92 40.95 40.97 41.01 40.99 40.92 40.88 40.85 40.77 40.7 40.62 40.59 40.67 40.77 40.9 40.92 40.79 40.7 40.68 40.79 40.91 40.91 40.81 40.65 40.53 40.46 40.43 40.41 40.41 40.4 40.39 40.37 40.35 40.34 40.35 40.36 40.37 40.38 40.39 40.4 40.42 40.43 40.52 40.62 40.71 40.67
36.68 36.56 36.45 36.34 36.14 36.23 36.31 36.4 36.65 37.63 38.75 40.01 41 41.28 41.32 41.32 41.38 41.42 41.42 41.39 41.33 41.25 41.18 41.17 41.15 41.1 41.1 41.03 40.9 40.85 40.84 40.83 40.86 40.89 40.92 40.95 40.94 40.91 40.89 40.87 40.82 40.73 40.59 40.53 40.61 40.7 40.88 40.88 40.74 40.61 40.51 40.62 40.71 40.74 40.72 40.59 40.47 40.41 40.39 40.37 40.37 40.36 40.35 40.34 40.33 40.31 40.32 40.33 40.34 40.36 40.38 40.4 40.42 40.46 40.63 40.78 40.88 40.82
36.67 36.55 36.44 36.34 36.15 36.13 36.23 36.28 36.45 37.13 38.02 39.38 40.74 41.21 41.29 41.37 41.41 41.38 41.35 41.37 41.39 41.37 41.33 41.24 41.07 40.99 41 40.94 40.83 40.79 40.78 40.76 40.79 40.82 40.84 40.87 40.89 40.89 40.87 40.86 40.85 40.81 40.65 40.54 40.61 40.68 40.86 40.83 40.7 40.58 40.48 40.49 40.54 40.58 40.59 40.51 40.41 40.37 40.35 40.34 40.32 40.32 40.31 40.3 40.3 40.3 40.31 40.33 40.34 40.38 40.41 40.42 40.45 40.56 40.79 40.95 41.01 40.9
36.63 36.52 36.42 36.33 36.24 36.17 36.14 36.18 36.35 36.72 37.15 38.27 39.99 40.99 41.24 41.35 41.39 41.34 41.32 41.36 41.37 41.38 41.35 41.27 41.08 40.97 40.94 40.87 40.84 40.85 40.83 40.74 40.72 40.74 40.76 40.78 40.79 40.79 40.78 40.83 40.87 40.85 40.74 40.62 40.6 40.66 40.84 40.79 40.67 40.59 40.49 40.41 40.39 40.43 40.46 40.43 40.35 40.32 40.3 40.29 40.28 40.28 40.28 40.29 40.3 40.32 40.34 40.35 40.37 40.4 40.43 40.45 40.52 40.73 40.99 41.16 41.16 41.03
36.6 36.44 36.37 36.33 36.3 36.17 36.06 36.14 36.29 36.45 36.6 37.47 39.17 40.65 41.15 41.26 41.31 41.33 41.36 41.38 41.33 41.3 41.28 41.19 41.01 40.95 40.91 40.82 40.85 40.91 40.9 40.79 40.7 40.68 40.67 40.67 40.71 40.76 40.8 40.84 40.92 40.94 40.85 40.72 40.65 40.68 40.83 40.77 40.67 40.57 40.44 40.36 40.32 40.32 40.33 40.31 40.28 40.26 40.26 40.26 40.26 40.27 40.29 40.31 40.32 40.35 40.37 40.38 40.39 40.42 40.47 40.52 40.67 40.92 41.19 41.35 41.33 41.21
36.52 36.35 36.31 36.3 36.29 36.16 36.08 36.2 36.27 36.35 36.48 37.25 38.73 40.38 41.04 41.2 41.24 41.28 41.34 41.34 41.28 41.23 41.17 41.02 40.84 40.82 40.84 40.73 40.77 40.81 40.77 40.78 40.72 40.67 40.62 40.56 40.64 40.73 40.8 40.84 40.87 40.93 40.88 40.8 40.72 40.7 40.79 40.72 40.63 40.48 40.36 40.31 40.3 40.28 40.27 40.25 40.24 40.23 40.25 40.27 40.28 40.29 40.31 40.33 40.35 40.38 40.4 40.41 40.42 40.44 40.56 40.69 40.85 41.08 41.32 41.45 41.4 41.28
36.4 36.29 36.26 36.25 36.28 36.22 36.15 36.23 36.28 36.31 36.35 36.81 38.3 39.97 40.76 41.06 41.13 41.14 41.22 41.28 41.26 41.22 41.11 40.95 40.77 40.68 40.71 40.66 40.67 40.68 40.63 40.63 40.67 40.66 40.59 40.53 40.59 40.67 40.76 40.78 40.75 40.8 40.78 40.75 40.69 40.66 40.67 40.58 40.49 40.37 40.31 40.3 40.29 40.29 40.29 40.28 40.25 40.25 40.27 40.29 40.3 40.32 40.34 40.36 40.39 40.41 40.43 40.44 40.45 40.48 40.67 40.81 40.95 41.12 41.29 41.36 41.37 41.29
36.33 36.29 36.26 36.27 36.32 36.25 36.17 36.21 36.28 36.32 36.31 36.5 37.73 39.12 40.18 40.87 41.02 41.02 41.08 41.18 41.24 41.24 41.1 40.92 40.75 40.66 40.68 40.71 40.69 40.66 40.61 40.59 40.61 40.61 40.58 40.54 40.54 40.58 40.66 40.68 40.61 40.63 40.64 40.61 40.56 40.55 40.52 40.45 40.39 40.33 40.32 40.31 40.31 40.31 40.31 40.31 40.3 40.29 40.29 40.31 40.32 40.34 40.36 40.38 40.42 40.44 40.45 40.46 40.48 40.49 40.61 40.7 40.83 41.01 41.18 41.26 41.29 41.27
36.3 36.3 36.32 36.33 36.29 36.29 36.3 36.29 36.33 36.33 36.31 36.42 37.19 38.27 39.37 40.54 40.9 40.92 40.94 41 41.07 41.11 41.05 40.88 40.72 40.65 40.67 40.75 40.74 40.7 40.65 40.62 40.6 40.59 40.61 40.6 40.6 40.6 40.63 40.64 40.6 40.62 40.6 40.53 40.5 40.48 40.46 40.45 40.42 40.4 40.36 40.34 40.33 40.33 40.32 40.34 40.34 40.32 40.32 40.33 40.34 40.36 40.4 40.42 40.45 40.47 40.48 40.48 40.48 40.48 40.54 40.6 40.71 40.88 41.05 41.15 41.19 41.2
36.27 36.3 36.34 36.32 36.25 36.27 36.27 36.3 36.36 36.34 36.32 36.38 36.93 37.66 38.65 39.99 40.71 40.85 40.83 40.84 40.89 40.93 40.96 40.83 40.7 40.67 40.67 40.76 40.78 40.74 40.71 40.67 40.64 40.62 40.66 40.69 40.71 40.72 40.72 40.71 40.73 40.76 40.67 40.56 40.52 40.5 40.5 40.54 40.57 40.54 40.47 40.42 40.39 40.36 40.34 40.35 40.37 40.36 40.35 40.35 40.36 40.38 40.43 40.46 40.48 40.49 40.47 40.45 40.48 40.47 40.51 40.55 40.61 40.75 40.89 41 41.07 41.09
36.27 36.29 36.29 36.27 36.27 36.31 36.28 36.27 36.32 36.31 36.27 36.36 36.88 37.56 38.42 39.61 40.52 40.77 40.74 40.72 40.72 40.76 40.79 40.73 40.7 40.74 40.8 40.82 40.8 40.75 40.73 40.7 40.67 40.68 40.72 40.76 40.78 40.8 40.81 40.83 40.86 40.87 40.73 40.61 40.56 40.53 40.57 40.68 40.76 40.7 40.61 40.55 40.5 40.43 40.39 40.41 40.42 40.38 40.37 40.38 40.38 40.42 40.46 40.49 40.51 40.49 40.45 40.44 40.48 40.46 40.48 40.52 40.57 40.66 40.74 40.81 40.91 40.94
36.26 36.28 36.3 36.29 36.29 36.32 36.32 36.29 36.3 36.27 36.16 36.27 36.78 37.4 38.2 39.25 40.26 40.64 40.66 40.62 40.56 40.58 40.63 40.68 40.74 40.83 40.93 40.89 40.81 40.76 40.74 40.71 40.7 40.71 40.74 40.77 40.79 40.82 40.85 40.89 40.92 40.91 40.78 40.66 40.61 40.61 40.71 40.8 40.89 40.92 40.76 40.63 40.55 40.46 40.4 40.44 40.47 40.43 40.4 40.4 40.41 40.44 40.5 40.53 40.54 40.5 40.47 40.48 40.48 40.45 40.46 40.5 40.56 40.62 40.66 40.69 40.77 40.8
36.29 36.3 36.31 36.31 36.29 36.3 36.28 36.24 36.24 36.2 36.06 36.16 36.63 37.14 37.84 38.61 39.71 40.34 40.56 40.51 40.43 40.48 40.6 40.7 40.77 40.85 40.87 40.83 40.8 40.77 40.73 40.7 40.69 40.69 40.69 40.69 40.7 40.72 40.73 40.77 40.81 40.85 40.8 40.73 40.72 40.75 40.85 40.93 41.01 41 40.78 40.62 40.55 40.47 40.42 40.44 40.5 40.46 40.42 40.41 40.41 40.46 40.53 40.59 40.64 40.65 40.65 40.62 40.5 40.45 40.47 40.51 40.57 40.63 40.67 40.71 40.76 40.77
36.3 36.31 36.31 36.32 36.3 36.3 36.26 36.21 36.22 36.21 36.16 36.17 36.38 36.61 37.07 37.85 38.92 39.74 40.31 40.37 40.36 40.45 40.61 40.71 40.74 40.73 40.57 40.56 40.61 40.65 40.66 40.62 40.61 40.59 40.56 40.53 40.52 40.52 40.55 40.63 40.67 40.74 40.8 40.76 40.78 40.85 40.92 40.95 40.99 40.98 40.78 40.65 40.58 40.5 40.45 40.47 40.5 40.45 40.41 40.42 40.44 40.48 40.54 40.61 40.75 40.85 40.85 40.77 40.59 40.51 40.54 40.58 40.65 40.71 40.75 40.8 40.85 40.84
36.3 36.3 36.3 36.3 36.31 36.32 36.28 36.24 36.21 36.21 36.27 36.24 36.19 36.11 36.31 37.26 38.14 38.99 39.86 40.14 40.27 40.4 40.6 40.69 40.6 40.45 40.21 40.16 40.21 40.28 40.41 40.45 40.45 40.43 40.37 40.3 40.27 40.22 40.36 40.52 40.6 40.68 40.77 40.79 40.8 40.85 40.89 40.87 40.91 40.97 40.82 40.71 40.64 40.55 40.49 40.49 40.48 40.43 40.43 40.45 40.48 40.52 40.55 40.64 40.83 40.96 40.95 40.87 40.74 40.65 40.66 40.7 40.76 40.83 40.86 40.91 40.96 40.94
36.3 36.3 36.29 36.29 36.3 36.32 36.29 36.29 36.22 36.18 36.23 36.19 36.07 35.98 36.21 36.9 37.57 38.41 39.39 39.84 40.12 40.3 40.5 40.48 40.3 40.09 39.83 39.77 39.81 39.9 40.02 40.03 40 39.97 39.9 39.85 39.81 39.8 40.13 40.46 40.58 40.66 40.74 40.79 40.8 40.83 40.87 40.89 40.94 41.03 40.9 40.8 40.72 40.63 40.53 40.5 40.46 40.44 40.47 40.48 40.51 40.55 40.6 40.72 40.92 41.03 41.04 41.01 40.92 40.81 40.78 40.81 40.88 40.94 40.98 41.02 41.07 41.04
36.31 36.31 36.29 36.29 36.29 36.29 36.29 36.3 36.23 36.22 36.19 36.01 35.81 35.88 36.2 36.76 37.18 37.87 38.93 39.51 39.83 39.98 40.22 40.11 39.92 39.71 39.44 39.37 39.41 39.51 39.54 39.54 39.51 39.46 39.39 39.35 39.32 39.39 39.89 40.33 40.54 40.66 40.74 40.78 40.83 40.88 40.94 40.99 41.05 41.11 40.96 40.85 40.79 40.71 40.59 40.52 40.46 40.47 40.49 40.51 40.54 40.62 40.69 40.82 40.99 41.08 41.09 41.07 41.05 40.96 40.9 40.92 40.99 41.06 41.1 41.14 41.17 41.15
36.32 36.31 36.28 36.27 36.26 36.26 36.27 36.26 36.22 36.27 36.17 35.92 35.83 35.98 36.25 36.76 37.14 37.55 38.48 39.06 39.3 39.33 39.66 39.68 39.54 39.33 39.06 38.97 39 39.04 39.03 39.02 39.01 38.96 38.88 38.81 38.82 39 39.61 40.04 40.38 40.64 40.76 40.81 40.89 40.97 41.02 41.05 41.11 41.09 40.94 40.85 40.83 40.76 40.65 40.55 40.48 40.5 40.52 40.54 40.6 40.7 40.78 40.92 41.05 41.12 41.14 41.11 41.09 41.08 41.04 41.04 41.1 41.17 41.2 41.24 41.26 41.24
36.31 36.29 36.27 36.28 36.28 36.26 36.28 36.27 36.29 36.3 36.09 35.93 35.93 36.07 36.28 36.75 37.09 37.47 38.06 38.43 38.57 38.65 39.09 39.25 39.15 38.93 38.66 38.54 38.54 38.48 38.44 38.44 38.45 38.4 38.3 38.17 38.22 38.52 39.22 39.66 40.14 40.58 40.77 40.83 40.9 40.98 41.04 41.06 41.07 40.98 40.9 40.88 40.87 40.83 40.72 40.58 40.51 40.53 40.56 40.59 40.68 40.79 40.88 41.01 41.1 41.17 41.2 41.17 41.12 41.15 41.18 41.17 41.21 41.25 41.28 41.3 41.27 41.23
36.3 36.3 36.31 36.29 36.32 36.28 36.28 36.3 36.31 36.28 36.04 35.98 36.01 36.09 36.23 36.6 36.87 37.21 37.65 37.83 37.88 38.12 38.6 38.81 38.65 38.36 38.11 38 37.98 37.73 37.64 37.65 37.66 37.64 37.63 37.58 37.68 38.1 38.84 39.32 39.86 40.43 40.68 40.71 40.74 40.87 41.01 41.07 41.07 40.94 40.92 40.92 40.92 40.93 40.84 40.67 40.56 40.57 40.6 40.66 40.76 40.89 40.97 41.07 41.14 41.21 41.26 41.23 41.17 41.15 41.17 41.23 41.28 41.29 41.28 41.25 41.19 41.16
