slabs/44.grd
DSAA
631 301
644520 645150
4946900 4947200
34.92 45.03
[rows 68 to 101 of 300, columns 0 to 77 of 631]
38.06 38.02 37.98 37.95 37.93 37.86 37.64 37.53 37.25 37.14 37.05 37.11 37.33 37.47 37.47 37.52 37.63 37.66 37.69 37.71 37.83 38.06 38.03 37.89 37.95 37.93 37.8 37.62 37.21 37.24 37.24 37.14 37.3 37.6 37.66 37.78 37.88 38.15 38.33 38.7 39.01 39.2 39.29 39.43 39.34 39.39 39.45 39.53 39.51 39.46 39.41 39.18 39.19 39.26 39.29 39.2 39.25 39.24 39.18 39.1 39.13 39.12 39.06 39.02 38.82 38.75 38.63 38.52 38.29 38.2 38.08 38.05 37.83 37.8 37.72 37.64 37.62 37.65
37.73 37.7 37.65 37.63 37.61 37.56 37.41 37.31 37 36.92 37.02 37.02 37.12 37.06 37.22 37.27 37.38 37.32 37.37 37.39 37.41 37.49 37.49 37.41 37.48 37.49 37.4 37.29 37.08 37.09 37.05 36.97 37.1 37.27 37.31 37.44 37.58 37.77 37.88 38.14 38.41 38.58 38.73 39 39 39.02 39.04 39.08 39.1 39.1 39.06 38.92 39.02 39.06 39.12 39.03 39.06 39.02 38.9 38.76 38.84 38.8 38.73 38.68 38.55 38.46 38.3 38.07 37.88 37.84 37.8 37.79 37.65 37.65 37.65 37.66 37.67 37.67
37.41 37.36 37.33 37.31 37.28 37.23 37.17 37.08 36.94 36.98 37.04 37.05 37.08 37.07 37.13 37.13 37.16 37.12 37.15 37.17 37.17 37.17 37.17 37.19 37.22 37.21 37.19 37.09 37.08 37.1 37.1 37.08 37.05 37 37.01 37.18 37.39 37.56 37.57 37.6 37.8 37.95 38.15 38.51 38.62 38.57 38.58 38.61 38.65 38.66 38.72 38.78 38.89 38.88 38.81 38.76 38.73 38.71 38.58 38.41 38.41 38.41 38.27 38.2 38.1 38.08 37.95 37.77 37.66 37.66 37.7 37.7 37.66 37.65 37.66 37.67 37.65 37.64
37.11 37.09 37.08 37.08 37.06 37.03 37.01 36.98 36.93 36.96 36.98 36.99 37.02 37.08 37.06 37.04 37.04 37.07 37.09 37.11 37.14 37.14 37.12 37.13 37.12 37.1 37.09 37.02 37.08 37.1 37.1 37.1 37.1 37.05 37.02 37.12 37.22 37.26 37.27 37.15 37.15 37.34 37.42 37.8 38.24 38.24 38.21 38.21 38.22 38.25 38.38 38.48 38.46 38.44 38.4 38.4 38.32 38.25 38.16 38.06 38.04 38.06 37.97 37.91 37.83 37.8 37.75 37.68 37.62 37.64 37.67 37.66 37.65 37.62 37.6 37.58 37.56 37.54
37.08 37.05 37.05 37.06 37.02 36.99 36.96 36.98 36.96 36.91 36.91 36.92 36.93 36.98 36.98 36.96 36.96 37.01 37.07 37.11 37.11 37.12 37.13 37.16 37.11 37.07 37.06 37.01 37.09 37.1 37.09 37.09 37.11 37.12 37.1 37.1 37.12 37.12 37.06 37.04 37.07 37.11 37.15 37.45 37.73 37.79 37.91 37.95 38.01 38.03 38.07 38.12 38.03 38.04 38.03 38.04 38 37.97 37.96 37.97 37.93 37.93 37.91 37.83 37.76 37.72 37.68 37.63 37.61 37.57 37.54 37.51 37.5 37.46 37.38 37.38 37.35 37.34
37.1 37.11 37.09 37.09 37.05 37.01 36.97 37 37 36.92 36.89 36.89 36.9 36.91 36.92 36.92 36.86 36.86 36.92 37.04 37.09 37.1 37.11 37.15 37.08 36.96 37.02 37.05 37.08 37.09 37.09 37.09 37.11 37.12 37.12 37.1 37.03 36.97 36.99 37.06 37.09 37.09 37.12 37.18 37.19 37.27 37.45 37.34 37.49 37.59 37.75 37.83 37.91 37.9 37.77 37.74 37.76 37.77 37.89 38.06 37.98 37.96 37.92 37.76 37.69 37.64 37.57 37.52 37.47 37.39 37.29 37.23 37.23 37.18 37.12 37.16 37.14 37.15
37.1 37.13 37.11 37.1 37.06 37.01 36.98 37.01 37.04 36.97 36.9 36.89 36.88 36.9 36.93 36.93 36.83 36.74 36.77 36.9 37.1 37.12 37.13 37.17 37.11 36.95 36.99 37.08 37.09 37.08 37.08 37.07 37.06 37.06 37.08 37.05 36.95 36.94 36.99 37.1 37.12 37.13 37.08 36.99 36.9 36.91 37 37.03 37.14 37.23 37.45 37.61 37.86 37.84 37.54 37.48 37.5 37.53 37.72 37.97 37.9 37.83 37.77 37.57 37.53 37.41 37.36 37.29 37.23 37.1 37.08 37.12 37.15 37.2 37.16 37.13 37.09 37.1
37.1 37.12 37.12 37.11 37.06 37.02 36.98 37.03 37.08 37.01 36.95 36.91 36.87 36.89 36.91 36.95 36.82 36.82 36.9 37.09 37.16 37.14 37.16 37.17 37.17 37.02 37.04 37.12 37.1 37.08 37.09 37.01 37 37.05 37.08 37.11 36.94 36.99 37.09 37.14 37.17 37.15 37.06 36.92 36.82 36.78 36.8 36.96 36.97 37 37.2 37.42 37.66 37.68 37.35 37.28 37.3 37.32 37.44 37.61 37.54 37.43 37.39 37.33 37.25 37.09 37.14 37.19 37.16 37.1 37.09 37.12 37.16 37.21 37.22 37.17 37.11 37.16
37.1 37.1 37.1 37.1 37.07 37.03 36.99 37.04 37.12 37.06 37.04 36.96 36.88 36.93 36.96 37.01 36.84 36.96 37.03 37.14 37.12 37.09 37.11 37.11 37.16 37.15 37.14 37.14 37.09 37.05 37.09 37.11 37.11 37.11 37.11 37.14 37.04 37.08 37.13 37.15 37.16 37.14 37.06 36.91 36.81 36.76 36.78 36.83 36.81 36.81 36.94 37.23 37.41 37.49 37.27 37.22 37.23 37.23 37.18 37.24 37.21 37.15 37.16 37.21 37.18 37.11 37.13 37.17 37.17 37.12 37.09 37.13 37.16 37.19 37.11 37.19 37.17 37.22
37.09 37.08 37.08 37.09 37.09 37.04 37 37.06 37.16 37.12 37.09 37.03 36.99 37.02 37.04 37.04 36.9 37.07 37.08 37.1 37.08 37.02 37.02 37.07 37.18 37.18 37.14 37.03 36.9 36.88 36.92 37.06 37.15 37.13 37.12 37.13 37.11 37.1 37.11 37.13 37.13 37.13 37.08 36.97 36.86 36.79 36.76 36.74 36.77 36.77 36.72 36.99 37.13 37.26 37.27 37.26 37.26 37.21 37.15 37.09 37.09 37.1 37.11 37.15 37.15 37.12 37.13 37.16 37.18 37.15 37.09 37.13 37.15 37.17 37.14 37.14 37.15 37.18
37.05 37.04 37.07 37.09 37.09 37.02 37.01 37.07 37.2 37.18 37.16 37.13 37.09 37.08 37.08 37.05 37 37.05 37.05 37.04 37.01 36.97 36.98 37.09 37.11 37.07 37.02 36.91 36.85 36.86 36.9 37.04 37.12 37.11 37.12 37.1 37.1 37.09 37.11 37.13 37.13 37.14 37.12 37.08 37.02 36.93 36.85 36.89 36.93 36.91 36.82 36.83 36.9 37.08 37.22 37.26 37.24 37.18 37.12 37.06 37.05 37.05 37.06 37.09 37.14 37.15 37.13 37.16 37.17 37.16 37.09 37.11 37.1 37.12 37.13 37.12 37.14 37.14
36.98 37.06 37.09 37.12 37.08 37.01 37.01 37.11 37.18 37.14 37.12 37.12 37.13 37.13 37.09 37.04 37.05 37.01 37.07 37.02 37.02 36.96 37.01 37.11 37.03 37.01 36.97 36.91 36.94 36.96 37.04 37.12 37.11 37.11 37.12 37.05 37.04 37.07 37.12 37.13 37.12 37.12 37.11 37.15 37.14 37.09 37.05 37.06 37.07 37.02 37 37.01 37.01 37.04 37.15 37.26 37.22 37.15 37.08 37.02 37.01 37.01 37.01 37.03 37.1 37.17 37.15 37.16 37.16 37.14 37.1 37.09 37.07 37.09 37.11 37.12 37.14 37.13
37.03 37.11 37.12 37.12 37.08 37.04 37.04 37.12 37.15 37.12 37.1 37.07 36.97 36.94 36.89 36.85 36.97 36.98 37.04 36.99 36.94 36.95 37.06 37.07 36.97 37.01 37.02 36.96 37 37.02 37.11 37.14 37.13 37.12 37.11 36.97 36.92 36.99 37.06 37.11 37.13 37.12 37.12 37.15 37.11 37.12 37.16 37.12 37.09 37.06 37.07 37.07 37.06 37.09 37.2 37.29 37.23 37.12 37.05 36.98 36.97 36.95 36.93 36.94 37 37.12 37.17 37.17 37.15 37.11 37.09 37.08 37.06 37.09 37.11 37.12 37.13 37.12
37.1 37.12 37.12 37.1 37.1 37.07 37.07 37.12 37.12 37.07 37.03 36.93 36.79 36.73 36.7 36.7 36.81 36.9 36.95 36.9 36.73 36.84 37.08 37.05 36.93 36.99 37.06 37.02 37.03 37.03 37.09 37.13 37.13 37.13 37.07 36.9 36.78 36.83 36.98 37.06 37.05 37.04 37.09 37.16 37.13 37.13 37.13 37.07 37.05 37.04 37.09 37.11 37.11 37.15 37.22 37.24 37.19 37.11 36.98 36.92 36.9 36.89 36.9 36.95 37.02 37.14 37.18 37.16 37.12 37.08 37.07 37.06 37.06 37.09 37.11 37.12 37.12 37.11
37.13 37.11 37.09 37.04 37.07 37.09 37.1 37.1 37.01 36.97 36.92 36.79 36.7 36.67 36.67 36.73 36.76 36.81 36.83 36.76 36.57 36.71 37.04 37.07 36.95 37.02 37.09 37.1 37.11 37.11 37.11 37.12 37.12 37.11 37.02 36.85 36.76 36.79 36.94 36.99 36.98 36.95 37.05 37.16 37.14 37.14 37.1 37.01 36.98 36.98 37.03 37.07 37.03 36.98 36.98 37.02 37.05 37.06 36.98 36.88 36.85 36.87 36.94 37.01 37.11 37.18 37.17 37.14 37.1 37.06 37.03 37.03 37.04 37.09 37.11 37.12 37.12 37.1
37.13 37.12 37.08 37.04 37.06 37.1 37.09 37.03 36.95 36.96 36.89 36.75 36.71 36.7 36.7 36.84 36.91 36.86 36.77 36.68 36.59 36.68 36.98 37.09 37.08 37.11 37.09 37.16 37.16 37.11 37.11 37.13 37.11 37.01 36.87 36.84 36.81 36.8 36.95 37.05 37 36.93 37.02 37.16 37.15 37.12 37.02 36.91 36.88 36.86 36.9 36.93 36.89 36.83 36.83 36.89 36.94 37.04 37.02 36.94 36.88 36.94 37.05 37.09 37.17 37.18 37.15 37.13 37.07 37.03 37 36.99 37.02 37.09 37.11 37.11 37.1 37.09
37.11 37.08 37.06 37.05 37.08 37.08 37.06 37.01 36.98 37.05 36.97 36.82 36.78 36.77 36.71 36.88 37.06 37.03 36.94 36.88 36.74 36.78 36.92 37.08 37.11 37.1 37.04 37.09 37.13 37.07 37.1 37.14 37.14 37.01 36.82 36.77 36.76 36.79 36.94 37.02 36.99 36.97 37.08 37.12 37.09 37.01 36.92 36.83 36.79 36.75 36.78 36.78 36.78 36.79 36.84 36.9 36.95 37.03 37.07 37.04 37 37.05 37.14 37.16 37.19 37.16 37.14 37.11 37.06 37.01 36.97 36.96 37 37.09 37.11 37.11 37.09 37.07
36.97 37 37 37.04 37.1 37.04 37.06 37.07 37.01 37.08 37.05 36.93 36.84 36.8 36.73 36.85 37.12 37.09 37.06 37.08 36.91 36.92 36.93 36.96 37.09 37.12 37.08 37 36.97 37.03 37.11 37.13 37.13 37.05 36.83 36.85 36.88 36.98 37.05 37.08 37.07 37.05 37.07 36.98 36.96 36.9 36.83 36.76 36.73 36.68 36.69 36.73 36.77 36.82 36.87 36.92 36.98 37.05 37.1 37.1 37.12 37.15 37.2 37.19 37.17 37.15 37.13 37.1 37.04 36.99 36.95 36.94 36.97 37.09 37.1 37.09 37.08 37.06
36.84 36.98 36.99 37.06 37.13 37.08 37.1 37.12 37.01 37.03 37.06 36.94 36.83 36.8 36.73 36.81 37.1 37.1 37.13 37.16 37.03 37.05 37.05 36.99 37.13 37.13 37.11 37.04 37.04 37.07 37.12 37.12 37.12 37.12 36.99 36.98 37.02 37.08 37.12 37.14 37.12 37.08 37.02 36.89 36.88 36.84 36.77 36.72 36.67 36.6 36.67 36.77 36.82 36.85 36.88 36.92 37 37.06 37.08 37.09 37.15 37.2 37.19 37.18 37.16 37.14 37.12 37.09 37.03 36.98 36.94 36.92 36.95 37.09 37.09 37.08 37.07 37.06
36.94 37.02 37.05 37.1 37.15 37.15 37.13 37.11 37.05 37.07 37.12 36.98 36.83 36.79 36.72 36.77 37.04 37.07 37.13 37.13 37.08 37.1 37.1 37.07 37.11 37.1 37.11 37.11 37.12 37.12 37.12 37.1 37.11 37.13 37.1 36.98 37.01 37.07 37.13 37.12 37.08 37.01 36.94 36.92 36.89 36.86 36.78 36.7 36.64 36.57 36.77 36.81 36.87 36.88 36.92 36.95 37.02 37.05 37.05 37.07 37.12 37.16 37.17 37.17 37.15 37.13 37.11 37.08 37.02 36.97 36.93 36.89 36.88 36.98 37.02 37.07 37.06 37.05
37.03 37.05 37.09 37.14 37.12 37.12 37.13 37.16 37.11 37.13 37.15 37.08 36.88 36.81 36.73 36.77 37 37.04 37.08 37.05 36.96 37.04 37.09 37.08 37.09 37.1 37.09 37.12 37.13 37.13 37.11 37.11 37.12 37.1 37.08 36.85 36.9 37.01 37.09 37.09 37.03 36.92 36.85 36.93 36.94 36.97 36.9 36.78 36.69 36.62 36.87 36.88 36.9 36.9 36.94 36.97 37.02 37.02 37.03 37.05 37.09 37.12 37.15 37.15 37.14 37.12 37.1 37.06 37 36.95 36.9 36.79 36.73 36.8 36.87 37.02 37.05 37.04
37.12 37.11 37.1 37.12 37.13 37.14 37.14 37.12 37.09 37.11 37.14 37.12 37 36.86 36.72 36.83 37.08 37.01 36.99 37.07 37.04 37.07 37.12 37.1 37.1 37.11 37.09 37.11 37.12 37.1 37.07 37.08 37.08 37.06 36.94 36.76 36.82 36.95 37.08 37.09 37.03 36.94 36.95 36.96 36.97 36.99 37.02 36.98 36.85 36.84 36.98 36.94 36.91 36.92 36.97 36.98 37 37.01 37.02 37.02 37.06 37.08 37.11 37.12 37.12 37.11 37.09 37.06 36.98 36.88 36.8 36.68 36.72 36.74 36.79 36.97 37.05 37.04
37.08 37.1 37.13 37.1 37.08 37.07 37.1 37.08 37.07 37.1 37.11 37.1 36.96 36.87 36.74 36.84 36.97 36.94 36.99 37.11 37.13 37.12 37.14 37.13 37.13 37.09 37.1 37.11 37.11 37.05 36.99 36.97 36.98 36.98 36.76 36.76 36.84 37.02 37.17 37.14 37.08 36.96 36.97 36.97 37 37.02 37.03 37.04 37.01 37.04 37.13 37.09 36.99 36.93 36.97 36.97 36.98 36.99 36.99 37 37.03 37.03 37.03 37.06 37.1 37.09 37.08 37.07 36.99 36.81 36.75 36.72 36.8 36.77 36.79 36.93 37.05 37.05
37.14 37.13 37.11 37.09 37.06 37.07 37.06 37.07 37.09 37.11 37.09 37.07 37.01 36.93 36.85 36.86 36.89 36.92 37.05 37.14 37.13 37.12 37.13 37.13 37.12 37.03 37.1 37.11 37.1 37.03 36.95 36.92 36.95 36.9 36.75 36.85 36.94 37.12 37.26 37.19 37.11 36.97 36.98 36.99 37.02 37.04 37.06 37.07 37.08 37.09 37.08 37.05 37 36.95 36.94 36.94 36.94 36.93 36.92 36.92 36.93 36.94 36.96 37.05 37.1 37.1 37.1 37.09 37.05 36.93 36.9 36.88 36.86 36.79 36.79 36.9 37.04 37.06
37.22 37.18 37.04 36.95 37 37.06 37.08 37.09 37.1 37.12 37.1 37.08 37.08 37.02 36.95 36.91 36.94 36.99 37.08 37.12 37.12 37.08 37.12 37.11 37.11 37.02 37.12 37.15 37.12 37.07 37.03 37 36.99 36.89 36.8 36.95 37.05 37.22 37.31 37.27 37.14 36.99 36.99 37 37.03 37.06 37.08 37.09 37.11 37.1 37.06 37.05 37.01 36.97 36.95 36.94 36.93 36.91 36.89 36.88 36.85 36.83 36.85 36.94 37.08 37.13 37.12 37.09 37.12 37.13 37.08 36.98 36.89 36.82 36.79 36.87 36.98 37.06
37.19 37.14 37 36.85 36.97 37.06 37.11 37.1 37.11 37.13 37.12 37.12 37.11 37.08 37 36.95 36.99 37.08 37.12 37.07 37.09 37.09 37.13 37.08 37.1 37.13 37.13 37.16 37.16 37.13 37.1 37.09 37.02 36.91 36.88 36.96 37.15 37.32 37.37 37.32 37.16 37 37.01 37.02 37.04 37.07 37.09 37.12 37.12 37.1 37.08 37.06 37.02 36.98 36.96 36.95 36.93 36.92 36.91 36.89 36.83 36.77 36.75 36.77 37.03 37.12 37.12 37.1 37.12 37.12 37.03 36.94 36.88 36.83 36.8 36.83 36.95 37.03
1.70141e38 1.70141e38 1.70141e38 1.70141e38 1.70141e38 1.70141e38 1.70141e38 1.70141e38 1.70141e38 1.70141e38 1.70141e38 1.70141e38 1.70141e38 1.70141e38 1.70141e38 1.70141e38 1.70141e38 1.70141e38 1.70141e38 1.70141e38 1.70141e38 1.70141e38 1.70141e38 1.70141e38 1.70141e38 1.70141e38 1.70141e38 1.70141e38 1.70141e38 1.70141e38 1.70141e38 1.70141e38 1.70141e38 1.70141e38 1.70141e38 1.70141e38 1.70141e38 1.70141e38 1.70141e38 1.70141e38 1.70141e38 1.70141e38 1.70141e38 1.70141e38 37.07 37.1 37.12 37.15 37.12 37.08 37.09 37.08 37.03 36.99 36.98 36.97 36.94 36.93 36.92 36.89 36.83 36.76 36.73 36.72 36.96 37.12 37.1 37.08 37.02 37.08 37.01 36.94 36.88 36.83 36.8 36.79 36.9 36.98
37.06 37.08 37.03 36.99 36.99 37.09 37.14 37.15 37.17 37.2 37.22 37.21 37.21 37.19 37.15 37.09 37.11 37.11 37.1 37.1 37.13 37.13 37.07 37.1 37.06 37.11 37.12 37.07 36.97 36.95 36.95 37.05 37.06 37.03 37.09 37.23 37.42 1.70141e38 1.70141e38 1.70141e38 1.70141e38 1.70141e38 1.70141e38 1.70141e38 1.70141e38 1.70141e38 1.70141e38 1.70141e38 1.70141e38 1.70141e38 1.70141e38 1.70141e38 1.70141e38 1.70141e38 1.70141e38 1.70141e38 1.70141e38 1.70141e38 1.70141e38 1.70141e38 1.70141e38 1.70141e38 1.70141e38 1.70141e38 1.70141e38 1.70141e38 1.70141e38 1.70141e38 1.70141e38 1.70141e38 1.70141e38 1.70141e38 1.70141e38 1.70141e38 1.70141e38 1.70141e38 1.70141e38 1.70141e38
37.09 37.13 37.12 37.09 37.09 37.11 37.12 37.14 37.16 37.2 37.21 37.21 37.21 37.19 37.16 37.13 37.13 37.1 37.08 37.09 37.12 37.13 37.12 37.11 37.09 37.12 37.11 37.04 36.92 36.87 36.88 37 37.09 37.12 37.2 37.35 37.52 37.59 37.53 37.41 37.23 37.09 37.07 37.1 37.12 37.15 37.18 37.21 37.09 37.05 37.09 37.09 37.04 37.02 37 36.99 36.97 36.95 36.94 36.89 36.81 36.75 36.68 36.76 36.98 37.08 37.09 37.1 37.1 37.09 37.06 37 36.95 36.91 36.86 36.86 36.87 36.89
37.16 37.17 37.14 37.12 37.14 37.07 37.07 37.13 37.11 37.09 37.1 37.11 37.12 37.14 37.14 37.14 37.1 37.09 37.08 37.08 37.11 37.09 37.08 37.07 37.13 37.15 37.09 36.98 36.83 36.75 36.77 36.92 37.11 37.23 37.34 37.5 37.67 37.64 37.56 37.42 37.24 37.11 37.09 37.11 37.13 37.17 37.21 37.2 37.07 37 37.07 37.09 37.05 37.03 37.01 36.99 36.97 36.96 36.95 36.89 36.8 36.74 36.69 36.79 37 37.08 37.09 37.09 37.09 37.08 37.05 37.01 36.97 36.93 36.88 36.88 36.91 36.93
37.14 37.15 37.11 37.11 37.15 37.11 37.08 37.08 37.04 36.98 36.98 36.99 37.01 37.04 37.07 37.08 37.09 37.09 37.08 37.08 37.1 37.09 37.11 37.12 37.23 37.25 37.18 37.04 36.85 36.72 36.75 36.9 37.14 37.32 37.44 37.61 37.75 37.68 37.58 37.44 37.26 37.12 37.11 37.13 37.16 37.19 37.24 37.19 37.04 36.98 37.06 37.09 37.06 37.04 37.02 37 36.99 36.97 36.95 36.88 36.78 36.71 36.71 36.83 37.01 37.07 37.08 37.08 37.08 37.07 37.04 37.01 36.97 36.95 36.92 36.92 36.95 36.97
37.13 37.12 37.11 37.11 37.14 37.11 37.08 37.05 36.98 36.88 36.87 36.89 36.9 36.93 36.97 37 37.09 37.1 37.08 37.08 37.11 37.18 37.25 37.28 37.38 37.43 37.43 37.32 37.11 36.97 36.98 37.1 37.25 37.42 37.55 37.71 37.82 37.7 37.59 37.45 37.27 37.13 37.12 37.15 37.18 37.23 37.27 37.18 37.02 36.95 37.04 37.09 37.07 37.05 37.03 37.01 37 36.98 36.95 36.87 36.75 36.69 36.75 36.88 37.02 37.06 37.07 37.06 37.06 37.04 37.02 36.98 36.96 36.95 36.93 36.95 36.97 36.98
37.12 37.11 37.12 37.12 37.13 37.12 37.07 37.02 36.92 36.82 36.79 36.79 36.76 36.78 36.83 36.92 37.09 37.11 37.09 37.08 37.13 37.32 37.42 37.46 37.55 37.64 37.72 37.69 37.54 37.49 37.49 37.51 37.47 37.55 37.65 37.82 37.86 37.72 37.61 37.46 37.28 37.15 37.14 37.16 37.22 37.27 37.29 37.16 37 36.93 37.01 37.1 37.07 37.05 37.04 37.02 37.01 36.99 36.94 36.84 36.73 36.72 36.78 36.92 37.02 37.05 37.05 37.04 37.03 37.01 36.99 36.97 36.96 36.96 36.93 36.94 36.96 36.98
37.13 37.12 37.13 37.14 37.14 37.12 37.08 37.06 36.94 36.8 36.75 36.73 36.65 36.67 36.72 36.87 37.09 37.13 37.12 37.1 37.17 37.5 37.67 37.67 37.77 37.86 37.93 37.99 37.9 37.9 37.91 37.82 37.68 37.68 37.77 37.92 37.9 37.78 37.66 37.49 37.3 37.16 37.15 37.19 37.26 37.3 37.29 37.14 36.97 36.9 36.99 37.1 37.09 37.07 37.05 37.04 37.01 36.99 36.92 36.79 36.72 36.76 36.8 36.95 37.02 37.03 37.04 37.03 37.01 36.99 36.97 36.97 36.98 36.98 36.93 36.93 36.95 36.96
