slabs/45.grd
DSAA
631 301
644520 645150
4947200 4947500
35.04 44.3
[rows 170 to 203 of 300, columns 312 to 389 of 631]
37.9 37.89 37.88 37.88 37.88 37.89 37.89 37.89 37.9 37.93 37.97 38.01 38.04 38.08 38.12 38.16 38.18 38.22 38.27 38.3 38.33 38.36 38.35 38.35 38.33 38.32 38.3 38.3 38.29 38.27 38.26 38.25 38.24 38.22 38.2 38.18 38.15 38.11 38.09 38.07 38.05 38.03 38.01 37.99 37.97 37.94 37.94 37.94 37.93 37.92 37.92 37.92 37.91 37.9 37.9 37.9 37.88 37.87 37.87 37.86 37.87 37.88 37.88 37.9 37.92 37.93 37.94 37.96 37.95 37.9 37.9 37.92 37.96 37.99 38.01 38.04 38.08 38.11
37.91 37.9 37.88 37.89 37.89 37.89 37.9 37.9 37.91 37.93 37.98 38.01 38.04 38.08 38.13 38.16 38.19 38.23 38.28 38.31 38.33 38.36 38.35 38.34 38.33 38.31 38.3 38.3 38.28 38.27 38.26 38.25 38.24 38.22 38.2 38.18 38.15 38.11 38.09 38.07 38.05 38.02 38 37.98 37.96 37.94 37.94 37.94 37.93 37.92 37.92 37.92 37.91 37.9 37.9 37.9 37.88 37.88 37.87 37.86 37.88 37.89 37.89 37.91 37.93 37.94 37.95 37.97 37.95 37.9 37.9 37.93 37.97 37.99 38.01 38.05 38.09 38.11
37.92 37.9 37.89 37.9 37.9 37.9 37.91 37.91 37.91 37.94 37.98 38.01 38.04 38.09 38.13 38.16 38.19 38.23 38.28 38.31 38.34 38.36 38.34 38.34 38.33 38.31 38.3 38.29 38.28 38.27 38.26 38.24 38.23 38.21 38.2 38.18 38.14 38.11 38.08 38.07 38.04 38.01 38 37.98 37.96 37.94 37.94 37.94 37.93 37.92 37.92 37.92 37.91 37.91 37.9 37.9 37.88 37.88 37.87 37.87 37.88 37.9 37.9 37.92 37.94 37.95 37.95 37.97 37.94 37.9 37.91 37.93 37.97 37.99 38.02 38.05 38.08 38.11
37.92 37.91 37.9 37.9 37.9 37.91 37.91 37.92 37.92 37.94 37.99 38.02 38.05 38.09 38.14 38.17 38.2 38.24 38.29 38.32 38.34 38.35 38.34 38.33 38.32 38.31 38.3 38.29 38.28 38.26 38.25 38.24 38.22 38.21 38.2 38.18 38.14 38.11 38.08 38.06 38.04 38.01 38 37.98 37.96 37.94 37.94 37.94 37.93 37.92 37.92 37.92 37.91 37.91 37.9 37.9 37.88 37.87 37.87 37.88 37.89 37.9 37.91 37.93 37.94 37.95 37.96 37.98 37.94 37.9 37.9 37.93 37.96 37.99 38.02 38.05 38.08 38.11
37.93 37.92 37.91 37.91 37.91 37.92 37.92 37.92 37.92 37.95 38 38.03 38.05 38.1 38.14 38.17 38.2 38.25 38.29 38.32 38.35 38.35 38.34 38.33 38.32 38.3 38.29 38.28 38.27 38.25 38.24 38.23 38.22 38.2 38.2 38.18 38.14 38.1 38.08 38.06 38.04 38.01 38 37.98 37.96 37.94 37.94 37.94 37.93 37.93 37.92 37.92 37.91 37.91 37.9 37.9 37.88 37.87 37.87 37.89 37.9 37.9 37.92 37.94 37.95 37.96 37.97 37.99 37.95 37.89 37.9 37.93 37.96 37.99 38.02 38.05 38.08 38.11
37.94 37.92 37.91 37.91 37.92 37.92 37.92 37.93 37.93 37.96 38 38.03 38.06 38.1 38.15 38.18 38.21 38.25 38.3 38.33 38.35 38.34 38.33 38.33 38.31 38.29 38.29 38.28 38.26 38.25 38.24 38.23 38.22 38.2 38.2 38.18 38.14 38.1 38.08 38.06 38.04 38.01 38 37.98 37.96 37.95 37.94 37.94 37.93 37.93 37.92 37.92 37.91 37.91 37.9 37.89 37.88 37.87 37.87 37.89 37.91 37.91 37.93 37.94 37.96 37.96 37.98 37.99 37.96 37.9 37.91 37.94 37.97 37.99 38.02 38.06 38.09 38.11
37.94 37.93 37.92 37.92 37.93 37.93 37.93 37.93 37.94 37.97 38.01 38.04 38.07 38.11 38.16 38.19 38.22 38.26 38.3 38.33 38.35 38.34 38.33 38.32 38.31 38.29 38.28 38.28 38.26 38.24 38.24 38.23 38.21 38.19 38.19 38.17 38.14 38.1 38.08 38.06 38.04 38.02 38 37.98 37.96 37.95 37.94 37.94 37.93 37.93 37.92 37.92 37.91 37.91 37.9 37.89 37.88 37.87 37.88 37.9 37.92 37.92 37.93 37.95 37.96 37.97 37.98 38 37.97 37.91 37.92 37.94 37.97 38 38.03 38.07 38.1 38.12
37.95 37.93 37.93 37.93 37.93 37.94 37.94 37.94 37.95 37.98 38.02 38.05 38.08 38.12 38.16 38.19 38.23 38.27 38.3 38.33 38.35 38.33 38.33 38.32 38.3 38.29 38.28 38.27 38.26 38.24 38.24 38.22 38.2 38.19 38.19 38.17 38.14 38.1 38.08 38.06 38.04 38.02 38 37.98 37.96 37.95 37.94 37.94 37.93 37.93 37.92 37.92 37.91 37.91 37.9 37.88 37.88 37.88 37.9 37.91 37.93 37.93 37.95 37.96 37.97 37.98 38 38.01 37.97 37.91 37.92 37.95 37.98 38 38.03 38.07 38.1 38.12
37.96 37.94 37.94 37.95 37.95 37.95 37.96 37.96 37.96 37.98 38.02 38.05 38.08 38.13 38.16 38.19 38.23 38.28 38.31 38.34 38.35 38.33 38.33 38.32 38.3 38.28 38.28 38.27 38.25 38.23 38.23 38.22 38.2 38.19 38.19 38.17 38.14 38.11 38.09 38.06 38.04 38.02 38 37.98 37.96 37.95 37.94 37.94 37.93 37.93 37.92 37.92 37.91 37.91 37.9 37.88 37.88 37.88 37.9 37.92 37.93 37.94 37.96 37.97 37.98 37.99 38.01 38.01 37.96 37.91 37.91 37.95 37.98 38 38.03 38.07 38.1 38.12
37.96 37.95 37.95 37.95 37.96 37.96 37.97 37.97 37.97 37.99 38.02 38.05 38.09 38.14 38.17 38.19 38.24 38.28 38.32 38.34 38.34 38.33 38.32 38.31 38.3 38.28 38.28 38.26 38.25 38.23 38.23 38.22 38.2 38.19 38.18 38.17 38.14 38.11 38.09 38.06 38.04 38.02 38 37.98 37.96 37.95 37.94 37.94 37.93 37.93 37.92 37.91 37.91 37.91 37.89 37.88 37.89 37.9 37.91 37.93 37.94 37.95 37.96 37.98 37.99 38 38.02 38.01 37.96 37.9 37.91 37.95 37.98 38 38.03 38.07 38.1 38.12
37.97 37.96 37.96 37.96 37.97 37.97 37.97 37.98 37.98 38 38.03 38.05 38.09 38.14 38.17 38.2 38.24 38.29 38.32 38.35 38.34 38.32 38.32 38.31 38.29 38.27 38.27 38.26 38.24 38.23 38.22 38.21 38.2 38.19 38.18 38.17 38.14 38.11 38.09 38.06 38.03 38.02 38 37.97 37.95 37.95 37.94 37.94 37.93 37.93 37.92 37.91 37.91 37.9 37.89 37.88 37.9 37.91 37.92 37.93 37.95 37.96 37.97 37.98 38 38.01 38.03 38.01 37.96 37.91 37.92 37.95 37.98 38 38.03 38.07 38.1 38.12
37.98 37.97 37.97 37.97 37.98 37.98 37.98 37.99 37.99 38.01 38.03 38.06 38.1 38.15 38.18 38.21 38.25 38.29 38.33 38.35 38.34 38.32 38.32 38.3 38.29 38.27 38.27 38.26 38.24 38.23 38.22 38.21 38.19 38.19 38.17 38.16 38.14 38.11 38.09 38.06 38.03 38.01 37.99 37.97 37.95 37.95 37.94 37.94 37.93 37.93 37.92 37.91 37.9 37.9 37.89 37.89 37.9 37.91 37.93 37.94 37.95 37.96 37.98 37.99 38.01 38.02 38.03 38 37.96 37.91 37.92 37.96 37.98 38.01 38.04 38.07 38.1 38.12
37.98 37.98 37.98 37.98 37.99 37.99 37.99 37.99 38 38.01 38.04 38.06 38.1 38.15 38.18 38.21 38.25 38.3 38.33 38.35 38.33 38.31 38.31 38.3 38.28 38.27 38.26 38.25 38.23 38.23 38.22 38.21 38.19 38.18 38.17 38.15 38.13 38.11 38.09 38.06 38.03 38.01 37.99 37.97 37.95 37.95 37.94 37.94 37.93 37.93 37.92 37.91 37.91 37.9 37.89 37.9 37.91 37.91 37.93 37.95 37.96 37.97 37.99 38 38.01 38.02 38.03 38 37.96 37.91 37.92 37.96 37.98 38.01 38.04 38.07 38.1 38.13
37.99 37.98 37.99 37.99 37.99 38 38 38 38.01 38.02 38.04 38.07 38.11 38.16 38.19 38.21 38.26 38.3 38.33 38.34 38.33 38.31 38.31 38.3 38.28 38.27 38.26 38.25 38.23 38.22 38.21 38.2 38.18 38.17 38.16 38.15 38.13 38.11 38.09 38.05 38.02 38.01 37.99 37.97 37.95 37.95 37.94 37.94 37.93 37.93 37.92 37.91 37.91 37.9 37.89 37.91 37.92 37.92 37.94 37.96 37.97 37.97 37.99 38.01 38.02 38.03 38.04 38.01 37.95 37.91 37.92 37.95 37.98 38.01 38.05 38.08 38.1 38.13
38 37.99 38 38 38 38.01 38.01 38.01 38.02 38.03 38.05 38.07 38.12 38.16 38.19 38.22 38.26 38.31 38.34 38.34 38.33 38.31 38.3 38.29 38.27 38.26 38.26 38.24 38.23 38.22 38.21 38.19 38.18 38.17 38.16 38.15 38.13 38.11 38.09 38.05 38.02 38.01 37.99 37.97 37.95 37.95 37.94 37.93 37.93 37.93 37.92 37.91 37.91 37.9 37.9 37.91 37.92 37.93 37.95 37.96 37.98 37.98 38 38.02 38.02 38.03 38.05 38.02 37.97 37.91 37.93 37.96 37.98 38.01 38.05 38.08 38.1 38.13
38.01 38 38 38 38.01 38.01 38.01 38.01 38.02 38.04 38.05 38.08 38.12 38.17 38.2 38.23 38.27 38.31 38.33 38.33 38.32 38.31 38.3 38.28 38.27 38.26 38.25 38.24 38.22 38.21 38.21 38.19 38.17 38.17 38.16 38.14 38.12 38.11 38.09 38.05 38.03 38.01 37.99 37.97 37.95 37.95 37.94 37.93 37.93 37.93 37.92 37.91 37.91 37.9 37.91 37.92 37.93 37.94 37.96 37.97 37.98 37.99 38.01 38.02 38.03 38.04 38.05 38.03 37.97 37.92 37.93 37.96 37.98 38.01 38.05 38.08 38.1 38.13
38.01 38 38 38.01 38.01 38.02 38.02 38.02 38.02 38.04 38.06 38.08 38.13 38.18 38.21 38.23 38.28 38.32 38.33 38.33 38.31 38.3 38.3 38.28 38.26 38.26 38.25 38.23 38.22 38.21 38.2 38.19 38.17 38.17 38.15 38.13 38.12 38.11 38.09 38.05 38.03 38.01 37.99 37.97 37.95 37.95 37.94 37.93 37.93 37.93 37.92 37.91 37.9 37.9 37.91 37.93 37.93 37.95 37.97 37.98 37.98 38 38.02 38.03 38.04 38.05 38.06 38.03 37.96 37.92 37.94 37.97 37.99 38.02 38.06 38.09 38.11 38.14
38.02 38.01 38.01 38.02 38.02 38.02 38.03 38.03 38.03 38.05 38.06 38.09 38.14 38.18 38.2 38.24 38.29 38.32 38.34 38.32 38.31 38.3 38.29 38.28 38.26 38.26 38.25 38.23 38.21 38.21 38.2 38.18 38.16 38.16 38.15 38.13 38.13 38.11 38.09 38.05 38.03 38.01 37.99 37.97 37.95 37.95 37.94 37.93 37.93 37.93 37.92 37.91 37.9 37.9 37.92 37.94 37.94 37.95 37.97 37.99 37.99 38.01 38.02 38.04 38.05 38.06 38.07 38.03 37.96 37.92 37.94 37.97 37.99 38.02 38.06 38.09 38.11 38.14
38.02 38.02 38.02 38.03 38.04 38.04 38.04 38.05 38.05 38.06 38.07 38.1 38.15 38.18 38.21 38.25 38.29 38.33 38.33 38.32 38.3 38.3 38.29 38.27 38.26 38.25 38.24 38.23 38.21 38.21 38.19 38.17 38.16 38.16 38.15 38.13 38.12 38.11 38.09 38.05 38.03 38.01 37.99 37.96 37.95 37.95 37.94 37.93 37.93 37.93 37.91 37.91 37.9 37.92 37.93 37.94 37.95 37.97 37.98 38 38.01 38.02 38.03 38.05 38.06 38.07 38.07 38.03 37.96 37.92 37.94 37.97 37.99 38.02 38.06 38.09 38.11 38.14
38.03 38.03 38.03 38.03 38.05 38.05 38.05 38.06 38.06 38.06 38.07 38.11 38.15 38.19 38.21 38.25 38.3 38.33 38.33 38.32 38.3 38.3 38.28 38.27 38.25 38.25 38.24 38.22 38.21 38.2 38.19 38.17 38.17 38.15 38.14 38.12 38.12 38.11 38.08 38.05 38.03 38.01 37.99 37.96 37.95 37.95 37.94 37.93 37.93 37.93 37.91 37.91 37.91 37.93 37.94 37.95 37.96 37.98 37.99 38 38.01 38.03 38.04 38.05 38.06 38.08 38.07 38.02 37.95 37.92 37.94 37.97 37.99 38.02 38.06 38.08 38.11 38.14
38.04 38.05 38.05 38.05 38.05 38.06 38.06 38.06 38.07 38.07 38.08 38.11 38.16 38.19 38.22 38.26 38.31 38.34 38.33 38.31 38.29 38.29 38.28 38.27 38.25 38.25 38.23 38.22 38.21 38.2 38.19 38.17 38.16 38.15 38.14 38.12 38.12 38.1 38.08 38.05 38.03 38.01 37.99 37.96 37.95 37.95 37.94 37.93 37.93 37.93 37.91 37.91 37.92 37.93 37.95 37.96 37.97 37.99 38 38.01 38.02 38.04 38.05 38.06 38.07 38.09 38.07 38.02 37.95 37.92 37.94 37.97 38 38.03 38.05 38.08 38.11 38.15
38.05 38.05 38.06 38.06 38.06 38.07 38.07 38.07 38.08 38.08 38.09 38.12 38.16 38.2 38.22 38.26 38.31 38.33 38.32 38.31 38.29 38.29 38.28 38.26 38.24 38.24 38.23 38.21 38.21 38.19 38.18 38.16 38.16 38.15 38.14 38.12 38.11 38.1 38.08 38.05 38.02 38 37.98 37.96 37.95 37.95 37.94 37.93 37.93 37.92 37.91 37.92 37.93 37.94 37.95 37.97 37.98 37.99 38.01 38.02 38.03 38.04 38.06 38.07 38.08 38.09 38.06 38.02 37.94 37.92 37.95 37.97 38 38.03 38.06 38.08 38.12 38.15
38.06 38.06 38.06 38.07 38.07 38.07 38.08 38.08 38.08 38.09 38.09 38.12 38.17 38.2 38.23 38.27 38.31 38.33 38.32 38.31 38.29 38.29 38.27 38.26 38.25 38.24 38.23 38.21 38.2 38.19 38.18 38.16 38.15 38.14 38.13 38.11 38.1 38.09 38.07 38.04 38.02 38 37.98 37.95 37.95 37.95 37.94 37.94 37.93 37.92 37.91 37.92 37.93 37.95 37.96 37.98 37.99 38 38.01 38.03 38.03 38.05 38.06 38.08 38.09 38.09 38.07 38.02 37.94 37.92 37.94 37.97 38 38.04 38.07 38.09 38.12 38.14
38.07 38.07 38.07 38.08 38.08 38.08 38.09 38.09 38.09 38.1 38.1 38.13 38.17 38.2 38.23 38.28 38.31 38.33 38.32 38.3 38.29 38.28 38.27 38.25 38.25 38.23 38.22 38.2 38.19 38.18 38.17 38.16 38.15 38.14 38.12 38.11 38.1 38.09 38.07 38.04 38.02 38 37.98 37.96 37.95 37.95 37.94 37.94 37.93 37.92 37.92 37.93 37.94 37.96 37.97 37.98 37.99 38.01 38.02 38.03 38.04 38.06 38.07 38.09 38.09 38.1 38.09 38.03 37.94 37.92 37.94 37.97 38 38.04 38.07 38.09 38.12 38.14
38.08 38.08 38.08 38.09 38.09 38.09 38.09 38.09 38.1 38.1 38.1 38.13 38.18 38.21 38.24 38.29 38.32 38.32 38.31 38.29 38.29 38.28 38.27 38.25 38.24 38.23 38.21 38.2 38.19 38.18 38.17 38.15 38.14 38.13 38.12 38.1 38.1 38.09 38.07 38.04 38.02 38 37.98 37.96 37.95 37.95 37.94 37.94 37.93 37.92 37.93 37.94 37.95 37.97 37.98 37.99 38 38.02 38.03 38.03 38.05 38.07 38.08 38.09 38.1 38.11 38.09 38.03 37.94 37.93 37.95 37.97 38 38.04 38.07 38.09 38.12 38.13
38.08 38.09 38.09 38.09 38.09 38.09 38.1 38.1 38.1 38.1 38.11 38.14 38.19 38.21 38.24 38.29 38.32 38.32 38.31 38.29 38.28 38.27 38.26 38.24 38.23 38.23 38.21 38.19 38.19 38.18 38.16 38.15 38.14 38.13 38.12 38.1 38.1 38.08 38.06 38.05 38.03 38 37.98 37.96 37.95 37.95 37.94 37.94 37.93 37.92 37.93 37.95 37.95 37.97 37.99 37.99 38 38.02 38.04 38.04 38.05 38.07 38.09 38.09 38.11 38.11 38.09 38.03 37.93 37.93 37.95 37.97 38 38.04 38.07 38.09 38.12 38.12
38.09 38.09 38.09 38.09 38.1 38.1 38.1 38.11 38.11 38.11 38.12 38.15 38.18 38.21 38.25 38.3 38.32 38.32 38.3 38.28 38.28 38.27 38.25 38.24 38.23 38.22 38.2 38.19 38.19 38.17 38.16 38.14 38.14 38.13 38.11 38.1 38.09 38.08 38.06 38.05 38.03 38 37.98 37.96 37.95 37.95 37.94 37.94 37.93 37.93 37.94 37.95 37.96 37.98 37.99 38 38.01 38.03 38.04 38.05 38.06 38.08 38.09 38.1 38.12 38.12 38.09 38.02 37.93 37.93 37.96 37.98 38.01 38.05 38.08 38.1 38.11 38.12
38.09 38.1 38.1 38.1 38.11 38.11 38.11 38.12 38.12 38.13 38.13 38.16 38.19 38.22 38.26 38.3 38.32 38.31 38.3 38.28 38.27 38.27 38.25 38.23 38.23 38.22 38.2 38.18 38.18 38.17 38.16 38.14 38.14 38.12 38.1 38.1 38.09 38.08 38.06 38.05 38.03 38 37.97 37.96 37.95 37.95 37.94 37.94 37.92 37.94 37.95 37.96 37.97 37.98 38 38.01 38.02 38.03 38.04 38.06 38.08 38.09 38.1 38.11 38.13 38.13 38.09 38.02 37.93 37.93 37.96 37.98 38.01 38.05 38.08 38.1 38.11 38.11
38.1 38.1 38.11 38.11 38.12 38.12 38.13 38.13 38.13 38.14 38.14 38.17 38.2 38.22 38.27 38.3 38.32 38.31 38.29 38.28 38.27 38.26 38.24 38.23 38.23 38.21 38.2 38.18 38.18 38.17 38.15 38.14 38.13 38.12 38.1 38.1 38.08 38.07 38.05 38.05 38.03 38 37.97 37.96 37.95 37.95 37.93 37.93 37.93 37.94 37.96 37.96 37.98 37.99 38.01 38.02 38.03 38.05 38.06 38.07 38.09 38.1 38.11 38.12 38.14 38.13 38.09 38.02 37.93 37.93 37.96 37.98 38.01 38.05 38.08 38.09 38.1 38.11
38.12 38.12 38.12 38.13 38.13 38.13 38.14 38.14 38.14 38.15 38.15 38.18 38.2 38.23 38.27 38.31 38.32 38.31 38.29 38.27 38.27 38.26 38.24 38.22 38.22 38.21 38.2 38.18 38.18 38.16 38.15 38.14 38.13 38.12 38.1 38.09 38.08 38.07 38.05 38.04 38.02 38 37.97 37.96 37.95 37.95 37.93 37.93 37.94 37.95 37.96 37.97 37.98 38 38.02 38.03 38.04 38.06 38.07 38.08 38.09 38.11 38.12 38.13 38.14 38.12 38.08 38.01 37.92 37.93 37.96 37.98 38.01 38.05 38.07 38.09 38.09 38.1
38.13 38.13 38.13 38.14 38.14 38.14 38.15 38.15 38.15 38.16 38.16 38.18 38.21 38.24 38.28 38.31 38.31 38.3 38.28 38.27 38.27 38.25 38.24 38.23 38.22 38.21 38.19 38.18 38.17 38.16 38.14 38.14 38.12 38.11 38.09 38.09 38.08 38.06 38.05 38.04 38.02 38 37.97 37.96 37.95 37.95 37.94 37.93 37.95 37.96 37.97 37.98 38 38.01 38.02 38.03 38.05 38.06 38.08 38.09 38.1 38.12 38.13 38.14 38.15 38.12 38.08 38.01 37.92 37.93 37.96 37.98 38.02 38.05 38.07 38.08 38.09 38.09
38.14 38.14 38.14 38.15 38.15 38.15 38.16 38.16 38.16 38.17 38.17 38.19 38.21 38.24 38.28 38.31 38.31 38.3 38.28 38.26 38.26 38.25 38.23 38.23 38.21 38.2 38.19 38.18 38.17 38.16 38.14 38.13 38.12 38.11 38.09 38.08 38.07 38.06 38.04 38.03 38.02 38 37.97 37.96 37.95 37.95 37.94 37.94 37.96 37.97 37.98 37.99 38.01 38.02 38.03 38.04 38.06 38.07 38.08 38.09 38.11 38.12 38.13 38.15 38.16 38.12 38.08 38 37.93 37.93 37.96 37.99 38.02 38.05 38.07 38.08 38.08 38.08
38.14 38.15 38.15 38.15 38.16 38.16 38.16 38.17 38.17 38.17 38.18 38.2 38.22 38.25 38.29 38.31 38.31 38.29 38.28 38.27 38.26 38.25 38.23 38.22 38.21 38.2 38.18 38.18 38.16 38.15 38.13 38.13 38.12 38.1 38.09 38.08 38.07 38.05 38.04 38.03 38.02 38 37.97 37.96 37.95 37.95 37.94 37.95 37.96 37.98 37.99 38 38.01 38.03 38.04 38.05 38.07 38.08 38.09 38.1 38.12 38.13 38.14 38.15 38.16 38.13 38.08 38 37.93 37.93 37.96 37.99 38.03 38.06 38.06 38.07 38.07 38.07
38.15 38.16 38.16 38.16 38.17 38.17 38.17 38.18 38.18 38.18 38.19 38.2 38.22 38.25 38.29 38.31 38.3 38.29 38.27 38.27 38.25 38.24 38.22 38.22 38.21 38.2 38.18 38.17 38.16 38.14 38.13 38.12 38.11 38.09 38.08 38.07 38.06 38.05 38.03 38.03 38.02 38 37.97 37.96 37.95 37.95 37.95 37.96 37.97 37.98 38 38.01 38.02 38.03 38.05 38.06 38.07 38.09 38.1 38.1 38.12 38.14 38.15 38.16 38.17 38.15 38.09 38 37.93 37.94 37.96 37.99 38.03 38.05 38.06 38.06 38.06 38.07
