slabs/45.grd
DSAA
631 301
644520 645150
4947200 4947500
35.04 44.3
[rows 68 to 101 of 300, columns 78 to 155 of 631]
43.98 44.02 43.93 43.64 43.31 42.92 42.44 42.02 41.63 41.11 40.53 40.17 39.84 39.7 39.68 39.65 39.59 39.58 39.59 39.59 39.6 39.65 39.64 39.6 39.51 39.44 39.44 39.45 39.46 39.48 39.49 39.5 39.51 39.52 39.54 39.55 39.56 39.57 39.58 39.59 39.58 39.55 39.55 39.54 39.53 39.51 39.49 39.48 39.52 39.61 39.65 39.68 39.72 39.75 39.77 39.8 39.84 39.87 39.89 39.92 39.93 39.89 39.78 39.62 39.54 39.52 39.51 39.51 39.5 39.5 39.49 39.48 39.47 39.47 39.46 39.44 39.44 39.43
43.65 43.77 43.7 43.34 42.97 42.53 42.04 41.69 41.32 40.77 40.18 39.83 39.61 39.57 39.62 39.62 39.56 39.54 39.55 39.55 39.59 39.65 39.67 39.66 39.58 39.48 39.43 39.44 39.45 39.47 39.48 39.49 39.5 39.51 39.53 39.53 39.54 39.56 39.57 39.58 39.56 39.54 39.53 39.52 39.51 39.5 39.49 39.48 39.55 39.62 39.66 39.69 39.73 39.76 39.78 39.81 39.85 39.88 39.9 39.93 39.87 39.78 39.67 39.56 39.52 39.52 39.51 39.51 39.5 39.5 39.49 39.47 39.47 39.46 39.46 39.44 39.44 39.43
43.15 43.3 43.26 43 42.64 42.16 41.63 41.3 40.93 40.4 39.88 39.59 39.43 39.43 39.52 39.57 39.52 39.51 39.52 39.53 39.58 39.63 39.66 39.66 39.61 39.52 39.45 39.44 39.45 39.46 39.47 39.47 39.48 39.5 39.52 39.52 39.53 39.55 39.56 39.57 39.55 39.53 39.53 39.52 39.5 39.5 39.48 39.47 39.57 39.64 39.67 39.7 39.74 39.77 39.79 39.82 39.86 39.89 39.91 39.9 39.77 39.67 39.58 39.54 39.52 39.52 39.52 39.5 39.5 39.5 39.49 39.47 39.47 39.46 39.46 39.45 39.44 39.44
42.77 42.76 42.68 42.52 42.23 41.82 41.25 40.85 40.39 40.03 39.71 39.5 39.33 39.32 39.41 39.47 39.48 39.47 39.48 39.51 39.57 39.61 39.63 39.64 39.63 39.57 39.52 39.49 39.45 39.45 39.46 39.46 39.47 39.49 39.51 39.51 39.52 39.54 39.56 39.57 39.54 39.53 39.52 39.51 39.49 39.49 39.47 39.48 39.6 39.66 39.68 39.71 39.75 39.78 39.8 39.83 39.87 39.9 39.91 39.82 39.66 39.58 39.55 39.53 39.53 39.52 39.52 39.5 39.5 39.5 39.49 39.47 39.47 39.46 39.45 39.46 39.47 39.49
42.4 42.32 42.22 42.12 41.91 41.51 40.91 40.52 40.11 39.87 39.64 39.47 39.33 39.31 39.35 39.37 39.42 39.44 39.46 39.5 39.55 39.57 39.58 39.6 39.61 39.6 39.58 39.54 39.48 39.44 39.45 39.45 39.47 39.49 39.5 39.51 39.52 39.53 39.54 39.55 39.53 39.52 39.51 39.5 39.48 39.48 39.46 39.5 39.62 39.67 39.69 39.72 39.76 39.78 39.81 39.84 39.87 39.89 39.86 39.73 39.59 39.55 39.54 39.53 39.53 39.53 39.52 39.5 39.5 39.5 39.48 39.45 39.45 39.46 39.47 39.5 39.52 39.53
42.03 41.96 41.87 41.76 41.56 41.16 40.6 40.27 39.95 39.78 39.65 39.55 39.42 39.37 39.35 39.31 39.37 39.41 39.44 39.47 39.51 39.52 39.53 39.55 39.57 39.58 39.58 39.56 39.51 39.46 39.44 39.45 39.46 39.48 39.49 39.5 39.51 39.52 39.53 39.54 39.52 39.51 39.5 39.49 39.48 39.47 39.45 39.53 39.64 39.68 39.7 39.73 39.77 39.8 39.83 39.86 39.88 39.87 39.78 39.64 39.56 39.55 39.54 39.54 39.53 39.53 39.52 39.5 39.5 39.49 39.45 39.45 39.46 39.47 39.51 39.52 39.53 39.52
41.56 41.54 41.5 41.38 41.16 40.81 40.32 40.09 39.88 39.76 39.68 39.64 39.54 39.43 39.34 39.29 39.34 39.39 39.41 39.44 39.47 39.49 39.5 39.52 39.54 39.56 39.57 39.55 39.54 39.48 39.44 39.44 39.45 39.47 39.48 39.49 39.5 39.51 39.53 39.54 39.51 39.5 39.49 39.48 39.47 39.46 39.45 39.57 39.66 39.69 39.72 39.75 39.79 39.81 39.84 39.85 39.85 39.81 39.68 39.59 39.56 39.55 39.55 39.54 39.53 39.53 39.52 39.49 39.48 39.46 39.44 39.47 39.49 39.51 39.52 39.52 39.51 39.49
40.98 41.07 41.11 40.98 40.73 40.48 40.2 40.02 39.86 39.73 39.67 39.66 39.59 39.47 39.34 39.3 39.33 39.37 39.4 39.42 39.44 39.46 39.47 39.49 39.51 39.53 39.54 39.55 39.53 39.5 39.47 39.44 39.44 39.46 39.47 39.48 39.49 39.5 39.52 39.53 39.5 39.49 39.48 39.47 39.46 39.45 39.46 39.6 39.68 39.7 39.73 39.76 39.8 39.82 39.84 39.8 39.74 39.68 39.61 39.57 39.56 39.56 39.55 39.53 39.53 39.53 39.5 39.47 39.45 39.45 39.47 39.5 39.52 39.52 39.51 39.49 39.49 39.48
40.46 40.58 40.63 40.54 40.31 40.18 40.11 39.99 39.86 39.71 39.65 39.63 39.56 39.47 39.38 39.35 39.33 39.35 39.37 39.39 39.41 39.43 39.44 39.46 39.48 39.5 39.51 39.52 39.52 39.5 39.51 39.46 39.44 39.45 39.46 39.47 39.48 39.5 39.51 39.52 39.5 39.48 39.47 39.46 39.45 39.44 39.5 39.63 39.69 39.71 39.74 39.78 39.8 39.82 39.82 39.72 39.63 39.6 39.58 39.57 39.57 39.56 39.55 39.53 39.52 39.5 39.47 39.45 39.45 39.48 39.51 39.51 39.51 39.5 39.48 39.48 39.47 39.47
40.2 40.25 40.27 40.24 40.1 40.02 39.99 39.95 39.88 39.75 39.67 39.6 39.47 39.36 39.34 39.38 39.32 39.32 39.35 39.36 39.38 39.4 39.41 39.43 39.45 39.46 39.47 39.49 39.5 39.49 39.49 39.5 39.45 39.44 39.45 39.46 39.47 39.49 39.5 39.51 39.49 39.48 39.46 39.45 39.44 39.44 39.55 39.65 39.7 39.72 39.75 39.79 39.81 39.81 39.76 39.65 39.6 39.59 39.58 39.57 39.57 39.56 39.54 39.52 39.49 39.46 39.45 39.47 39.49 39.51 39.51 39.5 39.49 39.47 39.47 39.47 39.47 39.47
40.2 40.18 40.17 40.21 40.19 40.04 39.96 39.92 39.89 39.78 39.68 39.53 39.34 39.21 39.28 39.39 39.31 39.3 39.31 39.33 39.35 39.37 39.38 39.4 39.42 39.43 39.44 39.46 39.48 39.48 39.47 39.48 39.47 39.44 39.44 39.45 39.47 39.48 39.49 39.5 39.48 39.47 39.45 39.44 39.43 39.46 39.6 39.68 39.71 39.73 39.76 39.79 39.81 39.79 39.68 39.61 39.59 39.59 39.58 39.57 39.57 39.56 39.52 39.47 39.45 39.45 39.48 39.5 39.51 39.5 39.48 39.47 39.47 39.47 39.47 39.47 39.46 39.46
40.27 40.24 40.2 40.23 40.33 40.2 40.05 39.98 39.91 39.75 39.59 39.36 39.18 39.14 39.19 39.26 39.27 39.28 39.28 39.3 39.32 39.34 39.35 39.37 39.38 39.4 39.41 39.43 39.45 39.46 39.46 39.46 39.47 39.46 39.44 39.45 39.46 39.46 39.47 39.48 39.46 39.45 39.44 39.42 39.41 39.49 39.63 39.69 39.72 39.74 39.77 39.79 39.78 39.71 39.63 39.6 39.6 39.59 39.58 39.57 39.56 39.53 39.48 39.45 39.46 39.48 39.49 39.49 39.49 39.47 39.47 39.47 39.47 39.46 39.46 39.46 39.46 39.47
40.32 40.32 40.3 40.29 40.43 40.43 40.39 40.23 39.98 39.7 39.55 39.38 39.12 39.07 39.11 39.17 39.27 39.29 39.28 39.28 39.29 39.3 39.32 39.33 39.35 39.36 39.37 39.4 39.41 39.43 39.43 39.43 39.44 39.45 39.44 39.44 39.45 39.45 39.46 39.47 39.45 39.45 39.43 39.42 39.43 39.53 39.65 39.7 39.73 39.75 39.77 39.75 39.71 39.64 39.61 39.6 39.6 39.59 39.57 39.53 39.5 39.47 39.46 39.46 39.48 39.49 39.48 39.47 39.47 39.47 39.46 39.46 39.46 39.46 39.47 39.47 39.47 39.5
40.35 40.41 40.39 40.38 40.5 40.6 40.61 40.4 40.08 39.85 39.77 39.62 39.23 39.1 39.12 39.22 39.32 39.33 39.32 39.3 39.29 39.29 39.3 39.31 39.32 39.33 39.33 39.35 39.37 39.38 39.38 39.4 39.41 39.41 39.42 39.43 39.44 39.45 39.46 39.46 39.45 39.44 39.42 39.42 39.45 39.57 39.66 39.71 39.74 39.76 39.76 39.71 39.64 39.62 39.61 39.6 39.6 39.58 39.53 39.48 39.46 39.46 39.47 39.49 39.48 39.48 39.47 39.47 39.46 39.46 39.47 39.48 39.48 39.48 39.5 39.51 39.48 39.47
40.36 40.48 40.5 40.5 40.58 40.65 40.65 40.47 40.17 39.94 39.88 39.76 39.42 39.27 39.24 39.29 39.38 39.39 39.38 39.35 39.33 39.34 39.34 39.33 39.33 39.32 39.31 39.31 39.33 39.33 39.35 39.37 39.39 39.39 39.4 39.42 39.43 39.44 39.45 39.45 39.45 39.43 39.41 39.43 39.49 39.6 39.68 39.72 39.74 39.76 39.74 39.66 39.63 39.62 39.61 39.59 39.57 39.54 39.49 39.46 39.45 39.47 39.48 39.48 39.47 39.46 39.47 39.47 39.47 39.48 39.52 39.55 39.54 39.51 39.49 39.48 39.45 39.44
40.37 40.52 40.58 40.61 40.65 40.64 40.58 40.45 40.26 40.08 40.03 39.89 39.57 39.38 39.28 39.35 39.46 39.48 39.47 39.44 39.42 39.42 39.41 39.39 39.36 39.34 39.33 39.31 39.31 39.31 39.32 39.34 39.36 39.37 39.38 39.39 39.41 39.43 39.44 39.45 39.44 39.42 39.4 39.44 39.53 39.63 39.69 39.72 39.74 39.74 39.68 39.64 39.63 39.62 39.59 39.56 39.53 39.49 39.47 39.46 39.47 39.47 39.47 39.47 39.47 39.48 39.5 39.52 39.54 39.56 39.58 39.58 39.55 39.49 39.45 39.43 39.43 39.46
40.32 40.49 40.57 40.64 40.63 40.56 40.48 40.41 40.33 40.25 40.21 40 39.72 39.54 39.4 39.4 39.51 39.56 39.55 39.52 39.5 39.49 39.47 39.44 39.41 39.39 39.38 39.35 39.33 39.31 39.31 39.32 39.33 39.33 39.35 39.36 39.37 39.4 39.42 39.44 39.43 39.41 39.39 39.47 39.58 39.65 39.7 39.72 39.72 39.69 39.65 39.63 39.62 39.59 39.55 39.51 39.48 39.46 39.47 39.47 39.47 39.47 39.47 39.49 39.51 39.54 39.58 39.61 39.61 39.6 39.54 39.49 39.45 39.42 39.43 39.44 39.46 39.49
40.24 40.43 40.53 40.62 40.57 40.48 40.4 40.38 40.38 40.38 40.34 40.13 39.88 39.73 39.61 39.47 39.53 39.6 39.6 39.58 39.56 39.55 39.53 39.5 39.47 39.45 39.43 39.41 39.39 39.37 39.35 39.32 39.31 39.32 39.32 39.33 39.34 39.36 39.41 39.44 39.45 39.41 39.39 39.51 39.62 39.67 39.7 39.71 39.7 39.67 39.63 39.61 39.59 39.55 39.5 39.47 39.46 39.46 39.47 39.47 39.48 39.5 39.53 39.56 39.59 39.63 39.63 39.62 39.57 39.5 39.44 39.41 39.41 39.44 39.46 39.47 39.5 39.52
40.23 40.45 40.56 40.6 40.52 40.46 40.4 40.43 40.45 40.45 40.44 40.31 40.02 39.84 39.75 39.55 39.51 39.61 39.64 39.63 39.63 39.62 39.6 39.57 39.54 39.52 39.51 39.48 39.46 39.45 39.42 39.39 39.37 39.36 39.34 39.34 39.35 39.37 39.46 39.52 39.58 39.47 39.42 39.55 39.64 39.68 39.69 39.7 39.68 39.64 39.57 39.54 39.51 39.49 39.47 39.46 39.46 39.47 39.49 39.5 39.53 39.58 39.62 39.65 39.65 39.64 39.56 39.5 39.46 39.41 39.42 39.43 39.45 39.47 39.49 39.5 39.53 39.55
40.41 40.63 40.7 40.62 40.53 40.5 40.47 40.52 40.52 40.47 40.56 40.49 40.15 39.95 39.86 39.64 39.51 39.61 39.65 39.65 39.65 39.64 39.64 39.64 39.63 39.63 39.63 39.62 39.61 39.59 39.56 39.53 39.5 39.48 39.45 39.44 39.45 39.51 39.59 39.64 39.68 39.6 39.53 39.61 39.67 39.68 39.66 39.65 39.62 39.58 39.5 39.47 39.46 39.46 39.47 39.48 39.49 39.52 39.57 39.6 39.63 39.66 39.67 39.67 39.61 39.51 39.44 39.4 39.4 39.42 39.44 39.45 39.48 39.5 39.52 39.53 39.56 39.58
40.62 40.82 40.81 40.71 40.59 40.54 40.52 40.56 40.55 40.53 40.68 40.65 40.3 40.08 39.96 39.7 39.51 39.57 39.65 39.66 39.66 39.66 39.66 39.65 39.65 39.65 39.65 39.65 39.64 39.64 39.63 39.62 39.61 39.6 39.59 39.6 39.62 39.67 39.7 39.7 39.71 39.71 39.69 39.73 39.73 39.7 39.63 39.58 39.55 39.49 39.46 39.46 39.46 39.48 39.51 39.53 39.57 39.62 39.67 39.69 39.7 39.67 39.58 39.53 39.47 39.41 39.39 39.4 39.43 39.45 39.47 39.49 39.51 39.53 39.55 39.57 39.59 39.61
40.63 40.83 40.8 40.76 40.59 40.47 40.48 40.55 40.57 40.6 40.74 40.75 40.46 40.26 40.09 39.82 39.53 39.51 39.64 39.67 39.67 39.67 39.67 39.66 39.66 39.66 39.66 39.67 39.66 39.66 39.67 39.67 39.67 39.68 39.68 39.7 39.71 39.73 39.74 39.73 39.72 39.75 39.78 39.79 39.77 39.72 39.59 39.53 39.49 39.46 39.47 39.49 39.5 39.55 39.61 39.65 39.68 39.71 39.71 39.69 39.63 39.54 39.46 39.41 39.4 39.41 39.42 39.43 39.46 39.49 39.5 39.52 39.54 39.56 39.58 39.6 39.62 39.64
40.57 40.77 40.74 40.69 40.46 40.32 40.4 40.55 40.6 40.64 40.69 40.73 40.54 40.38 40.23 39.96 39.64 39.51 39.64 39.68 39.68 39.68 39.69 39.68 39.68 39.68 39.68 39.69 39.7 39.7 39.69 39.7 39.7 39.69 39.69 39.69 39.69 39.73 39.74 39.74 39.74 39.75 39.76 39.76 39.74 39.68 39.54 39.49 39.48 39.49 39.54 39.58 39.61 39.66 39.71 39.73 39.75 39.69 39.61 39.55 39.49 39.42 39.4 39.4 39.41 39.44 39.45 39.46 39.49 39.52 39.53 39.55 39.57 39.59 39.61 39.62 39.64 39.65
40.54 40.73 40.71 40.58 40.36 40.25 40.36 40.53 40.56 40.55 40.57 40.62 40.57 40.53 40.4 40.1 39.82 39.61 39.66 39.69 39.69 39.7 39.71 39.7 39.7 39.69 39.69 39.7 39.71 39.71 39.69 39.68 39.67 39.66 39.64 39.64 39.66 39.71 39.73 39.74 39.75 39.75 39.74 39.74 39.72 39.65 39.54 39.51 39.55 39.6 39.65 39.68 39.72 39.75 39.74 39.71 39.65 39.55 39.49 39.44 39.4 39.39 39.4 39.42 39.44 39.47 39.48 39.5 39.52 39.54 39.56 39.57 39.59 39.61 39.62 39.64 39.65 39.66
40.56 40.7 40.68 40.57 40.36 40.26 40.36 40.51 40.56 40.55 40.56 40.54 40.55 40.59 40.54 40.29 40.05 39.83 39.71 39.69 39.69 39.69 39.69 39.69 39.69 39.68 39.67 39.66 39.66 39.66 39.64 39.62 39.61 39.6 39.6 39.59 39.62 39.69 39.73 39.75 39.74 39.76 39.75 39.73 39.73 39.71 39.63 39.62 39.66 39.71 39.75 39.77 39.77 39.71 39.63 39.58 39.51 39.43 39.39 39.39 39.4 39.41 39.43 39.45 39.47 39.49 39.51 39.53 39.55 39.57 39.58 39.59 39.61 39.62 39.63 39.65 39.66 39.67
40.57 40.67 40.66 40.58 40.41 40.32 40.39 40.51 40.55 40.59 40.58 40.53 40.59 40.65 40.69 40.5 40.35 40.09 39.81 39.69 39.67 39.66 39.66 39.65 39.65 39.64 39.63 39.62 39.61 39.6 39.6 39.59 39.59 39.58 39.57 39.57 39.61 39.72 39.74 39.75 39.74 39.75 39.76 39.75 39.7 39.72 39.71 39.73 39.76 39.78 39.76 39.72 39.67 39.58 39.51 39.46 39.4 39.38 39.39 39.39 39.42 39.45 39.46 39.48 39.5 39.52 39.54 39.55 39.56 39.58 39.59 39.6 39.62 39.64 39.64 39.65 39.67 39.68
40.54 40.57 40.59 40.57 40.46 40.4 40.41 40.49 40.53 40.61 40.63 40.63 40.68 40.76 40.81 40.68 40.54 40.25 39.91 39.69 39.64 39.64 39.63 39.62 39.61 39.61 39.6 39.59 39.59 39.58 39.57 39.57 39.56 39.56 39.55 39.56 39.62 39.72 39.74 39.75 39.73 39.75 39.77 39.77 39.71 39.77 39.8 39.82 39.8 39.73 39.67 39.61 39.53 39.45 39.4 39.38 39.38 39.4 39.42 39.43 39.46 39.48 39.49 39.51 39.52 39.54 39.55 39.56 39.58 39.6 39.6 39.61 39.63 39.64 39.65 39.66 39.67 39.69
40.53 40.52 40.49 40.51 40.45 40.41 40.42 40.47 40.51 40.59 40.68 40.73 40.74 40.83 40.86 40.72 40.55 40.28 39.94 39.68 39.62 39.61 39.6 39.6 39.59 39.59 39.58 39.57 39.57 39.56 39.55 39.55 39.54 39.53 39.55 39.59 39.64 39.73 39.76 39.74 39.73 39.75 39.76 39.74 39.7 39.78 39.8 39.77 39.7 39.6 39.53 39.48 39.41 39.38 39.37 39.39 39.41 39.43 39.45 39.46 39.48 39.5 39.51 39.52 39.53 39.55 39.56 39.57 39.58 39.6 39.61 39.62 39.63 39.65 39.66 39.67 39.69 39.7
40.55 40.52 40.47 40.44 40.39 40.37 40.42 40.49 40.54 40.61 40.73 40.74 40.72 40.83 40.84 40.65 40.46 40.26 39.94 39.69 39.61 39.59 39.58 39.57 39.57 39.56 39.56 39.55 39.54 39.53 39.53 39.52 39.52 39.53 39.58 39.63 39.68 39.73 39.75 39.74 39.74 39.75 39.75 39.72 39.67 39.7 39.69 39.63 39.55 39.47 39.42 39.4 39.38 39.38 39.39 39.42 39.44 39.46 39.47 39.48 39.49 39.51 39.52 39.53 39.54 39.56 39.57 39.58 39.59 39.6 39.61 39.63 39.64 39.65 39.66 39.68 39.69 39.7
40.56 40.54 40.51 40.39 40.32 40.35 40.46 40.57 40.64 40.71 40.76 40.71 40.71 40.82 40.82 40.57 40.3 40.14 39.89 39.72 39.62 39.57 39.56 39.55 39.54 39.54 39.53 39.53 39.52 39.51 39.5 39.5 39.5 39.55 39.63 39.67 39.69 39.73 39.73 39.72 39.73 39.73 39.74 39.72 39.63 39.53 39.47 39.45 39.42 39.39 39.37 39.38 39.4 39.41 39.42 39.44 39.45 39.47 39.47 39.49 39.5 39.51 39.52 39.54 39.55 39.56 39.57 39.59 39.6 39.61 39.62 39.64 39.65 39.66 39.67 39.69 39.7 39.71
40.6 40.58 40.58 40.38 40.24 40.37 40.55 40.62 40.66 40.72 40.71 40.67 40.71 40.84 40.77 40.43 40.09 39.92 39.82 39.73 39.63 39.55 39.53 39.53 39.52 39.52 39.51 39.5 39.5 39.49 39.48 39.48 39.52 39.59 39.65 39.67 39.69 39.72 39.74 39.73 39.73 39.7 39.66 39.62 39.5 39.38 39.34 39.34 39.36 39.38 39.38 39.39 39.41 39.42 39.43 39.44 39.46 39.47 39.48 39.49 39.51 39.52 39.53 39.54 39.56 39.57 39.58 39.59 39.61 39.62 39.63 39.64 39.66 39.67 39.67 39.69 39.71 39.72
40.7 40.7 40.72 40.47 40.26 40.42 40.61 40.64 40.67 40.72 40.65 40.65 40.73 40.84 40.8 40.53 40.1 39.8 39.76 39.73 39.65 39.54 39.51 39.5 39.5 39.49 39.49 39.48 39.47 39.47 39.48 39.5 39.55 39.61 39.64 39.65 39.67 39.71 39.76 39.76 39.74 39.65 39.54 39.46 39.35 39.33 39.34 39.35 39.37 39.38 39.39 39.4 39.42 39.43 39.44 39.45 39.47 39.48 39.49 39.5 39.52 39.53 39.53 39.55 39.57 39.58 39.59 39.6 39.62 39.63 39.63 39.65 39.67 39.67 39.68 39.7 39.72 39.72
40.91 40.89 40.84 40.61 40.44 40.58 40.65 40.62 40.64 40.67 40.58 40.56 40.64 40.83 40.83 40.56 40.13 39.72 39.68 39.71 39.66 39.54 39.49 39.48 39.48 39.46 39.46 39.45 39.45 39.46 39.5 39.53 39.57 39.6 39.62 39.63 39.68 39.73 39.75 39.75 39.74 39.6 39.48 39.39 39.33 39.34 39.35 39.36 39.37 39.39 39.4 39.41 39.42 39.44 39.45 39.46 39.47 39.49 39.49 39.51 39.52 39.54 39.54 39.56 39.57 39.59 39.59 39.61 39.62 39.63 39.64 39.66 39.67 39.68 39.69 39.71 39.73 39.73
41 40.96 40.78 40.62 40.56 40.64 40.65 40.57 40.57 40.59 40.52 40.46 40.48 40.72 40.74 40.52 40.11 39.64 39.58 39.64 39.63 39.54 39.47 39.46 39.45 39.43 39.42 39.42 39.44 39.47 39.51 39.53 39.56 39.6 39.63 39.66 39.71 39.75 39.74 39.73 39.72 39.6 39.52 39.4 39.34 39.35 39.36 39.37 39.38 39.4 39.41 39.42 39.43 39.45 39.46 39.47 39.48 39.49 39.5 39.52 39.53 39.54 39.55 39.57 39.58 39.59 39.6 39.62 39.63 39.64 39.65 39.66 39.68 39.69 39.7 39.72 39.73 39.74
