slabs/45.grd
DSAA
631 301
644520 645150
4947200 4947500
35.04 44.3
[rows 0 to 33 of 300, columns 234 to 311 of 631]
40.03 39.97 40 40.07 40.13 40.17 40.23 40.3 40.32 40.26 40.17 40.1 40.08 40.04 40.01 39.99 39.97 39.96 39.96 39.93 39.92 39.92 39.92 39.93 39.94 39.97 40.03 40.04 39.96 39.9 39.81 39.75 39.72 39.7 39.71 39.68 39.61 39.51 39.41 39.36 39.42 39.52 39.52 39.5 39.49 39.49 39.48 39.48 39.49 39.5 39.52 39.51 39.49 39.48 39.48 39.5 39.54 39.52 39.47 39.41 39.41 39.39 39.4 39.42 39.44 39.48 39.5 39.52 39.43 39.32 39.27 39.19 39.07 39.02 39.14 39.19 39.19 39.19
40.03 40 40 40.09 40.16 40.22 40.28 40.34 40.36 40.28 40.17 40.08 40.04 40.02 40.04 40 39.95 39.92 39.92 39.94 39.95 39.93 39.9 39.88 39.88 39.89 40.01 40.06 39.96 39.86 39.78 39.73 39.69 39.7 39.76 39.76 39.65 39.49 39.38 39.34 39.4 39.51 39.55 39.53 39.53 39.52 39.49 39.48 39.49 39.5 39.51 39.51 39.49 39.47 39.46 39.43 39.43 39.4 39.37 39.32 39.33 39.32 39.31 39.32 39.38 39.48 39.51 39.49 39.38 39.31 39.29 39.25 39.17 39.15 39.2 39.19 39.16 39.15
40.05 40.02 40.01 40.09 40.15 40.22 40.3 40.36 40.37 40.29 40.18 40.09 40.06 40.07 40.09 40.02 39.97 39.91 39.89 39.92 39.93 39.91 39.84 39.8 39.78 39.79 39.94 39.96 39.87 39.76 39.68 39.63 39.62 39.76 39.89 39.96 39.84 39.62 39.5 39.45 39.43 39.5 39.57 39.57 39.58 39.54 39.52 39.49 39.48 39.5 39.51 39.5 39.48 39.44 39.42 39.38 39.32 39.29 39.26 39.23 39.27 39.28 39.25 39.25 39.34 39.42 39.44 39.43 39.32 39.31 39.32 39.34 39.31 39.3 39.25 39.15 39.1 39.1
40.05 40.03 40.01 40.07 40.12 40.16 40.23 40.31 40.34 40.25 40.16 40.15 40.15 40.17 40.13 40.06 40 39.91 39.86 39.87 39.88 39.86 39.78 39.71 39.68 39.71 39.86 39.85 39.78 39.67 39.6 39.58 39.66 39.92 40.08 40.09 39.93 39.71 39.59 39.57 39.53 39.55 39.58 39.6 39.58 39.55 39.54 39.51 39.48 39.49 39.5 39.48 39.45 39.41 39.38 39.33 39.24 39.18 39.16 39.17 39.24 39.28 39.27 39.27 39.31 39.29 39.29 39.33 39.23 39.26 39.31 39.36 39.35 39.29 39.21 39.1 39.05 39.05
40.04 40.03 40.01 40.01 40.01 40.02 40.09 40.18 40.23 40.19 40.17 40.19 40.21 40.22 40.14 40.07 40 39.91 39.85 39.83 39.83 39.8 39.73 39.65 39.63 39.69 39.82 39.8 39.71 39.62 39.61 39.62 39.8 40 40.06 40.04 39.94 39.78 39.64 39.61 39.59 39.59 39.61 39.64 39.59 39.54 39.56 39.53 39.49 39.45 39.43 39.43 39.4 39.36 39.33 39.27 39.19 39.13 39.11 39.16 39.25 39.29 39.28 39.26 39.23 39.17 39.2 39.23 39.12 39.16 39.24 39.31 39.33 39.26 39.17 39.05 39.02 39.05
40.04 40.01 40 39.94 39.87 39.87 39.94 40.05 40.12 40.15 40.17 40.16 40.15 40.16 40.11 40.05 39.97 39.89 39.85 39.82 39.79 39.75 39.71 39.65 39.59 39.69 39.79 39.77 39.72 39.67 39.65 39.67 39.8 39.93 39.95 39.92 39.9 39.8 39.69 39.64 39.61 39.61 39.63 39.66 39.62 39.55 39.59 39.6 39.52 39.41 39.34 39.35 39.35 39.33 39.3 39.22 39.17 39.14 39.13 39.2 39.28 39.29 39.26 39.19 39.16 39.16 39.23 39.19 39.05 39.05 39.15 39.24 39.29 39.25 39.16 39.03 39.04 39.11
40.03 40.01 39.99 39.89 39.79 39.78 39.88 40 40.06 40.12 40.14 40.11 40.07 40.08 40.09 40.08 39.98 39.91 39.87 39.83 39.78 39.74 39.7 39.65 39.6 39.66 39.78 39.82 39.78 39.7 39.64 39.67 39.77 39.83 39.84 39.82 39.82 39.74 39.66 39.61 39.58 39.59 39.61 39.63 39.57 39.53 39.55 39.58 39.52 39.39 39.34 39.32 39.36 39.38 39.33 39.23 39.17 39.15 39.15 39.22 39.29 39.3 39.26 39.19 39.18 39.21 39.29 39.23 39.15 39.14 39.21 39.23 39.25 39.24 39.16 39.07 39.1 39.18
40.02 40.01 40 39.9 39.79 39.76 39.89 39.98 40.02 40.07 40.1 40.07 39.94 40 40.07 40.08 40.06 39.96 39.9 39.86 39.8 39.74 39.69 39.66 39.64 39.63 39.7 39.73 39.69 39.63 39.56 39.6 39.66 39.69 39.71 39.72 39.71 39.66 39.59 39.54 39.52 39.49 39.49 39.48 39.47 39.47 39.47 39.48 39.48 39.42 39.39 39.36 39.42 39.47 39.4 39.27 39.18 39.16 39.16 39.2 39.26 39.29 39.27 39.22 39.24 39.27 39.32 39.29 39.23 39.22 39.21 39.21 39.23 39.24 39.19 39.12 39.09 39.09
40.02 40.01 39.99 39.92 39.83 39.82 39.93 39.97 39.99 40.04 40.04 40.03 39.83 39.89 40.04 40.09 40.08 40.02 39.94 39.9 39.84 39.76 39.68 39.66 39.64 39.6 39.59 39.59 39.57 39.52 39.49 39.52 39.55 39.58 39.59 39.61 39.62 39.58 39.51 39.48 39.44 39.36 39.31 39.31 39.41 39.46 39.43 39.43 39.45 39.42 39.39 39.33 39.36 39.45 39.43 39.32 39.22 39.18 39.18 39.17 39.22 39.26 39.26 39.3 39.34 39.35 39.34 39.27 39.23 39.21 39.18 39.19 39.22 39.23 39.22 39.14 39.05 38.98
39.97 39.96 39.95 39.94 39.87 39.89 39.97 39.96 39.96 39.99 39.97 39.95 39.9 40 40.05 40.07 40.08 40.03 39.97 39.95 39.89 39.78 39.67 39.64 39.6 39.54 39.49 39.46 39.44 39.41 39.42 39.45 39.48 39.51 39.51 39.54 39.56 39.54 39.48 39.46 39.38 39.27 39.23 39.28 39.45 39.49 39.45 39.4 39.4 39.39 39.34 39.27 39.29 39.41 39.45 39.39 39.3 39.25 39.22 39.17 39.23 39.28 39.29 39.37 39.41 39.39 39.32 39.24 39.21 39.2 39.18 39.2 39.22 39.24 39.24 39.12 38.99 38.93
39.93 39.92 39.91 39.9 39.87 39.92 39.97 39.96 39.93 39.93 39.91 39.91 39.93 39.99 40.01 40.02 40.04 40.01 39.99 39.97 39.91 39.77 39.65 39.6 39.53 39.45 39.37 39.33 39.32 39.33 39.37 39.42 39.45 39.47 39.49 39.51 39.53 39.53 39.51 39.45 39.34 39.27 39.26 39.4 39.5 39.49 39.5 39.38 39.35 39.34 39.3 39.27 39.39 39.5 39.52 39.44 39.36 39.3 39.28 39.24 39.31 39.33 39.27 39.3 39.34 39.33 39.23 39.21 39.25 39.26 39.24 39.22 39.24 39.26 39.25 39.14 39.02 39.02
39.88 39.87 39.86 39.86 39.78 39.8 39.86 39.87 39.85 39.88 39.89 39.9 39.94 39.94 39.94 39.96 39.98 39.96 39.95 39.89 39.81 39.69 39.6 39.55 39.46 39.35 39.29 39.25 39.3 39.36 39.39 39.42 39.43 39.45 39.46 39.48 39.5 39.5 39.49 39.43 39.36 39.37 39.39 39.49 39.41 39.36 39.41 39.39 39.35 39.34 39.32 39.35 39.47 39.54 39.53 39.45 39.37 39.31 39.31 39.34 39.38 39.37 39.23 39.21 39.25 39.25 39.15 39.2 39.29 39.28 39.27 39.22 39.18 39.21 39.24 39.17 39.13 39.17
39.84 39.83 39.81 39.78 39.68 39.61 39.66 39.7 39.73 39.8 39.82 39.8 39.86 39.86 39.87 39.89 39.89 39.85 39.83 39.77 39.69 39.62 39.57 39.52 39.42 39.33 39.27 39.3 39.43 39.48 39.48 39.48 39.43 39.42 39.43 39.45 39.48 39.48 39.45 39.41 39.44 39.47 39.48 39.47 39.4 39.36 39.36 39.39 39.38 39.35 39.34 39.36 39.44 39.46 39.46 39.42 39.37 39.32 39.28 39.35 39.41 39.4 39.27 39.21 39.21 39.19 39.16 39.22 39.29 39.26 39.26 39.18 39.07 39.09 39.19 39.19 39.18 39.21
39.79 39.78 39.75 39.69 39.58 39.45 39.49 39.55 39.64 39.69 39.67 39.63 39.7 39.78 39.83 39.84 39.8 39.75 39.72 39.7 39.65 39.61 39.58 39.54 39.44 39.35 39.32 39.43 39.52 39.53 39.53 39.51 39.45 39.41 39.42 39.45 39.49 39.47 39.41 39.38 39.44 39.47 39.49 39.51 39.42 39.38 39.4 39.45 39.42 39.38 39.36 39.35 39.35 39.34 39.31 39.33 39.34 39.31 39.22 39.31 39.42 39.45 39.39 39.31 39.25 39.2 39.2 39.26 39.28 39.25 39.24 39.13 39.03 39.03 39.12 39.15 39.16 39.23
39.73 39.73 39.68 39.62 39.52 39.39 39.41 39.46 39.56 39.58 39.55 39.51 39.55 39.7 39.78 39.78 39.73 39.69 39.67 39.67 39.65 39.62 39.6 39.56 39.47 39.42 39.46 39.54 39.59 39.57 39.55 39.5 39.43 39.42 39.45 39.51 39.54 39.48 39.39 39.38 39.46 39.49 39.52 39.51 39.41 39.36 39.4 39.44 39.4 39.36 39.35 39.34 39.3 39.33 39.31 39.31 39.33 39.31 39.21 39.31 39.42 39.47 39.47 39.41 39.33 39.25 39.24 39.29 39.31 39.27 39.22 39.07 39 39.01 39.04 39.07 39.1 39.23
39.59 39.64 39.62 39.58 39.5 39.41 39.38 39.41 39.49 39.5 39.47 39.45 39.49 39.61 39.66 39.66 39.65 39.62 39.62 39.62 39.62 39.62 39.6 39.58 39.51 39.55 39.6 39.61 39.64 39.64 39.62 39.52 39.44 39.42 39.43 39.53 39.58 39.52 39.45 39.42 39.46 39.46 39.49 39.46 39.37 39.32 39.36 39.39 39.32 39.26 39.31 39.37 39.36 39.38 39.36 39.35 39.34 39.32 39.27 39.34 39.4 39.44 39.5 39.46 39.37 39.29 39.27 39.28 39.29 39.27 39.15 39.02 38.99 39.02 39.05 39.09 39.12 39.2
39.48 39.55 39.56 39.55 39.49 39.43 39.39 39.39 39.42 39.4 39.37 39.35 39.41 39.47 39.47 39.47 39.52 39.54 39.57 39.58 39.58 39.58 39.58 39.57 39.57 39.6 39.61 39.61 39.65 39.68 39.68 39.57 39.49 39.45 39.45 39.53 39.55 39.51 39.44 39.41 39.37 39.35 39.39 39.41 39.36 39.32 39.36 39.34 39.27 39.2 39.29 39.39 39.4 39.37 39.34 39.33 39.32 39.31 39.3 39.36 39.4 39.45 39.49 39.44 39.35 39.28 39.24 39.24 39.25 39.22 39.08 39.03 39.01 39.02 39.05 39.1 39.12 39.12
39.46 39.48 39.49 39.48 39.46 39.45 39.42 39.39 39.37 39.34 39.3 39.23 39.29 39.39 39.37 39.32 39.33 39.44 39.51 39.52 39.52 39.52 39.52 39.51 39.54 39.58 39.59 39.59 39.64 39.68 39.69 39.64 39.58 39.53 39.5 39.53 39.52 39.49 39.41 39.35 39.28 39.25 39.31 39.37 39.35 39.31 39.34 39.29 39.22 39.19 39.26 39.33 39.33 39.31 39.3 39.3 39.3 39.29 39.3 39.36 39.42 39.48 39.5 39.42 39.29 39.21 39.17 39.16 39.17 39.15 39.1 39.07 39.05 39.04 39.07 39.08 39.06 39.03
39.39 39.39 39.4 39.4 39.4 39.45 39.45 39.41 39.34 39.29 39.25 39.21 39.23 39.35 39.41 39.38 39.32 39.4 39.45 39.48 39.49 39.48 39.48 39.45 39.47 39.52 39.57 39.57 39.6 39.63 39.64 39.68 39.69 39.66 39.55 39.53 39.52 39.49 39.39 39.33 39.26 39.22 39.26 39.34 39.33 39.26 39.26 39.2 39.16 39.14 39.2 39.26 39.24 39.25 39.26 39.28 39.28 39.27 39.3 39.38 39.42 39.48 39.53 39.41 39.28 39.23 39.2 39.15 39.12 39.1 39.12 39.12 39.08 39.04 39.09 39.11 39.05 39
39.32 39.26 39.25 39.28 39.36 39.44 39.48 39.42 39.35 39.27 39.22 39.22 39.24 39.3 39.36 39.39 39.38 39.39 39.38 39.43 39.49 39.51 39.49 39.42 39.39 39.45 39.54 39.53 39.53 39.52 39.54 39.62 39.67 39.65 39.51 39.5 39.51 39.49 39.39 39.36 39.31 39.26 39.28 39.33 39.32 39.22 39.19 39.16 39.15 39.14 39.17 39.25 39.23 39.22 39.22 39.25 39.26 39.26 39.29 39.39 39.43 39.45 39.52 39.42 39.35 39.3 39.25 39.19 39.11 39.06 39.1 39.12 39.09 39.06 39.1 39.12 39.05 38.98
39.29 39.2 39.15 39.21 39.39 39.49 39.5 39.45 39.39 39.29 39.21 39.21 39.25 39.29 39.32 39.35 39.37 39.37 39.35 39.38 39.44 39.48 39.42 39.36 39.33 39.41 39.52 39.52 39.5 39.46 39.44 39.49 39.49 39.46 39.42 39.46 39.47 39.47 39.39 39.4 39.4 39.38 39.34 39.32 39.33 39.25 39.21 39.24 39.25 39.23 39.25 39.28 39.28 39.28 39.28 39.26 39.25 39.22 39.22 39.34 39.39 39.41 39.48 39.43 39.37 39.31 39.23 39.17 39.1 39.03 39.08 39.11 39.08 39.07 39.09 39.09 39.05 38.99
39.32 39.24 39.2 39.25 39.42 39.52 39.51 39.47 39.36 39.28 39.2 39.2 39.24 39.28 39.3 39.33 39.33 39.32 39.31 39.3 39.32 39.34 39.29 39.26 39.3 39.42 39.52 39.56 39.51 39.48 39.41 39.37 39.33 39.29 39.32 39.41 39.45 39.44 39.39 39.44 39.5 39.52 39.43 39.35 39.35 39.37 39.36 39.36 39.31 39.29 39.3 39.29 39.28 39.31 39.26 39.23 39.24 39.26 39.26 39.3 39.34 39.35 39.38 39.36 39.31 39.24 39.15 39.09 39.08 39.08 39.12 39.12 39.08 39.05 39.07 39.08 39.06 39
39.37 39.31 39.29 39.34 39.45 39.48 39.46 39.38 39.3 39.23 39.17 39.17 39.22 39.26 39.28 39.33 39.31 39.28 39.27 39.23 39.22 39.22 39.2 39.22 39.32 39.44 39.53 39.57 39.54 39.52 39.46 39.31 39.22 39.19 39.24 39.35 39.41 39.41 39.37 39.42 39.49 39.56 39.49 39.42 39.43 39.43 39.43 39.41 39.36 39.35 39.33 39.3 39.29 39.26 39.19 39.21 39.24 39.26 39.26 39.25 39.26 39.27 39.29 39.29 39.23 39.14 39.08 39.06 39.09 39.15 39.21 39.2 39.12 39.04 39.08 39.11 39.08 39.01
39.41 39.4 39.39 39.42 39.45 39.41 39.37 39.31 39.24 39.13 39.07 39.1 39.2 39.27 39.32 39.36 39.32 39.28 39.25 39.21 39.18 39.18 39.18 39.24 39.35 39.44 39.51 39.53 39.53 39.52 39.47 39.29 39.14 39.1 39.17 39.29 39.37 39.4 39.36 39.39 39.48 39.57 39.52 39.41 39.37 39.39 39.41 39.42 39.42 39.4 39.35 39.33 39.34 39.27 39.18 39.2 39.22 39.23 39.22 39.19 39.17 39.24 39.28 39.27 39.2 39.11 39.06 39.08 39.13 39.19 39.28 39.29 39.2 39.06 39.09 39.13 39.05 39
39.4 39.42 39.43 39.45 39.4 39.33 39.3 39.25 39.14 39.02 38.97 39.06 39.23 39.34 39.4 39.4 39.33 39.28 39.25 39.21 39.18 39.16 39.17 39.29 39.39 39.42 39.45 39.44 39.43 39.44 39.41 39.24 39.08 39.03 39.18 39.31 39.36 39.39 39.35 39.39 39.5 39.62 39.54 39.37 39.31 39.35 39.4 39.47 39.5 39.48 39.44 39.41 39.39 39.29 39.21 39.23 39.22 39.19 39.18 39.14 39.12 39.24 39.29 39.27 39.23 39.17 39.1 39.11 39.15 39.23 39.29 39.31 39.26 39.12 39.09 39.07 39 38.98
39.33 39.34 39.36 39.37 39.32 39.28 39.28 39.21 39.08 38.99 38.99 39.11 39.31 39.43 39.45 39.4 39.33 39.29 39.26 39.22 39.18 39.16 39.17 39.31 39.43 39.46 39.4 39.37 39.35 39.36 39.33 39.17 39.04 39.03 39.22 39.34 39.38 39.41 39.36 39.39 39.52 39.59 39.5 39.36 39.3 39.32 39.4 39.52 39.56 39.53 39.45 39.39 39.34 39.24 39.22 39.28 39.27 39.21 39.18 39.16 39.15 39.2 39.26 39.26 39.25 39.24 39.18 39.16 39.18 39.23 39.22 39.21 39.22 39.21 39.14 39.07 38.96 38.98
39.25 39.24 39.26 39.27 39.27 39.26 39.27 39.24 39.13 39.05 39.08 39.2 39.37 39.48 39.44 39.37 39.31 39.28 39.25 39.21 39.19 39.17 39.17 39.31 39.45 39.46 39.37 39.33 39.31 39.31 39.26 39.12 39.04 39.08 39.27 39.37 39.4 39.41 39.38 39.41 39.49 39.51 39.44 39.38 39.39 39.4 39.46 39.55 39.57 39.51 39.39 39.31 39.24 39.15 39.2 39.31 39.33 39.29 39.24 39.2 39.19 39.18 39.22 39.24 39.25 39.31 39.32 39.25 39.19 39.14 39.11 39.11 39.1 39.12 39.11 39.04 38.98 39.02
39.2 39.2 39.22 39.22 39.2 39.21 39.25 39.24 39.16 39.1 39.16 39.28 39.4 39.45 39.41 39.36 39.31 39.28 39.19 39.19 39.18 39.18 39.18 39.3 39.43 39.43 39.34 39.3 39.27 39.26 39.19 39.09 39.09 39.16 39.3 39.39 39.42 39.4 39.37 39.39 39.42 39.41 39.38 39.39 39.43 39.46 39.51 39.54 39.55 39.48 39.35 39.26 39.18 39.11 39.19 39.29 39.3 39.32 39.29 39.23 39.2 39.19 39.23 39.25 39.28 39.38 39.4 39.35 39.16 39.04 39 39 39.03 39.08 39.09 39.06 39.07 39.13
39.17 39.2 39.22 39.19 39.14 39.11 39.2 39.21 39.14 39.1 39.19 39.3 39.37 39.4 39.42 39.39 39.31 39.26 39.13 39.15 39.17 39.19 39.21 39.33 39.42 39.38 39.31 39.27 39.25 39.22 39.14 39.11 39.15 39.22 39.31 39.4 39.43 39.36 39.32 39.35 39.37 39.35 39.35 39.33 39.33 39.39 39.46 39.49 39.5 39.42 39.29 39.2 39.15 39.14 39.19 39.22 39.19 39.25 39.29 39.23 39.16 39.17 39.25 39.29 39.32 39.37 39.4 39.37 39.17 39.06 39.09 39.06 39.05 39.08 39.1 39.1 39.17 39.25
39.2 39.21 39.23 39.19 39.12 39.08 39.16 39.13 39.05 39.01 39.1 39.27 39.4 39.44 39.46 39.41 39.3 39.19 39.08 39.11 39.14 39.18 39.26 39.36 39.4 39.34 39.27 39.26 39.23 39.21 39.18 39.16 39.17 39.22 39.3 39.37 39.38 39.31 39.27 39.32 39.41 39.4 39.35 39.27 39.25 39.29 39.36 39.4 39.39 39.32 39.23 39.18 39.2 39.22 39.19 39.16 39.1 39.15 39.2 39.17 39.11 39.15 39.26 39.32 39.33 39.33 39.33 39.3 39.17 39.12 39.17 39.14 39.11 39.11 39.13 39.14 39.18 39.23
39.26 39.24 39.26 39.23 39.18 39.15 39.16 39.09 38.98 38.93 39.04 39.24 39.39 39.43 39.44 39.4 39.31 39.22 39.14 39.12 39.13 39.17 39.28 39.3 39.24 39.17 39.2 39.21 39.18 39.17 39.21 39.16 39.17 39.24 39.3 39.34 39.34 39.29 39.29 39.33 39.48 39.46 39.37 39.3 39.29 39.29 39.29 39.3 39.3 39.28 39.27 39.28 39.29 39.23 39.14 39.09 38.98 39.1 39.16 39.13 39.1 39.16 39.26 39.29 39.25 39.17 39.15 39.13 39.11 39.14 39.18 39.18 39.14 39.1 39.09 39.08 39.1 39.1
39.32 39.28 39.27 39.28 39.26 39.24 39.2 39.11 38.98 38.93 39.03 39.21 39.31 39.36 39.37 39.33 39.3 39.27 39.22 39.19 39.17 39.18 39.22 39.17 39.05 39 39.12 39.15 39.09 39.09 39.15 39.13 39.18 39.29 39.32 39.35 39.37 39.37 39.35 39.34 39.46 39.45 39.39 39.38 39.35 39.35 39.31 39.27 39.35 39.41 39.36 39.33 39.29 39.21 39.12 39.08 39.01 39.11 39.16 39.15 39.13 39.18 39.24 39.2 39.09 38.96 38.92 38.9 38.97 39.12 39.2 39.2 39.14 39.08 39.04 39.03 39.06 39.02
39.42 39.44 39.43 39.42 39.34 39.28 39.23 39.15 39.04 39.01 39.04 39.12 39.19 39.23 39.19 39.22 39.29 39.33 39.28 39.23 39.19 39.16 39.14 39.08 38.98 38.96 39.1 39.14 39.09 39.12 39.12 39.09 39.15 39.27 39.33 39.38 39.42 39.39 39.35 39.34 39.39 39.37 39.38 39.36 39.37 39.4 39.34 39.28 39.35 39.4 39.35 39.31 39.28 39.23 39.17 39.15 39.11 39.14 39.17 39.16 39.16 39.17 39.16 39.01 38.88 38.78 38.74 38.72 38.86 39.1 39.22 39.24 39.15 39.07 39.03 39.06 39.11 39.06
39.49 39.53 39.55 39.5 39.38 39.29 39.23 39.18 39.09 39.1 39.09 39.08 39.08 39.06 39.06 39.21 39.36 39.42 39.36 39.25 39.16 39.09 39.08 39.09 39.03 39.05 39.18 39.23 39.22 39.23 39.17 39.09 39.15 39.25 39.31 39.35 39.35 39.29 39.28 39.29 39.29 39.27 39.33 39.34 39.35 39.36 39.3 39.27 39.34 39.39 39.37 39.34 39.29 39.24 39.21 39.19 39.16 39.16 39.17 39.16 39.17 39.13 39.05 38.89 38.79 38.73 38.68 38.64 38.81 39.08 39.23 39.27 39.15 39.05 39.03 39.08 39.12 39.1
