slabs/45.grd
DSAA
631 301
644520 645150
4947200 4947500
35.04 44.3
[rows 136 to 169 of 300, columns 234 to 311 of 631]
40.36 40.3 40.24 40.15 40.06 39.99 39.93 39.84 39.74 39.68 39.66 39.68 39.72 39.75 39.78 39.78 39.75 39.91 40.03 39.93 39.81 39.7 39.6 39.62 39.67 39.72 39.78 39.85 39.89 39.94 40 40.06 40.07 40.02 39.95 39.92 39.93 39.99 40 39.92 39.89 40.03 40.33 40.65 40.83 41.13 41.5 41.74 41.86 41.89 41.86 41.83 41.74 41.59 41.35 41.18 40.9 40.31 39.7 39.38 39.03 38.93 38.75 38.55 38.26 38.19 38.2 38.2 38.21 38.22 38.23 38.22 38.21 38.2 38.19 38.19 38.18 38.17
40.37 40.31 40.25 40.15 40.06 40 39.93 39.84 39.74 39.69 39.67 39.69 39.74 39.77 39.79 39.79 39.74 39.9 40.07 39.97 39.86 39.75 39.61 39.62 39.66 39.71 39.77 39.84 39.88 39.93 39.99 40.01 39.98 39.96 39.98 40.01 40.04 40.12 40.16 40.18 40.26 40.5 40.8 41.03 41.16 41.41 41.67 41.82 41.86 41.81 41.73 41.67 41.47 41.2 40.92 40.74 40.32 39.73 39.22 38.96 38.68 38.59 38.53 38.38 38.2 38.16 38.17 38.16 38.15 38.15 38.14 38.13 38.12 38.11 38.1 38.09 38.08 38.07
40.37 40.32 40.26 40.16 40.06 40.01 39.94 39.85 39.75 39.7 39.69 39.71 39.75 39.77 39.8 39.81 39.73 39.88 40.1 40.02 39.91 39.8 39.65 39.62 39.65 39.7 39.77 39.83 39.87 39.92 39.96 39.94 39.93 39.9 40.01 40.1 40.13 40.21 40.35 40.48 40.65 40.93 41.25 41.43 41.49 41.63 41.75 41.81 41.8 41.7 41.55 41.42 41.08 40.74 40.36 40.04 39.5 39.07 38.83 38.69 38.56 38.35 38.24 38.17 38.12 38.1 38.09 38.08 38.07 38.05 38.05 38.04 38.02 38.01 38 37.99 37.98 37.97
40.38 40.32 40.26 40.17 40.07 40.01 39.95 39.85 39.78 39.72 39.7 39.72 39.76 39.78 39.82 39.82 39.74 39.87 40.12 40.06 39.96 39.84 39.7 39.63 39.65 39.7 39.76 39.82 39.86 39.89 39.9 39.97 40.05 39.93 40.04 40.19 40.25 40.37 40.57 40.68 40.82 41.07 41.46 41.71 41.77 41.78 41.75 41.75 41.69 41.54 41.28 41.07 40.6 40.14 39.68 39.24 38.77 38.57 38.5 38.46 38.35 38.19 38.1 38.07 38.04 38.03 38.02 38.01 37.99 37.97 37.96 37.95 37.93 37.91 37.9 37.9 37.88 37.85
40.39 40.33 40.26 40.17 40.08 40.03 39.95 39.86 39.79 39.73 39.71 39.74 39.77 39.8 39.83 39.84 39.76 39.87 40.14 40.11 40.02 39.9 39.74 39.65 39.64 39.69 39.75 39.8 39.84 39.78 39.89 40.15 40.28 40.08 40.1 40.26 40.44 40.68 40.85 40.9 41.01 41.23 41.58 41.81 41.81 41.73 41.66 41.6 41.45 41.24 40.86 40.45 39.83 39.31 38.96 38.65 38.45 38.39 38.38 38.32 38.18 38.06 38.02 38 37.99 37.97 37.95 37.93 37.91 37.89 37.88 37.87 37.82 37.8 37.79 37.78 37.77 37.75
40.4 40.34 40.27 40.18 40.11 40.05 39.96 39.86 39.8 39.74 39.72 39.76 39.79 39.81 39.85 39.85 39.8 39.87 40.13 40.16 40.09 39.97 39.81 39.69 39.64 39.68 39.74 39.78 39.77 39.72 40.07 40.39 40.5 40.27 40.21 40.32 40.68 41 41.13 41.13 41.23 41.41 41.62 41.7 41.66 41.64 41.49 41.35 41.16 40.85 40.4 39.78 39.11 38.62 38.45 38.37 38.33 38.3 38.27 38.16 38.03 37.97 37.95 37.93 37.92 37.9 37.88 37.85 37.82 37.8 37.79 37.79 37.75 37.73 37.71 37.7 37.72 37.72
40.42 40.36 40.28 40.18 40.12 40.06 39.97 39.87 39.8 39.75 39.74 39.77 39.81 39.84 39.88 39.89 39.85 39.86 40.11 40.22 40.16 40.04 39.88 39.75 39.66 39.68 39.72 39.74 39.69 39.89 40.31 40.62 40.72 40.54 40.42 40.43 40.78 41.22 41.4 41.4 41.45 41.58 41.61 41.6 41.57 41.51 41.34 41.12 40.79 40.35 39.82 39.24 38.86 38.43 38.18 38.22 38.25 38.18 38.1 38 37.93 37.9 37.87 37.84 37.82 37.8 37.8 37.77 37.75 37.73 37.72 37.75 37.76 37.75 37.74 37.73 37.75 37.75
40.43 40.37 40.28 40.19 40.12 40.06 39.97 39.88 39.81 39.76 39.76 39.79 39.83 39.86 39.9 39.91 39.9 39.86 40.1 40.27 40.23 40.09 39.93 39.81 39.71 39.68 39.7 39.67 39.74 40.1 40.56 40.86 40.94 40.82 40.69 40.65 40.93 41.4 41.62 41.64 41.63 41.63 41.59 41.57 41.52 41.34 41.07 40.69 40.11 39.69 39.27 38.93 38.74 38.37 38.08 38.12 38.15 38.03 37.91 37.86 37.83 37.81 37.79 37.77 37.75 37.74 37.75 37.78 37.79 37.78 37.77 37.8 37.83 37.83 37.82 37.8 37.77 37.76
40.44 40.38 40.29 40.2 40.13 40.07 39.98 39.88 39.82 39.77 39.78 39.81 39.84 39.87 39.91 39.93 39.93 39.86 40.09 40.33 40.3 40.14 39.97 39.86 39.76 39.68 39.67 39.66 39.9 40.34 40.81 41.11 41.18 41.11 41.02 40.97 41.14 41.54 41.67 41.65 41.63 41.58 41.55 41.52 41.45 41.14 40.77 40.23 39.41 39.01 38.81 38.73 38.56 38.29 38.09 38.02 37.96 37.86 37.8 37.77 37.76 37.79 37.81 37.83 37.82 37.81 37.83 37.88 37.91 37.91 37.89 37.88 37.85 37.83 37.82 37.8 37.78 37.76
40.45 40.39 40.3 40.2 40.14 40.08 39.99 39.89 39.83 39.78 39.79 39.83 39.86 39.89 39.93 39.96 39.96 39.86 40.09 40.35 40.34 40.19 40.02 39.91 39.81 39.7 39.69 39.86 40.16 40.6 41.06 41.32 41.44 41.41 41.34 41.3 41.4 41.61 41.65 41.63 41.58 41.56 41.5 41.38 41.17 40.67 40.24 39.5 38.77 38.49 38.44 38.47 38.37 38.19 38.05 37.89 37.81 37.83 37.84 37.85 37.86 37.91 37.94 37.98 37.99 37.99 37.97 37.95 37.93 37.91 37.9 37.88 37.86 37.84 37.83 37.81 37.78 37.77
40.46 40.4 40.31 40.21 40.15 40.09 39.99 39.89 39.84 39.79 39.8 39.84 39.87 39.9 39.94 39.98 39.99 39.87 40.07 40.32 40.35 40.23 40.07 39.96 39.85 39.81 39.96 40.18 40.48 40.9 41.28 41.44 41.54 41.54 41.53 41.53 41.57 41.62 41.6 41.56 41.49 41.41 41.2 40.72 40.14 39.57 39.27 38.74 38.35 38.24 38.24 38.24 38.24 38.13 38 37.92 37.93 37.99 38.01 38.06 38.07 38.06 38.05 38.03 38.01 37.99 37.98 37.96 37.93 37.92 37.91 37.89 37.86 37.85 37.83 37.81 37.79 37.77
40.46 40.4 40.31 40.21 40.15 40.09 40 39.9 39.84 39.8 39.82 39.85 39.88 39.91 39.96 39.99 40.02 39.9 40.06 40.29 40.38 40.28 40.11 40.01 39.9 39.96 40.3 40.54 40.83 41.13 41.34 41.44 41.54 41.56 41.57 41.58 41.61 41.59 41.5 41.4 41.14 40.64 40.25 39.71 39.07 38.6 38.44 38.33 38.21 38.19 38.2 38.2 38.2 38.17 38.12 38.15 38.16 38.14 38.13 38.11 38.09 38.07 38.06 38.04 38.01 38 37.99 37.96 37.94 37.93 37.91 37.89 37.87 37.85 37.83 37.81 37.79 37.77
40.47 40.4 40.31 40.22 40.16 40.09 40 39.91 39.86 39.81 39.83 39.87 39.89 39.93 39.97 40 40.03 39.92 40.06 40.27 40.4 40.32 40.16 40.06 39.97 40.12 40.59 40.88 41.1 41.29 41.38 41.42 41.51 41.55 41.55 41.56 41.59 41.54 41.35 41.14 40.52 39.55 39.11 38.93 38.69 38.39 38.26 38.19 38.17 38.19 38.2 38.21 38.22 38.21 38.2 38.19 38.17 38.15 38.14 38.12 38.09 38.08 38.06 38.04 38.02 38 37.99 37.97 37.95 37.93 37.91 37.89 37.87 37.86 37.84 37.82 37.8 37.78
40.48 40.41 40.32 40.23 40.17 40.1 40 39.94 39.88 39.83 39.85 39.88 39.91 39.94 39.98 40.01 40.04 39.96 40.06 40.25 40.44 40.37 40.23 40.16 40.08 40.3 40.78 41.07 41.23 41.37 41.43 41.45 41.48 41.51 41.52 41.51 41.54 41.41 41.1 40.71 39.88 38.95 38.61 38.54 38.4 38.24 38.17 38.17 38.19 38.22 38.24 38.25 38.23 38.2 38.2 38.19 38.17 38.16 38.14 38.12 38.1 38.08 38.07 38.05 38.02 38.01 37.99 37.97 37.95 37.94 37.92 37.9 37.88 37.86 37.85 37.83 37.81 37.79
40.49 40.42 40.33 40.25 40.19 40.11 40.01 39.94 39.88 39.84 39.86 39.89 39.92 39.95 40 40.03 40.06 39.98 40.06 40.22 40.46 40.44 40.38 40.39 40.37 40.53 40.83 41.11 41.28 41.41 41.47 41.48 41.48 41.46 41.44 41.41 41.39 41.04 40.57 40.04 39.31 38.64 38.46 38.38 38.21 38.17 38.18 38.2 38.25 38.28 38.28 38.25 38.21 38.18 38.2 38.2 38.18 38.16 38.15 38.13 38.1 38.09 38.07 38.05 38.03 38.01 38 37.98 37.96 37.94 37.93 37.91 37.89 37.87 37.86 37.84 37.82 37.8
40.5 40.43 40.33 40.27 40.2 40.11 40.02 39.95 39.88 39.85 39.88 39.91 39.94 39.98 40.02 40.04 40.07 40 40.04 40.18 40.44 40.57 40.61 40.67 40.71 40.76 40.86 41.15 41.36 41.45 41.49 41.48 41.44 41.33 41.26 41.21 41.11 40.48 39.91 39.4 38.83 38.41 38.29 38.19 38.18 38.22 38.25 38.29 38.31 38.29 38.27 38.24 38.19 38.17 38.2 38.2 38.18 38.17 38.15 38.13 38.11 38.09 38.08 38.06 38.04 38.02 38.01 37.99 37.97 37.95 37.94 37.92 37.9 37.88 37.87 37.84 37.82 37.81
40.52 40.43 40.33 40.27 40.21 40.11 40.02 39.96 39.89 39.87 39.89 39.92 39.95 40 40.04 40.06 40.09 40.04 40.04 40.14 40.42 40.73 40.85 40.89 40.94 40.99 41.01 41.24 41.43 41.48 41.48 41.46 41.33 41.08 40.92 40.82 40.6 40.05 39.57 39.06 38.49 38.23 38.18 38.21 38.27 38.31 38.34 38.34 38.31 38.28 38.25 38.22 38.18 38.15 38.18 38.2 38.19 38.17 38.16 38.14 38.11 38.09 38.08 38.07 38.04 38.02 38.01 38 37.98 37.96 37.94 37.92 37.9 37.89 37.87 37.85 37.83 37.82
40.53 40.44 40.34 40.27 40.21 40.12 40.02 39.96 39.9 39.88 39.92 39.94 39.97 40.02 40.06 40.08 40.11 40.07 40.01 40.12 40.42 40.78 40.97 41.05 41.12 41.19 41.22 41.36 41.46 41.46 41.48 41.43 41.19 40.86 40.68 40.43 39.95 39.5 39.25 38.79 38.32 38.22 38.25 38.31 38.36 38.38 38.37 38.34 38.29 38.26 38.24 38.2 38.16 38.14 38.17 38.2 38.19 38.18 38.17 38.15 38.12 38.1 38.09 38.08 38.05 38.04 38.02 38 37.98 37.97 37.95 37.93 37.91 37.9 37.88 37.85 37.84 37.82
40.53 40.44 40.35 40.28 40.22 40.13 40.04 39.97 39.91 39.9 39.94 39.96 39.99 40.03 40.07 40.09 40.12 40.08 39.96 40.1 40.46 40.83 41.02 41.14 41.24 41.33 41.38 41.44 41.46 41.42 41.37 41.3 40.91 40.51 40.33 40 39.53 39.13 38.86 38.43 38.29 38.32 38.35 38.4 38.4 38.38 38.36 38.32 38.27 38.25 38.22 38.18 38.14 38.12 38.15 38.19 38.2 38.19 38.17 38.15 38.13 38.12 38.1 38.08 38.06 38.05 38.03 38 37.99 37.97 37.95 37.93 37.91 37.9 37.88 37.86 37.84 37.83
40.54 40.45 40.35 40.29 40.23 40.14 40.04 39.98 39.92 39.92 39.95 39.98 40.01 40.05 40.07 40.06 40.14 40.08 39.93 40.09 40.54 40.97 41.14 41.25 41.36 41.39 41.38 41.33 41.38 41.29 41.19 41.03 40.49 39.94 39.79 39.67 39.22 38.86 38.55 38.36 38.37 38.42 38.43 38.43 38.4 38.37 38.34 38.3 38.25 38.22 38.19 38.16 38.12 38.09 38.13 38.18 38.2 38.19 38.18 38.16 38.14 38.13 38.11 38.09 38.07 38.05 38.03 38.01 37.99 37.98 37.96 37.93 37.92 37.91 37.89 37.86 37.85 37.84
40.55 40.46 40.36 40.3 40.24 40.14 40.05 39.99 39.92 39.93 39.96 39.98 40.02 40.01 39.99 39.97 40.16 40.11 39.99 40.2 40.68 41.17 41.41 41.49 41.46 41.3 41.18 41.15 41.22 41.01 40.85 40.62 39.85 39.25 39.2 39.16 38.85 38.55 38.41 38.42 38.46 38.47 38.45 38.41 38.37 38.34 38.31 38.27 38.23 38.2 38.17 38.14 38.1 38.08 38.11 38.17 38.2 38.2 38.19 38.16 38.14 38.13 38.11 38.09 38.07 38.06 38.04 38.01 38 37.99 37.96 37.94 37.93 37.91 37.89 37.87 37.85 37.84
40.56 40.46 40.37 40.31 40.24 40.15 40.06 40.01 39.93 39.94 39.98 39.98 39.96 39.82 39.75 39.99 40.11 40.2 40.25 40.42 40.83 41.33 41.61 41.6 41.45 41.29 41.18 41.1 41.06 40.69 40.39 40.08 39.42 38.9 38.84 38.8 38.57 38.46 38.48 38.49 38.49 38.47 38.43 38.39 38.35 38.32 38.29 38.26 38.21 38.18 38.15 38.12 38.08 38.07 38.1 38.15 38.2 38.2 38.19 38.17 38.15 38.14 38.12 38.09 38.08 38.07 38.04 38.02 38.01 37.99 37.97 37.95 37.93 37.91 37.89 37.87 37.86 37.84
40.56 40.47 40.38 40.33 40.25 40.15 40.09 40.02 39.94 39.94 39.96 39.92 39.77 39.7 39.89 40.1 40.32 40.49 40.56 40.69 41.02 41.38 41.55 41.53 41.4 41.28 41.2 41.01 40.79 40.39 39.97 39.58 39.06 38.72 38.6 38.63 38.52 38.54 38.55 38.52 38.47 38.44 38.41 38.38 38.34 38.3 38.27 38.24 38.2 38.17 38.14 38.1 38.06 38.06 38.09 38.14 38.19 38.2 38.19 38.17 38.16 38.14 38.12 38.1 38.08 38.07 38.05 38.03 38.01 37.99 37.97 37.95 37.94 37.92 37.9 37.88 37.87 37.85
40.56 40.47 40.41 40.34 40.26 40.16 40.09 40.02 39.97 39.95 39.93 39.96 39.96 39.99 40.19 40.33 40.57 40.78 40.87 40.98 41.22 41.39 41.46 41.45 41.34 41.25 41.14 40.74 40.28 39.88 39.53 39.19 38.85 38.66 38.55 38.59 38.58 38.56 38.53 38.5 38.45 38.42 38.4 38.36 38.32 38.29 38.26 38.23 38.18 38.16 38.13 38.09 38.05 38.04 38.07 38.13 38.17 38.2 38.2 38.18 38.16 38.15 38.13 38.1 38.09 38.07 38.05 38.03 38.01 38 37.98 37.96 37.94 37.93 37.91 37.89 37.87 37.86
40.57 40.48 40.42 40.35 40.24 40.13 40.06 39.97 40.04 40.2 40.26 40.27 40.31 40.39 40.52 40.62 40.8 41.03 41.14 41.24 41.31 41.34 41.42 41.4 41.23 41.13 40.94 40.4 39.81 39.41 39.16 38.94 38.78 38.71 38.66 38.62 38.57 38.54 38.52 38.48 38.44 38.41 38.38 38.34 38.3 38.28 38.25 38.21 38.17 38.14 38.11 38.07 38.04 38.02 38.06 38.11 38.15 38.19 38.2 38.18 38.17 38.15 38.13 38.11 38.09 38.08 38.06 38.04 38.02 38.01 37.99 37.97 37.95 37.94 37.92 37.9 37.88 37.87
40.57 40.46 40.39 40.31 40.17 40.08 40 39.95 40.17 40.49 40.6 40.6 40.63 40.78 40.87 40.93 41.05 41.22 41.29 41.35 41.32 41.34 41.42 41.34 41.09 40.93 40.67 40.13 39.57 39.22 39.01 38.82 38.7 38.65 38.63 38.6 38.56 38.53 38.5 38.46 38.42 38.4 38.37 38.33 38.29 38.27 38.23 38.19 38.16 38.13 38.1 38.05 38.02 38.01 38.05 38.1 38.14 38.18 38.2 38.19 38.17 38.16 38.14 38.12 38.1 38.09 38.07 38.05 38.03 38.02 38 37.98 37.96 37.95 37.92 37.9 37.89 37.87
40.51 40.36 40.27 40.22 40.17 40.31 40.35 40.32 40.49 40.78 40.89 40.9 40.96 41.18 41.23 41.2 41.24 41.31 41.32 41.3 41.25 41.3 41.35 41.22 40.93 40.72 40.45 39.83 39.28 39.04 38.87 38.72 38.64 38.62 38.61 38.58 38.54 38.52 38.49 38.45 38.41 38.39 38.35 38.31 38.28 38.25 38.22 38.17 38.14 38.11 38.08 38.04 38 37.99 38.03 38.09 38.12 38.16 38.2 38.19 38.17 38.16 38.15 38.13 38.11 38.1 38.08 38.06 38.04 38.02 38 37.98 37.97 37.95 37.93 37.91 37.9 37.88
40.35 40.23 40.26 40.43 40.65 40.77 40.8 40.91 40.99 41.14 41.19 41.2 41.29 41.44 41.45 41.34 41.33 41.37 41.34 41.18 41.02 41.03 41.11 40.98 40.64 40.45 40.18 39.48 38.86 38.79 38.74 38.65 38.61 38.6 38.58 38.56 38.52 38.5 38.47 38.43 38.4 38.37 38.34 38.29 38.26 38.23 38.2 38.16 38.12 38.09 38.06 38.02 37.98 37.98 38.01 38.08 38.11 38.15 38.19 38.19 38.18 38.17 38.15 38.14 38.12 38.1 38.08 38.06 38.05 38.03 38.01 37.99 37.98 37.96 37.93 37.92 37.9 37.88
40.4 40.41 40.57 40.79 41.02 41.14 41.2 41.36 41.4 41.41 41.41 41.39 41.45 41.47 41.46 41.4 41.39 41.47 41.36 41.07 40.74 40.65 40.69 40.58 40.28 40.07 39.79 39.09 38.57 38.52 38.6 38.61 38.59 38.58 38.56 38.54 38.52 38.49 38.46 38.41 38.38 38.35 38.32 38.28 38.24 38.22 38.18 38.13 38.11 38.08 38.04 38 37.97 37.96 37.99 38.06 38.09 38.13 38.18 38.2 38.19 38.18 38.16 38.14 38.13 38.11 38.09 38.07 38.05 38.03 38.01 37.99 37.98 37.96 37.94 37.92 37.91 37.89
40.77 40.88 41.03 41.08 41.15 41.32 41.42 41.48 41.45 41.39 41.4 41.43 41.44 41.45 41.51 41.6 41.56 41.59 41.4 41 40.52 40.25 40.19 40.1 39.89 39.73 39.41 38.86 38.53 38.51 38.56 38.58 38.57 38.56 38.54 38.52 38.5 38.47 38.44 38.4 38.36 38.34 38.3 38.26 38.23 38.2 38.16 38.11 38.08 38.06 38.02 37.97 37.94 37.93 37.97 38.02 38.06 38.11 38.16 38.2 38.2 38.19 38.17 38.15 38.13 38.12 38.09 38.07 38.06 38.04 38.01 38 37.99 37.96 37.94 37.93 37.91 37.89
41.24 41.33 41.34 41.29 41.31 41.36 41.37 41.39 41.32 41.18 41.19 41.37 41.49 41.54 41.69 41.89 41.72 41.63 41.36 40.86 40.15 39.75 39.6 39.56 39.46 39.37 39.08 38.71 38.5 38.48 38.51 38.55 38.55 38.54 38.52 38.49 38.48 38.46 38.42 38.38 38.35 38.32 38.28 38.23 38.2 38.18 38.14 38.09 38.06 38.03 37.99 37.95 37.93 37.92 37.96 38.01 38.04 38.1 38.16 38.19 38.21 38.19 38.17 38.15 38.14 38.12 38.1 38.08 38.07 38.04 38.02 38.01 37.99 37.97 37.95 37.93 37.92 37.9
41.47 41.44 41.39 41.36 41.35 41.31 41.27 41.27 41.22 41.09 41 41.15 41.37 41.49 41.62 41.68 41.57 41.45 41.08 40.44 39.55 39.09 38.8 39.03 39.13 39.08 38.85 38.53 38.43 38.44 38.47 38.51 38.52 38.51 38.49 38.47 38.46 38.43 38.39 38.35 38.32 38.3 38.25 38.21 38.18 38.15 38.11 38.07 38.04 38.01 37.98 37.94 37.92 37.91 37.95 37.99 38.03 38.08 38.14 38.18 38.2 38.19 38.17 38.16 38.15 38.12 38.1 38.09 38.07 38.05 38.03 38.01 37.99 37.97 37.96 37.94 37.93 37.9
41.39 41.33 41.25 41.25 41.24 41.21 41.14 41.07 41.06 40.97 40.82 40.94 41.17 41.28 41.16 41.1 41.02 40.94 40.56 39.95 39.17 38.72 38.31 38.68 38.85 38.75 38.52 38.39 38.38 38.39 38.42 38.46 38.47 38.47 38.46 38.44 38.42 38.4 38.37 38.33 38.3 38.27 38.24 38.2 38.17 38.14 38.1 38.06 38.03 38 37.96 37.93 37.9 37.9 37.94 37.98 38.02 38.07 38.13 38.17 38.2 38.2 38.18 38.16 38.15 38.13 38.1 38.09 38.07 38.05 38.03 38.01 38 37.98 37.96 37.95 37.93 37.91
41.31 41.33 41.28 41.19 40.99 40.93 40.77 40.64 40.79 40.78 40.65 40.68 40.74 40.71 40.57 40.49 40.43 40.37 40.01 39.46 38.87 38.53 38.12 38.42 38.5 38.41 38.33 38.34 38.34 38.34 38.36 38.39 38.41 38.43 38.43 38.4 38.39 38.38 38.35 38.32 38.28 38.25 38.22 38.18 38.16 38.13 38.09 38.05 38.02 37.99 37.95 37.92 37.89 37.88 37.92 37.96 38 38.05 38.11 38.15 38.19 38.2 38.18 38.17 38.15 38.13 38.11 38.09 38.08 38.06 38.04 38.02 38.01 37.99 37.97 37.95 37.93 37.91
