slabs/46.grd
DSAA
631 301
644520 645150
4947500 4947800
37.2 41.64
[rows 204 to 237 of 301, columns 462 to 538 of 631]
38.25 38.26 38.26 38.25 38.23 38.24 38.24 38.24 38.23 38.23 38.22 38.2 38.22 38.22 38.23 38.23 38.24 38.22 38.22 38.23 38.24 38.25 38.25 38.25 38.26 38.27 38.28 38.26 38.25 38.24 38.25 38.25 38.24 38.24 38.24 38.23 38.23 38.23 38.23 38.24 38.24 38.25 38.28 38.25 38.24 38.22 38.23 38.25 38.27 38.27 38.24 38.25 38.25 38.23 38.22 38.22 38.23 38.28 38.25 38.25 38.24 38.24 38.23 38.24 38.24 38.25 38.24 38.23 38.24 38.25 38.23 38.23 38.23 38.22 38.24 38.24 38.24
38.26 38.26 38.25 38.24 38.22 38.24 38.24 38.23 38.22 38.21 38.22 38.23 38.23 38.21 38.22 38.23 38.24 38.24 38.23 38.24 38.24 38.24 38.24 38.27 38.27 38.26 38.29 38.27 38.26 38.24 38.25 38.24 38.22 38.23 38.24 38.22 38.22 38.25 38.23 38.25 38.25 38.25 38.24 38.25 38.25 38.25 38.24 38.26 38.27 38.27 38.26 38.26 38.26 38.24 38.23 38.22 38.23 38.26 38.27 38.25 38.24 38.24 38.24 38.25 38.24 38.25 38.25 38.24 38.25 38.24 38.22 38.23 38.25 38.25 38.25 38.23 38.23
38.25 38.25 38.25 38.23 38.22 38.25 38.25 38.23 38.22 38.22 38.23 38.25 38.25 38.23 38.22 38.23 38.24 38.24 38.24 38.24 38.24 38.25 38.25 38.28 38.27 38.26 38.27 38.25 38.25 38.25 38.25 38.24 38.24 38.25 38.25 38.24 38.22 38.26 38.24 38.23 38.23 38.23 38.24 38.24 38.24 38.24 38.24 38.25 38.24 38.24 38.24 38.25 38.26 38.26 38.24 38.23 38.24 38.25 38.26 38.26 38.23 38.24 38.24 38.25 38.25 38.25 38.25 38.25 38.25 38.24 38.24 38.24 38.27 38.26 38.24 38.23 38.23
38.23 38.22 38.23 38.22 38.23 38.26 38.27 38.24 38.23 38.23 38.23 38.25 38.25 38.24 38.24 38.24 38.23 38.23 38.25 38.25 38.24 38.24 38.25 38.24 38.24 38.26 38.24 38.24 38.26 38.26 38.27 38.25 38.23 38.24 38.23 38.24 38.22 38.26 38.24 38.21 38.2 38.22 38.24 38.25 38.24 38.23 38.23 38.25 38.24 38.23 38.23 38.25 38.26 38.25 38.23 38.22 38.23 38.24 38.26 38.27 38.25 38.26 38.24 38.24 38.26 38.23 38.22 38.23 38.24 38.23 38.24 38.24 38.24 38.23 38.23 38.23 38.23
38.23 38.22 38.24 38.23 38.22 38.25 38.27 38.24 38.23 38.22 38.22 38.24 38.24 38.25 38.26 38.26 38.25 38.25 38.26 38.26 38.25 38.25 38.26 38.28 38.29 38.28 38.25 38.24 38.24 38.26 38.24 38.24 38.23 38.23 38.24 38.23 38.21 38.25 38.24 38.23 38.22 38.24 38.25 38.25 38.23 38.24 38.24 38.25 38.24 38.23 38.23 38.25 38.25 38.23 38.23 38.23 38.23 38.24 38.25 38.27 38.26 38.26 38.24 38.23 38.26 38.22 38.2 38.23 38.23 38.22 38.23 38.25 38.23 38.22 38.2 38.22 38.24
38.24 38.25 38.26 38.26 38.24 38.24 38.23 38.22 38.23 38.23 38.24 38.23 38.23 38.25 38.26 38.26 38.24 38.23 38.23 38.24 38.23 38.22 38.23 38.26 38.27 38.27 38.25 38.23 38.23 38.24 38.24 38.23 38.21 38.22 38.25 38.24 38.22 38.25 38.24 38.24 38.24 38.25 38.27 38.26 38.24 38.26 38.26 38.25 38.25 38.24 38.24 38.26 38.24 38.23 38.25 38.25 38.24 38.25 38.25 38.26 38.25 38.24 38.24 38.24 38.24 38.24 38.22 38.24 38.22 38.22 38.22 38.24 38.23 38.25 38.25 38.24 38.23
38.24 38.26 38.26 38.27 38.27 38.25 38.22 38.22 38.24 38.25 38.24 38.24 38.23 38.23 38.25 38.26 38.27 38.27 38.26 38.24 38.23 38.23 38.22 38.23 38.24 38.23 38.22 38.23 38.23 38.24 38.24 38.22 38.21 38.22 38.25 38.25 38.24 38.25 38.24 38.26 38.24 38.25 38.25 38.26 38.24 38.25 38.27 38.27 38.27 38.25 38.24 38.25 38.24 38.24 38.25 38.26 38.25 38.24 38.24 38.25 38.25 38.25 38.22 38.22 38.21 38.23 38.24 38.24 38.22 38.23 38.24 38.26 38.25 38.25 38.25 38.24 38.24
38.24 38.24 38.24 38.26 38.27 38.28 38.25 38.22 38.21 38.21 38.21 38.23 38.23 38.23 38.24 38.26 38.27 38.27 38.26 38.26 38.24 38.23 38.22 38.22 38.22 38.22 38.24 38.24 38.23 38.24 38.23 38.23 38.22 38.23 38.24 38.25 38.25 38.24 38.25 38.26 38.24 38.24 38.23 38.24 38.22 38.23 38.25 38.26 38.28 38.26 38.24 38.24 38.25 38.24 38.23 38.24 38.23 38.22 38.23 38.26 38.25 38.25 38.24 38.24 38.25 38.24 38.24 38.26 38.23 38.22 38.23 38.27 38.25 38.25 38.26 38.24 38.24
38.26 38.26 38.27 38.26 38.26 38.26 38.26 38.25 38.25 38.23 38.22 38.24 38.25 38.24 38.24 38.25 38.27 38.26 38.24 38.23 38.22 38.24 38.24 38.23 38.24 38.24 38.26 38.26 38.24 38.23 38.24 38.26 38.23 38.24 38.24 38.24 38.24 38.24 38.24 38.25 38.24 38.23 38.23 38.23 38.22 38.22 38.24 38.25 38.25 38.25 38.24 38.25 38.25 38.24 38.22 38.21 38.2 38.22 38.23 38.25 38.25 38.24 38.24 38.25 38.26 38.24 38.25 38.26 38.23 38.23 38.24 38.25 38.25 38.25 38.26 38.25 38.26
38.26 38.28 38.27 38.28 38.27 38.26 38.25 38.26 38.24 38.22 38.23 38.25 38.25 38.24 38.23 38.23 38.24 38.23 38.23 38.24 38.23 38.24 38.22 38.24 38.27 38.25 38.27 38.25 38.24 38.24 38.25 38.27 38.24 38.24 38.24 38.23 38.24 38.24 38.25 38.26 38.25 38.23 38.26 38.24 38.21 38.24 38.24 38.25 38.26 38.26 38.23 38.21 38.24 38.25 38.25 38.21 38.21 38.23 38.25 38.22 38.24 38.24 38.25 38.25 38.25 38.23 38.24 38.24 38.24 38.25 38.26 38.24 38.24 38.24 38.25 38.25 38.25
38.26 38.27 38.26 38.27 38.27 38.26 38.24 38.24 38.24 38.24 38.24 38.23 38.23 38.24 38.24 38.23 38.23 38.22 38.23 38.24 38.24 38.24 38.22 38.25 38.26 38.25 38.25 38.25 38.23 38.25 38.25 38.25 38.25 38.25 38.24 38.23 38.26 38.25 38.25 38.26 38.25 38.26 38.27 38.25 38.23 38.26 38.26 38.25 38.27 38.25 38.23 38.24 38.26 38.24 38.23 38.22 38.21 38.23 38.24 38.22 38.23 38.24 38.24 38.24 38.25 38.23 38.23 38.23 38.24 38.24 38.27 38.25 38.25 38.23 38.24 38.25 38.25
38.22 38.24 38.26 38.26 38.24 38.23 38.23 38.24 38.26 38.27 38.26 38.24 38.23 38.24 38.23 38.24 38.23 38.22 38.23 38.23 38.24 38.24 38.25 38.25 38.24 38.23 38.24 38.25 38.25 38.25 38.26 38.25 38.24 38.25 38.24 38.24 38.26 38.27 38.26 38.26 38.23 38.24 38.26 38.25 38.25 38.24 38.24 38.25 38.24 38.23 38.23 38.22 38.25 38.23 38.22 38.22 38.22 38.23 38.25 38.24 38.25 38.24 38.23 38.24 38.24 38.23 38.24 38.24 38.23 38.23 38.24 38.25 38.26 38.23 38.23 38.25 38.26
38.23 38.24 38.26 38.26 38.24 38.23 38.22 38.24 38.26 38.26 38.26 38.24 38.23 38.24 38.23 38.23 38.22 38.23 38.24 38.25 38.25 38.23 38.23 38.24 38.23 38.23 38.23 38.24 38.26 38.25 38.24 38.22 38.22 38.22 38.23 38.24 38.24 38.24 38.25 38.27 38.26 38.24 38.24 38.23 38.25 38.23 38.25 38.25 38.23 38.25 38.25 38.24 38.25 38.24 38.23 38.23 38.23 38.24 38.25 38.25 38.25 38.24 38.24 38.24 38.24 38.23 38.25 38.23 38.23 38.23 38.24 38.23 38.24 38.24 38.23 38.23 38.23
38.24 38.24 38.25 38.24 38.23 38.24 38.24 38.24 38.23 38.23 38.23 38.23 38.24 38.24 38.24 38.25 38.24 38.25 38.25 38.25 38.25 38.23 38.25 38.24 38.23 38.24 38.23 38.23 38.26 38.27 38.24 38.22 38.23 38.25 38.26 38.26 38.26 38.26 38.27 38.26 38.25 38.24 38.23 38.21 38.23 38.24 38.24 38.25 38.24 38.25 38.26 38.25 38.24 38.24 38.25 38.24 38.23 38.25 38.24 38.23 38.23 38.24 38.23 38.23 38.23 38.23 38.26 38.22 38.23 38.22 38.23 38.23 38.24 38.23 38.24 38.2 38.21
38.24 38.24 38.24 38.23 38.22 38.24 38.25 38.25 38.24 38.23 38.23 38.23 38.24 38.24 38.26 38.27 38.27 38.25 38.26 38.24 38.24 38.25 38.27 38.26 38.24 38.23 38.23 38.21 38.23 38.26 38.25 38.24 38.24 38.24 38.24 38.23 38.24 38.25 38.26 38.27 38.25 38.22 38.22 38.21 38.22 38.24 38.24 38.24 38.24 38.24 38.25 38.26 38.23 38.25 38.26 38.25 38.24 38.25 38.24 38.22 38.24 38.24 38.24 38.22 38.21 38.22 38.25 38.23 38.24 38.21 38.23 38.24 38.25 38.26 38.25 38.2 38.21
38.23 38.24 38.24 38.24 38.23 38.23 38.24 38.25 38.27 38.26 38.24 38.25 38.25 38.23 38.26 38.27 38.26 38.27 38.28 38.25 38.24 38.23 38.23 38.23 38.23 38.24 38.22 38.21 38.22 38.26 38.26 38.25 38.23 38.23 38.22 38.21 38.21 38.23 38.25 38.25 38.25 38.24 38.24 38.23 38.22 38.24 38.25 38.23 38.23 38.23 38.23 38.27 38.24 38.26 38.27 38.27 38.23 38.24 38.24 38.23 38.25 38.24 38.25 38.21 38.22 38.21 38.22 38.24 38.26 38.27 38.24 38.23 38.23 38.23 38.24 38.23 38.23
38.23 38.24 38.23 38.24 38.24 38.23 38.23 38.24 38.25 38.24 38.25 38.29 38.29 38.24 38.23 38.24 38.26 38.26 38.25 38.25 38.26 38.25 38.24 38.24 38.23 38.24 38.24 38.23 38.22 38.24 38.24 38.25 38.23 38.22 38.23 38.22 38.22 38.23 38.25 38.23 38.22 38.24 38.26 38.24 38.22 38.23 38.26 38.22 38.22 38.23 38.22 38.25 38.25 38.25 38.26 38.27 38.23 38.24 38.23 38.26 38.27 38.26 38.26 38.2 38.23 38.24 38.22 38.23 38.23 38.23 38.23 38.24 38.25 38.26 38.26 38.24 38.23
38.25 38.26 38.21 38.23 38.25 38.24 38.23 38.22 38.22 38.24 38.25 38.25 38.27 38.26 38.24 38.25 38.27 38.25 38.24 38.23 38.25 38.25 38.26 38.25 38.23 38.25 38.24 38.24 38.23 38.21 38.21 38.23 38.21 38.22 38.24 38.24 38.25 38.24 38.24 38.24 38.21 38.24 38.24 38.23 38.23 38.23 38.25 38.23 38.25 38.26 38.26 38.27 38.24 38.23 38.24 38.25 38.25 38.24 38.25 38.25 38.24 38.23 38.21 38.23 38.26 38.25 38.23 38.24 38.24 38.24 38.24 38.24 38.26 38.28 38.25 38.24 38.23
38.25 38.25 38.23 38.22 38.23 38.24 38.24 38.23 38.24 38.23 38.24 38.23 38.25 38.25 38.24 38.24 38.24 38.23 38.24 38.24 38.23 38.24 38.24 38.24 38.23 38.25 38.25 38.24 38.24 38.21 38.2 38.22 38.22 38.24 38.27 38.26 38.26 38.25 38.23 38.24 38.24 38.24 38.23 38.23 38.24 38.23 38.23 38.23 38.27 38.26 38.26 38.27 38.23 38.22 38.23 38.22 38.24 38.22 38.22 38.23 38.22 38.24 38.23 38.24 38.23 38.23 38.23 38.24 38.24 38.23 38.24 38.23 38.23 38.26 38.24 38.25 38.28
38.28 38.23 38.22 38.2 38.21 38.21 38.22 38.24 38.25 38.23 38.23 38.24 38.25 38.25 38.25 38.24 38.22 38.22 38.23 38.24 38.23 38.23 38.24 38.23 38.24 38.25 38.25 38.24 38.23 38.22 38.24 38.24 38.24 38.25 38.27 38.26 38.26 38.25 38.25 38.24 38.25 38.23 38.22 38.24 38.23 38.23 38.25 38.25 38.26 38.25 38.26 38.28 38.26 38.25 38.24 38.23 38.24 38.24 38.24 38.24 38.24 38.24 38.24 38.23 38.23 38.25 38.23 38.24 38.25 38.26 38.3 38.3 38.27 38.28 38.25 38.35 38.5
38.26 38.23 38.23 38.22 38.21 38.22 38.24 38.26 38.26 38.24 38.25 38.26 38.26 38.25 38.24 38.24 38.22 38.22 38.23 38.23 38.23 38.22 38.24 38.24 38.26 38.23 38.23 38.24 38.21 38.22 38.26 38.25 38.25 38.22 38.23 38.24 38.26 38.26 38.26 38.23 38.26 38.22 38.21 38.21 38.22 38.24 38.25 38.23 38.23 38.25 38.25 38.26 38.25 38.23 38.23 38.24 38.25 38.24 38.26 38.26 38.24 38.23 38.22 38.25 38.29 38.33 38.32 38.34 38.44 38.52 38.62 38.64 38.54 38.51 38.42 38.66 38.93
38.25 38.24 38.26 38.24 38.22 38.23 38.23 38.26 38.25 38.24 38.25 38.26 38.24 38.23 38.23 38.23 38.22 38.24 38.25 38.24 38.22 38.22 38.24 38.25 38.27 38.22 38.21 38.23 38.21 38.21 38.24 38.24 38.25 38.21 38.24 38.24 38.25 38.26 38.25 38.23 38.25 38.24 38.22 38.22 38.23 38.23 38.23 38.24 38.24 38.24 38.23 38.24 38.25 38.24 38.25 38.26 38.25 38.22 38.29 38.34 38.34 38.34 38.36 38.52 38.68 38.75 38.8 38.92 39.06 39.11 39.17 39.24 39.15 39.09 38.95 39.2 39.39
38.25 38.24 38.24 38.23 38.22 38.23 38.24 38.25 38.24 38.24 38.24 38.25 38.24 38.21 38.22 38.22 38.22 38.26 38.27 38.25 38.22 38.22 38.23 38.23 38.23 38.23 38.24 38.25 38.26 38.24 38.23 38.23 38.25 38.23 38.24 38.24 38.24 38.25 38.25 38.22 38.25 38.25 38.25 38.23 38.23 38.23 38.24 38.24 38.24 38.24 38.22 38.23 38.25 38.28 38.31 38.34 38.35 38.35 38.6 38.8 38.89 38.97 39.05 39.18 39.32 39.43 39.55 39.77 39.9 39.83 39.77 39.85 39.87 39.86 39.75 39.79 39.81
38.25 38.24 38.23 38.22 38.21 38.22 38.25 38.24 38.24 38.25 38.25 38.25 38.25 38.21 38.21 38.22 38.23 38.24 38.26 38.25 38.23 38.21 38.19 38.22 38.21 38.22 38.25 38.26 38.28 38.24 38.24 38.24 38.23 38.22 38.23 38.26 38.26 38.24 38.24 38.21 38.22 38.22 38.23 38.23 38.23 38.22 38.24 38.24 38.27 38.32 38.32 38.34 38.37 38.51 38.67 38.77 38.9 38.95 39.27 39.48 39.61 39.73 39.86 39.87 39.91 40.05 40.23 40.4 40.48 40.42 40.32 40.35 40.4 40.43 40.34 40.27 40.21
38.25 38.24 38.24 38.23 38.21 38.23 38.25 38.25 38.25 38.25 38.24 38.26 38.24 38.22 38.22 38.23 38.21 38.21 38.23 38.25 38.26 38.25 38.23 38.25 38.2 38.22 38.25 38.26 38.26 38.26 38.25 38.24 38.23 38.22 38.23 38.25 38.27 38.26 38.25 38.24 38.26 38.25 38.23 38.32 38.35 38.36 38.37 38.38 38.52 38.77 38.89 38.96 39 39.12 39.32 39.45 39.59 39.7 39.97 40.07 40.1 40.15 40.25 40.31 40.4 40.56 40.79 40.86 40.83 40.74 40.72 40.75 40.77 40.76 40.69 40.6 40.56
38.23 38.23 38.24 38.24 38.24 38.25 38.26 38.26 38.24 38.23 38.22 38.26 38.26 38.25 38.24 38.23 38.23 38.23 38.23 38.24 38.27 38.28 38.27 38.24 38.21 38.21 38.24 38.26 38.23 38.23 38.25 38.26 38.23 38.22 38.23 38.27 38.32 38.37 38.43 38.43 38.46 38.43 38.36 38.75 38.96 38.99 38.98 39.02 39.21 39.45 39.64 39.78 39.85 39.87 40 40.04 40.02 40.09 40.45 40.57 40.57 40.61 40.68 40.75 40.81 40.94 41.07 41.04 40.97 40.92 40.94 40.95 40.96 40.91 40.86 40.81 40.77
38.23 38.24 38.24 38.23 38.25 38.25 38.25 38.24 38.24 38.24 38.23 38.26 38.28 38.26 38.22 38.24 38.25 38.23 38.22 38.23 38.26 38.25 38.24 38.23 38.22 38.23 38.25 38.23 38.23 38.23 38.24 38.26 38.23 38.25 38.32 38.46 38.67 38.86 39.17 39.12 39.08 39.05 38.97 39.42 39.71 39.8 39.81 39.9 40.01 40.05 40.14 40.27 40.36 40.39 40.57 40.52 40.44 40.47 40.79 40.9 40.9 40.92 40.95 40.95 40.97 41.02 41.05 41.04 40.99 41 41 41.01 41.02 41 40.99 40.95 40.86
38.23 38.25 38.24 38.23 38.25 38.23 38.24 38.25 38.25 38.26 38.26 38.25 38.25 38.27 38.25 38.24 38.22 38.22 38.25 38.26 38.27 38.26 38.24 38.24 38.24 38.25 38.25 38.23 38.26 38.26 38.29 38.35 38.35 38.53 38.83 39.15 39.54 39.72 40 39.94 39.85 39.85 39.82 39.99 40.22 40.33 40.36 40.46 40.5 40.51 40.57 40.66 40.74 40.79 40.92 40.81 40.66 40.73 41 41.03 40.99 40.99 40.99 41 41.02 41.02 41.04 41.05 41.05 41.07 41.05 41.04 41.05 41.04 41.05 41.04 40.96
38.18 38.2 38.21 38.21 38.24 38.23 38.22 38.23 38.2 38.26 38.27 38.25 38.23 38.26 38.26 38.27 38.26 38.23 38.24 38.25 38.25 38.25 38.24 38.23 38.24 38.25 38.28 38.28 38.35 38.44 38.61 38.81 38.93 39.15 39.54 39.93 40.3 40.36 40.37 40.37 40.35 40.39 40.35 40.43 40.61 40.69 40.76 40.83 40.82 40.81 40.85 40.87 40.88 40.92 40.97 40.96 40.83 40.87 41.01 41.04 41.03 41.03 41.02 41.02 41.03 41.03 41.03 41.03 41.02 41.05 41.05 41.04 41.04 41.04 41.04 41.04 41.01
38.25 38.23 38.25 38.24 38.23 38.21 38.21 38.23 38.24 38.25 38.22 38.22 38.23 38.26 38.27 38.27 38.27 38.25 38.24 38.23 38.23 38.23 38.21 38.2 38.28 38.38 38.46 38.49 38.67 38.88 39.18 39.48 39.67 39.81 40.02 40.28 40.46 40.49 40.52 40.57 40.66 40.73 40.76 40.77 40.84 40.89 40.99 41.03 40.99 40.94 40.94 40.94 40.94 40.94 40.98 41.01 41.03 40.99 41 41.02 41.02 41.06 41.04 41.01 41.02 41.02 41.02 41.02 41.02 41.04 41.03 41.03 41.05 41.05 41.04 41.02 41.01
38.26 38.24 38.23 38.25 38.24 38.22 38.24 38.26 38.26 38.24 38.22 38.23 38.22 38.23 38.24 38.25 38.25 38.26 38.23 38.22 38.25 38.25 38.24 38.35 38.64 38.84 38.9 38.94 39.22 39.48 39.78 40.01 40.12 40.21 40.29 40.46 40.58 40.64 40.73 40.8 40.88 40.92 40.92 40.92 40.92 40.92 41 41.01 40.98 40.96 40.98 40.97 40.97 40.99 40.98 41.02 41.05 41.01 40.99 40.98 41 41.06 41.06 41.02 41.02 41.01 41.03 41.03 41 41 41 41.03 41.08 41.09 41.05 41.03 41
38.24 38.24 38.24 38.26 38.24 38.23 38.24 38.25 38.25 38.24 38.23 38.24 38.23 38.22 38.22 38.24 38.27 38.29 38.26 38.3 38.4 38.45 38.49 38.81 39.32 39.54 39.55 39.57 39.78 40 40.28 40.46 40.53 40.58 40.51 40.58 40.7 40.78 40.87 40.91 40.95 40.97 40.97 40.97 40.96 40.97 40.99 40.99 41 40.98 40.99 41 41 40.99 40.98 41.02 41.04 41.04 41 40.98 41 41.04 41.06 41.03 41.01 41.01 41.03 41.04 40.97 40.93 40.93 40.97 41.05 41.08 41.02 41 40.98
38.25 38.24 38.23 38.24 38.22 38.23 38.23 38.24 38.24 38.24 38.25 38.25 38.24 38.24 38.25 38.31 38.39 38.46 38.48 38.59 38.81 38.9 39.01 39.43 39.92 40.13 40.16 40.18 40.31 40.47 40.63 40.75 40.81 40.85 40.78 40.74 40.85 40.92 40.95 40.95 40.97 40.98 40.99 40.97 40.97 40.97 40.97 40.98 40.99 40.98 40.99 41.01 40.99 40.99 40.99 41.03 41.02 41.05 41.02 41 40.96 40.96 40.99 40.97 40.98 40.97 40.98 41 40.92 40.82 40.82 40.86 40.93 40.95 40.87 40.85 40.85
38.23 38.25 38.24 38.23 38.22 38.22 38.23 38.23 38.24 38.25 38.26 38.28 38.31 38.32 38.4 38.53 38.71 38.87 39.01 39.14 39.38 39.49 39.63 39.96 40.32 40.56 40.66 40.65 40.68 40.74 40.81 40.85 40.87 40.88 40.91 40.92 40.94 40.96 40.95 40.96 40.97 40.98 40.97 40.97 40.97 40.98 40.97 40.99 40.99 40.99 41 41.01 40.99 40.98 40.99 40.98 40.94 40.94 40.92 40.9 40.8 40.75 40.77 40.76 40.76 40.74 40.77 40.8 40.72 40.64 40.64 40.65 40.66 40.63 40.48 40.44 40.43
