slabs/46.grd
DSAA
631 301
644520 645150
4947500 4947800
37.2 41.64
[rows 204 to 237 of 301, columns 77 to 153 of 631]
38.23 38.25 38.19 38.1 38.15 38.23 38.23 38.23 38.2 38.16 38.12 38.07 38.12 38.23 38.03 37.85 37.81 37.94 38.01 38 37.96 38.04 38.2 38.27 38.21 38.19 38.24 38.25 38.21 38.05 37.97 38.07 38.16 38.17 38.17 38.13 38.15 38.23 38.25 38.22 38.24 38.24 38.23 37.99 37.92 37.93 37.89 37.86 37.86 37.87 37.96 38.09 38.1 38.1 38.13 38.19 38.13 38.08 38.15 38.22 38.16 38.08 38.18 38.22 38.24 38.23 38.22 38.26 38.27 38.2 38.23 38.26 38.26 38.24 38.24 38.26 38.27
38.09 38.15 38.09 38.04 38.06 38.09 38.11 38.15 38.16 38.24 38.21 38.17 38.2 38.23 38.07 37.92 37.88 38.05 38.1 38.08 38.03 38.1 38.23 38.28 38.27 38.26 38.25 38.24 38.15 37.99 37.92 37.95 37.99 38.12 38.2 38.13 38.14 38.21 38.21 38.19 38.2 38.23 38.23 37.98 37.96 38 37.95 37.88 37.9 37.93 37.97 38.03 38.07 38.11 38.16 38.21 38.13 38.06 38.13 38.22 38.19 38.15 38.2 38.19 38.22 38.23 38.18 38.24 38.28 38.23 38.22 38.24 38.24 38.24 38.25 38.27 38.28
37.99 38.02 37.97 37.94 37.94 37.9 37.92 37.99 38.08 38.2 38.23 38.21 38.26 38.26 38.14 38.01 38.03 38.16 38.16 38.11 38.04 38.13 38.22 38.27 38.25 38.17 38.17 38.19 38.08 37.97 37.93 37.97 37.95 38.07 38.22 38.17 38.15 38.15 38.13 38.08 38.07 38.18 38.21 38.08 38.07 38.11 38.04 37.88 37.89 37.93 37.94 37.95 38.01 38.07 38.17 38.23 38.18 38.14 38.18 38.22 38.23 38.21 38.21 38.22 38.25 38.22 38.17 38.24 38.29 38.28 38.23 38.23 38.25 38.26 38.27 38.23 38.2
37.97 37.92 37.9 37.9 37.92 37.87 37.83 37.85 37.98 38.16 38.23 38.22 38.25 38.28 38.25 38.12 38.15 38.14 38.07 37.99 37.92 38.06 38.16 38.24 38.21 38.14 38.15 38.18 38.07 38.02 38.01 38.04 37.95 38.02 38.18 38.22 38.19 38.13 38.09 38.04 38.05 38.15 38.2 38.18 38.18 38.2 38.16 37.92 37.87 37.87 37.85 37.87 37.94 38.02 38.16 38.23 38.18 38.17 38.21 38.24 38.27 38.24 38.25 38.27 38.27 38.22 38.24 38.25 38.24 38.21 38.23 38.21 38.19 38.23 38.28 38.14 38.05
37.96 37.88 37.86 37.84 37.92 37.92 37.93 37.96 38.07 38.17 38.24 38.26 38.2 38.22 38.24 38.18 38.12 38.04 37.96 37.87 37.91 38.08 38.17 38.24 38.25 38.21 38.21 38.18 38.03 38.03 38.08 38.12 38.04 38.02 38.13 38.22 38.25 38.2 38.17 38.17 38.17 38.19 38.21 38.22 38.23 38.24 38.24 38.02 37.88 37.81 37.75 37.78 37.93 38.06 38.23 38.21 38.13 38.18 38.22 38.26 38.28 38.18 38.21 38.26 38.23 38.18 38.13 38.2 38.22 38.13 38.18 38.17 38.14 38.19 38.23 38.1 37.98
37.96 37.86 37.86 37.82 37.94 38 38.09 38.15 38.24 38.25 38.26 38.25 38.15 38.2 38.23 38.18 38.11 38.05 38 37.97 38.11 38.17 38.17 38.2 38.24 38.26 38.25 38.17 38.03 38.06 38.16 38.2 38.17 38.16 38.2 38.23 38.25 38.26 38.27 38.28 38.26 38.25 38.22 38.18 38.2 38.2 38.16 38.05 37.88 37.78 37.7 37.77 38.01 38.19 38.3 38.21 38.11 38.16 38.22 38.25 38.22 38.18 38.11 38.16 38.12 38.08 38.02 38.13 38.22 38.15 38.21 38.17 38.18 38.24 38.22 38.1 38.01
37.94 37.88 38.02 38.08 38.08 38.13 38.21 38.22 38.24 38.24 38.25 38.21 38.14 38.19 38.21 38.16 38.1 38.11 38.08 38.12 38.22 38.2 38.16 38.16 38.21 38.26 38.27 38.22 38.11 38.1 38.19 38.26 38.23 38.27 38.27 38.22 38.22 38.25 38.28 38.27 38.24 38.22 38.21 38.12 38.1 38.1 38.02 37.98 37.91 37.85 37.85 38 38.11 38.21 38.24 38.21 38.19 38.2 38.2 38.2 38.18 38.11 38.02 38.04 38.05 38.08 38.09 38.18 38.25 38.23 38.24 38.2 38.24 38.27 38.23 38.14 38.1
37.94 38.01 38.14 38.17 38.17 38.19 38.23 38.22 38.2 38.15 38.16 38.13 38.01 38.06 38.17 38.1 38.02 38.06 38.09 38.2 38.25 38.19 38.15 38.15 38.19 38.24 38.25 38.27 38.21 38.17 38.22 38.29 38.22 38.22 38.21 38.18 38.2 38.24 38.27 38.26 38.22 38.17 38.2 38.13 38.02 37.99 38.02 38 37.97 37.97 38.14 38.2 38.16 38.11 38.16 38.2 38.21 38.21 38.23 38.24 38.23 38.12 38.05 38.09 38.11 38.16 38.18 38.2 38.23 38.23 38.24 38.23 38.25 38.23 38.22 38.15 38.17
37.93 38.06 38.18 38.21 38.22 38.14 38.1 38.09 38.12 38.04 38.02 38.01 37.96 38.04 38.13 38.02 37.93 38.03 38.14 38.26 38.26 38.19 38.16 38.17 38.22 38.24 38.19 38.25 38.25 38.25 38.27 38.29 38.2 38.17 38.18 38.23 38.22 38.23 38.25 38.21 38.2 38.19 38.25 38.18 38.11 38.09 38.12 38.08 38.07 38.11 38.23 38.26 38.22 38.11 38.19 38.22 38.18 38.18 38.17 38.2 38.24 38.1 38.1 38.17 38.18 38.21 38.23 38.21 38.21 38.2 38.26 38.27 38.24 38.2 38.22 38.19 38.21
37.92 38.1 38.2 38.25 38.21 37.97 37.93 37.95 37.99 37.95 37.93 37.96 38.05 38.11 38.1 37.99 37.92 38.04 38.19 38.27 38.24 38.21 38.2 38.21 38.25 38.27 38.17 38.22 38.26 38.25 38.25 38.25 38.19 38.15 38.16 38.25 38.24 38.25 38.23 38.17 38.16 38.19 38.26 38.16 38.12 38.16 38.23 38.16 38.18 38.2 38.22 38.22 38.22 38.19 38.23 38.23 38.2 38.16 38.06 38.11 38.19 38.13 38.17 38.22 38.23 38.22 38.24 38.22 38.21 38.2 38.28 38.29 38.25 38.22 38.23 38.26 38.27
38.01 38.16 38.2 38.24 38.18 37.95 37.91 37.91 37.91 37.94 37.97 38.03 38.16 38.18 38.12 38.05 38.03 38.1 38.19 38.26 38.21 38.2 38.23 38.24 38.24 38.26 38.25 38.24 38.3 38.31 38.28 38.22 38.15 38.11 38.17 38.23 38.21 38.19 38.15 38.03 37.92 37.94 38.18 38.18 38.13 38.15 38.23 38.16 38.18 38.19 38.15 38.15 38.21 38.22 38.23 38.21 38.19 38.13 38 37.99 38.02 38.13 38.24 38.26 38.26 38.22 38.21 38.21 38.22 38.22 38.27 38.26 38.22 38.23 38.2 38.22 38.23
38.11 38.18 38.12 38.19 38.2 38.06 37.99 37.94 37.92 38 38.05 38.13 38.19 38.23 38.23 38.18 38.17 38.2 38.25 38.28 38.24 38.22 38.23 38.23 38.25 38.3 38.27 38.16 38.26 38.31 38.27 38.14 38.1 38.08 38.11 38.18 38.18 38.17 38.07 37.94 37.85 37.89 38.16 38.21 38.17 38.14 38.2 38.18 38.15 38.14 38.11 38.15 38.21 38.21 38.18 38.15 38.11 38.06 37.98 37.92 37.88 38.1 38.25 38.26 38.23 38.16 38.14 38.18 38.24 38.25 38.21 38.18 38.16 38.21 38.21 38.18 38.17
38.14 38.11 38.02 38.11 38.21 38.13 38.05 37.97 38 38.05 38.08 38.12 38.21 38.27 38.3 38.26 38.24 38.24 38.25 38.21 38.21 38.24 38.25 38.23 38.26 38.29 38.26 38.18 38.19 38.25 38.18 38.1 38.08 38.08 38.09 38.17 38.16 38.15 38.03 37.96 37.98 38.01 38.18 38.23 38.21 38.13 38.19 38.21 38.21 38.18 38.12 38.12 38.18 38.21 38.16 38.13 38.07 37.98 37.94 37.92 37.91 38.13 38.25 38.24 38.16 38.04 38.01 38.07 38.18 38.24 38.23 38.21 38.19 38.18 38.18 38.18 38.15
38.1 38.02 37.98 38.04 38.18 38.14 38.07 38.05 38.11 38.12 38.11 38.1 38.18 38.23 38.24 38.23 38.24 38.24 38.19 38.12 38.17 38.21 38.18 38.21 38.27 38.27 38.26 38.24 38.24 38.24 38.17 38.13 38.13 38.13 38.11 38.17 38.15 38.14 38.04 38.07 38.15 38.15 38.21 38.23 38.23 38.16 38.2 38.23 38.26 38.26 38.17 38.1 38.16 38.22 38.19 38.18 38.12 37.95 37.91 37.93 37.96 38.21 38.28 38.24 38.13 37.95 37.91 38.01 38.16 38.28 38.27 38.24 38.24 38.18 38.14 38.19 38.21
38.07 38.01 37.99 37.98 38.09 38.06 38.01 38.06 38.19 38.21 38.18 38.1 38.1 38.15 38.13 38.11 38.19 38.22 38.2 38.16 38.12 38.06 38.01 38.14 38.24 38.25 38.24 38.24 38.25 38.26 38.2 38.15 38.13 38.16 38.15 38.16 38.16 38.17 38.12 38.17 38.23 38.23 38.18 38.19 38.19 38.1 38.1 38.15 38.19 38.23 38.23 38.2 38.21 38.22 38.16 38.18 38.15 37.96 37.91 37.95 38.02 38.19 38.26 38.22 38.15 37.98 37.99 38.07 38.22 38.27 38.25 38.25 38.26 38.18 38.12 38.17 38.21
38.06 38.05 38.04 37.97 37.97 37.93 37.9 38.06 38.22 38.23 38.21 38.15 38.09 38.08 38.04 38.05 38.16 38.23 38.27 38.21 38.05 37.89 37.87 38.11 38.25 38.26 38.24 38.24 38.19 38.22 38.19 38.17 38.12 38.15 38.17 38.15 38.15 38.17 38.16 38.19 38.21 38.22 38.12 38.11 38.1 37.91 37.92 38.06 38.14 38.18 38.24 38.25 38.24 38.19 38.08 38.13 38.2 38.08 37.9 37.94 38.08 38.18 38.23 38.23 38.16 38.06 38.09 38.14 38.21 38.14 38.16 38.24 38.26 38.24 38.21 38.2 38.22
38.08 38.1 38.07 37.96 37.92 37.89 37.86 38.02 38.18 38.19 38.21 38.2 38.1 38.07 38.1 38.13 38.2 38.27 38.28 38.18 38 37.88 37.9 38.16 38.27 38.27 38.26 38.23 38.17 38.14 38.1 38.15 38.12 38.14 38.15 38.1 38.09 38.09 38.1 38.11 38.13 38.16 38.13 38.1 38.05 37.85 38 38.17 38.22 38.2 38.26 38.28 38.22 38.1 38.05 38.14 38.21 38.12 37.98 38.03 38.18 38.24 38.24 38.23 38.21 38.18 38.2 38.2 38.24 38.15 38.17 38.24 38.25 38.26 38.25 38.23 38.24
38.13 38.15 38.05 38.01 37.98 37.95 37.94 38.03 38.1 38.08 38.11 38.19 38.17 38.16 38.16 38.19 38.23 38.24 38.26 38.19 38.05 37.98 38.06 38.23 38.27 38.25 38.25 38.22 38.2 38.14 38.04 38.13 38.18 38.19 38.12 38.03 38 37.97 37.97 38.01 38.03 38.08 38.15 38.1 38 37.85 38.06 38.17 38.2 38.21 38.26 38.26 38.14 38.01 38.06 38.18 38.23 38.17 38.14 38.18 38.24 38.27 38.24 38.21 38.22 38.24 38.24 38.24 38.26 38.23 38.25 38.26 38.26 38.23 38.19 38.18 38.22
38.12 38.13 38.04 38.09 38.09 38.05 38.03 38.03 37.99 37.95 37.99 38.13 38.19 38.19 38.15 38.11 38.15 38.18 38.27 38.25 38.17 38.12 38.19 38.23 38.23 38.21 38.21 38.22 38.24 38.22 38.15 38.19 38.28 38.28 38.13 38.01 37.97 37.94 37.91 37.93 37.96 38.02 38.1 38.06 37.97 37.91 38.07 38.16 38.18 38.2 38.25 38.27 38.15 38.05 38.14 38.22 38.19 38.16 38.21 38.24 38.25 38.24 38.2 38.17 38.2 38.25 38.22 38.24 38.26 38.23 38.23 38.25 38.26 38.21 38.16 38.13 38.17
38.12 38.16 38.14 38.17 38.15 38.12 38.04 37.95 37.9 37.88 37.96 38.12 38.19 38.18 38.1 38.01 38.06 38.13 38.27 38.27 38.23 38.2 38.19 38.17 38.16 38.17 38.22 38.24 38.25 38.25 38.24 38.24 38.23 38.23 38.11 37.98 37.94 37.91 37.88 37.89 37.92 37.97 38.09 38.09 38 37.95 38.08 38.14 38.13 38.19 38.26 38.27 38.2 38.19 38.21 38.23 38.15 38.11 38.2 38.23 38.24 38.21 38.11 38.05 38.11 38.2 38.2 38.23 38.24 38.21 38.18 38.22 38.24 38.23 38.22 38.19 38.16
38.12 38.16 38.2 38.2 38.18 38.17 38.05 37.91 37.94 38.01 38.09 38.19 38.23 38.23 38.16 38.05 38.04 38.11 38.19 38.17 38.13 38.14 38.15 38.12 38.09 38.14 38.21 38.23 38.25 38.28 38.26 38.24 38.21 38.2 38.07 37.94 37.9 37.9 37.9 37.9 37.89 37.93 38.09 38.14 38.11 38.03 38.07 38.08 38.06 38.12 38.24 38.26 38.25 38.24 38.2 38.18 38.11 37.99 38.06 38.11 38.19 38.2 38.04 37.94 38.04 38.19 38.23 38.24 38.19 38.21 38.23 38.25 38.24 38.22 38.25 38.24 38.14
38.11 38.14 38.23 38.23 38.22 38.21 38.06 37.9 37.96 38.09 38.19 38.23 38.26 38.29 38.29 38.2 38.15 38.15 38.07 38.03 38.03 38.1 38.19 38.14 38.09 38.14 38.22 38.2 38.26 38.33 38.3 38.25 38.23 38.22 38.07 37.93 37.91 37.91 37.92 37.92 37.91 37.91 38.15 38.22 38.21 38.14 38.11 38.07 38.04 38.09 38.19 38.25 38.26 38.16 38.09 38.09 38.08 37.95 37.94 37.97 38.12 38.18 38.05 37.96 38.06 38.24 38.29 38.25 38.16 38.21 38.26 38.27 38.22 38.12 38.14 38.16 38.14
38.13 38.18 38.25 38.25 38.26 38.24 38.09 37.9 37.88 37.97 38.1 38.15 38.18 38.19 38.24 38.24 38.23 38.15 38.02 38.03 38.06 38.12 38.23 38.25 38.25 38.25 38.27 38.23 38.28 38.33 38.3 38.25 38.24 38.23 38.08 37.97 37.93 37.93 37.93 37.93 37.93 37.94 38.17 38.27 38.24 38.19 38.18 38.18 38.16 38.16 38.18 38.22 38.22 38.08 38.02 38.05 38.12 38.04 37.97 37.96 38.06 38.15 38.09 38.04 38.08 38.18 38.23 38.23 38.21 38.24 38.27 38.29 38.19 37.99 37.92 38.01 38.14
38.19 38.22 38.2 38.16 38.18 38.21 38.09 37.92 37.88 37.92 37.99 37.99 38.03 38.05 38.04 38.14 38.2 38.16 38.06 38.01 38 38.1 38.21 38.26 38.29 38.29 38.26 38.27 38.29 38.32 38.28 38.24 38.23 38.19 38.05 37.95 37.89 37.89 37.89 37.9 37.92 37.98 38.17 38.28 38.23 38.16 38.22 38.27 38.29 38.21 38.13 38.11 38.15 38.11 38.09 38.12 38.2 38.1 38.04 38.03 38.07 38.18 38.18 38.15 38.12 38.15 38.24 38.25 38.23 38.2 38.23 38.28 38.23 38 37.93 37.99 38.15
38.15 38.1 38.03 37.97 38.02 38.07 37.99 37.93 37.91 37.94 37.94 37.91 37.9 37.91 37.87 37.95 38.07 38.06 38.01 38 38.03 38.13 38.19 38.24 38.27 38.26 38.19 38.25 38.3 38.3 38.23 38.21 38.23 38.12 37.95 37.87 37.8 37.79 37.81 37.84 37.88 37.98 38.19 38.29 38.24 38.15 38.17 38.21 38.24 38.13 38.02 37.97 38.07 38.17 38.17 38.17 38.2 38.16 38.12 38.1 38.13 38.22 38.29 38.29 38.27 38.25 38.25 38.3 38.26 38.19 38.18 38.24 38.23 38.03 37.94 38.01 38.16
37.98 37.93 37.86 37.82 37.85 37.9 37.94 37.93 37.91 37.9 37.89 37.87 37.86 37.85 37.82 37.88 37.93 37.93 37.96 38.01 38.06 38.14 38.15 38.19 38.23 38.19 38.1 38.18 38.24 38.22 38.19 38.24 38.22 38.03 37.91 37.85 37.8 37.77 37.8 37.83 37.88 38 38.21 38.3 38.26 38.21 38.15 38.14 38.13 38.03 37.98 37.97 38.1 38.21 38.22 38.2 38.12 38.08 38.06 38.05 38.15 38.22 38.25 38.23 38.27 38.29 38.28 38.32 38.25 38.19 38.21 38.26 38.24 38.07 37.95 37.92 38.04
37.9 37.86 37.78 37.73 37.74 37.79 37.86 37.84 37.82 37.83 37.85 37.87 37.87 37.85 37.83 37.83 37.83 37.84 37.92 38.01 38.07 38.13 38.12 38.13 38.16 38.11 38.01 38.03 38 38.06 38.18 38.28 38.19 37.98 37.94 37.92 37.9 37.87 37.88 37.91 37.95 38.05 38.18 38.23 38.26 38.24 38.18 38.2 38.17 38.08 38.06 38.16 38.21 38.22 38.22 38.2 38.11 38.04 38.01 38.03 38.15 38.24 38.27 38.24 38.23 38.26 38.27 38.26 38.17 38.13 38.18 38.24 38.2 38.04 37.92 37.84 37.88
37.92 37.87 37.78 37.68 37.64 37.7 37.78 37.76 37.75 37.79 37.85 37.88 37.89 37.88 37.87 37.86 37.86 37.86 37.91 38.02 38.09 38.14 38.11 38.04 38.05 38.01 37.91 37.88 37.82 37.97 38.19 38.27 38.16 37.98 37.96 37.98 37.97 37.93 37.91 37.92 37.96 38.01 38.07 38.16 38.24 38.18 38.1 38.2 38.16 38.17 38.13 38.2 38.19 38.16 38.18 38.22 38.18 38.12 38.08 38.1 38.18 38.23 38.24 38.2 38.09 38.17 38.22 38.19 38.14 38.15 38.19 38.14 38.06 37.98 37.94 37.89 37.84
37.94 37.95 37.88 37.74 37.65 37.66 37.73 37.73 37.73 37.78 37.85 37.89 37.92 37.92 37.93 37.93 37.97 37.98 37.99 38.07 38.15 38.16 38.07 37.94 37.95 37.94 37.87 37.85 37.91 38.07 38.16 38.21 38.08 37.95 37.95 37.97 37.97 37.91 37.84 37.83 37.86 37.92 37.93 38.03 38.18 38.14 38.09 38.16 38.1 38.19 38.24 38.23 38.12 38.03 38.04 38.15 38.19 38.19 38.17 38.18 38.21 38.23 38.23 38.2 38.09 38.12 38.12 38.1 38.13 38.19 38.22 38.06 37.94 37.95 37.99 37.97 37.92
37.94 37.97 38 37.87 37.76 37.73 37.82 37.81 37.76 37.78 37.83 37.88 37.91 37.99 38.08 38.1 38.14 38.13 38.12 38.17 38.24 38.12 37.98 37.88 37.92 38 37.98 37.96 38.03 38.14 38.16 38.17 37.96 37.88 37.92 37.96 37.97 37.87 37.79 37.76 37.79 37.92 37.99 38.02 38.08 38.05 38.07 38.1 38.04 38.15 38.26 38.2 38.06 37.98 37.96 38.02 38.12 38.15 38.13 38.13 38.2 38.22 38.21 38.21 38.16 38.09 38.04 37.98 38.07 38.2 38.23 38.06 37.93 37.94 38 38 37.98
37.83 37.91 38.07 38.05 37.95 37.91 38.02 38.05 38.01 37.96 37.87 37.84 37.9 38.05 38.2 38.25 38.28 38.25 38.22 38.24 38.23 37.99 37.9 37.93 37.98 38.07 38.05 38.03 38.11 38.18 38.14 38.09 37.89 37.84 37.9 37.94 37.97 37.86 37.76 37.71 37.77 37.97 38.06 38.02 37.96 37.92 37.97 38.02 37.99 38.09 38.21 38.13 38.04 38 37.98 37.99 38.06 38.07 37.98 37.87 38.04 38.11 38.11 38.16 38.16 38.1 38.03 37.93 38.02 38.17 38.26 38.07 37.92 37.93 37.98 37.98 38.03
37.75 37.8 38.07 38.18 38.14 38.11 38.18 38.24 38.25 38.16 37.95 37.82 37.89 38.07 38.21 38.25 38.28 38.29 38.25 38.18 38.1 37.99 37.96 37.99 38.05 38.06 38.05 38.05 38.16 38.14 37.99 37.88 37.85 37.93 37.99 38.02 38.02 37.87 37.77 37.72 37.8 38.02 38.09 38.03 37.89 37.83 37.88 37.95 38.03 38.12 38.17 38.07 38.05 38.1 38.09 38.09 38.1 38.05 37.9 37.68 37.86 37.96 37.94 38.04 38.1 38.12 38.05 37.99 38.02 38.12 38.23 38.09 37.96 37.96 38.02 38 38.01
37.87 37.92 38.1 38.21 38.21 38.16 38.17 38.21 38.23 38.17 37.99 37.85 37.9 38.08 38.2 38.2 38.2 38.21 38.18 38.1 38.07 38.05 38.04 38.06 38.09 38.1 38.11 38.14 38.24 38.11 37.89 37.7 37.71 37.94 38.07 38.13 38.13 37.92 37.8 37.77 37.81 38.02 38.09 38.05 37.88 37.8 37.86 37.95 38.09 38.13 38.1 38 38.01 38.11 38.11 38.06 38.12 38.07 37.96 37.77 37.84 37.9 37.88 37.93 38.02 38.1 38.07 38.05 38.08 38.13 38.18 38.14 38.1 38.1 38.1 38.05 37.99
38.07 38.13 38.15 38.14 38.1 38.01 38.03 38.11 38.15 38.15 38.04 37.91 37.92 38.07 38.16 38.15 38.13 38.04 38.08 38.02 38.02 38.03 38.09 38.12 38.13 38.14 38.16 38.19 38.23 38.1 37.92 37.73 37.7 37.94 38.1 38.18 38.2 38.01 37.88 37.84 37.84 37.97 38.06 38.05 37.9 37.83 37.86 37.95 38.07 38.08 38.02 37.96 37.93 37.98 37.95 37.82 38 38.05 37.99 37.87 37.87 37.92 37.87 37.85 37.94 38.04 38.15 38.17 38.17 38.19 38.18 38.14 38.15 38.18 38.2 38.15 38.08
