slabs/46.grd
DSAA
631 301
644520 645150
4947500 4947800
37.2 41.64
[rows 68 to 101 of 301, columns 231 to 307 of 631]
38.24 38.26 38.25 38.22 38.23 38.24 38.24 38.23 38.2 38.25 38.29 38.21 38.22 38.21 38.22 38.23 38.19 38.12 38.14 38.12 38.11 38.2 38.22 38.23 38.23 38.21 38.17 38.24 38.25 38.23 38.25 38.26 38.25 38.24 38.15 38.08 38.13 38.2 38.22 38.26 38.27 38.27 38.21 38.19 38.22 38.25 38.24 38.22 38.22 38.3 38.3 38.25 38.24 38.25 38.19 38.2 38.2 38.2 38.15 38.19 38.24 38.14 38.23 38.28 38.25 38.22 38.08 38 38.05 38.21 38.25 38.24 38.24 38.24 38.14 38.08 38.05
38.21 38.24 38.24 38.25 38.27 38.23 38.16 38.11 38.17 38.23 38.25 38.13 38.17 38.19 38.24 38.23 38.22 38.21 38.22 38.19 38.21 38.23 38.23 38.25 38.25 38.22 38.2 38.25 38.24 38.22 38.23 38.25 38.24 38.21 38.15 38.09 38.12 38.18 38.26 38.27 38.24 38.24 38.21 38.22 38.25 38.23 38.2 38.18 38.21 38.26 38.26 38.25 38.25 38.27 38.27 38.25 38.25 38.16 38.17 38.22 38.23 38.19 38.24 38.24 38.26 38.24 38.13 38.03 38.03 38.17 38.24 38.24 38.23 38.21 38.07 38.03 38.01
38.21 38.24 38.25 38.25 38.29 38.26 38.22 38.23 38.25 38.25 38.24 38.21 38.23 38.2 38.23 38.23 38.26 38.28 38.27 38.23 38.25 38.25 38.24 38.26 38.25 38.2 38.23 38.26 38.24 38.21 38.23 38.18 38.17 38.14 38.2 38.22 38.2 38.23 38.28 38.26 38.26 38.25 38.24 38.26 38.26 38.19 38.18 38.22 38.25 38.24 38.23 38.26 38.28 38.27 38.25 38.25 38.24 38.17 38.24 38.28 38.26 38.23 38.24 38.23 38.26 38.22 38.12 38.04 38.06 38.14 38.21 38.21 38.19 38.17 38.08 38.08 38.08
38.23 38.24 38.26 38.27 38.26 38.21 38.19 38.25 38.25 38.24 38.23 38.27 38.22 38.17 38.2 38.19 38.26 38.3 38.27 38.23 38.24 38.24 38.24 38.26 38.24 38.18 38.23 38.26 38.24 38.2 38.24 38.13 38.09 38.02 38.14 38.19 38.2 38.24 38.27 38.24 38.21 38.22 38.21 38.24 38.24 38.19 38.2 38.26 38.27 38.27 38.23 38.25 38.26 38.21 38.2 38.22 38.26 38.23 38.27 38.28 38.26 38.26 38.25 38.23 38.24 38.21 38.12 38.08 38.16 38.19 38.22 38.23 38.21 38.18 38.15 38.18 38.19
38.24 38.25 38.28 38.25 38.24 38.24 38.22 38.2 38.21 38.2 38.18 38.22 38.16 38.19 38.24 38.19 38.24 38.27 38.28 38.24 38.22 38.22 38.24 38.24 38.22 38.2 38.23 38.25 38.26 38.2 38.24 38.2 38.14 38.05 38.17 38.19 38.19 38.2 38.24 38.21 38.12 38.12 38.23 38.26 38.23 38.22 38.21 38.25 38.26 38.27 38.25 38.25 38.22 38.17 38.17 38.21 38.25 38.19 38.23 38.28 38.27 38.25 38.25 38.24 38.2 38.18 38.14 38.14 38.23 38.26 38.26 38.27 38.26 38.24 38.22 38.18 38.15
38.25 38.23 38.26 38.23 38.22 38.25 38.24 38.17 38.16 38.14 38.1 38.13 38.17 38.23 38.28 38.21 38.23 38.24 38.28 38.27 38.24 38.23 38.28 38.24 38.19 38.17 38.22 38.24 38.28 38.24 38.2 38.21 38.24 38.27 38.24 38.2 38.21 38.24 38.27 38.22 38.16 38.17 38.23 38.25 38.27 38.23 38.22 38.22 38.22 38.25 38.26 38.26 38.23 38.18 38.19 38.22 38.24 38.2 38.21 38.26 38.26 38.22 38.24 38.25 38.19 38.15 38.17 38.19 38.25 38.28 38.26 38.22 38.22 38.25 38.23 38.12 38.05
38.28 38.26 38.27 38.25 38.22 38.26 38.27 38.22 38.17 38.14 38.08 38.14 38.21 38.26 38.26 38.22 38.22 38.23 38.23 38.26 38.28 38.28 38.32 38.26 38.22 38.2 38.25 38.26 38.27 38.28 38.19 38.17 38.21 38.24 38.2 38.2 38.26 38.3 38.27 38.22 38.19 38.28 38.25 38.23 38.27 38.27 38.25 38.23 38.18 38.23 38.26 38.25 38.24 38.22 38.24 38.25 38.23 38.22 38.2 38.23 38.25 38.18 38.2 38.24 38.2 38.17 38.19 38.22 38.26 38.27 38.24 38.16 38.14 38.21 38.19 38.13 38.09
38.28 38.28 38.28 38.27 38.23 38.27 38.27 38.28 38.23 38.2 38.17 38.22 38.23 38.27 38.24 38.24 38.22 38.21 38.18 38.25 38.29 38.29 38.31 38.26 38.25 38.25 38.25 38.25 38.26 38.3 38.22 38.2 38.23 38.22 38.2 38.19 38.24 38.28 38.26 38.23 38.21 38.27 38.24 38.21 38.25 38.26 38.24 38.26 38.22 38.21 38.22 38.19 38.2 38.24 38.25 38.26 38.21 38.21 38.21 38.25 38.24 38.14 38.16 38.21 38.21 38.21 38.23 38.26 38.25 38.26 38.2 38.21 38.21 38.25 38.23 38.19 38.12
38.25 38.25 38.25 38.26 38.23 38.23 38.22 38.27 38.22 38.21 38.23 38.26 38.25 38.26 38.22 38.24 38.24 38.22 38.17 38.22 38.22 38.25 38.25 38.24 38.22 38.23 38.26 38.26 38.27 38.29 38.25 38.26 38.26 38.25 38.23 38.21 38.22 38.24 38.24 38.22 38.2 38.24 38.23 38.22 38.24 38.24 38.23 38.26 38.25 38.22 38.17 38.1 38.16 38.22 38.22 38.23 38.18 38.23 38.26 38.27 38.23 38.16 38.19 38.23 38.25 38.19 38.18 38.22 38.19 38.27 38.26 38.25 38.26 38.28 38.25 38.18 38.01
38.25 38.25 38.23 38.24 38.22 38.22 38.18 38.23 38.26 38.25 38.24 38.24 38.24 38.24 38.23 38.25 38.26 38.24 38.23 38.22 38.19 38.22 38.24 38.24 38.22 38.24 38.26 38.27 38.29 38.29 38.27 38.27 38.27 38.25 38.25 38.25 38.24 38.23 38.23 38.2 38.16 38.19 38.24 38.25 38.24 38.2 38.22 38.26 38.25 38.23 38.15 38.07 38.18 38.21 38.24 38.24 38.23 38.28 38.27 38.24 38.21 38.17 38.2 38.23 38.22 38.06 37.99 38.04 38.08 38.21 38.22 38.2 38.22 38.24 38.21 38.22 38.17
38.21 38.25 38.23 38.23 38.23 38.25 38.19 38.2 38.26 38.26 38.26 38.24 38.25 38.26 38.24 38.24 38.24 38.23 38.21 38.19 38.22 38.26 38.25 38.24 38.25 38.25 38.25 38.27 38.29 38.28 38.26 38.25 38.25 38.26 38.25 38.24 38.25 38.22 38.21 38.19 38.12 38.17 38.26 38.27 38.25 38.19 38.21 38.25 38.25 38.23 38.16 38.13 38.21 38.23 38.25 38.25 38.28 38.3 38.31 38.26 38.18 38.17 38.23 38.22 38.11 37.98 37.92 38.05 38.11 38.19 38.18 38.2 38.23 38.18 38.1 38.18 38.28
38.18 38.25 38.22 38.22 38.22 38.2 38.2 38.21 38.21 38.23 38.24 38.22 38.23 38.25 38.25 38.23 38.22 38.22 38.21 38.22 38.24 38.27 38.24 38.25 38.28 38.25 38.24 38.24 38.25 38.26 38.25 38.24 38.24 38.27 38.23 38.22 38.24 38.21 38.21 38.19 38.15 38.22 38.29 38.28 38.26 38.24 38.24 38.25 38.26 38.27 38.23 38.21 38.24 38.27 38.29 38.29 38.26 38.28 38.31 38.28 38.25 38.25 38.26 38.21 38.11 38.06 38.03 38.16 38.19 38.15 38.11 38.13 38.22 38.15 38.04 38.13 38.26
38.26 38.26 38.19 38.22 38.23 38.22 38.25 38.22 38.22 38.26 38.24 38.22 38.25 38.25 38.26 38.22 38.21 38.2 38.23 38.23 38.23 38.24 38.24 38.25 38.27 38.28 38.25 38.23 38.23 38.25 38.25 38.25 38.27 38.27 38.23 38.2 38.25 38.24 38.23 38.22 38.19 38.24 38.27 38.26 38.25 38.26 38.24 38.2 38.23 38.28 38.25 38.23 38.25 38.25 38.25 38.26 38.22 38.22 38.28 38.28 38.26 38.25 38.24 38.22 38.17 38.15 38.16 38.2 38.19 38.13 38.12 38.13 38.23 38.18 38.09 38.15 38.22
38.28 38.28 38.22 38.22 38.23 38.23 38.26 38.24 38.23 38.24 38.24 38.23 38.23 38.25 38.27 38.21 38.16 38.16 38.23 38.25 38.26 38.25 38.23 38.25 38.26 38.29 38.27 38.24 38.24 38.25 38.25 38.24 38.26 38.26 38.24 38.21 38.25 38.23 38.23 38.25 38.22 38.19 38.24 38.25 38.25 38.26 38.25 38.22 38.22 38.25 38.28 38.27 38.27 38.27 38.26 38.25 38.23 38.22 38.26 38.24 38.2 38.22 38.22 38.23 38.2 38.19 38.19 38.13 38.17 38.2 38.23 38.21 38.23 38.25 38.21 38.21 38.24
38.26 38.25 38.24 38.24 38.24 38.24 38.25 38.23 38.21 38.23 38.24 38.19 38.17 38.23 38.27 38.23 38.18 38.19 38.25 38.27 38.28 38.26 38.23 38.26 38.24 38.26 38.26 38.23 38.24 38.25 38.24 38.22 38.24 38.26 38.25 38.25 38.27 38.22 38.21 38.2 38.18 38.15 38.24 38.28 38.25 38.21 38.23 38.24 38.22 38.24 38.25 38.26 38.27 38.25 38.24 38.26 38.25 38.17 38.16 38.09 38.05 38.15 38.22 38.25 38.24 38.23 38.21 38.12 38.19 38.28 38.31 38.28 38.27 38.3 38.28 38.26 38.27
38.25 38.23 38.25 38.24 38.23 38.2 38.23 38.24 38.23 38.25 38.25 38.2 38.19 38.22 38.25 38.26 38.26 38.25 38.25 38.27 38.26 38.26 38.23 38.26 38.23 38.24 38.24 38.26 38.23 38.22 38.22 38.21 38.22 38.28 38.28 38.29 38.3 38.19 38.15 38.14 38.18 38.2 38.25 38.27 38.26 38.22 38.22 38.24 38.23 38.23 38.21 38.24 38.27 38.24 38.22 38.26 38.24 38.09 38.01 37.92 37.94 38.1 38.22 38.27 38.27 38.25 38.24 38.19 38.23 38.28 38.29 38.31 38.3 38.3 38.27 38.27 38.28
38.24 38.23 38.26 38.25 38.21 38.19 38.23 38.25 38.25 38.26 38.24 38.25 38.25 38.24 38.23 38.25 38.27 38.26 38.21 38.22 38.22 38.22 38.22 38.23 38.23 38.22 38.25 38.31 38.27 38.24 38.22 38.22 38.24 38.27 38.27 38.27 38.27 38.17 38.12 38.13 38.21 38.24 38.25 38.25 38.24 38.26 38.26 38.27 38.24 38.23 38.22 38.24 38.25 38.25 38.24 38.24 38.22 38.1 38.01 37.92 37.98 38.09 38.19 38.25 38.26 38.25 38.26 38.22 38.22 38.24 38.25 38.27 38.26 38.25 38.25 38.28 38.25
38.23 38.23 38.26 38.24 38.21 38.22 38.25 38.25 38.23 38.22 38.23 38.25 38.25 38.25 38.24 38.25 38.27 38.27 38.22 38.21 38.23 38.22 38.23 38.27 38.27 38.22 38.23 38.26 38.26 38.25 38.25 38.27 38.27 38.28 38.25 38.26 38.24 38.2 38.19 38.21 38.23 38.26 38.26 38.24 38.22 38.26 38.27 38.28 38.26 38.25 38.24 38.25 38.25 38.26 38.24 38.23 38.21 38.18 38.15 38.09 38.08 38.07 38.14 38.22 38.23 38.24 38.29 38.23 38.22 38.22 38.25 38.24 38.21 38.22 38.22 38.25 38.26
38.23 38.23 38.24 38.24 38.23 38.24 38.25 38.23 38.18 38.19 38.24 38.25 38.26 38.26 38.24 38.23 38.25 38.28 38.25 38.26 38.26 38.25 38.25 38.27 38.23 38.23 38.2 38.22 38.24 38.2 38.22 38.25 38.25 38.28 38.26 38.26 38.24 38.23 38.22 38.25 38.25 38.25 38.25 38.25 38.23 38.22 38.24 38.24 38.27 38.26 38.23 38.24 38.26 38.26 38.24 38.24 38.22 38.23 38.24 38.24 38.14 38.04 38.14 38.22 38.21 38.2 38.24 38.23 38.22 38.21 38.24 38.19 38.22 38.28 38.27 38.25 38.25
38.23 38.23 38.23 38.24 38.25 38.26 38.25 38.22 38.2 38.22 38.2 38.2 38.23 38.22 38.19 38.24 38.26 38.26 38.26 38.28 38.25 38.24 38.23 38.26 38.24 38.2 38.17 38.2 38.24 38.24 38.24 38.23 38.24 38.26 38.25 38.24 38.25 38.25 38.23 38.26 38.27 38.23 38.23 38.25 38.26 38.22 38.22 38.22 38.26 38.26 38.24 38.23 38.25 38.23 38.2 38.25 38.24 38.25 38.25 38.26 38.18 38.2 38.25 38.26 38.25 38.25 38.25 38.24 38.22 38.24 38.27 38.22 38.22 38.28 38.29 38.26 38.27
38.24 38.24 38.24 38.23 38.22 38.24 38.25 38.26 38.25 38.21 38.21 38.2 38.21 38.2 38.2 38.24 38.23 38.27 38.28 38.33 38.29 38.26 38.24 38.25 38.25 38.24 38.22 38.22 38.24 38.26 38.26 38.24 38.24 38.26 38.25 38.25 38.24 38.26 38.25 38.29 38.28 38.23 38.21 38.24 38.27 38.24 38.22 38.24 38.25 38.26 38.27 38.24 38.23 38.21 38.2 38.23 38.24 38.23 38.22 38.24 38.18 38.22 38.26 38.25 38.26 38.27 38.25 38.25 38.23 38.25 38.25 38.23 38.18 38.17 38.27 38.28 38.28
38.25 38.26 38.26 38.24 38.23 38.25 38.28 38.27 38.26 38.21 38.23 38.22 38.23 38.27 38.26 38.28 38.24 38.26 38.26 38.29 38.28 38.27 38.24 38.22 38.26 38.27 38.26 38.25 38.25 38.26 38.27 38.27 38.24 38.26 38.25 38.25 38.26 38.26 38.27 38.28 38.3 38.24 38.2 38.24 38.27 38.27 38.24 38.27 38.27 38.26 38.23 38.23 38.19 38.18 38.21 38.22 38.25 38.24 38.24 38.27 38.24 38.24 38.25 38.2 38.22 38.26 38.24 38.27 38.26 38.26 38.23 38.21 38.22 38.21 38.27 38.27 38.27
38.26 38.27 38.28 38.27 38.26 38.25 38.27 38.25 38.24 38.23 38.22 38.21 38.22 38.28 38.26 38.25 38.24 38.26 38.26 38.26 38.25 38.25 38.23 38.23 38.25 38.27 38.26 38.25 38.26 38.27 38.28 38.28 38.25 38.26 38.24 38.25 38.27 38.26 38.26 38.26 38.28 38.25 38.23 38.25 38.25 38.25 38.25 38.28 38.24 38.24 38.25 38.21 38.19 38.23 38.23 38.19 38.22 38.21 38.24 38.29 38.25 38.23 38.23 38.24 38.24 38.24 38.25 38.26 38.26 38.27 38.23 38.23 38.25 38.27 38.29 38.27 38.24
38.25 38.26 38.27 38.28 38.28 38.26 38.27 38.24 38.26 38.27 38.23 38.21 38.21 38.25 38.25 38.24 38.27 38.28 38.26 38.27 38.24 38.24 38.25 38.26 38.26 38.26 38.24 38.23 38.26 38.25 38.27 38.27 38.25 38.27 38.26 38.25 38.25 38.25 38.25 38.23 38.25 38.25 38.27 38.25 38.26 38.26 38.25 38.27 38.22 38.23 38.23 38.21 38.21 38.23 38.23 38.14 38.21 38.24 38.23 38.26 38.25 38.24 38.25 38.26 38.28 38.29 38.29 38.28 38.25 38.26 38.22 38.26 38.25 38.26 38.29 38.26 38.21
38.24 38.26 38.25 38.27 38.29 38.28 38.27 38.25 38.26 38.27 38.24 38.22 38.21 38.24 38.26 38.25 38.27 38.27 38.25 38.26 38.25 38.26 38.27 38.28 38.28 38.25 38.22 38.23 38.26 38.24 38.25 38.25 38.22 38.25 38.24 38.22 38.22 38.24 38.26 38.21 38.24 38.27 38.29 38.29 38.27 38.24 38.24 38.25 38.19 38.22 38.23 38.22 38.23 38.24 38.22 38.19 38.23 38.26 38.23 38.23 38.23 38.22 38.25 38.25 38.26 38.27 38.3 38.29 38.25 38.26 38.21 38.25 38.25 38.26 38.24 38.23 38.21
38.23 38.26 38.25 38.25 38.28 38.27 38.26 38.25 38.26 38.25 38.23 38.24 38.23 38.24 38.26 38.25 38.24 38.23 38.23 38.24 38.25 38.26 38.27 38.28 38.29 38.24 38.19 38.24 38.27 38.27 38.29 38.24 38.24 38.26 38.26 38.25 38.25 38.26 38.27 38.26 38.24 38.22 38.2 38.24 38.25 38.24 38.24 38.25 38.22 38.23 38.22 38.21 38.24 38.24 38.19 38.21 38.24 38.26 38.25 38.25 38.25 38.24 38.24 38.23 38.25 38.24 38.26 38.27 38.23 38.25 38.22 38.24 38.23 38.26 38.22 38.23 38.23
38.22 38.24 38.24 38.21 38.25 38.24 38.23 38.26 38.27 38.22 38.22 38.24 38.25 38.24 38.26 38.25 38.23 38.21 38.22 38.23 38.24 38.24 38.25 38.27 38.28 38.23 38.18 38.21 38.26 38.28 38.26 38.25 38.24 38.25 38.24 38.23 38.24 38.25 38.25 38.25 38.22 38.18 38.11 38.2 38.27 38.28 38.24 38.24 38.27 38.27 38.21 38.22 38.24 38.23 38.21 38.2 38.21 38.23 38.25 38.27 38.27 38.26 38.23 38.21 38.26 38.25 38.24 38.25 38.21 38.22 38.23 38.23 38.19 38.22 38.26 38.26 38.23
38.22 38.24 38.24 38.21 38.25 38.25 38.25 38.27 38.25 38.23 38.23 38.24 38.26 38.25 38.24 38.24 38.26 38.26 38.24 38.24 38.24 38.26 38.27 38.24 38.26 38.25 38.24 38.24 38.25 38.24 38.24 38.25 38.24 38.24 38.21 38.24 38.25 38.25 38.24 38.23 38.14 38.15 38.11 38.2 38.25 38.27 38.22 38.23 38.29 38.28 38.24 38.23 38.23 38.23 38.24 38.22 38.2 38.21 38.22 38.26 38.27 38.27 38.23 38.23 38.24 38.2 38.21 38.25 38.25 38.24 38.24 38.23 38.22 38.22 38.24 38.25 38.25
38.24 38.25 38.26 38.25 38.28 38.28 38.27 38.27 38.23 38.25 38.25 38.25 38.24 38.27 38.25 38.24 38.26 38.25 38.22 38.23 38.24 38.27 38.28 38.27 38.25 38.24 38.22 38.24 38.27 38.25 38.25 38.25 38.24 38.23 38.2 38.22 38.25 38.26 38.25 38.24 38.18 38.18 38.18 38.22 38.25 38.26 38.21 38.24 38.28 38.26 38.28 38.23 38.2 38.18 38.21 38.23 38.23 38.24 38.22 38.24 38.27 38.29 38.24 38.26 38.25 38.17 38.18 38.24 38.28 38.27 38.24 38.22 38.24 38.24 38.25 38.25 38.26
38.27 38.24 38.26 38.27 38.26 38.28 38.25 38.24 38.22 38.25 38.23 38.25 38.26 38.28 38.31 38.24 38.24 38.24 38.24 38.24 38.25 38.25 38.27 38.26 38.26 38.23 38.22 38.26 38.28 38.27 38.24 38.23 38.25 38.24 38.23 38.21 38.25 38.26 38.26 38.24 38.23 38.23 38.23 38.24 38.25 38.25 38.21 38.25 38.26 38.26 38.28 38.23 38.16 38.14 38.17 38.22 38.24 38.25 38.25 38.24 38.22 38.23 38.27 38.29 38.27 38.21 38.2 38.25 38.28 38.29 38.24 38.22 38.21 38.22 38.24 38.24 38.24
38.27 38.25 38.27 38.28 38.23 38.27 38.26 38.24 38.23 38.25 38.25 38.25 38.25 38.28 38.27 38.2 38.22 38.25 38.25 38.26 38.25 38.27 38.28 38.26 38.25 38.24 38.24 38.25 38.26 38.27 38.23 38.22 38.25 38.26 38.25 38.23 38.26 38.26 38.26 38.24 38.24 38.25 38.26 38.25 38.24 38.22 38.18 38.23 38.25 38.25 38.26 38.24 38.22 38.23 38.21 38.23 38.26 38.27 38.25 38.24 38.24 38.2 38.24 38.28 38.25 38.25 38.21 38.23 38.26 38.29 38.26 38.25 38.23 38.25 38.26 38.22 38.23
38.24 38.24 38.23 38.22 38.23 38.24 38.24 38.23 38.26 38.24 38.23 38.26 38.23 38.25 38.26 38.25 38.25 38.25 38.24 38.25 38.26 38.28 38.28 38.26 38.26 38.26 38.23 38.25 38.25 38.25 38.22 38.19 38.22 38.26 38.25 38.26 38.26 38.26 38.26 38.23 38.24 38.25 38.25 38.24 38.22 38.21 38.16 38.21 38.26 38.26 38.29 38.25 38.22 38.25 38.19 38.24 38.3 38.28 38.24 38.25 38.24 38.18 38.22 38.26 38.25 38.26 38.24 38.26 38.29 38.3 38.3 38.28 38.24 38.25 38.25 38.24 38.24
38.27 38.25 38.25 38.21 38.23 38.24 38.25 38.23 38.24 38.25 38.25 38.27 38.22 38.23 38.25 38.24 38.24 38.25 38.25 38.25 38.27 38.28 38.28 38.26 38.27 38.26 38.23 38.26 38.24 38.23 38.21 38.17 38.22 38.24 38.25 38.26 38.26 38.25 38.25 38.21 38.21 38.21 38.25 38.23 38.23 38.23 38.22 38.23 38.23 38.24 38.29 38.26 38.23 38.24 38.23 38.27 38.3 38.28 38.25 38.25 38.25 38.19 38.21 38.25 38.26 38.24 38.24 38.24 38.26 38.29 38.3 38.28 38.25 38.23 38.24 38.27 38.25
38.26 38.25 38.26 38.22 38.22 38.23 38.2 38.22 38.24 38.27 38.27 38.28 38.25 38.25 38.25 38.24 38.24 38.25 38.24 38.26 38.27 38.27 38.26 38.26 38.27 38.27 38.25 38.27 38.25 38.24 38.23 38.22 38.24 38.24 38.23 38.24 38.26 38.26 38.26 38.26 38.23 38.23 38.28 38.27 38.25 38.27 38.24 38.22 38.24 38.24 38.27 38.24 38.22 38.23 38.24 38.24 38.25 38.27 38.27 38.25 38.25 38.23 38.22 38.24 38.26 38.21 38.25 38.23 38.22 38.23 38.27 38.26 38.26 38.24 38.26 38.28 38.26
