slabs/46.grd
DSAA
631 301
644520 645150
4947500 4947800
37.2 41.64
[rows 102 to 135 of 301, columns 308 to 384 of 631]
38.24 38.25 38.25 38.23 38.25 38.24 38.22 38.28 38.26 38.25 38.24 38.24 38.24 38.25 38.26 38.25 38.24 38.26 38.24 38.23 38.25 38.25 38.22 38.24 38.25 38.25 38.26 38.25 38.26 38.29 38.23 38.25 38.28 38.27 38.23 38.24 38.28 38.26 38.23 38.21 38.21 38.17 38.21 38.26 38.25 38.25 38.27 38.26 38.26 38.27 38.28 38.26 38.29 38.21 38.25 38.24 38.23 38.23 38.25 38.25 38.26 38.26 38.25 38.24 38.21 38.22 38.23 38.24 38.26 38.27 38.24 38.21 38.23 38.25 38.26 38.26 38.25
38.25 38.25 38.26 38.26 38.26 38.26 38.25 38.23 38.23 38.27 38.26 38.26 38.25 38.25 38.25 38.26 38.26 38.24 38.23 38.22 38.23 38.24 38.22 38.24 38.25 38.25 38.24 38.23 38.25 38.27 38.24 38.25 38.26 38.23 38.21 38.23 38.28 38.28 38.25 38.23 38.21 38.23 38.25 38.25 38.24 38.25 38.25 38.24 38.22 38.23 38.27 38.28 38.27 38.25 38.24 38.24 38.24 38.26 38.26 38.27 38.28 38.24 38.24 38.25 38.24 38.22 38.22 38.23 38.23 38.26 38.25 38.25 38.21 38.24 38.24 38.23 38.23
38.27 38.24 38.25 38.29 38.3 38.26 38.25 38.19 38.22 38.26 38.26 38.24 38.24 38.26 38.25 38.25 38.26 38.25 38.26 38.24 38.23 38.23 38.22 38.24 38.27 38.26 38.22 38.19 38.23 38.26 38.27 38.27 38.25 38.21 38.19 38.22 38.24 38.23 38.25 38.24 38.22 38.23 38.22 38.23 38.23 38.24 38.25 38.24 38.23 38.24 38.25 38.26 38.24 38.22 38.23 38.26 38.26 38.24 38.26 38.28 38.27 38.21 38.22 38.25 38.24 38.23 38.22 38.23 38.2 38.24 38.26 38.26 38.21 38.24 38.17 38.13 38.18
38.27 38.25 38.23 38.25 38.26 38.24 38.23 38.22 38.25 38.26 38.27 38.24 38.24 38.27 38.26 38.26 38.27 38.29 38.3 38.27 38.25 38.24 38.23 38.24 38.26 38.25 38.21 38.19 38.22 38.24 38.28 38.28 38.24 38.18 38.14 38.22 38.24 38.21 38.24 38.26 38.27 38.24 38.22 38.21 38.2 38.21 38.27 38.28 38.28 38.25 38.28 38.27 38.24 38.27 38.25 38.25 38.25 38.24 38.25 38.27 38.24 38.21 38.22 38.23 38.23 38.24 38.24 38.23 38.19 38.24 38.28 38.24 38.21 38.23 38.17 38.13 38.18
38.26 38.27 38.23 38.23 38.22 38.21 38.21 38.23 38.26 38.28 38.28 38.27 38.24 38.25 38.27 38.26 38.26 38.29 38.28 38.27 38.24 38.23 38.24 38.22 38.23 38.23 38.22 38.22 38.24 38.24 38.25 38.26 38.2 38.17 38.12 38.21 38.27 38.22 38.23 38.27 38.29 38.26 38.25 38.22 38.24 38.23 38.28 38.31 38.29 38.19 38.23 38.26 38.26 38.27 38.26 38.24 38.23 38.25 38.26 38.24 38.23 38.24 38.25 38.26 38.26 38.25 38.26 38.25 38.22 38.25 38.29 38.21 38.21 38.24 38.24 38.22 38.21
38.26 38.24 38.23 38.23 38.23 38.21 38.21 38.21 38.26 38.29 38.25 38.27 38.26 38.26 38.27 38.27 38.26 38.27 38.24 38.23 38.21 38.21 38.23 38.23 38.25 38.24 38.23 38.23 38.27 38.25 38.24 38.21 38.14 38.15 38.14 38.21 38.26 38.24 38.27 38.28 38.25 38.25 38.26 38.21 38.21 38.24 38.27 38.32 38.25 38.15 38.21 38.25 38.25 38.24 38.24 38.24 38.23 38.28 38.25 38.22 38.24 38.26 38.25 38.25 38.23 38.23 38.25 38.26 38.23 38.24 38.26 38.18 38.22 38.25 38.25 38.25 38.23
38.26 38.24 38.25 38.27 38.25 38.21 38.22 38.2 38.25 38.28 38.23 38.27 38.29 38.3 38.27 38.27 38.27 38.27 38.24 38.24 38.21 38.23 38.22 38.22 38.26 38.26 38.25 38.24 38.26 38.24 38.21 38.16 38.12 38.18 38.24 38.25 38.27 38.26 38.25 38.22 38.19 38.2 38.26 38.27 38.24 38.25 38.25 38.27 38.25 38.21 38.25 38.23 38.22 38.21 38.23 38.25 38.25 38.29 38.26 38.23 38.25 38.27 38.23 38.21 38.19 38.22 38.23 38.24 38.2 38.21 38.23 38.21 38.23 38.24 38.25 38.22 38.23
38.25 38.25 38.26 38.27 38.24 38.21 38.21 38.22 38.26 38.27 38.26 38.26 38.29 38.3 38.28 38.26 38.26 38.26 38.26 38.26 38.24 38.26 38.19 38.21 38.25 38.26 38.22 38.21 38.18 38.16 38.23 38.13 38.04 38.18 38.27 38.26 38.24 38.27 38.24 38.18 38.17 38.2 38.26 38.31 38.25 38.25 38.25 38.25 38.26 38.23 38.25 38.24 38.21 38.23 38.24 38.24 38.26 38.27 38.26 38.25 38.27 38.26 38.24 38.25 38.23 38.25 38.22 38.21 38.23 38.23 38.23 38.25 38.23 38.22 38.23 38.19 38.23
38.25 38.25 38.26 38.26 38.23 38.21 38.21 38.25 38.27 38.26 38.26 38.25 38.26 38.26 38.28 38.25 38.24 38.25 38.25 38.23 38.21 38.21 38.22 38.25 38.26 38.26 38.21 38.22 38.22 38.22 38.26 38.15 38.05 38.21 38.26 38.26 38.24 38.26 38.25 38.23 38.22 38.23 38.25 38.28 38.25 38.26 38.26 38.24 38.25 38.22 38.24 38.26 38.21 38.26 38.25 38.23 38.25 38.24 38.24 38.22 38.27 38.24 38.22 38.27 38.24 38.22 38.19 38.17 38.19 38.21 38.2 38.24 38.22 38.2 38.19 38.17 38.21
38.25 38.24 38.25 38.29 38.25 38.24 38.24 38.23 38.25 38.24 38.26 38.24 38.24 38.25 38.3 38.29 38.29 38.27 38.26 38.26 38.24 38.24 38.26 38.26 38.26 38.24 38.2 38.23 38.24 38.24 38.27 38.25 38.19 38.26 38.28 38.26 38.24 38.24 38.24 38.26 38.27 38.27 38.26 38.25 38.25 38.27 38.26 38.23 38.25 38.26 38.27 38.27 38.22 38.26 38.22 38.19 38.24 38.22 38.25 38.26 38.26 38.21 38.2 38.25 38.24 38.17 38.16 38.16 38.21 38.22 38.17 38.25 38.23 38.19 38.18 38.18 38.22
38.24 38.24 38.25 38.27 38.26 38.28 38.26 38.25 38.25 38.24 38.25 38.22 38.2 38.2 38.24 38.26 38.26 38.26 38.26 38.25 38.24 38.28 38.26 38.22 38.19 38.21 38.21 38.24 38.25 38.25 38.27 38.29 38.25 38.27 38.26 38.25 38.23 38.23 38.23 38.24 38.26 38.27 38.27 38.26 38.26 38.27 38.26 38.25 38.25 38.25 38.25 38.26 38.25 38.23 38.21 38.18 38.23 38.25 38.27 38.26 38.22 38.19 38.22 38.22 38.19 38.15 38.16 38.18 38.2 38.22 38.23 38.26 38.18 38.14 38.16 38.22 38.24
38.26 38.27 38.27 38.25 38.25 38.28 38.29 38.29 38.28 38.26 38.23 38.22 38.22 38.22 38.23 38.25 38.21 38.24 38.24 38.26 38.27 38.3 38.29 38.23 38.2 38.22 38.23 38.25 38.25 38.26 38.26 38.28 38.26 38.23 38.23 38.25 38.24 38.24 38.24 38.25 38.26 38.25 38.25 38.26 38.26 38.25 38.26 38.25 38.25 38.23 38.22 38.25 38.23 38.21 38.21 38.23 38.2 38.22 38.23 38.23 38.23 38.23 38.26 38.27 38.23 38.19 38.2 38.22 38.22 38.24 38.28 38.27 38.22 38.19 38.19 38.24 38.25
38.25 38.23 38.23 38.27 38.27 38.26 38.27 38.26 38.26 38.23 38.21 38.22 38.22 38.24 38.23 38.25 38.24 38.23 38.25 38.25 38.25 38.29 38.27 38.25 38.24 38.24 38.26 38.25 38.25 38.23 38.23 38.25 38.26 38.22 38.25 38.28 38.26 38.23 38.25 38.27 38.29 38.26 38.23 38.25 38.24 38.24 38.22 38.23 38.24 38.23 38.22 38.28 38.28 38.25 38.24 38.23 38.22 38.23 38.22 38.26 38.26 38.26 38.25 38.27 38.26 38.24 38.25 38.25 38.23 38.24 38.25 38.23 38.24 38.23 38.23 38.22 38.25
38.23 38.23 38.24 38.26 38.25 38.24 38.23 38.25 38.28 38.25 38.25 38.24 38.23 38.26 38.26 38.26 38.28 38.24 38.25 38.24 38.24 38.26 38.24 38.24 38.24 38.26 38.26 38.23 38.25 38.21 38.21 38.23 38.26 38.24 38.25 38.28 38.25 38.22 38.24 38.24 38.25 38.27 38.22 38.22 38.25 38.25 38.22 38.26 38.26 38.25 38.22 38.23 38.25 38.24 38.23 38.24 38.24 38.24 38.22 38.25 38.27 38.27 38.27 38.28 38.26 38.25 38.25 38.24 38.23 38.24 38.23 38.21 38.24 38.24 38.25 38.23 38.26
38.24 38.25 38.22 38.24 38.25 38.24 38.22 38.24 38.27 38.26 38.27 38.25 38.24 38.23 38.24 38.25 38.26 38.25 38.25 38.24 38.24 38.24 38.23 38.23 38.22 38.25 38.26 38.23 38.24 38.21 38.22 38.23 38.27 38.24 38.22 38.24 38.24 38.25 38.26 38.26 38.26 38.26 38.23 38.23 38.26 38.25 38.22 38.25 38.26 38.27 38.26 38.24 38.25 38.24 38.23 38.25 38.24 38.24 38.24 38.26 38.26 38.27 38.29 38.28 38.25 38.24 38.23 38.22 38.24 38.25 38.24 38.22 38.24 38.24 38.25 38.26 38.26
38.24 38.23 38.22 38.25 38.25 38.25 38.25 38.26 38.26 38.25 38.26 38.26 38.26 38.22 38.22 38.22 38.24 38.24 38.24 38.25 38.24 38.23 38.23 38.23 38.23 38.23 38.26 38.26 38.24 38.22 38.23 38.24 38.25 38.25 38.22 38.21 38.22 38.24 38.24 38.26 38.25 38.23 38.24 38.24 38.26 38.25 38.24 38.24 38.26 38.27 38.26 38.25 38.26 38.26 38.26 38.28 38.26 38.23 38.2 38.24 38.24 38.26 38.28 38.28 38.24 38.22 38.21 38.22 38.25 38.26 38.25 38.23 38.22 38.24 38.23 38.25 38.25
38.24 38.22 38.24 38.26 38.26 38.26 38.26 38.26 38.25 38.22 38.24 38.28 38.29 38.25 38.23 38.21 38.23 38.23 38.23 38.25 38.24 38.24 38.24 38.25 38.22 38.24 38.25 38.24 38.23 38.24 38.24 38.21 38.22 38.24 38.23 38.22 38.23 38.27 38.25 38.25 38.23 38.24 38.24 38.22 38.24 38.23 38.24 38.25 38.25 38.26 38.26 38.27 38.27 38.28 38.28 38.29 38.26 38.22 38.19 38.22 38.22 38.23 38.24 38.25 38.24 38.22 38.22 38.24 38.25 38.26 38.27 38.23 38.19 38.21 38.19 38.25 38.26
38.25 38.25 38.25 38.26 38.24 38.27 38.26 38.24 38.23 38.21 38.23 38.29 38.3 38.27 38.25 38.22 38.24 38.24 38.24 38.25 38.25 38.25 38.26 38.24 38.21 38.27 38.26 38.27 38.24 38.25 38.26 38.23 38.24 38.27 38.26 38.26 38.23 38.25 38.24 38.25 38.25 38.24 38.2 38.22 38.24 38.24 38.24 38.24 38.22 38.25 38.25 38.25 38.25 38.27 38.29 38.27 38.25 38.23 38.22 38.23 38.22 38.2 38.22 38.24 38.24 38.25 38.27 38.25 38.24 38.25 38.27 38.24 38.22 38.22 38.16 38.24 38.26
38.26 38.27 38.26 38.24 38.21 38.27 38.26 38.23 38.22 38.21 38.23 38.27 38.27 38.28 38.27 38.24 38.25 38.26 38.26 38.23 38.25 38.25 38.25 38.26 38.18 38.24 38.25 38.25 38.23 38.25 38.25 38.23 38.24 38.25 38.23 38.24 38.23 38.25 38.24 38.25 38.26 38.24 38.21 38.23 38.24 38.24 38.23 38.23 38.22 38.23 38.23 38.25 38.23 38.25 38.28 38.27 38.26 38.24 38.22 38.24 38.24 38.22 38.22 38.25 38.25 38.25 38.23 38.24 38.25 38.25 38.25 38.2 38.19 38.2 38.22 38.25 38.26
38.25 38.26 38.26 38.24 38.21 38.25 38.24 38.2 38.22 38.24 38.24 38.24 38.26 38.3 38.29 38.27 38.25 38.26 38.26 38.23 38.24 38.26 38.25 38.24 38.23 38.24 38.25 38.24 38.21 38.22 38.23 38.22 38.24 38.25 38.23 38.22 38.25 38.25 38.24 38.26 38.25 38.23 38.24 38.24 38.23 38.25 38.23 38.23 38.23 38.24 38.24 38.26 38.24 38.26 38.28 38.28 38.24 38.24 38.22 38.24 38.27 38.25 38.24 38.24 38.25 38.25 38.2 38.23 38.24 38.25 38.28 38.25 38.22 38.24 38.23 38.25 38.25
38.24 38.25 38.27 38.26 38.23 38.23 38.21 38.16 38.2 38.26 38.27 38.25 38.25 38.24 38.24 38.23 38.25 38.28 38.25 38.22 38.2 38.23 38.24 38.23 38.24 38.25 38.28 38.26 38.22 38.24 38.24 38.24 38.25 38.25 38.26 38.24 38.25 38.26 38.25 38.27 38.24 38.23 38.23 38.22 38.24 38.25 38.23 38.22 38.21 38.23 38.25 38.26 38.26 38.27 38.27 38.25 38.23 38.22 38.21 38.22 38.25 38.25 38.24 38.25 38.26 38.24 38.22 38.23 38.22 38.22 38.25 38.26 38.25 38.28 38.26 38.25 38.24
38.22 38.25 38.28 38.24 38.25 38.23 38.23 38.25 38.27 38.28 38.25 38.24 38.25 38.24 38.24 38.23 38.25 38.25 38.25 38.22 38.18 38.19 38.22 38.23 38.26 38.26 38.28 38.28 38.24 38.27 38.27 38.26 38.24 38.25 38.27 38.27 38.26 38.26 38.28 38.28 38.25 38.24 38.21 38.19 38.23 38.24 38.22 38.23 38.24 38.23 38.24 38.28 38.28 38.28 38.27 38.27 38.26 38.25 38.25 38.24 38.26 38.26 38.25 38.22 38.27 38.28 38.29 38.27 38.21 38.21 38.27 38.28 38.26 38.27 38.24 38.21 38.21
38.24 38.23 38.25 38.25 38.27 38.26 38.23 38.25 38.24 38.24 38.24 38.25 38.26 38.26 38.25 38.24 38.23 38.24 38.25 38.24 38.2 38.21 38.23 38.24 38.27 38.25 38.24 38.24 38.24 38.27 38.28 38.25 38.21 38.24 38.27 38.28 38.26 38.26 38.29 38.25 38.25 38.24 38.22 38.2 38.23 38.23 38.23 38.24 38.26 38.26 38.25 38.26 38.26 38.26 38.27 38.23 38.24 38.25 38.26 38.26 38.27 38.26 38.24 38.16 38.26 38.29 38.28 38.28 38.22 38.23 38.26 38.28 38.26 38.26 38.21 38.09 38.1
38.24 38.23 38.24 38.23 38.26 38.25 38.24 38.26 38.26 38.26 38.26 38.27 38.26 38.26 38.25 38.25 38.24 38.25 38.27 38.24 38.22 38.24 38.25 38.26 38.27 38.24 38.21 38.23 38.25 38.26 38.27 38.23 38.2 38.26 38.29 38.28 38.24 38.25 38.27 38.25 38.25 38.24 38.26 38.26 38.25 38.26 38.27 38.21 38.26 38.3 38.27 38.22 38.22 38.25 38.26 38.2 38.23 38.26 38.25 38.28 38.27 38.25 38.21 38.16 38.26 38.27 38.26 38.26 38.24 38.25 38.24 38.27 38.3 38.31 38.22 38.14 38.15
38.22 38.24 38.24 38.23 38.24 38.24 38.25 38.27 38.27 38.26 38.26 38.27 38.27 38.26 38.25 38.24 38.24 38.26 38.27 38.23 38.24 38.27 38.26 38.27 38.27 38.23 38.21 38.26 38.27 38.26 38.24 38.24 38.24 38.26 38.28 38.27 38.26 38.24 38.25 38.24 38.24 38.23 38.24 38.25 38.23 38.23 38.27 38.25 38.26 38.27 38.25 38.22 38.23 38.25 38.24 38.23 38.21 38.22 38.24 38.23 38.2 38.21 38.17 38.18 38.25 38.27 38.28 38.28 38.3 38.24 38.25 38.3 38.39 38.45 38.4 38.49 38.53
38.24 38.27 38.28 38.25 38.25 38.25 38.25 38.25 38.24 38.25 38.26 38.27 38.29 38.27 38.26 38.24 38.24 38.26 38.26 38.23 38.25 38.27 38.24 38.23 38.27 38.24 38.22 38.26 38.24 38.23 38.22 38.23 38.25 38.25 38.26 38.25 38.24 38.19 38.23 38.25 38.24 38.22 38.23 38.24 38.23 38.24 38.26 38.25 38.24 38.23 38.23 38.21 38.22 38.25 38.25 38.26 38.24 38.22 38.23 38.2 38.17 38.13 38.08 38.16 38.26 38.35 38.38 38.4 38.48 38.37 38.38 38.47 38.57 38.71 38.83 38.98 39.11
38.26 38.27 38.28 38.26 38.27 38.26 38.25 38.25 38.24 38.24 38.27 38.27 38.29 38.26 38.25 38.26 38.25 38.26 38.25 38.25 38.25 38.26 38.25 38.23 38.26 38.24 38.24 38.24 38.22 38.23 38.22 38.22 38.24 38.25 38.25 38.28 38.24 38.16 38.22 38.25 38.24 38.25 38.26 38.24 38.23 38.24 38.26 38.23 38.23 38.24 38.25 38.19 38.2 38.23 38.24 38.26 38.29 38.22 38.16 38.2 38.24 38.17 38.1 38.23 38.39 38.55 38.61 38.65 38.78 38.75 38.71 38.87 38.97 39.17 39.35 39.51 39.66
38.26 38.26 38.26 38.27 38.27 38.26 38.25 38.25 38.24 38.24 38.26 38.26 38.25 38.25 38.24 38.25 38.26 38.25 38.25 38.25 38.25 38.26 38.28 38.28 38.23 38.24 38.26 38.24 38.25 38.23 38.24 38.25 38.24 38.24 38.23 38.27 38.24 38.23 38.26 38.25 38.25 38.26 38.27 38.27 38.25 38.23 38.24 38.22 38.25 38.25 38.24 38.2 38.22 38.23 38.24 38.27 38.31 38.24 38.15 38.26 38.41 38.42 38.36 38.44 38.58 38.77 38.92 38.94 39.05 39.14 39.21 39.48 39.65 39.93 39.9 39.88 40.04
38.25 38.25 38.25 38.27 38.24 38.23 38.23 38.23 38.24 38.24 38.25 38.26 38.25 38.24 38.24 38.24 38.26 38.23 38.23 38.24 38.24 38.26 38.28 38.23 38.23 38.25 38.25 38.27 38.25 38.22 38.24 38.26 38.24 38.23 38.23 38.26 38.25 38.24 38.27 38.24 38.23 38.25 38.25 38.27 38.25 38.21 38.21 38.2 38.2 38.2 38.21 38.22 38.25 38.26 38.27 38.3 38.32 38.34 38.35 38.48 38.64 38.76 38.69 38.62 38.65 38.88 39.18 39.27 39.34 39.57 39.87 40.12 40.27 40.38 40.24 40.02 40.15
38.24 38.24 38.25 38.25 38.23 38.25 38.24 38.24 38.25 38.26 38.24 38.24 38.23 38.25 38.24 38.23 38.25 38.24 38.24 38.25 38.27 38.27 38.25 38.24 38.22 38.23 38.26 38.28 38.25 38.22 38.24 38.26 38.24 38.23 38.23 38.25 38.24 38.23 38.26 38.24 38.24 38.26 38.23 38.26 38.25 38.22 38.21 38.18 38.08 38.13 38.2 38.25 38.26 38.3 38.3 38.36 38.42 38.53 38.68 38.83 38.97 39.1 39.01 38.91 38.88 39.2 39.57 39.72 39.77 40.01 40.37 40.53 40.55 40.55 40.4 40.21 40.21
38.22 38.24 38.26 38.27 38.25 38.26 38.26 38.24 38.22 38.23 38.25 38.26 38.26 38.28 38.29 38.28 38.24 38.25 38.25 38.26 38.26 38.27 38.28 38.28 38.27 38.25 38.24 38.25 38.24 38.25 38.25 38.24 38.23 38.23 38.25 38.25 38.25 38.24 38.26 38.24 38.25 38.27 38.24 38.25 38.24 38.24 38.24 38.2 38.1 38.16 38.24 38.31 38.33 38.39 38.42 38.57 38.71 38.85 39.04 39.26 39.38 39.48 39.38 39.4 39.48 39.73 40.01 40.2 40.26 40.43 40.71 40.77 40.71 40.61 40.41 40.27 40.22
38.21 38.24 38.27 38.28 38.29 38.26 38.25 38.24 38.22 38.25 38.27 38.27 38.25 38.26 38.27 38.24 38.25 38.25 38.26 38.26 38.26 38.25 38.25 38.26 38.26 38.25 38.25 38.24 38.23 38.24 38.25 38.24 38.24 38.26 38.26 38.27 38.26 38.25 38.25 38.23 38.24 38.26 38.26 38.24 38.23 38.24 38.22 38.23 38.26 38.28 38.3 38.37 38.46 38.6 38.77 39 39.14 39.29 39.47 39.72 39.85 39.87 39.82 39.94 40.04 40.16 40.36 40.47 40.51 40.63 40.86 40.84 40.71 40.53 40.32 40.23 40.17
38.25 38.26 38.27 38.27 38.29 38.27 38.24 38.27 38.25 38.26 38.26 38.27 38.27 38.26 38.25 38.23 38.24 38.25 38.26 38.24 38.27 38.23 38.23 38.25 38.25 38.26 38.26 38.25 38.24 38.25 38.27 38.23 38.26 38.29 38.26 38.26 38.23 38.24 38.23 38.23 38.24 38.25 38.27 38.25 38.23 38.24 38.18 38.19 38.24 38.34 38.37 38.42 38.54 38.89 39.21 39.44 39.55 39.68 39.9 40.16 40.27 40.28 40.31 40.43 40.48 40.44 40.53 40.58 40.59 40.6 40.68 40.65 40.53 40.38 40.24 40.18 40.14
38.25 38.22 38.24 38.25 38.26 38.25 38.24 38.26 38.26 38.24 38.22 38.24 38.25 38.26 38.26 38.26 38.24 38.24 38.26 38.26 38.26 38.2 38.23 38.25 38.25 38.28 38.25 38.22 38.24 38.26 38.28 38.22 38.24 38.27 38.25 38.25 38.23 38.24 38.24 38.23 38.25 38.22 38.27 38.28 38.24 38.24 38.23 38.22 38.27 38.42 38.64 38.7 38.76 39.09 39.61 39.82 39.81 39.95 40.23 40.44 40.56 40.7 40.76 40.71 40.63 40.48 40.48 40.5 40.47 40.38 40.35 40.34 40.3 40.26 40.21 40.17 40.15
