slabs/47.grd
DSAA
631 301
644520 645150
4947800 4948100
36.98 47.89
[rows 0 to 33 of 301, columns 0 to 77 of 631]
38.98 38.98 38.97 38.97 38.97 38.97 38.96 38.95 38.95 38.95 38.95 38.92 38.89 38.86 38.81 38.76 38.72 38.68 38.64 38.58 38.54 38.51 38.5 38.53 38.55 38.42 38.2 38.15 38.19 38.25 38.29 38.3 38.28 38.26 38.28 38.24 38.19 38.2 38.43 38.63 38.81 39.13 39.48 39.67 39.81 40.02 40.21 40.27 40.29 40.38 40.48 40.51 40.52 40.52 40.54 40.56 40.56 40.53 40.55 40.57 40.56 40.54 40.51 40.49 40.43 40.32 40.21 40.14 39.99 39.81 39.69 39.56 39.48 39.46 39.44 39.44 39.43 39.36
39.03 39.02 39.02 39.01 39.01 39.02 39 39 38.99 38.98 38.96 38.91 38.87 38.84 38.79 38.74 38.69 38.66 38.62 38.56 38.52 38.5 38.52 38.54 38.51 38.35 38.14 38.13 38.17 38.24 38.28 38.3 38.28 38.24 38.29 38.34 38.39 38.58 38.91 39.12 39.35 39.65 39.92 40.07 40.19 40.31 40.41 40.45 40.48 40.5 40.53 40.53 40.53 40.53 40.54 40.55 40.57 40.54 40.55 40.55 40.52 40.46 40.42 40.39 40.33 40.12 39.96 39.85 39.7 39.53 39.47 39.46 39.44 39.42 39.41 39.4 39.4 39.37
39.07 39.07 39.07 39.05 39.05 39.04 39.03 39.02 39.01 38.98 38.94 38.89 38.85 38.82 38.77 38.71 38.67 38.64 38.59 38.54 38.51 38.5 38.54 38.53 38.45 38.28 38.11 38.1 38.15 38.23 38.27 38.3 38.29 38.28 38.47 38.69 38.86 39.12 39.46 39.66 39.87 40.08 40.25 40.36 40.45 40.5 40.53 40.53 40.56 40.55 40.54 40.54 40.54 40.54 40.54 40.54 40.56 40.54 40.5 40.47 40.42 40.34 40.28 40.2 40.09 39.83 39.66 39.56 39.48 39.45 39.44 39.42 39.41 39.39 39.38 39.37 39.37 39.35
39.1 39.1 39.09 39.08 39.08 39.07 39.06 39.03 39 38.97 38.92 38.87 38.83 38.8 38.75 38.69 38.66 38.62 38.57 38.52 38.49 38.52 38.56 38.5 38.4 38.21 38.08 38.07 38.12 38.21 38.29 38.33 38.4 38.62 38.98 39.23 39.46 39.72 39.99 40.2 40.3 40.41 40.48 40.53 40.57 40.6 40.59 40.57 40.57 40.54 40.53 40.54 40.54 40.52 40.54 40.53 40.51 40.47 40.42 40.35 40.26 40.16 40.09 39.89 39.64 39.46 39.39 39.43 39.43 39.41 39.4 39.39 39.37 39.37 39.35 39.34 39.35 39.33
39.13 39.13 39.12 39.11 39.11 39.09 39.06 39.02 38.98 38.95 38.9 38.84 38.81 38.77 38.72 38.67 38.64 38.6 38.55 38.51 38.51 38.55 38.57 38.5 38.36 38.14 38.05 38.05 38.18 38.33 38.5 38.62 38.83 39.35 39.74 39.91 40.07 40.24 40.4 40.55 40.56 40.57 40.59 40.59 40.59 40.6 40.59 40.57 40.57 40.55 40.53 40.52 40.51 40.48 40.48 40.48 40.41 40.36 40.35 40.2 39.99 39.77 39.57 39.27 39.08 39.19 39.29 39.39 39.4 39.39 39.38 39.36 39.34 39.33 39.32 39.31 39.32 39.31
39.16 39.16 39.15 39.14 39.12 39.09 39.05 38.99 38.96 38.93 38.87 38.82 38.79 38.75 38.7 38.65 38.61 38.58 38.53 38.51 38.53 38.58 38.56 38.46 38.33 38.16 38.14 38.17 38.57 38.92 39.23 39.4 39.59 40.03 40.34 40.43 40.48 40.54 40.6 40.64 40.63 40.6 40.59 40.58 40.6 40.59 40.59 40.58 40.57 40.55 40.53 40.51 40.47 40.42 40.39 40.35 40.26 40.22 40.22 39.99 39.5 39.03 38.81 38.78 38.9 39.11 39.24 39.35 39.36 39.35 39.34 39.33 39.31 39.29 39.28 39.28 39.3 39.29
39.19 39.18 39.17 39.14 39.11 39.08 39.03 38.97 38.94 38.91 38.85 38.8 38.76 38.73 38.68 38.63 38.59 38.56 38.52 38.52 38.55 38.6 38.53 38.42 38.4 38.51 38.72 38.84 39.25 39.64 39.98 40.14 40.25 40.39 40.55 40.6 40.62 40.63 40.64 40.65 40.64 40.61 40.6 40.59 40.62 40.59 40.59 40.58 40.55 40.52 40.5 40.49 40.42 40.34 40.31 40.23 40.09 39.97 39.88 39.54 38.93 38.47 38.4 38.59 38.84 39.03 39.16 39.31 39.32 39.31 39.3 39.29 39.27 39.25 39.23 39.24 39.26 39.26
39.22 39.2 39.17 39.13 39.09 39.06 39.01 38.95 38.92 38.88 38.83 38.78 38.74 38.7 38.65 38.61 38.58 38.54 38.53 38.56 38.62 38.62 38.56 38.55 38.74 39.12 39.5 39.69 39.86 40.1 40.33 40.42 40.54 40.61 40.65 40.67 40.67 40.67 40.67 40.66 40.65 40.6 40.59 40.59 40.63 40.61 40.59 40.56 40.52 40.47 40.42 40.41 40.29 40.15 40.09 40 39.87 39.72 39.53 39.08 38.49 38.21 38.24 38.5 38.79 38.96 39.1 39.27 39.28 39.26 39.25 39.24 39.22 39.2 39.19 39.2 39.23 39.24
39.23 39.2 39.16 39.1 39.07 39.04 38.99 38.93 38.9 38.86 38.81 38.76 38.73 38.68 38.62 38.58 38.55 38.53 38.56 38.62 38.71 38.75 38.84 38.98 39.28 39.67 39.97 40.12 40.28 40.45 40.59 40.65 40.69 40.7 40.7 40.71 40.7 40.68 40.66 40.67 40.66 40.61 40.6 40.61 40.62 40.61 40.58 40.53 40.46 40.36 40.28 40.25 40.14 39.88 39.78 39.71 39.62 39.51 39.2 38.65 38.25 38.13 38.18 38.42 38.72 38.89 39.04 39.21 39.23 39.22 39.21 39.19 39.17 39.16 39.15 39.17 39.2 39.21
39.22 39.19 39.14 39.08 39.04 39.01 38.95 38.9 38.87 38.82 38.77 38.74 38.7 38.65 38.59 38.55 38.53 38.54 38.61 38.7 38.87 39.08 39.38 39.57 39.81 40.17 40.39 40.47 40.57 40.65 40.72 40.76 40.74 40.72 40.7 40.71 40.71 40.7 40.68 40.67 40.65 40.62 40.61 40.61 40.6 40.56 40.53 40.45 40.35 40.17 40.03 39.96 39.85 39.42 39.21 39.17 39.24 39.15 38.72 38.31 38.14 38.12 38.15 38.34 38.65 38.83 38.98 39.16 39.19 39.19 39.17 39.16 39.14 39.13 39.12 39.15 39.18 39.19
39.15 39.13 39.1 39.04 38.99 38.95 38.9 38.86 38.82 38.78 38.73 38.69 38.66 38.61 38.57 38.54 38.53 38.57 38.75 38.94 39.17 39.51 39.89 40.13 40.32 40.56 40.69 40.72 40.73 40.74 40.77 40.78 40.75 40.71 40.7 40.71 40.71 40.71 40.72 40.68 40.65 40.61 40.58 40.57 40.52 40.44 40.4 40.3 40.11 39.8 39.58 39.38 39.21 38.79 38.47 38.55 38.72 38.58 38.28 38.14 38.12 38.12 38.13 38.29 38.61 38.78 38.94 39.13 39.16 39.15 39.14 39.12 39.11 39.1 39.09 39.12 39.15 39.18
38.87 38.91 38.98 38.98 38.95 38.91 38.84 38.8 38.77 38.71 38.65 38.62 38.6 38.57 38.6 38.62 38.62 38.72 39.1 39.38 39.65 39.99 40.34 40.56 40.64 40.72 40.78 40.79 40.8 40.78 40.78 40.78 40.75 40.72 40.71 40.72 40.72 40.72 40.7 40.66 40.63 40.55 40.49 40.43 40.31 40.14 40.05 39.96 39.56 39.24 38.99 38.71 38.48 38.24 38.03 38.15 38.27 38.16 38.12 38.12 38.12 38.11 38.13 38.25 38.56 38.74 38.9 39.09 39.13 39.12 39.11 39.09 39.08 39.07 39.06 39.09 39.13 39.16
38.61 38.59 38.7 38.79 38.82 38.86 38.83 38.78 38.74 38.67 38.6 38.56 38.61 38.63 38.81 38.92 38.96 39.19 39.65 39.94 40.1 40.38 40.6 40.72 40.79 40.81 40.8 40.79 40.79 40.78 40.78 40.77 40.73 40.73 40.72 40.72 40.72 40.69 40.66 40.59 40.5 40.37 40.29 40.05 39.76 39.51 39.36 39.26 38.9 38.72 38.51 38.3 38.06 37.99 38.01 38.05 38.11 38.12 38.12 38.12 38.11 38.11 38.13 38.22 38.51 38.69 38.86 39.05 39.09 39.09 39.08 39.06 39.05 39.04 39.04 39.07 39.11 39.13
38.85 38.63 38.55 38.55 38.57 38.67 38.74 38.75 38.75 38.7 38.68 38.69 38.94 39.09 39.26 39.33 39.48 39.79 40.16 40.38 40.51 40.64 40.72 40.78 40.83 40.82 40.8 40.78 40.77 40.79 40.8 40.78 40.75 40.71 40.69 40.68 40.67 40.63 40.59 40.33 40.09 39.91 39.81 39.5 39.12 38.88 38.7 38.54 38.45 38.4 38.28 38.17 37.94 37.92 37.98 38.08 38.12 38.12 38.12 38.11 38.11 38.11 38.13 38.2 38.46 38.65 38.82 39.01 39.06 39.06 39.04 39.03 39.02 39.01 39.01 39.05 39.08 39.11
39.6 39.27 38.97 38.78 38.61 38.51 38.62 38.72 38.83 38.84 38.93 39.11 39.41 39.59 39.73 39.81 40.08 40.4 40.54 40.58 40.7 40.79 40.81 40.81 40.81 40.8 40.78 40.77 40.76 40.8 40.83 40.81 40.75 40.66 40.59 40.56 40.56 40.53 40.47 40.03 39.57 39.35 39.23 39 38.68 38.54 38.4 38.29 38.3 38.31 38.28 38.13 37.86 37.85 37.98 38.11 38.13 38.12 38.12 38.11 38.11 38.11 38.13 38.2 38.4 38.58 38.77 38.97 39.03 39.03 39.01 38.99 38.98 38.97 38.99 39.03 39.05 39.09
40.24 39.96 39.7 39.52 39.34 39.06 39.07 39.15 39.21 39.24 39.33 39.43 39.65 39.86 40.05 40.21 40.53 40.71 40.77 40.76 40.8 40.83 40.83 40.82 40.81 40.8 40.79 40.79 40.83 40.87 40.89 40.86 40.74 40.6 40.5 40.46 40.47 40.4 40.32 39.86 39.26 38.98 38.83 38.61 38.37 38.27 38.24 38.26 38.29 38.28 38.28 38.21 37.96 37.95 38.07 38.13 38.14 38.12 38.11 38.11 38.11 38.11 38.12 38.19 38.28 38.47 38.72 38.93 39 38.99 38.98 38.96 38.95 38.93 38.96 39 39.03 39.06
40.67 40.44 40.23 40.08 39.91 39.67 39.59 39.59 39.64 39.74 39.81 39.84 39.95 40.12 40.24 40.43 40.77 40.86 40.87 40.86 40.85 40.84 40.83 40.83 40.84 40.86 40.85 40.86 40.92 40.96 40.97 40.93 40.78 40.63 40.54 40.47 40.44 40.3 40.16 39.82 39.22 38.85 38.65 38.49 38.36 38.29 38.24 38.25 38.27 38.27 38.26 38.24 38.1 38.07 38.12 38.13 38.13 38.12 38.11 38.11 38.11 38.11 38.12 38.17 38.22 38.41 38.68 38.89 38.96 38.95 38.94 38.92 38.91 38.9 38.92 38.96 38.99 39.02
40.98 40.79 40.61 40.49 40.36 40.18 40.09 40.08 40.13 40.27 40.32 40.31 40.35 40.45 40.55 40.68 40.88 40.92 40.9 40.9 40.9 40.87 40.86 40.87 40.88 40.89 40.89 40.93 40.99 41.01 41.02 41.01 40.87 40.74 40.68 40.54 40.39 40.25 40.09 39.89 39.52 39.19 38.94 38.76 38.54 38.41 38.3 38.24 38.23 38.25 38.27 38.23 38.13 38.11 38.13 38.13 38.14 38.15 38.12 38.11 38.11 38.11 38.12 38.17 38.21 38.37 38.63 38.84 38.9 38.9 38.89 38.87 38.87 38.86 38.88 38.93 38.95 38.98
41.15 41.04 40.91 40.81 40.72 40.64 40.6 40.57 40.56 40.65 40.7 40.73 40.72 40.74 40.82 40.88 40.93 40.93 40.92 40.92 40.94 40.94 40.92 40.92 40.93 40.94 40.96 41.01 41.04 41.05 41.05 41.05 40.93 40.83 40.78 40.58 40.36 40.22 40.09 39.99 39.84 39.65 39.46 39.32 38.95 38.73 38.48 38.29 38.25 38.25 38.26 38.23 38.15 38.14 38.14 38.12 38.12 38.18 38.14 38.11 38.11 38.11 38.12 38.17 38.2 38.3 38.56 38.78 38.86 38.86 38.84 38.82 38.82 38.83 38.86 38.9 38.93 38.96
41.21 41.17 41.09 41.04 41 40.96 40.96 40.92 40.88 40.91 40.92 40.95 40.93 40.91 40.93 40.95 40.95 40.94 40.93 40.94 40.97 40.98 40.98 40.98 41.03 41.06 41.06 41.08 41.08 41.08 41.07 41.02 40.97 40.9 40.81 40.59 40.41 40.32 40.27 40.21 40.12 40.02 39.83 39.72 39.31 39.02 38.67 38.36 38.27 38.27 38.25 38.19 38.12 38.12 38.14 38.12 38.11 38.18 38.17 38.12 38.11 38.11 38.12 38.17 38.2 38.25 38.5 38.73 38.82 38.83 38.81 38.79 38.78 38.8 38.84 38.87 38.9 38.93
41.25 41.21 41.18 41.16 41.14 41.11 41.11 41.07 41.03 41.01 41.01 41 40.98 40.97 40.95 40.97 40.96 40.95 40.94 40.95 41 41.04 41.06 41.08 41.1 41.11 41.1 41.1 41.09 41.09 41.06 41.03 41 40.96 40.83 40.61 40.52 40.5 40.47 40.43 40.37 40.33 40.21 39.98 39.52 39.22 38.9 38.57 38.43 38.41 38.3 38.19 38.08 38.08 38.13 38.13 38.11 38.18 38.21 38.13 38.1 38.1 38.11 38.16 38.19 38.24 38.46 38.69 38.79 38.79 38.78 38.76 38.75 38.77 38.81 38.84 38.87 38.91
41.3 41.26 41.24 41.24 41.19 41.15 41.14 41.11 41.05 41.03 41.02 41.01 40.98 40.97 40.96 40.97 40.95 40.96 40.97 41 41.07 41.09 41.1 41.13 41.14 41.13 41.11 41.12 41.09 41.1 41.11 41.1 41.03 40.97 40.81 40.65 40.61 40.61 40.6 40.6 40.59 40.59 40.52 40.27 39.87 39.62 39.39 39.1 39.02 38.9 38.54 38.2 38.01 38.03 38.12 38.13 38.11 38.16 38.24 38.15 38.1 38.1 38.11 38.16 38.19 38.24 38.42 38.65 38.75 38.76 38.74 38.73 38.72 38.75 38.79 38.82 38.85 38.88
41.36 41.31 41.31 41.3 41.24 41.19 41.16 41.14 41.08 41.05 41.04 41.02 40.98 40.98 40.97 40.97 40.96 41.01 41.04 41.08 41.13 41.12 41.1 41.13 41.13 41.11 41.11 41.14 41.13 41.13 41.13 41.12 41.03 40.94 40.83 40.72 40.69 40.7 40.71 40.75 40.76 40.75 40.7 40.55 40.34 40.19 40.03 39.77 39.67 39.46 38.95 38.39 38.06 38.06 38.13 38.12 38.11 38.15 38.25 38.18 38.11 38.1 38.11 38.16 38.19 38.23 38.38 38.6 38.71 38.72 38.71 38.7 38.69 38.72 38.76 38.79 38.82 38.86
41.41 41.37 41.34 41.34 41.3 41.25 41.21 41.17 41.12 41.09 41.09 41.06 41.02 40.99 40.98 40.99 41.01 41.06 41.09 41.09 41.11 41.11 41.09 41.11 41.12 41.12 41.12 41.12 41.12 41.1 41.11 41.11 41.05 40.98 40.9 40.8 40.77 40.77 40.82 40.92 40.92 40.88 40.83 40.75 40.66 40.57 40.46 40.26 40.07 39.83 39.42 38.85 38.43 38.24 38.15 38.13 38.11 38.14 38.26 38.2 38.12 38.1 38.11 38.15 38.18 38.23 38.34 38.52 38.65 38.69 38.68 38.66 38.66 38.7 38.74 38.77 38.8 38.84
41.45 41.43 41.41 41.39 41.35 41.29 41.25 41.2 41.15 41.12 41.11 41.08 41.05 41.04 41.04 41.06 41.08 41.09 41.11 41.1 41.11 41.12 41.1 41.1 41.11 41.12 41.11 41.09 41.09 41.08 41.08 41.09 41.1 41.08 41.02 40.91 40.85 40.85 40.93 41.04 41.06 41.01 40.96 40.88 40.78 40.68 40.61 40.51 40.39 40.18 39.85 39.39 38.99 38.63 38.33 38.18 38.12 38.13 38.25 38.23 38.15 38.11 38.11 38.14 38.17 38.23 38.32 38.47 38.61 38.65 38.64 38.63 38.64 38.67 38.72 38.75 38.77 38.81
41.51 41.47 41.46 41.43 41.39 41.32 41.27 41.23 41.19 41.15 41.13 41.1 41.1 41.11 41.13 41.12 41.11 41.11 41.13 41.12 41.11 41.13 41.09 41.1 41.11 41.11 41.1 41.06 41.07 41.07 41.06 41.08 41.1 41.12 41.1 41.01 40.94 40.94 41.01 41.09 41.16 41.12 41.06 40.98 40.9 40.81 40.73 40.63 40.57 40.45 40.25 39.95 39.73 39.4 38.81 38.4 38.25 38.17 38.26 38.28 38.21 38.12 38.11 38.13 38.17 38.23 38.31 38.44 38.58 38.62 38.61 38.6 38.61 38.64 38.69 38.72 38.75 38.78
41.55 41.5 41.49 41.46 41.42 41.34 41.29 41.25 41.22 41.17 41.15 41.14 41.14 41.15 41.17 41.16 41.14 41.13 41.14 41.13 41.12 41.13 41.1 41.11 41.12 41.13 41.1 41.05 41.04 41.04 41.03 41.05 41.07 41.08 41.1 41.07 41.02 41.02 41.09 41.14 41.18 41.16 41.12 41.05 41 40.94 40.82 40.71 40.67 40.61 40.53 40.32 40.2 39.99 39.55 39.05 38.75 38.41 38.33 38.36 38.29 38.14 38.11 38.13 38.17 38.23 38.31 38.39 38.53 38.58 38.57 38.56 38.58 38.61 38.65 38.68 38.71 38.75
41.57 41.52 41.5 41.48 41.45 41.39 41.34 41.28 41.25 41.22 41.21 41.2 41.18 41.17 41.19 41.19 41.16 41.14 41.15 41.15 41.14 41.13 41.12 41.11 41.11 41.12 41.08 41.05 41.03 41.02 41.01 41.03 41.03 41.05 41.07 41.08 41.05 41.06 41.11 41.12 41.13 41.08 41.09 41.03 40.98 40.97 40.96 40.84 40.77 40.7 40.62 40.51 40.44 40.35 40.05 39.77 39.47 39.01 38.67 38.48 38.35 38.18 38.12 38.13 38.17 38.22 38.29 38.34 38.48 38.53 38.52 38.52 38.54 38.58 38.61 38.64 38.67 38.71
41.62 41.56 41.53 41.51 41.49 41.45 41.39 41.33 41.27 41.25 41.25 41.25 41.22 41.21 41.21 41.2 41.18 41.18 41.17 41.16 41.15 41.13 41.13 41.1 41.1 41.08 41.06 41.05 41.04 41.02 41.02 41.03 41.02 41.04 41.06 41.05 41.03 41.04 41.08 41.06 41.06 41.03 41.11 41.08 41.05 41.07 41.05 40.99 40.91 40.81 40.71 40.64 40.59 40.54 40.38 40.23 40 39.63 39.27 38.91 38.61 38.35 38.19 38.15 38.16 38.22 38.28 38.31 38.43 38.48 38.48 38.47 38.51 38.55 38.58 38.61 38.65 38.69
41.66 41.61 41.59 41.56 41.54 41.49 41.44 41.37 41.3 41.28 41.27 41.27 41.26 41.24 41.23 41.21 41.2 41.2 41.18 41.17 41.15 41.13 41.12 41.1 41.1 41.08 41.06 41.05 41.03 41.02 41.04 41.03 41.02 41.04 41.03 41.02 41.02 41.05 41.05 41.03 41.05 41.1 41.14 41.06 41 41.11 41.12 41.09 41.05 40.95 40.85 40.77 40.71 40.67 40.58 40.51 40.37 40.14 39.96 39.69 39.38 38.96 38.57 38.33 38.22 38.23 38.28 38.31 38.39 38.45 38.45 38.45 38.48 38.52 38.56 38.58 38.62 38.67
41.69 41.66 41.64 41.63 41.57 41.51 41.45 41.37 41.3 41.29 41.3 41.3 41.29 41.28 41.26 41.24 41.22 41.2 41.18 41.18 41.16 41.15 41.14 41.11 41.09 41.08 41.07 41.04 41.03 41.05 41.06 41.04 41.03 41.04 41.02 41.03 41.03 41.04 41.06 41.05 41.07 41.1 41.13 41.1 41.07 41.12 41.14 41.14 41.12 41.03 40.98 40.91 40.84 40.81 40.75 40.69 40.62 40.54 40.47 40.36 40.18 39.8 39.29 38.87 38.51 38.31 38.29 38.31 38.37 38.41 38.41 38.42 38.46 38.5 38.53 38.56 38.6 38.64
41.73 41.72 41.69 41.67 41.59 41.53 41.47 41.37 41.28 41.27 41.31 41.32 41.3 41.3 41.3 41.27 41.24 41.22 41.2 41.17 41.16 41.16 41.16 41.12 41.09 41.07 41.08 41.05 41.03 41.03 41.05 41.03 41.03 41.05 41.05 41.06 41.07 41.06 41.05 41.06 41.06 41.08 41.09 41.11 41.12 41.13 41.13 41.14 41.15 41.12 41.09 41.06 41.02 40.97 40.88 40.82 40.8 40.79 40.69 40.6 40.48 40.35 40.01 39.71 39.14 38.6 38.37 38.34 38.36 38.39 38.38 38.4 38.43 38.48 38.51 38.54 38.57 38.62
41.77 41.76 41.72 41.69 41.62 41.57 41.52 41.44 41.31 41.28 41.29 41.31 41.3 41.29 41.28 41.28 41.26 41.23 41.23 41.19 41.17 41.16 41.16 41.15 41.12 41.1 41.08 41.08 41.07 41.07 41.05 41.04 41.04 41.06 41.06 41.05 41.06 41.06 41.06 41.06 41.04 41.07 41.08 41.07 41.09 41.11 41.11 41.12 41.16 41.17 41.16 41.17 41.18 41.13 41.02 40.94 40.94 40.9 40.78 40.7 40.66 40.6 40.44 40.3 39.87 39.15 38.65 38.51 38.45 38.39 38.37 38.37 38.41 38.45 38.48 38.51 38.55 38.59
41.79 41.78 41.76 41.72 41.67 41.64 41.61 41.56 41.43 41.35 41.27 41.26 41.24 41.23 41.23 41.25 41.26 41.25 41.26 41.24 41.21 41.18 41.18 41.17 41.14 41.11 41.09 41.1 41.1 41.1 41.09 41.09 41.09 41.09 41.07 41.04 41.04 41.05 41.06 41.05 41.03 41.04 41.06 41.05 41.06 41.07 41.09 41.12 41.14 41.15 41.16 41.16 41.19 41.25 41.2 41.12 41.08 40.99 40.84 40.75 40.75 40.72 40.65 40.59 40.31 39.72 39.21 38.96 38.75 38.53 38.42 38.4 38.4 38.43 38.46 38.49 38.53 38.57
