slabs/47.grd
DSAA
631 301
644520 645150
4947800 4948100
36.98 47.89
[rows 68 to 101 of 301, columns 312 to 389 of 631]
37.85 37.85 37.85 37.85 37.85 37.86 37.86 37.86 37.86 37.86 37.86 37.86 37.86 37.87 37.87 37.87 37.87 37.87 37.87 37.87 37.87 37.88 37.88 37.88 37.88 37.89 37.92 37.93 37.95 37.97 37.99 38.01 37.94 37.79 37.75 37.9 38.05 38.04 38.01 37.99 37.95 37.9 37.87 37.86 37.9 38.16 38.33 38.52 38.87 39.16 39.31 39.53 39.75 39.89 39.98 40.11 40.21 40.27 40.3 40.4 40.51 40.54 40.52 40.5 40.5 40.51 40.54 40.53 40.51 40.5 40.48 40.45 40.4 40.37 40.33 40.29 40.25 40.24
37.85 37.85 37.85 37.85 37.85 37.86 37.86 37.86 37.86 37.86 37.86 37.86 37.87 37.87 37.87 37.87 37.87 37.87 37.88 37.88 37.88 37.88 37.88 37.88 37.88 37.89 37.9 37.92 37.94 37.97 37.99 38 38 37.84 37.72 37.79 38.01 38.06 38.04 38.02 37.97 37.93 37.9 37.89 37.97 38.25 38.4 38.61 38.93 39.17 39.3 39.55 39.79 39.92 40 40.12 40.2 40.28 40.32 40.42 40.53 40.55 40.55 40.52 40.49 40.49 40.55 40.53 40.54 40.54 40.54 40.48 40.44 40.4 40.34 40.29 40.28 40.27
37.85 37.85 37.85 37.85 37.86 37.86 37.86 37.86 37.86 37.86 37.87 37.87 37.87 37.87 37.87 37.87 37.87 37.87 37.88 37.88 37.88 37.88 37.88 37.88 37.88 37.89 37.9 37.91 37.94 37.97 37.98 38 38.02 37.92 37.8 37.75 37.9 38.04 38.08 38.06 38.01 37.97 37.95 37.92 38.08 38.33 38.47 38.7 38.98 39.2 39.35 39.58 39.82 39.94 40.03 40.13 40.21 40.26 40.32 40.42 40.52 40.55 40.56 40.54 40.52 40.52 40.55 40.55 40.56 40.57 40.56 40.49 40.43 40.37 40.34 40.33 40.33 40.31
37.85 37.85 37.86 37.86 37.86 37.86 37.86 37.86 37.86 37.86 37.87 37.87 37.87 37.87 37.87 37.87 37.87 37.88 37.88 37.88 37.88 37.88 37.88 37.88 37.89 37.89 37.89 37.91 37.94 37.96 37.98 38 38.01 37.99 37.94 37.83 37.79 37.95 38.08 38.1 38.06 38.02 37.99 37.96 38.17 38.35 38.49 38.74 39.03 39.21 39.39 39.64 39.86 39.95 40.04 40.14 40.22 40.27 40.36 40.43 40.47 40.49 40.53 40.55 40.55 40.56 40.58 40.55 40.57 40.59 40.57 40.5 40.42 40.35 40.33 40.35 40.38 40.36
37.85 37.85 37.86 37.86 37.86 37.86 37.86 37.86 37.86 37.87 37.87 37.87 37.87 37.87 37.87 37.87 37.88 37.88 37.88 37.88 37.88 37.88 37.88 37.89 37.89 37.89 37.89 37.9 37.93 37.96 37.98 37.99 38.01 38.03 38.03 37.93 37.76 37.83 37.98 38.09 38.08 38.05 38.03 38 38.24 38.37 38.51 38.8 39.09 39.25 39.44 39.68 39.88 39.98 40.06 40.13 40.25 40.32 40.38 40.42 40.46 40.45 40.47 40.52 40.55 40.58 40.56 40.54 40.55 40.58 40.58 40.53 40.45 40.36 40.33 40.36 40.39 40.38
37.86 37.86 37.86 37.86 37.86 37.86 37.87 37.87 37.87 37.87 37.87 37.87 37.87 37.87 37.87 37.88 37.88 37.88 37.88 37.88 37.88 37.88 37.89 37.89 37.89 37.89 37.89 37.9 37.91 37.95 37.97 37.98 38 38.02 38.04 38.01 37.83 37.75 37.8 38.02 38.09 38.08 38.05 38.03 38.28 38.43 38.59 38.85 39.13 39.3 39.48 39.67 39.87 39.99 40.08 40.15 40.25 40.31 40.37 40.46 40.53 40.54 40.52 40.52 40.53 40.57 40.56 40.54 40.54 40.57 40.58 40.53 40.47 40.39 40.35 40.37 40.39 40.38
37.86 37.86 37.86 37.86 37.86 37.86 37.87 37.87 37.87 37.87 37.87 37.87 37.87 37.88 37.88 37.88 37.88 37.88 37.88 37.89 37.89 37.89 37.89 37.89 37.89 37.89 37.9 37.9 37.91 37.94 37.96 37.97 37.99 38.02 38.03 38.05 37.91 37.76 37.72 37.91 38.09 38.1 38.08 38.07 38.32 38.47 38.63 38.88 39.16 39.33 39.52 39.7 39.89 40 40.1 40.18 40.28 40.32 40.38 40.48 40.54 40.57 40.55 40.53 40.53 40.58 40.58 40.56 40.57 40.59 40.58 40.53 40.49 40.44 40.39 40.39 40.39 40.37
37.86 37.86 37.86 37.86 37.86 37.87 37.87 37.87 37.87 37.87 37.87 37.87 37.88 37.88 37.88 37.88 37.88 37.88 37.89 37.89 37.89 37.89 37.89 37.89 37.89 37.9 37.9 37.9 37.91 37.93 37.95 37.97 37.99 38.01 38.02 38.04 37.98 37.86 37.73 37.78 38.03 38.12 38.1 38.15 38.37 38.5 38.66 38.93 39.2 39.37 39.53 39.73 39.91 40.02 40.12 40.2 40.28 40.31 40.39 40.47 40.53 40.57 40.56 40.55 40.53 40.57 40.57 40.57 40.62 40.61 40.57 40.51 40.48 40.45 40.4 40.39 40.38 40.36
37.86 37.86 37.86 37.86 37.87 37.87 37.87 37.87 37.87 37.87 37.88 37.88 37.88 37.88 37.88 37.88 37.88 37.89 37.89 37.89 37.89 37.89 37.89 37.89 37.9 37.9 37.9 37.9 37.9 37.92 37.94 37.96 37.99 38.01 38.02 38.04 38.02 37.95 37.81 37.73 37.91 38.09 38.13 38.22 38.39 38.53 38.7 38.96 39.23 39.4 39.55 39.75 39.91 40.03 40.12 40.22 40.28 40.32 40.4 40.47 40.52 40.56 40.55 40.55 40.54 40.56 40.55 40.57 40.61 40.57 40.52 40.47 40.44 40.41 40.38 40.38 40.37 40.37
37.86 37.86 37.86 37.87 37.87 37.87 37.87 37.87 37.87 37.88 37.88 37.88 37.88 37.88 37.88 37.88 37.88 37.89 37.89 37.89 37.89 37.89 37.89 37.89 37.9 37.9 37.9 37.9 37.9 37.9 37.92 37.95 37.98 38 38.01 38.03 38.05 38.03 37.91 37.73 37.82 37.98 38.11 38.27 38.47 38.61 38.78 39.01 39.26 39.41 39.57 39.79 39.91 40.03 40.15 40.24 40.31 40.35 40.44 40.5 40.53 40.55 40.53 40.55 40.56 40.57 40.57 40.58 40.57 40.54 40.49 40.44 40.42 40.39 40.37 40.38 40.39 40.41
37.87 37.87 37.87 37.87 37.87 37.87 37.87 37.88 37.88 37.88 37.88 37.88 37.88 37.88 37.88 37.88 37.89 37.89 37.89 37.89 37.89 37.89 37.89 37.9 37.9 37.9 37.9 37.9 37.9 37.9 37.91 37.95 37.98 38 38.01 38.03 38.05 38.06 37.99 37.8 37.75 37.83 38.06 38.31 38.53 38.69 38.86 39.08 39.28 39.42 39.62 39.83 39.95 40.06 40.19 40.26 40.33 40.39 40.47 40.53 40.54 40.55 40.52 40.56 40.59 40.61 40.62 40.59 40.56 40.53 40.49 40.46 40.43 40.41 40.42 40.42 40.44 40.47
37.87 37.87 37.87 37.87 37.87 37.87 37.87 37.88 37.88 37.88 37.88 37.88 37.88 37.89 37.89 37.89 37.89 37.89 37.89 37.89 37.89 37.9 37.9 37.9 37.9 37.9 37.9 37.9 37.9 37.91 37.91 37.94 37.97 37.99 38 38.02 38.05 38.07 38.05 37.9 37.75 37.74 37.93 38.29 38.54 38.72 38.94 39.17 39.33 39.45 39.67 39.88 40.01 40.09 40.21 40.29 40.35 40.41 40.48 40.52 40.53 40.53 40.52 40.57 40.6 40.63 40.62 40.6 40.57 40.54 40.49 40.46 40.44 40.46 40.46 40.46 40.48 40.49
37.87 37.87 37.87 37.87 37.87 37.88 37.88 37.88 37.88 37.88 37.88 37.88 37.88 37.89 37.89 37.89 37.89 37.89 37.89 37.89 37.9 37.9 37.9 37.9 37.9 37.9 37.9 37.91 37.91 37.91 37.91 37.93 37.97 37.99 38 38.02 38.04 38.06 38.07 38 37.85 37.76 37.88 38.3 38.56 38.75 39.01 39.26 39.4 39.5 39.67 39.9 40.05 40.12 40.23 40.32 40.36 40.41 40.48 40.53 40.55 40.52 40.52 40.58 40.6 40.61 40.63 40.63 40.59 40.54 40.5 40.49 40.49 40.5 40.49 40.48 40.5 40.46
37.87 37.87 37.87 37.87 37.87 37.88 37.88 37.88 37.88 37.88 37.88 37.88 37.89 37.89 37.89 37.89 37.89 37.89 37.89 37.9 37.9 37.9 37.9 37.9 37.9 37.9 37.91 37.91 37.91 37.91 37.91 37.93 37.96 37.98 37.99 38.01 38.04 38.05 38.07 38.07 37.99 37.87 37.97 38.37 38.62 38.78 39.04 39.3 39.44 39.55 39.65 39.87 40.01 40.1 40.23 40.33 40.38 40.42 40.47 40.49 40.51 40.5 40.53 40.58 40.62 40.59 40.6 40.6 40.58 40.54 40.53 40.54 40.55 40.54 40.52 40.51 40.48 40.47
37.87 37.87 37.87 37.87 37.88 37.88 37.88 37.88 37.88 37.88 37.88 37.89 37.89 37.89 37.89 37.89 37.89 37.89 37.9 37.9 37.9 37.9 37.9 37.9 37.9 37.91 37.91 37.91 37.91 37.91 37.91 37.92 37.95 37.96 37.98 38.01 38.02 38.04 38.06 38.08 38.08 37.99 38.12 38.46 38.67 38.8 39.07 39.32 39.45 39.6 39.72 39.89 39.99 40.09 40.24 40.35 40.37 40.41 40.46 40.48 40.5 40.5 40.56 40.58 40.6 40.6 40.61 40.61 40.58 40.57 40.58 40.59 40.59 40.57 40.56 40.56 40.51 40.54
37.87 37.88 37.88 37.88 37.88 37.88 37.88 37.88 37.88 37.89 37.89 37.89 37.89 37.89 37.89 37.89 37.89 37.9 37.9 37.9 37.9 37.9 37.9 37.91 37.91 37.91 37.91 37.91 37.91 37.91 37.91 37.92 37.93 37.95 37.98 38 38.02 38.04 38.05 38.08 38.1 38.06 38.23 38.55 38.73 38.87 39.11 39.33 39.44 39.61 39.8 39.92 40 40.11 40.25 40.35 40.38 40.45 40.47 40.47 40.5 40.52 40.56 40.57 40.58 40.61 40.62 40.62 40.62 40.62 40.63 40.63 40.63 40.62 40.63 40.64 40.61 40.63
37.87 37.88 37.88 37.88 37.88 37.88 37.88 37.88 37.89 37.89 37.89 37.89 37.89 37.89 37.89 37.9 37.9 37.9 37.9 37.9 37.9 37.91 37.91 37.91 37.91 37.91 37.91 37.91 37.91 37.91 37.92 37.92 37.93 37.94 37.97 38 38.02 38.03 38.05 38.07 38.09 38.13 38.3 38.6 38.76 38.92 39.14 39.35 39.47 39.63 39.82 39.97 40.03 40.13 40.27 40.35 40.4 40.46 40.47 40.46 40.51 40.54 40.55 40.56 40.58 40.61 40.62 40.63 40.66 40.64 40.64 40.65 40.68 40.69 40.69 40.69 40.7 40.7
37.88 37.88 37.88 37.88 37.88 37.88 37.88 37.89 37.89 37.89 37.89 37.89 37.89 37.9 37.9 37.9 37.9 37.9 37.9 37.9 37.91 37.91 37.91 37.91 37.91 37.91 37.91 37.91 37.92 37.92 37.92 37.92 37.92 37.93 37.96 37.99 38.01 38.03 38.05 38.07 38.09 38.16 38.38 38.65 38.8 38.95 39.15 39.36 39.48 39.65 39.86 40.02 40.1 40.18 40.28 40.36 40.4 40.45 40.46 40.46 40.5 40.54 40.55 40.57 40.58 40.6 40.61 40.63 40.66 40.64 40.66 40.69 40.73 40.75 40.73 40.72 40.74 40.74
37.88 37.88 37.88 37.88 37.88 37.88 37.89 37.89 37.89 37.89 37.89 37.89 37.9 37.9 37.9 37.9 37.9 37.9 37.9 37.91 37.91 37.91 37.91 37.91 37.91 37.91 37.91 37.92 37.92 37.92 37.92 37.92 37.92 37.92 37.95 37.99 38.01 38.02 38.04 38.07 38.08 38.19 38.44 38.71 38.86 39 39.18 39.38 39.51 39.7 39.9 40.04 40.14 40.2 40.3 40.37 40.41 40.45 40.45 40.45 40.48 40.52 40.55 40.57 40.59 40.59 40.6 40.63 40.65 40.66 40.72 40.75 40.77 40.79 40.78 40.78 40.8 40.79
37.88 37.88 37.88 37.89 37.89 37.89 37.89 37.89 37.89 37.89 37.89 37.9 37.9 37.9 37.9 37.9 37.9 37.9 37.9 37.91 37.91 37.91 37.91 37.91 37.91 37.91 37.92 37.92 37.92 37.92 37.92 37.92 37.92 37.93 37.94 37.98 38 38.01 38.04 38.06 38.08 38.23 38.49 38.76 38.91 39.05 39.22 39.36 39.5 39.71 39.92 40.05 40.14 40.2 40.31 40.38 40.44 40.45 40.44 40.44 40.45 40.5 40.55 40.56 40.59 40.6 40.62 40.65 40.7 40.74 40.78 40.8 40.81 40.83 40.82 40.81 40.82 40.81
37.88 37.88 37.88 37.89 37.89 37.89 37.89 37.89 37.89 37.9 37.9 37.9 37.9 37.9 37.9 37.9 37.9 37.9 37.91 37.91 37.91 37.91 37.91 37.91 37.91 37.92 37.92 37.92 37.92 37.92 37.92 37.92 37.93 37.93 37.94 37.97 37.99 38.01 38.03 38.06 38.09 38.28 38.57 38.79 38.93 39.09 39.26 39.37 39.53 39.74 39.93 40.06 40.12 40.18 40.3 40.39 40.46 40.44 40.42 40.42 40.45 40.49 40.55 40.57 40.58 40.62 40.65 40.67 40.74 40.8 40.82 40.82 40.83 40.81 40.8 40.8 40.81 40.81
37.88 37.88 37.89 37.89 37.89 37.89 37.89 37.89 37.9 37.9 37.9 37.9 37.9 37.9 37.9 37.9 37.91 37.91 37.91 37.91 37.91 37.91 37.91 37.91 37.92 37.92 37.92 37.92 37.92 37.92 37.92 37.93 37.93 37.93 37.94 37.96 37.99 38.01 38.03 38.08 38.13 38.33 38.65 38.84 38.97 39.13 39.32 39.45 39.6 39.79 39.96 40.07 40.11 40.18 40.28 40.35 40.41 40.4 40.41 40.42 40.46 40.49 40.55 40.57 40.57 40.6 40.63 40.66 40.73 40.78 40.79 40.81 40.81 40.8 40.8 40.8 40.81 40.8
37.89 37.89 37.89 37.89 37.89 37.89 37.89 37.89 37.9 37.9 37.9 37.9 37.9 37.9 37.9 37.91 37.91 37.91 37.91 37.91 37.91 37.91 37.92 37.92 37.92 37.92 37.92 37.92 37.92 37.92 37.93 37.93 37.93 37.93 37.94 37.95 37.98 38 38.02 38.06 38.15 38.38 38.68 38.87 39.01 39.17 39.37 39.53 39.66 39.82 39.98 40.07 40.11 40.19 40.29 40.32 40.37 40.36 40.39 40.41 40.47 40.52 40.56 40.57 40.56 40.57 40.59 40.66 40.74 40.76 40.78 40.8 40.8 40.79 40.79 40.8 40.81 40.81
37.89 37.89 37.89 37.89 37.89 37.89 37.89 37.9 37.9 37.9 37.9 37.9 37.9 37.9 37.91 37.91 37.91 37.91 37.91 37.91 37.91 37.92 37.92 37.92 37.92 37.92 37.92 37.92 37.93 37.93 37.93 37.93 37.93 37.93 37.94 37.95 37.96 37.99 38.01 38.03 38.17 38.42 38.71 38.88 39.02 39.2 39.41 39.56 39.68 39.85 39.98 40.06 40.11 40.18 40.3 40.37 40.38 40.39 40.41 40.43 40.47 40.52 40.56 40.58 40.6 40.62 40.62 40.68 40.72 40.74 40.77 40.78 40.78 40.78 40.79 40.8 40.81 40.81
37.89 37.89 37.89 37.89 37.89 37.89 37.9 37.9 37.9 37.9 37.9 37.9 37.9 37.91 37.91 37.91 37.91 37.91 37.91 37.91 37.92 37.92 37.92 37.92 37.92 37.92 37.92 37.93 37.93 37.93 37.93 37.93 37.93 37.94 37.94 37.94 37.95 37.98 38.01 38.03 38.22 38.47 38.75 38.91 39.04 39.23 39.46 39.6 39.71 39.87 40 40.06 40.13 40.2 40.29 40.33 40.38 40.42 40.44 40.44 40.46 40.51 40.52 40.55 40.63 40.65 40.66 40.68 40.7 40.74 40.77 40.77 40.77 40.78 40.79 40.8 40.8 40.81
37.89 37.89 37.89 37.89 37.9 37.9 37.9 37.9 37.9 37.9 37.9 37.9 37.91 37.91 37.91 37.91 37.91 37.91 37.91 37.92 37.92 37.92 37.92 37.92 37.92 37.93 37.93 37.93 37.93 37.93 37.93 37.93 37.93 37.94 37.94 37.94 37.94 37.96 38.01 38.05 38.23 38.5 38.77 38.92 39.07 39.28 39.49 39.61 39.72 39.86 39.99 40.05 40.13 40.23 40.29 40.32 40.37 40.42 40.44 40.43 40.46 40.51 40.53 40.57 40.64 40.66 40.68 40.67 40.7 40.74 40.77 40.76 40.77 40.78 40.79 40.79 40.8 40.8
37.89 37.89 37.89 37.9 37.9 37.9 37.9 37.9 37.9 37.9 37.91 37.91 37.91 37.91 37.91 37.91 37.91 37.91 37.92 37.92 37.92 37.92 37.92 37.92 37.93 37.93 37.93 37.93 37.93 37.93 37.93 37.93 37.94 37.94 37.94 37.94 37.94 37.95 38.01 38.09 38.26 38.54 38.79 38.94 39.08 39.28 39.5 39.61 39.73 39.87 39.98 40.05 40.13 40.22 40.28 40.32 40.37 40.42 40.43 40.43 40.45 40.5 40.56 40.58 40.62 40.65 40.66 40.68 40.7 40.74 40.75 40.76 40.77 40.77 40.78 40.79 40.79 40.8
37.89 37.89 37.9 37.9 37.9 37.9 37.9 37.9 37.9 37.91 37.91 37.91 37.91 37.91 37.91 37.92 37.92 37.92 37.92 37.92 37.92 37.92 37.92 37.93 37.93 37.93 37.93 37.93 37.93 37.93 37.94 37.94 37.94 37.94 37.94 37.94 37.94 37.95 38.01 38.08 38.28 38.56 38.84 38.98 39.1 39.3 39.5 39.6 39.73 39.87 39.95 40.02 40.12 40.21 40.28 40.32 40.37 40.41 40.42 40.42 40.46 40.5 40.55 40.57 40.6 40.63 40.64 40.67 40.7 40.73 40.74 40.75 40.76 40.77 40.78 40.78 40.79 40.8
37.89 37.9 37.9 37.9 37.9 37.9 37.9 37.9 37.91 37.91 37.91 37.91 37.91 37.91 37.92 37.92 37.92 37.92 37.92 37.92 37.92 37.92 37.93 37.93 37.93 37.93 37.93 37.93 37.93 37.94 37.94 37.94 37.94 37.94 37.94 37.94 37.94 37.95 38.02 38.13 38.34 38.61 38.87 38.99 39.12 39.33 39.48 39.58 39.75 39.91 39.98 40.04 40.11 40.21 40.27 40.31 40.36 40.39 40.38 40.4 40.46 40.51 40.55 40.56 40.58 40.62 40.65 40.67 40.7 40.73 40.74 40.75 40.76 40.76 40.77 40.78 40.79 40.8
37.9 37.9 37.9 37.9 37.9 37.9 37.91 37.91 37.91 37.91 37.91 37.91 37.91 37.91 37.92 37.92 37.92 37.92 37.92 37.92 37.92 37.93 37.93 37.93 37.93 37.93 37.93 37.93 37.94 37.94 37.94 37.94 37.94 37.94 37.95 37.95 37.95 37.95 38.04 38.18 38.42 38.69 38.89 39 39.13 39.35 39.5 39.62 39.79 39.97 40.04 40.09 40.13 40.22 40.27 40.31 40.34 40.36 40.35 40.38 40.45 40.52 40.55 40.54 40.55 40.61 40.66 40.68 40.7 40.73 40.74 40.75 40.75 40.76 40.77 40.78 40.78 40.79
37.9 37.9 37.9 37.9 37.91 37.91 37.91 37.91 37.91 37.91 37.91 37.91 37.91 37.92 37.92 37.92 37.92 37.92 37.92 37.92 37.93 37.93 37.93 37.93 37.93 37.93 37.94 37.94 37.94 37.94 37.94 37.94 37.94 37.94 37.95 37.95 37.95 37.96 38.07 38.23 38.48 38.74 38.9 39.01 39.17 39.39 39.55 39.67 39.84 40.01 40.07 40.11 40.16 40.24 40.29 40.33 40.35 40.35 40.34 40.38 40.46 40.52 40.54 40.52 40.53 40.58 40.64 40.67 40.71 40.74 40.75 40.75 40.75 40.76 40.77 40.77 40.78 40.79
37.9 37.9 37.9 37.91 37.91 37.91 37.91 37.91 37.91 37.91 37.91 37.92 37.92 37.92 37.92 37.92 37.92 37.92 37.92 37.93 37.93 37.93 37.93 37.93 37.93 37.93 37.94 37.94 37.94 37.94 37.94 37.94 37.94 37.95 37.95 37.97 37.95 38.04 38.16 38.3 38.51 38.76 38.92 39.06 39.23 39.46 39.6 39.68 39.86 40.03 40.1 40.14 40.19 40.27 40.32 40.37 40.38 40.37 40.36 40.4 40.49 40.53 40.53 40.56 40.57 40.61 40.63 40.65 40.69 40.72 40.76 40.77 40.76 40.76 40.76 40.77 40.78 40.79
37.9 37.9 37.91 37.91 37.91 37.91 37.91 37.91 37.91 37.91 37.92 37.92 37.92 37.92 37.92 37.92 37.92 37.93 37.93 37.93 37.93 37.93 37.93 37.93 37.93 37.94 37.94 37.94 37.94 37.94 37.94 37.94 37.95 37.97 37.99 38.02 38.05 38.14 38.25 38.35 38.54 38.8 38.98 39.12 39.3 39.51 39.65 39.72 39.89 40.07 40.13 40.17 40.22 40.29 40.35 40.39 40.41 40.4 40.39 40.41 40.51 40.57 40.56 40.59 40.6 40.62 40.63 40.64 40.67 40.69 40.75 40.78 40.77 40.77 40.77 40.77 40.78 40.78
37.9 37.9 37.91 37.91 37.91 37.91 37.91 37.91 37.91 37.92 37.92 37.92 37.92 37.92 37.92 37.92 37.93 37.93 37.93 37.93 37.93 37.93 37.94 37.94 37.94 37.94 37.94 37.94 37.95 37.95 37.97 37.97 37.97 38.04 38.08 38.12 38.17 38.23 38.32 38.39 38.57 38.86 39.06 39.16 39.33 39.55 39.68 39.8 39.95 40.09 40.14 40.19 40.25 40.31 40.34 40.37 40.41 40.44 40.43 40.42 40.48 40.54 40.53 40.55 40.6 40.62 40.62 40.64 40.65 40.66 40.72 40.77 40.78 40.78 40.78 40.78 40.78 40.78
