slabs/47.grd
DSAA
631 301
644520 645150
4947800 4948100
36.98 47.89
[rows 68 to 101 of 301, columns 0 to 77 of 631]
41.22 41.21 41.21 41.23 41.24 41.23 41.24 41.27 41.28 41.28 41.29 41.32 41.32 41.31 41.31 41.29 41.29 41.28 41.24 41.22 41.21 41.19 41.17 41.17 41.17 41.17 41.18 41.21 41.23 41.25 41.26 41.24 41.19 41.13 41.12 41.24 41.31 41.34 41.34 41.33 41.35 41.37 41.37 41.37 41.39 41.39 41.39 41.39 41.39 41.37 41.42 41.45 41.48 41.53 41.54 41.52 41.51 41.51 41.49 41.47 41.45 41.41 41.4 41.4 41.38 41.32 41.25 41.15 40.98 40.97 40.96 41.03 41.07 41.06 41.06 41.05 41.03 41.01
41.16 41.18 41.2 41.22 41.23 41.24 41.26 41.28 41.3 41.29 41.31 41.33 41.31 41.31 41.32 41.31 41.31 41.28 41.24 41.22 41.21 41.18 41.15 41.14 41.15 41.15 41.13 41.15 41.16 41.21 41.25 41.25 41.24 41.24 41.18 41.18 41.23 41.29 41.34 41.34 41.33 41.33 41.36 41.36 41.37 41.35 41.36 41.38 41.38 41.37 41.39 41.41 41.42 41.47 41.52 41.52 41.5 41.5 41.51 41.51 41.49 41.47 41.47 41.48 41.45 41.33 41.21 41.09 40.92 40.86 40.84 40.94 41.04 41.09 41.09 41.08 41.04 41
40.96 41.03 41.11 41.15 41.2 41.23 41.27 41.28 41.29 41.3 41.31 41.32 41.32 41.31 41.31 41.3 41.3 41.28 41.25 41.24 41.22 41.21 41.17 41.12 41.13 41.13 41.1 41.1 41.11 41.15 41.22 41.24 41.24 41.26 41.24 41.21 41.16 41.17 41.26 41.3 41.3 41.3 41.32 41.33 41.35 41.33 41.35 41.36 41.35 41.36 41.38 41.4 41.38 41.4 41.45 41.48 41.48 41.49 41.51 41.51 41.51 41.51 41.52 41.53 41.47 41.29 41.17 41.04 40.87 40.8 40.78 40.9 41.06 41.14 41.14 41.11 41.07 41.02
40.41 40.55 40.74 40.97 41.11 41.17 41.24 41.28 41.29 41.29 41.29 41.3 41.32 41.32 41.3 41.29 41.29 41.29 41.25 41.24 41.25 41.24 41.19 41.14 41.13 41.13 41.09 41.09 41.11 41.12 41.17 41.19 41.2 41.22 41.25 41.26 41.25 41.24 41.19 41.18 41.22 41.26 41.31 41.31 41.32 41.31 41.32 41.31 41.29 41.32 41.35 41.37 41.35 41.34 41.35 41.39 41.43 41.46 41.48 41.49 41.5 41.51 41.54 41.55 41.47 41.29 41.18 41.08 40.95 40.89 40.87 40.96 41.1 41.18 41.17 41.14 41.1 41.05
39.77 39.91 40.19 40.6 40.89 41.04 41.18 41.25 41.28 41.28 41.29 41.28 41.28 41.3 41.3 41.29 41.3 41.29 41.25 41.23 41.23 41.21 41.19 41.16 41.13 41.12 41.1 41.09 41.11 41.12 41.13 41.14 41.16 41.18 41.21 41.24 41.28 41.31 41.25 41.19 41.18 41.22 41.28 41.27 41.28 41.28 41.28 41.24 41.23 41.26 41.29 41.32 41.32 41.31 41.31 41.34 41.39 41.42 41.45 41.47 41.49 41.5 41.5 41.51 41.48 41.36 41.3 41.28 41.24 41.14 41.12 41.18 41.25 41.22 41.14 41.09 41.08 41.06
39.34 39.47 39.74 40.11 40.48 40.74 41.03 41.17 41.22 41.25 41.28 41.27 41.27 41.29 41.3 41.3 41.29 41.26 41.24 41.22 41.23 41.21 41.19 41.16 41.15 41.13 41.1 41.08 41.11 41.12 41.13 41.13 41.14 41.15 41.16 41.18 41.25 41.31 41.3 41.28 41.23 41.23 41.21 41.14 41.2 41.25 41.23 41.2 41.19 41.22 41.24 41.25 41.26 41.27 41.31 41.34 41.39 41.38 41.37 41.42 41.47 41.46 41.47 41.5 41.5 41.44 41.43 41.44 41.41 41.32 41.31 41.35 41.35 41.28 41.17 41.06 41.05 41.05
38.99 39.04 39.27 39.66 39.99 40.31 40.76 41.01 41.13 41.21 41.26 41.27 41.25 41.27 41.3 41.29 41.26 41.24 41.23 41.22 41.22 41.21 41.18 41.15 41.15 41.13 41.11 41.09 41.12 41.14 41.15 41.15 41.14 41.14 41.13 41.14 41.19 41.24 41.26 41.29 41.27 41.26 41.18 41.07 41.12 41.17 41.18 41.18 41.17 41.18 41.18 41.2 41.24 41.24 41.26 41.31 41.35 41.36 41.34 41.36 41.41 41.44 41.44 41.46 41.48 41.48 41.49 41.51 41.49 41.44 41.43 41.42 41.38 41.33 41.22 41.06 41.02 41.02
38.81 38.74 38.85 39.28 39.62 39.94 40.33 40.69 40.92 41.05 41.17 41.24 41.25 41.27 41.33 41.31 41.28 41.25 41.24 41.23 41.21 41.19 41.16 41.14 41.15 41.16 41.14 41.13 41.14 41.16 41.15 41.16 41.14 41.15 41.15 41.14 41.15 41.16 41.19 41.23 41.22 41.24 41.23 41.18 41.16 41.09 41.08 41.12 41.15 41.15 41.16 41.19 41.24 41.25 41.27 41.3 41.33 41.33 41.32 41.34 41.38 41.39 41.4 41.42 41.45 41.5 41.53 41.55 41.52 41.48 41.46 41.44 41.42 41.38 41.31 41.18 41.07 41.06
38.8 38.73 38.69 38.97 39.23 39.48 39.84 40.21 40.44 40.67 40.97 41.16 41.22 41.26 41.33 41.32 41.29 41.26 41.25 41.23 41.21 41.17 41.14 41.13 41.15 41.16 41.16 41.16 41.16 41.17 41.15 41.15 41.13 41.16 41.16 41.16 41.15 41.13 41.15 41.18 41.19 41.22 41.24 41.25 41.25 41.16 41.02 41.01 41.09 41.13 41.15 41.17 41.21 41.22 41.25 41.28 41.3 41.3 41.3 41.32 41.36 41.37 41.38 41.39 41.45 41.5 41.52 41.54 41.5 41.49 41.48 41.47 41.45 41.43 41.39 41.34 41.25 41.24
38.8 38.72 38.63 38.75 38.83 39.01 39.35 39.74 39.98 40.28 40.69 41 41.08 41.17 41.28 41.3 41.26 41.25 41.24 41.23 41.2 41.17 41.14 41.14 41.14 41.16 41.17 41.17 41.17 41.16 41.14 41.14 41.13 41.14 41.15 41.16 41.15 41.12 41.12 41.12 41.15 41.19 41.19 41.19 41.19 41.18 41.17 41.08 41.04 41.04 41.09 41.12 41.15 41.18 41.22 41.25 41.27 41.27 41.27 41.3 41.33 41.36 41.36 41.38 41.42 41.45 41.47 41.47 41.46 41.47 41.47 41.47 41.48 41.48 41.46 41.43 41.43 41.42
38.79 38.7 38.61 38.65 38.65 38.66 38.93 39.35 39.61 39.94 40.34 40.64 40.62 40.75 41.02 41.16 41.13 41.17 41.22 41.22 41.2 41.18 41.17 41.17 41.15 41.17 41.16 41.16 41.16 41.14 41.14 41.15 41.15 41.14 41.15 41.17 41.14 41.1 41.11 41.11 41.12 41.13 41.12 41.13 41.15 41.17 41.18 41.17 41.11 41 40.97 41.03 41.1 41.14 41.18 41.21 41.24 41.25 41.24 41.27 41.3 41.31 41.33 41.36 41.37 41.37 41.39 41.39 41.42 41.43 41.44 41.46 41.5 41.51 41.49 41.46 41.45 41.46
38.79 38.69 38.59 38.59 38.57 38.52 38.68 39.02 39.19 39.5 39.79 39.96 39.93 40.2 40.63 40.83 40.83 40.95 41.14 41.2 41.2 41.18 41.18 41.19 41.17 41.19 41.17 41.16 41.15 41.14 41.13 41.14 41.13 41.11 41.11 41.12 41.14 41.11 41.12 41.14 41.12 41.12 41.12 41.12 41.12 41.13 41.14 41.16 41.14 41.07 41.02 41.02 41.03 41.07 41.1 41.15 41.19 41.21 41.2 41.24 41.26 41.26 41.28 41.31 41.31 41.31 41.3 41.32 41.37 41.39 41.43 41.45 41.49 41.51 41.49 41.48 41.48 41.48
38.75 38.67 38.57 38.53 38.5 38.49 38.58 38.76 38.83 39.07 39.21 39.24 39.34 39.75 40.19 40.3 40.34 40.51 40.95 41.14 41.16 41.17 41.18 41.18 41.18 41.2 41.17 41.16 41.17 41.14 41.14 41.14 41.14 41.1 41.08 41.1 41.12 41.12 41.12 41.13 41.13 41.12 41.11 41.1 41.1 41.1 41.1 41.12 41.13 41.11 41.09 41.08 41.01 41.03 41.04 41.08 41.15 41.17 41.17 41.18 41.21 41.22 41.24 41.26 41.26 41.25 41.26 41.27 41.3 41.33 41.38 41.41 41.45 41.5 41.48 41.49 41.49 41.48
38.55 38.56 38.52 38.47 38.45 38.48 38.57 38.64 38.68 38.8 38.85 38.86 38.96 39.27 39.62 39.65 39.63 39.86 40.52 40.92 41.01 41.12 41.18 41.21 41.2 41.21 41.19 41.19 41.19 41.15 41.14 41.15 41.16 41.12 41.1 41.1 41.11 41.12 41.13 41.13 41.14 41.13 41.13 41.12 41.12 41.1 41.09 41.1 41.09 41.09 41.11 41.13 41.08 41.07 41.05 41.06 41.09 41.14 41.16 41.16 41.18 41.2 41.21 41.22 41.22 41.22 41.24 41.25 41.26 41.29 41.32 41.37 41.41 41.44 41.45 41.47 41.48 41.51
38.38 38.43 38.46 38.44 38.42 38.47 38.57 38.62 38.63 38.64 38.67 38.69 38.74 38.86 39.04 38.96 38.85 39.25 39.91 40.35 40.58 40.9 41.11 41.19 41.22 41.23 41.22 41.22 41.22 41.2 41.18 41.18 41.15 41.12 41.11 41.12 41.11 41.12 41.14 41.14 41.15 41.14 41.15 41.15 41.14 41.11 41.11 41.09 41.08 41.07 41.1 41.13 41.14 41.14 41.13 41.09 41.04 41.07 41.12 41.16 41.18 41.18 41.19 41.18 41.18 41.19 41.21 41.23 41.26 41.27 41.29 41.32 41.35 41.37 41.39 41.43 41.45 41.49
38.38 38.37 38.4 38.4 38.41 38.48 38.55 38.57 38.55 38.57 38.64 38.7 38.76 38.86 38.91 38.84 38.65 38.84 39.4 39.76 40.05 40.49 40.85 41.04 41.15 41.21 41.24 41.25 41.24 41.22 41.22 41.21 41.17 41.15 41.14 41.14 41.12 41.12 41.15 41.14 41.14 41.15 41.17 41.16 41.15 41.14 41.13 41.1 41.09 41.06 41.08 41.12 41.12 41.13 41.15 41.13 41.09 41.03 41.06 41.09 41.14 41.15 41.17 41.16 41.15 41.16 41.19 41.21 41.25 41.26 41.26 41.29 41.32 41.34 41.36 41.4 41.45 41.47
38.37 38.37 38.37 38.37 38.38 38.45 38.49 38.46 38.47 38.57 38.68 38.74 38.8 38.9 38.99 39.03 38.89 38.87 39.08 39.35 39.6 40.04 40.39 40.65 40.96 41.14 41.21 41.23 41.24 41.25 41.25 41.24 41.22 41.21 41.2 41.2 41.17 41.16 41.16 41.15 41.13 41.15 41.18 41.16 41.16 41.15 41.14 41.12 41.09 41.06 41.06 41.1 41.1 41.1 41.14 41.14 41.12 41.08 41.05 40.99 41.07 41.11 41.14 41.13 41.12 41.12 41.15 41.18 41.21 41.21 41.22 41.29 41.33 41.34 41.36 41.37 41.42 41.44
38.37 38.37 38.36 38.35 38.36 38.37 38.4 38.41 38.43 38.57 38.7 38.77 38.86 38.95 39.04 39.1 39.1 39.05 39.07 39.14 39.27 39.63 39.92 40.15 40.52 40.88 41.07 41.09 41.19 41.24 41.24 41.24 41.26 41.27 41.26 41.26 41.22 41.2 41.19 41.17 41.14 41.14 41.17 41.16 41.16 41.16 41.14 41.13 41.08 41.06 41.05 41.06 41.08 41.1 41.12 41.12 41.13 41.12 41.12 41.12 41.04 41.02 41.09 41.13 41.13 41.14 41.16 41.17 41.18 41.18 41.21 41.28 41.32 41.33 41.33 41.33 41.36 41.38
38.37 38.36 38.36 38.35 38.36 38.37 38.38 38.4 38.42 38.47 38.59 38.71 38.86 39 39.11 39.17 39.24 39.21 39.15 39.11 39.09 39.25 39.34 39.43 39.75 40.23 40.57 40.69 40.98 41.14 41.2 41.22 41.25 41.27 41.28 41.27 41.24 41.21 41.21 41.21 41.17 41.15 41.18 41.16 41.14 41.14 41.13 41.13 41.1 41.08 41.07 41.06 41.08 41.1 41.09 41.11 41.13 41.14 41.16 41.18 41.12 41.07 41 41.07 41.12 41.14 41.16 41.14 41.16 41.16 41.18 41.25 41.26 41.27 41.28 41.3 41.31 41.32
38.37 38.36 38.35 38.35 38.36 38.37 38.38 38.39 38.39 38.43 38.49 38.55 38.67 38.88 39.06 39.16 39.27 39.27 39.17 39.03 38.9 38.87 38.8 38.76 38.99 39.44 39.78 40.08 40.62 40.93 41.06 41.12 41.18 41.21 41.23 41.24 41.26 41.24 41.23 41.23 41.21 41.2 41.22 41.17 41.13 41.11 41.1 41.1 41.08 41.08 41.07 41.05 41.09 41.1 41.07 41.08 41.11 41.13 41.15 41.16 41.14 41.14 41.07 41.06 41.06 41.09 41.11 41.09 41.13 41.13 41.15 41.19 41.19 41.19 41.21 41.25 41.26 41.28
38.37 38.36 38.35 38.35 38.36 38.37 38.38 38.38 38.38 38.4 38.43 38.46 38.51 38.64 38.76 38.84 39.02 39.13 39.05 38.87 38.71 38.59 38.53 38.48 38.57 38.9 39.14 39.57 40.19 40.55 40.7 40.83 41.02 41.11 41.16 41.18 41.2 41.22 41.23 41.26 41.24 41.23 41.24 41.23 41.16 41.11 41.11 41.12 41.08 41.06 41.04 41.06 41.09 41.1 41.07 41.06 41.08 41.11 41.13 41.14 41.13 41.16 41.15 41.11 41.08 41.06 41.02 41.01 41.07 41.09 41.11 41.15 41.16 41.15 41.15 41.19 41.23 41.26
38.37 38.35 38.35 38.35 38.36 38.37 38.38 38.38 38.38 38.39 38.41 38.42 38.44 38.46 38.48 38.51 38.66 38.83 38.83 38.71 38.59 38.51 38.48 38.45 38.43 38.66 38.87 39.22 39.73 40.04 40.16 40.33 40.62 40.81 40.94 41.06 41.15 41.15 41.17 41.22 41.25 41.27 41.27 41.25 41.19 41.13 41.12 41.11 41.08 41.05 41.04 41.05 41.07 41.08 41.05 41.04 41.05 41.08 41.1 41.1 41.1 41.14 41.14 41.14 41.14 41.09 41 40.97 40.99 41.01 41.08 41.13 41.16 41.14 41.14 41.17 41.21 41.24
38.36 38.35 38.35 38.34 38.36 38.37 38.38 38.38 38.38 38.4 38.4 38.4 38.41 38.42 38.44 38.46 38.51 38.6 38.64 38.61 38.55 38.54 38.55 38.59 38.64 38.69 38.73 38.93 39.27 39.53 39.68 39.88 40.13 40.31 40.46 40.71 41.03 41.1 41.15 41.18 41.22 41.24 41.24 41.25 41.22 41.17 41.16 41.12 41.09 41.07 41.06 41.06 41.06 41.06 41.05 41.05 41.05 41.06 41.07 41.07 41.06 41.08 41.11 41.1 41.1 41.11 41.09 41.03 40.98 40.95 40.98 41.06 41.11 41.11 41.12 41.16 41.18 41.23
38.35 38.35 38.35 38.35 38.37 38.38 38.38 38.38 38.39 38.4 38.4 38.4 38.41 38.42 38.42 38.43 38.46 38.51 38.55 38.58 38.62 38.65 38.67 38.69 38.71 38.73 38.75 38.82 38.92 39.04 39.18 39.37 39.62 39.79 39.96 40.2 40.59 40.83 41.03 41.13 41.17 41.19 41.16 41.2 41.22 41.22 41.21 41.19 41.16 41.13 41.1 41.08 41.08 41.06 41.06 41.06 41.07 41.06 41.06 41.06 41.04 41.04 41.06 41.07 41.08 41.07 41.06 41.05 41.05 41.01 40.9 40.97 41.04 41.1 41.14 41.13 41.16 41.19
38.35 38.35 38.35 38.35 38.37 38.38 38.38 38.38 38.4 38.4 38.41 38.41 38.41 38.42 38.42 38.42 38.44 38.46 38.49 38.53 38.57 38.61 38.64 38.66 38.69 38.72 38.74 38.77 38.81 38.84 38.89 38.96 39.16 39.3 39.46 39.69 40.06 40.29 40.67 40.91 41 41.05 40.92 41 41.2 41.26 41.27 41.26 41.26 41.23 41.17 41.13 41.11 41.07 41.07 41.06 41.06 41.05 41.04 41.04 41.03 41.04 41.04 41.05 41.06 41.04 41.03 41.03 41.03 41.05 41 40.95 40.94 41.03 41.1 41.12 41.15 41.2
38.35 38.34 38.34 38.35 38.37 38.38 38.38 38.38 38.4 38.4 38.41 38.41 38.41 38.42 38.42 38.42 38.44 38.44 38.45 38.48 38.52 38.57 38.6 38.62 38.66 38.68 38.71 38.74 38.77 38.78 38.79 38.81 38.89 38.94 39.03 39.22 39.54 39.59 39.82 40.12 40.3 40.42 40.39 40.67 41.05 41.24 41.29 41.29 41.3 41.3 41.25 41.19 41.16 41.11 41.08 41.05 41.04 41.06 41.06 41.04 41.03 41.03 41.04 41.01 41 40.99 40.99 40.98 40.98 40.98 41.02 41.03 40.95 40.92 41.01 41.09 41.15 41.19
38.35 38.34 38.34 38.35 38.37 38.38 38.38 38.38 38.4 38.4 38.41 38.41 38.41 38.42 38.42 38.43 38.44 38.44 38.45 38.46 38.48 38.51 38.54 38.58 38.62 38.65 38.67 38.7 38.73 38.75 38.76 38.77 38.78 38.78 38.8 38.89 39.07 39.03 39.07 39.2 39.37 39.54 39.75 40.27 40.71 41 41.21 41.28 41.29 41.3 41.3 41.27 41.23 41.18 41.14 41.09 41.07 41.06 41.03 41.03 41.03 41.02 41.01 40.99 40.98 41 40.97 40.95 40.95 40.96 41 41.02 40.99 40.97 40.97 40.99 41.06 41.14
38.34 38.34 38.34 38.35 38.37 38.38 38.38 38.38 38.4 38.4 38.41 38.41 38.42 38.42 38.42 38.44 38.44 38.45 38.45 38.45 38.46 38.48 38.5 38.53 38.58 38.6 38.63 38.64 38.67 38.69 38.71 38.73 38.74 38.73 38.74 38.76 38.79 38.82 38.88 38.79 38.82 38.93 39.27 39.85 40.24 40.57 41.01 41.19 41.25 41.29 41.3 41.3 41.3 41.29 41.23 41.15 41.11 41.08 41.03 41.02 41.03 41.01 40.99 40.98 40.96 40.95 40.94 40.94 40.95 40.96 40.99 41.01 41.01 41.04 41.02 40.98 40.99 41.04
38.34 38.34 38.34 38.35 38.37 38.38 38.38 38.39 38.4 38.4 38.41 38.41 38.42 38.42 38.42 38.44 38.44 38.45 38.45 38.45 38.46 38.47 38.48 38.49 38.52 38.53 38.56 38.58 38.62 38.64 38.66 38.69 38.69 38.7 38.71 38.73 38.75 38.78 38.84 38.67 38.54 38.55 38.89 39.47 39.87 40.26 40.68 40.91 41.01 41.11 41.22 41.27 41.3 41.32 41.28 41.21 41.16 41.12 41.06 41.03 41.03 41.01 40.98 40.97 40.94 40.92 40.92 40.94 40.97 40.98 40.99 41 41.01 41.05 41.06 41.05 41.02 41.01
38.34 38.34 38.34 38.35 38.37 38.38 38.38 38.39 38.4 38.41 38.41 38.41 38.42 38.42 38.42 38.44 38.44 38.45 38.45 38.46 38.47 38.47 38.47 38.48 38.48 38.48 38.5 38.54 38.58 38.61 38.63 38.65 38.66 38.67 38.68 38.7 38.71 38.74 38.76 38.6 38.51 38.52 38.72 39.25 39.64 40.02 40.35 40.43 40.42 40.61 41.06 41.21 41.26 41.29 41.31 41.28 41.23 41.16 41.11 41.04 41.03 41.01 40.96 40.94 40.92 40.92 40.93 40.96 41 41.01 41.02 41.03 41.02 41.04 41.07 41.08 41.07 41.06
38.34 38.34 38.34 38.35 38.37 38.38 38.38 38.4 38.4 38.41 38.41 38.41 38.42 38.42 38.43 38.44 38.45 38.45 38.45 38.46 38.47 38.47 38.47 38.48 38.49 38.49 38.49 38.51 38.54 38.56 38.59 38.62 38.64 38.65 38.65 38.67 38.67 38.71 38.69 38.53 38.45 38.48 38.57 39.03 39.4 39.76 39.96 39.88 39.82 40.12 40.89 41.15 41.19 41.22 41.28 41.3 41.28 41.22 41.14 41.09 41.06 41.02 40.98 40.94 40.92 40.91 40.94 40.97 41.01 41.03 41.04 41.05 41.03 41.04 41.06 41.07 41.06 41.06
38.34 38.34 38.34 38.35 38.37 38.38 38.38 38.4 38.4 38.41 38.41 38.41 38.42 38.42 38.43 38.44 38.45 38.45 38.45 38.46 38.47 38.47 38.47 38.48 38.49 38.49 38.49 38.51 38.52 38.52 38.54 38.58 38.61 38.62 38.63 38.64 38.64 38.69 38.64 38.46 38.38 38.43 38.52 38.85 39.17 39.44 39.46 39.31 39.22 39.64 40.61 40.95 40.95 41.01 41.1 41.17 41.21 41.22 41.19 41.16 41.13 41.07 41.02 40.97 40.93 40.91 40.94 40.96 40.99 41.01 41.03 41.03 41.05 41.05 41.04 41.03 41.03 41.04
38.34 38.34 38.34 38.35 38.37 38.38 38.39 38.4 38.41 38.41 38.41 38.42 38.43 38.43 38.43 38.44 38.45 38.45 38.45 38.47 38.47 38.48 38.48 38.48 38.49 38.49 38.49 38.51 38.51 38.51 38.52 38.55 38.58 38.59 38.6 38.6 38.58 38.63 38.56 38.4 38.31 38.35 38.46 38.68 38.92 39.03 38.93 38.76 38.67 39.16 40.03 40.34 40.24 40.29 40.51 40.68 40.86 41.1 41.19 41.2 41.19 41.13 41.06 41.01 40.96 40.92 40.93 40.95 40.96 40.99 41.03 41.05 41.05 41.06 41.04 41.04 41.02 41.05
38.34 38.34 38.34 38.35 38.37 38.38 38.39 38.4 38.41 38.41 38.41 38.42 38.43 38.44 38.44 38.45 38.45 38.45 38.45 38.47 38.47 38.48 38.48 38.48 38.48 38.49 38.49 38.51 38.51 38.52 38.52 38.53 38.54 38.56 38.57 38.56 38.53 38.53 38.45 38.32 38.23 38.27 38.37 38.49 38.6 38.57 38.45 38.34 38.31 38.59 39.08 39.31 39.3 39.44 39.75 40 40.32 40.91 41.12 41.17 41.19 41.16 41.11 41.08 41.02 40.97 40.94 40.94 40.96 40.99 41.01 41.04 41.04 41.04 41.03 41.05 41.06 41.06
