slabs/47.grd
DSAA
631 301
644520 645150
4947800 4948100
36.98 47.89
[rows 34 to 67 of 301, columns 78 to 155 of 631]
38.57 38.55 38.66 38.86 38.99 39.14 38.97 38.84 38.88 38.84 38.71 38.67 38.67 38.67 38.67 38.67 38.67 38.66 38.65 38.65 38.65 38.64 38.63 38.63 38.63 38.62 38.6 38.58 38.57 38.55 38.53 38.52 38.5 38.48 38.47 38.47 38.49 38.52 38.53 38.55 38.58 38.6 38.62 38.64 38.61 38.57 38.56 38.58 38.59 38.61 38.62 38.63 38.65 38.66 38.67 38.69 38.71 38.72 38.72 38.73 38.71 38.69 38.62 38.51 38.42 38.37 38.35 38.35 38.34 38.34 38.33 38.33 38.32 38.32 38.31 38.31 38.3 38.3
38.53 38.53 38.67 38.85 38.98 39.14 38.97 38.85 38.87 38.79 38.7 38.68 38.68 38.68 38.68 38.68 38.68 38.67 38.66 38.66 38.66 38.65 38.64 38.64 38.63 38.62 38.6 38.59 38.57 38.55 38.54 38.52 38.51 38.49 38.48 38.49 38.52 38.54 38.56 38.58 38.6 38.63 38.64 38.65 38.61 38.58 38.58 38.59 38.61 38.63 38.64 38.65 38.67 38.68 38.7 38.72 38.74 38.74 38.74 38.74 38.71 38.67 38.6 38.49 38.4 38.36 38.35 38.35 38.34 38.34 38.33 38.33 38.32 38.32 38.31 38.31 38.3 38.3
38.51 38.51 38.68 38.83 38.97 39.13 38.96 38.85 38.85 38.76 38.71 38.7 38.7 38.7 38.7 38.7 38.69 38.68 38.67 38.67 38.66 38.66 38.65 38.65 38.64 38.63 38.61 38.59 38.58 38.56 38.54 38.53 38.51 38.5 38.5 38.51 38.54 38.56 38.58 38.6 38.62 38.65 38.66 38.66 38.61 38.6 38.6 38.62 38.63 38.65 38.66 38.68 38.7 38.71 38.72 38.74 38.75 38.75 38.75 38.74 38.7 38.65 38.57 38.47 38.39 38.36 38.35 38.35 38.34 38.33 38.33 38.32 38.32 38.32 38.31 38.3 38.3 38.3
38.6 38.55 38.7 38.84 38.98 39.13 38.96 38.85 38.83 38.74 38.71 38.71 38.7 38.7 38.7 38.7 38.7 38.69 38.68 38.68 38.68 38.67 38.67 38.66 38.65 38.63 38.61 38.6 38.58 38.56 38.54 38.53 38.51 38.51 38.52 38.54 38.56 38.59 38.6 38.63 38.65 38.68 38.69 38.67 38.62 38.61 38.63 38.64 38.66 38.67 38.68 38.7 38.72 38.73 38.74 38.76 38.76 38.76 38.76 38.75 38.68 38.62 38.54 38.44 38.37 38.35 38.35 38.34 38.34 38.34 38.33 38.32 38.32 38.31 38.31 38.3 38.3 38.29
38.87 38.7 38.8 38.87 39 39.14 38.96 38.85 38.81 38.74 38.72 38.72 38.72 38.72 38.72 38.71 38.71 38.7 38.7 38.69 38.69 38.68 38.68 38.67 38.65 38.63 38.62 38.6 38.58 38.56 38.55 38.53 38.52 38.52 38.54 38.57 38.59 38.62 38.63 38.66 38.69 38.71 38.72 38.67 38.63 38.63 38.64 38.66 38.67 38.69 38.7 38.72 38.73 38.75 38.76 38.77 38.77 38.76 38.76 38.75 38.66 38.6 38.52 38.42 38.37 38.36 38.35 38.34 38.34 38.34 38.33 38.32 38.32 38.31 38.31 38.3 38.3 38.29
39.23 39.04 39.04 38.96 39.04 39.14 38.96 38.85 38.78 38.74 38.73 38.73 38.73 38.73 38.73 38.73 38.72 38.72 38.71 38.71 38.7 38.69 38.68 38.67 38.66 38.63 38.62 38.61 38.59 38.57 38.55 38.54 38.54 38.55 38.58 38.6 38.63 38.65 38.66 38.68 38.71 38.73 38.72 38.68 38.65 38.65 38.66 38.68 38.69 38.71 38.71 38.74 38.75 38.76 38.77 38.77 38.77 38.77 38.77 38.74 38.64 38.58 38.5 38.4 38.36 38.35 38.35 38.34 38.34 38.34 38.33 38.32 38.31 38.31 38.3 38.3 38.29 38.29
39.56 39.4 39.24 39.15 39.18 39.18 38.98 38.87 38.78 38.75 38.75 38.75 38.75 38.75 38.75 38.74 38.73 38.73 38.72 38.72 38.71 38.7 38.69 38.68 38.66 38.64 38.62 38.61 38.6 38.57 38.55 38.55 38.56 38.59 38.6 38.62 38.65 38.67 38.68 38.71 38.73 38.75 38.73 38.68 38.66 38.66 38.67 38.7 38.71 38.72 38.73 38.75 38.77 38.78 38.78 38.78 38.78 38.78 38.78 38.72 38.64 38.57 38.47 38.39 38.35 38.35 38.34 38.34 38.33 38.33 38.32 38.32 38.31 38.31 38.3 38.3 38.29 38.29
39.87 39.81 39.61 39.42 39.36 39.3 39.11 38.98 38.84 38.77 38.76 38.76 38.76 38.76 38.76 38.76 38.75 38.74 38.74 38.73 38.73 38.71 38.69 38.68 38.67 38.64 38.63 38.62 38.6 38.57 38.56 38.56 38.59 38.61 38.62 38.65 38.67 38.69 38.7 38.73 38.75 38.77 38.74 38.68 38.67 38.68 38.69 38.71 38.73 38.73 38.75 38.77 38.79 38.8 38.79 38.79 38.79 38.79 38.78 38.7 38.62 38.55 38.45 38.38 38.35 38.35 38.34 38.34 38.33 38.33 38.32 38.32 38.31 38.31 38.3 38.29 38.29 38.28
40.24 40.21 40.01 39.8 39.62 39.5 39.39 39.29 39.07 38.86 38.82 38.8 38.78 38.77 38.77 38.77 38.77 38.76 38.75 38.75 38.74 38.71 38.7 38.69 38.67 38.65 38.63 38.62 38.6 38.58 38.57 38.58 38.61 38.63 38.64 38.67 38.69 38.7 38.72 38.75 38.77 38.77 38.74 38.69 38.69 38.7 38.71 38.73 38.74 38.75 38.77 38.78 38.81 38.81 38.8 38.8 38.8 38.8 38.77 38.67 38.6 38.52 38.42 38.37 38.35 38.35 38.34 38.33 38.33 38.33 38.32 38.31 38.31 38.3 38.3 38.29 38.29 38.28
40.52 40.44 40.32 40.18 39.91 39.81 39.76 39.62 39.33 39.07 39.01 38.93 38.83 38.79 38.79 38.79 38.78 38.77 38.77 38.76 38.74 38.72 38.7 38.69 38.67 38.65 38.64 38.62 38.6 38.58 38.59 38.61 38.63 38.64 38.66 38.69 38.71 38.73 38.75 38.77 38.78 38.78 38.74 38.7 38.7 38.71 38.73 38.74 38.76 38.77 38.79 38.8 38.82 38.82 38.81 38.81 38.81 38.81 38.75 38.63 38.56 38.48 38.39 38.35 38.35 38.34 38.34 38.33 38.33 38.32 38.31 38.31 38.3 38.3 38.29 38.29 38.28 38.28
40.72 40.62 40.56 40.49 40.25 40.24 40.17 39.96 39.6 39.35 39.26 39.12 38.89 38.82 38.81 38.8 38.79 38.78 38.77 38.76 38.74 38.72 38.71 38.69 38.67 38.65 38.64 38.63 38.6 38.59 38.6 38.62 38.65 38.66 38.69 38.71 38.74 38.75 38.77 38.79 38.8 38.79 38.74 38.71 38.72 38.73 38.75 38.76 38.78 38.79 38.81 38.82 38.83 38.83 38.83 38.82 38.82 38.8 38.72 38.6 38.53 38.45 38.37 38.35 38.34 38.34 38.33 38.33 38.32 38.32 38.31 38.31 38.3 38.3 38.29 38.29 38.28 38.28
40.91 40.81 40.76 40.71 40.59 40.58 40.5 40.28 39.86 39.59 39.47 39.3 38.97 38.83 38.83 38.82 38.81 38.79 38.78 38.76 38.74 38.73 38.71 38.7 38.67 38.66 38.65 38.63 38.61 38.61 38.62 38.65 38.68 38.69 38.71 38.73 38.76 38.77 38.79 38.82 38.81 38.79 38.75 38.73 38.74 38.75 38.77 38.78 38.79 38.81 38.83 38.84 38.84 38.84 38.84 38.84 38.83 38.78 38.68 38.57 38.51 38.42 38.36 38.35 38.34 38.34 38.33 38.33 38.32 38.32 38.31 38.31 38.31 38.29 38.29 38.28 38.28 38.27
41.03 40.95 40.9 40.86 40.81 40.73 40.67 40.47 40.11 39.83 39.72 39.49 39.08 38.85 38.83 38.84 38.82 38.8 38.78 38.77 38.75 38.73 38.72 38.7 38.68 38.66 38.65 38.63 38.62 38.63 38.64 38.67 38.7 38.71 38.73 38.75 38.78 38.79 38.81 38.84 38.82 38.79 38.75 38.74 38.76 38.77 38.79 38.8 38.81 38.84 38.86 38.86 38.86 38.86 38.85 38.84 38.83 38.76 38.65 38.54 38.48 38.4 38.36 38.35 38.34 38.33 38.33 38.32 38.32 38.31 38.31 38.31 38.3 38.29 38.29 38.28 38.28 38.27
41.05 40.99 40.96 40.94 40.9 40.82 40.75 40.61 40.39 40.16 40.02 39.7 39.23 38.91 38.85 38.91 38.87 38.81 38.79 38.77 38.75 38.73 38.72 38.7 38.68 38.66 38.65 38.64 38.64 38.65 38.66 38.69 38.72 38.73 38.75 38.78 38.8 38.81 38.83 38.86 38.84 38.8 38.76 38.77 38.78 38.8 38.81 38.83 38.84 38.86 38.87 38.87 38.87 38.87 38.86 38.84 38.8 38.73 38.62 38.51 38.45 38.38 38.35 38.34 38.34 38.33 38.33 38.32 38.32 38.31 38.31 38.3 38.3 38.29 38.29 38.28 38.28 38.27
41.05 41 40.98 40.97 40.96 40.89 40.81 40.72 40.58 40.39 40.23 39.88 39.44 39.17 39.1 39.12 39.07 38.88 38.8 38.77 38.75 38.74 38.72 38.71 38.68 38.67 38.65 38.64 38.65 38.67 38.69 38.71 38.74 38.75 38.78 38.81 38.83 38.85 38.87 38.88 38.85 38.82 38.78 38.79 38.8 38.81 38.83 38.85 38.86 38.87 38.88 38.88 38.88 38.88 38.87 38.83 38.79 38.71 38.6 38.5 38.43 38.37 38.35 38.34 38.34 38.33 38.33 38.32 38.32 38.31 38.31 38.3 38.3 38.29 38.29 38.28 38.27 38.27
41.03 41.01 40.99 40.99 40.95 40.91 40.86 40.78 40.69 40.55 40.38 40.04 39.75 39.61 39.54 39.45 39.32 39.1 38.9 38.78 38.74 38.73 38.73 38.71 38.69 38.67 38.66 38.66 38.68 38.7 38.72 38.75 38.77 38.79 38.81 38.85 38.86 38.88 38.9 38.89 38.85 38.81 38.8 38.81 38.82 38.83 38.85 38.87 38.88 38.88 38.88 38.88 38.88 38.88 38.87 38.82 38.77 38.69 38.58 38.5 38.43 38.37 38.34 38.34 38.34 38.33 38.33 38.32 38.31 38.31 38.3 38.3 38.3 38.29 38.28 38.28 38.27 38.27
41.03 40.99 41 41.01 40.99 40.95 40.92 40.85 40.8 40.74 40.57 40.32 40.15 40.07 39.99 39.85 39.62 39.39 39.17 38.94 38.74 38.73 38.72 38.69 38.68 38.68 38.68 38.69 38.71 38.73 38.76 38.78 38.81 38.82 38.84 38.87 38.88 38.9 38.92 38.89 38.86 38.82 38.81 38.83 38.84 38.84 38.87 38.89 38.89 38.89 38.89 38.89 38.89 38.89 38.87 38.83 38.77 38.67 38.55 38.48 38.4 38.36 38.34 38.34 38.34 38.33 38.32 38.32 38.31 38.31 38.3 38.3 38.29 38.29 38.28 38.28 38.27 38.27
41.02 41.05 41.06 41.07 41.06 41.03 40.99 40.91 40.88 40.83 40.73 40.57 40.49 40.44 40.4 40.26 39.96 39.74 39.52 39.26 38.96 38.86 38.76 38.64 38.65 38.7 38.71 38.72 38.74 38.76 38.78 38.8 38.82 38.83 38.86 38.88 38.9 38.92 38.94 38.9 38.86 38.83 38.83 38.84 38.85 38.86 38.89 38.9 38.9 38.9 38.9 38.9 38.9 38.9 38.87 38.81 38.74 38.64 38.53 38.45 38.38 38.35 38.34 38.34 38.34 38.33 38.32 38.32 38.31 38.31 38.3 38.29 38.29 38.28 38.28 38.27 38.27 38.26
41.03 41.06 41.1 41.11 41.08 41.05 41.01 40.97 40.96 40.95 40.9 40.78 40.69 40.64 40.65 40.6 40.38 40.21 39.96 39.71 39.35 39.16 38.95 38.73 38.76 38.82 38.82 38.77 38.76 38.77 38.8 38.82 38.84 38.85 38.89 38.91 38.92 38.94 38.95 38.9 38.86 38.84 38.84 38.86 38.87 38.88 38.91 38.92 38.91 38.91 38.91 38.91 38.91 38.91 38.85 38.78 38.71 38.61 38.5 38.43 38.37 38.35 38.34 38.33 38.33 38.32 38.32 38.31 38.31 38.3 38.3 38.29 38.29 38.28 38.28 38.28 38.26 38.26
41.03 41.04 41.07 41.11 41.08 41.05 41.03 41.01 41.01 41.02 40.99 40.93 40.88 40.85 40.85 40.79 40.67 40.59 40.39 40.13 39.75 39.55 39.38 39.09 39.05 39.06 39.04 38.9 38.81 38.79 38.82 38.85 38.87 38.88 38.91 38.93 38.94 38.96 38.95 38.9 38.86 38.85 38.86 38.88 38.89 38.9 38.92 38.93 38.92 38.92 38.92 38.92 38.92 38.92 38.83 38.76 38.69 38.58 38.47 38.39 38.35 38.34 38.34 38.33 38.33 38.32 38.32 38.31 38.3 38.3 38.29 38.29 38.28 38.28 38.27 38.27 38.26 38.26
41.01 41.02 41.04 41.08 41.08 41.08 41.07 41.04 41.01 41 40.98 41 41.05 41.08 41.01 40.88 40.76 40.71 40.63 40.43 40.16 39.98 39.84 39.45 39.27 39.23 39.23 39.17 38.96 38.86 38.84 38.87 38.88 38.9 38.92 38.95 38.97 38.99 38.96 38.9 38.86 38.86 38.88 38.9 38.91 38.92 38.94 38.94 38.93 38.93 38.93 38.93 38.93 38.9 38.8 38.73 38.65 38.55 38.44 38.37 38.34 38.34 38.33 38.33 38.32 38.32 38.31 38.31 38.3 38.3 38.29 38.29 38.28 38.28 38.27 38.27 38.26 38.26
40.99 41 41.01 41.02 41.04 41.06 41.07 41.05 41.01 40.97 40.95 41 41.09 41.14 41.06 40.95 40.87 40.84 40.79 40.67 40.53 40.39 40.12 39.76 39.5 39.37 39.36 39.39 39.28 39.04 38.9 38.89 38.9 38.92 38.95 38.98 38.99 39.01 38.96 38.91 38.87 38.88 38.89 38.91 38.92 38.94 38.95 38.95 38.95 38.94 38.94 38.94 38.94 38.87 38.76 38.69 38.61 38.51 38.41 38.36 38.34 38.34 38.33 38.33 38.32 38.32 38.31 38.31 38.3 38.3 38.29 38.29 38.28 38.27 38.27 38.27 38.26 38.25
40.98 40.97 40.98 40.97 40.98 41 41.02 41.02 41.03 41 40.95 40.99 41.06 41.11 41.05 40.99 40.95 40.95 40.91 40.81 40.74 40.65 40.37 39.99 39.74 39.56 39.55 39.59 39.51 39.27 39.04 38.96 38.95 38.95 38.97 39 39.01 39.01 38.96 38.92 38.89 38.9 38.91 38.92 38.95 38.96 38.96 38.96 38.96 38.96 38.96 38.96 38.93 38.84 38.73 38.67 38.59 38.48 38.39 38.35 38.34 38.34 38.33 38.32 38.32 38.31 38.31 38.31 38.3 38.29 38.29 38.29 38.28 38.27 38.27 38.27 38.26 38.25
40.97 40.96 40.97 40.96 40.96 40.97 40.97 40.99 41.03 41.05 41 41.01 41.03 41.03 41.02 41 40.97 40.97 40.95 40.88 40.84 40.77 40.51 40.13 39.92 39.82 39.79 39.81 39.73 39.51 39.27 39.12 39.04 39 39.01 39.03 39.04 39.03 38.97 38.93 38.92 38.92 38.94 38.95 38.97 38.98 38.98 38.98 38.98 38.97 38.97 38.97 38.92 38.82 38.7 38.64 38.56 38.45 38.37 38.34 38.34 38.33 38.33 38.33 38.32 38.31 38.31 38.31 38.3 38.29 38.29 38.28 38.28 38.27 38.27 38.26 38.26 38.25
40.98 40.98 40.97 40.97 40.95 40.95 40.95 40.98 41.01 41.03 41.03 41.03 41.02 41.01 41.02 41.02 41.01 41 40.97 40.91 40.86 40.78 40.6 40.3 40.16 40.11 40.08 40.04 39.95 39.75 39.48 39.28 39.2 39.12 39.14 39.14 39.13 39.09 38.99 38.93 38.93 38.95 38.97 38.98 38.99 38.99 38.99 38.99 38.99 38.98 38.97 38.96 38.9 38.79 38.68 38.62 38.54 38.43 38.36 38.35 38.34 38.33 38.33 38.33 38.32 38.31 38.31 38.3 38.3 38.29 38.29 38.28 38.28 38.27 38.26 38.26 38.25 38.25
40.98 41 40.97 40.96 40.97 40.98 40.93 40.94 40.96 40.98 41.01 41.02 41.02 41.01 41.05 41.04 41.03 41.03 41.01 40.95 40.89 40.8 40.64 40.48 40.42 40.39 40.35 40.26 40.15 40.05 39.74 39.52 39.42 39.32 39.3 39.27 39.25 39.22 39.07 38.95 38.93 38.96 38.98 39 39 39 38.99 38.99 38.99 38.98 38.97 38.94 38.87 38.76 38.66 38.6 38.51 38.41 38.35 38.34 38.34 38.33 38.33 38.32 38.32 38.31 38.3 38.3 38.29 38.29 38.28 38.28 38.27 38.27 38.26 38.26 38.25 38.24
40.98 40.97 40.95 40.96 40.96 40.97 40.96 40.92 40.91 40.93 40.95 40.97 40.98 41.01 41.04 41.05 41.05 41.06 41.01 40.96 40.93 40.84 40.71 40.62 40.62 40.62 40.59 40.51 40.43 40.39 40.1 39.87 39.7 39.53 39.44 39.4 39.38 39.36 39.19 39.01 38.92 38.96 39 39.01 39.01 39.01 39 39 39 38.99 38.97 38.93 38.85 38.74 38.66 38.59 38.49 38.4 38.35 38.34 38.33 38.33 38.32 38.32 38.31 38.31 38.3 38.3 38.29 38.29 38.28 38.28 38.27 38.27 38.26 38.26 38.25 38.24
40.97 40.97 40.96 40.96 40.95 40.95 40.96 40.93 40.91 40.91 40.91 40.93 40.95 40.99 41.02 41.05 41.06 41.05 40.97 40.94 40.96 40.93 40.83 40.79 40.81 40.84 40.82 40.8 40.77 40.69 40.46 40.27 40.04 39.74 39.58 39.52 39.51 39.45 39.31 39.14 38.9 38.92 39.01 39.02 39.01 39.01 39.01 39.01 39.01 39 38.98 38.93 38.83 38.72 38.64 38.57 38.47 38.38 38.34 38.34 38.33 38.33 38.32 38.32 38.31 38.31 38.3 38.3 38.29 38.28 38.28 38.27 38.27 38.26 38.26 38.25 38.25 38.24
40.98 40.98 40.98 40.97 40.95 40.95 40.95 40.94 40.92 40.91 40.9 40.92 40.93 40.95 40.97 41.02 41.05 41.04 40.96 40.96 40.99 41.02 40.97 40.97 41 41.04 41.04 41.03 40.99 40.88 40.76 40.63 40.4 40.03 39.75 39.65 39.61 39.54 39.38 39.2 39.03 38.96 39.02 39.02 39.02 39.02 39.02 39.02 39.02 39.01 38.97 38.9 38.8 38.68 38.61 38.54 38.44 38.36 38.34 38.34 38.33 38.32 38.32 38.31 38.31 38.3 38.3 38.29 38.29 38.28 38.28 38.27 38.26 38.26 38.26 38.25 38.24 38.24
40.99 40.98 40.98 40.97 40.96 40.95 40.93 40.93 40.91 40.91 40.91 40.92 40.92 40.91 40.94 41 41.03 41.03 41 41 41.02 41.06 41.05 41.06 41.1 41.13 41.12 41.1 41.07 40.97 40.94 40.91 40.72 40.37 40.01 39.84 39.76 39.66 39.5 39.37 39.22 39.08 39.06 39.03 39 39.01 39.03 39.03 39.03 39 38.95 38.88 38.78 38.66 38.59 38.52 38.42 38.35 38.34 38.34 38.33 38.32 38.32 38.31 38.3 38.3 38.29 38.29 38.28 38.28 38.28 38.27 38.26 38.26 38.26 38.25 38.24 38.24
40.99 40.96 40.96 40.98 40.97 40.96 40.95 40.92 40.9 40.91 40.93 40.94 40.93 40.92 40.93 40.96 40.99 41.01 41 41 41.04 41.07 41.09 41.11 41.12 41.14 41.1 41.08 41.08 40.97 40.99 41.02 40.92 40.69 40.36 40.2 40.08 39.91 39.69 39.56 39.41 39.27 39.21 39.16 39.02 38.99 39.02 39.03 39.04 38.99 38.93 38.85 38.75 38.64 38.56 38.48 38.39 38.35 38.34 38.33 38.32 38.32 38.31 38.31 38.3 38.3 38.3 38.29 38.28 38.28 38.28 38.27 38.26 38.26 38.26 38.24 38.24 38.23
40.97 40.96 40.96 40.99 40.98 40.98 40.97 40.95 40.93 40.93 40.95 40.96 40.95 40.94 40.93 40.94 40.96 40.95 40.94 40.96 41.02 41.08 41.11 41.12 41.15 41.13 41.06 41.03 41.05 41.05 41.05 41.05 41.01 40.88 40.64 40.47 40.32 40.14 39.92 39.78 39.63 39.6 39.55 39.44 39.31 39.13 39.06 39.06 39.05 38.96 38.89 38.81 38.71 38.6 38.53 38.44 38.36 38.34 38.33 38.33 38.32 38.32 38.31 38.31 38.3 38.3 38.3 38.28 38.28 38.27 38.27 38.26 38.26 38.25 38.25 38.24 38.24 38.23
40.99 40.99 40.99 41 40.99 41 40.99 40.97 40.96 40.96 40.96 40.97 40.97 40.94 40.93 40.93 40.94 40.94 40.93 40.92 40.96 41.06 41.13 41.15 41.16 41.11 41.04 41 41.04 41.08 41.08 41.04 41.02 40.92 40.77 40.69 40.53 40.35 40.2 40.05 39.92 39.92 39.91 39.8 39.82 39.58 39.38 39.3 39.12 38.94 38.85 38.78 38.67 38.56 38.49 38.41 38.35 38.34 38.33 38.32 38.32 38.31 38.31 38.3 38.3 38.29 38.29 38.28 38.28 38.27 38.27 38.26 38.26 38.25 38.25 38.24 38.24 38.23
41.02 41.01 41.01 40.99 40.99 41.01 41 40.97 40.95 40.97 40.97 40.97 40.97 40.94 40.91 40.9 40.92 40.93 40.92 40.88 40.94 41.03 41.1 41.13 41.13 41.08 41.02 41.01 41.07 41.1 41.11 41.09 41.04 40.9 40.84 40.83 40.72 40.58 40.5 40.41 40.22 40.17 40.18 40.14 40.22 40.02 39.8 39.65 39.21 38.93 38.85 38.76 38.65 38.53 38.47 38.39 38.35 38.33 38.33 38.32 38.32 38.31 38.31 38.3 38.3 38.29 38.29 38.28 38.28 38.27 38.27 38.26 38.26 38.25 38.25 38.24 38.23 38.23
