slabs/48.grd
DSAA
631 301
644520 645150
4948100 4948400
38.33 50.94
[rows 170 to 203 of 301, columns 78 to 155 of 631]
44.98 44.94 44.9 44.9 44.9 44.87 44.86 44.87 44.87 44.83 44.8 44.8 44.8 44.77 44.74 44.73 44.73 44.73 44.71 44.7 44.7 44.71 44.72 44.73 44.75 44.76 44.79 44.83 44.86 44.87 44.88 44.9 44.9 44.9 44.87 44.79 44.79 44.89 44.94 45 45.02 45.03 45.05 45.07 45.09 45.09 45.1 45.11 45.11 45.12 45.12 45.11 45.13 45.15 45.15 45.17 45.18 45.15 45.13 45.16 45.15 45.17 45.18 45.18 45.19 45.21 45.21 45.19 45.19 45.2 45.22 45.22 45.22 45.24 45.26 45.27 45.27 45.26
44.96 44.92 44.88 44.88 44.89 44.87 44.83 44.84 44.84 44.81 44.79 44.77 44.76 44.74 44.72 44.71 44.71 44.72 44.72 44.7 44.7 44.73 44.75 44.77 44.81 44.82 44.84 44.88 44.91 44.92 44.91 44.91 44.92 44.92 44.9 44.81 44.78 44.88 44.94 45.01 45.03 45.04 45.05 45.07 45.08 45.1 45.1 45.11 45.12 45.13 45.12 45.11 45.12 45.13 45.16 45.18 45.18 45.15 45.14 45.16 45.16 45.17 45.18 45.18 45.17 45.19 45.21 45.2 45.2 45.19 45.2 45.22 45.22 45.25 45.27 45.24 45.25 45.26
44.95 44.91 44.87 44.86 44.87 44.84 44.81 44.81 44.81 44.79 44.76 44.73 44.72 44.72 44.71 44.71 44.71 44.73 44.74 44.73 44.73 44.76 44.8 44.83 44.86 44.87 44.89 44.93 44.95 44.96 44.94 44.91 44.91 44.92 44.91 44.85 44.8 44.83 44.9 44.99 45.04 45.04 45.05 45.07 45.08 45.1 45.11 45.11 45.11 45.12 45.11 45.1 45.1 45.11 45.15 45.16 45.16 45.15 45.15 45.17 45.17 45.17 45.18 45.18 45.17 45.18 45.21 45.21 45.2 45.18 45.19 45.2 45.21 45.25 45.26 45.23 45.24 45.26
44.93 44.91 44.87 44.85 44.83 44.81 44.79 44.78 44.77 44.75 44.72 44.7 44.7 44.7 44.71 44.73 44.74 44.73 44.74 44.76 44.78 44.81 44.85 44.89 44.91 44.92 44.93 44.95 44.95 44.93 44.92 44.9 44.92 44.95 44.95 44.89 44.82 44.82 44.89 44.99 45.03 45.03 45.05 45.07 45.06 45.08 45.11 45.1 45.08 45.1 45.11 45.1 45.11 45.11 45.13 45.15 45.14 45.15 45.16 45.17 45.18 45.17 45.18 45.19 45.17 45.17 45.21 45.22 45.21 45.19 45.19 45.19 45.21 45.24 45.24 45.23 45.23 45.24
44.87 44.87 44.85 44.84 44.81 44.78 44.76 44.75 44.74 44.72 44.7 44.69 44.7 44.71 44.72 44.75 44.76 44.77 44.78 44.81 44.85 44.88 44.9 44.92 44.94 44.95 44.96 44.95 44.94 44.92 44.92 44.91 44.93 44.95 44.95 44.91 44.86 44.84 44.89 45 45.03 45.03 45.04 45.05 45.05 45.07 45.1 45.1 45.08 45.09 45.1 45.1 45.11 45.11 45.14 45.15 45.13 45.14 45.14 45.15 45.16 45.17 45.18 45.19 45.18 45.18 45.21 45.22 45.21 45.19 45.19 45.19 45.2 45.23 45.24 45.23 45.23 45.23
44.82 44.83 44.83 44.82 44.78 44.76 44.74 44.73 44.72 44.72 44.72 44.71 44.72 44.74 44.74 44.76 44.8 44.84 44.85 44.86 44.9 44.94 44.96 44.96 44.94 44.94 44.96 44.96 44.94 44.94 44.94 44.94 44.96 44.96 44.96 44.93 44.89 44.84 44.86 44.99 45.03 45.04 45.04 45.05 45.06 45.07 45.1 45.11 45.1 45.09 45.1 45.1 45.1 45.11 45.14 45.17 45.16 45.14 45.14 45.13 45.14 45.17 45.17 45.17 45.18 45.18 45.19 45.21 45.2 45.17 45.18 45.18 45.2 45.22 45.24 45.25 45.24 45.24
44.79 44.81 44.82 44.79 44.76 44.74 44.72 44.71 44.71 44.73 44.73 44.74 44.76 44.77 44.78 44.8 44.84 44.88 44.9 44.91 44.94 44.98 44.99 44.99 44.95 44.91 44.94 44.96 44.95 44.95 44.95 44.96 44.97 44.98 44.98 44.96 44.92 44.86 44.85 44.96 45.03 45.04 45.05 45.06 45.08 45.08 45.08 45.11 45.11 45.09 45.09 45.09 45.09 45.1 45.13 45.18 45.18 45.15 45.16 45.15 45.16 45.16 45.17 45.18 45.19 45.19 45.19 45.19 45.19 45.18 45.19 45.19 45.2 45.21 45.24 45.25 45.25 45.25
44.79 44.79 44.8 44.77 44.73 44.73 44.72 44.71 44.73 44.74 44.74 44.76 44.8 44.83 44.85 44.87 44.89 44.89 44.91 44.94 44.96 44.99 45.01 45.01 44.96 44.9 44.91 44.95 44.97 44.96 44.96 44.97 44.98 44.99 44.99 44.98 44.96 44.91 44.85 44.92 45.01 45.03 45.05 45.06 45.09 45.08 45.07 45.11 45.12 45.1 45.07 45.07 45.08 45.11 45.13 45.17 45.17 45.15 45.15 45.14 45.14 45.15 45.17 45.18 45.18 45.18 45.19 45.18 45.18 45.19 45.2 45.2 45.2 45.21 45.22 45.24 45.25 45.24
44.77 44.76 44.77 44.75 44.73 44.73 44.73 44.74 44.76 44.77 44.78 44.82 44.87 44.88 44.9 44.92 44.93 44.93 44.94 44.96 44.99 45 45.01 45.01 44.97 44.93 44.92 44.95 44.97 44.98 44.97 44.98 44.98 44.98 45 45 44.99 44.94 44.85 44.88 44.99 45.02 45.04 45.06 45.07 45.06 45.07 45.09 45.11 45.11 45.09 45.1 45.1 45.1 45.13 45.16 45.17 45.16 45.15 45.14 45.14 45.16 45.17 45.16 45.16 45.17 45.17 45.15 45.17 45.19 45.2 45.19 45.19 45.2 45.21 45.23 45.24 45.24
44.73 44.73 44.74 44.74 44.74 44.76 44.78 44.78 44.79 44.81 44.83 44.88 44.91 44.93 44.94 44.96 44.97 44.98 44.97 44.98 45 45 45 45 44.99 44.97 44.96 44.96 44.97 44.98 44.98 44.99 44.99 44.98 44.99 45.01 45.02 44.98 44.86 44.85 44.95 45 45.04 45.06 45.06 45.05 45.05 45.06 45.08 45.11 45.11 45.11 45.11 45.1 45.12 45.15 45.16 45.16 45.16 45.16 45.16 45.16 45.16 45.13 45.15 45.18 45.16 45.14 45.17 45.19 45.18 45.17 45.18 45.19 45.2 45.23 45.24 45.24
44.71 44.71 44.73 44.75 44.77 44.8 44.81 44.82 44.83 44.86 44.89 44.93 44.95 44.97 44.98 44.99 44.99 45 44.99 44.98 44.99 44.99 45.01 45.02 45.01 45 44.98 44.97 44.98 44.98 44.99 45 44.99 44.99 44.99 45.02 45.04 45.01 44.89 44.85 44.92 44.98 45.04 45.06 45.06 45.06 45.06 45.05 45.08 45.11 45.1 45.1 45.1 45.1 45.11 45.12 45.14 45.16 45.16 45.18 45.16 45.16 45.15 45.13 45.16 45.18 45.18 45.15 45.17 45.19 45.16 45.17 45.19 45.2 45.21 45.22 45.23 45.25
44.71 44.72 44.74 44.78 44.81 44.84 44.85 44.88 44.91 44.92 44.94 44.97 44.99 45 45.01 45 44.98 44.99 45 44.98 44.97 44.98 45.01 45.03 45.02 45.01 45 44.99 44.99 44.99 45 45.01 45.01 45 44.99 45.01 45.03 45.02 44.93 44.85 44.87 44.95 45.04 45.07 45.07 45.06 45.06 45.04 45.07 45.11 45.1 45.09 45.1 45.11 45.1 45.11 45.13 45.15 45.16 45.16 45.16 45.14 45.13 45.13 45.16 45.18 45.18 45.17 45.17 45.18 45.17 45.17 45.2 45.21 45.21 45.22 45.23 45.25
44.74 44.75 44.78 44.82 44.86 44.9 44.93 44.96 44.98 44.98 44.99 45.02 45.02 45.01 45.02 45.02 45 45 45.02 45.01 44.99 44.99 45 45.02 45.03 45.02 45.01 45 45 45 45 45 45 45 45.01 45.03 45.03 45.03 44.96 44.88 44.85 44.91 45.03 45.05 45.06 45.06 45.06 45.05 45.07 45.1 45.09 45.08 45.1 45.11 45.08 45.09 45.11 45.14 45.16 45.15 45.15 45.14 45.11 45.12 45.16 45.17 45.17 45.17 45.18 45.18 45.17 45.17 45.18 45.2 45.2 45.22 45.24 45.24
44.79 44.8 44.84 44.89 44.94 44.99 45 45.02 45.04 45.04 45.05 45.06 45.04 45.01 45.02 45.03 45.03 45.03 45.03 45.03 45.02 45.01 45 45.02 45.03 45.03 45.03 45.02 45.01 45 45 45 45.01 45.02 45.04 45.05 45.04 45.03 44.98 44.92 44.85 44.88 45.01 45.03 45.05 45.06 45.05 45.05 45.06 45.08 45.08 45.07 45.1 45.1 45.07 45.07 45.08 45.13 45.17 45.15 45.14 45.14 45.12 45.12 45.15 45.17 45.17 45.18 45.18 45.18 45.18 45.17 45.17 45.19 45.2 45.21 45.23 45.24
44.88 44.91 44.93 44.97 45.02 45.04 45.06 45.08 45.08 45.08 45.08 45.07 45.04 45.03 45.04 45.04 45.03 45.03 45.03 45.02 45.02 45.02 45.01 45.01 45.03 45.05 45.05 45.03 45.02 45.02 45.02 45.02 45.04 45.03 45.04 45.06 45.03 45.01 45 44.96 44.88 44.87 44.99 45.03 45.04 45.05 45.05 45.05 45.05 45.07 45.08 45.08 45.09 45.1 45.08 45.07 45.07 45.12 45.16 45.15 45.14 45.15 45.13 45.13 45.14 45.16 45.18 45.18 45.18 45.18 45.19 45.18 45.18 45.19 45.21 45.22 45.24 45.25
44.97 45 45.02 45.04 45.06 45.06 45.08 45.1 45.08 45.07 45.06 45.05 45.02 45.03 45.05 45.06 45.05 45.04 45.03 45.02 45.01 45.01 45.01 45.01 45.03 45.05 45.06 45.03 45.02 45.02 45.03 45.03 45.05 45.05 45.04 45.04 45.02 45.01 45.02 45 44.92 44.85 44.95 45.01 45.03 45.05 45.04 45.04 45.04 45.06 45.09 45.1 45.09 45.09 45.09 45.08 45.08 45.11 45.13 45.15 45.15 45.14 45.13 45.13 45.13 45.14 45.15 45.17 45.19 45.19 45.19 45.18 45.18 45.2 45.2 45.21 45.24 45.27
45.02 45.03 45.06 45.09 45.09 45.07 45.07 45.08 45.07 45.05 45.05 45.04 45.02 45.03 45.06 45.07 45.08 45.07 45.05 45.04 45.02 45.02 45.02 45.03 45.04 45.05 45.06 45.05 45.03 45.03 45.04 45.04 45.05 45.06 45.05 45.04 45.02 45.02 45.03 45.04 44.97 44.86 44.91 45 45.03 45.04 45.03 45.02 45.03 45.06 45.08 45.1 45.09 45.08 45.07 45.08 45.1 45.1 45.12 45.14 45.16 45.15 45.15 45.13 45.12 45.14 45.14 45.16 45.19 45.18 45.17 45.17 45.18 45.19 45.19 45.2 45.24 45.27
45.05 45.06 45.09 45.11 45.1 45.08 45.06 45.06 45.07 45.06 45.06 45.06 45.04 45.05 45.07 45.09 45.1 45.08 45.06 45.07 45.05 45.04 45.04 45.05 45.05 45.07 45.08 45.06 45.05 45.04 45.05 45.05 45.06 45.06 45.06 45.06 45.05 45.05 45.06 45.07 45.03 44.89 44.87 44.97 45.01 45.04 45.04 45.03 45.04 45.06 45.07 45.08 45.1 45.09 45.08 45.1 45.12 45.11 45.12 45.13 45.14 45.14 45.14 45.13 45.13 45.14 45.14 45.15 45.17 45.17 45.16 45.16 45.18 45.2 45.2 45.2 45.23 45.25
45.07 45.08 45.1 45.09 45.08 45.08 45.06 45.06 45.07 45.07 45.07 45.08 45.08 45.07 45.07 45.09 45.1 45.09 45.07 45.07 45.07 45.06 45.06 45.06 45.05 45.07 45.1 45.07 45.06 45.05 45.06 45.07 45.06 45.07 45.08 45.09 45.08 45.07 45.07 45.08 45.05 44.91 44.85 44.94 44.99 45.04 45.06 45.05 45.05 45.07 45.06 45.06 45.08 45.09 45.11 45.11 45.09 45.1 45.1 45.11 45.12 45.13 45.13 45.13 45.14 45.13 45.13 45.13 45.15 45.17 45.16 45.16 45.18 45.19 45.2 45.2 45.22 45.23
45.09 45.09 45.1 45.1 45.09 45.09 45.08 45.06 45.07 45.07 45.08 45.09 45.09 45.08 45.07 45.08 45.09 45.1 45.08 45.06 45.07 45.08 45.07 45.07 45.05 45.07 45.12 45.11 45.09 45.08 45.09 45.09 45.09 45.08 45.08 45.1 45.11 45.1 45.08 45.07 45.06 44.97 44.88 44.9 44.95 45.03 45.06 45.05 45.06 45.07 45.06 45.07 45.08 45.1 45.12 45.11 45.09 45.09 45.08 45.1 45.13 45.13 45.12 45.13 45.13 45.11 45.11 45.13 45.16 45.17 45.17 45.16 45.16 45.18 45.18 45.18 45.21 45.23
45.12 45.11 45.1 45.09 45.08 45.08 45.08 45.08 45.1 45.1 45.1 45.1 45.11 45.1 45.09 45.09 45.09 45.1 45.09 45.07 45.08 45.09 45.08 45.08 45.06 45.07 45.12 45.13 45.12 45.11 45.11 45.11 45.1 45.07 45.07 45.08 45.11 45.13 45.11 45.09 45.08 45.01 44.92 44.89 44.93 45.01 45.02 45.03 45.06 45.06 45.05 45.06 45.08 45.09 45.1 45.1 45.09 45.08 45.08 45.1 45.13 45.13 45.13 45.13 45.12 45.11 45.12 45.14 45.16 45.17 45.17 45.16 45.17 45.18 45.18 45.18 45.19 45.19
45.15 45.13 45.12 45.1 45.09 45.09 45.09 45.1 45.13 45.13 45.12 45.12 45.12 45.11 45.11 45.11 45.1 45.11 45.11 45.1 45.11 45.1 45.09 45.1 45.09 45.09 45.12 45.13 45.12 45.12 45.13 45.12 45.1 45.08 45.06 45.06 45.09 45.12 45.12 45.11 45.09 45.04 44.96 44.9 44.91 44.99 45.01 45.03 45.05 45.05 45.05 45.06 45.07 45.08 45.07 45.09 45.09 45.08 45.09 45.1 45.12 45.14 45.14 45.13 45.13 45.13 45.13 45.14 45.15 45.17 45.17 45.17 45.18 45.2 45.2 45.19 45.18 45.17
45.16 45.15 45.13 45.12 45.11 45.12 45.12 45.12 45.14 45.15 45.14 45.12 45.12 45.13 45.13 45.13 45.12 45.12 45.13 45.12 45.11 45.1 45.1 45.11 45.11 45.11 45.12 45.14 45.14 45.14 45.13 45.11 45.11 45.1 45.08 45.08 45.1 45.13 45.13 45.12 45.1 45.06 45 44.92 44.89 44.97 45.01 45.02 45.04 45.06 45.07 45.05 45.06 45.07 45.05 45.07 45.09 45.09 45.09 45.09 45.11 45.13 45.14 45.14 45.14 45.15 45.13 45.13 45.15 45.14 45.15 45.15 45.17 45.19 45.2 45.19 45.19 45.19
45.17 45.17 45.16 45.15 45.15 45.15 45.16 45.16 45.16 45.16 45.15 45.12 45.12 45.13 45.14 45.14 45.13 45.13 45.13 45.12 45.11 45.1 45.1 45.11 45.12 45.12 45.11 45.13 45.14 45.15 45.13 45.11 45.11 45.12 45.11 45.09 45.09 45.12 45.15 45.14 45.12 45.08 45.04 44.95 44.88 44.95 45 45.02 45.05 45.07 45.07 45.06 45.05 45.06 45.04 45.06 45.08 45.09 45.08 45.08 45.1 45.12 45.13 45.15 45.15 45.15 45.14 45.14 45.13 45.11 45.13 45.15 45.16 45.18 45.18 45.19 45.19 45.19
45.17 45.18 45.19 45.18 45.17 45.17 45.18 45.19 45.18 45.17 45.16 45.13 45.12 45.13 45.14 45.15 45.14 45.14 45.14 45.13 45.13 45.12 45.11 45.11 45.13 45.14 45.12 45.14 45.14 45.15 45.15 45.14 45.13 45.12 45.11 45.1 45.1 45.12 45.14 45.14 45.12 45.09 45.07 44.98 44.87 44.92 45.01 45.03 45.05 45.06 45.07 45.06 45.06 45.05 45.05 45.06 45.08 45.09 45.09 45.09 45.1 45.13 45.13 45.14 45.15 45.15 45.15 45.13 45.12 45.11 45.13 45.15 45.16 45.15 45.16 45.17 45.18 45.19
45.17 45.18 45.2 45.19 45.18 45.18 45.19 45.2 45.19 45.17 45.17 45.15 45.15 45.16 45.16 45.16 45.16 45.16 45.16 45.15 45.15 45.14 45.12 45.12 45.14 45.14 45.13 45.14 45.15 45.15 45.15 45.15 45.15 45.14 45.13 45.12 45.11 45.11 45.12 45.13 45.13 45.1 45.07 45 44.87 44.89 45 45.03 45.05 45.05 45.06 45.06 45.06 45.06 45.06 45.07 45.08 45.08 45.09 45.09 45.09 45.11 45.13 45.13 45.12 45.13 45.13 45.13 45.14 45.13 45.14 45.16 45.17 45.16 45.16 45.17 45.17 45.18
45.18 45.19 45.21 45.21 45.21 45.2 45.2 45.2 45.18 45.17 45.19 45.21 45.2 45.18 45.18 45.18 45.18 45.18 45.18 45.18 45.16 45.14 45.14 45.13 45.13 45.14 45.14 45.14 45.15 45.15 45.14 45.14 45.16 45.15 45.13 45.13 45.12 45.12 45.11 45.13 45.15 45.12 45.08 45.03 44.91 44.87 44.97 45 45.04 45.06 45.06 45.06 45.06 45.07 45.07 45.07 45.08 45.09 45.08 45.07 45.08 45.1 45.11 45.12 45.13 45.14 45.13 45.13 45.15 45.14 45.15 45.17 45.19 45.19 45.17 45.16 45.16 45.18
45.22 45.22 45.23 45.24 45.22 45.2 45.2 45.21 45.19 45.17 45.19 45.21 45.2 45.18 45.18 45.2 45.2 45.19 45.19 45.19 45.17 45.14 45.15 45.14 45.14 45.16 45.16 45.16 45.16 45.16 45.16 45.16 45.17 45.16 45.15 45.14 45.13 45.11 45.1 45.12 45.15 45.11 45.06 45.05 44.96 44.86 44.89 44.96 45.03 45.06 45.06 45.06 45.07 45.07 45.07 45.06 45.08 45.11 45.1 45.08 45.08 45.09 45.1 45.12 45.14 45.13 45.12 45.14 45.15 45.15 45.15 45.17 45.18 45.18 45.17 45.16 45.15 45.16
45.24 45.23 45.24 45.25 45.24 45.23 45.22 45.23 45.2 45.18 45.17 45.18 45.17 45.16 45.18 45.2 45.21 45.21 45.2 45.19 45.18 45.16 45.15 45.15 45.15 45.17 45.17 45.17 45.16 45.17 45.18 45.18 45.18 45.18 45.16 45.15 45.15 45.12 45.09 45.1 45.12 45.11 45.07 45.06 44.99 44.86 44.84 44.93 45.02 45.04 45.05 45.06 45.06 45.06 45.06 45.07 45.08 45.1 45.11 45.09 45.08 45.09 45.09 45.11 45.14 45.13 45.12 45.13 45.13 45.14 45.14 45.15 45.16 45.17 45.17 45.17 45.16 45.16
45.25 45.26 45.25 45.24 45.25 45.24 45.22 45.22 45.2 45.19 45.19 45.18 45.18 45.18 45.19 45.21 45.2 45.2 45.21 45.21 45.21 45.19 45.16 45.16 45.17 45.17 45.17 45.17 45.17 45.18 45.18 45.17 45.17 45.16 45.15 45.15 45.15 45.13 45.1 45.1 45.12 45.15 45.13 45.09 45.02 44.92 44.86 44.89 45.01 45.04 45.04 45.04 45.05 45.05 45.05 45.06 45.08 45.09 45.1 45.08 45.06 45.08 45.09 45.1 45.12 45.13 45.13 45.12 45.11 45.13 45.15 45.15 45.15 45.16 45.18 45.18 45.18 45.18
45.26 45.27 45.26 45.25 45.26 45.25 45.22 45.21 45.2 45.2 45.21 45.21 45.21 45.22 45.21 45.22 45.21 45.21 45.23 45.23 45.23 45.21 45.18 45.17 45.17 45.16 45.16 45.17 45.18 45.18 45.18 45.17 45.17 45.16 45.16 45.15 45.15 45.14 45.11 45.12 45.13 45.15 45.13 45.1 45.04 44.97 44.88 44.87 45 45.03 45.04 45.04 45.04 45.04 45.05 45.06 45.07 45.07 45.08 45.07 45.04 45.06 45.09 45.1 45.12 45.13 45.13 45.13 45.11 45.13 45.16 45.16 45.15 45.16 45.17 45.17 45.17 45.18
45.26 45.27 45.27 45.27 45.27 45.26 45.23 45.22 45.22 45.22 45.21 45.22 45.24 45.24 45.23 45.23 45.22 45.22 45.23 45.23 45.23 45.22 45.21 45.2 45.18 45.17 45.16 45.16 45.17 45.18 45.18 45.19 45.18 45.17 45.19 45.18 45.16 45.14 45.13 45.13 45.13 45.14 45.13 45.11 45.07 45.02 44.92 44.87 44.97 45.03 45.04 45.05 45.05 45.05 45.06 45.07 45.07 45.07 45.07 45.07 45.05 45.06 45.08 45.1 45.12 45.13 45.14 45.13 45.12 45.13 45.16 45.16 45.15 45.16 45.17 45.17 45.17 45.18
45.27 45.27 45.28 45.29 45.29 45.28 45.25 45.24 45.24 45.23 45.22 45.23 45.25 45.26 45.26 45.24 45.23 45.23 45.23 45.22 45.24 45.24 45.22 45.22 45.22 45.19 45.17 45.16 45.15 45.16 45.19 45.2 45.19 45.19 45.19 45.17 45.15 45.13 45.13 45.14 45.12 45.12 45.12 45.12 45.09 45.05 44.96 44.88 44.94 45.02 45.02 45.03 45.06 45.07 45.06 45.06 45.07 45.06 45.06 45.08 45.07 45.07 45.07 45.09 45.1 45.12 45.12 45.11 45.12 45.12 45.14 45.15 45.13 45.15 45.17 45.19 45.18 45.16
45.29 45.28 45.29 45.29 45.3 45.3 45.28 45.27 45.26 45.24 45.23 45.24 45.26 45.27 45.27 45.26 45.24 45.23 45.23 45.24 45.25 45.24 45.23 45.23 45.21 45.2 45.19 45.18 45.16 45.15 45.17 45.2 45.2 45.2 45.19 45.17 45.16 45.14 45.14 45.13 45.11 45.12 45.12 45.12 45.11 45.09 45 44.88 44.91 45 45.02 45.03 45.06 45.07 45.07 45.05 45.05 45.05 45.06 45.08 45.08 45.08 45.08 45.09 45.1 45.1 45.1 45.11 45.12 45.12 45.14 45.15 45.14 45.14 45.16 45.19 45.17 45.16
