slabs/48.grd
DSAA
631 301
644520 645150
4948100 4948400
38.33 50.94
[rows 238 to 271 of 301, columns 234 to 311 of 631]
45.59 45.58 45.57 45.57 45.56 45.56 45.55 45.53 45.53 45.53 45.51 45.47 45.41 45.38 45.38 45.37 45.36 45.35 45.35 45.34 45.35 45.37 45.37 45.35 45.34 45.34 45.33 45.3 45.29 45.26 45.25 45.26 45.28 45.29 45.28 45.28 45.27 45.26 45.25 45.26 45.26 45.25 45.25 45.24 45.21 45.2 45.22 45.21 45.2 45.19 45.18 45.17 45.18 45.19 45.18 45.2 45.21 45.19 45.18 45.18 45.19 45.2 45.19 45.18 45.18 45.16 45.16 45.18 45.22 45.26 45.23 45.1 44.93 44.87 44.86 44.87 44.87 44.87
45.58 45.57 45.57 45.58 45.59 45.58 45.55 45.52 45.51 45.5 45.47 45.44 45.39 45.35 45.33 45.34 45.34 45.32 45.32 45.34 45.34 45.33 45.34 45.33 45.32 45.3 45.29 45.29 45.28 45.25 45.24 45.24 45.26 45.28 45.26 45.25 45.24 45.23 45.23 45.24 45.25 45.24 45.24 45.24 45.21 45.2 45.22 45.22 45.21 45.19 45.18 45.18 45.19 45.19 45.18 45.2 45.2 45.19 45.19 45.18 45.18 45.2 45.19 45.19 45.17 45.15 45.17 45.19 45.21 45.23 45.23 45.13 44.98 44.89 44.88 44.89 44.9 44.88
45.59 45.58 45.58 45.59 45.57 45.56 45.53 45.51 45.48 45.44 45.41 45.4 45.36 45.29 45.28 45.32 45.33 45.31 45.32 45.35 45.34 45.31 45.33 45.34 45.32 45.29 45.27 45.27 45.26 45.23 45.23 45.23 45.25 45.27 45.27 45.26 45.24 45.23 45.22 45.23 45.25 45.24 45.22 45.22 45.21 45.2 45.2 45.21 45.2 45.18 45.17 45.18 45.18 45.19 45.2 45.2 45.2 45.2 45.19 45.18 45.19 45.2 45.2 45.2 45.17 45.14 45.16 45.2 45.21 45.21 45.23 45.2 45.1 44.97 44.89 44.89 44.9 44.89
45.61 45.59 45.57 45.57 45.55 45.51 45.49 45.47 45.44 45.4 45.38 45.38 45.32 45.24 45.26 45.31 45.32 45.31 45.31 45.34 45.34 45.32 45.33 45.34 45.32 45.29 45.26 45.26 45.27 45.27 45.26 45.24 45.24 45.26 45.27 45.27 45.27 45.24 45.23 45.22 45.23 45.24 45.24 45.22 45.21 45.21 45.2 45.19 45.18 45.15 45.16 45.17 45.16 45.18 45.2 45.21 45.21 45.22 45.2 45.16 45.18 45.21 45.19 45.19 45.18 45.16 45.16 45.18 45.21 45.22 45.23 45.25 45.25 45.1 44.9 44.87 44.87 44.87
45.58 45.55 45.51 45.5 45.5 45.48 45.44 45.42 45.39 45.38 45.36 45.35 45.29 45.2 45.22 45.26 45.29 45.3 45.3 45.31 45.32 45.32 45.31 45.31 45.3 45.29 45.28 45.28 45.29 45.29 45.29 45.25 45.23 45.26 45.25 45.26 45.26 45.24 45.22 45.22 45.22 45.24 45.25 45.23 45.22 45.22 45.21 45.2 45.18 45.15 45.16 45.17 45.17 45.18 45.19 45.19 45.21 45.23 45.2 45.17 45.17 45.19 45.18 45.18 45.19 45.18 45.17 45.17 45.19 45.22 45.23 45.25 45.27 45.15 44.92 44.85 44.86 44.87
45.49 45.46 45.44 45.43 45.44 45.44 45.41 45.39 45.37 45.35 45.34 45.31 45.25 45.18 45.2 45.23 45.26 45.29 45.29 45.3 45.31 45.32 45.32 45.3 45.28 45.29 45.3 45.3 45.29 45.27 45.26 45.23 45.23 45.24 45.24 45.25 45.26 45.24 45.23 45.22 45.22 45.23 45.23 45.22 45.22 45.23 45.22 45.2 45.18 45.16 45.16 45.18 45.19 45.19 45.17 45.16 45.18 45.21 45.2 45.18 45.17 45.13 45.14 45.17 45.19 45.18 45.18 45.19 45.19 45.2 45.21 45.23 45.24 45.15 44.96 44.85 44.85 44.87
45.44 45.41 45.41 45.4 45.4 45.41 45.4 45.39 45.36 45.33 45.32 45.28 45.25 45.23 45.24 45.25 45.27 45.28 45.27 45.27 45.29 45.31 45.31 45.3 45.29 45.3 45.3 45.29 45.28 45.26 45.24 45.22 45.22 45.23 45.24 45.24 45.25 45.26 45.24 45.24 45.23 45.23 45.23 45.23 45.23 45.22 45.21 45.2 45.17 45.15 45.16 45.18 45.18 45.17 45.17 45.15 45.15 45.18 45.18 45.16 45.15 45.14 45.15 45.18 45.2 45.18 45.16 45.17 45.18 45.19 45.19 45.21 45.22 45.17 45.01 44.86 44.83 44.86
45.44 45.42 45.41 45.39 45.38 45.39 45.38 45.36 45.34 45.33 45.31 45.28 45.27 45.26 45.25 45.24 45.25 45.27 45.26 45.27 45.28 45.28 45.28 45.29 45.29 45.3 45.3 45.29 45.28 45.27 45.24 45.23 45.22 45.23 45.25 45.24 45.25 45.26 45.25 45.24 45.24 45.23 45.24 45.25 45.24 45.22 45.22 45.21 45.17 45.14 45.16 45.18 45.18 45.18 45.17 45.16 45.14 45.13 45.15 45.16 45.16 45.18 45.18 45.2 45.22 45.18 45.14 45.15 45.18 45.19 45.18 45.2 45.24 45.2 45.04 44.88 44.81 44.84
45.41 45.41 45.4 45.38 45.38 45.39 45.36 45.33 45.32 45.32 45.33 45.31 45.28 45.25 45.24 45.22 45.23 45.26 45.26 45.27 45.28 45.27 45.27 45.28 45.28 45.27 45.28 45.28 45.28 45.28 45.25 45.24 45.23 45.24 45.25 45.23 45.22 45.24 45.23 45.23 45.25 45.24 45.23 45.23 45.23 45.22 45.22 45.21 45.18 45.16 45.16 45.17 45.18 45.19 45.18 45.16 45.14 45.14 45.15 45.17 45.19 45.19 45.18 45.19 45.21 45.19 45.15 45.16 45.18 45.18 45.17 45.19 45.22 45.2 45.07 44.91 44.83 44.84
45.38 45.37 45.36 45.35 45.36 45.37 45.35 45.34 45.31 45.31 45.34 45.32 45.28 45.24 45.2 45.19 45.24 45.26 45.26 45.26 45.26 45.27 45.28 45.28 45.26 45.24 45.26 45.27 45.28 45.27 45.25 45.24 45.24 45.25 45.25 45.25 45.22 45.2 45.2 45.24 45.26 45.26 45.24 45.22 45.21 45.2 45.22 45.21 45.19 45.2 45.17 45.15 45.19 45.21 45.2 45.18 45.16 45.16 45.16 45.17 45.18 45.18 45.17 45.17 45.18 45.18 45.17 45.15 45.16 45.16 45.16 45.18 45.2 45.19 45.11 44.95 44.87 44.85
45.35 45.35 45.35 45.37 45.36 45.35 45.34 45.33 45.31 45.31 45.33 45.32 45.29 45.24 45.17 45.19 45.26 45.26 45.25 45.25 45.25 45.26 45.27 45.26 45.24 45.24 45.28 45.28 45.27 45.27 45.28 45.27 45.24 45.24 45.25 45.26 45.23 45.19 45.21 45.25 45.26 45.25 45.26 45.26 45.23 45.2 45.21 45.2 45.18 45.19 45.16 45.14 45.18 45.2 45.18 45.17 45.18 45.17 45.18 45.18 45.18 45.17 45.16 45.16 45.17 45.16 45.15 45.13 45.13 45.14 45.15 45.17 45.18 45.19 45.15 45.02 44.92 44.85
45.35 45.37 45.38 45.38 45.36 45.34 45.34 45.33 45.31 45.31 45.31 45.31 45.3 45.25 45.2 45.23 45.27 45.26 45.24 45.23 45.24 45.25 45.26 45.25 45.23 45.25 45.29 45.28 45.26 45.27 45.29 45.27 45.23 45.23 45.23 45.24 45.23 45.22 45.23 45.24 45.25 45.26 45.26 45.26 45.24 45.22 45.21 45.2 45.19 45.18 45.16 45.14 45.15 45.16 45.15 45.16 45.18 45.18 45.17 45.17 45.17 45.16 45.15 45.16 45.16 45.16 45.14 45.11 45.1 45.11 45.13 45.16 45.17 45.18 45.17 45.1 44.99 44.86
45.32 45.36 45.38 45.38 45.34 45.32 45.32 45.31 45.3 45.29 45.29 45.3 45.3 45.27 45.25 45.25 45.26 45.25 45.24 45.24 45.24 45.25 45.25 45.24 45.23 45.24 45.28 45.28 45.25 45.24 45.25 45.25 45.23 45.23 45.23 45.2 45.21 45.24 45.24 45.24 45.25 45.25 45.25 45.23 45.23 45.23 45.22 45.19 45.19 45.18 45.16 45.13 45.11 45.12 45.14 45.16 45.16 45.16 45.16 45.16 45.16 45.15 45.14 45.14 45.15 45.16 45.14 45.09 45.05 45.05 45.09 45.14 45.16 45.17 45.16 45.14 45.04 44.89
45.28 45.32 45.34 45.34 45.33 45.33 45.32 45.31 45.29 45.29 45.3 45.3 45.29 45.28 45.26 45.26 45.25 45.24 45.25 45.25 45.24 45.23 45.23 45.22 45.23 45.25 45.27 45.28 45.25 45.23 45.24 45.24 45.22 45.21 45.21 45.21 45.22 45.24 45.23 45.23 45.23 45.23 45.22 45.2 45.21 45.23 45.21 45.18 45.18 45.17 45.15 45.14 45.12 45.12 45.14 45.17 45.15 45.15 45.15 45.15 45.16 45.15 45.13 45.13 45.13 45.14 45.13 45.08 45.06 45.08 45.11 45.14 45.14 45.15 45.16 45.18 45.08 44.91
45.29 45.3 45.32 45.33 45.34 45.33 45.31 45.3 45.31 45.31 45.3 45.3 45.29 45.28 45.28 45.28 45.28 45.24 45.23 45.23 45.22 45.2 45.2 45.2 45.22 45.26 45.27 45.28 45.27 45.24 45.24 45.25 45.21 45.18 45.2 45.22 45.23 45.25 45.23 45.21 45.21 45.2 45.2 45.19 45.2 45.21 45.2 45.19 45.19 45.18 45.17 45.16 45.15 45.16 45.15 45.16 45.14 45.14 45.15 45.14 45.15 45.14 45.13 45.12 45.13 45.15 45.15 45.13 45.12 45.13 45.15 45.17 45.16 45.15 45.18 45.21 45.11 44.93
45.3 45.31 45.32 45.32 45.33 45.3 45.28 45.29 45.31 45.31 45.29 45.29 45.28 45.27 45.27 45.28 45.29 45.27 45.24 45.23 45.23 45.21 45.21 45.22 45.22 45.24 45.26 45.27 45.26 45.24 45.24 45.24 45.21 45.18 45.2 45.23 45.22 45.22 45.22 45.21 45.22 45.2 45.19 45.21 45.22 45.21 45.2 45.2 45.19 45.18 45.17 45.16 45.16 45.15 45.14 45.13 45.14 45.15 45.15 45.15 45.15 45.15 45.14 45.13 45.14 45.16 45.18 45.18 45.15 45.13 45.15 45.17 45.16 45.15 45.19 45.22 45.14 44.96
45.28 45.31 45.31 45.31 45.31 45.3 45.28 45.28 45.29 45.29 45.28 45.29 45.28 45.26 45.24 45.25 45.27 45.28 45.25 45.22 45.22 45.23 45.24 45.26 45.25 45.25 45.26 45.27 45.26 45.24 45.24 45.24 45.22 45.2 45.22 45.23 45.21 45.2 45.21 45.23 45.25 45.22 45.2 45.21 45.21 45.2 45.2 45.19 45.17 45.17 45.17 45.16 45.14 45.13 45.12 45.13 45.14 45.15 45.15 45.15 45.14 45.15 45.15 45.13 45.13 45.15 45.16 45.17 45.16 45.13 45.12 45.13 45.13 45.14 45.18 45.22 45.16 45
45.27 45.3 45.31 45.31 45.32 45.32 45.3 45.29 45.29 45.29 45.27 45.28 45.27 45.25 45.23 45.24 45.26 45.27 45.25 45.22 45.22 45.24 45.24 45.25 45.26 45.26 45.26 45.26 45.27 45.26 45.25 45.25 45.25 45.23 45.23 45.23 45.21 45.21 45.22 45.24 45.27 45.24 45.22 45.22 45.2 45.2 45.19 45.18 45.18 45.18 45.17 45.17 45.15 45.13 45.13 45.14 45.14 45.15 45.14 45.13 45.13 45.14 45.16 45.14 45.14 45.14 45.14 45.14 45.14 45.12 45.11 45.1 45.11 45.13 45.17 45.21 45.17 45.03
45.28 45.27 45.27 45.29 45.33 45.33 45.32 45.3 45.29 45.28 45.26 45.28 45.28 45.25 45.23 45.24 45.26 45.26 45.25 45.21 45.21 45.23 45.23 45.23 45.25 45.27 45.26 45.25 45.26 45.26 45.25 45.26 45.28 45.27 45.25 45.24 45.23 45.23 45.24 45.25 45.26 45.24 45.23 45.22 45.21 45.21 45.2 45.18 45.18 45.17 45.17 45.17 45.16 45.15 45.14 45.15 45.17 45.16 45.15 45.12 45.12 45.15 45.16 45.16 45.15 45.13 45.13 45.14 45.14 45.12 45.1 45.1 45.1 45.11 45.15 45.18 45.16 45.06
45.29 45.28 45.28 45.3 45.32 45.32 45.32 45.3 45.28 45.27 45.28 45.3 45.29 45.27 45.26 45.25 45.25 45.25 45.23 45.21 45.21 45.22 45.22 45.22 45.24 45.28 45.27 45.26 45.27 45.26 45.25 45.27 45.29 45.28 45.25 45.23 45.25 45.24 45.24 45.24 45.24 45.23 45.21 45.22 45.23 45.23 45.2 45.18 45.18 45.18 45.18 45.16 45.16 45.16 45.16 45.17 45.17 45.17 45.15 45.13 45.13 45.14 45.17 45.17 45.13 45.1 45.13 45.15 45.15 45.13 45.09 45.08 45.08 45.1 45.13 45.14 45.15 45.09
45.26 45.26 45.29 45.3 45.31 45.3 45.3 45.29 45.28 45.28 45.29 45.3 45.29 45.3 45.28 45.25 45.26 45.25 45.23 45.23 45.23 45.21 45.21 45.21 45.24 45.26 45.27 45.28 45.28 45.26 45.26 45.27 45.25 45.26 45.25 45.23 45.24 45.24 45.24 45.23 45.22 45.21 45.22 45.24 45.24 45.24 45.22 45.2 45.2 45.19 45.17 45.15 45.15 45.14 45.14 45.17 45.17 45.15 45.15 45.15 45.14 45.14 45.17 45.17 45.13 45.09 45.13 45.15 45.14 45.12 45.09 45.07 45.06 45.08 45.1 45.11 45.14 45.1
45.25 45.23 45.25 45.26 45.28 45.28 45.27 45.27 45.28 45.29 45.29 45.29 45.3 45.3 45.28 45.25 45.23 45.22 45.22 45.24 45.22 45.19 45.19 45.2 45.22 45.22 45.24 45.27 45.29 45.26 45.26 45.26 45.24 45.25 45.27 45.25 45.26 45.25 45.24 45.24 45.24 45.24 45.24 45.21 45.18 45.2 45.21 45.21 45.2 45.19 45.18 45.16 45.14 45.12 45.12 45.16 45.15 45.14 45.14 45.15 45.15 45.15 45.16 45.16 45.14 45.13 45.15 45.15 45.15 45.12 45.1 45.08 45.06 45.07 45.09 45.1 45.14 45.15
45.26 45.24 45.24 45.25 45.27 45.29 45.27 45.26 45.28 45.28 45.28 45.28 45.28 45.27 45.26 45.24 45.22 45.22 45.22 45.24 45.21 45.17 45.18 45.2 45.22 45.22 45.23 45.26 45.28 45.27 45.27 45.27 45.25 45.26 45.27 45.26 45.26 45.25 45.23 45.23 45.24 45.24 45.23 45.21 45.17 45.18 45.2 45.22 45.21 45.19 45.19 45.18 45.16 45.12 45.11 45.14 45.15 45.16 45.15 45.15 45.15 45.15 45.15 45.16 45.15 45.15 45.15 45.16 45.15 45.14 45.12 45.1 45.1 45.1 45.11 45.1 45.14 45.21
45.27 45.28 45.28 45.26 45.26 45.29 45.27 45.25 45.26 45.26 45.27 45.28 45.28 45.27 45.27 45.26 45.25 45.25 45.25 45.24 45.23 45.2 45.21 45.23 45.23 45.23 45.25 45.27 45.28 45.27 45.27 45.26 45.24 45.25 45.25 45.25 45.24 45.24 45.23 45.22 45.24 45.25 45.24 45.22 45.21 45.2 45.21 45.23 45.21 45.18 45.19 45.2 45.19 45.16 45.12 45.12 45.14 45.17 45.16 45.16 45.14 45.13 45.14 45.16 45.15 45.14 45.13 45.12 45.13 45.13 45.12 45.12 45.12 45.1 45.1 45.09 45.12 45.2
45.28 45.3 45.29 45.27 45.26 45.27 45.25 45.24 45.25 45.24 45.26 45.29 45.29 45.28 45.27 45.24 45.23 45.25 45.27 45.24 45.22 45.22 45.23 45.23 45.22 45.22 45.24 45.26 45.27 45.28 45.27 45.26 45.25 45.26 45.27 45.24 45.2 45.23 45.25 45.23 45.24 45.24 45.23 45.22 45.23 45.23 45.22 45.22 45.21 45.18 45.19 45.2 45.21 45.19 45.16 45.13 45.13 45.15 45.15 45.14 45.13 45.13 45.14 45.16 45.15 45.12 45.1 45.09 45.11 45.13 45.12 45.13 45.14 45.12 45.13 45.12 45.11 45.17
45.28 45.28 45.28 45.27 45.27 45.28 45.26 45.25 45.26 45.25 45.26 45.27 45.27 45.25 45.24 45.23 45.22 45.25 45.27 45.23 45.2 45.21 45.24 45.23 45.24 45.24 45.24 45.24 45.24 45.26 45.26 45.25 45.25 45.26 45.27 45.24 45.19 45.23 45.27 45.26 45.26 45.24 45.23 45.22 45.23 45.23 45.22 45.21 45.2 45.18 45.18 45.19 45.2 45.2 45.17 45.15 45.12 45.12 45.16 45.14 45.14 45.13 45.12 45.13 45.14 45.11 45.1 45.11 45.13 45.13 45.13 45.13 45.14 45.14 45.14 45.13 45.11 45.17
45.27 45.27 45.27 45.26 45.26 45.28 45.27 45.26 45.25 45.24 45.24 45.25 45.26 45.25 45.23 45.23 45.24 45.25 45.24 45.23 45.21 45.22 45.22 45.22 45.23 45.25 45.26 45.24 45.23 45.25 45.26 45.24 45.24 45.25 45.26 45.25 45.24 45.26 45.26 45.25 45.25 45.25 45.25 45.24 45.23 45.22 45.21 45.2 45.2 45.19 45.19 45.2 45.2 45.19 45.16 45.14 45.12 45.13 45.15 45.14 45.14 45.11 45.09 45.11 45.13 45.13 45.12 45.12 45.14 45.13 45.13 45.13 45.12 45.12 45.14 45.13 45.11 45.13
45.26 45.27 45.24 45.22 45.24 45.26 45.26 45.25 45.22 45.19 45.2 45.24 45.27 45.26 45.24 45.24 45.26 45.26 45.24 45.23 45.23 45.23 45.22 45.22 45.24 45.26 45.26 45.25 45.24 45.25 45.25 45.25 45.26 45.24 45.24 45.25 45.27 45.27 45.23 45.21 45.22 45.25 45.27 45.28 45.25 45.21 45.2 45.19 45.19 45.2 45.21 45.22 45.21 45.2 45.18 45.16 45.15 45.13 45.11 45.14 45.15 45.12 45.09 45.1 45.13 45.14 45.12 45.12 45.13 45.14 45.13 45.12 45.11 45.1 45.11 45.11 45.1 45.1
45.25 45.26 45.22 45.19 45.21 45.23 45.24 45.25 45.23 45.21 45.21 45.23 45.25 45.26 45.25 45.25 45.25 45.24 45.23 45.23 45.24 45.24 45.23 45.23 45.24 45.25 45.26 45.25 45.25 45.24 45.23 45.25 45.27 45.25 45.24 45.24 45.26 45.26 45.21 45.2 45.21 45.24 45.27 45.27 45.25 45.23 45.21 45.19 45.18 45.2 45.22 45.22 45.22 45.22 45.19 45.18 45.14 45.1 45.1 45.14 45.17 45.14 45.12 45.12 45.14 45.13 45.14 45.13 45.13 45.14 45.14 45.14 45.12 45.1 45.09 45.09 45.11 45.12
45.23 45.24 45.23 45.2 45.18 45.17 45.18 45.23 45.24 45.23 45.22 45.23 45.24 45.25 45.24 45.24 45.24 45.22 45.21 45.21 45.22 45.23 45.23 45.23 45.24 45.24 45.24 45.24 45.25 45.24 45.23 45.26 45.26 45.25 45.26 45.26 45.26 45.24 45.22 45.23 45.22 45.22 45.24 45.25 45.24 45.24 45.22 45.2 45.21 45.22 45.22 45.21 45.22 45.23 45.19 45.17 45.14 45.1 45.11 45.14 45.17 45.15 45.13 45.14 45.14 45.12 45.14 45.14 45.14 45.13 45.13 45.14 45.14 45.13 45.11 45.09 45.12 45.14
45.22 45.21 45.2 45.2 45.19 45.17 45.17 45.2 45.22 45.21 45.22 45.23 45.25 45.25 45.24 45.23 45.23 45.22 45.21 45.21 45.21 45.22 45.22 45.22 45.23 45.23 45.23 45.22 45.23 45.24 45.24 45.26 45.25 45.26 45.27 45.27 45.27 45.26 45.25 45.24 45.23 45.22 45.24 45.25 45.26 45.26 45.25 45.22 45.23 45.24 45.22 45.22 45.23 45.22 45.21 45.18 45.14 45.11 45.11 45.13 45.16 45.16 45.16 45.16 45.14 45.13 45.15 45.15 45.15 45.15 45.14 45.13 45.13 45.13 45.13 45.11 45.12 45.12
45.22 45.21 45.2 45.2 45.19 45.19 45.19 45.2 45.2 45.2 45.21 45.22 45.23 45.24 45.25 45.24 45.24 45.23 45.21 45.21 45.22 45.21 45.21 45.21 45.22 45.22 45.23 45.22 45.22 45.22 45.24 45.26 45.25 45.25 45.27 45.27 45.27 45.28 45.26 45.24 45.23 45.22 45.23 45.24 45.26 45.26 45.25 45.24 45.24 45.24 45.22 45.22 45.22 45.22 45.22 45.19 45.15 45.13 45.14 45.15 45.15 45.17 45.19 45.18 45.15 45.14 45.16 45.16 45.15 45.16 45.16 45.14 45.13 45.12 45.11 45.11 45.12 45.12
45.2 45.2 45.2 45.21 45.22 45.2 45.2 45.2 45.19 45.19 45.2 45.2 45.21 45.23 45.25 45.25 45.24 45.23 45.21 45.21 45.21 45.21 45.23 45.25 45.23 45.21 45.24 45.23 45.22 45.21 45.23 45.26 45.26 45.26 45.27 45.27 45.27 45.27 45.25 45.24 45.23 45.2 45.19 45.23 45.25 45.25 45.25 45.24 45.23 45.22 45.2 45.21 45.22 45.22 45.22 45.21 45.17 45.14 45.16 45.15 45.14 45.17 45.18 45.18 45.16 45.12 45.14 45.16 45.15 45.15 45.15 45.13 45.13 45.14 45.11 45.09 45.12 45.13
45.18 45.18 45.19 45.2 45.23 45.2 45.18 45.19 45.17 45.18 45.19 45.19 45.21 45.22 45.23 45.24 45.24 45.22 45.22 45.21 45.22 45.24 45.25 45.25 45.22 45.2 45.24 45.25 45.23 45.2 45.22 45.24 45.25 45.27 45.28 45.29 45.28 45.27 45.26 45.25 45.22 45.18 45.16 45.21 45.25 45.25 45.26 45.25 45.22 45.2 45.19 45.21 45.22 45.23 45.22 45.22 45.2 45.17 45.17 45.15 45.14 45.16 45.18 45.18 45.17 45.14 45.15 45.16 45.14 45.14 45.13 45.13 45.12 45.13 45.12 45.12 45.13 45.13
