slabs/48.grd
DSAA
631 301
644520 645150
4948100 4948400
38.33 50.94
[rows 34 to 67 of 301, columns 78 to 155 of 631]
40.44 40.42 40.39 40.39 40.42 40.42 40.41 40.43 40.44 40.44 40.46 40.46 40.44 40.41 40.43 40.46 40.46 40.46 40.46 40.48 40.52 40.53 40.51 40.49 40.48 40.48 40.46 40.47 40.52 40.55 40.55 40.55 40.55 40.55 40.56 40.57 40.55 40.56 40.57 40.57 40.6 40.61 40.62 40.63 40.62 40.6 40.58 40.57 40.55 40.56 40.58 40.61 40.64 40.63 40.6 40.58 40.63 40.7 40.71 40.7 40.68 40.63 40.59 40.58 40.61 40.61 40.6 40.62 40.65 40.7 40.71 40.7 40.69 40.7 40.69 40.69 40.69 40.7
40.46 40.44 40.4 40.41 40.45 40.47 40.45 40.45 40.49 40.51 40.5 40.46 40.45 40.43 40.46 40.48 40.46 40.47 40.48 40.49 40.52 40.52 40.51 40.5 40.47 40.46 40.45 40.47 40.53 40.56 40.57 40.57 40.59 40.59 40.61 40.63 40.61 40.6 40.6 40.61 40.61 40.61 40.61 40.61 40.61 40.59 40.56 40.56 40.57 40.57 40.58 40.62 40.64 40.63 40.61 40.54 40.57 40.64 40.68 40.69 40.66 40.62 40.61 40.63 40.61 40.58 40.61 40.63 40.65 40.68 40.69 40.69 40.67 40.66 40.65 40.67 40.71 40.73
40.44 40.45 40.44 40.45 40.47 40.49 40.49 40.48 40.51 40.53 40.51 40.48 40.49 40.48 40.49 40.5 40.51 40.51 40.51 40.51 40.54 40.55 40.56 40.55 40.49 40.45 40.46 40.51 40.56 40.58 40.58 40.6 40.64 40.65 40.66 40.66 40.65 40.63 40.61 40.62 40.63 40.61 40.58 40.58 40.6 40.59 40.57 40.6 40.63 40.61 40.6 40.63 40.62 40.61 40.6 40.57 40.58 40.63 40.67 40.69 40.67 40.62 40.62 40.63 40.61 40.6 40.63 40.63 40.64 40.67 40.69 40.68 40.67 40.66 40.65 40.67 40.74 40.74
40.46 40.49 40.5 40.49 40.49 40.51 40.5 40.48 40.5 40.53 40.52 40.5 40.51 40.52 40.5 40.51 40.52 40.51 40.51 40.51 40.52 40.54 40.57 40.57 40.52 40.49 40.51 40.56 40.6 40.61 40.61 40.63 40.67 40.68 40.66 40.66 40.66 40.64 40.62 40.62 40.64 40.62 40.57 40.57 40.59 40.59 40.6 40.62 40.63 40.62 40.58 40.57 40.58 40.6 40.63 40.62 40.6 40.59 40.65 40.69 40.69 40.65 40.63 40.63 40.61 40.63 40.66 40.65 40.65 40.68 40.71 40.69 40.69 40.68 40.66 40.7 40.77 40.72
40.5 40.53 40.54 40.51 40.5 40.52 40.5 40.46 40.48 40.51 40.5 40.5 40.52 40.53 40.52 40.52 40.52 40.51 40.51 40.51 40.49 40.52 40.58 40.58 40.56 40.53 40.53 40.57 40.61 40.62 40.63 40.66 40.68 40.68 40.65 40.64 40.63 40.63 40.62 40.62 40.64 40.63 40.6 40.6 40.61 40.6 40.61 40.58 40.59 40.61 40.58 40.56 40.56 40.61 40.67 40.66 40.61 40.55 40.59 40.65 40.66 40.65 40.64 40.62 40.6 40.64 40.7 40.72 40.7 40.69 40.71 40.71 40.69 40.67 40.65 40.7 40.76 40.71
40.54 40.58 40.58 40.54 40.51 40.51 40.49 40.48 40.49 40.51 40.5 40.49 40.51 40.52 40.53 40.53 40.53 40.53 40.54 40.53 40.51 40.53 40.58 40.6 40.59 40.56 40.55 40.59 40.61 40.61 40.64 40.69 40.71 40.69 40.64 40.62 40.62 40.64 40.64 40.62 40.63 40.63 40.63 40.62 40.61 40.62 40.62 40.6 40.61 40.64 40.62 40.59 40.58 40.62 40.66 40.64 40.59 40.56 40.58 40.61 40.62 40.65 40.66 40.63 40.61 40.65 40.74 40.76 40.72 40.69 40.7 40.7 40.68 40.64 40.63 40.66 40.72 40.73
40.56 40.59 40.59 40.55 40.5 40.49 40.5 40.51 40.51 40.5 40.51 40.5 40.49 40.51 40.52 40.54 40.54 40.56 40.59 40.6 40.58 40.58 40.6 40.61 40.62 40.6 40.6 40.62 40.62 40.6 40.64 40.74 40.77 40.73 40.67 40.63 40.63 40.68 40.71 40.67 40.65 40.64 40.63 40.61 40.61 40.63 40.63 40.61 40.61 40.63 40.64 40.63 40.64 40.65 40.64 40.61 40.58 40.56 40.58 40.59 40.61 40.65 40.68 40.65 40.61 40.66 40.74 40.75 40.71 40.69 40.7 40.7 40.69 40.65 40.63 40.66 40.71 40.71
40.57 40.61 40.61 40.57 40.52 40.51 40.52 40.52 40.52 40.52 40.53 40.53 40.5 40.51 40.53 40.55 40.57 40.6 40.65 40.67 40.64 40.62 40.61 40.63 40.64 40.65 40.65 40.63 40.62 40.61 40.66 40.75 40.79 40.76 40.71 40.65 40.64 40.69 40.73 40.72 40.7 40.67 40.66 40.65 40.64 40.64 40.63 40.62 40.61 40.63 40.64 40.64 40.66 40.67 40.64 40.61 40.6 40.57 40.56 40.58 40.6 40.64 40.67 40.65 40.62 40.65 40.69 40.71 40.7 40.69 40.7 40.7 40.71 40.69 40.65 40.66 40.69 40.68
40.56 40.6 40.62 40.61 40.56 40.54 40.53 40.52 40.53 40.53 40.55 40.58 40.56 40.56 40.56 40.57 40.59 40.63 40.68 40.71 40.69 40.65 40.62 40.62 40.61 40.64 40.66 40.65 40.66 40.66 40.7 40.75 40.78 40.77 40.71 40.68 40.67 40.69 40.71 40.74 40.73 40.7 40.68 40.67 40.65 40.63 40.63 40.63 40.64 40.67 40.67 40.65 40.66 40.67 40.64 40.62 40.61 40.59 40.57 40.59 40.61 40.61 40.64 40.65 40.63 40.64 40.66 40.68 40.71 40.71 40.71 40.71 40.72 40.68 40.63 40.64 40.68 40.69
40.54 40.58 40.62 40.63 40.6 40.55 40.55 40.57 40.56 40.55 40.57 40.61 40.62 40.6 40.59 40.6 40.61 40.65 40.72 40.73 40.72 40.68 40.62 40.6 40.59 40.62 40.66 40.68 40.7 40.71 40.74 40.75 40.79 40.8 40.74 40.7 40.69 40.69 40.71 40.73 40.72 40.72 40.72 40.7 40.68 40.64 40.64 40.66 40.68 40.72 40.73 40.7 40.68 40.65 40.63 40.61 40.6 40.59 40.58 40.6 40.62 40.62 40.65 40.65 40.65 40.65 40.67 40.67 40.7 40.72 40.74 40.73 40.7 40.68 40.66 40.66 40.68 40.69
40.52 40.57 40.59 40.62 40.61 40.58 40.59 40.62 40.63 40.61 40.61 40.63 40.64 40.63 40.61 40.62 40.64 40.68 40.74 40.72 40.69 40.64 40.57 40.58 40.61 40.64 40.68 40.69 40.69 40.71 40.74 40.77 40.8 40.79 40.73 40.7 40.69 40.7 40.72 40.72 40.72 40.74 40.74 40.72 40.7 40.66 40.67 40.69 40.71 40.74 40.75 40.75 40.72 40.66 40.64 40.63 40.62 40.59 40.57 40.58 40.61 40.67 40.73 40.74 40.69 40.64 40.63 40.63 40.65 40.71 40.74 40.72 40.69 40.69 40.68 40.69 40.7 40.71
40.52 40.56 40.56 40.59 40.62 40.62 40.64 40.69 40.73 40.72 40.68 40.67 40.68 40.67 40.65 40.64 40.65 40.68 40.73 40.72 40.67 40.61 40.54 40.56 40.61 40.64 40.66 40.66 40.66 40.68 40.72 40.77 40.79 40.77 40.72 40.71 40.7 40.7 40.71 40.71 40.72 40.73 40.73 40.73 40.71 40.68 40.7 40.74 40.75 40.76 40.77 40.78 40.77 40.7 40.67 40.68 40.68 40.62 40.59 40.57 40.59 40.7 40.8 40.81 40.75 40.64 40.59 40.6 40.64 40.69 40.72 40.7 40.68 40.68 40.68 40.69 40.72 40.74
40.55 40.57 40.57 40.58 40.6 40.64 40.7 40.76 40.81 40.78 40.72 40.69 40.7 40.7 40.7 40.69 40.69 40.69 40.73 40.75 40.71 40.64 40.56 40.56 40.59 40.64 40.66 40.64 40.63 40.65 40.71 40.77 40.75 40.71 40.7 40.7 40.7 40.71 40.72 40.72 40.72 40.72 40.73 40.74 40.72 40.69 40.71 40.75 40.78 40.79 40.79 40.79 40.78 40.74 40.7 40.7 40.7 40.65 40.6 40.6 40.63 40.68 40.72 40.75 40.73 40.65 40.6 40.6 40.64 40.7 40.72 40.71 40.68 40.68 40.68 40.69 40.72 40.74
40.58 40.59 40.58 40.6 40.63 40.66 40.72 40.76 40.76 40.73 40.69 40.67 40.67 40.7 40.73 40.75 40.76 40.74 40.75 40.78 40.77 40.68 40.59 40.59 40.6 40.64 40.69 40.67 40.65 40.66 40.7 40.75 40.72 40.67 40.68 40.68 40.7 40.72 40.73 40.73 40.72 40.72 40.73 40.74 40.73 40.72 40.71 40.75 40.8 40.8 40.78 40.75 40.75 40.77 40.76 40.73 40.69 40.66 40.64 40.65 40.67 40.68 40.7 40.74 40.74 40.66 40.61 40.62 40.69 40.74 40.75 40.74 40.69 40.67 40.69 40.72 40.73 40.72
40.62 40.6 40.6 40.64 40.68 40.71 40.73 40.7 40.68 40.68 40.69 40.68 40.65 40.68 40.72 40.74 40.78 40.78 40.77 40.79 40.76 40.68 40.62 40.62 40.63 40.67 40.72 40.71 40.7 40.69 40.69 40.71 40.71 40.7 40.68 40.68 40.7 40.72 40.72 40.73 40.72 40.73 40.74 40.74 40.75 40.76 40.79 40.81 40.85 40.83 40.79 40.77 40.76 40.77 40.78 40.76 40.72 40.71 40.71 40.7 40.69 40.69 40.7 40.73 40.74 40.7 40.67 40.67 40.73 40.75 40.76 40.74 40.7 40.69 40.71 40.74 40.74 40.72
40.63 40.62 40.63 40.68 40.71 40.71 40.71 40.69 40.67 40.69 40.73 40.73 40.7 40.72 40.73 40.73 40.75 40.78 40.79 40.79 40.75 40.67 40.66 40.65 40.67 40.72 40.74 40.75 40.75 40.72 40.7 40.7 40.72 40.73 40.7 40.7 40.72 40.73 40.7 40.73 40.75 40.73 40.7 40.72 40.75 40.78 40.82 40.81 40.82 40.86 40.86 40.83 40.8 40.79 40.77 40.77 40.74 40.73 40.75 40.73 40.7 40.7 40.69 40.69 40.72 40.72 40.71 40.71 40.74 40.76 40.76 40.74 40.7 40.69 40.7 40.73 40.73 40.71
40.65 40.65 40.68 40.71 40.73 40.72 40.71 40.73 40.74 40.74 40.76 40.77 40.78 40.78 40.75 40.74 40.75 40.79 40.8 40.81 40.78 40.72 40.71 40.7 40.71 40.73 40.74 40.76 40.76 40.73 40.71 40.73 40.74 40.73 40.7 40.7 40.73 40.74 40.7 40.73 40.8 40.76 40.69 40.7 40.74 40.75 40.77 40.77 40.78 40.83 40.85 40.84 40.84 40.82 40.77 40.76 40.75 40.75 40.75 40.73 40.69 40.69 40.68 40.67 40.68 40.7 40.7 40.7 40.73 40.77 40.77 40.73 40.69 40.67 40.67 40.68 40.68 40.67
40.68 40.69 40.72 40.74 40.74 40.73 40.75 40.79 40.8 40.78 40.78 40.8 40.82 40.82 40.78 40.77 40.79 40.81 40.83 40.86 40.85 40.81 40.78 40.74 40.73 40.71 40.71 40.73 40.73 40.7 40.72 40.75 40.73 40.7 40.68 40.69 40.72 40.74 40.74 40.75 40.79 40.79 40.75 40.74 40.74 40.74 40.74 40.74 40.76 40.8 40.83 40.83 40.85 40.84 40.79 40.79 40.79 40.77 40.76 40.73 40.69 40.68 40.69 40.67 40.67 40.67 40.67 40.67 40.69 40.72 40.72 40.7 40.68 40.66 40.67 40.69 40.69 40.69
40.73 40.74 40.77 40.79 40.77 40.75 40.78 40.84 40.84 40.81 40.82 40.83 40.84 40.85 40.83 40.83 40.83 40.82 40.85 40.89 40.88 40.86 40.81 40.75 40.72 40.69 40.69 40.72 40.71 40.7 40.71 40.72 40.71 40.71 40.71 40.72 40.72 40.74 40.76 40.76 40.76 40.76 40.75 40.75 40.75 40.73 40.71 40.72 40.77 40.79 40.8 40.82 40.85 40.84 40.81 40.79 40.78 40.76 40.75 40.73 40.7 40.69 40.69 40.68 40.68 40.67 40.68 40.68 40.67 40.66 40.68 40.7 40.7 40.69 40.7 40.73 40.74 40.76
40.78 40.79 40.83 40.83 40.8 40.78 40.81 40.87 40.87 40.86 40.87 40.86 40.86 40.86 40.84 40.86 40.85 40.83 40.85 40.87 40.87 40.84 40.79 40.75 40.72 40.69 40.69 40.72 40.72 40.73 40.74 40.74 40.73 40.74 40.76 40.75 40.75 40.77 40.77 40.75 40.74 40.73 40.72 40.73 40.73 40.7 40.67 40.71 40.78 40.79 40.77 40.8 40.83 40.83 40.8 40.75 40.72 40.71 40.71 40.72 40.71 40.72 40.71 40.7 40.71 40.72 40.73 40.74 40.71 40.7 40.72 40.75 40.75 40.76 40.79 40.85 40.89 40.93
40.79 40.8 40.84 40.85 40.84 40.83 40.84 40.88 40.87 40.88 40.88 40.86 40.88 40.89 40.85 40.85 40.87 40.88 40.86 40.85 40.84 40.82 40.79 40.77 40.77 40.75 40.73 40.75 40.76 40.75 40.77 40.78 40.78 40.79 40.79 40.78 40.79 40.81 40.78 40.75 40.71 40.71 40.7 40.71 40.71 40.69 40.68 40.71 40.75 40.76 40.74 40.76 40.79 40.8 40.78 40.74 40.72 40.71 40.72 40.72 40.73 40.75 40.76 40.78 40.79 40.79 40.81 40.84 40.86 40.86 40.89 40.92 40.91 40.93 41.03 41.13 41.17 41.23
40.8 40.81 40.83 40.84 40.86 40.85 40.84 40.87 40.85 40.84 40.84 40.83 40.88 40.92 40.87 40.84 40.87 40.89 40.87 40.84 40.84 40.85 40.85 40.83 40.83 40.81 40.76 40.77 40.77 40.75 40.76 40.77 40.78 40.79 40.79 40.79 40.79 40.8 40.78 40.74 40.69 40.7 40.71 40.72 40.71 40.69 40.7 40.73 40.74 40.74 40.75 40.77 40.8 40.83 40.82 40.82 40.82 40.81 40.8 40.81 40.87 40.92 40.95 40.98 40.99 40.99 41.03 41.1 41.14 41.16 41.21 41.24 41.22 41.24 41.34 41.44 41.49 41.53
40.84 40.85 40.83 40.82 40.84 40.83 40.82 40.84 40.83 40.82 40.81 40.79 40.82 40.85 40.84 40.82 40.84 40.86 40.85 40.85 40.84 40.85 40.85 40.84 40.83 40.82 40.79 40.78 40.76 40.74 40.73 40.73 40.74 40.76 40.75 40.75 40.75 40.76 40.76 40.73 40.7 40.73 40.75 40.75 40.75 40.75 40.77 40.8 40.83 40.85 40.89 40.95 40.98 40.99 41 41.01 41.03 41.03 41.02 41.07 41.21 41.3 41.32 41.33 41.34 41.35 41.4 41.46 41.47 41.47 41.49 41.54 41.54 41.57 41.68 41.79 41.84 41.87
41.07 41.04 40.98 40.93 40.92 40.89 40.87 40.86 40.85 40.83 40.81 40.79 40.79 40.8 40.82 40.84 40.83 40.82 40.81 40.81 40.82 40.8 40.79 40.78 40.78 40.78 40.78 40.77 40.75 40.73 40.72 40.74 40.77 40.77 40.76 40.75 40.75 40.78 40.8 40.82 40.83 40.83 40.84 40.84 40.89 40.92 40.94 40.99 41.07 41.13 41.18 41.26 41.29 41.28 41.32 41.37 41.39 41.4 41.42 41.53 41.66 41.73 41.74 41.71 41.68 41.69 41.74 41.81 41.83 41.82 41.81 41.87 41.9 41.94 42.05 42.17 42.22 42.26
41.5 41.42 41.31 41.2 41.15 41.09 41.02 40.96 40.94 40.91 40.89 40.87 40.85 40.82 40.85 40.89 40.86 40.81 40.81 40.82 40.82 40.8 40.78 40.77 40.78 40.79 40.79 40.8 40.79 40.78 40.77 40.82 40.89 40.9 40.9 40.88 40.86 40.88 40.93 41 41.04 41.03 41.02 41.03 41.09 41.15 41.18 41.25 41.39 41.5 41.56 41.6 41.59 41.6 41.65 41.75 41.79 41.79 41.83 41.96 42.06 42.09 42.13 42.08 42.02 42.03 42.12 42.19 42.2 42.18 42.18 42.24 42.29 42.35 42.47 42.62 42.73 42.79
41.93 41.8 41.66 41.54 41.48 41.41 41.32 41.24 41.21 41.17 41.12 41.07 41.01 40.96 40.96 40.98 40.96 40.92 40.92 40.91 40.92 40.93 40.92 40.92 40.94 40.93 40.97 41.03 41.02 40.99 40.93 40.98 41.08 41.12 41.1 41.05 41.04 41.08 41.13 41.21 41.27 41.28 41.3 41.32 41.38 41.43 41.46 41.55 41.7 41.79 41.84 41.89 41.91 41.93 41.97 42.07 42.12 42.13 42.2 42.32 42.38 42.43 42.5 42.47 42.38 42.42 42.54 42.6 42.59 42.59 42.62 42.7 42.78 42.85 42.99 43.25 43.51 43.6
42.39 42.23 42.07 41.94 41.88 41.81 41.73 41.66 41.61 41.55 41.49 41.43 41.34 41.27 41.25 41.23 41.23 41.22 41.21 41.19 41.25 41.38 41.42 41.4 41.37 41.31 41.34 41.37 41.34 41.28 41.18 41.21 41.31 41.34 41.31 41.25 41.29 41.34 41.39 41.47 41.51 41.49 41.51 41.6 41.72 41.76 41.8 41.92 42.02 42.04 42.09 42.18 42.23 42.25 42.31 42.39 42.43 42.47 42.6 42.72 42.75 42.79 42.87 42.88 42.81 42.86 43.03 43.1 43.09 43.12 43.21 43.37 43.47 43.54 43.71 44 44.26 44.35
42.88 42.75 42.59 42.47 42.4 42.28 42.18 42.09 42.01 41.97 41.92 41.87 41.79 41.72 41.69 41.65 41.68 41.73 41.7 41.7 41.82 41.99 42.01 41.95 41.86 41.75 41.67 41.62 41.6 41.58 41.49 41.47 41.52 41.55 41.55 41.55 41.55 41.56 41.61 41.7 41.74 41.74 41.76 41.89 42.05 42.11 42.16 42.26 42.35 42.39 42.45 42.55 42.6 42.63 42.71 42.8 42.85 42.89 43.03 43.15 43.2 43.27 43.35 43.39 43.36 43.44 43.69 43.83 43.83 43.85 43.96 44.13 44.24 44.27 44.41 44.6 44.7 44.77
43.42 43.29 43.14 43.05 42.94 42.77 42.69 42.61 42.49 42.44 42.4 42.42 42.41 42.31 42.25 42.18 42.18 42.24 42.21 42.24 42.37 42.44 42.39 42.3 42.19 42.1 42.01 41.97 41.98 42.01 41.92 41.79 41.78 41.8 41.84 41.88 41.86 41.87 41.88 41.94 42.02 42.09 42.13 42.27 42.43 42.51 42.57 42.67 42.77 42.83 42.89 42.99 43.04 43.09 43.17 43.29 43.4 43.44 43.54 43.67 43.81 43.99 44.06 44.11 44.13 44.21 44.4 44.52 44.52 44.55 44.62 44.71 44.77 44.78 44.87 45.02 45.1 45.18
43.98 43.84 43.74 43.65 43.49 43.3 43.29 43.35 43.24 43.15 43.07 43.09 43.09 42.96 42.87 42.75 42.62 42.6 42.61 42.64 42.78 42.9 42.86 42.72 42.58 42.56 42.48 42.42 42.46 42.46 42.35 42.2 42.21 42.23 42.24 42.24 42.22 42.23 42.24 42.29 42.39 42.46 42.53 42.7 42.88 42.98 43.07 43.17 43.24 43.27 43.34 43.47 43.56 43.6 43.67 43.85 44.07 44.13 44.19 44.31 44.47 44.64 44.71 44.76 44.81 44.85 44.88 44.88 44.89 44.92 45.01 45.09 45.11 45.11 45.19 45.3 45.37 45.43
44.53 44.46 44.43 44.35 44.19 44 44.01 44.09 44.01 43.89 43.78 43.73 43.62 43.47 43.38 43.27 43.09 43.02 43.03 43.02 43.15 43.32 43.34 43.22 43.06 43.04 42.99 42.91 42.89 42.86 42.78 42.7 42.71 42.71 42.71 42.71 42.67 42.63 42.65 42.72 42.81 42.89 42.96 43.15 43.34 43.51 43.7 43.78 43.78 43.78 43.87 44.07 44.21 44.25 44.31 44.47 44.67 44.72 44.77 44.87 44.94 45 45.04 45.06 45.11 45.14 45.19 45.21 45.21 45.22 45.27 45.31 45.32 45.33 45.38 45.43 45.47 45.5
45.04 45.02 45.01 44.98 44.87 44.71 44.61 44.56 44.48 44.37 44.29 44.23 44.11 43.97 43.88 43.81 43.65 43.55 43.52 43.47 43.52 43.66 43.71 43.67 43.55 43.52 43.49 43.42 43.35 43.31 43.22 43.17 43.2 43.16 43.16 43.18 43.15 43.09 43.12 43.18 43.26 43.38 43.49 43.67 43.86 44.09 44.42 44.52 44.46 44.44 44.52 44.69 44.81 44.85 44.91 44.98 45.05 45.07 45.11 45.21 45.28 45.3 45.31 45.3 45.33 45.37 45.42 45.43 45.43 45.43 45.44 45.43 45.44 45.47 45.51 45.53 45.55 45.57
45.35 45.3 45.27 45.26 45.23 45.14 45.05 45 44.9 44.77 44.68 44.64 44.56 44.44 44.36 44.3 44.17 44.06 44 43.92 43.93 44.01 44.06 44.07 44.03 44.01 43.98 43.89 43.8 43.76 43.69 43.64 43.64 43.6 43.6 43.65 43.68 43.64 43.67 43.73 43.78 43.98 44.24 44.39 44.53 44.72 44.99 45.08 45.03 45.02 45.05 45.11 45.15 45.18 45.23 45.29 45.32 45.33 45.37 45.42 45.47 45.47 45.46 45.47 45.48 45.49 45.51 45.52 45.52 45.52 45.52 45.51 45.52 45.55 45.58 45.6 45.61 45.63
45.44 45.4 45.38 45.39 45.42 45.42 45.39 45.34 45.23 45.09 45.01 44.99 44.93 44.86 44.81 44.77 44.66 44.55 44.48 44.4 44.4 44.43 44.46 44.52 44.53 44.49 44.44 44.33 44.24 44.2 44.16 44.15 44.16 44.15 44.15 44.23 44.34 44.37 44.41 44.49 44.52 44.68 44.93 45.06 45.16 45.24 45.33 45.34 45.33 45.33 45.35 45.37 45.38 45.4 45.45 45.48 45.48 45.48 45.49 45.49 45.5 45.51 45.52 45.53 45.54 45.55 45.56 45.57 45.57 45.58 45.59 45.59 45.59 45.61 45.63 45.65 45.65 45.66
