slabs/48.grd
DSAA
631 301
644520 645150
4948100 4948400
38.33 50.94
[rows 34 to 67 of 301, columns 390 to 467 of 631]
40.99 40.98 40.98 40.94 40.87 40.61 40.22 40.3 40.61 40.68 40.64 40.55 40.57 40.81 41.41 42.08 42.52 42.95 43.44 43.67 43.73 43.78 43.75 43.71 43.69 43.8 43.92 43.84 43.54 42.86 42.1 41.62 41.31 41.09 41.47 41.93 42.34 43.04 43.61 44.05 44.6 45.2 45.52 45.68 45.87 45.99 46.02 45.82 45.29 44.61 44.17 44 43.98 44.11 44.08 43.77 43.08 42.3 41.8 41.42 41.12 41.41 41.81 42.28 42.95 43.36 43.64 44.01 44.22 44.33 44.52 44.94 45.31 45.46 45.2 44.56 43.85 43.38
41 40.99 40.98 40.96 40.93 40.7 40.29 40.28 40.51 40.63 40.66 40.58 40.56 40.71 41.22 41.77 42.21 42.82 43.4 43.69 43.79 43.85 43.81 43.76 43.74 43.84 43.93 43.85 43.56 42.92 42.18 41.67 41.33 41.03 41.32 41.74 42.16 42.85 43.31 43.69 44.32 44.84 45.11 45.33 45.7 46.02 46.15 45.96 45.4 44.69 44.21 44 43.95 44.11 44.11 43.8 43.13 42.42 41.91 41.47 41.19 41.34 41.66 42.2 42.79 43.16 43.46 43.88 44.11 44.17 44.26 44.56 44.93 45.11 44.9 44.35 43.64 43.14
40.99 40.99 40.99 40.98 40.95 40.78 40.39 40.27 40.45 40.6 40.69 40.61 40.57 40.64 41.07 41.54 41.97 42.68 43.31 43.66 43.79 43.89 43.87 43.82 43.77 43.8 43.89 43.85 43.59 42.99 42.27 41.75 41.34 40.91 41 41.35 41.89 42.6 43.08 43.45 44 44.43 44.66 44.89 45.32 45.75 45.99 45.89 45.43 44.74 44.25 44 43.93 44.12 44.14 43.84 43.17 42.62 42.15 41.53 41.23 41.29 41.55 42.04 42.59 42.97 43.28 43.76 44.03 44.09 44.11 44.26 44.56 44.75 44.58 44.06 43.36 42.83
41 41 41 41 40.98 40.85 40.48 40.24 40.34 40.52 40.68 40.65 40.58 40.59 40.94 41.35 41.77 42.5 43.17 43.55 43.74 43.91 43.92 43.89 43.79 43.73 43.84 43.87 43.66 43.09 42.46 41.98 41.4 40.87 40.76 41.03 41.63 42.33 42.83 43.16 43.61 43.97 44.2 44.45 44.88 45.26 45.45 45.45 45.23 44.71 44.29 44.02 43.9 44.1 44.15 43.86 43.2 42.7 42.25 41.56 41.22 41.24 41.46 41.92 42.5 42.9 43.21 43.69 43.97 44.06 44.07 44.09 44.18 44.25 44.08 43.61 43.05 42.57
40.99 41 41 41 40.99 40.9 40.55 40.21 40.2 40.42 40.68 40.7 40.62 40.58 40.83 41.17 41.58 42.29 42.94 43.35 43.6 43.89 43.97 43.96 43.82 43.69 43.81 43.91 43.75 43.22 42.72 42.29 41.57 40.95 40.71 40.88 41.42 42.12 42.58 42.83 43.16 43.48 43.72 43.98 44.41 44.73 44.88 44.92 44.84 44.56 44.3 44.05 43.89 44.01 44.05 43.79 43.19 42.72 42.26 41.56 41.18 41.13 41.34 41.84 42.46 42.87 43.13 43.53 43.86 44.02 44.06 44.03 43.87 43.74 43.54 43.1 42.73 42.39
41 41 41.01 41.01 41 40.94 40.65 40.29 40.16 40.32 40.65 40.74 40.69 40.6 40.71 40.93 41.32 42.01 42.66 43.06 43.38 43.81 43.99 44 43.84 43.67 43.76 43.91 43.83 43.34 42.87 42.47 41.75 41.06 40.68 40.77 41.26 41.89 42.25 42.4 42.66 43 43.25 43.5 43.91 44.2 44.32 44.37 44.38 44.3 44.19 44.03 43.91 43.92 43.88 43.59 43.04 42.62 42.21 41.54 41.12 40.97 41.18 41.71 42.25 42.6 42.8 43.17 43.57 43.82 43.89 43.84 43.62 43.4 43.1 42.66 42.34 42.04
41.01 41.01 41.01 41.01 41 40.96 40.76 40.51 40.28 40.24 40.59 40.8 40.79 40.67 40.6 40.67 41.01 41.7 42.38 42.78 43.13 43.67 43.95 43.99 43.83 43.65 43.69 43.84 43.83 43.39 42.97 42.6 41.91 41.2 40.78 40.78 41.11 41.57 41.81 41.92 42.17 42.56 42.83 43.04 43.4 43.66 43.75 43.86 43.98 44 43.99 43.98 43.9 43.82 43.68 43.29 42.7 42.27 41.95 41.42 41 40.8 41.02 41.49 41.87 42.13 42.33 42.71 43.07 43.32 43.46 43.4 43.23 43 42.59 42.18 41.89 41.62
41 41.01 40.99 41 41 40.98 40.87 40.73 40.45 40.22 40.5 40.8 40.82 40.71 40.57 40.55 40.81 41.44 42.13 42.55 42.92 43.52 43.87 43.96 43.86 43.65 43.63 43.75 43.8 43.45 43.06 42.71 42.07 41.37 40.89 40.82 40.97 41.26 41.38 41.46 41.72 42.12 42.4 42.59 42.9 43.12 43.17 43.32 43.54 43.6 43.65 43.69 43.59 43.47 43.33 42.93 42.3 41.83 41.55 41.17 40.86 40.72 40.88 41.2 41.47 41.69 41.88 42.25 42.53 42.75 42.97 42.9 42.72 42.51 42.11 41.7 41.42 41.18
40.97 40.99 40.99 41 41 41 40.94 40.83 40.56 40.23 40.39 40.67 40.73 40.7 40.58 40.53 40.68 41.2 41.84 42.27 42.74 43.37 43.77 43.91 43.89 43.66 43.56 43.68 43.83 43.59 43.25 42.9 42.26 41.54 41.04 40.89 40.86 40.98 41.03 41.08 41.34 41.7 41.89 42.09 42.35 42.53 42.52 42.6 42.83 42.91 42.97 43 42.95 42.89 42.82 42.53 41.98 41.55 41.25 40.88 40.72 40.68 40.75 40.9 41.08 41.24 41.43 41.78 42.06 42.3 42.52 42.38 42.19 42 41.63 41.24 40.98 40.82
40.95 40.98 41 41.01 41.01 41 40.96 40.9 40.67 40.28 40.31 40.58 40.68 40.72 40.64 40.57 40.64 41.02 41.5 41.92 42.57 43.24 43.67 43.85 43.9 43.72 43.59 43.7 43.87 43.69 43.38 43.06 42.42 41.71 41.23 40.99 40.79 40.79 40.79 40.83 41.06 41.28 41.3 41.45 41.64 41.76 41.78 41.87 42.07 42.14 42.19 42.27 42.34 42.35 42.31 42.09 41.66 41.33 41.05 40.71 40.63 40.64 40.67 40.74 40.8 40.89 41.07 41.39 41.66 41.88 42.04 41.86 41.67 41.5 41.16 40.85 40.69 40.61
40.94 40.97 41 41.01 41.01 41 40.98 40.96 40.78 40.38 40.24 40.43 40.6 40.74 40.68 40.61 40.63 40.94 41.3 41.7 42.41 43.11 43.57 43.8 43.96 43.82 43.68 43.76 43.88 43.72 43.46 43.14 42.51 41.85 41.4 41.07 40.76 40.69 40.67 40.7 40.82 40.9 40.86 40.93 41.02 41.07 41.16 41.38 41.56 41.63 41.67 41.76 41.82 41.82 41.79 41.61 41.31 41.1 40.88 40.65 40.62 40.63 40.66 40.68 40.69 40.73 40.84 41.08 41.32 41.48 41.55 41.35 41.18 41.04 40.8 40.64 40.58 40.56
40.94 40.97 40.99 41 41 41 40.98 40.96 40.84 40.47 40.21 40.31 40.54 40.75 40.74 40.67 40.65 40.89 41.18 41.57 42.29 43 43.46 43.76 44.05 43.99 43.86 43.9 43.92 43.74 43.51 43.18 42.54 41.99 41.59 41.12 40.74 40.65 40.65 40.65 40.67 40.69 40.71 40.74 40.78 40.79 40.85 41 41.13 41.16 41.2 41.27 41.31 41.32 41.28 41.18 41.04 40.92 40.77 40.64 40.64 40.66 40.66 40.67 40.67 40.69 40.73 40.87 41.03 41.12 41.11 40.93 40.82 40.74 40.63 40.58 40.57 40.55
40.95 40.96 40.98 40.99 41 41 41 40.99 40.91 40.58 40.23 40.22 40.47 40.75 40.79 40.72 40.66 40.82 41.05 41.44 42.18 42.88 43.33 43.68 44.1 44.14 44.09 44.1 44.03 43.82 43.58 43.22 42.57 42.13 41.8 41.24 40.8 40.67 40.66 40.66 40.67 40.68 40.69 40.7 40.71 40.71 40.73 40.78 40.82 40.81 40.83 40.88 40.9 40.91 40.89 40.85 40.85 40.8 40.71 40.67 40.67 40.67 40.67 40.66 40.66 40.67 40.69 40.73 40.79 40.83 40.8 40.7 40.66 40.63 40.6 40.58 40.56 40.55
40.91 40.94 40.96 40.98 40.99 41 41.01 41.01 40.96 40.72 40.39 40.25 40.4 40.75 40.85 40.79 40.68 40.75 40.91 41.29 42.03 42.74 43.16 43.55 44.07 44.22 44.22 44.22 44.13 43.96 43.73 43.3 42.68 42.32 42.04 41.51 41 40.74 40.68 40.65 40.66 40.67 40.68 40.7 40.7 40.69 40.69 40.7 40.7 40.69 40.69 40.7 40.7 40.71 40.71 40.71 40.73 40.72 40.68 40.68 40.67 40.67 40.66 40.66 40.66 40.66 40.66 40.65 40.65 40.66 40.67 40.64 40.62 40.61 40.6 40.58 40.57 40.56
40.83 40.94 40.97 40.98 40.99 41.01 41.01 41.02 41 40.83 40.59 40.36 40.34 40.7 40.86 40.83 40.74 40.73 40.8 41.1 41.78 42.52 42.98 43.39 43.93 44.14 44.16 44.17 44.15 44.09 43.91 43.44 42.91 42.65 42.4 41.88 41.3 40.91 40.76 40.67 40.66 40.65 40.67 40.69 40.69 40.69 40.69 40.68 40.67 40.67 40.67 40.66 40.65 40.65 40.66 40.68 40.68 40.68 40.67 40.66 40.66 40.65 40.65 40.64 40.64 40.64 40.63 40.61 40.6 40.61 40.63 40.62 40.62 40.62 40.6 40.58 40.59 40.6
40.72 40.93 40.97 40.98 41.01 41.03 41.02 41.02 41.02 40.92 40.75 40.47 40.27 40.55 40.79 40.85 40.84 40.77 40.77 40.96 41.53 42.19 42.67 43.18 43.67 43.89 43.98 44.08 44.13 44.12 44 43.66 43.26 43.04 42.78 42.22 41.58 41.15 40.92 40.7 40.67 40.68 40.69 40.69 40.68 40.68 40.67 40.67 40.67 40.68 40.68 40.67 40.67 40.67 40.67 40.67 40.67 40.67 40.66 40.65 40.65 40.64 40.62 40.61 40.61 40.61 40.61 40.62 40.62 40.61 40.61 40.62 40.64 40.65 40.63 40.61 40.61 40.62
40.67 40.91 40.96 40.98 41.02 41.04 41.03 41.03 41.04 40.99 40.91 40.61 40.24 40.41 40.72 40.87 40.94 40.83 40.79 40.91 41.37 41.86 42.29 42.91 43.37 43.62 43.8 44 44.11 44.16 44.11 43.91 43.6 43.37 43.06 42.45 41.79 41.4 41.1 40.75 40.68 40.69 40.7 40.69 40.68 40.68 40.68 40.67 40.67 40.68 40.69 40.69 40.68 40.68 40.69 40.68 40.67 40.68 40.67 40.65 40.64 40.63 40.61 40.6 40.61 40.61 40.63 40.65 40.66 40.65 40.64 40.66 40.67 40.68 40.65 40.64 40.63 40.62
40.62 40.88 40.96 40.98 41.02 41.04 41.04 41.04 41.04 41.03 41.02 40.77 40.33 40.36 40.69 40.87 40.99 40.9 40.82 40.87 41.24 41.67 42.06 42.65 43.14 43.44 43.62 43.85 44.02 44.15 44.17 44.08 43.8 43.53 43.18 42.51 41.88 41.51 41.21 40.82 40.7 40.69 40.69 40.69 40.69 40.7 40.69 40.68 40.67 40.68 40.7 40.7 40.7 40.7 40.7 40.69 40.69 40.7 40.68 40.63 40.61 40.62 40.64 40.64 40.65 40.65 40.68 40.7 40.69 40.68 40.68 40.7 40.7 40.69 40.67 40.67 40.66 40.64
40.52 40.81 40.95 40.97 41.01 41.04 41.04 41.04 41.04 41.03 41.02 40.84 40.42 40.26 40.51 40.82 41.01 40.99 40.91 40.88 41.12 41.46 41.81 42.37 42.9 43.24 43.42 43.64 43.85 44.01 44.1 44.08 43.79 43.47 43.11 42.47 41.92 41.63 41.38 40.97 40.75 40.71 40.69 40.7 40.71 40.71 40.71 40.7 40.69 40.7 40.71 40.7 40.71 40.71 40.69 40.7 40.71 40.7 40.67 40.62 40.61 40.65 40.71 40.73 40.73 40.72 40.74 40.75 40.73 40.71 40.72 40.72 40.72 40.7 40.69 40.69 40.68 40.66
40.41 40.73 40.94 40.97 41.01 41.03 41.02 41.03 41.05 41.04 41.01 40.88 40.52 40.21 40.38 40.79 41 41.01 40.95 40.91 41.03 41.24 41.52 42.05 42.58 42.93 43.12 43.35 43.57 43.76 43.86 43.87 43.59 43.27 42.91 42.37 42 41.86 41.64 41.16 40.82 40.74 40.7 40.7 40.72 40.73 40.72 40.71 40.71 40.72 40.72 40.71 40.71 40.71 40.69 40.69 40.7 40.69 40.67 40.65 40.66 40.72 40.8 40.84 40.82 40.8 40.8 40.78 40.75 40.73 40.74 40.74 40.73 40.72 40.71 40.7 40.69 40.68
40.4 40.69 40.92 40.96 41 41.02 41.03 41.04 41.05 41.04 41.02 40.94 40.67 40.45 40.51 40.8 41 41.02 40.98 40.95 40.98 41.06 41.25 41.69 42.21 42.53 42.71 42.94 43.18 43.38 43.46 43.47 43.29 43.01 42.59 42.17 41.97 41.96 41.78 41.26 40.86 40.77 40.73 40.72 40.74 40.74 40.74 40.73 40.72 40.72 40.72 40.71 40.72 40.72 40.72 40.7 40.69 40.69 40.69 40.69 40.72 40.81 40.88 40.89 40.87 40.86 40.84 40.8 40.77 40.76 40.77 40.76 40.75 40.74 40.73 40.72 40.71 40.7
40.43 40.64 40.86 40.93 41 41.05 41.07 41.07 41.06 41.04 41.04 41 40.87 40.75 40.75 40.88 41 41 40.99 40.97 40.97 40.98 41.07 41.37 41.83 42.12 42.25 42.41 42.61 42.8 42.89 42.89 42.77 42.54 42.12 41.79 41.7 41.75 41.64 41.19 40.85 40.79 40.78 40.77 40.77 40.77 40.76 40.74 40.73 40.73 40.72 40.71 40.72 40.73 40.74 40.72 40.71 40.71 40.71 40.73 40.77 40.87 40.93 40.93 40.93 40.92 40.87 40.81 40.79 40.78 40.78 40.78 40.77 40.76 40.74 40.74 40.73 40.72
40.44 40.59 40.79 40.9 41.01 41.05 41.07 41.07 41.07 41.08 41.06 41.04 41 40.96 40.95 40.98 41.01 41 41 40.99 40.98 40.98 41 41.15 41.46 41.69 41.75 41.78 41.85 41.98 42.09 42.14 42.09 41.95 41.63 41.36 41.31 41.37 41.31 41.03 40.84 40.81 40.8 40.8 40.78 40.78 40.77 40.75 40.74 40.75 40.75 40.75 40.75 40.75 40.76 40.75 40.74 40.72 40.74 40.78 40.82 40.89 40.95 40.96 40.98 40.96 40.88 40.82 40.81 40.81 40.8 40.8 40.79 40.78 40.77 40.76 40.76 40.74
40.44 40.51 40.69 40.87 41.02 41.05 41.06 41.06 41.08 41.1 41.08 41.06 41.05 41.03 41.02 41.03 41.04 41.02 41.01 41.01 41 40.99 41.01 41.05 41.15 41.24 41.25 41.22 41.2 41.26 41.34 41.43 41.52 41.5 41.32 41.09 41.03 41.05 41.01 40.9 40.83 40.82 40.81 40.81 40.79 40.78 40.77 40.77 40.77 40.77 40.77 40.77 40.76 40.75 40.77 40.78 40.76 40.72 40.76 40.8 40.84 40.9 40.95 40.96 41 40.99 40.89 40.84 40.84 40.84 40.83 40.82 40.82 40.81 40.8 40.79 40.78 40.77
40.41 40.39 40.55 40.86 41.02 41.05 41.06 41.07 41.1 41.11 41.1 41.07 41.06 41.04 41.04 41.05 41.06 41.07 41.05 41.04 41.04 41.03 41.04 41.04 41.03 41.02 41.01 41 41.01 41.02 41.04 41.07 41.11 41.14 41.09 40.98 40.94 40.93 40.9 40.87 40.85 40.84 40.83 40.83 40.82 40.8 40.78 40.79 40.79 40.78 40.76 40.76 40.75 40.75 40.77 40.79 40.77 40.74 40.77 40.8 40.85 40.91 40.93 40.95 41 41 40.91 40.88 40.88 40.86 40.85 40.85 40.84 40.83 40.82 40.81 40.8 40.78
40.38 40.31 40.46 40.81 41 41.04 41.05 41.09 41.1 41.11 41.1 41.08 41.07 41.06 41.06 41.06 41.07 41.09 41.09 41.07 41.08 41.07 41.06 41.07 41.07 41.06 41.03 41.01 41 40.99 40.98 40.97 40.97 40.98 40.97 40.94 40.91 40.91 40.9 40.89 40.9 40.88 40.86 40.87 40.86 40.83 40.8 40.8 40.8 40.79 40.77 40.76 40.75 40.76 40.77 40.77 40.76 40.76 40.78 40.81 40.85 40.9 40.93 40.96 40.99 40.98 40.93 40.92 40.91 40.89 40.88 40.87 40.86 40.85 40.84 40.83 40.82 40.8
40.39 40.34 40.43 40.71 40.96 41.01 41.04 41.08 41.1 41.1 41.1 41.09 41.1 41.09 41.09 41.08 41.06 41.08 41.1 41.09 41.09 41.07 41.07 41.08 41.07 41.05 41.03 41.02 41.01 41 40.99 40.98 40.98 40.97 40.96 40.94 40.93 40.93 40.92 40.92 40.93 40.91 40.89 40.89 40.88 40.85 40.82 40.8 40.8 40.79 40.77 40.76 40.77 40.78 40.78 40.77 40.76 40.78 40.8 40.8 40.83 40.89 40.92 40.95 40.97 40.98 40.96 40.94 40.92 40.91 40.9 40.89 40.88 40.86 40.85 40.84 40.82 40.8
40.44 40.41 40.44 40.63 40.89 41 41.03 41.06 41.09 41.11 41.1 41.1 41.1 41.09 41.09 41.09 41.07 41.07 41.09 41.09 41.09 41.08 41.07 41.07 41.06 41.05 41.03 41.03 41.01 41 41 40.99 40.99 40.99 40.97 40.96 40.94 40.94 40.94 40.94 40.94 40.93 40.91 40.9 40.9 40.87 40.83 40.82 40.82 40.81 40.78 40.78 40.8 40.8 40.79 40.77 40.77 40.8 40.81 40.81 40.84 40.89 40.9 40.92 40.97 40.99 40.97 40.96 40.94 40.92 40.91 40.9 40.88 40.86 40.85 40.84 40.83 40.81
40.48 40.45 40.46 40.59 40.85 41.01 41.04 41.06 41.09 41.11 41.1 41.08 41.07 41.07 41.07 41.07 41.08 41.07 41.07 41.08 41.08 41.08 41.08 41.06 41.04 41.03 41.02 41.01 40.99 41 40.99 40.98 40.98 40.98 40.97 40.97 40.95 40.94 40.95 40.95 40.94 40.94 40.93 40.91 40.9 40.88 40.87 40.87 40.87 40.84 40.82 40.82 40.83 40.81 40.78 40.77 40.79 40.82 40.84 40.85 40.86 40.88 40.88 40.91 40.97 40.99 40.98 40.96 40.94 40.92 40.91 40.9 40.89 40.87 40.85 40.85 40.83 40.82
40.51 40.49 40.49 40.58 40.84 41.03 41.05 41.07 41.09 41.1 41.09 41.08 41.07 41.07 41.07 41.07 41.07 41.07 41.08 41.08 41.08 41.07 41.06 41.04 41.01 41.01 41.02 41 40.99 40.98 40.97 40.96 40.96 40.96 40.97 40.96 40.95 40.95 40.95 40.95 40.94 40.93 40.94 40.93 40.93 40.92 40.92 40.92 40.91 40.89 40.87 40.86 40.85 40.83 40.81 40.8 40.8 40.84 40.87 40.88 40.88 40.89 40.9 40.92 40.96 40.99 40.99 40.97 40.95 40.93 40.91 40.91 40.89 40.87 40.86 40.86 40.84 40.83
40.57 40.58 40.55 40.56 40.8 41.04 41.06 41.07 41.08 41.09 41.09 41.09 41.09 41.08 41.06 41.06 41.06 41.06 41.07 41.07 41.06 41.04 41.03 41.02 40.99 40.99 41 40.99 40.97 40.96 40.95 40.95 40.97 40.97 40.98 40.98 40.97 40.98 40.98 40.97 40.96 40.94 40.94 40.95 40.95 40.96 40.95 40.94 40.92 40.92 40.91 40.89 40.88 40.86 40.84 40.82 40.81 40.84 40.87 40.87 40.88 40.9 40.92 40.95 40.98 41 41.01 40.99 40.95 40.93 40.92 40.91 40.89 40.88 40.88 40.87 40.85 40.85
40.62 40.63 40.58 40.53 40.68 40.95 41.05 41.06 41.08 41.09 41.11 41.1 41.09 41.07 41.04 41.05 41.06 41.07 41.06 41.03 41.03 41.02 41.01 40.99 40.96 40.96 40.98 41 40.98 40.96 40.96 41 41.05 41.06 41.05 41.05 41.05 41.05 41.05 41.06 41.04 40.99 40.95 40.93 40.94 40.95 40.95 40.95 40.95 40.94 40.92 40.91 40.91 40.88 40.85 40.84 40.84 40.86 40.86 40.86 40.88 40.91 40.92 40.95 40.98 41 41.02 40.99 40.95 40.94 40.92 40.92 40.9 40.9 40.89 40.89 40.88 40.87
40.64 40.65 40.62 40.56 40.55 40.75 41 41.06 41.06 41.09 41.12 41.1 41.08 41.06 41.03 41.04 41.06 41.04 40.96 40.93 40.96 40.99 41.01 40.97 40.93 40.95 41.02 41.09 41.09 41.04 41.03 41.09 41.14 41.14 41.13 41.13 41.13 41.12 41.12 41.13 41.11 41.05 41 40.98 40.96 40.95 40.96 40.96 40.96 40.95 40.94 40.93 40.92 40.89 40.88 40.87 40.86 40.87 40.87 40.88 40.89 40.91 40.92 40.94 40.97 40.99 41.02 40.99 40.96 40.95 40.94 40.94 40.93 40.92 40.92 40.91 40.92 40.92
40.65 40.66 40.65 40.59 40.52 40.66 40.94 41.07 41.08 41.1 41.12 41.1 41.08 41.06 41.04 41.04 41.03 40.95 40.77 40.75 40.85 40.95 41.04 41.05 41.02 41.04 41.11 41.17 41.16 41.12 41.12 41.13 41.13 41.14 41.15 41.16 41.16 41.14 41.13 41.11 41.11 41.11 41.1 41.08 41.05 41 40.97 40.97 40.98 40.98 40.96 40.95 40.94 40.91 40.89 40.89 40.88 40.89 40.89 40.89 40.9 40.91 40.91 40.93 40.96 40.98 41 41 40.98 40.97 40.96 40.97 40.97 40.96 40.96 40.95 40.96 40.96
