slabs/49.grd
DSAA
631 301
644520 645150
4948400 4948700
43.02 51.87
[rows 102 to 135 of 301, columns 234 to 311 of 631]
44.93 44.94 44.93 44.92 44.93 44.92 44.93 44.91 44.89 44.87 44.85 44.81 44.71 44.61 44.44 44.31 44.45 44.55 44.52 44.46 44.46 44.53 44.57 44.58 44.56 44.55 44.54 44.54 44.54 44.55 44.56 44.53 44.54 44.54 44.55 44.57 44.58 44.56 44.56 44.6 44.6 44.6 44.6 44.6 44.6 44.63 44.65 44.64 44.64 44.64 44.65 44.65 44.65 44.63 44.63 44.65 44.67 44.71 44.73 44.75 44.76 44.77 44.79 44.8 44.8 44.81 44.82 44.8 44.8 44.82 44.81 44.8 44.79 44.8 44.81 44.78 44.75 44.77
44.92 44.93 44.91 44.92 44.93 44.92 44.92 44.9 44.88 44.88 44.87 44.84 44.76 44.68 44.49 44.29 44.4 44.53 44.53 44.49 44.45 44.49 44.54 44.58 44.58 44.56 44.54 44.53 44.53 44.55 44.55 44.53 44.54 44.54 44.55 44.56 44.56 44.56 44.56 44.57 44.58 44.58 44.58 44.59 44.59 44.62 44.65 44.65 44.63 44.62 44.62 44.62 44.62 44.6 44.6 44.64 44.67 44.69 44.7 44.74 44.75 44.77 44.79 44.8 44.82 44.82 44.83 44.81 44.8 44.81 44.8 44.8 44.8 44.78 44.79 44.77 44.76 44.78
44.9 44.91 44.9 44.92 44.94 44.94 44.93 44.91 44.89 44.87 44.87 44.85 44.8 44.75 44.56 44.32 44.35 44.48 44.52 44.52 44.5 44.51 44.55 44.58 44.59 44.58 44.55 44.54 44.53 44.54 44.56 44.56 44.56 44.55 44.55 44.56 44.56 44.54 44.53 44.53 44.55 44.57 44.58 44.58 44.58 44.6 44.65 44.66 44.64 44.61 44.59 44.59 44.6 44.61 44.62 44.65 44.67 44.69 44.69 44.71 44.72 44.75 44.76 44.78 44.8 44.81 44.82 44.82 44.83 44.81 44.78 44.8 44.81 44.77 44.76 44.76 44.77 44.77
44.9 44.89 44.9 44.92 44.95 44.97 44.95 44.91 44.9 44.89 44.89 44.86 44.8 44.76 44.65 44.43 44.32 44.4 44.51 44.53 44.53 44.54 44.56 44.58 44.6 44.59 44.57 44.56 44.54 44.54 44.56 44.57 44.56 44.55 44.55 44.56 44.56 44.55 44.52 44.53 44.56 44.59 44.59 44.59 44.58 44.59 44.64 44.67 44.65 44.6 44.59 44.6 44.6 44.63 44.65 44.66 44.67 44.68 44.68 44.7 44.72 44.74 44.76 44.77 44.79 44.82 44.83 44.83 44.81 44.8 44.81 44.82 44.81 44.78 44.77 44.77 44.77 44.76
44.91 44.9 44.89 44.91 44.95 44.96 44.95 44.93 44.9 44.89 44.89 44.85 44.79 44.76 44.7 44.49 44.3 44.34 44.48 44.51 44.52 44.53 44.55 44.57 44.59 44.58 44.57 44.57 44.58 44.56 44.55 44.56 44.56 44.55 44.56 44.57 44.58 44.57 44.55 44.56 44.59 44.59 44.58 44.59 44.59 44.59 44.62 44.65 44.64 44.6 44.6 44.63 44.63 44.63 44.63 44.63 44.64 44.66 44.66 44.68 44.73 44.74 44.76 44.77 44.79 44.81 44.83 44.82 44.8 44.82 44.83 44.82 44.81 44.81 44.8 44.79 44.78 44.78
44.91 44.91 44.91 44.93 44.94 44.94 44.94 44.92 44.88 44.88 44.87 44.84 44.81 44.79 44.74 44.55 44.34 44.34 44.43 44.48 44.49 44.52 44.55 44.57 44.59 44.58 44.56 44.56 44.57 44.55 44.55 44.56 44.56 44.57 44.58 44.58 44.57 44.55 44.54 44.56 44.58 44.58 44.57 44.57 44.56 44.56 44.6 44.63 44.63 44.61 44.6 44.63 44.63 44.62 44.61 44.62 44.63 44.64 44.65 44.67 44.7 44.73 44.75 44.78 44.79 44.81 44.84 44.82 44.81 44.83 44.84 44.8 44.78 44.79 44.79 44.81 44.81 44.8
44.89 44.9 44.92 44.94 44.94 44.93 44.94 44.93 44.89 44.88 44.86 44.84 44.82 44.8 44.77 44.6 44.39 44.33 44.37 44.46 44.49 44.52 44.54 44.56 44.58 44.58 44.56 44.53 44.53 44.54 44.55 44.56 44.56 44.56 44.58 44.58 44.56 44.52 44.52 44.54 44.56 44.55 44.56 44.56 44.54 44.53 44.58 44.62 44.63 44.62 44.62 44.62 44.62 44.62 44.61 44.61 44.61 44.62 44.64 44.65 44.68 44.73 44.76 44.78 44.79 44.81 44.84 44.83 44.82 44.84 44.85 44.81 44.75 44.73 44.74 44.8 44.83 44.81
44.88 44.89 44.91 44.93 44.92 44.92 44.93 44.92 44.92 44.9 44.86 44.84 44.84 44.83 44.82 44.67 44.49 44.36 44.32 44.43 44.5 44.52 44.53 44.53 44.55 44.56 44.56 44.54 44.54 44.55 44.55 44.56 44.56 44.55 44.57 44.57 44.56 44.54 44.55 44.56 44.55 44.54 44.54 44.54 44.52 44.52 44.56 44.59 44.61 44.62 44.63 44.61 44.6 44.61 44.6 44.58 44.58 44.61 44.63 44.65 44.69 44.74 44.77 44.78 44.78 44.8 44.82 44.82 44.82 44.85 44.87 44.84 44.74 44.67 44.69 44.79 44.85 44.84
44.87 44.87 44.88 44.89 44.88 44.9 44.9 44.9 44.9 44.89 44.86 44.83 44.84 44.85 44.85 44.76 44.65 44.46 44.29 44.39 44.48 44.51 44.53 44.53 44.53 44.54 44.56 44.56 44.55 44.54 44.55 44.57 44.57 44.56 44.56 44.56 44.56 44.55 44.56 44.57 44.55 44.52 44.53 44.53 44.52 44.52 44.53 44.56 44.59 44.61 44.61 44.59 44.59 44.61 44.61 44.58 44.57 44.6 44.62 44.64 44.68 44.72 44.75 44.76 44.77 44.77 44.78 44.81 44.84 44.85 44.87 44.86 44.78 44.71 44.72 44.79 44.86 44.87
44.85 44.85 44.84 44.85 44.87 44.87 44.88 44.88 44.89 44.88 44.86 44.83 44.81 44.82 44.82 44.79 44.75 44.54 44.3 44.33 44.43 44.49 44.52 44.54 44.55 44.55 44.55 44.54 44.55 44.55 44.56 44.57 44.57 44.56 44.56 44.56 44.56 44.56 44.56 44.56 44.54 44.52 44.53 44.52 44.53 44.53 44.52 44.53 44.57 44.59 44.61 44.59 44.58 44.61 44.63 44.62 44.6 44.58 44.57 44.59 44.64 44.69 44.72 44.74 44.75 44.74 44.76 44.81 44.84 44.84 44.86 44.87 44.83 44.8 44.8 44.82 44.85 44.87
44.84 44.83 44.83 44.81 44.83 44.83 44.85 44.89 44.9 44.89 44.86 44.83 44.79 44.8 44.79 44.76 44.75 44.57 44.33 44.29 44.37 44.47 44.5 44.51 44.52 44.53 44.53 44.52 44.53 44.54 44.55 44.56 44.55 44.54 44.55 44.56 44.56 44.55 44.54 44.54 44.5 44.48 44.5 44.52 44.54 44.54 44.52 44.53 44.56 44.59 44.61 44.59 44.59 44.62 44.63 44.63 44.6 44.53 44.5 44.53 44.6 44.68 44.71 44.74 44.75 44.75 44.77 44.81 44.83 44.83 44.84 44.86 44.86 44.84 44.85 44.88 44.86 44.83
44.82 44.81 44.82 44.8 44.78 44.79 44.84 44.87 44.87 44.86 44.85 44.81 44.77 44.78 44.77 44.74 44.73 44.59 44.35 44.26 44.35 44.47 44.49 44.48 44.48 44.5 44.52 44.53 44.52 44.51 44.54 44.55 44.54 44.53 44.55 44.56 44.56 44.54 44.53 44.52 44.46 44.43 44.47 44.51 44.55 44.54 44.53 44.53 44.56 44.58 44.58 44.59 44.61 44.61 44.61 44.61 44.59 44.54 44.51 44.55 44.62 44.67 44.69 44.73 44.76 44.76 44.77 44.81 44.83 44.85 44.86 44.88 44.87 44.84 44.86 44.91 44.88 44.83
44.81 44.81 44.81 44.8 44.79 44.79 44.83 44.86 44.84 44.85 44.84 44.78 44.74 44.76 44.76 44.73 44.73 44.65 44.41 44.24 44.32 44.46 44.48 44.47 44.48 44.49 44.5 44.53 44.52 44.52 44.53 44.55 44.54 44.54 44.55 44.55 44.56 44.56 44.56 44.54 44.47 44.43 44.45 44.5 44.56 44.57 44.56 44.55 44.56 44.58 44.58 44.61 44.63 44.61 44.6 44.61 44.63 44.61 44.58 44.58 44.63 44.68 44.7 44.73 44.76 44.77 44.78 44.81 44.86 44.88 44.89 44.89 44.87 44.86 44.88 44.91 44.92 44.93
44.81 44.82 44.82 44.8 44.78 44.8 44.84 44.86 44.83 44.84 44.82 44.76 44.74 44.75 44.77 44.76 44.75 44.66 44.43 44.25 44.3 44.42 44.48 44.47 44.46 44.45 44.47 44.52 44.53 44.53 44.53 44.53 44.52 44.53 44.56 44.56 44.57 44.58 44.58 44.56 44.49 44.43 44.45 44.49 44.54 44.58 44.59 44.58 44.58 44.6 44.62 44.63 44.64 44.62 44.6 44.62 44.64 44.63 44.6 44.57 44.6 44.65 44.67 44.71 44.76 44.79 44.8 44.83 44.85 44.85 44.86 44.87 44.88 44.87 44.9 44.93 44.96 45
44.79 44.79 44.79 44.8 44.8 44.81 44.83 44.81 44.78 44.81 44.81 44.79 44.76 44.75 44.77 44.77 44.75 44.67 44.47 44.29 44.29 44.4 44.46 44.44 44.42 44.4 44.44 44.49 44.52 44.54 44.54 44.52 44.48 44.5 44.54 44.56 44.58 44.58 44.59 44.57 44.49 44.45 44.47 44.49 44.52 44.56 44.59 44.59 44.59 44.6 44.63 44.63 44.63 44.62 44.61 44.63 44.64 44.64 44.62 44.58 44.58 44.59 44.63 44.72 44.78 44.8 44.81 44.82 44.81 44.78 44.8 44.87 44.9 44.87 44.91 44.97 44.99 45
44.74 44.74 44.76 44.78 44.8 44.81 44.81 44.8 44.81 44.82 44.8 44.8 44.77 44.75 44.76 44.78 44.74 44.67 44.52 44.32 44.28 44.36 44.45 44.44 44.41 44.38 44.4 44.43 44.48 44.54 44.56 44.54 44.49 44.48 44.51 44.53 44.56 44.57 44.57 44.56 44.51 44.48 44.49 44.49 44.52 44.57 44.59 44.58 44.59 44.61 44.63 44.63 44.63 44.62 44.62 44.63 44.64 44.64 44.64 44.61 44.58 44.56 44.61 44.72 44.79 44.79 44.79 44.79 44.76 44.73 44.78 44.88 44.93 44.9 44.93 44.97 44.97 44.96
44.71 44.72 44.76 44.77 44.79 44.81 44.81 44.81 44.82 44.81 44.79 44.77 44.76 44.76 44.77 44.78 44.75 44.68 44.54 44.36 44.28 44.29 44.4 44.46 44.44 44.38 44.37 44.39 44.46 44.53 44.56 44.55 44.52 44.5 44.51 44.52 44.53 44.53 44.54 44.54 44.51 44.47 44.45 44.47 44.52 44.57 44.59 44.6 44.62 44.63 44.64 44.65 44.64 44.62 44.62 44.63 44.64 44.64 44.65 44.64 44.6 44.59 44.63 44.71 44.77 44.76 44.76 44.76 44.76 44.75 44.83 44.93 44.95 44.94 44.94 44.92 44.89 44.89
44.71 44.72 44.75 44.77 44.79 44.81 44.8 44.8 44.81 44.8 44.77 44.76 44.77 44.77 44.77 44.77 44.73 44.67 44.57 44.45 44.33 44.23 44.29 44.41 44.44 44.37 44.36 44.39 44.46 44.52 44.54 44.54 44.52 44.52 44.51 44.5 44.5 44.53 44.56 44.55 44.53 44.51 44.48 44.48 44.51 44.55 44.57 44.59 44.63 44.64 44.64 44.65 44.64 44.62 44.61 44.62 44.64 44.65 44.68 44.68 44.66 44.66 44.67 44.71 44.76 44.77 44.78 44.82 44.85 44.86 44.91 44.94 44.92 44.9 44.88 44.86 44.84 44.84
44.75 44.73 44.73 44.76 44.78 44.78 44.78 44.79 44.81 44.8 44.77 44.76 44.77 44.77 44.76 44.74 44.72 44.68 44.61 44.54 44.41 44.24 44.23 44.35 44.44 44.38 44.36 44.36 44.42 44.52 44.53 44.53 44.53 44.51 44.5 44.48 44.49 44.52 44.53 44.53 44.53 44.53 44.49 44.48 44.51 44.55 44.57 44.6 44.63 44.65 44.65 44.65 44.63 44.63 44.62 44.62 44.65 44.68 44.7 44.72 44.71 44.72 44.71 44.72 44.75 44.79 44.83 44.88 44.93 44.95 44.93 44.89 44.86 44.82 44.82 44.85 44.85 44.83
44.78 44.73 44.72 44.77 44.79 44.78 44.77 44.78 44.8 44.79 44.77 44.75 44.76 44.76 44.75 44.74 44.73 44.7 44.63 44.58 44.46 44.28 44.23 44.34 44.44 44.4 44.38 44.39 44.44 44.51 44.52 44.52 44.52 44.52 44.52 44.51 44.52 44.52 44.52 44.52 44.54 44.55 44.51 44.47 44.52 44.55 44.57 44.6 44.64 44.66 44.66 44.65 44.66 44.66 44.64 44.64 44.68 44.72 44.74 44.75 44.74 44.72 44.73 44.74 44.74 44.78 44.82 44.86 44.9 44.9 44.88 44.85 44.82 44.81 44.81 44.81 44.79 44.76
44.82 44.75 44.73 44.77 44.8 44.81 44.79 44.77 44.76 44.77 44.76 44.74 44.75 44.77 44.75 44.74 44.74 44.68 44.61 44.58 44.49 44.29 44.15 44.25 44.42 44.42 44.4 44.41 44.44 44.49 44.51 44.5 44.5 44.52 44.51 44.52 44.53 44.53 44.53 44.53 44.54 44.55 44.52 44.49 44.51 44.53 44.55 44.61 44.65 44.67 44.66 44.66 44.68 44.68 44.66 44.66 44.72 44.78 44.79 44.77 44.73 44.72 44.75 44.78 44.79 44.81 44.83 44.83 44.85 44.85 44.83 44.81 44.82 44.83 44.83 44.78 44.73 44.68
44.81 44.76 44.75 44.78 44.79 44.8 44.78 44.76 44.74 44.74 44.77 44.76 44.76 44.76 44.76 44.76 44.75 44.7 44.66 44.63 44.54 44.31 44.1 44.18 44.38 44.41 44.39 44.39 44.42 44.48 44.52 44.51 44.5 44.52 44.53 44.52 44.51 44.51 44.51 44.53 44.55 44.55 44.53 44.49 44.49 44.52 44.55 44.61 44.66 44.66 44.65 44.63 44.63 44.62 44.63 44.68 44.77 44.81 44.81 44.78 44.73 44.74 44.77 44.79 44.81 44.82 44.8 44.79 44.8 44.81 44.8 44.81 44.84 44.83 44.81 44.74 44.64 44.57
44.78 44.75 44.76 44.8 44.79 44.77 44.76 44.75 44.74 44.74 44.76 44.76 44.75 44.75 44.75 44.75 44.73 44.7 44.68 44.64 44.56 44.37 44.15 44.2 44.35 44.43 44.43 44.43 44.44 44.48 44.51 44.52 44.51 44.51 44.52 44.52 44.5 44.49 44.49 44.51 44.54 44.55 44.54 44.5 44.49 44.54 44.55 44.59 44.63 44.64 44.64 44.62 44.57 44.53 44.57 44.66 44.74 44.78 44.81 44.8 44.76 44.75 44.76 44.78 44.79 44.79 44.78 44.79 44.81 44.82 44.83 44.83 44.82 44.8 44.75 44.67 44.55 44.45
44.8 44.77 44.76 44.77 44.76 44.76 44.77 44.75 44.75 44.76 44.79 44.78 44.74 44.74 44.74 44.73 44.7 44.69 44.7 44.66 44.59 44.45 44.27 44.23 44.31 44.43 44.46 44.45 44.45 44.46 44.49 44.51 44.52 44.49 44.5 44.51 44.48 44.47 44.48 44.5 44.52 44.54 44.54 44.53 44.53 44.54 44.55 44.57 44.61 44.64 44.65 44.64 44.57 44.55 44.58 44.65 44.7 44.75 44.78 44.78 44.77 44.75 44.73 44.76 44.77 44.77 44.78 44.8 44.82 44.82 44.83 44.83 44.79 44.75 44.69 44.6 44.46 44.32
44.81 44.78 44.75 44.74 44.72 44.71 44.72 44.74 44.75 44.76 44.79 44.78 44.75 44.74 44.73 44.72 44.71 44.71 44.72 44.67 44.61 44.52 44.38 44.28 44.3 44.43 44.44 44.43 44.41 44.43 44.46 44.49 44.5 44.48 44.49 44.49 44.46 44.45 44.46 44.49 44.51 44.54 44.55 44.57 44.58 44.57 44.57 44.57 44.6 44.64 44.66 44.66 44.62 44.62 44.66 44.69 44.7 44.72 44.75 44.74 44.74 44.73 44.72 44.73 44.75 44.75 44.77 44.79 44.78 44.76 44.78 44.78 44.73 44.67 44.57 44.48 44.37 44.29
44.8 44.76 44.72 44.68 44.69 44.71 44.71 44.73 44.74 44.74 44.76 44.76 44.75 44.74 44.72 44.72 44.72 44.72 44.72 44.67 44.61 44.55 44.45 44.34 44.29 44.36 44.4 44.4 44.37 44.39 44.42 44.46 44.48 44.49 44.47 44.46 44.45 44.45 44.46 44.49 44.52 44.54 44.56 44.59 44.6 44.58 44.58 44.59 44.63 44.65 44.68 44.71 44.71 44.71 44.72 44.73 44.71 44.71 44.72 44.72 44.71 44.71 44.72 44.71 44.71 44.71 44.73 44.74 44.71 44.66 44.64 44.64 44.63 44.57 44.5 44.51 44.5 44.54
44.77 44.74 44.73 44.7 44.7 44.73 44.71 44.73 44.74 44.74 44.76 44.76 44.75 44.74 44.73 44.72 44.71 44.7 44.68 44.66 44.64 44.6 44.54 44.4 44.24 44.25 44.32 44.39 44.38 44.38 44.39 44.43 44.47 44.49 44.47 44.44 44.45 44.46 44.47 44.5 44.52 44.54 44.55 44.57 44.57 44.56 44.57 44.63 44.7 44.7 44.7 44.71 44.69 44.7 44.72 44.71 44.69 44.68 44.68 44.68 44.69 44.71 44.71 44.68 44.65 44.62 44.64 44.67 44.63 44.55 44.49 44.47 44.52 44.6 44.67 44.76 44.8 44.85
44.79 44.77 44.77 44.75 44.73 44.73 44.71 44.71 44.73 44.74 44.76 44.76 44.74 44.72 44.72 44.72 44.71 44.68 44.65 44.66 44.66 44.66 44.62 44.43 44.2 44.15 44.24 44.37 44.42 44.39 44.38 44.4 44.45 44.49 44.48 44.45 44.43 44.44 44.46 44.49 44.52 44.55 44.56 44.56 44.57 44.6 44.61 44.63 44.7 44.72 44.7 44.67 44.65 44.66 44.68 44.66 44.62 44.61 44.59 44.62 44.67 44.67 44.64 44.6 44.55 44.47 44.47 44.54 44.54 44.49 44.5 44.54 44.62 44.79 44.88 44.9 44.89 44.87
44.81 44.8 44.8 44.78 44.75 44.72 44.69 44.69 44.71 44.74 44.75 44.74 44.72 44.71 44.71 44.71 44.7 44.68 44.67 44.66 44.66 44.66 44.63 44.47 44.22 44.09 44.2 44.38 44.39 44.34 44.34 44.37 44.43 44.47 44.47 44.44 44.43 44.42 44.45 44.49 44.5 44.52 44.55 44.57 44.58 44.6 44.61 44.64 44.7 44.71 44.69 44.66 44.66 44.65 44.63 44.59 44.54 44.53 44.52 44.57 44.61 44.6 44.52 44.46 44.4 44.32 44.35 44.45 44.51 44.58 44.72 44.85 44.89 44.89 44.88 44.86 44.84 44.81
44.8 44.8 44.8 44.79 44.75 44.72 44.69 44.68 44.71 44.74 44.73 44.72 44.73 44.72 44.71 44.71 44.7 44.69 44.67 44.66 44.65 44.63 44.63 44.55 44.32 44.13 44.22 44.39 44.37 44.32 44.3 44.33 44.41 44.46 44.46 44.46 44.45 44.45 44.46 44.48 44.5 44.5 44.52 44.57 44.58 44.58 44.6 44.65 44.68 44.69 44.66 44.65 44.67 44.65 44.6 44.52 44.46 44.46 44.48 44.52 44.54 44.51 44.44 44.36 44.33 44.33 44.42 44.55 44.67 44.8 44.88 44.94 44.92 44.87 44.82 44.78 44.78 44.78
44.8 44.8 44.8 44.79 44.76 44.72 44.7 44.69 44.71 44.74 44.73 44.72 44.72 44.71 44.71 44.73 44.72 44.71 44.68 44.66 44.65 44.63 44.63 44.61 44.42 44.18 44.21 44.35 44.39 44.35 44.32 44.33 44.4 44.44 44.46 44.47 44.47 44.47 44.48 44.48 44.51 44.48 44.47 44.54 44.6 44.6 44.6 44.62 44.63 44.63 44.61 44.59 44.6 44.59 44.55 44.46 44.39 44.38 44.39 44.4 44.41 44.42 44.43 44.45 44.5 44.59 44.65 44.7 44.79 44.91 44.91 44.87 44.84 44.8 44.76 44.74 44.76 44.78
44.79 44.78 44.77 44.78 44.76 44.72 44.69 44.69 44.72 44.75 44.74 44.71 44.69 44.7 44.71 44.71 44.7 44.71 44.68 44.65 44.67 44.66 44.64 44.62 44.45 44.21 44.2 44.33 44.42 44.42 44.37 44.33 44.37 44.42 44.46 44.46 44.47 44.48 44.47 44.48 44.51 44.49 44.46 44.53 44.62 44.62 44.58 44.57 44.58 44.58 44.57 44.54 44.52 44.52 44.49 44.41 44.34 44.29 44.24 44.22 44.3 44.42 44.53 44.64 44.74 44.86 44.85 44.81 44.83 44.87 44.86 44.82 44.81 44.78 44.75 44.74 44.77 44.79
44.79 44.77 44.75 44.76 44.76 44.75 44.7 44.68 44.7 44.72 44.71 44.69 44.67 44.68 44.68 44.69 44.7 44.69 44.68 44.67 44.67 44.66 44.62 44.6 44.47 44.27 44.24 44.31 44.42 44.45 44.41 44.37 44.39 44.41 44.44 44.46 44.48 44.47 44.44 44.46 44.51 44.52 44.51 44.56 44.62 44.63 44.59 44.56 44.57 44.56 44.53 44.5 44.49 44.49 44.45 44.39 44.32 44.23 44.21 44.26 44.44 44.65 44.74 44.83 44.89 44.94 44.89 44.83 44.81 44.81 44.8 44.79 44.79 44.79 44.79 44.8 44.81 44.81
44.78 44.79 44.8 44.79 44.78 44.77 44.72 44.66 44.69 44.7 44.71 44.7 44.67 44.66 44.66 44.69 44.71 44.71 44.69 44.68 44.67 44.66 44.63 44.6 44.51 44.35 44.26 44.29 44.41 44.45 44.44 44.4 44.4 44.38 44.4 44.45 44.46 44.42 44.37 44.43 44.51 44.51 44.52 44.55 44.58 44.59 44.59 44.57 44.56 44.53 44.48 44.46 44.44 44.44 44.43 44.4 44.35 44.31 44.41 44.54 44.72 44.91 44.92 44.94 44.93 44.9 44.83 44.79 44.77 44.77 44.77 44.77 44.79 44.81 44.81 44.83 44.84 44.83
