slabs/49.grd
DSAA
631 301
644520 645150
4948400 4948700
43.02 51.87
[rows 102 to 135 of 301, columns 0 to 77 of 631]
45.75 45.72 45.74 45.74 45.74 45.73 45.72 45.72 45.74 45.76 45.76 45.75 45.71 45.67 45.68 45.7 45.71 45.71 45.7 45.68 45.67 45.67 45.69 45.71 45.72 45.73 45.73 45.72 45.71 45.72 45.72 45.71 45.7 45.69 45.67 45.66 45.62 45.59 45.59 45.63 45.62 45.63 45.65 45.64 45.63 45.62 45.6 45.61 45.64 45.63 45.6 45.57 45.54 45.52 45.52 45.51 45.52 45.52 45.53 45.52 45.52 45.5 45.47 45.46 45.45 45.45 45.5 45.56 45.59 45.65 45.67 45.65 45.61 45.56 45.54 45.54 45.54 45.49
45.76 45.74 45.74 45.72 45.72 45.72 45.72 45.71 45.72 45.73 45.75 45.75 45.71 45.68 45.68 45.7 45.7 45.69 45.67 45.65 45.65 45.67 45.7 45.71 45.72 45.74 45.74 45.73 45.71 45.71 45.71 45.68 45.65 45.63 45.63 45.63 45.6 45.58 45.58 45.6 45.61 45.61 45.63 45.65 45.66 45.62 45.58 45.6 45.62 45.61 45.58 45.58 45.56 45.52 45.53 45.55 45.55 45.54 45.53 45.51 45.51 45.5 45.48 45.46 45.45 45.44 45.46 45.51 45.53 45.57 45.58 45.55 45.49 45.42 45.41 45.43 45.45 45.42
45.75 45.74 45.74 45.73 45.73 45.73 45.72 45.71 45.71 45.71 45.72 45.74 45.72 45.69 45.69 45.7 45.7 45.68 45.65 45.63 45.64 45.68 45.7 45.7 45.69 45.71 45.72 45.72 45.71 45.69 45.68 45.65 45.62 45.6 45.61 45.63 45.63 45.62 45.61 45.61 45.63 45.61 45.6 45.63 45.65 45.61 45.58 45.59 45.6 45.6 45.58 45.57 45.56 45.53 45.53 45.55 45.56 45.55 45.51 45.5 45.5 45.51 45.49 45.46 45.45 45.43 45.44 45.47 45.47 45.47 45.47 45.44 45.38 45.32 45.33 45.36 45.38 45.35
45.74 45.74 45.75 45.75 45.73 45.72 45.71 45.71 45.7 45.69 45.69 45.7 45.7 45.69 45.69 45.7 45.69 45.69 45.67 45.63 45.62 45.65 45.68 45.67 45.66 45.66 45.69 45.7 45.71 45.69 45.66 45.63 45.62 45.61 45.61 45.62 45.63 45.62 45.6 45.61 45.64 45.63 45.62 45.62 45.61 45.6 45.6 45.62 45.61 45.58 45.57 45.57 45.56 45.55 45.53 45.53 45.54 45.55 45.53 45.51 45.51 45.5 45.48 45.47 45.46 45.43 45.4 45.41 45.41 45.36 45.35 45.34 45.29 45.24 45.26 45.29 45.3 45.27
45.74 45.73 45.73 45.72 45.72 45.72 45.71 45.7 45.69 45.68 45.68 45.69 45.71 45.7 45.7 45.69 45.68 45.69 45.68 45.65 45.62 45.65 45.67 45.65 45.66 45.66 45.66 45.67 45.68 45.68 45.65 45.62 45.62 45.62 45.61 45.62 45.63 45.61 45.6 45.62 45.64 45.65 45.64 45.62 45.6 45.59 45.6 45.61 45.59 45.56 45.56 45.57 45.57 45.57 45.54 45.53 45.54 45.54 45.52 45.5 45.49 45.48 45.48 45.48 45.45 45.41 45.38 45.37 45.36 45.3 45.26 45.26 45.23 45.19 45.18 45.2 45.2 45.18
45.73 45.73 45.71 45.7 45.71 45.73 45.72 45.71 45.7 45.69 45.69 45.71 45.74 45.73 45.7 45.67 45.67 45.67 45.67 45.67 45.66 45.66 45.65 45.62 45.65 45.65 45.65 45.65 45.65 45.66 45.65 45.62 45.61 45.61 45.61 45.62 45.62 45.61 45.6 45.61 45.61 45.63 45.64 45.65 45.63 45.61 45.61 45.61 45.58 45.56 45.57 45.59 45.58 45.56 45.53 45.5 45.51 45.51 45.48 45.45 45.44 45.44 45.46 45.44 45.39 45.37 45.36 45.36 45.36 45.3 45.25 45.22 45.19 45.16 45.14 45.14 45.13 45.1
45.72 45.74 45.73 45.7 45.7 45.73 45.74 45.72 45.71 45.7 45.7 45.71 45.74 45.73 45.68 45.65 45.66 45.66 45.66 45.66 45.67 45.65 45.6 45.6 45.63 45.64 45.64 45.63 45.65 45.65 45.63 45.6 45.61 45.61 45.61 45.61 45.61 45.6 45.61 45.61 45.59 45.58 45.62 45.65 45.64 45.61 45.6 45.6 45.58 45.58 45.59 45.6 45.58 45.54 45.5 45.47 45.46 45.46 45.47 45.44 45.42 45.41 45.42 45.4 45.35 45.34 45.35 45.35 45.34 45.28 45.22 45.2 45.16 45.11 45.08 45.09 45.1 45.07
45.71 45.75 45.75 45.72 45.7 45.71 45.73 45.73 45.7 45.69 45.7 45.71 45.71 45.7 45.66 45.64 45.65 45.65 45.65 45.67 45.67 45.64 45.61 45.63 45.65 45.64 45.62 45.61 45.61 45.64 45.63 45.6 45.62 45.61 45.6 45.62 45.62 45.61 45.61 45.62 45.59 45.55 45.58 45.6 45.61 45.6 45.58 45.56 45.57 45.58 45.58 45.58 45.56 45.53 45.51 45.49 45.46 45.46 45.49 45.49 45.47 45.45 45.43 45.4 45.36 45.33 45.34 45.34 45.32 45.26 45.22 45.2 45.17 45.09 45.04 45.06 45.1 45.11
45.7 45.72 45.72 45.72 45.71 45.71 45.72 45.72 45.7 45.69 45.69 45.69 45.68 45.67 45.66 45.66 45.67 45.66 45.64 45.64 45.66 45.65 45.63 45.63 45.64 45.64 45.64 45.62 45.61 45.63 45.63 45.62 45.62 45.61 45.61 45.6 45.6 45.6 45.61 45.62 45.6 45.57 45.57 45.58 45.59 45.59 45.55 45.53 45.55 45.57 45.55 45.55 45.54 45.54 45.54 45.54 45.54 45.52 45.51 45.52 45.5 45.46 45.43 45.4 45.36 45.34 45.34 45.35 45.35 45.32 45.28 45.25 45.18 45.11 45.06 45.1 45.18 45.22
45.71 45.71 45.71 45.72 45.72 45.73 45.72 45.71 45.69 45.69 45.69 45.69 45.68 45.66 45.65 45.68 45.69 45.66 45.61 45.61 45.65 45.65 45.63 45.62 45.63 45.64 45.65 45.63 45.6 45.61 45.63 45.64 45.63 45.62 45.6 45.58 45.58 45.6 45.6 45.6 45.6 45.59 45.6 45.59 45.59 45.57 45.52 45.5 45.52 45.55 45.53 45.52 45.52 45.53 45.52 45.54 45.54 45.51 45.49 45.5 45.49 45.43 45.4 45.38 45.37 45.38 45.38 45.39 45.4 45.38 45.35 45.29 45.19 45.13 45.12 45.16 45.25 45.29
45.73 45.72 45.73 45.73 45.71 45.7 45.69 45.69 45.7 45.69 45.68 45.68 45.68 45.65 45.63 45.66 45.68 45.65 45.6 45.61 45.65 45.66 45.64 45.63 45.64 45.65 45.65 45.63 45.62 45.61 45.63 45.65 45.64 45.63 45.61 45.58 45.57 45.58 45.59 45.59 45.58 45.59 45.6 45.59 45.58 45.56 45.53 45.51 45.5 45.52 45.53 45.51 45.48 45.5 45.51 45.51 45.5 45.48 45.45 45.47 45.48 45.43 45.4 45.39 45.4 45.42 45.42 45.41 45.4 45.38 45.35 45.31 45.24 45.19 45.18 45.21 45.29 45.33
45.73 45.71 45.7 45.71 45.72 45.69 45.67 45.66 45.67 45.66 45.65 45.65 45.65 45.64 45.63 45.64 45.66 45.64 45.6 45.6 45.62 45.63 45.62 45.62 45.63 45.63 45.63 45.62 45.61 45.61 45.62 45.63 45.64 45.64 45.62 45.6 45.57 45.56 45.57 45.58 45.58 45.57 45.55 45.55 45.55 45.56 45.56 45.54 45.52 45.53 45.55 45.52 45.48 45.5 45.51 45.5 45.49 45.48 45.47 45.46 45.45 45.45 45.45 45.42 45.41 45.42 45.42 45.4 45.38 45.36 45.33 45.33 45.31 45.26 45.24 45.27 45.33 45.37
45.72 45.71 45.69 45.7 45.7 45.69 45.67 45.64 45.61 45.62 45.63 45.64 45.62 45.63 45.63 45.63 45.63 45.62 45.61 45.59 45.58 45.59 45.59 45.58 45.57 45.58 45.6 45.6 45.6 45.61 45.62 45.62 45.63 45.64 45.62 45.61 45.58 45.57 45.57 45.58 45.57 45.55 45.52 45.53 45.54 45.54 45.53 45.51 45.52 45.56 45.58 45.56 45.53 45.54 45.54 45.52 45.5 45.5 45.48 45.46 45.42 45.43 45.43 45.41 45.39 45.4 45.41 45.37 45.33 45.33 45.34 45.35 45.34 45.3 45.3 45.32 45.35 45.37
45.7 45.7 45.69 45.68 45.68 45.68 45.67 45.63 45.61 45.6 45.62 45.63 45.61 45.61 45.63 45.62 45.61 45.62 45.62 45.61 45.6 45.59 45.59 45.57 45.55 45.56 45.59 45.59 45.61 45.63 45.64 45.64 45.64 45.63 45.62 45.6 45.58 45.56 45.57 45.58 45.56 45.54 45.54 45.54 45.54 45.53 45.51 45.5 45.52 45.56 45.56 45.55 45.53 45.53 45.54 45.52 45.49 45.49 45.48 45.44 45.41 45.41 45.42 45.39 45.37 45.39 45.41 45.37 45.32 45.34 45.38 45.4 45.35 45.3 45.31 45.34 45.34 45.34
45.69 45.7 45.69 45.66 45.67 45.67 45.64 45.61 45.63 45.63 45.63 45.63 45.61 45.62 45.62 45.62 45.61 45.61 45.62 45.62 45.62 45.62 45.61 45.63 45.61 45.58 45.57 45.58 45.59 45.6 45.61 45.62 45.62 45.61 45.6 45.6 45.58 45.56 45.57 45.57 45.57 45.56 45.56 45.53 45.49 45.49 45.5 45.49 45.5 45.53 45.54 45.54 45.54 45.51 45.5 45.5 45.5 45.48 45.48 45.46 45.43 45.44 45.44 45.41 45.38 45.39 45.42 45.43 45.41 45.41 45.44 45.44 45.37 45.31 45.33 45.35 45.35 45.37
45.7 45.71 45.69 45.64 45.64 45.64 45.62 45.62 45.65 45.64 45.63 45.63 45.63 45.62 45.61 45.6 45.6 45.61 45.62 45.61 45.62 45.64 45.65 45.68 45.65 45.59 45.58 45.59 45.59 45.58 45.57 45.58 45.59 45.59 45.58 45.58 45.58 45.55 45.52 45.53 45.55 45.55 45.56 45.51 45.45 45.47 45.51 45.5 45.49 45.52 45.54 45.55 45.55 45.51 45.48 45.49 45.49 45.48 45.48 45.47 45.45 45.44 45.44 45.41 45.37 45.36 45.42 45.49 45.49 45.49 45.48 45.46 45.4 45.36 45.36 45.38 45.39 45.41
45.7 45.7 45.68 45.63 45.6 45.6 45.61 45.63 45.65 45.64 45.62 45.63 45.63 45.62 45.6 45.59 45.59 45.6 45.59 45.6 45.61 45.63 45.65 45.67 45.66 45.64 45.61 45.59 45.59 45.6 45.6 45.61 45.6 45.58 45.57 45.56 45.55 45.51 45.48 45.49 45.52 45.53 45.53 45.49 45.44 45.46 45.49 45.49 45.5 45.53 45.55 45.56 45.55 45.51 45.47 45.48 45.49 45.48 45.47 45.46 45.44 45.43 45.43 45.4 45.33 45.31 45.37 45.47 45.48 45.47 45.47 45.45 45.41 45.39 45.38 45.39 45.39 45.39
45.68 45.69 45.72 45.68 45.63 45.62 45.62 45.63 45.63 45.64 45.63 45.63 45.62 45.6 45.59 45.58 45.59 45.59 45.58 45.58 45.6 45.62 45.63 45.63 45.64 45.63 45.59 45.56 45.57 45.58 45.59 45.59 45.59 45.58 45.58 45.57 45.54 45.52 45.52 45.52 45.53 45.53 45.52 45.5 45.49 45.49 45.5 45.51 45.53 45.54 45.56 45.54 45.53 45.52 45.49 45.48 45.49 45.5 45.48 45.45 45.44 45.44 45.45 45.42 45.35 45.33 45.38 45.46 45.47 45.44 45.45 45.44 45.43 45.43 45.43 45.4 45.38 45.38
45.7 45.72 45.75 45.74 45.7 45.68 45.68 45.66 45.66 45.63 45.61 45.62 45.61 45.59 45.59 45.58 45.6 45.62 45.61 45.61 45.62 45.63 45.61 45.6 45.61 45.61 45.59 45.57 45.57 45.58 45.6 45.59 45.57 45.57 45.58 45.56 45.53 45.54 45.55 45.55 45.54 45.55 45.54 45.53 45.51 45.51 45.51 45.53 45.56 45.55 45.54 45.52 45.51 45.51 45.51 45.5 45.5 45.51 45.49 45.46 45.43 45.42 45.42 45.41 45.41 45.43 45.45 45.49 45.5 45.47 45.47 45.46 45.45 45.45 45.44 45.4 45.37 45.38
45.73 45.73 45.74 45.74 45.72 45.69 45.7 45.7 45.7 45.65 45.63 45.65 45.63 45.61 45.61 45.61 45.63 45.63 45.61 45.6 45.61 45.62 45.61 45.61 45.61 45.61 45.6 45.58 45.55 45.57 45.61 45.6 45.57 45.57 45.57 45.56 45.54 45.54 45.54 45.53 45.53 45.56 45.56 45.54 45.51 45.5 45.49 45.53 45.57 45.56 45.54 45.52 45.5 45.49 45.48 45.47 45.47 45.48 45.48 45.46 45.41 45.37 45.37 45.38 45.41 45.46 45.47 45.49 45.52 45.49 45.47 45.45 45.44 45.44 45.44 45.43 45.41 45.42
45.73 45.73 45.74 45.75 45.72 45.68 45.69 45.7 45.71 45.7 45.67 45.68 45.66 45.64 45.65 45.66 45.66 45.63 45.59 45.59 45.6 45.62 45.62 45.61 45.6 45.6 45.6 45.58 45.55 45.57 45.6 45.6 45.58 45.58 45.57 45.56 45.54 45.53 45.51 45.51 45.53 45.56 45.56 45.54 45.52 45.5 45.49 45.51 45.55 45.58 45.56 45.51 45.49 45.48 45.49 45.47 45.44 45.44 45.44 45.44 45.4 45.37 45.36 45.37 45.4 45.43 45.45 45.48 45.51 45.49 45.45 45.44 45.45 45.45 45.44 45.43 45.43 45.43
45.75 45.75 45.75 45.75 45.75 45.72 45.7 45.69 45.7 45.69 45.68 45.68 45.66 45.65 45.67 45.69 45.68 45.65 45.6 45.59 45.62 45.64 45.63 45.61 45.6 45.6 45.6 45.58 45.57 45.58 45.58 45.58 45.57 45.57 45.57 45.55 45.53 45.52 45.51 45.51 45.54 45.56 45.56 45.54 45.51 45.49 45.49 45.49 45.52 45.57 45.55 45.5 45.49 45.49 45.49 45.47 45.43 45.43 45.43 45.44 45.43 45.42 45.4 45.38 45.38 45.4 45.43 45.46 45.48 45.47 45.45 45.45 45.48 45.48 45.45 45.41 45.42 45.42
45.76 45.76 45.76 45.76 45.76 45.74 45.7 45.68 45.67 45.67 45.68 45.7 45.67 45.66 45.68 45.7 45.7 45.66 45.61 45.6 45.63 45.64 45.64 45.63 45.61 45.61 45.6 45.59 45.58 45.57 45.56 45.55 45.54 45.55 45.56 45.55 45.53 45.53 45.53 45.54 45.55 45.56 45.55 45.51 45.47 45.44 45.45 45.49 45.53 45.55 45.53 45.49 45.48 45.47 45.48 45.47 45.44 45.44 45.44 45.44 45.44 45.44 45.42 45.39 45.37 45.38 45.42 45.46 45.48 45.47 45.46 45.47 45.48 45.49 45.47 45.42 45.4 45.41
45.75 45.77 45.78 45.78 45.78 45.75 45.71 45.69 45.68 45.66 45.66 45.67 45.64 45.63 45.67 45.69 45.69 45.66 45.63 45.63 45.64 45.65 45.66 45.65 45.63 45.62 45.62 45.61 45.6 45.57 45.54 45.54 45.54 45.54 45.55 45.53 45.52 45.53 45.53 45.54 45.54 45.53 45.52 45.51 45.47 45.44 45.45 45.5 45.53 45.53 45.51 45.49 45.47 45.45 45.45 45.47 45.47 45.47 45.45 45.43 45.43 45.44 45.43 45.39 45.36 45.36 45.39 45.45 45.48 45.48 45.47 45.46 45.45 45.46 45.46 45.43 45.41 45.41
45.73 45.76 45.77 45.78 45.78 45.76 45.72 45.69 45.68 45.66 45.64 45.64 45.61 45.6 45.65 45.67 45.68 45.66 45.64 45.64 45.65 45.64 45.66 45.66 45.66 45.65 45.64 45.64 45.62 45.58 45.53 45.53 45.54 45.56 45.55 45.54 45.53 45.55 45.54 45.52 45.52 45.51 45.52 45.52 45.5 45.49 45.5 45.53 45.55 45.55 45.54 45.51 45.47 45.44 45.43 45.43 45.45 45.46 45.44 45.43 45.43 45.43 45.43 45.39 45.35 45.32 45.34 45.42 45.46 45.46 45.46 45.45 45.44 45.44 45.42 45.41 45.41 45.42
45.74 45.75 45.75 45.76 45.76 45.74 45.71 45.68 45.67 45.65 45.64 45.63 45.61 45.6 45.63 45.64 45.65 45.65 45.64 45.64 45.63 45.63 45.66 45.67 45.68 45.67 45.65 45.63 45.61 45.59 45.57 45.55 45.55 45.56 45.56 45.54 45.55 45.55 45.54 45.54 45.54 45.53 45.54 45.53 45.51 45.5 45.5 45.53 45.57 45.57 45.56 45.53 45.49 45.47 45.44 45.42 45.42 45.42 45.42 45.43 45.41 45.4 45.43 45.41 45.38 45.34 45.35 45.41 45.44 45.44 45.45 45.47 45.48 45.45 45.41 45.39 45.4 45.41
45.73 45.74 45.74 45.75 45.74 45.71 45.7 45.68 45.66 45.65 45.65 45.65 45.62 45.6 45.61 45.62 45.63 45.65 45.65 45.65 45.64 45.65 45.67 45.68 45.68 45.66 45.66 45.64 45.62 45.63 45.62 45.59 45.56 45.56 45.56 45.56 45.57 45.55 45.56 45.57 45.56 45.55 45.55 45.54 45.51 45.5 45.5 45.52 45.56 45.57 45.56 45.54 45.51 45.5 45.48 45.43 45.39 45.38 45.4 45.41 45.38 45.38 45.43 45.44 45.44 45.42 45.4 45.42 45.44 45.44 45.44 45.47 45.49 45.47 45.42 45.39 45.39 45.4
45.72 45.72 45.73 45.73 45.72 45.7 45.7 45.69 45.66 45.66 45.67 45.68 45.64 45.59 45.6 45.62 45.64 45.64 45.64 45.65 45.66 45.66 45.66 45.67 45.68 45.66 45.65 45.65 45.65 45.65 45.62 45.57 45.56 45.57 45.57 45.59 45.59 45.58 45.59 45.6 45.57 45.55 45.55 45.54 45.53 45.53 45.52 45.52 45.54 45.54 45.54 45.54 45.51 45.49 45.48 45.46 45.41 45.39 45.41 45.42 45.39 45.39 45.41 45.44 45.44 45.4 45.35 45.37 45.41 45.42 45.42 45.45 45.47 45.47 45.43 45.41 45.41 45.41
45.7 45.69 45.7 45.7 45.69 45.69 45.7 45.68 45.65 45.65 45.66 45.67 45.63 45.59 45.61 45.64 45.66 45.65 45.63 45.64 45.66 45.67 45.67 45.67 45.66 45.65 45.65 45.66 45.65 45.63 45.61 45.57 45.57 45.56 45.58 45.61 45.61 45.6 45.6 45.61 45.59 45.57 45.56 45.55 45.55 45.57 45.57 45.54 45.53 45.52 45.53 45.53 45.5 45.47 45.47 45.49 45.49 45.46 45.45 45.46 45.48 45.45 45.42 45.44 45.43 45.4 45.36 45.35 45.38 45.4 45.43 45.44 45.45 45.46 45.44 45.41 45.41 45.41
45.67 45.67 45.67 45.66 45.65 45.66 45.69 45.68 45.64 45.63 45.65 45.66 45.64 45.63 45.65 45.67 45.68 45.68 45.67 45.66 45.65 45.66 45.67 45.68 45.66 45.65 45.65 45.64 45.62 45.59 45.58 45.58 45.56 45.53 45.55 45.6 45.61 45.61 45.61 45.61 45.61 45.61 45.59 45.57 45.56 45.58 45.59 45.55 45.53 45.53 45.54 45.53 45.5 45.49 45.49 45.51 45.52 45.49 45.45 45.47 45.5 45.49 45.45 45.44 45.45 45.45 45.42 45.4 45.39 45.41 45.44 45.45 45.46 45.46 45.45 45.42 45.4 45.38
45.68 45.67 45.66 45.64 45.64 45.66 45.68 45.67 45.64 45.64 45.66 45.66 45.65 45.64 45.64 45.64 45.65 45.68 45.71 45.68 45.65 45.64 45.66 45.69 45.67 45.66 45.65 45.63 45.61 45.59 45.58 45.57 45.54 45.51 45.53 45.58 45.59 45.6 45.61 45.62 45.63 45.64 45.62 45.59 45.58 45.56 45.54 45.53 45.51 45.53 45.55 45.53 45.52 45.53 45.53 45.53 45.53 45.49 45.45 45.46 45.47 45.45 45.43 45.43 45.44 45.44 45.42 45.4 45.39 45.4 45.44 45.47 45.47 45.47 45.45 45.45 45.43 45.39
45.69 45.67 45.66 45.64 45.66 45.68 45.67 45.65 45.61 45.61 45.62 45.63 45.64 45.63 45.62 45.63 45.66 45.69 45.7 45.69 45.67 45.67 45.68 45.7 45.69 45.68 45.65 45.63 45.63 45.61 45.61 45.58 45.55 45.54 45.55 45.57 45.57 45.58 45.6 45.62 45.62 45.64 45.63 45.59 45.57 45.55 45.54 45.54 45.52 45.53 45.53 45.53 45.56 45.56 45.55 45.55 45.53 45.5 45.47 45.48 45.49 45.46 45.43 45.42 45.43 45.43 45.42 45.41 45.39 45.39 45.42 45.44 45.45 45.46 45.46 45.46 45.45 45.41
45.68 45.65 45.65 45.64 45.65 45.67 45.66 45.63 45.6 45.58 45.58 45.6 45.63 45.64 45.62 45.62 45.66 45.7 45.7 45.7 45.7 45.71 45.71 45.72 45.71 45.69 45.66 45.65 45.64 45.63 45.62 45.6 45.58 45.58 45.58 45.58 45.59 45.58 45.59 45.6 45.6 45.62 45.62 45.57 45.56 45.56 45.58 45.59 45.58 45.57 45.54 45.54 45.56 45.55 45.52 45.52 45.52 45.51 45.49 45.5 45.52 45.49 45.46 45.45 45.43 45.43 45.43 45.42 45.4 45.39 45.41 45.43 45.44 45.45 45.46 45.46 45.45 45.42
45.68 45.65 45.64 45.63 45.64 45.66 45.66 45.64 45.61 45.6 45.59 45.6 45.62 45.64 45.62 45.61 45.64 45.69 45.71 45.72 45.73 45.71 45.71 45.71 45.7 45.68 45.66 45.65 45.64 45.62 45.61 45.6 45.58 45.58 45.57 45.58 45.59 45.58 45.57 45.59 45.6 45.61 45.61 45.59 45.58 45.57 45.57 45.59 45.6 45.59 45.54 45.5 45.51 45.5 45.49 45.5 45.51 45.53 45.54 45.54 45.54 45.52 45.49 45.49 45.48 45.47 45.47 45.46 45.44 45.42 45.43 45.44 45.46 45.46 45.46 45.47 45.46 45.43
