slabs/49.grd
DSAA
631 301
644520 645150
4948400 4948700
43.02 51.87
[rows 0 to 33 of 301, columns 312 to 389 of 631]
45.14 45.13 45.1 45.1 45.09 45.06 45.05 45.07 45.07 45.07 45.08 45.08 45.1 45.14 45.11 45.04 44.95 44.86 44.86 44.88 44.88 44.86 44.87 44.9 44.92 44.91 44.88 44.87 44.86 44.85 44.83 44.83 44.83 44.81 44.8 44.79 44.8 44.79 44.76 44.75 44.76 44.75 44.73 44.73 44.73 44.7 44.67 44.66 44.67 44.67 44.65 44.61 44.59 44.59 44.58 44.56 44.55 44.55 44.57 44.59 44.57 44.53 44.52 44.5 44.45 44.38 44.27 44.2 44.32 44.37 44.33 44.29 44.29 44.35 44.42 44.43 44.44 44.44
45.09 45.1 45.1 45.11 45.1 45.04 45.02 45.07 45.08 45.09 45.09 45.06 45.08 45.12 45.12 45.09 44.99 44.86 44.85 44.88 44.88 44.88 44.88 44.9 44.91 44.9 44.89 44.88 44.85 44.83 44.82 44.81 44.81 44.8 44.79 44.78 44.78 44.77 44.75 44.74 44.73 44.72 44.72 44.71 44.71 44.71 44.69 44.65 44.62 44.62 44.61 44.58 44.56 44.55 44.54 44.53 44.53 44.53 44.54 44.55 44.5 44.48 44.48 44.45 44.38 44.33 44.27 44.26 44.36 44.35 44.28 44.29 44.34 44.4 44.48 44.5 44.51 44.52
45.07 45.08 45.1 45.13 45.12 45.06 45.04 45.07 45.08 45.1 45.1 45.07 45.07 45.1 45.13 45.12 45.02 44.88 44.83 44.85 44.88 44.88 44.87 44.87 44.88 44.89 44.89 44.87 44.84 44.83 44.81 44.8 44.79 44.8 44.81 44.79 44.78 44.76 44.74 44.72 44.72 44.74 44.74 44.71 44.68 44.69 44.67 44.63 44.6 44.59 44.58 44.56 44.54 44.53 44.52 44.51 44.5 44.5 44.5 44.47 44.43 44.42 44.42 44.41 44.36 44.35 44.37 44.38 44.42 44.39 44.33 44.36 44.43 44.49 44.55 44.56 44.54 44.53
45.1 45.1 45.1 45.12 45.11 45.07 45.05 45.04 45.07 45.1 45.11 45.11 45.08 45.08 45.14 45.15 45.07 44.91 44.82 44.82 44.86 44.88 44.87 44.86 44.87 44.89 44.88 44.85 44.82 44.82 44.81 44.79 44.78 44.8 44.81 44.79 44.77 44.76 44.75 44.72 44.7 44.74 44.76 44.71 44.65 44.65 44.64 44.6 44.59 44.6 44.59 44.55 44.52 44.52 44.51 44.49 44.47 44.46 44.45 44.42 44.38 44.37 44.38 44.38 44.37 44.39 44.45 44.47 44.46 44.44 44.43 44.45 44.5 44.53 44.56 44.54 44.5 44.48
45.1 45.09 45.1 45.1 45.1 45.07 45.03 45.01 45.04 45.08 45.1 45.12 45.08 45.06 45.11 45.15 45.13 44.97 44.84 44.81 44.82 44.86 44.87 44.85 44.86 44.88 44.88 44.84 44.8 44.79 44.78 44.77 44.76 44.74 44.72 44.73 44.74 44.74 44.74 44.71 44.68 44.69 44.72 44.7 44.64 44.63 44.62 44.59 44.58 44.57 44.56 44.53 44.51 44.51 44.5 44.48 44.44 44.43 44.44 44.42 44.39 44.38 44.37 44.37 44.38 44.4 44.46 44.48 44.45 44.45 44.46 44.48 44.5 44.51 44.51 44.48 44.46 44.46
45.08 45.08 45.1 45.1 45.1 45.08 45.05 45.02 45.03 45.05 45.07 45.09 45.06 45.04 45.07 45.11 45.13 45.01 44.85 44.81 44.81 44.84 44.85 44.83 44.82 44.86 44.89 44.86 44.81 44.8 44.8 44.78 44.75 44.72 44.7 44.69 44.69 44.7 44.71 44.7 44.66 44.64 44.66 44.66 44.63 44.63 44.61 44.59 44.57 44.55 44.53 44.51 44.51 44.5 44.5 44.47 44.44 44.44 44.47 44.5 44.52 44.48 44.41 44.38 44.37 44.39 44.45 44.48 44.46 44.44 44.42 44.42 44.45 44.48 44.49 44.48 44.47 44.48
45.09 45.1 45.1 45.1 45.09 45.1 45.1 45.08 45.07 45.05 45.04 45.04 45.02 45.01 45.06 45.1 45.13 45.02 44.86 44.8 44.79 44.81 44.81 44.8 44.8 44.84 44.89 44.85 44.79 44.79 44.81 44.78 44.73 44.7 44.69 44.67 44.66 44.65 44.67 44.67 44.63 44.63 44.64 44.64 44.63 44.63 44.61 44.58 44.56 44.53 44.52 44.51 44.51 44.52 44.52 44.51 44.49 44.5 44.55 44.62 44.64 44.58 44.45 44.38 44.38 44.39 44.44 44.49 44.49 44.47 44.42 44.4 44.44 44.49 44.54 44.54 44.52 44.52
45.11 45.12 45.1 45.1 45.09 45.1 45.12 45.1 45.09 45.08 45.05 45.01 44.96 44.97 45.01 45.07 45.15 45.06 44.89 44.82 44.77 44.78 44.78 44.79 44.78 44.82 44.87 44.83 44.76 44.74 44.76 44.76 44.7 44.67 44.66 44.66 44.66 44.65 44.66 44.66 44.63 44.63 44.64 44.65 44.63 44.62 44.61 44.58 44.55 44.54 44.52 44.52 44.53 44.54 44.55 44.56 44.58 44.58 44.63 44.67 44.64 44.58 44.45 44.4 44.43 44.44 44.43 44.46 44.49 44.5 44.46 44.43 44.48 44.52 44.56 44.56 44.55 44.54
45.09 45.1 45.09 45.08 45.07 45.09 45.11 45.08 45.05 45.06 45.07 45.01 44.94 44.96 45 45.06 45.15 45.1 44.98 44.88 44.76 44.75 44.77 44.77 44.76 44.77 44.8 44.79 44.74 44.7 44.71 44.73 44.68 44.65 44.65 44.64 44.65 44.66 44.68 44.68 44.66 44.65 44.65 44.66 44.64 44.61 44.61 44.6 44.57 44.55 44.53 44.52 44.55 44.57 44.57 44.59 44.62 44.64 44.68 44.66 44.59 44.53 44.42 44.42 44.5 44.5 44.42 44.4 44.44 44.49 44.5 44.46 44.46 44.5 44.55 44.54 44.55 44.56
45.07 45.08 45.08 45.07 45.07 45.08 45.11 45.1 45.07 45.03 45 44.96 44.94 45 45.05 45.08 45.13 45.14 45.09 44.95 44.76 44.72 44.74 44.75 44.74 44.73 44.74 44.76 44.73 44.68 44.69 44.7 44.67 44.67 44.67 44.65 44.65 44.66 44.68 44.68 44.67 44.67 44.66 44.67 44.66 44.62 44.61 44.6 44.58 44.57 44.53 44.51 44.55 44.57 44.57 44.58 44.61 44.66 44.73 44.68 44.58 44.52 44.43 44.43 44.51 44.54 44.49 44.4 44.39 44.46 44.52 44.49 44.45 44.46 44.54 44.55 44.56 44.58
45.08 45.1 45.12 45.11 45.09 45.08 45.1 45.1 45.08 45.02 44.95 44.93 44.97 45.06 45.09 45.09 45.11 45.15 45.15 45 44.77 44.69 44.69 44.7 44.71 44.7 44.71 44.72 44.7 44.68 44.68 44.69 44.67 44.67 44.68 44.67 44.67 44.68 44.69 44.68 44.68 44.68 44.67 44.67 44.66 44.64 44.63 44.6 44.58 44.57 44.53 44.49 44.51 44.54 44.56 44.58 44.59 44.65 44.76 44.74 44.67 44.6 44.51 44.51 44.55 44.59 44.59 44.51 44.47 44.5 44.56 44.54 44.47 44.44 44.55 44.6 44.59 44.59
45.08 45.12 45.14 45.12 45.08 45.07 45.08 45.08 45.08 45.03 44.96 44.95 45 45.08 45.1 45.09 45.08 45.13 45.15 45.02 44.79 44.68 44.65 44.65 44.66 44.67 44.69 44.69 44.68 44.67 44.67 44.67 44.68 44.67 44.68 44.68 44.69 44.7 44.7 44.7 44.7 44.69 44.68 44.67 44.65 44.66 44.67 44.6 44.56 44.56 44.53 44.49 44.5 44.52 44.55 44.58 44.61 44.66 44.75 44.77 44.74 44.69 44.63 44.63 44.64 44.67 44.64 44.59 44.57 44.58 44.6 44.61 44.52 44.45 44.56 44.63 44.62 44.61
45.08 45.09 45.1 45.1 45.08 45.07 45.08 45.08 45.08 45.05 45.01 44.99 45.02 45.08 45.1 45.08 45.07 45.11 45.12 45.03 44.82 44.69 44.65 44.61 44.63 44.66 44.67 44.67 44.67 44.67 44.67 44.67 44.68 44.68 44.68 44.7 44.71 44.7 44.71 44.71 44.69 44.68 44.68 44.67 44.65 44.65 44.64 44.58 44.54 44.53 44.51 44.49 44.48 44.51 44.55 44.58 44.61 44.64 44.69 44.72 44.75 44.75 44.73 44.72 44.72 44.71 44.68 44.64 44.64 44.65 44.65 44.64 44.57 44.52 44.59 44.63 44.63 44.64
45.08 45.07 45.07 45.1 45.11 45.08 45.08 45.07 45.06 45.05 45.04 45.03 45.03 45.07 45.08 45.05 45.06 45.08 45.09 45.05 44.87 44.73 44.65 44.6 44.63 44.66 44.66 44.66 44.67 44.67 44.66 44.66 44.69 44.71 44.71 44.72 44.73 44.73 44.73 44.72 44.69 44.67 44.66 44.63 44.59 44.58 44.57 44.55 44.52 44.51 44.5 44.48 44.47 44.5 44.56 44.6 44.59 44.6 44.63 44.67 44.73 44.8 44.79 44.74 44.73 44.72 44.71 44.69 44.68 44.66 44.64 44.62 44.6 44.6 44.63 44.65 44.65 44.67
45.07 45.08 45.08 45.11 45.12 45.08 45.07 45.06 45.05 45.06 45.05 45.03 45.04 45.06 45.05 45.03 45.03 45.03 45.04 45.06 44.93 44.77 44.68 44.6 44.62 44.65 44.66 44.67 44.68 44.68 44.66 44.68 44.73 44.75 44.76 44.74 44.71 44.72 44.72 44.7 44.68 44.65 44.61 44.58 44.55 44.53 44.53 44.53 44.51 44.49 44.47 44.47 44.48 44.51 44.57 44.6 44.58 44.58 44.62 44.67 44.74 44.84 44.84 44.79 44.77 44.75 44.74 44.72 44.7 44.67 44.63 44.61 44.61 44.62 44.63 44.65 44.68 44.7
45.06 45.09 45.09 45.1 45.11 45.08 45.05 45.06 45.08 45.08 45.05 45.02 45.02 45.03 45.03 45.02 45.01 45 45.02 45.04 44.97 44.86 44.75 44.63 44.62 44.65 44.66 44.67 44.68 44.68 44.67 44.7 44.77 44.78 44.76 44.75 44.74 44.72 44.69 44.66 44.66 44.64 44.59 44.55 44.54 44.53 44.53 44.52 44.51 44.48 44.47 44.48 44.48 44.5 44.55 44.58 44.58 44.61 44.66 44.71 44.79 44.88 44.89 44.88 44.85 44.79 44.76 44.74 44.73 44.72 44.7 44.69 44.67 44.64 44.63 44.64 44.69 44.7
45.06 45.09 45.09 45.1 45.1 45.08 45.06 45.07 45.1 45.1 45.08 45.03 45 44.98 44.98 44.98 45 45.02 45.03 45.07 45.03 44.94 44.82 44.67 44.65 44.65 44.67 44.68 44.68 44.69 44.7 44.71 44.76 44.76 44.75 44.75 44.75 44.73 44.67 44.65 44.65 44.63 44.58 44.55 44.54 44.53 44.52 44.51 44.51 44.49 44.49 44.49 44.48 44.49 44.54 44.56 44.59 44.64 44.7 44.76 44.84 44.91 44.9 44.88 44.83 44.76 44.76 44.76 44.74 44.73 44.73 44.73 44.71 44.67 44.64 44.65 44.68 44.69
45.06 45.07 45.08 45.09 45.08 45.08 45.09 45.1 45.1 45.12 45.1 45.06 45.03 45 44.98 44.96 44.98 45.02 45.04 45.08 45.06 44.98 44.85 44.71 44.68 44.67 44.69 44.69 44.69 44.7 44.71 44.7 44.72 44.73 44.74 44.74 44.74 44.72 44.67 44.64 44.63 44.61 44.58 44.54 44.52 44.51 44.5 44.5 44.5 44.51 44.5 44.5 44.49 44.5 44.54 44.58 44.61 44.65 44.72 44.8 44.86 44.91 44.86 44.81 44.77 44.74 44.74 44.75 44.74 44.73 44.73 44.74 44.73 44.69 44.65 44.64 44.65 44.66
45.06 45.07 45.07 45.06 45.06 45.07 45.09 45.1 45.1 45.11 45.11 45.1 45.08 45.05 45.04 45.03 45.04 45.04 45.05 45.07 45.08 45.03 44.91 44.75 44.68 44.69 44.7 44.7 44.7 44.71 44.71 44.69 44.69 44.71 44.73 44.72 44.71 44.69 44.66 44.63 44.61 44.6 44.57 44.53 44.51 44.51 44.51 44.5 44.5 44.51 44.5 44.49 44.49 44.51 44.54 44.57 44.61 44.67 44.74 44.8 44.84 44.86 44.83 44.81 44.79 44.75 44.73 44.73 44.73 44.73 44.73 44.74 44.75 44.71 44.65 44.64 44.65 44.66
45.05 45.07 45.08 45.06 45.06 45.06 45.07 45.09 45.09 45.09 45.08 45.08 45.07 45.04 45.03 45.03 45.06 45.07 45.06 45.08 45.1 45.08 44.96 44.79 44.71 44.69 44.69 44.69 44.69 44.71 44.72 44.7 44.68 44.7 44.73 44.7 44.67 44.66 44.65 44.62 44.61 44.6 44.57 44.54 44.52 44.52 44.53 44.52 44.53 44.53 44.5 44.49 44.5 44.53 44.55 44.57 44.61 44.68 44.75 44.78 44.79 44.8 44.82 44.84 44.82 44.78 44.75 44.73 44.72 44.73 44.73 44.74 44.76 44.72 44.66 44.66 44.67 44.66
45.03 45.05 45.06 45.07 45.06 45.04 45.06 45.1 45.09 45.07 45.07 45.08 45.09 45.08 45.04 45.02 45.06 45.08 45.07 45.08 45.1 45.1 45.01 44.84 44.72 44.7 44.7 44.69 44.68 44.71 44.73 44.7 44.68 44.68 44.7 44.67 44.63 44.64 44.64 44.63 44.61 44.6 44.58 44.55 44.54 44.54 44.53 44.54 44.57 44.58 44.53 44.5 44.51 44.53 44.56 44.58 44.62 44.68 44.71 44.72 44.74 44.79 44.84 44.86 44.85 44.82 44.79 44.77 44.73 44.72 44.72 44.74 44.77 44.73 44.69 44.67 44.66 44.67
45.02 45.03 45.05 45.06 45.07 45.08 45.09 45.09 45.08 45.07 45.07 45.1 45.13 45.14 45.09 45.05 45.05 45.07 45.07 45.07 45.07 45.09 45.06 44.88 44.73 44.71 44.7 44.7 44.69 44.7 44.71 44.68 44.66 44.66 44.68 44.65 44.6 44.62 44.64 44.64 44.62 44.59 44.58 44.56 44.55 44.55 44.54 44.54 44.57 44.59 44.54 44.51 44.51 44.53 44.55 44.57 44.61 44.67 44.68 44.67 44.7 44.79 44.85 44.86 44.86 44.85 44.84 44.82 44.78 44.73 44.72 44.74 44.77 44.75 44.72 44.69 44.66 44.67
44.98 45.01 45.02 45.05 45.07 45.09 45.1 45.1 45.08 45.06 45.07 45.11 45.13 45.12 45.08 45.04 45.04 45.05 45.06 45.05 45.04 45.08 45.1 44.97 44.82 44.75 44.7 44.7 44.69 44.68 44.67 44.66 44.64 44.66 44.69 44.68 44.64 44.62 44.63 44.64 44.62 44.59 44.57 44.57 44.57 44.57 44.55 44.55 44.57 44.58 44.55 44.53 44.53 44.54 44.56 44.56 44.59 44.65 44.68 44.67 44.7 44.77 44.83 44.84 44.85 44.85 44.85 44.84 44.82 44.78 44.76 44.76 44.77 44.76 44.72 44.69 44.66 44.66
44.97 45.01 45.01 45.04 45.08 45.09 45.09 45.09 45.07 45.04 45.07 45.1 45.11 45.09 45.04 45.01 45.04 45.03 45.02 45.03 45.02 45.06 45.11 45.03 44.92 44.81 44.71 44.71 44.69 44.67 44.67 44.67 44.65 44.65 44.69 44.72 44.7 44.64 44.63 44.64 44.63 44.59 44.58 44.59 44.59 44.58 44.57 44.56 44.57 44.57 44.54 44.52 44.54 44.57 44.58 44.56 44.59 44.66 44.7 44.69 44.68 44.75 44.79 44.81 44.82 44.82 44.83 44.83 44.82 44.79 44.77 44.77 44.79 44.77 44.72 44.68 44.64 44.65
45 45.02 45.02 45.03 45.06 45.07 45.07 45.08 45.09 45.07 45.07 45.09 45.1 45.09 45.06 45.02 45.02 44.99 44.99 45.02 45 45.03 45.09 45.03 44.94 44.81 44.72 44.73 44.72 44.69 44.67 44.69 44.68 44.67 44.68 44.71 44.69 44.64 44.64 44.66 44.65 44.61 44.59 44.6 44.59 44.58 44.57 44.56 44.56 44.56 44.54 44.53 44.54 44.57 44.58 44.56 44.58 44.65 44.71 44.7 44.68 44.73 44.77 44.77 44.78 44.79 44.79 44.8 44.79 44.77 44.77 44.78 44.83 44.81 44.73 44.66 44.61 44.63
45.01 45.04 45.03 45.03 45.05 45.06 45.06 45.08 45.11 45.1 45.08 45.08 45.09 45.1 45.09 45.03 44.97 44.95 44.99 45.02 45 45.03 45.08 45.04 44.96 44.84 44.72 44.73 44.74 44.73 44.7 44.7 44.71 44.7 44.67 44.65 44.65 44.64 44.66 44.68 44.67 44.62 44.6 44.6 44.59 44.57 44.56 44.56 44.57 44.57 44.57 44.56 44.56 44.58 44.59 44.57 44.57 44.62 44.67 44.69 44.69 44.71 44.74 44.74 44.75 44.77 44.78 44.78 44.78 44.79 44.81 44.81 44.85 44.85 44.79 44.69 44.61 44.63
45.01 45.05 45.05 45.03 45.02 45.04 45.06 45.07 45.09 45.08 45.06 45.07 45.08 45.09 45.08 45.01 44.95 44.94 44.99 45.03 45.01 45.03 45.07 45.09 45.07 44.93 44.76 44.73 44.74 44.74 44.71 44.7 44.71 44.72 44.69 44.66 44.65 44.65 44.67 44.69 44.67 44.62 44.6 44.6 44.6 44.57 44.56 44.57 44.58 44.59 44.59 44.58 44.58 44.59 44.58 44.57 44.58 44.61 44.62 44.65 44.67 44.69 44.73 44.74 44.75 44.76 44.77 44.77 44.78 44.8 44.82 44.82 44.84 44.86 44.83 44.74 44.67 44.68
45 45.02 45.03 45.02 44.99 45.01 45.04 45.05 45.06 45.06 45.05 45.07 45.08 45.08 45.08 45.04 45.01 45 45.03 45.06 45.04 45.04 45.08 45.12 45.12 45 44.8 44.74 44.75 44.74 44.71 44.7 44.71 44.72 44.71 44.7 44.68 44.67 44.67 44.67 44.65 44.62 44.61 44.61 44.61 44.59 44.58 44.58 44.59 44.6 44.6 44.59 44.58 44.58 44.58 44.6 44.62 44.62 44.62 44.63 44.66 44.69 44.73 44.74 44.74 44.75 44.75 44.77 44.8 44.82 44.82 44.82 44.86 44.87 44.84 44.76 44.7 44.7
44.96 44.97 45.01 45.02 45 45.01 45.04 45.05 45.06 45.06 45.05 45.05 45.05 45.06 45.07 45.08 45.08 45.06 45.05 45.06 45.06 45.05 45.07 45.1 45.11 45.03 44.85 44.74 44.74 44.74 44.72 44.72 44.72 44.72 44.72 44.72 44.71 44.69 44.68 44.66 44.64 44.62 44.62 44.62 44.61 44.6 44.59 44.59 44.59 44.6 44.59 44.58 44.59 44.61 44.63 44.65 44.66 44.64 44.62 44.64 44.68 44.72 44.73 44.73 44.73 44.74 44.75 44.81 44.86 44.87 44.86 44.87 44.88 44.88 44.83 44.74 44.69 44.68
44.98 44.99 45.03 45.05 45.04 45.05 45.07 45.05 45.03 45.05 45.07 45.05 45.04 45.06 45.08 45.08 45.09 45.08 45.05 45.04 45.05 45.06 45.06 45.09 45.1 45.06 44.92 44.79 44.77 44.75 44.74 44.74 44.73 44.72 44.72 44.72 44.72 44.72 44.71 44.67 44.65 44.64 44.63 44.62 44.62 44.63 44.6 44.59 44.59 44.59 44.58 44.59 44.62 44.65 44.66 44.66 44.66 44.65 44.64 44.65 44.7 44.73 44.73 44.74 44.74 44.74 44.78 44.86 44.92 44.93 44.93 44.93 44.9 44.86 44.79 44.7 44.65 44.64
45.03 45.02 45.03 45.05 45.03 45.04 45.07 45.06 45.03 45.06 45.08 45.08 45.08 45.08 45.09 45.09 45.1 45.09 45.04 45 45.03 45.05 45.05 45.07 45.09 45.09 44.98 44.84 44.79 44.76 44.74 44.74 44.73 44.72 44.73 44.72 44.72 44.74 44.75 44.71 44.67 44.66 44.64 44.63 44.64 44.64 44.61 44.59 44.58 44.59 44.6 44.61 44.63 44.64 44.64 44.64 44.64 44.65 44.65 44.66 44.7 44.74 44.75 44.76 44.76 44.76 44.79 44.87 44.96 44.99 44.99 44.98 44.92 44.84 44.76 44.66 44.6 44.58
45.02 45.03 45.04 45.02 45 45.02 45.05 45.05 45.06 45.06 45.07 45.08 45.09 45.1 45.1 45.09 45.09 45.08 45.04 45 45.02 45.05 45.04 45.03 45.06 45.11 45.02 44.89 44.82 44.76 44.74 44.73 44.73 44.74 44.75 44.73 44.74 44.77 44.78 44.74 44.69 44.69 44.69 44.67 44.65 44.64 44.63 44.61 44.59 44.59 44.61 44.62 44.63 44.64 44.65 44.64 44.64 44.65 44.66 44.68 44.72 44.75 44.76 44.77 44.76 44.76 44.79 44.88 44.98 45.03 45.03 45.01 44.92 44.83 44.76 44.66 44.58 44.54
44.99 45.01 45.03 45.03 45.04 45.04 45.04 45.06 45.08 45.07 45.08 45.1 45.11 45.1 45.09 45.08 45.08 45.07 45.06 45.05 45.05 45.06 45.04 45 45.03 45.1 45.09 45.02 44.91 44.78 44.75 44.74 44.74 44.75 44.77 44.77 44.76 44.76 44.76 44.73 44.7 44.71 44.73 44.71 44.66 44.65 44.67 44.64 44.59 44.6 44.61 44.62 44.64 44.64 44.65 44.64 44.65 44.66 44.66 44.69 44.74 44.76 44.76 44.77 44.75 44.73 44.77 44.88 44.99 45.06 45.07 45.02 44.92 44.85 44.79 44.69 44.6 44.57
44.98 45 45.01 45.03 45.06 45.05 45.04 45.05 45.06 45.07 45.09 45.11 45.11 45.1 45.09 45.08 45.07 45.07 45.08 45.09 45.07 45.06 45.05 45.01 45.01 45.07 45.14 45.14 45 44.81 44.76 44.75 44.74 44.75 44.76 44.77 44.76 44.74 44.73 44.72 44.7 44.7 44.71 44.69 44.66 44.66 44.67 44.64 44.59 44.6 44.61 44.63 44.64 44.64 44.63 44.63 44.66 44.68 44.67 44.69 44.73 44.76 44.77 44.77 44.74 44.71 44.76 44.87 44.98 45.05 45.08 45.05 44.96 44.89 44.83 44.73 44.65 44.65
