slabs/49.grd
DSAA
631 301
644520 645150
4948400 4948700
43.02 51.87
[rows 204 to 237 of 301, columns 546 to 623 of 631]
44.42 44.42 44.42 44.42 44.41 44.4 44.39 44.38 44.38 44.38 44.37 44.35 44.34 44.31 44.28 44.28 44.29 44.31 44.33 44.32 44.29 44.3 44.32 44.32 44.31 44.29 44.28 44.28 44.28 44.28 44.25 44.24 44.25 44.27 44.27 44.24 44.23 44.24 44.26 44.25 44.23 44.21 44.21 44.21 44.21 44.2 44.19 44.18 44.18 44.18 44.17 44.16 44.13 44.09 44.06 44.06 44.06 44.07 44.06 44.01 43.93 43.86 43.8 43.79 43.81 1.70141e38 43.72 43.68 43.7 43.71 43.75 43.82 43.85 43.96 44.11 44.16 44.2 44.2
44.43 44.42 44.42 44.41 44.41 44.4 44.4 44.39 44.38 44.37 44.34 44.3 44.28 44.26 44.24 44.22 44.23 44.24 44.27 44.21 44.12 44.15 44.25 44.31 44.3 44.29 44.29 44.29 44.28 44.26 44.25 44.27 44.27 44.28 44.28 44.25 44.24 44.25 44.26 44.25 44.22 44.2 44.19 44.17 44.15 44.14 44.15 44.14 44.13 44.12 44.09 44.06 44.01 43.94 43.87 43.88 43.91 43.92 43.91 43.84 43.78 43.75 43.73 43.77 43.89 1.70141e38 43.91 43.9 44.01 44.14 44.21 44.29 44.28 44.35 44.49 44.58 44.66 44.71
44.44 44.42 44.41 44.41 44.41 44.41 44.39 44.38 44.36 44.33 44.27 44.22 44.2 44.19 44.15 44.09 44.05 44.07 44.14 44.1 43.97 43.97 44.12 44.23 44.27 44.3 44.31 44.32 44.29 44.24 44.23 44.26 44.27 44.27 44.24 44.23 44.23 44.23 44.22 44.19 44.15 44.12 44.12 44.08 44.02 44.01 44.02 44 43.99 43.97 43.94 43.89 43.85 43.81 43.76 43.79 43.85 43.87 43.88 43.89 43.93 43.98 43.99 44.07 44.28 1.70141e38 44.47 44.45 44.47 44.55 44.6 44.65 44.65 44.66 44.7 44.76 44.79 44.85
44.46 44.44 44.43 44.42 44.41 44.39 44.36 44.33 44.3 44.23 44.16 44.14 44.1 44.07 44.05 44.01 43.98 44.05 44.18 44.23 44.1 43.93 43.99 44.12 44.23 44.32 44.31 44.32 44.31 44.27 44.24 44.24 44.22 44.2 44.19 44.18 44.16 44.14 44.13 44.09 44 43.95 43.95 43.9 43.84 43.83 43.84 43.83 43.84 43.85 43.86 43.86 43.92 44.01 44.03 44.07 44.12 44.13 44.15 44.22 44.34 44.44 44.49 44.55 44.66 1.70141e38 44.79 44.78 44.71 44.71 44.76 44.83 44.86 44.9 44.92 44.92 44.89 44.93
44.45 44.44 44.43 44.42 44.39 44.32 44.24 44.19 44.17 44.11 44.07 44.08 44.07 44.06 44.11 44.15 44.19 44.31 44.48 44.57 44.43 44.11 43.94 43.97 44.1 44.24 44.24 44.24 44.24 44.21 44.16 44.12 44.05 44 43.99 43.99 43.96 43.94 43.96 43.93 43.86 43.84 43.85 43.83 43.82 43.85 43.85 43.86 43.94 44.05 44.1 44.15 44.28 44.42 44.5 44.56 44.54 44.53 44.57 44.62 44.68 44.75 44.83 44.87 44.84 1.70141e38 44.93 45 45 44.98 45 45.02 45.06 45.11 45.13 45.09 45.05 45.07
44.44 44.43 44.41 44.41 44.37 44.25 44.12 44.08 44.09 44.11 44.14 44.18 44.22 44.29 44.36 44.4 44.43 44.53 44.67 44.76 44.63 44.33 44.06 43.95 43.94 43.99 44.02 44.02 44.01 43.99 43.97 43.92 43.86 43.83 43.82 43.82 43.81 43.87 43.95 43.99 44.04 44.07 44.07 44.03 44.05 44.1 44.09 44.11 44.29 44.49 44.55 44.59 44.68 44.75 44.82 44.87 44.84 44.83 44.88 44.92 44.93 44.97 44.99 45.01 45.05 1.70141e38 45.11 45.21 45.29 45.27 45.25 45.23 45.25 45.29 45.32 45.27 45.23 45.23
44.44 44.42 44.39 44.38 44.33 44.24 44.19 44.19 44.22 44.31 44.39 44.44 44.48 44.55 44.61 44.64 44.67 44.74 44.81 44.84 44.74 44.52 44.35 44.23 44.01 43.87 43.85 43.86 43.86 43.89 43.94 43.93 43.93 43.96 43.97 43.97 43.98 44.09 44.25 44.37 44.49 44.47 44.39 44.36 44.43 44.53 44.51 44.53 44.68 44.85 44.89 44.92 44.96 44.98 44.99 45.03 45.09 45.12 45.15 45.21 45.21 45.2 45.15 45.14 45.21 1.70141e38 45.27 45.33 45.4 45.4 45.39 45.37 45.37 45.38 45.4 45.36 45.35 45.33
44.43 44.41 44.37 44.33 44.27 44.27 44.39 44.45 44.49 44.58 44.65 44.69 44.73 44.78 44.82 44.85 44.87 44.9 44.93 44.97 44.91 44.74 44.62 44.5 44.27 44.06 44 44.03 44.1 44.17 44.22 44.26 44.31 44.33 44.32 44.33 44.32 44.44 44.61 44.73 44.83 44.75 44.64 44.63 44.77 44.9 44.92 44.95 45.04 45.11 45.16 45.21 45.19 45.15 45.15 45.22 45.33 45.39 45.4 45.42 45.37 45.29 45.25 45.24 45.3 1.70141e38 45.35 45.37 45.38 45.38 45.39 45.39 45.37 45.36 45.34 45.34 45.35 45.33
44.44 44.39 44.28 44.19 44.19 44.34 44.59 44.7 44.75 44.82 44.88 44.9 44.92 44.95 44.97 44.99 44.99 44.99 45 45.04 45.03 44.9 44.79 44.69 44.51 44.39 44.34 44.42 44.56 44.62 44.64 44.67 44.7 44.65 44.65 44.7 44.73 44.81 44.88 44.93 45.01 45.05 44.97 44.91 45.04 45.18 45.21 45.21 45.25 45.35 45.43 45.46 45.39 45.33 45.32 45.36 45.45 45.48 45.45 45.42 45.39 45.34 45.31 45.3 45.32 1.70141e38 45.33 45.33 45.32 45.32 45.32 45.31 45.28 45.25 45.2 45.21 45.23 45.19
44.35 44.27 44.13 44.04 44.16 44.46 44.72 44.85 44.92 44.99 45.01 45.02 45.03 45.04 45.05 45.05 45.04 45.03 45.02 45.04 45.05 44.98 44.88 44.81 44.7 44.66 44.66 44.76 44.92 44.97 44.98 44.98 44.97 44.92 44.95 45.02 45.09 45.16 45.14 45.12 45.22 45.38 45.33 45.22 45.3 45.45 45.44 45.35 45.35 45.42 45.44 45.45 45.42 45.39 45.39 45.39 45.38 45.38 45.36 45.35 45.37 45.36 45.32 45.28 45.27 1.70141e38 45.24 45.23 45.2 45.19 45.17 45.12 45.08 45.05 44.99 44.97 44.99 44.96
44.16 44.15 44.19 44.22 44.37 44.62 44.81 44.91 44.99 45.07 45.08 45.09 45.09 45.08 45.07 45.07 45.05 45.05 45.04 45.04 45.05 45 44.94 44.92 44.91 44.95 44.97 45.03 45.14 45.18 45.2 45.18 45.19 45.24 45.27 45.3 45.35 45.39 45.36 45.3 45.36 45.49 45.49 45.43 45.43 45.47 45.45 45.38 45.37 45.39 45.39 45.37 45.34 45.33 45.35 45.32 45.26 45.21 45.2 45.23 45.27 45.27 45.21 45.13 45.11 1.70141e38 45.05 45 44.96 44.96 44.94 44.9 44.86 44.86 44.86 44.85 44.87 44.86
44.27 44.37 44.54 44.65 44.72 44.81 44.89 44.96 45.05 45.12 45.13 45.13 45.11 45.09 45.09 45.09 45.09 45.1 45.1 45.13 45.14 45.11 45.11 45.13 45.19 45.27 45.3 45.32 45.38 45.4 45.39 45.36 45.37 45.44 45.47 45.49 45.48 45.48 45.46 45.41 45.39 45.41 45.43 45.43 45.41 45.39 45.38 45.35 45.33 45.34 45.31 45.26 45.24 45.23 45.23 45.19 45.11 45.06 45.02 45.05 45.09 45.07 45 44.95 44.96 1.70141e38 44.88 44.85 44.86 44.89 44.85 44.83 44.81 44.82 44.85 44.87 44.88 44.86
44.66 44.76 44.86 44.92 44.92 44.92 44.92 44.98 45.09 45.16 45.16 45.15 45.13 45.12 45.15 45.19 45.2 45.22 45.23 45.26 45.3 45.31 45.35 45.4 45.45 45.47 45.48 45.49 45.53 45.52 45.49 45.45 45.44 45.46 45.45 45.42 45.37 45.34 45.34 45.35 45.31 45.28 45.3 45.33 45.3 45.29 45.27 45.23 45.2 45.18 45.13 45.07 45.06 45.07 45.05 45 44.96 44.93 44.91 44.92 44.94 44.91 44.86 44.86 44.89 1.70141e38 44.84 44.85 44.91 44.92 44.88 44.86 44.87 44.88 44.91 44.94 44.96 44.97
44.98 45.03 45.05 45.04 45.02 44.99 44.98 45.03 45.15 45.21 45.23 45.23 45.23 45.25 45.28 45.32 45.34 45.36 45.37 45.38 45.4 45.44 45.49 45.53 45.57 45.54 45.52 45.52 45.49 45.46 45.43 45.38 45.35 45.33 45.34 45.32 45.23 45.18 45.19 45.19 45.15 45.11 45.13 45.15 45.11 45.1 45.08 45.04 45.02 44.99 44.95 44.91 44.91 44.92 44.91 44.89 44.87 44.87 44.88 44.89 44.89 44.88 44.87 44.88 44.89 1.70141e38 44.89 44.92 44.98 44.97 44.96 45 45.03 45.07 45.09 45.1 45.14 45.19
45.15 45.14 45.16 45.16 45.21 45.24 45.21 45.25 45.31 45.33 45.36 45.37 45.4 45.41 45.42 45.43 45.45 45.44 45.42 45.42 45.42 45.46 45.5 45.51 45.5 45.48 45.47 45.47 45.44 45.4 45.34 45.24 45.19 45.18 45.21 45.18 45.07 45.03 45.04 45.04 45 44.97 44.99 44.99 44.95 44.95 44.94 44.92 44.9 44.89 44.88 44.88 44.87 44.88 44.9 44.89 44.87 44.87 44.91 44.95 44.97 44.97 44.98 45 45.03 1.70141e38 45.1 45.11 45.14 45.16 45.21 45.23 45.27 45.32 45.31 45.31 45.34 45.36
45.41 45.4 45.42 45.43 45.49 45.53 45.47 45.48 45.49 45.5 45.5 45.51 45.51 45.5 45.48 45.47 45.43 45.38 45.34 45.31 45.3 45.34 45.41 45.44 45.4 45.35 45.33 45.31 45.28 45.24 45.18 45.08 45.03 45.02 45.04 45 44.95 44.94 44.95 44.95 44.92 44.91 44.91 44.91 44.9 44.9 44.91 44.91 44.91 44.92 44.94 44.95 44.96 44.99 44.98 44.93 44.93 44.94 45.03 45.12 45.16 45.17 45.19 45.25 45.31 1.70141e38 45.35 45.34 45.33 45.36 45.39 45.39 45.41 45.42 45.39 45.38 45.4 45.4
45.66 45.67 45.68 45.66 45.62 45.58 45.53 45.52 45.53 45.55 45.54 45.52 45.48 45.41 45.35 45.31 45.23 45.18 45.16 45.14 45.14 45.16 45.24 45.27 45.19 45.14 45.12 45.09 45.05 45.03 45.01 44.96 44.93 44.93 44.93 44.92 44.92 44.92 44.92 44.92 44.92 44.92 44.92 44.92 44.93 44.93 44.95 44.99 45.02 45.05 45.11 45.15 45.16 45.19 45.14 45.05 45.06 45.1 45.24 45.38 45.4 45.39 45.39 45.43 45.47 1.70141e38 45.44 45.43 45.42 45.42 45.42 45.41 45.41 45.38 45.32 45.29 45.31 45.34
45.66 45.63 45.63 45.61 45.58 45.56 45.54 45.51 45.49 45.46 45.4 45.35 45.26 45.17 45.12 45.08 45.03 45.01 45 44.99 44.98 44.99 45.03 45.05 45 44.99 44.97 44.95 44.95 44.95 44.94 44.92 44.92 44.92 44.91 44.91 44.94 44.96 44.97 44.97 44.96 45 45.04 45.04 45.04 45.04 45.09 45.19 45.26 45.3 45.37 45.41 45.42 45.41 45.31 45.21 45.22 45.27 45.38 45.46 45.47 45.45 45.42 45.42 45.42 1.70141e38 45.4 45.39 45.39 45.4 45.37 45.34 45.34 45.32 45.22 45.1 45.12 45.19
45.6 45.58 45.55 45.54 45.51 45.48 45.45 45.41 45.35 45.26 45.15 45.1 45.02 44.95 44.92 44.92 44.91 44.91 44.91 44.92 44.93 44.93 44.96 44.98 44.96 44.95 44.94 44.94 44.94 44.95 44.97 44.96 44.95 44.96 44.98 45.01 45.03 45.07 45.13 45.15 45.13 45.21 45.3 45.27 45.21 45.22 45.32 45.43 45.47 45.5 45.52 45.51 45.51 45.48 45.4 45.33 45.34 45.37 45.41 45.38 45.35 45.33 45.31 45.32 45.33 1.70141e38 45.29 45.28 45.29 45.28 45.22 45.18 45.19 45.18 45.07 44.91 44.91 44.95
45.51 45.46 45.39 45.37 45.35 45.31 45.27 45.23 45.17 45.08 44.97 44.9 44.86 44.84 44.85 44.89 44.94 44.97 44.98 45 44.99 44.98 44.98 44.99 44.99 44.98 44.99 45.01 45 45.03 45.09 45.07 45.06 45.08 45.13 45.2 45.23 45.29 45.39 45.43 45.4 45.45 45.5 45.44 45.37 45.38 45.44 45.49 45.5 45.48 45.45 45.44 45.45 45.43 45.39 45.37 45.36 45.36 45.35 45.29 45.24 45.17 45.14 45.15 45.17 1.70141e38 45.09 45.08 45.07 45.03 44.96 44.93 44.91 44.88 44.83 44.75 44.75 44.74
45.31 45.23 45.16 45.14 45.12 45.1 45.09 45.08 45.06 45.04 44.96 44.89 44.91 44.93 44.96 45.02 45.08 45.12 45.13 45.12 45.1 45.07 45.05 45.07 45.16 45.2 45.2 45.21 45.21 45.27 45.32 45.26 45.22 45.26 45.32 45.4 45.44 45.47 45.52 45.53 45.5 45.49 45.48 45.47 45.45 45.44 45.43 45.44 45.45 45.42 45.37 45.36 45.36 45.34 45.3 45.28 45.24 45.2 45.17 45.11 45.05 44.98 44.94 44.93 44.92 1.70141e38 44.84 44.82 44.82 44.78 44.73 44.71 44.71 44.65 44.54 44.51 44.54 44.54
45.12 45.09 45.05 45.05 45.06 45.05 45.05 45.05 45.05 45.05 45.03 45.03 45.08 45.12 45.16 45.23 45.26 45.27 45.26 45.24 45.22 45.2 45.19 45.26 45.44 45.53 45.51 45.48 45.48 45.52 45.5 45.43 45.36 45.38 45.44 45.48 45.48 45.47 45.43 45.43 45.45 45.43 45.41 45.42 45.42 45.41 45.38 45.36 45.33 45.3 45.23 45.19 45.17 45.11 45.07 45.04 44.98 44.92 44.9 44.88 44.86 44.81 44.77 44.73 44.68 1.70141e38 44.69 44.7 44.68 44.58 44.48 44.46 44.45 44.37 44.23 44.19 44.23 44.26
45.08 45.07 45.06 45.08 45.08 45.08 45.07 45.08 45.08 45.07 45.12 45.22 45.3 45.32 45.38 45.44 45.43 45.42 45.4 45.38 45.36 45.34 45.34 45.41 45.56 45.63 45.62 45.58 45.54 45.53 45.49 45.46 45.46 45.46 45.44 45.41 45.38 45.34 45.26 45.25 45.32 45.31 45.3 45.3 45.29 45.29 45.26 45.18 45.12 45.05 44.97 44.97 44.94 44.87 44.83 44.81 44.76 44.7 44.68 44.66 44.65 44.62 44.57 44.47 44.37 1.70141e38 44.38 44.42 44.4 44.31 44.21 44.17 44.11 44 43.86 43.83 43.84 43.86
45.11 45.09 45.11 45.15 45.17 45.18 45.18 45.18 45.15 45.16 45.27 45.43 45.54 45.55 45.58 45.6 45.57 45.56 45.53 45.51 45.48 45.46 45.44 45.45 45.51 45.54 45.54 45.51 45.47 45.45 45.41 45.39 45.4 45.4 45.36 45.28 45.21 45.15 45.05 45.01 45.03 45.06 45.07 45.08 45.1 45.08 45.01 44.95 44.9 44.81 44.75 44.77 44.77 44.72 44.66 44.61 44.56 44.48 44.39 44.3 44.27 44.22 44.17 44.08 43.99 1.70141e38 43.94 43.92 43.92 43.89 43.84 43.81 43.78 43.76 43.67 43.66 43.69 43.7
45.21 45.18 45.2 45.3 45.4 45.44 45.45 45.44 45.38 45.36 45.45 45.58 45.66 45.66 45.65 45.62 45.59 45.58 45.56 45.53 45.51 45.49 45.49 45.47 45.46 45.43 45.39 45.37 45.34 45.31 45.25 45.2 45.18 45.18 45.14 45.03 44.97 44.93 44.87 44.82 44.81 44.83 44.86 44.88 44.89 44.83 44.77 44.75 44.71 44.6 44.53 44.55 44.6 44.58 44.4 44.26 44.19 44.07 43.96 43.86 43.82 43.75 43.72 43.72 43.72 1.70141e38 43.72 43.7 43.74 43.76 43.74 43.73 43.75 43.79 43.77 43.78 43.82 43.82
45.46 45.45 45.45 45.52 45.61 45.64 45.65 45.64 45.57 45.52 45.53 45.54 45.54 45.54 45.53 45.5 45.46 45.45 45.43 45.41 45.41 45.4 45.41 45.39 45.35 45.25 45.14 45.14 45.15 45.1 45.01 44.96 44.94 44.93 44.89 44.84 44.81 44.8 44.75 44.7 44.68 44.68 44.71 44.71 44.63 44.53 44.5 44.52 44.46 44.28 44.14 44.17 44.23 44.24 44.03 43.85 43.78 43.72 43.7 43.67 43.67 43.66 43.66 43.66 43.66 1.70141e38 43.8 43.81 43.86 43.88 43.88 43.88 43.9 43.93 43.93 43.93 43.94 43.94
45.66 45.65 45.65 45.64 45.63 45.62 45.61 45.59 45.56 45.55 45.51 45.44 45.38 45.36 45.34 45.32 45.31 45.3 45.3 45.31 45.32 45.32 45.3 45.24 45.18 45.05 44.9 44.9 44.91 44.9 44.86 44.82 44.78 44.76 44.76 44.77 44.76 44.74 44.64 44.52 44.46 44.45 44.49 44.42 44.23 44.09 44.08 44.11 44.05 43.88 43.78 43.79 43.83 43.86 43.81 43.76 43.75 43.78 43.81 43.8 43.81 43.85 43.87 43.87 43.88 43.92 43.95 43.96 43.98 43.98 43.97 43.98 43.99 43.99 43.99 43.99 43.98 43.97
45.62 45.61 45.6 45.6 45.58 45.57 45.54 45.49 45.47 45.45 45.4 45.3 45.22 45.2 45.19 45.19 45.2 45.21 45.23 45.23 45.23 45.21 45.15 45.06 45.01 44.92 44.81 44.78 44.77 44.79 44.78 44.69 44.61 44.58 44.6 44.64 44.63 44.59 44.4 44.18 44.08 44.06 44.09 44 43.88 43.82 43.8 43.81 43.8 43.78 43.8 43.8 43.82 43.86 43.9 43.93 43.95 43.97 43.99 43.99 44 44.01 44 44 44 44.01 44.01 44.02 44.02 44 44 44 43.99 43.98 43.97 43.96 43.94 43.91
45.56 45.55 45.53 45.5 45.44 45.38 45.34 45.29 45.26 45.24 45.2 45.12 45.07 45.08 45.11 45.12 45.13 45.15 45.16 45.12 45.09 45.05 44.98 44.91 44.87 44.84 44.78 44.7 44.63 44.66 44.63 44.46 44.33 44.28 44.22 44.19 44.18 44.15 44.04 43.92 43.86 43.84 43.85 43.85 43.89 43.95 43.94 43.93 43.95 43.98 43.99 43.99 44.01 44.02 44.03 44.03 44.03 44.03 44.04 44.04 44.05 44.06 44.06 44.04 44.02 43.99 43.98 43.98 43.96 43.93 43.94 43.93 43.9 43.87 43.85 43.83 43.79 43.76
45.41 45.39 45.35 45.27 45.18 45.12 45.12 45.1 45.05 45.05 45.03 44.99 44.97 44.99 45.05 45.06 45.07 45.07 45.04 44.98 44.94 44.91 44.87 44.85 44.83 44.82 44.76 44.6 44.44 44.34 44.21 44.08 44.02 44 43.92 43.87 43.85 43.86 43.93 43.99 44 43.99 44 44.04 44.07 44.09 44.08 44.08 44.08 44.07 44.06 44.06 44.06 44.08 44.07 44.07 44.06 44.04 44.04 44.04 44.02 44.02 44.02 44 43.96 43.9 43.89 43.87 43.82 43.8 43.82 43.81 43.77 43.73 43.71 43.69 43.64 43.62
45.19 45.18 45.12 45.04 44.99 44.96 44.97 44.94 44.86 44.84 44.87 44.92 44.92 44.94 44.99 44.99 44.98 44.96 44.93 44.9 44.88 44.87 44.86 44.86 44.86 44.85 44.75 44.58 44.37 44.06 43.86 43.88 43.95 44 44.01 44.02 44.02 44.04 44.1 44.14 44.13 44.12 44.13 44.14 44.12 44.11 44.11 44.12 44.09 44.06 44.05 44.04 44.04 44.05 44.03 44.01 43.99 43.96 43.96 43.94 43.9 43.89 43.91 43.88 1.70141e38 43.79 43.75 43.73 43.71 43.71 43.72 43.71 43.69 43.66 43.65 43.64 43.61 43.58
45.01 45 44.95 44.87 44.83 44.79 44.79 44.76 44.63 44.57 44.66 44.83 44.88 44.9 44.9 44.88 44.87 44.86 44.86 44.87 44.88 44.88 44.89 44.89 44.9 44.87 44.72 44.56 44.38 44.03 43.89 44.02 44.1 44.14 44.11 44.08 44.09 44.12 44.14 44.16 44.16 44.15 44.15 44.14 44.11 44.08 44.08 44.08 44.02 43.94 43.91 43.89 43.87 43.88 43.87 43.84 43.8 43.8 43.81 43.79 43.76 43.75 43.77 43.75 1.70141e38 43.71 43.69 43.68 43.68 43.67 43.64 43.63 43.64 43.68 43.68 43.64 43.59 43.56
44.81 44.76 44.7 44.6 44.55 44.52 44.54 44.52 44.39 44.31 44.39 44.63 44.74 44.75 44.71 44.68 44.69 44.71 44.74 44.78 44.79 44.81 44.83 44.85 44.86 44.83 44.65 44.43 44.27 44.01 43.95 44.11 44.13 44.13 44.13 44.12 44.12 44.11 44.11 44.13 44.12 44.09 44.04 44.01 43.99 43.97 43.96 43.94 43.87 43.77 43.7 43.68 43.67 43.68 43.68 43.68 43.71 43.73 43.71 43.69 43.67 43.67 43.69 43.67 1.70141e38 43.64 43.67 43.69 43.72 43.71 43.65 43.58 43.58 43.63 43.62 43.57 43.52 43.51
44.53 44.45 44.35 44.26 44.24 44.25 44.27 44.25 44.17 44.14 44.15 44.25 44.34 44.39 44.43 44.44 44.46 44.49 44.53 44.57 44.59 44.61 44.64 44.65 44.66 44.63 44.45 44.22 44.12 44.01 44.02 44.12 44.13 44.14 44.14 44.12 44.1 44.06 44.03 44.02 43.99 43.93 43.87 43.82 43.82 43.83 43.83 43.8 43.75 43.66 43.59 43.58 43.59 43.6 43.59 43.62 43.67 43.69 43.66 43.65 43.63 43.65 43.67 43.65 1.70141e38 43.63 43.67 43.72 43.78 43.75 43.68 43.56 43.49 43.49 43.49 43.45 43.43 43.45
