slabs/5.grd
DSAA
631 301
642000 642630
4947200 4947500
45.06 49.6
[rows 238 to 271 of 301, columns 468 to 545 of 631]
45.99 45.96 45.99 45.99 46 45.98 45.97 45.99 46 46.02 46 46.01 46.02 46 46.02 46.01 46.02 46.01 45.97 45.99 46.02 46.03 46.03 46.01 46.01 46.03 46.04 46.04 46.02 46.01 46.01 45.99 45.98 46.04 46.04 46 45.98 45.99 45.99 45.95 45.96 45.95 45.94 45.94 45.94 45.94 45.94 45.93 45.93 45.92 45.92 45.93 45.92 45.9 45.87 45.83 45.87 45.87 45.87 45.85 45.81 45.8 45.76 45.76 45.73 45.69 45.66 45.63 45.6 45.58 45.57 45.54 45.55 45.55 45.5 45.47 45.47 45.47
45.99 45.97 46.01 46 45.99 46 45.99 46 45.98 46.02 46.02 46.01 46.04 46 46 46.01 46.03 45.99 45.95 45.96 45.98 46 46.01 46.01 45.99 46 46.01 46.03 46.02 46.01 46 45.97 45.97 46.03 46.04 46.02 45.98 46 45.99 45.96 45.96 45.93 45.94 45.95 45.95 45.95 45.93 45.92 45.92 45.92 45.91 45.92 45.89 45.87 45.83 45.79 45.85 45.84 45.84 45.8 45.83 45.81 45.78 45.75 45.72 45.7 45.67 45.65 45.63 45.6 45.57 45.55 45.55 45.53 45.48 45.44 45.44 45.46
46.01 46 46 46 46 45.99 46 46 45.98 46 45.98 45.99 46.02 46 45.97 45.98 46 45.99 45.97 45.95 45.95 45.98 45.99 46 46.01 45.98 46 46.02 46.01 46 45.99 45.98 45.98 46.01 46.02 46.03 45.98 46.01 45.99 45.97 45.98 45.95 45.94 45.96 45.96 45.94 45.91 45.91 45.92 45.91 45.91 45.92 45.88 45.88 45.85 45.81 45.81 45.82 45.83 45.78 45.81 45.79 45.78 45.74 45.72 45.71 45.7 45.68 45.67 45.64 45.58 45.53 45.52 45.49 45.5 45.46 45.46 45.46
46.03 46.03 46.01 46 46.01 45.97 45.98 45.99 46 46 45.97 45.99 46 46.01 45.97 45.95 45.97 46.01 46 45.97 45.97 45.98 45.99 46.01 46.01 45.99 45.99 46.01 46.01 46 45.99 45.99 46 46 46.01 46.02 45.98 45.99 45.99 45.99 46 45.98 45.95 45.95 45.96 45.94 45.9 45.91 45.9 45.88 45.89 45.9 45.87 45.87 45.83 45.83 45.82 45.83 45.83 45.79 45.8 45.8 45.78 45.74 45.73 45.71 45.7 45.68 45.67 45.65 45.58 45.53 45.51 45.48 45.53 45.5 45.49 45.45
46.01 46.03 46.04 46.02 45.99 45.97 45.98 45.99 46.01 45.99 45.97 45.98 45.99 46 45.98 45.95 45.97 46.02 46.01 45.97 45.97 45.98 46 46.01 45.99 45.99 45.98 46 46.02 46.01 46 46.01 46.03 46.01 46.01 46 45.97 45.97 45.98 45.98 46.01 45.99 45.94 45.92 45.93 45.92 45.88 45.9 45.89 45.87 45.86 45.87 45.89 45.88 45.84 45.84 45.83 45.83 45.83 45.8 45.79 45.78 45.77 45.74 45.73 45.7 45.68 45.64 45.63 45.62 45.57 45.54 45.53 45.51 45.53 45.51 45.48 45.42
45.97 46 46.03 46.01 45.97 45.99 45.98 45.98 45.99 45.99 45.98 45.97 45.99 45.98 45.97 45.97 45.98 46.02 46.01 45.97 45.97 46 46 46 45.97 45.98 45.98 45.99 46 46 46 46.01 46.04 46 45.99 45.97 45.96 45.96 45.97 45.98 46 45.98 45.94 45.92 45.9 45.89 45.88 45.89 45.88 45.88 45.85 45.84 45.87 45.87 45.86 45.85 45.83 45.81 45.82 45.8 45.79 45.78 45.77 45.74 45.72 45.7 45.67 45.62 45.6 45.58 45.56 45.55 45.56 45.53 45.49 45.46 45.44 45.38
45.96 46 46 45.99 45.99 46 45.97 45.96 45.98 45.98 45.98 45.97 45.98 45.97 45.97 45.97 45.97 45.99 45.99 45.98 45.97 45.98 45.99 45.99 45.98 45.99 45.98 45.98 45.97 45.96 45.97 45.99 46.03 45.99 45.97 45.94 45.91 45.93 45.95 45.96 45.97 45.98 45.97 45.94 45.9 45.9 45.89 45.87 45.86 45.86 45.86 45.85 45.86 45.85 45.86 45.84 45.82 45.78 45.79 45.79 45.78 45.77 45.75 45.73 45.71 45.7 45.67 45.63 45.59 45.56 45.57 45.58 45.58 45.53 45.44 45.41 45.38 45.34
45.96 46 45.96 45.97 45.99 45.99 45.97 45.96 45.97 45.96 45.96 45.96 45.96 45.95 45.95 45.97 45.96 45.96 45.98 45.99 45.97 45.95 45.96 45.98 46 46.01 46 45.98 45.97 45.96 45.98 45.98 45.99 45.99 45.98 45.96 45.91 45.93 45.95 45.95 45.96 45.97 45.98 45.97 45.92 45.91 45.89 45.85 45.84 45.85 45.86 45.86 45.87 45.84 45.85 45.84 45.82 45.78 45.8 45.78 45.77 45.74 45.72 45.71 45.7 45.69 45.67 45.65 45.61 45.58 45.59 45.58 45.56 45.5 45.39 45.36 45.34 45.31
45.97 45.99 45.95 45.96 45.98 45.98 45.97 45.96 45.96 45.97 45.97 45.96 45.93 45.94 45.94 45.96 45.96 45.96 45.98 45.98 45.97 45.97 45.96 45.96 45.99 45.99 45.99 45.96 45.95 45.95 45.98 45.96 45.96 45.97 45.97 45.99 45.94 45.94 45.94 45.93 45.92 45.93 45.95 45.95 45.9 45.9 45.89 45.88 45.85 45.83 45.84 45.87 45.86 45.83 45.84 45.83 45.82 45.79 45.81 45.78 45.76 45.72 45.7 45.69 45.68 45.66 45.67 45.67 45.65 45.62 45.6 45.55 45.52 45.46 45.37 45.35 45.32 45.3
45.98 45.99 45.97 45.95 45.97 45.97 45.97 45.96 45.97 45.97 45.97 45.96 45.94 45.93 45.93 45.95 45.97 45.97 45.96 45.94 45.98 45.98 45.97 45.94 45.94 45.94 45.94 45.94 45.94 45.96 45.99 45.93 45.93 45.95 45.97 45.98 45.96 45.95 45.94 45.93 45.9 45.91 45.93 45.91 45.9 45.9 45.9 45.9 45.88 45.83 45.8 45.86 45.84 45.82 45.83 45.81 45.8 45.78 45.79 45.76 45.74 45.7 45.68 45.68 45.67 45.65 45.68 45.69 45.67 45.61 45.58 45.54 45.47 45.42 45.4 45.38 45.32 45.28
45.99 46 45.99 45.95 45.96 45.97 45.97 45.97 45.95 45.97 45.97 45.96 45.94 45.94 45.94 45.94 45.96 45.94 45.93 45.94 45.99 45.99 45.98 45.94 45.89 45.89 45.9 45.9 45.93 45.96 45.99 45.92 45.91 45.95 45.98 45.96 45.97 45.96 45.97 45.93 45.89 45.9 45.91 45.9 45.92 45.92 45.89 45.89 45.87 45.82 45.78 45.81 45.81 45.82 45.82 45.79 45.79 45.77 45.76 45.76 45.73 45.71 45.68 45.68 45.68 45.67 45.71 45.7 45.64 45.58 45.53 45.53 45.47 45.43 45.42 45.4 45.34 45.32
46.02 46 45.98 45.94 45.95 45.96 45.96 45.99 45.93 45.98 45.98 45.96 45.94 45.94 45.94 45.94 45.93 45.9 45.91 45.95 45.95 45.97 45.97 45.93 45.88 45.88 45.91 45.89 45.93 45.95 45.97 45.94 45.94 45.96 45.98 45.96 45.98 45.98 45.98 45.93 45.88 45.87 45.88 45.88 45.9 45.9 45.88 45.87 45.86 45.83 45.79 45.78 45.79 45.81 45.82 45.78 45.77 45.77 45.75 45.77 45.75 45.72 45.7 45.7 45.69 45.66 45.72 45.69 45.61 45.56 45.54 45.52 45.5 45.48 45.4 45.4 45.39 45.39
46.03 45.99 45.98 45.96 45.97 45.96 45.96 45.96 45.93 45.95 45.96 45.96 45.93 45.93 45.94 45.94 45.92 45.91 45.93 45.95 45.93 45.94 45.93 45.9 45.89 45.9 45.91 45.93 45.93 45.95 45.96 45.96 45.94 45.95 45.97 45.96 45.96 45.96 45.96 45.93 45.9 45.86 45.85 45.86 45.86 45.86 45.87 45.85 45.85 45.83 45.79 45.78 45.78 45.79 45.78 45.76 45.76 45.76 45.72 45.74 45.74 45.72 45.71 45.73 45.74 45.68 45.65 45.61 45.58 45.55 45.51 45.5 45.49 45.48 45.39 45.4 45.42 45.43
46.03 46.01 45.99 45.98 45.99 45.96 45.95 45.93 45.94 45.93 45.95 45.94 45.91 45.93 45.94 45.92 45.93 45.93 45.93 45.95 45.94 45.94 45.92 45.9 45.92 45.92 45.9 45.94 45.94 45.95 45.95 45.95 45.92 45.92 45.95 45.93 45.92 45.93 45.94 45.94 45.9 45.87 45.86 45.86 45.85 45.85 45.86 45.84 45.85 45.85 45.8 45.79 45.8 45.78 45.73 45.74 45.75 45.75 45.73 45.73 45.72 45.71 45.7 45.71 45.71 45.65 45.57 45.55 45.53 45.52 45.5 45.5 45.47 45.49 45.45 45.44 45.44 45.45
46.02 46.01 46.01 46 45.97 45.96 45.95 45.96 45.95 45.94 45.96 45.93 45.91 45.93 45.94 45.93 45.96 45.94 45.93 45.93 45.93 45.95 45.94 45.92 45.94 45.93 45.92 45.93 45.93 45.93 45.94 45.93 45.91 45.9 45.93 45.91 45.9 45.9 45.91 45.94 45.91 45.88 45.86 45.85 45.84 45.86 45.87 45.86 45.85 45.85 45.78 45.79 45.8 45.8 45.74 45.75 45.76 45.74 45.73 45.73 45.72 45.73 45.71 45.7 45.65 45.57 45.52 45.52 45.51 45.49 45.5 45.51 45.5 45.56 45.52 45.5 45.47 45.47
46.02 45.99 46 46.01 45.97 45.96 45.96 45.96 45.95 45.95 45.95 45.94 45.94 45.94 45.93 45.93 45.95 45.94 45.94 45.91 45.91 45.93 45.94 45.95 45.93 45.92 45.93 45.91 45.91 45.91 45.92 45.91 45.9 45.89 45.91 45.9 45.89 45.89 45.9 45.92 45.91 45.89 45.84 45.83 45.84 45.81 45.84 45.86 45.84 45.8 45.77 45.77 45.78 45.78 45.75 45.76 45.75 45.74 45.73 45.74 45.73 45.71 45.7 45.67 45.61 45.52 45.5 45.51 45.53 45.46 45.47 45.52 45.56 45.61 45.54 45.53 45.5 45.51
46.03 45.98 45.99 45.99 45.97 45.96 45.97 45.97 45.96 45.96 45.94 45.95 45.94 45.94 45.91 45.92 45.93 45.92 45.95 45.91 45.89 45.9 45.92 45.95 45.91 45.91 45.92 45.91 45.89 45.9 45.91 45.87 45.88 45.9 45.9 45.89 45.88 45.88 45.9 45.86 45.87 45.87 45.83 45.85 45.84 45.79 45.81 45.81 45.79 45.77 45.78 45.77 45.77 45.76 45.74 45.75 45.73 45.72 45.71 45.72 45.72 45.67 45.64 45.62 45.58 45.52 45.52 45.53 45.54 45.46 45.47 45.54 45.6 45.57 45.55 45.54 45.51 45.49
46.02 45.98 45.99 45.99 45.97 45.97 45.99 45.98 45.98 45.97 45.95 45.95 45.93 45.93 45.93 45.91 45.93 45.92 45.95 45.9 45.89 45.9 45.9 45.92 45.92 45.9 45.89 45.92 45.91 45.9 45.9 45.88 45.88 45.87 45.87 45.89 45.89 45.89 45.87 45.84 45.84 45.83 45.82 45.83 45.84 45.79 45.79 45.79 45.77 45.77 45.77 45.77 45.76 45.76 45.73 45.73 45.74 45.73 45.71 45.71 45.69 45.63 45.59 45.58 45.55 45.56 45.57 45.54 45.49 45.49 45.52 45.58 45.6 45.51 45.51 45.51 45.5 45.47
46.02 45.99 46 46 45.99 45.99 45.99 45.99 45.99 45.97 45.96 45.95 45.92 45.93 45.93 45.9 45.93 45.93 45.94 45.89 45.92 45.91 45.9 45.9 45.92 45.93 45.91 45.9 45.9 45.89 45.91 45.9 45.89 45.86 45.87 45.89 45.89 45.89 45.84 45.82 45.82 45.81 45.82 45.81 45.83 45.8 45.78 45.8 45.78 45.77 45.76 45.76 45.76 45.75 45.71 45.71 45.75 45.75 45.73 45.7 45.64 45.59 45.56 45.57 45.56 45.57 45.58 45.53 45.51 45.55 45.56 45.58 45.61 45.51 45.5 45.48 45.49 45.51
46.01 46.01 46 46 46.01 46.01 46 45.98 45.98 45.98 45.97 45.95 45.92 45.92 45.92 45.92 45.94 45.94 45.91 45.9 45.92 45.91 45.9 45.91 45.9 45.9 45.92 45.91 45.9 45.88 45.91 45.89 45.9 45.87 45.84 45.87 45.87 45.88 45.84 45.82 45.82 45.8 45.83 45.82 45.84 45.8 45.78 45.79 45.78 45.78 45.78 45.78 45.76 45.74 45.69 45.7 45.74 45.73 45.71 45.67 45.59 45.57 45.56 45.58 45.59 45.54 45.53 45.52 45.58 45.61 45.57 45.51 45.59 45.56 45.57 45.57 45.57 45.56
46 46.01 46.01 45.99 46.01 46.01 46.01 45.98 45.97 45.98 45.97 45.97 45.95 45.95 45.94 45.94 45.94 45.93 45.93 45.91 45.91 45.9 45.89 45.89 45.88 45.89 45.91 45.94 45.9 45.85 45.88 45.87 45.88 45.86 45.83 45.85 45.85 45.86 45.84 45.84 45.83 45.8 45.81 45.82 45.84 45.8 45.76 45.76 45.77 45.77 45.78 45.77 45.76 45.74 45.7 45.72 45.73 45.71 45.64 45.61 45.55 45.57 45.57 45.58 45.59 45.55 45.53 45.51 45.63 45.6 45.58 45.54 45.58 45.63 45.64 45.63 45.6 45.58
46.01 46.01 46.02 45.99 46.01 46.01 45.99 45.97 45.98 45.98 45.95 45.98 45.97 45.97 45.96 45.96 45.95 45.94 45.92 45.9 45.9 45.9 45.88 45.88 45.88 45.88 45.89 45.93 45.91 45.86 45.84 45.85 45.85 45.84 45.83 45.84 45.83 45.83 45.83 45.84 45.83 45.79 45.78 45.79 45.82 45.78 45.75 45.75 45.76 45.75 45.75 45.74 45.73 45.73 45.72 45.72 45.69 45.66 45.58 45.57 45.54 45.57 45.55 45.52 45.56 45.57 45.54 45.54 45.65 45.62 45.61 45.6 45.6 45.67 45.66 45.64 45.59 45.64
46.04 46.02 46.01 46 46.03 46.02 46 46 45.99 45.99 45.96 45.98 45.95 45.96 45.95 45.96 45.95 45.94 45.91 45.88 45.9 45.9 45.88 45.89 45.89 45.89 45.88 45.9 45.9 45.89 45.84 45.83 45.83 45.82 45.82 45.84 45.81 45.8 45.81 45.82 45.83 45.81 45.78 45.78 45.8 45.78 45.75 45.74 45.73 45.73 45.74 45.74 45.74 45.72 45.7 45.68 45.64 45.58 45.54 45.57 45.54 45.51 45.52 45.55 45.63 45.62 45.59 45.58 45.64 45.63 45.63 45.65 45.65 45.7 45.69 45.66 45.62 45.66
46.07 46.04 46 46 46.02 46.02 46.01 46.01 46 46 45.97 45.99 45.96 45.96 45.95 45.95 45.95 45.95 45.93 45.92 45.91 45.89 45.88 45.9 45.91 45.9 45.88 45.87 45.88 45.89 45.85 45.82 45.82 45.82 45.81 45.82 45.79 45.78 45.79 45.81 45.83 45.83 45.79 45.79 45.78 45.77 45.75 45.74 45.7 45.7 45.73 45.72 45.72 45.67 45.59 45.6 45.59 45.55 45.54 45.55 45.53 45.49 45.55 45.66 45.73 45.69 45.66 45.62 45.65 45.62 45.63 45.67 45.68 45.7 45.68 45.65 45.64 45.66
46.03 46.03 46.01 46.03 46.03 46.03 46.01 46.02 46 45.99 45.97 45.99 45.98 45.97 45.98 45.97 45.96 45.95 45.93 45.95 45.93 45.88 45.89 45.92 45.91 45.9 45.89 45.86 45.86 45.87 45.85 45.84 45.82 45.81 45.8 45.8 45.79 45.79 45.78 45.79 45.8 45.78 45.78 45.78 45.75 45.74 45.73 45.73 45.72 45.71 45.7 45.68 45.65 45.58 45.54 45.56 45.55 45.55 45.54 45.54 45.54 45.55 45.61 45.7 45.75 45.72 45.7 45.67 45.71 45.64 45.66 45.71 45.7 45.69 45.67 45.64 45.66 45.7
46.04 46.05 46.05 46.07 46.04 46.03 46.02 46.02 46.01 45.98 45.97 45.99 45.99 45.99 45.99 45.97 45.97 45.95 45.94 45.96 45.93 45.88 45.92 45.92 45.91 45.9 45.9 45.87 45.86 45.86 45.85 45.84 45.82 45.81 45.81 45.81 45.79 45.78 45.77 45.76 45.76 45.76 45.79 45.78 45.74 45.73 45.72 45.71 45.71 45.73 45.68 45.66 45.61 45.55 45.55 45.56 45.54 45.54 45.54 45.55 45.57 45.61 45.64 45.68 45.73 45.72 45.71 45.7 45.74 45.69 45.72 45.75 45.72 45.71 45.69 45.67 45.69 45.72
46.06 46.07 46.06 46.07 46.04 46.03 46.04 46.04 46.02 45.99 46 45.99 46 45.99 45.99 45.96 45.97 45.96 45.95 45.95 45.92 45.88 45.92 45.92 45.91 45.89 45.9 45.89 45.87 45.86 45.83 45.82 45.81 45.82 45.82 45.81 45.77 45.77 45.78 45.76 45.76 45.76 45.78 45.76 45.71 45.71 45.72 45.72 45.71 45.7 45.66 45.64 45.59 45.54 45.55 45.56 45.54 45.54 45.55 45.59 45.6 45.66 45.66 45.69 45.72 45.7 45.7 45.71 45.73 45.72 45.76 45.75 45.69 45.7 45.7 45.7 45.72 45.74
46.07 46.07 46.05 46.06 46.04 46.03 46.05 46.04 46.02 45.99 46.02 46 46 45.97 45.98 45.96 45.97 45.95 45.94 45.94 45.93 45.88 45.89 45.9 45.88 45.87 45.89 45.9 45.88 45.83 45.79 45.78 45.79 45.83 45.8 45.79 45.76 45.74 45.74 45.74 45.76 45.73 45.73 45.72 45.7 45.7 45.71 45.72 45.68 45.67 45.65 45.59 45.55 45.53 45.53 45.52 45.6 45.6 45.61 45.64 45.64 45.67 45.68 45.69 45.71 45.67 45.68 45.71 45.7 45.74 45.78 45.73 45.67 45.67 45.72 45.73 45.73 45.75
46.08 46.07 46.05 46.07 46.04 46.03 46.04 46.02 46.01 46 46.02 46 46.01 45.97 45.96 45.95 45.96 45.95 45.91 45.95 45.93 45.89 45.88 45.89 45.87 45.87 45.88 45.88 45.87 45.81 45.76 45.78 45.8 45.81 45.82 45.8 45.77 45.75 45.73 45.74 45.76 45.73 45.72 45.72 45.71 45.7 45.7 45.67 45.65 45.64 45.62 45.55 45.5 45.51 45.49 45.5 45.69 45.66 45.68 45.7 45.69 45.66 45.67 45.68 45.69 45.65 45.66 45.69 45.68 45.7 45.75 45.73 45.69 45.69 45.71 45.72 45.71 45.74
46.09 46.08 46.05 46.07 46.06 46.05 46.04 46.02 46.02 46.03 46.01 45.99 45.99 45.97 45.98 45.96 45.95 45.96 45.95 45.96 45.92 45.89 45.89 45.89 45.9 45.9 45.92 45.9 45.88 45.81 45.79 45.8 45.8 45.78 45.83 45.82 45.8 45.75 45.75 45.74 45.75 45.74 45.73 45.73 45.72 45.7 45.68 45.64 45.6 45.58 45.56 45.53 45.46 45.47 45.47 45.53 45.73 45.7 45.71 45.71 45.71 45.71 45.71 45.69 45.65 45.65 45.67 45.69 45.7 45.7 45.74 45.73 45.75 45.75 45.77 45.79 45.77 45.79
46.08 46.08 46.05 46.04 46.04 46.05 46.03 46.01 46.01 46.03 46.01 45.99 46 45.99 45.98 45.98 45.96 45.95 45.95 45.95 45.92 45.91 45.91 45.9 45.9 45.89 45.89 45.89 45.88 45.84 45.83 45.83 45.81 45.79 45.82 45.82 45.81 45.75 45.75 45.73 45.75 45.75 45.74 45.73 45.72 45.67 45.64 45.6 45.53 45.51 45.51 45.51 45.45 45.46 45.5 45.58 45.72 45.72 45.7 45.69 45.72 45.77 45.76 45.72 45.63 45.65 45.69 45.7 45.75 45.73 45.7 45.73 45.82 45.82 45.82 45.81 45.78 45.8
46.04 46.06 46.06 46.03 46.04 46.05 46.03 46.01 46 46.02 46.02 46.01 46.02 46.01 46 45.99 45.97 45.95 45.93 45.93 45.93 45.92 45.91 45.92 45.91 45.89 45.85 45.85 45.87 45.85 45.84 45.84 45.83 45.81 45.8 45.79 45.78 45.75 45.75 45.74 45.75 45.74 45.74 45.71 45.68 45.62 45.6 45.54 45.49 45.5 45.5 45.48 45.48 45.51 45.57 45.64 45.73 45.74 45.72 45.7 45.73 45.75 45.75 45.7 45.67 45.68 45.71 45.75 45.77 45.74 45.69 45.73 45.82 45.81 45.78 45.74 45.75 45.75
46.06 46.08 46.09 46.07 46.07 46.05 46.03 46.02 46.01 46.01 46.04 46.03 46.02 46.02 46.01 46 45.98 45.94 45.92 45.91 45.91 45.93 45.91 45.92 45.92 45.89 45.84 45.84 45.86 45.85 45.84 45.85 45.84 45.82 45.8 45.77 45.75 45.73 45.73 45.75 45.75 45.73 45.71 45.66 45.63 45.59 45.57 45.52 45.5 45.52 45.5 45.49 45.55 45.59 45.64 45.67 45.71 45.74 45.75 45.72 45.72 45.71 45.72 45.69 45.68 45.71 45.76 45.81 45.77 45.76 45.73 45.76 45.79 45.77 45.75 45.73 45.74 45.73
46.09 46.1 46.09 46.06 46.07 46.05 46.04 46.03 46.03 46.02 46.04 46.04 46.02 46.03 46.01 46 45.99 45.95 45.93 45.92 45.92 45.93 45.92 45.93 45.92 45.9 45.85 45.85 45.85 45.84 45.84 45.86 45.86 45.81 45.79 45.77 45.75 45.73 45.73 45.74 45.72 45.73 45.69 45.63 45.57 45.54 45.54 45.55 45.52 45.52 45.56 45.6 45.72 45.75 45.74 45.71 45.71 45.74 45.78 45.74 45.72 45.72 45.72 45.72 45.7 45.71 45.76 45.8 45.79 45.8 45.8 45.77 45.77 45.77 45.77 45.75 45.73 45.72
