slabs/5.grd
DSAA
631 301
642000 642630
4947200 4947500
45.06 49.6
[rows 170 to 203 of 301, columns 468 to 545 of 631]
46.21 46.21 46.23 46.21 46.18 46.18 46.16 46.14 46.11 46.11 46.14 46.14 46.14 46.11 46.09 46.09 46.1 46.11 46.09 46.05 46.04 46.06 46.05 46.04 46.04 46.03 46.03 46.04 46.05 46.05 46.06 46.05 46.04 45.96 45.95 45.94 45.87 45.87 45.89 45.89 45.85 45.82 45.8 45.79 45.75 45.75 45.77 45.79 45.78 45.76 45.73 45.68 45.63 45.64 45.69 45.7 45.67 45.67 45.72 45.81 45.85 45.95 46 45.98 45.9 45.86 45.91 45.88 45.84 45.79 45.83 46 46.03 46.03 46 45.98 46.04 46.15
46.19 46.16 46.17 46.17 46.18 46.19 46.17 46.16 46.14 46.14 46.13 46.11 46.12 46.12 46.11 46.08 46.07 46.1 46.09 46.06 46.04 46.04 46.05 46.05 46.05 46.03 46.03 46.05 46.05 46.05 46.04 46.02 46.05 46 45.98 45.95 45.9 45.9 45.92 45.92 45.89 45.86 45.8 45.78 45.76 45.76 45.76 45.78 45.8 45.8 45.78 45.75 45.72 45.68 45.66 45.67 45.7 45.7 45.65 45.68 45.72 45.87 46.03 46.05 45.99 45.9 45.89 45.86 45.84 45.79 45.87 46.04 46.04 46.01 46.02 45.99 46.02 46.12
46.18 46.18 46.17 46.16 46.16 46.18 46.16 46.16 46.18 46.19 46.17 46.1 46.13 46.14 46.13 46.1 46.05 46.09 46.09 46.06 46.03 46.01 46.04 46.05 46.06 46.05 46.04 46.05 46.04 46.04 46.02 46.01 46.03 46.03 46.01 45.95 45.92 45.93 45.95 45.96 45.92 45.88 45.81 45.77 45.78 45.78 45.74 45.75 45.75 45.75 45.77 45.8 45.78 45.74 45.7 45.7 45.72 45.73 45.69 45.66 45.67 45.8 46.04 46.06 46.02 45.95 45.89 45.85 45.84 45.83 45.9 46.01 46.01 46.01 46.06 46.01 46 46.05
46.15 46.21 46.2 46.19 46.16 46.17 46.16 46.15 46.17 46.22 46.19 46.13 46.13 46.15 46.14 46.12 46.1 46.11 46.09 46.06 46.04 46.03 46.03 46.05 46.09 46.08 46.07 46.05 46.04 46.04 46.03 46.01 46 46.02 46.03 45.97 45.93 45.93 45.94 45.95 45.93 45.9 45.81 45.82 45.81 45.81 45.77 45.75 45.69 45.7 45.74 45.8 45.8 45.79 45.75 45.7 45.71 45.73 45.74 45.7 45.7 45.78 45.99 46.04 46.04 46.01 45.93 45.84 45.83 45.84 45.88 45.91 45.93 46 46.1 46.07 46.02 45.98
46.15 46.17 46.18 46.2 46.18 46.17 46.16 46.14 46.17 46.21 46.19 46.15 46.14 46.14 46.13 46.12 46.13 46.12 46.09 46.06 46.06 46.06 46.05 46.06 46.1 46.1 46.07 46.04 46.06 46.06 46.06 46.04 46.01 46.02 46.04 45.99 45.97 45.97 45.97 45.98 45.95 45.93 45.88 45.85 45.84 45.81 45.79 45.76 45.7 45.71 45.74 45.78 45.79 45.82 45.8 45.71 45.7 45.71 45.75 45.75 45.73 45.75 45.84 45.96 46.02 46.05 46 45.89 45.85 45.83 45.85 45.83 45.85 45.96 46.09 46.08 46.04 45.97
46.15 46.13 46.14 46.18 46.19 46.18 46.16 46.16 46.2 46.2 46.19 46.17 46.17 46.15 46.13 46.1 46.13 46.12 46.08 46.05 46.06 46.08 46.08 46.09 46.1 46.1 46.06 46.04 46.1 46.08 46.05 46.06 46.05 46.04 46.05 46 46.03 46.02 46 45.98 45.97 45.93 45.94 45.89 45.85 45.81 45.78 45.77 45.73 45.72 45.72 45.73 45.76 45.83 45.84 45.75 45.73 45.69 45.72 45.73 45.73 45.72 45.73 45.81 45.93 46.07 46.05 45.98 45.91 45.83 45.84 45.83 45.83 45.91 46.01 46.03 46.04 46
46.17 46.14 46.14 46.15 46.18 46.19 46.18 46.17 46.2 46.18 46.19 46.19 46.19 46.18 46.15 46.11 46.13 46.12 46.09 46.07 46.06 46.08 46.09 46.09 46.09 46.1 46.09 46.04 46.12 46.09 46.05 46.03 46.05 46.06 46.05 46.02 46.03 46.03 46.02 45.98 45.97 45.95 45.95 45.93 45.88 45.82 45.78 45.76 45.76 45.74 45.7 45.69 45.72 45.8 45.85 45.79 45.77 45.71 45.7 45.7 45.7 45.71 45.68 45.69 45.83 46.04 46.08 46.04 45.98 45.87 45.82 45.82 45.84 45.9 45.95 45.97 46 45.99
46.19 46.16 46.16 46.15 46.17 46.21 46.19 46.16 46.17 46.17 46.19 46.2 46.2 46.18 46.16 46.12 46.14 46.13 46.1 46.09 46.1 46.11 46.11 46.1 46.08 46.09 46.09 46.07 46.09 46.08 46.07 46.05 46.07 46.07 46.07 46.04 46.01 46.02 46.02 45.98 45.97 45.96 45.95 45.92 45.88 45.82 45.8 45.77 45.77 45.78 45.73 45.68 45.69 45.75 45.81 45.82 45.81 45.75 45.69 45.67 45.68 45.7 45.66 45.67 45.76 45.96 46.1 46.1 46.07 45.98 45.87 45.82 45.79 45.86 45.82 45.83 45.86 45.93
46.19 46.18 46.17 46.16 46.15 46.2 46.2 46.18 46.17 46.18 46.18 46.19 46.2 46.19 46.16 46.12 46.11 46.1 46.1 46.1 46.13 46.12 46.1 46.08 46.09 46.09 46.09 46.09 46.09 46.08 46.07 46.05 46.06 46.07 46.08 46.05 46.02 46.02 46.03 46.01 46 45.97 45.94 45.89 45.87 45.83 45.81 45.79 45.79 45.79 45.75 45.68 45.69 45.71 45.76 45.83 45.83 45.78 45.72 45.67 45.66 45.67 45.66 45.67 45.71 45.82 45.96 46.02 46.09 46.08 45.99 45.93 45.84 45.86 45.82 45.79 45.75 45.86
46.18 46.19 46.18 46.17 46.15 46.2 46.2 46.21 46.18 46.18 46.18 46.19 46.19 46.17 46.15 46.11 46.1 46.1 46.09 46.1 46.14 46.12 46.11 46.08 46.07 46.09 46.11 46.09 46.08 46.09 46.07 46.06 46.05 46.05 46.07 46.06 46.03 46.04 46.05 46.05 46.03 45.98 45.95 45.9 45.88 45.86 45.83 45.82 45.81 45.78 45.77 45.73 45.71 45.7 45.71 45.78 45.81 45.79 45.76 45.69 45.67 45.68 45.68 45.71 45.75 45.73 45.72 45.77 45.95 46.12 46.07 46.03 45.94 45.89 45.87 45.83 45.75 45.81
46.2 46.2 46.19 46.18 46.16 46.21 46.22 46.22 46.21 46.2 46.19 46.17 46.18 46.16 46.16 46.12 46.14 46.13 46.1 46.1 46.14 46.12 46.1 46.08 46.1 46.12 46.12 46.1 46.09 46.1 46.08 46.07 46.06 46.05 46.06 46.06 46.05 46.04 46.07 46.06 46.04 46 45.98 45.93 45.91 45.89 45.87 45.86 45.84 45.79 45.78 45.78 45.77 45.73 45.7 45.72 45.76 45.81 45.82 45.79 45.74 45.68 45.69 45.72 45.76 45.72 45.62 45.64 45.81 46.03 46.08 46.06 46.02 45.94 45.87 45.84 45.79 45.8
46.21 46.19 46.2 46.19 46.18 46.19 46.19 46.16 46.21 46.19 46.17 46.15 46.16 46.16 46.17 46.14 46.18 46.16 46.12 46.12 46.14 46.13 46.11 46.11 46.14 46.14 46.13 46.09 46.09 46.1 46.09 46.08 46.08 46.08 46.07 46.08 46.06 46.05 46.06 46.05 46.05 46.03 46 45.96 45.94 45.92 45.91 45.89 45.87 45.82 45.8 45.79 45.78 45.74 45.69 45.7 45.74 45.79 45.82 45.82 45.79 45.71 45.68 45.7 45.71 45.66 45.61 45.62 45.71 45.87 46.04 46.06 46.06 45.96 45.86 45.83 45.8 45.8
46.18 46.2 46.21 46.2 46.2 46.19 46.18 46.17 46.19 46.19 46.18 46.18 46.15 46.16 46.18 46.17 46.19 46.17 46.14 46.16 46.14 46.13 46.13 46.13 46.14 46.14 46.12 46.08 46.09 46.1 46.11 46.1 46.11 46.09 46.07 46.07 46.06 46.06 46.05 46.06 46.05 46.03 46.02 45.98 45.96 45.93 45.94 45.91 45.89 45.85 45.83 45.83 45.81 45.75 45.72 45.72 45.74 45.77 45.78 45.79 45.81 45.76 45.69 45.69 45.66 45.63 45.63 45.64 45.66 45.77 45.94 46.01 46.05 46 45.91 45.84 45.8 45.79
46.17 46.18 46.18 46.18 46.18 46.18 46.18 46.19 46.17 46.17 46.17 46.18 46.16 46.16 46.18 46.19 46.18 46.17 46.17 46.19 46.13 46.14 46.15 46.15 46.14 46.15 46.14 46.1 46.1 46.12 46.11 46.12 46.12 46.08 46.05 46.06 46.06 46.07 46.06 46.07 46.06 46.05 46.02 45.99 45.98 45.93 45.93 45.93 45.9 45.86 45.85 45.85 45.82 45.77 45.75 45.75 45.74 45.74 45.74 45.77 45.82 45.8 45.74 45.71 45.65 45.63 45.65 45.65 45.64 45.7 45.83 45.92 46.03 46.03 45.99 45.91 45.82 45.77
46.15 46.15 46.15 46.17 46.17 46.18 46.18 46.17 46.14 46.14 46.14 46.15 46.15 46.16 46.18 46.18 46.15 46.16 46.17 46.18 46.14 46.15 46.16 46.16 46.16 46.17 46.15 46.11 46.12 46.13 46.11 46.13 46.12 46.08 46.07 46.08 46.07 46.08 46.05 46.04 46.05 46.04 46.01 45.98 45.97 45.93 45.94 45.95 45.9 45.86 45.86 45.85 45.83 45.79 45.76 45.75 45.73 45.71 45.71 45.74 45.79 45.81 45.79 45.75 45.67 45.63 45.66 45.66 45.63 45.65 45.74 45.81 45.99 46.03 46.02 45.99 45.85 45.79
46.15 46.15 46.14 46.18 46.18 46.19 46.2 46.16 46.14 46.14 46.13 46.13 46.15 46.16 46.19 46.14 46.13 46.15 46.17 46.15 46.15 46.17 46.17 46.16 46.17 46.18 46.16 46.13 46.14 46.14 46.12 46.12 46.1 46.09 46.07 46.05 46.04 46.06 46.04 46.02 46.04 46.04 46.02 45.99 45.98 45.96 45.98 45.96 45.92 45.88 45.86 45.86 45.83 45.79 45.77 45.75 45.74 45.7 45.71 45.71 45.73 45.79 45.81 45.78 45.7 45.64 45.66 45.65 45.64 45.64 45.66 45.71 45.89 46.02 46.04 46.04 45.92 45.83
46.15 46.15 46.16 46.18 46.19 46.21 46.21 46.17 46.15 46.15 46.14 46.14 46.15 46.17 46.19 46.13 46.14 46.16 46.16 46.15 46.17 46.18 46.17 46.17 46.18 46.18 46.16 46.15 46.15 46.15 46.12 46.12 46.1 46.07 46.04 46.03 46.04 46.05 46.05 46.04 46.03 46.03 46.03 46.03 46 45.99 46 45.98 45.94 45.9 45.87 45.86 45.84 45.8 45.78 45.77 45.74 45.7 45.73 45.72 45.71 45.75 45.79 45.78 45.73 45.7 45.68 45.64 45.65 45.67 45.66 45.66 45.77 45.93 45.99 46.05 45.98 45.88
46.16 46.16 46.17 46.18 46.19 46.2 46.2 46.17 46.17 46.16 46.17 46.16 46.17 46.18 46.18 46.12 46.14 46.16 46.15 46.16 46.17 46.18 46.19 46.19 46.19 46.18 46.16 46.15 46.14 46.14 46.11 46.11 46.11 46.07 46.04 46.04 46.05 46.04 46.04 46.04 46.01 46.01 46.02 46.03 46.01 45.99 45.99 45.98 45.96 45.9 45.87 45.87 45.85 45.81 45.79 45.78 45.73 45.69 45.73 45.73 45.72 45.73 45.75 45.77 45.77 45.77 45.73 45.65 45.65 45.68 45.68 45.67 45.68 45.75 45.82 45.95 46 45.98
46.16 46.16 46.18 46.19 46.19 46.18 46.16 46.16 46.18 46.17 46.19 46.17 46.16 46.17 46.16 46.13 46.14 46.16 46.15 46.17 46.18 46.2 46.21 46.2 46.19 46.18 46.16 46.13 46.12 46.11 46.11 46.1 46.09 46.06 46.06 46.06 46.05 46.05 46.04 46.03 45.99 46 46.01 46.02 46.02 45.99 45.98 45.98 45.98 45.91 45.86 45.86 45.85 45.82 45.81 45.79 45.75 45.72 45.72 45.72 45.73 45.71 45.71 45.75 45.79 45.83 45.79 45.7 45.69 45.65 45.65 45.66 45.67 45.65 45.7 45.84 45.96 46.01
46.16 46.16 46.17 46.18 46.19 46.16 46.14 46.16 46.16 46.18 46.19 46.14 46.14 46.17 46.15 46.15 46.15 46.16 46.16 46.17 46.17 46.19 46.19 46.19 46.19 46.19 46.17 46.14 46.12 46.1 46.11 46.09 46.09 46.07 46.06 46.07 46.06 46.07 46.04 46.02 45.98 45.99 46.02 46.02 46.02 46 45.98 45.98 46.01 45.96 45.89 45.88 45.87 45.83 45.84 45.82 45.78 45.74 45.74 45.76 45.75 45.72 45.71 45.72 45.74 45.8 45.81 45.79 45.75 45.68 45.64 45.61 45.63 45.63 45.65 45.72 45.85 45.96
46.15 46.16 46.16 46.17 46.17 46.15 46.16 46.18 46.16 46.18 46.18 46.17 46.17 46.16 46.15 46.17 46.17 46.18 46.16 46.15 46.16 46.18 46.19 46.18 46.19 46.2 46.19 46.15 46.13 46.1 46.1 46.1 46.1 46.08 46.07 46.08 46.07 46.06 46.04 46.02 45.97 45.98 46.01 46.01 46 45.98 45.98 45.98 46.01 45.99 45.95 45.92 45.86 45.85 45.84 45.83 45.8 45.77 45.76 45.76 45.75 45.75 45.74 45.71 45.72 45.77 45.79 45.81 45.77 45.73 45.67 45.59 45.6 45.62 45.63 45.66 45.74 45.85
46.12 46.15 46.18 46.16 46.17 46.16 46.17 46.16 46.17 46.19 46.16 46.19 46.17 46.14 46.15 46.16 46.17 46.18 46.15 46.16 46.17 46.18 46.19 46.17 46.18 46.2 46.2 46.17 46.14 46.1 46.09 46.1 46.1 46.09 46.1 46.1 46.06 46.02 46.02 46.02 45.98 45.97 46.02 46.01 45.99 45.97 45.97 45.97 45.97 45.96 45.96 45.92 45.87 45.88 45.87 45.84 45.8 45.76 45.76 45.74 45.73 45.77 45.76 45.73 45.72 45.74 45.76 45.79 45.78 45.77 45.73 45.63 45.6 45.62 45.63 45.65 45.67 45.72
46.14 46.14 46.15 46.15 46.17 46.17 46.16 46.13 46.15 46.16 46.18 46.18 46.17 46.15 46.15 46.14 46.17 46.18 46.16 46.19 46.19 46.18 46.17 46.18 46.17 46.18 46.2 46.18 46.14 46.11 46.07 46.08 46.07 46.09 46.11 46.1 46.06 46.02 46.01 46.02 46 45.97 46.01 46 45.98 45.96 45.97 45.96 45.95 45.96 45.95 45.91 45.9 45.89 45.88 45.84 45.79 45.77 45.76 45.75 45.71 45.75 45.75 45.72 45.72 45.73 45.74 45.77 45.8 45.82 45.78 45.69 45.63 45.63 45.64 45.63 45.63 45.64
46.16 46.14 46.13 46.17 46.17 46.17 46.16 46.13 46.14 46.15 46.19 46.21 46.19 46.17 46.15 46.13 46.15 46.19 46.17 46.21 46.2 46.18 46.16 46.18 46.18 46.17 46.18 46.17 46.13 46.11 46.07 46.07 46.05 46.08 46.1 46.09 46.05 46.03 46.02 46.02 46.01 45.97 45.95 45.95 45.98 45.97 45.99 45.97 45.96 45.96 45.94 45.9 45.91 45.94 45.91 45.83 45.78 45.77 45.77 45.76 45.74 45.74 45.72 45.71 45.72 45.71 45.72 45.74 45.79 45.83 45.81 45.73 45.67 45.66 45.64 45.63 45.61 45.61
46.17 46.15 46.15 46.17 46.17 46.15 46.17 46.18 46.18 46.16 46.18 46.21 46.19 46.17 46.15 46.12 46.14 46.17 46.16 46.21 46.2 46.17 46.15 46.16 46.17 46.17 46.18 46.17 46.15 46.12 46.08 46.07 46.06 46.07 46.08 46.07 46.03 45.99 46.04 46.03 46 45.97 45.95 45.95 45.97 45.97 45.97 45.98 45.98 45.96 45.96 45.92 45.9 45.94 45.92 45.86 45.82 45.8 45.79 45.79 45.76 45.74 45.71 45.72 45.71 45.69 45.69 45.71 45.75 45.78 45.8 45.76 45.71 45.68 45.63 45.63 45.61 45.61
46.16 46.14 46.15 46.16 46.15 46.14 46.17 46.21 46.2 46.18 46.17 46.18 46.17 46.16 46.15 46.14 46.14 46.16 46.16 46.18 46.19 46.17 46.16 46.15 46.14 46.15 46.15 46.15 46.15 46.13 46.09 46.07 46.06 46.03 46.05 46.05 46.04 46.03 46.04 46.03 45.99 45.95 45.96 45.98 45.98 45.96 45.96 45.97 45.98 45.97 45.96 45.94 45.91 45.91 45.9 45.88 45.85 45.83 45.82 45.82 45.78 45.74 45.72 45.73 45.7 45.68 45.68 45.7 45.71 45.72 45.77 45.78 45.76 45.72 45.65 45.63 45.6 45.6
46.16 46.14 46.15 46.16 46.15 46.13 46.16 46.2 46.2 46.18 46.16 46.16 46.16 46.15 46.16 46.16 46.17 46.17 46.18 46.17 46.15 46.15 46.15 46.15 46.13 46.12 46.12 46.12 46.14 46.15 46.12 46.1 46.07 46.04 46.04 46.05 46.04 46.05 46.04 46.03 46.01 45.97 45.97 45.99 45.97 45.96 45.96 45.97 45.96 45.96 45.95 45.94 45.89 45.88 45.89 45.89 45.85 45.84 45.82 45.82 45.79 45.75 45.74 45.73 45.69 45.69 45.69 45.7 45.68 45.69 45.74 45.77 45.8 45.77 45.7 45.64 45.58 45.6
46.16 46.15 46.15 46.16 46.15 46.12 46.14 46.19 46.2 46.19 46.15 46.16 46.15 46.16 46.16 46.17 46.19 46.18 46.21 46.18 46.15 46.15 46.14 46.16 46.11 46.09 46.09 46.09 46.12 46.12 46.11 46.09 46.04 46.04 46.06 46.07 46.05 46.03 46.03 46.02 46 45.99 45.99 45.99 45.97 45.97 45.98 45.97 45.96 45.95 45.95 45.94 45.9 45.87 45.88 45.89 45.87 45.84 45.82 45.82 45.79 45.77 45.76 45.75 45.71 45.71 45.7 45.72 45.69 45.69 45.73 45.77 45.8 45.79 45.75 45.68 45.64 45.63
46.17 46.17 46.16 46.16 46.15 46.14 46.13 46.18 46.19 46.18 46.15 46.15 46.15 46.15 46.17 46.16 46.16 46.17 46.18 46.17 46.14 46.15 46.13 46.13 46.1 46.07 46.07 46.08 46.11 46.09 46.08 46.06 46.04 46.03 46.05 46.07 46.05 46.01 46 46 46.01 46 46 45.99 45.98 45.99 45.99 45.97 45.96 45.95 45.94 45.95 45.93 45.91 45.9 45.89 45.88 45.87 45.84 45.83 45.79 45.78 45.76 45.76 45.73 45.72 45.71 45.72 45.71 45.7 45.7 45.72 45.74 45.75 45.77 45.73 45.69 45.66
46.19 46.2 46.17 46.16 46.17 46.16 46.15 46.18 46.17 46.17 46.16 46.16 46.17 46.14 46.16 46.14 46.14 46.15 46.16 46.16 46.15 46.14 46.13 46.12 46.11 46.09 46.08 46.08 46.09 46.07 46.06 46.06 46.07 46.05 46.06 46.07 46.04 45.99 45.98 45.98 46 46.01 46.01 45.99 45.98 45.98 45.99 45.98 45.96 45.95 45.94 45.94 45.95 45.92 45.91 45.88 45.84 45.86 45.86 45.83 45.79 45.79 45.79 45.8 45.78 45.76 45.74 45.74 45.71 45.69 45.68 45.69 45.7 45.72 45.75 45.78 45.73 45.71
46.2 46.22 46.18 46.17 46.18 46.15 46.14 46.16 46.16 46.17 46.15 46.16 46.17 46.14 46.15 46.13 46.11 46.15 46.15 46.15 46.14 46.11 46.12 46.1 46.1 46.11 46.1 46.08 46.06 46.05 46.05 46.06 46.09 46.08 46.08 46.06 46.02 46 45.99 45.98 46 46.03 46.02 46 45.98 45.96 45.99 45.98 45.96 45.95 45.94 45.93 45.94 45.92 45.91 45.87 45.83 45.85 45.86 45.85 45.79 45.79 45.81 45.81 45.8 45.78 45.76 45.74 45.7 45.69 45.7 45.69 45.69 45.7 45.72 45.77 45.75 45.74
46.18 46.22 46.21 46.2 46.19 46.18 46.16 46.15 46.14 46.15 46.15 46.15 46.16 46.16 46.17 46.14 46.12 46.13 46.14 46.13 46.12 46.08 46.09 46.08 46.08 46.09 46.09 46.06 46.04 46.04 46.04 46.06 46.08 46.09 46.09 46.04 46.01 46.02 46.01 46.01 46.01 46.02 46.02 45.99 45.98 45.98 45.99 45.97 45.97 45.95 45.94 45.91 45.92 45.9 45.9 45.86 45.85 45.86 45.85 45.86 45.8 45.82 45.82 45.81 45.8 45.77 45.75 45.73 45.7 45.69 45.7 45.68 45.69 45.7 45.69 45.74 45.75 45.76
46.18 46.22 46.22 46.21 46.19 46.18 46.16 46.16 46.14 46.14 46.14 46.14 46.13 46.14 46.15 46.14 46.13 46.1 46.11 46.11 46.12 46.08 46.08 46.08 46.07 46.07 46.07 46.06 46.04 46.04 46.03 46.05 46.07 46.08 46.08 46.04 46.02 46.02 46.02 46.02 46.02 46.01 45.99 45.98 45.95 45.98 45.98 45.96 45.95 45.95 45.94 45.91 45.89 45.89 45.91 45.88 45.85 45.85 45.84 45.85 45.82 45.83 45.82 45.77 45.78 45.76 45.74 45.73 45.72 45.69 45.7 45.68 45.68 45.69 45.68 45.72 45.74 45.75
46.2 46.22 46.2 46.2 46.2 46.18 46.15 46.16 46.15 46.14 46.13 46.11 46.1 46.11 46.12 46.13 46.13 46.09 46.08 46.08 46.11 46.09 46.09 46.08 46.06 46.07 46.06 46.05 46.04 46.04 46.03 46.04 46.04 46.08 46.07 46.04 46.03 46.03 46.02 46.01 46.01 45.98 45.98 45.97 45.93 45.96 45.96 45.96 45.96 45.96 45.93 45.89 45.86 45.88 45.9 45.88 45.86 45.84 45.83 45.85 45.84 45.84 45.81 45.76 45.77 45.75 45.72 45.73 45.72 45.7 45.7 45.68 45.68 45.69 45.67 45.7 45.71 45.72
