slabs/5.grd
DSAA
631 301
642000 642630
4947200 4947500
45.06 49.6
[rows 34 to 67 of 301, columns 468 to 545 of 631]
46.91 46.92 46.89 46.86 46.9 46.88 46.89 46.85 46.73 46.74 46.8 46.89 46.92 46.89 46.81 46.71 46.67 46.66 46.67 46.77 46.82 46.78 46.67 46.61 46.64 46.64 46.63 46.55 46.48 46.41 46.39 46.39 46.42 46.46 46.55 46.61 46.58 46.62 46.68 46.71 46.72 46.7 46.68 46.73 46.72 46.69 46.65 46.71 46.71 46.7 46.65 46.61 46.61 46.62 46.57 46.49 46.47 46.4 46.41 46.48 46.49 46.49 46.51 46.5 46.51 46.55 46.52 46.51 46.53 46.59 46.64 46.66 46.66 46.61 46.51 46.46 46.41 46.43
46.91 46.93 46.87 46.83 46.87 46.88 46.88 46.88 46.71 46.74 46.75 46.86 46.92 46.91 46.84 46.74 46.66 46.65 46.64 46.75 46.81 46.8 46.7 46.61 46.62 46.64 46.64 46.58 46.54 46.43 46.36 46.39 46.41 46.44 46.52 46.58 46.59 46.63 46.66 46.68 46.7 46.68 46.64 46.66 46.66 46.66 46.66 46.59 46.64 46.7 46.65 46.59 46.62 46.65 46.57 46.49 46.47 46.42 46.43 46.45 46.45 46.49 46.5 46.5 46.49 46.54 46.53 46.51 46.51 46.58 46.65 46.66 46.65 46.63 46.55 46.48 46.42 46.37
46.94 46.98 46.89 46.81 46.85 46.83 46.83 46.87 46.75 46.75 46.69 46.8 46.91 46.91 46.88 46.78 46.69 46.65 46.62 46.72 46.78 46.78 46.72 46.65 46.6 46.61 46.64 46.63 46.57 46.51 46.35 46.32 46.33 46.41 46.52 46.57 46.58 46.61 46.64 46.65 46.66 46.69 46.67 46.64 46.65 46.66 46.66 46.57 46.63 46.7 46.65 46.59 46.62 46.66 46.6 46.56 46.52 46.48 46.48 46.47 46.46 46.48 46.49 46.5 46.48 46.51 46.54 46.52 46.49 46.59 46.65 46.66 46.66 46.65 46.6 46.54 46.48 46.43
46.93 47 46.94 46.82 46.82 46.77 46.79 46.88 46.84 46.78 46.66 46.74 46.88 46.89 46.9 46.8 46.73 46.68 46.63 46.7 46.77 46.76 46.74 46.67 46.59 46.59 46.59 46.63 46.58 46.54 46.37 46.28 46.28 46.35 46.51 46.55 46.58 46.62 46.62 46.64 46.65 46.69 46.71 46.66 46.66 46.65 46.64 46.64 46.66 46.7 46.68 46.6 46.59 46.62 46.61 46.59 46.57 46.54 46.54 46.52 46.48 46.48 46.49 46.5 46.48 46.49 46.49 46.47 46.45 46.54 46.62 46.64 46.67 46.66 46.65 46.6 46.51 46.45
46.93 46.98 46.95 46.84 46.8 46.74 46.78 46.88 46.89 46.81 46.7 46.74 46.82 46.83 46.86 46.83 46.74 46.69 46.62 46.62 46.72 46.72 46.75 46.75 46.62 46.57 46.53 46.62 46.61 46.56 46.41 46.29 46.29 46.3 46.45 46.53 46.56 46.62 46.61 46.63 46.64 46.67 46.72 46.68 46.67 46.64 46.61 46.67 46.68 46.72 46.71 46.62 46.59 46.57 46.57 46.57 46.58 46.56 46.58 46.55 46.47 46.48 46.52 46.52 46.49 46.49 46.49 46.49 46.49 46.52 46.54 46.6 46.67 46.64 46.66 46.64 46.55 46.47
46.92 46.91 46.92 46.88 46.82 46.79 46.82 46.89 46.88 46.81 46.73 46.75 46.8 46.82 46.86 46.88 46.78 46.73 46.64 46.61 46.65 46.68 46.73 46.8 46.66 46.59 46.51 46.59 46.6 46.57 46.46 46.31 46.29 46.28 46.37 46.52 46.54 46.6 46.59 46.59 46.6 46.65 46.72 46.7 46.68 46.64 46.59 46.66 46.67 46.69 46.7 46.67 46.63 46.56 46.55 46.54 46.53 46.53 46.53 46.5 46.45 46.46 46.52 46.51 46.48 46.48 46.49 46.5 46.52 46.52 46.51 46.59 46.65 46.63 46.65 46.66 46.58 46.48
46.93 46.9 46.89 46.92 46.83 46.83 46.83 46.86 46.86 46.84 46.77 46.8 46.76 46.79 46.85 46.88 46.82 46.77 46.67 46.6 46.62 46.65 46.73 46.8 46.72 46.62 46.52 46.55 46.56 46.56 46.49 46.36 46.32 46.29 46.34 46.5 46.52 46.59 46.59 46.56 46.57 46.62 46.72 46.73 46.69 46.64 46.6 46.64 46.65 46.65 46.63 46.65 46.66 46.57 46.54 46.52 46.51 46.49 46.49 46.48 46.45 46.39 46.45 46.46 46.46 46.46 46.44 46.45 46.46 46.46 46.47 46.54 46.66 46.65 46.65 46.66 46.6 46.49
46.92 46.91 46.89 46.93 46.9 46.87 46.82 46.84 46.89 46.9 46.84 46.8 46.71 46.73 46.83 46.86 46.84 46.8 46.68 46.6 46.62 46.64 46.7 46.77 46.74 46.64 46.53 46.53 46.54 46.55 46.49 46.42 46.36 46.31 46.32 46.45 46.48 46.57 46.6 46.56 46.55 46.59 46.7 46.74 46.69 46.64 46.62 46.63 46.63 46.63 46.62 46.66 46.69 46.58 46.56 46.56 46.54 46.46 46.44 46.44 46.45 46.37 46.43 46.45 46.47 46.44 46.43 46.43 46.4 46.44 46.44 46.5 46.65 46.65 46.64 46.65 46.62 46.53
46.9 46.89 46.85 46.89 46.97 46.9 46.79 46.78 46.87 46.88 46.86 46.77 46.75 46.74 46.82 46.84 46.84 46.81 46.71 46.62 46.62 46.61 46.67 46.74 46.73 46.66 46.54 46.5 46.51 46.54 46.51 46.48 46.4 46.32 46.27 46.38 46.45 46.54 46.57 46.55 46.54 46.59 46.68 46.71 46.7 46.64 46.63 46.62 46.63 46.65 46.59 46.62 46.67 46.6 46.57 46.58 46.56 46.47 46.41 46.43 46.47 46.44 46.46 46.46 46.47 46.44 46.43 46.42 46.43 46.46 46.46 46.5 46.63 46.63 46.62 46.63 46.64 46.57
46.87 46.87 46.86 46.86 46.98 46.92 46.79 46.76 46.84 46.85 46.86 46.8 46.81 46.75 46.79 46.82 46.83 46.83 46.76 46.65 46.62 46.6 46.65 46.72 46.73 46.7 46.56 46.48 46.48 46.53 46.56 46.53 46.44 46.32 46.26 46.28 46.4 46.52 46.53 46.53 46.53 46.6 46.66 46.68 46.7 46.65 46.63 46.62 46.62 46.67 46.63 46.64 46.66 46.64 46.59 46.57 46.53 46.47 46.4 46.42 46.46 46.44 46.44 46.44 46.45 46.43 46.43 46.42 46.47 46.48 46.49 46.51 46.57 46.62 46.61 46.62 46.65 46.62
46.88 46.87 46.87 46.88 46.96 46.93 46.82 46.79 46.86 46.87 46.89 46.85 46.82 46.74 46.74 46.81 46.83 46.84 46.8 46.68 46.64 46.6 46.63 46.68 46.7 46.71 46.6 46.49 46.48 46.52 46.55 46.49 46.45 46.36 46.31 46.21 46.33 46.47 46.5 46.51 46.52 46.55 46.59 46.61 46.65 46.65 46.61 46.6 46.63 46.67 46.65 46.65 46.67 46.63 46.63 46.57 46.5 46.47 46.42 46.41 46.43 46.44 46.42 46.42 46.43 46.42 46.42 46.43 46.45 46.49 46.49 46.49 46.51 46.59 46.61 46.63 46.67 46.65
46.89 46.89 46.9 46.92 46.92 46.91 46.84 46.8 46.84 46.86 46.88 46.87 46.83 46.74 46.69 46.77 46.79 46.83 46.82 46.7 46.65 46.59 46.59 46.62 46.65 46.7 46.64 46.52 46.49 46.5 46.55 46.53 46.49 46.4 46.32 46.24 46.29 46.41 46.5 46.51 46.52 46.53 46.57 46.58 46.63 46.64 46.62 46.6 46.63 46.66 46.65 46.64 46.65 46.6 46.59 46.53 46.47 46.47 46.45 46.39 46.41 46.44 46.43 46.41 46.42 46.43 46.43 46.43 46.43 46.48 46.46 46.46 46.49 46.55 46.59 46.61 46.66 46.64
46.87 46.88 46.92 46.94 46.86 46.87 46.84 46.79 46.8 46.82 46.85 46.88 46.86 46.76 46.66 46.72 46.74 46.8 46.8 46.74 46.67 46.58 46.58 46.64 46.67 46.72 46.68 46.57 46.52 46.48 46.5 46.51 46.5 46.42 46.33 46.26 46.19 46.3 46.47 46.49 46.54 46.53 46.58 46.58 46.6 46.63 46.62 46.61 46.6 46.63 46.65 46.63 46.62 46.58 46.55 46.5 46.47 46.47 46.45 46.38 46.35 46.4 46.4 46.39 46.43 46.43 46.43 46.44 46.45 46.46 46.44 46.43 46.42 46.49 46.56 46.62 46.66 46.66
46.85 46.85 46.89 46.92 46.85 46.84 46.82 46.78 46.78 46.82 46.85 46.89 46.86 46.78 46.71 46.68 46.72 46.8 46.8 46.78 46.71 46.59 46.58 46.63 46.66 46.7 46.69 46.64 46.58 46.47 46.47 46.48 46.51 46.45 46.32 46.23 46.11 46.21 46.42 46.47 46.55 46.54 46.55 46.56 46.59 46.62 46.62 46.6 46.57 46.59 46.64 46.63 46.61 46.6 46.57 46.53 46.5 46.49 46.46 46.38 46.3 46.36 46.37 46.37 46.42 46.45 46.44 46.47 46.47 46.44 46.44 46.4 46.41 46.45 46.52 46.62 46.68 46.68
46.87 46.84 46.83 46.9 46.88 46.82 46.79 46.77 46.78 46.82 46.85 46.91 46.88 46.81 46.73 46.6 46.69 46.81 46.8 46.8 46.73 46.61 46.55 46.56 46.59 46.63 46.69 46.67 46.6 46.49 46.47 46.5 46.52 46.41 46.31 46.22 46.11 46.16 46.35 46.42 46.54 46.57 46.54 46.54 46.58 46.61 46.62 46.59 46.55 46.58 46.61 46.62 46.61 46.64 46.61 46.56 46.53 46.5 46.48 46.41 46.32 46.41 46.41 46.35 46.39 46.47 46.48 46.49 46.48 46.48 46.48 46.44 46.43 46.44 46.48 46.58 46.63 46.64
46.89 46.85 46.8 46.89 46.87 46.8 46.82 46.8 46.8 46.82 46.85 46.91 46.89 46.85 46.71 46.58 46.64 46.76 46.81 46.81 46.76 46.67 46.59 46.57 46.56 46.62 46.69 46.68 46.61 46.52 46.48 46.51 46.53 46.42 46.31 46.24 46.14 46.16 46.29 46.36 46.5 46.58 46.57 46.55 46.57 46.6 46.61 46.59 46.56 46.56 46.58 46.62 46.6 46.66 46.63 46.59 46.58 46.52 46.51 46.46 46.36 46.41 46.43 46.39 46.38 46.46 46.47 46.49 46.48 46.49 46.48 46.47 46.44 46.45 46.48 46.58 46.63 46.63
46.89 46.84 46.82 46.87 46.87 46.83 46.84 46.83 46.81 46.8 46.83 46.9 46.88 46.86 46.76 46.66 46.64 46.72 46.79 46.78 46.78 46.73 46.61 46.58 46.53 46.6 46.67 46.67 46.62 46.54 46.49 46.51 46.54 46.5 46.39 46.33 46.21 46.18 46.22 46.31 46.45 46.56 46.58 46.57 46.57 46.6 46.6 46.58 46.56 46.54 46.57 46.62 46.59 46.63 46.63 46.62 46.63 46.56 46.53 46.47 46.38 46.38 46.41 46.45 46.41 46.45 46.46 46.48 46.48 46.49 46.48 46.49 46.43 46.46 46.5 46.57 46.63 46.63
46.88 46.84 46.79 46.79 46.83 46.9 46.85 46.84 46.85 46.81 46.81 46.86 46.84 46.83 46.82 46.72 46.65 46.63 46.76 46.77 46.79 46.78 46.64 46.6 46.51 46.58 46.62 46.64 46.63 46.55 46.48 46.49 46.54 46.56 46.48 46.41 46.27 46.17 46.15 46.24 46.41 46.53 46.55 46.57 46.55 46.58 46.59 46.58 46.56 46.56 46.58 46.59 46.58 46.6 46.61 46.62 46.65 46.61 46.57 46.48 46.39 46.37 46.39 46.45 46.44 46.44 46.43 46.46 46.49 46.5 46.49 46.49 46.45 46.47 46.5 46.53 46.61 46.61
46.91 46.91 46.86 46.82 46.82 46.86 46.87 46.88 46.9 46.85 46.75 46.77 46.78 46.81 46.82 46.75 46.65 46.59 46.71 46.73 46.78 46.79 46.7 46.64 46.53 46.57 46.59 46.6 46.63 46.57 46.49 46.48 46.53 46.54 46.49 46.44 46.31 46.18 46.15 46.22 46.37 46.5 46.52 46.55 46.54 46.56 46.58 46.59 46.56 46.57 46.58 46.58 46.59 46.6 46.61 46.64 46.66 46.65 46.59 46.52 46.45 46.4 46.4 46.44 46.43 46.43 46.41 46.44 46.49 46.49 46.46 46.47 46.48 46.48 46.49 46.5 46.56 46.58
46.9 46.92 46.89 46.8 46.79 46.82 46.89 46.89 46.91 46.88 46.74 46.73 46.77 46.8 46.83 46.78 46.7 46.62 46.67 46.69 46.77 46.79 46.72 46.66 46.55 46.55 46.57 46.58 46.61 46.6 46.51 46.5 46.51 46.52 46.48 46.46 46.39 46.24 46.21 46.17 46.29 46.43 46.46 46.54 46.54 46.6 46.58 46.59 46.6 46.58 46.55 46.54 46.57 46.6 46.58 46.6 46.62 46.64 46.59 46.57 46.53 46.46 46.41 46.42 46.41 46.41 46.43 46.45 46.48 46.48 46.46 46.46 46.48 46.47 46.47 46.48 46.52 46.54
46.84 46.87 46.88 46.79 46.78 46.84 46.9 46.91 46.91 46.9 46.79 46.76 46.77 46.79 46.84 46.82 46.75 46.67 46.64 46.67 46.76 46.77 46.73 46.68 46.55 46.52 46.54 46.55 46.61 46.64 46.55 46.52 46.5 46.49 46.48 46.46 46.39 46.21 46.18 46.16 46.26 46.34 46.38 46.5 46.54 46.56 46.56 46.57 46.61 46.58 46.53 46.51 46.56 46.59 46.54 46.55 46.61 46.63 46.62 46.55 46.54 46.49 46.42 46.4 46.39 46.4 46.43 46.46 46.45 46.48 46.48 46.45 46.47 46.47 46.45 46.48 46.47 46.51
46.82 46.87 46.88 46.8 46.76 46.83 46.91 46.92 46.89 46.89 46.81 46.79 46.76 46.77 46.81 46.8 46.77 46.71 46.64 46.67 46.72 46.72 46.74 46.7 46.57 46.49 46.49 46.53 46.62 46.65 46.6 46.56 46.47 46.44 46.45 46.47 46.39 46.24 46.21 46.19 46.13 46.21 46.3 46.46 46.55 46.56 46.56 46.56 46.6 46.59 46.56 46.53 46.55 46.57 46.53 46.52 46.6 46.61 46.61 46.53 46.51 46.49 46.43 46.41 46.38 46.38 46.42 46.45 46.42 46.46 46.5 46.44 46.46 46.46 46.46 46.47 46.39 46.48
46.8 46.88 46.86 46.78 46.76 46.81 46.89 46.89 46.84 46.86 46.83 46.81 46.78 46.75 46.76 46.77 46.74 46.73 46.7 46.67 46.69 46.7 46.75 46.72 46.61 46.49 46.48 46.53 46.61 46.62 46.62 46.59 46.49 46.43 46.44 46.46 46.38 46.29 46.25 46.21 46.16 46.23 46.31 46.4 46.54 46.56 46.55 46.55 46.59 46.59 46.57 46.54 46.55 46.56 46.54 46.52 46.59 46.6 46.6 46.54 46.5 46.48 46.44 46.41 46.37 46.38 46.41 46.44 46.41 46.45 46.49 46.45 46.43 46.44 46.47 46.45 46.41 46.47
46.76 46.83 46.82 46.77 46.78 46.8 46.82 46.84 46.82 46.85 46.86 46.85 46.79 46.73 46.73 46.76 46.74 46.73 46.72 46.65 46.65 46.72 46.72 46.73 46.7 46.55 46.51 46.5 46.58 46.62 46.61 46.57 46.49 46.46 46.45 46.44 46.41 46.37 46.32 46.23 46.21 46.22 46.27 46.36 46.51 46.54 46.53 46.54 46.57 46.56 46.56 46.53 46.55 46.56 46.57 46.52 46.55 46.58 46.62 46.56 46.5 46.49 46.44 46.41 46.37 46.4 46.42 46.43 46.42 46.46 46.48 46.45 46.43 46.42 46.46 46.43 46.44 46.44
46.71 46.75 46.78 46.79 46.84 46.81 46.77 46.8 46.82 46.84 46.88 46.86 46.77 46.72 46.71 46.73 46.76 46.74 46.75 46.68 46.62 46.72 46.73 46.74 46.72 46.59 46.55 46.48 46.55 46.59 46.6 46.6 46.51 46.48 46.45 46.43 46.42 46.37 46.33 46.22 46.16 46.12 46.18 46.35 46.49 46.53 46.52 46.53 46.54 46.55 46.56 46.54 46.53 46.54 46.56 46.52 46.5 46.55 46.61 46.58 46.53 46.5 46.46 46.42 46.41 46.43 46.44 46.42 46.43 46.46 46.48 46.47 46.44 46.4 46.42 46.42 46.43 46.44
46.71 46.73 46.76 46.8 46.87 46.85 46.78 46.79 46.81 46.85 46.9 46.88 46.79 46.75 46.74 46.73 46.75 46.74 46.76 46.73 46.6 46.69 46.71 46.72 46.69 46.64 46.59 46.49 46.52 46.57 46.59 46.61 46.52 46.47 46.45 46.43 46.44 46.35 46.31 46.2 46.1 46.05 46.1 46.32 46.47 46.49 46.51 46.52 46.52 46.52 46.56 46.56 46.5 46.51 46.54 46.53 46.5 46.53 46.59 46.59 46.56 46.51 46.45 46.43 46.41 46.44 46.44 46.35 46.36 46.41 46.48 46.49 46.45 46.38 46.39 46.42 46.42 46.45
46.72 46.71 46.73 46.76 46.85 46.85 46.83 46.83 46.86 46.89 46.87 46.84 46.83 46.76 46.72 46.7 46.74 46.75 46.75 46.72 46.58 46.6 46.65 46.7 46.7 46.69 46.63 46.51 46.49 46.56 46.57 46.58 46.52 46.47 46.45 46.42 46.47 46.4 46.34 46.21 46.13 46.08 46.08 46.28 46.43 46.46 46.5 46.51 46.5 46.51 46.54 46.58 46.5 46.51 46.55 46.56 46.54 46.54 46.58 46.59 46.54 46.52 46.48 46.48 46.48 46.45 46.41 46.34 46.34 46.38 46.46 46.5 46.48 46.4 46.37 46.42 46.42 46.43
46.74 46.67 46.73 46.76 46.83 46.8 46.87 46.86 46.88 46.9 46.88 46.85 46.85 46.71 46.66 46.66 46.7 46.75 46.74 46.68 46.54 46.5 46.59 46.69 46.7 46.72 46.66 46.52 46.47 46.54 46.55 46.59 46.54 46.48 46.45 46.42 46.46 46.45 46.38 46.26 46.21 46.16 46.12 46.22 46.41 46.45 46.5 46.51 46.49 46.5 46.51 46.56 46.51 46.51 46.52 46.56 46.56 46.53 46.52 46.55 46.49 46.5 46.48 46.5 46.51 46.46 46.38 46.38 46.38 46.38 46.43 46.49 46.48 46.42 46.35 46.39 46.4 46.37
46.8 46.72 46.77 46.8 46.84 46.83 46.85 46.86 46.86 46.86 46.88 46.85 46.83 46.74 46.69 46.66 46.67 46.71 46.71 46.67 46.56 46.49 46.56 46.67 46.68 46.72 46.67 46.55 46.47 46.51 46.54 46.6 46.57 46.5 46.46 46.4 46.44 46.44 46.42 46.34 46.29 46.23 46.13 46.09 46.39 46.41 46.47 46.51 46.5 46.49 46.5 46.56 46.55 46.53 46.51 46.55 46.54 46.51 46.45 46.46 46.43 46.46 46.48 46.47 46.48 46.47 46.37 46.4 46.39 46.38 46.41 46.47 46.47 46.42 46.35 46.35 46.37 46.34
46.88 46.82 46.8 46.82 46.86 46.87 46.87 46.84 46.82 46.81 46.83 46.77 46.77 46.8 46.74 46.66 46.66 46.68 46.69 46.7 46.64 46.61 46.61 46.65 46.66 46.7 46.67 46.6 46.49 46.48 46.51 46.58 46.6 46.55 46.49 46.39 46.41 46.41 46.44 46.41 46.35 46.28 46.14 46.07 46.31 46.39 46.43 46.48 46.47 46.47 46.51 46.52 46.55 46.52 46.5 46.52 46.52 46.5 46.44 46.38 46.37 46.44 46.5 46.46 46.47 46.48 46.39 46.36 46.37 46.38 46.4 46.45 46.45 46.42 46.35 46.33 46.34 46.33
46.9 46.83 46.8 46.81 46.84 46.86 46.88 46.84 46.81 46.81 46.79 46.72 46.73 46.79 46.75 46.67 46.66 46.68 46.7 46.71 46.7 46.72 46.65 46.63 46.67 46.68 46.67 46.63 46.52 46.48 46.5 46.55 46.6 46.59 46.57 46.47 46.4 46.4 46.44 46.41 46.43 46.37 46.2 46.08 46.14 46.25 46.4 46.45 46.45 46.46 46.49 46.5 46.54 46.52 46.45 46.48 46.51 46.52 46.44 46.33 46.36 46.44 46.51 46.49 46.48 46.47 46.4 46.35 46.37 46.39 46.41 46.43 46.43 46.41 46.37 46.33 46.31 46.29
46.87 46.81 46.76 46.78 46.82 46.84 46.87 46.88 46.84 46.85 46.82 46.75 46.74 46.81 46.79 46.71 46.66 46.68 46.7 46.72 46.68 46.68 46.6 46.59 46.66 46.64 46.65 46.64 46.58 46.53 46.48 46.52 46.57 46.59 46.61 46.52 46.39 46.37 46.4 46.4 46.41 46.38 46.24 46.05 46.04 46.14 46.36 46.41 46.44 46.45 46.47 46.51 46.54 46.53 46.47 46.47 46.49 46.52 46.45 46.36 46.39 46.46 46.53 46.52 46.49 46.45 46.42 46.38 46.38 46.39 46.42 46.44 46.42 46.38 46.38 46.34 46.33 46.3
46.86 46.81 46.75 46.78 46.83 46.85 46.87 46.89 46.85 46.88 46.85 46.79 46.77 46.85 46.85 46.78 46.67 46.68 46.7 46.71 46.64 46.6 46.54 46.54 46.62 46.62 46.64 46.65 46.64 46.59 46.5 46.51 46.54 46.56 46.61 46.56 46.43 46.4 46.38 46.39 46.36 46.37 46.32 46.03 46.01 46.08 46.3 46.39 46.41 46.44 46.46 46.51 46.53 46.54 46.51 46.47 46.47 46.49 46.46 46.39 46.42 46.48 46.56 46.55 46.53 46.46 46.46 46.37 46.34 46.34 46.4 46.43 46.44 46.4 46.37 46.36 46.35 46.34
46.87 46.85 46.79 46.76 46.8 46.84 46.86 46.89 46.85 46.88 46.86 46.83 46.81 46.81 46.85 46.83 46.69 46.66 46.67 46.69 46.65 46.58 46.52 46.49 46.55 46.58 46.64 46.68 46.64 46.61 46.53 46.48 46.51 46.52 46.57 46.58 46.5 46.45 46.36 46.37 46.37 46.39 46.39 46.08 46.02 46.06 46.25 46.39 46.39 46.43 46.44 46.48 46.5 46.53 46.51 46.49 46.47 46.47 46.45 46.39 46.41 46.47 46.56 46.57 46.53 46.46 46.47 46.39 46.32 46.29 46.36 46.4 46.45 46.42 46.34 46.36 46.31 46.3
