slabs/5.grd
DSAA
631 301
642000 642630
4947200 4947500
45.06 49.6
[rows 170 to 203 of 301, columns 0 to 77 of 631]
49.12 49.05 49.06 49.06 49.06 49.02 48.98 48.99 49.02 49 48.97 48.96 48.93 48.85 48.84 48.81 48.78 48.74 48.78 48.84 48.84 48.77 48.71 48.58 48.28 48.07 48.18 48.33 48.35 48.37 48.39 48.4 48.42 48.3 47.93 47.08 46.37 46.44 46.82 47.67 48.25 48.34 48.28 48.12 48.03 48.04 48.07 48.08 48.13 48.12 48.04 47.95 47.94 47.93 47.9 47.92 47.89 47.9 47.92 47.84 47.83 47.82 47.79 47.82 47.82 47.81 47.74 47.68 47.66 47.62 47.59 47.51 47.52 47.54 47.49 47.51 47.53 47.52
49.12 49.04 49.05 49.05 49.05 49 48.96 48.98 49.01 49 48.96 48.95 48.93 48.87 48.85 48.8 48.77 48.74 48.75 48.79 48.79 48.69 48.66 48.6 48.36 48.1 48.17 48.32 48.36 48.43 48.42 48.41 48.44 48.37 47.99 47.13 46.43 46.46 46.81 47.65 48.27 48.34 48.32 48.16 47.98 48.02 48.07 48.12 48.18 48.2 48.16 48.06 48.1 48.06 47.96 47.93 47.92 47.91 47.9 47.84 47.82 47.79 47.75 47.78 47.79 47.8 47.73 47.67 47.64 47.59 47.61 47.57 47.57 47.58 47.52 47.51 47.53 47.52
49.12 49.04 49.02 49.03 49.04 48.99 48.96 48.97 49 49 48.94 48.94 48.93 48.89 48.86 48.8 48.79 48.75 48.74 48.74 48.77 48.7 48.68 48.61 48.43 48.16 48.18 48.32 48.37 48.43 48.42 48.42 48.45 48.38 48.06 47.31 46.6 46.53 46.76 47.55 48.21 48.28 48.32 48.18 47.99 48 48.05 48.14 48.23 48.25 48.22 48.15 48.17 48.12 48.02 47.97 47.95 47.93 47.9 47.84 47.82 47.77 47.73 47.72 47.73 47.74 47.74 47.72 47.69 47.64 47.65 47.63 47.61 47.57 47.52 47.5 47.52 47.52
49.12 49.06 48.99 49 49.03 48.99 48.96 48.97 48.99 48.98 48.95 48.94 48.93 48.89 48.86 48.8 48.78 48.75 48.74 48.74 48.78 48.74 48.71 48.63 48.48 48.21 48.19 48.31 48.36 48.4 48.4 48.41 48.43 48.37 48.1 47.49 46.81 46.61 46.64 47.4 48.06 48.18 48.3 48.16 48.01 48.01 48.05 48.16 48.26 48.24 48.18 48.12 48.12 48.1 48.02 47.95 47.96 47.94 47.87 47.92 47.89 47.79 47.74 47.74 47.72 47.73 47.79 47.78 47.75 47.66 47.64 47.64 47.62 47.54 47.52 47.53 47.52 47.55
49.12 49.08 48.98 48.99 49.01 48.98 48.97 48.96 48.94 48.96 48.97 48.95 48.93 48.91 48.88 48.82 48.77 48.73 48.72 48.74 48.79 48.75 48.72 48.64 48.51 48.27 48.2 48.28 48.35 48.39 48.4 48.41 48.41 48.38 48.16 47.59 46.89 46.64 46.6 47.31 47.97 48.13 48.3 48.17 48.05 48.04 48.06 48.14 48.24 48.19 48.09 48.04 48.01 48.01 47.99 47.93 47.92 47.9 47.88 47.92 47.92 47.86 47.76 47.77 47.77 47.78 47.82 47.75 47.74 47.67 47.64 47.61 47.59 47.51 47.5 47.51 47.5 47.57
49.09 49.08 49.01 48.99 49 48.99 48.97 48.93 48.89 48.97 48.96 48.94 48.92 48.91 48.88 48.84 48.77 48.74 48.71 48.72 48.78 48.77 48.74 48.65 48.53 48.33 48.2 48.25 48.34 48.38 48.42 48.43 48.39 48.4 48.23 47.68 46.89 46.61 46.52 47.26 47.99 48.15 48.32 48.22 48.09 48.05 48.04 48.05 48.13 48.15 48.07 47.98 47.95 47.96 47.96 47.92 47.9 47.89 47.92 47.95 47.95 47.88 47.79 47.82 47.8 47.8 47.82 47.71 47.7 47.68 47.61 47.57 47.57 47.52 47.5 47.49 47.51 47.59
49.07 49.06 49.04 48.99 48.99 48.98 48.98 48.93 48.89 48.97 48.96 48.93 48.92 48.9 48.89 48.84 48.77 48.76 48.72 48.7 48.77 48.78 48.76 48.66 48.54 48.4 48.22 48.26 48.34 48.37 48.42 48.44 48.39 48.4 48.26 47.75 46.93 46.64 46.45 47.2 47.96 48.09 48.26 48.27 48.11 48.08 48.04 48.03 48.09 48.13 48.06 47.95 47.95 47.95 47.94 47.89 47.89 47.92 47.95 47.94 47.94 47.89 47.84 47.89 47.85 47.8 47.81 47.72 47.7 47.68 47.58 47.55 47.58 47.59 47.57 47.56 47.57 47.6
49.06 49.05 49.04 49 48.97 48.98 48.98 48.94 48.9 48.96 48.95 48.93 48.92 48.89 48.88 48.84 48.77 48.75 48.72 48.69 48.75 48.78 48.76 48.67 48.56 48.47 48.23 48.24 48.36 48.37 48.42 48.43 48.41 48.4 48.29 47.83 47.06 46.86 46.48 47.13 47.79 47.99 48.23 48.28 48.14 48.1 48.08 48.07 48.1 48.11 48.02 47.91 47.92 47.92 47.94 47.85 47.87 47.94 47.94 47.9 47.91 47.91 47.89 47.93 47.87 47.78 47.76 47.74 47.72 47.73 47.62 47.6 47.63 47.67 47.63 47.64 47.61 47.59
49.05 49.04 49.03 48.99 48.97 48.98 48.98 48.95 48.92 48.94 48.94 48.92 48.9 48.86 48.86 48.84 48.78 48.75 48.72 48.68 48.72 48.77 48.76 48.68 48.59 48.53 48.27 48.19 48.35 48.36 48.41 48.43 48.41 48.4 48.37 47.98 47.35 47.02 46.45 46.91 47.6 47.9 48.19 48.21 48.13 48.07 48.11 48.16 48.15 48.1 47.98 47.91 47.91 47.91 47.94 47.85 47.88 47.93 47.89 47.9 47.9 47.91 47.89 47.9 47.84 47.72 47.7 47.73 47.74 47.78 47.7 47.68 47.69 47.69 47.66 47.66 47.62 47.61
49.05 49.02 49.01 48.99 48.95 48.97 48.96 48.94 48.92 48.91 48.91 48.89 48.87 48.84 48.85 48.83 48.78 48.75 48.73 48.68 48.68 48.74 48.77 48.67 48.61 48.55 48.32 48.1 48.29 48.32 48.39 48.42 48.42 48.41 48.37 48.12 47.56 47.12 46.44 46.7 47.44 47.79 48.2 48.21 48.16 48.07 48.16 48.26 48.23 48.11 47.95 47.93 47.93 47.93 47.95 47.88 47.91 47.92 47.83 47.89 47.89 47.88 47.85 47.84 47.81 47.73 47.74 47.76 47.79 47.84 47.76 47.75 47.75 47.7 47.65 47.63 47.62 47.65
49.04 49.02 49.01 49 48.91 48.94 48.94 48.93 48.93 48.88 48.89 48.91 48.87 48.85 48.86 48.83 48.79 48.76 48.7 48.67 48.68 48.71 48.74 48.69 48.62 48.57 48.37 48.1 48.24 48.29 48.38 48.42 48.43 48.4 48.35 48.21 47.71 47.26 46.58 46.53 47.1 47.69 48.21 48.22 48.2 48.13 48.24 48.3 48.24 48.09 47.93 47.94 47.95 47.95 47.97 47.92 47.94 47.94 47.83 47.86 47.89 47.89 47.82 47.83 47.84 47.82 47.83 47.84 47.84 47.83 47.78 47.76 47.78 47.69 47.67 47.66 47.66 47.66
49.02 49.01 49 48.98 48.89 48.92 48.93 48.93 48.94 48.88 48.88 48.91 48.87 48.85 48.84 48.81 48.79 48.76 48.69 48.63 48.65 48.67 48.75 48.72 48.63 48.59 48.42 48.14 48.26 48.3 48.37 48.41 48.42 48.41 48.38 48.31 47.93 47.36 46.67 46.46 46.83 47.61 48.16 48.23 48.22 48.16 48.23 48.25 48.18 48.05 47.93 47.95 47.95 47.98 47.98 47.95 47.97 47.99 47.89 47.92 47.94 47.92 47.84 47.84 47.87 47.93 47.87 47.88 47.85 47.83 47.78 47.78 47.8 47.72 47.72 47.72 47.72 47.69
49.01 49 49 48.99 48.92 48.91 48.92 48.93 48.93 48.88 48.88 48.87 48.82 48.82 48.83 48.8 48.81 48.77 48.71 48.65 48.62 48.65 48.77 48.75 48.64 48.6 48.45 48.18 48.21 48.29 48.35 48.42 48.42 48.41 48.42 48.38 48.12 47.46 46.71 46.45 46.73 47.52 48.12 48.26 48.24 48.15 48.11 48.17 48.12 48.04 47.97 47.96 47.97 48.02 47.96 47.97 47.99 48.03 47.99 47.99 47.98 47.96 47.93 47.91 47.89 47.89 47.87 47.88 47.83 47.83 47.79 47.82 47.8 47.75 47.74 47.75 47.78 47.73
49.01 48.98 48.98 48.98 48.93 48.88 48.89 48.93 48.9 48.88 48.85 48.84 48.83 48.84 48.84 48.8 48.79 48.77 48.72 48.66 48.63 48.64 48.75 48.74 48.64 48.6 48.48 48.24 48.15 48.26 48.35 48.41 48.42 48.41 48.4 48.4 48.2 47.6 46.82 46.36 46.61 47.41 48.1 48.31 48.27 48.15 48.05 48.09 48.08 48.06 48.01 48 48 48.02 47.97 47.99 48.04 48.04 48.04 48.03 48.02 47.98 47.94 47.91 47.89 47.9 47.93 47.93 47.88 47.87 47.84 47.85 47.8 47.77 47.78 47.79 47.8 47.73
48.97 48.95 48.96 48.97 48.93 48.9 48.89 48.92 48.91 48.9 48.86 48.85 48.86 48.85 48.84 48.79 48.78 48.76 48.71 48.66 48.64 48.64 48.7 48.74 48.64 48.61 48.5 48.3 48.18 48.23 48.35 48.41 48.41 48.41 48.37 48.39 48.22 47.7 46.95 46.22 46.51 47.35 48.08 48.34 48.3 48.18 48.11 48.07 48.09 48.12 48.07 48.07 48.1 48.08 48.05 48.07 48.07 48.07 48.12 48.09 48.02 48.03 47.92 47.89 47.92 47.97 47.99 47.98 47.93 47.96 47.92 47.88 47.79 47.75 47.76 47.76 47.72 47.63
48.97 48.94 48.96 48.98 48.96 48.95 48.9 48.89 48.89 48.89 48.88 48.86 48.86 48.86 48.84 48.78 48.78 48.75 48.7 48.68 48.63 48.63 48.65 48.72 48.65 48.62 48.53 48.34 48.24 48.21 48.35 48.4 48.41 48.41 48.37 48.34 48.21 47.74 47.03 46.17 46.49 47.32 48.03 48.36 48.35 48.24 48.2 48.13 48.15 48.2 48.16 48.15 48.16 48.18 48.17 48.17 48.13 48.13 48.21 48.18 48.08 48.08 47.98 47.97 48.04 48.09 48.03 48 47.94 47.98 47.89 47.85 47.74 47.68 47.68 47.68 47.58 47.54
49.03 49 48.97 48.98 48.99 48.97 48.89 48.85 48.89 48.89 48.88 48.85 48.83 48.85 48.85 48.79 48.79 48.76 48.7 48.68 48.62 48.61 48.62 48.66 48.63 48.63 48.57 48.4 48.31 48.22 48.35 48.39 48.4 48.41 48.4 48.35 48.23 47.77 47.08 46.32 46.59 47.3 47.97 48.3 48.32 48.28 48.23 48.2 48.26 48.29 48.24 48.23 48.21 48.2 48.18 48.19 48.18 48.19 48.23 48.22 48.18 48.17 48.08 48.07 48.12 48.13 48.02 47.98 47.88 47.86 47.77 47.76 47.71 47.67 47.67 47.65 47.58 47.67
49.07 49.05 49 48.97 48.97 48.96 48.89 48.84 48.9 48.9 48.88 48.83 48.82 48.84 48.85 48.81 48.79 48.77 48.72 48.68 48.62 48.6 48.59 48.61 48.61 48.62 48.59 48.46 48.34 48.21 48.35 48.4 48.41 48.4 48.39 48.39 48.28 47.85 46.99 46.15 46.41 47.11 47.88 48.2 48.28 48.33 48.24 48.23 48.29 48.29 48.26 48.24 48.21 48.17 48.14 48.17 48.18 48.2 48.2 48.21 48.2 48.22 48.13 48.09 48.05 47.96 47.92 47.9 47.81 47.75 47.71 47.76 47.79 47.84 47.81 47.77 47.77 47.89
49.06 49.04 48.99 48.96 48.96 48.95 48.9 48.84 48.9 48.91 48.88 48.82 48.83 48.84 48.83 48.81 48.78 48.76 48.72 48.67 48.64 48.6 48.58 48.6 48.61 48.63 48.6 48.49 48.37 48.19 48.34 48.4 48.4 48.4 48.37 48.36 48.27 47.94 47.09 46.21 46.38 46.98 47.74 48 48.27 48.34 48.23 48.22 48.26 48.23 48.18 48.17 48.13 48.11 48.11 48.15 48.17 48.2 48.14 48.13 48.11 48.14 48.09 48.02 47.92 47.76 47.79 47.83 47.8 47.77 47.81 47.92 47.99 48.03 47.99 47.95 47.96 48
49.03 49.01 48.97 48.96 48.96 48.96 48.92 48.85 48.89 48.9 48.88 48.82 48.81 48.82 48.82 48.81 48.77 48.75 48.71 48.66 48.65 48.6 48.57 48.59 48.61 48.64 48.6 48.51 48.41 48.2 48.31 48.36 48.37 48.39 48.39 48.36 48.29 47.99 47.27 46.65 46.36 46.82 47.58 47.83 48.25 48.31 48.21 48.2 48.2 48.13 48.06 48.05 48 48.02 48.02 48.08 48.13 48.09 48.01 47.98 47.96 48.03 48.03 47.95 47.85 47.75 47.78 47.84 47.85 47.86 47.93 48.04 48.11 48.1 48.07 48.05 48.05 48.05
48.98 48.97 48.96 48.95 48.94 48.94 48.94 48.86 48.87 48.89 48.87 48.84 48.78 48.79 48.78 48.8 48.78 48.75 48.7 48.63 48.62 48.58 48.56 48.58 48.62 48.66 48.62 48.55 48.45 48.23 48.28 48.36 48.37 48.39 48.39 48.37 48.3 48.04 47.53 47.03 46.29 46.59 47.45 47.74 48.23 48.28 48.19 48.18 48.16 48.06 47.97 47.95 47.9 47.94 47.92 47.96 48.04 47.9 47.87 47.87 47.92 48.03 48.03 47.98 47.9 47.86 47.88 47.92 47.94 47.95 48 48.07 48.13 48.14 48.11 48.11 48.11 48.08
48.95 48.95 48.96 48.94 48.92 48.93 48.93 48.87 48.84 48.85 48.85 48.82 48.8 48.78 48.78 48.8 48.79 48.76 48.71 48.63 48.61 48.56 48.55 48.54 48.57 48.62 48.63 48.56 48.47 48.23 48.22 48.37 48.39 48.39 48.38 48.36 48.27 48.08 47.79 47.31 46.58 46.76 47.54 47.8 48.22 48.24 48.16 48.16 48.15 48.07 47.97 47.93 47.9 47.97 47.95 47.95 48.03 47.97 47.98 48.01 48.07 48.12 48.1 48.07 48.03 47.99 48.02 48.07 48.07 48.1 48.1 48.1 48.15 48.14 48.12 48.11 48.12 48.11
48.93 48.94 48.96 48.93 48.93 48.93 48.94 48.9 48.84 48.85 48.85 48.81 48.79 48.77 48.77 48.77 48.76 48.73 48.69 48.62 48.6 48.55 48.53 48.52 48.53 48.58 48.62 48.57 48.48 48.24 48.17 48.31 48.37 48.38 48.4 48.37 48.27 48.11 47.94 47.59 47.19 47.38 47.82 47.96 48.17 48.18 48.13 48.13 48.13 48.11 48.06 48.01 47.99 48.04 48.03 48.01 48.1 48.12 48.14 48.15 48.16 48.18 48.18 48.17 48.16 48.13 48.14 48.16 48.14 48.16 48.15 48.15 48.17 48.14 48.13 48.13 48.13 48.12
48.93 48.95 48.96 48.94 48.92 48.91 48.92 48.89 48.86 48.85 48.85 48.83 48.81 48.76 48.75 48.74 48.73 48.71 48.68 48.64 48.61 48.55 48.53 48.51 48.53 48.59 48.62 48.56 48.48 48.26 48.12 48.22 48.35 48.38 48.44 48.41 48.31 48.17 48.07 47.91 47.78 47.95 48.04 48.07 48.13 48.15 48.11 48.11 48.11 48.13 48.14 48.13 48.11 48.12 48.12 48.1 48.16 48.22 48.22 48.21 48.21 48.22 48.22 48.21 48.23 48.2 48.2 48.19 48.17 48.18 48.17 48.16 48.18 48.15 48.15 48.16 48.15 48.14
48.91 48.92 48.95 48.95 48.91 48.87 48.88 48.88 48.87 48.83 48.84 48.82 48.8 48.75 48.73 48.74 48.73 48.71 48.67 48.65 48.62 48.56 48.54 48.52 48.55 48.62 48.6 48.55 48.47 48.28 48.05 48.15 48.35 48.4 48.43 48.42 48.37 48.26 48.18 48.14 48.12 48.16 48.13 48.14 48.16 48.15 48.11 48.13 48.13 48.16 48.19 48.24 48.23 48.26 48.24 48.21 48.23 48.29 48.26 48.25 48.26 48.25 48.25 48.24 48.24 48.23 48.22 48.2 48.2 48.22 48.19 48.17 48.17 48.16 48.16 48.16 48.16 48.15
48.89 48.9 48.93 48.93 48.91 48.85 48.85 48.9 48.88 48.82 48.81 48.81 48.79 48.74 48.73 48.71 48.72 48.71 48.66 48.65 48.62 48.55 48.53 48.53 48.55 48.63 48.61 48.57 48.48 48.31 48.05 48.12 48.33 48.41 48.4 48.4 48.4 48.31 48.25 48.24 48.23 48.2 48.19 48.2 48.23 48.2 48.17 48.21 48.21 48.21 48.22 48.27 48.27 48.3 48.29 48.26 48.26 48.29 48.27 48.26 48.27 48.27 48.26 48.25 48.23 48.24 48.23 48.21 48.23 48.23 48.2 48.17 48.16 48.16 48.17 48.15 48.14 48.13
48.9 48.87 48.91 48.93 48.91 48.85 48.83 48.88 48.88 48.83 48.79 48.82 48.79 48.74 48.73 48.69 48.69 48.7 48.66 48.65 48.62 48.55 48.51 48.51 48.53 48.63 48.65 48.6 48.5 48.33 48.12 48.18 48.36 48.43 48.41 48.4 48.39 48.33 48.28 48.26 48.25 48.22 48.25 48.24 48.27 48.26 48.25 48.27 48.26 48.22 48.25 48.3 48.3 48.31 48.3 48.29 48.28 48.28 48.28 48.28 48.29 48.29 48.28 48.26 48.23 48.23 48.24 48.22 48.23 48.21 48.18 48.16 48.15 48.15 48.15 48.12 48.12 48.11
48.9 48.85 48.89 48.91 48.91 48.86 48.84 48.88 48.87 48.82 48.76 48.79 48.78 48.75 48.7 48.66 48.66 48.67 48.66 48.65 48.62 48.55 48.51 48.51 48.52 48.63 48.66 48.63 48.51 48.37 48.19 48.24 48.37 48.43 48.44 48.41 48.4 48.36 48.31 48.29 48.27 48.25 48.26 48.26 48.27 48.28 48.29 48.29 48.29 48.26 48.29 48.32 48.3 48.33 48.32 48.31 48.3 48.3 48.3 48.31 48.32 48.31 48.29 48.26 48.22 48.22 48.23 48.21 48.21 48.19 48.17 48.15 48.13 48.13 48.13 48.1 48.09 48.08
48.9 48.84 48.87 48.89 48.9 48.86 48.83 48.87 48.86 48.81 48.73 48.73 48.75 48.75 48.68 48.63 48.64 48.64 48.65 48.65 48.62 48.55 48.53 48.52 48.52 48.59 48.57 48.55 48.47 48.4 48.23 48.2 48.29 48.42 48.44 48.43 48.41 48.38 48.32 48.31 48.27 48.28 48.27 48.27 48.29 48.31 48.31 48.3 48.31 48.31 48.32 48.32 48.31 48.32 48.31 48.31 48.31 48.32 48.33 48.32 48.31 48.31 48.28 48.25 48.21 48.21 48.22 48.19 48.18 48.18 48.17 48.15 48.13 48.12 48.11 48.08 48.07 48.06
48.89 48.84 48.84 48.88 48.88 48.86 48.83 48.84 48.84 48.8 48.71 48.69 48.73 48.73 48.7 48.66 48.62 48.63 48.64 48.62 48.6 48.55 48.52 48.51 48.5 48.54 48.51 48.5 48.48 48.47 48.3 48.21 48.26 48.41 48.42 48.42 48.4 48.38 48.34 48.31 48.28 48.3 48.29 48.28 48.3 48.32 48.31 48.3 48.32 48.34 48.33 48.34 48.33 48.32 48.32 48.32 48.32 48.33 48.34 48.32 48.3 48.29 48.27 48.25 48.21 48.21 48.2 48.18 48.16 48.17 48.16 48.12 48.09 48.09 48.07 48.04 48 47.99
48.88 48.83 48.8 48.85 48.85 48.85 48.83 48.82 48.82 48.79 48.73 48.7 48.71 48.7 48.7 48.67 48.63 48.63 48.63 48.61 48.59 48.54 48.47 48.48 48.47 48.54 48.56 48.53 48.5 48.47 48.36 48.25 48.25 48.4 48.42 48.43 48.42 48.4 48.36 48.33 48.29 48.3 48.3 48.31 48.29 48.29 48.3 48.3 48.32 48.34 48.34 48.35 48.33 48.33 48.33 48.33 48.32 48.31 48.32 48.3 48.28 48.28 48.27 48.24 48.22 48.21 48.18 48.19 48.13 48.13 48.11 48.06 48.03 48.03 48.02 47.96 47.93 47.92
48.87 48.83 48.76 48.8 48.82 48.82 48.79 48.79 48.8 48.78 48.75 48.72 48.69 48.7 48.69 48.66 48.63 48.62 48.63 48.61 48.58 48.54 48.47 48.47 48.47 48.53 48.58 48.55 48.5 48.47 48.4 48.27 48.2 48.37 48.41 48.46 48.45 48.41 48.39 48.35 48.29 48.3 48.3 48.32 48.27 48.27 48.28 48.29 48.31 48.34 48.35 48.34 48.33 48.34 48.34 48.34 48.3 48.29 48.29 48.29 48.27 48.26 48.25 48.22 48.21 48.19 48.16 48.08 48.02 48.03 48.03 48.03 47.99 47.98 47.98 47.92 47.91 47.91
48.89 48.82 48.77 48.77 48.8 48.82 48.77 48.77 48.78 48.77 48.73 48.7 48.65 48.67 48.66 48.64 48.6 48.59 48.61 48.61 48.57 48.54 48.5 48.49 48.46 48.47 48.55 48.54 48.5 48.46 48.42 48.3 48.14 48.33 48.39 48.47 48.47 48.43 48.41 48.35 48.31 48.3 48.31 48.3 48.28 48.28 48.27 48.29 48.31 48.34 48.34 48.33 48.31 48.32 48.31 48.31 48.3 48.3 48.28 48.26 48.24 48.24 48.2 48.15 48.13 48.09 48.06 48.01 48.02 48.01 48 47.99 47.99 47.98 47.99 47.95 47.96 47.99
48.89 48.83 48.77 48.72 48.77 48.81 48.77 48.75 48.74 48.76 48.71 48.69 48.65 48.63 48.65 48.62 48.57 48.56 48.6 48.59 48.56 48.56 48.52 48.51 48.47 48.43 48.48 48.49 48.49 48.44 48.43 48.33 48.13 48.29 48.36 48.46 48.46 48.45 48.43 48.36 48.33 48.3 48.31 48.31 48.31 48.29 48.28 48.29 48.32 48.32 48.32 48.3 48.29 48.29 48.27 48.27 48.28 48.26 48.23 48.23 48.16 48.15 48.13 48.08 48.06 48.04 48.06 48.09 48.09 48.06 48.02 48.04 48.04 48.04 48.07 48.05 48.06 48.07
