slabs/50.grd
DSAA
631 301
644520 645150
4948700 4949000
41.84 51.23
[rows 34 to 67 of 301, columns 156 to 233 of 631]
44.71 44.71 44.69 44.66 44.64 44.63 44.6 44.59 44.58 44.57 44.55 44.55 44.55 44.53 44.51 44.5 44.48 44.47 44.46 44.45 44.45 44.46 44.46 44.47 44.49 44.49 44.48 44.47 44.47 44.47 44.47 44.49 44.52 44.54 44.54 44.54 44.57 44.59 44.57 44.56 44.57 44.58 44.56 44.56 44.56 44.57 44.55 44.55 44.57 44.58 44.58 44.59 44.6 44.6 44.61 44.63 44.65 44.62 44.59 44.58 44.58 44.59 44.58 44.59 44.62 44.65 44.65 44.67 44.69 44.66 44.62 44.63 44.61 44.55 44.5 44.46 44.49 44.54
44.65 44.64 44.63 44.59 44.56 44.56 44.56 44.54 44.53 44.51 44.5 44.5 44.5 44.49 44.48 44.47 44.45 44.43 44.43 44.43 44.43 44.43 44.45 44.46 44.47 44.47 44.46 44.45 44.46 44.47 44.48 44.48 44.52 44.56 44.53 44.51 44.54 44.59 44.57 44.53 44.54 44.55 44.54 44.53 44.55 44.56 44.54 44.54 44.55 44.55 44.55 44.57 44.59 44.59 44.6 44.61 44.63 44.61 44.58 44.56 44.57 44.58 44.56 44.58 44.62 44.64 44.64 44.65 44.67 44.64 44.61 44.63 44.61 44.57 44.51 44.46 44.48 44.53
44.57 44.57 44.56 44.51 44.49 44.5 44.52 44.52 44.49 44.47 44.46 44.47 44.46 44.45 44.44 44.44 44.44 44.43 44.43 44.42 44.4 44.42 44.44 44.45 44.45 44.45 44.45 44.45 44.46 44.47 44.48 44.48 44.52 44.56 44.52 44.49 44.52 44.57 44.56 44.51 44.51 44.52 44.5 44.5 44.52 44.55 44.53 44.52 44.52 44.53 44.54 44.55 44.57 44.59 44.58 44.57 44.58 44.58 44.58 44.57 44.56 44.55 44.54 44.57 44.62 44.63 44.63 44.64 44.63 44.62 44.63 44.64 44.61 44.58 44.53 44.46 44.48 44.51
44.51 44.49 44.48 44.45 44.44 44.45 44.47 44.48 44.46 44.45 44.45 44.46 44.45 44.44 44.42 44.42 44.42 44.41 44.41 44.41 44.39 44.42 44.46 44.47 44.47 44.46 44.46 44.45 44.46 44.47 44.47 44.47 44.5 44.52 44.49 44.48 44.5 44.54 44.53 44.51 44.5 44.5 44.49 44.48 44.5 44.52 44.52 44.51 44.51 44.52 44.53 44.53 44.54 44.55 44.54 44.54 44.54 44.54 44.55 44.56 44.56 44.55 44.54 44.57 44.61 44.62 44.62 44.62 44.63 44.62 44.62 44.61 44.6 44.59 44.54 44.46 44.46 44.48
44.45 44.43 44.42 44.43 44.41 44.41 44.43 44.45 44.45 44.45 44.45 44.46 44.45 44.43 44.42 44.42 44.42 44.4 44.39 44.4 44.4 44.42 44.45 44.48 44.47 44.45 44.45 44.45 44.45 44.47 44.46 44.47 44.48 44.5 44.47 44.44 44.47 44.51 44.52 44.51 44.5 44.49 44.49 44.48 44.49 44.51 44.51 44.5 44.5 44.51 44.52 44.52 44.52 44.52 44.52 44.52 44.53 44.54 44.55 44.56 44.55 44.53 44.53 44.56 44.59 44.59 44.61 44.62 44.62 44.61 44.61 44.61 44.6 44.59 44.55 44.47 44.44 44.45
44.41 44.4 44.4 44.41 44.41 44.41 44.42 44.44 44.46 44.46 44.46 44.45 44.44 44.44 44.44 44.44 44.43 44.41 44.4 44.41 44.41 44.4 44.42 44.44 44.44 44.44 44.45 44.45 44.45 44.46 44.46 44.45 44.47 44.48 44.44 44.42 44.46 44.5 44.51 44.5 44.49 44.48 44.49 44.48 44.48 44.49 44.49 44.49 44.49 44.5 44.5 44.5 44.52 44.54 44.54 44.54 44.54 44.57 44.59 44.57 44.54 44.53 44.54 44.57 44.58 44.58 44.6 44.62 44.61 44.6 44.61 44.62 44.62 44.61 44.57 44.48 44.43 44.43
44.42 44.4 44.38 44.39 44.39 44.39 44.41 44.44 44.46 44.46 44.45 44.45 44.43 44.43 44.44 44.44 44.43 44.41 44.41 44.44 44.43 44.4 44.4 44.42 44.43 44.45 44.46 44.47 44.46 44.45 44.45 44.44 44.46 44.46 44.43 44.41 44.44 44.49 44.49 44.49 44.47 44.47 44.48 44.48 44.47 44.46 44.46 44.47 44.48 44.48 44.49 44.5 44.52 44.54 44.56 44.55 44.55 44.57 44.58 44.56 44.54 44.55 44.58 44.59 44.58 44.59 44.61 44.61 44.61 44.61 44.61 44.62 44.63 44.62 44.58 44.49 44.43 44.42
44.41 44.39 44.37 44.39 44.39 44.38 44.39 44.41 44.43 44.43 44.45 44.47 44.46 44.44 44.42 44.42 44.42 44.4 44.41 44.44 44.42 44.4 44.41 44.43 44.43 44.45 44.47 44.49 44.47 44.45 44.44 44.43 44.43 44.44 44.43 44.41 44.41 44.45 44.49 44.48 44.45 44.44 44.45 44.45 44.45 44.44 44.44 44.45 44.47 44.48 44.49 44.49 44.5 44.52 44.55 44.55 44.54 44.53 44.53 44.53 44.55 44.57 44.6 44.6 44.58 44.6 44.61 44.62 44.62 44.62 44.62 44.61 44.62 44.63 44.59 44.49 44.43 44.43
44.4 44.39 44.36 44.37 44.39 44.38 44.38 44.39 44.4 44.41 44.45 44.48 44.47 44.43 44.41 44.4 44.4 44.4 44.4 44.41 44.41 44.39 44.41 44.42 44.42 44.43 44.45 44.46 44.46 44.44 44.43 44.42 44.41 44.42 44.43 44.4 44.36 44.41 44.47 44.46 44.43 44.41 44.41 44.41 44.43 44.43 44.43 44.43 44.45 44.47 44.48 44.48 44.49 44.51 44.53 44.54 44.53 44.52 44.52 44.52 44.54 44.56 44.57 44.58 44.58 44.58 44.6 44.61 44.62 44.62 44.62 44.61 44.61 44.62 44.59 44.51 44.44 44.43
44.39 44.39 44.37 44.37 44.38 44.38 44.37 44.37 44.37 44.39 44.43 44.47 44.46 44.43 44.41 44.41 44.42 44.4 44.39 44.4 44.4 44.39 44.38 44.38 44.38 44.39 44.4 44.41 44.44 44.43 44.42 44.41 44.41 44.42 44.42 44.38 44.33 44.38 44.44 44.44 44.42 44.41 44.4 44.41 44.43 44.44 44.44 44.44 44.44 44.44 44.46 44.48 44.49 44.49 44.51 44.52 44.53 44.54 44.53 44.53 44.54 44.54 44.54 44.56 44.57 44.57 44.58 44.6 44.61 44.6 44.61 44.6 44.58 44.59 44.59 44.51 44.43 44.42
44.38 44.38 44.38 44.37 44.37 44.37 44.36 44.36 44.38 44.39 44.42 44.46 44.46 44.43 44.41 44.42 44.43 44.42 44.4 44.41 44.41 44.38 44.35 44.34 44.34 44.34 44.35 44.39 44.42 44.42 44.4 44.4 44.41 44.41 44.42 44.4 44.37 44.39 44.43 44.43 44.41 44.41 44.4 44.4 44.41 44.43 44.45 44.45 44.44 44.43 44.45 44.49 44.49 44.48 44.5 44.52 44.53 44.56 44.55 44.54 44.54 44.53 44.54 44.56 44.56 44.56 44.58 44.6 44.6 44.58 44.59 44.58 44.57 44.57 44.57 44.51 44.42 44.4
44.38 44.38 44.37 44.37 44.38 44.37 44.35 44.36 44.37 44.39 44.42 44.44 44.44 44.42 44.41 44.41 44.43 44.42 44.4 44.41 44.4 44.38 44.35 44.34 44.35 44.35 44.36 44.38 44.41 44.4 44.38 44.37 44.38 44.41 44.43 44.42 44.4 44.38 44.39 44.4 44.4 44.4 44.39 44.41 44.42 44.43 44.45 44.46 44.44 44.43 44.46 44.5 44.5 44.49 44.51 44.54 44.54 44.56 44.56 44.55 44.54 44.54 44.55 44.57 44.56 44.56 44.58 44.6 44.6 44.58 44.58 44.57 44.56 44.55 44.56 44.51 44.43 44.4
44.36 44.36 44.35 44.36 44.39 44.4 44.35 44.33 44.35 44.37 44.4 44.41 44.41 44.41 44.4 44.4 44.42 44.41 44.39 44.38 44.38 44.37 44.34 44.35 44.37 44.38 44.37 44.37 44.39 44.39 44.36 44.36 44.38 44.41 44.43 44.43 44.42 44.39 44.38 44.39 44.4 44.38 44.38 44.4 44.42 44.43 44.45 44.46 44.45 44.45 44.46 44.48 44.49 44.49 44.52 44.54 44.54 44.54 44.54 44.54 44.53 44.53 44.55 44.58 44.57 44.56 44.57 44.6 44.6 44.58 44.57 44.56 44.54 44.53 44.54 44.52 44.45 44.41
44.35 44.34 44.34 44.33 44.37 44.4 44.35 44.32 44.32 44.35 44.38 44.39 44.4 44.41 44.4 44.39 44.39 44.39 44.38 44.36 44.36 44.37 44.35 44.36 44.37 44.38 44.37 44.36 44.37 44.36 44.34 44.35 44.39 44.42 44.42 44.42 44.42 44.39 44.38 44.39 44.4 44.39 44.38 44.39 44.41 44.42 44.43 44.44 44.46 44.46 44.46 44.47 44.47 44.48 44.5 44.53 44.54 44.53 44.52 44.52 44.52 44.52 44.53 44.55 44.55 44.54 44.56 44.57 44.58 44.57 44.56 44.55 44.53 44.53 44.54 44.53 44.48 44.42
44.34 44.33 44.32 44.3 44.34 44.37 44.34 44.33 44.33 44.34 44.37 44.39 44.4 44.4 44.4 44.39 44.38 44.38 44.38 44.37 44.36 44.37 44.37 44.36 44.36 44.37 44.36 44.35 44.35 44.35 44.35 44.37 44.4 44.42 44.42 44.42 44.4 44.37 44.37 44.4 44.41 44.4 44.38 44.37 44.4 44.41 44.41 44.42 44.45 44.46 44.46 44.46 44.48 44.49 44.49 44.52 44.54 44.53 44.52 44.52 44.53 44.53 44.52 44.52 44.51 44.52 44.54 44.56 44.57 44.57 44.57 44.55 44.53 44.52 44.53 44.52 44.49 44.43
44.33 44.31 44.3 44.31 44.32 44.33 44.32 44.33 44.33 44.35 44.37 44.38 44.39 44.41 44.42 44.4 44.38 44.4 44.4 44.38 44.36 44.35 44.35 44.35 44.36 44.36 44.35 44.34 44.34 44.35 44.36 44.37 44.4 44.42 44.41 44.39 44.38 44.37 44.39 44.4 44.4 44.39 44.37 44.38 44.41 44.42 44.41 44.42 44.43 44.44 44.45 44.46 44.49 44.5 44.49 44.51 44.53 44.51 44.51 44.52 44.53 44.52 44.52 44.53 44.53 44.53 44.53 44.54 44.56 44.56 44.56 44.54 44.53 44.52 44.5 44.49 44.49 44.44
44.33 44.32 44.32 44.33 44.32 44.3 44.31 44.33 44.34 44.35 44.37 44.37 44.37 44.39 44.43 44.41 44.39 44.4 44.41 44.39 44.37 44.36 44.34 44.34 44.35 44.35 44.35 44.34 44.35 44.37 44.37 44.37 44.39 44.42 44.39 44.35 44.35 44.39 44.41 44.41 44.38 44.38 44.37 44.38 44.42 44.44 44.41 44.4 44.42 44.42 44.43 44.46 44.48 44.49 44.48 44.48 44.5 44.51 44.51 44.51 44.52 44.51 44.51 44.54 44.55 44.55 44.54 44.55 44.55 44.55 44.55 44.54 44.53 44.51 44.48 44.48 44.49 44.44
44.34 44.33 44.34 44.34 44.33 44.31 44.31 44.32 44.33 44.35 44.37 44.38 44.37 44.38 44.41 44.41 44.39 44.39 44.4 44.39 44.38 44.36 44.34 44.34 44.35 44.35 44.35 44.35 44.36 44.38 44.38 44.35 44.36 44.39 44.37 44.32 44.33 44.37 44.4 44.4 44.37 44.38 44.38 44.38 44.39 44.41 44.4 44.39 44.4 44.41 44.43 44.45 44.46 44.47 44.47 44.46 44.47 44.48 44.49 44.5 44.51 44.5 44.51 44.53 44.54 44.54 44.55 44.55 44.56 44.55 44.54 44.54 44.53 44.5 44.48 44.48 44.48 44.44
44.34 44.34 44.36 44.35 44.33 44.31 44.31 44.31 44.32 44.35 44.38 44.39 44.39 44.39 44.41 44.4 44.38 44.37 44.37 44.37 44.36 44.35 44.34 44.34 44.35 44.36 44.35 44.34 44.34 44.35 44.35 44.33 44.33 44.35 44.35 44.33 44.32 44.33 44.36 44.38 44.38 44.38 44.38 44.38 44.38 44.38 44.38 44.38 44.39 44.4 44.42 44.45 44.46 44.48 44.47 44.45 44.46 44.47 44.49 44.5 44.5 44.5 44.51 44.52 44.54 44.54 44.55 44.55 44.56 44.55 44.54 44.56 44.55 44.51 44.48 44.48 44.47 44.43
44.34 44.35 44.35 44.35 44.33 44.31 44.31 44.31 44.32 44.36 44.38 44.39 44.39 44.39 44.39 44.38 44.35 44.35 44.35 44.35 44.34 44.34 44.35 44.35 44.34 44.33 44.33 44.32 44.31 44.31 44.31 44.32 44.32 44.34 44.34 44.33 44.33 44.36 44.38 44.38 44.38 44.38 44.37 44.37 44.38 44.37 44.37 44.38 44.39 44.4 44.42 44.44 44.45 44.47 44.48 44.45 44.45 44.47 44.49 44.49 44.49 44.49 44.5 44.52 44.55 44.56 44.55 44.54 44.55 44.55 44.56 44.58 44.56 44.51 44.48 44.46 44.46 44.44
44.35 44.33 44.32 44.32 44.31 44.31 44.32 44.32 44.32 44.35 44.37 44.38 44.38 44.37 44.38 44.36 44.33 44.33 44.34 44.34 44.34 44.35 44.37 44.36 44.32 44.31 44.31 44.31 44.32 44.31 44.31 44.31 44.31 44.33 44.33 44.33 44.38 44.44 44.43 44.39 44.38 44.4 44.39 44.38 44.38 44.37 44.36 44.38 44.4 44.42 44.44 44.44 44.45 44.47 44.47 44.45 44.44 44.45 44.47 44.48 44.49 44.49 44.49 44.51 44.54 44.55 44.54 44.53 44.54 44.55 44.55 44.56 44.54 44.51 44.47 44.45 44.46 44.46
44.33 44.31 44.31 44.3 44.29 44.31 44.33 44.33 44.32 44.33 44.35 44.36 44.36 44.36 44.37 44.36 44.33 44.32 44.33 44.34 44.34 44.34 44.35 44.34 44.32 44.32 44.32 44.33 44.33 44.33 44.34 44.34 44.32 44.32 44.33 44.32 44.37 44.43 44.42 44.39 44.39 44.41 44.42 44.39 44.37 44.36 44.36 44.38 44.41 44.43 44.44 44.45 44.46 44.48 44.48 44.45 44.43 44.44 44.46 44.49 44.51 44.5 44.49 44.5 44.53 44.54 44.53 44.52 44.53 44.54 44.54 44.54 44.53 44.5 44.46 44.43 44.47 44.48
44.33 44.31 44.31 44.31 44.3 44.32 44.35 44.35 44.32 44.32 44.35 44.35 44.35 44.36 44.36 44.37 44.35 44.32 44.33 44.35 44.34 44.33 44.32 44.31 44.32 44.32 44.34 44.36 44.35 44.34 44.37 44.38 44.35 44.35 44.36 44.34 44.35 44.39 44.4 44.38 44.37 44.38 44.4 44.39 44.36 44.35 44.35 44.36 44.38 44.41 44.42 44.44 44.46 44.48 44.48 44.45 44.43 44.44 44.45 44.48 44.5 44.51 44.5 44.51 44.52 44.54 44.53 44.51 44.53 44.55 44.54 44.55 44.55 44.51 44.45 44.41 44.46 44.49
44.33 44.32 44.32 44.32 44.31 44.32 44.34 44.36 44.33 44.32 44.34 44.35 44.34 44.35 44.36 44.38 44.36 44.33 44.34 44.36 44.34 44.31 44.31 44.3 44.3 44.3 44.32 44.34 44.33 44.31 44.35 44.37 44.35 44.37 44.37 44.34 44.32 44.34 44.38 44.37 44.36 44.36 44.37 44.36 44.35 44.35 44.35 44.35 44.34 44.37 44.4 44.42 44.43 44.45 44.46 44.45 44.44 44.45 44.46 44.45 44.48 44.51 44.51 44.52 44.53 44.54 44.53 44.51 44.52 44.54 44.53 44.54 44.55 44.53 44.45 44.42 44.45 44.48
44.32 44.32 44.33 44.34 44.34 44.32 44.33 44.35 44.35 44.32 44.3 44.3 44.33 44.35 44.37 44.4 44.39 44.35 44.35 44.37 44.35 44.31 44.31 44.3 44.29 44.3 44.32 44.32 44.3 44.3 44.34 44.37 44.35 44.35 44.34 44.33 44.31 44.32 44.36 44.37 44.36 44.35 44.35 44.35 44.34 44.34 44.34 44.34 44.33 44.35 44.38 44.39 44.4 44.42 44.44 44.44 44.44 44.45 44.47 44.47 44.48 44.5 44.51 44.51 44.52 44.53 44.53 44.52 44.52 44.52 44.52 44.53 44.55 44.53 44.45 44.41 44.44 44.46
44.32 44.33 44.33 44.33 44.34 44.33 44.34 44.34 44.32 44.3 44.28 44.29 44.34 44.36 44.38 44.4 44.39 44.34 44.33 44.33 44.33 44.32 44.32 44.31 44.3 44.31 44.3 44.29 44.28 44.3 44.33 44.36 44.36 44.34 44.32 44.32 44.32 44.33 44.36 44.37 44.37 44.35 44.35 44.35 44.34 44.34 44.35 44.35 44.33 44.34 44.35 44.35 44.36 44.4 44.43 44.42 44.42 44.44 44.47 44.49 44.48 44.47 44.49 44.5 44.52 44.54 44.53 44.51 44.51 44.5 44.52 44.54 44.55 44.51 44.45 44.42 44.43 44.44
44.34 44.34 44.33 44.33 44.31 44.32 44.33 44.32 44.29 44.27 44.27 44.31 44.35 44.37 44.37 44.36 44.34 44.31 44.3 44.3 44.3 44.3 44.31 44.32 44.32 44.32 44.29 44.27 44.27 44.29 44.31 44.32 44.32 44.32 44.32 44.33 44.35 44.36 44.36 44.37 44.37 44.35 44.35 44.35 44.34 44.35 44.36 44.35 44.33 44.33 44.33 44.33 44.36 44.42 44.44 44.44 44.43 44.43 44.46 44.48 44.47 44.47 44.5 44.51 44.52 44.52 44.52 44.5 44.49 44.48 44.51 44.54 44.53 44.49 44.46 44.44 44.42 44.43
44.36 44.33 44.32 44.32 44.33 44.33 44.32 44.31 44.29 44.27 44.28 44.3 44.33 44.35 44.35 44.34 44.32 44.3 44.3 44.3 44.29 44.28 44.3 44.33 44.33 44.31 44.29 44.27 44.28 44.28 44.29 44.28 44.27 44.29 44.32 44.34 44.37 44.37 44.37 44.38 44.38 44.36 44.34 44.34 44.33 44.34 44.34 44.34 44.33 44.33 44.34 44.34 44.37 44.41 44.43 44.45 44.44 44.43 44.44 44.46 44.46 44.46 44.49 44.51 44.51 44.52 44.52 44.5 44.49 44.5 44.52 44.54 44.53 44.49 44.47 44.45 44.42 44.43
44.34 44.31 44.31 44.33 44.34 44.35 44.34 44.33 44.31 44.29 44.29 44.31 44.33 44.34 44.34 44.34 44.32 44.3 44.31 44.31 44.29 44.28 44.3 44.33 44.33 44.31 44.29 44.29 44.29 44.29 44.29 44.28 44.27 44.28 44.32 44.35 44.37 44.37 44.38 44.39 44.37 44.36 44.34 44.34 44.33 44.33 44.34 44.33 44.34 44.34 44.34 44.35 44.37 44.39 44.42 44.44 44.44 44.44 44.44 44.45 44.45 44.45 44.49 44.5 44.51 44.52 44.52 44.52 44.51 44.51 44.53 44.53 44.52 44.49 44.48 44.46 44.43 44.43
44.32 44.31 44.32 44.33 44.34 44.34 44.34 44.34 44.32 44.3 44.3 44.32 44.34 44.34 44.34 44.33 44.32 44.31 44.31 44.31 44.3 44.29 44.3 44.31 44.31 44.3 44.29 44.28 44.29 44.29 44.29 44.28 44.28 44.3 44.33 44.35 44.37 44.38 44.39 44.39 44.36 44.35 44.34 44.34 44.34 44.33 44.33 44.34 44.34 44.35 44.35 44.35 44.36 44.39 44.41 44.41 44.42 44.43 44.43 44.45 44.45 44.46 44.48 44.5 44.5 44.51 44.53 44.53 44.52 44.51 44.51 44.52 44.51 44.5 44.48 44.46 44.43 44.41
44.33 44.35 44.35 44.34 44.33 44.34 44.34 44.33 44.31 44.3 44.3 44.32 44.33 44.34 44.33 44.33 44.33 44.32 44.31 44.31 44.32 44.32 44.31 44.29 44.29 44.29 44.28 44.27 44.27 44.27 44.28 44.3 44.32 44.33 44.34 44.35 44.37 44.36 44.37 44.38 44.38 44.37 44.35 44.35 44.34 44.32 44.32 44.32 44.33 44.34 44.34 44.36 44.37 44.38 44.39 44.4 44.42 44.42 44.43 44.44 44.45 44.46 44.47 44.49 44.49 44.5 44.52 44.53 44.52 44.51 44.5 44.51 44.52 44.51 44.5 44.48 44.43 44.41
44.34 44.36 44.35 44.33 44.33 44.34 44.33 44.32 44.3 44.29 44.29 44.3 44.32 44.33 44.33 44.34 44.34 44.33 44.32 44.32 44.33 44.33 44.3 44.29 44.29 44.3 44.28 44.27 44.26 44.27 44.28 44.31 44.35 44.35 44.34 44.34 44.35 44.35 44.36 44.37 44.37 44.37 44.36 44.37 44.36 44.33 44.31 44.31 44.32 44.33 44.34 44.36 44.37 44.38 44.39 44.4 44.41 44.41 44.44 44.45 44.45 44.46 44.49 44.49 44.48 44.5 44.52 44.52 44.52 44.51 44.5 44.51 44.52 44.51 44.5 44.49 44.45 44.43
44.34 44.35 44.34 44.33 44.33 44.33 44.32 44.31 44.3 44.29 44.29 44.29 44.31 44.33 44.34 44.34 44.34 44.33 44.32 44.31 44.33 44.32 44.29 44.3 44.32 44.31 44.29 44.27 44.28 44.29 44.28 44.29 44.32 44.32 44.31 44.3 44.32 44.34 44.35 44.36 44.35 44.35 44.37 44.38 44.37 44.35 44.32 44.32 44.33 44.33 44.33 44.35 44.37 44.38 44.38 44.4 44.39 44.4 44.43 44.44 44.44 44.45 44.48 44.48 44.48 44.5 44.52 44.51 44.49 44.49 44.5 44.52 44.53 44.49 44.47 44.48 44.46 44.44
44.33 44.34 44.35 44.34 44.33 44.32 44.32 44.3 44.28 44.27 44.28 44.31 44.33 44.35 44.36 44.34 44.33 44.33 44.31 44.3 44.31 44.3 44.28 44.29 44.31 44.3 44.28 44.28 44.29 44.29 44.28 44.28 44.28 44.29 44.29 44.29 44.3 44.33 44.35 44.35 44.35 44.36 44.37 44.39 44.37 44.34 44.33 44.33 44.34 44.34 44.33 44.34 44.35 44.37 44.37 44.38 44.39 44.39 44.4 44.42 44.43 44.44 44.44 44.46 44.48 44.5 44.51 44.52 44.5 44.5 44.52 44.53 44.53 44.5 44.49 44.49 44.47 44.44
