slabs/50.grd
DSAA
631 301
644520 645150
4948700 4949000
41.84 51.23
[rows 136 to 169 of 301, columns 312 to 389 of 631]
44.31 44.34 44.36 44.34 44.31 44.35 44.41 44.43 44.43 44.4 44.38 44.36 44.34 44.31 44.3 44.3 44.3 44.28 44.24 44.17 44.12 44.11 44.12 44.1 44.06 44.04 44 43.95 43.97 44.03 44.03 44.03 44.04 44.04 44.07 44.11 44.1 44.08 44.05 43.99 43.93 43.89 43.84 43.79 43.77 43.76 43.74 43.69 43.64 43.59 43.52 43.46 43.43 43.42 43.42 43.47 43.51 43.46 43.36 43.29 43.27 43.25 43.27 43.3 43.29 43.32 43.42 43.48 43.5 43.53 43.53 43.52 43.49 43.44 43.39 43.37 43.38 43.42
44.27 44.31 44.34 44.32 44.3 44.34 44.4 44.42 44.42 44.38 44.35 44.33 44.29 44.26 44.27 44.29 44.29 44.27 44.23 44.17 44.11 44.11 44.1 44.07 44.04 44.03 44 43.95 43.98 44.05 44.06 44.05 44.02 43.99 43.97 43.95 43.93 43.92 43.91 43.9 43.89 43.86 43.78 43.7 43.68 43.67 43.65 43.62 43.59 43.54 43.48 43.45 43.43 43.43 43.43 43.47 43.51 43.44 43.34 43.3 43.28 43.27 43.25 43.24 43.25 43.33 43.46 43.5 43.5 43.51 43.53 43.52 43.48 43.43 43.38 43.35 43.36 43.39
44.25 44.28 44.29 44.29 44.29 44.33 44.38 44.39 44.38 44.37 44.34 44.32 44.28 44.24 44.25 44.28 44.28 44.26 44.23 44.16 44.1 44.09 44.07 44.04 44.03 44.03 44 43.94 43.95 44 44.02 44.02 43.99 43.92 43.87 43.81 43.8 43.78 43.77 43.77 43.77 43.75 43.68 43.6 43.57 43.56 43.55 43.54 43.53 43.51 43.46 43.43 43.41 43.42 43.43 43.42 43.43 43.38 43.31 43.31 43.31 43.3 43.26 43.21 43.22 43.33 43.45 43.51 43.49 43.48 43.52 43.5 43.46 43.41 43.38 43.36 43.37 43.38
44.24 44.26 44.28 44.27 44.27 44.3 44.34 44.35 44.34 44.34 44.33 44.3 44.26 44.24 44.24 44.26 44.26 44.24 44.21 44.15 44.09 44.07 44.05 44.03 44.03 44.03 43.99 43.93 43.91 43.93 43.93 43.95 43.94 43.87 43.78 43.73 43.71 43.7 43.66 43.63 43.64 43.64 43.61 43.54 43.51 43.48 43.46 43.46 43.46 43.45 43.43 43.41 43.41 43.41 43.39 43.37 43.35 43.32 43.3 43.31 43.32 43.31 43.26 43.21 43.22 43.3 43.39 43.43 43.44 43.49 43.53 43.5 43.46 43.41 43.38 43.37 43.38 43.4
44.22 44.24 44.26 44.26 44.25 44.26 44.31 44.32 44.31 44.31 44.31 44.29 44.24 44.21 44.23 44.25 44.25 44.22 44.2 44.14 44.09 44.07 44.05 44.03 44.03 44.02 43.98 43.93 43.92 43.89 43.85 43.84 43.85 43.8 43.73 43.69 43.68 43.66 43.61 43.56 43.56 43.58 43.58 43.52 43.46 43.43 43.4 43.39 43.4 43.4 43.4 43.4 43.4 43.39 43.36 43.34 43.32 43.3 43.29 43.3 43.3 43.27 43.23 43.21 43.21 43.25 43.3 43.33 43.39 43.5 43.54 43.51 43.47 43.42 43.38 43.37 43.39 43.41
44.19 44.21 44.24 44.25 44.23 44.22 44.27 44.31 44.29 44.29 44.28 44.27 44.24 44.21 44.21 44.23 44.23 44.21 44.19 44.15 44.11 44.09 44.08 44.05 44.02 43.99 43.96 43.93 43.93 43.89 43.82 43.78 43.76 43.73 43.69 43.66 43.64 43.61 43.56 43.5 43.48 43.51 43.53 43.49 43.43 43.41 43.38 43.37 43.38 43.37 43.37 43.38 43.37 43.34 43.33 43.32 43.31 43.29 43.28 43.28 43.27 43.24 43.2 43.19 43.18 43.2 43.25 43.29 43.38 43.5 43.54 43.5 43.46 43.4 43.35 43.37 43.39 43.38
44.17 44.19 44.2 44.21 44.21 44.19 44.24 44.3 44.29 44.28 44.28 44.27 44.25 44.23 44.22 44.2 44.2 44.2 44.18 44.15 44.14 44.12 44.1 44.06 44.03 43.99 43.95 43.92 43.9 43.87 43.83 43.79 43.75 43.72 43.68 43.64 43.61 43.57 43.52 43.48 43.44 43.45 43.47 43.44 43.41 43.4 43.38 43.36 43.35 43.34 43.34 43.35 43.33 43.31 43.31 43.31 43.3 43.27 43.25 43.25 43.24 43.22 43.18 43.16 43.15 43.17 43.24 43.33 43.43 43.53 43.56 43.53 43.45 43.37 43.33 43.35 43.37 43.36
44.17 44.19 44.19 44.18 44.18 44.18 44.23 44.29 44.3 44.3 44.29 44.28 44.27 44.25 44.23 44.2 44.19 44.19 44.17 44.16 44.17 44.15 44.11 44.07 44.04 44.02 43.97 43.92 43.89 43.87 43.84 43.81 43.78 43.77 43.72 43.64 43.6 43.56 43.51 43.48 43.44 43.44 43.42 43.4 43.4 43.39 43.37 43.36 43.34 43.31 43.31 43.32 43.31 43.3 43.29 43.29 43.28 43.24 43.22 43.21 43.21 43.2 43.17 43.14 43.14 43.19 43.26 43.35 43.48 43.56 43.58 43.55 43.46 43.35 43.31 43.32 43.34 43.35
44.18 44.2 44.18 44.15 44.17 44.17 44.21 44.27 44.3 44.32 44.31 44.31 44.3 44.3 44.28 44.26 44.21 44.18 44.17 44.17 44.17 44.16 44.12 44.07 44.03 44.02 43.99 43.96 43.94 43.91 43.87 43.83 43.81 43.8 43.73 43.61 43.55 43.54 43.52 43.5 43.48 43.45 43.4 43.38 43.38 43.37 43.36 43.35 43.33 43.3 43.29 43.29 43.29 43.29 43.27 43.27 43.25 43.21 43.18 43.18 43.18 43.19 43.17 43.14 43.14 43.2 43.28 43.36 43.48 43.55 43.55 43.52 43.45 43.34 43.28 43.29 43.32 43.34
44.24 44.22 44.19 44.15 44.17 44.18 44.2 44.25 44.3 44.34 44.34 44.33 44.32 44.33 44.35 44.32 44.26 44.21 44.17 44.15 44.14 44.14 44.13 44.08 44.03 44.01 44.03 44.07 44.08 44.02 43.89 43.83 43.82 43.81 43.72 43.58 43.52 43.53 43.56 43.56 43.55 43.49 43.41 43.37 43.37 43.37 43.34 43.32 43.31 43.29 43.28 43.27 43.27 43.26 43.25 43.24 43.22 43.18 43.16 43.17 43.17 43.18 43.19 43.16 43.14 43.19 43.28 43.35 43.47 43.54 43.54 43.51 43.41 43.3 43.25 43.26 43.29 43.32
44.4 44.33 44.27 44.2 44.18 44.18 44.21 44.28 44.35 44.38 44.39 44.37 44.35 44.36 44.4 44.39 44.35 44.3 44.22 44.17 44.14 44.17 44.19 44.13 44.06 44.05 44.09 44.16 44.19 44.09 43.9 43.83 43.84 43.81 43.7 43.57 43.51 43.52 43.56 43.57 43.59 43.55 43.43 43.37 43.36 43.35 43.32 43.31 43.29 43.28 43.27 43.27 43.26 43.24 43.21 43.19 43.18 43.16 43.15 43.17 43.17 43.18 43.19 43.17 43.16 43.2 43.25 43.31 43.41 43.5 43.55 43.52 43.4 43.27 43.21 43.23 43.28 43.31
44.63 44.53 44.43 44.3 44.24 44.22 44.26 44.35 44.41 44.43 44.43 44.4 44.39 44.42 44.46 44.44 44.38 44.32 44.24 44.21 44.17 44.2 44.23 44.17 44.11 44.11 44.17 44.21 44.17 44.07 43.92 43.87 43.87 43.8 43.67 43.57 43.53 43.52 43.55 43.56 43.58 43.54 43.43 43.36 43.34 43.33 43.32 43.31 43.29 43.26 43.25 43.24 43.23 43.21 43.18 43.16 43.15 43.15 43.14 43.15 43.16 43.16 43.15 43.15 43.18 43.22 43.23 43.26 43.33 43.43 43.5 43.49 43.4 43.27 43.21 43.22 43.26 43.29
44.77 44.71 44.6 44.44 44.38 44.37 44.4 44.46 44.49 44.47 44.46 44.45 44.45 44.48 44.51 44.47 44.4 44.33 44.26 44.23 44.21 44.25 44.28 44.23 44.17 44.18 44.23 44.21 44.11 44.04 43.96 43.92 43.87 43.76 43.65 43.59 43.57 43.56 43.56 43.56 43.54 43.48 43.41 43.38 43.37 43.35 43.33 43.31 43.28 43.25 43.24 43.23 43.21 43.17 43.16 43.15 43.14 43.14 43.12 43.13 43.14 43.14 43.11 43.12 43.18 43.25 43.27 43.27 43.28 43.37 43.44 43.44 43.37 43.27 43.22 43.22 43.25 43.28
44.86 44.8 44.73 44.61 44.53 44.53 44.55 44.57 44.55 44.52 44.5 44.5 44.5 44.52 44.53 44.48 44.41 44.36 44.3 44.27 44.26 44.3 44.33 44.29 44.24 44.26 44.27 44.2 44.11 44.07 43.99 43.92 43.85 43.75 43.67 43.64 43.63 43.61 43.59 43.57 43.52 43.46 43.44 43.44 43.45 43.43 43.37 43.33 43.3 43.27 43.26 43.24 43.2 43.16 43.15 43.13 43.12 43.13 43.11 43.11 43.12 43.12 43.11 43.11 43.18 43.28 43.3 43.29 43.27 43.32 43.4 43.39 43.34 43.29 43.25 43.22 43.24 43.26
44.93 44.9 44.85 44.75 44.68 44.66 44.66 44.65 44.61 44.58 44.55 44.55 44.56 44.57 44.55 44.5 44.44 44.4 44.33 44.32 44.33 44.36 44.39 44.35 44.32 44.33 44.3 44.22 44.16 44.1 44 43.93 43.87 43.79 43.72 43.68 43.67 43.65 43.62 43.6 43.55 43.5 43.5 43.52 43.52 43.49 43.41 43.36 43.33 43.29 43.28 43.26 43.22 43.16 43.14 43.13 43.11 43.1 43.1 43.1 43.11 43.12 43.11 43.1 43.17 43.28 43.31 43.29 43.27 43.29 43.36 43.37 43.34 43.3 43.27 43.22 43.23 43.25
44.98 44.99 44.94 44.86 44.81 44.78 44.76 44.75 44.72 44.67 44.63 44.64 44.64 44.63 44.59 44.53 44.48 44.44 44.39 44.38 44.38 44.41 44.44 44.43 44.42 44.39 44.33 44.26 44.21 44.12 44.03 43.97 43.92 43.83 43.75 43.71 43.7 43.69 43.66 43.63 43.59 43.55 43.56 43.58 43.58 43.54 43.47 43.42 43.37 43.33 43.31 43.31 43.27 43.19 43.13 43.12 43.09 43.08 43.09 43.1 43.1 43.11 43.11 43.1 43.17 43.27 43.29 43.26 43.23 43.23 43.28 43.33 43.31 43.27 43.25 43.22 43.22 43.23
45 45 44.96 44.93 44.88 44.85 44.83 44.83 44.82 44.78 44.72 44.72 44.71 44.7 44.66 44.59 44.54 44.51 44.47 44.44 44.41 44.42 44.45 44.48 44.48 44.44 44.35 44.29 44.24 44.15 44.06 44 43.95 43.87 43.79 43.75 43.73 43.72 43.7 43.67 43.63 43.6 43.61 43.63 43.63 43.59 43.54 43.49 43.42 43.37 43.36 43.36 43.34 43.25 43.17 43.14 43.09 43.09 43.1 43.1 43.1 43.09 43.09 43.09 43.14 43.22 43.22 43.17 43.12 43.11 43.16 43.26 43.26 43.23 43.22 43.22 43.21 43.19
44.98 44.98 44.96 44.94 44.91 44.89 44.88 44.88 44.87 44.84 44.79 44.77 44.76 44.75 44.73 44.67 44.63 44.59 44.54 44.49 44.43 44.39 44.42 44.47 44.48 44.46 44.38 44.32 44.27 44.18 44.09 44.03 43.99 43.9 43.82 43.78 43.76 43.76 43.73 43.7 43.67 43.66 43.67 43.68 43.69 43.64 43.59 43.54 43.46 43.42 43.41 43.41 43.38 43.3 43.23 43.19 43.13 43.11 43.11 43.11 43.1 43.09 43.07 43.08 43.11 43.15 43.14 43.08 43.03 43.01 43.06 43.17 43.21 43.2 43.19 43.2 43.2 43.18
44.9 44.93 44.93 44.92 44.92 44.9 44.9 44.89 44.87 44.84 44.8 44.79 44.78 44.77 44.75 44.73 44.72 44.66 44.57 44.51 44.47 44.4 44.42 44.48 44.49 44.47 44.41 44.35 44.3 44.21 44.12 44.06 44.02 43.93 43.85 43.81 43.8 43.8 43.77 43.74 43.72 43.71 43.72 43.73 43.74 43.69 43.64 43.59 43.51 43.46 43.46 43.45 43.42 43.34 43.29 43.25 43.18 43.14 43.14 43.13 43.12 43.09 43.07 43.08 43.09 43.12 43.11 43.07 43.03 43 43.02 43.09 43.15 43.17 43.16 43.17 43.19 43.17
44.7 44.78 44.84 44.84 44.87 44.87 44.88 44.87 44.85 44.83 44.79 44.78 44.79 44.76 44.74 44.75 44.74 44.7 44.61 44.54 44.49 44.42 44.44 44.51 44.5 44.47 44.43 44.39 44.34 44.25 44.16 44.09 44.05 43.96 43.88 43.85 43.84 43.84 43.83 43.79 43.77 43.77 43.78 43.78 43.78 43.74 43.69 43.64 43.56 43.52 43.52 43.5 43.46 43.39 43.35 43.31 43.25 43.2 43.19 43.18 43.14 43.1 43.09 43.09 43.1 43.12 43.1 43.06 43.01 42.98 42.98 43.04 43.1 43.14 43.15 43.17 43.19 43.18
44.41 44.46 44.55 44.63 44.71 44.77 44.86 44.88 44.86 44.85 44.82 44.79 44.78 44.75 44.73 44.73 44.74 44.73 44.67 44.6 44.51 44.43 44.47 44.53 44.52 44.48 44.45 44.42 44.37 44.28 44.18 44.12 44.09 44 43.92 43.89 43.87 43.88 43.87 43.84 43.82 43.83 43.84 43.84 43.84 43.8 43.75 43.69 43.62 43.59 43.59 43.56 43.5 43.45 43.41 43.36 43.3 43.26 43.25 43.23 43.18 43.15 43.13 43.12 43.12 43.11 43.08 43.04 42.99 42.96 42.95 43 43.06 43.07 43.1 43.16 43.19 43.18
44.32 44.29 44.28 44.35 44.44 44.57 44.77 44.84 44.84 44.85 44.83 44.79 44.77 44.74 44.73 44.72 44.71 44.71 44.7 44.67 44.58 44.48 44.49 44.54 44.53 44.49 44.46 44.44 44.4 44.31 44.22 44.17 44.13 44.03 43.95 43.92 43.91 43.92 43.91 43.89 43.88 43.89 43.91 43.92 43.92 43.88 43.82 43.75 43.68 43.67 43.66 43.62 43.55 43.49 43.45 43.4 43.33 43.29 43.28 43.28 43.26 43.23 43.19 43.15 43.12 43.1 43.08 43.03 42.98 42.94 42.93 42.96 43.01 43.01 43.06 43.13 43.16 43.16
44.48 44.41 44.28 44.19 44.18 44.28 44.49 44.64 44.7 44.76 44.77 44.78 44.76 44.74 44.73 44.71 44.68 44.67 44.69 44.72 44.66 44.54 44.49 44.51 44.52 44.5 44.47 44.46 44.42 44.34 44.27 44.22 44.17 44.07 43.98 43.95 43.96 43.98 43.98 43.96 43.96 43.96 43.97 43.99 44 43.95 43.88 43.81 43.73 43.72 43.71 43.65 43.58 43.54 43.5 43.43 43.37 43.32 43.31 43.31 43.31 43.29 43.24 43.17 43.15 43.12 43.09 43.04 42.98 42.94 42.91 42.9 42.94 42.95 43.01 43.08 43.11 43.13
44.48 44.42 44.3 44.18 44.1 44.09 44.19 44.3 44.39 44.5 44.63 44.75 44.77 44.74 44.71 44.7 44.68 44.65 44.67 44.69 44.66 44.57 44.51 44.5 44.5 44.5 44.48 44.46 44.43 44.37 44.31 44.27 44.21 44.11 44.03 44.01 44.02 44.05 44.05 44.04 44.04 44.03 44.03 44.04 44.05 43.99 43.9 43.84 43.77 43.76 43.74 43.69 43.62 43.57 43.53 43.46 43.4 43.36 43.33 43.32 43.34 43.32 43.26 43.19 43.18 43.17 43.13 43.07 43.01 42.96 42.89 42.84 42.86 42.88 42.94 43.03 43.08 43.1
44.42 44.39 44.31 44.22 44.16 44.12 44.1 44.09 44.15 44.25 44.45 44.69 44.75 44.73 44.7 44.69 44.68 44.66 44.65 44.64 44.62 44.58 44.54 44.52 44.49 44.49 44.49 44.47 44.44 44.41 44.37 44.33 44.26 44.15 44.08 44.07 44.09 44.11 44.1 44.1 44.09 44.08 44.07 44.09 44.1 44.04 43.95 43.87 43.82 43.82 43.79 43.72 43.65 43.6 43.56 43.5 43.43 43.39 43.36 43.34 43.34 43.32 43.27 43.21 43.2 43.19 43.17 43.12 43.07 43.01 42.87 42.77 42.79 42.82 42.88 42.97 43.03 43.03
44.36 44.34 44.3 44.24 44.23 44.22 44.16 44.11 44.14 44.15 44.31 44.6 44.67 44.69 44.69 44.68 44.67 44.65 44.64 44.63 44.6 44.57 44.57 44.54 44.5 44.49 44.48 44.47 44.45 44.43 44.41 44.38 44.31 44.18 44.1 44.11 44.14 44.16 44.15 44.15 44.15 44.13 44.11 44.13 44.15 44.11 44.02 43.9 43.86 43.85 43.82 43.76 43.69 43.63 43.6 43.53 43.47 43.43 43.4 43.36 43.33 43.31 43.28 43.24 43.23 43.22 43.21 43.18 43.15 43.05 42.84 42.71 42.7 42.73 42.81 42.86 42.89 42.91
44.36 44.33 44.28 44.25 44.29 44.33 44.28 44.23 44.25 44.22 44.27 44.47 44.54 44.6 44.64 44.64 44.62 44.62 44.63 44.63 44.59 44.56 44.57 44.56 44.52 44.5 44.49 44.48 44.46 44.44 44.41 44.39 44.34 44.24 44.17 44.17 44.2 44.21 44.2 44.2 44.19 44.18 44.17 44.19 44.19 44.14 44.06 43.95 43.91 43.89 43.86 43.79 43.72 43.67 43.63 43.57 43.5 43.46 43.43 43.38 43.33 43.3 43.28 43.27 43.28 43.28 43.27 43.25 43.23 43.13 42.91 42.72 42.64 42.64 42.73 42.75 42.76 42.8
44.35 44.32 44.3 44.31 44.33 44.37 44.35 44.31 44.33 44.31 44.31 44.39 44.43 44.46 44.48 44.49 44.5 44.54 44.6 44.63 44.61 44.57 44.56 44.55 44.52 44.51 44.51 44.48 44.45 44.43 44.41 44.4 44.37 44.33 44.28 44.26 44.25 44.24 44.24 44.24 44.24 44.22 44.21 44.24 44.23 44.17 44.08 43.98 43.95 43.93 43.9 43.83 43.75 43.7 43.67 43.6 43.54 43.5 43.47 43.4 43.35 43.32 43.3 43.31 43.33 43.34 43.33 43.32 43.33 43.28 43.09 42.84 42.7 42.69 42.71 42.73 42.74 42.77
44.32 44.3 44.32 44.35 44.36 44.36 44.33 44.31 44.31 44.32 44.32 44.33 44.33 44.32 44.32 44.34 44.36 44.42 44.49 44.56 44.6 44.56 44.54 44.53 44.52 44.51 44.49 44.47 44.45 44.43 44.41 44.4 44.4 44.39 44.37 44.34 44.3 44.26 44.26 44.27 44.26 44.24 44.24 44.26 44.25 44.19 44.11 44.02 43.99 43.96 43.93 43.86 43.78 43.75 43.71 43.64 43.58 43.55 43.53 43.44 43.37 43.34 43.32 43.35 43.39 43.4 43.4 43.41 43.41 43.4 43.26 43 42.84 42.79 42.75 42.73 42.72 42.75
44.32 44.31 44.32 44.34 44.36 44.35 44.32 44.33 44.32 44.3 44.29 44.27 44.25 44.27 44.29 44.28 44.28 44.32 44.36 44.42 44.5 44.52 44.51 44.53 44.55 44.53 44.49 44.49 44.48 44.44 44.41 44.41 44.41 44.4 44.4 44.38 44.33 44.28 44.28 44.29 44.25 44.22 44.22 44.24 44.24 44.2 44.13 44.06 44.03 44 43.96 43.89 43.83 43.81 43.77 43.71 43.66 43.64 43.6 43.48 43.37 43.34 43.36 43.41 43.44 43.47 43.49 43.49 43.51 43.5 43.36 43.11 42.96 42.87 42.76 42.7 42.67 42.71
44.38 44.35 44.33 44.32 44.31 44.31 44.32 44.33 44.33 44.31 44.3 44.27 44.24 44.25 44.27 44.25 44.25 44.3 44.32 44.36 44.43 44.46 44.47 44.51 44.57 44.57 44.53 44.52 44.5 44.46 44.42 44.41 44.41 44.4 44.4 44.38 44.34 44.29 44.29 44.29 44.25 44.23 44.22 44.22 44.2 44.18 44.14 44.08 44.05 44.03 44 43.95 43.9 43.88 43.84 43.79 43.76 43.74 43.66 43.51 43.44 43.43 43.45 43.5 43.52 43.55 43.56 43.55 43.58 43.53 43.38 43.18 43.05 42.95 42.79 42.69 42.64 42.64
44.44 44.41 44.35 44.3 44.27 44.26 44.28 44.29 44.3 44.32 44.33 44.31 44.27 44.24 44.28 44.3 44.32 44.31 44.31 44.33 44.39 44.41 44.42 44.46 44.52 44.56 44.56 44.55 44.53 44.52 44.47 44.42 44.4 44.39 44.39 44.37 44.33 44.3 44.29 44.28 44.26 44.24 44.24 44.22 44.19 44.17 44.15 44.12 44.09 44.09 44.06 44.01 43.98 43.95 43.91 43.88 43.87 43.85 43.75 43.63 43.62 43.57 43.53 43.59 43.64 43.65 43.63 43.61 43.63 43.59 43.46 43.31 43.2 43.08 42.88 42.73 42.63 42.57
44.44 44.44 44.41 44.34 44.26 44.25 44.29 44.27 44.26 44.33 44.37 44.37 44.33 44.28 44.27 44.3 44.32 44.33 44.34 44.35 44.37 44.39 44.41 44.45 44.5 44.55 44.57 44.56 44.58 44.6 44.56 44.47 44.41 44.38 44.37 44.35 44.32 44.3 44.29 44.27 44.26 44.26 44.26 44.24 44.22 44.2 44.18 44.15 44.14 44.15 44.12 44.06 44.05 44.03 43.98 43.96 43.96 43.93 43.87 43.8 43.76 43.68 43.62 43.67 43.71 43.72 43.69 43.67 43.68 43.67 43.58 43.47 43.37 43.2 42.95 42.73 42.6 42.52
44.45 44.45 44.47 44.41 44.32 44.3 44.33 44.29 44.26 44.32 44.38 44.38 44.36 44.34 44.33 44.32 44.32 44.33 44.36 44.35 44.36 44.39 44.4 44.43 44.5 44.56 44.55 44.54 44.56 44.56 44.56 44.5 44.43 44.4 44.4 44.37 44.31 44.28 44.28 44.27 44.27 44.26 44.26 44.24 44.22 44.2 44.18 44.15 44.14 44.15 44.14 44.1 44.1 44.09 44.05 44 43.99 43.96 43.93 43.88 43.83 43.77 43.71 43.74 43.77 43.77 43.75 43.75 43.74 43.73 43.66 43.57 43.46 43.28 43.04 42.79 42.64 42.56
