slabs/50.grd
DSAA
631 301
644520 645150
4948700 4949000
41.84 51.23
[rows 0 to 33 of 301, columns 0 to 77 of 631]
45.94 45.92 45.91 45.91 45.88 45.84 45.83 45.81 45.84 45.86 45.83 45.81 45.83 45.85 45.83 45.79 45.77 45.77 45.78 45.76 45.75 45.73 45.72 45.69 45.66 45.6 45.54 45.49 45.43 45.36 45.27 45.22 45.18 45.15 45.11 45.1 45.06 45.01 44.98 44.97 44.94 44.92 44.91 44.91 44.93 44.94 44.95 44.97 44.97 44.97 44.99 45.05 45.1 45.09 45.08 45.07 45.09 45.14 45.12 45.07 45.1 45.13 45.09 45.06 45.08 45.09 45.06 45 44.97 45 45.06 45.05 45.05 45.03 44.98 44.99 45.02 45.05
45.93 45.92 45.91 45.91 45.87 45.84 45.85 45.83 45.84 45.84 45.8 45.79 45.8 45.81 45.81 45.78 45.77 45.76 45.75 45.71 45.68 45.69 45.68 45.67 45.61 45.51 45.45 45.4 45.36 45.3 45.22 45.25 45.27 45.22 45.19 45.16 45.1 45.06 45.04 45.01 44.97 44.94 44.93 44.91 44.94 44.95 44.96 44.98 45 45.02 45.01 45.03 45.05 45.05 45.05 45.04 45.06 45.09 45.1 45.12 45.18 45.23 45.19 45.12 45.1 45.09 45.06 45.03 45.03 45.08 45.12 45.08 45.09 45.08 45.04 45.03 45.05 45.09
45.94 45.91 45.9 45.9 45.88 45.87 45.88 45.85 45.84 45.81 45.77 45.76 45.76 45.78 45.79 45.77 45.74 45.7 45.68 45.62 45.55 45.56 45.59 45.6 45.52 45.35 45.26 45.2 45.16 45.06 44.93 45.03 45.16 45.2 45.29 45.31 45.31 45.3 45.24 45.16 45.08 45.02 44.97 44.9 44.91 44.92 44.94 44.99 45.01 45.02 45.03 45.03 45.03 45.04 45.06 45.06 45.07 45.1 45.21 45.4 45.53 45.53 45.42 45.28 45.17 45.12 45.07 45.05 45.06 45.13 45.18 45.14 45.15 45.16 45.18 45.2 45.23 45.3
45.92 45.89 45.88 45.88 45.88 45.88 45.86 45.83 45.83 45.81 45.76 45.72 45.69 45.71 45.74 45.71 45.64 45.56 45.52 45.48 45.41 45.43 45.49 45.48 45.33 45.07 44.92 44.83 44.67 44.47 44.33 44.42 44.67 45.04 45.35 45.49 45.59 45.62 45.54 45.34 45.18 45.11 45.02 44.91 44.88 44.89 44.92 44.98 45.01 45.02 45.03 45.05 45.07 45.08 45.08 45.11 45.16 45.25 45.51 45.87 46.05 46.02 45.83 45.56 45.36 45.25 45.17 45.17 45.19 45.23 45.26 45.27 45.31 45.37 45.48 45.58 45.67 45.75
45.89 45.88 45.87 45.86 45.86 45.85 45.83 45.79 45.81 45.81 45.78 45.72 45.64 45.6 45.61 45.58 45.49 45.41 45.38 45.36 45.34 45.35 45.38 45.29 44.95 44.53 44.35 44.25 44.05 43.93 43.92 43.99 44.3 44.82 45.24 45.6 45.8 45.82 45.73 45.52 45.32 45.16 45.05 44.94 44.91 44.9 44.92 44.96 45 45.02 45.04 45.07 45.1 45.11 45.12 45.23 45.39 45.56 45.91 46.31 46.48 46.47 46.28 45.95 45.73 45.54 45.36 45.38 45.44 45.47 45.48 45.56 45.65 45.84 46.11 46.25 46.37 46.5
45.87 45.86 45.85 45.86 45.85 45.86 45.85 45.81 45.8 45.79 45.78 45.73 45.61 45.5 45.48 45.46 45.43 45.39 45.37 45.38 45.38 45.35 45.3 45.09 44.57 44.12 44 43.92 43.86 43.93 44.01 44.14 44.48 44.81 45.15 45.69 45.94 45.94 45.89 45.77 45.54 45.29 45.14 45 44.97 44.96 44.96 44.98 45.01 45.02 45.04 45.08 45.11 45.13 45.17 45.42 45.73 45.97 46.35 46.73 46.93 46.95 46.74 46.38 46.2 45.97 45.72 45.72 45.85 45.98 46.02 46.16 46.3 46.54 46.85 46.96 47.07 47.26
45.84 45.84 45.85 45.87 45.87 45.86 45.85 45.82 45.78 45.75 45.76 45.73 45.61 45.52 45.53 45.54 45.55 45.56 45.56 45.56 45.55 45.47 45.38 45.13 44.65 44.37 44.34 44.26 44.2 44.27 44.32 44.47 44.81 45.11 45.39 45.81 46.01 46.02 46 45.95 45.79 45.58 45.37 45.13 45.05 45.03 45.03 45.06 45.08 45.07 45.07 45.08 45.1 45.13 45.25 45.63 46.04 46.33 46.79 47.2 47.42 47.45 47.24 46.88 46.73 46.56 46.34 46.34 46.46 46.61 46.7 46.87 47.03 47.19 47.42 47.53 47.62 47.77
45.82 45.83 45.87 45.89 45.89 45.85 45.81 45.78 45.71 45.67 45.69 45.71 45.67 45.65 45.7 45.71 45.71 45.73 45.74 45.74 45.71 45.63 45.56 45.41 45.12 44.94 44.91 44.79 44.66 44.64 44.67 44.79 45.14 45.44 45.65 45.92 46.02 46.03 46.03 46 45.93 45.82 45.62 45.32 45.18 45.14 45.14 45.16 45.16 45.15 45.13 45.09 45.09 45.12 45.3 45.77 46.21 46.56 47.14 47.66 47.93 47.99 47.85 47.49 47.29 47.15 47.01 47.06 47.13 47.17 47.26 47.38 47.5 47.69 47.93 48.08 48.13 48.16
45.83 45.82 45.87 45.89 45.9 45.85 45.79 45.74 45.65 45.63 45.68 45.72 45.74 45.76 45.78 45.76 45.73 45.74 45.74 45.73 45.72 45.71 45.68 45.62 45.51 45.45 45.43 45.29 45.11 45.02 45.02 45.12 45.45 45.71 45.82 45.93 45.97 45.98 46 46.02 45.97 45.92 45.79 45.55 45.41 45.36 45.29 45.22 45.21 45.22 45.21 45.14 45.07 45.1 45.32 45.81 46.23 46.58 47.22 47.86 48.23 48.35 48.34 48.02 47.76 47.62 47.52 47.57 47.65 47.72 47.82 47.89 47.98 48.14 48.25 48.3 48.32 48.3
45.79 45.77 45.79 45.82 45.86 45.84 45.78 45.72 45.64 45.65 45.73 45.76 45.76 45.78 45.79 45.76 45.72 45.72 45.71 45.7 45.7 45.7 45.72 45.72 45.71 45.71 45.7 45.64 45.49 45.39 45.36 45.44 45.67 45.82 45.85 45.87 45.88 45.88 45.93 46 45.98 45.96 45.91 45.78 45.68 45.62 45.48 45.32 45.31 45.32 45.25 45.17 45.09 45.1 45.3 45.76 46.14 46.46 47.06 47.7 48.09 48.29 48.45 48.35 48.2 48.07 48 48.04 48.08 48.16 48.24 48.29 48.33 48.35 48.31 48.29 48.26 48.17
45.64 45.61 45.62 45.67 45.77 45.8 45.76 45.71 45.64 45.66 45.72 45.73 45.74 45.75 45.75 45.73 45.7 45.69 45.68 45.67 45.68 45.68 45.69 45.71 45.72 45.72 45.73 45.73 45.7 45.65 45.62 45.66 45.77 45.81 45.81 45.8 45.82 45.83 45.89 45.94 45.95 45.96 45.96 45.92 45.88 45.82 45.72 45.6 45.56 45.51 45.34 45.23 45.18 45.16 45.26 45.63 45.99 46.28 46.84 47.46 47.85 48.08 48.39 48.51 48.47 48.39 48.37 48.4 48.42 48.42 48.41 48.39 48.34 48.23 48.12 48.07 48 47.83
45.44 45.43 45.47 45.53 45.65 45.74 45.74 45.7 45.65 45.67 45.7 45.7 45.69 45.71 45.72 45.71 45.68 45.67 45.65 45.64 45.65 45.65 45.67 45.69 45.7 45.7 45.7 45.72 45.73 45.72 45.71 45.74 45.77 45.77 45.77 45.78 45.8 45.82 45.85 45.87 45.86 45.89 45.93 45.94 45.93 45.91 45.88 45.83 45.78 45.71 45.55 45.41 45.33 45.27 45.26 45.49 45.75 46.03 46.58 47.14 47.52 47.83 48.19 48.35 48.41 48.47 48.48 48.5 48.5 48.43 48.29 48.22 48.08 47.87 47.73 47.63 47.54 47.32
45.38 45.43 45.48 45.5 45.56 45.65 45.7 45.68 45.65 45.66 45.68 45.66 45.66 45.69 45.7 45.68 45.65 45.65 45.63 45.61 45.62 45.63 45.65 45.68 45.69 45.69 45.69 45.69 45.7 45.7 45.71 45.73 45.74 45.74 45.74 45.77 45.78 45.78 45.8 45.82 45.81 45.84 45.88 45.87 45.86 45.87 45.87 45.84 45.83 45.79 45.72 45.6 45.51 45.45 45.35 45.37 45.53 45.81 46.33 46.73 47.03 47.5 47.9 48.07 48.21 48.37 48.37 48.33 48.3 48.15 47.91 47.77 47.62 47.39 47.21 47.06 46.95 46.75
45.45 45.5 45.53 45.53 45.53 45.57 45.62 45.63 45.64 45.65 45.65 45.63 45.61 45.63 45.64 45.63 45.62 45.62 45.6 45.59 45.6 45.61 45.62 45.64 45.66 45.68 45.68 45.68 45.69 45.7 45.7 45.7 45.71 45.71 45.72 45.75 45.75 45.75 45.76 45.8 45.83 45.84 45.84 45.82 45.81 45.82 45.84 45.84 45.84 45.83 45.8 45.74 45.68 45.63 45.5 45.4 45.43 45.66 46.07 46.36 46.61 47.07 47.5 47.72 47.87 48.04 48 47.9 47.82 47.63 47.37 47.21 47.08 46.83 46.59 46.44 46.32 46.17
45.48 45.51 45.52 45.52 45.52 45.53 45.55 45.57 45.6 45.61 45.61 45.59 45.57 45.58 45.58 45.59 45.59 45.59 45.59 45.57 45.57 45.58 45.59 45.61 45.62 45.63 45.64 45.65 45.65 45.67 45.68 45.68 45.68 45.68 45.71 45.76 45.76 45.75 45.76 45.79 45.83 45.83 45.8 45.78 45.78 45.78 45.79 45.82 45.83 45.84 45.87 45.87 45.83 45.76 45.64 45.54 45.54 45.69 45.95 46.13 46.32 46.7 47.09 47.33 47.44 47.54 47.48 47.37 47.22 46.95 46.71 46.58 46.47 46.19 45.9 45.76 45.65 45.58
45.47 45.49 45.49 45.49 45.5 45.51 45.51 45.53 45.56 45.57 45.58 45.57 45.54 45.53 45.53 45.55 45.56 45.57 45.56 45.55 45.54 45.56 45.57 45.59 45.59 45.59 45.6 45.6 45.6 45.62 45.64 45.65 45.66 45.67 45.71 45.76 45.77 45.75 45.75 45.79 45.81 45.79 45.75 45.72 45.71 45.72 45.74 45.78 45.82 45.85 45.91 45.97 45.93 45.82 45.73 45.67 45.67 45.77 45.9 45.95 46.09 46.4 46.73 46.9 46.94 46.97 46.91 46.8 46.55 46.16 45.95 45.87 45.78 45.57 45.38 45.29 45.26 45.3
45.45 45.45 45.45 45.43 45.44 45.48 45.49 45.5 45.51 45.49 45.5 45.49 45.46 45.43 45.45 45.52 45.57 45.57 45.55 45.54 45.54 45.54 45.55 45.56 45.58 45.58 45.58 45.58 45.58 45.59 45.62 45.63 45.65 45.67 45.71 45.74 45.73 45.71 45.73 45.77 45.78 45.75 45.71 45.67 45.67 45.68 45.71 45.74 45.78 45.82 45.87 45.92 45.9 45.84 45.79 45.76 45.74 45.79 45.85 45.84 45.91 46.14 46.39 46.45 46.37 46.31 46.19 46.08 45.87 45.55 45.38 45.34 45.32 45.29 45.3 45.3 45.35 45.42
45.44 45.42 45.4 45.35 45.35 45.39 45.42 45.44 45.38 45.29 45.25 45.21 45.2 45.2 45.29 45.47 45.56 45.58 45.55 45.53 45.53 45.51 45.51 45.54 45.57 45.56 45.55 45.56 45.56 45.58 45.59 45.61 45.62 45.63 45.67 45.69 45.66 45.66 45.69 45.72 45.72 45.7 45.67 45.66 45.65 45.67 45.69 45.7 45.73 45.75 45.75 45.77 45.79 45.81 45.79 45.78 45.76 45.79 45.86 45.86 45.87 45.94 46.05 46.04 45.92 45.77 45.61 45.51 45.46 45.39 45.3 45.28 45.33 45.37 45.4 45.41 45.43 45.45
45.37 45.34 45.3 45.23 45.22 45.25 45.28 45.29 45.17 45.02 44.97 44.91 44.9 44.94 45.11 45.38 45.51 45.54 45.53 45.51 45.51 45.51 45.52 45.52 45.52 45.51 45.51 45.53 45.54 45.54 45.55 45.56 45.57 45.57 45.59 45.61 45.59 45.6 45.63 45.66 45.66 45.65 45.64 45.64 45.63 45.63 45.64 45.65 45.66 45.67 45.66 45.65 45.68 45.71 45.71 45.71 45.73 45.8 45.9 45.94 45.92 45.88 45.82 45.76 45.7 45.58 45.47 45.42 45.42 45.45 45.44 45.42 45.43 45.44 45.43 45.44 45.46 45.49
45.1 45.05 45.04 45.02 45.06 45.12 45.14 45.1 44.96 44.88 44.88 44.88 44.86 44.84 45 45.29 45.46 45.5 45.5 45.5 45.5 45.5 45.5 45.49 45.48 45.47 45.48 45.51 45.51 45.51 45.52 45.52 45.52 45.52 45.54 45.55 45.54 45.55 45.57 45.59 45.6 45.61 45.6 45.6 45.6 45.59 45.59 45.6 45.6 45.6 45.6 45.61 45.61 45.61 45.6 45.62 45.7 45.82 45.9 45.93 45.94 45.89 45.79 45.72 45.65 45.54 45.47 45.46 45.5 45.51 45.48 45.47 45.47 45.48 45.48 45.49 45.5 45.5
44.74 44.7 44.73 44.8 44.93 45.04 45.04 44.95 44.85 44.84 44.88 44.94 44.92 44.85 44.94 45.2 45.4 45.45 45.47 45.48 45.47 45.47 45.47 45.47 45.47 45.46 45.46 45.48 45.49 45.49 45.5 45.49 45.48 45.49 45.5 45.5 45.5 45.51 45.53 45.54 45.55 45.56 45.56 45.55 45.55 45.56 45.55 45.55 45.55 45.55 45.56 45.59 45.59 45.56 45.55 45.57 45.66 45.84 45.92 45.91 45.9 45.86 45.8 45.74 45.65 45.57 45.52 45.52 45.52 45.52 45.52 45.52 45.51 45.52 45.53 45.53 45.53 45.52
44.63 44.62 44.66 44.73 44.84 44.93 44.93 44.86 44.8 44.81 44.87 44.96 44.98 44.93 44.95 45.12 45.32 45.4 45.45 45.47 45.47 45.46 45.45 45.45 45.45 45.45 45.44 45.46 45.47 45.47 45.47 45.47 45.46 45.45 45.44 45.45 45.46 45.48 45.51 45.51 45.52 45.52 45.52 45.51 45.51 45.52 45.51 45.51 45.5 45.51 45.53 45.57 45.57 45.55 45.53 45.53 45.57 45.72 45.85 45.86 45.81 45.77 45.75 45.71 45.63 45.58 45.56 45.56 45.55 45.54 45.56 45.55 45.54 45.55 45.56 45.56 45.55 45.53
44.69 44.71 44.71 44.71 44.75 44.81 44.83 44.84 44.82 44.82 44.88 44.98 45.03 45.02 44.99 45.06 45.21 45.31 45.44 45.47 45.45 45.44 45.43 45.42 45.42 45.42 45.41 45.43 45.44 45.44 45.44 45.44 45.44 45.43 45.42 45.43 45.44 45.47 45.5 45.5 45.51 45.51 45.5 45.5 45.5 45.5 45.49 45.48 45.48 45.48 45.49 45.5 45.51 45.52 45.51 45.53 45.55 45.63 45.71 45.73 45.74 45.73 45.71 45.69 45.65 45.61 45.6 45.59 45.58 45.57 45.56 45.56 45.56 45.58 45.59 45.57 45.54 45.52
44.7 44.72 44.71 44.69 44.71 44.76 44.78 44.83 44.88 44.89 44.93 45.01 45.05 45.04 44.98 44.96 45.03 45.18 45.4 45.46 45.42 45.41 45.4 45.38 45.38 45.38 45.38 45.4 45.41 45.41 45.41 45.42 45.42 45.4 45.42 45.45 45.46 45.48 45.49 45.5 45.5 45.51 45.5 45.5 45.5 45.48 45.46 45.46 45.47 45.47 45.46 45.47 45.47 45.49 45.5 45.53 45.56 45.61 45.68 45.7 45.72 45.72 45.71 45.7 45.67 45.64 45.63 45.62 45.6 45.58 45.57 45.57 45.57 45.58 45.59 45.56 45.51 45.47
44.73 44.78 44.76 44.74 44.75 44.75 44.75 44.82 44.92 44.94 44.99 45.07 45.1 45.07 44.96 44.88 44.88 45.04 45.32 45.42 45.38 45.38 45.37 45.35 45.34 45.35 45.36 45.38 45.38 45.38 45.4 45.41 45.4 45.39 45.43 45.47 45.49 45.49 45.49 45.5 45.49 45.49 45.48 45.46 45.46 45.45 45.44 45.44 45.46 45.46 45.46 45.46 45.46 45.49 45.51 45.53 45.55 45.6 45.64 45.68 45.71 45.71 45.71 45.7 45.68 45.66 45.64 45.63 45.61 45.59 45.59 45.58 45.56 45.55 45.55 45.5 45.37 45.26
44.75 44.81 44.81 44.77 44.75 44.73 44.72 44.79 44.88 44.92 45 45.08 45.08 45.04 44.96 44.88 44.86 44.99 45.23 45.33 45.33 45.33 45.33 45.32 45.32 45.33 45.35 45.37 45.36 45.37 45.4 45.4 45.39 45.4 45.45 45.49 45.51 45.5 45.49 45.49 45.49 45.48 45.44 45.4 45.4 45.43 45.45 45.44 45.44 45.46 45.48 45.47 45.47 45.5 45.52 45.53 45.55 45.59 45.62 45.66 45.7 45.71 45.71 45.69 45.66 45.64 45.62 45.57 45.52 45.52 45.55 45.57 45.55 45.52 45.5 45.44 45.27 45.13
44.71 44.76 44.77 44.73 44.71 44.69 44.7 44.77 44.81 44.86 44.95 45 44.97 44.95 44.92 44.92 44.92 45 45.17 45.27 45.28 45.3 45.31 45.31 45.32 45.33 45.36 45.38 45.38 45.37 45.38 45.39 45.42 45.49 45.57 45.61 45.6 45.54 45.46 45.44 45.44 45.42 45.34 45.28 45.32 45.44 45.52 45.51 45.49 45.5 45.52 45.5 45.49 45.52 45.53 45.54 45.56 45.59 45.61 45.64 45.69 45.7 45.69 45.67 45.63 45.63 45.56 45.26 45.04 45.13 45.35 45.54 45.53 45.53 45.51 45.5 45.49 45.47
44.66 44.69 44.71 44.69 44.69 44.69 44.72 44.79 44.81 44.83 44.89 44.9 44.88 44.87 44.91 44.99 45.03 45.09 45.2 45.27 45.28 45.29 45.31 45.31 45.32 45.35 45.37 45.37 45.39 45.4 45.46 45.55 45.6 45.69 45.78 45.81 45.78 45.59 45.34 45.28 45.29 45.26 45.16 45.14 45.25 45.46 45.59 45.61 45.59 45.59 45.61 45.57 45.54 45.58 45.58 45.56 45.57 45.61 45.6 45.59 45.64 45.65 45.65 45.64 45.63 45.64 45.27 44.41 44.11 44.43 44.98 45.52 45.57 45.62 45.66 45.77 45.91 45.98
44.64 44.65 44.68 44.71 44.75 44.76 44.81 44.87 44.9 44.89 44.89 44.89 44.89 44.91 44.98 45.08 45.16 45.23 45.28 45.3 45.31 45.32 45.33 45.33 45.35 45.38 45.39 45.39 45.46 45.57 45.73 45.92 45.98 46.04 46.09 46.07 46 45.69 45.3 45.17 45.13 45.12 45.09 45.09 45.2 45.45 45.61 45.64 45.65 45.66 45.67 45.62 45.6 45.61 45.59 45.55 45.54 45.57 45.55 45.53 45.57 45.6 45.62 45.63 45.65 45.69 45.01 43.83 43.49 43.68 44.55 45.58 45.77 45.89 45.99 46.16 46.29 46.3
44.69 44.7 44.76 44.85 44.9 44.91 44.93 44.97 44.97 44.98 45.02 45.02 45.01 45.05 45.11 45.17 45.23 45.29 45.3 45.32 45.32 45.34 45.36 45.38 45.38 45.43 45.51 45.57 45.73 45.97 46.17 46.37 46.47 46.6 46.66 46.6 46.37 45.88 45.47 45.28 45.11 45.09 45.12 45.12 45.2 45.43 45.59 45.61 45.62 45.62 45.61 45.58 45.56 45.54 45.49 45.48 45.47 45.47 45.48 45.51 45.55 45.58 45.6 45.63 45.69 45.79 45.38 44.42 43.64 43.39 44.37 45.77 46.13 46.24 46.32 46.43 46.47 46.47
44.83 44.84 44.92 45.02 45.09 45.06 45.04 45.06 45.05 45.11 45.21 45.2 45.18 45.19 45.23 45.25 45.28 45.31 45.31 45.33 45.34 45.39 45.46 45.51 45.55 45.67 45.91 46.09 46.22 46.41 46.69 46.96 47.04 47.14 47.19 47.07 46.63 45.99 45.58 45.4 45.18 45.12 45.18 45.22 45.3 45.44 45.54 45.54 45.52 45.51 45.52 45.5 45.47 45.44 45.4 45.37 45.35 45.36 45.4 45.5 45.56 45.56 45.58 45.66 45.81 45.94 45.93 45.31 44.37 44.15 44.96 46.1 46.39 46.44 46.49 46.54 46.57 46.6
45.04 45.02 45.03 45.12 45.18 45.17 45.15 45.15 45.17 45.24 45.31 45.29 45.29 45.29 45.3 45.31 45.32 45.34 45.37 45.4 45.47 45.63 45.76 45.8 45.94 46.17 46.45 46.69 46.69 46.74 47 47.25 47.32 47.27 47.15 47 46.57 45.94 45.57 45.45 45.31 45.26 45.29 45.34 45.42 45.46 45.47 45.46 45.45 45.46 45.47 45.46 45.42 45.38 45.3 45.18 45.16 45.24 45.37 45.56 45.63 45.61 45.65 45.8 46 46.13 46.24 46.09 45.57 45.33 45.79 46.41 46.5 46.54 46.6 46.69 46.76 46.84
45.16 45.1 45.06 45.16 45.24 45.24 45.23 45.22 45.23 45.29 45.33 45.32 45.32 45.32 45.34 45.36 45.38 45.44 45.55 45.63 45.76 46.04 46.18 46.2 46.41 46.7 46.87 47.04 47 46.91 46.95 47.09 47.18 46.92 46.49 46.3 46.1 45.77 45.56 45.52 45.46 45.41 45.39 45.41 45.44 45.44 45.43 45.42 45.42 45.41 45.39 45.34 45.25 45.19 45.12 45.07 45.21 45.4 45.55 45.74 45.81 45.81 45.86 46 46.19 46.32 46.43 46.47 46.31 46.2 46.36 46.6 46.68 46.75 46.84 46.93 46.97 47.05
45.14 45.1 45.1 45.19 45.25 45.26 45.26 45.26 45.28 45.3 45.32 45.33 45.34 45.36 45.41 45.46 45.53 45.73 45.92 45.98 46.12 46.45 46.64 46.69 46.88 47.05 47.09 47.15 47.06 46.74 46.48 46.51 46.48 46.14 45.78 45.65 45.62 45.59 45.55 45.54 45.48 45.42 45.39 45.39 45.39 45.39 45.4 45.37 45.31 45.25 45.2 45.16 45.11 45.09 45.16 45.35 45.63 45.84 45.91 45.98 46.04 46.04 46.08 46.21 46.37 46.47 46.53 46.62 46.67 46.68 46.71 46.83 46.92 47 47.1 47.12 47.1 47.11
