slabs/50.grd
DSAA
631 301
644520 645150
4948700 4949000
41.84 51.23
[rows 0 to 33 of 301, columns 234 to 311 of 631]
46.43 46.45 46.4 46.33 46.32 46.35 46.32 46.26 46.09 45.84 45.72 45.67 45.54 45.25 45.06 45.01 44.94 44.91 44.91 44.92 44.96 45.05 45.12 45.17 45.22 45.22 45.24 45.25 45.27 45.26 45.25 45.24 45.22 45.19 45.16 45.14 45.09 45.04 45 44.94 44.89 44.88 44.84 44.75 44.69 44.66 44.64 44.61 44.58 44.55 44.53 44.49 44.46 44.44 44.43 44.41 44.4 44.42 44.42 44.4 44.38 44.38 44.38 44.38 44.38 44.39 44.4 44.43 44.44 44.43 44.42 44.42 44.42 44.42 44.4 44.39 44.38 44.39
46.27 46.31 46.3 46.2 46.09 46.01 45.85 45.73 45.53 45.23 45.08 45 44.97 44.94 44.93 44.96 45.03 45.1 45.15 45.17 45.21 45.23 45.24 45.26 45.27 45.25 45.24 45.24 45.22 45.18 45.13 45.11 45.07 45.04 45.02 44.97 44.9 44.86 44.82 44.75 44.71 44.68 44.66 44.61 44.56 44.52 44.52 44.53 44.51 44.5 44.48 44.44 44.42 44.4 44.4 44.39 44.39 44.41 44.42 44.4 44.39 44.39 44.4 44.39 44.37 44.38 44.4 44.42 44.44 44.44 44.41 44.39 44.39 44.39 44.39 44.39 44.39 44.39
46.03 45.96 45.87 45.74 45.58 45.39 45.17 45.05 44.99 44.91 44.92 44.95 45.02 45.11 45.15 45.17 45.2 45.21 45.23 45.23 45.25 45.27 45.28 45.28 45.26 45.18 45.13 45.12 45.08 45.01 44.94 44.92 44.9 44.88 44.84 44.77 44.7 44.67 44.65 44.6 44.57 44.55 44.54 44.51 44.49 44.47 44.47 44.48 44.46 44.44 44.44 44.43 44.42 44.4 44.4 44.4 44.39 44.4 44.42 44.4 44.39 44.39 44.41 44.4 44.38 44.39 44.4 44.41 44.43 44.43 44.41 44.39 44.4 44.39 44.39 44.41 44.43 44.41
45.52 45.33 45.17 45.11 45.06 44.99 44.93 44.93 44.99 45.06 45.12 45.15 45.19 45.23 45.24 45.24 45.26 45.27 45.28 45.26 45.22 45.19 45.19 45.18 45.13 45.03 44.97 44.96 44.93 44.88 44.81 44.77 44.76 44.74 44.68 44.6 44.56 44.54 44.53 44.51 44.49 44.48 44.47 44.45 44.45 44.45 44.46 44.47 44.45 44.43 44.44 44.44 44.42 44.41 44.42 44.41 44.39 44.4 44.42 44.41 44.4 44.4 44.42 44.42 44.41 44.41 44.4 44.4 44.41 44.42 44.42 44.42 44.42 44.41 44.4 44.42 44.43 44.41
44.99 44.92 44.9 44.92 44.98 45.06 45.1 45.13 45.19 45.22 45.23 45.24 45.27 45.28 45.27 45.26 45.26 45.27 45.27 45.23 45.12 45.02 44.98 44.96 44.92 44.88 44.86 44.84 44.8 44.76 44.72 44.66 44.63 44.61 44.56 44.5 44.47 44.46 44.46 44.46 44.44 44.43 44.43 44.43 44.45 44.45 44.47 44.47 44.45 44.44 44.45 44.44 44.41 44.41 44.43 44.43 44.41 44.41 44.42 44.42 44.39 44.4 44.42 44.42 44.41 44.41 44.4 44.38 44.38 44.39 44.42 44.43 44.43 44.41 44.4 44.4 44.41 44.4
44.93 45.04 45.11 45.16 45.21 45.23 45.23 45.25 45.28 45.27 45.25 45.24 45.24 45.24 45.21 45.18 45.14 45.13 45.14 45.09 44.98 44.88 44.83 44.8 44.77 44.77 44.77 44.73 44.67 44.63 44.6 44.57 44.54 44.5 44.47 44.44 44.44 44.44 44.44 44.43 44.41 44.41 44.41 44.44 44.47 44.48 44.47 44.46 44.45 44.44 44.43 44.42 44.43 44.43 44.43 44.43 44.44 44.43 44.43 44.42 44.39 44.4 44.43 44.42 44.4 44.42 44.42 44.39 44.39 44.4 44.42 44.43 44.42 44.41 44.39 44.38 44.39 44.39
45.15 45.2 45.24 45.26 45.27 45.27 45.26 45.27 45.28 45.23 45.19 45.15 45.13 45.11 45.06 45.02 44.97 44.95 44.93 44.9 44.84 44.78 44.75 44.72 44.69 44.69 44.67 44.62 44.55 44.51 44.5 44.48 44.47 44.44 44.43 44.43 44.45 44.46 44.46 44.44 44.41 44.41 44.42 44.45 44.49 44.49 44.46 44.45 44.44 44.44 44.44 44.43 44.45 44.45 44.43 44.42 44.42 44.42 44.42 44.41 44.4 44.41 44.43 44.43 44.4 44.42 44.42 44.41 44.4 44.41 44.43 44.42 44.41 44.4 44.39 44.37 44.39 44.4
45.27 45.28 45.28 45.28 45.27 45.24 45.2 45.19 45.18 45.12 45.06 45.02 44.98 44.95 44.92 44.89 44.83 44.8 44.78 44.75 44.73 44.7 44.68 44.64 44.59 44.58 44.57 44.54 44.49 44.45 44.45 44.45 44.43 44.43 44.43 44.43 44.45 44.46 44.46 44.44 44.42 44.41 44.43 44.46 44.49 44.49 44.46 44.44 44.44 44.45 44.46 44.45 44.45 44.44 44.43 44.41 44.42 44.42 44.42 44.41 44.4 44.4 44.41 44.41 44.4 44.41 44.42 44.4 44.4 44.41 44.43 44.42 44.42 44.42 44.4 44.38 44.4 44.41
45.3 45.27 45.25 45.23 45.19 45.12 45.06 45.03 45.01 44.97 44.93 44.9 44.86 44.83 44.81 44.78 44.74 44.71 44.68 44.65 44.62 44.59 44.57 44.54 44.49 44.46 44.46 44.47 44.47 44.46 44.46 44.45 44.44 44.44 44.43 44.43 44.43 44.44 44.44 44.43 44.42 44.43 44.45 44.47 44.49 44.49 44.46 44.44 44.44 44.45 44.47 44.47 44.47 44.45 44.43 44.43 44.45 44.44 44.42 44.41 44.4 44.39 44.38 44.38 44.39 44.42 44.42 44.4 44.41 44.42 44.41 44.41 44.41 44.43 44.43 44.41 44.42 44.43
45.25 45.19 45.15 45.12 45.07 45.01 44.95 44.93 44.9 44.87 44.85 44.82 44.78 44.75 44.72 44.69 44.66 44.64 44.6 44.56 44.54 44.51 44.5 44.49 44.47 44.45 44.45 44.46 44.47 44.45 44.45 44.44 44.44 44.46 44.45 44.44 44.44 44.45 44.45 44.44 44.43 44.44 44.45 44.45 44.47 44.49 44.47 44.44 44.43 44.44 44.46 44.47 44.48 44.47 44.44 44.43 44.44 44.43 44.42 44.42 44.41 44.4 44.39 44.39 44.4 44.42 44.42 44.41 44.42 44.41 44.4 44.39 44.39 44.42 44.45 44.45 44.43 44.4
45.11 45.05 45.03 45.01 44.97 44.93 44.89 44.88 44.84 44.8 44.78 44.75 44.7 44.67 44.63 44.6 44.6 44.59 44.56 44.53 44.52 44.52 44.5 44.48 44.47 44.47 44.47 44.48 44.49 44.46 44.47 44.46 44.46 44.46 44.46 44.45 44.44 44.45 44.47 44.45 44.44 44.45 44.44 44.44 44.46 44.46 44.46 44.44 44.44 44.45 44.45 44.45 44.46 44.45 44.44 44.42 44.42 44.41 44.41 44.42 44.42 44.42 44.41 44.41 44.42 44.42 44.42 44.43 44.43 44.41 44.41 44.41 44.4 44.41 44.44 44.44 44.4 44.36
44.95 44.93 44.93 44.92 44.89 44.87 44.83 44.81 44.77 44.74 44.71 44.66 44.61 44.6 44.58 44.56 44.57 44.56 44.54 44.52 44.51 44.51 44.5 44.48 44.47 44.47 44.48 44.49 44.49 44.47 44.48 44.48 44.46 44.45 44.44 44.45 44.44 44.45 44.47 44.45 44.45 44.45 44.45 44.44 44.45 44.44 44.44 44.44 44.45 44.45 44.45 44.43 44.42 44.42 44.42 44.42 44.42 44.42 44.42 44.41 44.41 44.42 44.41 44.4 44.4 44.4 44.41 44.42 44.42 44.41 44.42 44.43 44.41 44.4 44.41 44.42 44.4 44.38
44.87 44.85 44.84 44.83 44.81 44.81 44.79 44.75 44.72 44.69 44.66 44.6 44.57 44.57 44.56 44.55 44.56 44.56 44.55 44.52 44.51 44.51 44.5 44.48 44.44 44.43 44.45 44.48 44.49 44.48 44.48 44.48 44.46 44.44 44.44 44.45 44.45 44.45 44.45 44.44 44.45 44.45 44.45 44.44 44.43 44.43 44.43 44.43 44.44 44.44 44.43 44.42 44.41 44.43 44.44 44.44 44.43 44.45 44.44 44.41 44.41 44.4 44.38 44.38 44.38 44.39 44.39 44.4 44.4 44.4 44.41 44.41 44.4 44.39 44.39 44.41 44.43 44.42
44.81 44.8 44.78 44.77 44.75 44.76 44.74 44.71 44.68 44.65 44.64 44.61 44.57 44.55 44.54 44.52 44.55 44.57 44.55 44.52 44.51 44.51 44.5 44.45 44.39 44.36 44.41 44.47 44.48 44.48 44.47 44.47 44.46 44.46 44.46 44.46 44.46 44.44 44.43 44.43 44.44 44.44 44.44 44.43 44.42 44.42 44.42 44.41 44.41 44.42 44.42 44.43 44.43 44.46 44.48 44.46 44.46 44.46 44.45 44.42 44.41 44.41 44.39 44.39 44.4 44.41 44.41 44.41 44.39 44.38 44.4 44.41 44.4 44.39 44.39 44.4 44.42 44.43
44.77 44.76 44.75 44.73 44.71 44.7 44.69 44.68 44.67 44.65 44.65 44.62 44.57 44.54 44.53 44.53 44.55 44.58 44.56 44.53 44.52 44.52 44.5 44.46 44.41 44.39 44.41 44.44 44.44 44.45 44.46 44.47 44.47 44.47 44.46 44.45 44.45 44.44 44.42 44.42 44.43 44.44 44.44 44.43 44.42 44.42 44.41 44.41 44.42 44.44 44.45 44.45 44.45 44.47 44.48 44.46 44.46 44.46 44.43 44.41 44.42 44.43 44.42 44.4 44.4 44.42 44.42 44.42 44.39 44.36 44.39 44.41 44.4 44.39 44.41 44.42 44.41 44.41
44.73 44.72 44.71 44.7 44.7 44.7 44.69 44.69 44.7 44.68 44.66 44.6 44.55 44.54 44.54 44.55 44.56 44.57 44.55 44.53 44.53 44.53 44.51 44.47 44.44 44.44 44.44 44.43 44.42 44.43 44.45 44.46 44.48 44.47 44.44 44.42 44.43 44.43 44.42 44.42 44.44 44.44 44.44 44.42 44.42 44.42 44.45 44.47 44.47 44.45 44.44 44.45 44.44 44.45 44.47 44.46 44.46 44.45 44.43 44.41 44.41 44.42 44.41 44.39 44.4 44.41 44.41 44.41 44.39 44.37 44.39 44.41 44.39 44.4 44.42 44.43 44.42 44.4
44.71 44.71 44.72 44.71 44.71 44.7 44.71 44.73 44.72 44.7 44.66 44.6 44.55 44.54 44.55 44.56 44.55 44.55 44.53 44.52 44.52 44.52 44.51 44.47 44.45 44.46 44.47 44.45 44.43 44.44 44.44 44.45 44.45 44.44 44.43 44.43 44.43 44.43 44.43 44.43 44.45 44.45 44.43 44.41 44.41 44.44 44.47 44.49 44.48 44.45 44.42 44.43 44.43 44.45 44.48 44.46 44.45 44.46 44.46 44.43 44.41 44.41 44.41 44.41 44.42 44.42 44.41 44.41 44.4 44.38 44.39 44.4 44.39 44.39 44.4 44.42 44.42 44.39
44.74 44.75 44.74 44.73 44.71 44.7 44.71 44.75 44.75 44.71 44.69 44.62 44.57 44.56 44.56 44.56 44.55 44.54 44.51 44.51 44.51 44.51 44.5 44.47 44.46 44.46 44.47 44.46 44.45 44.44 44.43 44.43 44.42 44.42 44.42 44.43 44.44 44.43 44.43 44.43 44.46 44.47 44.44 44.41 44.41 44.43 44.45 44.48 44.48 44.45 44.42 44.43 44.44 44.47 44.48 44.47 44.46 44.45 44.45 44.44 44.43 44.42 44.42 44.43 44.43 44.41 44.4 44.39 44.39 44.38 44.38 44.4 44.39 44.38 44.38 44.4 44.4 44.39
44.76 44.77 44.75 44.72 44.72 44.71 44.72 44.75 44.74 44.72 44.7 44.66 44.62 44.6 44.57 44.56 44.55 44.53 44.51 44.51 44.5 44.49 44.48 44.48 44.47 44.47 44.46 44.46 44.46 44.44 44.43 44.43 44.44 44.43 44.42 44.42 44.44 44.44 44.43 44.43 44.45 44.47 44.45 44.43 44.42 44.42 44.44 44.48 44.48 44.45 44.42 44.43 44.43 44.45 44.46 44.46 44.44 44.42 44.43 44.43 44.43 44.42 44.43 44.43 44.41 44.39 44.38 44.38 44.38 44.39 44.39 44.4 44.4 44.38 44.39 44.39 44.38 44.38
44.74 44.75 44.74 44.73 44.74 44.74 44.73 44.73 44.74 44.72 44.71 44.69 44.66 44.63 44.59 44.56 44.54 44.53 44.51 44.5 44.5 44.49 44.48 44.48 44.48 44.48 44.47 44.46 44.46 44.46 44.45 44.45 44.45 44.45 44.43 44.41 44.44 44.46 44.43 44.42 44.43 44.46 44.46 44.45 44.44 44.43 44.45 44.48 44.48 44.45 44.43 44.42 44.42 44.43 44.44 44.44 44.43 44.41 44.41 44.42 44.42 44.42 44.44 44.44 44.4 44.37 44.37 44.38 44.39 44.4 44.41 44.41 44.4 44.39 44.38 44.39 44.39 44.39
44.72 44.73 44.73 44.73 44.75 44.76 44.73 44.72 44.75 44.75 44.73 44.7 44.69 44.66 44.6 44.57 44.55 44.53 44.51 44.5 44.5 44.49 44.49 44.49 44.49 44.48 44.46 44.44 44.44 44.46 44.46 44.45 44.45 44.45 44.42 44.41 44.44 44.46 44.43 44.42 44.42 44.44 44.45 44.46 44.45 44.44 44.44 44.46 44.46 44.46 44.45 44.44 44.43 44.42 44.42 44.43 44.43 44.41 44.41 44.41 44.42 44.44 44.48 44.47 44.42 44.37 44.37 44.37 44.39 44.4 44.4 44.4 44.4 44.4 44.39 44.39 44.39 44.4
44.71 44.72 44.72 44.72 44.73 44.73 44.73 44.73 44.75 44.76 44.73 44.71 44.72 44.69 44.62 44.59 44.58 44.55 44.51 44.49 44.49 44.49 44.5 44.5 44.51 44.49 44.45 44.43 44.44 44.44 44.44 44.43 44.44 44.45 44.42 44.41 44.43 44.44 44.43 44.43 44.43 44.42 44.43 44.45 44.44 44.43 44.43 44.44 44.45 44.45 44.45 44.44 44.43 44.43 44.43 44.45 44.46 44.43 44.41 44.4 44.41 44.45 44.5 44.49 44.42 44.37 44.37 44.38 44.39 44.39 44.38 44.38 44.39 44.39 44.38 44.38 44.39 44.4
44.71 44.74 44.74 44.72 44.71 44.72 44.73 44.74 44.74 44.74 44.73 44.71 44.71 44.69 44.64 44.6 44.58 44.55 44.51 44.51 44.51 44.51 44.51 44.51 44.51 44.5 44.47 44.45 44.44 44.43 44.44 44.44 44.45 44.45 44.43 44.42 44.43 44.43 44.43 44.43 44.43 44.42 44.42 44.43 44.43 44.42 44.41 44.42 44.44 44.44 44.43 44.43 44.43 44.44 44.43 44.45 44.46 44.42 44.4 44.39 44.39 44.45 44.5 44.48 44.42 44.37 44.36 44.37 44.39 44.4 44.39 44.38 44.37 44.38 44.37 44.38 44.41 44.41
44.69 44.73 44.75 44.74 44.73 44.73 44.74 44.74 44.73 44.73 44.73 44.71 44.7 44.68 44.64 44.59 44.56 44.53 44.51 44.52 44.52 44.52 44.51 44.52 44.52 44.51 44.49 44.48 44.45 44.44 44.45 44.45 44.45 44.45 44.44 44.43 44.43 44.43 44.43 44.43 44.43 44.42 44.41 44.41 44.42 44.39 44.36 44.39 44.43 44.43 44.42 44.41 44.42 44.42 44.42 44.43 44.43 44.41 44.4 44.41 44.42 44.44 44.48 44.48 44.43 44.38 44.36 44.36 44.38 44.41 44.4 44.38 44.38 44.38 44.37 44.38 44.4 44.4
44.66 44.69 44.74 44.73 44.72 44.73 44.74 44.73 44.72 44.72 44.72 44.71 44.69 44.66 44.62 44.56 44.54 44.52 44.51 44.52 44.52 44.51 44.51 44.52 44.52 44.5 44.48 44.46 44.44 44.43 44.43 44.43 44.43 44.46 44.46 44.44 44.44 44.44 44.44 44.43 44.43 44.42 44.41 44.4 44.42 44.39 44.34 44.36 44.42 44.43 44.42 44.41 44.42 44.42 44.42 44.42 44.42 44.42 44.43 44.45 44.46 44.45 44.46 44.46 44.44 44.4 44.38 44.37 44.39 44.42 44.42 44.4 44.4 44.4 44.38 44.38 44.4 44.4
44.66 44.7 44.74 44.74 44.72 44.72 44.73 44.73 44.71 44.72 44.72 44.7 44.69 44.67 44.62 44.58 44.55 44.53 44.51 44.52 44.52 44.51 44.51 44.52 44.52 44.5 44.46 44.44 44.43 44.43 44.42 44.4 44.42 44.46 44.48 44.48 44.47 44.44 44.42 44.41 44.41 44.42 44.41 44.41 44.43 44.42 44.37 44.38 44.42 44.44 44.43 44.42 44.43 44.45 44.44 44.44 44.43 44.42 44.42 44.45 44.46 44.45 44.44 44.44 44.43 44.4 44.4 44.41 44.4 44.41 44.41 44.4 44.41 44.42 44.4 44.4 44.4 44.4
44.68 44.71 44.74 44.74 44.73 44.72 44.73 44.73 44.71 44.72 44.72 44.7 44.7 44.68 44.63 44.59 44.57 44.54 44.52 44.51 44.51 44.51 44.51 44.52 44.51 44.49 44.46 44.45 44.44 44.44 44.43 44.41 44.42 44.46 44.48 44.51 44.49 44.44 44.39 44.38 44.39 44.42 44.42 44.41 44.43 44.42 44.39 44.4 44.43 44.45 44.46 44.45 44.45 44.46 44.45 44.46 44.45 44.43 44.42 44.44 44.46 44.45 44.43 44.42 44.4 44.4 44.41 44.42 44.41 44.4 44.4 44.4 44.41 44.42 44.41 44.4 44.39 44.38
44.67 44.69 44.72 44.73 44.72 44.72 44.73 44.72 44.7 44.72 44.73 44.7 44.7 44.68 44.64 44.61 44.58 44.54 44.52 44.52 44.52 44.51 44.5 44.51 44.49 44.47 44.46 44.46 44.46 44.45 44.43 44.43 44.44 44.46 44.49 44.5 44.49 44.45 44.42 44.4 44.4 44.42 44.43 44.44 44.43 44.42 44.41 44.41 44.43 44.45 44.47 44.46 44.46 44.47 44.46 44.46 44.45 44.43 44.42 44.44 44.46 44.44 44.42 44.4 44.39 44.39 44.4 44.42 44.41 44.4 44.4 44.4 44.4 44.4 44.4 44.41 44.39 44.37
44.64 44.67 44.72 44.73 44.72 44.72 44.72 44.7 44.69 44.72 44.74 44.7 44.69 44.68 44.65 44.63 44.59 44.55 44.52 44.52 44.52 44.52 44.51 44.5 44.48 44.46 44.45 44.46 44.46 44.45 44.45 44.45 44.45 44.46 44.48 44.49 44.5 44.47 44.43 44.41 44.4 44.41 44.43 44.45 44.44 44.43 44.43 44.42 44.42 44.45 44.46 44.45 44.46 44.47 44.47 44.45 44.44 44.44 44.43 44.44 44.46 44.43 44.41 44.39 44.37 44.37 44.39 44.42 44.42 44.41 44.41 44.41 44.41 44.4 44.41 44.45 44.45 44.4
44.62 44.66 44.72 44.74 44.72 44.72 44.72 44.71 44.7 44.72 44.74 44.72 44.7 44.68 44.66 44.64 44.61 44.57 44.54 44.51 44.51 44.53 44.53 44.5 44.49 44.47 44.45 44.46 44.45 44.45 44.44 44.45 44.47 44.47 44.47 44.49 44.51 44.47 44.44 44.43 44.42 44.43 44.44 44.45 44.45 44.45 44.45 44.43 44.43 44.45 44.45 44.44 44.46 44.48 44.47 44.45 44.45 44.47 44.46 44.45 44.44 44.42 44.41 44.37 44.34 44.35 44.38 44.43 44.44 44.42 44.42 44.42 44.42 44.43 44.44 44.46 44.47 44.43
44.6 44.65 44.73 44.77 44.76 44.73 44.73 44.73 44.72 44.72 44.75 44.76 44.73 44.68 44.67 44.65 44.64 44.6 44.56 44.53 44.53 44.54 44.53 44.51 44.51 44.48 44.45 44.45 44.46 44.45 44.45 44.47 44.49 44.47 44.46 44.47 44.47 44.43 44.42 44.43 44.43 44.43 44.44 44.45 44.45 44.45 44.46 44.44 44.43 44.44 44.44 44.44 44.46 44.48 44.48 44.46 44.46 44.47 44.46 44.44 44.43 44.42 44.4 44.33 44.31 44.34 44.37 44.42 44.43 44.42 44.41 44.41 44.41 44.42 44.44 44.44 44.43 44.41
44.6 44.64 44.73 44.8 44.79 44.73 44.72 44.73 44.71 44.71 44.74 44.76 44.72 44.69 44.69 44.68 44.65 44.61 44.58 44.55 44.54 44.52 44.51 44.5 44.51 44.5 44.48 44.47 44.47 44.46 44.46 44.47 44.48 44.46 44.45 44.45 44.45 44.42 44.41 44.43 44.44 44.42 44.42 44.43 44.44 44.44 44.44 44.44 44.43 44.43 44.43 44.44 44.46 44.48 44.48 44.47 44.45 44.44 44.43 44.43 44.42 44.41 44.38 44.3 44.28 44.33 44.35 44.4 44.42 44.43 44.42 44.4 44.41 44.41 44.42 44.43 44.43 44.4
44.6 44.65 44.71 44.78 44.77 44.71 44.7 44.71 44.7 44.69 44.71 44.72 44.7 44.7 44.7 44.69 44.66 44.61 44.58 44.57 44.54 44.5 44.5 44.49 44.5 44.52 44.51 44.5 44.46 44.44 44.45 44.45 44.45 44.45 44.44 44.45 44.45 44.43 44.41 44.43 44.44 44.41 44.4 44.41 44.42 44.43 44.44 44.43 44.42 44.41 44.41 44.42 44.44 44.47 44.48 44.48 44.45 44.44 44.43 44.42 44.42 44.41 44.38 44.3 44.27 44.32 44.36 44.4 44.43 44.44 44.43 44.41 44.42 44.42 44.42 44.43 44.42 44.4
44.6 44.65 44.69 44.73 44.73 44.7 44.69 44.7 44.7 44.7 44.71 44.71 44.7 44.71 44.71 44.69 44.65 44.6 44.59 44.58 44.55 44.49 44.48 44.48 44.5 44.53 44.53 44.51 44.46 44.44 44.44 44.44 44.45 44.44 44.44 44.45 44.46 44.43 44.41 44.43 44.43 44.39 44.39 44.4 44.41 44.43 44.43 44.43 44.4 44.39 44.4 44.41 44.42 44.43 44.46 44.5 44.47 44.44 44.43 44.42 44.41 44.41 44.38 44.3 44.24 44.28 44.34 44.4 44.44 44.45 44.44 44.42 44.42 44.42 44.42 44.43 44.41 44.4
