slabs/51.grd
DSAA
631 301
645150 645780
4946000 4946300
38.53 46.36
[rows 0 to 33 of 300, columns 546 to 623 of 631]
41.98 42 42.03 42.02 42.02 42.05 42.07 42.08 42.09 42.08 42.09 42.08 42.08 42.1 42.12 42.11 42.1 42.1 42.1 42.11 42.13 42.17 42.21 42.29 42.43 42.52 42.56 42.59 42.61 42.63 42.63 42.63 42.63 42.63 42.64 42.66 42.66 42.65 42.65 42.66 42.67 42.68 42.68 42.68 42.69 42.69 42.69 42.68 42.67 42.68 42.68 42.69 42.7 42.7 42.69 42.68 42.67 42.67 42.66 42.64 42.65 42.66 42.69 42.72 42.73 42.73 42.73 42.73 42.73 42.73 42.75 42.76 42.76 42.75 42.74 42.74 42.73 42.72
41.97 41.99 42 42 42 42.02 42.05 42.06 42.08 42.08 42.08 42.08 42.08 42.09 42.11 42.11 42.1 42.1 42.09 42.1 42.12 42.13 42.13 42.16 42.26 42.34 42.42 42.5 42.55 42.56 42.57 42.62 42.65 42.66 42.66 42.66 42.66 42.65 42.65 42.66 42.66 42.66 42.66 42.67 42.7 42.7 42.68 42.69 42.71 42.71 42.69 42.68 42.69 42.71 42.71 42.69 42.7 42.69 42.67 42.65 42.63 42.63 42.66 42.69 42.72 42.72 42.73 42.74 42.75 42.74 42.74 42.75 42.76 42.76 42.75 42.74 42.73 42.72
41.97 41.97 41.99 42 42.02 42.03 42.04 42.05 42.07 42.09 42.1 42.1 42.1 42.09 42.09 42.1 42.1 42.11 42.1 42.1 42.11 42.1 42.1 42.12 42.15 42.18 42.24 42.32 42.37 42.4 42.45 42.58 42.65 42.68 42.67 42.65 42.65 42.66 42.66 42.66 42.66 42.66 42.65 42.67 42.7 42.7 42.69 42.69 42.7 42.7 42.68 42.67 42.67 42.69 42.73 42.73 42.73 42.72 42.69 42.65 42.62 42.62 42.62 42.64 42.68 42.7 42.72 42.75 42.75 42.74 42.74 42.75 42.75 42.76 42.76 42.75 42.74 42.73
41.96 41.96 41.97 41.98 42 42.01 42.01 42.02 42.06 42.09 42.1 42.11 42.11 42.1 42.1 42.1 42.11 42.1 42.1 42.09 42.09 42.08 42.09 42.11 42.12 42.12 42.13 42.16 42.19 42.23 42.32 42.5 42.63 42.69 42.68 42.66 42.66 42.67 42.67 42.65 42.64 42.65 42.65 42.64 42.65 42.67 42.68 42.68 42.68 42.67 42.68 42.69 42.69 42.7 42.74 42.74 42.72 42.72 42.7 42.67 42.66 42.64 42.62 42.61 42.64 42.67 42.7 42.73 42.72 42.72 42.74 42.75 42.75 42.76 42.76 42.75 42.74 42.75
41.95 41.96 41.96 41.97 41.98 42.01 42.01 42.03 42.05 42.07 42.08 42.09 42.1 42.1 42.1 42.1 42.11 42.1 42.1 42.1 42.09 42.08 42.08 42.1 42.11 42.1 42.11 42.14 42.15 42.16 42.21 42.36 42.55 42.65 42.67 42.66 42.65 42.67 42.67 42.64 42.63 42.64 42.65 42.64 42.63 42.65 42.66 42.65 42.65 42.65 42.67 42.68 42.68 42.7 42.72 42.72 42.72 42.73 42.72 42.7 42.69 42.67 42.64 42.62 42.63 42.64 42.67 42.69 42.69 42.71 42.74 42.76 42.76 42.75 42.75 42.75 42.74 42.75
41.95 41.96 41.95 41.96 41.97 41.99 42.01 42.03 42.05 42.05 42.06 42.07 42.1 42.11 42.1 42.11 42.12 42.12 42.11 42.1 42.09 42.07 42.08 42.1 42.1 42.08 42.1 42.14 42.15 42.15 42.16 42.22 42.37 42.51 42.59 42.65 42.65 42.65 42.65 42.64 42.63 42.64 42.65 42.65 42.64 42.64 42.64 42.64 42.65 42.65 42.66 42.68 42.69 42.71 42.72 42.71 42.72 42.73 42.73 42.72 42.7 42.69 42.68 42.65 42.64 42.64 42.64 42.66 42.66 42.69 42.72 42.75 42.74 42.74 42.74 42.75 42.75 42.74
41.94 41.95 41.95 41.96 41.97 41.97 41.99 42.01 42.03 42.05 42.05 42.06 42.09 42.1 42.11 42.12 42.13 42.13 42.12 42.1 42.08 42.07 42.09 42.1 42.1 42.11 42.12 42.13 42.14 42.15 42.15 42.17 42.19 42.24 42.39 42.53 42.58 42.6 42.63 42.63 42.63 42.63 42.64 42.65 42.64 42.63 42.63 42.65 42.66 42.65 42.66 42.68 42.7 42.72 42.72 42.7 42.7 42.71 42.71 42.7 42.7 42.71 42.71 42.69 42.68 42.66 42.64 42.63 42.65 42.68 42.71 42.73 42.74 42.74 42.73 42.73 42.73 42.74
41.94 41.94 41.95 41.95 41.96 41.97 41.98 42 42.02 42.03 42.04 42.06 42.08 42.08 42.09 42.11 42.13 42.14 42.13 42.11 42.1 42.1 42.1 42.1 42.11 42.13 42.13 42.12 42.13 42.14 42.15 42.16 42.17 42.19 42.23 42.32 42.39 42.48 42.59 42.63 42.62 42.62 42.63 42.63 42.63 42.63 42.63 42.65 42.65 42.66 42.68 42.69 42.7 42.72 42.71 42.7 42.69 42.69 42.7 42.7 42.7 42.72 42.73 42.72 42.71 42.68 42.65 42.64 42.65 42.68 42.71 42.72 42.72 42.72 42.73 42.73 42.73 42.73
41.94 41.95 41.96 41.96 41.96 41.98 42 42.01 42.02 42.02 42.03 42.05 42.07 42.09 42.09 42.11 42.12 42.13 42.13 42.14 42.13 42.12 42.11 42.1 42.1 42.11 42.13 42.13 42.13 42.15 42.16 42.16 42.16 42.16 42.17 42.2 42.23 42.34 42.52 42.6 42.61 42.61 42.61 42.62 42.62 42.62 42.62 42.63 42.63 42.66 42.69 42.7 42.71 42.71 42.7 42.71 42.7 42.7 42.72 42.73 42.73 42.74 42.73 42.72 42.72 42.72 42.69 42.67 42.66 42.66 42.68 42.68 42.68 42.7 42.71 42.71 42.71 42.71
41.94 41.95 41.96 41.96 41.96 41.98 41.99 42.02 42.03 42.03 42.04 42.05 42.06 42.07 42.09 42.11 42.12 42.12 42.13 42.14 42.14 42.13 42.14 42.13 42.12 42.12 42.11 42.11 42.12 42.14 42.16 42.15 42.16 42.16 42.16 42.15 42.16 42.23 42.38 42.48 42.49 42.51 42.57 42.61 42.61 42.61 42.6 42.6 42.61 42.65 42.68 42.69 42.68 42.68 42.69 42.71 42.71 42.71 42.72 42.72 42.73 42.73 42.72 42.71 42.71 42.71 42.69 42.68 42.68 42.67 42.65 42.64 42.64 42.67 42.7 42.71 42.7 42.67
41.93 41.95 41.95 41.95 41.97 41.98 41.99 42.02 42.03 42.02 42.04 42.06 42.06 42.08 42.1 42.12 42.11 42.1 42.12 42.13 42.13 42.14 42.14 42.14 42.15 42.14 42.12 42.12 42.12 42.14 42.15 42.15 42.15 42.15 42.15 42.16 42.16 42.17 42.23 42.28 42.29 42.35 42.48 42.56 42.58 42.59 42.6 42.59 42.62 42.65 42.66 42.67 42.66 42.67 42.67 42.67 42.68 42.71 42.71 42.7 42.71 42.7 42.67 42.66 42.68 42.7 42.69 42.69 42.69 42.67 42.67 42.65 42.64 42.65 42.67 42.68 42.67 42.66
41.91 41.92 41.93 41.95 41.96 41.97 41.99 42.01 42.03 42.04 42.04 42.05 42.06 42.08 42.11 42.12 42.11 42.12 42.12 42.12 42.13 42.14 42.14 42.14 42.15 42.14 42.12 42.14 42.14 42.15 42.15 42.14 42.13 42.14 42.15 42.16 42.17 42.17 42.16 42.15 42.15 42.2 42.34 42.45 42.51 42.55 42.6 42.61 42.63 42.66 42.66 42.65 42.65 42.66 42.66 42.66 42.67 42.69 42.7 42.69 42.68 42.68 42.69 42.67 42.68 42.68 42.66 42.68 42.71 42.7 42.69 42.68 42.67 42.67 42.67 42.66 42.65 42.65
41.91 41.92 41.93 41.94 41.96 41.97 41.98 42 42.01 42 42.02 42.05 42.07 42.09 42.11 42.13 42.12 42.12 42.13 42.13 42.14 42.14 42.14 42.14 42.15 42.14 42.14 42.16 42.17 42.16 42.16 42.15 42.13 42.14 42.16 42.18 42.19 42.19 42.17 42.15 42.14 42.16 42.21 42.27 42.34 42.43 42.52 42.59 42.61 42.62 42.63 42.65 42.66 42.67 42.66 42.66 42.67 42.69 42.7 42.71 42.7 42.69 42.7 42.69 42.68 42.67 42.67 42.69 42.72 42.71 42.69 42.7 42.7 42.69 42.69 42.67 42.64 42.63
41.91 41.92 41.91 41.92 41.95 41.97 41.98 42 42.01 42.01 42.03 42.06 42.07 42.07 42.09 42.12 42.13 42.13 42.13 42.15 42.15 42.15 42.14 42.15 42.14 42.16 42.17 42.18 42.19 42.18 42.16 42.16 42.16 42.16 42.16 42.17 42.18 42.18 42.19 42.19 42.18 42.17 42.17 42.17 42.18 42.25 42.38 42.48 42.53 42.6 42.65 42.68 42.67 42.66 42.66 42.65 42.66 42.67 42.67 42.68 42.69 42.71 42.72 42.72 42.71 42.69 42.7 42.71 42.72 42.71 42.7 42.7 42.69 42.69 42.7 42.68 42.64 42.61
41.9 41.9 41.91 41.92 41.94 41.95 41.96 41.99 42.01 42.02 42.03 42.04 42.05 42.05 42.07 42.1 42.12 42.12 42.14 42.16 42.17 42.16 42.16 42.16 42.15 42.16 42.18 42.17 42.18 42.18 42.17 42.16 42.16 42.16 42.16 42.15 42.15 42.17 42.19 42.2 42.19 42.17 42.17 42.16 42.17 42.2 42.23 42.27 42.37 42.56 42.66 42.68 42.67 42.67 42.68 42.69 42.68 42.66 42.66 42.66 42.66 42.69 42.71 42.72 42.7 42.71 42.72 42.72 42.73 42.72 42.72 42.71 42.69 42.7 42.7 42.68 42.65 42.63
41.88 41.91 41.91 41.93 41.95 41.94 41.95 41.98 41.99 42 42.01 42.02 42.03 42.04 42.06 42.08 42.08 42.1 42.14 42.16 42.17 42.17 42.17 42.16 42.16 42.17 42.18 42.17 42.16 42.17 42.17 42.17 42.17 42.17 42.17 42.17 42.17 42.18 42.18 42.19 42.18 42.17 42.19 42.2 42.19 42.18 42.18 42.19 42.27 42.48 42.64 42.66 42.66 42.67 42.69 42.7 42.68 42.64 42.64 42.63 42.63 42.65 42.67 42.68 42.68 42.7 42.72 42.72 42.72 42.72 42.71 42.7 42.7 42.71 42.71 42.69 42.66 42.64
41.85 41.87 41.89 41.91 41.93 41.93 41.95 41.97 41.97 41.97 41.98 42 42.02 42.03 42.05 42.07 42.06 42.09 42.12 42.14 42.16 42.17 42.16 42.15 42.15 42.16 42.17 42.17 42.17 42.17 42.17 42.17 42.17 42.17 42.18 42.18 42.18 42.17 42.17 42.18 42.18 42.18 42.18 42.19 42.2 42.19 42.19 42.19 42.22 42.35 42.49 42.54 42.6 42.65 42.68 42.69 42.67 42.63 42.63 42.62 42.62 42.63 42.62 42.64 42.67 42.69 42.7 42.7 42.71 42.71 42.7 42.7 42.7 42.69 42.69 42.69 42.68 42.66
41.82 41.83 41.86 41.88 41.9 41.91 41.94 41.96 41.97 41.97 41.98 42 42 42.01 42.05 42.08 42.08 42.08 42.09 42.12 42.14 42.15 42.16 42.16 42.15 42.14 42.16 42.18 42.18 42.17 42.17 42.18 42.19 42.19 42.19 42.2 42.2 42.18 42.18 42.18 42.18 42.19 42.19 42.18 42.19 42.21 42.2 42.19 42.2 42.23 42.28 42.32 42.38 42.47 42.54 42.59 42.63 42.63 42.64 42.63 42.62 42.62 42.61 42.62 42.67 42.69 42.69 42.69 42.71 42.72 42.73 42.73 42.71 42.7 42.7 42.69 42.69 42.69
41.79 41.81 41.84 41.87 41.88 41.89 41.93 41.95 41.96 41.97 41.99 42 42 42.01 42.05 42.07 42.09 42.09 42.08 42.1 42.14 42.14 42.15 42.17 42.17 42.16 42.16 42.16 42.16 42.16 42.17 42.17 42.17 42.17 42.18 42.19 42.19 42.19 42.18 42.17 42.18 42.2 42.19 42.18 42.2 42.2 42.19 42.19 42.19 42.19 42.18 42.17 42.18 42.24 42.31 42.41 42.55 42.6 42.62 42.62 42.61 42.62 42.61 42.63 42.67 42.69 42.7 42.7 42.72 42.73 42.72 42.72 42.73 42.72 42.72 42.7 42.68 42.68
41.76 41.78 41.82 41.86 41.88 41.9 41.92 41.94 41.95 41.96 41.98 41.98 41.99 42 42.03 42.05 42.06 42.08 42.1 42.11 42.12 42.13 42.13 42.14 42.14 42.15 42.15 42.15 42.15 42.15 42.16 42.17 42.17 42.17 42.18 42.19 42.19 42.19 42.18 42.19 42.19 42.2 42.19 42.19 42.2 42.2 42.18 42.18 42.18 42.19 42.19 42.18 42.16 42.16 42.16 42.24 42.38 42.5 42.58 42.61 42.61 42.6 42.6 42.63 42.66 42.68 42.69 42.68 42.69 42.71 42.71 42.71 42.72 42.72 42.72 42.71 42.7 42.7
41.73 41.75 41.8 41.85 41.88 41.88 41.9 41.92 41.94 41.96 41.98 41.98 41.98 41.99 42.01 42.02 42.02 42.04 42.08 42.1 42.11 42.11 42.11 42.11 42.12 42.13 42.14 42.14 42.15 42.15 42.16 42.17 42.17 42.17 42.17 42.19 42.19 42.17 42.16 42.18 42.19 42.2 42.2 42.21 42.2 42.19 42.18 42.18 42.18 42.18 42.19 42.18 42.18 42.17 42.16 42.17 42.21 42.31 42.41 42.48 42.57 42.6 42.59 42.61 42.66 42.7 42.68 42.67 42.68 42.7 42.7 42.7 42.71 42.71 42.71 42.69 42.7 42.71
41.73 41.75 41.78 41.82 41.86 41.87 41.88 41.92 41.94 41.95 41.97 41.96 41.96 41.98 42 42.01 42.01 42.03 42.06 42.1 42.1 42.1 42.12 42.12 42.12 42.12 42.12 42.13 42.15 42.15 42.15 42.15 42.16 42.16 42.16 42.18 42.17 42.15 42.15 42.17 42.19 42.2 42.22 42.21 42.2 42.19 42.19 42.18 42.18 42.18 42.17 42.17 42.17 42.16 42.16 42.15 42.15 42.14 42.16 42.25 42.43 42.55 42.58 42.6 42.65 42.69 42.69 42.68 42.7 42.7 42.7 42.71 42.71 42.7 42.7 42.69 42.68 42.69
41.77 41.77 41.76 41.8 41.84 41.84 41.86 41.9 41.92 41.93 41.94 41.93 41.94 41.98 42 42.01 42.01 42.02 42.05 42.08 42.08 42.09 42.11 42.13 42.12 42.12 42.12 42.13 42.14 42.15 42.15 42.14 42.15 42.15 42.14 42.15 42.15 42.15 42.15 42.15 42.17 42.19 42.2 42.2 42.2 42.2 42.18 42.18 42.18 42.17 42.14 42.14 42.15 42.15 42.16 42.15 42.14 42.14 42.14 42.15 42.23 42.33 42.4 42.48 42.58 42.65 42.67 42.69 42.7 42.69 42.69 42.7 42.69 42.69 42.7 42.71 42.68 42.66
41.74 41.74 41.75 41.78 41.79 41.82 41.86 41.89 41.9 41.92 41.92 41.93 41.95 41.98 41.99 42 42 42.02 42.04 42.05 42.05 42.06 42.09 42.11 42.11 42.12 42.12 42.12 42.13 42.13 42.14 42.15 42.15 42.15 42.14 42.14 42.16 42.16 42.14 42.14 42.15 42.18 42.21 42.21 42.2 42.2 42.18 42.17 42.17 42.16 42.15 42.15 42.15 42.14 42.14 42.15 42.16 42.16 42.15 42.13 42.14 42.17 42.23 42.32 42.45 42.55 42.59 42.65 42.67 42.66 42.67 42.68 42.67 42.67 42.69 42.71 42.68 42.65
41.72 41.72 41.74 41.78 41.79 41.81 41.85 41.87 41.87 41.89 41.9 41.9 41.93 41.96 41.96 41.96 41.98 42.01 42.03 42.03 42.03 42.04 42.07 42.09 42.09 42.1 42.1 42.1 42.12 42.13 42.13 42.13 42.13 42.14 42.14 42.15 42.16 42.16 42.16 42.14 42.14 42.17 42.19 42.18 42.18 42.19 42.19 42.18 42.17 42.16 42.16 42.16 42.16 42.15 42.13 42.14 42.15 42.14 42.13 42.13 42.12 42.12 42.14 42.18 42.26 42.33 42.4 42.52 42.61 42.64 42.66 42.67 42.67 42.67 42.68 42.69 42.68 42.67
41.72 41.73 41.75 41.78 41.79 41.8 41.82 41.84 41.85 41.86 41.88 41.88 41.9 41.94 41.94 41.94 41.95 41.98 42 42.02 42.03 42.04 42.07 42.08 42.08 42.09 42.1 42.1 42.12 42.13 42.11 42.11 42.12 42.12 42.12 42.13 42.13 42.14 42.16 42.15 42.13 42.15 42.16 42.16 42.16 42.17 42.17 42.18 42.18 42.18 42.18 42.16 42.15 42.14 42.13 42.14 42.14 42.12 42.11 42.11 42.12 42.12 42.12 42.12 42.13 42.15 42.2 42.34 42.53 42.62 42.65 42.66 42.68 42.69 42.69 42.68 42.69 42.69
41.74 41.75 41.76 41.77 41.78 41.78 41.79 41.82 41.83 41.84 41.86 41.87 41.89 41.91 41.92 41.93 41.94 41.95 41.98 42 42.02 42.03 42.06 42.08 42.09 42.08 42.09 42.1 42.12 42.12 42.12 42.12 42.13 42.11 42.09 42.11 42.14 42.15 42.14 42.14 42.13 42.14 42.14 42.15 42.15 42.17 42.18 42.17 42.17 42.18 42.17 42.16 42.15 42.14 42.14 42.15 42.15 42.12 42.11 42.11 42.12 42.12 42.12 42.12 42.12 42.12 42.13 42.23 42.41 42.51 42.58 42.65 42.68 42.69 42.67 42.66 42.68 42.67
41.76 41.77 41.77 41.76 41.77 41.78 41.78 41.81 41.81 41.82 41.85 41.87 41.89 41.9 41.91 41.91 41.92 41.95 41.97 41.98 41.99 42.02 42.03 42.05 42.07 42.07 42.07 42.09 42.1 42.1 42.11 42.13 42.14 42.12 42.1 42.12 42.14 42.13 42.12 42.13 42.14 42.13 42.13 42.13 42.14 42.15 42.16 42.15 42.15 42.14 42.15 42.16 42.16 42.15 42.15 42.15 42.14 42.13 42.13 42.12 42.13 42.13 42.13 42.12 42.11 42.11 42.12 42.15 42.23 42.33 42.45 42.61 42.69 42.69 42.66 42.64 42.63 42.64
41.76 41.77 41.77 41.77 41.78 41.78 41.78 41.79 41.79 41.81 41.85 41.87 41.89 41.91 41.91 41.9 41.92 41.95 41.96 41.96 41.97 42 42.01 42.03 42.05 42.06 42.07 42.08 42.09 42.09 42.1 42.11 42.13 42.13 42.12 42.12 42.12 42.12 42.12 42.13 42.14 42.13 42.12 42.12 42.12 42.11 42.12 42.13 42.13 42.12 42.13 42.14 42.16 42.16 42.15 42.14 42.13 42.13 42.13 42.13 42.13 42.13 42.12 42.12 42.12 42.12 42.11 42.1 42.09 42.14 42.28 42.47 42.61 42.63 42.63 42.64 42.63 42.62
41.75 41.76 41.77 41.79 41.79 41.79 41.79 41.79 41.79 41.8 41.84 41.87 41.89 41.9 41.9 41.91 41.93 41.94 41.94 41.95 41.96 41.98 41.99 42.01 42.03 42.04 42.05 42.06 42.08 42.08 42.09 42.09 42.1 42.11 42.11 42.11 42.11 42.11 42.12 42.11 42.11 42.12 42.12 42.12 42.11 42.09 42.1 42.12 42.13 42.12 42.12 42.13 42.14 42.16 42.16 42.13 42.12 42.13 42.13 42.12 42.12 42.12 42.11 42.11 42.12 42.12 42.11 42.12 42.11 42.13 42.18 42.3 42.41 42.47 42.54 42.6 42.62 42.63
41.76 41.76 41.76 41.77 41.78 41.79 41.8 41.82 41.81 41.81 41.83 41.85 41.86 41.86 41.86 41.88 41.92 41.94 41.93 41.93 41.95 41.97 41.97 41.98 42 42.03 42.04 42.05 42.06 42.06 42.06 42.07 42.08 42.09 42.09 42.09 42.09 42.1 42.1 42.08 42.08 42.09 42.1 42.11 42.1 42.09 42.1 42.12 42.12 42.12 42.13 42.14 42.14 42.15 42.14 42.13 42.12 42.13 42.12 42.12 42.13 42.14 42.13 42.12 42.13 42.13 42.13 42.14 42.13 42.14 42.14 42.18 42.23 42.28 42.38 42.52 42.6 42.62
41.76 41.77 41.78 41.78 41.78 41.78 41.79 41.81 41.82 41.82 41.84 41.85 41.87 41.86 41.86 41.87 41.89 41.9 41.92 41.92 41.92 41.94 41.95 41.96 41.98 42.01 42.01 42.02 42.04 42.03 42.03 42.03 42.05 42.07 42.07 42.06 42.07 42.08 42.08 42.07 42.07 42.06 42.07 42.09 42.1 42.09 42.09 42.09 42.09 42.1 42.1 42.12 42.13 42.13 42.14 42.13 42.11 42.11 42.11 42.11 42.11 42.12 42.12 42.11 42.12 42.12 42.12 42.14 42.15 42.14 42.13 42.13 42.15 42.17 42.24 42.37 42.46 42.52
41.75 41.76 41.76 41.77 41.77 41.78 41.78 41.78 41.8 41.84 41.86 41.87 41.87 41.86 41.87 41.87 41.87 41.89 41.91 41.91 41.91 41.92 41.94 41.95 41.97 41.98 41.97 41.99 42.01 42 42 42 42.02 42.04 42.04 42.04 42.05 42.06 42.07 42.07 42.07 42.07 42.08 42.09 42.08 42.08 42.08 42.08 42.08 42.08 42.08 42.09 42.12 42.14 42.13 42.11 42.1 42.11 42.12 42.12 42.12 42.12 42.11 42.1 42.1 42.11 42.12 42.14 42.15 42.14 42.13 42.13 42.13 42.14 42.16 42.2 42.24 42.29
41.76 41.77 41.79 41.79 41.78 41.78 41.78 41.78 41.8 41.85 41.89 41.89 41.87 41.85 41.85 41.86 41.86 41.87 41.88 41.88 41.87 41.88 41.91 41.94 41.96 41.96 41.95 41.96 41.97 41.96 41.96 41.98 42.01 42.01 42.01 42.03 42.05 42.06 42.05 42.04 42.06 42.07 42.08 42.07 42.07 42.07 42.07 42.07 42.08 42.09 42.08 42.08 42.08 42.09 42.11 42.12 42.11 42.12 42.11 42.11 42.1 42.1 42.11 42.1 42.1 42.11 42.12 42.12 42.13 42.13 42.13 42.13 42.13 42.14 42.13 42.13 42.11 42.1
