slabs/51.grd
DSAA
631 301
645150 645780
4946000 4946300
38.53 46.36
[rows 34 to 67 of 300, columns 390 to 467 of 631]
42.07 42.03 42 41.89 41.7 41.59 41.5 41.28 41.08 41 41.1 41.28 41.32 41.28 41.29 41.3 41.32 41.32 41.28 41.26 41.27 41.27 41.25 41.25 41.28 41.27 41.26 41.29 41.31 41.32 41.33 41.35 41.38 41.38 41.39 41.41 41.44 41.46 41.49 41.5 41.5 41.5 41.51 41.53 41.53 41.53 41.52 41.51 41.52 41.54 41.54 41.53 41.51 41.51 41.53 41.53 41.52 41.5 41.51 41.53 41.52 41.5 41.51 41.51 41.49 41.49 41.49 41.49 41.5 41.53 41.54 41.54 41.54 41.54 41.54 41.54 41.56 41.58
42.07 42.09 42.1 42.01 41.79 41.63 41.57 41.44 41.22 41.03 41.02 41.11 41.2 41.25 41.31 41.34 41.39 41.45 41.42 41.36 41.36 41.36 41.32 41.27 41.25 41.23 41.23 41.27 41.29 41.3 41.31 41.32 41.34 41.35 41.36 41.38 41.4 41.43 41.47 41.49 41.49 41.5 41.51 41.52 41.51 41.5 41.52 41.53 41.54 41.54 41.53 41.52 41.53 41.53 41.54 41.55 41.53 41.5 41.51 41.52 41.52 41.52 41.52 41.52 41.5 41.49 41.5 41.51 41.52 41.52 41.54 41.53 41.52 41.51 41.51 41.51 41.52 41.55
42.02 42.11 42.13 42.06 41.9 41.8 41.72 41.58 41.45 41.3 41.15 41.08 41.1 41.14 41.22 41.32 41.37 41.49 41.59 41.53 41.47 41.46 41.41 41.3 41.24 41.25 41.26 41.26 41.27 41.27 41.28 41.29 41.31 41.33 41.34 41.35 41.37 41.41 41.45 41.45 41.47 41.5 41.51 41.5 41.48 41.48 41.52 41.53 41.53 41.53 41.53 41.53 41.53 41.53 41.53 41.54 41.53 41.51 41.5 41.51 41.51 41.52 41.51 41.51 41.52 41.51 41.52 41.54 41.55 41.52 41.52 41.51 41.5 41.49 41.49 41.49 41.5 41.53
41.95 42.07 42.09 42.04 41.94 41.9 41.82 41.7 41.65 41.56 41.4 41.29 41.2 41.13 41.11 41.22 41.28 41.41 41.66 41.69 41.56 41.52 41.46 41.34 41.25 41.27 41.3 41.26 41.21 41.24 41.26 41.26 41.28 41.3 41.31 41.34 41.35 41.37 41.4 41.42 41.45 41.48 41.49 41.49 41.49 41.49 41.52 41.54 41.53 41.53 41.53 41.52 41.53 41.54 41.53 41.54 41.53 41.51 41.51 41.51 41.51 41.51 41.51 41.52 41.53 41.55 41.54 41.56 41.56 41.53 41.5 41.5 41.51 41.5 41.49 41.48 41.49 41.52
41.82 41.93 41.96 41.93 41.87 41.88 41.88 41.84 41.82 41.75 41.66 41.57 41.45 41.32 41.14 41.07 41.1 41.25 41.54 41.68 41.63 41.61 41.55 41.4 41.26 41.26 41.3 41.28 41.23 41.23 41.25 41.27 41.27 41.27 41.3 41.32 41.32 41.33 41.36 41.38 41.41 41.45 41.47 41.48 41.48 41.49 41.5 41.52 41.53 41.53 41.53 41.53 41.53 41.54 41.54 41.54 41.53 41.52 41.51 41.53 41.54 41.52 41.52 41.52 41.53 41.55 41.56 41.56 41.57 41.54 41.5 41.5 41.5 41.5 41.49 41.48 41.49 41.51
41.59 41.66 41.75 41.76 41.75 41.84 41.96 41.98 41.97 41.93 41.88 41.77 41.64 41.52 41.28 40.99 40.85 40.97 41.27 41.5 41.57 41.63 41.66 41.53 41.35 41.27 41.28 41.28 41.25 41.24 41.24 41.25 41.26 41.25 41.28 41.31 41.31 41.31 41.34 41.37 41.38 41.41 41.45 41.47 41.47 41.48 41.48 41.49 41.52 41.52 41.52 41.53 41.53 41.53 41.55 41.55 41.54 41.54 41.53 41.54 41.54 41.53 41.53 41.52 41.52 41.53 41.56 41.58 41.59 41.56 41.54 41.53 41.52 41.52 41.52 41.5 41.49 41.5
41.51 41.49 41.55 41.61 41.67 41.82 41.99 42.01 42.01 42.02 42.07 42.01 41.84 41.73 41.54 41.19 40.87 40.85 41 41.29 41.47 41.63 41.78 41.73 41.48 41.24 41.24 41.23 41.23 41.23 41.23 41.23 41.24 41.24 41.26 41.28 41.29 41.29 41.32 41.34 41.36 41.38 41.41 41.43 41.44 41.45 41.46 41.47 41.5 41.52 41.52 41.52 41.52 41.53 41.57 41.56 41.54 41.54 41.54 41.54 41.53 41.54 41.56 41.55 41.54 41.55 41.57 41.58 41.59 41.59 41.58 41.56 41.54 41.54 41.53 41.52 41.51 41.5
41.8 41.62 41.47 41.52 41.64 41.79 41.93 41.93 41.93 42.01 42.21 42.22 42.04 41.92 41.76 41.45 41.19 41.05 40.93 41.01 41.16 41.37 41.61 41.65 41.51 41.32 41.25 41.21 41.22 41.23 41.22 41.22 41.24 41.24 41.25 41.28 41.28 41.29 41.29 41.3 41.3 41.32 41.35 41.37 41.38 41.4 41.42 41.44 41.48 41.51 41.52 41.52 41.51 41.52 41.55 41.54 41.53 41.54 41.56 41.55 41.55 41.56 41.56 41.53 41.52 41.54 41.55 41.57 41.59 41.61 41.6 41.57 41.55 41.55 41.54 41.53 41.53 41.53
42.27 41.99 41.58 41.47 41.53 41.63 41.77 41.87 41.91 42.03 42.26 42.34 42.27 42.17 41.93 41.64 41.46 41.31 41.07 40.9 40.91 41.12 41.41 41.52 41.52 41.44 41.3 41.25 41.25 41.23 41.23 41.23 41.25 41.26 41.27 41.28 41.28 41.28 41.29 41.29 41.27 41.27 41.3 41.31 41.32 41.35 41.37 41.4 41.45 41.48 41.5 41.5 41.49 41.49 41.51 41.51 41.51 41.54 41.57 41.56 41.55 41.55 41.55 41.53 41.53 41.55 41.55 41.56 41.59 41.61 41.6 41.58 41.58 41.58 41.57 41.56 41.56 41.57
42.64 42.4 41.91 41.5 41.36 41.43 41.62 41.82 41.93 42.06 42.3 42.43 42.43 42.35 42.15 41.93 41.75 41.52 41.28 41.08 40.94 40.97 41.2 41.33 41.43 41.49 41.43 41.43 41.4 41.29 41.26 41.25 41.25 41.26 41.27 41.28 41.28 41.28 41.29 41.29 41.27 41.26 41.28 41.28 41.3 41.33 41.35 41.38 41.42 41.45 41.47 41.48 41.49 41.48 41.46 41.47 41.49 41.52 41.53 41.54 41.55 41.56 41.56 41.55 41.55 41.55 41.56 41.58 41.59 41.6 41.6 41.6 41.6 41.6 41.6 41.6 41.59 41.59
42.86 42.71 42.33 41.8 41.46 41.39 41.46 41.69 41.86 41.97 42.16 42.28 42.3 42.27 42.16 42.03 41.92 41.71 41.47 41.32 41.17 41 41 41.04 41.14 41.34 41.51 41.66 41.64 41.45 41.31 41.25 41.25 41.26 41.27 41.27 41.27 41.27 41.28 41.28 41.27 41.27 41.28 41.28 41.3 41.33 41.35 41.37 41.39 41.41 41.44 41.45 41.46 41.48 41.49 41.49 41.5 41.51 41.53 41.53 41.55 41.57 41.57 41.55 41.56 41.57 41.59 41.6 41.6 41.59 41.6 41.61 41.61 41.62 41.63 41.63 41.62 41.62
42.98 42.93 42.72 42.26 41.91 41.68 41.48 41.6 41.77 41.83 41.93 42.03 42.05 42.06 42.05 42 41.94 41.79 41.62 41.54 41.41 41.2 41.04 40.96 40.94 41.07 41.4 41.66 41.74 41.66 41.4 41.25 41.23 41.24 41.25 41.26 41.27 41.27 41.27 41.28 41.29 41.28 41.26 41.25 41.26 41.3 41.33 41.36 41.4 41.41 41.43 41.44 41.46 41.46 41.47 41.48 41.5 41.5 41.51 41.52 41.54 41.55 41.55 41.55 41.56 41.58 41.59 41.59 41.59 41.59 41.6 41.61 41.61 41.62 41.63 41.63 41.64 41.64
43.04 43.03 42.95 42.67 42.39 42.09 41.72 41.64 41.68 41.65 41.7 41.78 41.77 41.79 41.9 41.97 41.93 41.83 41.74 41.68 41.56 41.42 41.31 41.19 41.03 40.88 41.07 41.32 41.55 41.75 41.63 41.43 41.32 41.24 41.24 41.25 41.27 41.27 41.26 41.25 41.26 41.25 41.24 41.24 41.25 41.28 41.3 41.33 41.37 41.4 41.42 41.42 41.44 41.44 41.44 41.46 41.49 41.5 41.51 41.52 41.53 41.52 41.52 41.53 41.55 41.55 41.56 41.57 41.58 41.59 41.59 41.61 41.63 41.62 41.62 41.62 41.63 41.65
43.07 43.05 43.03 42.97 42.81 42.52 42.13 41.99 41.92 41.63 41.49 41.51 41.51 41.57 41.78 41.96 41.95 41.88 41.82 41.75 41.65 41.55 41.48 41.37 41.17 40.85 40.81 40.94 41.22 41.71 41.93 41.86 41.58 41.28 41.24 41.25 41.26 41.26 41.27 41.25 41.23 41.24 41.25 41.25 41.24 41.25 41.27 41.29 41.33 41.37 41.4 41.4 41.4 41.41 41.41 41.43 41.47 41.5 41.51 41.51 41.51 41.49 41.5 41.52 41.53 41.54 41.54 41.56 41.57 41.57 41.59 41.63 41.64 41.63 41.63 41.63 41.62 41.63
43.08 43.05 43.03 43.06 43.01 42.85 42.62 42.52 42.38 41.87 41.46 41.31 41.33 41.46 41.71 41.92 41.94 41.91 41.87 41.82 41.8 41.74 41.61 41.47 41.29 41.05 40.89 40.82 40.92 41.36 41.74 41.83 41.75 41.49 41.31 41.28 41.26 41.25 41.26 41.25 41.26 41.27 41.27 41.25 41.24 41.26 41.28 41.29 41.32 41.35 41.37 41.37 41.36 41.37 41.39 41.41 41.44 41.46 41.47 41.48 41.48 41.48 41.5 41.52 41.53 41.53 41.53 41.54 41.56 41.56 41.59 41.62 41.62 41.63 41.64 41.62 41.6 41.62
43.11 43.07 43.05 43.06 43.05 43.01 42.96 42.89 42.71 42.29 41.77 41.48 41.36 41.36 41.62 41.84 41.89 41.9 41.9 41.91 41.9 41.83 41.74 41.63 41.45 41.31 41.22 41.04 40.83 40.96 41.23 41.42 41.63 41.63 41.48 41.37 41.26 41.24 41.23 41.24 41.25 41.26 41.25 41.25 41.25 41.27 41.28 41.28 41.29 41.3 41.32 41.33 41.34 41.36 41.38 41.4 41.42 41.43 41.45 41.46 41.48 41.49 41.5 41.5 41.51 41.53 41.52 41.52 41.55 41.59 41.61 41.62 41.61 41.63 41.64 41.63 41.63 41.63
43.12 43.1 43.09 43.09 43.07 43.04 43.03 43.01 42.94 42.67 42.27 42 41.67 41.37 41.52 41.71 41.78 41.83 41.86 41.89 41.9 41.89 41.86 41.79 41.63 41.47 41.4 41.3 41.02 40.83 40.84 41.03 41.33 41.49 41.51 41.47 41.37 41.28 41.25 41.24 41.24 41.24 41.23 41.25 41.27 41.28 41.28 41.28 41.26 41.26 41.28 41.32 41.34 41.35 41.37 41.4 41.41 41.4 41.42 41.46 41.48 41.49 41.49 41.48 41.49 41.52 41.52 41.53 41.54 41.57 41.59 41.59 41.59 41.6 41.62 41.63 41.64 41.64
43.14 43.12 43.1 43.08 43.07 43.06 43.04 43.03 43.04 42.95 42.68 42.45 42.15 41.66 41.45 41.47 41.55 41.69 41.75 41.79 41.85 41.91 41.91 41.88 41.75 41.58 41.51 41.45 41.24 40.96 40.8 40.84 41.04 41.25 41.36 41.49 41.6 41.52 41.44 41.34 41.24 41.23 41.23 41.25 41.27 41.28 41.28 41.27 41.27 41.27 41.28 41.3 41.31 41.33 41.35 41.38 41.38 41.37 41.38 41.41 41.46 41.49 41.48 41.47 41.47 41.49 41.51 41.53 41.54 41.56 41.57 41.58 41.6 41.6 41.62 41.64 41.64 41.64
43.16 43.15 43.13 43.12 43.1 43.06 43.04 43.05 43.04 43.01 42.92 42.83 42.6 42.08 41.67 41.45 41.39 41.55 41.64 41.69 41.77 41.84 41.85 41.84 41.79 41.69 41.63 41.57 41.44 41.24 41.06 40.96 40.93 41.01 41.07 41.28 41.62 41.73 41.74 41.6 41.33 41.24 41.22 41.23 41.26 41.28 41.28 41.27 41.26 41.25 41.26 41.28 41.28 41.31 41.33 41.36 41.38 41.39 41.39 41.42 41.45 41.46 41.45 41.46 41.48 41.5 41.52 41.53 41.54 41.54 41.56 41.59 41.6 41.61 41.62 41.63 41.63 41.64
43.16 43.17 43.15 43.14 43.12 43.09 43.08 43.07 43.05 43.05 43.06 43.01 42.88 42.52 42.16 41.81 41.46 41.44 41.52 41.58 41.66 41.73 41.74 41.73 41.75 41.76 41.75 41.73 41.7 41.59 41.48 41.34 41.14 41.03 40.92 40.94 41.29 41.57 41.8 41.86 41.52 41.3 41.23 41.2 41.23 41.25 41.26 41.27 41.24 41.24 41.26 41.28 41.29 41.33 41.34 41.34 41.37 41.4 41.41 41.41 41.42 41.43 41.44 41.46 41.49 41.5 41.51 41.53 41.53 41.53 41.54 41.57 41.57 41.58 41.6 41.62 41.63 41.62
43.16 43.17 43.17 43.16 43.14 43.11 43.09 43.09 43.07 43.07 43.07 43.05 42.98 42.79 42.58 42.24 41.72 41.46 41.46 41.49 41.52 41.57 41.56 41.57 41.69 41.79 41.82 41.86 41.89 41.8 41.73 41.63 41.44 41.29 41.07 40.83 40.93 41.12 41.44 41.83 41.78 41.56 41.38 41.22 41.19 41.2 41.22 41.24 41.23 41.22 41.25 41.28 41.3 41.31 41.32 41.32 41.32 41.33 41.37 41.39 41.39 41.4 41.41 41.43 41.45 41.47 41.49 41.51 41.51 41.52 41.53 41.54 41.54 41.54 41.57 41.6 41.61 41.6
43.13 43.16 43.18 43.18 43.17 43.14 43.13 43.12 43.09 43.07 43.05 43.05 43.03 42.94 42.85 42.62 42.14 41.81 41.76 41.61 41.39 41.37 41.4 41.48 41.69 41.81 41.83 41.88 41.89 41.8 41.73 41.65 41.53 41.41 41.28 41.05 40.85 40.77 40.97 41.45 41.81 41.86 41.68 41.39 41.22 41.18 41.18 41.2 41.22 41.23 41.25 41.27 41.28 41.3 41.3 41.3 41.31 41.33 41.34 41.35 41.36 41.37 41.39 41.4 41.41 41.44 41.46 41.47 41.49 41.5 41.51 41.52 41.52 41.52 41.54 41.56 41.57 41.58
43.09 43.14 43.16 43.17 43.18 43.17 43.16 43.14 43.12 43.08 43.06 43.06 43.06 43.03 42.99 42.89 42.64 42.39 42.27 41.98 41.48 41.32 41.37 41.52 41.74 41.82 41.84 41.87 41.86 41.79 41.73 41.68 41.6 41.51 41.41 41.26 40.95 40.66 40.71 41.04 41.38 41.45 41.42 41.4 41.31 41.2 41.18 41.17 41.18 41.19 41.22 41.24 41.25 41.28 41.28 41.27 41.27 41.29 41.31 41.32 41.33 41.35 41.37 41.38 41.42 41.44 41.44 41.45 41.46 41.47 41.47 41.49 41.51 41.52 41.53 41.53 41.54 41.56
43.07 43.11 43.12 43.15 43.17 43.17 43.18 43.17 43.16 43.12 43.1 43.09 43.09 43.06 43.04 43.03 42.99 42.85 42.68 42.39 41.86 41.48 41.38 41.49 41.71 41.82 41.86 41.85 41.79 41.75 41.73 41.7 41.65 41.59 41.51 41.37 41.13 40.88 40.77 40.77 40.97 41.11 41.19 41.42 41.5 41.35 41.23 41.15 41.14 41.16 41.18 41.21 41.23 41.25 41.25 41.24 41.25 41.26 41.29 41.3 41.3 41.32 41.33 41.35 41.4 41.42 41.43 41.44 41.46 41.46 41.45 41.45 41.47 41.5 41.51 41.52 41.54 41.57
43.07 43.08 43.09 43.11 43.14 43.15 43.16 43.18 43.19 43.16 43.14 43.13 43.11 43.08 43.07 43.06 43.06 43.02 42.94 42.71 42.23 41.76 41.47 41.37 41.51 41.7 41.8 41.82 41.75 41.74 41.76 41.75 41.69 41.62 41.57 41.49 41.35 41.19 41.03 40.79 40.74 40.82 40.97 41.34 41.64 41.63 41.45 41.25 41.18 41.18 41.18 41.18 41.19 41.2 41.2 41.21 41.23 41.25 41.27 41.27 41.27 41.27 41.29 41.31 41.32 41.35 41.41 41.44 41.43 41.43 41.43 41.43 41.44 41.48 41.5 41.52 41.52 41.55
43.06 43.05 43.05 43.07 43.11 43.12 43.13 43.16 43.18 43.17 43.14 43.14 43.14 43.12 43.1 43.07 43.06 43.08 43.07 42.95 42.62 42.31 42.01 41.58 41.4 41.47 41.6 41.69 41.73 41.77 41.82 41.84 41.74 41.66 41.63 41.61 41.55 41.46 41.29 40.97 40.74 40.66 40.78 41.17 41.52 41.66 41.67 41.58 41.51 41.44 41.3 41.18 41.15 41.15 41.16 41.19 41.19 41.22 41.24 41.25 41.25 41.25 41.26 41.27 41.26 41.29 41.35 41.41 41.4 41.38 41.4 41.42 41.44 41.45 41.47 41.5 41.52 41.54
43.02 43.03 43.02 43.05 43.1 43.11 43.12 43.13 43.15 43.16 43.14 43.16 43.17 43.14 43.12 43.09 43.07 43.07 43.06 43 42.83 42.67 42.42 41.97 41.58 41.41 41.39 41.46 41.63 41.76 41.84 41.87 41.76 41.68 41.66 41.66 41.64 41.6 41.48 41.22 41 40.84 40.82 40.94 41.04 41.23 41.56 41.8 41.86 41.78 41.53 41.24 41.14 41.13 41.14 41.14 41.14 41.16 41.19 41.21 41.21 41.22 41.23 41.23 41.24 41.26 41.31 41.33 41.34 41.36 41.39 41.41 41.42 41.44 41.46 41.47 41.49 41.52
42.94 43 43.02 43.05 43.09 43.11 43.12 43.13 43.14 43.15 43.17 43.18 43.19 43.17 43.15 43.12 43.1 43.09 43.08 43.06 43.03 42.98 42.8 42.42 42 41.72 41.5 41.33 41.46 41.61 41.71 41.8 41.78 41.74 41.72 41.7 41.69 41.68 41.63 41.5 41.39 41.27 41.09 40.88 40.69 40.79 41.19 41.67 41.9 41.93 41.77 41.43 41.22 41.16 41.12 41.11 41.09 41.11 41.14 41.17 41.19 41.2 41.21 41.22 41.22 41.24 41.26 41.27 41.3 41.35 41.38 41.4 41.39 41.39 41.42 41.44 41.46 41.49
42.81 42.91 42.98 43.02 43.05 43.08 43.1 43.12 43.13 43.14 43.16 43.18 43.19 43.17 43.16 43.15 43.12 43.1 43.09 43.09 43.09 43.1 43 42.75 42.4 42.13 41.85 41.51 41.43 41.46 41.55 41.67 41.74 41.77 41.77 41.76 41.77 41.76 41.73 41.71 41.71 41.63 41.4 41.07 40.84 40.81 40.92 41.31 41.71 41.84 41.92 41.78 41.55 41.35 41.15 41.1 41.08 41.08 41.11 41.16 41.17 41.18 41.2 41.22 41.23 41.24 41.24 41.26 41.26 41.29 41.33 41.36 41.36 41.37 41.39 41.41 41.42 41.46
42.76 42.84 42.92 42.96 43.04 43.08 43.08 43.08 43.1 43.11 43.14 43.16 43.18 43.19 43.18 43.16 43.16 43.14 43.12 43.1 43.09 43.09 43.08 42.99 42.73 42.5 42.28 41.98 41.74 41.56 41.5 41.5 41.55 41.65 41.76 41.83 41.84 41.8 41.75 41.78 41.84 41.78 41.56 41.27 41.1 41.02 40.86 40.89 41.13 41.42 41.83 42 41.97 41.72 41.33 41.16 41.16 41.14 41.12 41.14 41.14 41.15 41.18 41.2 41.22 41.23 41.22 41.22 41.23 41.25 41.29 41.32 41.33 41.36 41.37 41.38 41.39 41.42
42.73 42.8 42.85 42.91 43.02 43.07 43.06 43.06 43.08 43.09 43.12 43.15 43.18 43.19 43.19 43.17 43.15 43.15 43.15 43.13 43.11 43.1 43.11 43.1 42.97 42.84 42.72 42.5 42.23 41.96 41.68 41.42 41.33 41.43 41.66 41.81 41.84 41.8 41.74 41.77 41.85 41.83 41.68 41.47 41.32 41.27 41.1 40.87 40.81 40.98 41.42 41.83 42.01 41.95 41.62 41.37 41.29 41.18 41.13 41.14 41.14 41.13 41.15 41.18 41.2 41.2 41.2 41.2 41.2 41.22 41.24 41.25 41.27 41.31 41.35 41.36 41.37 41.39
42.71 42.78 42.8 42.84 42.95 43.04 43.06 43.07 43.06 43.07 43.09 43.13 43.16 43.17 43.18 43.17 43.15 43.17 43.19 43.17 43.15 43.13 43.13 43.13 43.1 43.08 43.02 42.82 42.62 42.43 42.04 41.6 41.34 41.31 41.46 41.69 41.78 41.76 41.73 41.74 41.76 41.77 41.73 41.6 41.48 41.41 41.26 41.09 40.98 40.89 40.99 41.28 41.62 41.95 41.88 41.68 41.55 41.31 41.17 41.14 41.14 41.13 41.14 41.16 41.17 41.18 41.18 41.18 41.18 41.17 41.18 41.18 41.2 41.26 41.3 41.33 41.34 41.37
42.74 42.76 42.76 42.79 42.87 42.96 43.02 43.06 43.05 43.06 43.08 43.11 43.14 43.15 43.16 43.17 43.16 43.18 43.21 43.2 43.17 43.15 43.15 43.14 43.13 43.12 43.07 42.97 42.91 42.76 42.41 41.99 41.69 41.45 41.3 41.47 41.61 41.63 41.67 41.7 41.68 41.69 41.69 41.62 41.56 41.54 41.42 41.27 41.18 40.99 40.81 40.82 41.11 41.59 41.85 41.88 41.8 41.55 41.33 41.25 41.21 41.16 41.15 41.15 41.14 41.14 41.15 41.15 41.15 41.14 41.13 41.14 41.18 41.22 41.24 41.26 41.29 41.32
42.78 42.83 42.8 42.8 42.82 42.86 42.91 42.97 43.01 43.04 43.06 43.1 43.12 43.12 43.12 43.13 43.15 43.19 43.21 43.2 43.18 43.18 43.18 43.15 43.13 43.11 43.09 43.08 43.1 43.03 42.77 42.38 42.12 41.87 41.51 41.35 41.39 41.44 41.59 41.74 41.75 41.72 41.69 41.67 41.66 41.7 41.65 41.52 41.42 41.21 40.92 40.76 40.84 41.15 41.53 41.73 41.81 41.81 41.73 41.68 41.53 41.29 41.16 41.14 41.13 41.12 41.11 41.12 41.13 41.13 41.13 41.13 41.15 41.18 41.2 41.21 41.23 41.27
