slabs/51.grd
DSAA
631 301
645150 645780
4946000 4946300
38.53 46.36
[rows 68 to 101 of 300, columns 0 to 77 of 631]
43.08 43.1 43.18 43.14 43.15 43.11 43.09 43.03 43.04 43.05 43.06 43.05 43.06 43.01 43 42.99 43 43.04 42.99 42.98 43.01 43.07 43.14 43.15 43.13 43.06 43.04 43.11 43.11 43.06 43.04 43.07 43.09 43.07 43.12 43.14 43.19 43.24 1.70141e38 43.18 43.16 43.19 43.21 43.19 43.16 43.13 43.11 43.08 43.07 43.15 43.19 43.16 43.11 43.11 43.12 43.1 43.08 43.06 43.08 43.08 43.08 43.1 43.12 43.12 43.1 43.1 43.11 43.12 43.1 43.07 43.09 43.11 43.08 43.07 43.08 43.12 43.15 43.19
43.09 43.1 43.17 43.14 43.13 43.09 43.09 43.03 43.03 43.01 43.05 43.01 43.05 43.04 42.98 42.99 43.02 43.11 43.03 43.07 43.07 43.07 43.1 43.08 43.04 43.02 43 43.02 43.05 43.06 43.01 43.03 43.12 43.17 43.18 43.17 43.14 43.19 1.70141e38 43.19 43.18 43.17 43.15 43.17 43.18 43.15 43.13 43.09 43.09 43.18 43.23 43.18 43.11 43.09 43.09 43.11 43.09 43.03 43.03 43.05 43.1 43.15 43.16 43.14 43.11 43.1 43.09 43.07 43.07 43.08 43.1 43.12 43.12 43.13 43.14 43.14 43.13 43.2
43.15 43.14 43.13 43.15 43.15 43.11 43.07 43.09 43.09 43.06 43.04 42.99 43.02 43.03 43.06 43.04 43.05 43.07 43.05 42.98 43.01 43.07 43.03 43.03 43.02 43.04 43.04 43.05 43.04 43.07 43.12 43.11 43.11 43.15 43.18 43.19 43.13 43.15 1.70141e38 43.18 43.18 43.16 43.14 43.16 43.19 43.17 43.15 43.13 43.13 43.17 43.18 43.16 43.1 43.05 43.06 43.11 43.09 43.04 43.05 43.1 43.16 43.22 43.21 43.16 43.1 43.07 43.08 43.08 43.08 43.09 43.11 43.14 43.16 43.19 43.23 43.22 43.17 43.22
43.18 43.16 43.13 43.12 43.15 43.16 43.07 43.08 43.08 43.07 43.07 43.03 43.02 43.03 43.1 43.09 43.09 43.08 43.07 43.05 43.05 43.06 43.06 43.06 43.05 43.06 43.09 43.08 43.08 43.09 43.1 43.12 43.14 43.16 43.18 43.21 43.17 43.16 1.70141e38 43.19 43.19 43.17 43.16 43.17 43.18 43.18 43.18 43.16 43.16 43.16 43.14 43.13 43.13 43.1 43.11 43.11 43.07 43.05 43.07 43.14 43.21 43.24 43.2 43.13 43.11 43.12 43.13 43.13 43.11 43.12 43.14 43.18 43.22 43.23 43.23 43.2 43.17 43.18
43.12 43.12 43.1 43.07 43.1 43.12 43.07 43.02 43.02 43.05 43.13 43.14 43.09 43.07 43.03 42.94 43 43.04 43.01 43.01 43.07 43.07 43.02 43 43.03 43.09 43.11 43.08 43.12 43.16 43.13 43.14 43.17 43.19 43.19 43.22 43.19 43.15 1.70141e38 43.24 43.23 43.19 43.15 43.19 43.22 43.2 43.16 43.14 43.16 43.17 43.13 43.09 43.14 43.17 43.15 43.12 43.14 43.16 43.14 43.15 43.17 43.15 43.13 43.1 43.11 43.11 43.12 43.15 43.19 43.18 43.16 43.17 43.21 43.2 43.15 43.12 43.12 43.13
43.13 43.08 43.1 43.07 43.08 43.09 43.03 43.04 43.07 43.12 43.13 43.11 43.08 42.98 43.01 42.98 42.99 43.03 42.96 42.97 43 43.01 43.07 43.05 43.03 43.08 43.07 43.07 43.11 43.12 43.15 43.16 43.19 43.22 43.22 43.23 43.16 43.11 1.70141e38 43.25 43.25 43.2 43.14 43.15 43.22 43.23 43.18 43.12 43.12 43.14 43.11 43.09 43.14 43.18 43.18 43.15 43.15 43.18 43.16 43.14 43.12 43.07 43.06 43.07 43.08 43.09 43.12 43.16 43.2 43.19 43.14 43.12 43.14 43.13 43.1 43.1 43.1 43.12
43.14 43.1 43.08 43.11 43.11 43.09 43.08 43.07 43.07 43.09 43.07 43.03 43.08 43.08 43.03 43.01 42.96 42.97 42.99 43.02 43.03 42.98 43.01 43.03 43.02 43.04 43.06 43.09 43.1 43.08 43.14 43.17 43.2 43.24 43.24 43.23 43.13 43.11 1.70141e38 43.25 43.27 43.24 43.18 43.16 43.22 43.25 43.2 43.11 43.07 43.08 43.11 43.14 43.17 43.2 43.17 43.11 43.1 43.11 43.11 43.11 43.09 43.07 43.06 43.06 43.07 43.08 43.09 43.09 43.07 43.1 43.1 43.07 43.09 43.1 43.12 43.13 43.14 43.16
43.07 43.06 43.07 43.08 43.09 43.13 43.13 43.09 43.04 43.03 43.05 43.03 43.03 43.07 43.04 43.04 43.03 43.02 43.05 43.07 43.03 42.98 42.95 42.97 43 43.03 43.07 43.1 43.1 43.09 43.16 43.18 43.2 43.24 43.23 43.21 43.16 43.17 1.70141e38 43.25 43.24 43.24 43.2 43.18 43.23 43.28 43.23 43.11 43.07 43.09 43.11 43.14 43.17 43.19 43.13 43.07 43.07 43.06 43.07 43.07 43.06 43.06 43.07 43.05 43.03 43.03 43.04 43.02 43 43.04 43.08 43.08 43.09 43.12 43.14 43.15 43.16 43.17
43.08 43.1 43.13 43.14 43.1 43.11 43.12 43.09 43.04 42.98 42.98 42.99 42.99 43.03 43.03 43.03 43.05 43.07 43.07 43.05 43.01 43.01 42.98 42.97 42.99 43.02 43.03 43.04 43.06 43.08 43.16 43.19 43.21 43.22 43.21 43.2 43.18 43.17 1.70141e38 43.21 43.22 43.24 43.2 43.16 43.19 43.23 43.21 43.13 43.08 43.1 43.1 43.1 43.13 43.15 43.11 43.07 43.07 43.04 43.01 43 42.99 43.02 43.06 43.05 43.01 43.01 43.03 43.07 43.09 43.09 43.11 43.11 43.12 43.12 43.14 43.15 43.17 43.17
43.11 43.15 43.15 43.14 43.07 43.02 43.09 43.08 43.04 43.03 42.98 43 43 43.03 43.03 43.02 43.03 43.04 43.03 43.03 43.01 43.03 42.97 42.95 42.98 43 43 43.02 43.06 43.08 43.14 43.23 43.21 43.19 43.19 43.17 43.16 43.22 1.70141e38 43.22 43.2 43.2 43.19 43.17 43.16 43.14 43.14 43.12 43.07 43.07 43.08 43.08 43.09 43.09 43.08 43.08 43.07 43.03 42.98 42.94 42.92 42.96 43.05 43.08 43.07 43.07 43.07 43.09 43.1 43.1 43.11 43.12 43.13 43.11 43.11 43.11 43.12 43.12
43.13 43.12 43.11 43.1 43.05 43 43.09 43.06 43.04 43.08 43.04 43.03 43.03 43.05 43.03 43.02 43.04 43.01 43.01 43.03 42.98 43.02 42.99 42.99 43.04 43.05 43.04 43.03 43.06 43.12 43.15 43.16 43.13 43.11 43.14 43.19 43.19 43.23 1.70141e38 43.24 43.22 43.2 43.21 43.21 43.16 43.11 43.12 43.11 43.09 43.07 43.08 43.08 43.07 43.06 43.06 43.06 43.04 43.01 42.97 42.95 42.94 42.99 43.07 43.11 43.12 43.13 43.13 43.12 43.13 43.12 43.1 43.1 43.1 43.09 43.09 43.09 43.07 43.06
43.12 43.1 43.09 43.08 43.05 43.07 43.13 43.11 43.06 43.09 43.06 43.01 43 43.03 42.99 42.99 42.99 42.98 42.99 43.04 43 43.03 43.09 43.09 43.1 43.05 43.06 43.09 43.13 43.12 43.12 43.11 43.16 43.14 43.15 43.21 43.23 1.70141e38 1.70141e38 43.23 43.22 43.21 43.21 43.2 43.16 43.13 43.12 43.11 43.1 43.09 43.09 43.09 43.1 43.07 43.01 43.01 43.02 43.01 42.99 43.02 43.07 43.09 43.11 43.13 43.14 43.14 43.14 43.14 43.14 43.13 43.11 43.11 43.1 43.07 43.06 43.05 43.04 43.02
43.08 43.08 43.11 43.1 43.06 43.12 43.17 43.15 43.1 43.11 43.05 43.02 43.02 42.98 43 43 42.98 42.97 42.92 42.96 43.06 43.14 43.13 43.17 43.17 43.08 43.08 43.11 43.14 43.18 43.15 43.13 43.19 43.12 43.13 43.18 43.25 1.70141e38 1.70141e38 43.22 43.18 43.16 43.17 43.17 43.16 43.14 43.1 43.08 43.09 43.09 43.07 43.09 43.13 43.07 42.97 42.98 43.04 43.05 43.06 43.08 43.09 43.1 43.12 43.15 43.16 43.15 43.13 43.13 43.14 43.13 43.09 43.07 43.05 43.02 43.02 43.02 43.01 42.98
43.04 43.02 43.11 43.1 43.07 43.15 43.13 43.11 43.08 43.08 43.04 43.02 43.04 43.07 43.08 43.07 43.03 43.02 43.02 43.06 43.1 43.1 43.12 43.13 43.14 43.1 43.12 43.08 43.1 43.18 43.15 43.17 43.2 43.11 43.14 43.14 43.17 1.70141e38 1.70141e38 43.21 43.17 43.14 43.15 43.16 43.16 43.12 43.06 43.05 43.08 43.07 43.03 43.06 43.12 43.1 43.04 43.03 43.05 43.07 43.1 43.11 43.12 43.12 43.14 43.15 43.15 43.14 43.12 43.11 43.11 43.08 43.04 43.03 43.01 43 42.98 42.98 42.98 42.97
43.05 43.03 43.09 43.08 43.08 43.13 43.09 43.07 43.04 43.01 43.04 43.05 43.13 43.15 43.15 43.12 43.09 43.12 43.12 43.08 43.07 43.11 43.1 43.1 43.11 43.09 43.12 43.12 43.15 43.17 43.16 43.19 43.19 43.15 43.15 43.14 43.15 1.70141e38 1.70141e38 43.18 43.2 43.2 43.18 43.16 43.14 43.09 43.01 42.99 43.02 42.99 42.97 43.02 43.07 43.08 43.08 43.1 43.11 43.11 43.12 43.12 43.11 43.11 43.12 43.12 43.11 43.09 43.07 43.07 43.06 43.03 43 42.99 43 42.99 42.96 42.94 42.95 42.97
43.04 43.02 43.11 43.14 43.19 43.18 43.17 43.17 43.12 43.1 43.13 43.15 43.18 43.19 43.15 43.1 43.12 43.15 43.12 43.07 43.07 43.13 43.1 43.11 43.11 43.08 43.08 43.1 43.15 43.14 43.15 43.18 43.16 43.16 43.14 43.16 43.19 1.70141e38 1.70141e38 43.2 43.24 43.22 43.16 43.15 43.15 43.11 43.02 42.94 42.92 42.96 43.05 43.1 43.11 43.11 43.12 43.12 43.13 43.13 43.13 43.13 43.13 43.1 43.08 43.08 43.07 43.04 43.01 43.01 43.01 43 42.99 42.99 43 42.99 42.96 42.94 42.95 42.97
43.13 43.15 43.15 43.13 43.14 43.16 43.21 43.21 43.15 43.16 43.18 43.21 43.19 43.17 43.15 43.13 43.13 43.12 43.09 43.1 43.12 43.1 43.08 43.09 43.11 43.05 43.04 43.06 43.1 43.11 43.13 43.17 43.16 43.17 43.19 43.19 43.19 1.70141e38 1.70141e38 43.19 43.21 43.2 43.15 43.1 43.1 43.1 43.07 43.06 43.07 43.09 43.12 43.14 43.13 43.13 43.14 43.13 43.13 43.12 43.12 43.11 43.1 43.08 43.04 43.03 43.02 43 42.98 42.98 42.97 42.98 42.99 43 42.99 42.98 42.95 42.93 42.94 42.96
43.19 43.13 43.17 43.16 43.15 43.16 43.2 43.21 43.14 43.14 43.14 43.15 43.16 43.16 43.15 43.13 43.08 43.1 43.09 43.12 43.11 43.08 43.07 43.09 43.13 43.08 43.06 43.06 43.1 43.13 43.16 43.17 43.19 43.23 43.28 43.28 43.18 1.70141e38 1.70141e38 43.16 43.23 43.22 43.13 43.08 43.06 43.08 43.1 43.12 43.12 43.13 43.14 43.15 43.14 43.14 43.13 43.12 43.11 43.1 43.09 43.07 43.07 43.05 43.02 42.99 42.98 42.96 42.96 42.95 42.95 42.97 42.99 42.99 42.97 42.94 42.92 42.9 42.92 42.95
43.19 43.18 43.16 43.17 43.17 43.18 43.19 43.19 43.14 43.2 43.17 43.13 43.16 43.1 43.1 43.1 43.05 43.09 43.11 43.12 43.09 43.11 43.1 43.12 43.16 43.15 43.13 43.11 43.15 43.17 43.19 43.21 43.22 43.26 43.33 43.28 43.18 1.70141e38 1.70141e38 43.06 43.09 43.12 43.11 43.09 43.09 43.09 43.11 43.14 43.14 43.14 43.14 43.14 43.14 43.12 43.09 43.07 43.06 43.05 43.03 43.02 43.02 43.02 42.99 42.96 42.95 42.95 42.94 42.93 42.95 42.97 42.98 42.97 42.95 42.93 42.92 42.89 42.89 42.93
43.12 43.18 43.21 43.15 43.16 43.19 43.2 43.18 43.12 43.18 43.17 43.13 43.18 43.11 43.11 43.1 43.08 43.08 43.1 43.12 43.13 43.14 43.12 43.13 43.12 43.14 43.15 43.18 43.22 43.23 43.23 43.2 43.23 43.2 43.16 43.16 43.12 1.70141e38 1.70141e38 43.08 43.09 43.1 43.1 43.11 43.12 43.11 43.11 43.12 43.12 43.11 43.1 43.09 43.07 43.05 43.02 43 42.99 42.98 42.97 42.96 42.97 42.97 42.95 42.95 42.96 42.98 42.96 42.93 42.94 42.96 42.97 42.96 42.94 42.94 42.95 42.92 42.87 42.88
43.22 43.18 43.21 43.19 43.2 43.23 43.23 43.19 43.08 43.13 43.15 43.12 43.17 43.17 43.17 43.15 43.13 43.09 43.08 43.1 43.14 43.19 43.17 43.14 43.11 43.13 43.16 43.18 43.21 43.2 43.17 43.16 43.09 43.1 43.08 43.14 43.17 1.70141e38 1.70141e38 43.12 43.11 43.12 43.12 43.12 43.12 43.1 43.08 43.08 43.07 43.07 43.04 43 42.98 42.98 42.96 42.94 42.94 42.95 42.94 42.92 42.93 42.94 42.94 42.95 42.94 42.96 42.95 42.93 42.92 42.94 42.96 42.95 42.92 42.94 43 42.96 42.87 42.87
43.25 43.17 43.18 43.21 43.22 43.24 43.21 43.14 43.05 43.12 43.14 43.11 43.1 43.12 43.14 43.13 43.13 43.12 43.11 43.08 43.15 43.17 43.18 43.13 43.15 43.13 43.12 43.13 43.12 43.11 43.05 43.03 43.1 43.09 43.09 43.14 43.16 1.70141e38 1.70141e38 43.14 43.13 43.13 43.12 43.09 43.08 43.05 43.02 43.01 43.01 43.01 42.99 42.95 42.94 42.95 42.93 42.91 42.92 42.94 42.93 42.92 42.91 42.93 42.96 42.97 42.94 42.93 42.95 42.94 42.91 42.89 42.92 42.93 42.91 42.91 42.96 42.92 42.85 42.85
43.2 43.14 43.15 43.18 43.19 43.18 43.14 43.07 43.03 43.1 43.1 43.09 43.09 43.12 43.11 43.1 43.14 43.13 43.08 43.08 43.19 43.2 43.23 43.2 43.16 43.14 43.09 42.98 42.96 42.98 43.01 43.03 43.14 43.13 43.11 43.14 43.14 1.70141e38 1.70141e38 43.13 43.13 43.12 43.09 43.05 43.01 42.99 42.98 42.95 42.95 42.96 42.95 42.93 42.93 42.93 42.92 42.89 42.9 42.91 42.91 42.92 42.9 42.91 42.95 42.96 42.93 42.93 42.97 42.95 42.91 42.89 42.89 42.93 42.92 42.89 42.9 42.89 42.85 42.84
43.2 43.14 43.15 43.18 43.2 43.15 43.13 43.09 43.1 43.12 43.1 43.09 43.09 43.16 43.14 43.12 43.12 43.14 43.17 43.15 43.18 43.18 43.2 43.17 43.13 43.11 43.1 43.01 43.02 43.04 43.09 43.09 43.13 43.14 43.13 43.14 43.12 1.70141e38 1.70141e38 43.1 43.09 43.07 43.03 42.99 42.96 42.95 42.95 42.92 42.91 42.91 42.9 42.89 42.9 42.9 42.89 42.88 42.88 42.9 42.91 42.92 42.9 42.9 42.95 42.96 42.92 42.9 42.91 42.91 42.89 42.86 42.84 42.88 42.91 42.87 42.87 42.88 42.87 42.84
43.18 43.19 43.18 43.2 43.2 43.18 43.18 43.08 43.06 43.07 43.07 43.11 43.07 43.09 43.14 43.17 43.11 43.13 43.21 43.19 43.08 43.09 43.14 43.12 43.11 43.11 43.13 43.08 43.1 43.12 43.16 43.11 43.14 43.15 43.15 43.12 43.09 1.70141e38 1.70141e38 43.05 43.03 43.01 42.98 42.94 42.92 42.9 42.9 42.91 42.91 42.89 42.88 42.87 42.87 42.87 42.87 42.88 42.87 42.89 42.91 42.92 42.9 42.89 42.92 42.94 42.92 42.9 42.91 42.91 42.88 42.84 42.83 42.86 42.88 42.86 42.86 42.87 42.87 42.86
43.09 43.18 43.16 43.18 43.21 43.14 43.14 43.1 43.1 43.1 43.09 43.08 43.06 43.07 43.12 43.15 43.13 43.15 43.18 43.1 43.09 43.09 43.11 43.09 43.11 43.13 43.15 43.14 43.14 43.14 43.16 43.13 43.14 43.13 43.12 43.08 43.05 1.70141e38 1.70141e38 42.99 42.98 42.96 42.94 42.9 42.89 42.88 42.88 42.88 42.89 42.89 42.89 42.89 42.88 42.87 42.87 42.87 42.86 42.86 42.89 42.9 42.9 42.9 42.91 42.92 42.92 42.9 42.91 42.9 42.88 42.85 42.84 42.86 42.87 42.86 42.84 42.85 42.88 42.88
43.11 43.15 43.14 43.15 43.19 43.14 43.11 43.11 43.08 43.07 43.09 43.09 43.08 43.08 43.09 43.09 43.06 43.1 43.14 43.08 43.11 43.11 43.13 43.12 43.16 43.16 43.16 43.18 43.16 43.15 43.13 43.12 43.11 43.08 43.07 43.03 43 1.70141e38 1.70141e38 42.93 42.93 42.93 42.93 42.9 42.89 42.87 42.85 42.86 42.87 42.89 42.88 42.88 42.87 42.87 42.88 42.89 42.87 42.85 42.87 42.89 42.9 42.9 42.89 42.9 42.91 42.91 42.92 42.92 42.9 42.87 42.86 42.87 42.88 42.87 42.85 42.86 42.89 42.9
43.12 43.11 43.12 43.13 43.14 43.14 43.12 43.11 43.1 43.1 43.1 43.08 43.03 43.01 43.01 43.06 43.04 43.08 43.12 43.12 43.11 43.11 43.14 43.15 43.19 43.18 43.16 43.16 43.14 43.11 43.06 43.06 43.05 43.03 43.03 42.97 42.97 1.70141e38 1.70141e38 42.91 42.91 42.9 42.89 42.9 42.89 42.86 42.86 42.87 42.88 42.87 42.87 42.88 42.87 42.86 42.86 42.88 42.88 42.86 42.87 42.89 42.92 42.92 42.9 42.9 42.91 42.92 42.93 42.93 42.92 42.9 42.87 42.87 42.87 42.87 42.86 42.86 42.88 42.9
43.16 43.15 43.13 43.12 43.1 43.12 43.12 43.05 43.03 43.06 43.07 43.02 42.98 42.99 43.03 43.07 43.09 43.1 43.12 43.14 43.11 43.12 43.15 43.17 43.17 43.14 43.11 43.1 43.08 43.05 42.99 43 43 42.97 42.97 42.96 42.94 1.70141e38 42.92 42.92 42.91 42.9 42.89 42.89 42.87 42.85 42.87 42.9 42.89 42.88 42.88 42.88 42.88 42.87 42.85 42.87 42.88 42.88 42.88 42.89 42.93 42.94 42.92 42.91 42.92 42.94 42.93 42.93 42.93 42.92 42.89 42.85 42.85 42.85 42.85 42.84 42.86 42.88
43.15 43.14 43.13 43.18 43.13 43.15 43.15 43.04 42.99 43.02 43.06 43.01 43.03 43.06 43.09 43.11 43.12 43.13 43.15 43.15 43.12 43.12 43.13 43.15 43.13 43.08 43.03 43.02 43.02 43 42.94 42.97 42.97 42.95 42.98 42.96 42.94 1.70141e38 42.9 42.92 42.9 42.87 42.87 42.88 42.87 42.84 42.84 42.87 42.88 42.87 42.88 42.88 42.89 42.88 42.87 42.86 42.88 42.88 42.87 42.88 42.93 42.94 42.92 42.9 42.9 42.93 42.93 42.92 42.93 42.94 42.91 42.86 42.86 42.88 42.88 42.85 42.85 42.86
43.14 43.11 43.12 43.2 43.17 43.17 43.1 43.04 43.01 43.02 43.06 43.07 43.09 43.1 43.1 43.13 43.11 43.12 43.15 43.14 43.13 43.11 43.08 43.09 43.07 43.02 42.97 42.95 42.95 42.93 42.9 42.92 42.92 42.93 42.92 42.92 42.9 1.70141e38 42.87 42.9 42.89 42.86 42.85 42.86 42.86 42.82 42.81 42.83 42.85 42.85 42.85 42.86 42.89 42.89 42.88 42.87 42.88 42.88 42.86 42.87 42.92 42.95 42.92 42.89 42.89 42.92 42.93 42.91 42.9 42.91 42.91 42.89 42.88 42.9 42.89 42.87 42.84 42.84
43.1 43.06 43.05 43.14 43.16 43.14 43.03 43.03 43.03 43.05 43.07 43.11 43.09 43.1 43.1 43.12 43.13 43.14 43.13 43.12 43.11 43.07 43.02 43.03 43 42.97 42.95 42.93 42.93 42.89 42.87 42.88 42.89 42.9 42.91 42.9 42.9 1.70141e38 42.85 42.87 42.87 42.85 42.84 42.84 42.84 42.82 42.8 42.81 42.84 42.85 42.84 42.85 42.88 42.9 42.91 42.89 42.88 42.89 42.87 42.87 42.9 42.93 42.92 42.89 42.88 42.9 42.91 42.9 42.88 42.88 42.89 42.89 42.88 42.89 42.89 42.86 42.84 42.84
42.97 42.97 42.99 43.05 43.1 43.09 43.06 43.04 43.06 43.07 43.09 43.1 43.09 43.06 43.08 43.1 43.12 43.13 43.1 43.09 43.08 43.03 42.97 43.03 42.98 42.92 42.92 42.93 42.92 42.88 42.85 42.89 42.9 42.9 42.88 42.89 42.89 1.70141e38 42.82 42.83 42.83 42.83 42.83 42.83 42.83 42.81 42.79 42.81 42.85 42.87 42.86 42.86 42.89 42.92 42.92 42.9 42.88 42.88 42.87 42.87 42.9 42.92 42.95 42.92 42.87 42.86 42.88 42.91 42.9 42.91 42.94 42.93 42.88 42.87 42.87 42.86 42.85 42.85
42.88 42.95 43.04 43.06 43.07 43.06 43.04 43.05 43.07 43.06 43.05 43.09 43.07 43.03 43 43.06 43.06 43.03 43.04 43 43 42.97 42.93 42.97 42.94 42.9 42.9 42.91 42.91 42.88 42.87 42.88 42.88 42.87 42.85 42.85 42.84 1.70141e38 42.8 42.8 42.79 42.8 42.82 42.82 42.82 42.81 42.8 42.81 42.85 42.88 42.89 42.88 42.88 42.9 42.91 42.9 42.89 42.9 42.89 42.88 42.88 42.9 42.92 42.91 42.86 42.84 42.87 42.9 42.9 42.91 42.93 42.93 42.88 42.86 42.86 42.88 42.86 42.85
