slabs/52.grd
DSAA
631 301
645150 645780
4946300 4946600
37.93 43.84
[rows 0 to 33 of 301, columns 234 to 311 of 631]
42.66 42.67 42.67 42.66 42.65 42.66 42.67 42.67 42.65 42.65 42.67 42.67 42.65 42.65 42.66 42.67 42.66 42.66 42.67 42.68 42.65 42.65 42.69 42.73 42.72 42.7 42.68 42.69 42.66 42.65 42.66 42.7 42.7 42.68 42.65 42.63 42.62 42.59 42.58 42.59 42.6 42.59 42.61 42.67 42.69 42.68 42.62 42.58 42.55 42.63 42.78 42.79 42.78 42.76 42.78 42.8 42.81 42.84 42.85 42.86 42.86 42.86 42.86 42.86 42.85 42.85 42.85 42.85 42.84 42.84 42.83 42.82 42.81 42.81 42.81 42.82 42.83 42.85
42.68 42.67 42.67 42.66 42.66 42.65 42.65 42.65 42.65 42.66 42.68 42.7 42.68 42.67 42.69 42.69 42.67 42.67 42.68 42.68 42.66 42.66 42.7 42.74 42.74 42.71 42.68 42.69 42.69 42.67 42.65 42.68 42.7 42.68 42.65 42.65 42.64 42.62 42.59 42.6 42.62 42.61 42.61 42.63 42.66 42.67 42.66 42.62 42.54 42.56 42.72 42.76 42.77 42.79 42.82 42.84 42.85 42.86 42.86 42.86 42.86 42.86 42.85 42.85 42.85 42.85 42.84 42.84 42.83 42.82 42.81 42.81 42.82 42.84 42.85 42.85 42.87 42.89
42.68 42.66 42.65 42.66 42.66 42.66 42.67 42.67 42.66 42.66 42.67 42.69 42.68 42.66 42.66 42.66 42.66 42.65 42.66 42.7 42.71 42.7 42.71 42.75 42.77 42.73 42.69 42.7 42.71 42.68 42.65 42.67 42.69 42.67 42.65 42.65 42.66 42.65 42.62 42.61 42.62 42.63 42.61 42.61 42.65 42.68 42.67 42.64 42.6 42.6 42.7 42.79 42.81 42.84 42.86 42.87 42.87 42.86 42.86 42.86 42.86 42.85 42.85 42.85 42.85 42.84 42.83 42.83 42.82 42.82 42.83 42.84 42.85 42.87 42.88 42.89 42.9 42.9
42.69 42.66 42.65 42.66 42.66 42.66 42.69 42.7 42.68 42.67 42.67 42.68 42.69 42.68 42.69 42.69 42.69 42.68 42.68 42.7 42.72 42.71 42.71 42.73 42.75 42.73 42.69 42.71 42.73 42.7 42.66 42.68 42.69 42.68 42.66 42.65 42.66 42.67 42.64 42.61 42.62 42.62 42.6 42.59 42.64 42.7 42.69 42.67 42.6 42.54 42.67 42.82 42.85 42.86 42.86 42.86 42.86 42.86 42.85 42.85 42.85 42.84 42.84 42.84 42.83 42.83 42.82 42.82 42.84 42.85 42.86 42.88 42.89 42.9 42.91 42.9 42.89 42.88
42.68 42.64 42.65 42.68 42.68 42.67 42.69 42.7 42.67 42.65 42.65 42.67 42.69 42.7 42.7 42.71 42.71 42.7 42.68 42.7 42.72 42.7 42.7 42.73 42.75 42.74 42.7 42.7 42.71 42.7 42.67 42.68 42.69 42.69 42.69 42.67 42.67 42.66 42.65 42.61 42.61 42.61 42.58 42.56 42.61 42.7 42.71 42.68 42.58 42.48 42.63 42.84 42.87 42.86 42.86 42.86 42.86 42.85 42.85 42.85 42.84 42.84 42.84 42.83 42.83 42.84 42.85 42.85 42.87 42.89 42.9 42.9 42.91 42.9 42.89 42.88 42.86 42.82
42.69 42.66 42.66 42.68 42.7 42.69 42.69 42.69 42.67 42.65 42.65 42.67 42.7 42.7 42.69 42.71 42.73 42.71 42.68 42.69 42.7 42.7 42.7 42.72 42.75 42.74 42.71 42.69 42.68 42.68 42.68 42.68 42.67 42.68 42.69 42.68 42.66 42.66 42.66 42.63 42.63 42.63 42.6 42.58 42.61 42.68 42.7 42.69 42.65 42.57 42.64 42.81 42.85 42.86 42.85 42.85 42.85 42.84 42.84 42.84 42.84 42.83 42.83 42.84 42.85 42.87 42.88 42.89 42.91 42.91 42.91 42.9 42.88 42.85 42.84 42.83 42.8 42.76
42.74 42.72 42.7 42.69 42.71 42.71 42.7 42.69 42.68 42.66 42.64 42.66 42.68 42.69 42.69 42.71 42.73 42.72 42.69 42.69 42.7 42.7 42.71 42.71 42.72 42.73 42.72 42.68 42.66 42.67 42.68 42.68 42.68 42.69 42.69 42.67 42.64 42.64 42.65 42.64 42.63 42.61 42.61 42.59 42.61 42.66 42.71 42.72 42.7 42.57 42.56 42.73 42.81 42.85 42.85 42.85 42.84 42.84 42.84 42.84 42.84 42.85 42.86 42.87 42.89 42.9 42.91 42.91 42.9 42.89 42.88 42.86 42.83 42.8 42.79 42.78 42.76 42.74
42.75 42.74 42.71 42.69 42.7 42.7 42.69 42.67 42.67 42.67 42.65 42.65 42.66 42.67 42.68 42.69 42.71 42.71 42.71 42.69 42.7 42.72 42.73 42.71 42.69 42.7 42.7 42.66 42.66 42.67 42.68 42.68 42.68 42.7 42.7 42.68 42.65 42.65 42.65 42.65 42.63 42.62 42.62 42.6 42.61 42.65 42.7 42.73 42.73 42.64 42.59 42.67 42.76 42.84 42.84 42.84 42.84 42.85 42.86 42.86 42.87 42.89 42.91 42.92 42.91 42.91 42.9 42.89 42.86 42.84 42.83 42.81 42.79 42.78 42.77 42.77 42.76 42.75
42.71 42.7 42.69 42.67 42.68 42.68 42.68 42.67 42.67 42.67 42.67 42.65 42.64 42.66 42.68 42.68 42.68 42.7 42.72 42.69 42.69 42.71 42.73 42.7 42.68 42.7 42.7 42.68 42.67 42.68 42.7 42.72 42.71 42.69 42.67 42.68 42.67 42.66 42.66 42.64 42.61 42.6 42.62 42.61 42.61 42.64 42.69 42.72 42.74 42.69 42.62 42.62 42.71 42.83 42.85 42.85 42.87 42.89 42.91 42.92 42.92 42.92 42.93 42.92 42.9 42.88 42.87 42.85 42.83 42.82 42.81 42.81 42.8 42.79 42.79 42.78 42.76 42.75
42.68 42.68 42.68 42.67 42.66 42.67 42.67 42.66 42.67 42.68 42.68 42.65 42.64 42.65 42.67 42.67 42.67 42.68 42.7 42.7 42.69 42.7 42.72 42.71 42.69 42.71 42.73 42.71 42.67 42.66 42.72 42.76 42.75 42.7 42.7 42.73 42.71 42.67 42.65 42.63 42.6 42.59 42.61 42.61 42.61 42.63 42.68 42.72 42.74 42.69 42.6 42.52 42.6 42.81 42.88 42.9 42.92 42.94 42.95 42.95 42.94 42.92 42.91 42.89 42.87 42.86 42.85 42.85 42.84 42.83 42.82 42.82 42.81 42.81 42.8 42.78 42.76 42.75
42.67 42.69 42.71 42.69 42.68 42.67 42.67 42.67 42.68 42.69 42.7 42.67 42.64 42.64 42.65 42.65 42.65 42.67 42.69 42.68 42.67 42.68 42.71 42.72 42.71 42.71 42.71 42.71 42.7 42.7 42.73 42.76 42.73 42.68 42.69 42.71 42.7 42.68 42.66 42.67 42.64 42.61 42.61 42.62 42.61 42.62 42.66 42.7 42.73 42.7 42.63 42.54 42.53 42.76 42.93 42.95 42.95 42.95 42.95 42.93 42.91 42.9 42.89 42.89 42.88 42.86 42.85 42.85 42.85 42.84 42.84 42.83 42.81 42.8 42.79 42.78 42.77 42.76
42.67 42.7 42.73 42.7 42.67 42.67 42.68 42.69 42.69 42.7 42.71 42.67 42.63 42.63 42.65 42.66 42.66 42.67 42.68 42.67 42.66 42.68 42.72 42.74 42.73 42.71 42.71 42.73 42.71 42.69 42.71 42.72 42.71 42.69 42.69 42.7 42.7 42.68 42.66 42.68 42.67 42.63 42.61 42.62 42.61 42.6 42.61 42.65 42.7 42.72 42.72 42.64 42.54 42.71 42.94 42.97 42.95 42.94 42.93 42.93 42.91 42.9 42.89 42.89 42.88 42.88 42.88 42.87 42.86 42.85 42.84 42.82 42.81 42.8 42.8 42.79 42.78 42.78
42.7 42.71 42.72 42.69 42.66 42.66 42.68 42.68 42.68 42.68 42.69 42.68 42.65 42.64 42.66 42.69 42.7 42.7 42.7 42.7 42.68 42.69 42.73 42.75 42.75 42.71 42.7 42.72 42.71 42.69 42.69 42.7 42.7 42.69 42.71 42.73 42.73 42.69 42.65 42.67 42.68 42.65 42.61 42.61 42.61 42.6 42.59 42.61 42.68 42.73 42.74 42.68 42.59 42.71 42.92 42.96 42.95 42.94 42.93 42.93 42.92 42.91 42.91 42.91 42.9 42.9 42.89 42.88 42.86 42.85 42.85 42.84 42.83 42.82 42.82 42.8 42.78 42.78
42.69 42.7 42.71 42.7 42.67 42.66 42.66 42.68 42.69 42.68 42.68 42.7 42.68 42.66 42.65 42.66 42.68 42.69 42.69 42.7 42.7 42.69 42.73 42.76 42.76 42.72 42.7 42.71 42.71 42.69 42.69 42.69 42.7 42.71 42.72 42.74 42.74 42.7 42.66 42.66 42.68 42.66 42.63 42.62 42.61 42.61 42.62 42.62 42.67 42.74 42.76 42.73 42.63 42.68 42.88 42.94 42.95 42.95 42.95 42.94 42.94 42.93 42.93 42.93 42.91 42.9 42.9 42.89 42.88 42.87 42.86 42.85 42.83 42.82 42.81 42.8 42.78 42.77
42.66 42.66 42.69 42.7 42.7 42.68 42.67 42.69 42.7 42.67 42.66 42.68 42.69 42.67 42.67 42.69 42.7 42.69 42.68 42.69 42.68 42.68 42.7 42.73 42.73 42.72 42.7 42.7 42.7 42.71 42.69 42.68 42.7 42.72 42.72 42.72 42.73 42.71 42.67 42.66 42.66 42.65 42.64 42.62 42.59 42.58 42.59 42.58 42.63 42.72 42.77 42.75 42.65 42.64 42.78 42.89 42.97 42.97 42.97 42.96 42.96 42.95 42.95 42.93 42.92 42.91 42.9 42.89 42.87 42.86 42.85 42.84 42.83 42.81 42.81 42.8 42.78 42.77
42.7 42.7 42.7 42.7 42.68 42.68 42.7 42.72 42.71 42.7 42.7 42.72 42.72 42.69 42.67 42.69 42.7 42.7 42.69 42.68 42.68 42.68 42.69 42.69 42.7 42.7 42.7 42.69 42.7 42.73 42.71 42.69 42.7 42.72 42.7 42.7 42.71 42.69 42.66 42.65 42.65 42.65 42.66 42.62 42.57 42.56 42.56 42.55 42.57 42.65 42.71 42.72 42.67 42.62 42.67 42.83 42.98 42.98 42.98 42.98 42.97 42.96 42.95 42.93 42.92 42.91 42.9 42.88 42.87 42.86 42.85 42.83 42.82 42.81 42.81 42.8 42.78 42.77
42.7 42.69 42.69 42.68 42.67 42.67 42.69 42.71 42.72 42.7 42.7 42.71 42.71 42.69 42.67 42.69 42.72 42.72 42.7 42.71 42.72 42.72 42.7 42.68 42.69 42.71 42.7 42.69 42.71 42.75 42.75 42.72 42.7 42.72 42.71 42.69 42.69 42.69 42.68 42.66 42.65 42.67 42.69 42.64 42.58 42.57 42.58 42.57 42.57 42.62 42.68 42.68 42.61 42.51 42.52 42.72 42.96 43 42.99 42.98 42.96 42.95 42.94 42.93 42.91 42.9 42.89 42.87 42.86 42.85 42.84 42.83 42.82 42.81 42.81 42.8 42.8 42.79
42.71 42.71 42.7 42.7 42.69 42.67 42.68 42.71 42.71 42.69 42.68 42.68 42.69 42.69 42.68 42.7 42.71 42.71 42.71 42.73 42.74 42.73 42.7 42.69 42.7 42.73 42.74 42.72 42.73 42.76 42.76 42.71 42.68 42.7 42.69 42.68 42.68 42.7 42.69 42.68 42.64 42.64 42.66 42.64 42.6 42.58 42.59 42.58 42.58 42.62 42.67 42.7 42.63 42.54 42.5 42.67 42.92 42.99 42.98 42.97 42.95 42.94 42.93 42.92 42.9 42.89 42.88 42.87 42.85 42.84 42.84 42.83 42.83 42.82 42.82 42.81 42.81 42.81
42.7 42.7 42.71 42.72 42.7 42.68 42.68 42.7 42.69 42.69 42.68 42.68 42.69 42.69 42.68 42.68 42.7 42.71 42.71 42.73 42.71 42.69 42.69 42.69 42.7 42.74 42.78 42.75 42.73 42.76 42.75 42.71 42.68 42.69 42.7 42.68 42.67 42.68 42.67 42.67 42.66 42.65 42.65 42.63 42.6 42.58 42.58 42.57 42.59 42.62 42.67 42.71 42.67 42.6 42.55 42.64 42.88 42.98 42.97 42.96 42.94 42.94 42.92 42.91 42.89 42.88 42.88 42.87 42.86 42.85 42.85 42.84 42.84 42.84 42.84 42.83 42.83 42.82
42.71 42.72 42.73 42.72 42.71 42.7 42.69 42.69 42.68 42.69 42.69 42.69 42.69 42.68 42.68 42.68 42.69 42.71 42.73 42.73 42.71 42.69 42.69 42.69 42.69 42.73 42.77 42.76 42.73 42.74 42.76 42.72 42.68 42.68 42.69 42.67 42.66 42.68 42.69 42.68 42.66 42.64 42.65 42.64 42.61 42.58 42.57 42.57 42.59 42.61 42.67 42.72 42.7 42.67 42.63 42.66 42.84 42.96 42.97 42.95 42.93 42.92 42.92 42.91 42.89 42.88 42.88 42.87 42.87 42.87 42.87 42.87 42.86 42.86 42.85 42.83 42.82 42.8
42.72 42.75 42.73 42.72 42.72 42.72 42.71 42.7 42.7 42.7 42.7 42.68 42.67 42.68 42.69 42.67 42.68 42.73 42.77 42.75 42.71 42.7 42.69 42.7 42.71 42.74 42.78 42.76 42.71 42.7 42.72 42.72 42.71 42.7 42.71 42.68 42.66 42.67 42.68 42.69 42.67 42.64 42.63 42.62 42.61 42.59 42.58 42.58 42.6 42.61 42.65 42.7 42.72 42.71 42.68 42.65 42.77 42.91 42.94 42.94 42.93 42.92 42.92 42.91 42.91 42.9 42.9 42.9 42.9 42.9 42.89 42.88 42.87 42.85 42.83 42.8 42.78 42.76
42.7 42.73 42.72 42.7 42.72 42.75 42.73 42.7 42.7 42.72 42.7 42.66 42.66 42.68 42.7 42.7 42.7 42.73 42.76 42.75 42.71 42.7 42.7 42.7 42.71 42.75 42.8 42.77 42.72 42.71 42.73 42.75 42.74 42.7 42.69 42.68 42.66 42.66 42.66 42.68 42.67 42.65 42.62 42.61 42.61 42.6 42.58 42.57 42.59 42.6 42.6 42.65 42.72 42.73 42.69 42.6 42.68 42.86 42.92 42.95 42.94 42.94 42.94 42.94 42.94 42.94 42.93 42.92 42.91 42.9 42.88 42.85 42.84 42.82 42.79 42.76 42.75 42.74
42.69 42.72 42.72 42.7 42.71 42.75 42.74 42.71 42.7 42.72 42.72 42.67 42.67 42.69 42.71 42.71 42.69 42.68 42.69 42.71 42.71 42.7 42.72 42.71 42.69 42.72 42.74 42.74 42.72 42.71 42.72 42.75 42.75 42.7 42.67 42.68 42.68 42.66 42.66 42.66 42.66 42.65 42.64 42.62 42.61 42.6 42.58 42.56 42.57 42.58 42.58 42.62 42.7 42.74 42.7 42.62 42.67 42.82 42.91 42.97 42.97 42.97 42.97 42.96 42.96 42.94 42.92 42.9 42.89 42.87 42.84 42.81 42.8 42.78 42.76 42.75 42.74 42.74
42.68 42.71 42.72 42.71 42.71 42.72 42.73 42.72 42.7 42.7 42.71 42.69 42.67 42.69 42.71 42.71 42.67 42.68 42.7 42.72 42.71 42.68 42.7 42.7 42.69 42.69 42.71 42.73 42.73 42.71 42.71 42.73 42.75 42.73 42.69 42.68 42.67 42.66 42.66 42.66 42.66 42.65 42.65 42.64 42.62 42.61 42.59 42.56 42.57 42.58 42.58 42.61 42.68 42.72 42.67 42.57 42.59 42.72 42.87 43 42.99 42.99 42.97 42.95 42.94 42.92 42.89 42.86 42.85 42.83 42.8 42.79 42.78 42.77 42.76 42.76 42.77 42.77
42.67 42.69 42.7 42.71 42.7 42.7 42.73 42.74 42.72 42.7 42.71 42.71 42.69 42.68 42.7 42.7 42.67 42.66 42.67 42.7 42.71 42.68 42.68 42.69 42.68 42.68 42.69 42.71 42.74 42.73 42.71 42.72 42.75 42.75 42.72 42.68 42.66 42.66 42.66 42.66 42.67 42.67 42.65 42.63 42.63 42.64 42.62 42.57 42.58 42.6 42.59 42.6 42.66 42.71 42.69 42.63 42.6 42.63 42.82 43 42.99 42.97 42.95 42.92 42.9 42.88 42.86 42.83 42.82 42.81 42.8 42.8 42.8 42.79 42.79 42.79 42.79 42.8
42.71 42.69 42.7 42.7 42.69 42.69 42.7 42.7 42.7 42.69 42.68 42.69 42.69 42.68 42.69 42.7 42.69 42.67 42.67 42.69 42.7 42.67 42.67 42.68 42.67 42.67 42.67 42.69 42.73 42.73 42.72 42.72 42.74 42.75 42.72 42.68 42.67 42.66 42.66 42.67 42.67 42.67 42.65 42.62 42.63 42.66 42.66 42.62 42.6 42.62 42.6 42.58 42.59 42.64 42.68 42.68 42.7 42.7 42.8 42.94 42.95 42.93 42.91 42.88 42.86 42.85 42.84 42.83 42.82 42.82 42.82 42.82 42.82 42.82 42.82 42.81 42.82 42.82
42.75 42.7 42.69 42.7 42.69 42.67 42.67 42.66 42.66 42.67 42.67 42.68 42.68 42.66 42.66 42.67 42.68 42.67 42.66 42.67 42.68 42.67 42.66 42.66 42.67 42.67 42.66 42.67 42.71 42.72 42.71 42.71 42.73 42.76 42.74 42.69 42.67 42.66 42.66 42.66 42.65 42.67 42.66 42.63 42.63 42.65 42.64 42.6 42.57 42.58 42.57 42.56 42.57 42.61 42.68 42.71 42.72 42.66 42.7 42.87 42.91 42.89 42.88 42.87 42.86 42.85 42.85 42.86 42.85 42.85 42.85 42.84 42.84 42.84 42.84 42.83 42.83 42.81
42.74 42.7 42.7 42.7 42.69 42.68 42.66 42.66 42.67 42.66 42.66 42.67 42.67 42.65 42.65 42.65 42.66 42.65 42.64 42.65 42.67 42.68 42.67 42.66 42.66 42.66 42.66 42.66 42.69 42.71 42.71 42.71 42.73 42.78 42.76 42.69 42.65 42.66 42.67 42.66 42.66 42.67 42.67 42.64 42.62 42.62 42.61 42.59 42.57 42.57 42.57 42.57 42.58 42.62 42.69 42.71 42.7 42.64 42.66 42.81 42.89 42.89 42.89 42.89 42.89 42.88 42.88 42.88 42.87 42.87 42.87 42.86 42.85 42.84 42.83 42.82 42.8 42.78
42.73 42.71 42.7 42.7 42.7 42.69 42.68 42.68 42.68 42.66 42.65 42.65 42.66 42.66 42.65 42.64 42.65 42.65 42.64 42.65 42.67 42.69 42.69 42.68 42.68 42.68 42.66 42.66 42.68 42.72 42.73 42.72 42.72 42.73 42.73 42.7 42.67 42.69 42.69 42.66 42.65 42.67 42.66 42.64 42.62 42.6 42.59 42.58 42.56 42.56 42.55 42.57 42.58 42.6 42.66 42.71 42.69 42.63 42.6 42.74 42.88 42.9 42.91 42.91 42.91 42.91 42.9 42.89 42.88 42.88 42.87 42.86 42.85 42.82 42.79 42.77 42.76 42.74
42.72 42.7 42.69 42.68 42.69 42.68 42.68 42.68 42.69 42.68 42.66 42.65 42.66 42.66 42.64 42.64 42.66 42.66 42.65 42.64 42.65 42.67 42.68 42.68 42.67 42.69 42.67 42.64 42.65 42.68 42.7 42.7 42.7 42.7 42.72 42.7 42.67 42.67 42.68 42.67 42.65 42.66 42.67 42.66 42.63 42.6 42.58 42.59 42.59 42.57 42.55 42.55 42.56 42.58 42.64 42.68 42.68 42.62 42.56 42.68 42.85 42.91 42.93 42.93 42.92 42.92 42.91 42.9 42.89 42.87 42.85 42.82 42.8 42.78 42.75 42.74 42.74 42.74
42.71 42.69 42.67 42.67 42.68 42.68 42.68 42.68 42.68 42.68 42.67 42.66 42.66 42.67 42.65 42.64 42.66 42.69 42.68 42.64 42.65 42.68 42.7 42.67 42.64 42.64 42.64 42.64 42.65 42.67 42.69 42.7 42.68 42.68 42.69 42.68 42.67 42.67 42.67 42.67 42.66 42.66 42.67 42.67 42.66 42.63 42.6 42.61 42.62 42.59 42.56 42.55 42.55 42.57 42.62 42.66 42.67 42.64 42.59 42.64 42.77 42.87 42.94 42.94 42.93 42.91 42.9 42.88 42.86 42.83 42.8 42.78 42.76 42.75 42.74 42.74 42.74 42.75
42.69 42.68 42.67 42.68 42.69 42.7 42.7 42.69 42.69 42.7 42.69 42.67 42.66 42.69 42.67 42.64 42.65 42.66 42.66 42.63 42.63 42.65 42.67 42.67 42.65 42.65 42.65 42.65 42.64 42.65 42.67 42.68 42.67 42.67 42.69 42.69 42.68 42.67 42.67 42.67 42.66 42.66 42.66 42.68 42.68 42.65 42.62 42.63 42.63 42.59 42.56 42.56 42.55 42.56 42.61 42.66 42.67 42.65 42.6 42.58 42.68 42.84 42.94 42.93 42.91 42.88 42.85 42.83 42.82 42.79 42.76 42.76 42.76 42.76 42.77 42.77 42.78 42.8
42.69 42.68 42.69 42.69 42.7 42.71 42.71 42.69 42.7 42.74 42.74 42.7 42.67 42.69 42.68 42.65 42.64 42.64 42.65 42.65 42.64 42.64 42.66 42.67 42.65 42.66 42.67 42.67 42.65 42.64 42.66 42.68 42.67 42.67 42.68 42.69 42.68 42.66 42.66 42.67 42.67 42.66 42.66 42.67 42.67 42.66 42.63 42.62 42.61 42.59 42.58 42.58 42.59 42.58 42.6 42.65 42.68 42.67 42.61 42.55 42.61 42.8 42.9 42.88 42.86 42.83 42.8 42.79 42.78 42.77 42.77 42.78 42.79 42.8 42.82 42.83 42.84 42.85
42.71 42.7 42.71 42.7 42.69 42.71 42.73 42.7 42.7 42.73 42.73 42.7 42.67 42.67 42.69 42.69 42.66 42.63 42.64 42.65 42.64 42.64 42.64 42.64 42.63 42.63 42.66 42.68 42.65 42.64 42.66 42.68 42.67 42.66 42.66 42.67 42.69 42.67 42.65 42.66 42.68 42.67 42.65 42.65 42.65 42.65 42.64 42.62 42.62 42.61 42.6 42.61 42.63 42.61 42.59 42.6 42.63 42.65 42.64 42.62 42.59 42.68 42.84 42.83 42.81 42.79 42.78 42.78 42.79 42.8 42.82 42.83 42.84 42.86 42.87 42.88 42.88 42.88
