slabs/52.grd
DSAA
631 301
645150 645780
4946300 4946600
37.93 43.84
[rows 170 to 203 of 301, columns 234 to 311 of 631]
42.89 42.88 42.87 42.86 42.86 42.87 42.87 42.87 42.89 42.95 43 43 43.02 43.08 43.12 43.1 43.07 43.07 43.07 43.06 43.05 43.04 43.03 43 42.95 42.93 42.94 42.96 42.97 42.96 42.96 42.96 42.97 42.99 42.97 42.92 42.89 42.9 42.9 42.89 42.86 42.84 42.83 42.84 42.85 42.84 42.82 42.79 42.77 42.77 42.76 42.75 42.76 42.75 42.73 42.67 42.62 42.62 42.64 42.67 42.68 42.69 42.71 42.7 42.68 42.66 42.66 42.66 42.67 42.67 42.65 42.64 42.59 42.56 42.59 42.63 42.62 42.61
42.88 42.86 42.85 42.85 42.86 42.88 42.9 42.9 42.95 43.06 43.12 43.11 43.09 43.07 43.07 43.06 43.06 43.07 43.06 43.05 43.03 43.02 43.02 43 42.95 42.93 42.92 42.94 42.96 42.95 42.95 42.95 42.95 42.97 42.96 42.92 42.88 42.88 42.89 42.88 42.86 42.84 42.82 42.82 42.84 42.84 42.82 42.79 42.76 42.75 42.74 42.74 42.74 42.74 42.73 42.68 42.63 42.61 42.61 42.64 42.66 42.67 42.69 42.7 42.67 42.64 42.64 42.64 42.65 42.66 42.65 42.64 42.6 42.55 42.56 42.58 42.6 42.61
42.86 42.84 42.83 42.84 42.88 42.95 43 43.01 43.04 43.08 43.1 43.09 43.07 43.07 43.06 43.05 43.05 43.06 43.05 43.03 43.02 43.01 43.01 42.99 42.95 42.93 42.91 42.92 42.94 42.93 42.93 42.92 42.93 42.94 42.94 42.91 42.87 42.86 42.86 42.87 42.85 42.84 42.81 42.79 42.81 42.82 42.82 42.8 42.77 42.75 42.73 42.73 42.73 42.73 42.72 42.68 42.64 42.6 42.59 42.61 42.63 42.65 42.67 42.68 42.66 42.63 42.62 42.62 42.63 42.64 42.64 42.63 42.59 42.54 42.53 42.55 42.59 42.61
42.85 42.86 42.88 42.92 42.97 43.02 43.09 43.09 43.08 43.07 43.08 43.07 43.06 43.05 43.05 43.05 43.05 43.05 43.04 43.02 43 43 42.99 42.98 42.95 42.93 42.91 42.9 42.92 42.92 42.91 42.9 42.9 42.91 42.91 42.9 42.87 42.84 42.84 42.85 42.85 42.83 42.8 42.78 42.78 42.8 42.81 42.8 42.78 42.75 42.72 42.71 42.71 42.71 42.71 42.68 42.64 42.6 42.57 42.58 42.6 42.62 42.65 42.67 42.65 42.62 42.6 42.6 42.61 42.62 42.63 42.62 42.59 42.53 42.52 42.53 42.56 42.59
42.9 42.96 43.03 43.08 43.11 43.1 43.09 43.08 43.07 43.06 43.06 43.06 43.05 43.04 43.04 43.04 43.03 43.03 43.03 43.02 42.99 42.98 42.98 42.97 42.95 42.93 42.9 42.89 42.9 42.9 42.89 42.88 42.88 42.88 42.89 42.89 42.88 42.85 42.83 42.84 42.84 42.82 42.8 42.77 42.76 42.78 42.8 42.79 42.78 42.76 42.72 42.7 42.7 42.7 42.71 42.7 42.66 42.6 42.55 42.55 42.57 42.6 42.63 42.65 42.64 42.61 42.59 42.59 42.59 42.6 42.61 42.61 42.57 42.52 42.5 42.51 42.52 42.55
43.02 43.03 43.08 43.1 43.12 43.11 43.1 43.08 43.06 43.05 43.05 43.06 43.05 43.03 43.03 43.03 43.02 43.02 43.03 43.01 42.98 42.96 42.95 42.94 42.94 42.92 42.9 42.87 42.88 42.88 42.87 42.86 42.86 42.87 42.87 42.88 42.88 42.85 42.82 42.83 42.83 42.82 42.79 42.75 42.74 42.75 42.78 42.79 42.78 42.75 42.71 42.69 42.69 42.69 42.69 42.7 42.67 42.6 42.54 42.52 42.54 42.58 42.61 42.63 42.63 42.6 42.57 42.57 42.56 42.57 42.58 42.59 42.56 42.5 42.48 42.48 42.48 42.51
43.05 43.05 43.06 43.08 43.1 43.1 43.09 43.07 43.05 43.05 43.04 43.04 43.03 43.03 43.02 43.02 43.01 43.01 43.01 43 42.96 42.94 42.93 42.92 42.92 42.92 42.9 42.86 42.85 42.86 42.86 42.84 42.84 42.84 42.85 42.86 42.85 42.83 42.81 42.82 42.83 42.82 42.79 42.75 42.73 42.74 42.76 42.78 42.78 42.75 42.71 42.68 42.68 42.68 42.68 42.69 42.67 42.61 42.54 42.5 42.51 42.54 42.57 42.6 42.61 42.59 42.56 42.54 42.54 42.54 42.55 42.56 42.54 42.5 42.46 42.48 42.52 42.58
43.04 43.04 43.04 43.06 43.08 43.09 43.08 43.06 43.04 43.03 43.03 43.03 43.02 43.01 43 43 43 43 43 42.99 42.96 42.93 42.92 42.91 42.91 42.91 42.89 42.86 42.83 42.84 42.85 42.82 42.82 42.82 42.83 42.84 42.83 42.82 42.8 42.8 42.82 42.81 42.78 42.75 42.73 42.72 42.74 42.77 42.77 42.75 42.71 42.67 42.67 42.67 42.67 42.68 42.67 42.61 42.54 42.5 42.49 42.49 42.53 42.55 42.57 42.57 42.54 42.52 42.51 42.5 42.5 42.5 42.51 42.53 42.53 42.58 42.68 42.75
43.03 43.02 43.02 43.03 43.06 43.07 43.06 43.04 43.02 43.01 43.01 43.01 43 43 42.99 42.98 42.99 43 42.99 42.98 42.96 42.93 42.91 42.89 42.89 42.89 42.89 42.85 42.83 42.83 42.83 42.81 42.8 42.8 42.82 42.83 42.82 42.81 42.79 42.79 42.8 42.8 42.78 42.76 42.73 42.7 42.71 42.74 42.76 42.75 42.71 42.67 42.66 42.65 42.65 42.66 42.65 42.62 42.55 42.5 42.47 42.46 42.49 42.51 42.53 42.54 42.52 42.49 42.47 42.47 42.48 42.49 42.55 42.65 42.7 42.74 42.77 42.76
43.02 43.01 43 43 43.02 43.04 43.03 43.03 43.01 43 42.99 42.99 42.99 42.99 42.98 42.97 42.98 42.99 42.98 42.97 42.96 42.94 42.9 42.88 42.87 42.87 42.88 42.85 42.83 42.82 42.82 42.8 42.78 42.78 42.8 42.81 42.81 42.8 42.78 42.77 42.78 42.79 42.77 42.75 42.73 42.69 42.69 42.71 42.73 42.74 42.71 42.68 42.66 42.64 42.64 42.63 42.64 42.62 42.55 42.51 42.47 42.44 42.45 42.47 42.48 42.48 42.46 42.47 42.48 42.53 42.59 42.67 42.75 42.75 42.75 42.74 42.73 42.73
43 42.99 42.98 42.98 42.99 43 43.02 43.02 43 42.99 42.98 42.98 42.98 42.98 42.97 42.96 42.96 42.97 42.97 42.97 42.96 42.94 42.89 42.86 42.85 42.86 42.87 42.85 42.83 42.81 42.81 42.79 42.77 42.77 42.78 42.79 42.8 42.79 42.77 42.75 42.76 42.77 42.76 42.75 42.73 42.68 42.66 42.67 42.69 42.72 42.71 42.7 42.66 42.62 42.62 42.62 42.62 42.61 42.56 42.51 42.47 42.42 42.41 42.41 42.41 42.43 42.46 42.53 42.65 42.74 42.76 42.77 42.77 42.74 42.73 42.73 42.72 42.71
42.99 42.98 42.97 42.97 42.97 42.98 43 43.01 42.99 42.98 42.97 42.97 42.97 42.97 42.96 42.94 42.94 42.95 42.97 42.96 42.96 42.94 42.89 42.85 42.84 42.84 42.85 42.84 42.83 42.81 42.79 42.78 42.75 42.75 42.76 42.77 42.78 42.77 42.75 42.73 42.73 42.74 42.75 42.74 42.72 42.68 42.64 42.64 42.65 42.69 42.71 42.7 42.66 42.62 42.6 42.6 42.6 42.6 42.57 42.5 42.43 42.41 42.42 42.4 42.45 42.63 42.75 42.76 42.76 42.76 42.75 42.74 42.74 42.73 42.73 42.72 42.71 42.71
42.98 42.97 42.96 42.95 42.95 42.96 42.97 42.99 42.99 42.97 42.96 42.95 42.95 42.95 42.95 42.93 42.92 42.93 42.95 42.96 42.96 42.94 42.89 42.85 42.83 42.82 42.83 42.84 42.83 42.8 42.78 42.76 42.74 42.74 42.74 42.75 42.75 42.75 42.74 42.73 42.72 42.73 42.73 42.73 42.71 42.68 42.64 42.63 42.63 42.66 42.7 42.7 42.66 42.61 42.59 42.58 42.57 42.54 42.53 42.45 42.39 42.49 42.6 42.67 42.72 42.75 42.77 42.75 42.74 42.73 42.73 42.73 42.72 42.72 42.72 42.71 42.71 42.7
42.97 42.97 42.95 42.94 42.94 42.94 42.95 42.97 42.98 42.97 42.95 42.94 42.94 42.94 42.94 42.92 42.91 42.92 42.94 42.95 42.95 42.93 42.89 42.84 42.81 42.8 42.81 42.82 42.82 42.8 42.77 42.76 42.74 42.72 42.71 42.71 42.72 42.72 42.72 42.72 42.71 42.71 42.73 42.72 42.71 42.67 42.63 42.62 42.62 42.64 42.68 42.7 42.67 42.59 42.54 42.52 42.46 42.42 42.44 42.44 42.54 42.7 42.73 42.74 42.74 42.75 42.75 42.74 42.73 42.73 42.73 42.73 42.72 42.71 42.71 42.7 42.69 42.69
42.97 42.96 42.94 42.92 42.92 42.92 42.93 42.95 42.97 42.96 42.94 42.93 42.93 42.93 42.93 42.91 42.9 42.9 42.92 42.94 42.94 42.92 42.89 42.84 42.81 42.79 42.78 42.79 42.8 42.79 42.76 42.75 42.73 42.7 42.68 42.68 42.69 42.71 42.7 42.69 42.69 42.7 42.71 42.72 42.7 42.67 42.63 42.61 42.6 42.61 42.65 42.66 42.6 42.49 42.39 42.38 42.39 42.5 42.64 42.64 42.65 42.7 42.68 42.7 42.72 42.73 42.73 42.73 42.72 42.71 42.71 42.71 42.71 42.7 42.7 42.69 42.68 42.67
42.96 42.94 42.93 42.92 42.91 42.91 42.91 42.93 42.95 42.95 42.93 42.92 42.92 42.92 42.92 42.91 42.9 42.89 42.9 42.92 42.93 42.92 42.88 42.84 42.81 42.78 42.76 42.75 42.77 42.78 42.76 42.74 42.73 42.7 42.66 42.66 42.67 42.68 42.68 42.67 42.67 42.69 42.7 42.71 42.7 42.67 42.63 42.6 42.57 42.55 42.55 42.51 42.45 42.43 42.4 42.44 42.52 42.62 42.71 42.69 42.67 42.67 42.65 42.67 42.71 42.73 42.73 42.73 42.72 42.71 42.7 42.7 42.7 42.69 42.69 42.68 42.67 42.66
42.95 42.94 42.93 42.91 42.89 42.89 42.9 42.92 42.93 42.93 42.92 42.91 42.91 42.91 42.91 42.9 42.88 42.87 42.88 42.9 42.91 42.91 42.88 42.84 42.82 42.78 42.74 42.73 42.74 42.77 42.75 42.73 42.71 42.69 42.66 42.64 42.65 42.67 42.67 42.65 42.65 42.67 42.69 42.71 42.69 42.64 42.61 42.57 42.48 42.42 42.4 42.46 42.56 42.58 42.55 42.59 42.65 42.68 42.7 42.68 42.66 42.65 42.65 42.66 42.69 42.72 42.73 42.73 42.72 42.71 42.71 42.7 42.69 42.69 42.68 42.68 42.67 42.66
42.94 42.93 42.92 42.9 42.88 42.88 42.88 42.89 42.9 42.91 42.91 42.89 42.89 42.89 42.89 42.89 42.87 42.86 42.85 42.87 42.89 42.89 42.87 42.84 42.82 42.77 42.73 42.71 42.72 42.75 42.75 42.73 42.71 42.68 42.65 42.62 42.63 42.65 42.65 42.64 42.64 42.64 42.66 42.65 42.61 42.54 42.48 42.47 42.45 42.48 42.55 42.62 42.69 42.69 42.68 42.69 42.7 42.68 42.68 42.67 42.66 42.65 42.64 42.65 42.67 42.71 42.72 42.72 42.72 42.71 42.71 42.7 42.69 42.68 42.68 42.68 42.67 42.66
42.94 42.93 42.91 42.89 42.88 42.87 42.86 42.87 42.87 42.89 42.89 42.88 42.87 42.87 42.87 42.87 42.87 42.85 42.84 42.84 42.86 42.88 42.87 42.84 42.81 42.77 42.73 42.7 42.7 42.73 42.74 42.73 42.71 42.67 42.64 42.61 42.61 42.63 42.64 42.63 42.6 42.57 42.54 42.51 42.48 42.51 42.54 42.58 42.59 42.62 42.69 42.72 42.73 42.73 42.72 42.71 42.69 42.68 42.67 42.67 42.66 42.65 42.64 42.64 42.66 42.69 42.71 42.72 42.72 42.71 42.71 42.7 42.69 42.68 42.68 42.68 42.67 42.66
42.92 42.91 42.9 42.88 42.87 42.86 42.84 42.84 42.85 42.86 42.87 42.87 42.86 42.86 42.86 42.86 42.86 42.84 42.83 42.82 42.84 42.87 42.87 42.85 42.81 42.76 42.72 42.7 42.69 42.7 42.73 42.72 42.7 42.66 42.63 42.61 42.59 42.59 42.59 42.57 42.51 42.46 42.46 42.47 42.53 42.64 42.7 42.73 42.71 42.7 42.72 42.73 42.73 42.72 42.72 42.71 42.69 42.68 42.67 42.67 42.66 42.65 42.64 42.64 42.65 42.67 42.7 42.72 42.72 42.72 42.71 42.7 42.69 42.68 42.68 42.68 42.67 42.66
42.9 42.89 42.88 42.87 42.86 42.85 42.82 42.82 42.83 42.84 42.85 42.85 42.85 42.85 42.85 42.85 42.85 42.83 42.81 42.8 42.81 42.85 42.86 42.85 42.81 42.76 42.72 42.69 42.67 42.68 42.71 42.72 42.7 42.65 42.62 42.59 42.55 42.5 42.48 42.47 42.49 42.54 42.59 42.61 42.66 42.73 42.76 42.77 42.75 42.72 42.72 42.72 42.72 42.72 42.72 42.71 42.69 42.68 42.67 42.66 42.65 42.64 42.64 42.63 42.64 42.66 42.68 42.71 42.72 42.72 42.71 42.7 42.69 42.68 42.68 42.67 42.66 42.66
42.88 42.88 42.87 42.86 42.86 42.84 42.81 42.81 42.81 42.82 42.83 42.85 42.84 42.84 42.84 42.84 42.84 42.83 42.81 42.79 42.8 42.83 42.85 42.85 42.81 42.76 42.72 42.69 42.67 42.66 42.69 42.71 42.68 42.61 42.57 42.54 42.49 42.46 42.48 42.53 42.61 42.68 42.72 42.72 42.72 42.73 42.73 42.74 42.74 42.72 42.71 42.71 42.71 42.72 42.72 42.71 42.69 42.68 42.67 42.66 42.65 42.64 42.64 42.63 42.63 42.64 42.67 42.71 42.72 42.72 42.71 42.7 42.69 42.68 42.68 42.67 42.66 42.66
42.88 42.87 42.86 42.85 42.85 42.84 42.8 42.79 42.79 42.8 42.82 42.83 42.83 42.82 42.82 42.83 42.83 42.82 42.8 42.78 42.78 42.81 42.84 42.85 42.82 42.76 42.71 42.69 42.66 42.63 42.64 42.66 42.61 42.52 42.48 42.55 42.62 42.61 42.64 42.68 42.72 42.73 42.72 42.72 42.71 42.72 42.73 42.74 42.73 42.71 42.7 42.7 42.71 42.71 42.71 42.7 42.69 42.67 42.67 42.66 42.64 42.64 42.63 42.63 42.62 42.63 42.66 42.7 42.71 42.72 42.71 42.7 42.69 42.68 42.68 42.67 42.66 42.66
42.89 42.87 42.86 42.85 42.85 42.83 42.8 42.78 42.78 42.79 42.8 42.81 42.81 42.81 42.81 42.81 42.81 42.8 42.79 42.77 42.77 42.78 42.82 42.84 42.81 42.75 42.69 42.67 42.65 42.58 42.57 42.63 42.65 42.63 42.61 42.68 42.78 42.76 42.75 42.75 42.74 42.72 42.72 42.71 42.71 42.71 42.72 42.73 42.73 42.71 42.7 42.7 42.7 42.7 42.7 42.7 42.68 42.67 42.66 42.65 42.64 42.63 42.63 42.62 42.62 42.61 42.64 42.69 42.7 42.71 42.71 42.7 42.69 42.68 42.68 42.67 42.66 42.66
42.89 42.86 42.84 42.83 42.83 42.82 42.79 42.77 42.77 42.77 42.78 42.79 42.8 42.8 42.8 42.8 42.8 42.8 42.78 42.76 42.75 42.74 42.76 42.78 42.76 42.68 42.57 42.58 42.66 42.66 42.66 42.72 42.77 42.81 42.81 42.79 42.77 42.76 42.75 42.74 42.73 42.72 42.71 42.71 42.7 42.7 42.71 42.72 42.73 42.73 42.71 42.69 42.7 42.7 42.7 42.7 42.68 42.67 42.66 42.65 42.64 42.63 42.63 42.62 42.61 42.61 42.63 42.67 42.7 42.7 42.71 42.71 42.69 42.69 42.68 42.67 42.66 42.66
42.9 42.87 42.84 42.82 42.82 42.81 42.79 42.77 42.75 42.75 42.76 42.77 42.78 42.78 42.78 42.79 42.79 42.78 42.75 42.73 42.68 42.6 42.55 42.56 42.59 42.57 42.5 42.55 42.71 42.79 42.82 42.82 42.82 42.81 42.8 42.78 42.77 42.75 42.74 42.74 42.73 42.72 42.71 42.71 42.7 42.69 42.69 42.71 42.73 42.73 42.71 42.69 42.69 42.69 42.69 42.7 42.69 42.67 42.66 42.64 42.63 42.63 42.63 42.62 42.61 42.6 42.62 42.66 42.69 42.7 42.7 42.71 42.7 42.7 42.68 42.67 42.66 42.66
42.9 42.87 42.83 42.82 42.81 42.8 42.79 42.77 42.75 42.74 42.74 42.75 42.76 42.77 42.77 42.76 42.74 42.69 42.63 42.57 42.51 42.47 42.45 42.44 42.49 42.55 42.59 42.66 42.75 42.79 42.8 42.8 42.8 42.8 42.8 42.78 42.77 42.75 42.74 42.73 42.72 42.72 42.71 42.7 42.69 42.68 42.68 42.7 42.72 42.73 42.72 42.69 42.68 42.69 42.69 42.69 42.68 42.67 42.66 42.64 42.63 42.63 42.63 42.61 42.6 42.6 42.61 42.64 42.67 42.69 42.7 42.7 42.71 42.71 42.69 42.67 42.66 42.66
42.9 42.87 42.83 42.81 42.8 42.79 42.78 42.76 42.75 42.73 42.72 42.72 42.73 42.72 42.69 42.65 42.6 42.52 42.46 42.44 42.46 42.55 42.61 42.62 42.63 42.67 42.7 42.73 42.76 42.77 42.78 42.78 42.79 42.8 42.8 42.79 42.76 42.75 42.73 42.73 42.72 42.71 42.71 42.7 42.69 42.68 42.68 42.69 42.71 42.73 42.72 42.69 42.68 42.68 42.69 42.68 42.68 42.67 42.66 42.64 42.63 42.63 42.62 42.61 42.6 42.6 42.59 42.62 42.65 42.67 42.69 42.69 42.7 42.71 42.69 42.67 42.66 42.66
42.9 42.88 42.83 42.81 42.79 42.78 42.77 42.76 42.74 42.71 42.69 42.68 42.67 42.62 42.55 42.49 42.44 42.45 42.49 42.56 42.65 42.72 42.75 42.74 42.72 42.72 42.73 42.73 42.75 42.76 42.77 42.77 42.78 42.79 42.8 42.78 42.76 42.74 42.74 42.72 42.71 42.71 42.71 42.7 42.69 42.68 42.68 42.68 42.7 42.72 42.71 42.69 42.68 42.68 42.68 42.68 42.67 42.67 42.66 42.64 42.63 42.61 42.61 42.61 42.6 42.6 42.59 42.6 42.63 42.66 42.69 42.69 42.69 42.7 42.7 42.67 42.66 42.66
42.89 42.87 42.84 42.81 42.79 42.77 42.76 42.74 42.73 42.68 42.62 42.59 42.55 42.51 42.49 42.44 42.44 42.6 42.72 42.75 42.76 42.76 42.75 42.73 42.71 42.71 42.72 42.72 42.74 42.76 42.77 42.77 42.78 42.78 42.79 42.78 42.75 42.74 42.73 42.72 42.71 42.71 42.7 42.69 42.68 42.67 42.67 42.68 42.69 42.71 42.7 42.69 42.67 42.67 42.67 42.67 42.67 42.67 42.65 42.63 42.62 42.61 42.6 42.6 42.6 42.59 42.58 42.59 42.62 42.65 42.68 42.68 42.69 42.7 42.7 42.69 42.67 42.66
42.88 42.87 42.83 42.8 42.77 42.74 42.72 42.7 42.66 42.59 42.52 42.48 42.47 42.54 42.64 42.62 42.6 42.67 42.72 42.72 42.71 42.74 42.76 42.74 42.71 42.7 42.71 42.72 42.73 42.75 42.76 42.76 42.76 42.77 42.78 42.77 42.75 42.74 42.73 42.71 42.7 42.7 42.69 42.69 42.68 42.67 42.66 42.66 42.67 42.69 42.69 42.69 42.67 42.66 42.66 42.66 42.66 42.66 42.65 42.63 42.62 42.61 42.6 42.59 42.59 42.59 42.58 42.58 42.6 42.63 42.67 42.68 42.68 42.69 42.7 42.7 42.69 42.67
42.87 42.85 42.82 42.78 42.72 42.64 42.6 42.57 42.53 42.53 42.54 42.58 42.62 42.67 42.76 42.77 42.73 42.73 42.72 42.71 42.7 42.72 42.75 42.74 42.71 42.7 42.7 42.71 42.73 42.74 42.75 42.75 42.75 42.76 42.77 42.76 42.75 42.73 42.72 42.71 42.69 42.69 42.69 42.68 42.67 42.66 42.66 42.65 42.66 42.67 42.69 42.69 42.67 42.66 42.65 42.66 42.66 42.66 42.65 42.63 42.62 42.61 42.6 42.59 42.59 42.59 42.58 42.58 42.59 42.61 42.66 42.67 42.67 42.68 42.69 42.7 42.69 42.67
42.84 42.79 42.72 42.66 42.58 42.5 42.47 42.47 42.56 42.71 42.77 42.79 42.77 42.72 42.72 42.73 42.73 42.73 42.72 42.71 42.7 42.71 42.74 42.73 42.71 42.7 42.7 42.7 42.72 42.73 42.74 42.75 42.75 42.75 42.76 42.76 42.74 42.73 42.72 42.7 42.68 42.68 42.68 42.67 42.67 42.66 42.66 42.65 42.65 42.66 42.68 42.68 42.68 42.66 42.64 42.65 42.65 42.65 42.65 42.63 42.62 42.61 42.6 42.59 42.59 42.59 42.58 42.57 42.57 42.6 42.65 42.67 42.67 42.67 42.69 42.7 42.7 42.68
42.72 42.6 42.51 42.46 42.47 42.57 42.64 42.71 42.8 42.81 42.79 42.77 42.74 42.72 42.71 42.72 42.73 42.72 42.71 42.7 42.69 42.7 42.72 42.73 42.72 42.7 42.7 42.7 42.71 42.72 42.73 42.73 42.74 42.74 42.74 42.75 42.74 42.73 42.71 42.69 42.68 42.67 42.67 42.67 42.66 42.66 42.65 42.64 42.64 42.65 42.67 42.68 42.67 42.65 42.64 42.65 42.65 42.65 42.64 42.63 42.62 42.6 42.59 42.59 42.59 42.58 42.57 42.56 42.56 42.58 42.64 42.67 42.67 42.67 42.68 42.7 42.7 42.69
