slabs/52.grd
DSAA
631 301
645150 645780
4946300 4946600
37.93 43.84
[rows 204 to 237 of 301, columns 78 to 155 of 631]
43.19 43.18 43.17 43.11 43.05 43.06 43.07 43.08 43.1 43.1 43.09 43.09 43.11 43.11 43.11 43.1 43.11 43.11 43.09 43.1 43.11 43.12 43.09 43.04 43.05 43.06 43.05 43.03 43.04 43.05 43.07 43.06 43.05 43.08 43.1 43.09 43.09 43.07 43.07 43.09 43.07 43.06 43.06 43.05 43.04 43.04 43.09 43.14 43.11 43.06 43.07 43.09 43.09 43.08 43.1 43.11 43.08 43.03 43.04 43.07 43.08 43.08 43.09 43.1 43.12 43.13 43.15 43.16 43.16 43.16 43.15 43.14 43.11 43.11 43.12 43.1 43.1 43.14
43.18 43.14 43.14 43.11 43.05 43.04 43.05 43.07 43.08 43.08 43.08 43.09 43.11 43.11 43.11 43.11 43.1 43.11 43.11 43.1 43.09 43.1 43.08 43.04 43.04 43.06 43.06 43.04 43.03 43.05 43.07 43.08 43.07 43.08 43.11 43.11 43.1 43.07 43.08 43.1 43.09 43.07 43.07 43.07 43.07 43.06 43.09 43.13 43.12 43.08 43.09 43.11 43.11 43.11 43.12 43.12 43.09 43.07 43.06 43.08 43.11 43.11 43.11 43.12 43.13 43.14 43.15 43.16 43.16 43.16 43.16 43.14 43.11 43.12 43.14 43.15 43.19 43.26
43.17 43.16 43.15 43.11 43.07 43.03 43.03 43.04 43.04 43.06 43.07 43.08 43.1 43.11 43.11 43.11 43.1 43.11 43.12 43.1 43.07 43.08 43.08 43.05 43.04 43.06 43.08 43.06 43.04 43.05 43.09 43.11 43.09 43.09 43.1 43.11 43.1 43.08 43.09 43.1 43.1 43.08 43.08 43.09 43.09 43.08 43.08 43.1 43.09 43.08 43.1 43.15 43.15 43.14 43.15 43.14 43.12 43.12 43.11 43.11 43.13 43.14 43.13 43.13 43.14 43.14 43.14 43.15 43.18 43.18 43.17 43.17 43.21 43.28 43.31 43.3 43.31 43.34
43.17 43.18 43.16 43.13 43.09 43.05 43.02 43.03 43.02 43.03 43.07 43.08 43.08 43.1 43.12 43.11 43.1 43.11 43.11 43.09 43.06 43.07 43.09 43.08 43.05 43.05 43.08 43.08 43.06 43.07 43.11 43.13 43.12 43.1 43.11 43.13 43.11 43.08 43.1 43.12 43.11 43.09 43.08 43.07 43.08 43.08 43.07 43.07 43.09 43.09 43.1 43.13 43.14 43.15 43.16 43.16 43.14 43.13 43.13 43.13 43.14 43.16 43.15 43.15 43.16 43.17 43.16 43.18 43.24 43.29 43.28 43.3 43.36 43.43 43.45 43.41 43.36 43.34
43.2 43.18 43.15 43.13 43.12 43.08 43.04 43.04 43.03 43.03 43.08 43.09 43.07 43.09 43.1 43.09 43.09 43.1 43.11 43.09 43.07 43.08 43.11 43.12 43.09 43.06 43.07 43.1 43.1 43.09 43.11 43.13 43.13 43.11 43.11 43.16 43.15 43.11 43.11 43.13 43.12 43.11 43.09 43.09 43.1 43.1 43.09 43.08 43.09 43.1 43.11 43.13 43.15 43.16 43.17 43.17 43.16 43.15 43.15 43.15 43.16 43.17 43.16 43.14 43.19 43.26 43.27 43.28 43.33 43.38 43.39 43.41 43.44 43.45 43.44 43.42 43.37 43.34
43.26 43.21 43.15 43.15 43.16 43.12 43.06 43.04 43.02 43.02 43.06 43.09 43.07 43.07 43.08 43.08 43.08 43.09 43.1 43.11 43.1 43.1 43.12 43.16 43.14 43.09 43.09 43.13 43.13 43.11 43.11 43.14 43.15 43.12 43.1 43.1 43.12 43.12 43.11 43.12 43.13 43.13 43.12 43.11 43.12 43.12 43.11 43.11 43.11 43.12 43.13 43.14 43.16 43.17 43.17 43.17 43.16 43.16 43.16 43.16 43.18 43.21 43.22 43.2 43.27 43.35 43.37 43.37 43.38 43.39 43.39 43.4 43.43 43.45 43.44 43.41 43.37 43.34
43.27 43.22 43.15 43.15 43.16 43.13 43.07 43.04 43.02 43.01 43.05 43.08 43.07 43.07 43.07 43.09 43.1 43.1 43.1 43.12 43.11 43.1 43.11 43.14 43.15 43.12 43.11 43.13 43.15 43.13 43.12 43.13 43.13 43.12 43.1 43.1 43.1 43.11 43.12 43.13 43.13 43.13 43.14 43.13 43.13 43.13 43.14 43.14 43.14 43.14 43.13 43.15 43.17 43.17 43.18 43.17 43.17 43.19 43.22 43.24 43.28 43.31 43.33 43.34 43.35 43.35 43.35 43.35 43.37 43.39 43.39 43.39 43.41 43.43 43.43 43.41 43.37 43.34
43.24 43.22 43.16 43.13 43.13 43.13 43.08 43.02 43.01 43.02 43.06 43.1 43.1 43.08 43.08 43.1 43.11 43.1 43.11 43.12 43.12 43.11 43.12 43.13 43.16 43.15 43.11 43.12 43.14 43.15 43.14 43.13 43.13 43.13 43.11 43.1 43.11 43.13 43.14 43.14 43.14 43.14 43.14 43.14 43.14 43.15 43.16 43.16 43.16 43.15 43.14 43.16 43.18 43.19 43.2 43.2 43.2 43.27 43.34 43.37 43.4 43.41 43.4 43.39 43.37 43.35 43.34 43.34 43.36 43.37 43.37 43.38 43.4 43.42 43.42 43.41 43.38 43.34
43.2 43.21 43.19 43.16 43.15 43.15 43.1 43.02 43 43.02 43.07 43.12 43.13 43.11 43.09 43.12 43.13 43.11 43.11 43.12 43.14 43.14 43.11 43.11 43.14 43.15 43.11 43.12 43.13 43.14 43.15 43.15 43.15 43.14 43.13 43.11 43.12 43.15 43.16 43.16 43.16 43.16 43.16 43.15 43.16 43.17 43.17 43.17 43.16 43.16 43.15 43.15 43.18 43.23 43.28 43.28 43.3 43.37 43.42 43.42 43.41 43.41 43.4 43.39 43.37 43.35 43.34 43.34 43.35 43.36 43.37 43.38 43.39 43.41 43.41 43.41 43.37 43.33
43.19 43.21 43.22 43.17 43.14 43.16 43.13 43.04 42.99 43.01 43.06 43.11 43.15 43.13 43.11 43.14 43.15 43.13 43.1 43.1 43.12 43.12 43.1 43.1 43.12 43.14 43.12 43.13 43.14 43.15 43.16 43.16 43.15 43.14 43.14 43.13 43.14 43.16 43.16 43.16 43.16 43.17 43.17 43.17 43.16 43.17 43.18 43.19 43.18 43.18 43.17 43.18 43.24 43.35 43.42 43.42 43.41 43.42 43.44 43.44 43.43 43.41 43.4 43.39 43.37 43.35 43.34 43.34 43.34 43.35 43.36 43.37 43.38 43.4 43.41 43.4 43.37 43.35
43.18 43.21 43.22 43.15 43.11 43.12 43.11 43.05 43.02 43.04 43.08 43.12 43.15 43.13 43.1 43.1 43.13 43.13 43.1 43.09 43.11 43.12 43.11 43.1 43.11 43.12 43.14 43.16 43.17 43.18 43.18 43.18 43.17 43.17 43.18 43.17 43.17 43.18 43.18 43.18 43.18 43.17 43.17 43.17 43.17 43.17 43.18 43.19 43.22 43.26 43.27 43.31 43.37 43.43 43.47 43.47 43.44 43.41 43.42 43.44 43.43 43.41 43.4 43.39 43.37 43.35 43.34 43.33 43.33 43.34 43.35 43.36 43.37 43.38 43.4 43.4 43.38 43.36
43.16 43.18 43.18 43.13 43.11 43.12 43.12 43.09 43.07 43.05 43.07 43.09 43.13 43.14 43.11 43.1 43.12 43.14 43.12 43.1 43.1 43.11 43.1 43.1 43.12 43.14 43.16 43.17 43.2 43.23 43.23 43.22 43.21 43.21 43.21 43.21 43.2 43.2 43.19 43.2 43.2 43.17 43.16 43.16 43.16 43.19 43.22 43.25 43.32 43.38 43.39 43.4 43.42 43.45 43.47 43.47 43.44 43.42 43.41 43.43 43.42 43.41 43.39 43.38 43.37 43.36 43.34 43.33 43.33 43.33 43.34 43.35 43.36 43.37 43.39 43.4 43.38 43.36
43.15 43.16 43.18 43.17 43.14 43.14 43.15 43.16 43.11 43.04 43.05 43.09 43.12 43.15 43.15 43.12 43.13 43.15 43.13 43.1 43.1 43.1 43.1 43.11 43.14 43.17 43.18 43.2 43.23 43.25 43.26 43.25 43.23 43.22 43.22 43.22 43.21 43.19 43.17 43.16 43.16 43.15 43.15 43.15 43.19 43.29 43.38 43.42 43.45 43.45 43.43 43.42 43.42 43.44 43.46 43.47 43.45 43.43 43.41 43.41 43.42 43.41 43.39 43.38 43.38 43.37 43.35 43.33 43.32 43.32 43.33 43.34 43.35 43.35 43.37 43.39 43.39 43.37
43.14 43.17 43.23 43.23 43.18 43.14 43.15 43.16 43.12 43.06 43.07 43.1 43.12 43.15 43.16 43.14 43.14 43.16 43.15 43.12 43.12 43.13 43.13 43.14 43.17 43.21 43.22 43.25 43.26 43.25 43.26 43.26 43.23 43.22 43.23 43.22 43.21 43.18 43.16 43.16 43.15 43.14 43.14 43.2 43.32 43.41 43.46 43.47 43.48 43.47 43.45 43.42 43.41 43.42 43.44 43.46 43.46 43.44 43.42 43.4 43.41 43.41 43.4 43.38 43.37 43.37 43.35 43.33 43.32 43.31 43.32 43.33 43.34 43.34 43.35 43.37 43.38 43.37
43.15 43.17 43.24 43.27 43.21 43.13 43.14 43.17 43.15 43.08 43.08 43.11 43.13 43.15 43.16 43.16 43.16 43.17 43.16 43.15 43.15 43.17 43.18 43.19 43.22 43.24 43.26 43.27 43.26 43.25 43.26 43.26 43.24 43.21 43.2 43.19 43.17 43.17 43.17 43.21 43.25 43.25 43.26 43.3 43.38 43.43 43.44 43.47 43.47 43.47 43.45 43.42 43.4 43.41 43.43 43.46 43.45 43.44 43.42 43.4 43.4 43.41 43.39 43.37 43.37 43.37 43.35 43.33 43.32 43.31 43.3 43.31 43.32 43.33 43.34 43.37 43.38 43.36
43.16 43.17 43.23 43.27 43.24 43.16 43.13 43.17 43.17 43.13 43.1 43.12 43.15 43.16 43.17 43.19 43.19 43.18 43.18 43.18 43.19 43.21 43.22 43.23 43.24 43.24 43.23 43.24 43.25 43.26 43.27 43.25 43.22 43.2 43.19 43.18 43.18 43.21 43.25 43.27 43.28 43.3 43.33 43.36 43.39 43.41 43.43 43.45 43.47 43.47 43.45 43.42 43.4 43.4 43.42 43.44 43.45 43.44 43.42 43.39 43.38 43.39 43.39 43.37 43.36 43.36 43.35 43.33 43.32 43.31 43.3 43.3 43.31 43.32 43.33 43.35 43.37 43.36
43.16 43.18 43.22 43.25 43.24 43.19 43.15 43.17 43.2 43.19 43.15 43.14 43.16 43.18 43.19 43.21 43.21 43.22 43.22 43.23 43.24 43.25 43.26 43.25 43.24 43.24 43.24 43.25 43.26 43.25 43.26 43.24 43.21 43.18 43.17 43.2 43.24 43.25 43.24 43.23 43.24 43.28 43.31 43.36 43.39 43.4 43.41 43.43 43.45 43.46 43.44 43.41 43.39 43.39 43.4 43.43 43.45 43.45 43.43 43.39 43.37 43.37 43.38 43.37 43.36 43.36 43.35 43.34 43.32 43.31 43.3 43.3 43.3 43.31 43.32 43.34 43.36 43.36
43.17 43.18 43.21 43.23 43.25 43.22 43.17 43.18 43.21 43.23 43.2 43.18 43.19 43.21 43.21 43.22 43.23 43.24 43.25 43.24 43.24 43.26 43.26 43.25 43.25 43.24 43.24 43.25 43.26 43.26 43.26 43.26 43.24 43.23 43.23 43.25 43.26 43.25 43.24 43.22 43.23 43.26 43.29 43.34 43.38 43.39 43.4 43.41 43.43 43.45 43.44 43.41 43.38 43.37 43.38 43.41 43.44 43.46 43.44 43.4 43.37 43.36 43.36 43.36 43.35 43.35 43.35 43.33 43.32 43.31 43.3 43.29 43.29 43.3 43.31 43.33 43.34 43.34
43.17 43.18 43.2 43.24 43.26 43.23 43.19 43.18 43.21 43.26 43.27 43.25 43.23 43.24 43.24 43.24 43.25 43.25 43.24 43.25 43.26 43.26 43.26 43.26 43.25 43.25 43.24 43.27 43.33 43.38 43.41 43.41 43.38 43.33 43.3 43.27 43.26 43.25 43.24 43.22 43.22 43.24 43.27 43.32 43.36 43.37 43.38 43.39 43.41 43.43 43.43 43.41 43.38 43.36 43.37 43.39 43.42 43.44 43.43 43.4 43.37 43.35 43.35 43.36 43.35 43.34 43.34 43.33 43.32 43.31 43.3 43.28 43.29 43.29 43.3 43.32 43.33 43.34
43.18 43.2 43.21 43.22 43.22 43.22 43.21 43.21 43.23 43.27 43.32 43.3 43.26 43.25 43.24 43.25 43.27 43.27 43.26 43.27 43.26 43.26 43.27 43.27 43.28 43.28 43.29 43.35 43.44 43.46 43.47 43.47 43.44 43.39 43.34 43.29 43.26 43.25 43.24 43.22 43.21 43.22 43.25 43.3 43.34 43.35 43.36 43.38 43.39 43.41 43.42 43.41 43.38 43.36 43.36 43.38 43.4 43.42 43.43 43.41 43.39 43.36 43.34 43.35 43.34 43.34 43.34 43.34 43.33 43.32 43.29 43.28 43.28 43.28 43.29 43.31 43.32 43.33
43.22 43.23 43.22 43.2 43.21 43.23 43.24 43.26 43.29 43.31 43.34 43.33 43.28 43.27 43.26 43.27 43.29 43.29 43.28 43.28 43.28 43.29 43.3 43.32 43.37 43.38 43.37 43.4 43.45 43.46 43.46 43.47 43.45 43.42 43.38 43.31 43.27 43.25 43.25 43.23 43.21 43.2 43.22 43.28 43.33 43.34 43.35 43.36 43.38 43.39 43.41 43.41 43.38 43.36 43.35 43.37 43.4 43.41 43.43 43.41 43.39 43.36 43.33 43.34 43.34 43.33 43.33 43.33 43.33 43.32 43.29 43.28 43.27 43.28 43.28 43.3 43.31 43.32
43.24 43.25 43.24 43.24 43.26 43.28 43.29 43.29 43.3 43.32 43.33 43.32 43.3 43.29 43.27 43.28 43.3 43.29 43.28 43.29 43.32 43.38 43.41 43.44 43.48 43.46 43.42 43.41 43.42 43.42 43.43 43.45 43.45 43.44 43.4 43.33 43.28 43.26 43.25 43.23 43.21 43.19 43.21 43.27 43.32 43.34 43.35 43.36 43.37 43.37 43.39 43.4 43.39 43.37 43.35 43.36 43.38 43.4 43.42 43.42 43.4 43.37 43.33 43.33 43.34 43.33 43.32 43.33 43.33 43.32 43.3 43.28 43.27 43.27 43.28 43.28 43.29 43.3
43.29 43.29 43.28 43.29 43.31 43.3 43.28 43.28 43.3 43.33 43.34 43.33 43.33 43.31 43.3 43.3 43.31 43.32 43.32 43.35 43.43 43.5 43.52 43.54 43.54 43.51 43.46 43.42 43.4 43.41 43.42 43.43 43.45 43.45 43.42 43.35 43.28 43.26 43.25 43.23 43.21 43.2 43.21 43.25 43.31 43.33 43.34 43.35 43.34 43.35 43.38 43.39 43.38 43.37 43.34 43.35 43.37 43.39 43.41 43.42 43.41 43.38 43.33 43.32 43.33 43.32 43.32 43.32 43.32 43.31 43.3 43.28 43.27 43.26 43.27 43.27 43.27 43.29
43.31 43.33 43.33 43.33 43.32 43.3 43.28 43.3 43.33 43.34 43.33 43.33 43.33 43.34 43.33 43.33 43.37 43.42 43.43 43.47 43.53 43.56 43.57 43.56 43.55 43.53 43.5 43.43 43.39 43.39 43.4 43.42 43.44 43.45 43.42 43.36 43.29 43.26 43.25 43.24 43.22 43.2 43.2 43.24 43.29 43.32 43.33 43.34 43.34 43.34 43.36 43.38 43.38 43.37 43.34 43.34 43.36 43.38 43.4 43.42 43.41 43.38 43.33 43.31 43.31 43.32 43.31 43.31 43.31 43.31 43.3 43.29 43.28 43.25 43.25 43.26 43.26 43.27
43.35 43.36 43.35 43.34 43.33 43.32 43.33 43.34 43.35 43.35 43.35 43.35 43.4 43.46 43.47 43.45 43.45 43.48 43.5 43.53 43.56 43.56 43.56 43.56 43.54 43.53 43.5 43.45 43.39 43.38 43.39 43.41 43.43 43.44 43.42 43.38 43.3 43.27 43.25 43.24 43.22 43.21 43.2 43.23 43.26 43.3 43.33 43.33 43.34 43.33 43.34 43.37 43.38 43.36 43.34 43.33 43.34 43.36 43.39 43.41 43.42 43.39 43.34 43.3 43.29 43.3 43.3 43.3 43.3 43.3 43.3 43.3 43.28 43.25 43.24 43.25 43.25 43.26
43.38 43.38 43.36 43.36 43.35 43.35 43.36 43.37 43.41 43.46 43.48 43.49 43.51 43.56 43.59 43.56 43.51 43.48 43.48 43.52 43.55 43.55 43.55 43.55 43.54 43.53 43.51 43.46 43.4 43.37 43.38 43.4 43.41 43.42 43.42 43.39 43.32 43.27 43.26 43.24 43.23 43.22 43.21 43.21 43.24 43.28 43.31 43.32 43.33 43.33 43.33 43.35 43.36 43.36 43.34 43.32 43.33 43.35 43.37 43.39 43.41 43.4 43.35 43.3 43.28 43.28 43.29 43.29 43.29 43.3 43.3 43.29 43.28 43.25 43.24 43.24 43.25 43.26
43.4 43.4 43.39 43.39 43.4 43.42 43.44 43.47 43.52 43.58 43.62 43.62 43.59 43.58 43.57 43.56 43.52 43.49 43.48 43.51 43.54 43.53 43.53 43.53 43.53 43.53 43.51 43.47 43.41 43.36 43.36 43.38 43.4 43.41 43.41 43.39 43.34 43.29 43.27 43.24 43.23 43.23 43.21 43.2 43.23 43.26 43.3 43.31 43.32 43.32 43.32 43.33 43.34 43.34 43.33 43.31 43.31 43.33 43.35 43.38 43.39 43.4 43.36 43.32 43.29 43.27 43.27 43.28 43.28 43.29 43.29 43.29 43.28 43.26 43.24 43.24 43.24 43.25
43.41 43.43 43.44 43.46 43.5 43.55 43.57 43.59 43.6 43.61 43.63 43.62 43.59 43.57 43.56 43.55 43.53 43.5 43.48 43.5 43.53 43.53 43.52 43.52 43.52 43.52 43.5 43.47 43.42 43.37 43.36 43.37 43.38 43.39 43.4 43.39 43.37 43.32 43.28 43.25 43.24 43.23 43.21 43.2 43.21 43.24 43.29 43.31 43.31 43.31 43.31 43.31 43.32 43.33 43.33 43.31 43.3 43.31 43.34 43.36 43.38 43.39 43.37 43.34 43.3 43.27 43.27 43.28 43.28 43.28 43.28 43.29 43.28 43.25 43.23 43.23 43.23 43.23
43.43 43.49 43.53 43.56 43.62 43.66 43.65 43.63 43.59 43.57 43.6 43.61 43.59 43.56 43.55 43.54 43.53 43.51 43.49 43.49 43.52 43.53 43.52 43.51 43.51 43.51 43.5 43.48 43.43 43.39 43.36 43.36 43.37 43.38 43.39 43.38 43.38 43.35 43.29 43.25 43.24 43.23 43.21 43.2 43.2 43.22 43.27 43.3 43.3 43.3 43.3 43.29 43.3 43.32 43.32 43.31 43.3 43.31 43.33 43.35 43.37 43.38 43.38 43.36 43.32 43.26 43.25 43.26 43.27 43.28 43.28 43.28 43.27 43.26 43.23 43.22 43.22 43.19
43.51 43.58 43.61 43.63 43.66 43.67 43.66 43.64 43.59 43.56 43.57 43.6 43.58 43.56 43.54 43.54 43.53 43.52 43.49 43.48 43.51 43.53 43.51 43.5 43.51 43.51 43.5 43.47 43.45 43.42 43.37 43.35 43.36 43.36 43.38 43.38 43.38 43.35 43.3 43.26 43.24 43.23 43.21 43.2 43.19 43.2 43.25 43.28 43.29 43.29 43.29 43.28 43.28 43.3 43.31 43.31 43.3 43.29 43.32 43.34 43.36 43.38 43.38 43.37 43.33 43.26 43.24 43.25 43.26 43.27 43.27 43.27 43.27 43.24 43.2 43.18 43.14 43.07
43.64 43.64 43.64 43.63 43.64 43.65 43.66 43.63 43.59 43.56 43.56 43.58 43.58 43.56 43.54 43.52 43.52 43.52 43.5 43.47 43.5 43.52 43.51 43.49 43.49 43.5 43.49 43.47 43.45 43.43 43.38 43.34 43.34 43.34 43.36 43.37 43.37 43.36 43.32 43.27 43.25 43.23 43.21 43.2 43.19 43.19 43.23 43.28 43.29 43.29 43.28 43.27 43.26 43.28 43.3 43.31 43.3 43.29 43.31 43.33 43.34 43.37 43.38 43.38 43.34 43.27 43.24 43.23 43.24 43.25 43.26 43.25 43.22 43.15 43.08 43.01 42.95 42.94
43.7 43.67 43.64 43.61 43.61 43.62 43.64 43.63 43.58 43.56 43.55 43.56 43.57 43.55 43.54 43.51 43.51 43.52 43.51 43.48 43.49 43.51 43.5 43.48 43.48 43.49 43.48 43.46 43.44 43.43 43.39 43.35 43.32 43.33 43.34 43.35 43.35 43.35 43.33 43.28 43.25 43.24 43.22 43.2 43.19 43.19 43.22 43.27 43.28 43.28 43.28 43.28 43.27 43.27 43.29 43.31 43.29 43.28 43.29 43.32 43.34 43.36 43.38 43.38 43.35 43.28 43.23 43.22 43.22 43.2 43.18 43.14 43.07 42.99 42.91 42.86 42.88 42.99
43.69 43.67 43.64 43.61 43.6 43.6 43.62 43.62 43.58 43.56 43.54 43.54 43.56 43.55 43.53 43.51 43.5 43.51 43.5 43.48 43.47 43.48 43.49 43.47 43.46 43.46 43.46 43.45 43.44 43.43 43.4 43.35 43.32 43.32 43.33 43.34 43.34 43.34 43.33 43.29 43.26 43.24 43.23 43.21 43.2 43.19 43.21 43.24 43.27 43.28 43.28 43.29 43.27 43.25 43.28 43.29 43.29 43.28 43.28 43.3 43.32 43.35 43.37 43.38 43.35 43.28 43.21 43.17 43.14 43.1 43.03 42.98 42.98 43.01 42.99 42.98 43.03 43.12
43.68 43.67 43.64 43.61 43.59 43.59 43.61 43.61 43.58 43.56 43.54 43.53 43.55 43.54 43.53 43.5 43.49 43.49 43.49 43.48 43.46 43.46 43.48 43.47 43.44 43.44 43.45 43.44 43.43 43.42 43.4 43.36 43.32 43.31 43.32 43.32 43.32 43.33 43.32 43.29 43.26 43.25 43.23 43.22 43.2 43.19 43.2 43.22 43.25 43.27 43.27 43.28 43.26 43.25 43.26 43.28 43.28 43.27 43.27 43.28 43.3 43.33 43.33 43.32 43.29 43.21 43.13 43.04 43 43.04 43.03 43.02 43.07 43.15 43.18 43.19 43.18 43.16
