slabs/53.grd
DSAA
631 301
645150 645780
4946600 4946900
35.64 43.59
[rows 238 to 271 of 300, columns 390 to 467 of 631]
37.07 37.22 37.35 37.44 37.5 37.42 37.35 37.33 37.23 37.1 37.02 36.95 36.92 36.93 36.97 37.07 37.11 37.11 37.14 37.14 37.04 36.96 36.96 37.02 37.13 37.2 37.2 37.08 36.9 36.8 36.79 36.73 36.65 36.57 36.59 36.73 36.78 36.86 37.01 37.15 37.21 37.23 37.23 37.21 37.22 37.28 37.36 37.37 37.36 37.37 37.37 37.37 37.37 37.43 37.51 37.55 37.54 37.53 37.53 37.53 37.44 37.36 37.44 37.53 37.56 37.58 37.58 37.51 37.44 37.31 37.17 37.08 37.01 36.9 36.8 36.73 36.66 36.54
37.05 37.21 37.31 37.4 37.45 37.39 37.38 37.38 37.31 37.19 37.1 36.97 36.9 36.89 36.96 37.07 37.13 37.14 37.14 37.09 37.04 37.04 37.03 37.05 37.14 37.22 37.17 37 36.83 36.77 36.8 36.82 36.8 36.73 36.68 36.71 36.75 36.85 37.03 37.15 37.19 37.22 37.25 37.27 37.31 37.39 37.46 37.42 37.39 37.38 37.35 37.32 37.33 37.42 37.5 37.48 37.43 37.36 37.32 37.32 37.31 37.35 37.44 37.48 37.54 37.59 37.55 37.5 37.43 37.3 37.16 37.08 37.01 36.9 36.82 36.76 36.7 36.63
37.1 37.22 37.3 37.37 37.39 37.36 37.33 37.32 37.29 37.23 37.14 36.96 36.84 36.86 36.92 37.03 37.09 37.09 37.06 37.02 37.06 37.1 37.07 37.03 37.12 37.21 37.13 36.94 36.82 36.83 36.91 36.96 36.95 36.89 36.77 36.73 36.76 36.87 37.05 37.14 37.16 37.21 37.28 37.35 37.4 37.46 37.51 37.46 37.41 37.37 37.3 37.26 37.27 37.4 37.49 37.45 37.38 37.28 37.19 37.14 37.17 37.27 37.4 37.48 37.53 37.58 37.54 37.49 37.42 37.28 37.15 37.07 36.99 36.91 36.88 36.84 36.76 36.68
37.2 37.22 37.27 37.3 37.31 37.31 37.3 37.28 37.24 37.2 37.14 36.98 36.86 36.83 36.88 36.99 37.05 37.02 36.96 36.96 37.08 37.15 37.1 37.03 37.06 37.13 37.11 37.01 37.02 37.07 37.07 37.06 37.05 36.97 36.82 36.76 36.8 36.92 37.1 37.16 37.16 37.21 37.31 37.38 37.41 37.49 37.55 37.51 37.47 37.4 37.29 37.23 37.25 37.37 37.45 37.42 37.35 37.24 37.17 37.14 37.13 37.16 37.29 37.39 37.47 37.56 37.53 37.47 37.4 37.26 37.14 37.05 36.95 36.91 36.91 36.89 36.81 36.7
37.34 37.3 37.24 37.19 37.22 37.25 37.29 37.31 37.24 37.21 37.14 36.98 36.86 36.8 36.81 36.93 37 36.96 36.91 36.95 37.1 37.16 37.11 37.03 37.01 37.03 37.08 37.14 37.23 37.25 37.15 37.1 37.1 37.02 36.84 36.79 36.86 36.97 37.14 37.19 37.17 37.2 37.29 37.36 37.4 37.49 37.59 37.61 37.59 37.51 37.38 37.31 37.28 37.35 37.44 37.42 37.33 37.22 37.17 37.16 37.14 37.1 37.18 37.28 37.4 37.53 37.53 37.46 37.37 37.21 37.09 37 36.91 36.9 36.9 36.89 36.79 36.67
37.34 37.3 37.21 37.15 37.2 37.25 37.3 37.29 37.21 37.18 37.12 36.98 36.85 36.75 36.75 36.88 36.98 36.95 36.94 37.03 37.16 37.18 37.11 37 36.96 36.96 37.03 37.18 37.26 37.21 37.11 37.09 37.12 37.03 36.85 36.83 36.93 37.04 37.18 37.21 37.19 37.2 37.25 37.3 37.36 37.45 37.54 37.58 37.59 37.55 37.47 37.43 37.32 37.35 37.52 37.5 37.38 37.23 37.19 37.18 37.16 37.1 37.11 37.21 37.36 37.51 37.53 37.45 37.3 37.11 36.99 36.92 36.88 36.88 36.87 36.83 36.71 36.63
37.29 37.22 37.15 37.13 37.21 37.26 37.27 37.25 37.19 37.16 37.13 37.04 36.89 36.79 36.83 36.95 37.02 37 37.02 37.12 37.22 37.23 37.14 37.01 36.95 36.94 37.01 37.14 37.19 37.12 37.03 37.05 37.09 37.01 36.87 36.91 37.04 37.12 37.2 37.19 37.16 37.19 37.24 37.27 37.33 37.46 37.56 37.58 37.6 37.63 37.59 37.52 37.38 37.38 37.56 37.56 37.43 37.26 37.22 37.22 37.21 37.16 37.14 37.26 37.44 37.5 37.48 37.38 37.2 37 36.89 36.86 36.86 36.87 36.85 36.78 36.67 36.65
37.2 37.13 37.1 37.14 37.21 37.24 37.24 37.21 37.2 37.2 37.19 37.12 37 36.93 36.97 37.05 37.09 37.08 37.06 37.12 37.21 37.22 37.17 37.07 37 37 37.04 37.08 37.07 37.01 36.97 37 37.04 36.99 36.91 36.99 37.12 37.21 37.24 37.19 37.18 37.24 37.26 37.26 37.31 37.51 37.67 37.69 37.71 37.73 37.71 37.66 37.55 37.51 37.59 37.6 37.48 37.32 37.29 37.3 37.32 37.32 37.3 37.39 37.5 37.46 37.38 37.28 37.11 36.94 36.83 36.82 36.85 36.86 36.84 36.78 36.72 36.73
37.06 37.02 37.05 37.14 37.22 37.24 37.23 37.23 37.24 37.24 37.23 37.15 37.06 37.02 37.03 37.09 37.14 37.12 37.08 37.08 37.12 37.14 37.13 37.08 37.03 37.04 37.07 37.03 36.99 36.97 36.93 36.93 36.97 36.97 36.97 37.04 37.15 37.28 37.32 37.29 37.27 37.3 37.32 37.29 37.34 37.57 37.78 37.81 37.81 37.81 37.77 37.72 37.66 37.6 37.63 37.64 37.54 37.39 37.36 37.38 37.41 37.42 37.4 37.44 37.46 37.4 37.31 37.21 37.05 36.89 36.8 36.81 36.86 36.89 36.89 36.84 36.78 36.76
36.82 36.83 36.92 37.1 37.25 37.28 37.28 37.29 37.29 37.26 37.19 37.08 37.02 37.01 37.05 37.13 37.17 37.15 37.09 37.03 37 37.04 37.09 37.05 37.02 37.08 37.15 37.09 37 36.97 36.93 36.89 36.92 36.99 37.07 37.13 37.2 37.32 37.43 37.47 37.42 37.38 37.39 37.37 37.42 37.62 37.78 37.81 37.79 37.76 37.72 37.66 37.6 37.57 37.62 37.66 37.57 37.43 37.39 37.4 37.37 37.31 37.31 37.37 37.41 37.33 37.23 37.15 37.01 36.89 36.83 36.82 36.85 36.89 36.91 36.87 36.8 36.77
36.6 36.64 36.76 37.02 37.23 37.29 37.31 37.31 37.3 37.22 37.07 37.02 37.03 37.06 37.13 37.21 37.24 37.2 37.09 36.99 36.96 36.99 37.03 37.04 37.07 37.11 37.15 37.09 37.01 36.96 36.92 36.91 36.96 37.05 37.13 37.16 37.19 37.32 37.53 37.68 37.63 37.51 37.48 37.48 37.53 37.62 37.67 37.66 37.64 37.62 37.61 37.54 37.42 37.43 37.55 37.63 37.57 37.43 37.37 37.34 37.24 37.15 37.17 37.24 37.29 37.26 37.21 37.15 37.05 36.96 36.9 36.85 36.79 36.79 36.83 36.82 36.79 36.79
36.52 36.58 36.69 36.92 37.09 37.15 37.2 37.23 37.23 37.07 36.94 37.03 37.1 37.13 37.18 37.21 37.22 37.18 37.09 37.01 36.98 36.98 37 37.04 37.09 37.11 37.11 37.09 37.02 36.92 36.88 36.9 36.98 37.08 37.1 37.09 37.14 37.3 37.57 37.77 37.76 37.67 37.6 37.58 37.6 37.6 37.55 37.5 37.49 37.5 37.53 37.43 37.24 37.25 37.41 37.54 37.54 37.41 37.34 37.26 37.08 36.99 37.04 37.05 37.09 37.21 37.3 37.28 37.2 37.1 37.03 36.91 36.74 36.67 36.72 36.77 36.77 36.79
36.52 36.59 36.67 36.83 36.96 37.01 37.05 37.1 37.15 37.03 36.97 37.12 37.18 37.16 37.13 37.07 37 36.99 37 37.01 37.02 37.01 37.02 37.06 37.12 37.14 37.1 37.04 36.97 36.86 36.84 36.88 36.94 37.01 37.01 37.01 37.08 37.28 37.54 37.7 37.73 37.72 37.69 37.67 37.63 37.57 37.52 37.48 37.45 37.44 37.45 37.36 37.18 37.17 37.3 37.44 37.49 37.38 37.31 37.2 37.04 36.97 36.95 36.96 37.06 37.26 37.41 37.43 37.39 37.27 37.16 36.99 36.79 36.71 36.71 36.73 36.74 36.76
36.61 36.65 36.72 36.82 36.89 36.94 36.99 37.06 37.15 37.09 37.06 37.17 37.19 37.15 37.07 36.94 36.84 36.81 36.85 36.93 36.97 36.98 37.03 37.1 37.14 37.14 37.04 36.92 36.89 36.89 36.9 36.92 36.91 36.91 36.95 37.01 37.09 37.3 37.52 37.61 37.61 37.63 37.7 37.72 37.65 37.55 37.52 37.49 37.45 37.42 37.4 37.35 37.3 37.39 37.53 37.57 37.5 37.36 37.31 37.25 37.14 37.05 36.99 36.98 37.08 37.32 37.48 37.55 37.54 37.45 37.3 37.07 36.89 36.82 36.76 36.69 36.7 36.72
36.7 36.75 36.84 36.9 36.93 36.95 37 37.08 37.14 37.1 37.07 37.09 37.07 37.05 36.98 36.88 36.79 36.77 36.83 36.92 36.96 37 37.07 37.11 37.09 37.02 36.92 36.87 36.89 36.96 37.02 37.02 36.95 36.91 37 37.08 37.17 37.36 37.55 37.62 37.6 37.61 37.69 37.7 37.62 37.53 37.51 37.5 37.46 37.42 37.4 37.38 37.43 37.57 37.69 37.67 37.53 37.37 37.3 37.28 37.21 37.11 37.03 36.98 37.08 37.29 37.47 37.62 37.63 37.55 37.4 37.16 36.99 36.92 36.8 36.65 36.63 36.65
36.68 36.75 36.89 36.96 36.96 36.96 36.97 37.01 37.05 37.04 37.01 36.97 36.95 36.95 36.94 36.93 36.9 36.87 36.92 37 37.02 37.04 37.09 37.1 37.05 36.95 36.88 36.91 36.93 37 37.12 37.16 37.09 37.02 37.11 37.2 37.28 37.43 37.56 37.64 37.64 37.64 37.67 37.63 37.52 37.48 37.5 37.5 37.48 37.46 37.44 37.41 37.41 37.5 37.59 37.6 37.52 37.39 37.32 37.29 37.21 37.12 37.05 36.95 37 37.17 37.37 37.59 37.63 37.58 37.49 37.29 37.08 36.97 36.83 36.62 36.57 36.58
36.74 36.74 36.85 36.92 36.9 36.91 36.93 36.97 37 37.02 36.99 36.92 36.9 36.91 36.95 37.01 37.03 37.04 37.03 37.04 37.02 37.01 37.07 37.07 37.08 37.05 36.96 36.94 36.93 37 37.18 37.27 37.21 37.15 37.21 37.33 37.44 37.52 37.53 37.54 37.58 37.61 37.63 37.56 37.47 37.46 37.48 37.5 37.53 37.52 37.5 37.47 37.42 37.43 37.48 37.48 37.43 37.34 37.29 37.26 37.18 37.11 37.04 36.92 36.92 37.02 37.18 37.43 37.55 37.56 37.53 37.39 37.15 36.99 36.82 36.61 36.55 36.57
36.78 36.75 36.78 36.82 36.8 36.82 36.88 36.96 37.03 37.09 37.07 37 36.97 36.94 36.97 37.02 37.07 37.11 37.09 37.05 36.97 36.97 37.07 37.08 37.11 37.14 37.03 36.93 36.91 37.02 37.18 37.25 37.25 37.31 37.39 37.49 37.62 37.63 37.55 37.48 37.49 37.56 37.57 37.5 37.45 37.49 37.52 37.57 37.62 37.59 37.55 37.51 37.44 37.4 37.41 37.4 37.33 37.24 37.21 37.19 37.15 37.12 37.06 36.98 37.01 37.09 37.16 37.31 37.46 37.5 37.48 37.4 37.18 36.99 36.82 36.6 36.55 36.58
36.82 36.77 36.74 36.73 36.72 36.72 36.78 36.86 36.98 37.1 37.1 37.07 37.04 36.96 36.93 36.96 37 37.05 37.08 37.11 37.03 37.02 37.13 37.16 37.18 37.18 37.02 36.85 36.87 37.01 37.13 37.17 37.24 37.41 37.56 37.66 37.74 37.67 37.55 37.44 37.42 37.55 37.58 37.53 37.5 37.54 37.6 37.65 37.67 37.59 37.54 37.5 37.44 37.4 37.39 37.38 37.3 37.25 37.22 37.18 37.14 37.14 37.14 37.15 37.28 37.43 37.44 37.42 37.43 37.44 37.42 37.35 37.15 36.96 36.81 36.63 36.59 36.6
36.93 36.9 36.85 36.82 36.78 36.73 36.73 36.74 36.84 36.99 37.02 37.01 37 36.93 36.86 36.84 36.87 36.93 37.03 37.12 37.08 37.04 37.14 37.24 37.27 37.18 36.95 36.81 36.87 37.04 37.15 37.16 37.21 37.39 37.57 37.67 37.72 37.62 37.5 37.39 37.43 37.65 37.73 37.69 37.6 37.59 37.64 37.67 37.61 37.48 37.44 37.43 37.42 37.42 37.44 37.42 37.37 37.35 37.33 37.22 37.15 37.15 37.19 37.3 37.51 37.68 37.68 37.61 37.47 37.37 37.33 37.24 37.09 36.92 36.77 36.65 36.63 36.63
37.04 37.02 36.99 36.97 36.95 36.88 36.82 36.8 36.82 36.91 36.96 36.95 36.95 36.88 36.78 36.73 36.74 36.82 36.94 37.02 36.99 36.97 37.07 37.19 37.26 37.23 37.05 36.96 36.98 37.09 37.16 37.17 37.17 37.3 37.45 37.56 37.6 37.47 37.38 37.35 37.46 37.69 37.78 37.72 37.61 37.58 37.61 37.6 37.47 37.32 37.31 37.38 37.45 37.5 37.52 37.51 37.47 37.43 37.4 37.3 37.19 37.14 37.18 37.35 37.59 37.7 37.71 37.62 37.43 37.31 37.24 37.14 37.07 36.92 36.72 36.63 36.62 36.62
37.05 37 36.97 36.98 37.01 37 36.95 36.91 36.92 36.94 36.95 36.94 36.93 36.86 36.75 36.68 36.69 36.79 36.93 36.98 36.93 36.9 36.99 37.09 37.18 37.25 37.2 37.14 37.13 37.16 37.14 37.14 37.14 37.22 37.33 37.44 37.5 37.4 37.37 37.4 37.46 37.59 37.65 37.64 37.6 37.58 37.57 37.53 37.39 37.24 37.26 37.39 37.54 37.62 37.62 37.59 37.53 37.48 37.43 37.35 37.26 37.17 37.16 37.29 37.52 37.62 37.63 37.57 37.41 37.29 37.18 37.05 36.99 36.86 36.67 36.6 36.57 36.57
37.01 36.95 36.92 36.92 36.96 36.99 36.98 36.96 36.98 37 37.02 37.04 37.02 36.94 36.82 36.75 36.77 36.87 36.98 37.01 36.97 36.93 36.97 37.01 37.11 37.23 37.28 37.26 37.23 37.19 37.14 37.13 37.13 37.22 37.34 37.43 37.5 37.48 37.46 37.48 37.47 37.52 37.57 37.64 37.65 37.59 37.57 37.53 37.41 37.29 37.31 37.43 37.58 37.68 37.68 37.61 37.49 37.39 37.33 37.31 37.29 37.22 37.17 37.23 37.4 37.49 37.54 37.52 37.42 37.31 37.13 36.98 36.91 36.79 36.63 36.58 36.55 36.55
37.05 36.94 36.84 36.79 36.8 36.85 36.9 36.92 36.99 37.05 37.07 37.12 37.11 37.03 36.92 36.85 36.87 36.95 37.04 37.05 37.02 37.01 37.02 37.03 37.06 37.15 37.21 37.22 37.2 37.16 37.14 37.15 37.22 37.35 37.46 37.52 37.59 37.58 37.56 37.53 37.51 37.55 37.63 37.68 37.64 37.54 37.52 37.54 37.5 37.43 37.42 37.46 37.51 37.58 37.56 37.48 37.3 37.13 37.18 37.28 37.26 37.19 37.14 37.17 37.28 37.37 37.46 37.47 37.41 37.3 37.1 36.92 36.82 36.72 36.62 36.59 36.59 36.6
37.05 36.99 36.88 36.81 36.77 36.76 36.78 36.8 36.9 37.02 37.09 37.14 37.12 37.06 36.99 36.98 37 37.04 37.09 37.1 37.07 37.06 37.06 37.05 37.04 37.07 37.11 37.12 37.1 37.08 37.08 37.15 37.3 37.47 37.57 37.63 37.69 37.65 37.62 37.6 37.6 37.63 37.66 37.64 37.55 37.47 37.44 37.5 37.57 37.56 37.55 37.5 37.44 37.45 37.45 37.38 37.26 37.19 37.22 37.26 37.22 37.12 37.09 37.15 37.25 37.31 37.4 37.43 37.41 37.3 37.1 36.9 36.78 36.7 36.64 36.63 36.63 36.65
37 37.02 36.94 36.87 36.8 36.7 36.69 36.74 36.86 37.01 37.07 37.11 37.07 37.01 36.99 37.02 37.07 37.1 37.14 37.14 37.12 37.12 37.12 37.1 37.06 37.06 37.07 37.07 37.02 36.99 37 37.1 37.28 37.46 37.59 37.67 37.71 37.67 37.66 37.68 37.71 37.74 37.67 37.54 37.45 37.42 37.41 37.44 37.53 37.58 37.58 37.51 37.39 37.35 37.38 37.35 37.27 37.24 37.26 37.27 37.23 37.12 37.09 37.19 37.25 37.29 37.35 37.38 37.36 37.29 37.15 36.98 36.85 36.77 36.68 36.65 36.64 36.65
37 37.02 36.95 36.88 36.81 36.72 36.71 36.77 36.87 36.98 37.03 37.06 37.01 36.93 36.9 36.94 37.02 37.08 37.14 37.16 37.18 37.22 37.22 37.18 37.13 37.1 37.08 37.05 36.97 36.94 36.97 37.1 37.26 37.36 37.45 37.55 37.63 37.64 37.64 37.66 37.71 37.74 37.67 37.53 37.44 37.41 37.41 37.41 37.4 37.41 37.5 37.52 37.4 37.33 37.35 37.34 37.3 37.28 37.27 37.29 37.29 37.23 37.22 37.27 37.28 37.28 37.31 37.33 37.32 37.28 37.21 37.1 37 36.88 36.73 36.67 36.66 36.65
36.99 36.93 36.86 36.86 36.84 36.79 36.78 36.82 36.89 36.93 36.95 36.99 36.99 36.91 36.86 36.9 36.97 37.04 37.1 37.15 37.23 37.3 37.31 37.26 37.19 37.12 37.06 37.02 36.96 36.96 37.04 37.16 37.26 37.29 37.35 37.47 37.6 37.67 37.67 37.65 37.69 37.71 37.66 37.54 37.44 37.4 37.4 37.4 37.38 37.39 37.49 37.55 37.41 37.31 37.35 37.38 37.36 37.31 37.24 37.23 37.26 37.26 37.28 37.28 37.26 37.25 37.27 37.32 37.33 37.31 37.26 37.19 37.1 36.98 36.79 36.7 36.68 36.66
36.96 36.89 36.84 36.87 36.91 36.92 36.89 36.9 36.91 36.91 36.93 37 37.03 36.97 36.94 36.97 37.01 37.02 37.04 37.1 37.23 37.33 37.33 37.29 37.22 37.13 37.08 37.07 37.05 37.02 37.11 37.27 37.36 37.42 37.46 37.51 37.6 37.68 37.66 37.6 37.59 37.63 37.61 37.52 37.41 37.38 37.4 37.44 37.47 37.48 37.56 37.57 37.45 37.37 37.4 37.43 37.4 37.3 37.16 37.13 37.17 37.17 37.18 37.19 37.18 37.18 37.22 37.29 37.33 37.33 37.31 37.26 37.19 37.07 36.87 36.74 36.7 36.67
36.93 36.87 36.82 36.86 36.98 37.04 37.02 36.96 36.92 36.96 37.01 37.09 37.12 37.04 37.01 37.02 37.03 37.01 37 37.08 37.24 37.32 37.3 37.27 37.22 37.19 37.19 37.21 37.19 37.15 37.24 37.41 37.51 37.54 37.54 37.52 37.59 37.67 37.61 37.46 37.44 37.51 37.54 37.51 37.42 37.38 37.4 37.49 37.57 37.64 37.68 37.61 37.49 37.43 37.41 37.42 37.39 37.26 37.1 37.09 37.14 37.11 37.09 37.11 37.1 37.12 37.18 37.25 37.3 37.31 37.32 37.29 37.23 37.11 36.91 36.77 36.72 36.66
36.92 36.87 36.81 36.85 36.99 37.08 37.08 37.02 36.98 37.05 37.11 37.16 37.16 37.07 37.02 37.05 37.07 37.02 37 37.1 37.26 37.29 37.26 37.21 37.19 37.2 37.26 37.35 37.35 37.29 37.35 37.48 37.56 37.59 37.58 37.56 37.61 37.67 37.57 37.36 37.32 37.41 37.48 37.52 37.48 37.47 37.49 37.59 37.7 37.78 37.75 37.6 37.49 37.41 37.37 37.39 37.37 37.27 37.14 37.1 37.1 37.06 37.02 37.03 37.05 37.08 37.16 37.23 37.28 37.29 37.24 37.16 37.1 36.97 36.83 36.74 36.7 36.61
36.89 36.9 36.86 36.87 36.94 37.01 37.05 37.06 37.05 37.09 37.15 37.15 37.1 37.03 37 37.09 37.15 37.09 37.08 37.16 37.23 37.23 37.19 37.14 37.12 37.15 37.24 37.38 37.43 37.4 37.41 37.45 37.5 37.55 37.57 37.59 37.63 37.65 37.53 37.36 37.34 37.4 37.46 37.53 37.56 37.57 37.6 37.73 37.86 37.87 37.73 37.54 37.47 37.37 37.31 37.37 37.37 37.31 37.22 37.12 37.06 37.03 37.01 37.02 37.04 37.09 37.19 37.25 37.28 37.25 37.14 37.02 36.93 36.8 36.72 36.7 36.69 36.61
36.87 36.94 36.92 36.9 36.91 36.94 36.94 36.97 37.02 37.01 37.03 37.04 37.06 37.06 37.06 37.16 37.23 37.18 37.17 37.21 37.21 37.17 37.14 37.12 37.16 37.21 37.29 37.43 37.48 37.46 37.45 37.45 37.47 37.5 37.53 37.59 37.62 37.61 37.53 37.43 37.43 37.45 37.49 37.55 37.59 37.6 37.63 37.8 37.98 37.86 37.55 37.39 37.39 37.32 37.32 37.41 37.42 37.36 37.24 37.12 37.06 37.07 37.12 37.13 37.12 37.15 37.24 37.28 37.26 37.18 37.07 36.97 36.85 36.7 36.66 36.67 36.68 36.64
36.91 36.96 36.96 36.96 36.97 36.94 36.85 36.89 36.96 36.94 36.93 36.96 37.04 37.13 37.18 37.27 37.33 37.28 37.25 37.24 37.21 37.16 37.14 37.18 37.25 37.3 37.37 37.48 37.51 37.49 37.5 37.5 37.5 37.49 37.5 37.56 37.62 37.61 37.57 37.52 37.5 37.52 37.54 37.57 37.6 37.58 37.6 37.77 37.94 37.67 37.19 37.1 37.16 37.24 37.41 37.5 37.47 37.37 37.21 37.13 37.11 37.13 37.18 37.22 37.21 37.21 37.25 37.24 37.19 37.09 36.99 36.92 36.81 36.65 36.6 36.61 36.64 36.67
