slabs/53.grd
DSAA
631 301
645150 645780
4946600 4946900
35.64 43.59
[rows 204 to 237 of 300, columns 156 to 233 of 631]
36.34 36.34 36.35 36.36 36.37 36.37 36.38 36.39 36.4 36.4 36.41 36.42 36.43 36.43 36.44 36.45 36.45 36.46 36.47 36.46 36.46 36.46 36.46 36.45 36.45 36.45 36.45 36.45 36.44 36.44 36.44 36.44 36.44 36.43 36.43 36.42 36.42 36.42 36.42 36.41 36.41 36.41 36.41 36.41 36.41 36.41 36.4 36.4 36.4 36.4 36.39 36.39 36.39 36.39 36.39 36.39 36.38 36.36 36.37 36.38 36.39 36.42 36.43 36.42 36.41 36.39 36.38 36.38 36.37 36.36 36.35 36.34 36.33 36.32 36.31 36.31 36.29 36.28
36.34 36.35 36.35 36.36 36.37 36.38 36.38 36.39 36.4 36.4 36.41 36.42 36.43 36.43 36.44 36.45 36.46 36.46 36.47 36.47 36.47 36.46 36.46 36.46 36.45 36.45 36.45 36.45 36.45 36.44 36.44 36.44 36.44 36.44 36.43 36.43 36.43 36.43 36.42 36.42 36.42 36.42 36.41 36.41 36.41 36.41 36.41 36.41 36.41 36.4 36.4 36.4 36.4 36.4 36.4 36.39 36.37 36.36 36.38 36.4 36.41 36.42 36.42 36.41 36.4 36.39 36.38 36.37 36.36 36.35 36.34 36.34 36.33 36.32 36.31 36.3 36.29 36.28
36.34 36.35 36.35 36.36 36.37 36.38 36.38 36.39 36.4 36.41 36.41 36.42 36.43 36.43 36.44 36.45 36.46 36.46 36.47 36.47 36.47 36.47 36.47 36.47 36.46 36.46 36.46 36.45 36.45 36.45 36.45 36.45 36.44 36.44 36.44 36.44 36.43 36.43 36.43 36.43 36.42 36.42 36.42 36.42 36.42 36.42 36.42 36.42 36.41 36.41 36.41 36.41 36.41 36.41 36.4 36.38 36.37 36.37 36.39 36.41 36.42 36.43 36.42 36.41 36.4 36.39 36.38 36.37 36.36 36.35 36.34 36.34 36.32 36.31 36.31 36.3 36.29 36.28
36.34 36.35 36.36 36.36 36.37 36.38 36.38 36.39 36.4 36.41 36.41 36.42 36.43 36.44 36.44 36.45 36.46 36.46 36.47 36.48 36.47 36.47 36.47 36.47 36.46 36.46 36.46 36.46 36.46 36.46 36.45 36.45 36.45 36.45 36.45 36.44 36.44 36.44 36.44 36.44 36.43 36.43 36.43 36.43 36.43 36.43 36.42 36.42 36.42 36.42 36.42 36.41 36.41 36.41 36.4 36.37 36.37 36.39 36.41 36.42 36.43 36.43 36.41 36.4 36.39 36.38 36.38 36.37 36.36 36.35 36.34 36.33 36.32 36.31 36.31 36.3 36.28 36.27
36.34 36.35 36.36 36.36 36.37 36.38 36.38 36.39 36.4 36.41 36.41 36.42 36.43 36.44 36.44 36.45 36.46 36.47 36.47 36.48 36.48 36.48 36.48 36.48 36.47 36.47 36.47 36.47 36.46 36.46 36.46 36.46 36.46 36.45 36.45 36.45 36.45 36.45 36.45 36.45 36.45 36.45 36.44 36.44 36.44 36.43 36.43 36.43 36.43 36.43 36.42 36.42 36.42 36.41 36.39 36.37 36.38 36.4 36.42 36.43 36.43 36.42 36.41 36.4 36.39 36.38 36.37 36.37 36.35 36.34 36.34 36.33 36.32 36.31 36.3 36.29 36.28 36.27
36.34 36.35 36.36 36.36 36.37 36.38 36.39 36.39 36.4 36.41 36.41 36.42 36.43 36.44 36.44 36.45 36.46 36.47 36.47 36.48 36.49 36.49 36.48 36.48 36.48 36.48 36.48 36.47 36.47 36.47 36.47 36.47 36.47 36.47 36.46 36.46 36.46 36.46 36.46 36.45 36.45 36.45 36.45 36.45 36.45 36.44 36.44 36.44 36.44 36.43 36.42 36.42 36.42 36.41 36.39 36.38 36.39 36.41 36.43 36.44 36.43 36.42 36.4 36.4 36.39 36.38 36.37 36.36 36.35 36.34 36.33 36.33 36.32 36.3 36.3 36.29 36.28 36.26
36.34 36.35 36.36 36.36 36.37 36.38 36.39 36.39 36.4 36.41 36.42 36.42 36.43 36.44 36.44 36.45 36.46 36.47 36.47 36.48 36.49 36.49 36.49 36.49 36.49 36.48 36.48 36.48 36.48 36.48 36.48 36.48 36.47 36.47 36.47 36.47 36.47 36.47 36.46 36.46 36.46 36.46 36.45 36.45 36.45 36.45 36.45 36.44 36.44 36.44 36.43 36.43 36.43 36.41 36.39 36.38 36.4 36.42 36.44 36.44 36.43 36.41 36.4 36.4 36.39 36.37 36.37 36.36 36.35 36.33 36.33 36.32 36.31 36.3 36.29 36.28 36.27 36.26
36.34 36.35 36.36 36.37 36.37 36.38 36.39 36.39 36.4 36.41 36.42 36.42 36.43 36.44 36.45 36.45 36.46 36.47 36.48 36.48 36.49 36.5 36.5 36.5 36.5 36.5 36.49 36.49 36.49 36.49 36.48 36.48 36.48 36.48 36.48 36.47 36.47 36.47 36.47 36.47 36.47 36.46 36.46 36.45 36.45 36.45 36.45 36.44 36.44 36.44 36.44 36.44 36.43 36.4 36.39 36.39 36.41 36.43 36.45 36.44 36.42 36.4 36.4 36.39 36.38 36.37 36.36 36.35 36.34 36.33 36.32 36.31 36.3 36.29 36.28 36.28 36.27 36.26
36.34 36.35 36.36 36.37 36.37 36.38 36.39 36.4 36.4 36.41 36.42 36.42 36.43 36.44 36.45 36.45 36.46 36.47 36.48 36.48 36.49 36.5 36.5 36.5 36.5 36.5 36.5 36.5 36.49 36.49 36.49 36.49 36.49 36.48 36.48 36.48 36.48 36.48 36.47 36.47 36.47 36.47 36.47 36.46 36.46 36.45 36.45 36.45 36.45 36.45 36.44 36.44 36.43 36.4 36.39 36.4 36.42 36.44 36.45 36.44 36.42 36.4 36.39 36.38 36.37 36.36 36.35 36.35 36.34 36.33 36.32 36.31 36.3 36.29 36.28 36.27 36.27 36.26
36.35 36.35 36.36 36.37 36.37 36.38 36.39 36.4 36.4 36.41 36.42 36.43 36.43 36.44 36.45 36.46 36.46 36.47 36.48 36.48 36.49 36.5 36.51 36.51 36.51 36.51 36.5 36.5 36.5 36.5 36.5 36.49 36.49 36.49 36.48 36.48 36.48 36.48 36.48 36.47 36.47 36.47 36.47 36.46 36.46 36.46 36.46 36.46 36.45 36.45 36.45 36.45 36.42 36.41 36.4 36.42 36.44 36.44 36.44 36.43 36.41 36.4 36.39 36.38 36.37 36.36 36.35 36.34 36.34 36.33 36.32 36.31 36.3 36.29 36.28 36.27 36.26 36.26
36.35 36.35 36.36 36.37 36.38 36.38 36.39 36.4 36.41 36.41 36.42 36.43 36.43 36.44 36.45 36.46 36.46 36.47 36.48 36.49 36.49 36.5 36.51 36.51 36.51 36.51 36.51 36.51 36.51 36.5 36.5 36.49 36.49 36.49 36.49 36.49 36.49 36.48 36.48 36.48 36.48 36.48 36.47 36.47 36.47 36.47 36.46 36.46 36.46 36.46 36.46 36.45 36.42 36.41 36.42 36.44 36.45 36.44 36.42 36.41 36.4 36.4 36.39 36.38 36.37 36.36 36.35 36.34 36.33 36.32 36.31 36.3 36.3 36.29 36.28 36.27 36.26 36.25
36.35 36.35 36.36 36.37 36.38 36.38 36.39 36.4 36.41 36.41 36.42 36.43 36.43 36.44 36.45 36.46 36.46 36.47 36.48 36.49 36.49 36.5 36.51 36.51 36.52 36.52 36.52 36.51 36.51 36.51 36.5 36.5 36.5 36.5 36.49 36.49 36.49 36.49 36.49 36.48 36.48 36.48 36.48 36.48 36.48 36.47 36.47 36.47 36.47 36.47 36.46 36.44 36.42 36.42 36.44 36.45 36.45 36.43 36.42 36.41 36.4 36.39 36.38 36.37 36.37 36.36 36.35 36.34 36.33 36.32 36.31 36.3 36.29 36.28 36.28 36.26 36.25 36.25
36.35 36.36 36.36 36.37 36.38 36.38 36.39 36.4 36.41 36.41 36.42 36.43 36.44 36.44 36.45 36.46 36.46 36.47 36.48 36.49 36.49 36.5 36.51 36.52 36.52 36.52 36.52 36.51 36.51 36.51 36.51 36.51 36.51 36.5 36.5 36.5 36.5 36.49 36.49 36.49 36.49 36.49 36.49 36.48 36.48 36.48 36.48 36.48 36.48 36.47 36.45 36.43 36.43 36.44 36.45 36.46 36.45 36.43 36.42 36.41 36.4 36.39 36.38 36.37 36.36 36.35 36.34 36.33 36.32 36.32 36.31 36.3 36.29 36.28 36.27 36.26 36.25 36.24
36.35 36.36 36.36 36.37 36.38 36.39 36.39 36.4 36.41 36.41 36.42 36.43 36.44 36.44 36.45 36.46 36.47 36.47 36.48 36.49 36.49 36.5 36.51 36.52 36.52 36.52 36.52 36.52 36.52 36.52 36.51 36.51 36.51 36.51 36.51 36.5 36.5 36.5 36.5 36.5 36.5 36.5 36.5 36.5 36.49 36.49 36.49 36.49 36.48 36.47 36.44 36.43 36.43 36.45 36.47 36.47 36.44 36.42 36.41 36.4 36.39 36.38 36.38 36.37 36.36 36.35 36.34 36.33 36.32 36.31 36.31 36.29 36.28 36.28 36.27 36.26 36.25 36.24
36.35 36.36 36.36 36.37 36.38 36.39 36.39 36.4 36.41 36.41 36.42 36.43 36.44 36.44 36.45 36.46 36.47 36.47 36.48 36.49 36.49 36.5 36.51 36.52 36.52 36.53 36.53 36.53 36.53 36.52 36.52 36.52 36.52 36.52 36.52 36.51 36.51 36.51 36.51 36.51 36.51 36.5 36.5 36.5 36.5 36.5 36.49 36.49 36.49 36.46 36.43 36.43 36.44 36.46 36.47 36.46 36.43 36.42 36.41 36.4 36.39 36.38 36.38 36.36 36.35 36.35 36.34 36.33 36.32 36.31 36.3 36.29 36.28 36.27 36.27 36.25 36.24 36.23
36.35 36.36 36.37 36.37 36.38 36.39 36.39 36.4 36.41 36.42 36.42 36.43 36.44 36.44 36.45 36.46 36.47 36.47 36.48 36.49 36.5 36.5 36.51 36.52 36.52 36.53 36.54 36.54 36.53 36.53 36.53 36.53 36.53 36.53 36.53 36.52 36.52 36.52 36.52 36.52 36.52 36.51 36.51 36.51 36.51 36.5 36.5 36.5 36.49 36.46 36.43 36.44 36.46 36.47 36.47 36.45 36.43 36.42 36.41 36.4 36.39 36.38 36.37 36.36 36.35 36.34 36.34 36.32 36.31 36.31 36.3 36.28 36.27 36.27 36.26 36.25 36.24 36.23
36.35 36.36 36.37 36.37 36.38 36.39 36.39 36.4 36.41 36.42 36.42 36.43 36.44 36.45 36.45 36.46 36.47 36.47 36.48 36.49 36.5 36.5 36.51 36.52 36.53 36.53 36.54 36.55 36.55 36.54 36.54 36.54 36.54 36.53 36.53 36.53 36.53 36.53 36.52 36.52 36.52 36.52 36.52 36.52 36.51 36.51 36.51 36.5 36.48 36.45 36.44 36.45 36.46 36.47 36.46 36.44 36.42 36.41 36.41 36.39 36.38 36.38 36.37 36.36 36.35 36.34 36.33 36.32 36.31 36.3 36.29 36.28 36.27 36.26 36.26 36.25 36.25 36.26
36.35 36.36 36.37 36.37 36.38 36.39 36.4 36.4 36.41 36.42 36.42 36.43 36.44 36.45 36.45 36.46 36.47 36.48 36.48 36.49 36.5 36.51 36.51 36.52 36.53 36.53 36.54 36.55 36.55 36.55 36.55 36.54 36.54 36.54 36.54 36.54 36.53 36.53 36.53 36.53 36.53 36.52 36.52 36.52 36.52 36.52 36.51 36.5 36.47 36.45 36.45 36.46 36.47 36.47 36.45 36.43 36.42 36.41 36.4 36.39 36.38 36.37 36.37 36.36 36.34 36.33 36.33 36.32 36.3 36.3 36.29 36.28 36.27 36.26 36.26 36.26 36.28 36.3
36.35 36.36 36.37 36.37 36.38 36.39 36.4 36.4 36.41 36.42 36.43 36.43 36.44 36.45 36.46 36.46 36.47 36.48 36.48 36.49 36.5 36.51 36.51 36.52 36.53 36.54 36.54 36.55 36.56 36.55 36.55 36.55 36.55 36.55 36.54 36.54 36.54 36.54 36.53 36.53 36.53 36.52 36.52 36.52 36.52 36.52 36.51 36.5 36.47 36.45 36.45 36.47 36.47 36.46 36.45 36.43 36.41 36.41 36.4 36.39 36.38 36.37 36.36 36.35 36.34 36.33 36.32 36.31 36.3 36.29 36.28 36.27 36.27 36.26 36.27 36.29 36.31 36.32
36.35 36.36 36.37 36.38 36.38 36.39 36.4 36.41 36.41 36.42 36.43 36.43 36.44 36.45 36.46 36.46 36.47 36.48 36.49 36.49 36.5 36.51 36.51 36.52 36.53 36.54 36.54 36.55 36.56 36.56 36.56 36.56 36.55 36.55 36.55 36.55 36.55 36.54 36.54 36.54 36.53 36.53 36.53 36.53 36.52 36.52 36.52 36.5 36.47 36.45 36.46 36.47 36.47 36.45 36.44 36.42 36.41 36.4 36.39 36.38 36.37 36.36 36.35 36.34 36.34 36.33 36.32 36.31 36.3 36.29 36.28 36.27 36.28 36.28 36.31 36.33 36.33 36.32
36.35 36.36 36.37 36.38 36.38 36.39 36.4 36.41 36.41 36.42 36.43 36.44 36.44 36.45 36.46 36.46 36.47 36.48 36.49 36.49 36.5 36.51 36.52 36.52 36.53 36.54 36.54 36.55 36.56 36.56 36.56 36.56 36.56 36.55 36.55 36.55 36.55 36.55 36.54 36.54 36.54 36.54 36.53 36.53 36.53 36.53 36.52 36.49 36.47 36.46 36.47 36.47 36.45 36.44 36.43 36.41 36.41 36.4 36.39 36.38 36.37 36.36 36.35 36.34 36.33 36.32 36.31 36.31 36.3 36.29 36.28 36.29 36.31 36.32 36.34 36.34 36.33 36.32
36.36 36.36 36.37 36.38 36.39 36.39 36.4 36.41 36.41 36.42 36.43 36.44 36.44 36.45 36.46 36.47 36.47 36.48 36.49 36.49 36.5 36.51 36.52 36.52 36.53 36.54 36.55 36.55 36.56 36.57 36.56 36.56 36.56 36.56 36.56 36.56 36.55 36.55 36.55 36.55 36.55 36.54 36.54 36.54 36.54 36.53 36.51 36.48 36.47 36.48 36.48 36.46 36.44 36.43 36.42 36.41 36.4 36.39 36.39 36.38 36.37 36.36 36.35 36.34 36.33 36.32 36.31 36.3 36.3 36.3 36.31 36.33 36.35 36.36 36.35 36.34 36.33 36.31
36.36 36.36 36.37 36.38 36.39 36.39 36.4 36.41 36.42 36.42 36.43 36.44 36.44 36.45 36.46 36.47 36.47 36.48 36.49 36.49 36.5 36.51 36.52 36.52 36.53 36.54 36.55 36.55 36.56 36.57 36.57 36.57 36.57 36.56 36.56 36.56 36.56 36.56 36.55 36.55 36.55 36.55 36.55 36.55 36.54 36.53 36.5 36.48 36.48 36.49 36.48 36.46 36.44 36.43 36.42 36.41 36.4 36.39 36.38 36.37 36.36 36.35 36.34 36.34 36.33 36.32 36.31 36.3 36.3 36.31 36.35 36.37 36.37 36.37 36.35 36.33 36.32 36.31
36.36 36.37 36.37 36.38 36.39 36.39 36.4 36.41 36.42 36.42 36.43 36.44 36.45 36.45 36.46 36.47 36.47 36.48 36.49 36.5 36.5 36.51 36.52 36.52 36.53 36.54 36.55 36.55 36.56 36.57 36.58 36.58 36.57 36.57 36.57 36.57 36.57 36.56 36.56 36.56 36.56 36.56 36.56 36.56 36.54 36.51 36.49 36.49 36.49 36.48 36.47 36.45 36.43 36.42 36.41 36.41 36.4 36.39 36.38 36.37 36.36 36.35 36.34 36.33 36.33 36.32 36.31 36.33 36.34 36.36 36.38 36.38 36.38 36.36 36.34 36.33 36.31 36.31
36.36 36.37 36.37 36.38 36.39 36.4 36.4 36.41 36.42 36.42 36.43 36.44 36.45 36.45 36.46 36.47 36.47 36.48 36.49 36.5 36.5 36.51 36.52 36.53 36.53 36.54 36.55 36.55 36.56 36.57 36.58 36.58 36.58 36.58 36.58 36.58 36.58 36.57 36.57 36.57 36.57 36.57 36.57 36.56 36.53 36.5 36.49 36.49 36.49 36.48 36.46 36.44 36.43 36.42 36.41 36.4 36.39 36.39 36.37 36.36 36.36 36.35 36.34 36.33 36.32 36.32 36.33 36.37 36.39 36.4 36.4 36.38 36.37 36.36 36.34 36.32 36.31 36.3
36.36 36.37 36.37 36.38 36.39 36.4 36.4 36.41 36.42 36.42 36.43 36.44 36.45 36.45 36.46 36.47 36.48 36.48 36.49 36.5 36.5 36.51 36.52 36.53 36.53 36.54 36.55 36.56 36.56 36.57 36.58 36.59 36.59 36.59 36.59 36.59 36.58 36.58 36.58 36.58 36.57 36.57 36.57 36.56 36.52 36.49 36.49 36.49 36.48 36.47 36.45 36.43 36.43 36.42 36.41 36.4 36.39 36.38 36.37 36.36 36.36 36.35 36.34 36.33 36.34 36.35 36.38 36.41 36.42 36.41 36.4 36.38 36.36 36.35 36.33 36.32 36.31 36.29
36.34 36.36 36.37 36.38 36.39 36.4 36.4 36.41 36.42 36.43 36.43 36.44 36.45 36.45 36.46 36.47 36.48 36.48 36.49 36.5 36.51 36.51 36.52 36.53 36.54 36.54 36.55 36.56 36.56 36.57 36.58 36.59 36.59 36.6 36.6 36.59 36.59 36.59 36.59 36.58 36.58 36.58 36.58 36.56 36.52 36.49 36.49 36.5 36.48 36.46 36.45 36.43 36.42 36.42 36.41 36.4 36.39 36.38 36.37 36.36 36.35 36.35 36.34 36.36 36.38 36.4 36.42 36.43 36.42 36.41 36.39 36.37 36.36 36.35 36.33 36.32 36.3 36.29
36.33 36.35 36.36 36.37 36.38 36.39 36.4 36.41 36.42 36.43 36.43 36.44 36.45 36.46 36.46 36.47 36.48 36.48 36.49 36.5 36.51 36.51 36.52 36.53 36.54 36.54 36.55 36.56 36.56 36.57 36.58 36.59 36.59 36.6 36.6 36.6 36.6 36.59 36.59 36.59 36.59 36.59 36.58 36.55 36.51 36.49 36.5 36.49 36.47 36.46 36.44 36.43 36.42 36.41 36.4 36.39 36.39 36.38 36.37 36.36 36.36 36.36 36.38 36.4 36.42 36.43 36.44 36.43 36.41 36.4 36.38 36.36 36.35 36.34 36.32 36.31 36.3 36.28
36.31 36.33 36.34 36.35 36.37 36.38 36.39 36.4 36.41 36.42 36.43 36.44 36.45 36.46 36.46 36.47 36.48 36.49 36.49 36.5 36.51 36.51 36.52 36.53 36.54 36.54 36.55 36.56 36.57 36.57 36.58 36.59 36.59 36.6 36.61 36.6 36.6 36.6 36.59 36.59 36.59 36.59 36.58 36.54 36.51 36.5 36.5 36.49 36.47 36.45 36.44 36.42 36.42 36.41 36.4 36.39 36.38 36.38 36.37 36.37 36.39 36.42 36.44 36.45 36.45 36.45 36.44 36.42 36.41 36.4 36.38 36.36 36.35 36.33 36.32 36.31 36.3 36.28
36.28 36.31 36.32 36.33 36.35 36.36 36.36 36.37 36.39 36.41 36.41 36.42 36.44 36.45 36.46 36.47 36.48 36.49 36.49 36.5 36.51 36.52 36.52 36.53 36.54 36.54 36.55 36.56 36.57 36.57 36.58 36.59 36.59 36.6 36.61 36.61 36.6 36.6 36.6 36.6 36.59 36.59 36.57 36.53 36.51 36.51 36.5 36.48 36.46 36.45 36.43 36.42 36.41 36.41 36.4 36.39 36.38 36.38 36.4 36.42 36.45 36.48 36.48 36.47 36.46 36.45 36.43 36.42 36.4 36.39 36.37 36.36 36.35 36.33 36.31 36.31 36.29 36.27
36.27 36.29 36.31 36.31 36.32 36.32 36.32 36.33 36.35 36.37 36.39 36.4 36.42 36.44 36.45 36.46 36.48 36.48 36.49 36.5 36.51 36.52 36.52 36.53 36.54 36.55 36.55 36.56 36.57 36.57 36.58 36.59 36.6 36.6 36.61 36.61 36.61 36.61 36.61 36.6 36.6 36.59 36.56 36.52 36.51 36.51 36.49 36.47 36.45 36.44 36.43 36.42 36.41 36.4 36.4 36.4 36.4 36.42 36.45 36.48 36.5 36.5 36.48 36.47 36.46 36.44 36.43 36.41 36.4 36.38 36.37 36.35 36.34 36.33 36.31 36.3 36.29 36.27
36.3 36.3 36.3 36.3 36.31 36.31 36.31 36.31 36.32 36.34 36.36 36.37 36.39 36.41 36.42 36.44 36.46 36.47 36.48 36.5 36.51 36.52 36.52 36.53 36.54 36.55 36.55 36.56 36.57 36.58 36.58 36.59 36.6 36.6 36.61 36.62 36.61 36.61 36.61 36.61 36.61 36.59 36.55 36.52 36.51 36.5 36.48 36.46 36.44 36.43 36.42 36.41 36.4 36.4 36.41 36.42 36.45 36.47 36.5 36.51 36.51 36.5 36.48 36.47 36.46 36.44 36.42 36.41 36.4 36.38 36.36 36.35 36.34 36.32 36.31 36.3 36.28 36.26
36.32 36.32 36.32 36.33 36.33 36.33 36.33 36.33 36.33 36.33 36.34 36.34 36.35 36.37 36.39 36.4 36.43 36.44 36.46 36.47 36.49 36.51 36.52 36.53 36.54 36.55 36.55 36.56 36.57 36.58 36.58 36.59 36.6 36.6 36.61 36.62 36.62 36.62 36.62 36.61 36.6 36.58 36.54 36.51 36.51 36.49 36.46 36.45 36.44 36.43 36.42 36.41 36.4 36.41 36.44 36.47 36.5 36.51 36.52 36.52 36.51 36.49 36.47 36.47 36.46 36.44 36.42 36.41 36.39 36.37 36.36 36.35 36.34 36.32 36.3 36.29 36.28 36.26
36.34 36.35 36.35 36.35 36.35 36.35 36.35 36.35 36.35 36.35 36.36 36.36 36.36 36.36 36.36 36.37 36.38 36.4 36.41 36.43 36.46 36.48 36.49 36.51 36.53 36.54 36.55 36.56 36.57 36.58 36.58 36.59 36.6 36.6 36.61 36.62 36.63 36.63 36.62 36.61 36.59 36.56 36.53 36.51 36.49 36.48 36.46 36.44 36.43 36.43 36.42 36.42 36.43 36.45 36.49 36.52 36.54 36.54 36.53 36.52 36.5 36.48 36.47 36.46 36.45 36.43 36.41 36.4 36.39 36.37 36.35 36.35 36.34 36.32 36.3 36.28 36.27 36.26
