slabs/53.grd
DSAA
631 301
645150 645780
4946600 4946900
35.64 43.59
[rows 136 to 169 of 300, columns 312 to 389 of 631]
36.2 36.17 36.15 36.14 36.13 36.12 36.11 36.1 36.13 36.24 36.36 36.41 36.38 36.22 36.08 36.02 35.96 35.95 35.96 36.03 36.16 36.26 36.3 36.31 36.32 36.32 36.32 36.32 36.32 36.33 36.35 36.38 36.41 36.41 36.33 36.29 36.3 36.3 36.29 36.27 36.27 36.28 36.29 36.31 36.34 36.35 36.36 36.39 36.42 36.44 36.45 36.48 36.51 36.52 36.54 36.57 36.59 36.6 36.62 36.64 36.66 36.66 36.61 36.48 36.4 36.37 36.32 36.28 36.25 36.23 36.23 36.29 36.34 36.36 36.37 36.42 36.49 36.5
36.26 36.23 36.21 36.19 36.18 36.17 36.16 36.15 36.15 36.22 36.31 36.38 36.42 36.31 36.18 36.1 36 35.99 36.02 36.1 36.23 36.3 36.31 36.3 36.29 36.27 36.27 36.26 36.25 36.24 36.24 36.25 36.27 36.27 36.23 36.2 36.2 36.2 36.21 36.23 36.25 36.27 36.28 36.3 36.32 36.34 36.35 36.37 36.4 36.41 36.43 36.46 36.48 36.5 36.52 36.55 36.57 36.58 36.6 36.62 36.64 36.64 36.58 36.46 36.38 36.34 36.3 36.26 36.23 36.23 36.24 36.28 36.32 36.33 36.32 36.34 36.39 36.42
36.32 36.3 36.28 36.26 36.24 36.21 36.2 36.19 36.18 36.22 36.28 36.37 36.47 36.39 36.27 36.18 36.07 36.07 36.1 36.17 36.27 36.28 36.27 36.26 36.24 36.23 36.22 36.21 36.19 36.18 36.17 36.16 36.16 36.16 36.16 36.15 36.17 36.18 36.19 36.21 36.24 36.25 36.26 36.28 36.3 36.32 36.33 36.35 36.37 36.38 36.41 36.44 36.46 36.48 36.51 36.53 36.55 36.56 36.58 36.6 36.62 36.62 36.55 36.43 36.36 36.33 36.28 36.24 36.23 36.22 36.24 36.27 36.31 36.34 36.33 36.32 36.32 36.35
36.38 36.36 36.34 36.33 36.3 36.27 36.26 36.24 36.23 36.25 36.29 36.38 36.48 36.43 36.33 36.24 36.15 36.15 36.19 36.22 36.25 36.24 36.22 36.21 36.2 36.18 36.17 36.16 36.15 36.15 36.14 36.13 36.13 36.12 36.12 36.14 36.15 36.17 36.18 36.2 36.22 36.24 36.25 36.27 36.29 36.3 36.31 36.33 36.35 36.36 36.39 36.42 36.44 36.46 36.49 36.51 36.53 36.54 36.56 36.59 36.6 36.59 36.51 36.4 36.33 36.31 36.27 36.24 36.22 36.23 36.25 36.27 36.3 36.34 36.34 36.33 36.32 36.34
36.44 36.42 36.4 36.39 36.36 36.34 36.32 36.3 36.27 36.29 36.33 36.39 36.43 36.37 36.29 36.23 36.2 36.23 36.25 36.23 36.21 36.19 36.18 36.17 36.16 36.16 36.16 36.15 36.14 36.14 36.14 36.13 36.13 36.12 36.13 36.13 36.14 36.15 36.16 36.18 36.2 36.22 36.23 36.25 36.27 36.28 36.3 36.32 36.33 36.34 36.37 36.4 36.42 36.44 36.47 36.49 36.51 36.52 36.54 36.57 36.58 36.56 36.48 36.37 36.31 36.28 36.25 36.22 36.22 36.23 36.26 36.28 36.3 36.33 36.35 36.34 36.33 36.35
36.49 36.47 36.46 36.45 36.42 36.4 36.39 36.36 36.3 36.28 36.31 36.34 36.34 36.27 36.22 36.19 36.2 36.25 36.25 36.21 36.18 36.18 36.17 36.16 36.16 36.16 36.16 36.16 36.16 36.16 36.15 36.14 36.13 36.13 36.14 36.15 36.15 36.15 36.15 36.17 36.18 36.2 36.21 36.23 36.25 36.26 36.28 36.3 36.31 36.33 36.35 36.38 36.4 36.42 36.45 36.47 36.48 36.5 36.52 36.54 36.55 36.52 36.43 36.34 36.29 36.26 36.22 36.21 36.22 36.24 36.26 36.28 36.29 36.33 36.36 36.35 36.34 36.37
36.48 36.49 36.5 36.49 36.48 36.48 36.47 36.43 36.34 36.29 36.29 36.29 36.26 36.22 36.2 36.18 36.19 36.22 36.21 36.18 36.18 36.18 36.18 36.18 36.18 36.18 36.18 36.18 36.17 36.16 36.15 36.15 36.15 36.15 36.16 36.16 36.17 36.17 36.16 36.16 36.17 36.18 36.2 36.22 36.23 36.24 36.26 36.28 36.3 36.31 36.33 36.36 36.38 36.39 36.42 36.44 36.46 36.47 36.49 36.51 36.51 36.48 36.39 36.31 36.28 36.24 36.22 36.21 36.22 36.24 36.27 36.28 36.3 36.34 36.36 36.36 36.35 36.38
36.41 36.44 36.46 36.46 36.49 36.52 36.52 36.48 36.41 36.35 36.31 36.26 36.22 36.2 36.19 36.17 36.17 36.18 36.18 36.19 36.2 36.2 36.2 36.2 36.2 36.2 36.19 36.18 36.17 36.16 36.16 36.15 36.16 36.16 36.16 36.17 36.18 36.18 36.18 36.17 36.16 36.16 36.18 36.2 36.22 36.22 36.24 36.26 36.28 36.28 36.31 36.33 36.35 36.36 36.39 36.41 36.43 36.45 36.47 36.48 36.49 36.46 36.36 36.3 36.27 36.23 36.21 36.21 36.23 36.25 36.28 36.29 36.31 36.34 36.36 36.36 36.36 36.39
36.34 36.36 36.38 36.39 36.46 36.52 36.53 36.49 36.4 36.32 36.26 36.18 36.14 36.14 36.14 36.14 36.15 36.17 36.19 36.22 36.23 36.22 36.22 36.22 36.21 36.2 36.2 36.19 36.17 36.16 36.16 36.16 36.16 36.17 36.17 36.18 36.19 36.19 36.19 36.19 36.18 36.17 36.17 36.19 36.2 36.2 36.22 36.24 36.25 36.26 36.28 36.3 36.32 36.34 36.37 36.39 36.41 36.43 36.45 36.47 36.47 36.43 36.34 36.28 36.25 36.21 36.21 36.22 36.24 36.26 36.28 36.3 36.31 36.35 36.37 36.37 36.37 36.41
36.28 36.3 36.32 36.34 36.45 36.54 36.54 36.48 36.36 36.27 36.2 36.09 36.04 36.03 36.05 36.1 36.17 36.21 36.23 36.25 36.24 36.23 36.23 36.22 36.21 36.2 36.2 36.19 36.18 36.17 36.17 36.17 36.17 36.18 36.19 36.2 36.2 36.2 36.21 36.22 36.22 36.21 36.2 36.19 36.18 36.18 36.2 36.22 36.23 36.24 36.26 36.28 36.3 36.32 36.35 36.37 36.38 36.4 36.43 36.45 36.45 36.41 36.31 36.26 36.23 36.21 36.21 36.23 36.24 36.26 36.29 36.3 36.32 36.35 36.37 36.37 36.38 36.42
36.24 36.25 36.26 36.32 36.45 36.56 36.54 36.45 36.32 36.22 36.15 36.02 35.94 35.93 35.98 36.12 36.25 36.27 36.27 36.26 36.25 36.24 36.24 36.23 36.22 36.21 36.2 36.19 36.18 36.18 36.17 36.18 36.18 36.19 36.2 36.21 36.21 36.22 36.23 36.24 36.25 36.25 36.25 36.23 36.2 36.19 36.19 36.21 36.22 36.23 36.25 36.26 36.27 36.3 36.33 36.34 36.36 36.38 36.41 36.43 36.43 36.38 36.28 36.24 36.21 36.2 36.22 36.23 36.25 36.27 36.3 36.31 36.33 36.36 36.38 36.39 36.39 36.43
36.25 36.25 36.25 36.33 36.48 36.56 36.53 36.41 36.27 36.18 36.1 35.96 35.88 35.87 35.99 36.2 36.29 36.27 36.27 36.26 36.25 36.24 36.24 36.23 36.22 36.22 36.21 36.2 36.19 36.19 36.19 36.19 36.2 36.2 36.21 36.23 36.23 36.24 36.24 36.25 36.26 36.26 36.27 36.26 36.25 36.22 36.19 36.19 36.2 36.21 36.23 36.25 36.26 36.28 36.31 36.33 36.34 36.37 36.39 36.41 36.41 36.35 36.26 36.22 36.21 36.2 36.23 36.24 36.26 36.28 36.3 36.31 36.33 36.36 36.38 36.39 36.4 36.44
36.28 36.29 36.31 36.4 36.51 36.55 36.49 36.36 36.22 36.13 36.04 35.91 35.87 35.91 36.04 36.24 36.29 36.27 36.27 36.27 36.26 36.25 36.24 36.23 36.23 36.22 36.21 36.2 36.19 36.2 36.2 36.21 36.22 36.22 36.23 36.23 36.23 36.24 36.26 36.26 36.27 36.27 36.28 36.28 36.28 36.27 36.23 36.2 36.19 36.2 36.22 36.23 36.24 36.26 36.29 36.31 36.32 36.35 36.38 36.39 36.38 36.32 36.24 36.21 36.2 36.21 36.23 36.25 36.26 36.29 36.3 36.32 36.34 36.37 36.39 36.4 36.42 36.44
36.29 36.33 36.37 36.46 36.52 36.51 36.43 36.29 36.14 36.04 35.97 35.88 35.9 35.97 36.1 36.26 36.28 36.26 36.27 36.27 36.26 36.26 36.25 36.24 36.23 36.23 36.22 36.21 36.2 36.21 36.22 36.22 36.23 36.23 36.24 36.25 36.25 36.26 36.26 36.27 36.27 36.28 36.29 36.29 36.29 36.3 36.29 36.26 36.22 36.2 36.21 36.22 36.23 36.25 36.27 36.28 36.3 36.33 36.36 36.38 36.36 36.3 36.22 36.2 36.2 36.22 36.23 36.25 36.27 36.3 36.31 36.33 36.35 36.38 36.39 36.41 36.43 36.44
36.31 36.35 36.4 36.47 36.47 36.43 36.35 36.2 36.06 35.99 35.94 35.91 35.96 36.03 36.14 36.25 36.26 36.27 36.28 36.28 36.27 36.26 36.25 36.24 36.23 36.23 36.22 36.21 36.21 36.22 36.23 36.23 36.23 36.24 36.25 36.26 36.26 36.27 36.27 36.28 36.28 36.29 36.3 36.3 36.31 36.31 36.32 36.32 36.29 36.23 36.2 36.2 36.21 36.23 36.25 36.27 36.28 36.31 36.34 36.35 36.33 36.27 36.21 36.2 36.2 36.22 36.24 36.25 36.28 36.31 36.32 36.34 36.36 36.38 36.4 36.42 36.44 36.44
36.29 36.32 36.37 36.41 36.38 36.33 36.26 36.13 36.03 35.98 35.96 35.97 36.04 36.1 36.18 36.24 36.26 36.27 36.28 36.28 36.27 36.27 36.26 36.25 36.24 36.23 36.22 36.22 36.23 36.23 36.23 36.24 36.24 36.25 36.26 36.27 36.27 36.28 36.29 36.29 36.29 36.3 36.31 36.31 36.32 36.33 36.34 36.34 36.33 36.3 36.24 36.21 36.2 36.22 36.23 36.25 36.26 36.29 36.31 36.32 36.29 36.23 36.2 36.2 36.21 36.23 36.25 36.26 36.29 36.31 36.33 36.34 36.37 36.39 36.41 36.42 36.44 36.44
36.27 36.27 36.3 36.3 36.24 36.2 36.16 36.09 36.04 36.01 36 36.05 36.11 36.16 36.21 36.25 36.26 36.27 36.28 36.28 36.28 36.27 36.26 36.25 36.24 36.23 36.23 36.23 36.23 36.24 36.25 36.25 36.25 36.26 36.27 36.27 36.28 36.28 36.29 36.3 36.3 36.31 36.32 36.32 36.33 36.34 36.35 36.35 36.35 36.34 36.3 36.26 36.24 36.22 36.22 36.23 36.24 36.26 36.28 36.28 36.26 36.21 36.19 36.19 36.21 36.24 36.26 36.27 36.29 36.32 36.33 36.35 36.37 36.4 36.41 36.42 36.44 36.44
36.23 36.22 36.21 36.17 36.12 36.09 36.08 36.06 36.04 36.02 36.03 36.08 36.13 36.17 36.22 36.25 36.27 36.28 36.29 36.29 36.28 36.27 36.26 36.25 36.25 36.24 36.23 36.24 36.24 36.25 36.26 36.26 36.26 36.27 36.28 36.28 36.29 36.3 36.31 36.31 36.31 36.32 36.33 36.33 36.34 36.35 36.36 36.36 36.37 36.37 36.37 36.35 36.33 36.29 36.26 36.24 36.23 36.24 36.25 36.26 36.24 36.19 36.19 36.2 36.22 36.25 36.26 36.28 36.3 36.33 36.34 36.35 36.38 36.39 36.4 36.41 36.43 36.42
36.19 36.17 36.14 36.09 36.06 36.05 36.04 36.02 36.02 36.02 36.04 36.09 36.13 36.17 36.22 36.26 36.27 36.28 36.29 36.29 36.28 36.27 36.27 36.26 36.25 36.24 36.24 36.25 36.25 36.26 36.27 36.27 36.28 36.28 36.29 36.29 36.3 36.31 36.32 36.32 36.33 36.33 36.34 36.35 36.35 36.36 36.37 36.37 36.38 36.39 36.4 36.41 36.4 36.38 36.35 36.3 36.25 36.23 36.23 36.24 36.22 36.19 36.19 36.21 36.23 36.25 36.27 36.28 36.31 36.32 36.33 36.34 36.35 36.36 36.37 36.38 36.4 36.4
36.15 36.13 36.1 36.05 36.02 36.01 36.01 36 36 36.01 36.04 36.09 36.12 36.16 36.22 36.26 36.27 36.28 36.29 36.29 36.28 36.28 36.27 36.26 36.25 36.24 36.25 36.25 36.26 36.27 36.28 36.28 36.29 36.29 36.3 36.31 36.31 36.32 36.33 36.33 36.34 36.35 36.36 36.37 36.37 36.38 36.39 36.39 36.4 36.41 36.41 36.41 36.42 36.42 36.41 36.38 36.32 36.25 36.23 36.22 36.2 36.19 36.2 36.21 36.23 36.25 36.26 36.27 36.28 36.29 36.3 36.3 36.31 36.32 36.32 36.34 36.36 36.38
36.11 36.08 36.05 36.01 35.98 35.98 35.99 35.99 36 36 36.03 36.09 36.12 36.16 36.22 36.26 36.28 36.29 36.3 36.3 36.29 36.28 36.27 36.27 36.26 36.25 36.26 36.27 36.27 36.28 36.29 36.29 36.3 36.31 36.32 36.32 36.33 36.33 36.34 36.35 36.36 36.37 36.37 36.38 36.38 36.39 36.4 36.4 36.41 36.41 36.41 36.42 36.43 36.44 36.44 36.44 36.4 36.32 36.26 36.23 36.19 36.18 36.19 36.19 36.2 36.21 36.22 36.23 36.24 36.24 36.25 36.26 36.26 36.27 36.28 36.31 36.33 36.35
36.07 36.05 36.03 36.01 35.98 35.98 35.98 35.99 36 36.01 36.03 36.09 36.13 36.16 36.22 36.27 36.28 36.29 36.3 36.3 36.29 36.29 36.28 36.27 36.26 36.26 36.27 36.28 36.29 36.3 36.3 36.3 36.31 36.32 36.33 36.34 36.34 36.35 36.36 36.36 36.37 36.38 36.38 36.39 36.4 36.4 36.4 36.41 36.42 36.42 36.42 36.43 36.44 36.45 36.45 36.46 36.45 36.4 36.35 36.3 36.21 36.17 36.16 36.16 36.17 36.17 36.18 36.18 36.19 36.2 36.2 36.21 36.22 36.23 36.24 36.27 36.29 36.31
36.04 36.04 36.06 36.05 36.02 35.99 35.98 35.99 36 36.01 36.04 36.09 36.13 36.17 36.23 36.27 36.29 36.3 36.31 36.3 36.3 36.29 36.28 36.27 36.27 36.28 36.29 36.29 36.3 36.31 36.32 36.32 36.33 36.34 36.34 36.35 36.36 36.36 36.37 36.38 36.38 36.38 36.38 36.39 36.4 36.41 36.41 36.42 36.43 36.44 36.44 36.44 36.45 36.46 36.46 36.47 36.47 36.46 36.43 36.37 36.27 36.2 36.16 36.15 36.14 36.14 36.14 36.14 36.14 36.15 36.16 36.16 36.17 36.18 36.18 36.21 36.24 36.26
36.08 36.09 36.12 36.1 36.06 36.01 35.99 35.99 36 36.01 36.04 36.1 36.13 36.17 36.23 36.27 36.29 36.31 36.31 36.31 36.3 36.29 36.28 36.28 36.29 36.3 36.31 36.31 36.32 36.32 36.33 36.34 36.34 36.35 36.35 36.36 36.37 36.37 36.38 36.38 36.39 36.4 36.4 36.4 36.41 36.42 36.42 36.43 36.44 36.45 36.45 36.45 36.46 36.47 36.47 36.48 36.49 36.48 36.47 36.43 36.34 36.26 36.21 36.16 36.14 36.13 36.12 36.11 36.11 36.11 36.11 36.1 36.11 36.12 36.13 36.16 36.19 36.2
36.14 36.16 36.18 36.15 36.1 36.05 35.99 35.99 36 36.01 36.05 36.1 36.13 36.17 36.23 36.27 36.29 36.31 36.32 36.31 36.31 36.3 36.29 36.3 36.3 36.31 36.32 36.32 36.33 36.33 36.34 36.34 36.35 36.36 36.37 36.37 36.38 36.38 36.38 36.39 36.4 36.41 36.41 36.41 36.42 36.43 36.43 36.44 36.45 36.46 36.46 36.46 36.47 36.48 36.48 36.49 36.49 36.49 36.48 36.45 36.39 36.33 36.28 36.21 36.18 36.15 36.14 36.12 36.1 36.09 36.09 36.07 36.08 36.09 36.1 36.13 36.15 36.17
36.2 36.22 36.24 36.2 36.15 36.08 36.01 35.99 35.99 36.01 36.05 36.09 36.12 36.17 36.23 36.27 36.29 36.32 36.32 36.32 36.31 36.3 36.3 36.31 36.31 36.32 36.33 36.33 36.34 36.34 36.35 36.35 36.36 36.37 36.37 36.38 36.39 36.39 36.39 36.4 36.41 36.42 36.42 36.43 36.44 36.44 36.44 36.45 36.46 36.47 36.47 36.47 36.48 36.49 36.49 36.49 36.5 36.5 36.48 36.45 36.41 36.37 36.34 36.29 36.22 36.18 36.17 36.14 36.12 36.11 36.1 36.09 36.08 36.08 36.08 36.1 36.13 36.14
36.22 36.25 36.28 36.25 36.2 36.14 36.04 36 35.99 36.01 36.05 36.09 36.12 36.17 36.23 36.27 36.3 36.32 36.33 36.32 36.32 36.31 36.31 36.31 36.32 36.33 36.33 36.34 36.35 36.35 36.36 36.36 36.37 36.38 36.38 36.39 36.4 36.4 36.4 36.41 36.42 36.43 36.43 36.44 36.45 36.45 36.45 36.46 36.47 36.47 36.47 36.48 36.49 36.49 36.5 36.5 36.5 36.5 36.48 36.44 36.4 36.38 36.37 36.33 36.27 36.22 36.19 36.16 36.14 36.12 36.12 36.11 36.1 36.09 36.08 36.08 36.1 36.12
36.2 36.25 36.29 36.27 36.24 36.19 36.09 36.01 36 36.01 36.05 36.09 36.12 36.18 36.24 36.27 36.3 36.33 36.33 36.32 36.32 36.31 36.32 36.32 36.33 36.34 36.35 36.35 36.36 36.36 36.36 36.37 36.38 36.39 36.39 36.4 36.41 36.42 36.42 36.42 36.43 36.44 36.44 36.45 36.45 36.46 36.46 36.47 36.47 36.48 36.48 36.49 36.49 36.5 36.5 36.51 36.51 36.5 36.48 36.44 36.39 36.36 36.35 36.34 36.3 36.26 36.22 36.18 36.15 36.14 36.13 36.12 36.12 36.11 36.1 36.09 36.08 36.09
36.16 36.21 36.25 36.25 36.23 36.19 36.11 36.04 36.01 36.01 36.06 36.09 36.12 36.18 36.23 36.27 36.3 36.33 36.33 36.33 36.32 36.33 36.33 36.33 36.34 36.35 36.35 36.36 36.37 36.38 36.38 36.38 36.39 36.4 36.4 36.41 36.41 36.42 36.43 36.43 36.44 36.45 36.45 36.46 36.46 36.47 36.47 36.47 36.48 36.49 36.49 36.49 36.5 36.5 36.51 36.51 36.51 36.5 36.47 36.43 36.39 36.36 36.34 36.32 36.31 36.3 36.26 36.2 36.17 36.15 36.15 36.14 36.14 36.14 36.13 36.12 36.1 36.09
36.15 36.18 36.21 36.2 36.18 36.15 36.11 36.07 36.03 36.02 36.06 36.09 36.12 36.18 36.24 36.27 36.3 36.33 36.34 36.33 36.33 36.34 36.34 36.34 36.35 36.36 36.36 36.37 36.38 36.39 36.39 36.39 36.4 36.41 36.41 36.42 36.42 36.43 36.44 36.44 36.45 36.46 36.46 36.46 36.47 36.47 36.48 36.48 36.49 36.49 36.5 36.5 36.5 36.51 36.51 36.52 36.51 36.49 36.47 36.43 36.38 36.35 36.33 36.3 36.29 36.28 36.26 36.23 36.19 36.18 36.17 36.16 36.16 36.16 36.16 36.14 36.12 36.11
36.13 36.16 36.17 36.15 36.14 36.11 36.08 36.06 36.03 36.03 36.06 36.1 36.13 36.19 36.24 36.27 36.3 36.34 36.34 36.33 36.34 36.35 36.35 36.35 36.36 36.37 36.37 36.38 36.39 36.4 36.4 36.41 36.41 36.42 36.42 36.43 36.43 36.44 36.44 36.45 36.45 36.46 36.46 36.47 36.48 36.48 36.48 36.49 36.49 36.5 36.5 36.5 36.51 36.51 36.52 36.52 36.51 36.49 36.46 36.42 36.38 36.35 36.32 36.29 36.27 36.27 36.26 36.23 36.21 36.19 36.18 36.18 36.18 36.18 36.18 36.16 36.15 36.14
36.14 36.14 36.13 36.12 36.1 36.07 36.05 36.03 36.03 36.04 36.08 36.1 36.14 36.19 36.24 36.27 36.31 36.34 36.35 36.34 36.35 36.36 36.36 36.37 36.37 36.38 36.38 36.39 36.4 36.41 36.41 36.42 36.42 36.43 36.43 36.44 36.44 36.45 36.45 36.45 36.46 36.46 36.47 36.47 36.48 36.48 36.48 36.49 36.5 36.5 36.5 36.51 36.52 36.52 36.52 36.52 36.51 36.48 36.46 36.42 36.37 36.34 36.32 36.28 36.26 36.25 36.24 36.22 36.21 36.21 36.21 36.21 36.2 36.21 36.2 36.19 36.17 36.16
36.15 36.13 36.12 36.12 36.11 36.09 36.07 36.06 36.06 36.08 36.11 36.13 36.15 36.2 36.23 36.27 36.31 36.35 36.35 36.35 36.36 36.37 36.37 36.38 36.39 36.39 36.39 36.4 36.41 36.41 36.42 36.42 36.43 36.44 36.44 36.44 36.45 36.45 36.45 36.46 36.47 36.47 36.47 36.48 36.48 36.48 36.49 36.5 36.5 36.5 36.51 36.52 36.52 36.52 36.53 36.53 36.5 36.48 36.45 36.41 36.37 36.34 36.31 36.27 36.24 36.23 36.22 36.22 36.22 36.23 36.24 36.24 36.23 36.23 36.23 36.2 36.17 36.13
36.15 36.12 36.11 36.13 36.13 36.12 36.1 36.09 36.09 36.12 36.15 36.17 36.19 36.22 36.25 36.27 36.32 36.35 36.36 36.37 36.37 36.38 36.38 36.39 36.4 36.4 36.4 36.41 36.41 36.42 36.42 36.43 36.43 36.44 36.44 36.45 36.45 36.45 36.46 36.47 36.47 36.47 36.48 36.48 36.49 36.49 36.49 36.5 36.51 36.51 36.51 36.52 36.53 36.53 36.53 36.53 36.5 36.48 36.45 36.4 36.37 36.34 36.31 36.26 36.23 36.22 36.21 36.22 36.24 36.26 36.28 36.28 36.27 36.27 36.26 36.19 36.12 36.07
