slabs/53.grd
DSAA
631 301
645150 645780
4946600 4946900
35.64 43.59
[rows 170 to 203 of 300, columns 0 to 77 of 631]
40.63 40.6 40.59 40.59 40.62 40.61 40.64 40.58 40.55 40.53 40.52 40.55 40.49 40.45 40.42 40.43 40.46 40.5 40.51 40.3 40.25 40.28 1.70141e38 40.56 40.55 40.53 40.54 40.56 40.55 40.52 40.48 40.48 40.47 40.5 40.62 40.71 40.59 40.36 40.31 40.38 40.45 40.48 40.48 40.52 40.49 40.34 40.24 40.31 40.39 40.35 40.31 40.26 40.1 39.9 39.79 39.75 39.65 39.56 39.5 39.46 39.4 39.35 39.33 39.31 39.29 39.28 39.22 39.11 39.04 39.01 38.99 38.94 38.75 38.55 38.38 38.05 37.63 37.32
40.58 40.55 40.52 40.53 40.55 40.6 40.68 40.62 40.55 40.51 40.56 40.64 40.6 40.55 40.49 40.46 40.43 40.45 40.53 40.42 40.32 40.24 1.70141e38 40.54 40.52 40.49 40.5 40.52 40.52 40.5 40.49 40.51 40.51 40.51 40.6 40.69 40.61 40.4 40.25 40.28 40.42 40.48 40.48 40.48 40.45 40.31 40.18 40.25 40.39 40.39 40.32 40.25 40.07 39.85 39.75 39.7 39.62 39.57 39.55 39.51 39.43 39.37 39.34 39.33 39.33 39.32 39.26 39.14 39.06 39.02 38.99 38.93 38.78 38.6 38.43 38.11 37.7 37.42
40.5 40.52 40.52 40.6 40.69 40.69 40.59 40.54 40.51 40.51 40.56 40.6 40.59 40.57 40.45 40.44 40.4 40.43 40.52 40.5 40.43 40.29 1.70141e38 40.51 40.49 40.46 40.47 40.48 40.48 40.49 40.51 40.52 40.53 40.52 40.55 40.61 40.58 40.4 40.22 40.24 40.38 40.48 40.48 40.49 40.48 40.38 40.27 40.32 40.41 40.38 40.29 40.26 40.12 39.9 39.79 39.71 39.63 39.6 39.58 39.54 39.47 39.4 39.36 39.35 39.36 39.32 39.28 39.19 39.08 39.02 38.98 38.95 38.82 38.66 38.49 38.16 37.73 37.42
40.51 40.49 40.49 40.53 40.55 40.55 40.5 40.53 40.49 40.49 40.5 40.56 40.59 40.61 40.46 40.43 40.43 40.42 40.47 40.5 40.45 40.3 1.70141e38 40.45 40.45 40.45 40.45 40.45 40.45 40.49 40.54 40.53 40.52 40.51 40.47 40.49 40.52 40.4 40.24 40.24 40.35 40.46 40.48 40.49 40.52 40.49 40.4 40.37 40.39 40.37 40.29 40.28 40.2 40.01 39.87 39.77 39.68 39.64 39.62 39.59 39.51 39.45 39.39 39.36 39.35 39.33 39.3 39.22 39.1 39.02 38.99 38.97 38.87 38.73 38.57 38.22 37.74 37.38
40.63 40.59 40.55 40.53 40.48 40.48 40.47 40.53 40.52 40.51 40.53 40.61 40.63 40.62 40.48 40.42 40.43 40.42 40.45 40.47 40.42 40.3 1.70141e38 40.38 40.41 40.44 40.43 40.42 40.43 40.48 40.53 40.5 40.49 40.49 40.46 40.45 40.47 40.42 40.32 40.28 40.33 40.44 40.48 40.49 40.5 40.45 40.34 40.27 40.29 40.38 40.35 40.32 40.25 40.12 40 39.84 39.71 39.66 39.64 39.6 39.54 39.49 39.44 39.38 39.37 39.36 39.33 39.24 39.12 39.05 39.01 38.98 38.91 38.8 38.65 38.31 37.87 37.51
40.6 40.59 40.58 40.54 40.51 40.48 40.54 40.62 40.61 40.54 40.49 40.58 40.58 40.56 40.48 40.4 40.42 40.45 40.46 40.48 40.45 40.36 1.70141e38 40.35 40.38 40.42 40.41 40.39 40.41 40.45 40.48 40.48 40.5 40.5 40.47 40.45 40.45 40.44 40.39 40.31 40.3 40.41 40.47 40.48 40.48 40.44 40.36 40.27 40.29 40.41 40.41 40.37 40.29 40.26 40.17 39.95 39.81 39.74 39.69 39.62 39.54 39.49 39.45 39.41 39.4 39.39 39.35 39.26 39.15 39.09 39.04 38.98 38.94 38.87 38.73 38.39 38.07 37.74
40.58 40.56 40.53 40.48 40.47 40.46 40.53 40.64 40.61 40.54 40.44 40.5 40.52 40.52 40.49 40.43 40.45 40.51 40.52 40.52 40.51 40.44 1.70141e38 40.29 40.34 40.43 40.44 40.43 40.43 40.43 40.43 40.45 40.48 40.5 40.5 40.49 40.49 40.48 40.45 40.35 40.29 40.4 40.48 40.48 40.47 40.46 40.44 40.38 40.34 40.37 40.38 40.38 40.36 40.38 40.28 40.04 39.91 39.84 39.77 39.66 39.56 39.5 39.47 39.44 39.43 39.43 39.38 39.29 39.18 39.12 39.06 38.98 38.94 38.89 38.75 38.45 38.15 37.85
40.56 40.54 40.54 40.48 40.48 40.47 40.49 40.59 40.55 40.5 40.45 40.47 40.49 40.53 40.52 40.52 40.53 40.57 40.57 40.48 40.51 40.5 1.70141e38 40.31 40.35 40.43 40.42 40.42 40.45 40.48 40.48 40.47 40.48 40.53 40.56 40.55 40.53 40.53 40.5 40.42 40.32 40.38 40.47 40.49 40.47 40.46 40.47 40.44 40.32 40.24 40.26 40.34 40.41 40.42 40.29 40.05 39.89 39.83 39.78 39.71 39.63 39.57 39.52 39.48 39.48 39.48 39.44 39.32 39.19 39.13 39.07 38.98 38.94 38.9 38.78 38.5 38.23 37.96
40.55 40.53 40.54 40.53 40.53 40.54 40.53 40.55 40.52 40.48 40.45 40.47 40.5 40.54 40.55 40.6 40.59 40.55 40.52 40.44 40.48 40.47 1.70141e38 40.35 40.37 40.46 40.48 40.45 40.44 40.48 40.5 40.48 40.47 40.52 40.57 40.57 40.57 40.58 40.58 40.51 40.37 40.31 40.39 40.47 40.46 40.44 40.45 40.43 40.26 40.1 40.13 40.27 40.38 40.41 40.33 40.11 39.89 39.8 39.77 39.72 39.66 39.59 39.56 39.55 39.53 39.49 39.42 39.29 39.2 39.14 39.06 39.01 39 38.99 38.86 38.57 38.31 38.04
40.57 40.51 40.47 40.52 40.52 40.56 40.54 40.53 40.51 40.48 40.49 40.51 40.54 40.56 40.55 40.58 40.56 40.5 40.42 40.42 40.47 40.5 1.70141e38 40.35 40.32 40.45 40.52 40.48 40.42 40.44 40.47 40.48 40.49 40.5 40.51 40.54 40.57 40.61 40.64 40.57 40.4 40.26 40.32 40.44 40.46 40.45 40.46 40.45 40.29 40.07 40.06 40.21 40.33 40.36 40.33 40.19 39.98 39.86 39.82 39.75 39.66 39.6 39.59 39.55 39.5 39.47 39.39 39.27 39.2 39.13 39.05 39.05 39.08 39.07 38.93 38.63 38.38 38.09
40.59 40.52 40.47 40.56 40.55 40.51 40.47 40.48 40.47 40.49 40.56 40.5 40.52 40.51 40.52 40.53 40.54 40.48 40.41 40.41 40.47 40.51 1.70141e38 40.37 40.3 40.4 40.48 40.47 40.44 40.47 40.48 40.49 40.5 40.49 40.47 40.49 40.55 40.6 40.61 40.57 40.43 40.31 40.34 40.43 40.45 40.46 40.47 40.47 40.33 40.13 40.08 40.2 40.37 40.39 40.34 40.2 40.01 39.9 39.84 39.73 39.65 39.61 39.59 39.55 39.49 39.44 39.37 39.3 39.25 39.16 39.05 39.08 39.11 39.08 38.94 38.66 38.45 38.16
40.56 40.55 40.5 40.55 40.53 40.49 40.44 40.51 40.5 40.56 40.63 40.6 40.55 40.53 40.5 40.5 40.52 40.47 40.38 40.4 40.44 40.43 1.70141e38 40.35 40.25 40.26 40.33 40.38 40.45 40.49 40.49 40.48 40.49 40.49 40.46 40.46 40.52 40.57 40.56 40.54 40.45 40.34 40.33 40.38 40.42 40.44 40.45 40.46 40.38 40.26 40.21 40.29 40.42 40.41 40.39 40.28 40.09 39.97 39.87 39.75 39.68 39.64 39.58 39.54 39.51 39.45 39.39 39.36 39.31 39.21 39.09 39.08 39.1 39.06 38.91 38.66 38.49 38.26
40.59 40.55 40.53 40.52 40.49 40.51 40.55 40.55 40.54 40.58 40.64 40.62 40.54 40.51 40.51 40.51 40.53 40.54 40.43 40.42 40.38 40.37 1.70141e38 40.31 40.2 40.14 40.18 40.29 40.44 40.47 40.46 40.45 40.48 40.51 40.49 40.46 40.5 40.56 40.56 40.55 40.44 40.32 40.26 40.3 40.4 40.42 40.43 40.47 40.46 40.41 40.37 40.41 40.47 40.43 40.41 40.32 40.2 40.05 39.89 39.78 39.71 39.68 39.62 39.54 39.51 39.48 39.45 39.4 39.34 39.23 39.11 39.08 39.09 39.05 38.91 38.7 38.55 38.39
40.63 40.6 40.52 40.5 40.47 40.52 40.59 40.56 40.51 40.55 40.57 40.56 40.56 40.56 40.53 40.58 40.59 40.55 40.45 40.43 40.37 40.35 1.70141e38 40.34 40.26 40.17 40.15 40.26 40.44 40.49 40.47 40.45 40.5 40.55 40.54 40.51 40.55 40.58 40.58 40.55 40.45 40.33 40.28 40.29 40.4 40.45 40.45 40.46 40.48 40.49 40.42 40.39 40.47 40.48 40.43 40.34 40.23 40.11 39.94 39.82 39.76 39.74 39.67 39.54 39.47 39.48 39.48 39.41 39.34 39.23 39.1 39.08 39.08 39.05 38.95 38.82 38.7 38.5
40.56 40.58 40.46 40.49 40.49 40.48 40.52 40.53 40.5 40.48 40.5 40.52 40.56 40.56 40.62 40.65 40.57 40.5 40.44 40.43 40.37 40.34 1.70141e38 40.41 40.4 40.27 40.16 40.27 40.48 40.54 40.5 40.46 40.49 40.55 40.57 40.55 40.55 40.56 40.56 40.56 40.49 40.4 40.34 40.33 40.4 40.44 40.44 40.44 40.47 40.49 40.39 40.31 40.42 40.5 40.47 40.36 40.25 40.13 39.97 39.88 39.85 39.81 39.69 39.54 39.44 39.46 39.48 39.42 39.36 39.26 39.12 39.08 39.07 39.04 38.97 38.91 38.83 38.6
40.48 40.51 40.48 40.51 40.55 40.51 40.48 40.48 40.5 40.56 40.6 40.6 40.57 40.56 40.68 40.67 40.57 40.49 40.47 40.45 40.37 40.36 1.70141e38 40.46 40.44 40.38 40.25 40.29 40.53 40.59 40.54 40.48 40.47 40.49 40.56 40.61 40.57 40.54 40.54 40.56 40.56 40.52 40.42 40.32 40.35 40.4 40.42 40.44 40.46 40.5 40.44 40.32 40.36 40.45 40.49 40.41 40.3 40.18 40.02 39.94 39.91 39.83 39.69 39.57 39.5 39.49 39.51 39.46 39.39 39.31 39.16 39.06 39.05 39.02 38.95 38.91 38.85 38.63
40.48 40.48 40.52 40.52 40.54 40.55 40.44 40.45 40.52 40.6 40.66 40.64 40.62 40.6 40.66 40.66 40.61 40.52 40.54 40.5 40.42 40.35 1.70141e38 40.42 40.45 40.45 40.31 40.28 40.51 40.61 40.59 40.53 40.5 40.54 40.61 40.65 40.59 40.54 40.52 40.54 40.59 40.59 40.47 40.31 40.3 40.38 40.43 40.45 40.47 40.5 40.47 40.34 40.26 40.35 40.49 40.47 40.39 40.29 40.12 40 39.92 39.84 39.72 39.63 39.59 39.57 39.53 39.48 39.43 39.36 39.18 39.03 39.02 39.03 38.95 38.89 38.81 38.57
40.5 40.46 40.51 40.52 40.55 40.59 40.43 40.45 40.52 40.56 40.58 40.57 40.64 40.63 40.61 40.63 40.59 40.53 40.58 40.55 40.45 40.35 1.70141e38 40.39 40.43 40.45 40.34 40.23 40.41 40.6 40.61 40.55 40.54 40.58 40.62 40.65 40.59 40.52 40.5 40.51 40.56 40.6 40.51 40.36 40.3 40.35 40.42 40.46 40.47 40.47 40.46 40.34 40.2 40.28 40.45 40.49 40.46 40.39 40.24 40.07 39.96 39.91 39.79 39.68 39.65 39.62 39.56 39.51 39.46 39.36 39.19 39.05 39.02 39 38.92 38.83 38.71 38.47
40.52 40.47 40.48 40.52 40.58 40.6 40.48 40.46 40.51 40.55 40.54 40.53 40.6 40.58 40.57 40.62 40.59 40.53 40.55 40.52 40.48 40.45 1.70141e38 40.39 40.41 40.44 40.36 40.25 40.4 40.61 40.62 40.56 40.55 40.56 40.58 40.62 40.59 40.53 40.5 40.5 40.53 40.57 40.57 40.46 40.34 40.33 40.39 40.45 40.46 40.47 40.47 40.4 40.3 40.29 40.37 40.46 40.47 40.44 40.3 40.1 39.99 39.95 39.86 39.77 39.71 39.64 39.58 39.53 39.46 39.37 39.25 39.11 39.04 38.98 38.9 38.83 38.69 38.43
40.56 40.54 40.49 40.51 40.57 40.57 40.54 40.47 40.48 40.56 40.56 40.51 40.52 40.55 40.56 40.59 40.6 40.58 40.59 40.62 40.58 40.48 1.70141e38 40.39 40.41 40.45 40.4 40.31 40.38 40.53 40.58 40.58 40.55 40.52 40.55 40.6 40.59 40.56 40.53 40.5 40.51 40.55 40.63 40.56 40.41 40.34 40.38 40.46 40.46 40.47 40.49 40.45 40.38 40.27 40.28 40.45 40.5 40.46 40.34 40.18 40.07 39.98 39.88 39.83 39.76 39.64 39.57 39.53 39.48 39.4 39.26 39.14 39.06 38.99 38.91 38.81 38.66 38.4
40.59 40.58 40.51 40.49 40.48 40.52 40.53 40.49 40.52 40.59 40.55 40.53 40.51 40.56 40.59 40.63 40.66 40.65 40.61 40.58 40.57 40.51 1.70141e38 40.4 40.43 40.48 40.46 40.38 40.33 40.35 40.44 40.54 40.56 40.53 40.53 40.56 40.58 40.59 40.56 40.51 40.51 40.55 40.63 40.58 40.46 40.36 40.35 40.45 40.46 40.46 40.48 40.43 40.33 40.21 40.26 40.48 40.54 40.49 40.37 40.24 40.15 40.01 39.9 39.85 39.76 39.64 39.57 39.53 39.49 39.43 39.31 39.18 39.09 39 38.92 38.81 38.67 38.41
40.61 40.62 40.53 40.49 40.46 40.48 40.55 40.51 40.5 40.52 40.52 40.54 40.53 40.57 40.61 40.67 40.66 40.62 40.55 40.52 40.57 40.57 1.70141e38 40.45 40.47 40.51 40.48 40.39 40.29 40.24 40.33 40.49 40.57 40.55 40.52 40.54 40.57 40.59 40.57 40.53 40.52 40.54 40.58 40.56 40.5 40.39 40.33 40.43 40.47 40.45 40.45 40.4 40.32 40.26 40.3 40.42 40.46 40.43 40.35 40.29 40.2 40.05 39.92 39.85 39.76 39.63 39.55 39.49 39.45 39.42 39.33 39.21 39.13 39.02 38.9 38.8 38.67 38.44
40.57 40.58 40.61 40.56 40.52 40.54 40.55 40.52 40.47 40.43 40.45 40.5 40.43 40.51 40.56 40.59 40.53 40.53 40.52 40.54 40.63 1.70141e38 1.70141e38 40.48 40.47 40.5 40.46 40.36 40.29 40.25 40.33 40.47 40.53 40.52 40.52 40.54 40.57 40.57 40.55 40.55 40.53 40.52 40.55 40.58 40.56 40.43 40.31 40.39 40.46 40.46 40.44 40.41 40.38 40.31 40.26 40.34 40.43 40.44 40.34 40.31 40.24 40.1 39.96 39.86 39.76 39.64 39.55 39.48 39.43 39.38 39.31 39.22 39.15 39.01 38.88 38.81 38.71 38.51
40.55 40.57 40.6 40.56 40.55 40.59 40.6 40.55 40.51 40.42 40.42 40.42 40.39 40.54 40.6 40.63 40.51 40.47 40.5 40.59 40.71 1.70141e38 1.70141e38 40.49 40.45 40.47 40.45 40.38 40.33 40.29 40.32 40.43 40.49 40.5 40.52 40.54 40.54 40.56 40.59 40.62 40.61 40.59 40.57 40.55 40.55 40.44 40.31 40.38 40.47 40.47 40.44 40.43 40.42 40.32 40.23 40.28 40.41 40.43 40.34 40.31 40.24 40.09 39.95 39.86 39.78 39.67 39.58 39.53 39.45 39.35 39.3 39.24 39.16 39.01 38.91 38.87 38.79 38.6
40.6 40.56 40.56 40.53 40.58 40.6 40.61 40.61 40.58 40.51 40.49 40.48 40.45 40.54 40.63 40.68 40.53 40.44 40.49 40.57 40.7 1.70141e38 1.70141e38 40.52 40.45 40.46 40.47 40.42 40.37 40.3 40.28 40.41 40.52 40.53 40.51 40.5 40.49 40.54 40.59 40.59 40.6 40.6 40.57 40.51 40.51 40.47 40.38 40.34 40.4 40.44 40.43 40.43 40.43 40.38 40.27 40.23 40.33 40.4 40.33 40.29 40.21 40.09 39.95 39.86 39.81 39.73 39.64 39.59 39.5 39.37 39.31 39.27 39.18 39.05 38.98 38.93 38.85 38.7
40.59 40.56 40.56 40.54 40.51 40.58 40.6 40.66 40.66 40.52 40.51 40.56 40.55 40.55 40.59 40.63 40.52 40.46 40.5 40.53 40.6 1.70141e38 1.70141e38 40.55 40.47 40.46 40.48 40.47 40.45 40.39 40.33 40.4 40.49 40.5 40.49 40.48 40.48 40.52 40.55 40.54 40.53 40.56 40.56 40.54 40.55 40.54 40.42 40.29 40.34 40.43 40.43 40.43 40.44 40.44 40.33 40.19 40.25 40.38 40.37 40.29 40.22 40.1 39.97 39.89 39.86 39.8 39.71 39.63 39.53 39.39 39.31 39.27 39.19 39.07 38.99 38.94 38.88 38.77
40.59 40.56 40.58 40.54 40.48 40.54 40.59 40.67 40.65 40.52 40.52 40.59 40.58 40.58 40.58 40.59 40.55 40.51 40.53 40.53 40.54 1.70141e38 1.70141e38 40.59 40.52 40.48 40.46 40.49 40.54 40.51 40.41 40.38 40.43 40.46 40.47 40.5 40.53 40.55 40.54 40.49 40.47 40.49 40.55 40.58 40.62 40.62 40.46 40.3 40.32 40.41 40.44 40.44 40.44 40.46 40.38 40.24 40.22 40.34 40.41 40.35 40.25 40.09 39.97 39.93 39.89 39.81 39.73 39.67 39.55 39.39 39.29 39.25 39.17 39.05 38.96 38.92 38.89 38.8
40.59 40.56 40.56 40.53 40.51 40.52 40.57 40.64 40.61 40.55 40.54 40.58 40.58 40.61 40.59 40.63 40.63 40.61 40.55 40.54 40.58 1.70141e38 1.70141e38 40.55 40.49 40.49 40.5 40.55 40.6 40.55 40.39 40.35 40.42 40.46 40.48 40.51 40.55 40.56 40.55 40.52 40.48 40.48 40.55 40.61 40.66 40.67 40.54 40.38 40.34 40.38 40.43 40.44 40.44 40.46 40.42 40.34 40.24 40.27 40.39 40.36 40.26 40.1 39.97 39.9 39.86 39.76 39.67 39.62 39.52 39.39 39.32 39.27 39.18 39.07 38.99 38.93 38.88 38.81
40.56 40.54 40.52 40.51 40.54 40.54 40.57 40.63 40.63 40.58 40.57 40.59 40.63 40.64 40.61 40.68 40.74 40.69 40.55 40.6 40.69 1.70141e38 1.70141e38 40.56 40.5 40.5 40.51 40.55 40.6 40.56 40.41 40.32 40.38 40.45 40.49 40.5 40.51 40.53 40.55 40.53 40.51 40.52 40.57 40.6 40.65 40.69 40.6 40.46 40.36 40.34 40.43 40.47 40.46 40.47 40.43 40.35 40.23 40.24 40.37 40.35 40.27 40.11 39.97 39.91 39.85 39.75 39.67 39.63 39.52 39.38 39.31 39.27 39.19 39.07 39 38.93 38.88 38.85
40.52 40.51 40.52 40.54 40.59 40.6 40.61 40.66 40.68 40.61 40.57 40.6 40.63 40.6 40.58 40.66 40.72 40.66 40.57 40.56 40.6 1.70141e38 1.70141e38 40.6 40.55 40.52 40.48 40.52 40.58 40.55 40.44 40.34 40.32 40.38 40.47 40.49 40.48 40.48 40.51 40.53 40.55 40.58 40.57 40.55 40.6 40.67 40.61 40.5 40.38 40.32 40.43 40.48 40.47 40.46 40.44 40.41 40.3 40.23 40.32 40.36 40.33 40.18 40.06 39.98 39.88 39.76 39.69 39.63 39.51 39.38 39.3 39.28 39.21 39.11 39.05 38.98 38.92 38.91
40.48 40.48 40.52 40.62 40.67 40.71 40.66 40.64 40.71 40.68 40.6 40.61 40.64 40.62 40.58 40.58 40.63 40.62 40.56 40.52 40.52 1.70141e38 1.70141e38 40.62 40.61 40.56 40.5 40.51 40.55 40.54 40.46 40.36 40.26 40.27 40.41 40.48 40.48 40.47 40.5 40.55 40.58 40.57 40.54 40.53 40.57 40.62 40.6 40.54 40.42 40.33 40.39 40.42 40.44 40.45 40.44 40.43 40.36 40.24 40.23 40.3 40.35 40.24 40.12 40.02 39.86 39.75 39.7 39.64 39.51 39.39 39.31 39.28 39.22 39.15 39.1 39.02 38.96 38.97
40.44 40.45 40.5 40.65 40.67 40.68 40.6 40.62 40.74 40.72 40.61 40.52 40.63 40.62 40.57 40.52 40.59 40.61 40.61 40.61 40.54 1.70141e38 1.70141e38 40.61 40.6 40.56 40.51 40.5 40.52 40.53 40.46 40.38 40.26 40.2 40.33 40.43 40.48 40.49 40.49 40.53 40.54 40.52 40.5 40.49 40.53 40.56 40.56 40.56 40.46 40.33 40.35 40.42 40.45 40.45 40.45 40.45 40.35 40.22 40.2 40.29 40.36 40.28 40.19 40.07 39.89 39.77 39.72 39.65 39.52 39.42 39.37 39.3 39.2 39.14 39.1 39.03 38.97 38.98
40.48 40.49 40.57 40.69 40.64 40.63 40.63 40.62 40.68 40.69 40.63 40.51 40.59 40.59 40.57 40.58 40.61 40.62 40.6 40.59 40.52 1.70141e38 1.70141e38 40.56 40.56 40.55 40.52 40.5 40.5 40.52 40.48 40.42 40.32 40.22 40.27 40.37 40.43 40.46 40.45 40.45 40.47 40.46 40.44 40.45 40.5 40.59 40.64 40.67 40.6 40.42 40.3 40.37 40.45 40.45 40.45 40.44 40.38 40.26 40.2 40.27 40.36 40.3 40.24 40.11 39.92 39.79 39.72 39.66 39.57 39.48 39.42 39.34 39.21 39.13 39.09 39.04 38.97 38.94
40.58 40.57 40.62 40.73 40.62 40.61 40.63 40.6 40.61 40.61 40.59 40.57 40.59 40.61 40.56 40.6 40.57 40.61 40.61 40.57 40.47 1.70141e38 1.70141e38 40.54 40.55 40.56 40.55 40.51 40.52 40.54 40.5 40.45 40.37 40.24 40.25 40.35 40.4 40.42 40.4 40.4 40.41 40.42 40.44 40.47 40.51 40.59 40.65 40.7 40.68 40.5 40.33 40.35 40.43 40.44 40.44 40.43 40.4 40.27 40.13 40.21 40.33 40.3 40.24 40.14 39.97 39.81 39.71 39.68 39.62 39.54 39.47 39.37 39.24 39.18 39.14 39.05 38.96 38.93
