slabs/54.grd
DSAA
631 301
645150 645780
4946900 4947200
34 42.2
[rows 238 to 271 of 301, columns 546 to 623 of 631]
40 39.95 39.91 39.83 39.77 39.73 39.71 39.7 39.76 39.83 39.89 40 40.07 40.1 40.04 39.93 39.87 39.85 39.85 39.86 39.82 39.81 39.81 39.74 39.71 39.72 39.7 39.5 39.27 39.23 39.17 39.01 38.71 38.5 38.37 38.07 37.85 37.62 37.29 37.15 37.01 36.77 36.56 36.4 36.23 35.95 35.79 35.69 35.6 35.39 35.17 35.03 34.89 34.66 34.51 34.44 34.45 34.51 34.54 34.5 34.46 34.43 34.39 34.35 34.34 34.41 34.47 34.51 34.58 34.65 34.7 34.72 34.78 34.82 34.83 34.84 34.86 34.89
39.9 39.85 39.8 39.72 39.64 39.6 39.59 39.59 39.66 39.73 39.83 39.93 39.96 39.98 39.96 39.89 39.86 39.84 39.84 39.83 39.79 39.74 39.65 39.56 39.5 39.5 39.46 39.19 38.85 38.72 38.57 38.39 38.09 37.89 37.74 37.43 37.21 37 36.81 36.73 36.62 36.39 36.16 36.01 35.85 35.56 35.35 35.26 35.21 35.05 34.84 34.7 34.64 34.56 34.5 34.46 34.43 34.43 34.48 34.48 34.43 34.38 34.35 34.33 34.34 34.42 34.47 34.51 34.58 34.65 34.7 34.73 34.79 34.83 34.85 34.86 34.88 34.9
39.79 39.74 39.69 39.61 39.53 39.48 39.46 39.49 39.56 39.65 39.78 39.87 39.88 39.89 39.89 39.86 39.85 39.82 39.77 39.71 39.66 39.58 39.41 39.26 39.14 39.1 39 38.71 38.39 38.2 37.98 37.85 37.7 37.55 37.27 37.01 36.88 36.68 36.53 36.44 36.34 36.08 35.79 35.61 35.49 35.23 34.99 34.86 34.84 34.78 34.65 34.57 34.53 34.5 34.48 34.46 34.42 34.38 34.39 34.4 34.39 34.34 34.3 34.3 34.34 34.41 34.46 34.5 34.58 34.65 34.7 34.74 34.8 34.85 34.87 34.88 34.89 34.91
39.72 39.66 39.61 39.52 39.44 39.39 39.38 39.42 39.5 39.59 39.74 39.82 39.83 39.82 39.81 39.8 39.78 39.71 39.58 39.44 39.35 39.26 39.09 38.89 38.71 38.62 38.43 38.19 38.01 37.83 37.56 37.46 37.38 37.15 36.84 36.62 36.56 36.49 36.41 36.33 36.18 35.83 35.49 35.3 35.19 34.98 34.76 34.64 34.65 34.67 34.62 34.57 34.53 34.48 34.45 34.43 34.4 34.36 34.33 34.34 34.34 34.3 34.25 34.27 34.34 34.41 34.46 34.5 34.58 34.65 34.7 34.74 34.81 34.86 34.89 34.89 34.91 34.92
39.69 39.64 39.58 39.49 39.42 39.38 39.38 39.43 39.49 39.57 39.7 39.77 39.77 39.75 39.7 39.64 39.56 39.49 39.32 39.12 38.98 38.9 38.75 38.54 38.37 38.23 37.95 37.73 37.59 37.39 37.13 36.99 36.91 36.74 36.51 36.35 36.3 36.23 36.17 36.11 35.94 35.56 35.22 35.03 34.95 34.78 34.64 34.61 34.63 34.65 34.64 34.61 34.54 34.48 34.44 34.42 34.38 34.34 34.32 34.31 34.29 34.27 34.24 34.26 34.34 34.41 34.46 34.5 34.58 34.65 34.71 34.75 34.82 34.87 34.89 34.91 34.92 34.93
39.69 39.64 39.56 39.46 39.4 39.39 39.41 39.47 39.52 39.58 39.67 39.69 39.66 39.62 39.52 39.37 39.26 39.21 39.05 38.84 38.71 38.63 38.43 38.23 38.06 37.81 37.48 37.27 37.13 36.91 36.74 36.64 36.57 36.41 36.21 36.09 36.02 35.9 35.77 35.67 35.51 35.2 34.93 34.78 34.74 34.65 34.61 34.63 34.64 34.66 34.66 34.63 34.56 34.5 34.46 34.43 34.38 34.34 34.32 34.3 34.26 34.26 34.26 34.29 34.35 34.42 34.47 34.51 34.58 34.65 34.7 34.75 34.82 34.87 34.89 34.92 34.93 34.94
39.69 39.63 39.51 39.35 39.24 39.24 39.27 39.34 39.4 39.45 39.51 39.5 39.45 39.38 39.22 39.05 38.95 38.88 38.69 38.51 38.4 38.29 38.1 37.92 37.72 37.36 37.03 36.86 36.74 36.57 36.48 36.43 36.34 36.12 35.9 35.78 35.7 35.52 35.3 35.15 35.02 34.82 34.68 34.62 34.63 34.62 34.61 34.63 34.64 34.65 34.66 34.64 34.58 34.52 34.49 34.46 34.41 34.36 34.33 34.3 34.28 34.31 34.36 34.39 34.44 34.5 34.53 34.54 34.6 34.64 34.68 34.75 34.82 34.87 34.9 34.93 34.95 34.95
39.62 39.55 39.38 39.17 39.02 38.97 38.94 39 39.06 39.11 39.18 39.17 39.12 39.04 38.86 38.68 38.56 38.47 38.27 38.12 38.01 37.87 37.7 37.51 37.33 36.98 36.7 36.6 36.53 36.4 36.29 36.23 36.09 35.79 35.55 35.42 35.32 35.11 34.86 34.68 34.6 34.52 34.52 34.54 34.59 34.62 34.62 34.63 34.63 34.64 34.65 34.64 34.6 34.55 34.51 34.48 34.43 34.37 34.34 34.33 34.36 34.45 34.52 34.55 34.62 34.66 34.68 34.7 34.71 34.73 34.76 34.81 34.86 34.9 34.92 34.98 35.04 35.08
39.47 39.4 39.21 39.01 38.88 38.79 38.68 38.67 38.72 38.76 38.83 38.79 38.68 38.65 38.55 38.39 38.24 38.09 37.9 37.76 37.63 37.42 37.23 37.07 36.93 36.67 36.48 36.37 36.32 36.19 36.01 35.91 35.73 35.4 35.17 35.04 34.94 34.77 34.62 34.5 34.43 34.4 34.44 34.47 34.52 34.56 34.59 34.61 34.62 34.63 34.64 34.64 34.61 34.56 34.52 34.49 34.44 34.39 34.36 34.39 34.48 34.57 34.62 34.66 34.76 34.81 34.85 34.91 34.95 34.97 34.97 34.99 35 35.01 35.04 35.15 35.36 35.51
39.26 39.23 39.07 38.86 38.74 38.65 38.48 38.38 38.38 38.42 38.48 38.44 38.32 38.28 38.25 38.18 38.03 37.76 37.55 37.43 37.28 37.02 36.81 36.69 36.58 36.4 36.21 36.06 35.98 35.8 35.56 35.42 35.25 34.98 34.81 34.72 34.67 34.61 34.58 34.55 34.51 34.45 34.45 34.45 34.45 34.46 34.52 34.56 34.61 34.63 34.63 34.64 34.62 34.57 34.53 34.51 34.46 34.44 34.45 34.5 34.59 34.64 34.65 34.7 34.82 34.89 34.95 35.05 35.13 35.17 35.2 35.23 35.24 35.25 35.29 35.48 35.84 36.07
38.98 38.99 38.91 38.72 38.6 38.51 38.33 38.17 38.09 38.09 38.09 38.05 37.97 37.91 37.91 37.89 37.76 37.44 37.2 37.09 36.96 36.72 36.53 36.43 36.31 36.08 35.83 35.61 35.46 35.25 35.02 34.87 34.7 34.56 34.58 34.56 34.57 34.58 34.59 34.59 34.58 34.55 34.52 34.49 34.41 34.38 34.43 34.48 34.56 34.61 34.62 34.63 34.62 34.59 34.55 34.53 34.49 34.51 34.56 34.61 34.67 34.71 34.69 34.71 34.84 34.92 34.98 35.1 35.21 35.28 35.33 35.41 35.49 35.55 35.6 35.8 36.18 36.45
38.68 38.69 38.67 38.54 38.43 38.33 38.15 37.98 37.87 37.8 37.7 37.6 37.55 37.51 37.5 37.49 37.37 37.07 36.83 36.73 36.65 36.44 36.18 35.99 35.86 35.57 35.31 35.03 34.8 34.67 34.52 34.4 34.28 34.31 34.46 34.49 34.51 34.52 34.52 34.51 34.53 34.56 34.56 34.5 34.39 34.32 34.32 34.37 34.47 34.55 34.59 34.61 34.62 34.6 34.58 34.55 34.55 34.6 34.64 34.69 34.74 34.77 34.73 34.73 34.86 34.94 35 35.12 35.24 35.31 35.37 35.46 35.62 35.81 35.9 36.12 36.49 36.82
38.36 38.36 38.35 38.3 38.2 38.08 37.89 37.74 37.65 37.55 37.42 37.29 37.2 37.08 37.04 37.04 36.93 36.61 36.38 36.31 36.23 36 35.6 35.25 35.11 34.86 34.66 34.47 34.32 34.28 34.22 34.16 34.15 34.27 34.37 34.4 34.41 34.36 34.33 34.34 34.4 34.54 34.59 34.51 34.37 34.28 34.25 34.28 34.35 34.43 34.48 34.54 34.6 34.62 34.61 34.59 34.63 34.68 34.71 34.76 34.81 34.82 34.77 34.75 34.87 34.96 35.03 35.14 35.26 35.35 35.38 35.42 35.59 35.89 36.14 36.56 36.96 37.33
38.02 38.01 38.01 38.03 37.97 37.8 37.6 37.48 37.4 37.29 37.17 37.04 36.87 36.62 36.54 36.55 36.41 36.04 35.74 35.65 35.53 35.25 34.93 34.71 34.6 34.38 34.22 34.19 34.21 34.21 34.19 34.18 34.23 34.34 34.39 34.39 34.33 34.2 34.14 34.18 34.32 34.5 34.56 34.5 34.38 34.3 34.28 34.26 34.25 34.28 34.32 34.41 34.52 34.6 34.62 34.65 34.71 34.75 34.78 34.84 34.86 34.85 34.8 34.78 34.88 34.98 35.05 35.17 35.34 35.46 35.41 35.36 35.51 35.85 36.4 37.09 37.5 37.84
37.67 37.66 37.67 37.73 37.69 37.52 37.36 37.23 37.11 36.98 36.85 36.71 36.47 36.09 35.95 35.9 35.75 35.39 35.08 34.95 34.84 34.65 34.57 34.62 34.59 34.44 34.3 34.27 34.27 34.27 34.29 34.3 34.38 34.46 34.47 34.46 34.35 34.16 34.07 34.12 34.29 34.48 34.52 34.47 34.38 34.33 34.32 34.29 34.25 34.22 34.22 34.27 34.4 34.53 34.6 34.7 34.78 34.82 34.86 34.92 34.93 34.9 34.85 34.81 34.9 35 35.08 35.25 35.52 35.74 35.66 35.56 35.67 36.03 36.81 37.62 38.08 38.39
37.33 37.33 37.34 37.36 37.33 37.22 37.1 36.91 36.7 36.57 36.42 36.29 36.05 35.66 35.43 35.27 35.12 34.87 34.71 34.63 34.6 34.57 34.58 34.6 34.61 34.57 34.49 34.45 34.41 34.4 34.43 34.44 34.47 34.52 34.53 34.5 34.39 34.2 34.1 34.12 34.28 34.46 34.49 34.45 34.38 34.35 34.35 34.34 34.29 34.26 34.24 34.25 34.36 34.47 34.56 34.71 34.82 34.88 34.93 35 35 34.95 34.9 34.87 34.97 35.09 35.22 35.48 35.78 36.04 36.11 36.09 36.17 36.48 37.29 38.18 38.68 38.88
37 37.03 36.98 36.86 36.81 36.74 36.64 36.48 36.32 36.22 36.06 35.91 35.7 35.35 35.04 34.84 34.71 34.59 34.59 34.57 34.57 34.58 34.59 34.6 34.62 34.6 34.55 34.5 34.44 34.44 34.48 34.48 34.47 34.51 34.56 34.52 34.4 34.27 34.2 34.19 34.29 34.43 34.46 34.45 34.39 34.38 34.39 34.39 34.38 34.38 34.39 34.4 34.4 34.41 34.49 34.67 34.83 34.9 34.95 35.04 35.04 34.98 34.94 34.96 35.09 35.29 35.59 35.91 36.14 36.34 36.57 36.66 36.77 37.05 37.89 38.79 39.18 39.29
36.62 36.63 36.52 36.37 36.33 36.27 36.16 36.11 36.08 35.98 35.76 35.56 35.36 34.98 34.7 34.57 34.5 34.51 34.6 34.59 34.57 34.59 34.59 34.6 34.63 34.62 34.59 34.51 34.41 34.39 34.41 34.42 34.45 34.51 34.54 34.52 34.46 34.39 34.34 34.31 34.33 34.41 34.43 34.45 34.43 34.42 34.43 34.46 34.49 34.51 34.53 34.53 34.48 34.43 34.47 34.63 34.78 34.83 34.88 34.98 35.02 35.01 35.04 35.19 35.36 35.67 36.2 36.53 36.71 36.85 37.09 37.26 37.4 37.77 38.7 39.45 39.62 39.66
36.27 36.2 36.1 36.05 36.06 36.02 35.92 35.85 35.79 35.61 35.32 35.11 34.93 34.67 34.57 34.55 34.5 34.51 34.59 34.58 34.57 34.59 34.6 34.61 34.63 34.64 34.62 34.54 34.4 34.35 34.35 34.37 34.43 34.51 34.52 34.52 34.52 34.51 34.49 34.43 34.4 34.42 34.43 34.46 34.51 34.52 34.52 34.54 34.57 34.58 34.56 34.54 34.57 34.6 34.61 34.65 34.68 34.68 34.78 34.96 35.05 35.14 35.37 35.67 35.93 36.26 36.91 37.33 37.44 37.53 37.7 37.86 38.03 38.54 39.49 39.97 40.01 40
36.05 35.95 35.84 35.77 35.78 35.74 35.6 35.48 35.38 35.13 34.86 34.72 34.61 34.49 34.5 34.52 34.52 34.52 34.57 34.57 34.57 34.59 34.6 34.62 34.63 34.65 34.65 34.58 34.48 34.43 34.42 34.41 34.44 34.51 34.5 34.49 34.51 34.51 34.53 34.53 34.48 34.46 34.42 34.42 34.53 34.57 34.57 34.58 34.57 34.52 34.48 34.48 34.62 34.74 34.74 34.69 34.59 34.59 34.8 35.13 35.27 35.47 35.86 36.22 36.51 36.83 37.49 38.01 38.19 38.25 38.32 38.44 38.65 39.16 39.95 40.2 40.19 40.18
35.88 35.75 35.6 35.49 35.44 35.31 35.15 35.05 34.93 34.75 34.61 34.57 34.53 34.48 34.46 34.49 34.53 34.53 34.56 34.57 34.57 34.59 34.6 34.62 34.63 34.65 34.66 34.63 34.57 34.54 34.54 34.51 34.49 34.48 34.44 34.41 34.44 34.46 34.52 34.6 34.55 34.46 34.38 34.35 34.48 34.55 34.57 34.59 34.53 34.43 34.37 34.41 34.61 34.7 34.69 34.64 34.57 34.61 34.88 35.36 35.63 35.88 36.33 36.75 37.06 37.34 37.93 38.5 38.79 38.85 38.92 39.06 39.25 39.61 40.12 40.25 40.23 40.22
35.66 35.48 35.29 35.18 35.07 34.9 34.79 34.73 34.65 34.57 34.53 34.52 34.53 34.51 34.49 34.5 34.51 34.52 34.55 34.56 34.58 34.59 34.6 34.6 34.61 34.61 34.61 34.61 34.59 34.57 34.57 34.57 34.52 34.46 34.42 34.4 34.46 34.5 34.55 34.6 34.56 34.48 34.43 34.4 34.5 34.58 34.59 34.56 34.48 34.39 34.36 34.45 34.65 34.67 34.61 34.59 34.59 34.65 34.91 35.48 35.89 36.21 36.83 37.4 37.75 37.98 38.43 38.96 39.32 39.39 39.48 39.63 39.78 39.95 40.16 40.21 40.23 40.22
35.32 35.09 34.93 34.87 34.78 34.67 34.6 34.58 34.55 34.52 34.51 34.51 34.52 34.53 34.53 34.52 34.52 34.53 34.54 34.55 34.56 34.57 34.56 34.53 34.52 34.51 34.52 34.54 34.54 34.53 34.54 34.54 34.52 34.49 34.48 34.48 34.49 34.48 34.49 34.5 34.51 34.52 34.49 34.44 34.47 34.56 34.56 34.53 34.46 34.4 34.37 34.51 34.71 34.7 34.58 34.55 34.6 34.66 34.92 35.52 36.06 36.47 37.28 38.05 38.47 38.7 39.06 39.45 39.78 39.84 39.91 40.02 40.15 40.2 40.19 40.19 40.2 40.16
34.96 34.77 34.68 34.67 34.64 34.56 34.49 34.49 34.51 34.5 34.49 34.5 34.51 34.52 34.53 34.54 34.53 34.54 34.54 34.52 34.5 34.49 34.46 34.43 34.41 34.41 34.43 34.45 34.44 34.44 34.46 34.49 34.51 34.53 34.53 34.49 34.39 34.3 34.28 34.31 34.44 34.53 34.49 34.35 34.32 34.42 34.46 34.51 34.52 34.49 34.47 34.6 34.77 34.75 34.64 34.62 34.66 34.75 35.06 35.69 36.24 36.72 37.68 38.64 39.21 39.43 39.6 39.72 39.97 40.1 40.17 40.19 40.27 40.28 40.21 40.19 40.15 40.05
34.7 34.62 34.62 34.62 34.59 34.49 34.41 34.43 34.47 34.49 34.48 34.48 34.49 34.51 34.52 34.53 34.54 34.54 34.54 34.5 34.45 34.4 34.37 34.35 34.34 34.34 34.34 34.3 34.28 34.31 34.36 34.44 34.49 34.51 34.51 34.46 34.33 34.21 34.17 34.23 34.46 34.59 34.46 34.2 34.12 34.2 34.32 34.47 34.56 34.57 34.61 34.74 34.86 34.87 34.86 34.9 35.01 35.22 35.62 36.24 36.7 37.18 38.24 39.35 39.98 40.05 39.84 39.6 39.78 40.14 40.3 40.27 40.28 40.28 40.21 40.16 40.1 39.99
34.56 34.6 34.62 34.62 34.56 34.43 34.37 34.38 34.43 34.46 34.46 34.46 34.47 34.48 34.5 34.51 34.53 34.54 34.54 34.52 34.45 34.4 34.36 34.3 34.26 34.25 34.22 34.16 34.19 34.27 34.35 34.46 34.51 34.52 34.51 34.49 34.4 34.3 34.3 34.41 34.63 34.69 34.44 34.11 34.02 34.07 34.22 34.45 34.62 34.67 34.76 34.9 35 35.1 35.28 35.44 35.73 36.15 36.62 37.19 37.58 38.01 38.98 39.9 40.38 40.36 39.89 39.47 39.64 40.13 40.34 40.36 40.35 40.28 40.19 40.1 40.04 39.95
34.51 34.59 34.6 34.56 34.49 34.4 34.36 34.36 34.38 34.42 34.44 34.44 34.45 34.47 34.49 34.5 34.52 34.53 34.54 34.53 34.48 34.44 34.39 34.31 34.24 34.19 34.16 34.14 34.21 34.31 34.39 34.49 34.54 34.54 34.53 34.53 34.48 34.44 34.51 34.65 34.8 34.75 34.47 34.23 34.15 34.16 34.27 34.52 34.73 34.81 34.95 35.13 35.29 35.53 35.97 36.24 36.53 36.97 37.49 38.06 38.44 38.83 39.63 40.22 40.43 40.4 39.98 39.66 39.79 40.15 40.34 40.39 40.34 40.21 40.08 40.01 39.98 39.93
34.52 34.56 34.54 34.49 34.41 34.38 34.36 34.36 34.37 34.39 34.41 34.42 34.45 34.46 34.48 34.51 34.53 34.53 34.53 34.52 34.5 34.48 34.45 34.4 34.31 34.2 34.17 34.17 34.29 34.39 34.45 34.52 34.56 34.54 34.51 34.49 34.49 34.56 34.74 34.86 34.91 34.83 34.67 34.56 34.49 34.45 34.49 34.69 34.88 34.99 35.24 35.53 35.75 36.06 36.62 36.99 37.15 37.4 37.99 38.53 38.89 39.38 40.11 40.59 40.63 40.45 40.14 39.92 39.93 40.11 40.31 40.32 40.24 40.08 40 39.97 39.95 39.91
34.55 34.52 34.48 34.45 34.41 34.39 34.37 34.37 34.37 34.39 34.4 34.41 34.45 34.47 34.49 34.52 34.52 34.52 34.51 34.5 34.5 34.5 34.5 34.51 34.4 34.24 34.19 34.22 34.37 34.49 34.5 34.52 34.55 34.56 34.51 34.44 34.46 34.67 35.03 35.16 35.16 35.11 35.1 35.09 35.01 34.95 34.89 34.93 35 35.2 35.62 36.03 36.32 36.55 37.11 37.65 37.86 38.01 38.44 38.9 39.25 39.88 40.44 40.71 40.69 40.52 40.28 40.12 40.07 40.13 40.28 40.28 40.19 40.03 39.98 39.97 39.94 39.88
34.58 34.52 34.46 34.44 34.41 34.4 34.38 34.37 34.38 34.38 34.39 34.41 34.46 34.5 34.52 34.52 34.49 34.49 34.51 34.5 34.49 34.48 34.51 34.56 34.46 34.3 34.25 34.27 34.44 34.55 34.53 34.5 34.54 34.59 34.59 34.61 34.68 34.98 35.52 35.73 35.75 35.71 35.69 35.66 35.58 35.51 35.39 35.31 35.3 35.54 36.03 36.58 37.03 37.28 37.96 38.68 38.86 38.82 38.97 39.31 39.66 40.25 40.6 40.69 40.68 40.6 40.45 40.34 40.26 40.21 40.27 40.27 40.17 40.02 39.98 39.97 39.94 39.89
34.59 34.54 34.49 34.44 34.4 34.39 34.39 34.38 34.38 34.38 34.38 34.39 34.46 34.53 34.55 34.54 34.49 34.48 34.5 34.49 34.43 34.41 34.46 34.54 34.49 34.37 34.3 34.35 34.51 34.59 34.59 34.56 34.61 34.68 34.82 35.09 35.31 35.59 36.11 36.38 36.43 36.36 36.24 36.12 36.03 36 35.94 36 36.16 36.38 36.8 37.26 37.8 38.41 39.21 39.8 39.86 39.69 39.64 39.75 40.03 40.46 40.62 40.63 40.65 40.65 40.58 40.5 40.37 40.21 40.2 40.18 40.09 39.98 39.95 39.95 39.95 39.92
34.6 34.57 34.51 34.42 34.35 34.34 34.36 34.37 34.37 34.36 34.35 34.33 34.35 34.41 34.46 34.52 34.54 34.54 34.54 34.49 34.39 34.35 34.41 34.5 34.51 34.42 34.38 34.53 34.73 34.78 34.78 34.76 34.78 34.85 35.13 35.61 35.95 36.19 36.62 36.87 36.88 36.83 36.76 36.7 36.66 36.66 36.7 36.84 37.14 37.61 38.02 38.05 38.53 39.58 40.28 40.55 40.53 40.36 40.2 40.14 40.28 40.51 40.57 40.57 40.59 40.62 40.56 40.46 40.3 40.07 40 39.99 39.96 39.92 39.92 39.94 39.97 39.96
34.59 34.58 34.52 34.4 34.3 34.26 34.27 34.3 34.32 34.33 34.33 34.26 34.16 34.15 34.25 34.43 34.58 34.63 34.61 34.54 34.44 34.38 34.39 34.46 34.49 34.47 34.51 34.75 34.97 35.04 35.05 34.98 34.94 35.07 35.46 35.99 36.35 36.64 37.13 37.41 37.47 37.46 37.47 37.49 37.5 37.52 37.56 37.61 37.93 38.77 39.24 39 39.42 40.44 40.84 40.85 40.78 40.57 40.36 40.28 40.34 40.44 40.46 40.46 40.48 40.5 40.42 40.28 40.12 39.86 39.72 39.72 39.8 39.88 39.9 39.93 39.96 39.97
34.58 34.57 34.51 34.39 34.29 34.22 34.22 34.22 34.27 34.33 34.34 34.24 34.11 34.13 34.21 34.38 34.57 34.64 34.62 34.59 34.53 34.48 34.47 34.48 34.49 34.51 34.68 34.95 35.12 35.22 35.25 35.16 35.15 35.39 35.95 36.5 36.87 37.16 37.67 38.01 38.12 38.18 38.29 38.34 38.36 38.39 38.43 38.45 38.81 39.79 40.26 39.92 40.19 40.82 40.91 40.82 40.72 40.49 40.27 40.23 40.26 40.3 40.3 40.3 40.31 40.33 40.26 40.12 40 39.78 39.59 39.56 39.7 39.88 39.9 39.92 39.95 39.95
