slabs/54.grd
DSAA
631 301
645150 645780
4946900 4947200
34 42.2
[rows 68 to 101 of 301, columns 0 to 77 of 631]
39.04 39.08 39.07 39.08 39.09 39.09 39.12 39.11 39.08 39.1 39.07 38.99 38.96 38.94 38.95 39.01 39.06 39.04 1.70141e38 39.14 39.1 39.08 39.07 39.06 39.08 39.11 39.15 39.21 39.19 39.13 39.12 39.07 39.01 38.94 38.86 38.87 38.91 38.93 38.98 39.03 39.07 39.1 39.11 39.1 39.1 39.11 39.09 39.03 39.01 39 39 38.99 38.99 39 39 38.99 39.02 39.03 38.96 38.91 38.89 38.92 39.02 39.07 39.09 39.07 39.02 38.99 38.96 38.95 38.96 38.96 38.95 38.93 38.92 38.94 38.96 39.03
39.02 39.06 39.04 39.07 39.13 39.09 39.09 39.12 39.07 39.05 39.03 38.93 38.83 38.83 38.84 38.89 38.96 39.02 1.70141e38 39.09 39.04 39 39.01 39.02 39.02 39.04 39.08 39.16 39.18 39.16 39.13 39.09 39.07 39.01 38.95 38.96 38.95 38.97 39.02 39.04 39.06 39.08 39.1 39.11 39.12 39.13 39.09 39.03 39.01 39 38.97 38.93 38.93 38.96 38.95 38.92 38.96 39 38.93 38.89 38.88 38.93 39.01 39.04 39.03 39.01 39 39 38.98 38.94 38.94 38.97 38.97 38.95 38.95 38.96 38.97 39.04
39.02 39.1 39.1 39.09 39.1 39.11 39.11 39.16 39.1 39.01 39.01 39 38.93 38.85 38.84 38.84 38.92 1.70141e38 1.70141e38 39.05 38.97 38.91 38.92 38.96 38.99 38.99 39.01 39.1 39.16 39.13 39.09 39.09 39.11 39.09 39.06 39.05 39.04 39.05 39.07 39.05 39.05 39.07 39.1 39.12 39.12 39.12 39.09 39.03 39.01 38.99 38.93 38.86 38.88 38.95 38.98 38.98 39.01 39.02 38.95 38.9 38.88 38.9 38.96 38.97 38.96 38.96 38.99 39.01 39 38.95 38.94 39 39.02 39.02 39.01 39 38.99 39.01
39.04 39.2 39.19 39.16 39.1 39.05 39.04 39.11 39.15 39.03 39.04 39.11 39.04 38.94 38.9 38.85 38.92 1.70141e38 1.70141e38 39.06 38.95 38.88 38.91 38.98 39.03 39.02 39.02 39.07 39.13 39.1 39.05 39.08 39.12 39.12 39.11 39.12 39.12 39.1 39.07 39.07 39.12 39.12 39.1 39.07 39.06 39.07 39.05 39.03 39.01 38.99 38.95 38.91 38.96 39.03 39.03 39.03 39.04 39.02 38.96 38.91 38.89 38.9 38.95 38.97 38.96 38.96 38.99 39.01 39 38.95 38.92 38.98 39.05 39.08 39.07 39.04 39 38.98
39.15 39.28 39.25 39.17 39.12 39.09 39.06 39.11 39.14 39.07 39.08 39.11 39.01 38.9 38.9 38.88 38.93 1.70141e38 1.70141e38 39.18 39.13 39.08 39.08 39.1 39.1 39.07 39.03 39.04 39.07 39.06 39.06 39.09 39.12 39.13 39.14 39.14 39.13 39.1 39.07 39.14 39.22 39.19 39.07 38.95 38.95 39.01 39.03 39.02 39.01 39.01 39.01 39.02 39.07 39.08 39.04 39.03 39.02 38.98 38.92 38.9 38.89 38.92 38.98 38.99 38.97 38.98 39.03 39.04 39.01 38.96 38.92 38.96 39.05 39.07 39.05 39.04 39 38.98
39.2 39.2 39.2 39.17 39.14 39.13 39.09 39.13 39.15 39.11 39.11 39.09 39.03 38.96 38.95 38.91 38.95 1.70141e38 1.70141e38 39.27 39.28 39.27 39.27 39.21 39.14 39.07 39 39.01 39.05 39.04 39.04 39.08 39.1 39.12 39.13 39.11 39.09 39.08 39.1 39.17 39.22 39.17 39.01 38.87 38.9 39 39.01 39 39.01 39.03 39.07 39.11 39.11 39.09 39.05 39.03 39 38.93 38.88 38.87 38.9 38.95 38.98 38.97 38.95 38.98 39.05 39.06 39.02 38.97 38.94 38.96 39.02 39.04 39.01 39.01 39 38.98
39.12 39.13 39.14 39.14 39.15 39.16 39.12 39.16 39.17 39.19 39.14 39.04 39.05 38.99 38.96 38.92 38.94 1.70141e38 1.70141e38 39.22 39.14 39.16 39.23 39.21 39.15 39.07 38.98 38.98 39.02 39.02 39.04 39.08 39.1 39.12 39.12 39.09 39.06 39.06 39.1 39.14 39.18 39.15 39.02 38.92 38.93 38.98 39 39 39.03 39.08 39.12 39.14 39.11 39.08 39.05 39.03 39.01 38.97 38.93 38.91 38.93 38.97 38.96 38.94 38.9 38.93 38.99 39.03 39.02 38.98 38.97 38.98 39.01 39.02 39 39 38.99 38.99
39.07 39.09 39.1 39.08 39.12 39.11 39.1 39.13 39.13 39.17 39.1 39.01 39.07 39.01 38.95 38.91 38.94 1.70141e38 1.70141e38 39.13 39.02 39.05 39.15 39.19 39.18 39.08 38.96 38.95 38.97 39.02 39.08 39.11 39.13 39.13 39.11 39.08 39.06 39.07 39.11 39.14 39.16 39.13 39 38.91 38.92 38.96 38.99 39.01 39.04 39.08 39.08 39.07 39.06 39.05 39.02 38.99 39 39.03 39.02 38.99 39 39.01 38.99 38.96 38.91 38.9 38.93 38.99 39.03 39 39 39 39.02 39.04 39.03 39.01 38.96 38.95
39.11 39.13 39.12 39.06 39.06 39.04 39.07 39.06 39.05 39.07 39.04 39.02 39.09 39.05 38.98 38.97 39 1.70141e38 1.70141e38 39.06 38.99 39.03 39.13 39.17 39.15 39.1 39.03 38.98 38.97 39.05 39.13 39.12 39.12 39.12 39.1 39.09 39.08 39.09 39.12 39.14 39.15 39.12 39.01 38.92 38.93 38.97 38.98 38.98 39.01 39.04 39.03 39.02 39.02 39.02 39 38.96 38.99 39.04 39.07 39.05 39.06 39.07 39.05 39.01 38.95 38.92 38.92 38.97 39.02 39.01 39.02 39.03 39.04 39.05 39.04 39.02 38.93 38.93
39.13 39.13 39.14 39.12 39.06 39.06 39.06 39.04 39.03 39.02 39.01 39.04 39.13 39.1 39.06 39.07 39.11 1.70141e38 1.70141e38 39.04 38.97 39 39.09 39.14 39.14 39.11 39.04 39 39 39.07 39.16 39.17 39.15 39.11 39.11 39.13 39.15 39.18 39.17 39.15 39.15 39.12 39.02 38.95 38.96 39 38.99 38.96 38.98 39.01 39.03 39.04 39.04 39.03 39.03 39.01 39.01 39.04 39.07 39.07 39.1 39.11 39.09 39.06 39 38.95 38.92 38.96 39.02 39.02 39.01 39.02 39.04 39.06 39.05 39.03 38.98 38.93
39.1 39.07 39.1 39.17 39.15 39.12 39.07 39.07 39.04 39.03 39.04 39.07 39.15 39.15 39.15 39.16 39.21 1.70141e38 1.70141e38 39.06 39.03 39.02 39.08 39.18 39.21 39.16 39.05 38.99 39 39.08 39.17 39.16 39.14 39.12 39.16 39.25 39.31 39.36 39.32 39.25 39.19 39.1 39.02 38.98 38.99 39.01 39 38.97 38.99 39.04 39.06 39.07 39.07 39.07 39.08 39.07 39.06 39.06 39.08 39.08 39.1 39.11 39.08 39.06 39.03 38.97 38.94 38.96 39.03 39.05 39.01 39.02 39.05 39.07 39.07 39.06 39.03 39
39.07 39.04 39.08 39.14 39.15 39.14 39.11 39.1 39.06 39.04 39.05 39.11 39.17 39.2 39.23 39.26 39.26 1.70141e38 1.70141e38 39.08 39.08 39.08 39.12 39.21 39.27 39.22 39.11 39.04 39.05 39.13 39.17 39.14 39.14 39.17 39.28 39.39 39.47 39.49 39.37 39.26 39.18 39.08 39.04 39.02 39.01 39 38.98 38.99 39.02 39.06 39.09 39.1 39.11 39.12 39.12 39.12 39.09 39.06 39.06 39.07 39.09 39.08 39.04 39.03 39.02 38.98 38.95 38.99 39.06 39.08 39.04 39.03 39.06 39.09 39.08 39.06 39.06 39.05
39.07 39.09 39.14 39.14 39.07 39.1 39.15 39.13 39.07 39.05 39.06 39.15 39.2 39.22 39.28 39.28 39.23 1.70141e38 1.70141e38 39.09 39.09 39.08 39.11 39.18 39.24 39.24 39.18 39.12 39.11 39.13 39.13 39.11 39.15 39.24 39.36 39.47 39.53 39.46 39.22 39.07 39.03 39.03 39.05 39.04 39.02 38.96 38.92 38.97 39.04 39.08 39.11 39.15 39.17 39.15 39.13 39.1 39.07 39.06 39.06 39.07 39.08 39.06 39.04 39.05 39.05 39.01 38.98 38.99 39.03 39.04 39.04 39.04 39.05 39.06 39.06 39.05 39.05 39.06
39.07 39.1 39.16 39.15 39.1 39.07 39.11 39.12 39 38.99 39.02 39.16 39.21 39.21 39.22 39.22 39.18 1.70141e38 1.70141e38 39.05 39.05 39.05 39.08 39.12 39.16 39.17 39.15 39.13 39.12 39.1 39.1 39.1 39.16 39.26 39.36 39.43 39.47 39.38 39.08 38.87 38.89 38.99 39.05 39.05 39 38.91 38.86 38.91 39.03 39.12 39.17 39.2 39.19 39.11 39.07 39.05 39.05 39.06 39.09 39.11 39.11 39.07 39.04 39.08 39.11 39.08 39.04 39.04 39.06 39.08 39.09 39.09 39.06 39.03 39.03 39.03 39.03 39.05
39.12 39.1 39.11 39.13 39.08 39.06 39.09 39.11 39.04 39.02 39.02 39.12 39.13 39.13 39.14 39.14 39.13 1.70141e38 1.70141e38 38.97 38.97 39 39.03 39.07 39.07 39.05 39.06 39.08 39.1 39.1 39.1 39.1 39.14 39.21 39.28 39.33 39.39 39.36 39.11 38.9 38.96 39.05 39.07 39.04 38.97 38.91 38.88 38.93 39.03 39.13 39.2 39.2 39.13 39.05 39.02 39.02 39.03 39.08 39.14 39.16 39.14 39.04 38.97 39.04 39.13 39.15 39.14 39.15 39.17 39.19 39.2 39.19 39.11 39.03 39.04 39.03 39.02 39.04
39.13 39.09 39.08 39.1 39.09 39.07 39.08 39.05 39.06 39.03 39 39.09 39.12 39.16 39.19 39.19 39.18 1.70141e38 1.70141e38 38.88 38.88 38.94 39 39.04 39.04 39.04 39.07 39.1 39.12 39.11 39.06 39.03 39.06 39.12 39.19 39.24 39.31 39.33 39.24 39.18 39.16 39.1 39.07 39.03 38.97 38.93 38.93 38.98 39.06 39.15 39.21 39.19 39.08 39 38.99 39 39.04 39.1 39.16 39.19 39.14 39 38.92 39 39.14 39.2 39.23 39.26 39.27 39.28 39.29 39.26 39.16 39.06 39.06 39.06 39.02 39.01
39.12 39.09 39.05 39.06 39.07 39.06 39.08 39.12 39.1 39.07 39.08 39.14 39.17 39.21 39.26 39.29 39.29 1.70141e38 1.70141e38 38.87 38.88 38.93 38.99 39.04 39.09 39.14 39.17 39.19 39.15 39.08 39 38.96 38.99 39.05 39.11 39.16 39.23 39.32 39.33 39.28 39.19 39.12 39.08 39.05 38.99 38.96 38.98 39.02 39.1 39.16 39.2 39.17 39.07 39.01 38.98 38.99 39.04 39.1 39.16 39.19 39.12 38.99 38.95 39.02 39.14 39.19 39.23 39.29 39.33 39.33 39.33 39.27 39.15 39.07 39.07 39.06 39 39
39.1 39.07 39.08 39.1 39.17 39.18 39.21 39.24 39.18 39.09 39.14 39.14 39.16 39.21 39.26 39.32 39.32 1.70141e38 1.70141e38 38.94 38.94 38.95 38.99 39.05 39.14 39.22 39.19 39.14 39.1 39.02 38.95 38.9 38.92 38.98 39.02 39.06 39.18 39.3 39.32 39.27 39.18 39.11 39.09 39.06 39.01 38.99 39.02 39.07 39.13 39.17 39.2 39.18 39.13 39.06 39.01 39 39.06 39.14 39.18 39.18 39.11 39.04 39.03 39.09 39.14 39.15 39.17 39.27 39.36 39.38 39.34 39.19 39.08 39.09 39.09 39.04 39.02 39.04
39.18 39.15 39.12 39.13 39.27 39.29 39.29 39.24 39.18 39.09 39.15 39.09 39.08 39.11 39.17 39.24 39.26 1.70141e38 1.70141e38 39.04 39.01 38.95 38.96 39.03 39.14 39.2 39.15 39.1 39.05 38.97 38.92 38.87 38.85 38.9 38.93 38.99 39.14 39.26 39.29 39.25 39.17 39.12 39.1 39.08 39.04 39.04 39.07 39.11 39.16 39.19 39.21 39.21 39.18 39.14 39.08 39.05 39.1 39.19 39.21 39.17 39.11 39.08 39.08 39.1 39.12 39.15 39.17 39.24 39.34 39.39 39.29 39.07 39 39.08 39.09 39.05 39.03 39.04
39.26 39.2 39.1 39.12 39.23 39.3 39.27 39.16 39.12 39.09 39.16 39.1 39.07 39.02 39.05 39.12 39.15 1.70141e38 39.17 39.15 39.09 38.96 38.94 39.03 39.13 39.18 39.13 39.09 39.02 38.94 38.88 38.83 38.79 38.81 38.83 38.91 39.09 39.23 39.26 39.23 39.17 39.15 39.14 39.12 39.11 39.12 39.14 39.15 39.17 39.19 39.2 39.21 39.2 39.19 39.16 39.09 39.11 39.19 39.18 39.11 39.06 39.06 39.05 39.03 39.02 39.05 39.12 39.22 39.26 39.28 39.22 39.07 39.02 39.08 39.08 39.04 39.03 38.99
39.25 39.18 39.07 39.05 39.11 39.2 39.16 39.11 39.1 39.12 39.18 39.15 39.09 38.99 38.99 39.05 39.1 1.70141e38 39.25 39.27 39.19 39.01 38.95 39.03 39.12 39.18 39.15 39.12 39.06 38.97 38.9 38.84 38.75 38.72 38.74 38.84 39.04 39.18 39.23 39.21 39.19 39.19 39.19 39.19 39.17 39.17 39.17 39.17 39.17 39.18 39.2 39.22 39.2 39.18 39.16 39.12 39.1 39.12 39.08 39.01 39 39.03 39.04 39.02 38.98 38.96 39.03 39.1 39.11 39.11 39.12 39.09 39.06 39.06 39.04 39.04 39.03 38.98
39.2 39.16 39.09 39.02 39.03 39.03 39.03 39.04 39.06 39.17 39.23 39.16 39.13 39.07 39.06 39.07 39.09 1.70141e38 39.32 39.35 39.28 39.11 39.01 39.03 39.11 39.17 39.16 39.14 39.08 39.02 38.97 38.92 38.81 38.7 38.68 38.8 39 39.14 39.2 39.2 39.21 39.23 39.25 39.25 39.19 39.14 39.13 39.13 39.14 39.15 39.19 39.23 39.19 39.15 39.15 39.14 39.07 39.01 38.95 38.89 38.92 38.97 39.02 39.03 38.96 38.9 38.96 39 38.98 38.97 39 39.04 39.02 38.99 38.99 39.03 39.05 39.02
39.15 39.17 39.13 39.08 39.05 38.99 39.01 39.02 39.05 39.18 39.19 39.12 39.12 39.12 39.13 39.12 39.12 1.70141e38 39.28 39.3 39.28 39.18 39.09 39.06 39.09 39.15 39.15 39.13 39.09 39.04 39.01 38.99 38.89 38.75 38.73 38.84 39.02 39.13 39.18 39.19 39.22 39.27 39.31 39.3 39.2 39.1 39.06 39.04 39.07 39.1 39.15 39.2 39.16 39.14 39.16 39.14 39 38.89 38.83 38.79 38.85 38.92 38.98 39.02 38.95 38.88 38.91 38.92 38.9 38.92 38.99 39.01 38.97 38.95 38.97 39.04 39.07 39.04
39.12 39.16 39.17 39.17 39.15 39.07 39.03 39.12 39.14 39.15 39.13 39.08 39.07 39.01 39.06 39.11 39.12 1.70141e38 39.2 39.21 39.21 39.16 39.11 39.07 39.06 39.08 39.1 39.1 39.08 39.03 39.01 39.01 38.93 38.84 38.86 38.96 39.09 39.13 39.15 39.16 39.2 39.25 39.3 39.31 39.21 39.09 39.03 39.01 39.05 39.07 39.1 39.13 39.14 39.13 39.15 39.13 39.01 38.9 38.81 38.74 38.83 38.91 38.99 39.03 38.97 38.9 38.87 38.9 38.92 38.96 39.02 39.02 38.99 38.98 39.01 39.06 39.08 39.03
39.09 39.11 39.19 39.23 39.19 39.13 39.12 39.16 39.16 39.17 39.17 39.16 39.16 39.1 39.06 39.1 39.12 1.70141e38 39.17 39.16 39.13 39.09 39.07 39.05 39 38.98 38.99 39.02 39.05 39.03 39.02 39.02 38.97 38.93 38.98 39.04 39.1 39.13 39.15 39.15 39.16 39.17 39.21 39.24 39.17 39.08 39.04 39.04 39.07 39.08 39.1 39.12 39.13 39.14 39.15 39.13 39.05 38.97 38.88 38.81 38.84 38.93 39.03 39.05 39 38.94 38.91 38.97 39.03 39.03 39.01 39.02 39.05 39.06 39.06 39.07 39.08 39.02
39.07 39.06 39.14 39.25 39.23 39.18 39.15 39.17 39.17 39.18 39.17 39.17 39.18 39.09 38.96 38.98 39.03 1.70141e38 39.16 39.14 39.1 39.06 39.04 39.01 38.93 38.87 38.85 38.91 39.01 39.04 39.04 39.04 39.01 39 39.06 39.08 39.1 39.13 39.15 39.15 39.15 39.16 39.18 39.19 39.16 39.12 39.09 39.08 39.1 39.12 39.13 39.14 39.15 39.16 39.17 39.15 39.1 39.05 38.99 38.94 38.94 39 39.09 39.08 39.03 38.99 38.98 39.05 39.09 39.05 38.97 39 39.08 39.1 39.08 39.07 39.08 39.03
39.04 39.02 39.09 39.2 39.22 39.22 39.18 39.16 39.15 39.12 39.12 39.14 39.16 39.03 38.79 38.82 38.93 1.70141e38 39.15 39.16 39.12 39.04 39 38.98 38.93 38.84 38.79 38.86 38.97 39.03 39.05 39.06 39.05 39.03 39.05 39.07 39.1 39.15 39.16 39.14 39.15 39.16 39.16 39.17 39.18 39.18 39.14 39.11 39.13 39.17 39.18 39.19 39.2 39.21 39.22 39.19 39.15 39.09 39.07 39.11 39.12 39.13 39.15 39.11 39.07 39.05 39.05 39.06 39.06 39.01 38.95 39.01 39.09 39.1 39.08 39.07 39.07 39.03
39.01 39 39.04 39.1 39.15 39.21 39.18 39.16 39.16 39.11 39.07 39.07 39.08 39.01 38.74 38.79 38.98 1.70141e38 39.19 39.19 39.14 39.04 38.98 38.99 38.99 38.94 38.9 38.92 38.98 39.02 39.03 39.05 39.07 39.07 39.07 39.06 39.1 39.15 39.16 39.14 39.14 39.15 39.15 39.17 39.2 39.21 39.19 39.15 39.16 39.2 39.23 39.24 39.25 39.26 39.28 39.24 39.18 39.09 39.09 39.2 39.23 39.2 39.16 39.13 39.12 39.09 39.07 39.04 39.02 38.98 38.96 39.01 39.07 39.09 39.08 39.07 39.06 39.03
38.99 38.99 39.04 39.06 39.11 39.16 39.17 39.19 39.21 39.18 39.12 39.1 39.08 39.09 38.91 38.95 39.08 1.70141e38 39.17 39.16 39.11 39.01 38.95 38.94 38.96 39.01 39.04 39.02 39.04 39.06 39.07 39.09 39.09 39.09 39.08 39.07 39.09 39.13 39.15 39.14 39.13 39.14 39.15 39.17 39.19 39.21 39.22 39.2 39.18 39.21 39.24 39.25 39.27 39.28 39.29 39.25 39.18 39.11 39.08 39.14 39.17 39.15 39.13 39.15 39.16 39.13 39.08 39.03 38.99 38.99 39 39.02 39.04 39.05 39.07 39.08 39.1 39.09
38.99 38.99 39.04 39.07 39.13 39.17 39.21 39.23 39.25 39.26 39.22 39.21 39.22 39.15 39.09 39.09 39.1 1.70141e38 39.15 39.15 39.1 39 38.93 38.88 38.87 38.91 38.95 39 39.07 39.1 39.11 39.11 39.11 39.11 39.1 39.07 39.08 39.12 39.14 39.14 39.13 39.14 39.17 39.18 39.2 39.22 39.25 39.24 39.18 39.19 39.22 39.22 39.23 39.23 39.24 39.2 39.16 39.11 39.08 39.11 39.13 39.13 39.11 39.14 39.19 39.18 39.1 39.04 39.02 39.02 39.02 39.02 39.03 39.04 39.06 39.09 39.13 39.16
38.99 39.01 39.06 39.08 39.16 39.24 39.28 39.28 39.28 39.28 39.22 39.21 39.22 39.15 39.03 39.06 39.11 1.70141e38 39.15 39.14 39.07 39 38.94 38.85 38.8 38.8 38.85 38.94 39.05 39.1 39.11 39.11 39.11 39.12 39.11 39.08 39.1 39.13 39.15 39.15 39.12 39.14 39.16 39.18 39.2 39.21 39.24 39.24 39.19 39.16 39.15 39.16 39.16 39.17 39.18 39.16 39.14 39.1 39.1 39.15 39.18 39.16 39.11 39.1 39.16 39.18 39.12 39.03 39.02 39.04 39.04 39.01 39.01 39.03 39.04 39.06 39.1 39.11
38.98 39.01 39.06 39.09 39.2 39.34 39.37 39.36 39.31 39.28 39.21 39.19 39.16 39.12 39.03 39.09 39.12 1.70141e38 39.16 39.13 39.06 39.01 38.96 38.86 38.77 38.73 38.79 38.93 39.05 39.11 39.1 39.09 39.11 39.15 39.16 39.15 39.16 39.16 39.17 39.15 39.12 39.11 39.12 39.13 39.13 39.12 39.16 39.21 39.2 39.12 39.05 39.06 39.08 39.08 39.09 39.11 39.12 39.09 39.07 39.13 39.18 39.17 39.13 39.11 39.14 39.14 39.08 39 39.02 39.1 39.1 39.01 39 39.03 39.05 39.05 39.07 39.04
39 39.03 39.04 39.08 39.23 39.37 39.42 39.39 39.32 39.3 39.26 39.19 39.12 39.1 39.08 39.09 39.13 1.70141e38 39.16 39.13 39.09 39.06 39.03 38.96 38.87 38.82 38.9 39.04 39.1 39.11 39.08 39.06 39.13 39.2 39.23 39.24 39.23 39.2 39.18 39.14 39.11 39.09 39.09 39.08 39.05 39.05 39.12 39.22 39.24 39.16 39.02 38.98 39.02 39.03 39.04 39.08 39.09 39.08 39.08 39.13 39.2 39.21 39.18 39.17 39.16 39.12 39.04 38.98 39.04 39.17 39.16 39.03 38.99 39.01 39.04 39.05 39.06 39.06
39.07 39.11 39.1 39.12 39.25 39.34 39.35 39.34 39.3 39.29 39.27 39.22 39.14 39.12 39.11 39.12 39.1 1.70141e38 39.13 39.12 39.1 39.09 39.07 39.04 39.01 38.99 39.05 39.14 39.12 39.07 39.03 39.02 39.13 39.23 39.27 39.3 39.27 39.24 39.2 39.15 39.12 39.1 39.09 39.08 39.06 39.06 39.15 39.25 39.26 39.22 39.14 39.11 39.12 39.1 39.07 39.06 39.05 39.06 39.09 39.11 39.14 39.15 39.15 39.16 39.15 39.09 39.01 38.98 39.06 39.19 39.16 39.04 38.99 39.01 39.07 39.1 39.1 39.14
