slabs/54.grd
DSAA
631 301
645150 645780
4946900 4947200
34 42.2
[rows 34 to 67 of 301, columns 0 to 77 of 631]
38.96 38.93 39.03 39.08 39.01 38.94 38.93 38.92 39.03 39.17 39.16 39.13 39.13 39.16 39.15 39.13 39.09 39.06 1.70141e38 1.70141e38 39.16 39.2 39.16 39.13 39.12 39.09 39.08 39.1 39.14 39.23 39.38 39.46 39.49 39.47 39.5 39.61 39.67 39.74 39.87 40.01 40.09 40.1 40.1 40.15 40.18 40.19 40.23 40.31 40.39 40.47 40.39 40.2 40.11 40.16 40.29 40.36 40.36 40.36 40.43 40.48 40.5 40.53 40.56 40.56 40.56 40.56 40.55 40.54 40.55 40.59 40.63 40.64 40.65 40.65 40.65 40.62 40.59 40.58
38.97 38.97 39.06 39.16 39.02 38.86 38.83 38.87 39.04 39.18 39.17 39.15 39.13 39.12 39.14 39.16 39.11 39.08 1.70141e38 1.70141e38 39.12 39.14 39.13 39.13 39.14 39.12 39.09 39.11 39.14 39.22 39.33 39.35 39.33 39.31 39.34 39.45 39.51 39.57 39.69 39.81 39.88 39.88 39.83 39.82 39.86 39.84 39.81 39.84 39.96 40.08 39.99 39.82 39.72 39.73 39.91 40.04 40.06 40.15 40.31 40.39 40.41 40.44 40.49 40.51 40.51 40.52 40.55 40.57 40.58 40.61 40.64 40.64 40.63 40.64 40.67 40.67 40.65 40.63
39.06 39.1 39.14 39.23 39.12 38.91 38.86 38.88 39.06 39.19 39.17 39.13 39.1 39.11 39.14 39.15 39.11 39.1 1.70141e38 1.70141e38 39.12 39.11 39.11 39.12 39.14 39.12 39.1 39.12 39.16 39.2 39.24 39.22 39.2 39.21 39.27 39.34 39.36 39.4 39.51 39.62 39.67 39.67 39.61 39.56 39.57 39.54 39.5 39.5 39.55 39.59 39.5 39.41 39.36 39.38 39.53 39.64 39.68 39.81 40.01 40.12 40.12 40.17 40.3 40.36 40.39 40.43 40.47 40.5 40.51 40.55 40.6 40.62 40.64 40.67 40.7 40.69 40.66 40.64
39.1 39.14 39.17 39.25 39.21 39.06 38.99 38.96 39.11 39.19 39.18 39.13 39.05 39.05 39.08 39.13 39.1 39.12 1.70141e38 1.70141e38 39.13 39.1 39.09 39.12 39.13 39.12 39.1 39.13 39.17 39.18 39.19 39.18 39.17 39.17 39.17 39.2 39.2 39.23 39.32 39.41 39.46 39.47 39.42 39.37 39.37 39.35 39.35 39.38 39.36 39.3 39.23 39.17 39.19 39.24 39.3 39.38 39.44 39.53 39.63 39.68 39.7 39.82 40.06 40.18 40.21 40.2 40.17 40.2 40.24 40.34 40.45 40.53 40.62 40.68 40.72 40.7 40.63 40.58
39.09 39.11 39.14 39.2 39.2 39.12 39.08 39.04 39.11 39.18 39.18 39.11 38.93 38.87 38.93 39.1 39.08 39.09 1.70141e38 1.70141e38 39.11 39.09 39.09 39.11 39.12 39.12 39.09 39.09 39.13 39.16 39.17 39.16 39.15 39.12 39.09 39.06 39.04 39.04 39.11 39.21 39.26 39.28 39.26 39.24 39.24 39.25 39.29 39.32 39.31 39.26 39.2 39.15 39.14 39.1 39.08 39.11 39.17 39.24 39.27 39.31 39.35 39.53 39.8 39.94 39.94 39.86 39.83 39.86 39.96 40.12 40.26 40.38 40.53 40.61 40.64 40.61 40.51 40.44
39.09 39.11 39.12 39.13 39.1 39.04 39.06 39.05 39.04 39.1 39.11 38.88 38.62 38.72 38.86 39.06 39.06 39.06 1.70141e38 1.70141e38 39.09 39.08 39.09 39.11 39.12 39.12 39.07 39.04 39.1 39.14 39.16 39.14 39.13 39.1 39.03 38.97 38.94 38.94 38.99 39.07 39.11 39.15 39.14 39.12 39.13 39.17 39.21 39.22 39.21 39.18 39.14 39.13 39.09 39 38.99 39.05 39.08 39.12 39.16 39.22 39.25 39.35 39.52 39.67 39.73 39.66 39.63 39.68 39.77 39.9 40.03 40.2 40.36 40.38 40.41 40.43 40.37 40.27
39.09 39.09 39.09 39.08 39.05 39.01 38.99 38.99 39.04 39.11 39.08 38.86 38.63 38.77 39.05 39.07 39.05 39.05 1.70141e38 1.70141e38 39.06 39.06 39.07 39.1 39.11 39.13 39.09 39.06 39.11 39.14 39.14 39.13 39.14 39.11 39.01 38.94 38.93 38.94 38.96 39 39.05 39.09 39.06 39.04 39.05 39.11 39.16 39.16 39.14 39.08 39.07 39.12 39.1 39.04 39.01 39.02 39.05 39.07 39.06 39.16 39.28 39.32 39.39 39.48 39.55 39.53 39.53 39.57 39.62 39.7 39.8 39.96 40.07 40.04 40.09 40.17 40.18 40.09
39.05 39.01 38.98 38.95 38.98 38.97 38.95 38.96 39.06 39.05 39 39.02 38.88 38.95 39.11 39.08 39.05 39.04 1.70141e38 1.70141e38 39.03 39.03 39.03 39.08 39.14 39.16 39.15 39.13 39.13 39.13 39.12 39.12 39.14 39.13 39.03 38.93 38.92 38.89 38.86 38.89 38.97 39.04 39.03 39.04 39.06 39.1 39.13 39.14 39.09 39.01 39.02 39.08 39.1 39.08 39.04 39.03 39.03 39.02 39 39.12 39.29 39.34 39.35 39.37 39.41 39.42 39.41 39.43 39.45 39.5 39.58 39.68 39.71 39.65 39.69 39.81 39.92 39.91
39 38.96 38.95 38.97 38.97 38.92 38.9 38.92 39.02 38.99 38.89 38.99 39.03 39.05 39.11 39.07 39.06 39.07 1.70141e38 39.04 39.04 39.03 39.04 39.1 39.17 39.18 39.18 39.16 39.15 39.13 39.1 39.09 39.12 39.14 39.1 39.02 38.99 38.88 38.79 38.82 38.91 39 39.02 39.04 39.06 39.1 39.13 39.14 39.1 39.01 38.99 39.01 39.05 39.09 39.09 39.07 39.03 39 38.98 39.09 39.27 39.37 39.41 39.39 39.37 39.33 39.28 39.27 39.24 39.26 39.32 39.39 39.42 39.38 39.39 39.49 39.66 39.75
38.97 38.99 38.98 38.99 38.95 38.91 38.85 38.82 38.86 38.83 38.77 38.86 38.95 38.92 38.95 38.98 39.1 39.07 1.70141e38 39.08 39.06 39.07 39.1 39.13 39.14 39.14 39.15 39.15 39.15 39.13 39.09 39.07 39.1 39.17 39.23 39.24 39.17 38.99 38.88 38.9 38.94 38.99 39.01 39.03 39.05 39.09 39.14 39.17 39.13 39.06 39.01 39.01 39.03 39.06 39.08 39.07 39.05 39.05 39.07 39.13 39.26 39.38 39.44 39.43 39.37 39.29 39.24 39.21 39.11 39.06 39.09 39.18 39.28 39.3 39.3 39.37 39.47 39.55
38.95 38.96 38.99 38.97 38.93 38.9 38.83 38.76 38.75 38.75 38.75 38.79 38.84 38.82 38.85 38.92 39.08 39.07 1.70141e38 39.09 39.06 39.08 39.13 39.14 39.08 39.06 39.07 39.08 39.08 39.08 39.07 39.06 39.11 39.24 39.32 39.29 39.22 39.07 39 39.02 39.02 39 39 39.02 39.03 39.1 39.17 39.19 39.16 39.11 39.06 39.05 39.05 39.06 39.07 39.09 39.12 39.15 39.19 39.23 39.32 39.4 39.43 39.42 39.38 39.31 39.27 39.22 39.1 39.02 39.03 39.1 39.19 39.22 39.25 39.32 39.36 39.36
38.96 38.96 38.97 38.96 38.95 38.93 38.85 38.77 38.75 38.77 38.79 38.79 38.81 38.83 38.86 38.9 39.01 39.04 1.70141e38 39.07 39.06 39.07 39.11 39.15 39.12 39.08 39.09 39.07 39.06 39.06 39.06 39.09 39.18 39.33 39.33 39.26 39.21 39.14 39.12 39.11 39.06 39 38.99 39 39.03 39.12 39.21 39.22 39.19 39.15 39.11 39.1 39.11 39.12 39.12 39.15 39.19 39.22 39.25 39.29 39.36 39.4 39.4 39.4 39.4 39.33 39.24 39.17 39.11 39.08 39.11 39.16 39.19 39.21 39.25 39.31 39.32 39.29
39.02 39.02 39 38.95 38.96 38.95 38.89 38.79 38.82 38.84 38.85 38.83 38.86 38.87 38.9 38.88 38.92 38.99 1.70141e38 39.03 39.05 39.06 39.07 39.11 39.13 39.14 39.14 39.11 39.1 39.08 39.09 39.1 39.18 39.31 39.32 39.24 39.21 39.21 39.18 39.12 39.06 38.99 38.97 38.98 39.04 39.16 39.25 39.25 39.22 39.18 39.15 39.14 39.14 39.15 39.14 39.2 39.27 39.28 39.28 39.29 39.34 39.35 39.34 39.37 39.42 39.37 39.25 39.16 39.12 39.13 39.16 39.2 39.23 39.24 39.25 39.25 39.21 39.17
39.05 39.05 39.02 38.97 38.97 38.98 38.92 38.82 38.89 38.9 38.91 38.88 38.9 38.91 38.94 38.91 38.88 38.94 1.70141e38 38.98 38.99 39.02 39.03 39.03 39.05 39.08 39.12 39.13 39.12 39.12 39.16 39.18 39.19 39.26 39.28 39.23 39.22 39.21 39.18 39.11 39.01 38.94 38.9 38.94 39.07 39.2 39.28 39.27 39.22 39.19 39.18 39.17 39.14 39.12 39.12 39.22 39.36 39.4 39.4 39.38 39.35 39.31 39.29 39.32 39.37 39.36 39.28 39.17 39.17 39.19 39.21 39.24 39.26 39.26 39.24 39.2 39.15 39.12
39.06 39.05 39.02 38.98 38.99 39.02 38.97 38.89 38.96 38.97 38.97 38.92 38.94 38.96 38.98 38.96 38.95 38.96 1.70141e38 39.01 39.01 39.04 39.04 39.02 39.01 38.98 39 39.09 39.12 39.16 39.22 39.25 39.22 39.21 39.22 39.21 39.21 39.17 39.11 39.01 38.88 38.82 38.82 38.9 39.06 39.21 39.3 39.29 39.22 39.18 39.21 39.2 39.17 39.14 39.15 39.24 39.4 39.49 39.52 39.51 39.42 39.34 39.29 39.27 39.27 39.26 39.22 39.18 39.21 39.24 39.26 39.27 39.25 39.24 39.21 39.18 39.17 39.16
39.03 39.02 39.01 39 39.01 39.03 39 38.96 39 39.02 39.02 38.97 38.98 39.01 39.05 39.05 39.03 39.01 1.70141e38 38.96 38.98 39.01 39.01 39 38.98 38.92 38.94 39.03 39.08 39.14 39.22 39.25 39.19 39.11 39.1 39.12 39.15 39.12 39.07 38.91 38.7 38.72 38.8 38.87 39 39.16 39.28 39.3 39.24 39.21 39.24 39.24 39.23 39.2 39.19 39.27 39.4 39.48 39.53 39.54 39.43 39.32 39.28 39.26 39.22 39.19 39.18 39.18 39.22 39.25 39.27 39.26 39.23 39.21 39.18 39.16 39.17 39.17
38.97 38.94 38.96 39.01 39 38.98 38.98 38.95 38.93 38.97 39.02 39 39.03 39.08 39.11 39 39.02 39.04 1.70141e38 38.93 38.96 38.98 38.96 38.95 38.96 38.96 38.98 39.05 39.06 39.09 39.16 39.18 39.09 39 38.98 39.04 39.12 39.12 39.09 38.89 38.64 38.7 38.81 38.87 38.96 39.1 39.22 39.26 39.26 39.25 39.28 39.29 39.29 39.26 39.24 39.27 39.35 39.4 39.42 39.43 39.38 39.31 39.29 39.26 39.18 39.11 39.11 39.14 39.19 39.21 39.23 39.23 39.19 39.17 39.15 39.15 39.16 39.15
38.97 38.95 38.94 38.99 39.01 38.99 38.94 38.94 38.96 39.01 39.03 39.06 39.07 39.09 39.09 39.02 39.03 39.04 1.70141e38 38.99 38.99 38.99 38.97 38.96 38.99 39.04 39.08 39.1 39.06 39.05 39.1 39.07 38.99 38.95 38.95 39.04 39.17 39.16 39.09 38.93 38.72 38.75 38.87 38.95 39.02 39.07 39.14 39.19 39.23 39.25 39.27 39.28 39.28 39.25 39.22 39.2 39.24 39.27 39.28 39.29 39.29 39.27 39.3 39.31 39.19 39.08 39.06 39.11 39.16 39.17 39.19 39.19 39.15 39.14 39.15 39.17 39.16 39.14
38.96 38.98 38.96 39 39 38.99 38.95 38.97 38.98 39.02 39.06 39.07 39.1 39.12 39.1 39.07 39.05 39.01 1.70141e38 39.01 39 38.98 38.98 39 39.02 39.08 39.15 39.13 39.05 39.02 39.04 39.01 38.97 38.98 38.98 39.05 39.16 39.17 39.11 39.01 38.87 38.88 38.96 39.03 39.11 39.14 39.16 39.16 39.17 39.18 39.19 39.2 39.19 39.16 39.15 39.13 39.14 39.15 39.17 39.19 39.21 39.2 39.26 39.29 39.17 39.07 39.07 39.13 39.17 39.16 39.15 39.15 39.13 39.13 39.16 39.19 39.19 39.17
38.99 39.04 39.03 38.99 38.99 38.99 38.98 39.02 39.02 39.01 39.02 39.02 39.05 39.04 39.06 39.08 39.02 38.98 1.70141e38 38.99 38.98 38.97 38.97 38.98 39.01 39.06 39.11 39.11 39.03 38.98 38.98 38.97 38.98 39.03 39.07 39.1 39.14 39.14 39.11 39.06 38.98 39 39.07 39.11 39.14 39.15 39.15 39.14 39.12 39.14 39.16 39.15 39.11 39.08 39.06 39.05 39.07 39.09 39.11 39.14 39.15 39.13 39.15 39.16 39.11 39.08 39.11 39.17 39.21 39.2 39.16 39.13 39.14 39.15 39.18 39.21 39.21 39.2
39.02 39.09 39.03 38.99 38.99 39.01 39.05 39.08 39.05 39.01 39.01 39.01 39.02 39.02 39.06 39.06 39.01 38.99 1.70141e38 39.04 39.03 39.01 39 38.99 39 39.01 39 39.02 39 38.95 38.94 38.94 38.95 39.03 39.1 39.12 39.12 39.11 39.09 39.04 39 39.03 39.07 39.08 39.09 39.1 39.09 39.09 39.09 39.1 39.13 39.14 39.07 39 38.98 38.98 39.01 39.04 39.06 39.09 39.09 39.08 39.06 39.06 39.05 39.06 39.1 39.18 39.23 39.23 39.18 39.14 39.14 39.16 39.19 39.21 39.21 39.2
39.04 39.08 39.01 38.99 39.01 39.06 39.1 39.08 39.05 39.03 39.03 39.02 39.02 39.05 39.07 39.05 39.01 39 1.70141e38 39.07 39.08 39.05 39.02 39.02 39.03 39.02 39.01 38.99 38.97 38.91 38.84 38.85 38.92 39.06 39.14 39.14 39.11 39.06 39.01 38.99 38.99 39.02 39.05 39.08 39.09 39.09 39.08 39.07 39.07 39.09 39.13 39.15 39.05 38.95 38.9 38.89 38.97 39.04 39.06 39.07 39.07 39.06 39.05 39.02 38.98 38.98 39.03 39.13 39.2 39.2 39.15 39.1 39.1 39.14 39.19 39.2 39.21 39.2
39.05 39.06 39.02 39 39.02 39.07 39.08 39.06 39.06 39.05 39.05 39.05 39.05 39.05 39.04 39.03 39 38.96 1.70141e38 39.02 39.05 39.01 38.98 38.98 38.99 39.02 39.03 39.02 39 38.92 38.81 38.84 38.96 39.09 39.15 39.14 39.09 39.02 38.97 38.96 38.98 39.02 39.05 39.09 39.1 39.09 39.08 39.07 39.08 39.1 39.14 39.15 39.03 38.93 38.85 38.84 39 39.13 39.13 39.11 39.09 39.07 39.04 38.99 38.92 38.91 38.98 39.1 39.18 39.17 39.11 39.07 39.07 39.13 39.21 39.21 39.2 39.18
39.08 39.08 39.06 39.02 39.01 39.02 39.03 39.04 39.06 39.08 39.08 39.09 39.08 39.05 39.02 39.01 38.98 38.93 1.70141e38 38.96 39.01 39 38.99 38.99 39 39.02 39.05 39.05 39.04 38.97 38.91 38.92 38.97 39.07 39.13 39.12 39.06 39.01 38.97 38.97 38.99 39.02 39.05 39.09 39.09 39.07 39.07 39.08 39.09 39.1 39.11 39.09 38.99 38.9 38.83 38.85 39.06 39.2 39.19 39.12 39.07 39.04 39.02 39.01 38.95 38.92 38.96 39.07 39.14 39.13 39.08 39.08 39.11 39.17 39.25 39.24 39.2 39.16
39.15 39.13 39.1 39.04 39.01 38.97 38.98 38.96 39 39.08 39.12 39.11 39.11 39.05 39.01 39.02 38.99 38.88 1.70141e38 38.88 38.96 39.02 39.05 39.02 39 39.03 39.05 39.07 39.05 38.99 38.95 38.95 38.97 39.01 39.05 39.06 39.04 39 38.99 38.99 39 39.02 39.03 39.04 39.03 39.01 39.02 39.05 39.05 39.04 39.04 39.02 38.94 38.86 38.81 38.86 39.05 39.2 39.2 39.08 38.98 38.95 39 39.1 39.09 39 38.95 39.04 39.1 39.09 39.06 39.09 39.14 39.2 39.28 39.26 39.2 39.13
39.22 39.19 39.13 39.06 39.03 38.96 38.98 38.93 38.94 39.03 39.13 39.14 39.15 39.08 39.03 39.05 39.03 38.93 1.70141e38 38.87 38.97 39.04 39.05 39.02 39 39.03 39.04 39.07 39.08 39.03 38.98 38.97 38.97 38.97 38.98 39 39.01 39.01 39.01 39.02 39.02 39.02 39 38.97 38.96 38.97 39 39.04 39.01 38.97 38.97 38.98 38.93 38.87 38.82 38.88 39 39.1 39.14 39.01 38.88 38.87 38.98 39.14 39.18 39.07 38.97 39.03 39.07 39.06 39.05 39.08 39.13 39.18 39.27 39.27 39.21 39.13
39.22 39.19 39.16 39.11 39.07 39.03 39.07 39.04 38.97 39.02 39.1 39.12 39.18 39.05 38.99 39.02 39 38.95 1.70141e38 38.89 38.95 39.04 39.05 39.02 39.01 38.99 38.95 39.02 39.1 39.09 39.05 39.02 38.99 38.96 38.95 38.97 39 39.03 39.04 39.04 39.05 39.04 38.98 38.93 38.98 39.02 39.06 39.08 39.03 38.98 39 39.01 38.98 38.92 38.84 38.85 38.91 38.93 38.93 38.88 38.79 38.81 38.95 39.11 39.17 39.1 39.01 39.03 39.06 39.06 39.05 39.08 39.12 39.17 39.26 39.31 39.28 39.18
39.15 39.14 39.21 39.2 39.16 39.11 39.06 39.03 38.96 39.01 39.07 39.1 39.15 38.99 38.94 38.97 38.98 38.94 1.70141e38 38.91 38.95 39.03 39.06 39.05 39 38.92 38.86 38.94 39.05 39.08 39.07 39.06 39.03 39.01 38.98 38.97 39 39.05 39.07 39.08 39.07 39.04 38.99 38.99 39.07 39.1 39.12 39.1 39.05 39.03 39.04 39.05 39.04 38.97 38.86 38.79 38.77 38.77 38.75 38.73 38.71 38.76 38.91 39.06 39.13 39.11 39.07 39.08 39.09 39.08 39.06 39.06 39.1 39.17 39.26 39.31 39.3 39.2
39.13 39.07 39.14 39.16 39.13 39.05 39.04 39.01 38.94 38.99 39.05 39.08 39.13 39 38.94 38.95 38.97 38.98 1.70141e38 38.96 38.99 39.06 39.1 39.08 39 38.91 38.87 38.88 38.95 38.98 39.01 39.05 39.09 39.1 39.04 38.98 39 39.03 39.07 39.1 39.08 39.04 39.01 39.04 39.1 39.11 39.12 39.1 39.07 39.08 39.11 39.09 39.07 39.01 38.88 38.78 38.74 38.73 38.72 38.74 38.78 38.83 38.94 39.05 39.1 39.09 39.11 39.16 39.14 39.1 39.06 39.05 39.08 39.16 39.21 39.23 39.2 39.13
39.07 39.03 39.1 39.09 39.04 38.99 39.03 39 38.93 38.96 39.03 39.07 39.15 39.01 38.93 38.94 38.97 39.01 1.70141e38 39.02 39.03 39.05 39.08 39.07 39.02 38.98 38.95 38.91 38.9 38.92 38.97 39.03 39.06 39.07 39.06 39.03 39.01 39.01 39.05 39.1 39.09 39.04 39.02 39.03 39.06 39.07 39.06 39.06 39.08 39.13 39.15 39.11 39.08 39.02 38.9 38.8 38.75 38.76 38.79 38.86 38.91 38.94 39.03 39.08 39.06 39.05 39.11 39.17 39.14 39.09 39.06 39.04 39.07 39.12 39.14 39.13 39.11 39.08
39.05 38.98 39.01 39 38.96 38.96 39.01 38.98 38.95 38.96 38.99 39.05 39.15 39.09 38.99 38.98 38.99 39.02 1.70141e38 39.04 39.02 39.02 39.02 39.02 39 38.99 38.97 38.93 38.91 38.94 38.98 39.01 39.01 39.04 39.05 39.02 38.99 38.98 39 39.04 39.08 39.03 38.96 38.96 39.01 39.02 38.99 39.01 39.08 39.11 39.09 39.04 39.05 39.02 38.93 38.83 38.81 38.85 38.92 38.98 38.99 39.02 39.08 39.09 39.05 39.02 39.05 39.11 39.07 39.01 39.01 39.03 39.05 39.05 39.04 39.03 39.04 39.11
39.02 38.95 38.95 38.97 38.93 38.95 38.98 38.98 39 38.99 38.99 39.04 39.13 39.15 39.1 39.05 39.04 39.04 1.70141e38 39.07 39.06 39.07 39.06 39.03 39.01 39 38.98 38.94 38.94 38.97 39.01 39.02 38.99 38.98 38.99 39.01 38.99 38.96 38.96 39.01 39.06 39.03 38.95 38.95 38.99 39.01 38.98 39 39.06 39.07 39.04 38.99 39 39 38.98 38.92 38.92 38.97 39.03 39.02 38.97 38.98 39.04 39.07 39.04 38.99 38.99 39.03 39.01 38.97 38.97 39 39 38.98 38.97 38.98 39.01 39.12
39.02 39.01 39.02 39.03 39 39 39.04 39.04 39.05 39.02 38.99 39.02 39.08 39.14 39.14 39.11 39.07 39.07 1.70141e38 39.11 39.11 39.11 39.09 39.05 39.04 39.04 39.02 39.02 39.02 39.02 39.04 39.04 38.99 38.93 38.92 38.95 38.97 38.95 38.96 39 39.05 39.05 39.02 39 39 39.01 39.01 39 39.01 39.03 39.03 39 38.98 39 39.03 39.04 39.04 39.05 39.05 38.98 38.89 38.89 38.96 39.02 39.01 38.97 38.95 38.96 38.99 39.02 39.01 39.01 39 38.95 38.94 38.96 38.98 39.04
39.03 39.08 39.09 39.09 39.07 39.08 39.13 39.11 39.07 39.06 39.02 39 39.02 39.06 39.08 39.12 39.06 39.06 1.70141e38 39.14 39.13 39.11 39.09 39.07 39.08 39.08 39.1 39.14 39.11 39.06 39.07 39.06 38.99 38.92 38.85 38.87 38.93 38.94 38.97 39.01 39.05 39.08 39.09 39.06 39.05 39.06 39.05 39.01 38.99 39 39.02 39 38.99 39.01 39.04 39.06 39.08 39.07 39.03 38.97 38.9 38.88 38.97 39.04 39.05 39.02 38.98 38.94 38.97 39.02 39.03 39.01 38.99 38.96 38.93 38.94 38.98 39.04
