slabs/54.grd
DSAA
631 301
645150 645780
4946900 4947200
34 42.2
[rows 238 to 271 of 301, columns 0 to 77 of 631]
39.38 39.38 39.48 39.52 39.48 39.55 39.67 39.76 39.78 39.74 39.72 39.71 39.71 39.73 1.70141e38 39.77 39.8 39.85 39.89 39.88 39.84 39.76 39.71 39.7 39.65 39.57 39.54 39.53 39.51 39.5 39.45 39.3 39.23 39.27 39.24 39.12 39.01 38.99 39 39.02 39.01 39.02 39.06 39.17 39.31 39.42 39.52 39.75 39.97 40.1 40.23 40.28 40.31 40.34 40.37 40.39 40.42 40.4 40.41 40.47 40.48 40.48 40.56 40.69 40.78 40.82 40.85 40.88 40.92 40.91 40.86 40.79 40.73 40.6 40.38 40.18 40.08 40.03
39.31 39.3 39.33 39.39 39.42 39.47 39.62 39.75 39.78 39.75 39.74 39.72 39.71 39.74 1.70141e38 39.79 39.81 39.83 39.86 39.85 39.8 39.73 39.7 39.68 39.64 39.59 39.58 39.56 39.55 39.54 39.5 39.37 39.25 39.24 39.22 39.14 39.02 38.95 38.95 38.96 38.97 38.98 39.04 39.16 39.28 39.37 39.51 39.79 40.03 40.12 40.16 40.17 40.22 40.28 40.37 40.43 40.44 40.42 40.41 40.45 40.46 40.46 40.49 40.6 40.7 40.76 40.83 40.89 40.96 40.98 40.95 40.91 40.79 40.55 40.32 40.16 40.09 40.05
39.27 39.28 39.29 39.34 39.37 39.4 39.54 39.7 39.78 39.77 39.76 39.75 39.74 39.77 1.70141e38 39.84 39.87 39.88 39.87 39.83 39.75 39.69 39.67 39.65 39.63 39.64 39.64 39.61 39.59 39.58 39.55 39.43 39.27 39.19 39.16 39.1 39 38.92 38.91 38.91 38.92 38.94 39.01 39.15 39.25 39.35 39.58 39.87 40.08 40.13 40.12 40.13 40.19 40.28 40.39 40.44 40.46 40.44 40.41 40.44 40.46 40.47 40.51 40.62 40.71 40.74 40.85 40.95 41.02 41.05 41.04 41.03 40.86 40.54 40.32 40.2 40.12 40.07
39.25 39.26 39.23 39.28 39.27 39.31 39.42 39.57 39.74 39.78 39.78 39.78 39.79 39.82 1.70141e38 39.9 39.93 39.91 39.86 39.77 39.67 39.61 39.6 39.58 39.62 39.7 39.72 39.67 39.64 39.63 39.59 39.46 39.29 39.17 39.12 39.05 38.98 38.92 38.89 38.86 38.86 38.89 38.99 39.15 39.27 39.4 39.67 39.94 40.09 40.1 40.1 40.14 40.21 40.29 40.4 40.46 40.48 40.46 40.43 40.45 40.51 40.54 40.65 40.8 40.85 40.86 41 41.15 41.18 41.16 41.15 41.15 40.94 40.56 40.33 40.25 40.16 40.08
39.26 39.23 39.1 39.1 39.09 39.21 39.33 39.47 39.65 39.72 39.73 39.77 39.83 39.88 1.70141e38 39.92 39.88 39.81 39.75 39.66 39.57 39.52 39.52 39.52 39.61 39.73 39.77 39.76 39.69 39.66 39.62 39.51 39.33 39.2 39.1 38.98 38.92 38.89 38.85 38.81 38.81 38.85 38.99 39.18 39.33 39.48 39.77 40 40.08 40.09 40.13 40.23 40.31 40.34 40.39 40.45 40.48 40.46 40.43 40.47 40.55 40.63 40.77 40.94 40.97 41.01 41.18 41.36 41.37 41.32 41.27 41.23 41.01 40.57 40.33 40.28 40.2 40.12
39.37 39.3 39.21 39.13 39.04 39.14 39.24 39.38 39.54 39.62 39.65 39.74 39.84 39.88 1.70141e38 39.84 39.77 39.68 39.63 39.54 39.49 39.47 39.47 39.49 39.58 39.71 39.79 39.83 39.75 39.69 39.66 39.57 39.41 39.26 39.08 38.91 38.85 38.84 38.81 38.77 38.76 38.83 39.02 39.25 39.4 39.56 39.84 40.04 40.09 40.12 40.22 40.37 40.44 40.43 40.41 40.45 40.49 40.47 40.46 40.54 40.62 40.65 40.76 40.88 40.94 41.03 41.17 41.29 41.36 41.39 41.31 41.24 41.04 40.61 40.33 40.26 40.21 40.15
39.51 39.45 39.37 39.24 39.07 39.08 39.12 39.24 39.4 39.47 39.51 39.65 39.79 39.83 1.70141e38 39.77 39.76 39.68 39.62 39.52 39.46 39.46 39.46 39.47 39.56 39.69 39.78 39.82 39.73 39.67 39.67 39.61 39.47 39.3 39.04 38.88 38.84 38.83 38.79 38.77 38.78 38.86 39.08 39.32 39.48 39.63 39.9 40.06 40.12 40.16 40.31 40.5 40.58 40.56 40.54 40.59 40.6 40.59 40.62 40.68 40.71 40.65 40.69 40.77 40.86 40.97 41.02 41.07 41.18 41.34 41.32 41.26 41.1 40.69 40.35 40.26 40.22 40.14
39.71 39.68 39.6 39.41 39.1 38.99 38.98 39.07 39.22 39.29 39.34 39.53 39.69 39.76 1.70141e38 39.79 39.81 39.73 39.66 39.55 39.47 39.45 39.46 39.47 39.55 39.68 39.75 39.76 39.66 39.61 39.63 39.56 39.4 39.25 39.03 38.9 38.85 38.83 38.81 38.82 38.85 38.94 39.16 39.39 39.56 39.69 39.91 40.07 40.15 40.21 40.36 40.53 40.63 40.69 40.72 40.78 40.77 40.75 40.77 40.76 40.74 40.68 40.67 40.73 40.82 40.91 40.94 40.98 41.09 41.26 41.33 41.3 41.11 40.68 40.36 40.28 40.23 40.15
39.92 39.91 39.85 39.57 39.09 38.92 38.88 38.9 39.04 39.15 39.24 39.42 39.58 39.68 1.70141e38 39.73 39.79 39.75 39.69 39.58 39.48 39.42 39.44 39.5 39.58 39.7 39.76 39.72 39.6 39.56 39.57 39.5 39.34 39.22 39.08 38.95 38.85 38.82 38.81 38.83 38.86 38.96 39.18 39.42 39.6 39.68 39.83 39.99 40.09 40.17 40.29 40.38 40.5 40.67 40.76 40.83 40.83 40.8 40.76 40.71 40.69 40.67 40.69 40.75 40.79 40.86 40.9 40.94 41.03 41.23 41.35 41.34 41.07 40.61 40.4 40.32 40.22 40.15
40.03 40.02 40 39.65 39.09 38.91 38.88 38.83 38.91 39.03 39.19 39.33 39.42 39.47 1.70141e38 39.56 39.7 39.73 39.68 39.58 39.48 39.41 39.4 39.47 39.59 39.68 39.77 39.7 39.56 39.52 39.51 39.45 39.34 39.26 39.15 39 38.87 38.82 38.8 38.8 38.81 38.91 39.13 39.38 39.54 39.59 39.7 39.83 39.92 40.04 40.16 40.2 40.31 40.52 40.67 40.78 40.78 40.75 40.71 40.69 40.65 40.6 40.64 40.73 40.77 40.81 40.84 40.88 40.97 41.16 41.3 41.27 40.95 40.53 40.39 40.31 40.2 40.13
40.06 40.03 40.02 39.62 39.1 38.95 38.93 38.94 38.99 39.1 39.25 39.29 39.2 39.16 1.70141e38 39.34 39.53 39.62 39.61 39.55 39.46 39.39 39.34 39.4 39.58 39.66 39.74 39.66 39.52 39.48 39.48 39.44 39.37 39.29 39.17 39.07 38.99 38.93 38.83 38.79 38.79 38.86 39.06 39.27 39.4 39.48 39.57 39.67 39.76 39.93 40.09 40.16 40.23 40.37 40.55 40.71 40.71 40.65 40.61 40.63 40.6 40.55 40.6 40.67 40.69 40.7 40.73 40.8 40.89 40.99 41.06 41.01 40.74 40.45 40.34 40.28 40.19 40.14
40.12 40.06 39.94 39.51 39.16 39.06 39.07 39.09 39.11 39.17 39.3 39.18 39.1 39.08 1.70141e38 39.21 39.31 39.41 39.46 39.48 39.44 39.37 39.28 39.35 39.54 39.62 39.65 39.58 39.48 39.47 39.49 39.45 39.39 39.29 39.15 39.12 39.12 39.04 38.88 38.81 38.8 38.85 39.01 39.16 39.27 39.37 39.45 39.54 39.64 39.85 40.03 40.11 40.15 40.22 40.37 40.49 40.51 40.48 40.46 40.48 40.49 40.51 40.59 40.65 40.6 40.51 40.53 40.63 40.73 40.71 40.67 40.62 40.49 40.37 40.33 40.31 40.25 40.2
40.1 40.06 39.89 39.55 39.28 39.2 39.21 39.25 39.23 39.24 39.29 39.2 39.24 39.26 1.70141e38 39.2 39.14 39.18 39.27 39.36 39.37 39.33 39.27 39.32 39.49 39.53 39.52 39.48 39.45 39.47 39.5 39.43 39.34 39.25 39.12 39.11 39.12 39.07 38.95 38.86 38.83 38.85 38.98 39.1 39.19 39.26 39.33 39.42 39.54 39.76 39.92 39.99 40.01 40.04 40.12 40.18 40.22 40.25 40.28 40.32 40.37 40.47 40.56 40.6 40.5 40.32 40.3 40.39 40.49 40.45 40.39 40.38 40.39 40.39 40.41 40.43 40.42 40.35
40.06 40.01 39.79 39.55 39.4 39.34 39.36 39.4 39.35 39.31 39.33 39.35 39.42 39.46 1.70141e38 39.29 39.14 39.08 39.11 39.22 39.27 39.25 39.23 39.28 39.38 39.4 39.37 39.37 39.42 39.46 39.46 39.35 39.25 39.18 39.1 39.09 39.1 39.09 39.03 38.95 38.89 38.86 38.96 39.05 39.11 39.16 39.23 39.32 39.46 39.67 39.79 39.85 39.86 39.88 39.95 40.02 40.07 40.13 40.17 40.22 40.29 40.42 40.5 40.52 40.42 40.23 40.18 40.23 40.31 40.33 40.38 40.45 40.56 40.56 40.53 40.55 40.57 40.51
40.01 39.96 39.82 39.64 39.52 39.47 39.49 39.54 39.47 39.41 39.47 39.58 39.66 39.69 1.70141e38 39.47 39.32 39.22 39.14 39.19 39.21 39.15 39.12 39.18 39.24 39.25 39.25 39.28 39.37 39.41 39.41 39.29 39.19 39.13 39.06 39.07 39.08 39.07 39.02 38.99 38.94 38.88 38.95 39.02 39.05 39.11 39.21 39.31 39.42 39.58 39.66 39.71 39.74 39.81 39.91 39.98 40.03 40.09 40.11 40.14 40.22 40.34 40.41 40.42 40.38 40.32 40.27 40.27 40.31 40.38 40.5 40.62 40.77 40.74 40.63 40.58 40.56 40.55
39.99 39.94 39.82 39.69 39.59 39.57 39.6 39.65 39.6 39.54 39.62 39.79 39.89 39.95 1.70141e38 39.67 39.5 39.41 39.31 39.26 39.22 39.12 39.01 39.06 39.13 39.14 39.15 39.21 39.29 39.34 39.35 39.26 39.17 39.09 39.02 39.03 39.02 38.97 38.95 38.97 38.94 38.9 38.96 39.02 39.05 39.15 39.32 39.42 39.46 39.53 39.59 39.64 39.69 39.81 39.9 39.96 40.03 40.05 40.05 40.06 40.13 40.23 40.27 40.29 40.35 40.44 40.47 40.44 40.42 40.46 40.52 40.64 40.79 40.75 40.64 40.57 40.51 40.53
39.94 39.9 39.78 39.69 39.65 39.65 39.73 39.77 39.75 39.69 39.74 39.9 40.02 40.11 1.70141e38 39.79 39.6 39.53 39.42 39.31 39.24 39.15 39.01 39.01 39.06 39.07 39.1 39.16 39.22 39.26 39.28 39.23 39.16 39.05 38.97 38.95 38.9 38.82 38.84 38.92 38.92 38.91 38.96 39.03 39.08 39.26 39.49 39.61 39.59 39.58 39.62 39.67 39.73 39.84 39.9 39.95 40.02 40.01 40 40 40.04 40.11 40.13 40.16 40.28 40.46 40.55 40.52 40.48 40.51 40.53 40.6 40.69 40.63 40.53 40.45 40.45 40.52
39.84 39.81 39.75 39.71 39.69 39.7 39.82 39.88 39.86 39.82 39.82 39.96 40.07 40.19 1.70141e38 39.87 39.69 39.62 39.5 39.36 39.28 39.2 39.07 39.02 39.04 39.04 39.06 39.13 39.17 39.2 39.21 39.18 39.11 39.01 38.92 38.86 38.82 38.76 38.79 38.87 38.89 38.91 38.97 39.04 39.15 39.38 39.62 39.75 39.72 39.67 39.69 39.74 39.81 39.89 39.94 39.98 40.02 39.98 39.96 39.95 39.98 40.03 40.04 40.09 40.24 40.41 40.47 40.46 40.45 40.49 40.54 40.58 40.59 40.52 40.42 40.3 40.33 40.44
39.82 39.76 39.75 39.74 39.74 39.73 39.82 39.91 39.91 39.87 39.87 40.04 40.17 40.29 1.70141e38 39.94 39.77 39.69 39.56 39.43 39.35 39.27 39.13 39.06 39.07 39.06 39.05 39.1 39.13 39.16 39.16 39.14 39.09 39.01 38.95 38.9 38.87 38.81 38.81 38.84 38.87 38.9 38.97 39.06 39.22 39.48 39.64 39.73 39.71 39.66 39.7 39.77 39.88 39.96 40.01 40.06 40.06 39.98 39.95 39.93 39.93 39.95 39.97 40.03 40.17 40.28 40.33 40.33 40.33 40.35 40.41 40.45 40.46 40.4 40.32 40.21 40.24 40.34
39.9 39.81 39.79 39.77 39.75 39.74 39.78 39.88 39.89 39.85 39.85 40.11 40.27 40.36 1.70141e38 40.02 39.87 39.78 39.62 39.49 39.42 39.34 39.22 39.17 39.15 39.1 39.08 39.11 39.12 39.14 39.15 39.13 39.1 39.06 39.03 39.01 38.98 38.92 38.87 38.86 38.86 38.84 38.92 39.09 39.26 39.47 39.56 39.6 39.6 39.58 39.65 39.76 39.91 40.01 40.08 40.12 40.1 39.99 39.95 39.92 39.88 39.88 39.89 39.95 40.05 40.14 40.19 40.2 40.21 40.2 40.22 40.27 40.29 40.27 40.21 40.14 40.19 40.29
39.96 39.9 39.87 39.8 39.75 39.72 39.7 39.76 39.8 39.79 39.76 40.11 40.29 40.34 1.70141e38 40.13 40.02 39.9 39.71 39.6 39.54 39.43 39.32 39.27 39.24 39.19 39.16 39.17 39.17 39.17 39.17 39.16 39.16 39.16 39.15 39.13 39.1 39.03 38.97 38.94 38.91 38.79 38.76 38.97 39.22 39.36 39.43 39.47 39.5 39.52 39.61 39.72 39.91 40.06 40.14 40.14 40.07 39.98 39.93 39.9 39.83 39.8 39.8 39.84 39.94 40.02 40.05 40.06 40.08 40.08 40.07 40.08 40.1 40.11 40.07 40.03 40.1 40.19
40.11 40.02 39.96 39.88 39.81 39.75 39.68 39.69 39.73 39.73 39.75 40.01 40.1 40.12 1.70141e38 40.23 40.19 40.06 39.87 39.77 39.71 39.58 39.44 39.4 39.4 39.41 39.38 39.35 39.31 39.25 39.23 39.24 39.26 39.31 39.29 39.24 39.19 39.11 39.04 39.03 39 38.84 38.66 38.8 39.14 39.33 39.4 39.43 39.45 39.49 39.58 39.69 39.87 40.05 40.14 40.1 39.98 39.89 39.86 39.82 39.75 39.71 39.7 39.72 39.8 39.9 39.92 39.92 39.95 39.95 39.94 39.92 39.91 39.92 39.9 39.86 39.93 40.01
40.28 40.14 40.05 39.96 39.9 39.83 39.74 39.75 39.8 39.76 39.78 39.9 39.96 40.05 1.70141e38 40.27 40.29 40.22 40.06 39.97 39.91 39.75 39.63 39.64 39.69 39.79 39.75 39.65 39.54 39.37 39.32 39.36 39.4 39.45 39.45 39.39 39.3 39.18 39.11 39.07 39.02 38.87 38.7 38.78 39.09 39.38 39.51 39.55 39.55 39.56 39.61 39.7 39.85 39.97 40.04 39.98 39.86 39.78 39.75 39.73 39.66 39.61 39.59 39.6 39.66 39.74 39.78 39.81 39.83 39.84 39.81 39.77 39.75 39.75 39.71 39.66 39.67 39.71
40.4 40.28 40.15 40.05 39.99 39.91 39.8 39.82 39.86 39.79 39.77 39.83 39.91 40.04 1.70141e38 40.27 40.33 40.34 40.23 40.14 40.09 39.96 39.92 39.99 40.07 40.16 40.08 39.93 39.78 39.56 39.48 39.49 39.52 39.56 39.6 39.58 39.48 39.35 39.27 39.19 39.02 38.79 38.64 38.73 39.02 39.37 39.59 39.69 39.76 39.72 39.7 39.75 39.83 39.87 39.92 39.88 39.75 39.66 39.64 39.62 39.56 39.51 39.49 39.49 39.52 39.58 39.65 39.72 39.74 39.72 39.67 39.64 39.62 39.63 39.61 39.55 39.46 39.4
40.46 40.4 40.26 40.13 40.06 39.97 39.88 39.89 39.89 39.83 39.77 39.81 39.89 40.03 1.70141e38 40.27 40.34 40.41 40.36 40.28 40.21 40.12 40.15 40.25 40.31 40.31 40.16 40.05 39.93 39.75 39.68 39.68 39.69 39.72 39.75 39.73 39.65 39.54 39.45 39.33 39.05 38.74 38.61 38.72 39 39.32 39.54 39.69 39.83 39.77 39.73 39.76 39.81 39.82 39.86 39.83 39.65 39.54 39.52 39.5 39.46 39.42 39.41 39.4 39.41 39.45 39.52 39.61 39.63 39.6 39.56 39.53 39.51 39.52 39.54 39.53 39.45 39.35
40.43 40.49 40.38 40.22 40.13 40.03 39.97 39.99 39.95 39.87 39.84 39.82 39.87 39.99 40.18 40.25 40.32 40.41 40.4 40.33 40.26 40.17 40.18 40.24 40.26 40.22 40.1 40.04 39.96 39.87 39.84 39.87 39.87 39.82 39.83 39.8 39.72 39.61 39.5 39.39 39.07 38.69 38.53 38.69 39 39.22 39.36 39.52 39.7 39.68 39.67 39.7 39.76 39.8 39.82 39.77 39.58 39.45 39.41 39.37 39.36 39.38 39.38 39.38 39.37 39.39 39.43 39.5 39.52 39.5 39.49 39.47 39.44 39.42 39.42 39.43 39.45 39.44
40.33 40.45 40.42 40.31 40.22 40.1 40.05 40.05 40 39.95 39.92 39.86 39.85 39.95 40.13 40.19 40.25 40.34 40.34 40.3 40.26 40.19 40.15 40.14 40.13 40.06 39.98 39.94 39.91 39.89 39.88 39.92 39.93 39.84 39.82 39.81 39.76 39.67 39.57 39.45 39.1 38.69 38.49 38.68 39.02 39.15 39.2 39.32 39.5 39.54 39.56 39.61 39.68 39.74 39.76 39.69 39.53 39.44 39.39 39.31 39.31 39.37 39.41 39.44 39.41 39.4 39.42 39.48 39.51 39.5 39.49 39.48 39.45 39.42 39.38 39.36 39.4 39.44
40.18 40.3 40.32 40.29 40.23 40.13 40.07 40.03 40.01 40.03 40 39.93 39.87 39.92 40.06 40.12 40.18 40.25 40.26 40.24 40.21 40.16 40.1 40.05 40.03 39.99 39.92 39.9 39.91 39.9 39.87 39.91 39.9 39.82 39.8 39.82 39.82 39.77 39.69 39.51 39.1 38.71 38.56 38.74 39.03 39.13 39.14 39.23 39.38 39.44 39.45 39.47 39.54 39.63 39.67 39.65 39.54 39.49 39.42 39.29 39.27 39.35 39.43 39.5 39.5 39.48 39.48 39.52 39.58 39.59 39.55 39.51 39.47 39.45 39.41 39.39 39.41 39.46
40.04 40.16 40.22 40.22 40.17 40.09 40.01 39.96 39.98 40.07 40.07 40.03 39.92 39.9 39.99 40.06 40.11 40.17 40.17 40.16 40.15 40.1 40.03 40.01 40.01 40.03 40.02 40.01 39.97 39.87 39.82 39.84 39.81 39.75 39.78 39.82 39.88 39.87 39.81 39.59 39.13 38.79 38.69 38.82 39.04 39.11 39.15 39.23 39.34 39.39 39.39 39.38 39.44 39.54 39.61 39.64 39.57 39.51 39.41 39.22 39.18 39.29 39.37 39.5 39.55 39.54 39.53 39.55 39.61 39.63 39.58 39.52 39.48 39.47 39.47 39.53 39.6 39.66
39.87 40.04 40.15 40.16 40.08 39.96 39.86 39.82 39.93 40.09 40.15 40.15 40.07 39.98 39.99 40.03 40.06 40.1 40.1 40.08 40.06 40.01 39.95 39.95 40.02 40.1 40.12 40.09 39.99 39.85 39.79 39.79 39.76 39.73 39.77 39.8 39.87 39.93 39.89 39.66 39.25 38.99 38.89 38.9 39.04 39.1 39.15 39.24 39.33 39.39 39.39 39.38 39.42 39.5 39.57 39.62 39.57 39.5 39.4 39.19 39.14 39.24 39.33 39.47 39.54 39.54 39.52 39.53 39.58 39.62 39.6 39.54 39.51 39.51 39.55 39.72 39.92 40.03
39.57 39.79 39.94 39.96 39.88 39.76 39.73 39.79 39.92 40.1 40.19 40.2 40.22 40.15 40.1 40.09 40.08 40.07 40.07 40.03 39.95 39.92 39.87 39.9 40.01 40.1 40.1 40.07 39.99 39.9 39.86 39.83 39.79 39.79 39.84 39.85 39.87 39.95 39.92 39.73 39.47 39.29 39.15 39.03 39.07 39.08 39.11 39.21 39.32 39.38 39.38 39.38 39.42 39.48 39.53 39.57 39.53 39.47 39.4 39.24 39.17 39.23 39.33 39.46 39.52 39.51 39.5 39.49 39.5 39.56 39.6 39.55 39.55 39.55 39.6 39.8 40.06 40.24
39.29 39.42 39.67 39.75 39.67 39.58 39.67 39.77 39.91 40.1 40.21 40.23 40.26 40.28 40.23 40.21 40.16 40.09 40.04 39.97 39.88 39.85 39.83 39.88 39.98 40.03 40.01 40 39.99 40 40 39.95 39.88 39.89 39.92 39.91 39.9 39.94 39.92 39.78 39.58 39.41 39.29 39.09 38.99 38.95 38.98 39.11 39.29 39.36 39.38 39.38 39.4 39.44 39.48 39.53 39.49 39.44 39.41 39.31 39.22 39.26 39.38 39.47 39.5 39.49 39.46 39.43 39.42 39.47 39.54 39.55 39.56 39.59 39.64 39.8 40.02 40.21
39.12 39.21 39.42 39.53 39.47 39.48 39.65 39.77 39.91 40.1 40.23 40.26 40.29 40.33 40.31 40.28 40.2 40.1 40.01 39.93 39.85 39.85 39.86 39.89 39.95 39.96 39.96 39.99 40.06 40.12 40.12 40.05 39.95 39.93 39.93 39.9 39.88 39.9 39.89 39.8 39.58 39.39 39.26 39.01 38.79 38.69 38.74 38.94 39.19 39.33 39.38 39.44 39.45 39.45 39.47 39.48 39.45 39.43 39.43 39.38 39.29 39.33 39.45 39.49 39.49 39.48 39.44 39.39 39.36 39.4 39.47 39.52 39.53 39.57 39.65 39.75 39.84 39.98
38.93 39.02 39.2 39.31 39.31 39.44 39.63 39.75 39.91 40.11 40.24 40.28 40.3 40.31 40.32 40.29 40.22 40.12 40.04 39.96 39.91 39.94 39.94 39.96 39.97 39.95 39.97 40.01 40.12 40.2 40.19 40.12 39.99 39.92 39.92 39.91 39.89 39.87 39.87 39.82 39.65 39.44 39.29 38.97 38.62 38.42 38.49 38.73 39.02 39.2 39.33 39.51 39.55 39.53 39.51 39.47 39.43 39.43 39.45 39.42 39.36 39.4 39.48 39.51 39.51 39.47 39.42 39.36 39.32 39.34 39.39 39.42 39.41 39.45 39.54 39.6 39.61 39.74
