slabs/55.grd
DSAA
631 301
645150 645780
4947200 4947500
34.39 44.77
[rows 238 to 271 of 300, columns 390 to 467 of 631]
40.54 40.52 40.51 40.49 40.48 40.5 40.5 40.5 40.51 40.53 40.51 40.49 40.5 40.51 40.53 40.54 40.53 40.53 40.52 40.49 40.48 40.49 40.47 40.43 40.38 40.36 40.36 40.37 40.32 40.16 39.9 39.9 40.16 40.24 40.28 40.23 40.19 40.19 40.18 40.17 40.16 40.16 40.15 40.16 40.16 40.17 40.17 40.11 40.04 40.05 40.1 40.14 40.13 40.11 40.12 40.13 40.13 40.13 40.09 40.09 40.09 40.08 40.09 40.07 40.04 39.97 39.83 39.72 39.93 40.19 40.17 40.15 40.13 40.09 40.07 40.1 40.1 40.08
40.54 40.55 40.55 40.52 40.51 40.52 40.51 40.5 40.51 40.53 40.51 40.5 40.51 40.51 40.53 40.55 40.54 40.53 40.53 40.51 40.5 40.5 40.48 40.44 40.4 40.36 40.35 40.37 40.39 40.28 39.99 39.9 40.07 40.16 40.26 40.22 40.19 40.2 40.19 40.18 40.19 40.19 40.17 40.16 40.15 40.16 40.16 40.14 40.13 40.11 40.11 40.13 40.12 40.11 40.13 40.13 40.14 40.13 40.09 40.08 40.07 40.07 40.08 40.07 40.06 40.01 39.85 39.67 39.85 40.13 40.19 40.18 40.15 40.08 40.03 40.06 40.1 40.09
40.53 40.53 40.53 40.5 40.49 40.51 40.49 40.47 40.49 40.51 40.51 40.5 40.5 40.5 40.52 40.54 40.54 40.55 40.53 40.52 40.52 40.51 40.49 40.45 40.42 40.39 40.34 40.35 40.39 40.34 40.08 39.91 40.02 40.12 40.23 40.21 40.2 40.19 40.19 40.19 40.19 40.19 40.17 40.13 40.09 40.1 40.14 40.15 40.12 40.08 40.08 40.13 40.13 40.13 40.13 40.13 40.12 40.11 40.1 40.09 40.09 40.08 40.08 40.08 40.06 40.04 39.91 39.72 39.8 40.04 40.18 40.2 40.17 40.09 40.06 40.07 40.1 40.11
40.54 40.51 40.52 40.5 40.49 40.5 40.48 40.47 40.48 40.5 40.51 40.5 40.49 40.48 40.5 40.53 40.54 40.56 40.53 40.5 40.52 40.52 40.5 40.45 40.42 40.4 40.35 40.34 40.36 40.35 40.14 39.89 39.94 40.08 40.22 40.22 40.2 40.19 40.17 40.17 40.19 40.2 40.16 40.1 40.06 40.07 40.13 40.16 40.13 40.08 40.1 40.15 40.16 40.14 40.12 40.1 40.11 40.12 40.11 40.11 40.1 40.09 40.09 40.08 40.07 40.06 40.01 39.87 39.78 39.94 40.14 40.19 40.18 40.1 40.08 40.07 40.07 40.1
40.56 40.52 40.53 40.52 40.49 40.48 40.48 40.48 40.49 40.5 40.51 40.51 40.51 40.52 40.52 40.53 40.54 40.56 40.53 40.51 40.54 40.54 40.49 40.43 40.42 40.4 40.36 40.34 40.34 40.34 40.21 39.91 39.76 39.96 40.23 40.24 40.21 40.19 40.16 40.16 40.18 40.2 40.19 40.13 40.08 40.06 40.11 40.15 40.14 40.11 40.11 40.13 40.15 40.15 40.11 40.08 40.11 40.14 40.11 40.09 40.09 40.09 40.09 40.06 40.08 40.08 40.06 39.98 39.79 39.81 40.01 40.12 40.18 40.11 40.07 40.06 40.05 40.07
40.57 40.54 40.55 40.54 40.5 40.48 40.49 40.5 40.51 40.52 40.52 40.52 40.52 40.55 40.54 40.53 40.55 40.56 40.55 40.54 40.57 40.55 40.49 40.44 40.44 40.41 40.36 40.34 40.35 40.36 40.27 39.93 39.65 39.89 40.24 40.26 40.23 40.21 40.17 40.14 40.15 40.19 40.19 40.15 40.11 40.1 40.14 40.14 40.12 40.1 40.08 40.07 40.11 40.14 40.11 40.1 40.13 40.14 40.1 40.08 40.08 40.09 40.09 40.07 40.07 40.09 40.08 40.03 39.85 39.75 39.9 40.05 40.18 40.12 40.05 40.05 40.04 40.05
40.57 40.55 40.55 40.54 40.5 40.5 40.51 40.53 40.55 40.55 40.55 40.53 40.51 40.53 40.54 40.54 40.56 40.56 40.55 40.55 40.57 40.55 40.5 40.46 40.44 40.41 40.35 40.34 40.38 40.38 40.29 40 39.77 39.94 40.21 40.25 40.24 40.22 40.18 40.15 40.15 40.17 40.18 40.17 40.14 40.12 40.15 40.17 40.15 40.11 40.07 40.04 40.08 40.14 40.13 40.13 40.13 40.12 40.1 40.1 40.11 40.1 40.09 40.08 40.06 40.07 40.07 40.03 39.88 39.74 39.81 39.98 40.15 40.11 40.02 40.02 40.02 40.03
40.57 40.54 40.53 40.53 40.52 40.52 40.53 40.56 40.59 40.59 40.58 40.55 40.51 40.51 40.52 40.55 40.59 40.57 40.52 40.53 40.55 40.53 40.5 40.49 40.46 40.43 40.36 40.35 40.37 40.37 40.3 40.11 39.95 39.95 40.12 40.24 40.24 40.23 40.22 40.19 40.18 40.18 40.17 40.16 40.15 40.12 40.13 40.17 40.17 40.15 40.1 40.06 40.09 40.14 40.15 40.16 40.15 40.12 40.1 40.11 40.12 40.11 40.1 40.08 40.06 40.06 40.04 40.01 39.9 39.72 39.64 39.84 40.12 40.13 40.08 40.07 40.06 40.03
40.59 40.55 40.55 40.56 40.57 40.55 40.56 40.58 40.6 40.61 40.61 40.57 40.53 40.52 40.52 40.54 40.58 40.56 40.52 40.54 40.55 40.53 40.49 40.47 40.46 40.43 40.36 40.35 40.37 40.36 40.31 40.23 40.07 39.92 40.06 40.23 40.24 40.23 40.24 40.22 40.21 40.19 40.17 40.16 40.16 40.14 40.12 40.13 40.16 40.18 40.14 40.09 40.11 40.14 40.17 40.17 40.17 40.14 40.12 40.11 40.1 40.12 40.14 40.13 40.1 40.09 40.07 40.05 39.98 39.78 39.6 39.79 40.12 40.2 40.17 40.14 40.08 40.04
40.61 40.59 40.59 40.61 40.6 40.59 40.56 40.57 40.6 40.62 40.62 40.58 40.56 40.54 40.52 40.53 40.55 40.54 40.52 40.54 40.54 40.51 40.47 40.46 40.45 40.41 40.36 40.34 40.35 40.36 40.34 40.31 40.16 39.93 40.02 40.22 40.24 40.23 40.23 40.23 40.22 40.19 40.17 40.17 40.17 40.16 40.13 40.12 40.14 40.17 40.15 40.12 40.12 40.14 40.17 40.18 40.17 40.15 40.16 40.14 40.1 40.12 40.14 40.14 40.12 40.09 40.07 40.07 40.04 39.88 39.7 39.79 40.05 40.21 40.21 40.16 40.11 40.1
40.61 40.59 40.59 40.61 40.61 40.6 40.57 40.57 40.61 40.61 40.6 40.57 40.56 40.53 40.52 40.52 40.53 40.53 40.52 40.52 40.53 40.52 40.49 40.45 40.43 40.41 40.37 40.34 40.36 40.38 40.36 40.35 40.23 39.98 39.98 40.2 40.25 40.25 40.24 40.24 40.22 40.2 40.18 40.17 40.17 40.16 40.15 40.14 40.14 40.13 40.13 40.13 40.14 40.14 40.17 40.18 40.17 40.14 40.15 40.15 40.12 40.11 40.13 40.13 40.12 40.09 40.06 40.07 40.06 39.97 39.8 39.78 39.98 40.2 40.2 40.16 40.14 40.14
40.63 40.61 40.61 40.6 40.59 40.58 40.58 40.58 40.61 40.6 40.58 40.56 40.56 40.53 40.5 40.5 40.5 40.51 40.52 40.52 40.52 40.51 40.49 40.45 40.44 40.42 40.4 40.38 40.39 40.4 40.39 40.39 40.31 40.05 39.97 40.16 40.24 40.28 40.26 40.25 40.23 40.19 40.18 40.17 40.16 40.15 40.15 40.14 40.12 40.13 40.15 40.14 40.12 40.13 40.16 40.17 40.15 40.13 40.14 40.15 40.15 40.12 40.12 40.13 40.14 40.1 40.09 40.09 40.09 40.06 39.93 39.81 39.95 40.17 40.18 40.17 40.16 40.16
40.65 40.64 40.62 40.59 40.55 40.55 40.55 40.56 40.59 40.59 40.58 40.58 40.56 40.52 40.48 40.49 40.5 40.51 40.51 40.49 40.49 40.48 40.47 40.45 40.45 40.44 40.41 40.4 40.42 40.42 40.39 40.35 40.28 40.07 39.93 40.02 40.15 40.28 40.27 40.23 40.2 40.18 40.2 40.19 40.15 40.13 40.14 40.12 40.11 40.15 40.17 40.15 40.12 40.13 40.16 40.16 40.16 40.15 40.15 40.16 40.15 40.14 40.13 40.14 40.13 40.11 40.12 40.11 40.09 40.09 40 39.84 39.89 40.07 40.14 40.19 40.17 40.16
40.66 40.64 40.61 40.57 40.52 40.52 40.54 40.57 40.58 40.58 40.58 40.58 40.58 40.54 40.47 40.47 40.51 40.52 40.5 40.45 40.45 40.45 40.45 40.45 40.44 40.43 40.38 40.34 40.34 40.32 40.26 40.21 40.17 40.02 39.83 39.8 40 40.26 40.27 40.21 40.17 40.19 40.23 40.21 40.15 40.13 40.13 40.12 40.14 40.17 40.17 40.18 40.16 40.14 40.14 40.15 40.17 40.18 40.17 40.16 40.16 40.16 40.16 40.15 40.13 40.13 40.12 40.1 40.09 40.08 40.02 39.85 39.78 39.9 40.05 40.21 40.2 40.15
40.67 40.64 40.6 40.55 40.51 40.52 40.55 40.57 40.57 40.57 40.55 40.55 40.58 40.56 40.49 40.47 40.49 40.5 40.48 40.44 40.43 40.42 40.4 40.41 40.38 40.32 40.27 40.22 40.19 40.15 40.11 40.1 40.1 40 39.82 39.75 39.95 40.24 40.28 40.24 40.22 40.23 40.25 40.22 40.16 40.15 40.15 40.15 40.16 40.19 40.21 40.22 40.19 40.15 40.12 40.13 40.17 40.18 40.16 40.16 40.16 40.18 40.19 40.18 40.16 40.15 40.14 40.12 40.1 40.1 40.07 39.92 39.75 39.74 39.92 40.2 40.24 40.18
40.7 40.67 40.62 40.56 40.53 40.53 40.55 40.57 40.57 40.57 40.54 40.53 40.56 40.57 40.53 40.48 40.47 40.45 40.4 40.37 40.35 40.3 40.24 40.24 40.23 40.17 40.14 40.12 40.11 40.11 40.12 40.13 40.11 40.05 39.94 39.86 39.96 40.21 40.28 40.27 40.28 40.25 40.23 40.21 40.19 40.19 40.18 40.15 40.14 40.19 40.23 40.23 40.2 40.14 40.07 40.09 40.14 40.17 40.18 40.17 40.18 40.21 40.21 40.19 40.18 40.17 40.18 40.16 40.11 40.1 40.09 40 39.79 39.67 39.84 40.15 40.26 40.26
40.71 40.68 40.63 40.58 40.54 40.53 40.54 40.57 40.58 40.56 40.53 40.52 40.53 40.54 40.49 40.45 40.42 40.33 40.24 40.2 40.19 40.15 40.1 40.08 40.09 40.1 40.11 40.12 40.12 40.12 40.14 40.16 40.14 40.1 40.07 39.96 39.94 40.21 40.35 40.33 40.3 40.25 40.2 40.19 40.2 40.21 40.19 40.15 40.13 40.17 40.21 40.22 40.21 40.14 40.04 40.06 40.13 40.2 40.22 40.2 40.21 40.24 40.23 40.2 40.18 40.15 40.16 40.16 40.12 40.09 40.07 40 39.84 39.71 39.83 40.11 40.28 40.3
40.7 40.67 40.63 40.58 40.54 40.54 40.55 40.57 40.56 40.51 40.44 40.42 40.45 40.42 40.34 40.3 40.26 40.18 40.14 40.11 40.1 40.08 40.09 40.09 40.1 40.1 40.11 40.14 40.12 40.11 40.13 40.13 40.12 40.11 40.11 40 39.95 40.24 40.41 40.37 40.29 40.24 40.19 40.19 40.21 40.21 40.19 40.17 40.14 40.16 40.18 40.2 40.22 40.17 40.1 40.07 40.15 40.23 40.24 40.23 40.24 40.26 40.24 40.22 40.18 40.11 40.14 40.17 40.13 40.12 40.1 40.07 39.95 39.79 39.85 40.09 40.3 40.32
40.69 40.66 40.6 40.55 40.52 40.52 40.53 40.54 40.5 40.39 40.29 40.26 40.27 40.24 40.19 40.16 40.14 40.13 40.14 40.13 40.1 40.08 40.1 40.11 40.11 40.12 40.13 40.15 40.14 40.12 40.11 40.1 40.11 40.11 40.11 40.02 39.98 40.22 40.42 40.39 40.31 40.23 40.2 40.21 40.23 40.23 40.21 40.2 40.18 40.19 40.21 40.22 40.23 40.23 40.19 40.14 40.18 40.22 40.23 40.25 40.26 40.26 40.26 40.25 40.2 40.15 40.16 40.17 40.14 40.12 40.12 40.12 40.01 39.83 39.82 40.04 40.28 40.31
40.63 40.61 40.52 40.44 40.4 40.36 40.34 40.36 40.33 40.24 40.18 40.17 40.16 40.15 40.15 40.15 40.14 40.14 40.14 40.13 40.11 40.1 40.12 40.12 40.13 40.14 40.14 40.15 40.15 40.13 40.11 40.1 40.11 40.11 40.11 40.04 39.96 40.14 40.4 40.42 40.35 40.26 40.23 40.23 40.24 40.24 40.24 40.22 40.21 40.23 40.22 40.22 40.25 40.25 40.22 40.19 40.21 40.24 40.25 40.27 40.27 40.26 40.27 40.27 40.24 40.21 40.19 40.18 40.17 40.14 40.15 40.15 40.09 39.96 39.83 39.97 40.21 40.29
40.43 40.42 40.35 40.26 40.22 40.17 40.15 40.17 40.18 40.17 40.15 40.15 40.14 40.14 40.16 40.17 40.16 40.13 40.12 40.12 40.12 40.12 40.12 40.13 40.14 40.15 40.13 40.14 40.16 40.15 40.14 40.14 40.13 40.12 40.13 40.08 39.94 40.03 40.33 40.39 40.38 40.31 40.27 40.25 40.24 40.26 40.27 40.24 40.21 40.24 40.22 40.21 40.25 40.24 40.22 40.19 40.21 40.25 40.26 40.27 40.27 40.25 40.26 40.28 40.27 40.26 40.23 40.21 40.22 40.2 40.18 40.18 40.17 40.08 39.88 39.9 40.12 40.25
40.23 40.22 40.19 40.15 40.15 40.15 40.15 40.16 40.16 40.15 40.14 40.13 40.14 40.14 40.16 40.17 40.16 40.13 40.11 40.11 40.12 40.13 40.13 40.13 40.16 40.17 40.15 40.15 40.17 40.17 40.17 40.16 40.14 40.14 40.14 40.11 39.96 39.97 40.24 40.34 40.4 40.37 40.32 40.27 40.25 40.26 40.28 40.28 40.25 40.28 40.27 40.22 40.23 40.23 40.24 40.23 40.22 40.22 40.24 40.26 40.25 40.24 40.25 40.27 40.28 40.27 40.26 40.25 40.25 40.23 40.18 40.18 40.18 40.14 39.95 39.85 40.01 40.17
40.17 40.17 40.16 40.15 40.15 40.16 40.15 40.15 40.14 40.14 40.15 40.14 40.15 40.15 40.15 40.16 40.15 40.13 40.12 40.12 40.13 40.15 40.16 40.16 40.17 40.19 40.18 40.17 40.18 40.19 40.18 40.16 40.14 40.14 40.14 40.12 39.99 39.94 40.15 40.3 40.43 40.41 40.36 40.29 40.27 40.26 40.28 40.3 40.3 40.31 40.27 40.21 40.23 40.25 40.25 40.26 40.24 40.24 40.25 40.27 40.26 40.26 40.26 40.27 40.28 40.27 40.26 40.27 40.27 40.25 40.19 40.18 40.19 40.17 40 39.81 39.84 40.05
40.16 40.15 40.15 40.15 40.14 40.15 40.15 40.15 40.13 40.13 40.14 40.14 40.15 40.16 40.16 40.15 40.15 40.16 40.14 40.15 40.16 40.16 40.17 40.19 40.19 40.18 40.19 40.17 40.16 40.18 40.19 40.17 40.15 40.15 40.15 40.14 40.03 39.93 40.02 40.23 40.44 40.42 40.38 40.32 40.29 40.3 40.31 40.33 40.33 40.3 40.26 40.23 40.27 40.3 40.28 40.26 40.24 40.26 40.26 40.27 40.28 40.29 40.28 40.28 40.29 40.28 40.28 40.29 40.28 40.27 40.22 40.2 40.21 40.2 40.05 39.79 39.67 39.91
40.16 40.15 40.13 40.12 40.13 40.13 40.15 40.15 40.14 40.12 40.13 40.12 40.14 40.16 40.17 40.16 40.16 40.16 40.15 40.16 40.17 40.16 40.16 40.18 40.19 40.17 40.18 40.17 40.16 40.18 40.19 40.18 40.15 40.15 40.16 40.15 40.08 39.97 39.98 40.22 40.46 40.41 40.38 40.34 40.31 40.31 40.33 40.36 40.34 40.3 40.28 40.27 40.29 40.31 40.29 40.25 40.24 40.26 40.26 40.26 40.28 40.29 40.3 40.29 40.3 40.3 40.3 40.29 40.28 40.27 40.25 40.22 40.21 40.19 40.07 39.81 39.62 39.81
40.16 40.14 40.12 40.11 40.12 40.14 40.14 40.15 40.14 40.12 40.12 40.11 40.13 40.15 40.15 40.15 40.16 40.16 40.15 40.16 40.15 40.15 40.16 40.17 40.19 40.18 40.18 40.18 40.17 40.17 40.17 40.15 40.15 40.16 40.17 40.16 40.11 40.05 40.02 40.2 40.45 40.41 40.38 40.35 40.31 40.29 40.32 40.38 40.4 40.37 40.33 40.28 40.27 40.29 40.29 40.26 40.25 40.26 40.25 40.24 40.26 40.29 40.3 40.29 40.3 40.3 40.3 40.28 40.27 40.27 40.26 40.23 40.2 40.19 40.1 39.88 39.71 39.82
40.15 40.14 40.12 40.13 40.14 40.15 40.14 40.14 40.14 40.14 40.13 40.13 40.14 40.14 40.15 40.14 40.15 40.17 40.18 40.17 40.15 40.14 40.14 40.16 40.18 40.18 40.18 40.18 40.16 40.15 40.14 40.13 40.15 40.19 40.19 40.16 40.14 40.13 40.05 40.12 40.4 40.46 40.43 40.38 40.34 40.31 40.33 40.39 40.43 40.42 40.36 40.28 40.26 40.28 40.3 40.3 40.3 40.29 40.26 40.25 40.26 40.29 40.3 40.3 40.32 40.32 40.31 40.3 40.29 40.28 40.25 40.22 40.21 40.21 40.15 40.01 39.9 39.86
40.15 40.16 40.15 40.15 40.15 40.15 40.14 40.13 40.14 40.15 40.14 40.14 40.15 40.16 40.17 40.15 40.15 40.17 40.18 40.17 40.16 40.14 40.13 40.14 40.16 40.17 40.17 40.17 40.16 40.16 40.15 40.13 40.16 40.2 40.19 40.16 40.15 40.16 40.05 40.03 40.33 40.5 40.47 40.41 40.37 40.34 40.34 40.38 40.43 40.43 40.38 40.32 40.33 40.34 40.34 40.35 40.35 40.33 40.27 40.25 40.25 40.27 40.3 40.3 40.31 40.33 40.34 40.32 40.31 40.28 40.24 40.22 40.22 40.21 40.18 40.14 40.08 39.91
40.15 40.16 40.15 40.15 40.13 40.13 40.13 40.13 40.14 40.14 40.15 40.15 40.15 40.14 40.14 40.14 40.14 40.15 40.17 40.16 40.16 40.16 40.14 40.15 40.17 40.17 40.17 40.16 40.16 40.15 40.15 40.15 40.16 40.18 40.18 40.17 40.16 40.16 40.04 39.98 40.26 40.49 40.46 40.4 40.37 40.34 40.34 40.38 40.43 40.45 40.41 40.38 40.42 40.41 40.38 40.37 40.36 40.35 40.3 40.25 40.23 40.24 40.26 40.27 40.26 40.3 40.32 40.31 40.32 40.3 40.26 40.24 40.24 40.22 40.2 40.19 40.13 39.93
40.15 40.15 40.16 40.15 40.12 40.11 40.12 40.13 40.13 40.13 40.15 40.16 40.14 40.12 40.12 40.13 40.15 40.15 40.17 40.16 40.14 40.15 40.16 40.17 40.17 40.17 40.17 40.17 40.16 40.14 40.15 40.16 40.16 40.16 40.18 40.19 40.18 40.17 40.09 39.98 40.16 40.39 40.39 40.38 40.39 40.37 40.36 40.39 40.45 40.46 40.45 40.41 40.4 40.39 40.38 40.37 40.34 40.35 40.34 40.28 40.24 40.24 40.26 40.29 40.29 40.31 40.32 40.3 40.3 40.29 40.28 40.27 40.26 40.22 40.21 40.2 40.16 39.97
40.15 40.15 40.15 40.15 40.13 40.13 40.15 40.15 40.13 40.13 40.15 40.15 40.15 40.13 40.13 40.14 40.14 40.15 40.15 40.14 40.13 40.15 40.17 40.17 40.16 40.16 40.16 40.16 40.15 40.14 40.14 40.16 40.17 40.17 40.2 40.22 40.19 40.19 40.15 40 39.96 40.09 40.17 40.31 40.39 40.39 40.37 40.4 40.46 40.48 40.49 40.44 40.39 40.38 40.37 40.38 40.37 40.37 40.35 40.29 40.27 40.28 40.3 40.31 40.33 40.34 40.33 40.31 40.29 40.28 40.29 40.29 40.28 40.25 40.23 40.22 40.18 40
40.14 40.14 40.13 40.14 40.15 40.15 40.17 40.16 40.14 40.13 40.14 40.15 40.15 40.14 40.14 40.14 40.14 40.14 40.15 40.14 40.14 40.16 40.17 40.17 40.15 40.15 40.15 40.15 40.15 40.14 40.15 40.16 40.17 40.18 40.2 40.21 40.2 40.2 40.17 39.98 39.73 39.76 39.97 40.23 40.36 40.37 40.37 40.42 40.46 40.48 40.48 40.45 40.44 40.42 40.38 40.39 40.39 40.38 40.37 40.33 40.29 40.3 40.31 40.31 40.33 40.34 40.32 40.31 40.3 40.28 40.28 40.27 40.28 40.27 40.25 40.24 40.2 40.03
40.14 40.14 40.14 40.14 40.14 40.15 40.15 40.15 40.14 40.13 40.14 40.14 40.14 40.15 40.14 40.14 40.14 40.14 40.15 40.14 40.14 40.15 40.17 40.18 40.15 40.16 40.16 40.16 40.16 40.16 40.15 40.15 40.17 40.18 40.18 40.19 40.21 40.2 40.18 39.99 39.71 39.69 39.92 40.21 40.35 40.36 40.37 40.43 40.46 40.47 40.45 40.44 40.46 40.42 40.39 40.41 40.4 40.39 40.38 40.36 40.32 40.32 40.31 40.31 40.31 40.33 40.33 40.33 40.31 40.29 40.27 40.27 40.27 40.27 40.26 40.26 40.24 40.11
40.15 40.14 40.14 40.13 40.13 40.14 40.13 40.14 40.15 40.15 40.16 40.15 40.15 40.17 40.16 40.15 40.15 40.14 40.14 40.14 40.14 40.15 40.17 40.17 40.16 40.15 40.15 40.14 40.15 40.15 40.14 40.14 40.16 40.16 40.17 40.19 40.21 40.2 40.18 40.05 39.85 39.78 39.92 40.24 40.39 40.39 40.38 40.43 40.46 40.48 40.48 40.45 40.43 40.42 40.42 40.42 40.41 40.4 40.38 40.36 40.33 40.31 40.31 40.31 40.31 40.32 40.34 40.35 40.33 40.31 40.29 40.28 40.28 40.27 40.27 40.26 40.26 40.18
