slabs/55.grd
DSAA
631 301
645150 645780
4947200 4947500
34.39 44.77
[rows 204 to 237 of 300, columns 546 to 623 of 631]
40.93 40.92 40.92 40.91 40.9 40.89 40.87 40.86 40.85 40.82 40.8 40.79 40.77 40.75 40.75 40.76 40.76 40.77 40.77 40.77 40.78 40.79 40.8 40.81 40.82 40.82 40.82 40.8 40.77 40.71 40.67 40.62 40.53 40.47 40.42 40.34 40.25 40.19 40.15 40.08 40.02 39.98 39.97 39.96 39.97 39.98 39.99 40.01 40.02 40.11 40.25 40.23 40.08 40.01 40.16 40.42 40.51 40.43 40.15 39.97 40 40.04 40.1 40.09 40.07 40.09 40.12 40.11 40.11 40.1 40.09 40.07 40.07 40.1 40.12 40.08 40.06 40.07
40.92 40.9 40.89 40.89 40.88 40.87 40.86 40.84 40.81 40.78 40.77 40.76 40.77 40.77 40.77 40.77 40.78 40.78 40.79 40.8 40.81 40.82 40.82 40.82 40.81 40.79 40.77 40.74 40.67 40.61 40.56 40.48 40.39 40.33 40.29 40.21 40.13 40.08 40.05 40.01 39.99 39.99 39.99 40 40.05 40.11 40.15 40.24 40.32 40.44 40.57 40.57 40.37 40.04 40.01 40.36 40.52 40.46 40.23 40.04 39.99 40.02 40.08 40.09 40.08 40.1 40.12 40.11 40.1 40.09 40.07 40.07 40.08 40.11 40.12 40.1 40.08 40.1
40.9 40.89 40.89 40.88 40.86 40.83 40.81 40.8 40.78 40.77 40.78 40.78 40.78 40.78 40.78 40.79 40.8 40.82 40.83 40.83 40.83 40.83 40.82 40.81 40.77 40.72 40.68 40.62 40.53 40.47 40.43 40.34 40.26 40.2 40.16 40.1 40.05 40.03 40.02 40.02 40.04 40.05 40.07 40.13 40.24 40.34 40.42 40.54 40.63 40.69 40.7 40.69 40.67 40.33 40 40.31 40.5 40.46 40.25 40.05 40 40.03 40.07 40.09 40.08 40.1 40.13 40.11 40.08 40.08 40.07 40.08 40.12 40.14 40.14 40.11 40.1 40.11
40.89 40.88 40.86 40.85 40.82 40.79 40.78 40.78 40.78 40.79 40.79 40.79 40.8 40.81 40.81 40.82 40.83 40.83 40.84 40.83 40.82 40.8 40.79 40.74 40.67 40.61 40.56 40.48 40.39 40.34 40.29 40.21 40.14 40.1 40.09 40.07 40.06 40.06 40.06 40.09 40.14 40.19 40.26 40.39 40.52 40.59 40.63 40.69 40.71 40.71 40.72 40.73 40.75 40.45 40.02 40.18 40.44 40.44 40.29 40.08 39.97 40 40.07 40.09 40.08 40.1 40.13 40.12 40.09 40.07 40.07 40.07 40.1 40.13 40.13 40.12 40.11 40.11
40.87 40.84 40.82 40.81 40.8 40.8 40.79 40.79 40.8 40.8 40.81 40.81 40.83 40.83 40.84 40.84 40.84 40.83 40.82 40.81 40.77 40.74 40.7 40.62 40.53 40.46 40.42 40.34 40.26 40.2 40.17 40.13 40.1 40.08 40.09 40.1 40.11 40.11 40.15 40.24 40.36 40.46 40.52 40.62 40.69 40.71 40.71 40.72 40.72 40.73 40.73 40.74 40.74 40.52 40.09 40.1 40.37 40.39 40.31 40.07 39.88 39.92 40.03 40.07 40.07 40.09 40.13 40.14 40.12 40.09 40.08 40.07 40.08 40.11 40.12 40.13 40.12 40.09
40.83 40.81 40.8 40.8 40.81 40.81 40.81 40.81 40.82 40.83 40.83 40.84 40.84 40.84 40.85 40.84 40.82 40.8 40.78 40.74 40.66 40.6 40.56 40.47 40.37 40.27 40.24 40.2 40.17 40.14 40.13 40.13 40.12 40.13 40.13 40.15 40.22 40.27 40.35 40.49 40.6 40.66 40.69 40.71 40.71 40.72 40.73 40.73 40.73 40.74 40.75 40.75 40.75 40.6 40.22 40.1 40.3 40.37 40.37 40.13 39.87 39.89 39.99 40.05 40.08 40.09 40.13 40.16 40.15 40.12 40.11 40.1 40.1 40.11 40.13 40.14 40.13 40.11
40.81 40.81 40.81 40.81 40.82 40.82 40.83 40.83 40.84 40.85 40.85 40.85 40.84 40.83 40.82 40.79 40.76 40.72 40.68 40.6 40.48 40.4 40.36 40.29 40.23 40.16 40.14 40.14 40.15 40.15 40.15 40.15 40.17 40.19 40.23 40.32 40.46 40.55 40.6 40.67 40.71 40.71 40.72 40.73 40.73 40.73 40.74 40.75 40.75 40.75 40.76 40.77 40.77 40.68 40.34 40.11 40.22 40.34 40.42 40.27 40.07 39.99 39.98 40.03 40.06 40.08 40.11 40.15 40.15 40.14 40.13 40.13 40.11 40.11 40.13 40.14 40.14 40.14
40.82 40.83 40.83 40.83 40.84 40.85 40.85 40.85 40.86 40.86 40.85 40.83 40.81 40.8 40.75 40.65 40.59 40.54 40.49 40.4 40.29 40.23 40.21 40.18 40.17 40.17 40.17 40.17 40.17 40.17 40.18 40.22 40.31 40.39 40.45 40.57 40.66 40.7 40.71 40.72 40.73 40.73 40.74 40.74 40.75 40.75 40.75 40.76 40.76 40.77 40.77 40.78 40.78 40.73 40.44 40.14 40.18 40.3 40.42 40.38 40.27 40.09 39.96 39.99 40.02 40.05 40.07 40.1 40.12 40.12 40.13 40.13 40.1 40.08 40.12 40.14 40.14 40.14
40.84 40.84 40.85 40.85 40.86 40.86 40.86 40.86 40.84 40.83 40.81 40.75 40.69 40.66 40.6 40.48 40.4 40.34 40.3 40.25 40.21 40.2 40.2 40.2 40.2 40.2 40.2 40.21 40.24 40.27 40.31 40.43 40.55 40.62 40.66 40.71 40.72 40.73 40.73 40.74 40.74 40.75 40.75 40.76 40.76 40.76 40.77 40.78 40.78 40.78 40.78 40.78 40.78 40.75 40.53 40.2 40.12 40.21 40.38 40.41 40.36 40.15 39.96 39.97 39.99 40.01 40.02 40.03 40.06 40.11 40.12 40.12 40.11 40.09 40.12 40.15 40.15 40.14
40.86 40.86 40.86 40.86 40.86 40.85 40.84 40.83 40.79 40.75 40.71 40.62 40.53 40.47 40.43 40.35 40.29 40.26 40.24 40.23 40.23 40.23 40.23 40.23 40.23 40.23 40.25 40.31 40.41 40.5 40.55 40.64 40.7 40.72 40.72 40.73 40.73 40.74 40.75 40.75 40.75 40.76 40.77 40.77 40.77 40.78 40.78 40.79 40.79 40.79 40.78 40.78 40.77 40.76 40.61 40.37 40.15 40.09 40.33 40.44 40.44 40.24 39.96 39.88 39.94 40.01 40.01 39.99 40.04 40.12 40.12 40.11 40.12 40.13 40.13 40.15 40.14 40.11
40.87 40.86 40.85 40.85 40.84 40.82 40.8 40.75 40.67 40.61 40.57 40.48 40.4 40.35 40.32 40.28 40.26 40.26 40.26 40.26 40.26 40.26 40.25 40.27 40.3 40.33 40.4 40.52 40.63 40.7 40.71 40.72 40.74 40.74 40.74 40.75 40.75 40.75 40.76 40.77 40.77 40.77 40.78 40.78 40.78 40.79 40.79 40.79 40.79 40.78 40.77 40.76 40.75 40.75 40.68 40.56 40.28 40.05 40.28 40.41 40.44 40.29 39.97 39.85 39.91 40.01 40.04 40 40.05 40.13 40.13 40.11 40.13 40.14 40.13 40.14 40.11 40.05
40.86 40.84 40.84 40.82 40.78 40.75 40.71 40.62 40.54 40.48 40.44 40.36 40.31 40.29 40.29 40.29 40.29 40.28 40.28 40.28 40.29 40.3 40.33 40.4 40.5 40.57 40.61 40.69 40.72 40.74 40.74 40.74 40.74 40.75 40.76 40.76 40.76 40.77 40.77 40.78 40.79 40.79 40.79 40.79 40.79 40.79 40.78 40.78 40.77 40.77 40.75 40.75 40.74 40.73 40.69 40.63 40.35 40.02 40.17 40.3 40.34 40.29 40.04 39.91 39.93 40.01 40.04 39.99 40.03 40.12 40.14 40.12 40.12 40.13 40.11 40.11 40.09 40.05
40.84 40.82 40.81 40.75 40.68 40.62 40.57 40.49 40.42 40.38 40.35 40.31 40.31 40.31 40.31 40.31 40.31 40.31 40.31 40.33 40.38 40.43 40.5 40.6 40.69 40.72 40.72 40.74 40.74 40.74 40.75 40.76 40.76 40.76 40.77 40.78 40.78 40.78 40.79 40.79 40.8 40.8 40.79 40.79 40.79 40.78 40.77 40.76 40.76 40.75 40.74 40.73 40.72 40.69 40.67 40.64 40.39 39.97 40.01 40.23 40.32 40.3 40.05 39.88 39.91 40 40.04 40.02 40.03 40.1 40.14 40.13 40.11 40.11 40.1 40.1 40.1 40.08
40.79 40.76 40.71 40.62 40.53 40.47 40.44 40.39 40.36 40.34 40.34 40.33 40.34 40.34 40.34 40.34 40.35 40.37 40.4 40.48 40.56 40.61 40.68 40.73 40.75 40.75 40.75 40.75 40.75 40.76 40.76 40.77 40.78 40.78 40.79 40.8 40.8 40.8 40.8 40.8 40.8 40.79 40.78 40.78 40.78 40.77 40.76 40.75 40.75 40.73 40.71 40.69 40.68 40.65 40.62 40.59 40.42 40.03 39.94 40.2 40.32 40.34 40.1 39.92 39.91 39.98 40.05 40.03 40.04 40.09 40.13 40.13 40.12 40.11 40.1 40.09 40.09 40.09
40.68 40.62 40.58 40.5 40.43 40.39 40.38 40.37 40.37 40.36 40.36 40.36 40.36 40.36 40.37 40.4 40.47 40.52 40.58 40.67 40.71 40.73 40.75 40.76 40.75 40.75 40.76 40.77 40.77 40.78 40.79 40.8 40.8 40.81 40.81 40.82 40.82 40.81 40.8 40.79 40.79 40.78 40.77 40.77 40.76 40.76 40.74 40.73 40.72 40.7 40.67 40.65 40.63 40.6 40.57 40.55 40.45 40.1 39.91 40.13 40.29 40.36 40.18 40.02 39.95 39.97 40.04 40.05 40.07 40.09 40.12 40.12 40.12 40.11 40.1 40.09 40.07 40.07
40.55 40.5 40.47 40.43 40.4 40.39 40.39 40.39 40.39 40.39 40.39 40.39 40.4 40.42 40.47 40.57 40.64 40.69 40.73 40.76 40.77 40.76 40.76 40.76 40.77 40.78 40.78 40.79 40.79 40.8 40.82 40.82 40.82 40.82 40.81 40.81 40.81 40.8 40.79 40.79 40.78 40.77 40.76 40.76 40.75 40.73 40.71 40.7 40.68 40.65 40.62 40.6 40.59 40.56 40.53 40.51 40.44 40.15 39.9 40.01 40.21 40.39 40.3 40.17 40.01 39.97 40.02 40.05 40.07 40.08 40.12 40.13 40.13 40.1 40.09 40.08 40.06 40.06
40.47 40.44 40.44 40.43 40.42 40.42 40.42 40.42 40.42 40.42 40.43 40.48 40.52 40.57 40.66 40.73 40.76 40.77 40.77 40.77 40.77 40.77 40.78 40.79 40.79 40.8 40.81 40.82 40.82 40.83 40.83 40.82 40.82 40.82 40.8 40.8 40.79 40.79 40.77 40.77 40.77 40.76 40.74 40.74 40.72 40.7 40.67 40.65 40.64 40.61 40.58 40.56 40.54 40.52 40.49 40.48 40.44 40.22 39.94 39.89 40.1 40.39 40.36 40.28 40.09 39.97 39.99 40.02 40.05 40.06 40.1 40.12 40.13 40.1 40.08 40.07 40.04 40.05
40.45 40.45 40.45 40.45 40.44 40.44 40.44 40.45 40.47 40.5 40.55 40.64 40.7 40.73 40.77 40.78 40.78 40.78 40.78 40.78 40.79 40.79 40.8 40.81 40.81 40.82 40.83 40.83 40.84 40.83 40.82 40.81 40.81 40.8 40.8 40.78 40.78 40.77 40.76 40.76 40.75 40.73 40.71 40.7 40.68 40.65 40.62 40.61 40.59 40.56 40.53 40.51 40.5 40.48 40.48 40.49 40.49 40.36 40.13 39.97 40.03 40.3 40.33 40.3 40.16 39.96 39.93 39.98 40.03 40.02 40.04 40.08 40.13 40.12 40.1 40.09 40.06 40.06
40.47 40.47 40.47 40.47 40.48 40.5 40.5 40.54 40.6 40.65 40.7 40.75 40.78 40.78 40.78 40.78 40.78 40.79 40.79 40.8 40.8 40.81 40.82 40.83 40.83 40.84 40.84 40.83 40.83 40.82 40.81 40.8 40.8 40.79 40.78 40.77 40.76 40.76 40.75 40.74 40.73 40.7 40.67 40.65 40.64 40.61 40.58 40.56 40.55 40.52 40.5 40.49 40.49 40.51 40.53 40.55 40.58 40.55 40.48 40.28 40.03 40.18 40.34 40.36 40.26 39.99 39.84 39.92 40.01 39.98 40 40.05 40.13 40.14 40.12 40.11 40.09 40.07
40.52 40.52 40.52 40.52 40.59 40.68 40.67 40.69 40.73 40.76 40.78 40.78 40.78 40.78 40.79 40.8 40.8 40.8 40.81 40.82 40.83 40.83 40.84 40.84 40.84 40.83 40.83 40.82 40.81 40.81 40.8 40.79 40.78 40.77 40.76 40.75 40.75 40.74 40.71 40.7 40.68 40.65 40.63 40.61 40.59 40.56 40.54 40.52 40.52 40.51 40.51 40.52 40.55 40.59 40.64 40.67 40.69 40.7 40.72 40.52 40.08 40.1 40.37 40.43 40.37 40.08 39.78 39.85 40.01 40.02 39.99 40.04 40.13 40.16 40.14 40.12 40.1 40.07
40.63 40.67 40.68 40.68 40.73 40.81 40.8 40.78 40.77 40.78 40.78 40.79 40.79 40.8 40.8 40.81 40.82 40.82 40.83 40.84 40.85 40.85 40.84 40.83 40.83 40.82 40.81 40.81 40.8 40.79 40.78 40.78 40.77 40.76 40.75 40.73 40.72 40.7 40.67 40.66 40.64 40.61 40.58 40.56 40.55 40.54 40.52 40.52 40.54 40.58 40.62 40.63 40.66 40.7 40.74 40.75 40.75 40.74 40.73 40.58 40.19 40.06 40.27 40.36 40.37 40.1 39.8 39.84 39.99 40.06 40.04 40.06 40.11 40.16 40.15 40.12 40.1 40.06
40.77 40.81 40.81 40.81 40.8 40.79 40.78 40.78 40.79 40.79 40.8 40.8 40.81 40.81 40.83 40.83 40.84 40.85 40.85 40.85 40.85 40.84 40.83 40.83 40.82 40.81 40.8 40.79 40.78 40.77 40.76 40.76 40.76 40.74 40.72 40.7 40.68 40.66 40.63 40.61 40.6 40.57 40.55 40.53 40.55 40.58 40.59 40.6 40.64 40.69 40.73 40.73 40.75 40.75 40.75 40.75 40.73 40.73 40.72 40.64 40.32 40.05 40.16 40.29 40.37 40.16 39.91 39.88 39.94 40.01 40.03 40.07 40.1 40.13 40.13 40.11 40.07 40.04
40.83 40.82 40.8 40.79 40.78 40.79 40.79 40.8 40.81 40.81 40.81 40.82 40.83 40.84 40.85 40.86 40.85 40.85 40.85 40.84 40.84 40.83 40.82 40.81 40.8 40.79 40.78 40.77 40.77 40.76 40.75 40.74 40.73 40.7 40.67 40.64 40.63 40.61 40.59 40.58 40.57 40.58 40.58 40.58 40.62 40.67 40.7 40.72 40.74 40.75 40.76 40.76 40.75 40.74 40.73 40.73 40.72 40.7 40.69 40.64 40.33 40 40.05 40.21 40.37 40.27 40.06 39.92 39.89 39.97 40.01 40.08 40.1 40.1 40.12 40.12 40.08 40.06
40.8 40.8 40.79 40.79 40.8 40.8 40.81 40.82 40.83 40.83 40.84 40.85 40.86 40.86 40.86 40.85 40.85 40.84 40.83 40.83 40.82 40.81 40.8 40.78 40.78 40.77 40.77 40.77 40.76 40.74 40.71 40.69 40.68 40.65 40.61 40.58 40.58 40.58 40.59 40.59 40.6 40.64 40.66 40.68 40.71 40.74 40.75 40.76 40.76 40.75 40.75 40.74 40.73 40.72 40.72 40.71 40.69 40.66 40.63 40.58 40.29 39.95 39.92 40.11 40.35 40.35 40.21 39.97 39.91 40.02 40.04 40.08 40.1 40.09 40.11 40.13 40.1 40.08
40.8 40.8 40.81 40.81 40.82 40.82 40.83 40.84 40.85 40.86 40.86 40.86 40.87 40.86 40.85 40.85 40.84 40.83 40.82 40.81 40.8 40.79 40.78 40.77 40.77 40.76 40.75 40.75 40.73 40.69 40.65 40.63 40.62 40.59 40.57 40.56 40.57 40.6 40.63 40.66 40.68 40.71 40.73 40.74 40.76 40.76 40.76 40.75 40.75 40.74 40.74 40.73 40.72 40.7 40.69 40.67 40.64 40.6 40.57 40.53 40.31 39.97 39.86 40.02 40.31 40.36 40.29 40.05 39.94 40 40.04 40.08 40.1 40.09 40.1 40.15 40.13 40.11
40.81 40.82 40.82 40.83 40.84 40.85 40.86 40.87 40.87 40.87 40.87 40.86 40.85 40.85 40.84 40.83 40.82 40.81 40.79 40.79 40.78 40.77 40.77 40.76 40.75 40.72 40.7 40.68 40.66 40.63 40.59 40.57 40.58 40.59 40.6 40.61 40.64 40.68 40.71 40.72 40.75 40.76 40.77 40.76 40.76 40.75 40.74 40.74 40.73 40.73 40.72 40.71 40.69 40.65 40.63 40.61 40.57 40.53 40.5 40.49 40.35 40.13 39.95 39.95 40.23 40.34 40.31 40.13 39.94 39.93 39.98 40.05 40.09 40.08 40.1 40.16 40.16 40.12
40.83 40.83 40.85 40.86 40.87 40.87 40.87 40.87 40.87 40.86 40.86 40.85 40.84 40.83 40.82 40.81 40.81 40.79 40.78 40.78 40.77 40.75 40.73 40.72 40.7 40.66 40.63 40.61 40.6 40.59 40.59 40.59 40.61 40.65 40.67 40.69 40.72 40.75 40.76 40.76 40.77 40.76 40.75 40.75 40.75 40.74 40.73 40.73 40.72 40.7 40.69 40.67 40.63 40.59 40.57 40.55 40.51 40.48 40.46 40.46 40.42 40.36 40.16 39.97 40.17 40.33 40.32 40.18 39.97 39.87 39.92 40.02 40.06 40.05 40.08 40.15 40.15 40.13
40.86 40.86 40.88 40.88 40.88 40.88 40.87 40.86 40.86 40.85 40.83 40.83 40.82 40.81 40.8 40.8 40.79 40.78 40.76 40.75 40.74 40.71 40.68 40.66 40.64 40.62 40.6 40.59 40.6 40.62 40.64 40.67 40.69 40.72 40.74 40.75 40.77 40.77 40.76 40.76 40.75 40.75 40.74 40.74 40.74 40.73 40.72 40.71 40.68 40.65 40.63 40.6 40.57 40.54 40.51 40.49 40.47 40.45 40.45 40.45 40.45 40.46 40.33 40.05 40.07 40.28 40.3 40.23 40.05 39.9 39.92 40 40.04 40.03 40.06 40.12 40.16 40.16
40.89 40.88 40.89 40.88 40.87 40.86 40.85 40.84 40.84 40.82 40.8 40.8 40.8 40.8 40.79 40.79 40.78 40.75 40.73 40.71 40.69 40.66 40.63 40.61 40.61 40.6 40.61 40.63 40.66 40.7 40.72 40.73 40.75 40.77 40.77 40.77 40.76 40.76 40.75 40.75 40.75 40.74 40.74 40.74 40.72 40.7 40.68 40.67 40.62 40.59 40.56 40.54 40.51 40.49 40.48 40.47 40.46 40.45 40.45 40.45 40.44 40.43 40.37 40.09 39.94 40.15 40.24 40.26 40.11 39.97 39.93 39.95 40.01 40.04 40.07 40.11 40.14 40.16
40.89 40.88 40.87 40.86 40.85 40.83 40.82 40.81 40.81 40.79 40.79 40.79 40.79 40.79 40.77 40.76 40.74 40.71 40.68 40.66 40.65 40.63 40.62 40.62 40.63 40.66 40.68 40.7 40.73 40.76 40.77 40.77 40.77 40.77 40.77 40.76 40.75 40.75 40.75 40.75 40.74 40.73 40.73 40.72 40.68 40.65 40.63 40.6 40.56 40.53 40.51 40.5 40.48 40.47 40.47 40.47 40.46 40.45 40.45 40.44 40.43 40.43 40.36 40.07 39.88 40.01 40.17 40.29 40.13 39.96 39.92 39.94 40.01 40.04 40.08 40.08 40.1 40.11
40.87 40.85 40.84 40.83 40.82 40.8 40.79 40.79 40.79 40.8 40.8 40.79 40.78 40.76 40.73 40.71 40.69 40.66 40.64 40.63 40.63 40.64 40.66 40.68 40.7 40.73 40.75 40.76 40.77 40.77 40.78 40.77 40.76 40.76 40.76 40.75 40.75 40.75 40.75 40.74 40.73 40.7 40.68 40.66 40.62 40.59 40.57 40.54 40.51 40.5 40.49 40.48 40.47 40.47 40.47 40.46 40.45 40.45 40.45 40.44 40.43 40.43 40.37 40.12 39.9 39.96 40.14 40.32 40.21 40.07 39.97 39.95 40.02 40.05 40.07 40.06 40.07 40.1
40.84 40.82 40.81 40.8 40.79 40.79 40.8 40.8 40.8 40.8 40.77 40.75 40.74 40.71 40.68 40.67 40.65 40.64 40.64 40.65 40.67 40.7 40.73 40.74 40.76 40.78 40.78 40.78 40.77 40.77 40.77 40.76 40.76 40.76 40.76 40.75 40.75 40.74 40.73 40.71 40.68 40.64 40.62 40.59 40.55 40.54 40.52 40.51 40.49 40.49 40.49 40.48 40.47 40.47 40.47 40.46 40.45 40.45 40.45 40.44 40.43 40.43 40.41 40.23 39.98 39.93 40.08 40.31 40.31 40.23 40.01 39.91 39.99 40.04 40.07 40.07 40.08 40.11
40.81 40.8 40.79 40.79 40.79 40.8 40.8 40.8 40.79 40.76 40.73 40.71 40.69 40.67 40.65 40.65 40.66 40.67 40.7 40.71 40.74 40.76 40.78 40.78 40.78 40.78 40.78 40.77 40.77 40.76 40.76 40.76 40.76 40.76 40.75 40.74 40.72 40.7 40.67 40.64 40.59 40.57 40.55 40.54 40.52 40.51 40.51 40.5 40.49 40.49 40.49 40.48 40.47 40.47 40.47 40.46 40.45 40.45 40.45 40.44 40.44 40.45 40.45 40.34 40.14 39.95 39.94 40.23 40.33 40.28 40.05 39.88 39.95 40.02 40.07 40.07 40.07 40.1
40.79 40.8 40.8 40.81 40.81 40.8 40.77 40.76 40.74 40.72 40.69 40.67 40.67 40.67 40.67 40.68 40.71 40.74 40.76 40.77 40.78 40.78 40.78 40.78 40.78 40.77 40.77 40.77 40.77 40.76 40.76 40.76 40.75 40.74 40.71 40.67 40.64 40.62 40.6 40.57 40.53 40.53 40.53 40.52 40.51 40.51 40.51 40.5 40.49 40.49 40.49 40.48 40.47 40.47 40.47 40.46 40.45 40.45 40.46 40.46 40.47 40.47 40.48 40.44 40.35 40.11 39.89 40.13 40.31 40.29 40.09 39.88 39.9 39.99 40.08 40.09 40.08 40.1
