slabs/55.grd
DSAA
631 301
645150 645780
4947200 4947500
34.39 44.77
[rows 136 to 169 of 300, columns 546 to 623 of 631]
40.77 40.75 40.73 40.72 40.71 40.69 40.68 40.67 40.66 40.64 40.63 40.63 40.62 40.61 40.6 40.59 40.59 40.6 40.61 40.62 40.65 40.68 40.7 40.71 40.73 40.69 40.36 40.1 40.34 40.5 40.53 40.38 40.07 39.95 40 40.06 40.04 40.05 40.09 40.14 40.12 40.1 40.11 40.11 40.09 40.11 40.14 40.14 40.14 40.15 40.13 40.11 40.09 40.11 40.16 40.2 40.19 40.21 40.23 40.23 40.21 40.19 40.18 40.17 40.12 40.12 40.13 40.14 40.16 40.14 40.1 40.11 40.13 40.13 40.11 40.08 40.06 40.04
40.74 40.72 40.71 40.7 40.68 40.66 40.65 40.65 40.64 40.62 40.61 40.61 40.6 40.6 40.6 40.6 40.62 40.64 40.66 40.68 40.71 40.74 40.75 40.76 40.78 40.79 40.5 40.1 40.25 40.48 40.54 40.47 40.18 40 40.02 40.06 40.05 40.04 40.08 40.13 40.12 40.09 40.08 40.07 40.05 40.06 40.1 40.13 40.13 40.13 40.11 40.08 40.06 40.1 40.17 40.2 40.21 40.23 40.23 40.21 40.21 40.19 40.18 40.19 40.17 40.15 40.13 40.14 40.16 40.14 40.1 40.1 40.12 40.13 40.12 40.11 40.1 40.06
40.71 40.69 40.67 40.67 40.66 40.65 40.63 40.63 40.62 40.61 40.6 40.6 40.61 40.62 40.63 40.64 40.67 40.7 40.72 40.73 40.76 40.78 40.79 40.79 40.8 40.8 40.62 40.24 40.2 40.42 40.5 40.52 40.32 40.09 40.06 40.05 40.04 40.03 40.05 40.1 40.11 40.09 40.08 40.06 40.04 40.04 40.09 40.12 40.11 40.11 40.11 40.07 40.06 40.11 40.18 40.21 40.21 40.22 40.21 40.19 40.2 40.2 40.21 40.22 40.2 40.17 40.13 40.13 40.14 40.12 40.1 40.11 40.13 40.14 40.13 40.13 40.12 40.08
40.68 40.67 40.65 40.65 40.64 40.63 40.62 40.61 40.61 40.61 40.61 40.62 40.64 40.66 40.68 40.7 40.73 40.75 40.76 40.77 40.79 40.8 40.8 40.8 40.8 40.8 40.74 40.43 40.19 40.32 40.41 40.49 40.4 40.2 40.11 40.04 40.04 40.03 40.05 40.09 40.13 40.13 40.11 40.09 40.09 40.11 40.12 40.11 40.1 40.11 40.1 40.08 40.09 40.13 40.19 40.21 40.22 40.21 40.19 40.19 40.19 40.2 40.21 40.21 40.2 40.18 40.14 40.12 40.12 40.11 40.1 40.11 40.12 40.14 40.14 40.15 40.14 40.1
40.66 40.65 40.64 40.63 40.62 40.61 40.61 40.61 40.62 40.64 40.65 40.67 40.69 40.72 40.74 40.75 40.77 40.78 40.79 40.8 40.8 40.8 40.8 40.8 40.8 40.81 40.79 40.56 40.22 40.17 40.3 40.47 40.47 40.35 40.2 40.05 40.07 40.07 40.06 40.08 40.13 40.14 40.13 40.11 40.11 40.12 40.12 40.12 40.13 40.12 40.09 40.08 40.1 40.13 40.18 40.2 40.21 40.19 40.17 40.19 40.21 40.21 40.2 40.19 40.19 40.19 40.17 40.15 40.14 40.13 40.11 40.1 40.11 40.13 40.15 40.16 40.15 40.11
40.64 40.63 40.63 40.62 40.62 40.62 40.63 40.64 40.66 40.69 40.71 40.72 40.75 40.77 40.78 40.79 40.8 40.8 40.8 40.8 40.81 40.81 40.81 40.81 40.81 40.81 40.81 40.63 40.22 40 40.15 40.44 40.52 40.45 40.26 40.06 40.07 40.07 40.04 40.04 40.09 40.12 40.14 40.12 40.12 40.12 40.11 40.12 40.14 40.13 40.1 40.1 40.11 40.12 40.15 40.18 40.19 40.18 40.17 40.18 40.21 40.22 40.2 40.2 40.2 40.2 40.2 40.19 40.17 40.14 40.14 40.12 40.1 40.1 40.12 40.14 40.14 40.13
40.63 40.63 40.62 40.63 40.64 40.66 40.68 40.69 40.72 40.74 40.76 40.78 40.79 40.8 40.8 40.81 40.81 40.81 40.81 40.81 40.81 40.81 40.81 40.81 40.81 40.81 40.81 40.68 40.27 39.94 40.06 40.35 40.52 40.5 40.3 40.07 40.05 40.05 40.02 40.03 40.06 40.1 40.14 40.14 40.12 40.11 40.09 40.11 40.13 40.13 40.12 40.13 40.13 40.12 40.14 40.17 40.18 40.18 40.19 40.2 40.21 40.23 40.22 40.2 40.2 40.19 40.21 40.21 40.19 40.15 40.14 40.13 40.11 40.08 40.1 40.13 40.13 40.11
40.64 40.65 40.65 40.67 40.69 40.72 40.75 40.76 40.77 40.78 40.79 40.81 40.81 40.81 40.81 40.81 40.81 40.81 40.81 40.81 40.82 40.81 40.82 40.82 40.81 40.81 40.81 40.76 40.5 40.12 40.04 40.31 40.54 40.53 40.32 40.08 40.03 40.03 40.02 40.02 40.03 40.06 40.13 40.14 40.12 40.11 40.1 40.1 40.12 40.12 40.13 40.15 40.13 40.13 40.14 40.17 40.17 40.17 40.19 40.21 40.23 40.25 40.23 40.2 40.2 40.2 40.2 40.2 40.19 40.16 40.14 40.14 40.13 40.12 40.12 40.13 40.12 40.09
40.67 40.71 40.73 40.74 40.76 40.78 40.8 40.8 40.81 40.81 40.81 40.81 40.81 40.81 40.81 40.81 40.82 40.82 40.82 40.82 40.82 40.82 40.82 40.81 40.81 40.81 40.8 40.79 40.74 40.43 40.08 40.25 40.49 40.49 40.34 40.09 39.99 40.01 40.02 39.99 39.99 40.03 40.11 40.13 40.11 40.11 40.11 40.11 40.13 40.13 40.13 40.13 40.12 40.13 40.15 40.15 40.14 40.14 40.17 40.2 40.23 40.25 40.23 40.21 40.22 40.22 40.18 40.16 40.17 40.17 40.16 40.15 40.13 40.13 40.15 40.14 40.13 40.11
40.74 40.78 40.8 40.8 40.81 40.81 40.81 40.81 40.81 40.81 40.81 40.81 40.81 40.82 40.82 40.82 40.83 40.83 40.83 40.83 40.82 40.82 40.82 40.81 40.8 40.8 40.8 40.8 40.79 40.57 40.16 40.18 40.43 40.47 40.39 40.12 39.92 39.95 40.01 39.99 39.99 40.03 40.1 40.12 40.11 40.12 40.12 40.11 40.12 40.14 40.14 40.14 40.14 40.13 40.13 40.12 40.11 40.11 40.15 40.2 40.21 40.22 40.2 40.19 40.21 40.23 40.2 40.17 40.18 40.18 40.17 40.18 40.14 40.12 40.16 40.16 40.15 40.14
40.8 40.81 40.81 40.81 40.81 40.81 40.81 40.81 40.81 40.81 40.81 40.82 40.82 40.83 40.83 40.83 40.83 40.83 40.83 40.82 40.82 40.82 40.81 40.81 40.8 40.8 40.8 40.79 40.79 40.66 40.28 40.15 40.42 40.47 40.43 40.21 39.96 39.96 40.01 40.02 40.03 40.05 40.09 40.13 40.13 40.12 40.09 40.06 40.08 40.13 40.17 40.19 40.17 40.14 40.12 40.11 40.12 40.13 40.16 40.19 40.2 40.2 40.18 40.18 40.19 40.21 40.22 40.21 40.21 40.19 40.18 40.17 40.14 40.14 40.16 40.17 40.17 40.15
40.81 40.81 40.81 40.81 40.81 40.81 40.81 40.82 40.82 40.82 40.83 40.83 40.84 40.84 40.84 40.84 40.83 40.83 40.82 40.82 40.82 40.81 40.81 40.8 40.8 40.79 40.79 40.78 40.78 40.72 40.4 40.16 40.33 40.42 40.45 40.31 40.13 40.05 40.01 40.04 40.07 40.06 40.06 40.1 40.14 40.15 40.1 40.07 40.08 40.12 40.16 40.19 40.19 40.16 40.12 40.12 40.12 40.14 40.17 40.19 40.2 40.2 40.19 40.19 40.18 40.17 40.19 40.21 40.22 40.18 40.16 40.15 40.14 40.14 40.14 40.15 40.16 40.16
40.81 40.81 40.81 40.81 40.82 40.82 40.83 40.83 40.84 40.84 40.84 40.84 40.84 40.84 40.84 40.83 40.83 40.82 40.82 40.82 40.81 40.81 40.8 40.8 40.79 40.78 40.78 40.77 40.77 40.74 40.51 40.18 40.14 40.3 40.45 40.35 40.25 40.11 39.99 40.03 40.06 40.03 40.03 40.06 40.12 40.16 40.12 40.11 40.11 40.11 40.12 40.16 40.17 40.16 40.15 40.17 40.15 40.14 40.15 40.16 40.18 40.2 40.2 40.2 40.19 40.17 40.19 40.21 40.21 40.18 40.15 40.15 40.16 40.15 40.13 40.13 40.15 40.15
40.81 40.82 40.82 40.83 40.84 40.84 40.84 40.85 40.85 40.85 40.85 40.84 40.84 40.84 40.83 40.83 40.82 40.82 40.82 40.81 40.81 40.8 40.79 40.79 40.78 40.78 40.77 40.78 40.78 40.78 40.65 40.27 39.98 40.19 40.47 40.39 40.27 40.11 39.97 40.02 40.03 40.01 40.01 40.04 40.09 40.14 40.11 40.1 40.09 40.09 40.09 40.1 40.11 40.13 40.17 40.17 40.15 40.14 40.16 40.16 40.17 40.19 40.19 40.2 40.2 40.19 40.21 40.21 40.2 40.19 40.17 40.16 40.16 40.16 40.14 40.14 40.14 40.14
40.83 40.84 40.85 40.85 40.85 40.85 40.85 40.85 40.85 40.85 40.84 40.84 40.84 40.83 40.83 40.82 40.82 40.81 40.81 40.8 40.79 40.79 40.78 40.78 40.78 40.78 40.79 40.8 40.81 40.82 40.77 40.39 39.96 40.15 40.46 40.48 40.38 40.18 39.99 40.02 40.05 40.03 40.02 40.02 40.07 40.14 40.13 40.12 40.11 40.1 40.1 40.1 40.1 40.11 40.13 40.14 40.13 40.14 40.17 40.17 40.17 40.18 40.19 40.2 40.21 40.19 40.19 40.19 40.2 40.2 40.18 40.15 40.14 40.16 40.18 40.16 40.14 40.15
40.86 40.86 40.86 40.86 40.86 40.86 40.86 40.85 40.85 40.85 40.84 40.84 40.83 40.83 40.82 40.81 40.81 40.8 40.79 40.79 40.78 40.78 40.79 40.79 40.8 40.81 40.82 40.84 40.85 40.85 40.84 40.61 40.18 40.13 40.4 40.52 40.48 40.3 40.07 40.02 40.04 40.04 40.03 40.04 40.07 40.13 40.13 40.12 40.11 40.11 40.12 40.14 40.12 40.1 40.11 40.13 40.13 40.14 40.17 40.19 40.18 40.18 40.18 40.19 40.2 40.19 40.18 40.17 40.17 40.18 40.18 40.16 40.13 40.15 40.19 40.17 40.13 40.15
40.87 40.87 40.87 40.86 40.86 40.86 40.85 40.85 40.85 40.84 40.83 40.82 40.82 40.82 40.81 40.8 40.8 40.79 40.79 40.79 40.79 40.8 40.81 40.82 40.83 40.84 40.85 40.86 40.88 40.89 40.89 40.88 40.57 40.19 40.33 40.49 40.48 40.34 40.1 40 40.02 40.04 40.04 40.05 40.08 40.13 40.14 40.12 40.12 40.11 40.12 40.15 40.14 40.11 40.11 40.13 40.12 40.13 40.15 40.18 40.19 40.18 40.18 40.19 40.19 40.19 40.2 40.18 40.15 40.16 40.17 40.17 40.16 40.16 40.17 40.16 40.14 40.15
40.87 40.87 40.86 40.86 40.86 40.85 40.84 40.84 40.84 40.83 40.82 40.81 40.81 40.8 40.8 40.8 40.79 40.8 40.8 40.82 40.82 40.83 40.84 40.85 40.87 40.87 40.89 40.89 40.9 40.92 40.93 40.94 40.72 40.29 40.26 40.47 40.5 40.41 40.16 40.03 40.03 40.02 40.02 40.03 40.07 40.12 40.14 40.14 40.14 40.13 40.11 40.13 40.13 40.12 40.12 40.12 40.1 40.1 40.11 40.14 40.17 40.18 40.2 40.21 40.21 40.19 40.18 40.17 40.16 40.17 40.16 40.16 40.17 40.16 40.14 40.13 40.14 40.14
40.87 40.87 40.86 40.85 40.85 40.85 40.84 40.83 40.83 40.82 40.81 40.8 40.8 40.8 40.81 40.81 40.81 40.82 40.83 40.85 40.86 40.86 40.88 40.89 40.89 40.9 40.92 40.93 40.94 40.94 40.94 40.94 40.8 40.35 40.14 40.36 40.46 40.46 40.28 40.14 40.08 40.02 40.01 40.01 40.03 40.09 40.14 40.16 40.15 40.13 40.12 40.11 40.1 40.12 40.13 40.12 40.08 40.07 40.09 40.11 40.14 40.17 40.2 40.21 40.21 40.19 40.16 40.15 40.17 40.2 40.2 40.17 40.16 40.17 40.15 40.11 40.11 40.11
40.87 40.86 40.85 40.85 40.85 40.84 40.83 40.82 40.82 40.81 40.81 40.81 40.81 40.82 40.83 40.84 40.85 40.85 40.87 40.88 40.88 40.89 40.91 40.92 40.93 40.94 40.94 40.95 40.94 40.93 40.9 40.88 40.79 40.38 40.07 40.22 40.36 40.45 40.35 40.23 40.14 40.03 40.01 39.99 39.99 40.06 40.15 40.18 40.16 40.13 40.13 40.1 40.08 40.13 40.15 40.13 40.08 40.08 40.11 40.12 40.13 40.15 40.18 40.19 40.19 40.18 40.17 40.16 40.18 40.21 40.2 40.17 40.17 40.16 40.14 40.11 40.11 40.11
40.86 40.85 40.84 40.83 40.83 40.83 40.82 40.82 40.82 40.82 40.82 40.83 40.84 40.84 40.86 40.87 40.88 40.88 40.9 40.91 40.92 40.93 40.94 40.95 40.95 40.94 40.93 40.92 40.9 40.87 40.84 40.81 40.76 40.44 40.05 40.06 40.23 40.41 40.38 40.27 40.15 40.02 40.01 40 40.01 40.05 40.14 40.18 40.18 40.15 40.13 40.12 40.09 40.11 40.15 40.12 40.08 40.09 40.12 40.13 40.13 40.14 40.18 40.19 40.19 40.18 40.18 40.17 40.19 40.21 40.2 40.17 40.17 40.16 40.14 40.13 40.13 40.14
40.85 40.84 40.83 40.83 40.82 40.82 40.82 40.82 40.84 40.84 40.85 40.86 40.86 40.87 40.89 40.9 40.91 40.92 40.93 40.94 40.95 40.95 40.95 40.95 40.94 40.91 40.88 40.86 40.84 40.81 40.8 40.79 40.77 40.54 40.07 39.86 40.06 40.37 40.42 40.35 40.2 40.03 40.01 40.03 40.03 40.04 40.09 40.13 40.16 40.15 40.16 40.14 40.1 40.09 40.09 40.08 40.07 40.09 40.1 40.12 40.13 40.14 40.17 40.18 40.19 40.2 40.19 40.16 40.17 40.19 40.18 40.16 40.16 40.17 40.14 40.12 40.14 40.16
40.84 40.83 40.83 40.83 40.83 40.84 40.84 40.85 40.86 40.87 40.88 40.89 40.9 40.91 40.92 40.93 40.94 40.95 40.96 40.96 40.96 40.94 40.92 40.9 40.88 40.85 40.82 40.81 40.8 40.8 40.81 40.82 40.82 40.68 40.22 39.84 39.98 40.3 40.43 40.41 40.25 40.05 40.02 40.03 40.03 40.03 40.06 40.1 40.13 40.12 40.13 40.14 40.12 40.1 40.11 40.1 40.08 40.09 40.09 40.1 40.13 40.13 40.14 40.16 40.18 40.19 40.18 40.15 40.15 40.15 40.15 40.16 40.16 40.17 40.15 40.11 40.12 40.14
40.83 40.84 40.84 40.85 40.85 40.86 40.87 40.88 40.89 40.9 40.91 40.92 40.93 40.94 40.95 40.96 40.96 40.96 40.95 40.93 40.92 40.89 40.86 40.83 40.82 40.81 40.81 40.82 40.82 40.83 40.84 40.85 40.85 40.81 40.58 40.18 39.99 40.24 40.43 40.42 40.29 40.11 40.06 40.06 40.04 40.03 40.06 40.09 40.1 40.1 40.1 40.11 40.11 40.11 40.14 40.14 40.11 40.09 40.08 40.08 40.09 40.12 40.12 40.13 40.16 40.17 40.17 40.16 40.16 40.14 40.14 40.16 40.17 40.17 40.16 40.14 40.12 40.12
40.85 40.85 40.86 40.88 40.88 40.89 40.9 40.92 40.92 40.93 40.94 40.95 40.96 40.96 40.97 40.96 40.94 40.92 40.9 40.87 40.86 40.84 40.83 40.82 40.82 40.83 40.84 40.85 40.85 40.85 40.86 40.86 40.87 40.87 40.86 40.52 40.05 40.22 40.46 40.5 40.39 40.17 40.07 40.07 40.05 40.04 40.06 40.07 40.1 40.13 40.11 40.1 40.1 40.12 40.13 40.15 40.14 40.09 40.07 40.07 40.07 40.11 40.11 40.12 40.17 40.19 40.18 40.17 40.18 40.16 40.16 40.17 40.18 40.17 40.17 40.16 40.14 40.12
40.87 40.88 40.89 40.91 40.91 40.92 40.93 40.95 40.95 40.96 40.96 40.96 40.96 40.95 40.93 40.9 40.87 40.86 40.85 40.83 40.83 40.83 40.84 40.85 40.85 40.85 40.85 40.86 40.86 40.86 40.87 40.88 40.88 40.89 40.9 40.66 40.19 40.17 40.42 40.49 40.44 40.18 39.99 40.01 40.06 40.06 40.06 40.06 40.1 40.14 40.12 40.12 40.12 40.12 40.12 40.16 40.16 40.1 40.09 40.09 40.08 40.1 40.1 40.12 40.17 40.2 40.19 40.16 40.17 40.18 40.17 40.18 40.2 40.18 40.18 40.16 40.14 40.14
40.9 40.91 40.93 40.94 40.94 40.95 40.96 40.96 40.96 40.95 40.92 40.9 40.9 40.88 40.86 40.84 40.83 40.83 40.84 40.84 40.85 40.85 40.86 40.86 40.86 40.86 40.86 40.87 40.87 40.88 40.88 40.89 40.9 40.9 40.91 40.75 40.29 40.11 40.36 40.47 40.47 40.21 39.94 39.95 40.04 40.06 40.06 40.06 40.09 40.13 40.12 40.12 40.13 40.12 40.12 40.17 40.18 40.14 40.13 40.13 40.11 40.1 40.1 40.12 40.16 40.17 40.17 40.15 40.17 40.2 40.18 40.18 40.2 40.19 40.17 40.15 40.14 40.14
40.94 40.95 40.96 40.96 40.96 40.95 40.94 40.92 40.92 40.9 40.86 40.84 40.84 40.83 40.84 40.84 40.85 40.86 40.87 40.86 40.86 40.86 40.86 40.86 40.86 40.87 40.87 40.88 40.89 40.9 40.9 40.9 40.9 40.9 40.89 40.8 40.39 40.09 40.27 40.41 40.51 40.32 40.06 40 40 40.04 40.06 40.06 40.08 40.12 40.12 40.12 40.13 40.12 40.12 40.16 40.19 40.18 40.16 40.14 40.13 40.12 40.11 40.13 40.14 40.14 40.15 40.16 40.19 40.21 40.18 40.15 40.16 40.16 40.14 40.14 40.16 40.16
40.97 40.97 40.96 40.95 40.94 40.91 40.88 40.86 40.85 40.84 40.84 40.84 40.85 40.86 40.87 40.87 40.87 40.87 40.86 40.86 40.86 40.86 40.86 40.87 40.88 40.88 40.89 40.89 40.9 40.9 40.9 40.9 40.89 40.88 40.87 40.81 40.45 40.09 40.17 40.36 40.55 40.42 40.21 40.06 39.96 40.02 40.05 40.07 40.08 40.1 40.1 40.12 40.13 40.13 40.11 40.11 40.15 40.18 40.17 40.14 40.12 40.11 40.11 40.12 40.12 40.11 40.13 40.18 40.19 40.19 40.17 40.15 40.13 40.13 40.13 40.15 40.19 40.18
40.96 40.95 40.91 40.89 40.89 40.86 40.85 40.85 40.85 40.85 40.86 40.87 40.87 40.87 40.88 40.87 40.87 40.86 40.85 40.85 40.86 40.87 40.87 40.88 40.89 40.9 40.9 40.9 40.89 40.89 40.88 40.88 40.86 40.85 40.85 40.81 40.54 40.13 40.04 40.26 40.53 40.48 40.34 40.13 39.96 39.98 40.01 40.06 40.06 40.06 40.08 40.13 40.14 40.13 40.11 40.08 40.12 40.18 40.17 40.14 40.11 40.1 40.11 40.12 40.11 40.11 40.14 40.18 40.2 40.19 40.16 40.14 40.13 40.13 40.13 40.16 40.18 40.18
40.92 40.89 40.87 40.86 40.86 40.86 40.86 40.87 40.87 40.88 40.88 40.88 40.88 40.87 40.86 40.86 40.86 40.86 40.86 40.86 40.88 40.89 40.89 40.89 40.89 40.89 40.89 40.89 40.88 40.87 40.86 40.85 40.84 40.83 40.83 40.82 40.65 40.25 39.98 40.15 40.45 40.49 40.44 40.25 40.01 39.93 39.97 40.05 40.05 40.05 40.08 40.13 40.14 40.13 40.11 40.06 40.09 40.18 40.16 40.1 40.08 40.08 40.1 40.11 40.1 40.1 40.14 40.18 40.19 40.17 40.14 40.13 40.13 40.14 40.15 40.16 40.17 40.17
40.87 40.87 40.86 40.86 40.87 40.88 40.89 40.89 40.89 40.88 40.88 40.87 40.87 40.86 40.85 40.86 40.87 40.87 40.88 40.88 40.89 40.9 40.89 40.89 40.88 40.88 40.87 40.87 40.85 40.85 40.84 40.84 40.83 40.82 40.83 40.84 40.79 40.57 40.26 40.12 40.32 40.47 40.47 40.35 40.11 39.95 39.98 40.05 40.06 40.05 40.09 40.13 40.13 40.13 40.09 40.02 40.06 40.14 40.13 40.09 40.06 40.05 40.08 40.12 40.09 40.1 40.14 40.17 40.19 40.17 40.14 40.14 40.13 40.14 40.15 40.16 40.18 40.18
40.87 40.88 40.89 40.89 40.89 40.89 40.89 40.89 40.88 40.87 40.86 40.86 40.86 40.87 40.87 40.87 40.88 40.89 40.89 40.89 40.89 40.89 40.88 40.88 40.86 40.85 40.85 40.85 40.84 40.84 40.85 40.86 40.86 40.85 40.86 40.87 40.88 40.86 40.63 40.2 40.2 40.42 40.45 40.37 40.15 39.97 39.99 40.07 40.08 40.08 40.08 40.11 40.14 40.15 40.11 40.06 40.08 40.13 40.13 40.1 40.08 40.07 40.09 40.11 40.09 40.1 40.15 40.19 40.21 40.18 40.15 40.15 40.14 40.15 40.15 40.15 40.17 40.18
40.89 40.9 40.9 40.9 40.9 40.89 40.87 40.87 40.87 40.86 40.86 40.86 40.87 40.88 40.88 40.88 40.89 40.89 40.89 40.88 40.87 40.86 40.86 40.85 40.84 40.84 40.85 40.85 40.86 40.87 40.89 40.89 40.89 40.89 40.88 40.88 40.88 40.88 40.7 40.26 40.12 40.35 40.43 40.4 40.14 39.93 39.95 40.03 40.09 40.12 40.11 40.1 40.14 40.15 40.13 40.09 40.09 40.11 40.12 40.1 40.09 40.09 40.1 40.1 40.1 40.11 40.15 40.21 40.22 40.19 40.15 40.15 40.14 40.15 40.17 40.16 40.16 40.16
