slabs/55.grd
DSAA
631 301
645150 645780
4947200 4947500
34.39 44.77
[rows 0 to 33 of 300, columns 234 to 311 of 631]
34.5 34.67 34.84 34.89 34.93 35.05 35.22 35.31 35.35 35.43 35.47 35.47 35.47 35.48 35.51 35.5 35.46 35.46 35.67 35.91 36.13 36.48 36.6 36.73 37.17 37.7 38.02 38.08 38.13 38.18 38.22 38.48 38.93 39.24 39.47 39.47 39.41 39.43 39.53 39.64 39.86 39.98 40.04 40.13 40.18 40.26 40.29 40.26 40.24 40.22 40.22 40.18 40.08 39.97 39.99 40.05 40.05 40 39.92 39.81 39.73 39.68 39.62 39.55 39.53 39.54 39.56 39.62 39.7 39.75 39.73 39.66 39.62 39.7 39.8 39.7 39.56 39.55
34.56 34.76 35.01 35.17 35.28 35.53 35.77 35.83 35.81 35.79 35.78 35.78 35.81 35.91 36.06 36.16 36.18 36.24 36.44 36.67 36.92 37.32 37.54 37.72 38.09 38.47 38.72 38.82 38.95 39.02 39.05 39.33 39.78 39.97 40.08 40.02 39.93 40.02 40.14 40.2 40.31 40.36 40.35 40.32 40.3 40.29 40.26 40.21 40.2 40.21 40.23 40.22 40.12 40.05 40.04 40.05 40.01 39.96 39.87 39.73 39.65 39.61 39.56 39.51 39.51 39.52 39.55 39.61 39.67 39.68 39.64 39.61 39.62 39.71 39.82 39.72 39.58 39.58
34.76 35.01 35.32 35.56 35.77 36.15 36.41 36.45 36.4 36.35 36.35 36.37 36.44 36.7 36.99 37.1 37.08 37.15 37.32 37.51 37.82 38.22 38.48 38.66 38.96 39.18 39.29 39.42 39.68 39.85 39.94 40.12 40.34 40.4 40.4 40.29 40.2 40.26 40.26 40.29 40.38 40.43 40.43 40.4 40.35 40.31 40.26 40.18 40.16 40.21 40.23 40.2 40.1 40.03 39.99 39.94 39.91 39.88 39.8 39.65 39.55 39.5 39.48 39.47 39.48 39.5 39.53 39.57 39.6 39.56 39.49 39.5 39.54 39.62 39.74 39.69 39.62 39.65
35.28 35.67 36.03 36.24 36.44 36.84 37.12 37.19 37.18 37.15 37.14 37.16 37.25 37.58 37.94 38.02 37.99 38.06 38.26 38.43 38.75 39.11 39.35 39.59 39.9 39.9 39.84 39.91 40.09 40.28 40.44 40.49 40.49 40.39 40.32 40.25 40.23 40.3 40.29 40.28 40.32 40.34 40.35 40.36 40.35 40.32 40.28 40.15 40.09 40.15 40.17 40.1 39.95 39.86 39.84 39.81 39.8 39.79 39.72 39.57 39.48 39.43 39.42 39.44 39.44 39.45 39.48 39.48 39.45 39.38 39.31 39.35 39.38 39.45 39.6 39.64 39.7 39.74
36.13 36.55 36.91 37.11 37.28 37.61 37.87 37.98 38 38.01 38.01 38.02 38.09 38.37 38.69 38.79 38.81 38.96 39.28 39.44 39.67 39.9 40.05 40.25 40.47 40.37 40.27 40.25 40.23 40.27 40.39 40.42 40.4 40.32 40.26 40.2 40.24 40.35 40.34 40.26 40.24 40.25 40.26 40.29 40.28 40.25 40.21 40.08 39.97 40.01 40.02 39.95 39.75 39.65 39.65 39.67 39.68 39.67 39.62 39.5 39.43 39.4 39.39 39.41 39.39 39.38 39.4 39.37 39.28 39.21 39.15 39.2 39.26 39.36 39.55 39.69 39.84 39.9
37.14 37.48 37.82 38.02 38.16 38.41 38.6 38.7 38.74 38.8 38.82 38.84 38.91 39.12 39.31 39.38 39.45 39.61 39.87 40 40.16 40.3 40.36 40.43 40.5 40.45 40.4 40.35 40.27 40.26 40.3 40.3 40.27 40.24 40.21 40.18 40.25 40.35 40.33 40.22 40.15 40.16 40.18 40.2 40.16 40.08 40.04 39.93 39.84 39.84 39.86 39.8 39.61 39.49 39.49 39.53 39.54 39.54 39.51 39.45 39.4 39.38 39.37 39.36 39.32 39.3 39.28 39.25 39.18 39.13 39.09 39.2 39.35 39.48 39.67 39.87 40.05 40.12
38.24 38.45 38.69 38.85 38.93 39.09 39.2 39.26 39.33 39.41 39.46 39.48 39.54 39.64 39.7 39.71 39.74 39.79 39.85 39.94 40.14 40.3 40.37 40.44 40.49 40.42 40.37 40.33 40.26 40.24 40.25 40.19 40.11 40.09 40.11 40.14 40.18 40.23 40.21 40.12 40.04 40.04 40.06 40.08 40.01 39.92 39.88 39.82 39.76 39.72 39.71 39.65 39.53 39.44 39.41 39.41 39.42 39.42 39.4 39.37 39.32 39.32 39.33 39.32 39.29 39.29 39.3 39.27 39.23 39.23 39.25 39.4 39.61 39.73 39.92 40.11 40.27 40.39
39.17 39.25 39.37 39.42 39.43 39.48 39.51 39.54 39.59 39.66 39.73 39.76 39.8 39.82 39.82 39.82 39.8 39.78 39.77 39.86 40.1 40.28 40.36 40.4 40.41 40.34 40.29 40.24 40.2 40.18 40.16 40.07 39.96 39.9 39.93 39.99 40.02 40.03 40.02 39.97 39.92 39.9 39.91 39.92 39.9 39.85 39.83 39.78 39.74 39.69 39.63 39.53 39.47 39.43 39.38 39.36 39.37 39.35 39.33 39.3 39.23 39.22 39.24 39.3 39.35 39.42 39.51 39.49 39.45 39.47 39.53 39.68 39.85 40.04 40.27 40.43 40.51 40.62
39.75 39.67 39.64 39.61 39.58 39.56 39.55 39.54 39.55 39.62 39.7 39.76 39.85 39.89 39.91 39.91 39.89 39.85 39.81 39.86 40.01 40.18 40.24 40.26 40.26 40.23 40.19 40.13 40.1 40.07 40.06 39.99 39.85 39.76 39.76 39.8 39.82 39.82 39.83 39.81 39.78 39.76 39.78 39.83 39.85 39.85 39.83 39.78 39.75 39.7 39.61 39.5 39.45 39.42 39.37 39.35 39.36 39.35 39.34 39.29 39.22 39.19 39.22 39.35 39.47 39.58 39.71 39.71 39.7 39.72 39.83 39.97 40.16 40.47 40.7 40.81 40.77 40.7
39.95 39.74 39.61 39.57 39.54 39.51 39.5 39.49 39.51 39.6 39.68 39.74 39.83 39.89 39.94 39.98 40.01 39.96 39.93 39.93 39.98 40.07 40.1 40.1 40.1 40.09 40.06 40.01 39.96 39.91 39.92 39.92 39.81 39.69 39.67 39.68 39.68 39.66 39.65 39.64 39.64 39.65 39.71 39.79 39.82 39.82 39.8 39.78 39.76 39.71 39.61 39.53 39.48 39.43 39.35 39.34 39.34 39.34 39.34 39.35 39.34 39.35 39.4 39.52 39.62 39.73 39.89 39.94 39.94 39.98 40.13 40.31 40.54 40.89 41.03 41.04 40.91 40.67
39.94 39.75 39.62 39.56 39.5 39.46 39.45 39.45 39.47 39.57 39.66 39.72 39.79 39.82 39.84 39.94 40.04 40.01 39.99 39.98 39.98 40.01 40 39.97 39.95 39.94 39.92 39.89 39.84 39.77 39.81 39.87 39.78 39.65 39.61 39.61 39.61 39.56 39.51 39.52 39.59 39.65 39.72 39.8 39.81 39.8 39.78 39.77 39.75 39.71 39.63 39.55 39.5 39.44 39.37 39.4 39.43 39.44 39.46 39.51 39.57 39.61 39.69 39.75 39.8 39.9 40.07 40.14 40.17 40.25 40.46 40.68 40.87 41.13 41.16 41.1 40.95 40.67
39.95 39.76 39.63 39.56 39.48 39.43 39.4 39.4 39.44 39.54 39.63 39.69 39.75 39.75 39.75 39.84 39.97 39.98 39.97 39.94 39.93 39.96 39.95 39.9 39.85 39.83 39.82 39.81 39.8 39.77 39.79 39.82 39.72 39.57 39.54 39.56 39.58 39.52 39.5 39.55 39.66 39.75 39.82 39.85 39.83 39.82 39.79 39.77 39.76 39.72 39.65 39.58 39.51 39.47 39.48 39.59 39.67 39.7 39.71 39.7 39.75 39.82 39.93 39.97 39.98 40.06 40.22 40.3 40.35 40.51 40.79 41.01 41.12 41.21 41.17 41.11 40.98 40.72
39.96 39.78 39.65 39.57 39.46 39.41 39.38 39.37 39.41 39.52 39.61 39.67 39.72 39.72 39.73 39.81 39.91 39.93 39.92 39.88 39.89 39.94 39.93 39.88 39.84 39.81 39.78 39.78 39.84 39.86 39.83 39.76 39.67 39.59 39.6 39.65 39.65 39.61 39.61 39.72 39.81 39.86 39.91 39.89 39.87 39.86 39.84 39.81 39.79 39.76 39.69 39.62 39.56 39.57 39.65 39.81 39.92 39.93 39.91 39.9 39.92 39.97 40.11 40.18 40.16 40.2 40.33 40.4 40.47 40.71 41.04 41.22 41.24 41.23 41.22 41.21 41.1 40.84
40 39.83 39.7 39.61 39.49 39.44 39.41 39.39 39.42 39.52 39.61 39.66 39.71 39.72 39.75 39.8 39.88 39.92 39.91 39.89 39.91 39.93 39.92 39.89 39.86 39.84 39.81 39.8 39.86 39.88 39.83 39.71 39.66 39.7 39.79 39.87 39.84 39.79 39.78 39.9 39.97 39.98 39.98 39.97 39.96 39.95 39.93 39.89 39.84 39.8 39.73 39.7 39.71 39.75 39.86 40 40.1 40.1 40.09 40.1 40.08 40.11 40.25 40.33 40.32 40.32 40.41 40.45 40.54 40.82 41.14 41.26 41.24 41.24 41.34 41.38 41.27 40.93
40.05 39.92 39.79 39.7 39.58 39.52 39.49 39.47 39.49 39.54 39.61 39.68 39.74 39.76 39.77 39.79 39.87 39.93 39.9 39.89 39.91 39.9 39.9 39.89 39.88 39.87 39.88 39.88 39.85 39.85 39.81 39.74 39.7 39.77 39.94 40.05 39.99 39.96 39.97 40.06 40.08 40.08 40.07 40.07 40.06 40.05 40.02 39.96 39.9 39.86 39.8 39.85 39.92 39.97 40.08 40.18 40.23 40.26 40.26 40.25 40.23 40.24 40.34 40.4 40.4 40.42 40.49 40.52 40.62 40.82 41.02 41.11 41.12 41.22 41.38 41.41 41.26 40.85
40.08 40 39.9 39.82 39.69 39.62 39.59 39.56 39.59 39.61 39.65 39.73 39.77 39.76 39.75 39.76 39.86 39.95 39.9 39.85 39.84 39.76 39.78 39.85 39.9 39.92 39.97 40.01 39.96 39.9 39.84 39.84 39.89 39.97 40.12 40.19 40.14 40.12 40.13 40.17 40.16 40.15 40.15 40.16 40.15 40.14 40.1 40.02 39.96 39.92 39.92 40.01 40.11 40.2 40.31 40.37 40.39 40.41 40.41 40.38 40.35 40.35 40.41 40.44 40.45 40.5 40.6 40.65 40.72 40.82 40.87 40.92 41.01 41.16 41.25 41.23 41.05 40.64
40.04 40.01 39.96 39.89 39.79 39.72 39.68 39.65 39.68 39.7 39.72 39.77 39.79 39.76 39.74 39.77 39.9 39.99 39.93 39.85 39.8 39.69 39.75 39.9 40 40.05 40.12 40.19 40.17 40.08 39.93 39.99 40.16 40.24 40.31 40.32 40.28 40.25 40.25 40.25 40.23 40.22 40.23 40.25 40.25 40.23 40.17 40.09 40.03 40.01 40.05 40.14 40.24 40.38 40.49 40.52 40.52 40.52 40.51 40.48 40.49 40.51 40.52 40.5 40.53 40.62 40.73 40.79 40.83 40.87 40.87 40.9 40.99 41.08 41.05 40.98 40.78 40.38
39.98 39.98 39.95 39.9 39.85 39.82 39.76 39.68 39.67 39.67 39.72 39.83 39.91 39.94 39.93 39.94 40 40 39.95 39.92 39.97 39.97 40.04 40.17 40.22 40.22 40.28 40.36 40.39 40.3 40.15 40.2 40.35 40.4 40.44 40.44 40.41 40.38 40.36 40.33 40.3 40.28 40.3 40.34 40.34 40.31 40.24 40.17 40.15 40.16 40.2 40.26 40.36 40.52 40.58 40.58 40.58 40.55 40.53 40.57 40.61 40.67 40.64 40.58 40.61 40.72 40.82 40.88 40.89 40.88 40.84 40.87 40.95 40.94 40.79 40.69 40.49 40.13
39.94 39.95 39.93 39.89 39.88 39.9 39.84 39.69 39.61 39.61 39.74 39.98 40.14 40.23 40.23 40.21 40.13 40.03 40.01 40.06 40.21 40.31 40.35 40.41 40.44 40.44 40.46 40.54 40.6 40.53 40.39 40.43 40.52 40.55 40.58 40.56 40.52 40.49 40.44 40.4 40.37 40.35 40.38 40.44 40.44 40.4 40.33 40.31 40.35 40.37 40.4 40.43 40.5 40.59 40.59 40.58 40.59 40.57 40.57 40.64 40.7 40.74 40.71 40.66 40.65 40.7 40.77 40.83 40.87 40.89 40.87 40.86 40.9 40.81 40.57 40.44 40.21 39.87
39.99 40.04 40.04 40.01 39.99 40.02 39.98 39.87 39.79 39.8 39.92 40.15 40.29 40.35 40.38 40.43 40.38 40.28 40.19 40.21 40.34 40.42 40.49 40.55 40.59 40.61 40.64 40.71 40.77 40.7 40.57 40.59 40.69 40.73 40.75 40.67 40.59 40.55 40.5 40.48 40.44 40.43 40.47 40.56 40.56 40.51 40.47 40.49 40.53 40.55 40.56 40.55 40.56 40.58 40.6 40.61 40.63 40.64 40.67 40.74 40.77 40.79 40.76 40.74 40.7 40.68 40.7 40.72 40.79 40.91 40.98 40.98 40.96 40.75 40.43 40.25 39.95 39.64
40.14 40.25 40.28 40.26 40.22 40.23 40.21 40.15 40.1 40.09 40.13 40.23 40.33 40.4 40.5 40.69 40.77 40.67 40.48 40.44 40.52 40.6 40.7 40.7 40.69 40.72 40.77 40.83 40.87 40.8 40.66 40.67 40.78 40.82 40.83 40.75 40.69 40.62 40.57 40.57 40.54 40.53 40.57 40.62 40.61 40.59 40.61 40.63 40.63 40.62 40.6 40.58 40.58 40.61 40.66 40.69 40.7 40.7 40.72 40.77 40.8 40.81 40.77 40.75 40.73 40.72 40.72 40.73 40.8 40.94 41.04 41.07 41.06 40.8 40.43 40.17 39.76 39.5
40.32 40.43 40.47 40.48 40.44 40.43 40.38 40.3 40.26 40.24 40.27 40.34 40.43 40.55 40.7 40.93 41.06 40.98 40.76 40.69 40.74 40.84 40.96 40.88 40.79 40.81 40.86 40.88 40.89 40.82 40.68 40.67 40.73 40.71 40.78 40.79 40.78 40.71 40.66 40.66 40.64 40.62 40.62 40.62 40.61 40.61 40.64 40.65 40.66 40.66 40.64 40.66 40.67 40.68 40.71 40.74 40.73 40.71 40.71 40.73 40.76 40.78 40.76 40.74 40.74 40.75 40.75 40.76 40.85 41.03 41.16 41.18 41.15 40.87 40.52 40.22 39.7 39.48
40.53 40.61 40.64 40.64 40.59 40.56 40.48 40.37 40.35 40.36 40.4 40.47 40.54 40.66 40.85 41.03 41.12 41.1 40.98 40.89 40.91 41.01 41.12 41.02 40.89 40.88 40.89 40.86 40.83 40.77 40.66 40.62 40.63 40.6 40.68 40.76 40.76 40.74 40.72 40.7 40.68 40.66 40.65 40.67 40.65 40.64 40.67 40.66 40.68 40.7 40.7 40.73 40.73 40.74 40.76 40.76 40.75 40.73 40.72 40.72 40.75 40.77 40.78 40.78 40.78 40.8 40.79 40.77 40.84 41.05 41.21 41.24 41.2 40.95 40.68 40.37 39.82 39.66
40.75 40.79 40.77 40.71 40.64 40.6 40.54 40.45 40.42 40.45 40.51 40.58 40.65 40.75 40.93 41.03 41.06 41.05 41.02 40.98 40.98 41.02 41.08 40.98 40.86 40.85 40.84 40.8 40.76 40.72 40.65 40.61 40.61 40.64 40.68 40.71 40.71 40.71 40.71 40.71 40.71 40.7 40.68 40.7 40.69 40.69 40.73 40.75 40.74 40.73 40.73 40.72 40.73 40.76 40.76 40.75 40.75 40.75 40.74 40.75 40.75 40.79 40.84 40.84 40.84 40.84 40.83 40.79 40.79 40.96 41.11 41.2 41.25 41.11 40.95 40.63 40.06 39.86
40.97 40.94 40.87 40.74 40.66 40.63 40.59 40.52 40.5 40.52 40.59 40.69 40.75 40.82 40.94 40.98 40.99 40.94 40.86 40.88 40.92 40.92 40.91 40.86 40.78 40.77 40.78 40.77 40.75 40.75 40.72 40.7 40.71 40.72 40.72 40.72 40.72 40.72 40.74 40.75 40.75 40.74 40.72 40.72 40.72 40.73 40.76 40.79 40.76 40.73 40.74 40.71 40.72 40.76 40.78 40.78 40.78 40.77 40.76 40.76 40.77 40.82 40.87 40.87 40.85 40.84 40.83 40.79 40.75 40.81 40.89 41.06 41.27 41.26 41.15 40.83 40.24 39.96
41.16 41.08 40.96 40.79 40.69 40.67 40.64 40.59 40.58 40.6 40.67 40.77 40.82 40.84 40.85 40.84 40.85 40.81 40.75 40.8 40.87 40.86 40.85 40.83 40.78 40.77 40.78 40.78 40.79 40.8 40.79 40.8 40.8 40.78 40.75 40.76 40.76 40.78 40.79 40.79 40.78 40.77 40.76 40.76 40.75 40.75 40.78 40.8 40.79 40.77 40.78 40.76 40.75 40.78 40.81 40.83 40.85 40.8 40.75 40.75 40.78 40.82 40.84 40.83 40.82 40.8 40.79 40.76 40.72 40.71 40.74 40.94 41.22 41.25 41.14 40.76 40.17 39.92
41.29 41.19 41.03 40.85 40.75 40.73 40.7 40.67 40.7 40.71 40.76 40.81 40.82 40.79 40.75 40.72 40.71 40.72 40.78 40.86 40.91 40.88 40.85 40.86 40.81 40.79 40.81 40.85 40.85 40.83 40.82 40.82 40.81 40.8 40.83 40.84 40.83 40.82 40.81 40.82 40.82 40.81 40.82 40.82 40.81 40.8 40.82 40.84 40.84 40.82 40.84 40.83 40.81 40.81 40.82 40.85 40.89 40.82 40.75 40.76 40.78 40.78 40.77 40.77 40.8 40.79 40.75 40.73 40.71 40.71 40.74 40.93 41.13 41.14 41.04 40.55 39.88 39.65
41.28 41.21 41.04 40.9 40.83 40.81 40.77 40.75 40.78 40.81 40.83 40.82 40.78 40.76 40.73 40.71 40.71 40.74 40.8 40.88 40.92 40.87 40.81 40.84 40.86 40.86 40.89 40.92 40.9 40.86 40.86 40.85 40.84 40.85 40.88 40.88 40.87 40.87 40.85 40.85 40.86 40.86 40.86 40.86 40.85 40.85 40.85 40.87 40.9 40.88 40.88 40.87 40.84 40.82 40.81 40.84 40.87 40.82 40.76 40.78 40.8 40.78 40.77 40.8 40.85 40.84 40.78 40.72 40.7 40.7 40.76 40.93 41.03 41.01 40.9 40.39 39.72 39.54
41.12 41.09 40.99 40.91 40.89 40.88 40.81 40.76 40.77 40.81 40.86 40.85 40.82 40.79 40.74 40.74 40.76 40.79 40.86 40.92 40.93 40.9 40.85 40.87 40.91 40.95 40.95 40.92 40.92 40.93 40.92 40.9 40.87 40.86 40.89 40.87 40.88 40.89 40.89 40.89 40.9 40.9 40.91 40.88 40.85 40.86 40.87 40.9 40.94 40.94 40.92 40.89 40.85 40.83 40.82 40.84 40.88 40.84 40.76 40.78 40.82 40.8 40.77 40.84 40.92 40.91 40.85 40.76 40.7 40.67 40.74 40.86 40.89 40.88 40.78 40.32 39.77 39.68
40.98 40.97 40.94 40.93 40.92 40.91 40.83 40.74 40.75 40.81 40.89 40.92 40.9 40.86 40.8 40.79 40.82 40.84 40.9 40.95 40.95 40.92 40.91 40.95 40.98 41 40.97 40.93 40.93 40.95 40.94 40.93 40.91 40.88 40.88 40.87 40.88 40.9 40.91 40.91 40.92 40.93 40.93 40.9 40.86 40.87 40.87 40.9 40.95 40.97 40.95 40.9 40.86 40.86 40.86 40.89 40.94 40.91 40.85 40.86 40.87 40.82 40.78 40.84 40.93 40.94 40.89 40.81 40.74 40.69 40.72 40.77 40.79 40.81 40.66 40.21 39.84 39.86
40.97 40.96 40.94 40.96 40.98 40.97 40.9 40.83 40.84 40.88 40.94 40.98 40.99 40.91 40.83 40.83 40.85 40.86 40.88 40.92 40.93 40.94 40.95 40.98 41.02 41.03 40.96 40.93 40.93 40.95 40.95 40.95 40.94 40.91 40.87 40.88 40.89 40.91 40.94 40.92 40.91 40.92 40.91 40.9 40.89 40.88 40.86 40.88 40.93 40.95 40.93 40.9 40.87 40.88 40.91 40.94 40.96 40.92 40.94 40.98 40.94 40.87 40.85 40.89 40.92 40.91 40.89 40.84 40.77 40.71 40.71 40.74 40.74 40.69 40.49 40.03 39.86 40.04
40.97 40.97 40.97 40.99 41 41 40.97 40.96 40.97 40.98 41.01 41.04 41.02 40.93 40.85 40.88 40.88 40.87 40.87 40.88 40.9 40.93 40.96 40.98 41.02 41.03 40.97 40.94 40.94 40.96 40.98 40.98 40.97 40.92 40.87 40.88 40.9 40.94 40.98 40.96 40.91 40.91 40.91 40.91 40.9 40.89 40.87 40.88 40.91 40.9 40.87 40.88 40.88 40.88 40.92 40.93 40.9 40.87 40.93 41.02 40.98 40.91 40.89 40.9 40.91 40.88 40.88 40.87 40.77 40.69 40.69 40.73 40.69 40.57 40.32 39.91 39.92 40.19
40.98 40.99 40.99 41.01 41.02 41 40.98 41 41.02 41.03 41.06 41.11 41.07 40.96 40.92 40.95 40.94 40.92 40.9 40.9 40.9 40.92 40.94 40.96 40.99 41.01 40.98 40.94 40.96 41 41.04 41.03 40.98 40.92 40.88 40.88 40.92 40.95 40.97 40.95 40.9 40.9 40.93 40.93 40.91 40.89 40.88 40.89 40.89 40.86 40.83 40.86 40.88 40.88 40.91 40.9 40.88 40.87 40.92 41 40.97 40.94 40.91 40.89 40.9 40.88 40.88 40.87 40.77 40.68 40.68 40.73 40.7 40.57 40.28 39.9 40 40.25
41.02 41 40.98 41.01 41.05 41.03 40.99 41 41 41 41.07 41.14 41.09 40.97 40.94 40.97 40.98 40.98 40.99 40.98 40.96 40.92 40.92 40.92 40.93 40.95 40.94 40.93 40.95 41.01 41.07 41.07 41.01 40.93 40.89 40.9 40.92 40.92 40.91 40.9 40.87 40.88 40.91 40.9 40.88 40.88 40.89 40.9 40.89 40.85 40.84 40.88 40.92 40.92 40.93 40.93 40.9 40.88 40.91 40.96 40.95 40.93 40.91 40.88 40.88 40.88 40.87 40.84 40.78 40.72 40.71 40.77 40.78 40.67 40.37 40.02 40.08 40.22
