slabs/56.grd
DSAA
631 301
645150 645780
4947500 4947800
37.41 43.04
[rows 34 to 67 of 301, columns 0 to 77 of 631]
38.52 38.52 38.51 38.59 38.74 38.65 38.64 38.69 39.17 39.61 39.91 40.33 40.61 40.77 40.86 40.93 40.88 40.83 40.82 40.83 40.9 40.94 40.96 40.98 40.99 40.98 40.99 41.01 41.02 41.01 41 41.01 41.02 41 40.98 40.98 40.98 40.97 40.95 40.93 40.92 40.91 40.91 40.92 40.92 40.91 40.91 40.93 40.93 40.94 40.91 40.88 40.86 40.84 40.86 40.87 40.87 40.86 40.85 40.85 40.85 40.84 40.83 40.82 40.83 40.85 40.85 40.84 40.88 40.95 40.99 41 41.04 41.16 41.28 41.32 41.34 41.27
38.44 38.44 38.43 38.48 38.51 1.70141e38 38.37 38.51 38.92 39.31 39.62 40.11 40.48 40.7 40.8 40.92 40.92 40.88 40.85 40.83 40.87 40.91 40.93 40.96 40.98 41 41 41.01 41.02 41.01 41 41 41.01 41 40.98 40.98 40.98 40.97 40.95 40.94 40.93 40.93 40.94 40.96 40.97 40.95 40.93 40.94 40.94 40.94 40.92 40.89 40.87 40.86 40.87 40.88 40.87 40.85 40.84 40.86 40.86 40.85 40.85 40.86 40.88 40.93 40.96 40.99 41.02 41.09 41.14 41.14 41.17 41.32 41.45 41.49 41.5 41.41
38.36 38.36 38.37 38.4 38.38 1.70141e38 38.29 38.36 38.65 39 39.34 39.88 40.32 40.59 40.72 40.87 40.91 40.89 40.87 40.85 40.87 40.89 40.9 40.93 40.95 40.97 40.99 41 41 41.01 41.01 41.01 41.01 41.01 41 40.99 40.97 40.96 40.94 40.94 40.95 40.97 40.97 40.98 40.99 40.98 40.95 40.95 40.94 40.93 40.92 40.91 40.91 40.91 40.9 40.89 40.88 40.86 40.86 40.87 40.89 40.91 40.93 40.96 40.99 41.03 41.04 41.07 41.14 41.22 41.27 41.26 41.29 41.46 41.57 41.58 41.53 41.4
38.3 38.31 38.32 38.37 38.32 1.70141e38 38.27 38.38 38.75 39.13 39.46 39.94 40.3 40.57 40.67 40.81 40.85 40.83 40.84 40.85 40.87 40.88 40.9 40.91 40.93 40.95 40.98 40.98 40.97 40.98 40.99 41 41.01 41.01 41.01 41 40.97 40.96 40.96 40.96 40.98 40.99 40.99 40.97 40.98 40.98 40.96 40.95 40.93 40.92 40.93 40.94 40.94 40.93 40.93 40.92 40.92 40.91 40.9 40.9 40.92 40.96 40.98 41.02 41.05 41.07 41.05 41.1 41.21 41.32 41.38 41.32 41.27 41.4 41.53 41.54 41.45 41.3
38.25 38.26 38.3 38.51 38.51 1.70141e38 38.52 38.82 39.42 39.84 40.06 40.33 40.47 40.6 40.66 40.73 40.73 40.74 40.81 40.86 40.87 40.88 40.89 40.9 40.9 40.92 40.95 40.95 40.93 40.95 40.98 40.98 40.99 41 41 40.99 40.97 40.97 40.98 40.98 40.99 40.98 40.97 40.96 40.97 40.98 40.97 40.95 40.94 40.94 40.95 40.96 40.96 40.96 40.95 40.95 40.96 40.96 40.94 40.93 40.96 41 41.03 41.04 41.06 41.07 41.06 41.1 41.24 41.36 41.41 41.35 41.24 41.3 41.41 41.43 41.36 41.24
38.23 38.28 38.4 38.96 39.21 1.70141e38 39.22 39.58 40.09 40.38 40.48 40.57 40.56 40.56 40.58 40.62 40.63 40.68 40.81 40.88 40.88 40.9 40.91 40.89 40.89 40.9 40.92 40.92 40.9 40.92 40.95 40.96 40.97 40.98 40.97 40.96 40.97 40.96 40.96 40.95 40.94 40.94 40.94 40.95 40.95 40.99 41.03 41.02 41 40.97 40.98 40.99 40.99 40.99 40.98 40.99 41 41 40.99 40.98 41 41.06 41.1 41.1 41.1 41.09 41.06 41.11 41.24 41.35 41.38 41.33 41.25 41.26 41.3 41.31 41.28 41.21
38.32 38.42 38.68 39.47 39.92 1.70141e38 40 40.22 40.41 40.47 40.52 40.54 40.46 40.44 40.46 40.52 40.58 40.67 40.83 40.9 40.9 40.93 40.96 40.92 40.91 40.91 40.92 40.92 40.89 40.9 40.92 40.93 40.96 40.96 40.94 40.93 40.93 40.92 40.92 40.92 40.92 40.93 40.94 40.94 40.96 41.04 41.09 41.08 41.05 41.01 41 41.02 41.02 41.01 41.02 41.02 41.03 41.04 41.04 41.03 41.04 41.08 41.14 41.15 41.15 41.1 41.06 41.11 41.24 41.31 41.3 41.26 41.23 41.23 41.22 41.19 41.11 41.07
38.48 38.61 39.11 40.01 40.42 1.70141e38 40.39 40.41 40.41 40.38 40.36 40.33 40.26 40.28 40.36 40.45 40.52 40.62 40.79 40.89 40.94 40.96 40.99 40.95 40.93 40.92 40.91 40.9 40.87 40.88 40.9 40.91 40.92 40.92 40.9 40.89 40.88 40.87 40.87 40.9 40.9 40.92 40.95 40.96 40.98 41.05 41.12 41.13 41.11 41.06 41.04 41.04 41.04 41.04 41.05 41.05 41.06 41.07 41.07 41.07 41.06 41.09 41.14 41.16 41.15 41.1 41.06 41.1 41.21 41.23 41.2 41.17 41.17 41.15 41.09 41.02 40.87 40.78
38.77 38.94 39.46 40.35 40.6 1.70141e38 40.41 40.32 40.29 40.26 40.2 40.1 39.99 40.03 40.14 40.2 40.23 40.41 40.69 40.81 40.91 40.96 41 40.97 40.96 40.94 40.9 40.86 40.84 40.84 40.86 40.88 40.88 40.86 40.86 40.87 40.86 40.85 40.87 40.88 40.89 40.93 40.99 41.01 41 41.03 41.12 41.17 41.16 41.11 41.08 41.06 41.06 41.06 41.06 41.07 41.07 41.07 41.07 41.06 41.02 41.04 41.1 41.13 41.13 41.09 41.06 41.1 41.16 41.14 41.11 41.1 41.06 40.96 40.82 40.67 40.43 40.32
39.25 39.43 39.77 40.44 40.59 1.70141e38 40.3 40.2 40.17 40.17 40.16 40.02 39.83 39.74 39.68 39.69 39.71 39.97 40.35 40.55 40.75 40.87 41.01 41.04 41.03 40.99 40.92 40.88 40.86 40.85 40.85 40.86 40.85 40.85 40.88 40.89 40.88 40.88 40.92 40.93 40.95 41 41.04 41.06 41.05 41.05 41.12 41.19 41.18 41.15 41.12 41.09 41.06 41.05 41.04 41.03 41.02 41.01 41 40.96 40.87 40.91 41.04 41.07 41.09 41.07 41.05 41.08 41.11 41.05 41 40.94 40.81 40.63 40.38 40.05 39.75 39.65
39.78 39.94 40.08 40.32 40.35 1.70141e38 40.18 40.15 40.17 40.18 40.18 40.06 39.84 39.59 39.24 39.15 39.17 39.38 39.73 40.07 40.41 40.65 40.99 41.12 41.12 41.06 40.95 40.9 40.89 40.89 40.88 40.86 40.85 40.87 40.9 40.91 40.92 40.95 41 41.02 41.06 41.11 41.12 41.11 41.1 41.09 41.12 41.17 41.18 41.17 41.15 41.12 41.05 41.04 41.03 41.02 41 40.95 40.89 40.78 40.63 40.73 40.95 40.97 41 41.04 41.04 41.03 40.96 40.85 40.74 40.59 40.32 40.08 39.72 39.26 39.18 39.17
40.19 40.22 40.19 40.13 40.1 1.70141e38 40.19 40.26 40.32 40.28 40.2 40.05 39.82 39.53 39.02 38.7 38.63 38.81 39.13 39.44 39.79 40.26 40.85 41.12 41.15 41.08 40.96 40.92 40.91 40.92 40.92 40.9 40.89 40.9 40.93 40.95 40.98 41.04 41.11 41.14 41.18 41.22 41.18 41.14 41.13 41.11 41.1 41.13 41.16 41.19 41.22 41.18 41.08 41.09 41.09 41.08 41.02 40.86 40.71 40.57 40.39 40.43 40.56 40.61 40.66 40.72 40.79 40.75 40.61 40.46 40.34 40.12 39.75 39.36 39.05 38.83 39.01 39.09
40.31 40.21 40.12 40.12 40.13 1.70141e38 40.38 40.44 40.47 40.38 40.23 40.03 39.78 39.49 38.94 38.44 38.2 38.34 38.63 38.82 39.13 39.8 40.53 40.96 41.07 41.06 40.97 40.93 40.93 40.95 40.97 40.98 40.97 40.97 40.97 41 41.04 41.11 41.18 41.2 41.21 41.21 41.19 41.16 41.14 41.12 41.11 41.12 41.14 41.2 41.25 41.24 41.19 41.16 41.15 41.08 40.9 40.64 40.46 40.32 40.14 39.99 39.84 39.86 39.88 39.94 40.08 40.15 40.09 39.98 39.87 39.62 39.22 38.82 38.78 38.95 39.12 39.15
40.2 40.14 40.19 40.28 40.31 1.70141e38 40.54 40.44 40.36 40.3 40.18 39.98 39.75 39.45 38.88 38.36 38.05 38.08 38.3 38.43 38.74 39.48 40.23 40.72 40.92 41.05 41.01 40.98 40.98 40.98 40.99 41.01 41.02 41.03 41.03 41.06 41.11 41.15 41.17 41.15 41.1 41.11 41.14 41.15 41.16 41.18 41.17 41.17 41.15 41.15 41.17 41.23 41.27 41.16 41.07 40.93 40.67 40.4 40.22 40.08 39.88 39.68 39.32 38.99 38.91 39.05 39.23 39.44 39.47 39.43 39.35 39.12 38.85 38.71 38.84 39.14 39.24 39.2
40.18 40.23 40.38 40.46 40.52 1.70141e38 40.49 40.11 39.89 39.87 39.82 39.69 39.51 39.22 38.72 38.33 38.07 37.96 38.16 38.28 38.6 39.32 40.04 40.5 40.78 41.05 41.05 41.05 41.05 41.02 40.99 41 41.03 41.07 41.07 41.09 41.13 41.14 41.11 41.06 41.01 41.06 41.13 41.14 41.17 41.22 41.23 41.22 41.17 41.09 41.05 41.1 41.15 41.02 40.84 40.7 40.43 40.18 40.01 39.83 39.59 39.42 39.03 38.47 38.39 38.56 38.7 38.87 38.9 38.88 38.84 38.73 38.68 38.74 38.86 39.07 39.18 39.2
40.28 40.39 40.56 40.65 40.69 1.70141e38 40.23 39.57 39.27 39.24 39.18 39.08 38.96 38.72 38.41 38.2 38.02 37.92 38.13 38.28 38.57 39.22 39.87 40.31 40.6 40.95 41.03 41.07 41.09 41.07 41.03 41.05 41.09 41.14 41.13 41.12 41.12 41.12 41.08 41.03 41 41.09 41.15 41.14 41.14 41.19 41.23 41.22 41.14 40.95 40.77 40.78 40.84 40.79 40.66 40.5 40.19 39.97 39.82 39.59 39.32 39.13 38.89 38.58 38.58 38.64 38.66 38.65 38.61 38.57 38.54 38.49 38.54 38.64 38.72 38.85 38.98 39.07
40.43 40.5 40.63 40.68 40.69 1.70141e38 39.86 39.15 38.87 38.8 38.7 38.61 38.53 38.37 38.2 38.08 38 37.96 38.15 38.35 38.61 39.14 39.67 40.04 40.28 40.61 40.82 40.97 41.04 41.1 41.08 41.11 41.16 41.24 41.3 41.28 41.22 41.15 41.09 41.02 41.01 41.11 41.13 41.11 41.1 41.09 41.06 41 40.84 40.57 40.31 40.33 40.41 40.47 40.48 40.35 40.03 39.8 39.64 39.4 39.22 39.08 38.99 38.89 38.84 38.81 38.76 38.66 38.57 38.51 38.48 38.42 38.44 38.5 38.57 38.7 38.81 38.9
40.41 40.47 40.51 40.4 40.25 1.70141e38 39.41 38.98 38.83 38.73 38.62 38.54 38.47 38.35 38.23 38.15 38.12 38.1 38.15 38.28 38.51 38.97 39.39 39.67 39.84 40.13 40.46 40.75 40.93 41.09 41.05 41.07 41.15 41.29 41.45 41.46 41.37 41.22 41.1 41.03 41.01 41.07 41.03 41 40.93 40.75 40.56 40.43 40.25 40.07 39.93 39.95 40.02 40.1 40.15 40.14 39.96 39.76 39.58 39.36 39.27 39.19 39.13 39.02 38.92 38.86 38.81 38.7 38.61 38.55 38.51 38.45 38.41 38.43 38.5 38.65 38.75 38.82
39.88 39.96 39.92 39.79 39.55 1.70141e38 39.06 38.93 38.88 38.79 38.69 38.61 38.56 38.47 38.38 38.31 38.3 38.25 38.17 38.15 38.29 38.65 39.01 39.23 39.38 39.68 40 40.37 40.79 41.04 41.01 41.05 41.14 41.26 41.4 41.43 41.37 41.18 41.02 40.95 40.89 40.83 40.74 40.68 40.49 40.19 39.98 39.9 39.82 39.8 39.77 39.78 39.82 39.85 39.87 39.89 39.84 39.76 39.65 39.47 39.37 39.3 39.22 39.08 38.97 38.9 38.86 38.75 38.65 38.58 38.54 38.47 38.42 38.41 38.46 38.6 38.7 38.78
39.18 39.24 39.29 39.26 39.13 1.70141e38 38.9 38.84 38.8 38.73 38.66 38.59 38.56 38.49 38.42 38.37 38.34 38.27 38.2 38.16 38.25 38.47 38.72 38.88 39.04 39.3 39.5 39.92 40.62 40.92 40.94 41 41.12 41.17 41.2 41.23 41.2 41 40.78 40.67 40.51 40.31 40.17 40.1 39.91 39.7 39.64 39.66 39.69 39.72 39.71 39.7 39.71 39.72 39.72 39.68 39.65 39.66 39.63 39.56 39.48 39.43 39.34 39.17 39.02 38.95 38.89 38.78 38.69 38.63 38.57 38.49 38.44 38.41 38.43 38.56 38.66 38.73
38.84 38.93 39.01 39 38.96 1.70141e38 38.81 38.75 38.72 38.65 38.57 38.53 38.49 38.42 38.35 38.31 38.27 38.21 38.17 38.19 38.3 38.54 38.71 38.83 39.02 39.2 39.31 39.58 40.15 40.54 40.66 40.8 41.02 41.05 41.01 40.98 40.87 40.62 40.38 40.25 40.02 39.77 39.58 39.53 39.49 39.49 39.51 39.57 39.62 39.64 39.59 39.52 39.53 39.54 39.54 39.5 39.48 39.49 39.5 39.51 39.5 39.48 39.42 39.26 39.08 38.98 38.92 38.81 38.74 38.69 38.59 38.51 38.46 38.43 38.42 38.51 38.61 38.69
38.81 38.95 38.95 38.91 38.87 1.70141e38 38.73 38.69 38.65 38.58 38.51 38.46 38.43 38.36 38.29 38.24 38.21 38.17 38.2 38.28 38.44 38.67 38.84 38.96 39.18 39.36 39.42 39.39 39.53 39.88 40.07 40.31 40.67 40.76 40.72 40.64 40.42 40.08 39.84 39.75 39.59 39.44 39.3 39.26 39.35 39.4 39.37 39.39 39.42 39.43 39.39 39.32 39.33 39.34 39.35 39.35 39.37 39.38 39.38 39.39 39.4 39.41 39.4 39.32 39.19 39.07 38.97 38.85 38.78 38.72 38.62 38.53 38.48 38.45 38.41 38.47 38.56 38.64
38.85 38.93 38.89 38.85 38.8 1.70141e38 38.67 38.62 38.58 38.51 38.45 38.4 38.36 38.29 38.23 38.19 38.17 38.18 38.25 38.36 38.58 38.82 38.98 39.11 39.33 39.45 39.45 39.35 39.22 39.3 39.44 39.67 40.04 40.2 40.22 40.17 39.95 39.58 39.35 39.35 39.31 39.25 39.2 39.17 39.22 39.23 39.18 39.17 39.18 39.19 39.19 39.2 39.22 39.23 39.23 39.24 39.25 39.26 39.26 39.27 39.28 39.29 39.3 39.28 39.25 39.19 39.05 38.9 38.82 38.76 38.65 38.56 38.5 38.47 38.42 38.44 38.52 38.59
38.86 38.88 38.82 38.78 38.74 1.70141e38 38.6 38.56 38.52 38.45 38.38 38.33 38.3 38.23 38.19 38.17 38.17 38.25 38.36 38.48 38.72 38.96 39.12 39.24 39.4 39.4 39.32 39.24 39.07 38.99 39.02 39.12 39.34 39.55 39.63 39.59 39.38 39.12 39.02 39.07 39.06 39 38.98 38.98 39 39.01 39.03 39.05 39.06 39.07 39.08 39.09 39.1 39.11 39.12 39.12 39.13 39.14 39.15 39.16 39.17 39.17 39.18 39.19 39.19 39.17 39.1 38.97 38.87 38.79 38.68 38.58 38.52 38.48 38.42 38.42 38.48 38.55
38.85 38.82 38.76 38.72 38.67 1.70141e38 38.54 38.49 38.45 38.38 38.32 38.28 38.24 38.19 38.17 38.16 38.2 38.35 38.5 38.63 38.86 39.11 39.26 39.34 39.37 39.24 39.13 39.06 38.94 38.88 38.85 38.85 38.92 39.02 39.07 39.01 38.85 38.76 38.77 38.79 38.76 38.72 38.73 38.76 38.8 38.83 38.85 38.88 38.91 38.93 38.94 38.96 38.98 38.99 39 39.01 39.01 39.02 39.03 39.04 39.05 39.06 39.06 39.07 39.08 39.09 39.07 39 38.93 38.85 38.72 38.61 38.54 38.5 38.43 38.41 38.43 38.49
38.82 38.76 38.69 38.65 38.6 1.70141e38 38.47 38.43 38.39 38.32 38.27 38.24 38.2 38.17 38.16 38.17 38.27 38.48 38.64 38.77 39 39.2 39.32 39.31 39.21 39.04 38.92 38.88 38.83 38.81 38.8 38.8 38.79 38.77 38.75 38.71 38.67 38.64 38.63 38.61 38.61 38.61 38.61 38.62 38.64 38.66 38.67 38.7 38.72 38.74 38.76 38.79 38.82 38.84 38.86 38.87 38.89 38.9 38.91 38.92 38.93 38.94 38.95 38.96 38.97 38.97 38.98 38.97 38.95 38.89 38.76 38.65 38.58 38.53 38.46 38.41 38.4 38.42
38.76 38.69 38.62 38.59 38.54 1.70141e38 38.42 38.38 38.32 38.26 38.23 38.2 38.18 38.16 38.16 38.22 38.4 38.64 38.8 38.92 39.09 39.16 39.16 39.1 38.97 38.85 38.78 38.77 38.76 38.77 38.78 38.79 38.77 38.74 38.73 38.69 38.65 38.62 38.61 38.6 38.59 38.59 38.59 38.59 38.58 38.58 38.59 38.59 38.59 38.6 38.61 38.63 38.65 38.67 38.69 38.71 38.73 38.75 38.77 38.79 38.8 38.81 38.83 38.84 38.85 38.84 38.84 38.86 38.86 38.84 38.77 38.69 38.64 38.58 38.49 38.43 38.4 38.38
38.7 38.63 38.56 38.53 38.48 1.70141e38 38.36 38.33 38.27 38.22 38.2 38.19 38.17 38.19 38.22 38.33 38.59 38.86 39 39.06 39.1 39 38.9 38.85 38.78 38.75 38.74 38.74 38.75 38.76 38.78 38.78 38.75 38.72 38.7 38.66 38.62 38.6 38.59 38.59 38.58 38.58 38.58 38.57 38.57 38.57 38.57 38.56 38.56 38.56 38.56 38.56 38.56 38.57 38.58 38.58 38.59 38.6 38.62 38.65 38.66 38.67 38.69 38.72 38.72 38.69 38.65 38.67 38.69 38.69 38.67 38.65 38.65 38.61 38.52 38.46 38.43 38.39
38.64 38.56 38.51 38.47 38.41 1.70141e38 38.3 38.27 38.23 38.2 38.19 38.18 38.19 38.29 38.4 38.53 38.8 39.03 39.13 39.1 38.99 38.84 38.77 38.75 38.72 38.72 38.72 38.73 38.74 38.76 38.77 38.76 38.73 38.7 38.68 38.64 38.6 38.59 38.58 38.58 38.57 38.57 38.57 38.56 38.56 38.56 38.56 38.55 38.55 38.55 38.54 38.54 38.54 38.54 38.53 38.53 38.53 38.52 38.53 38.54 38.54 38.54 38.56 38.57 38.57 38.54 38.5 38.52 38.53 38.53 38.54 38.54 38.55 38.55 38.52 38.48 38.46 38.41
38.57 38.5 38.45 38.41 38.35 1.70141e38 38.25 38.23 38.2 38.19 38.17 38.17 38.25 38.44 38.6 38.73 38.94 39.05 39.04 38.97 38.82 38.73 38.7 38.69 38.69 38.7 38.71 38.73 38.75 38.76 38.76 38.74 38.7 38.67 38.65 38.62 38.58 38.57 38.57 38.56 38.56 38.56 38.56 38.55 38.55 38.55 38.55 38.54 38.54 38.54 38.53 38.53 38.53 38.52 38.52 38.51 38.51 38.5 38.5 38.5 38.49 38.49 38.49 38.48 38.48 38.48 38.48 38.48 38.47 38.47 38.47 38.47 38.47 38.47 38.48 38.48 38.46 38.44
38.49 38.4 38.35 38.32 38.28 38.24 38.22 38.21 38.19 38.17 38.17 38.2 38.35 38.58 38.75 38.86 38.99 38.97 38.89 38.8 38.71 38.68 38.67 38.67 38.68 38.69 38.71 38.73 38.75 38.76 38.75 38.72 38.68 38.65 38.63 38.59 38.57 38.56 38.56 38.55 38.55 38.55 38.55 38.54 38.54 38.54 38.53 38.53 38.53 38.53 38.52 38.51 38.51 38.51 38.5 38.5 38.49 38.49 38.49 38.49 38.48 38.48 38.48 38.48 38.48 38.47 38.47 38.47 38.46 38.46 38.46 38.46 38.45 38.45 38.45 38.45 38.44 38.45
38.4 38.31 38.27 38.26 38.24 38.22 38.21 38.2 38.18 38.17 38.19 38.28 38.49 38.7 38.85 38.93 38.92 38.84 38.77 38.68 38.64 38.64 38.64 38.66 38.68 38.69 38.71 38.73 38.74 38.75 38.73 38.69 38.65 38.63 38.61 38.58 38.56 38.55 38.55 38.54 38.54 38.54 38.53 38.53 38.53 38.52 38.52 38.51 38.51 38.51 38.5 38.5 38.49 38.49 38.49 38.49 38.48 38.48 38.48 38.48 38.48 38.47 38.47 38.47 38.47 38.46 38.46 38.46 38.45 38.45 38.45 38.45 38.44 38.44 38.43 38.43 38.42 38.43
38.31 38.28 38.25 38.24 38.23 38.21 38.2 38.19 38.17 38.21 38.28 38.4 38.64 38.81 38.88 38.89 38.78 38.69 38.65 38.62 38.61 38.62 38.63 38.65 38.68 38.69 38.71 38.73 38.73 38.73 38.71 38.67 38.63 38.61 38.58 38.56 38.55 38.54 38.53 38.53 38.52 38.52 38.52 38.51 38.51 38.51 38.5 38.5 38.49 38.49 38.49 38.49 38.48 38.48 38.48 38.48 38.48 38.47 38.47 38.47 38.47 38.46 38.46 38.46 38.46 38.45 38.45 38.45 38.44 38.44 38.43 38.43 38.43 38.42 38.42 38.42 38.41 38.41
38.28 38.26 38.24 38.23 38.23 38.2 38.19 38.18 38.18 38.26 38.38 38.54 38.75 38.87 38.86 38.76 38.65 38.6 38.59 38.59 38.6 38.61 38.63 38.65 38.68 38.69 38.71 38.72 38.72 38.7 38.68 38.64 38.61 38.59 38.56 38.54 38.53 38.52 38.52 38.51 38.51 38.51 38.5 38.5 38.5 38.49 38.49 38.49 38.48 38.48 38.48 38.48 38.48 38.47 38.47 38.47 38.47 38.46 38.46 38.46 38.46 38.45 38.45 38.45 38.44 38.44 38.44 38.44 38.43 38.43 38.42 38.42 38.42 38.41 38.4 38.4 38.4 38.39
