slabs/56.grd
DSAA
631 301
645150 645780
4947500 4947800
37.41 43.04
[rows 102 to 135 of 301, columns 78 to 155 of 631]
37.95 37.96 37.97 37.98 37.98 37.99 38 38 38 38.01 38.02 38.03 38.03 38.04 38.05 38.06 38.06 38.07 38.09 38.18 38.3 38.4 38.56 38.61 38.59 38.69 38.96 39.29 39.65 40.18 40.6 40.7 40.69 40.66 40.57 40.48 40.4 40.25 40.1 40 39.95 39.92 39.97 39.99 40.01 40.04 40.05 40.03 40.05 40.11 40.16 40.14 40.13 40.15 40.12 40.14 40.16 40.14 40.15 40.16 40.16 40.14 40.12 40.11 40.13 40.18 40.21 40.19 40.16 40.17 40.19 40.18 40.15 40.15 40.17 40.19 40.18 40.21
37.96 37.97 37.98 37.99 37.99 38 38.01 38.02 38.02 38.02 38.03 38.05 38.05 38.05 38.06 38.07 38.08 38.08 38.12 38.22 38.34 38.45 38.59 38.62 38.61 38.72 39 39.22 39.47 39.99 40.42 40.62 40.68 40.71 40.62 40.53 40.46 40.31 40.15 40.03 39.97 39.94 39.99 40 40.01 40.03 40.05 40.05 40.07 40.1 40.13 40.14 40.14 40.13 40.09 40.11 40.17 40.16 40.16 40.16 40.15 40.15 40.16 40.14 40.12 40.16 40.2 40.19 40.17 40.17 40.19 40.19 40.15 40.13 40.16 40.2 40.18 40.19
37.97 37.98 37.99 38 38 38.01 38.02 38.03 38.03 38.04 38.05 38.06 38.06 38.07 38.07 38.09 38.09 38.1 38.15 38.24 38.35 38.5 38.61 38.62 38.63 38.76 39.06 39.28 39.47 39.86 40.29 40.58 40.69 40.77 40.72 40.64 40.56 40.4 40.2 40.05 39.98 39.95 40 39.99 40 40.03 40.05 40.09 40.14 40.13 40.13 40.12 40.12 40.12 40.1 40.12 40.17 40.18 40.17 40.16 40.14 40.15 40.17 40.15 40.12 40.16 40.2 40.19 40.17 40.17 40.19 40.2 40.17 40.15 40.17 40.2 40.19 40.16
37.99 37.99 38 38.01 38.01 38.02 38.03 38.04 38.04 38.05 38.06 38.07 38.08 38.08 38.09 38.1 38.11 38.12 38.19 38.28 38.39 38.55 38.62 38.62 38.64 38.8 39.11 39.32 39.5 39.87 40.31 40.62 40.72 40.82 40.81 40.74 40.64 40.43 40.22 40.07 39.96 39.92 39.98 39.99 39.99 40.03 40.07 40.14 40.21 40.16 40.14 40.11 40.1 40.12 40.12 40.13 40.15 40.16 40.16 40.16 40.14 40.14 40.16 40.14 40.11 40.14 40.18 40.21 40.19 40.18 40.19 40.2 40.19 40.19 40.19 40.2 40.19 40.15
38 38.01 38.01 38.03 38.03 38.03 38.04 38.05 38.06 38.06 38.07 38.08 38.09 38.1 38.1 38.11 38.12 38.15 38.24 38.35 38.45 38.58 38.62 38.62 38.66 38.81 39.09 39.29 39.48 39.88 40.34 40.66 40.75 40.86 40.87 40.81 40.69 40.45 40.27 40.13 39.93 39.89 39.96 39.98 40 40.04 40.11 40.19 40.23 40.15 40.13 40.12 40.1 40.13 40.14 40.14 40.15 40.14 40.12 40.15 40.16 40.15 40.17 40.16 40.13 40.13 40.16 40.19 40.19 40.2 40.2 40.2 40.18 40.15 40.15 40.18 40.2 40.18
38.01 38.02 38.03 38.04 38.05 38.05 38.06 38.07 38.08 38.08 38.09 38.1 38.11 38.12 38.12 38.13 38.14 38.17 38.29 38.41 38.5 38.6 38.62 38.62 38.68 38.83 39.02 39.21 39.4 39.81 40.31 40.65 40.75 40.87 40.91 40.85 40.72 40.51 40.35 40.21 39.98 39.89 39.95 39.98 39.99 40.04 40.1 40.17 40.19 40.11 40.11 40.13 40.14 40.14 40.15 40.14 40.14 40.15 40.13 40.14 40.17 40.17 40.19 40.21 40.16 40.14 40.15 40.16 40.16 40.17 40.17 40.17 40.17 40.13 40.13 40.15 40.19 40.19
38.02 38.03 38.04 38.05 38.07 38.07 38.07 38.08 38.09 38.1 38.11 38.12 38.12 38.13 38.14 38.14 38.15 38.19 38.33 38.46 38.54 38.61 38.61 38.61 38.73 38.89 38.99 39.11 39.28 39.69 40.16 40.47 40.65 40.84 40.94 40.89 40.75 40.54 40.4 40.28 40.05 39.93 39.98 39.98 39.99 40.02 40.05 40.1 40.15 40.12 40.11 40.14 40.16 40.14 40.12 40.12 40.14 40.18 40.17 40.16 40.18 40.16 40.18 40.2 40.14 40.13 40.14 40.16 40.15 40.13 40.13 40.17 40.18 40.16 40.15 40.16 40.19 40.2
38.04 38.05 38.06 38.07 38.08 38.09 38.09 38.1 38.11 38.11 38.12 38.13 38.13 38.14 38.15 38.15 38.16 38.22 38.37 38.51 38.56 38.61 38.61 38.63 38.8 39 39.01 39.04 39.17 39.53 39.91 40.19 40.51 40.78 40.91 40.89 40.76 40.55 40.42 40.31 40.11 39.98 39.97 39.98 39.98 40.01 40.02 40.09 40.19 40.19 40.14 40.15 40.15 40.12 40.12 40.12 40.14 40.17 40.17 40.17 40.18 40.13 40.15 40.18 40.15 40.14 40.15 40.15 40.15 40.14 40.14 40.17 40.18 40.15 40.15 40.15 40.2 40.21
38.06 38.07 38.08 38.08 38.09 38.1 38.11 38.11 38.12 38.12 38.13 38.13 38.14 38.15 38.16 38.16 38.18 38.25 38.42 38.55 38.58 38.61 38.64 38.71 38.9 39.11 39.09 39.08 39.11 39.34 39.68 39.99 40.43 40.7 40.82 40.83 40.75 40.54 40.41 40.32 40.11 39.94 39.91 39.94 39.98 40.01 40.05 40.13 40.24 40.25 40.18 40.15 40.14 40.13 40.13 40.13 40.14 40.16 40.16 40.17 40.18 40.16 40.17 40.2 40.17 40.14 40.14 40.15 40.16 40.13 40.14 40.17 40.18 40.16 40.14 40.14 40.19 40.2
38.08 38.08 38.09 38.09 38.1 38.11 38.12 38.12 38.13 38.14 38.14 38.15 38.15 38.17 38.17 38.18 38.2 38.29 38.46 38.58 38.6 38.6 38.64 38.77 39 39.19 39.15 39.13 39.12 39.24 39.53 39.88 40.4 40.65 40.75 40.77 40.73 40.56 40.41 40.29 40.05 39.88 39.87 39.95 40.01 40.02 40.06 40.1 40.17 40.21 40.18 40.14 40.14 40.13 40.15 40.14 40.12 40.15 40.16 40.17 40.18 40.18 40.19 40.2 40.16 40.14 40.14 40.16 40.15 40.11 40.13 40.17 40.2 40.18 40.15 40.15 40.18 40.19
38.09 38.09 38.1 38.1 38.11 38.12 38.13 38.13 38.14 38.15 38.16 38.16 38.17 38.18 38.19 38.19 38.22 38.33 38.5 38.6 38.61 38.6 38.62 38.78 39.08 39.23 39.18 39.16 39.18 39.29 39.45 39.75 40.29 40.62 40.73 40.74 40.74 40.64 40.48 40.32 40.05 39.89 39.89 39.98 40.04 40 40.03 40.05 40.07 40.13 40.13 40.14 40.15 40.11 40.12 40.13 40.11 40.12 40.14 40.16 40.17 40.17 40.17 40.16 40.14 40.11 40.13 40.15 40.15 40.13 40.13 40.16 40.2 40.19 40.17 40.16 40.17 40.18
38.1 38.11 38.11 38.11 38.12 38.13 38.14 38.14 38.15 38.16 38.17 38.17 38.18 38.19 38.2 38.21 38.24 38.38 38.54 38.6 38.6 38.62 38.66 38.83 39.13 39.22 39.16 39.16 39.23 39.34 39.41 39.61 40.1 40.55 40.73 40.73 40.75 40.73 40.61 40.46 40.2 40.04 40 40.03 40.06 39.99 40 40.04 40.06 40.12 40.15 40.18 40.18 40.12 40.1 40.09 40.09 40.1 40.13 40.16 40.17 40.19 40.16 40.13 40.12 40.1 40.12 40.15 40.15 40.15 40.14 40.15 40.18 40.2 40.18 40.16 40.16 40.17
38.11 38.12 38.13 38.13 38.13 38.14 38.15 38.16 38.16 38.17 38.18 38.18 38.19 38.2 38.21 38.22 38.28 38.43 38.56 38.6 38.59 38.66 38.79 38.95 39.15 39.17 39.14 39.16 39.24 39.35 39.44 39.6 40.01 40.48 40.73 40.72 40.73 40.78 40.75 40.63 40.42 40.3 40.19 40.08 40.06 40.02 40.03 40.05 40.1 40.17 40.19 40.2 40.19 40.16 40.12 40.09 40.09 40.09 40.11 40.15 40.18 40.2 40.18 40.15 40.14 40.13 40.13 40.15 40.14 40.14 40.15 40.15 40.17 40.19 40.19 40.15 40.14 40.15
38.12 38.13 38.14 38.14 38.15 38.16 38.17 38.17 38.18 38.18 38.19 38.2 38.2 38.21 38.22 38.24 38.33 38.49 38.58 38.59 38.59 38.72 38.93 39.04 39.13 39.14 39.15 39.19 39.28 39.44 39.58 39.73 40.07 40.45 40.66 40.67 40.7 40.78 40.82 40.74 40.56 40.44 40.29 40.1 40.07 40.03 40.03 40.06 40.12 40.2 40.2 40.17 40.16 40.17 40.15 40.12 40.1 40.09 40.11 40.15 40.18 40.2 40.19 40.17 40.17 40.16 40.14 40.15 40.14 40.15 40.17 40.16 40.16 40.18 40.19 40.14 40.12 40.13
38.13 38.14 38.15 38.15 38.16 38.17 38.18 38.19 38.19 38.2 38.21 38.21 38.22 38.23 38.24 38.26 38.38 38.53 38.59 38.59 38.6 38.78 39.01 39.07 39.09 39.12 39.16 39.21 39.35 39.57 39.75 39.9 40.2 40.47 40.6 40.62 40.68 40.77 40.81 40.75 40.61 40.52 40.4 40.22 40.1 40.02 40.02 40.04 40.1 40.18 40.17 40.13 40.13 40.16 40.15 40.13 40.1 40.09 40.12 40.16 40.15 40.17 40.19 40.17 40.17 40.16 40.14 40.14 40.16 40.17 40.18 40.16 40.15 40.18 40.18 40.12 40.11 40.12
38.14 38.15 38.16 38.17 38.17 38.18 38.19 38.21 38.21 38.21 38.22 38.23 38.24 38.25 38.26 38.29 38.42 38.56 38.59 38.58 38.62 38.83 39.04 39.06 39.06 39.09 39.12 39.2 39.39 39.65 39.83 39.98 40.28 40.51 40.58 40.6 40.69 40.79 40.8 40.72 40.63 40.6 40.52 40.31 40.1 40.03 40.02 40.01 40.06 40.12 40.15 40.15 40.14 40.16 40.15 40.13 40.12 40.11 40.14 40.16 40.14 40.15 40.17 40.16 40.17 40.16 40.13 40.11 40.15 40.17 40.17 40.15 40.17 40.19 40.17 40.14 40.14 40.14
38.15 38.17 38.18 38.19 38.19 38.2 38.21 38.22 38.23 38.23 38.24 38.25 38.25 38.26 38.27 38.32 38.46 38.57 38.59 38.58 38.66 38.88 39.02 39.02 39.03 39.03 39.02 39.11 39.28 39.47 39.64 39.83 40.17 40.45 40.56 40.64 40.73 40.81 40.8 40.75 40.74 40.75 40.68 40.39 40.09 40.03 40.01 40.01 40.05 40.1 40.15 40.18 40.16 40.17 40.19 40.15 40.13 40.12 40.12 40.15 40.16 40.16 40.15 40.15 40.18 40.18 40.14 40.11 40.14 40.16 40.18 40.15 40.16 40.18 40.17 40.16 40.16 40.16
38.17 38.18 38.19 38.2 38.21 38.22 38.22 38.23 38.24 38.25 38.25 38.26 38.27 38.27 38.28 38.36 38.5 38.58 38.58 38.57 38.69 38.92 38.99 38.99 39 38.98 38.95 39.01 39.09 39.14 39.25 39.47 39.88 40.29 40.51 40.71 40.78 40.81 40.83 40.85 40.89 40.92 40.83 40.48 40.12 40.04 40.03 40.03 40.06 40.08 40.12 40.15 40.11 40.14 40.18 40.15 40.14 40.12 40.12 40.16 40.17 40.18 40.16 40.13 40.15 40.17 40.17 40.14 40.15 40.18 40.2 40.18 40.16 40.17 40.18 40.17 40.16 40.16
38.19 38.2 38.21 38.22 38.22 38.23 38.23 38.24 38.25 38.26 38.26 38.27 38.28 38.29 38.3 38.39 38.53 38.58 38.57 38.58 38.73 38.92 38.95 38.96 38.97 38.97 38.93 38.94 38.95 38.91 38.95 39.09 39.55 40.11 40.45 40.76 40.78 40.77 40.82 40.92 41 41.05 40.91 40.49 40.14 40.07 40.05 40.04 40.05 40.05 40.07 40.11 40.11 40.13 40.15 40.13 40.15 40.14 40.14 40.16 40.16 40.16 40.15 40.13 40.12 40.14 40.15 40.14 40.15 40.17 40.19 40.18 40.17 40.17 40.17 40.17 40.16 40.17
38.21 38.21 38.22 38.23 38.23 38.24 38.24 38.25 38.26 38.27 38.27 38.28 38.29 38.31 38.34 38.42 38.55 38.56 38.53 38.59 38.77 38.91 38.92 38.94 38.95 38.94 38.9 38.87 38.84 38.78 38.77 38.83 39.32 40.01 40.4 40.72 40.7 40.7 40.75 40.87 40.99 41.06 40.91 40.46 40.12 40.05 40.03 40.02 40.03 40.03 40.06 40.14 40.19 40.19 40.16 40.12 40.12 40.14 40.15 40.14 40.15 40.15 40.15 40.13 40.11 40.12 40.13 40.13 40.14 40.15 40.16 40.18 40.18 40.17 40.18 40.17 40.16 40.17
38.22 38.23 38.23 38.24 38.25 38.25 38.25 38.26 38.28 38.28 38.28 38.29 38.3 38.33 38.38 38.46 38.56 38.54 38.5 38.61 38.8 38.88 38.89 38.92 38.93 38.9 38.85 38.78 38.72 38.67 38.65 38.7 39.24 40 40.39 40.7 40.66 40.66 40.67 40.74 40.87 40.95 40.82 40.44 40.09 40 39.98 40 40.02 40.03 40.08 40.15 40.2 40.19 40.15 40.12 40.11 40.12 40.13 40.14 40.15 40.15 40.16 40.14 40.1 40.1 40.13 40.12 40.14 40.16 40.17 40.19 40.18 40.18 40.19 40.19 40.18 40.18
38.23 38.24 38.24 38.25 38.26 38.27 38.27 38.27 38.29 38.3 38.3 38.3 38.31 38.35 38.41 38.5 38.56 38.53 38.51 38.63 38.82 38.85 38.86 38.9 38.91 38.86 38.8 38.68 38.59 38.54 38.56 38.7 39.34 40.11 40.45 40.75 40.74 40.71 40.67 40.65 40.72 40.77 40.71 40.46 40.2 40.1 40.01 40 40.03 40.04 40.09 40.14 40.17 40.16 40.15 40.13 40.11 40.12 40.13 40.14 40.15 40.14 40.15 40.16 40.12 40.1 40.14 40.15 40.15 40.17 40.19 40.21 40.19 40.16 40.18 40.2 40.19 40.18
38.24 38.25 38.25 38.26 38.27 38.28 38.28 38.29 38.29 38.31 38.31 38.32 38.32 38.35 38.42 38.52 38.55 38.5 38.53 38.67 38.81 38.81 38.83 38.87 38.86 38.81 38.74 38.61 38.47 38.37 38.43 38.7 39.48 40.32 40.55 40.77 40.83 40.8 40.72 40.62 40.6 40.62 40.65 40.57 40.44 40.28 40.05 40.01 40.02 40.03 40.07 40.13 40.16 40.17 40.17 40.14 40.11 40.12 40.13 40.13 40.14 40.14 40.14 40.17 40.14 40.12 40.16 40.18 40.17 40.17 40.2 40.24 40.21 40.15 40.16 40.2 40.2 40.18
38.25 38.26 38.27 38.27 38.28 38.29 38.29 38.3 38.31 38.32 38.32 38.33 38.35 38.37 38.44 38.53 38.51 38.47 38.55 38.71 38.77 38.79 38.8 38.84 38.81 38.75 38.69 38.57 38.39 38.22 38.29 38.63 39.54 40.4 40.55 40.71 40.83 40.85 40.77 40.64 40.55 40.56 40.61 40.6 40.54 40.36 40.08 40 40 40.01 40.05 40.11 40.15 40.16 40.17 40.14 40.11 40.13 40.13 40.11 40.13 40.14 40.14 40.17 40.15 40.13 40.18 40.18 40.17 40.17 40.21 40.24 40.21 40.14 40.13 40.18 40.19 40.19
38.27 38.27 38.28 38.29 38.29 38.3 38.31 38.31 38.32 38.33 38.34 38.34 38.38 38.42 38.48 38.53 38.5 38.49 38.58 38.7 38.73 38.77 38.79 38.82 38.78 38.71 38.65 38.54 38.35 38.18 38.26 38.69 39.51 40.19 40.49 40.69 40.8 40.83 40.77 40.61 40.51 40.52 40.58 40.59 40.56 40.35 40.05 39.99 40 40.02 40.06 40.09 40.13 40.15 40.17 40.16 40.14 40.14 40.14 40.12 40.13 40.15 40.14 40.16 40.15 40.14 40.18 40.2 40.19 40.18 40.2 40.22 40.19 40.13 40.12 40.15 40.18 40.2
38.28 38.29 38.29 38.3 38.31 38.31 38.32 38.33 38.34 38.35 38.35 38.36 38.41 38.48 38.52 38.51 38.49 38.57 38.62 38.67 38.71 38.75 38.77 38.8 38.75 38.67 38.61 38.49 38.32 38.19 38.31 38.87 39.59 40.09 40.57 40.73 40.79 40.8 40.72 40.56 40.5 40.52 40.56 40.57 40.52 40.3 39.99 39.98 40.02 40.04 40.07 40.08 40.1 40.13 40.17 40.17 40.15 40.15 40.14 40.13 40.14 40.16 40.15 40.16 40.15 40.13 40.17 40.21 40.19 40.17 40.19 40.22 40.2 40.16 40.15 40.15 40.17 40.19
38.29 38.3 38.31 38.31 38.32 38.33 38.34 38.35 38.36 38.37 38.37 38.38 38.44 38.52 38.54 38.49 38.48 38.6 38.63 38.65 38.7 38.73 38.76 38.78 38.73 38.65 38.58 38.43 38.27 38.21 38.44 39.19 39.91 40.29 40.69 40.77 40.76 40.74 40.65 40.55 40.55 40.56 40.59 40.56 40.48 40.28 40.01 40 40.03 40.05 40.06 40.05 40.06 40.1 40.13 40.14 40.14 40.14 40.14 40.12 40.13 40.16 40.17 40.17 40.15 40.13 40.15 40.17 40.15 40.14 40.18 40.21 40.2 40.18 40.17 40.17 40.18 40.2
38.31 38.32 38.33 38.33 38.34 38.35 38.36 38.36 38.37 38.38 38.39 38.4 38.46 38.55 38.53 38.47 38.49 38.57 38.6 38.64 38.68 38.72 38.74 38.75 38.71 38.65 38.54 38.39 38.23 38.25 38.65 39.53 40.22 40.5 40.76 40.77 40.73 40.7 40.63 40.61 40.64 40.65 40.63 40.55 40.45 40.28 40.06 40.01 40.03 40.05 40.05 40.03 40.04 40.07 40.1 40.11 40.12 40.14 40.15 40.14 40.14 40.15 40.16 40.16 40.16 40.15 40.15 40.15 40.14 40.15 40.17 40.18 40.19 40.19 40.17 40.16 40.17 40.19
38.33 38.33 38.34 38.35 38.36 38.36 38.37 38.37 38.38 38.39 38.4 38.42 38.49 38.55 38.51 38.45 38.5 38.56 38.58 38.62 38.67 38.69 38.72 38.72 38.68 38.62 38.51 38.38 38.27 38.4 38.95 39.83 40.43 40.61 40.74 40.72 40.7 40.68 40.65 40.66 40.67 40.65 40.59 40.5 40.39 40.23 40.06 40 40 40.02 40.05 40.07 40.06 40.07 40.1 40.1 40.11 40.14 40.16 40.17 40.15 40.14 40.15 40.14 40.15 40.15 40.14 40.16 40.15 40.16 40.19 40.19 40.19 40.2 40.17 40.16 40.17 40.18
38.34 38.34 38.35 38.36 38.37 38.37 38.38 38.39 38.39 38.4 38.41 38.44 38.51 38.54 38.48 38.42 38.48 38.53 38.56 38.6 38.64 38.67 38.71 38.69 38.64 38.6 38.52 38.48 38.52 38.73 39.36 40.18 40.67 40.73 40.72 40.65 40.62 40.6 40.56 40.55 40.55 40.53 40.47 40.4 40.31 40.15 40.03 39.98 39.97 39.99 40.04 40.07 40.07 40.07 40.1 40.12 40.12 40.12 40.14 40.15 40.14 40.14 40.17 40.16 40.15 40.14 40.11 40.13 40.15 40.16 40.17 40.16 40.16 40.19 40.17 40.18 40.18 40.17
38.35 38.35 38.36 38.37 38.38 38.38 38.39 38.4 38.41 38.41 38.42 38.46 38.51 38.51 38.45 38.41 38.47 38.5 38.54 38.59 38.62 38.65 38.69 38.67 38.63 38.66 38.73 38.86 39.02 39.26 39.89 40.6 40.96 40.94 40.79 40.63 40.58 40.57 40.52 40.46 40.43 40.4 40.35 40.28 40.2 40.08 40 39.96 39.96 39.97 40.01 40.05 40.06 40.07 40.12 40.15 40.14 40.12 40.12 40.14 40.13 40.13 40.16 40.15 40.14 40.13 40.11 40.12 40.14 40.14 40.15 40.14 40.15 40.18 40.16 40.18 40.2 40.17
38.36 38.36 38.37 38.38 38.39 38.39 38.4 38.41 38.42 38.42 38.43 38.48 38.52 38.48 38.41 38.4 38.45 38.48 38.53 38.57 38.61 38.65 38.71 38.74 38.77 38.91 39.22 39.5 39.68 39.95 40.49 40.93 41.08 41.01 40.8 40.61 40.61 40.67 40.66 40.56 40.48 40.36 40.25 40.15 40.08 40 39.98 39.97 39.97 39.97 40 40.04 40.05 40.07 40.11 40.15 40.16 40.16 40.13 40.13 40.13 40.13 40.15 40.15 40.14 40.13 40.12 40.13 40.15 40.15 40.15 40.14 40.15 40.17 40.15 40.17 40.21 40.21
38.38 38.38 38.38 38.39 38.41 38.41 38.41 38.42 38.43 38.43 38.45 38.49 38.52 38.46 38.38 38.39 38.44 38.46 38.52 38.59 38.63 38.72 38.89 39.04 39.16 39.35 39.7 39.97 40.14 40.4 40.82 40.96 40.94 40.88 40.71 40.57 40.58 40.69 40.69 40.57 40.45 40.27 40.17 40.1 40.05 40 39.98 39.98 39.98 39.97 39.99 40.03 40.04 40.07 40.11 40.13 40.15 40.17 40.14 40.13 40.13 40.13 40.14 40.14 40.14 40.13 40.13 40.14 40.16 40.18 40.16 40.15 40.17 40.18 40.17 40.17 40.2 40.22
38.39 38.39 38.4 38.41 38.42 38.42 38.43 38.43 38.44 38.44 38.46 38.49 38.49 38.43 38.35 38.38 38.42 38.45 38.57 38.73 38.82 38.94 39.22 39.46 39.6 39.74 39.97 40.18 40.34 40.51 40.76 40.81 40.77 40.73 40.63 40.55 40.59 40.68 40.61 40.47 40.34 40.16 40.08 40.08 40.04 40 40 39.98 39.98 39.97 39.99 40.03 40.04 40.07 40.11 40.12 40.15 40.18 40.17 40.15 40.13 40.13 40.13 40.14 40.13 40.13 40.14 40.14 40.15 40.18 40.17 40.16 40.18 40.18 40.18 40.16 40.17 40.19
