slabs/56.grd
DSAA
631 301
645150 645780
4947500 4947800
37.41 43.04
[rows 136 to 169 of 301, columns 0 to 77 of 631]
38.06 38.14 38.07 1.70141e38 37.96 38.01 37.95 37.91 37.96 38.1 38.17 38.19 38.21 38.2 38.18 38.12 38.02 37.95 37.94 38.01 38.11 38.11 38.05 37.95 37.9 37.88 37.88 37.88 37.87 37.86 37.86 37.85 37.85 37.84 37.84 37.83 37.82 37.81 37.81 37.81 37.8 37.8 37.79 37.78 37.78 37.78 37.77 37.76 37.76 37.77 37.81 37.85 37.88 37.92 38 38.08 38.13 38.16 38.19 38.22 38.24 38.26 38.28 38.29 38.3 38.31 38.32 38.32 38.32 38.34 38.35 38.35 38.35 38.36 38.37 38.37 38.38 38.39
38.11 38.13 38.07 1.70141e38 37.87 37.86 37.77 37.81 37.95 38.08 38.14 38.19 38.23 38.23 38.2 38.13 38.03 37.96 37.96 38.04 38.14 38.16 38.11 38 37.92 37.89 37.89 37.88 37.88 37.87 37.87 37.86 37.85 37.84 37.84 37.84 37.83 37.83 37.82 37.81 37.81 37.81 37.8 37.79 37.79 37.79 37.78 37.77 37.76 37.76 37.75 37.75 37.74 37.77 37.82 37.87 37.91 37.94 38.01 38.07 38.11 38.17 38.22 38.25 38.26 38.29 38.32 38.33 38.34 38.35 38.36 38.36 38.37 38.38 38.38 38.39 38.39 38.4
38.17 38.11 38.1 1.70141e38 38 37.89 37.74 37.8 37.98 38.09 38.15 38.23 38.26 38.24 38.22 38.13 38.04 37.98 38 38.09 38.18 38.21 38.16 38.05 37.96 37.91 37.9 37.89 37.88 37.87 37.87 37.87 37.86 37.86 37.85 37.84 37.84 37.84 37.83 37.82 37.82 37.82 37.81 37.8 37.79 37.79 37.78 37.78 37.77 37.77 37.76 37.75 37.75 37.74 37.75 37.75 37.76 37.78 37.83 37.87 37.9 37.97 38.04 38.09 38.13 38.19 38.25 38.29 38.3 38.33 38.35 38.36 38.37 38.39 38.39 38.39 38.4 38.41
38.14 38.06 38.08 1.70141e38 38.14 38.07 37.97 37.98 38.06 38.14 38.18 38.24 38.25 38.24 38.22 38.15 38.06 38.01 38.04 38.14 38.22 38.26 38.21 38.11 38.02 37.97 37.94 37.9 37.89 37.89 37.88 37.88 37.87 37.87 37.86 37.85 37.85 37.85 37.84 37.83 37.82 37.82 37.81 37.81 37.8 37.8 37.79 37.78 37.78 37.77 37.77 37.76 37.76 37.75 37.74 37.73 37.73 37.73 37.74 37.75 37.76 37.79 37.84 37.88 37.92 37.99 38.07 38.12 38.15 38.19 38.24 38.28 38.31 38.34 38.34 38.32 38.35 38.39
38.17 38.03 38.02 1.70141e38 38.17 38.16 38.14 38.14 38.15 38.17 38.19 38.22 38.22 38.21 38.19 38.14 38.07 38.04 38.08 38.18 38.25 38.28 38.25 38.18 38.1 38.04 37.99 37.92 37.9 37.9 37.89 37.88 37.88 37.88 37.87 37.86 37.85 37.85 37.84 37.84 37.83 37.83 37.82 37.81 37.81 37.8 37.8 37.79 37.78 37.78 37.77 37.77 37.76 37.76 37.75 37.74 37.74 37.73 37.73 37.72 37.72 37.72 37.73 37.74 37.76 37.8 37.85 37.9 37.92 37.93 37.95 38 38.04 38.1 38.12 38.13 38.19 38.27
38.19 38.06 37.99 1.70141e38 38.14 38.16 38.18 38.21 38.2 38.16 38.16 38.17 38.16 38.15 38.13 38.06 38.03 38.06 38.11 38.2 38.27 38.29 38.28 38.24 38.18 38.12 38.04 37.95 37.91 37.91 37.9 37.89 37.88 37.88 37.87 37.87 37.86 37.86 37.85 37.84 37.84 37.83 37.83 37.82 37.81 37.81 37.8 37.8 37.79 37.79 37.78 37.77 37.77 37.76 37.75 37.74 37.74 37.74 37.73 37.72 37.72 37.72 37.71 37.7 37.7 37.7 37.72 37.74 37.74 37.71 37.7 37.72 37.74 37.79 37.83 37.87 37.95 38.03
38.21 38.13 38.05 1.70141e38 38.12 38.19 38.21 38.22 38.19 38.14 38.15 38.12 38.05 38.04 38.01 37.94 37.95 38.02 38.08 38.19 38.27 38.29 38.29 38.26 38.23 38.19 38.09 37.99 37.93 37.91 37.9 37.9 37.89 37.88 37.88 37.87 37.87 37.86 37.86 37.85 37.84 37.84 37.83 37.82 37.81 37.81 37.81 37.8 37.79 37.79 37.78 37.77 37.77 37.77 37.76 37.75 37.75 37.74 37.73 37.73 37.73 37.72 37.72 37.71 37.71 37.7 37.7 37.69 37.69 37.68 37.67 37.67 37.66 37.67 37.68 37.7 37.75 37.8
38.23 38.19 38.15 1.70141e38 38.1 38.14 38.16 38.19 38.2 38.18 38.16 38.07 37.96 37.94 37.91 37.86 37.87 37.94 38.01 38.15 38.26 38.29 38.3 38.28 38.25 38.22 38.14 38.04 37.96 37.93 37.91 37.9 37.9 37.89 37.88 37.88 37.87 37.87 37.86 37.85 37.84 37.84 37.84 37.83 37.82 37.82 37.81 37.81 37.8 37.8 37.79 37.78 37.78 37.77 37.77 37.76 37.76 37.75 37.75 37.74 37.74 37.73 37.73 37.72 37.72 37.71 37.7 37.7 37.7 37.69 37.68 37.68 37.67 37.66 37.66 37.66 37.66 37.67
38.26 38.21 38.21 1.70141e38 38.04 38.04 38.1 38.19 38.23 38.22 38.16 38.02 37.95 37.94 37.92 37.86 37.81 37.85 37.94 38.11 38.24 38.28 38.3 38.28 38.26 38.24 38.17 38.08 38.01 37.97 37.92 37.91 37.9 37.9 37.89 37.88 37.87 37.87 37.87 37.86 37.85 37.85 37.84 37.84 37.83 37.83 37.82 37.81 37.81 37.81 37.8 37.79 37.79 37.78 37.77 37.77 37.77 37.76 37.76 37.75 37.75 37.74 37.73 37.73 37.72 37.71 37.71 37.71 37.7 37.69 37.69 37.68 37.67 37.67 37.66 37.66 37.65 37.65
38.23 38.2 38.21 1.70141e38 38.04 38.03 38.13 38.23 38.2 38.17 38.1 38 37.97 37.95 37.93 37.87 37.78 37.78 37.87 38.06 38.2 38.26 38.31 38.3 38.28 38.26 38.2 38.13 38.07 38.01 37.94 37.91 37.9 37.9 37.9 37.89 37.88 37.88 37.88 37.87 37.86 37.86 37.85 37.84 37.84 37.84 37.83 37.82 37.82 37.81 37.81 37.8 37.8 37.79 37.78 37.78 37.78 37.77 37.76 37.76 37.75 37.74 37.74 37.74 37.73 37.72 37.72 37.71 37.7 37.7 37.69 37.69 37.68 37.67 37.67 37.66 37.66 37.65
38.13 38.16 38.21 1.70141e38 38.14 38.1 38.16 38.24 38.18 38.11 38.07 38 37.96 37.94 37.92 37.88 37.81 37.78 37.84 38.02 38.15 38.22 38.31 38.3 38.29 38.27 38.22 38.16 38.12 38.06 37.97 37.92 37.91 37.91 37.91 37.9 37.89 37.89 37.88 37.87 37.87 37.87 37.86 37.85 37.85 37.85 37.84 37.83 37.83 37.82 37.81 37.81 37.81 37.8 37.79 37.79 37.78 37.77 37.77 37.77 37.76 37.75 37.75 37.74 37.73 37.73 37.72 37.72 37.71 37.7 37.7 37.69 37.69 37.68 37.67 37.67 37.67 37.67
38.02 38.11 38.22 1.70141e38 38.22 38.21 38.21 38.2 38.16 38.08 38.03 37.96 37.92 37.91 37.89 37.88 37.85 37.82 37.85 38 38.11 38.19 38.29 38.3 38.29 38.28 38.24 38.19 38.15 38.1 38.01 37.95 37.93 37.92 37.91 37.9 37.9 37.9 37.89 37.88 37.88 37.88 37.87 37.86 37.86 37.85 37.84 37.84 37.84 37.83 37.82 37.82 37.81 37.8 37.8 37.79 37.79 37.78 37.78 37.77 37.76 37.76 37.75 37.75 37.74 37.73 37.73 37.72 37.72 37.71 37.7 37.7 37.7 37.7 37.7 37.7 37.71 37.72
37.97 38.07 38.2 1.70141e38 38.16 38.21 38.18 38.14 38.13 38.07 37.99 37.92 37.89 37.87 37.86 37.86 37.86 37.85 37.88 38 38.1 38.17 38.28 38.31 38.3 38.29 38.26 38.21 38.18 38.14 38.07 38.02 37.98 37.94 37.92 37.91 37.91 37.91 37.9 37.89 37.89 37.88 37.87 37.87 37.87 37.86 37.85 37.85 37.84 37.83 37.83 37.82 37.82 37.81 37.81 37.8 37.79 37.79 37.78 37.78 37.77 37.76 37.76 37.75 37.75 37.74 37.73 37.73 37.72 37.72 37.72 37.72 37.73 37.74 37.76 37.78 37.81 37.83
38.03 38.14 38.2 1.70141e38 38.13 38.15 38.12 38.06 38.05 38.02 37.95 37.88 37.85 37.84 37.82 37.82 37.82 37.82 37.86 37.98 38.08 38.14 38.25 38.3 38.3 38.3 38.27 38.24 38.21 38.17 38.12 38.09 38.04 37.96 37.93 37.92 37.92 37.91 37.9 37.9 37.9 37.89 37.88 37.88 37.87 37.86 37.86 37.85 37.85 37.84 37.84 37.83 37.82 37.82 37.81 37.81 37.8 37.79 37.78 37.78 37.78 37.77 37.76 37.76 37.75 37.75 37.75 37.75 37.75 37.77 37.79 37.8 37.82 37.84 37.89 37.95 37.98 38.01
38.11 38.22 38.22 1.70141e38 38.16 38.14 38.07 37.99 37.97 37.94 37.9 37.87 37.85 37.83 37.8 37.78 37.76 37.76 37.8 37.94 38.04 38.1 38.2 38.25 38.27 38.29 38.28 38.27 38.25 38.2 38.15 38.11 38.08 38 37.94 37.93 37.93 37.92 37.91 37.91 37.9 37.89 37.89 37.88 37.88 37.87 37.86 37.85 37.85 37.85 37.84 37.84 37.83 37.82 37.81 37.81 37.81 37.8 37.79 37.79 37.78 37.77 37.77 37.78 37.78 37.8 37.81 37.81 37.84 37.88 37.94 37.96 37.99 38.02 38.06 38.12 38.15 38.17
38.15 38.22 38.2 1.70141e38 38.2 38.16 38.05 37.97 37.95 37.92 37.89 37.9 37.9 37.89 37.88 37.87 37.83 37.8 37.81 37.92 38 38.06 38.16 38.19 38.19 38.22 38.27 38.27 38.26 38.21 38.16 38.13 38.1 38.03 37.97 37.93 37.93 37.92 37.92 37.91 37.91 37.9 37.89 37.88 37.88 37.88 37.87 37.86 37.86 37.85 37.84 37.84 37.84 37.83 37.82 37.82 37.81 37.8 37.8 37.81 37.82 37.82 37.82 37.84 37.89 37.94 37.96 37.97 38.01 38.05 38.1 38.13 38.17 38.19 38.21 38.24 38.27 38.29
38.23 38.23 38.15 1.70141e38 38.24 38.2 38.1 38.02 38.02 38 37.99 38 37.97 37.97 38 38.01 37.96 37.92 37.9 37.95 37.97 37.98 38.06 38.06 38.06 38.1 38.2 38.25 38.25 38.23 38.18 38.14 38.12 38.06 37.99 37.95 37.94 37.93 37.92 37.91 37.91 37.91 37.9 37.89 37.89 37.88 37.87 37.87 37.87 37.86 37.85 37.85 37.84 37.83 37.84 37.85 37.84 37.84 37.85 37.88 37.93 37.95 37.97 37.99 38.05 38.1 38.12 38.15 38.18 38.2 38.22 38.25 38.29 38.31 38.32 38.35 38.39 38.41
38.26 38.23 38.14 38.24 38.27 38.24 38.18 38.15 38.14 38.14 38.14 38.1 38.05 38.06 38.1 38.1 38.04 38 38.01 38.04 37.97 37.88 37.9 37.91 37.94 38.02 38.12 38.19 38.22 38.24 38.2 38.16 38.14 38.08 38.02 37.97 37.95 37.94 37.93 37.92 37.92 37.91 37.9 37.9 37.9 37.89 37.88 37.88 37.87 37.87 37.87 37.87 37.87 37.86 37.89 37.93 37.95 37.97 37.98 38.02 38.08 38.11 38.13 38.16 38.19 38.21 38.23 38.26 38.29 38.31 38.33 38.37 38.4 38.42 38.44 38.47 38.5 38.52
38.25 38.23 38.18 38.25 38.26 38.24 38.23 38.23 38.21 38.2 38.19 38.16 38.12 38.15 38.17 38.14 38.11 38.09 38.11 38.08 37.99 37.86 37.84 37.88 37.92 38 38.09 38.16 38.2 38.24 38.2 38.16 38.15 38.1 38.05 38.01 37.98 37.94 37.93 37.93 37.93 37.92 37.91 37.91 37.9 37.9 37.9 37.9 37.89 37.91 37.94 37.96 37.97 37.98 38.01 38.06 38.1 38.13 38.15 38.17 38.2 38.22 38.24 38.27 38.31 38.33 38.35 38.37 38.4 38.42 38.43 38.46 38.49 38.51 38.52 38.55 38.58 38.6
38.2 38.21 38.21 38.25 38.27 38.27 38.24 38.18 38.15 38.16 38.2 38.19 38.17 38.17 38.18 38.18 38.17 38.18 38.16 38.08 38.01 37.94 37.95 37.97 37.98 38.01 38.08 38.17 38.22 38.24 38.15 38.1 38.1 38.09 38.07 38.05 38 37.96 37.94 37.94 37.93 37.93 37.93 37.93 37.93 37.95 37.96 37.97 37.98 38.01 38.06 38.07 38.11 38.14 38.16 38.18 38.2 38.23 38.24 38.26 38.29 38.31 38.32 38.35 38.38 38.4 38.41 38.43 38.45 38.46 38.47 38.5 38.52 38.53 38.55 38.57 38.59 38.6
38.17 38.21 38.22 38.23 38.26 38.27 38.25 38.19 38.12 38.14 38.19 38.2 38.19 38.17 38.17 38.17 38.17 38.2 38.2 38.13 38.11 38.09 38.07 38.05 38.02 37.98 38.05 38.17 38.23 38.23 38.09 37.99 37.99 38.02 38.04 38.05 38.02 37.97 37.95 37.95 37.95 37.96 37.97 37.98 38 38.02 38.04 38.06 38.09 38.11 38.13 38.14 38.17 38.2 38.22 38.23 38.25 38.27 38.28 38.3 38.32 38.33 38.34 38.36 38.38 38.4 38.41 38.43 38.45 38.47 38.47 38.49 38.51 38.53 38.54 38.56 38.58 38.58
38.23 38.24 38.25 38.2 38.22 38.23 38.25 38.25 38.2 38.16 38.18 38.14 38.14 38.17 38.18 38.15 38.16 38.21 38.23 38.22 38.21 38.18 38.08 37.99 37.95 37.9 37.96 38.08 38.19 38.23 38.09 37.97 37.91 37.95 37.99 38.02 38.02 37.99 37.97 37.96 37.96 37.99 38.01 38.02 38.04 38.07 38.08 38.09 38.11 38.13 38.15 38.15 38.17 38.19 38.2 38.22 38.24 38.26 38.27 38.29 38.31 38.33 38.33 38.35 38.37 38.39 38.4 38.42 38.44 38.46 38.46 38.48 38.5 38.52 38.53 38.54 38.55 38.54
38.24 38.23 38.25 38.2 38.23 38.24 38.25 38.26 38.22 38.17 38.18 38.13 38.14 38.2 38.22 38.17 38.19 38.24 38.25 38.25 38.24 38.18 38.03 37.89 37.85 37.8 37.82 37.93 38.13 38.22 38.14 38.07 38 38 38.02 38.05 38.05 38.02 37.99 37.98 37.96 37.97 37.99 38 38.03 38.06 38.07 38.08 38.1 38.12 38.13 38.14 38.16 38.18 38.19 38.21 38.23 38.25 38.26 38.28 38.3 38.31 38.32 38.34 38.36 38.38 38.39 38.41 38.43 38.45 38.45 38.47 38.49 38.5 38.51 38.5 38.49 38.46
38.21 38.21 38.23 38.21 38.22 38.24 38.25 38.26 38.23 38.2 38.21 38.19 38.2 38.23 38.23 38.22 38.23 38.24 38.24 38.24 38.23 38.19 38.04 37.88 37.84 37.82 37.86 37.94 38.12 38.19 38.15 38.15 38.15 38.15 38.15 38.14 38.1 38.04 38.01 38 37.96 37.94 37.94 37.96 38 38.03 38.04 38.06 38.09 38.1 38.11 38.13 38.15 38.17 38.18 38.2 38.22 38.24 38.25 38.27 38.28 38.3 38.31 38.33 38.35 38.37 38.38 38.4 38.42 38.43 38.44 38.46 38.47 38.47 38.46 38.41 38.38 38.35
38.22 38.22 38.25 38.21 38.22 38.24 38.24 38.26 38.24 38.23 38.23 38.21 38.23 38.24 38.22 38.24 38.24 38.21 38.21 38.24 38.23 38.2 38.09 37.98 37.92 37.94 38.07 38.14 38.18 38.18 38.16 38.18 38.23 38.24 38.23 38.18 38.1 38.04 38.03 38.02 37.99 37.94 37.91 37.92 37.95 37.97 37.99 38.02 38.05 38.08 38.09 38.12 38.14 38.16 38.17 38.19 38.21 38.23 38.23 38.25 38.27 38.29 38.3 38.32 38.34 38.36 38.37 38.39 38.4 38.41 38.42 38.43 38.43 38.42 38.38 38.31 38.27 38.24
38.23 38.23 38.22 38.23 38.23 38.23 38.24 38.25 38.24 38.22 38.21 38.2 38.23 38.24 38.21 38.24 38.24 38.21 38.21 38.24 38.24 38.22 38.18 38.13 38.03 38.03 38.19 38.23 38.23 38.24 38.25 38.25 38.27 38.27 38.23 38.18 38.1 38.06 38.05 38.04 38.02 37.97 37.93 37.9 37.9 37.92 37.94 37.97 38.01 38.03 38.05 38.08 38.12 38.13 38.15 38.18 38.2 38.22 38.22 38.24 38.26 38.28 38.29 38.31 38.32 38.33 38.35 38.37 38.38 38.39 38.4 38.38 38.36 38.34 38.3 38.25 38.23 38.2
38.21 38.24 38.22 38.25 38.25 38.25 38.24 38.24 38.24 38.22 38.22 38.23 38.25 38.23 38.18 38.2 38.24 38.24 38.22 38.23 38.25 38.27 38.27 38.25 38.15 38.11 38.2 38.23 38.23 38.24 38.26 38.28 38.29 38.26 38.21 38.17 38.1 38.08 38.07 38.06 38.04 38.02 37.99 37.92 37.87 37.87 37.88 37.92 37.96 37.98 38 38.03 38.07 38.09 38.11 38.14 38.17 38.19 38.2 38.22 38.24 38.25 38.27 38.29 38.3 38.31 38.33 38.35 38.37 38.37 38.36 38.32 38.3 38.28 38.26 38.24 38.23 38.2
38.21 38.24 38.24 38.25 38.26 38.27 38.24 38.21 38.22 38.25 38.25 38.27 38.27 38.25 38.21 38.21 38.24 38.26 38.27 38.27 38.27 38.28 38.29 38.28 38.2 38.14 38.17 38.2 38.2 38.18 38.23 38.25 38.26 38.23 38.2 38.16 38.11 38.1 38.09 38.08 38.06 38.06 38.03 37.96 37.88 37.84 37.84 37.86 37.9 37.92 37.94 37.97 38.01 38.03 38.04 38.06 38.09 38.12 38.14 38.16 38.18 38.21 38.23 38.26 38.28 38.29 38.32 38.34 38.34 38.33 38.31 38.27 38.25 38.26 38.28 38.26 38.23 38.18
38.23 38.25 38.25 38.23 38.24 38.26 38.24 38.2 38.22 38.25 38.25 38.25 38.24 38.26 38.27 38.26 38.24 38.25 38.28 38.28 38.26 38.26 38.28 38.28 38.22 38.17 38.18 38.2 38.19 38.15 38.18 38.16 38.13 38.15 38.16 38.15 38.13 38.12 38.11 38.09 38.08 38.08 38.07 38.01 37.93 37.87 37.85 37.83 37.84 37.85 37.85 37.89 37.93 37.95 37.95 37.98 38.01 38.04 38.06 38.1 38.12 38.15 38.18 38.22 38.24 38.26 38.29 38.31 38.31 38.3 38.29 38.26 38.25 38.26 38.27 38.25 38.19 38.15
38.25 38.25 38.24 38.21 38.23 38.24 38.23 38.22 38.24 38.24 38.23 38.22 38.22 38.22 38.23 38.22 38.21 38.22 38.22 38.23 38.23 38.22 38.24 38.21 38.19 38.22 38.23 38.25 38.24 38.19 38.15 38.08 38.01 38.04 38.1 38.15 38.15 38.14 38.13 38.12 38.11 38.1 38.09 38.05 37.99 37.94 37.9 37.84 37.8 37.78 37.77 37.81 37.85 37.87 37.89 37.93 37.95 37.98 38.01 38.04 38.07 38.09 38.13 38.16 38.18 38.21 38.25 38.26 38.24 38.24 38.26 38.27 38.25 38.24 38.23 38.22 38.17 38.13
38.25 38.25 38.25 38.21 38.21 38.22 38.22 38.23 38.26 38.25 38.22 38.22 38.23 38.23 38.24 38.24 38.24 38.22 38.17 38.19 38.2 38.19 38.19 38.18 38.18 38.23 38.23 38.23 38.22 38.17 38.16 38.09 38 38.03 38.1 38.16 38.16 38.16 38.15 38.15 38.14 38.13 38.13 38.1 38.06 38.02 37.97 37.88 37.8 37.75 37.74 37.75 37.78 37.81 37.84 37.88 37.9 37.92 37.96 37.99 38.01 38.04 38.07 38.11 38.13 38.15 38.22 38.22 38.15 38.12 38.15 38.22 38.24 38.2 38.16 38.17 38.16 38.12
38.25 38.28 38.28 38.2 38.19 38.22 38.23 38.24 38.25 38.27 38.26 38.25 38.24 38.25 38.25 38.25 38.25 38.21 38.15 38.18 38.21 38.2 38.22 38.22 38.23 38.23 38.21 38.18 38.16 38.14 38.16 38.14 38.06 38.07 38.12 38.16 38.17 38.17 38.17 38.16 38.16 38.16 38.15 38.14 38.11 38.06 38.02 37.93 37.86 37.81 37.75 37.72 37.72 37.74 37.78 37.82 37.85 37.86 37.9 37.94 37.96 37.98 38.02 38.05 38.07 38.1 38.19 38.22 38.15 38.05 37.96 38.04 38.13 38.11 38.05 38.07 38.08 38.07
38.24 38.28 1.70141e38 38.21 38.19 38.24 38.26 38.26 38.26 38.27 38.27 38.26 38.25 38.26 38.26 38.25 38.23 38.21 38.2 38.22 38.23 38.23 38.28 38.28 38.25 38.24 38.22 38.16 38.14 38.17 38.17 38.14 38.1 38.08 38.1 38.15 38.19 38.19 38.18 38.16 38.16 38.17 38.17 38.16 38.15 38.12 38.07 37.98 37.92 37.87 37.79 37.72 37.69 37.7 37.73 37.76 37.79 37.81 37.85 37.88 37.91 37.93 37.95 37.99 38.01 38.06 38.16 38.22 38.2 38.06 37.86 37.83 37.93 38 37.97 37.96 37.97 37.97
38.25 38.27 1.70141e38 38.23 38.22 38.24 38.26 38.26 38.25 38.26 38.28 38.27 38.25 38.26 38.25 38.24 38.22 38.22 38.22 38.23 38.24 38.24 38.27 38.28 38.24 38.24 38.24 38.21 38.21 38.22 38.18 38.13 38.13 38.12 38.12 38.16 38.21 38.23 38.19 38.12 38.11 38.14 38.16 38.17 38.18 38.17 38.12 38.03 37.97 37.92 37.84 37.75 37.7 37.68 37.68 37.71 37.73 37.75 37.79 37.83 37.85 37.86 37.88 37.93 37.97 38.04 38.15 38.22 38.23 38.15 37.98 37.86 37.92 38.02 37.99 37.96 37.93 37.9
