slabs/56.grd
DSAA
631 301
645150 645780
4947500 4947800
37.41 43.04
[rows 34 to 67 of 301, columns 546 to 623 of 631]
40.87 40.86 40.83 40.81 40.79 40.78 40.76 40.74 40.73 40.72 40.72 40.72 40.72 40.72 40.74 40.74 40.74 40.73 40.71 40.7 40.7 40.69 40.68 40.67 40.66 40.65 40.63 40.61 40.59 40.52 40.45 40.4 40.39 40.36 40.36 40.36 40.36 40.37 40.37 40.38 40.38 40.38 40.39 40.4 40.42 40.44 40.45 40.47 40.52 40.56 40.56 40.57 40.58 40.6 40.61 40.61 40.61 40.61 40.6 40.6 40.59 40.58 40.58 40.56 40.55 40.54 40.53 40.52 40.51 40.5 40.5 40.5 40.51 40.51 40.51 40.52 40.53 40.53
40.85 40.84 40.82 40.8 40.79 40.78 40.76 40.74 40.74 40.74 40.75 40.76 40.76 40.75 40.74 40.74 40.73 40.72 40.71 40.7 40.7 40.68 40.67 40.66 40.65 40.63 40.58 40.53 40.5 40.44 40.4 40.39 40.39 40.39 40.4 40.4 40.4 40.41 40.43 40.43 40.44 40.44 40.46 40.49 40.54 40.56 40.57 40.58 40.61 40.63 40.63 40.63 40.63 40.63 40.63 40.63 40.62 40.61 40.6 40.6 40.58 40.57 40.56 40.55 40.54 40.53 40.52 40.52 40.51 40.51 40.52 40.52 40.53 40.53 40.53 40.54 40.55 40.55
40.84 40.83 40.81 40.8 40.78 40.78 40.77 40.77 40.77 40.77 40.78 40.77 40.76 40.75 40.74 40.73 40.73 40.72 40.71 40.7 40.69 40.68 40.66 40.64 40.61 40.55 40.49 40.46 40.45 40.43 40.42 40.43 40.43 40.44 40.45 40.45 40.45 40.48 40.51 40.53 40.55 40.57 40.58 40.61 40.65 40.65 40.64 40.65 40.65 40.65 40.65 40.65 40.65 40.64 40.64 40.63 40.61 40.6 40.59 40.58 40.57 40.56 40.55 40.54 40.53 40.52 40.52 40.53 40.53 40.53 40.53 40.54 40.55 40.55 40.55 40.56 40.57 40.57
40.84 40.83 40.81 40.8 40.79 40.79 40.79 40.79 40.79 40.78 40.77 40.76 40.76 40.75 40.74 40.73 40.72 40.71 40.7 40.7 40.68 40.66 40.61 40.57 40.54 40.49 40.47 40.46 40.46 40.47 40.47 40.47 40.49 40.51 40.53 40.54 40.56 40.59 40.63 40.64 40.66 40.67 40.67 40.67 40.67 40.67 40.66 40.67 40.67 40.66 40.67 40.66 40.65 40.63 40.63 40.61 40.6 40.59 40.58 40.57 40.56 40.54 40.54 40.53 40.53 40.53 40.53 40.54 40.55 40.55 40.55 40.56 40.57 40.57 40.57 40.58 40.59 40.59
40.83 40.83 40.82 40.82 40.82 40.81 40.8 40.8 40.79 40.78 40.77 40.76 40.76 40.74 40.73 40.72 40.72 40.71 40.69 40.67 40.64 40.59 40.54 40.52 40.51 40.5 40.5 40.51 40.52 40.53 40.53 40.54 40.57 40.6 40.63 40.65 40.67 40.69 40.69 40.69 40.69 40.69 40.69 40.69 40.69 40.69 40.68 40.68 40.67 40.66 40.65 40.65 40.63 40.62 40.61 40.6 40.59 40.58 40.57 40.55 40.55 40.54 40.54 40.54 40.55 40.55 40.55 40.56 40.57 40.57 40.58 40.58 40.59 40.59 40.6 40.6 40.61 40.62
40.84 40.83 40.83 40.83 40.82 40.81 40.8 40.8 40.79 40.78 40.77 40.76 40.75 40.74 40.73 40.72 40.71 40.69 40.64 40.61 40.58 40.55 40.53 40.54 40.55 40.56 40.56 40.56 40.58 40.61 40.62 40.63 40.67 40.69 40.7 40.71 40.71 40.71 40.71 40.71 40.71 40.71 40.71 40.71 40.7 40.7 40.69 40.68 40.67 40.65 40.64 40.63 40.62 40.61 40.6 40.59 40.58 40.57 40.56 40.55 40.56 40.56 40.56 40.56 40.57 40.57 40.58 40.58 40.59 40.6 40.6 40.61 40.61 40.62 40.63 40.63 40.64 40.64
40.85 40.84 40.83 40.83 40.82 40.81 40.8 40.79 40.79 40.78 40.76 40.76 40.75 40.73 40.72 40.71 40.69 40.64 40.6 40.59 40.59 40.59 40.59 40.6 40.61 40.62 40.63 40.63 40.66 40.69 40.71 40.72 40.73 40.73 40.73 40.73 40.73 40.73 40.73 40.73 40.73 40.73 40.72 40.71 40.7 40.69 40.68 40.66 40.65 40.64 40.63 40.62 40.61 40.6 40.59 40.58 40.57 40.56 40.56 40.57 40.57 40.58 40.58 40.59 40.59 40.6 40.6 40.61 40.62 40.62 40.63 40.63 40.64 40.65 40.66 40.66 40.66 40.66
40.85 40.84 40.83 40.82 40.82 40.81 40.79 40.79 40.78 40.77 40.75 40.74 40.73 40.7 40.68 40.68 40.66 40.63 40.62 40.64 40.64 40.64 40.64 40.65 40.67 40.69 40.7 40.71 40.74 40.76 40.76 40.76 40.75 40.75 40.75 40.75 40.75 40.74 40.74 40.74 40.73 40.72 40.71 40.7 40.68 40.67 40.67 40.65 40.64 40.63 40.62 40.61 40.59 40.59 40.58 40.57 40.58 40.58 40.58 40.59 40.6 40.6 40.61 40.61 40.62 40.62 40.63 40.64 40.65 40.65 40.66 40.66 40.67 40.67 40.66 40.66 40.66 40.66
40.85 40.84 40.83 40.82 40.82 40.81 40.79 40.78 40.77 40.75 40.72 40.71 40.7 40.68 40.67 40.67 40.67 40.67 40.67 40.67 40.68 40.69 40.7 40.71 40.74 40.76 40.77 40.77 40.77 40.77 40.77 40.77 40.77 40.77 40.76 40.76 40.76 40.75 40.74 40.73 40.72 40.71 40.7 40.69 40.67 40.66 40.65 40.64 40.63 40.62 40.61 40.59 40.59 40.59 40.59 40.59 40.6 40.6 40.61 40.62 40.62 40.63 40.64 40.65 40.65 40.65 40.66 40.66 40.67 40.67 40.67 40.67 40.68 40.67 40.66 40.65 40.65 40.65
40.85 40.83 40.82 40.82 40.81 40.8 40.78 40.76 40.75 40.73 40.7 40.7 40.7 40.7 40.7 40.7 40.71 40.71 40.71 40.72 40.74 40.76 40.78 40.78 40.8 40.8 40.79 40.79 40.79 40.79 40.79 40.78 40.78 40.78 40.77 40.76 40.75 40.74 40.73 40.72 40.7 40.7 40.69 40.67 40.66 40.65 40.64 40.63 40.62 40.61 40.6 40.6 40.6 40.61 40.61 40.62 40.62 40.63 40.64 40.65 40.65 40.66 40.66 40.67 40.67 40.67 40.68 40.68 40.68 40.68 40.68 40.67 40.66 40.66 40.65 40.65 40.65 40.65
40.84 40.83 40.82 40.81 40.8 40.78 40.76 40.74 40.74 40.73 40.74 40.74 40.74 40.74 40.74 40.75 40.76 40.77 40.78 40.79 40.81 40.82 40.82 40.82 40.81 40.81 40.81 40.81 40.8 40.8 40.8 40.79 40.78 40.77 40.76 40.75 40.73 40.73 40.72 40.7 40.69 40.68 40.67 40.66 40.65 40.64 40.63 40.62 40.62 40.62 40.62 40.62 40.63 40.64 40.64 40.65 40.65 40.66 40.66 40.67 40.67 40.67 40.68 40.68 40.68 40.68 40.69 40.68 40.67 40.67 40.66 40.66 40.66 40.65 40.65 40.65 40.65 40.65
40.84 40.83 40.81 40.8 40.79 40.77 40.77 40.77 40.77 40.77 40.77 40.78 40.78 40.79 40.8 40.8 40.81 40.83 40.84 40.84 40.84 40.83 40.83 40.83 40.83 40.82 40.82 40.82 40.81 40.8 40.79 40.78 40.77 40.76 40.75 40.74 40.72 40.71 40.71 40.69 40.68 40.66 40.66 40.64 40.63 40.63 40.63 40.63 40.63 40.64 40.64 40.65 40.65 40.66 40.66 40.67 40.67 40.68 40.68 40.69 40.69 40.69 40.69 40.69 40.69 40.68 40.67 40.67 40.66 40.66 40.66 40.66 40.66 40.66 40.65 40.65 40.64 40.64
40.83 40.82 40.81 40.8 40.8 40.8 40.8 40.81 40.8 40.81 40.81 40.82 40.83 40.84 40.85 40.86 40.86 40.86 40.85 40.85 40.85 40.85 40.84 40.84 40.84 40.83 40.82 40.81 40.8 40.79 40.78 40.77 40.75 40.74 40.74 40.72 40.71 40.7 40.69 40.67 40.66 40.65 40.64 40.64 40.64 40.64 40.64 40.65 40.66 40.66 40.66 40.67 40.67 40.68 40.68 40.69 40.7 40.7 40.7 40.7 40.7 40.7 40.69 40.68 40.68 40.67 40.66 40.66 40.65 40.66 40.66 40.66 40.66 40.65 40.64 40.64 40.63 40.61
40.84 40.83 40.83 40.83 40.83 40.84 40.84 40.84 40.84 40.85 40.86 40.87 40.88 40.88 40.88 40.88 40.87 40.87 40.87 40.87 40.86 40.86 40.85 40.84 40.83 40.82 40.81 40.8 40.78 40.77 40.77 40.75 40.74 40.72 40.72 40.71 40.69 40.68 40.67 40.65 40.65 40.64 40.64 40.65 40.66 40.66 40.66 40.67 40.68 40.68 40.68 40.69 40.7 40.7 40.7 40.7 40.7 40.7 40.7 40.69 40.69 40.68 40.68 40.67 40.67 40.66 40.66 40.66 40.66 40.66 40.66 40.66 40.65 40.64 40.62 40.61 40.6 40.57
40.86 40.87 40.87 40.87 40.87 40.88 40.88 40.88 40.89 40.9 40.9 40.9 40.9 40.89 40.89 40.89 40.88 40.88 40.88 40.87 40.86 40.85 40.84 40.83 40.82 40.81 40.8 40.78 40.76 40.75 40.75 40.74 40.72 40.71 40.7 40.68 40.67 40.66 40.66 40.66 40.66 40.66 40.66 40.67 40.68 40.68 40.69 40.69 40.7 40.7 40.7 40.71 40.71 40.71 40.71 40.7 40.7 40.69 40.69 40.68 40.67 40.67 40.66 40.66 40.66 40.66 40.66 40.66 40.66 40.66 40.65 40.64 40.63 40.61 40.59 40.57 40.55 40.52
40.9 40.9 40.91 40.91 40.91 40.92 40.92 40.92 40.92 40.92 40.92 40.91 40.91 40.9 40.9 40.9 40.89 40.88 40.87 40.87 40.85 40.84 40.83 40.81 40.8 40.79 40.78 40.76 40.75 40.74 40.73 40.72 40.7 40.69 40.69 40.67 40.66 40.66 40.67 40.67 40.68 40.68 40.69 40.69 40.7 40.7 40.71 40.71 40.71 40.71 40.71 40.71 40.71 40.71 40.7 40.69 40.69 40.68 40.68 40.67 40.66 40.66 40.66 40.66 40.66 40.66 40.66 40.66 40.65 40.64 40.62 40.61 40.59 40.55 40.53 40.51 40.5 40.46
40.93 40.94 40.94 40.94 40.95 40.95 40.94 40.94 40.94 40.93 40.93 40.92 40.92 40.91 40.9 40.9 40.88 40.87 40.86 40.85 40.83 40.82 40.81 40.79 40.78 40.77 40.77 40.75 40.73 40.73 40.72 40.71 40.69 40.68 40.68 40.68 40.68 40.69 40.69 40.69 40.7 40.71 40.71 40.71 40.71 40.72 40.72 40.72 40.72 40.72 40.71 40.7 40.7 40.69 40.69 40.68 40.68 40.67 40.67 40.67 40.66 40.67 40.67 40.67 40.67 40.66 40.65 40.64 40.62 40.6 40.57 40.56 40.54 40.5 40.48 40.46 40.44 40.42
40.97 40.97 40.97 40.97 40.96 40.96 40.95 40.95 40.95 40.94 40.93 40.92 40.91 40.89 40.88 40.88 40.86 40.85 40.85 40.83 40.81 40.8 40.8 40.78 40.76 40.76 40.75 40.74 40.72 40.71 40.71 40.69 40.69 40.69 40.69 40.69 40.7 40.71 40.71 40.71 40.72 40.72 40.72 40.72 40.72 40.72 40.72 40.72 40.71 40.71 40.7 40.69 40.69 40.68 40.67 40.67 40.67 40.67 40.67 40.67 40.67 40.67 40.66 40.66 40.65 40.64 40.62 40.6 40.57 40.55 40.52 40.5 40.49 40.46 40.44 40.43 40.42 40.41
40.97 40.98 40.98 40.98 40.97 40.97 40.96 40.95 40.94 40.93 40.92 40.91 40.89 40.88 40.87 40.86 40.84 40.83 40.83 40.82 40.8 40.79 40.78 40.77 40.75 40.74 40.74 40.72 40.71 40.7 40.7 40.7 40.7 40.71 40.71 40.71 40.72 40.72 40.73 40.73 40.73 40.73 40.73 40.73 40.72 40.72 40.71 40.7 40.7 40.69 40.69 40.68 40.68 40.67 40.67 40.67 40.67 40.67 40.67 40.67 40.67 40.66 40.64 40.63 40.62 40.59 40.57 40.55 40.54 40.51 40.48 40.47 40.45 40.43 40.43 40.42 40.43 40.44
40.9 40.99 40.98 40.98 40.97 40.96 40.95 40.94 40.92 40.91 40.9 40.89 40.87 40.87 40.86 40.85 40.83 40.82 40.81 40.8 40.79 40.78 40.77 40.76 40.74 40.73 40.72 40.71 40.71 40.71 40.71 40.72 40.72 40.72 40.73 40.73 40.73 40.73 40.74 40.74 40.74 40.73 40.72 40.72 40.71 40.71 40.7 40.69 40.69 40.68 40.68 40.68 40.67 40.67 40.68 40.68 40.68 40.68 40.67 40.67 40.66 40.64 40.61 40.59 40.58 40.56 40.53 40.52 40.5 40.47 40.45 40.44 40.44 40.44 40.45 40.46 40.47 40.48
40.78 40.98 40.98 40.97 40.96 40.94 40.93 40.93 40.91 40.9 40.89 40.88 40.86 40.85 40.85 40.84 40.82 40.81 40.8 40.79 40.78 40.77 40.76 40.74 40.73 40.72 40.72 40.72 40.72 40.73 40.73 40.73 40.74 40.74 40.74 40.74 40.74 40.74 40.74 40.73 40.73 40.72 40.71 40.7 40.7 40.7 40.69 40.69 40.68 40.68 40.68 40.68 40.68 40.68 40.68 40.68 40.68 40.67 40.66 40.65 40.63 40.6 40.57 40.56 40.54 40.52 40.49 40.48 40.47 40.45 40.45 40.45 40.46 40.47 40.48 40.49 40.5 40.51
40.64 40.95 40.96 40.96 40.94 40.93 40.92 40.91 40.9 40.88 40.88 40.87 40.85 40.84 40.83 40.82 40.81 40.8 40.79 40.78 40.76 40.75 40.75 40.74 40.73 40.73 40.73 40.74 40.74 40.74 40.75 40.75 40.75 40.75 40.75 40.74 40.74 40.74 40.72 40.71 40.71 40.71 40.7 40.69 40.69 40.69 40.69 40.69 40.69 40.69 40.69 40.68 40.68 40.68 40.68 40.67 40.67 40.65 40.62 40.61 40.59 40.56 40.54 40.52 40.51 40.49 40.47 40.46 40.46 40.47 40.48 40.49 40.49 40.51 40.52 40.53 40.54 40.55
40.51 40.91 40.95 40.94 40.93 40.92 40.91 40.9 40.89 40.87 40.86 40.85 40.84 40.83 40.82 40.81 40.79 40.78 40.78 40.76 40.75 40.75 40.74 40.74 40.74 40.75 40.75 40.75 40.75 40.76 40.76 40.75 40.75 40.75 40.74 40.73 40.72 40.72 40.7 40.69 40.69 40.69 40.69 40.69 40.68 40.69 40.69 40.69 40.69 40.69 40.68 40.68 40.68 40.68 40.66 40.65 40.64 40.61 40.59 40.57 40.55 40.52 40.5 40.49 40.48 40.48 40.48 40.48 40.49 40.5 40.51 40.52 40.53 40.55 40.56 40.56 40.57 40.58
40.39 40.83 40.92 40.93 40.92 40.91 40.9 40.89 40.87 40.86 40.85 40.84 40.83 40.82 40.81 40.79 40.78 40.77 40.76 40.76 40.75 40.75 40.76 40.76 40.76 40.76 40.76 40.76 40.76 40.75 40.75 40.74 40.73 40.73 40.72 40.71 40.7 40.7 40.69 40.68 40.68 40.69 40.69 40.69 40.69 40.69 40.69 40.69 40.69 40.69 40.68 40.68 40.67 40.66 40.63 40.61 40.6 40.57 40.55 40.54 40.52 40.5 40.49 40.48 40.49 40.5 40.51 40.52 40.53 40.54 40.55 40.56 40.57 40.58 40.59 40.59 40.6 40.6
40.25 40.65 40.83 40.92 40.9 40.89 40.89 40.87 40.86 40.85 40.84 40.83 40.81 40.81 40.8 40.78 40.77 40.77 40.76 40.77 40.77 40.77 40.77 40.77 40.77 40.77 40.76 40.76 40.74 40.74 40.73 40.72 40.71 40.71 40.7 40.69 40.69 40.69 40.69 40.69 40.69 40.69 40.69 40.69 40.69 40.69 40.69 40.69 40.69 40.68 40.67 40.66 40.65 40.62 40.59 40.58 40.56 40.54 40.52 40.51 40.51 40.5 40.5 40.51 40.52 40.53 40.55 40.55 40.56 40.57 40.58 40.59 40.6 40.6 40.6 40.6 40.6 40.6
40.09 40.43 40.69 40.9 40.89 40.88 40.87 40.86 40.85 40.84 40.83 40.82 40.8 40.79 40.79 40.78 40.77 40.77 40.77 40.78 40.78 40.78 40.77 40.76 40.75 40.75 40.74 40.73 40.73 40.72 40.71 40.7 40.7 40.7 40.7 40.69 40.69 40.69 40.7 40.7 40.7 40.7 40.7 40.69 40.69 40.69 40.69 40.68 40.68 40.66 40.64 40.63 40.61 40.58 40.56 40.54 40.53 40.52 40.52 40.52 40.52 40.53 40.54 40.54 40.56 40.57 40.58 40.59 40.6 40.6 40.61 40.61 40.61 40.61 40.61 40.6 40.6 40.61
39.92 40.23 40.55 40.87 40.88 40.86 40.86 40.85 40.83 40.82 40.82 40.8 40.79 40.78 40.78 40.78 40.78 40.78 40.78 40.77 40.77 40.77 40.76 40.75 40.74 40.73 40.72 40.71 40.71 40.71 40.7 40.7 40.69 40.69 40.7 40.7 40.7 40.7 40.7 40.7 40.7 40.7 40.69 40.69 40.69 40.69 40.68 40.66 40.65 40.63 40.61 40.59 40.58 40.55 40.53 40.52 40.52 40.53 40.54 40.54 40.55 40.56 40.57 40.58 40.59 40.61 40.61 40.61 40.61 40.61 40.61 40.61 40.6 40.6 40.61 40.61 40.63 40.65
39.82 40.03 40.39 40.82 40.87 40.85 40.84 40.83 40.82 40.81 40.8 40.79 40.79 40.78 40.78 40.78 40.78 40.78 40.77 40.75 40.75 40.75 40.74 40.73 40.72 40.72 40.71 40.7 40.7 40.7 40.69 40.7 40.7 40.7 40.7 40.7 40.7 40.7 40.7 40.7 40.7 40.69 40.69 40.69 40.68 40.67 40.65 40.63 40.62 40.59 40.57 40.56 40.55 40.54 40.53 40.53 40.54 40.56 40.57 40.58 40.59 40.6 40.6 40.61 40.62 40.62 40.62 40.62 40.61 40.6 40.6 40.6 40.61 40.62 40.63 40.65 40.67 40.69
39.78 39.84 40.2 40.71 40.84 40.84 40.84 40.82 40.81 40.81 40.8 40.79 40.79 40.78 40.78 40.77 40.76 40.76 40.75 40.74 40.74 40.73 40.72 40.72 40.71 40.71 40.7 40.7 40.69 40.7 40.7 40.71 40.71 40.71 40.71 40.7 40.7 40.7 40.7 40.7 40.7 40.69 40.68 40.67 40.66 40.64 40.61 40.6 40.58 40.57 40.55 40.55 40.55 40.56 40.57 40.57 40.58 40.6 40.61 40.62 40.62 40.62 40.62 40.62 40.62 40.61 40.61 40.61 40.61 40.61 40.61 40.62 40.64 40.66 40.68 40.69 40.71 40.72
39.85 39.76 40.04 40.54 40.78 40.83 40.82 40.81 40.8 40.8 40.79 40.78 40.78 40.77 40.76 40.76 40.75 40.74 40.74 40.73 40.72 40.72 40.71 40.7 40.7 40.7 40.7 40.7 40.7 40.71 40.71 40.71 40.71 40.71 40.7 40.7 40.7 40.7 40.7 40.7 40.69 40.68 40.66 40.65 40.63 40.6 40.58 40.57 40.57 40.57 40.57 40.57 40.59 40.61 40.62 40.62 40.62 40.63 40.63 40.63 40.63 40.62 40.62 40.62 40.61 40.61 40.61 40.61 40.62 40.64 40.65 40.66 40.68 40.7 40.71 40.72 40.72 40.73
40.08 39.86 39.94 40.32 40.71 40.81 40.81 40.79 40.79 40.78 40.78 40.77 40.76 40.76 40.75 40.74 40.73 40.73 40.72 40.72 40.71 40.7 40.7 40.7 40.7 40.71 40.71 40.71 40.71 40.71 40.71 40.71 40.71 40.71 40.7 40.7 40.7 40.7 40.69 40.68 40.67 40.65 40.63 40.61 40.6 40.58 40.57 40.58 40.59 40.61 40.62 40.62 40.63 40.64 40.65 40.64 40.64 40.63 40.63 40.63 40.62 40.62 40.62 40.61 40.61 40.62 40.62 40.63 40.66 40.68 40.69 40.7 40.71 40.71 40.72 40.73 40.73 40.74
40.34 40.13 39.96 40.11 40.54 40.71 40.79 40.78 40.77 40.77 40.76 40.76 40.75 40.74 40.73 40.73 40.72 40.72 40.71 40.71 40.7 40.7 40.71 40.71 40.71 40.72 40.72 40.71 40.71 40.71 40.71 40.71 40.71 40.7 40.7 40.7 40.7 40.68 40.66 40.65 40.64 40.62 40.61 40.61 40.61 40.6 40.61 40.62 40.64 40.65 40.65 40.65 40.65 40.64 40.64 40.64 40.63 40.63 40.63 40.62 40.62 40.62 40.61 40.62 40.63 40.65 40.66 40.67 40.69 40.7 40.71 40.71 40.72 40.73 40.73 40.74 40.74 40.73
40.46 40.38 40.08 39.98 40.26 40.53 40.78 40.77 40.76 40.75 40.75 40.74 40.74 40.73 40.72 40.72 40.71 40.71 40.71 40.71 40.71 40.71 40.72 40.72 40.72 40.72 40.72 40.71 40.71 40.71 40.71 40.71 40.71 40.7 40.69 40.69 40.68 40.65 40.63 40.62 40.62 40.62 40.62 40.63 40.64 40.65 40.65 40.65 40.66 40.65 40.65 40.65 40.64 40.64 40.64 40.63 40.63 40.62 40.62 40.62 40.62 40.62 40.63 40.65 40.67 40.69 40.7 40.7 40.71 40.71 40.72 40.72 40.73 40.74 40.74 40.73 40.71 40.69
40.44 40.39 40.12 39.92 40.07 40.38 40.74 40.75 40.75 40.74 40.73 40.73 40.72 40.72 40.71 40.71 40.71 40.71 40.71 40.72 40.72 40.72 40.72 40.72 40.72 40.72 40.71 40.71 40.71 40.71 40.7 40.7 40.7 40.68 40.66 40.65 40.64 40.63 40.62 40.62 40.64 40.65 40.66 40.66 40.66 40.66 40.66 40.66 40.65 40.65 40.64 40.64 40.64 40.63 40.63 40.63 40.62 40.62 40.62 40.62 40.64 40.66 40.67 40.68 40.69 40.71 40.71 40.71 40.72 40.73 40.73 40.74 40.74 40.73 40.72 40.69 40.65 40.62
