slabs/57.grd
DSAA
631 301
645150 645780
4947800 4948100
36.67 45.31
[rows 170 to 203 of 300, columns 234 to 311 of 631]
36.81 36.77 36.78 36.94 37.09 37.11 37.13 37.13 37.12 37.11 37.08 37.06 37.03 37 36.97 36.95 36.92 36.88 36.87 36.88 36.91 36.97 37.04 37.09 37.12 37.19 37.27 37.32 37.31 37.28 37.28 37.29 37.3 37.27 37.22 37.19 37.13 37.04 37.01 37.01 37 37.01 37.01 36.99 36.97 36.96 36.95 36.95 36.97 36.99 37 36.99 36.98 37.06 37.15 37.18 37.19 37.14 37.07 37.03 37.02 37.03 37.03 37.04 37.05 37.06 37.06 37.07 37.08 37.09 37.09 37.1 37.11 37.12 37.12 37.13 37.13 37.13
36.83 36.78 36.78 36.93 37.08 37.11 37.13 37.13 37.12 37.1 37.08 37.06 37.04 37 36.97 36.95 36.93 36.88 36.86 36.87 36.9 36.96 37.03 37.07 37.11 37.17 37.24 37.29 37.3 37.29 37.28 37.29 37.3 37.28 37.24 37.21 37.15 37.05 37.01 37 37 37 37.01 36.99 36.97 36.96 36.95 36.95 36.96 36.98 37 36.99 36.98 37.04 37.11 37.16 37.2 37.18 37.12 37.04 37.01 37.02 37.03 37.04 37.05 37.06 37.06 37.06 37.07 37.08 37.08 37.09 37.1 37.11 37.11 37.12 37.13 37.13
36.83 36.79 36.77 36.91 37.07 37.1 37.12 37.12 37.12 37.1 37.07 37.06 37.04 37.01 36.97 36.95 36.93 36.88 36.86 36.85 36.88 36.94 37.01 37.05 37.09 37.15 37.21 37.26 37.29 37.31 37.28 37.29 37.3 37.28 37.26 37.23 37.16 37.06 37.01 37 36.99 37 37.01 37 36.97 36.96 36.95 36.95 36.95 36.97 36.99 36.99 36.98 37.01 37.07 37.14 37.2 37.19 37.14 37.05 37.01 37.02 37.02 37.03 37.04 37.05 37.05 37.06 37.07 37.07 37.07 37.09 37.09 37.1 37.1 37.11 37.12 37.12
36.84 36.8 36.76 36.88 37.04 37.09 37.11 37.12 37.11 37.1 37.07 37.05 37.04 37.01 36.97 36.94 36.92 36.88 36.85 36.84 36.86 36.92 36.99 37.03 37.07 37.13 37.2 37.25 37.29 37.31 37.28 37.28 37.3 37.29 37.26 37.24 37.17 37.07 37.01 37 36.99 36.99 37 37 36.97 36.95 36.95 36.94 36.94 36.96 36.98 36.98 36.98 36.98 37.03 37.12 37.19 37.2 37.15 37.05 37 37.01 37.01 37.02 37.03 37.04 37.04 37.05 37.06 37.06 37.07 37.08 37.08 37.09 37.09 37.1 37.11 37.12
36.85 36.8 36.76 36.83 36.96 37.07 37.09 37.11 37.11 37.1 37.07 37.04 37.03 37 36.96 36.94 36.92 36.88 36.84 36.82 36.85 36.91 36.98 37.02 37.05 37.12 37.19 37.23 37.28 37.31 37.28 37.28 37.3 37.29 37.27 37.24 37.18 37.09 37.01 37 36.99 36.99 37 36.99 36.97 36.95 36.94 36.93 36.94 36.95 36.97 36.98 36.98 36.96 36.99 37.1 37.18 37.2 37.16 37.06 37 37 37 37.02 37.02 37.03 37.03 37.04 37.05 37.06 37.06 37.07 37.08 37.09 37.09 37.1 37.1 37.11
36.87 36.81 36.77 36.79 36.89 37.05 37.08 37.09 37.1 37.1 37.06 37.04 37.03 37 36.96 36.94 36.92 36.88 36.84 36.81 36.84 36.9 36.96 37 37.04 37.11 37.16 37.2 37.27 37.31 37.3 37.29 37.3 37.3 37.28 37.25 37.2 37.1 37.01 37 36.99 36.98 36.99 36.98 36.97 36.95 36.94 36.93 36.94 36.95 36.95 36.97 36.98 36.96 36.98 37.07 37.17 37.2 37.17 37.08 37 36.99 37 37.01 37.01 37.02 37.03 37.04 37.04 37.05 37.06 37.06 37.07 37.08 37.08 37.09 37.1 37.1
36.89 36.83 36.77 36.77 36.86 37.02 37.07 37.08 37.09 37.09 37.06 37.04 37.03 37 36.96 36.94 36.92 36.88 36.84 36.81 36.83 36.89 36.94 36.97 37.03 37.1 37.15 37.18 37.25 37.31 37.31 37.3 37.3 37.3 37.28 37.26 37.21 37.11 37.03 37 36.98 36.98 36.99 36.98 36.96 36.95 36.94 36.93 36.93 36.94 36.94 36.96 36.98 36.98 36.98 37.04 37.15 37.2 37.18 37.1 37.01 36.99 36.99 37 37.01 37.02 37.02 37.03 37.04 37.04 37.05 37.06 37.06 37.07 37.08 37.08 37.09 37.1
36.92 36.84 36.77 36.75 36.83 36.99 37.06 37.07 37.08 37.08 37.06 37.04 37.02 37 36.96 36.94 36.91 36.88 36.84 36.82 36.82 36.87 36.92 36.96 37.02 37.08 37.13 37.16 37.24 37.3 37.33 37.31 37.3 37.31 37.29 37.27 37.22 37.13 37.04 37.01 36.98 36.98 36.98 36.98 36.96 36.95 36.94 36.93 36.92 36.93 36.93 36.96 36.97 36.98 36.98 37.02 37.13 37.19 37.18 37.1 37.01 36.98 36.99 36.99 37 37.01 37.01 37.02 37.03 37.04 37.04 37.05 37.06 37.06 37.07 37.08 37.09 37.09
36.92 36.85 36.78 36.74 36.82 36.98 37.05 37.06 37.07 37.08 37.06 37.04 37.02 36.99 36.96 36.94 36.91 36.87 36.85 36.83 36.82 36.86 36.91 36.94 37.01 37.07 37.12 37.15 37.22 37.29 37.34 37.32 37.3 37.31 37.3 37.27 37.22 37.15 37.07 37.02 36.98 36.97 36.97 36.98 36.97 36.95 36.94 36.93 36.92 36.92 36.93 36.95 36.97 36.98 36.98 37.01 37.11 37.19 37.19 37.11 37.02 36.99 36.98 36.99 36.99 37 37.01 37.02 37.03 37.03 37.04 37.04 37.05 37.06 37.06 37.07 37.08 37.08
36.92 36.86 36.78 36.73 36.8 36.96 37.04 37.06 37.06 37.07 37.06 37.04 37.02 36.99 36.97 36.95 36.91 36.87 36.85 36.83 36.82 36.85 36.89 36.93 37 37.06 37.11 37.14 37.21 37.29 37.33 37.32 37.31 37.31 37.3 37.28 37.24 37.19 37.12 37.04 36.98 36.97 36.97 36.97 36.96 36.95 36.94 36.93 36.92 36.92 36.92 36.94 36.96 36.98 36.98 37 37.09 37.18 37.18 37.12 37.04 37 36.97 36.98 36.99 36.99 37 37.01 37.02 37.02 37.03 37.04 37.05 37.05 37.06 37.07 37.08 37.08
36.93 36.87 36.79 36.73 36.8 36.95 37.03 37.05 37.05 37.06 37.05 37.04 37.02 36.99 36.97 36.95 36.91 36.87 36.85 36.83 36.81 36.84 36.88 36.91 36.98 37.05 37.09 37.13 37.2 37.27 37.31 37.31 37.31 37.31 37.31 37.29 37.25 37.22 37.17 37.06 36.98 36.97 36.97 36.96 36.96 36.95 36.94 36.93 36.92 36.91 36.92 36.93 36.96 36.97 36.97 36.98 37.05 37.14 37.17 37.13 37.06 37.01 36.97 36.97 36.98 36.99 37 37.01 37.02 37.02 37.02 37.03 37.04 37.04 37.05 37.06 37.07 37.07
36.94 36.88 36.8 36.74 36.8 36.94 37.02 37.03 37.05 37.06 37.06 37.04 37.01 36.98 36.97 36.95 36.91 36.87 36.85 36.83 36.8 36.83 36.87 36.9 36.97 37.03 37.08 37.11 37.18 37.24 37.29 37.31 37.32 37.31 37.32 37.3 37.26 37.23 37.18 37.08 36.99 36.97 36.96 36.96 36.96 36.95 36.94 36.92 36.91 36.91 36.91 36.93 36.95 36.96 36.97 36.98 37.01 37.08 37.16 37.14 37.07 37.02 36.96 36.97 36.98 36.98 36.99 37 37.01 37.01 37.02 37.03 37.03 37.04 37.04 37.05 37.06 37.06
36.94 36.88 36.81 36.76 36.8 36.93 37.01 37.02 37.04 37.06 37.06 37.04 37.01 36.98 36.96 36.95 36.91 36.87 36.85 36.82 36.79 36.81 36.85 36.89 36.95 37.01 37.06 37.09 37.15 37.22 37.26 37.3 37.32 37.32 37.32 37.31 37.26 37.23 37.19 37.09 37 36.97 36.96 36.95 36.95 36.95 36.93 36.92 36.91 36.9 36.91 36.92 36.94 36.95 36.96 36.97 36.98 37.04 37.15 37.15 37.09 37.03 36.96 36.96 36.97 36.97 36.98 36.99 37 37 37.01 37.02 37.02 37.03 37.03 37.04 37.05 37.06
36.94 36.89 36.83 36.79 36.8 36.92 37 37.01 37.03 37.05 37.06 37.04 37.01 36.98 36.96 36.94 36.91 36.87 36.85 36.82 36.79 36.8 36.83 36.86 36.93 36.99 37.03 37.08 37.14 37.19 37.23 37.29 37.32 37.32 37.32 37.31 37.26 37.23 37.2 37.1 37 36.97 36.96 36.95 36.95 36.95 36.93 36.92 36.91 36.9 36.9 36.91 36.93 36.94 36.96 36.97 36.97 37.02 37.14 37.16 37.11 37.04 36.97 36.96 36.96 36.96 36.98 36.98 36.99 36.99 37 37.01 37.01 37.02 37.03 37.04 37.04 37.05
36.93 36.89 36.84 36.81 36.8 36.9 36.99 37 37.02 37.03 37.04 37.03 37.01 36.97 36.95 36.94 36.91 36.87 36.85 36.82 36.79 36.78 36.81 36.85 36.92 36.96 37 37.07 37.13 37.18 37.22 37.28 37.32 37.32 37.32 37.31 37.27 37.24 37.21 37.11 37.01 36.97 36.96 36.95 36.95 36.95 36.93 36.92 36.91 36.9 36.9 36.91 36.92 36.93 36.95 36.97 36.96 37 37.11 37.16 37.13 37.06 36.97 36.95 36.95 36.96 36.97 36.97 36.98 36.98 36.99 37 37.01 37.02 37.02 37.03 37.04 37.04
36.92 36.89 36.85 36.82 36.79 36.88 36.97 36.99 37.01 37.02 37.03 37.03 37 36.97 36.95 36.93 36.91 36.87 36.85 36.82 36.78 36.76 36.78 36.84 36.91 36.95 36.99 37.05 37.12 37.17 37.2 37.27 37.32 37.32 37.32 37.31 37.28 37.25 37.22 37.13 37.03 36.97 36.96 36.95 36.94 36.94 36.94 36.92 36.91 36.9 36.89 36.9 36.92 36.92 36.94 36.96 36.97 36.99 37.08 37.16 37.15 37.08 36.98 36.94 36.95 36.95 36.96 36.97 36.97 36.98 36.99 37 37 37.01 37.02 37.02 37.03 37.04
36.91 36.9 36.87 36.83 36.79 36.86 36.96 36.98 36.99 37.01 37.02 37.02 37 36.97 36.95 36.93 36.91 36.88 36.85 36.82 36.78 36.75 36.77 36.83 36.89 36.94 36.97 37.04 37.11 37.15 37.18 37.26 37.31 37.32 37.32 37.32 37.29 37.26 37.23 37.15 37.05 36.99 36.95 36.95 36.94 36.94 36.94 36.92 36.91 36.9 36.89 36.89 36.9 36.91 36.93 36.95 36.96 36.98 37.05 37.14 37.16 37.09 36.98 36.94 36.94 36.95 36.95 36.96 36.97 36.97 36.98 36.99 37 37 37.01 37.02 37.03 37.04
36.9 36.9 36.88 36.84 36.79 36.85 36.95 36.97 36.98 37 37.02 37.02 37 36.97 36.95 36.93 36.9 36.88 36.86 36.82 36.78 36.75 36.77 36.82 36.88 36.93 36.96 37.03 37.09 37.14 37.17 37.24 37.31 37.34 37.33 37.32 37.29 37.26 37.23 37.16 37.09 37.02 36.95 36.95 36.94 36.94 36.93 36.92 36.91 36.9 36.89 36.88 36.89 36.9 36.92 36.94 36.96 36.97 37.03 37.12 37.16 37.11 36.99 36.94 36.93 36.94 36.95 36.95 36.96 36.97 36.98 36.99 36.99 37 37.01 37.02 37.03 37.06
36.89 36.9 36.89 36.85 36.79 36.84 36.94 36.96 36.97 36.99 37.01 37.01 37 36.97 36.95 36.93 36.9 36.88 36.86 36.82 36.78 36.75 36.76 36.8 36.87 36.91 36.95 37.02 37.08 37.13 37.16 37.23 37.3 37.34 37.34 37.32 37.31 37.28 37.25 37.18 37.12 37.05 36.96 36.94 36.94 36.94 36.93 36.92 36.91 36.9 36.89 36.88 36.88 36.89 36.91 36.94 36.95 36.96 37.02 37.09 37.14 37.12 37 36.93 36.93 36.93 36.94 36.95 36.95 36.96 36.97 36.98 36.98 37 37.02 37.04 37.05 37.08
36.88 36.89 36.89 36.85 36.79 36.83 36.93 36.95 36.96 36.98 36.99 37 37 36.98 36.96 36.93 36.9 36.88 36.86 36.82 36.78 36.75 36.76 36.79 36.86 36.9 36.94 37 37.07 37.11 37.15 37.22 37.28 37.31 37.33 37.33 37.32 37.3 37.26 37.2 37.15 37.08 36.97 36.94 36.94 36.94 36.92 36.91 36.91 36.9 36.89 36.88 36.88 36.89 36.91 36.92 36.94 36.95 37 37.06 37.12 37.12 37.01 36.93 36.92 36.93 36.94 36.95 36.95 36.95 36.96 36.97 36.98 37 37.03 37.06 37.07 37.09
36.88 36.88 36.89 36.86 36.79 36.81 36.89 36.94 36.96 36.97 36.98 36.99 36.99 36.98 36.96 36.93 36.9 36.88 36.86 36.82 36.78 36.75 36.75 36.78 36.85 36.89 36.92 36.99 37.05 37.1 37.13 37.2 37.25 37.28 37.33 37.34 37.33 37.31 37.27 37.21 37.17 37.1 36.98 36.94 36.94 36.93 36.92 36.91 36.9 36.89 36.88 36.88 36.88 36.88 36.9 36.91 36.93 36.95 36.99 37.03 37.09 37.13 37.01 36.93 36.91 36.92 36.93 36.94 36.94 36.95 36.97 36.97 36.99 37.02 37.06 37.08 37.09 37.12
36.87 36.88 36.89 36.86 36.8 36.76 36.83 36.93 36.95 36.97 36.97 36.99 36.99 36.97 36.96 36.92 36.89 36.87 36.86 36.82 36.78 36.75 36.74 36.77 36.83 36.87 36.91 36.97 37.03 37.07 37.11 37.18 37.23 37.26 37.32 37.34 37.33 37.32 37.27 37.22 37.19 37.11 36.99 36.94 36.93 36.92 36.92 36.91 36.9 36.89 36.88 36.87 36.87 36.87 36.9 36.91 36.92 36.94 36.97 37 37.07 37.13 37.03 36.94 36.92 36.91 36.92 36.93 36.94 36.95 36.98 37 37.02 37.05 37.07 37.1 37.14 37.21
36.87 36.86 36.88 36.86 36.8 36.75 36.81 36.92 36.94 36.96 36.96 36.98 36.98 36.97 36.95 36.92 36.89 36.87 36.85 36.82 36.78 36.75 36.73 36.75 36.8 36.83 36.88 36.95 37 37.03 37.1 37.16 37.21 37.25 37.31 37.34 37.34 37.32 37.28 37.23 37.2 37.12 37 36.94 36.93 36.92 36.92 36.91 36.9 36.89 36.88 36.87 36.87 36.87 36.89 36.91 36.91 36.93 36.96 36.98 37.04 37.12 37.04 36.95 36.92 36.91 36.93 36.94 36.95 36.98 37.02 37.05 37.07 37.11 37.13 37.19 37.32 37.46
36.88 36.85 36.86 36.86 36.81 36.76 36.8 36.9 36.93 36.95 36.95 36.97 36.97 36.97 36.95 36.92 36.89 36.87 36.85 36.82 36.78 36.75 36.73 36.74 36.78 36.81 36.87 36.94 36.98 37.02 37.09 37.15 37.2 37.24 37.3 37.34 37.34 37.33 37.28 37.24 37.21 37.14 37.02 36.94 36.93 36.92 36.91 36.91 36.9 36.89 36.88 36.87 36.87 36.87 36.88 36.9 36.91 36.93 36.94 36.96 37.02 37.11 37.07 36.99 36.96 36.95 36.98 37 37.02 37.05 37.08 37.14 37.25 37.36 37.42 37.51 37.68 37.81
36.88 36.86 36.85 36.85 36.82 36.77 36.8 36.88 36.92 36.94 36.94 36.95 36.97 36.96 36.94 36.91 36.88 36.86 36.85 36.82 36.79 36.76 36.73 36.73 36.76 36.8 36.86 36.93 36.97 37.01 37.07 37.14 37.19 37.22 37.29 37.34 37.35 37.33 37.29 37.25 37.21 37.16 37.04 36.95 36.93 36.92 36.91 36.91 36.9 36.89 36.88 36.87 36.86 36.86 36.87 36.89 36.9 36.92 36.94 36.96 37.02 37.12 37.15 37.12 37.13 37.16 37.21 37.24 37.25 37.3 37.34 37.44 37.63 37.77 37.85 37.92 38.02 38.04
36.89 36.86 36.85 36.85 36.82 36.78 36.8 36.86 36.91 36.92 36.93 36.94 36.96 36.96 36.94 36.91 36.88 36.86 36.84 36.82 36.8 36.77 36.73 36.73 36.75 36.79 36.85 36.91 36.96 36.99 37.06 37.13 37.17 37.21 37.28 37.33 37.35 37.33 37.3 37.25 37.22 37.17 37.05 36.95 36.93 36.92 36.91 36.91 36.9 36.89 36.88 36.87 36.86 36.85 36.86 36.87 36.9 36.93 36.98 37.03 37.1 37.23 37.32 37.37 37.46 37.58 37.65 37.65 37.66 37.72 37.79 37.86 37.96 38.03 38.08 38.11 38.14 38.14
36.89 36.87 36.85 36.84 36.83 36.8 36.8 36.84 36.89 36.91 36.92 36.93 36.95 36.96 36.94 36.91 36.89 36.87 36.84 36.81 36.79 36.77 36.73 36.72 36.74 36.77 36.84 36.9 36.95 36.98 37.05 37.12 37.16 37.19 37.26 37.32 37.34 37.33 37.3 37.27 37.24 37.18 37.06 36.96 36.93 36.92 36.91 36.9 36.9 36.89 36.88 36.87 36.87 36.86 36.87 36.89 36.96 37.08 37.19 37.3 37.4 37.56 37.64 37.68 37.78 37.9 37.97 37.97 37.98 38.02 38.05 38.07 38.11 38.16 38.2 38.22 38.26 38.29
36.89 36.87 36.86 36.84 36.83 36.8 36.79 36.83 36.89 36.9 36.91 36.92 36.94 36.95 36.94 36.91 36.89 36.87 36.84 36.81 36.79 36.77 36.72 36.71 36.73 36.76 36.83 36.89 36.94 36.97 37.04 37.1 37.15 37.18 37.25 37.3 37.33 37.34 37.31 37.28 37.25 37.19 37.08 36.98 36.94 36.91 36.91 36.9 36.9 36.89 36.89 36.89 36.9 36.96 37.07 37.16 37.26 37.44 37.58 37.67 37.78 37.91 37.93 37.94 37.98 38.04 38.07 38.08 38.1 38.12 38.14 38.17 38.24 38.31 38.34 38.41 38.52 38.63
36.9 36.87 36.86 36.84 36.82 36.81 36.8 36.83 36.88 36.89 36.9 36.91 36.93 36.94 36.94 36.91 36.89 36.87 36.84 36.81 36.79 36.76 36.72 36.7 36.72 36.75 36.81 36.88 36.92 36.96 37.03 37.09 37.13 37.17 37.24 37.29 37.32 37.34 37.31 37.28 37.27 37.21 37.11 37.01 36.96 36.92 36.91 36.91 36.92 36.98 37.07 37.12 37.15 37.28 37.48 37.61 37.7 37.81 37.88 37.92 37.99 38.05 38.05 38.05 38.09 38.13 38.14 38.16 38.2 38.23 38.27 38.32 38.45 38.59 38.65 38.77 39 39.19
36.9 36.88 36.87 36.84 36.82 36.82 36.81 36.83 36.87 36.87 36.89 36.91 36.92 36.93 36.93 36.91 36.88 36.87 36.84 36.8 36.78 36.76 36.72 36.69 36.7 36.74 36.8 36.87 36.91 36.95 37.01 37.07 37.11 37.16 37.23 37.27 37.3 37.34 37.32 37.3 37.28 37.22 37.14 37.05 36.99 36.98 37.06 37.09 37.15 37.3 37.48 37.58 37.61 37.71 37.81 37.88 37.97 38.01 38.03 38.05 38.1 38.13 38.14 38.15 38.19 38.27 38.3 38.34 38.42 38.51 38.59 38.67 38.88 39.07 39.14 39.3 39.56 39.7
36.9 36.88 36.86 36.84 36.82 36.82 36.81 36.83 36.86 36.86 36.88 36.9 36.91 36.92 36.92 36.9 36.88 36.87 36.83 36.8 36.78 36.76 36.72 36.69 36.69 36.72 36.79 36.84 36.88 36.93 36.99 37.04 37.07 37.14 37.2 37.25 37.28 37.33 37.33 37.31 37.28 37.25 37.23 37.2 37.19 37.27 37.43 37.5 37.58 37.74 37.85 37.9 37.92 37.97 38.01 38.04 38.09 38.12 38.14 38.15 38.18 38.21 38.24 38.3 38.43 38.58 38.67 38.72 38.88 39.06 39.14 39.25 39.47 39.62 39.69 39.83 39.98 40.04
36.91 36.89 36.87 36.84 36.82 36.81 36.81 36.82 36.85 36.85 36.87 36.89 36.91 36.91 36.92 36.9 36.88 36.86 36.83 36.8 36.78 36.76 36.72 36.69 36.68 36.7 36.77 36.82 36.85 36.91 36.97 37.02 37.05 37.12 37.18 37.23 37.27 37.32 37.33 37.32 37.34 37.39 37.49 37.56 37.59 37.69 37.81 37.85 37.91 38 38.04 38.06 38.08 38.12 38.14 38.15 38.19 38.23 38.27 38.29 38.35 38.46 38.55 38.66 38.9 39.11 39.23 39.3 39.48 39.67 39.76 39.83 39.94 40.01 40.09 40.17 40.21 40.23
36.92 36.9 36.87 36.84 36.82 36.81 36.8 36.81 36.83 36.84 36.86 36.88 36.9 36.9 36.91 36.9 36.88 36.86 36.83 36.8 36.78 36.76 36.72 36.69 36.67 36.69 36.75 36.8 36.83 36.9 36.96 37 37.04 37.11 37.17 37.2 37.24 37.34 37.43 37.49 37.56 37.69 37.8 37.87 37.9 37.95 38 38.03 38.07 38.12 38.15 38.16 38.19 38.24 38.28 38.31 38.37 38.48 38.56 38.6 38.74 38.97 39.14 39.26 39.49 39.67 39.77 39.82 39.95 40.07 40.12 40.14 40.16 40.19 40.24 40.28 40.29 40.29
36.92 36.91 36.88 36.84 36.82 36.81 36.79 36.8 36.82 36.83 36.85 36.87 36.89 36.89 36.9 36.89 36.88 36.86 36.83 36.8 36.78 36.75 36.71 36.69 36.67 36.68 36.74 36.78 36.82 36.88 36.95 36.99 37.03 37.11 37.23 37.33 37.39 37.54 37.7 37.79 37.85 37.93 37.98 38.02 38.03 38.06 38.1 38.12 38.16 38.22 38.27 38.28 38.33 38.46 38.58 38.63 38.76 38.97 39.11 39.19 39.36 39.58 39.72 39.81 39.96 40.07 40.12 40.14 40.19 40.22 40.21 40.23 40.28 40.3 40.32 40.34 40.33 40.35
