slabs/57.grd
DSAA
631 301
645150 645780
4947800 4948100
36.67 45.31
[rows 238 to 271 of 300, columns 468 to 545 of 631]
39.63 39.62 39.61 39.6 39.6 39.61 39.61 39.59 39.59 39.58 39.58 39.59 39.62 39.59 39.57 39.57 39.57 39.58 39.58 39.54 39.54 39.56 39.56 39.56 39.58 39.58 39.56 39.56 39.55 39.56 39.54 39.5 39.49 39.5 39.52 39.53 39.52 39.51 39.53 39.53 39.53 39.53 39.51 39.51 39.52 39.5 39.48 39.48 39.48 39.49 39.5 39.5 39.5 39.5 39.49 39.5 39.5 39.48 39.47 39.46 39.43 39.38 39.33 39.26 39.3 39.44 39.48 39.47 39.43 39.42 39.42 39.44 39.46 39.46 39.45 39.46 39.51 39.55
39.61 39.61 39.62 39.62 39.62 39.61 39.61 39.6 39.58 39.58 39.58 39.59 39.61 39.59 39.57 39.58 39.58 39.6 39.6 39.57 39.56 39.54 39.54 39.54 39.56 39.57 39.56 39.55 39.56 39.57 39.55 39.51 39.5 39.5 39.52 39.53 39.53 39.52 39.53 39.53 39.53 39.53 39.51 39.51 39.52 39.51 39.5 39.5 39.5 39.51 39.51 39.51 39.51 39.5 39.47 39.49 39.52 39.49 39.49 39.48 39.44 39.42 39.38 39.26 39.27 39.44 39.48 39.48 39.45 39.44 39.44 39.45 39.47 39.47 39.46 39.46 39.53 39.58
39.59 39.6 39.62 39.64 39.63 39.62 39.62 39.63 39.61 39.61 39.61 39.61 39.61 39.6 39.58 39.57 39.58 39.61 39.61 39.59 39.58 39.56 39.55 39.55 39.56 39.57 39.56 39.56 39.56 39.57 39.56 39.55 39.53 39.51 39.52 39.53 39.54 39.53 39.53 39.52 39.52 39.53 39.52 39.52 39.51 39.52 39.53 39.53 39.52 39.52 39.52 39.52 39.52 39.49 39.47 39.5 39.53 39.51 39.5 39.49 39.47 39.47 39.43 39.31 39.3 39.42 39.48 39.49 39.47 39.45 39.45 39.47 39.48 39.48 39.47 39.48 39.53 39.58
39.61 39.61 39.63 39.65 39.64 39.63 39.65 39.66 39.64 39.63 39.62 39.62 39.62 39.61 39.59 39.57 39.58 39.62 39.62 39.59 39.58 39.59 39.58 39.57 39.58 39.59 39.57 39.54 39.55 39.57 39.58 39.57 39.55 39.53 39.54 39.54 39.55 39.53 39.53 39.52 39.51 39.52 39.54 39.53 39.52 39.53 39.54 39.54 39.53 39.51 39.52 39.52 39.52 39.5 39.5 39.52 39.55 39.53 39.5 39.48 39.48 39.48 39.46 39.38 39.33 39.4 39.45 39.5 39.5 39.49 39.48 39.48 39.5 39.48 39.47 39.48 39.53 39.56
39.63 39.64 39.65 39.65 39.65 39.65 39.65 39.66 39.64 39.62 39.62 39.61 39.61 39.61 39.58 39.56 39.57 39.6 39.61 39.6 39.59 39.59 39.59 39.59 39.6 39.6 39.57 39.55 39.55 39.57 39.59 39.59 39.56 39.53 39.55 39.55 39.54 39.54 39.53 39.52 39.51 39.52 39.52 39.52 39.52 39.53 39.54 39.54 39.54 39.53 39.53 39.53 39.53 39.52 39.52 39.53 39.54 39.53 39.51 39.48 39.48 39.48 39.47 39.38 39.28 39.33 39.4 39.5 39.51 39.5 39.49 39.49 39.5 39.51 39.5 39.5 39.52 39.54
39.61 39.64 39.67 39.66 39.65 39.64 39.64 39.64 39.64 39.63 39.63 39.62 39.62 39.61 39.58 39.56 39.56 39.58 39.59 39.6 39.59 39.59 39.59 39.6 39.61 39.61 39.6 39.59 39.57 39.59 39.62 39.62 39.59 39.54 39.54 39.53 39.54 39.55 39.52 39.52 39.52 39.54 39.53 39.52 39.51 39.53 39.55 39.55 39.54 39.54 39.54 39.55 39.54 39.51 39.5 39.51 39.53 39.54 39.52 39.49 39.49 39.48 39.48 39.4 39.28 39.27 39.37 39.5 39.51 39.5 39.49 39.49 39.51 39.52 39.52 39.52 39.52 39.53
39.61 39.62 39.64 39.66 39.67 39.65 39.64 39.64 39.64 39.64 39.62 39.61 39.62 39.61 39.6 39.6 39.59 39.59 39.59 39.59 39.6 39.6 39.62 39.63 39.61 39.6 39.62 39.61 39.59 39.61 39.63 39.62 39.59 39.55 39.52 39.53 39.57 39.57 39.54 39.53 39.54 39.55 39.55 39.53 39.52 39.52 39.54 39.56 39.55 39.53 39.54 39.57 39.57 39.53 39.51 39.51 39.54 39.55 39.53 39.5 39.49 39.49 39.48 39.44 39.33 39.26 39.36 39.51 39.52 39.51 39.49 39.49 39.51 39.52 39.54 39.53 39.52 39.53
39.61 39.61 39.63 39.66 39.67 39.67 39.65 39.64 39.64 39.64 39.62 39.61 39.62 39.62 39.63 39.64 39.63 39.61 39.6 39.6 39.61 39.62 39.63 39.64 39.61 39.59 39.63 39.62 39.58 39.6 39.63 39.62 39.59 39.56 39.51 39.53 39.58 39.58 39.54 39.54 39.56 39.56 39.55 39.56 39.55 39.52 39.53 39.56 39.56 39.53 39.54 39.58 39.59 39.56 39.54 39.55 39.57 39.57 39.55 39.51 39.49 39.49 39.48 39.46 39.38 39.26 39.33 39.47 39.52 39.51 39.5 39.5 39.51 39.52 39.54 39.54 39.53 39.53
39.62 39.63 39.64 39.66 39.67 39.67 39.65 39.64 39.63 39.63 39.63 39.62 39.63 39.65 39.66 39.67 39.65 39.61 39.59 39.61 39.64 39.64 39.63 39.63 39.61 39.59 39.63 39.61 39.58 39.59 39.61 39.6 39.6 39.57 39.51 39.52 39.55 39.56 39.56 39.57 39.57 39.57 39.57 39.57 39.57 39.56 39.55 39.55 39.54 39.53 39.54 39.58 39.58 39.57 39.57 39.57 39.59 39.59 39.57 39.52 39.5 39.5 39.48 39.46 39.42 39.3 39.28 39.43 39.53 39.53 39.52 39.52 39.54 39.54 39.54 39.55 39.55 39.55
39.62 39.64 39.65 39.66 39.67 39.67 39.66 39.67 39.65 39.63 39.63 39.64 39.65 39.66 39.66 39.66 39.64 39.62 39.61 39.62 39.66 39.67 39.65 39.64 39.62 39.61 39.62 39.62 39.61 39.61 39.62 39.61 39.6 39.58 39.54 39.53 39.53 39.55 39.58 39.6 39.59 39.58 39.59 39.58 39.58 39.58 39.57 39.55 39.55 39.55 39.57 39.58 39.58 39.58 39.58 39.59 39.6 39.59 39.58 39.57 39.55 39.54 39.49 39.45 39.45 39.4 39.32 39.4 39.53 39.54 39.53 39.54 39.56 39.56 39.55 39.55 39.57 39.57
39.61 39.64 39.65 39.66 39.67 39.67 39.67 39.68 39.67 39.65 39.66 39.67 39.67 39.67 39.65 39.65 39.65 39.63 39.62 39.62 39.64 39.68 39.69 39.66 39.64 39.63 39.62 39.62 39.63 39.64 39.64 39.62 39.6 39.59 39.58 39.56 39.55 39.56 39.59 39.6 39.59 39.58 39.58 39.57 39.56 39.56 39.56 39.56 39.57 39.58 39.59 39.6 39.6 39.59 39.6 39.61 39.61 39.59 39.6 39.59 39.57 39.55 39.49 39.45 39.45 39.43 39.34 39.37 39.51 39.54 39.55 39.54 39.54 39.55 39.54 39.55 39.57 39.57
39.63 39.65 39.65 39.66 39.67 39.67 39.67 39.67 39.67 39.67 39.68 39.68 39.68 39.67 39.66 39.67 39.67 39.63 39.61 39.61 39.63 39.67 39.68 39.67 39.66 39.65 39.63 39.64 39.65 39.64 39.64 39.63 39.62 39.62 39.61 39.58 39.56 39.56 39.58 39.6 39.58 39.58 39.58 39.57 39.56 39.55 39.56 39.58 39.59 39.6 39.61 39.62 39.62 39.61 39.61 39.61 39.62 39.6 39.6 39.6 39.57 39.54 39.5 39.47 39.47 39.43 39.32 39.34 39.49 39.54 39.57 39.54 39.53 39.54 39.56 39.56 39.58 39.58
39.63 39.65 39.66 39.66 39.67 39.67 39.67 39.69 39.69 39.69 39.67 39.67 39.66 39.66 39.67 39.67 39.66 39.64 39.63 39.63 39.64 39.66 39.68 39.67 39.66 39.67 39.66 39.66 39.66 39.64 39.63 39.63 39.63 39.64 39.63 39.6 39.59 39.57 39.59 39.6 39.59 39.59 39.59 39.57 39.56 39.56 39.56 39.58 39.6 39.62 39.62 39.63 39.63 39.62 39.6 39.6 39.61 39.6 39.6 39.61 39.59 39.57 39.53 39.5 39.49 39.47 39.37 39.35 39.47 39.53 39.57 39.55 39.53 39.54 39.56 39.57 39.58 39.58
39.65 39.66 39.67 39.67 39.67 39.67 39.67 39.67 39.7 39.69 39.66 39.66 39.67 39.67 39.66 39.65 39.65 39.65 39.65 39.64 39.64 39.65 39.66 39.65 39.66 39.66 39.66 39.67 39.65 39.63 39.62 39.63 39.63 39.65 39.64 39.62 39.62 39.6 39.6 39.61 39.62 39.6 39.58 39.57 39.57 39.59 39.57 39.56 39.59 39.61 39.62 39.63 39.62 39.61 39.6 39.59 39.59 39.59 39.6 39.61 39.62 39.59 39.53 39.51 39.51 39.5 39.42 39.38 39.47 39.52 39.56 39.55 39.53 39.54 39.56 39.58 39.57 39.58
39.68 39.68 39.68 39.67 39.69 39.69 39.67 39.67 39.69 39.69 39.66 39.66 39.68 39.68 39.66 39.65 39.64 39.65 39.65 39.63 39.63 39.65 39.63 39.64 39.65 39.65 39.65 39.66 39.65 39.62 39.62 39.64 39.64 39.65 39.63 39.62 39.62 39.61 39.61 39.62 39.64 39.61 39.59 39.57 39.59 39.6 39.59 39.58 39.59 39.6 39.61 39.62 39.61 39.6 39.59 39.6 39.61 39.61 39.6 39.6 39.61 39.59 39.54 39.52 39.52 39.51 39.42 39.35 39.43 39.5 39.57 39.55 39.54 39.55 39.56 39.57 39.57 39.59
39.68 39.67 39.67 39.68 39.69 39.7 39.7 39.68 39.68 39.68 39.68 39.69 39.69 39.69 39.68 39.67 39.66 39.66 39.65 39.64 39.64 39.65 39.64 39.63 39.64 39.65 39.66 39.68 39.67 39.64 39.64 39.65 39.66 39.67 39.66 39.63 39.6 39.59 39.59 39.62 39.64 39.63 39.61 39.58 39.59 39.61 39.62 39.62 39.6 39.6 39.61 39.62 39.61 39.61 39.6 39.6 39.6 39.6 39.6 39.59 39.59 39.58 39.56 39.53 39.53 39.51 39.43 39.32 39.33 39.43 39.56 39.57 39.56 39.56 39.56 39.58 39.59 39.61
39.67 39.67 39.67 39.68 39.68 39.69 39.7 39.69 39.68 39.68 39.68 39.68 39.69 39.7 39.71 39.7 39.69 39.69 39.67 39.66 39.66 39.67 39.67 39.65 39.65 39.65 39.67 39.68 39.68 39.68 39.67 39.67 39.68 39.71 39.69 39.64 39.6 39.57 39.59 39.62 39.63 39.63 39.62 39.6 39.61 39.63 39.64 39.63 39.6 39.59 39.61 39.63 39.62 39.62 39.61 39.61 39.61 39.61 39.6 39.59 39.6 39.6 39.58 39.55 39.53 39.52 39.46 39.36 39.3 39.38 39.55 39.58 39.58 39.58 39.57 39.59 39.6 39.62
39.68 39.67 39.67 39.68 39.68 39.68 39.69 39.69 39.69 39.68 39.68 39.67 39.68 39.71 39.72 39.71 39.7 39.7 39.68 39.67 39.67 39.68 39.68 39.67 39.66 39.67 39.67 39.68 39.69 39.7 39.69 39.67 39.68 39.71 39.7 39.66 39.62 39.6 39.62 39.64 39.63 39.63 39.62 39.61 39.61 39.62 39.64 39.65 39.62 39.61 39.6 39.63 39.64 39.63 39.62 39.62 39.64 39.63 39.6 39.6 39.61 39.62 39.6 39.58 39.57 39.55 39.5 39.44 39.34 39.33 39.52 39.6 39.6 39.59 39.58 39.59 39.61 39.62
39.67 39.66 39.67 39.68 39.68 39.68 39.69 39.7 39.71 39.7 39.69 39.68 39.68 39.7 39.71 39.72 39.71 39.72 39.7 39.68 39.69 39.69 39.68 39.68 39.68 39.68 39.7 39.7 39.7 39.71 39.69 39.66 39.68 39.7 39.7 39.68 39.64 39.63 39.64 39.65 39.65 39.64 39.63 39.62 39.61 39.61 39.62 39.64 39.64 39.62 39.6 39.62 39.65 39.65 39.63 39.64 39.65 39.64 39.61 39.59 39.61 39.62 39.63 39.62 39.61 39.57 39.53 39.51 39.39 39.31 39.48 39.59 39.6 39.6 39.6 39.62 39.63 39.63
39.66 39.65 39.66 39.67 39.68 39.68 39.68 39.7 39.73 39.73 39.72 39.71 39.7 39.71 39.71 39.72 39.73 39.74 39.72 39.69 39.68 39.69 39.68 39.68 39.69 39.69 39.71 39.71 39.69 39.7 39.7 39.68 39.68 39.69 39.69 39.68 39.65 39.64 39.65 39.65 39.66 39.65 39.64 39.63 39.62 39.61 39.61 39.63 39.64 39.62 39.59 39.61 39.65 39.65 39.64 39.65 39.66 39.66 39.64 39.62 39.62 39.65 39.66 39.64 39.62 39.58 39.55 39.53 39.44 39.35 39.47 39.58 39.6 39.61 39.6 39.6 39.62 39.62
39.67 39.65 39.66 39.67 39.68 39.68 39.68 39.69 39.74 39.77 39.76 39.73 39.71 39.7 39.7 39.72 39.73 39.73 39.72 39.68 39.66 39.66 39.66 39.67 39.7 39.68 39.7 39.71 39.69 39.7 39.7 39.7 39.69 39.69 39.69 39.68 39.66 39.65 39.64 39.64 39.64 39.64 39.62 39.61 39.63 39.63 39.63 39.64 39.63 39.62 39.61 39.62 39.64 39.63 39.63 39.65 39.66 39.66 39.65 39.65 39.65 39.67 39.67 39.65 39.63 39.59 39.56 39.55 39.45 39.32 39.43 39.59 39.61 39.62 39.6 39.57 39.59 39.61
39.69 39.66 39.67 39.67 39.67 39.68 39.68 39.7 39.74 39.76 39.76 39.73 39.7 39.68 39.68 39.72 39.74 39.74 39.73 39.69 39.66 39.66 39.66 39.67 39.69 39.66 39.67 39.7 39.7 39.71 39.71 39.7 39.7 39.69 39.69 39.7 39.68 39.67 39.65 39.63 39.63 39.63 39.62 39.61 39.61 39.62 39.64 39.65 39.65 39.64 39.64 39.64 39.64 39.63 39.64 39.65 39.65 39.65 39.65 39.66 39.67 39.67 39.67 39.65 39.64 39.61 39.57 39.57 39.45 39.27 39.37 39.57 39.6 39.62 39.61 39.59 39.59 39.61
39.71 39.67 39.67 39.67 39.67 39.68 39.68 39.69 39.73 39.73 39.74 39.73 39.69 39.67 39.69 39.73 39.76 39.76 39.75 39.72 39.69 39.68 39.67 39.68 39.68 39.67 39.68 39.7 39.71 39.7 39.7 39.71 39.72 39.71 39.7 39.71 39.7 39.68 39.66 39.64 39.62 39.62 39.64 39.63 39.6 39.61 39.64 39.67 39.67 39.65 39.63 39.62 39.62 39.62 39.65 39.67 39.66 39.65 39.66 39.68 39.67 39.67 39.67 39.66 39.65 39.62 39.57 39.54 39.48 39.34 39.38 39.53 39.59 39.63 39.62 39.6 39.59 39.61
39.71 39.67 39.67 39.67 39.68 39.68 39.69 39.71 39.73 39.73 39.74 39.74 39.7 39.68 39.69 39.73 39.76 39.75 39.74 39.73 39.71 39.7 39.68 39.66 39.67 39.68 39.71 39.72 39.72 39.7 39.7 39.72 39.73 39.72 39.7 39.7 39.7 39.7 39.68 39.64 39.63 39.63 39.65 39.64 39.62 39.63 39.66 39.68 39.68 39.66 39.62 39.6 39.61 39.63 39.65 39.68 39.68 39.67 39.67 39.67 39.66 39.66 39.67 39.67 39.66 39.62 39.56 39.53 39.5 39.41 39.31 39.39 39.55 39.64 39.63 39.61 39.59 39.6
39.71 39.68 39.68 39.69 39.69 39.68 39.7 39.73 39.74 39.74 39.74 39.74 39.73 39.71 39.71 39.73 39.75 39.73 39.72 39.72 39.72 39.7 39.68 39.66 39.66 39.69 39.73 39.74 39.73 39.71 39.7 39.72 39.72 39.71 39.69 39.69 39.7 39.72 39.7 39.66 39.65 39.65 39.65 39.64 39.64 39.64 39.65 39.65 39.65 39.64 39.63 39.63 39.64 39.64 39.64 39.64 39.65 39.67 39.67 39.68 39.67 39.66 39.67 39.69 39.67 39.63 39.58 39.54 39.52 39.4 39.22 39.27 39.5 39.65 39.65 39.63 39.59 39.6
39.71 39.69 39.69 39.68 39.69 39.69 39.7 39.73 39.74 39.75 39.74 39.74 39.75 39.73 39.73 39.73 39.74 39.73 39.71 39.71 39.73 39.71 39.68 39.68 39.67 39.7 39.73 39.73 39.74 39.73 39.72 39.72 39.72 39.71 39.7 39.7 39.7 39.71 39.72 39.69 39.66 39.64 39.64 39.64 39.64 39.64 39.65 39.63 39.62 39.62 39.63 39.66 39.65 39.65 39.64 39.63 39.64 39.66 39.68 39.69 39.68 39.67 39.68 39.69 39.67 39.64 39.63 39.59 39.52 39.41 39.24 39.24 39.46 39.65 39.67 39.64 39.59 39.61
39.7 39.71 39.69 39.67 39.69 39.72 39.72 39.72 39.75 39.76 39.75 39.75 39.76 39.75 39.75 39.74 39.73 39.73 39.71 39.71 39.73 39.72 39.69 39.69 39.69 39.69 39.71 39.72 39.74 39.74 39.73 39.72 39.73 39.72 39.7 39.7 39.7 39.71 39.71 39.69 39.66 39.65 39.64 39.65 39.64 39.63 39.64 39.62 39.62 39.63 39.64 39.65 39.65 39.65 39.65 39.64 39.65 39.67 39.68 39.68 39.68 39.68 39.67 39.67 39.66 39.64 39.65 39.61 39.54 39.46 39.33 39.26 39.41 39.65 39.68 39.65 39.62 39.61
39.71 39.72 39.71 39.68 39.7 39.72 39.71 39.71 39.74 39.77 39.75 39.75 39.77 39.76 39.76 39.74 39.73 39.73 39.73 39.72 39.73 39.73 39.71 39.69 39.68 39.69 39.7 39.71 39.73 39.74 39.73 39.73 39.74 39.74 39.72 39.72 39.73 39.73 39.72 39.69 39.66 39.65 39.66 39.66 39.65 39.63 39.64 39.64 39.64 39.64 39.64 39.64 39.64 39.64 39.66 39.65 39.65 39.67 39.68 39.68 39.68 39.67 39.65 39.65 39.66 39.65 39.63 39.61 39.55 39.49 39.38 39.25 39.33 39.61 39.66 39.66 39.63 39.61
39.72 39.73 39.72 39.7 39.71 39.71 39.71 39.71 39.73 39.75 39.74 39.74 39.76 39.77 39.76 39.74 39.73 39.73 39.73 39.73 39.73 39.72 39.7 39.69 39.69 39.71 39.72 39.71 39.71 39.72 39.73 39.73 39.74 39.74 39.73 39.73 39.73 39.72 39.71 39.68 39.65 39.65 39.67 39.66 39.65 39.63 39.64 39.65 39.64 39.64 39.64 39.64 39.63 39.63 39.65 39.64 39.64 39.65 39.67 39.68 39.68 39.67 39.64 39.64 39.66 39.65 39.64 39.62 39.59 39.51 39.42 39.31 39.31 39.55 39.64 39.65 39.63 39.6
39.71 39.72 39.72 39.71 39.72 39.72 39.72 39.71 39.7 39.71 39.72 39.73 39.73 39.74 39.75 39.74 39.71 39.71 39.71 39.73 39.74 39.72 39.69 39.69 39.71 39.72 39.73 39.71 39.7 39.7 39.72 39.73 39.73 39.73 39.72 39.73 39.73 39.73 39.71 39.68 39.66 39.66 39.68 39.67 39.65 39.63 39.64 39.64 39.64 39.63 39.63 39.65 39.63 39.62 39.65 39.64 39.64 39.65 39.66 39.66 39.67 39.67 39.66 39.66 39.66 39.66 39.66 39.65 39.62 39.57 39.52 39.38 39.3 39.5 39.64 39.66 39.64 39.59
39.69 39.7 39.7 39.72 39.74 39.74 39.73 39.71 39.7 39.7 39.71 39.71 39.7 39.7 39.72 39.72 39.69 39.69 39.7 39.71 39.73 39.72 39.7 39.7 39.71 39.71 39.71 39.7 39.68 39.69 39.71 39.72 39.73 39.73 39.72 39.73 39.72 39.71 39.7 39.7 39.67 39.65 39.67 39.69 39.67 39.64 39.64 39.63 39.63 39.63 39.63 39.64 39.64 39.64 39.64 39.64 39.64 39.66 39.66 39.66 39.67 39.67 39.67 39.67 39.66 39.66 39.66 39.64 39.61 39.58 39.56 39.41 39.27 39.41 39.58 39.65 39.64 39.59
39.69 39.68 39.69 39.72 39.74 39.75 39.76 39.74 39.73 39.73 39.73 39.71 39.68 39.7 39.72 39.71 39.69 39.68 39.68 39.69 39.7 39.7 39.7 39.7 39.71 39.7 39.69 39.7 39.69 39.7 39.72 39.73 39.73 39.73 39.73 39.72 39.71 39.69 39.7 39.72 39.69 39.64 39.64 39.67 39.67 39.66 39.65 39.64 39.63 39.64 39.66 39.65 39.65 39.66 39.65 39.64 39.63 39.64 39.63 39.65 39.67 39.68 39.68 39.67 39.65 39.65 39.65 39.64 39.61 39.58 39.55 39.44 39.3 39.34 39.49 39.62 39.62 39.6
39.69 39.67 39.67 39.71 39.74 39.75 39.76 39.75 39.75 39.74 39.74 39.72 39.7 39.7 39.72 39.72 39.72 39.7 39.68 39.7 39.71 39.71 39.7 39.7 39.7 39.7 39.7 39.7 39.71 39.71 39.72 39.72 39.73 39.73 39.73 39.73 39.71 39.68 39.71 39.73 39.7 39.65 39.64 39.65 39.66 39.68 39.67 39.65 39.62 39.63 39.67 39.67 39.67 39.66 39.64 39.64 39.64 39.63 39.62 39.63 39.67 39.69 39.7 39.67 39.64 39.65 39.64 39.63 39.62 39.6 39.58 39.5 39.35 39.3 39.43 39.59 39.6 39.6
39.69 39.67 39.65 39.68 39.71 39.73 39.74 39.74 39.74 39.74 39.73 39.73 39.72 39.72 39.72 39.72 39.72 39.71 39.7 39.71 39.72 39.71 39.7 39.7 39.7 39.7 39.7 39.71 39.71 39.71 39.71 39.72 39.73 39.73 39.73 39.73 39.71 39.69 39.71 39.74 39.72 39.67 39.65 39.65 39.66 39.68 39.68 39.66 39.62 39.63 39.65 39.66 39.68 39.66 39.64 39.64 39.64 39.64 39.63 39.63 39.65 39.67 39.68 39.66 39.64 39.64 39.64 39.62 39.62 39.62 39.62 39.56 39.38 39.2 39.33 39.56 39.6 39.59
