slabs/57.grd
DSAA
631 301
645150 645780
4947800 4948100
36.67 45.31
[rows 136 to 169 of 300, columns 312 to 389 of 631]
37.16 37.15 37.12 37.09 37.04 37.02 37.05 37.09 37.15 37.16 37.15 37.15 37.15 37.14 37.14 37.14 37.14 37.13 37.12 37.11 37.1 37.08 37.07 37.07 37.06 37.02 37 37.01 37.04 37.05 37.06 37.07 37.06 37.05 37.04 37.02 37.02 37.02 37.02 37.02 37.03 37.03 37.03 37.04 37.04 37.05 37.05 37.05 37.06 37.06 37.06 37.06 37.06 37.06 37.07 37.07 37.08 37.08 37.08 37.09 37.1 37.1 37.11 37.12 37.13 37.13 37.12 37.12 37.18 37.47 37.94 38.2 38.33 38.59 39.2 39.71 39.97 40.28
37.16 37.15 37.13 37.1 37.04 37.02 37.05 37.09 37.15 37.16 37.15 37.15 37.15 37.14 37.14 37.14 37.14 37.14 37.13 37.11 37.1 37.09 37.08 37.08 37.07 37.04 37 36.99 37.03 37.04 37.05 37.06 37.06 37.06 37.04 37.02 37.02 37.02 37.02 37.02 37.03 37.03 37.03 37.03 37.04 37.04 37.04 37.05 37.05 37.05 37.06 37.06 37.06 37.06 37.06 37.07 37.07 37.07 37.08 37.08 37.09 37.09 37.1 37.11 37.12 37.12 37.12 37.13 37.23 37.56 37.99 38.2 38.29 38.53 39.09 39.64 39.96 40.27
37.16 37.15 37.14 37.11 37.05 37.02 37.05 37.09 37.15 37.16 37.15 37.15 37.14 37.14 37.14 37.14 37.14 37.14 37.13 37.12 37.11 37.1 37.09 37.08 37.08 37.06 37.02 36.99 37.01 37.03 37.04 37.05 37.06 37.06 37.04 37.02 37.02 37.02 37.02 37.02 37.02 37.02 37.02 37.03 37.03 37.03 37.04 37.04 37.04 37.05 37.05 37.05 37.06 37.06 37.06 37.06 37.06 37.06 37.07 37.07 37.08 37.08 37.08 37.09 37.1 37.1 37.11 37.12 37.24 37.62 38.02 38.19 38.28 38.52 39.08 39.61 39.92 40.25
37.16 37.15 37.14 37.11 37.05 37.03 37.05 37.1 37.15 37.16 37.15 37.15 37.14 37.14 37.14 37.14 37.14 37.14 37.13 37.12 37.11 37.1 37.09 37.08 37.08 37.07 37.03 36.98 37 37.02 37.03 37.04 37.05 37.06 37.05 37.02 37.01 37.01 37.01 37.02 37.02 37.02 37.02 37.02 37.03 37.03 37.03 37.03 37.04 37.04 37.05 37.05 37.05 37.05 37.06 37.06 37.06 37.06 37.06 37.07 37.07 37.07 37.07 37.07 37.08 37.09 37.1 37.1 37.22 37.59 37.99 38.18 38.26 38.5 38.99 39.47 39.8 40.2
37.15 37.15 37.14 37.11 37.05 37.03 37.06 37.1 37.15 37.15 37.15 37.14 37.14 37.14 37.14 37.14 37.14 37.14 37.13 37.13 37.11 37.1 37.09 37.08 37.08 37.08 37.04 36.98 36.99 37.02 37.02 37.03 37.04 37.06 37.05 37.03 37.01 37.01 37.01 37.01 37.01 37.02 37.02 37.02 37.02 37.02 37.03 37.03 37.03 37.03 37.04 37.04 37.04 37.04 37.05 37.05 37.05 37.05 37.06 37.06 37.06 37.06 37.06 37.07 37.07 37.08 37.08 37.09 37.21 37.55 37.95 38.18 38.26 38.46 38.88 39.31 39.67 40.15
37.15 37.16 37.15 37.12 37.06 37.04 37.06 37.1 37.14 37.15 37.15 37.14 37.14 37.14 37.14 37.14 37.14 37.13 37.13 37.13 37.11 37.1 37.09 37.08 37.08 37.09 37.06 36.99 36.98 37 37.01 37.02 37.03 37.04 37.04 37.03 37.02 37.01 37 37.01 37.01 37.01 37.01 37.02 37.02 37.02 37.02 37.02 37.03 37.03 37.03 37.03 37.03 37.04 37.04 37.05 37.05 37.05 37.05 37.06 37.06 37.06 37.06 37.06 37.06 37.07 37.08 37.08 37.19 37.51 37.92 38.15 38.24 38.43 38.8 39.21 39.61 40.14
37.15 37.16 37.15 37.12 37.06 37.04 37.07 37.1 37.14 37.15 37.15 37.14 37.14 37.14 37.14 37.14 37.13 37.13 37.13 37.13 37.12 37.11 37.09 37.08 37.08 37.1 37.07 36.99 36.96 36.98 37 37.02 37.03 37.03 37.04 37.03 37.02 37.01 37 37 37 37 37.01 37.01 37.01 37.01 37.01 37.02 37.02 37.02 37.02 37.03 37.03 37.03 37.03 37.04 37.05 37.05 37.05 37.05 37.06 37.06 37.06 37.06 37.06 37.06 37.07 37.08 37.16 37.45 37.86 38.1 38.21 38.39 38.73 39.12 39.56 40.13
37.15 37.15 37.16 37.13 37.06 37.03 37.06 37.1 37.14 37.15 37.15 37.14 37.14 37.14 37.14 37.14 37.13 37.13 37.13 37.13 37.12 37.11 37.1 37.08 37.09 37.11 37.08 37 36.95 36.96 36.99 37.01 37.02 37.02 37.03 37.03 37.03 37.02 37 36.99 36.99 36.99 37 37 37.01 37.01 37.01 37.01 37.02 37.02 37.02 37.02 37.02 37.03 37.03 37.03 37.04 37.04 37.05 37.05 37.05 37.05 37.06 37.06 37.06 37.06 37.07 37.07 37.12 37.36 37.77 38.05 38.17 38.38 38.68 39.07 39.56 40.11
37.14 37.15 37.16 37.13 37.07 37.03 37.04 37.1 37.14 37.15 37.15 37.14 37.14 37.14 37.14 37.13 37.13 37.13 37.13 37.13 37.12 37.11 37.1 37.09 37.09 37.11 37.09 37.02 36.96 36.95 36.97 36.99 37 37 37.01 37.02 37.03 37.02 37 36.99 36.99 36.99 36.99 36.99 37 37.01 37.01 37.01 37.01 37.02 37.02 37.02 37.02 37.02 37.03 37.03 37.03 37.04 37.04 37.04 37.05 37.05 37.05 37.05 37.06 37.06 37.07 37.08 37.11 37.3 37.66 37.94 38.12 38.35 38.56 38.93 39.57 40.11
37.14 37.15 37.15 37.13 37.07 37.03 37.04 37.1 37.14 37.15 37.15 37.14 37.14 37.14 37.14 37.13 37.13 37.13 37.13 37.13 37.12 37.11 37.1 37.09 37.08 37.1 37.09 37.04 36.98 36.96 36.96 36.98 36.98 36.99 37 37.01 37.02 37.02 37 36.99 36.98 36.98 36.99 36.99 36.99 37 37 37.01 37.01 37.01 37.01 37.02 37.02 37.02 37.02 37.03 37.03 37.03 37.03 37.04 37.04 37.04 37.05 37.05 37.05 37.05 37.07 37.09 37.12 37.27 37.52 37.77 38.07 38.32 38.46 38.75 39.46 40.09
37.13 37.15 37.15 37.13 37.07 37.03 37.05 37.1 37.14 37.15 37.14 37.14 37.14 37.14 37.14 37.13 37.13 37.13 37.13 37.13 37.12 37.12 37.1 37.09 37.08 37.08 37.09 37.06 37.01 36.97 36.94 36.97 36.97 36.98 36.99 37 37.01 37.02 37.01 36.99 36.98 36.98 36.98 36.99 36.99 36.99 37 37 37 37.01 37.01 37.01 37.01 37.02 37.02 37.02 37.02 37.03 37.03 37.03 37.03 37.04 37.04 37.04 37.05 37.05 37.07 37.09 37.13 37.25 37.4 37.61 38.02 38.3 38.44 38.67 39.33 40.05
37.12 37.15 37.15 37.13 37.08 37.04 37.05 37.11 37.14 37.14 37.14 37.14 37.14 37.14 37.13 37.13 37.13 37.13 37.13 37.13 37.12 37.12 37.11 37.09 37.08 37.08 37.09 37.07 37.02 36.98 36.93 36.95 36.96 36.97 36.98 36.99 37 37.01 37.01 36.99 36.98 36.98 36.98 36.98 36.99 36.99 36.99 36.99 36.99 37 37 37.01 37.01 37.01 37.01 37.02 37.02 37.02 37.02 37.03 37.03 37.03 37.03 37.04 37.04 37.05 37.07 37.1 37.14 37.23 37.32 37.53 37.97 38.27 38.41 38.64 39.29 40.01
37.11 37.15 37.15 37.13 37.08 37.04 37.05 37.11 37.15 37.14 37.14 37.14 37.14 37.13 37.13 37.13 37.13 37.13 37.13 37.13 37.12 37.12 37.11 37.1 37.09 37.09 37.09 37.08 37.03 36.99 36.93 36.93 36.95 36.96 36.97 36.98 37 37 37 37 36.99 36.98 36.98 36.98 36.98 36.98 36.99 36.99 36.99 36.99 37 37 37 37.01 37.01 37.01 37.01 37.02 37.02 37.02 37.02 37.03 37.03 37.03 37.03 37.06 37.09 37.12 37.15 37.21 37.29 37.52 37.97 38.27 38.4 38.62 39.25 39.96
37.1 37.14 37.15 37.13 37.08 37.04 37.06 37.11 37.14 37.14 37.14 37.14 37.13 37.13 37.13 37.13 37.13 37.13 37.13 37.12 37.12 37.12 37.11 37.1 37.09 37.09 37.1 37.09 37.05 37 36.94 36.93 36.95 36.95 36.96 36.97 36.98 36.99 37 37 36.99 36.98 36.97 36.97 36.98 36.98 36.98 36.98 36.98 36.99 36.99 36.99 36.99 37 37 37 37 37.01 37.01 37.02 37.02 37.02 37.02 37.02 37.03 37.07 37.1 37.13 37.15 37.2 37.3 37.55 38 38.29 38.43 38.64 39.21 39.9
37.09 37.14 37.14 37.13 37.09 37.05 37.06 37.11 37.14 37.14 37.14 37.14 37.13 37.13 37.13 37.13 37.13 37.13 37.13 37.12 37.12 37.12 37.12 37.1 37.09 37.09 37.09 37.1 37.06 37.02 36.94 36.91 36.93 36.94 36.95 36.97 36.97 36.98 36.99 37 36.99 36.98 36.97 36.97 36.97 36.98 36.98 36.98 36.98 36.98 36.99 36.99 36.99 36.99 37 37 37 37 37 37.01 37.01 37.01 37.02 37.02 37.04 37.08 37.11 37.13 37.14 37.2 37.33 37.59 38.02 38.28 38.43 38.63 39.16 39.81
37.08 37.13 37.14 37.14 37.09 37.05 37.07 37.11 37.14 37.14 37.14 37.14 37.13 37.13 37.13 37.13 37.13 37.13 37.12 37.12 37.12 37.12 37.12 37.11 37.1 37.09 37.1 37.11 37.08 37.03 36.95 36.9 36.91 36.93 36.95 36.96 36.96 36.97 36.98 36.99 36.99 36.98 36.97 36.96 36.97 36.97 36.97 36.97 36.97 36.98 36.98 36.98 36.98 36.98 36.99 36.99 36.99 36.99 37 37 37.01 37.01 37.02 37.02 37.04 37.09 37.12 37.13 37.12 37.21 37.37 37.63 38.05 38.28 38.4 38.56 39.06 39.63
37.07 37.13 37.14 37.14 37.1 37.06 37.07 37.12 37.14 37.15 37.14 37.13 37.13 37.13 37.13 37.13 37.13 37.13 37.12 37.12 37.12 37.12 37.12 37.11 37.1 37.09 37.1 37.11 37.1 37.05 36.96 36.9 36.9 36.92 36.94 36.95 36.95 36.96 36.97 36.98 36.98 36.98 36.97 36.96 36.96 36.96 36.96 36.97 36.97 36.97 36.98 36.98 36.98 36.98 36.98 36.98 36.99 36.99 36.99 36.99 37 37.01 37.01 37.02 37.05 37.1 37.12 37.12 37.12 37.21 37.36 37.62 38.05 38.26 38.35 38.52 38.97 39.45
37.06 37.13 37.14 37.14 37.11 37.09 37.08 37.12 37.14 37.15 37.14 37.13 37.13 37.13 37.13 37.13 37.13 37.13 37.12 37.12 37.12 37.12 37.12 37.11 37.1 37.09 37.09 37.12 37.11 37.06 36.98 36.92 36.91 36.91 36.93 36.93 36.94 36.94 36.95 36.96 36.97 36.98 36.97 36.96 36.95 36.95 36.96 36.96 36.96 36.97 36.97 36.98 36.98 36.98 36.98 36.98 36.98 36.99 36.99 36.99 36.99 37 37.01 37.02 37.06 37.09 37.1 37.11 37.12 37.18 37.31 37.6 38.03 38.23 38.33 38.53 38.94 39.35
37.04 37.1 37.13 37.13 37.12 37.09 37.08 37.12 37.14 37.14 37.13 37.13 37.13 37.13 37.13 37.13 37.13 37.13 37.12 37.12 37.12 37.12 37.12 37.11 37.1 37.09 37.09 37.11 37.12 37.08 37 36.94 36.92 36.9 36.91 36.92 36.92 36.93 36.94 36.95 36.96 36.97 36.97 36.96 36.95 36.95 36.95 36.95 36.96 36.97 36.97 36.97 36.97 36.98 36.98 36.98 36.98 36.98 36.99 36.99 36.99 37 37.01 37.03 37.07 37.09 37.09 37.1 37.11 37.12 37.23 37.57 38.01 38.22 38.33 38.54 38.91 39.29
37.02 37.06 37.12 37.13 37.12 37.09 37.08 37.12 37.14 37.14 37.13 37.13 37.13 37.13 37.13 37.13 37.13 37.12 37.12 37.12 37.12 37.12 37.12 37.11 37.11 37.1 37.09 37.08 37.11 37.1 37.02 36.96 36.93 36.89 36.89 36.91 36.91 36.92 36.93 36.94 36.95 36.96 36.97 36.97 36.96 36.95 36.95 36.95 36.95 36.96 36.96 36.97 36.97 36.97 36.97 36.98 36.98 36.98 36.98 36.98 36.99 37 37.02 37.04 37.07 37.08 37.08 37.1 37.1 37.07 37.17 37.52 37.98 38.2 38.31 38.51 38.85 39.19
37.02 37.05 37.11 37.13 37.12 37.1 37.08 37.12 37.14 37.14 37.13 37.13 37.13 37.13 37.13 37.13 37.12 37.12 37.12 37.12 37.12 37.12 37.11 37.11 37.11 37.1 37.08 37.07 37.1 37.11 37.04 36.98 36.93 36.88 36.88 36.9 36.9 36.91 36.92 36.93 36.94 36.95 36.96 36.96 36.96 36.95 36.95 36.95 36.95 36.95 36.96 36.96 36.96 36.97 36.97 36.97 36.97 36.98 36.98 36.98 36.98 37 37.02 37.05 37.07 37.07 37.09 37.1 37.08 37.04 37.12 37.46 37.94 38.18 38.27 38.46 38.78 39.1
37.03 37.05 37.11 37.14 37.13 37.1 37.09 37.12 37.14 37.13 37.13 37.13 37.13 37.13 37.13 37.12 37.12 37.12 37.12 37.12 37.12 37.12 37.11 37.11 37.11 37.1 37.09 37.08 37.1 37.12 37.05 37 36.95 36.89 36.88 36.89 36.89 36.9 36.91 36.92 36.93 36.94 36.95 36.95 36.95 36.95 36.94 36.94 36.95 36.95 36.95 36.95 36.96 36.96 36.96 36.97 36.97 36.97 36.97 36.98 36.98 37 37.02 37.05 37.07 37.09 37.1 37.08 37.04 37.01 37.07 37.39 37.88 38.14 38.25 38.44 38.75 39.06
37.03 37.05 37.09 37.13 37.13 37.1 37.09 37.12 37.14 37.13 37.13 37.13 37.13 37.13 37.13 37.12 37.12 37.12 37.12 37.12 37.12 37.11 37.11 37.11 37.11 37.1 37.09 37.08 37.1 37.12 37.07 37.01 36.96 36.89 36.86 36.87 36.88 36.89 36.9 36.91 36.92 36.93 36.94 36.94 36.95 36.94 36.94 36.94 36.94 36.94 36.95 36.95 36.95 36.95 36.96 36.96 36.96 36.97 36.97 36.97 36.99 37.01 37.02 37.05 37.08 37.1 37.09 37.04 37 36.99 37.03 37.3 37.81 38.09 38.23 38.47 38.75 39.02
37.04 37.05 37.09 37.13 37.13 37.11 37.09 37.12 37.14 37.13 37.13 37.13 37.13 37.13 37.12 37.12 37.12 37.12 37.12 37.12 37.12 37.11 37.11 37.11 37.11 37.1 37.09 37.08 37.1 37.12 37.09 37.03 36.98 36.9 36.84 36.85 36.87 36.88 36.9 36.9 36.91 36.92 36.93 36.93 36.94 36.94 36.93 36.93 36.94 36.94 36.94 36.94 36.95 36.95 36.95 36.95 36.96 36.96 36.96 36.96 36.99 37.02 37.03 37.06 37.09 37.09 37.06 37.02 37 36.99 36.99 37.23 37.76 38.07 38.21 38.46 38.76 39.01
37.04 37.05 37.08 37.13 37.14 37.11 37.1 37.13 37.14 37.13 37.13 37.13 37.13 37.13 37.12 37.12 37.12 37.12 37.12 37.12 37.12 37.11 37.11 37.11 37.11 37.11 37.09 37.08 37.1 37.12 37.11 37.06 37 36.91 36.85 36.85 36.86 36.88 36.89 36.89 36.9 36.91 36.92 36.92 36.93 36.94 36.93 36.93 36.93 36.93 36.93 36.93 36.94 36.94 36.95 36.95 36.95 36.95 36.95 36.97 37 37.02 37.04 37.07 37.09 37.07 37.04 37.02 37.01 37 36.97 37.18 37.73 38.05 38.18 38.41 38.67 38.92
37.06 37.05 37.07 37.12 37.13 37.11 37.1 37.13 37.14 37.13 37.13 37.13 37.13 37.12 37.12 37.12 37.12 37.12 37.12 37.12 37.12 37.11 37.11 37.11 37.11 37.11 37.09 37.08 37.09 37.12 37.13 37.09 37.01 36.92 36.87 36.85 36.85 36.87 36.88 36.88 36.89 36.9 36.91 36.91 36.92 36.94 36.93 36.93 36.92 36.93 36.93 36.93 36.93 36.93 36.94 36.94 36.94 36.95 36.95 36.97 37 37.01 37.04 37.08 37.07 37.03 37.03 37.02 37.02 37 36.97 37.15 37.62 37.96 38.16 38.37 38.55 38.76
37.07 37.06 37.07 37.12 37.13 37.11 37.1 37.13 37.14 37.13 37.13 37.13 37.13 37.12 37.12 37.12 37.12 37.12 37.12 37.12 37.11 37.11 37.11 37.11 37.11 37.11 37.1 37.09 37.09 37.12 37.14 37.11 37.02 36.94 36.88 36.85 36.84 36.86 36.87 36.87 36.88 36.89 36.89 36.9 36.91 36.92 36.93 36.93 36.92 36.92 36.92 36.92 36.92 36.93 36.94 36.94 36.94 36.95 36.95 36.97 37.01 37.03 37.06 37.08 37.05 37.03 37.03 37.03 37.03 37.01 37 37.16 37.47 37.75 38.12 38.37 38.52 38.72
37.08 37.07 37.07 37.11 37.13 37.11 37.1 37.13 37.14 37.13 37.13 37.13 37.13 37.12 37.12 37.12 37.12 37.12 37.12 37.11 37.11 37.11 37.11 37.11 37.11 37.11 37.1 37.09 37.09 37.13 37.16 37.13 37.04 36.96 36.9 36.86 36.83 36.84 36.85 36.86 36.86 36.87 36.88 36.89 36.9 36.91 36.92 36.92 36.92 36.91 36.91 36.92 36.92 36.92 36.93 36.93 36.94 36.94 36.95 36.98 37.03 37.08 37.08 37.06 37.04 37.04 37.04 37.04 37.04 37.03 37.05 37.19 37.37 37.62 38.07 38.37 38.53 38.73
37.1 37.07 37.07 37.1 37.12 37.11 37.1 37.13 37.13 37.13 37.13 37.13 37.13 37.12 37.12 37.12 37.12 37.12 37.11 37.11 37.11 37.11 37.11 37.11 37.11 37.1 37.1 37.1 37.09 37.12 37.16 37.14 37.07 36.98 36.92 36.88 36.83 36.82 36.84 36.84 36.85 36.86 36.87 36.88 36.89 36.9 36.91 36.91 36.91 36.91 36.91 36.91 36.92 36.92 36.92 36.92 36.93 36.94 36.95 36.99 37.05 37.09 37.08 37.05 37.05 37.06 37.05 37.05 37.05 37.05 37.08 37.22 37.35 37.6 38.06 38.37 38.53 38.74
37.11 37.08 37.07 37.09 37.11 37.11 37.1 37.13 37.13 37.13 37.13 37.13 37.12 37.12 37.12 37.12 37.12 37.12 37.11 37.11 37.11 37.11 37.11 37.11 37.1 37.1 37.1 37.1 37.09 37.11 37.16 37.15 37.09 37 36.94 36.9 36.83 36.82 36.83 36.83 36.84 36.85 36.86 36.87 36.88 36.89 36.9 36.9 36.91 36.91 36.91 36.91 36.91 36.92 36.92 36.92 36.93 36.94 36.96 37.01 37.07 37.08 37.07 37.06 37.07 37.07 37.07 37.06 37.06 37.05 37.08 37.23 37.37 37.62 38.08 38.37 38.55 38.76
37.12 37.09 37.07 37.08 37.1 37.11 37.11 37.13 37.13 37.13 37.13 37.12 37.12 37.12 37.12 37.12 37.12 37.12 37.11 37.11 37.11 37.11 37.11 37.11 37.1 37.1 37.1 37.1 37.09 37.11 37.15 37.15 37.1 37.01 36.95 36.91 36.84 36.81 36.82 36.82 36.83 36.84 36.85 36.86 36.87 36.88 36.89 36.89 36.9 36.91 36.91 36.91 36.91 36.91 36.91 36.92 36.93 36.95 36.97 37.03 37.08 37.08 37.06 37.07 37.08 37.08 37.07 37.05 37.04 37.02 37.04 37.23 37.43 37.69 38.11 38.36 38.54 38.77
37.12 37.1 37.08 37.07 37.09 37.11 37.11 37.13 37.13 37.13 37.12 37.12 37.12 37.12 37.12 37.12 37.12 37.11 37.11 37.11 37.11 37.11 37.11 37.11 37.1 37.1 37.1 37.1 37.09 37.1 37.14 37.15 37.12 37.04 36.98 36.93 36.85 36.8 36.8 36.81 36.82 36.83 36.84 36.85 36.86 36.88 36.88 36.88 36.89 36.9 36.9 36.9 36.91 36.91 36.91 36.91 36.93 36.95 36.99 37.06 37.08 37.07 37.08 37.09 37.09 37.08 37.06 37.03 37 36.96 36.97 37.25 37.56 37.8 38.14 38.36 38.53 38.77
37.13 37.11 37.08 37.07 37.1 37.11 37.11 37.13 37.13 37.13 37.12 37.12 37.12 37.12 37.12 37.12 37.11 37.11 37.11 37.11 37.11 37.11 37.11 37.1 37.1 37.1 37.1 37.1 37.09 37.1 37.13 37.15 37.13 37.07 37.02 36.94 36.86 36.81 36.79 36.8 36.81 36.83 36.83 36.84 36.85 36.86 36.86 36.87 36.89 36.9 36.9 36.9 36.9 36.9 36.91 36.92 36.94 36.97 37.03 37.08 37.08 37.1 37.11 37.1 37.08 37.07 37.04 37 36.96 36.9 36.94 37.31 37.67 37.88 38.17 38.37 38.54 38.77
37.13 37.11 37.09 37.08 37.1 37.11 37.1 37.12 37.13 37.12 37.12 37.12 37.12 37.12 37.12 37.12 37.11 37.11 37.11 37.11 37.11 37.11 37.11 37.1 37.1 37.1 37.1 37.1 37.1 37.09 37.11 37.14 37.14 37.09 37.04 36.95 36.87 36.82 36.8 36.79 36.81 36.82 36.82 36.83 36.84 36.85 36.85 36.86 36.88 36.89 36.89 36.9 36.9 36.9 36.9 36.93 36.98 37.02 37.07 37.1 37.11 37.13 37.12 37.09 37.06 37.05 37.04 36.98 36.9 36.87 36.98 37.4 37.75 37.93 38.21 38.39 38.53 38.78
