slabs/57.grd
DSAA
631 301
645150 645780
4947800 4948100
36.67 45.31
[rows 238 to 271 of 300, columns 546 to 623 of 631]
39.56 39.6 39.64 39.64 39.65 39.65 39.63 39.62 39.59 39.55 39.56 39.56 39.55 39.55 39.55 39.55 39.55 39.55 39.56 39.57 39.57 39.57 39.59 39.57 39.54 39.52 39.5 39.5 39.52 39.52 39.52 39.5 39.47 39.47 39.48 39.5 39.52 39.52 39.52 39.52 39.52 39.54 39.55 39.55 39.56 39.58 39.57 39.53 39.52 39.54 39.52 39.47 39.42 39.28 39.19 39.3 39.41 39.42 39.44 39.49 39.53 39.6 39.68 39.67 39.63 39.65 39.7 39.71 39.68 39.66 39.64 39.64 39.65 39.64 39.6 39.58 39.6 39.62
39.59 39.61 39.65 39.65 39.64 39.64 39.63 39.63 39.61 39.57 39.57 39.57 39.56 39.56 39.55 39.54 39.55 39.57 39.57 39.57 39.58 39.59 39.6 39.59 39.56 39.53 39.51 39.51 39.53 39.53 39.52 39.49 39.48 39.49 39.48 39.48 39.5 39.52 39.51 39.51 39.51 39.52 39.53 39.54 39.56 39.59 39.57 39.54 39.53 39.53 39.52 39.48 39.44 39.36 39.22 39.26 39.39 39.41 39.43 39.46 39.48 39.56 39.67 39.67 39.65 39.66 39.68 39.69 39.71 39.71 39.68 39.64 39.65 39.64 39.58 39.54 39.58 39.64
39.6 39.63 39.65 39.65 39.63 39.64 39.65 39.64 39.62 39.6 39.58 39.59 39.58 39.58 39.57 39.55 39.55 39.58 39.59 39.59 39.59 39.6 39.6 39.6 39.58 39.56 39.55 39.54 39.55 39.56 39.53 39.49 39.49 39.5 39.5 39.48 39.48 39.51 39.51 39.51 39.51 39.52 39.53 39.53 39.55 39.58 39.58 39.56 39.55 39.54 39.53 39.51 39.48 39.39 39.24 39.26 39.38 39.4 39.41 39.45 39.46 39.54 39.64 39.65 39.66 39.66 39.64 39.66 39.73 39.74 39.69 39.62 39.64 39.68 39.6 39.53 39.56 39.63
39.59 39.63 39.64 39.63 39.62 39.64 39.66 39.65 39.64 39.63 39.61 39.6 39.59 39.59 39.6 39.57 39.55 39.57 39.58 39.59 39.6 39.6 39.61 39.61 39.57 39.55 39.55 39.55 39.56 39.55 39.53 39.52 39.51 39.49 39.49 39.5 39.5 39.5 39.51 39.52 39.53 39.52 39.53 39.54 39.54 39.57 39.59 39.57 39.55 39.54 39.54 39.54 39.51 39.44 39.28 39.24 39.35 39.38 39.39 39.43 39.46 39.51 39.58 39.62 39.64 39.64 39.63 39.64 39.7 39.72 39.68 39.62 39.65 39.71 39.65 39.58 39.58 39.61
39.58 39.62 39.63 39.64 39.63 39.64 39.66 39.67 39.67 39.66 39.63 39.62 39.6 39.6 39.59 39.57 39.56 39.57 39.58 39.59 39.6 39.59 39.59 39.6 39.57 39.53 39.54 39.55 39.55 39.54 39.53 39.52 39.52 39.51 39.5 39.5 39.51 39.51 39.52 39.54 39.56 39.55 39.54 39.54 39.54 39.56 39.59 39.57 39.55 39.54 39.53 39.53 39.52 39.47 39.28 39.12 39.16 39.25 39.35 39.41 39.44 39.47 39.55 39.63 39.65 39.65 39.66 39.66 39.67 39.69 39.68 39.67 39.68 39.7 39.67 39.62 39.6 39.6
39.57 39.61 39.63 39.65 39.65 39.65 39.68 39.69 39.69 39.67 39.64 39.64 39.63 39.59 39.56 39.57 39.58 39.58 39.58 39.58 39.6 39.6 39.59 39.58 39.56 39.53 39.52 39.53 39.54 39.54 39.54 39.52 39.52 39.52 39.49 39.48 39.51 39.51 39.52 39.55 39.57 39.56 39.55 39.55 39.55 39.56 39.58 39.58 39.57 39.55 39.52 39.52 39.52 39.49 39.3 38.99 38.89 39.04 39.3 39.39 39.4 39.45 39.55 39.64 39.66 39.66 39.66 39.67 39.66 39.66 39.68 39.7 39.71 39.71 39.67 39.65 39.63 39.63
39.56 39.6 39.62 39.65 39.67 39.68 39.71 39.71 39.69 39.68 39.66 39.65 39.63 39.59 39.56 39.57 39.58 39.58 39.57 39.59 39.61 39.61 39.6 39.6 39.58 39.54 39.53 39.54 39.55 39.57 39.56 39.53 39.52 39.52 39.5 39.49 39.51 39.5 39.51 39.53 39.54 39.55 39.53 39.52 39.54 39.56 39.6 39.62 39.61 39.58 39.53 39.52 39.52 39.52 39.38 38.98 38.69 38.89 39.24 39.38 39.4 39.48 39.57 39.6 39.63 39.68 39.67 39.65 39.64 39.64 39.68 39.7 39.72 39.73 39.69 39.67 39.66 39.66
39.55 39.59 39.61 39.64 39.67 39.68 39.69 39.69 39.68 39.67 39.66 39.64 39.62 39.6 39.58 39.58 39.59 39.58 39.59 39.6 39.61 39.62 39.62 39.61 39.6 39.58 39.57 39.56 39.56 39.56 39.56 39.54 39.53 39.54 39.52 39.5 39.51 39.5 39.51 39.54 39.55 39.55 39.52 39.5 39.53 39.56 39.62 39.64 39.63 39.59 39.53 39.53 39.54 39.53 39.42 39.07 38.74 38.84 39.23 39.39 39.43 39.51 39.58 39.6 39.62 39.67 39.66 39.65 39.63 39.61 39.64 39.67 39.68 39.72 39.72 39.69 39.68 39.67
39.56 39.58 39.6 39.62 39.65 39.66 39.66 39.67 39.68 39.66 39.66 39.65 39.62 39.61 39.59 39.6 39.59 39.57 39.58 39.6 39.61 39.62 39.62 39.62 39.62 39.61 39.6 39.57 39.56 39.55 39.56 39.55 39.53 39.53 39.53 39.51 39.51 39.51 39.53 39.55 39.58 39.57 39.54 39.52 39.53 39.56 39.61 39.62 39.6 39.59 39.55 39.53 39.54 39.53 39.42 39.23 38.96 38.88 39.22 39.38 39.41 39.49 39.58 39.59 39.6 39.61 39.62 39.64 39.63 39.61 39.62 39.65 39.65 39.69 39.74 39.73 39.71 39.68
39.56 39.57 39.61 39.63 39.65 39.65 39.64 39.66 39.67 39.66 39.67 39.66 39.64 39.64 39.63 39.61 39.6 39.58 39.6 39.61 39.61 39.63 39.62 39.62 39.63 39.63 39.61 39.58 39.57 39.56 39.56 39.56 39.52 39.52 39.54 39.53 39.53 39.54 39.55 39.55 39.57 39.57 39.57 39.55 39.54 39.56 39.6 39.6 39.6 39.59 39.57 39.53 39.51 39.52 39.45 39.31 39.07 38.88 39.15 39.35 39.39 39.47 39.56 39.59 39.59 39.57 39.58 39.62 39.62 39.61 39.6 39.6 39.62 39.66 39.71 39.73 39.73 39.7
39.56 39.57 39.62 39.63 39.65 39.65 39.65 39.66 39.68 39.67 39.68 39.68 39.66 39.65 39.64 39.62 39.61 39.62 39.62 39.63 39.62 39.63 39.62 39.62 39.63 39.64 39.61 39.59 39.6 39.58 39.56 39.56 39.56 39.56 39.54 39.54 39.56 39.56 39.56 39.55 39.56 39.58 39.59 39.58 39.58 39.59 39.61 39.63 39.62 39.6 39.57 39.54 39.52 39.52 39.5 39.44 39.22 38.9 39.03 39.29 39.36 39.46 39.56 39.6 39.59 39.57 39.57 39.62 39.62 39.61 39.57 39.56 39.58 39.62 39.65 39.68 39.7 39.66
39.58 39.59 39.61 39.64 39.66 39.67 39.67 39.67 39.71 39.72 39.72 39.71 39.68 39.66 39.64 39.62 39.61 39.63 39.63 39.63 39.62 39.61 39.62 39.63 39.63 39.64 39.63 39.61 39.6 39.59 39.57 39.59 39.6 39.58 39.54 39.54 39.57 39.57 39.57 39.59 39.6 39.59 39.59 39.59 39.6 39.61 39.62 39.62 39.61 39.59 39.58 39.56 39.54 39.52 39.53 39.5 39.29 38.91 38.91 39.17 39.29 39.45 39.56 39.61 39.6 39.58 39.58 39.63 39.64 39.62 39.58 39.57 39.59 39.61 39.6 39.62 39.68 39.65
39.59 39.6 39.62 39.64 39.66 39.69 39.69 39.69 39.73 39.75 39.74 39.72 39.68 39.66 39.64 39.62 39.62 39.64 39.63 39.63 39.64 39.62 39.62 39.64 39.64 39.64 39.65 39.63 39.6 39.58 39.59 39.6 39.58 39.56 39.54 39.55 39.56 39.57 39.59 39.6 39.6 39.58 39.57 39.59 39.61 39.61 39.6 39.59 39.59 39.6 39.59 39.59 39.56 39.53 39.53 39.51 39.34 38.95 38.83 39.02 39.19 39.42 39.54 39.59 39.6 39.59 39.58 39.6 39.64 39.65 39.59 39.59 39.62 39.64 39.63 39.65 39.69 39.68
39.6 39.62 39.63 39.64 39.66 39.69 39.7 39.71 39.73 39.74 39.72 39.69 39.67 39.67 39.66 39.64 39.63 39.63 39.63 39.63 39.65 39.64 39.63 39.66 39.66 39.65 39.64 39.64 39.62 39.6 39.58 39.58 39.58 39.57 39.57 39.57 39.58 39.58 39.59 39.59 39.59 39.57 39.57 39.59 39.59 39.58 39.58 39.59 39.6 39.61 39.61 39.61 39.58 39.54 39.54 39.52 39.4 39.04 38.78 38.88 39.06 39.34 39.49 39.57 39.59 39.58 39.55 39.55 39.6 39.66 39.62 39.6 39.63 39.66 39.67 39.67 39.66 39.64
39.6 39.61 39.62 39.64 39.67 39.7 39.71 39.72 39.73 39.75 39.72 39.69 39.68 39.67 39.66 39.64 39.62 39.63 39.64 39.64 39.63 39.63 39.63 39.66 39.66 39.64 39.63 39.64 39.64 39.63 39.6 39.57 39.58 39.58 39.57 39.58 39.59 39.59 39.59 39.59 39.59 39.58 39.58 39.59 39.58 39.56 39.58 39.61 39.62 39.62 39.62 39.61 39.59 39.56 39.56 39.54 39.45 39.11 38.79 38.82 38.99 39.29 39.45 39.54 39.59 39.58 39.54 39.53 39.57 39.66 39.66 39.63 39.61 39.64 39.66 39.65 39.63 39.61
39.59 39.57 39.59 39.63 39.67 39.7 39.71 39.71 39.72 39.75 39.73 39.72 39.71 39.68 39.66 39.64 39.61 39.63 39.66 39.65 39.64 39.63 39.64 39.66 39.65 39.63 39.63 39.65 39.64 39.62 39.61 39.6 39.61 39.6 39.56 39.56 39.57 39.58 39.59 39.59 39.59 39.58 39.58 39.6 39.59 39.57 39.58 39.61 39.61 39.61 39.61 39.61 39.59 39.56 39.56 39.55 39.48 39.19 38.89 38.85 38.99 39.27 39.42 39.49 39.58 39.58 39.56 39.54 39.56 39.66 39.68 39.63 39.58 39.63 39.67 39.66 39.61 39.6
39.59 39.57 39.6 39.64 39.67 39.68 39.69 39.71 39.73 39.73 39.73 39.72 39.72 39.71 39.67 39.65 39.62 39.63 39.66 39.64 39.63 39.63 39.65 39.67 39.66 39.66 39.65 39.65 39.63 39.63 39.62 39.62 39.63 39.6 39.55 39.54 39.54 39.55 39.57 39.57 39.58 39.58 39.58 39.59 39.59 39.59 39.59 39.59 39.59 39.6 39.61 39.6 39.59 39.56 39.56 39.57 39.52 39.3 39.04 38.9 38.94 39.24 39.41 39.46 39.53 39.57 39.58 39.57 39.58 39.66 39.71 39.65 39.59 39.61 39.65 39.64 39.6 39.59
39.59 39.59 39.61 39.64 39.66 39.67 39.68 39.72 39.73 39.73 39.75 39.74 39.72 39.71 39.68 39.66 39.64 39.65 39.66 39.63 39.61 39.63 39.66 39.67 39.67 39.68 39.68 39.65 39.64 39.64 39.64 39.63 39.63 39.6 39.56 39.55 39.55 39.56 39.58 39.58 39.58 39.58 39.59 39.59 39.59 39.6 39.59 39.58 39.59 39.6 39.61 39.6 39.59 39.56 39.56 39.57 39.54 39.37 39.16 38.93 38.84 39.18 39.4 39.44 39.49 39.57 39.62 39.61 39.6 39.68 39.74 39.7 39.62 39.6 39.61 39.62 39.6 39.58
39.6 39.59 39.6 39.62 39.64 39.66 39.68 39.7 39.71 39.72 39.75 39.75 39.73 39.72 39.69 39.67 39.66 39.65 39.65 39.63 39.61 39.63 39.65 39.66 39.68 39.69 39.68 39.67 39.66 39.64 39.64 39.63 39.62 39.6 39.58 39.57 39.57 39.57 39.59 39.59 39.58 39.59 39.6 39.61 39.6 39.6 39.59 39.58 39.59 39.61 39.62 39.62 39.6 39.58 39.56 39.57 39.55 39.42 39.27 38.99 38.79 39.14 39.38 39.44 39.48 39.58 39.67 39.64 39.6 39.66 39.74 39.72 39.64 39.58 39.59 39.63 39.63 39.61
39.6 39.59 39.6 39.61 39.63 39.66 39.69 39.71 39.72 39.72 39.73 39.75 39.75 39.74 39.7 39.68 39.68 39.67 39.65 39.63 39.62 39.63 39.64 39.66 39.69 39.69 39.67 39.66 39.66 39.65 39.64 39.65 39.63 39.6 39.58 39.57 39.57 39.57 39.58 39.6 39.58 39.58 39.61 39.61 39.62 39.62 39.61 39.61 39.61 39.61 39.6 39.61 39.6 39.58 39.56 39.57 39.56 39.46 39.36 39.09 38.82 39.11 39.37 39.43 39.48 39.58 39.67 39.63 39.59 39.64 39.7 39.7 39.65 39.58 39.59 39.62 39.64 39.63
39.6 39.6 39.6 39.62 39.65 39.67 39.69 39.72 39.75 39.74 39.73 39.74 39.75 39.74 39.7 39.69 39.7 39.69 39.67 39.65 39.64 39.63 39.65 39.68 39.7 39.69 39.64 39.62 39.64 39.65 39.65 39.66 39.64 39.61 39.58 39.55 39.56 39.58 39.59 39.62 39.61 39.6 39.61 39.61 39.61 39.61 39.6 39.6 39.61 39.61 39.61 39.6 39.6 39.58 39.56 39.56 39.56 39.49 39.42 39.17 38.86 39.06 39.35 39.41 39.45 39.53 39.59 39.58 39.58 39.62 39.66 39.68 39.66 39.63 39.6 39.58 39.59 39.61
39.62 39.61 39.59 39.6 39.63 39.65 39.67 39.72 39.74 39.74 39.74 39.73 39.73 39.72 39.7 39.72 39.73 39.72 39.7 39.68 39.67 39.64 39.67 39.71 39.71 39.69 39.64 39.61 39.63 39.65 39.63 39.64 39.64 39.62 39.59 39.57 39.57 39.58 39.59 39.63 39.62 39.62 39.61 39.61 39.61 39.59 39.58 39.58 39.6 39.61 39.62 39.61 39.61 39.6 39.58 39.58 39.56 39.51 39.46 39.24 38.89 38.97 39.26 39.33 39.4 39.46 39.51 39.55 39.58 39.59 39.62 39.67 39.67 39.67 39.63 39.56 39.56 39.61
39.63 39.62 39.58 39.58 39.61 39.63 39.67 39.7 39.72 39.74 39.74 39.73 39.72 39.72 39.71 39.73 39.74 39.73 39.7 39.69 39.68 39.66 39.67 39.71 39.7 39.68 39.66 39.63 39.65 39.66 39.64 39.64 39.64 39.62 39.59 39.57 39.57 39.58 39.58 39.59 39.59 39.6 39.6 39.6 39.61 39.6 39.58 39.58 39.59 39.6 39.62 39.61 39.6 39.6 39.6 39.59 39.58 39.55 39.51 39.32 38.94 38.86 39.08 39.21 39.37 39.43 39.48 39.54 39.58 39.57 39.6 39.66 39.69 39.69 39.66 39.57 39.57 39.64
39.63 39.62 39.59 39.59 39.59 39.62 39.67 39.7 39.72 39.73 39.73 39.73 39.74 39.73 39.73 39.73 39.73 39.71 39.68 39.66 39.67 39.67 39.67 39.68 39.67 39.66 39.66 39.65 39.67 39.68 39.66 39.65 39.64 39.62 39.6 39.59 39.58 39.59 39.58 39.58 39.59 39.6 39.6 39.6 39.61 39.61 39.62 39.6 39.59 39.61 39.62 39.61 39.6 39.6 39.6 39.59 39.58 39.56 39.54 39.4 39.02 38.78 38.89 39.14 39.36 39.42 39.46 39.53 39.57 39.55 39.57 39.64 39.71 39.72 39.67 39.58 39.58 39.63
39.65 39.64 39.61 39.61 39.6 39.62 39.67 39.7 39.72 39.72 39.73 39.74 39.74 39.74 39.75 39.74 39.73 39.71 39.68 39.66 39.66 39.66 39.66 39.68 39.67 39.67 39.68 39.68 39.68 39.68 39.66 39.64 39.63 39.61 39.6 39.59 39.59 39.59 39.6 39.6 39.61 39.62 39.61 39.6 39.6 39.61 39.62 39.61 39.59 39.6 39.61 39.61 39.61 39.6 39.59 39.59 39.58 39.56 39.54 39.44 39.13 38.81 38.85 39.12 39.33 39.4 39.44 39.52 39.57 39.58 39.58 39.62 39.69 39.73 39.68 39.58 39.58 39.64
39.65 39.65 39.63 39.63 39.63 39.63 39.65 39.68 39.69 39.72 39.74 39.75 39.75 39.74 39.75 39.74 39.73 39.72 39.7 39.67 39.66 39.64 39.64 39.67 39.68 39.69 39.71 39.71 39.71 39.69 39.66 39.64 39.63 39.62 39.61 39.6 39.59 39.59 39.6 39.6 39.61 39.62 39.6 39.59 39.59 39.6 39.61 39.59 39.58 39.59 39.6 39.61 39.61 39.6 39.59 39.59 39.59 39.58 39.57 39.5 39.22 38.89 38.85 39.03 39.28 39.38 39.43 39.52 39.61 39.66 39.64 39.6 39.66 39.75 39.71 39.61 39.57 39.6
39.63 39.64 39.65 39.64 39.66 39.65 39.65 39.68 39.68 39.7 39.74 39.74 39.73 39.72 39.74 39.75 39.73 39.71 39.69 39.66 39.66 39.65 39.63 39.64 39.67 39.71 39.71 39.7 39.71 39.7 39.66 39.65 39.65 39.63 39.6 39.59 39.59 39.6 39.6 39.59 39.59 39.6 39.58 39.57 39.6 39.6 39.6 39.59 39.58 39.61 39.62 39.62 39.61 39.58 39.59 39.61 39.61 39.6 39.59 39.52 39.24 38.86 38.77 38.94 39.25 39.37 39.41 39.51 39.64 39.72 39.67 39.59 39.64 39.73 39.71 39.63 39.55 39.57
39.62 39.63 39.65 39.65 39.66 39.65 39.66 39.7 39.69 39.69 39.73 39.74 39.73 39.72 39.74 39.76 39.73 39.7 39.69 39.67 39.67 39.66 39.63 39.62 39.65 39.7 39.7 39.69 39.69 39.69 39.68 39.67 39.66 39.64 39.6 39.6 39.61 39.62 39.62 39.61 39.59 39.6 39.6 39.59 39.6 39.59 39.57 39.58 39.59 39.6 39.62 39.62 39.61 39.6 39.61 39.62 39.6 39.58 39.56 39.5 39.23 38.88 38.78 38.92 39.25 39.36 39.41 39.5 39.61 39.71 39.67 39.6 39.61 39.67 39.69 39.65 39.56 39.56
39.61 39.63 39.64 39.64 39.64 39.64 39.64 39.67 39.67 39.69 39.73 39.73 39.72 39.72 39.73 39.73 39.72 39.71 39.7 39.69 39.68 39.66 39.63 39.61 39.64 39.68 39.7 39.69 39.68 39.68 39.69 39.68 39.66 39.64 39.62 39.62 39.62 39.62 39.63 39.62 39.61 39.61 39.6 39.6 39.62 39.6 39.56 39.57 39.59 39.58 39.6 39.61 39.61 39.62 39.63 39.62 39.6 39.59 39.57 39.49 39.24 38.92 38.79 38.91 39.26 39.34 39.38 39.46 39.55 39.65 39.66 39.61 39.57 39.61 39.67 39.67 39.61 39.6
39.59 39.61 39.64 39.63 39.63 39.64 39.65 39.65 39.66 39.7 39.72 39.72 39.73 39.73 39.72 39.7 39.7 39.71 39.7 39.7 39.68 39.65 39.63 39.62 39.64 39.67 39.69 39.68 39.67 39.68 39.71 39.69 39.65 39.64 39.64 39.63 39.62 39.6 39.58 39.6 39.61 39.6 39.59 39.6 39.61 39.6 39.57 39.57 39.59 39.6 39.6 39.59 39.59 39.61 39.62 39.62 39.61 39.61 39.6 39.53 39.28 38.97 38.83 38.91 39.25 39.34 39.36 39.4 39.46 39.55 39.63 39.61 39.55 39.58 39.65 39.67 39.66 39.67
39.58 39.61 39.63 39.62 39.63 39.65 39.66 39.67 39.67 39.68 39.7 39.71 39.72 39.74 39.73 39.72 39.71 39.71 39.71 39.71 39.69 39.66 39.65 39.65 39.65 39.66 39.67 39.67 39.67 39.68 39.7 39.69 39.66 39.64 39.63 39.63 39.64 39.59 39.55 39.58 39.61 39.6 39.6 39.6 39.6 39.59 39.57 39.57 39.59 39.61 39.6 39.58 39.6 39.62 39.62 39.62 39.6 39.6 39.59 39.56 39.35 39.08 38.9 38.88 39.18 39.33 39.35 39.37 39.4 39.48 39.59 39.59 39.55 39.58 39.64 39.68 39.7 39.7
39.59 39.61 39.64 39.62 39.61 39.62 39.64 39.67 39.68 39.68 39.69 39.71 39.73 39.75 39.75 39.75 39.73 39.72 39.72 39.71 39.69 39.67 39.66 39.66 39.65 39.65 39.66 39.66 39.68 39.69 39.69 39.69 39.68 39.63 39.62 39.63 39.64 39.61 39.58 39.6 39.61 39.59 39.59 39.6 39.61 39.61 39.59 39.58 39.59 39.6 39.58 39.56 39.6 39.62 39.63 39.62 39.6 39.59 39.59 39.57 39.44 39.24 39.03 38.88 39.07 39.26 39.35 39.35 39.36 39.43 39.53 39.54 39.53 39.57 39.63 39.66 39.67 39.67
39.6 39.61 39.63 39.62 39.6 39.6 39.61 39.64 39.65 39.66 39.69 39.72 39.73 39.75 39.76 39.76 39.75 39.72 39.7 39.69 39.68 39.67 39.66 39.65 39.64 39.64 39.66 39.67 39.69 39.7 39.68 39.67 39.65 39.63 39.63 39.63 39.63 39.62 39.61 39.62 39.61 39.59 39.59 39.6 39.62 39.62 39.59 39.57 39.58 39.58 39.56 39.56 39.59 39.61 39.61 39.6 39.58 39.59 39.58 39.58 39.53 39.43 39.22 38.95 38.9 39.09 39.33 39.35 39.34 39.38 39.46 39.51 39.54 39.57 39.6 39.6 39.62 39.65
39.6 39.61 39.6 39.6 39.6 39.6 39.61 39.62 39.62 39.64 39.68 39.73 39.74 39.76 39.78 39.78 39.76 39.73 39.7 39.69 39.68 39.67 39.66 39.65 39.65 39.65 39.65 39.67 39.69 39.69 39.67 39.67 39.65 39.64 39.64 39.63 39.62 39.62 39.62 39.63 39.62 39.6 39.59 39.58 39.6 39.6 39.58 39.56 39.58 39.58 39.56 39.56 39.58 39.6 39.6 39.59 39.58 39.57 39.57 39.57 39.57 39.54 39.39 39.06 38.78 38.95 39.28 39.33 39.34 39.37 39.44 39.53 39.58 39.59 39.58 39.6 39.66 39.69
