slabs/58.grd
DSAA
631 301
645150 645780
4948100 4948400
37.52 47.6
[rows 136 to 169 of 301, columns 390 to 467 of 631]
41.75 41.75 41.76 41.76 41.76 41.76 41.76 41.74 41.64 41.19 40.55 40.24 40.24 40.42 40.7 40.74 40.65 40.5 40.49 40.58 40.81 41.03 41.14 41.27 41.51 41.64 41.74 41.7 41.62 41.59 41.57 41.59 41.65 41.67 41.64 41.65 41.66 41.64 41.63 41.63 41.62 41.61 41.61 41.65 41.68 41.7 41.71 41.74 41.77 41.78 41.8 41.85 41.88 41.89 41.9 41.92 41.94 41.96 41.97 41.99 42.02 42.04 42.05 42.06 42.05 42.05 42.06 42.07 42.08 42.08 42.09 42.11 42.1 42.09 42.09 42.08 42.07 42.07
41.73 41.71 41.73 41.72 41.73 41.74 41.73 41.74 41.54 40.84 40.05 39.72 39.7 39.98 40.3 40.36 40.31 40.25 40.33 40.46 40.74 41.03 41.19 41.29 41.48 41.67 41.82 41.79 41.71 41.64 41.6 41.63 41.68 41.68 41.68 41.71 41.72 41.7 41.68 41.66 41.66 41.66 41.67 41.68 41.7 41.75 41.76 41.78 41.8 41.81 41.81 41.83 41.86 41.87 41.89 41.91 41.92 41.94 41.97 42 42.03 42.04 42.05 42.05 42.04 42.04 42.05 42.07 42.09 42.08 42.08 42.09 42.09 42.09 42.1 42.09 42.09 42.09
41.73 41.71 41.71 41.68 41.65 41.59 41.58 41.53 41.17 40.33 39.56 39.31 39.25 39.58 39.89 39.98 40.02 40.1 40.27 40.4 40.7 41.03 41.21 41.3 41.49 41.69 41.84 41.85 41.81 41.73 41.68 41.71 41.71 41.66 41.68 41.71 41.71 41.69 41.68 41.66 41.66 41.67 41.68 41.7 41.72 41.75 41.76 41.78 41.82 41.85 41.84 41.83 41.84 41.84 41.86 41.89 41.91 41.92 41.96 42.01 42.04 42.05 42.05 42.05 42.05 42.05 42.05 42.06 42.08 42.09 42.1 42.09 42.09 42.09 42.1 42.11 42.12 42.11
41.76 41.74 41.72 41.67 41.49 41.24 41.17 41.03 40.54 39.81 39.18 39.03 38.99 39.24 39.51 39.63 39.8 40.01 40.22 40.38 40.73 41.09 41.27 41.37 41.58 41.78 41.91 41.96 41.95 41.82 41.77 41.75 41.71 41.67 41.67 41.67 41.67 41.66 41.65 41.65 41.66 41.67 41.69 41.71 41.72 41.73 41.74 41.77 41.84 41.88 41.87 41.85 41.83 41.83 41.85 41.88 41.9 41.91 41.95 42 42.03 42.03 42.05 42.06 42.06 42.05 42.05 42.06 42.08 42.09 42.1 42.11 42.11 42.11 42.12 42.13 42.13 42.11
41.78 41.76 41.75 41.67 41.28 40.73 40.58 40.42 39.99 39.52 39.16 39.03 38.94 39.04 39.18 39.32 39.6 39.9 40.15 40.38 40.86 41.24 41.41 41.46 41.6 41.77 41.91 42.06 42.07 41.9 41.81 41.72 41.67 41.65 41.64 41.63 41.64 41.63 41.63 41.64 41.68 41.7 41.71 41.71 41.73 41.74 41.75 41.8 41.85 41.88 41.88 41.85 41.83 41.83 41.83 41.86 41.9 41.91 41.93 41.96 41.99 42 42.03 42.05 42.06 42.06 42.06 42.07 42.08 42.08 42.09 42.11 42.11 42.09 42.1 42.14 42.14 42.11
41.75 41.72 41.72 41.61 41.03 40.29 40.1 40.04 39.83 39.54 39.3 39.17 38.99 38.95 38.97 39.04 39.28 39.71 40.07 40.35 40.9 41.29 41.45 41.45 41.56 41.72 41.84 42.03 42.07 41.96 41.86 41.7 41.63 41.6 41.6 41.62 41.63 41.62 41.62 41.64 41.68 41.7 41.72 41.74 41.77 41.79 41.8 41.83 41.86 41.87 41.86 41.85 41.85 41.84 41.83 41.86 41.9 41.91 41.92 41.94 41.96 41.97 42 42.01 42.02 42.03 42.04 42.06 42.08 42.09 42.09 42.09 42.08 42.07 42.09 42.12 42.12 42.11
41.57 41.51 41.47 41.31 40.71 40.02 39.87 39.89 39.87 39.7 39.48 39.31 39.01 38.83 38.79 38.81 39.03 39.58 40.01 40.32 40.9 41.29 41.38 41.4 41.52 41.67 41.77 41.9 41.92 41.91 41.84 41.7 41.64 41.6 41.6 41.62 41.64 41.65 41.64 41.64 41.66 41.67 41.7 41.76 41.8 41.82 41.85 41.86 41.88 41.88 41.87 41.85 41.85 41.85 41.86 41.89 41.9 41.91 41.93 41.95 41.96 41.96 41.98 42.01 42.02 42.02 42.02 42.02 42.04 42.06 42.09 42.09 42.09 42.09 42.09 42.1 42.11 42.12
40.82 40.84 40.91 40.76 40.19 39.65 39.58 39.63 39.72 39.68 39.55 39.37 39 38.73 38.67 38.7 38.97 39.49 39.87 40.33 40.95 41.33 41.39 41.42 41.53 41.64 41.7 41.78 41.79 41.79 41.77 41.72 41.67 41.64 41.64 41.63 41.66 41.68 41.66 41.64 41.65 41.66 41.69 41.76 41.82 41.84 41.86 41.87 41.88 41.89 41.88 41.86 41.85 41.87 41.91 41.92 41.92 41.91 41.93 41.95 41.94 41.94 41.94 41.95 41.97 41.98 41.97 41.95 41.97 42.01 42.05 42.07 42.09 42.11 42.11 42.1 42.1 42.12
39.76 39.7 39.74 39.7 39.49 39.29 39.28 39.32 39.42 39.46 39.42 39.29 38.97 38.7 38.64 38.69 38.97 39.4 39.75 40.4 41.05 41.44 41.48 41.51 41.57 41.63 41.67 41.72 41.72 41.72 41.73 41.74 41.69 41.66 41.65 41.64 41.65 41.68 41.66 41.63 41.63 41.64 41.67 41.75 41.81 41.83 41.85 41.87 41.87 41.87 41.89 41.88 41.87 41.89 41.92 41.92 41.92 41.92 41.91 41.9 41.89 41.89 41.89 41.87 41.88 41.91 41.9 41.88 41.9 41.94 41.98 42.01 42.04 42.1 42.13 42.1 42.1 42.12
39.45 39.3 39.2 39.17 39.09 39.04 39.03 39.06 39.13 39.19 39.23 39.17 38.94 38.7 38.65 38.68 38.94 39.35 39.72 40.45 41.14 41.5 41.52 41.54 41.6 41.62 41.65 41.71 41.7 41.68 41.71 41.73 41.69 41.66 41.65 41.64 41.66 41.67 41.65 41.63 41.63 41.64 41.67 41.72 41.78 41.8 41.83 41.84 41.83 41.84 41.87 41.87 41.86 41.88 41.9 41.89 41.9 41.89 41.87 41.86 41.85 41.84 41.85 41.83 41.83 41.85 41.85 41.84 41.85 41.88 41.92 41.97 42.01 42.1 42.13 42.11 42.11 42.14
39.58 39.47 39.37 39.28 39.08 38.92 38.88 38.9 38.96 39.02 39.09 39.1 38.94 38.74 38.68 38.66 38.89 39.29 39.67 40.45 41.17 41.49 41.49 41.54 41.63 41.62 41.64 41.71 41.71 41.68 41.7 41.72 41.69 41.68 41.67 41.65 41.65 41.65 41.63 41.61 41.61 41.63 41.68 41.72 41.75 41.76 41.79 41.8 41.81 41.83 41.84 41.83 41.84 41.85 41.87 41.87 41.86 41.84 41.83 41.83 41.83 41.82 41.81 41.81 41.81 41.82 41.82 41.81 41.82 41.84 41.87 41.92 41.98 42.08 42.11 42.1 42.1 42.13
39.64 39.56 39.5 39.42 39.2 39 38.97 39.02 39.05 39.07 39.11 39.14 39.03 38.84 38.74 38.66 38.87 39.23 39.59 40.38 41.12 41.46 41.5 41.6 41.7 41.68 41.7 41.74 41.73 41.71 41.71 41.71 41.69 41.7 41.69 41.64 41.63 41.63 41.63 41.6 41.59 41.62 41.68 41.72 41.74 41.76 41.78 41.79 41.8 41.82 41.82 41.8 41.81 41.82 41.82 41.82 41.82 41.8 41.79 41.79 41.79 41.78 41.77 41.78 41.79 41.81 41.81 41.79 41.79 41.8 41.81 41.83 41.89 41.98 42.02 42.02 42.03 42.06
39.65 39.59 39.54 39.45 39.26 39.13 39.19 39.33 39.36 39.35 39.36 39.37 39.24 39.01 38.86 38.69 38.85 39.16 39.52 40.29 41 41.38 41.48 41.63 41.72 41.73 41.75 41.77 41.75 41.72 41.71 41.7 41.7 41.71 41.71 41.65 41.61 41.61 41.62 41.6 41.6 41.61 41.66 41.71 41.74 41.75 41.77 41.78 41.78 41.79 41.78 41.75 41.75 41.76 41.75 41.76 41.77 41.77 41.76 41.75 41.74 41.73 41.74 41.76 41.78 41.8 41.78 41.76 41.75 41.75 41.73 41.74 41.75 41.78 41.82 41.85 41.9 41.93
39.66 39.6 39.54 39.41 39.23 39.19 39.35 39.64 39.68 39.67 39.69 39.71 39.55 39.29 39.08 38.78 38.8 39.03 39.4 40.17 40.86 41.28 41.4 41.59 41.71 41.76 41.8 41.77 41.75 41.72 41.7 41.69 41.71 41.72 41.71 41.65 41.62 41.61 41.61 41.6 41.6 41.61 41.65 41.69 41.71 41.72 41.73 41.75 41.75 41.75 41.74 41.71 41.71 41.71 41.71 41.73 41.73 41.73 41.73 41.73 41.72 41.71 41.73 41.74 41.75 41.75 41.71 41.69 41.67 41.65 41.64 41.64 41.65 41.67 41.69 41.7 41.73 41.77
39.66 39.6 39.53 39.34 39.19 39.26 39.48 39.82 39.86 39.85 39.91 40.01 39.9 39.67 39.42 38.97 38.8 38.92 39.29 40.04 40.66 41.04 41.24 41.54 41.67 41.73 41.8 41.8 41.77 41.74 41.69 41.69 41.71 41.72 41.7 41.65 41.65 41.64 41.61 41.6 41.6 41.62 41.64 41.67 41.68 41.66 41.67 41.69 41.7 41.71 41.72 41.7 41.69 41.67 41.68 41.69 41.69 41.68 41.68 41.69 41.69 41.69 41.72 41.73 41.73 41.7 41.63 41.59 41.57 41.56 41.58 41.57 41.57 41.61 41.6 41.59 41.61 41.67
39.64 39.58 39.49 39.24 39.18 39.4 39.64 39.94 39.94 39.93 40.01 40.17 40.15 39.97 39.72 39.16 38.9 38.99 39.29 39.93 40.44 40.71 41.05 41.46 41.65 41.69 41.78 41.82 41.8 41.76 41.7 41.69 41.7 41.69 41.68 41.66 41.67 41.65 41.62 41.6 41.61 41.62 41.63 41.64 41.63 41.6 41.61 41.62 41.63 41.67 41.7 41.69 41.67 41.65 41.66 41.67 41.66 41.64 41.63 41.65 41.65 41.65 41.69 41.71 41.69 41.65 41.6 41.55 41.51 41.53 41.55 41.53 41.52 41.55 41.53 41.53 41.57 41.64
39.62 39.53 39.41 39.16 39.19 39.55 39.74 39.93 39.93 39.93 39.97 40.06 40.05 39.93 39.73 39.24 38.96 38.99 39.21 39.79 40.29 40.53 40.97 41.39 41.63 41.69 41.76 41.8 41.8 41.76 41.69 41.66 41.66 41.65 41.65 41.67 41.68 41.66 41.63 41.62 41.62 41.62 41.62 41.6 41.58 41.55 41.55 41.56 41.58 41.63 41.66 41.66 41.64 41.62 41.64 41.64 41.63 41.6 41.58 41.58 41.59 41.61 41.64 41.66 41.66 41.63 41.62 41.58 41.52 41.51 41.5 41.5 41.52 41.52 41.5 41.52 41.58 41.63
39.55 39.45 39.32 39.16 39.31 39.62 39.72 39.84 39.89 39.92 39.92 39.89 39.8 39.68 39.54 39.22 38.98 38.93 39.05 39.63 40.23 40.5 40.94 41.34 41.62 41.69 41.76 41.78 41.78 41.76 41.7 41.64 41.63 41.63 41.64 41.67 41.68 41.67 41.64 41.63 41.62 41.61 41.59 41.57 41.55 41.51 41.51 41.54 41.56 41.6 41.62 41.62 41.61 41.59 41.59 41.58 41.57 41.54 41.53 41.53 41.54 41.56 41.6 41.62 41.63 41.61 41.61 41.6 41.55 41.49 41.46 41.48 41.53 41.52 41.51 41.54 41.59 41.62
39.38 39.45 39.39 39.3 39.41 39.6 39.68 39.8 39.88 39.91 39.91 39.85 39.71 39.6 39.45 39.22 39.03 38.94 38.97 39.55 40.2 40.48 40.9 41.27 41.58 41.67 41.76 41.76 41.76 41.77 41.73 41.65 41.61 41.62 41.64 41.66 41.67 41.65 41.62 41.61 41.6 41.6 41.59 41.56 41.54 41.51 41.52 41.55 41.56 41.57 41.58 41.59 41.58 41.57 41.56 41.54 41.52 41.49 41.5 41.5 41.52 41.54 41.56 41.58 41.59 41.6 41.6 41.59 41.54 41.48 41.45 41.47 41.5 41.51 41.53 41.55 41.59 41.59
39.32 39.43 39.42 39.35 39.38 39.56 39.67 39.82 39.87 39.89 39.9 39.86 39.76 39.68 39.51 39.28 39.08 38.96 38.95 39.48 40.08 40.41 40.89 41.24 41.53 41.63 41.72 41.72 41.74 41.76 41.74 41.66 41.61 41.6 41.62 41.64 41.63 41.6 41.59 41.56 41.56 41.58 41.57 41.54 41.54 41.55 41.55 41.56 41.54 41.53 41.54 41.56 41.56 41.55 41.54 41.52 41.5 41.48 41.48 41.48 41.5 41.52 41.53 41.54 41.57 41.59 41.58 41.56 41.52 41.48 41.45 41.45 41.47 41.51 41.56 41.57 41.59 41.58
39.33 39.38 39.37 39.33 39.37 39.54 39.65 39.78 39.79 39.81 39.84 39.82 39.76 39.71 39.58 39.35 39.11 38.99 38.94 39.38 39.93 40.32 40.9 41.23 41.52 41.6 41.68 41.7 41.74 41.75 41.72 41.66 41.62 41.58 41.57 41.58 41.57 41.54 41.53 41.5 41.51 41.52 41.52 41.5 41.51 41.53 41.54 41.53 41.51 41.49 41.5 41.51 41.51 41.51 41.51 41.49 41.47 41.47 41.45 41.45 41.47 41.49 41.51 41.53 41.56 41.58 41.57 41.54 41.51 41.48 41.46 41.47 41.5 41.55 41.59 41.58 41.56 41.55
39.32 39.34 39.34 39.32 39.36 39.47 39.57 39.69 39.71 39.72 39.74 39.74 39.72 39.7 39.61 39.37 39.11 38.99 38.93 39.29 39.76 40.18 40.82 41.19 41.51 41.57 41.64 41.68 41.71 41.72 41.7 41.65 41.62 41.56 41.51 41.52 41.49 41.46 41.46 41.46 41.45 41.46 41.46 41.45 41.47 41.49 41.49 41.47 41.46 41.46 41.46 41.46 41.46 41.48 41.5 41.48 41.45 41.45 41.43 41.43 41.45 41.47 41.5 41.52 41.55 41.57 41.57 41.54 41.5 41.48 41.48 41.51 41.55 41.57 41.59 41.56 41.52 41.51
39.29 39.3 39.3 39.3 39.32 39.38 39.48 39.59 39.64 39.65 39.65 39.65 39.67 39.66 39.59 39.37 39.13 38.99 38.87 39.1 39.48 39.92 40.63 41.08 41.39 41.47 41.57 41.64 41.65 41.65 41.64 41.6 41.57 41.51 41.46 41.45 41.43 41.4 41.41 41.43 41.43 41.44 41.44 41.43 41.44 41.44 41.41 41.4 41.41 41.41 41.42 41.42 41.43 41.47 41.5 41.48 41.43 41.42 41.42 41.43 41.44 41.47 41.5 41.52 41.53 41.54 41.54 41.53 41.5 41.49 41.49 41.53 41.57 41.56 41.55 41.53 41.48 41.46
39.26 39.27 39.27 39.28 39.29 39.33 39.43 39.53 39.57 39.57 39.57 39.56 39.58 39.59 39.56 39.41 39.22 39.07 38.87 38.95 39.22 39.66 40.45 40.94 41.15 41.31 41.47 41.58 41.6 41.61 41.59 41.57 41.55 41.48 41.43 41.41 41.39 41.37 41.38 41.4 41.41 41.44 41.45 41.44 41.44 41.41 41.37 41.36 41.36 41.36 41.37 41.39 41.42 41.47 41.5 41.47 41.41 41.39 41.4 41.42 41.44 41.47 41.49 41.5 41.51 41.51 41.5 41.5 41.49 41.49 41.5 41.53 41.53 41.51 41.49 41.45 41.44 41.44
39.23 39.24 39.24 39.24 39.24 39.29 39.44 39.54 39.53 39.53 39.53 39.51 39.5 39.52 39.54 39.47 39.35 39.2 38.97 38.94 39.03 39.35 40.2 40.81 41 41.22 41.38 41.51 41.56 41.59 41.58 41.57 41.54 41.46 41.4 41.37 41.36 41.36 41.37 41.38 41.4 41.44 41.46 41.46 41.43 41.38 41.35 41.34 41.32 41.31 41.32 41.35 41.41 41.45 41.46 41.44 41.39 41.37 41.37 41.38 41.4 41.43 41.46 41.47 41.47 41.47 41.47 41.46 41.44 41.45 41.47 41.5 41.5 41.47 41.44 41.4 41.43 41.46
39.19 39.21 39.23 39.21 39.2 39.29 39.49 39.58 39.54 39.54 39.54 39.51 39.48 39.5 39.54 39.56 39.57 39.46 39.19 39.02 38.97 39.15 39.95 40.63 40.88 41.18 41.31 41.43 41.49 41.56 41.57 41.58 41.54 41.45 41.38 41.34 41.34 41.35 41.37 41.39 41.43 41.47 41.48 41.46 41.41 41.35 41.32 41.31 41.29 41.27 41.26 41.29 41.35 41.39 41.38 41.37 41.36 41.34 41.34 41.35 41.36 41.38 41.41 41.41 41.41 41.42 41.41 41.38 41.4 41.43 41.44 41.47 41.48 41.46 41.42 41.39 41.42 41.44
39.18 39.22 39.26 39.24 39.22 39.33 39.53 39.6 39.59 39.59 39.6 39.58 39.54 39.55 39.56 39.6 39.64 39.6 39.4 39.17 39.07 39.14 39.8 40.48 40.78 41.15 41.29 41.4 41.44 41.5 41.55 41.59 41.55 41.46 41.38 41.35 41.34 41.34 41.37 41.39 41.44 41.49 41.5 41.47 41.39 41.33 41.31 41.3 41.27 41.24 41.23 41.24 41.27 41.31 41.31 41.32 41.31 41.3 41.3 41.31 41.33 41.35 41.35 41.35 41.35 41.34 41.33 41.31 41.34 41.38 41.4 41.43 41.47 41.48 41.45 41.4 41.41 41.4
39.2 39.24 39.28 39.27 39.27 39.33 39.5 39.64 39.65 39.66 39.67 39.64 39.62 39.6 39.57 39.59 39.6 39.61 39.51 39.31 39.17 39.11 39.67 40.39 40.71 41.12 41.28 41.38 41.4 41.44 41.51 41.57 41.54 41.45 41.39 41.37 41.34 41.34 41.36 41.38 41.44 41.49 41.5 41.47 41.39 41.31 41.3 41.29 41.25 41.21 41.2 41.2 41.2 41.22 41.23 41.24 41.26 41.26 41.26 41.28 41.31 41.32 41.33 41.33 41.31 41.28 41.28 41.26 41.28 41.32 41.35 41.41 41.48 41.53 41.5 41.45 41.41 41.38
39.2 39.18 39.17 39.2 39.24 39.29 39.45 39.63 39.63 39.66 39.68 39.67 39.66 39.64 39.6 39.59 39.6 39.6 39.49 39.28 39.12 39.02 39.55 40.28 40.61 41.06 41.24 41.32 41.34 41.38 41.44 41.5 41.49 41.43 41.38 41.35 41.32 41.32 41.34 41.37 41.43 41.45 41.46 41.44 41.36 41.29 41.26 41.24 41.18 41.12 41.12 41.13 41.14 41.15 41.14 41.16 41.19 41.21 41.23 41.26 41.29 41.32 41.32 41.3 41.27 41.24 41.23 41.2 41.21 41.27 41.3 41.37 41.46 41.52 41.51 41.46 41.41 41.36
39.16 39.13 39.1 39.14 39.2 39.26 39.43 39.59 39.6 39.62 39.65 39.65 39.66 39.68 39.65 39.62 39.61 39.6 39.46 39.21 39.06 38.97 39.45 40.14 40.5 40.99 41.18 41.25 41.28 41.31 41.34 41.38 41.41 41.39 41.37 41.34 41.3 41.29 41.32 41.35 41.4 41.41 41.41 41.38 41.33 41.26 41.18 41.16 41.11 41.06 41.06 41.07 41.1 41.11 41.11 41.12 41.15 41.18 41.2 41.24 41.26 41.29 41.29 41.27 41.23 41.18 41.17 41.15 41.15 41.21 41.24 41.31 41.37 41.42 41.44 41.42 41.39 41.35
39.15 39.16 39.17 39.18 39.2 39.25 39.41 39.55 39.58 39.61 39.65 39.65 39.68 39.72 39.71 39.67 39.64 39.61 39.48 39.25 39.08 38.93 39.31 39.96 40.39 40.98 41.15 41.19 41.23 41.25 41.26 41.29 41.33 41.34 41.34 41.31 41.24 41.23 41.25 41.26 41.31 41.32 41.31 41.3 41.28 41.23 41.17 41.13 41.07 41.01 41.01 41.04 41.07 41.07 41.08 41.1 41.12 41.16 41.18 41.22 41.23 41.25 41.25 41.24 41.2 41.14 41.13 41.12 41.12 41.15 41.18 41.24 41.27 41.3 41.35 41.36 41.35 41.32
39.17 39.21 39.24 39.23 39.23 39.25 39.36 39.49 39.54 39.61 39.67 39.71 39.71 39.74 39.74 39.7 39.67 39.63 39.54 39.35 39.16 38.93 39.16 39.7 40.25 40.95 41.12 41.15 41.18 41.19 41.2 41.22 41.26 41.27 41.24 41.21 41.16 41.15 41.16 41.18 41.23 41.24 41.24 41.23 41.22 41.19 41.19 41.18 41.07 40.99 40.98 41.02 41.05 41.04 41.05 41.08 41.11 41.15 41.17 41.19 41.22 41.22 41.23 41.22 41.18 41.13 41.12 41.11 41.1 41.11 41.14 41.19 41.21 41.24 41.29 41.31 41.31 41.29
39.18 39.21 39.24 39.24 39.24 39.26 39.33 39.43 39.5 39.61 39.68 39.73 39.72 39.72 39.72 39.7 39.67 39.65 39.63 39.52 39.33 39.04 39.02 39.35 40.07 40.84 41.03 41.08 41.13 41.13 41.13 41.14 41.19 41.21 41.18 41.15 41.12 41.11 41.11 41.13 41.17 41.19 41.18 41.18 41.17 41.14 41.17 41.19 41.08 40.99 40.99 41.03 41.04 41.03 41.04 41.07 41.11 41.15 41.16 41.18 41.21 41.22 41.23 41.23 41.18 41.14 41.12 41.1 41.08 41.09 41.11 41.14 41.18 41.19 41.22 41.25 41.26 41.22
39.17 39.2 39.22 39.22 39.23 39.27 39.33 39.42 39.49 39.61 39.69 39.74 39.72 39.68 39.67 39.67 39.65 39.64 39.66 39.63 39.45 39.15 38.97 39.13 39.81 40.59 40.91 41.02 41.13 41.11 41.08 41.1 41.15 41.19 41.18 41.16 41.11 41.09 41.07 41.08 41.09 41.11 41.11 41.12 41.12 41.09 41.12 41.14 41.07 40.99 41.02 41.06 41.04 41.02 41.04 41.08 41.13 41.14 41.15 41.18 41.21 41.22 41.23 41.23 41.2 41.17 41.12 41.09 41.07 41.07 41.08 41.1 41.12 41.11 41.14 41.15 41.15 41.14
