slabs/58.grd
DSAA
631 301
645150 645780
4948100 4948400
37.52 47.6
[rows 204 to 237 of 301, columns 156 to 233 of 631]
40.65 40.62 40.55 40.53 40.61 40.73 40.69 40.58 40.49 40.29 40.13 40.08 40.14 40.24 40.33 40.44 40.58 40.9 41.19 41.35 41.47 41.67 41.77 41.84 41.99 42.19 42.21 42.19 42.22 42.26 42.25 42.25 42.25 42.26 42.26 42.23 42.22 42.24 42.23 42.24 42.26 42.24 42.21 42.21 42.21 42.2 42.2 42.21 42.24 42.26 42.26 42.28 42.29 42.26 42.24 42.21 42.23 42.28 42.28 42.25 42.24 42.26 42.26 42.24 42.22 42.22 42.22 42.21 42.21 42.19 42.18 42.15 42.13 42.14 42.13 42.1 42.12 42.1
40.67 40.62 40.48 40.37 40.41 40.46 40.34 40.21 40.17 40.1 40.1 40.19 40.29 40.49 40.7 40.86 41 41.31 41.63 41.81 41.87 41.96 41.98 42.01 42.14 42.27 42.27 42.27 42.28 42.27 42.25 42.27 42.31 42.3 42.29 42.26 42.25 42.26 42.24 42.26 42.29 42.26 42.21 42.22 42.24 42.25 42.25 42.26 42.27 42.3 42.29 42.28 42.29 42.26 42.25 42.24 42.25 42.26 42.26 42.24 42.23 42.25 42.26 42.24 42.22 42.23 42.24 42.24 42.23 42.21 42.18 42.15 42.13 42.13 42.12 42.09 42.11 42.08
40.59 40.52 40.37 40.25 40.24 40.18 40.04 39.95 40.01 40.16 40.34 40.49 40.61 40.87 41.14 41.33 41.48 41.81 42.06 42.15 42.16 42.16 42.13 42.15 42.2 42.26 42.27 42.28 42.29 42.28 42.26 42.27 42.3 42.31 42.3 42.29 42.3 42.29 42.26 42.27 42.31 42.32 42.27 42.24 42.27 42.29 42.3 42.32 42.31 42.32 42.31 42.3 42.28 42.25 42.25 42.26 42.25 42.24 42.24 42.24 42.25 42.26 42.26 42.24 42.22 42.22 42.23 42.21 42.17 42.15 42.15 42.14 42.15 42.15 42.13 42.1 42.09 42.06
40.41 40.32 40.21 40.14 40.12 40.08 40.05 40.06 40.19 40.48 40.73 40.91 41.06 41.35 41.58 41.72 41.88 42.14 42.24 42.26 42.25 42.22 42.19 42.21 42.26 42.26 42.27 42.28 42.29 42.29 42.27 42.28 42.29 42.31 42.3 42.32 42.35 42.33 42.29 42.28 42.32 42.35 42.32 42.29 42.32 42.34 42.36 42.37 42.36 42.34 42.32 42.29 42.27 42.25 42.26 42.27 42.26 42.25 42.25 42.25 42.26 42.26 42.26 42.23 42.19 42.19 42.19 42.15 42.1 42.1 42.14 42.15 42.16 42.14 42.1 42.09 42.06 42.05
40.21 40.12 40.08 40.08 40.11 40.23 40.38 40.46 40.59 40.89 41.21 41.44 41.57 41.82 41.94 42.02 42.18 42.27 42.27 42.26 42.26 42.26 42.25 42.26 42.29 42.29 42.3 42.31 42.32 42.3 42.27 42.29 42.31 42.31 42.31 42.33 42.36 42.34 42.31 42.31 42.33 42.35 42.35 42.34 42.36 42.37 42.38 42.4 42.4 42.38 42.35 42.29 42.28 42.28 42.27 42.27 42.27 42.26 42.25 42.24 42.24 42.24 42.23 42.19 42.16 42.16 42.15 42.13 42.08 42.08 42.1 42.11 42.11 42.08 42.05 42.06 42.03 42.03
40.07 40.07 40.16 40.26 40.36 40.59 40.84 40.97 41.09 41.45 41.89 42.11 42.15 42.21 42.22 42.23 42.28 42.31 42.28 42.27 42.28 42.3 42.31 42.3 42.29 42.3 42.33 42.35 42.35 42.33 42.31 42.32 42.33 42.32 42.32 42.35 42.36 42.33 42.33 42.34 42.35 42.36 42.36 42.37 42.38 42.37 42.37 42.37 42.38 42.38 42.35 42.3 42.3 42.3 42.28 42.26 42.27 42.25 42.25 42.24 42.25 42.24 42.21 42.18 42.17 42.15 42.13 42.12 42.12 42.1 42.08 42.08 42.09 42.06 42.03 42.04 42 42
40.1 40.3 40.47 40.62 40.8 41.22 41.6 41.78 41.89 42.13 42.33 42.4 42.36 42.31 42.31 42.29 42.28 42.3 42.28 42.27 42.26 42.27 42.3 42.31 42.3 42.32 42.36 42.37 42.37 42.36 42.36 42.36 42.36 42.35 42.37 42.39 42.37 42.35 42.35 42.37 42.36 42.35 42.37 42.39 42.38 42.38 42.37 42.34 42.33 42.33 42.33 42.32 42.32 42.31 42.29 42.25 42.25 42.24 42.23 42.23 42.25 42.24 42.18 42.15 42.16 42.14 42.11 42.1 42.11 42.1 42.08 42.08 42.1 42.07 42.05 42.04 42 41.99
40.57 40.94 41.13 41.32 41.5 41.86 42.12 42.27 42.38 42.39 42.36 42.36 42.32 42.28 42.29 42.29 42.29 42.3 42.3 42.28 42.26 42.27 42.3 42.31 42.32 42.35 42.39 42.39 42.38 42.37 42.38 42.38 42.37 42.38 42.41 42.43 42.39 42.39 42.4 42.37 42.34 42.34 42.37 42.4 42.4 42.38 42.36 42.32 42.3 42.3 42.32 42.32 42.31 42.3 42.28 42.25 42.24 42.23 42.22 42.21 42.21 42.19 42.15 42.15 42.16 42.14 42.11 42.1 42.11 42.09 42.06 42.07 42.08 42.07 42.05 42.02 42 41.99
41.19 41.53 41.75 41.96 42.05 42.19 42.27 42.34 42.4 42.35 42.32 42.32 42.32 42.3 42.28 42.29 42.31 42.33 42.32 42.31 42.29 42.31 42.34 42.33 42.32 42.37 42.39 42.39 42.38 42.37 42.38 42.38 42.38 42.4 42.44 42.46 42.43 42.43 42.4 42.36 42.34 42.33 42.35 42.39 42.41 42.4 42.37 42.31 42.3 42.3 42.3 42.28 42.28 42.27 42.24 42.24 42.25 42.24 42.22 42.2 42.17 42.16 42.14 42.16 42.17 42.15 42.11 42.1 42.12 42.09 42.05 42.05 42.05 42.04 42.03 42.01 42 41.99
41.71 41.97 42.15 42.28 42.32 42.32 42.32 42.33 42.33 42.32 42.3 42.31 42.33 42.32 42.31 42.3 42.32 42.35 42.35 42.34 42.34 42.36 42.37 42.35 42.34 42.38 42.39 42.38 42.38 42.39 42.4 42.4 42.4 42.44 42.47 42.49 42.47 42.45 42.41 42.38 42.38 42.35 42.36 42.38 42.4 42.41 42.37 42.32 42.32 42.32 42.29 42.26 42.25 42.25 42.24 42.24 42.24 42.23 42.2 42.18 42.16 42.15 42.15 42.14 42.14 42.12 42.09 42.08 42.09 42.06 42.03 42.05 42.04 42.01 42.01 42.01 42.01 41.98
42.15 42.32 42.41 42.44 42.41 42.35 42.33 42.32 42.31 42.32 42.31 42.32 42.33 42.33 42.34 42.33 42.33 42.35 42.36 42.36 42.37 42.38 42.38 42.38 42.39 42.41 42.4 42.38 42.4 42.42 42.42 42.4 42.42 42.44 42.46 42.49 42.48 42.47 42.44 42.4 42.38 42.34 42.35 42.36 42.37 42.39 42.37 42.35 42.34 42.33 42.28 42.26 42.26 42.26 42.25 42.23 42.21 42.2 42.18 42.17 42.15 42.15 42.14 42.12 42.1 42.08 42.07 42.06 42.06 42.05 42.04 42.06 42.03 42 42.02 42.03 42.01 41.95
42.39 42.44 42.46 42.44 42.39 42.34 42.33 42.32 42.31 42.33 42.32 42.33 42.34 42.33 42.34 42.34 42.34 42.33 42.33 42.35 42.38 42.38 42.38 42.38 42.4 42.44 42.43 42.42 42.41 42.44 42.44 42.43 42.43 42.43 42.45 42.47 42.46 42.44 42.43 42.39 42.36 42.35 42.35 42.34 42.35 42.36 42.37 42.36 42.34 42.32 42.29 42.27 42.26 42.26 42.26 42.21 42.18 42.18 42.17 42.16 42.15 42.14 42.13 42.1 42.09 42.07 42.06 42.06 42.06 42.05 42.05 42.05 42.03 41.99 42 42.03 41.99 41.86
42.41 42.4 42.39 42.38 42.35 42.33 42.32 42.32 42.32 42.34 42.35 42.35 42.35 42.34 42.32 42.33 42.33 42.34 42.33 42.34 42.38 42.4 42.38 42.34 42.35 42.4 42.42 42.45 42.45 42.48 42.47 42.45 42.44 42.41 42.43 42.44 42.41 42.39 42.39 42.37 42.35 42.36 42.36 42.34 42.33 42.34 42.34 42.32 42.29 42.29 42.28 42.25 42.22 42.22 42.22 42.2 42.2 42.19 42.16 42.14 42.14 42.14 42.12 42.1 42.09 42.07 42.06 42.06 42.06 42.05 42.04 42.04 42.03 42.01 41.96 41.89 41.77 41.53
42.36 42.37 42.38 42.37 42.34 42.32 42.33 42.33 42.35 42.36 42.36 42.36 42.37 42.37 42.33 42.32 42.34 42.38 42.38 42.38 42.41 42.45 42.42 42.38 42.4 42.42 42.45 42.48 42.47 42.48 42.49 42.49 42.45 42.38 42.4 42.41 42.38 42.38 42.37 42.35 42.33 42.34 42.35 42.34 42.33 42.32 42.29 42.27 42.23 42.24 42.25 42.22 42.19 42.19 42.19 42.18 42.2 42.18 42.15 42.12 42.12 42.12 42.1 42.09 42.09 42.07 42.05 42.05 42.05 42.06 42.02 41.93 41.89 41.81 41.66 41.51 41.36 41.08
42.34 42.36 42.4 42.38 42.33 42.32 42.33 42.35 42.38 42.38 42.36 42.37 42.4 42.44 42.39 42.34 42.36 42.36 42.39 42.43 42.46 42.5 42.49 42.45 42.44 42.45 42.48 42.5 42.46 42.46 42.48 42.51 42.45 42.37 42.38 42.4 42.4 42.4 42.38 42.34 42.32 42.32 42.32 42.33 42.34 42.31 42.27 42.24 42.2 42.21 42.22 42.2 42.15 42.16 42.17 42.15 42.13 42.14 42.14 42.12 42.12 42.11 42.09 42.08 42.07 42.03 42.01 41.99 41.98 41.97 41.92 41.77 41.67 41.46 41.22 41.02 40.88 40.6
42.36 42.37 42.4 42.39 42.36 42.35 42.35 42.36 42.37 42.37 42.38 42.39 42.4 42.43 42.42 42.39 42.4 42.41 42.43 42.47 42.47 42.5 42.51 42.49 42.46 42.46 42.49 42.5 42.45 42.43 42.45 42.47 42.42 42.37 42.37 42.38 42.4 42.4 42.38 42.34 42.31 42.3 42.3 42.31 42.32 42.3 42.26 42.24 42.2 42.21 42.22 42.2 42.15 42.16 42.16 42.14 42.11 42.1 42.11 42.11 42.13 42.1 42.07 42.06 42.04 42 41.93 41.87 41.83 41.75 41.61 41.46 41.3 41.01 40.74 40.54 40.4 40.16
42.38 42.39 42.42 42.41 42.39 42.4 42.41 42.41 42.42 42.41 42.42 42.4 42.39 42.41 42.43 42.45 42.46 42.47 42.49 42.48 42.45 42.46 42.49 42.51 42.48 42.48 42.5 42.49 42.42 42.4 42.41 42.41 42.37 42.36 42.36 42.35 42.36 42.36 42.36 42.33 42.31 42.3 42.28 42.28 42.29 42.27 42.25 42.24 42.23 42.23 42.23 42.23 42.21 42.19 42.16 42.13 42.13 42.11 42.1 42.1 42.11 42.09 42.07 42.04 42 41.87 41.76 41.71 41.62 41.42 41.2 41.01 40.85 40.56 40.33 40.18 40.03 39.85
42.4 42.4 42.38 42.39 42.41 42.41 42.41 42.43 42.45 42.45 42.45 42.43 42.42 42.42 42.44 42.47 42.48 42.49 42.51 42.5 42.45 42.44 42.47 42.49 42.47 42.46 42.47 42.45 42.39 42.38 42.39 42.38 42.35 42.34 42.34 42.32 42.33 42.33 42.33 42.32 42.31 42.29 42.27 42.26 42.24 42.25 42.24 42.24 42.24 42.22 42.21 42.2 42.2 42.19 42.15 42.14 42.14 42.12 42.09 42.09 42.09 42.08 42.05 42 41.91 41.67 41.46 41.36 41.24 40.98 40.76 40.62 40.44 40.18 40.03 39.92 39.77 39.67
42.43 42.42 42.39 42.39 42.41 42.4 42.4 42.42 42.44 42.45 42.46 42.48 42.48 42.47 42.47 42.48 42.48 42.49 42.5 42.49 42.45 42.43 42.45 42.48 42.46 42.44 42.42 42.41 42.4 42.39 42.39 42.38 42.37 42.35 42.32 42.32 42.34 42.33 42.31 42.3 42.29 42.28 42.26 42.24 42.22 42.26 42.24 42.24 42.24 42.23 42.18 42.15 42.15 42.16 42.12 42.11 42.12 42.13 42.12 42.09 42.07 42 41.89 41.8 41.67 41.37 41.07 40.89 40.77 40.54 40.39 40.29 40.1 39.89 39.79 39.71 39.62 39.59
42.45 42.44 42.43 42.42 42.42 42.42 42.42 42.42 42.44 42.46 42.47 42.48 42.5 42.51 42.49 42.47 42.48 42.48 42.48 42.47 42.45 42.43 42.43 42.46 42.46 42.43 42.39 42.4 42.44 42.43 42.4 42.39 42.38 42.36 42.33 42.33 42.33 42.32 42.29 42.27 42.25 42.25 42.25 42.24 42.24 42.26 42.24 42.23 42.23 42.22 42.18 42.14 42.14 42.16 42.14 42.1 42.08 42.1 42.14 42.09 42 41.79 41.55 41.38 41.25 40.95 40.66 40.49 40.37 40.19 40.09 40.02 39.86 39.71 39.63 39.59 39.53 39.54
42.46 42.46 42.47 42.47 42.46 42.46 42.46 42.46 42.47 42.5 42.49 42.47 42.5 42.52 42.5 42.47 42.48 42.48 42.48 42.48 42.46 42.43 42.41 42.44 42.46 42.44 42.39 42.4 42.44 42.43 42.38 42.36 42.36 42.35 42.33 42.32 42.3 42.3 42.28 42.23 42.2 42.23 42.25 42.24 42.24 42.24 42.22 42.2 42.2 42.21 42.18 42.15 42.16 42.19 42.16 42.06 41.99 41.94 41.97 41.9 41.75 41.44 41.14 40.93 40.77 40.52 40.29 40.17 40.05 39.92 39.85 39.81 39.72 39.64 39.57 39.52 39.47 39.48
42.5 42.5 42.51 42.52 42.5 42.49 42.51 42.52 42.5 42.52 42.5 42.48 42.51 42.53 42.52 42.5 42.5 42.49 42.49 42.48 42.47 42.44 42.41 42.43 42.44 42.43 42.41 42.41 42.42 42.4 42.35 42.31 42.31 42.31 42.29 42.27 42.29 42.29 42.27 42.23 42.22 42.25 42.25 42.23 42.22 42.22 42.2 42.17 42.19 42.2 42.17 42.14 42.14 42.18 42.14 41.98 41.85 41.68 41.59 41.47 41.32 41.01 40.77 40.58 40.33 40.16 40 39.92 39.81 39.71 39.67 39.66 39.64 39.59 39.51 39.46 39.42 39.41
42.53 42.54 42.54 42.54 42.53 42.51 42.53 42.54 42.52 42.52 42.5 42.49 42.51 42.51 42.5 42.5 42.5 42.5 42.49 42.47 42.47 42.44 42.43 42.45 42.43 42.4 42.4 42.4 42.37 42.36 42.32 42.29 42.3 42.29 42.27 42.27 42.29 42.28 42.26 42.26 42.25 42.26 42.25 42.21 42.21 42.21 42.2 42.18 42.19 42.2 42.16 42.08 42.04 42.03 41.99 41.82 41.64 41.34 41.14 40.99 40.84 40.6 40.43 40.28 40.02 39.87 39.75 39.73 39.69 39.58 39.54 39.53 39.52 39.49 39.42 39.39 39.39 39.38
42.56 42.58 42.56 42.54 42.54 42.51 42.52 42.53 42.52 42.53 42.51 42.5 42.53 42.52 42.48 42.48 42.49 42.49 42.48 42.47 42.45 42.43 42.41 42.43 42.42 42.4 42.38 42.35 42.29 42.3 42.3 42.29 42.3 42.28 42.27 42.31 42.3 42.27 42.25 42.26 42.25 42.23 42.22 42.2 42.2 42.2 42.2 42.19 42.19 42.2 42.13 41.98 41.88 41.75 41.63 41.46 41.27 40.94 40.72 40.59 40.41 40.25 40.15 40.03 39.81 39.68 39.61 39.62 39.6 39.49 39.43 39.42 39.4 39.39 39.37 39.36 39.36 39.37
42.57 42.61 42.57 42.51 42.51 42.49 42.5 42.51 42.52 42.52 42.51 42.5 42.51 42.5 42.48 42.47 42.47 42.46 42.45 42.45 42.43 42.42 42.39 42.38 42.4 42.4 42.36 42.3 42.27 42.28 42.28 42.28 42.27 42.25 42.26 42.29 42.28 42.25 42.24 42.23 42.23 42.21 42.2 42.19 42.14 42.08 42.12 42.14 42.14 42.12 41.98 41.76 41.62 41.36 41.18 41.04 40.81 40.51 40.32 40.24 40.1 39.97 39.9 39.81 39.65 39.55 39.51 39.5 39.45 39.39 39.38 39.38 39.38 39.37 39.35 39.35 39.35 39.36
42.6 42.63 42.58 42.52 42.52 42.51 42.51 42.52 42.52 42.51 42.5 42.48 42.46 42.45 42.44 42.43 42.44 42.44 42.43 42.41 42.38 42.37 42.37 42.37 42.38 42.37 42.34 42.29 42.29 42.29 42.27 42.26 42.24 42.22 42.23 42.26 42.25 42.24 42.23 42.21 42.19 42.15 42.05 41.84 41.63 41.57 41.93 41.98 41.95 41.84 41.58 41.33 41.18 40.93 40.78 40.67 40.45 40.23 40.08 40 39.86 39.77 39.71 39.63 39.52 39.46 39.42 39.41 39.37 39.37 39.39 39.39 39.4 39.38 39.35 39.35 39.35 39.34
42.61 42.61 42.6 42.56 42.56 42.54 42.53 42.51 42.51 42.51 42.51 42.48 42.45 42.45 42.43 42.41 42.4 42.4 42.4 42.39 42.36 42.35 42.36 42.38 42.36 42.34 42.31 42.3 42.3 42.3 42.28 42.25 42.24 42.23 42.24 42.25 42.23 42.22 42.21 42.2 42.1 41.8 41.3 40.73 40.41 40.6 41.58 41.72 41.61 41.37 41.07 40.87 40.69 40.55 40.4 40.21 40.07 39.97 39.9 39.84 39.72 39.64 39.6 39.54 39.44 39.4 39.4 39.4 39.39 39.4 39.4 39.4 39.39 39.37 39.36 39.36 39.36 39.35
42.59 42.6 42.6 42.58 42.55 42.54 42.53 42.53 42.52 42.52 42.51 42.47 42.45 42.45 42.44 42.4 42.36 42.37 42.38 42.37 42.36 42.35 42.36 42.37 42.34 42.31 42.29 42.3 42.3 42.3 42.29 42.27 42.26 42.25 42.25 42.23 42.22 42.2 42.18 42.17 41.97 41.09 39.93 39.48 39.34 39.81 41.05 41.31 41.12 40.84 40.51 40.39 40.29 40.22 40.12 39.97 39.85 39.79 39.75 39.71 39.61 39.52 39.5 39.47 39.41 39.39 39.4 39.41 39.42 39.41 39.39 39.39 39.38 39.36 39.36 39.37 39.39 39.37
42.58 42.59 42.59 42.56 42.55 42.53 42.51 42.51 42.51 42.5 42.48 42.45 42.43 42.43 42.43 42.38 42.32 42.34 42.37 42.36 42.34 42.34 42.34 42.34 42.31 42.28 42.27 42.31 42.31 42.29 42.28 42.28 42.27 42.25 42.23 42.22 42.21 42.17 42.14 42.13 41.82 40.64 39.31 39.09 39.11 39.41 39.99 40.24 40.35 40.29 40.13 40.06 39.98 39.94 39.93 39.85 39.72 39.65 39.59 39.56 39.51 39.45 39.44 39.43 39.41 39.4 39.41 39.42 39.42 39.4 39.38 39.38 39.37 39.37 39.38 39.4 39.42 39.42
42.57 42.57 42.56 42.55 42.54 42.53 42.5 42.5 42.5 42.48 42.46 42.43 42.41 42.41 42.4 42.37 42.33 42.35 42.36 42.36 42.34 42.32 42.33 42.32 42.3 42.27 42.28 42.34 42.32 42.27 42.26 42.27 42.28 42.27 42.23 42.21 42.19 42.08 41.99 41.86 41.26 40.22 39.34 39.21 39.23 39.34 39.46 39.63 39.9 39.96 39.93 39.87 39.79 39.75 39.74 39.68 39.57 39.51 39.46 39.46 39.45 39.44 39.44 39.45 39.44 39.42 39.42 39.41 39.4 39.38 39.38 39.39 39.39 39.4 39.41 39.44 39.46 39.45
42.53 42.53 42.53 42.53 42.53 42.53 42.51 42.5 42.5 42.48 42.44 42.42 42.4 42.39 42.38 42.37 42.37 42.37 42.36 42.36 42.35 42.31 42.32 42.32 42.3 42.28 42.29 42.33 42.32 42.27 42.23 42.23 42.25 42.28 42.24 42.16 42.02 41.74 41.56 41.37 40.79 40.07 39.6 39.49 39.41 39.41 39.45 39.56 39.77 39.86 39.83 39.79 39.73 39.66 39.58 39.55 39.49 39.45 39.42 39.43 39.45 39.46 39.46 39.46 39.45 39.43 39.42 39.41 39.4 39.39 39.39 39.41 39.43 39.44 39.45 39.46 39.47 39.48
42.53 42.52 42.53 42.53 42.52 42.5 42.48 42.49 42.49 42.47 42.45 42.43 42.41 42.37 42.35 42.35 42.36 42.36 42.33 42.34 42.34 42.32 42.3 42.29 42.28 42.27 42.28 42.3 42.29 42.25 42.16 42.08 42.14 42.18 42.04 41.84 41.64 41.28 41.06 40.89 40.52 40.09 39.77 39.67 39.54 39.5 39.53 39.61 39.8 39.87 39.8 39.74 39.66 39.58 39.48 39.47 39.46 39.46 39.44 39.44 39.46 39.47 39.47 39.45 39.44 39.42 39.42 39.43 39.43 39.44 39.44 39.43 39.45 39.46 39.46 39.46 39.48 39.51
42.54 42.54 42.54 42.53 42.51 42.47 42.44 42.46 42.46 42.45 42.45 42.44 42.41 42.36 42.34 42.34 42.34 42.33 42.31 42.31 42.32 42.3 42.27 42.25 42.26 42.25 42.24 42.26 42.24 42.17 42.01 41.88 41.9 41.86 41.66 41.47 41.21 40.89 40.71 40.57 40.31 40.04 39.79 39.69 39.58 39.65 39.76 39.81 39.88 39.82 39.69 39.64 39.55 39.49 39.45 39.45 39.47 39.5 39.48 39.45 39.47 39.46 39.45 39.43 39.43 39.43 39.45 39.45 39.46 39.5 39.49 39.47 39.46 39.48 39.48 39.5 39.52 39.55
42.53 42.53 42.53 42.53 42.49 42.47 42.44 42.43 42.41 42.41 42.41 42.39 42.38 42.37 42.36 42.35 42.34 42.32 42.32 42.31 42.32 42.29 42.26 42.23 42.25 42.28 42.28 42.27 42.22 42.06 41.85 41.7 41.55 41.34 41.17 41.06 40.81 40.57 40.45 40.34 40.12 39.91 39.77 39.72 39.69 39.79 39.86 39.84 39.77 39.65 39.54 39.51 39.46 39.45 39.46 39.47 39.47 39.51 39.5 39.46 39.46 39.44 39.44 39.44 39.46 39.45 39.46 39.48 39.5 39.52 39.52 39.5 39.5 39.51 39.52 39.54 39.55 39.56
