slabs/58.grd
DSAA
631 301
645150 645780
4948100 4948400
37.52 47.6
[rows 68 to 101 of 301, columns 234 to 311 of 631]
40.09 40.1 40.09 40.08 40.1 40.11 40.09 40.09 40.08 40.06 40.06 40.03 40 39.99 39.99 39.98 39.92 39.84 39.82 39.79 39.71 39.64 39.66 39.68 39.66 39.65 39.64 39.65 39.66 39.7 39.84 40 40.04 40.01 39.95 39.95 40 40.12 40.28 40.17 40.02 39.93 39.9 40.13 40.37 40.49 40.61 40.56 40.48 40.35 40.13 39.93 39.86 39.75 39.58 39.5 39.46 39.38 39.29 39.27 39.33 39.5 39.72 39.93 40 40.11 40.13 40.1 40.03 39.87 39.76 39.74 39.65 39.52 39.48 39.39 39.17 39.04
40.08 40.09 40.09 40.08 40.08 40.08 40.07 40.06 40.06 40.06 40.05 40.03 40.01 40 40.01 39.95 39.77 39.6 39.49 39.38 39.47 39.56 39.67 39.81 39.86 39.86 39.85 39.85 39.86 39.87 39.98 40.14 40.22 40.2 40.14 40.14 40.2 40.29 40.4 40.28 40.12 40.01 39.9 40.08 40.31 40.4 40.51 40.5 40.46 40.33 40.11 39.95 39.89 39.76 39.63 39.59 39.58 39.54 39.43 39.34 39.32 39.35 39.55 39.81 39.92 40.06 40.08 40.03 39.91 39.71 39.59 39.54 39.43 39.36 39.33 39.24 39.02 38.94
40.07 40.07 40.08 40.09 40.08 40.06 40.05 40.04 40.06 40.08 40.05 40 39.96 39.93 39.92 39.81 39.57 39.39 39.3 39.22 39.32 39.45 39.64 39.85 39.98 40.03 40.06 40.05 40.08 40.09 40.13 40.21 40.28 40.27 40.22 40.21 40.25 40.29 40.31 40.17 40 39.91 39.82 39.92 40.08 40.17 40.24 40.26 40.26 40.18 40.03 39.93 39.87 39.77 39.71 39.71 39.71 39.68 39.56 39.42 39.34 39.24 39.38 39.65 39.78 39.94 39.94 39.88 39.72 39.52 39.41 39.37 39.31 39.26 39.21 39.12 38.96 38.91
40.07 40.05 40.05 40.06 40.05 40.02 40.01 40 40.02 40.04 39.96 39.81 39.75 39.73 39.71 39.63 39.51 39.45 39.43 39.38 39.37 39.43 39.61 39.87 40.09 40.18 40.25 40.2 40.23 40.25 40.26 40.28 40.31 40.29 40.23 40.19 40.2 40.22 40.2 40.08 39.95 39.83 39.73 39.75 39.82 39.91 39.97 40.01 40.04 40.04 39.94 39.87 39.84 39.79 39.79 39.8 39.81 39.78 39.65 39.49 39.36 39.15 39.2 39.43 39.52 39.62 39.63 39.6 39.5 39.39 39.33 39.3 39.24 39.15 39.07 39 38.92 38.9
39.98 39.94 39.93 39.94 39.94 39.89 39.86 39.82 39.8 39.76 39.65 39.47 39.47 39.59 39.63 39.66 39.66 39.72 39.83 39.81 39.75 39.71 39.73 39.9 40.1 40.23 40.34 40.26 40.29 40.29 40.29 40.3 40.3 40.28 40.24 40.2 40.18 40.17 40.12 40.03 39.95 39.82 39.7 39.68 39.7 39.74 39.77 39.81 39.86 39.91 39.84 39.79 39.78 39.76 39.78 39.8 39.81 39.8 39.65 39.46 39.28 39.01 38.94 39.02 39.09 39.15 39.15 39.12 39.17 39.19 39.22 39.21 39.16 39.06 38.95 38.92 38.89 38.9
39.73 39.71 39.73 39.77 39.77 39.71 39.63 39.5 39.45 39.41 39.36 39.31 39.37 39.55 39.72 39.87 40 40.06 40.17 40.17 40.09 40.01 39.91 40 40.13 40.25 40.37 40.32 40.31 40.29 40.26 40.26 40.24 40.24 40.24 40.23 40.2 40.15 40.07 40 39.98 39.9 39.81 39.8 39.8 39.75 39.68 39.68 39.72 39.77 39.76 39.73 39.69 39.64 39.64 39.67 39.68 39.65 39.51 39.33 39.06 38.77 38.61 38.61 38.69 38.81 38.86 38.89 38.98 39.04 39.09 39.1 39.09 38.99 38.9 38.89 38.89 38.89
39.39 39.43 39.5 39.66 39.76 39.7 39.58 39.48 39.56 39.58 39.49 39.4 39.45 39.59 39.83 40.04 40.22 40.3 40.38 40.35 40.27 40.18 40.08 40.14 40.23 40.3 40.41 40.39 40.34 40.29 40.23 40.22 40.2 40.2 40.24 40.29 40.27 40.17 40.06 40.01 40.04 40.08 40.07 40.07 40.03 39.85 39.64 39.58 39.6 39.66 39.7 39.68 39.62 39.51 39.45 39.45 39.43 39.28 39.07 38.95 38.74 38.59 38.49 38.48 38.55 38.71 38.82 38.88 38.96 38.98 38.99 39.02 39.02 38.94 38.88 38.88 38.88 38.88
39.14 39.21 39.4 39.81 40 39.88 39.79 39.78 39.94 39.96 39.8 39.57 39.55 39.67 39.92 40.12 40.27 40.33 40.37 40.36 40.37 40.32 40.23 40.26 40.32 40.37 40.46 40.42 40.32 40.27 40.22 40.22 40.21 40.22 40.28 40.35 40.34 40.22 40.1 40.1 40.18 40.3 40.31 40.29 40.16 39.83 39.53 39.4 39.43 39.55 39.63 39.62 39.55 39.4 39.29 39.23 39.1 38.92 38.78 38.71 38.62 38.56 38.52 38.51 38.56 38.7 38.81 38.87 38.94 38.94 38.94 38.95 38.95 38.9 38.87 38.87 38.88 38.88
39.55 39.56 39.73 40.11 40.26 40.14 40.02 40.09 40.24 40.26 40.12 39.84 39.76 39.85 40.07 40.23 40.3 40.29 40.27 40.29 40.37 40.35 40.29 40.28 40.35 40.41 40.48 40.41 40.3 40.23 40.24 40.29 40.29 40.3 40.33 40.38 40.37 40.28 40.17 40.23 40.3 40.38 40.34 40.26 40.08 39.69 39.35 39.11 39.11 39.33 39.5 39.51 39.46 39.32 39.22 39.1 38.89 38.8 38.75 38.72 38.66 38.6 38.55 38.54 38.57 38.7 38.81 38.86 38.91 38.9 38.9 38.9 38.9 38.88 38.87 38.87 38.87 38.87
40.14 40.09 40.18 40.34 40.4 40.34 40.26 40.33 40.38 40.41 40.38 40.21 40.09 40.14 40.28 40.31 40.25 40.23 40.22 40.27 40.34 40.34 40.27 40.23 40.3 40.38 40.45 40.41 40.31 40.21 40.28 40.39 40.39 40.36 40.33 40.35 40.34 40.25 40.16 40.21 40.26 40.22 39.97 39.8 39.69 39.38 39.02 38.79 38.87 39.15 39.33 39.35 39.28 39.14 39.06 38.98 38.85 38.81 38.78 38.75 38.69 38.63 38.59 38.57 38.58 38.7 38.81 38.84 38.87 38.87 38.86 38.86 38.86 38.86 38.86 38.86 38.87 38.87
40.46 40.42 40.41 40.43 40.44 40.43 40.42 40.42 40.37 40.39 40.45 40.43 40.36 40.4 40.44 40.28 40.1 40.11 40.17 40.25 40.3 40.31 40.26 40.2 40.22 40.3 40.39 40.37 40.28 40.19 40.32 40.47 40.46 40.35 40.24 40.22 40.21 40.07 39.87 39.79 39.82 39.78 39.51 39.36 39.32 39.12 38.81 38.71 38.81 39 39.1 39.11 39.06 38.98 38.93 38.9 38.85 38.82 38.8 38.78 38.73 38.67 38.63 38.6 38.6 38.7 38.81 38.82 38.84 38.84 38.83 38.84 38.86 38.88 38.87 38.86 38.86 38.86
40.54 40.5 40.43 40.44 40.46 40.47 40.45 40.35 40.27 40.29 40.36 40.43 40.47 40.52 40.49 40.2 39.97 39.99 40.05 40.12 40.19 40.24 40.25 40.19 40.2 40.27 40.33 40.3 40.22 40.15 40.29 40.43 40.39 40.22 40.01 39.89 39.86 39.75 39.52 39.36 39.41 39.41 39.27 39.19 39.16 39 38.78 38.75 38.83 38.91 38.94 38.95 38.95 38.93 38.9 38.89 38.86 38.83 38.81 38.79 38.76 38.71 38.67 38.63 38.62 38.69 38.78 38.8 38.81 38.81 38.81 38.84 38.88 38.91 38.9 38.88 38.86 38.86
40.47 40.42 40.36 40.41 40.48 40.53 40.49 40.28 40.16 40.18 40.27 40.37 40.47 40.52 40.47 40.16 39.96 39.94 39.95 39.96 40.04 40.2 40.25 40.18 40.19 40.28 40.31 40.25 40.17 40.06 40.13 40.2 40.17 40.01 39.73 39.54 39.49 39.41 39.27 39.15 39.2 39.24 39.2 39.17 39.11 38.95 38.77 38.77 38.85 38.89 38.91 38.92 38.93 38.92 38.9 38.89 38.86 38.84 38.81 38.8 38.77 38.74 38.7 38.67 38.64 38.67 38.73 38.78 38.78 38.79 38.8 38.85 38.9 38.94 38.94 38.91 38.89 38.88
40.42 40.38 40.33 40.39 40.52 40.58 40.55 40.3 40.11 40.14 40.24 40.34 40.45 40.49 40.41 40.18 40.05 39.97 39.95 39.94 40.01 40.2 40.3 40.28 40.28 40.34 40.34 40.23 40.11 39.95 39.93 39.92 39.84 39.62 39.36 39.22 39.15 39.05 38.97 38.94 39.02 39.11 39.17 39.17 39.1 38.94 38.77 38.78 38.85 38.89 38.9 38.92 38.94 38.93 38.9 38.88 38.86 38.84 38.82 38.8 38.78 38.76 38.74 38.7 38.66 38.66 38.7 38.75 38.77 38.79 38.81 38.87 38.93 38.98 38.99 38.99 38.96 38.94
40.37 40.37 40.36 40.43 40.54 40.56 40.48 40.27 40.13 40.16 40.24 40.32 40.41 40.45 40.37 40.18 40.1 40.04 40.04 40.04 40.07 40.18 40.28 40.3 40.31 40.35 40.3 40.13 39.98 39.77 39.65 39.59 39.48 39.25 39.08 38.99 38.88 38.79 38.76 38.78 38.88 39.01 39.1 39.12 39.09 38.93 38.78 38.8 38.86 38.89 38.9 38.92 38.95 38.94 38.9 38.88 38.86 38.83 38.82 38.8 38.78 38.76 38.75 38.72 38.68 38.67 38.69 38.74 38.78 38.81 38.84 38.89 38.96 39.02 39.04 39.05 39.03 38.99
40.3 40.3 40.33 40.44 40.54 40.5 40.38 40.24 40.18 40.18 40.22 40.26 40.31 40.38 40.32 40.15 40.07 40.01 40.03 40.03 40.04 40.1 40.17 40.18 40.19 40.22 40.17 40.02 39.87 39.59 39.35 39.17 39.1 38.95 38.87 38.82 38.74 38.71 38.7 38.73 38.83 38.93 39.02 39.06 39.06 38.93 38.78 38.81 38.86 38.89 38.91 38.92 38.95 38.95 38.91 38.88 38.85 38.83 38.81 38.8 38.77 38.75 38.74 38.72 38.7 38.71 38.72 38.76 38.8 38.84 38.86 38.91 38.99 39.05 39.06 39.08 39.08 39.06
40.28 40.27 40.31 40.43 40.53 40.49 40.38 40.29 40.25 40.21 40.21 40.25 40.27 40.33 40.28 40.11 39.99 39.88 39.89 39.9 39.91 39.94 39.99 40.02 40.03 40.02 39.97 39.89 39.75 39.45 39.16 38.95 38.85 38.76 38.71 38.69 38.68 38.7 38.71 38.74 38.82 38.89 38.93 38.98 39.02 38.92 38.79 38.82 38.87 38.89 38.91 38.92 38.96 38.97 38.95 38.9 38.84 38.82 38.81 38.79 38.77 38.75 38.73 38.72 38.74 38.78 38.79 38.8 38.82 38.86 38.88 38.93 39.01 39.07 39.09 39.11 39.12 39.11
40.33 40.31 40.35 40.48 40.56 40.54 40.39 40.29 40.25 40.2 40.19 40.23 40.25 40.28 40.23 40.06 39.9 39.74 39.74 39.74 39.73 39.71 39.74 39.77 39.8 39.8 39.74 39.68 39.56 39.31 39.1 38.96 38.79 38.7 38.67 38.67 38.67 38.71 38.73 38.75 38.82 38.88 38.88 38.92 38.98 38.91 38.81 38.82 38.86 38.89 38.9 38.93 38.96 38.98 38.98 38.94 38.85 38.81 38.8 38.78 38.76 38.74 38.73 38.73 38.79 38.85 38.86 38.86 38.86 38.88 38.9 38.95 39.02 39.08 39.12 39.15 39.19 39.2
40.46 40.46 40.49 40.56 40.58 40.51 40.35 40.24 40.21 40.15 40.13 40.16 40.17 40.16 40.08 39.95 39.81 39.61 39.58 39.56 39.53 39.48 39.47 39.47 39.52 39.55 39.47 39.43 39.32 39.17 39.06 38.98 38.82 38.73 38.7 38.68 38.68 38.72 38.74 38.77 38.84 38.89 38.87 38.89 38.93 38.9 38.81 38.83 38.87 38.89 38.9 38.93 38.96 38.98 38.99 38.96 38.87 38.81 38.8 38.78 38.75 38.73 38.73 38.77 38.86 38.91 38.92 38.93 38.92 38.92 38.93 38.97 39.02 39.07 39.15 39.26 39.38 39.43
40.43 40.46 40.49 40.52 40.5 40.41 40.27 40.2 40.17 40.1 40.06 40.06 40.04 39.96 39.85 39.77 39.66 39.47 39.4 39.37 39.33 39.28 39.25 39.26 39.3 39.32 39.23 39.16 39.06 39.01 38.97 38.93 38.84 38.75 38.72 38.71 38.69 38.73 38.76 38.79 38.86 38.91 38.9 38.9 38.89 38.88 38.84 38.84 38.87 38.89 38.91 38.93 38.96 38.98 39 38.98 38.89 38.81 38.79 38.77 38.75 38.73 38.75 38.83 38.94 38.98 38.99 39 38.99 38.98 38.99 39.06 39.18 39.22 39.32 39.55 39.74 39.81
40.29 40.32 40.33 40.35 40.34 40.28 40.18 40.12 40.08 40.01 39.95 39.92 39.87 39.73 39.61 39.54 39.46 39.3 39.2 39.15 39.12 39.1 39.1 39.12 39.17 39.18 39.12 39.02 38.85 38.8 38.79 38.78 38.78 38.76 38.75 38.73 38.71 38.74 38.8 38.82 38.88 38.95 38.95 38.93 38.88 38.86 38.85 38.84 38.87 38.89 38.91 38.94 38.97 38.98 39 39 38.91 38.82 38.79 38.76 38.74 38.74 38.79 38.92 39.01 39.04 39.06 39.08 39.06 39.08 39.17 39.38 39.6 39.63 39.73 39.96 40.1 40.15
40.17 40.18 40.13 40.11 40.12 40.08 39.99 39.92 39.86 39.75 39.71 39.71 39.66 39.52 39.41 39.37 39.29 39.12 38.99 38.94 38.91 38.93 38.94 38.97 39.04 39.08 39.06 38.95 38.74 38.64 38.6 38.59 38.62 38.71 38.75 38.73 38.68 38.72 38.8 38.84 38.91 38.97 38.97 38.93 38.87 38.84 38.83 38.84 38.87 38.89 38.91 38.94 38.97 38.99 39 39.01 38.95 38.84 38.8 38.76 38.74 38.77 38.86 39 39.07 39.09 39.13 39.18 39.21 39.28 39.54 39.88 40.05 40.07 40.12 40.21 40.26 40.26
40.04 39.99 39.88 39.82 39.82 39.8 39.71 39.63 39.5 39.31 39.37 39.51 39.46 39.34 39.27 39.25 39.16 39 38.86 38.81 38.77 38.79 38.78 38.82 38.88 38.89 38.87 38.78 38.67 38.66 38.56 38.53 38.56 38.66 38.74 38.69 38.61 38.64 38.72 38.82 38.91 38.95 38.93 38.88 38.85 38.83 38.84 38.86 38.89 38.89 38.91 38.94 38.97 38.99 39.01 39.03 38.99 38.89 38.83 38.76 38.76 38.81 38.95 39.09 39.16 39.19 39.28 39.41 39.54 39.65 39.93 40.17 40.21 40.23 40.25 40.26 40.27 40.25
39.84 39.74 39.59 39.49 39.48 39.45 39.38 39.3 39.13 38.88 39.01 39.26 39.26 39.17 39.12 39.11 39.05 38.92 38.81 38.76 38.71 38.69 38.68 38.66 38.64 38.59 38.58 38.53 38.58 38.7 38.62 38.6 38.6 38.67 38.7 38.63 38.56 38.58 38.65 38.76 38.83 38.84 38.83 38.83 38.84 38.83 38.84 38.88 38.93 38.93 38.93 38.93 38.96 38.99 39.01 39.04 39.02 38.94 38.86 38.8 38.84 38.92 39.1 39.25 39.36 39.45 39.62 39.81 39.97 40.03 40.13 40.19 40.19 40.2 40.22 40.24 40.24 40.23
39.55 39.46 39.29 39.14 39.12 39.1 39.06 38.99 38.84 38.63 38.65 38.84 39 38.99 38.92 38.91 38.9 38.85 38.8 38.75 38.66 38.59 38.55 38.54 38.49 38.44 38.48 38.5 38.61 38.74 38.71 38.68 38.63 38.66 38.65 38.58 38.53 38.56 38.61 38.69 38.73 38.71 38.74 38.8 38.83 38.83 38.84 38.88 38.96 39 38.99 38.96 38.96 38.98 38.99 39.03 39.04 39.01 38.96 38.95 39.06 39.2 39.48 39.7 39.8 39.89 40.03 40.11 40.18 40.19 40.19 40.18 40.19 40.19 40.2 40.22 40.24 40.23
39.24 39.17 39 38.84 38.83 38.82 38.83 38.79 38.69 38.61 38.58 38.63 38.72 38.71 38.67 38.72 38.83 38.82 38.77 38.71 38.6 38.54 38.51 38.51 38.47 38.45 38.53 38.58 38.71 38.79 38.76 38.67 38.59 38.63 38.61 38.55 38.52 38.53 38.56 38.62 38.65 38.66 38.7 38.78 38.82 38.82 38.83 38.87 38.97 39.04 39.05 39.04 39.02 39 38.97 39 39.07 39.15 39.24 39.33 39.47 39.62 39.92 40.09 40.12 40.15 40.18 40.19 40.2 40.19 40.19 40.2 40.22 40.22 40.22 40.24 40.26 40.27
38.98 38.92 38.81 38.71 38.7 38.7 38.71 38.69 38.65 38.66 38.7 38.64 38.54 38.52 38.56 38.63 38.75 38.77 38.74 38.7 38.63 38.58 38.57 38.58 38.56 38.53 38.62 38.7 38.71 38.72 38.68 38.57 38.53 38.61 38.6 38.57 38.57 38.54 38.53 38.56 38.61 38.64 38.68 38.76 38.8 38.81 38.82 38.85 38.95 39.03 39.07 39.14 39.18 39.16 39.1 39.13 39.34 39.66 39.86 39.94 40 40.05 40.16 40.2 40.18 40.17 40.16 40.17 40.18 40.18 40.19 40.22 40.24 40.26 40.26 40.27 40.28 40.3
38.78 38.78 38.76 38.73 38.72 38.76 38.81 38.78 38.73 38.77 38.83 38.73 38.55 38.53 38.59 38.62 38.69 38.73 38.73 38.73 38.68 38.62 38.66 38.68 38.69 38.67 38.72 38.78 38.7 38.66 38.62 38.55 38.55 38.6 38.62 38.64 38.67 38.62 38.57 38.54 38.59 38.63 38.67 38.75 38.79 38.8 38.82 38.88 38.97 39.04 39.13 39.31 39.56 39.64 39.68 39.75 39.93 40.12 40.21 40.23 40.23 40.22 40.21 40.2 40.19 40.18 40.16 40.18 40.2 40.2 40.22 40.23 40.25 40.29 40.3 40.3 40.3 40.3
38.65 38.72 38.76 38.76 38.77 38.86 38.94 38.92 38.88 38.91 38.94 38.88 38.73 38.63 38.64 38.67 38.73 38.77 38.76 38.75 38.69 38.65 38.71 38.74 38.75 38.76 38.78 38.79 38.72 38.68 38.66 38.63 38.61 38.62 38.64 38.71 38.75 38.73 38.66 38.58 38.6 38.64 38.68 38.77 38.82 38.83 38.91 39.18 39.45 39.55 39.68 39.84 40.02 40.08 40.15 40.2 40.25 40.25 40.24 40.23 40.22 40.21 40.2 40.2 40.2 40.21 40.2 40.22 40.24 40.24 40.26 40.28 40.29 40.32 40.34 40.35 40.33 40.3
38.68 38.75 38.79 38.79 38.82 38.93 39 38.99 38.98 38.99 38.99 38.97 38.88 38.74 38.72 38.76 38.82 38.84 38.8 38.76 38.74 38.7 38.73 38.78 38.76 38.75 38.75 38.75 38.72 38.72 38.7 38.68 38.65 38.63 38.65 38.72 38.79 38.8 38.73 38.64 38.69 38.73 38.81 39.01 39.2 39.32 39.54 39.8 40 40.06 40.13 40.18 40.2 40.21 40.24 40.26 40.27 40.26 40.23 40.21 40.2 40.2 40.19 40.19 40.2 40.22 40.24 40.25 40.26 40.27 40.3 40.34 40.35 40.36 40.39 40.4 40.38 40.35
38.83 38.86 38.88 38.87 38.89 38.98 39.01 38.99 38.96 38.96 38.97 38.96 38.91 38.82 38.8 38.82 38.86 38.86 38.82 38.76 38.77 38.77 38.77 38.76 38.71 38.66 38.67 38.69 38.7 38.73 38.72 38.71 38.69 38.65 38.66 38.71 38.8 38.85 38.79 38.74 38.86 38.97 39.17 39.48 39.78 39.92 40.09 40.18 40.22 40.22 40.21 40.21 40.2 40.21 40.23 40.24 40.24 40.23 40.2 40.2 40.19 40.19 40.2 40.2 40.21 40.23 40.26 40.28 40.29 40.3 40.33 40.38 40.38 40.39 40.41 40.41 40.4 40.4
38.94 38.95 38.95 38.94 38.95 39 38.98 38.95 38.91 38.91 38.95 38.93 38.88 38.83 38.82 38.83 38.83 38.82 38.79 38.73 38.74 38.76 38.75 38.71 38.66 38.62 38.66 38.73 38.74 38.75 38.75 38.76 38.74 38.67 38.67 38.71 38.79 38.85 38.93 39.11 39.35 39.45 39.63 39.9 40.16 40.21 40.25 40.26 40.26 40.25 40.23 40.22 40.21 40.21 40.22 40.21 40.21 40.19 40.17 40.18 40.19 40.2 40.21 40.22 40.23 40.26 40.29 40.31 40.32 40.33 40.37 40.41 40.41 40.4 40.4 40.39 40.38 40.41
38.99 38.97 38.97 38.98 39 39 38.94 38.92 38.9 38.93 38.95 38.89 38.81 38.78 38.78 38.79 38.79 38.79 38.75 38.67 38.62 38.62 38.63 38.67 38.71 38.72 38.75 38.8 38.8 38.77 38.79 38.82 38.78 38.7 38.73 38.87 39.02 39.11 39.29 39.57 39.86 39.93 40.02 40.16 40.28 40.29 40.28 40.28 40.26 40.24 40.23 40.22 40.21 40.21 40.21 40.2 40.19 40.18 40.17 40.17 40.18 40.21 40.24 40.26 40.27 40.29 40.31 40.34 40.35 40.36 40.4 40.43 40.42 40.41 40.4 40.38 40.38 40.44
38.99 38.96 38.95 38.97 39.01 39 38.95 38.93 38.93 38.97 38.94 38.83 38.75 38.74 38.75 38.75 38.75 38.76 38.72 38.64 38.56 38.5 38.49 38.56 38.72 38.8 38.82 38.87 38.9 38.88 38.92 39.01 39.05 39.05 39.15 39.32 39.49 39.57 39.72 39.92 40.11 40.16 40.21 40.25 40.28 40.28 40.27 40.25 40.23 40.22 40.21 40.21 40.2 40.2 40.2 40.19 40.18 40.19 40.19 40.18 40.19 40.21 40.25 40.29 40.31 40.33 40.35 40.36 40.36 40.37 40.41 40.44 40.43 40.44 40.44 40.42 40.42 40.45
