slabs/58.grd
DSAA
631 301
645150 645780
4948100 4948400
37.52 47.6
[rows 68 to 101 of 301, columns 390 to 467 of 631]
39.57 39.55 39.55 39.56 39.54 39.52 39.56 39.64 39.7 39.75 39.75 39.72 39.68 39.67 39.67 39.69 39.74 39.83 39.9 39.95 40.05 40.12 40.13 40.12 40.11 40.11 40.11 40.12 40.13 40.15 40.16 40.15 40.15 40.15 40.15 40.14 40.13 40.12 40.12 40.13 40.15 40.18 40.19 40.19 40.17 40.2 40.24 40.32 40.35 40.34 40.35 40.34 40.26 40.18 40.15 40.16 40.22 40.27 40.31 40.26 40.23 40.22 40.21 40.2 40.2 40.19 40.18 40.17 40.17 40.16 40.15 40.11 40.07 40.03 39.98 39.97 39.99 40.02
39.58 39.56 39.56 39.56 39.54 39.53 39.58 39.65 39.73 39.76 39.75 39.72 39.69 39.7 39.7 39.7 39.74 39.82 39.88 39.93 40.03 40.11 40.12 40.12 40.11 40.12 40.13 40.14 40.15 40.16 40.16 40.16 40.15 40.15 40.15 40.15 40.14 40.13 40.14 40.14 40.15 40.17 40.17 40.16 40.15 40.18 40.24 40.33 40.37 40.35 40.36 40.38 40.34 40.27 40.19 40.17 40.22 40.28 40.33 40.3 40.26 40.24 40.22 40.21 40.21 40.2 40.19 40.18 40.18 40.18 40.16 40.12 40.06 40.03 39.97 39.93 39.95 40.02
39.58 39.56 39.56 39.56 39.55 39.56 39.62 39.67 39.72 39.72 39.71 39.71 39.71 39.74 39.74 39.74 39.76 39.82 39.88 39.93 40.02 40.09 40.12 40.12 40.12 40.13 40.14 40.15 40.16 40.16 40.16 40.16 40.16 40.15 40.15 40.15 40.14 40.13 40.15 40.16 40.15 40.16 40.15 40.13 40.15 40.19 40.24 40.33 40.37 40.36 40.36 40.4 40.38 40.32 40.2 40.16 40.2 40.25 40.33 40.33 40.3 40.27 40.23 40.22 40.22 40.21 40.2 40.2 40.2 40.2 40.17 40.1 40.06 40.03 39.98 39.93 39.94 40.01
39.58 39.57 39.57 39.57 39.57 39.6 39.66 39.68 39.67 39.65 39.65 39.66 39.7 39.74 39.74 39.73 39.78 39.86 39.93 39.97 40.04 40.07 40.09 40.11 40.14 40.14 40.15 40.16 40.16 40.16 40.16 40.16 40.16 40.15 40.15 40.15 40.14 40.13 40.15 40.15 40.14 40.16 40.14 40.11 40.13 40.19 40.25 40.32 40.36 40.36 40.36 40.41 40.4 40.33 40.19 40.14 40.16 40.21 40.3 40.34 40.33 40.3 40.25 40.23 40.23 40.22 40.22 40.22 40.22 40.21 40.16 40.09 40.08 40.07 40.02 39.97 39.98 40.08
39.6 39.58 39.59 39.58 39.59 39.61 39.63 39.63 39.63 39.64 39.66 39.66 39.68 39.73 39.75 39.76 39.81 39.89 39.97 40.02 40.04 39.99 40 40.08 40.14 40.16 40.16 40.17 40.17 40.16 40.16 40.16 40.16 40.16 40.15 40.15 40.14 40.13 40.13 40.13 40.12 40.15 40.14 40.1 40.1 40.15 40.25 40.31 40.36 40.36 40.38 40.41 40.4 40.33 40.18 40.11 40.13 40.18 40.25 40.29 40.31 40.31 40.3 40.26 40.24 40.24 40.24 40.22 40.22 40.21 40.14 40.09 40.1 40.1 40.05 40.03 40.09 40.34
39.62 39.58 39.57 39.58 39.6 39.6 39.6 39.61 39.62 39.64 39.66 39.67 39.69 39.75 39.79 39.82 39.86 39.9 39.95 39.99 39.98 39.91 39.94 40.04 40.13 40.16 40.17 40.18 40.18 40.17 40.16 40.16 40.16 40.16 40.15 40.14 40.14 40.13 40.12 40.1 40.11 40.13 40.13 40.09 40.07 40.13 40.25 40.32 40.36 40.37 40.4 40.42 40.38 40.31 40.18 40.12 40.13 40.16 40.2 40.25 40.28 40.29 40.31 40.29 40.26 40.23 40.23 40.2 40.2 40.19 40.12 40.09 40.09 40.09 40.23 40.51 40.66 40.94
39.63 39.58 39.57 39.59 39.62 39.61 39.6 39.62 39.64 39.64 39.65 39.67 39.71 39.75 39.8 39.85 39.89 39.91 39.93 39.95 39.93 39.91 39.94 40.03 40.11 40.16 40.17 40.18 40.17 40.17 40.17 40.16 40.16 40.15 40.15 40.14 40.13 40.13 40.12 40.11 40.12 40.13 40.12 40.09 40.06 40.11 40.25 40.34 40.36 40.37 40.4 40.41 40.39 40.33 40.2 40.12 40.12 40.14 40.17 40.21 40.22 40.23 40.25 40.26 40.23 40.19 40.18 40.16 40.15 40.13 40.11 40.11 40.17 40.33 40.73 41.21 41.34 41.49
39.61 39.58 39.59 39.61 39.62 39.6 39.6 39.62 39.65 39.66 39.68 39.7 39.73 39.74 39.78 39.85 39.87 39.88 39.89 39.9 39.91 39.94 39.99 40.08 40.12 40.17 40.18 40.18 40.17 40.17 40.17 40.16 40.16 40.15 40.15 40.14 40.14 40.14 40.14 40.13 40.13 40.13 40.13 40.09 40.07 40.12 40.25 40.37 40.42 40.41 40.41 40.42 40.41 40.36 40.24 40.14 40.13 40.14 40.15 40.16 40.16 40.16 40.18 40.19 40.17 40.13 40.11 40.1 40.1 40.11 40.26 40.46 40.62 40.95 41.31 41.57 41.62 41.67
39.61 39.58 39.59 39.61 39.62 39.6 39.6 39.62 39.65 39.67 39.68 39.68 39.7 39.71 39.74 39.8 39.84 39.85 39.86 39.86 39.89 39.96 40.03 40.12 40.16 40.18 40.19 40.19 40.18 40.18 40.17 40.17 40.16 40.16 40.15 40.15 40.15 40.17 40.17 40.14 40.13 40.13 40.12 40.1 40.11 40.14 40.22 40.36 40.46 40.45 40.44 40.44 40.43 40.38 40.28 40.19 40.18 40.16 40.14 40.14 40.13 40.12 40.12 40.13 40.12 40.11 40.14 40.16 40.25 40.43 40.73 41.13 41.3 41.53 41.61 41.67 41.67 41.69
39.61 39.56 39.55 39.57 39.6 39.6 39.6 39.62 39.66 39.67 39.65 39.62 39.63 39.66 39.68 39.73 39.79 39.81 39.82 39.82 39.85 39.93 39.99 40.1 40.16 40.18 40.19 40.2 40.19 40.19 40.18 40.18 40.17 40.17 40.18 40.18 40.18 40.18 40.16 40.14 40.12 40.11 40.09 40.1 40.14 40.17 40.23 40.36 40.46 40.47 40.47 40.48 40.47 40.43 40.33 40.25 40.23 40.21 40.18 40.14 40.13 40.13 40.14 40.16 40.18 40.27 40.42 40.54 40.76 41.1 41.32 41.57 41.65 41.7 41.67 41.69 41.71 41.71
39.61 39.56 39.54 39.56 39.59 39.6 39.59 39.61 39.66 39.68 39.66 39.6 39.59 39.62 39.63 39.68 39.75 39.78 39.79 39.8 39.84 39.92 39.96 40.03 40.1 40.16 40.17 40.19 40.2 40.21 40.22 40.2 40.17 40.17 40.16 40.14 40.13 40.11 40.1 40.11 40.11 40.1 40.07 40.11 40.16 40.2 40.29 40.39 40.46 40.48 40.49 40.5 40.5 40.47 40.39 40.31 40.3 40.27 40.23 40.19 40.18 40.22 40.29 40.33 40.44 40.72 41.02 41.19 41.36 41.58 41.61 41.68 41.69 41.69 41.66 41.67 41.7 41.72
39.63 39.61 39.59 39.57 39.58 39.59 39.59 39.61 39.67 39.7 39.67 39.62 39.6 39.6 39.61 39.67 39.76 39.81 39.82 39.84 39.88 39.97 39.99 40.02 40.06 40.12 40.15 40.16 40.18 40.18 40.18 40.16 40.14 40.13 40.13 40.1 40.07 40.07 40.07 40.09 40.1 40.09 40.09 40.14 40.2 40.25 40.34 40.42 40.46 40.48 40.5 40.52 40.52 40.51 40.44 40.38 40.36 40.33 40.29 40.25 40.28 40.4 40.61 40.75 40.93 41.34 41.57 41.59 41.64 41.7 41.68 41.69 41.7 41.7 41.68 41.68 41.69 41.71
39.65 39.64 39.63 39.59 39.57 39.58 39.59 39.62 39.69 39.74 39.71 39.66 39.62 39.6 39.62 39.68 39.78 39.84 39.86 39.89 39.93 39.99 40.02 40.05 40.07 40.1 40.13 40.14 40.15 40.16 40.14 40.12 40.1 40.1 40.09 40.07 40.06 40.06 40.07 40.09 40.09 40.09 40.1 40.17 40.23 40.29 40.38 40.44 40.47 40.49 40.52 40.54 40.55 40.55 40.48 40.42 40.4 40.38 40.37 40.37 40.47 40.76 41.16 41.43 41.51 41.66 41.7 41.67 41.68 41.71 41.72 41.7 41.7 41.73 41.73 41.72 41.71 41.72
39.64 39.62 39.62 39.6 39.59 39.59 39.6 39.64 39.75 39.84 39.79 39.7 39.68 39.68 39.7 39.74 39.76 39.79 39.82 39.86 39.91 39.94 39.97 40.01 40.06 40.09 40.11 40.12 40.15 40.16 40.14 40.1 40.08 40.07 40.05 40.05 40.05 40.05 40.06 40.08 40.08 40.07 40.11 40.2 40.25 40.33 40.42 40.46 40.47 40.49 40.54 40.57 40.58 40.58 40.51 40.43 40.42 40.46 40.6 40.74 40.98 41.36 41.56 41.7 41.72 41.71 41.71 41.71 41.71 41.71 41.71 41.71 41.71 41.74 41.77 41.76 41.73 41.72
39.61 39.58 39.59 39.6 39.61 39.61 39.62 39.67 39.79 39.91 39.87 39.81 39.83 39.84 39.82 39.8 39.78 39.76 39.77 39.81 39.86 39.88 39.92 39.96 40.04 40.06 40.08 40.11 40.15 40.17 40.15 40.09 40.07 40.06 40.05 40.04 40.04 40.05 40.07 40.09 40.08 40.06 40.13 40.23 40.28 40.38 40.45 40.47 40.48 40.49 40.54 40.58 40.6 40.63 40.62 40.57 40.56 40.74 41.17 41.4 41.52 41.67 41.69 41.7 41.71 41.71 41.71 41.72 41.73 41.73 41.72 41.73 41.74 41.76 41.78 41.76 41.74 41.72
39.61 39.59 39.6 39.61 39.6 39.59 39.62 39.69 39.79 39.91 39.92 39.93 39.93 39.91 39.86 39.82 39.81 39.79 39.76 39.78 39.82 39.84 39.89 39.95 40.02 40.05 40.08 40.1 40.14 40.16 40.14 40.08 40.06 40.06 40.05 40.04 40.04 40.06 40.09 40.11 40.11 40.11 40.17 40.27 40.33 40.41 40.47 40.48 40.48 40.5 40.56 40.62 40.64 40.81 41.13 41.29 41.28 41.38 41.61 41.72 41.72 41.72 41.72 41.72 41.72 41.72 41.72 41.73 41.75 41.75 41.73 41.73 41.74 41.75 41.77 41.77 41.76 41.73
39.64 39.62 39.62 39.63 39.62 39.61 39.63 39.68 39.77 39.88 39.93 39.96 39.91 39.87 39.83 39.82 39.82 39.81 39.77 39.77 39.79 39.81 39.87 39.95 40.02 40.05 40.08 40.09 40.12 40.13 40.1 40.06 40.06 40.06 40.07 40.07 40.08 40.08 40.12 40.17 40.2 40.25 40.27 40.32 40.37 40.44 40.47 40.48 40.48 40.52 40.71 40.97 41.08 41.33 41.6 41.73 41.72 41.71 41.72 41.72 41.72 41.73 41.73 41.74 41.75 41.74 41.75 41.76 41.78 41.77 41.72 41.71 41.71 41.75 41.79 41.8 41.8 41.78
39.63 39.61 39.61 39.61 39.62 39.61 39.62 39.66 39.71 39.81 39.91 39.92 39.85 39.83 39.81 39.81 39.81 39.81 39.78 39.77 39.77 39.8 39.86 39.94 40.01 40.05 40.08 40.07 40.09 40.09 40.08 40.06 40.06 40.06 40.09 40.12 40.13 40.13 40.16 40.24 40.3 40.35 40.33 40.36 40.4 40.43 40.42 40.45 40.51 40.72 41.14 41.47 41.54 41.66 41.72 41.73 41.73 41.73 41.75 41.75 41.75 41.75 41.76 41.77 41.77 41.75 41.76 41.79 41.83 41.82 41.77 41.74 41.73 41.77 41.81 41.82 41.84 41.83
39.61 39.6 39.59 39.58 39.59 39.59 39.61 39.64 39.68 39.76 39.88 39.86 39.81 39.81 39.8 39.8 39.8 39.8 39.79 39.77 39.76 39.78 39.84 39.92 39.99 40.03 40.06 40.05 40.05 40.04 40.03 40.05 40.04 40.05 40.12 40.17 40.19 40.19 40.23 40.31 40.33 40.32 40.38 40.54 40.63 40.75 40.78 40.81 40.89 41.16 41.51 41.68 41.7 41.73 41.73 41.73 41.73 41.76 41.79 41.79 41.78 41.78 41.8 41.8 41.78 41.77 41.79 41.82 41.87 41.86 41.83 41.81 41.78 41.8 41.82 41.8 41.81 41.84
39.59 39.59 39.58 39.58 39.59 39.59 39.6 39.64 39.68 39.74 39.83 39.82 39.79 39.79 39.79 39.79 39.79 39.79 39.78 39.77 39.76 39.77 39.82 39.9 39.96 40 40.01 39.98 39.98 39.97 40 40.03 40.03 40.09 40.21 40.26 40.29 40.33 40.38 40.44 40.42 40.38 40.57 40.88 41.05 41.3 41.39 41.4 41.44 41.56 41.69 41.72 41.72 41.74 41.71 41.71 41.73 41.77 41.81 41.81 41.79 41.79 41.82 41.81 41.8 41.81 41.86 41.86 41.86 41.84 41.84 41.84 41.83 41.82 41.81 41.77 41.77 41.83
39.57 39.59 39.59 39.59 39.6 39.6 39.62 39.64 39.68 39.73 39.8 39.79 39.78 39.78 39.78 39.77 39.77 39.77 39.77 39.77 39.77 39.77 39.8 39.87 39.92 39.97 39.96 39.93 39.94 39.99 40.05 40.08 40.08 40.15 40.31 40.38 40.39 40.45 40.52 40.59 40.6 40.66 40.94 41.28 41.41 41.6 41.67 41.69 41.71 41.74 41.76 41.75 41.73 41.73 41.7 41.7 41.74 41.78 41.8 41.8 41.8 41.8 41.83 41.82 41.81 41.84 41.88 41.87 41.82 41.8 41.8 41.81 41.82 41.81 41.81 41.8 41.8 41.84
39.55 39.57 39.6 39.6 39.6 39.61 39.63 39.64 39.68 39.72 39.78 39.77 39.77 39.77 39.76 39.76 39.76 39.76 39.76 39.77 39.77 39.77 39.8 39.85 39.88 39.91 39.95 39.96 39.98 40.05 40.11 40.15 40.18 40.28 40.45 40.53 40.53 40.58 40.66 40.72 40.83 41.06 41.35 41.57 41.61 41.68 41.74 41.75 41.76 41.78 41.79 41.77 41.74 41.72 41.71 41.72 41.74 41.77 41.8 41.8 41.81 41.83 41.84 41.83 41.82 41.83 41.86 41.85 41.82 41.81 41.81 41.81 41.81 41.81 41.83 41.85 41.87 41.89
39.54 39.56 39.59 39.59 39.59 39.61 39.63 39.65 39.67 39.7 39.75 39.75 39.75 39.75 39.75 39.75 39.75 39.75 39.75 39.76 39.77 39.78 39.79 39.83 39.84 39.88 39.94 39.97 40.01 40.09 40.16 40.21 40.27 40.44 40.63 40.69 40.75 40.88 40.99 41.03 41.17 41.43 41.6 41.68 41.7 41.72 41.77 41.77 41.74 41.76 41.78 41.77 41.74 41.72 41.75 41.75 41.76 41.78 41.79 41.8 41.82 41.84 41.83 41.83 41.84 41.85 41.87 41.87 41.86 41.86 41.86 41.84 41.82 41.82 41.83 41.86 41.89 41.88
39.51 39.54 39.59 39.59 39.6 39.61 39.63 39.64 39.66 39.68 39.72 39.74 39.74 39.74 39.74 39.74 39.75 39.76 39.77 39.78 39.79 39.8 39.8 39.82 39.84 39.89 39.92 39.94 39.98 40.08 40.19 40.27 40.36 40.61 40.85 40.93 41.03 41.26 41.4 41.43 41.51 41.62 41.68 41.72 41.75 41.76 41.78 41.77 41.73 41.74 41.77 41.76 41.74 41.74 41.79 41.78 41.78 41.79 41.78 41.8 41.84 41.85 41.84 41.84 41.89 41.92 41.89 41.85 41.88 41.88 41.88 41.86 41.84 41.85 41.85 41.85 41.85 41.84
39.5 39.53 39.59 39.62 39.62 39.62 39.62 39.63 39.67 39.67 39.69 39.73 39.73 39.74 39.75 39.76 39.77 39.78 39.79 39.8 39.81 39.82 39.82 39.83 39.85 39.87 39.89 39.92 39.96 40.1 40.26 40.33 40.49 40.87 41.14 41.24 41.37 41.54 41.65 41.66 41.66 41.68 41.7 41.74 41.78 41.77 41.77 41.75 41.71 41.72 41.75 41.75 41.75 41.76 41.78 41.77 41.76 41.79 41.79 41.81 41.87 41.89 41.89 41.9 41.91 41.93 41.91 41.87 41.87 41.87 41.87 41.85 41.86 41.9 41.88 41.84 41.82 41.81
39.49 39.52 39.58 39.64 39.64 39.64 39.65 39.67 39.69 39.67 39.66 39.7 39.72 39.75 39.77 39.78 39.79 39.8 39.82 39.83 39.83 39.84 39.83 39.83 39.84 39.86 39.93 40 40.04 40.22 40.43 40.47 40.72 41.2 41.44 41.5 41.61 41.69 41.74 41.74 41.72 41.7 41.72 41.75 41.78 41.77 41.78 41.75 41.7 41.71 41.74 41.77 41.79 41.78 41.8 41.78 41.78 41.81 41.81 41.84 41.89 41.89 41.9 41.91 41.92 41.93 41.92 41.89 41.86 41.86 41.85 41.84 41.85 41.87 41.85 41.82 41.82 41.81
39.5 39.53 39.6 39.65 39.65 39.67 39.69 39.68 39.68 39.67 39.67 39.67 39.69 39.74 39.78 39.8 39.81 39.83 39.84 39.85 39.86 39.86 39.85 39.84 39.87 39.94 40.03 40.12 40.2 40.45 40.69 40.78 41.07 41.5 41.66 41.67 41.7 41.73 41.77 41.77 41.75 41.74 41.75 41.76 41.79 41.79 41.78 41.75 41.73 41.76 41.76 41.79 41.83 41.87 41.88 41.85 41.84 41.85 41.86 41.88 41.89 41.88 41.88 41.9 41.93 41.92 41.91 41.88 41.84 41.83 41.83 41.83 41.82 41.81 41.79 41.79 41.82 41.81
39.55 39.57 39.62 39.65 39.65 39.67 39.69 39.7 39.7 39.72 39.73 39.7 39.71 39.75 39.79 39.81 39.82 39.85 39.87 39.88 39.89 39.88 39.87 39.88 39.95 40.06 40.13 40.26 40.46 40.77 41.05 41.18 41.46 41.68 41.74 41.74 41.73 41.74 41.76 41.76 41.76 41.76 41.77 41.77 41.79 41.82 41.79 41.79 41.8 41.81 41.79 41.81 41.83 41.86 41.87 41.88 41.88 41.89 41.91 41.92 41.91 41.9 41.89 41.89 41.91 41.9 41.89 41.86 41.82 41.81 41.82 41.82 41.81 41.78 41.76 41.77 41.8 41.8
39.59 39.61 39.62 39.62 39.63 39.65 39.67 39.71 39.73 39.78 39.82 39.79 39.8 39.82 39.84 39.85 39.85 39.86 39.88 39.88 39.88 39.87 39.87 39.92 40.02 40.21 40.33 40.55 40.94 41.17 41.39 41.51 41.68 41.74 41.75 41.75 41.75 41.75 41.74 41.74 41.75 41.77 41.77 41.76 41.79 41.83 41.8 41.8 41.81 41.79 41.79 41.81 41.81 41.8 41.83 41.89 41.89 41.87 41.89 41.92 41.91 41.9 41.88 41.88 41.88 41.86 41.85 41.84 41.82 41.81 41.81 41.8 41.8 41.79 41.76 41.75 41.77 41.77
39.63 39.63 39.64 39.63 39.64 39.65 39.66 39.71 39.75 39.81 39.87 39.86 39.86 39.9 39.92 39.92 39.9 39.88 39.87 39.86 39.87 39.91 39.98 40.08 40.23 40.53 40.79 41.06 41.49 41.55 41.64 41.69 41.75 41.76 41.78 41.78 41.77 41.77 41.76 41.76 41.77 41.78 41.76 41.78 41.83 41.89 41.85 41.8 41.81 41.81 41.81 41.82 41.82 41.82 41.85 41.9 41.89 41.86 41.87 41.91 41.9 41.87 41.85 41.84 41.84 41.83 41.83 41.81 41.8 41.79 41.79 41.78 41.79 41.79 41.78 41.76 41.77 41.76
39.64 39.66 39.69 39.7 39.7 39.71 39.72 39.77 39.79 39.84 39.88 39.88 39.89 39.94 39.97 39.95 39.92 39.89 39.87 39.87 39.97 40.23 40.48 40.62 40.78 40.97 41.27 41.47 41.73 41.71 41.68 41.7 41.76 41.8 41.82 41.81 41.8 41.8 41.8 41.79 41.79 41.8 41.79 41.82 41.87 41.91 41.88 41.81 41.82 41.85 41.86 41.85 41.85 41.84 41.87 41.91 41.92 41.95 41.98 41.99 41.91 41.84 41.83 41.8 41.8 41.81 41.81 41.78 41.76 41.76 41.77 41.76 41.76 41.77 41.79 41.76 41.74 41.73
39.6 39.68 39.75 39.76 39.76 39.77 39.81 39.86 39.88 39.9 39.9 39.89 39.91 39.95 39.96 39.93 39.92 39.93 39.95 40.04 40.38 40.92 41.28 41.39 41.47 41.49 41.6 41.66 41.73 41.73 41.71 41.73 41.78 41.81 41.82 41.83 41.83 41.8 41.8 41.8 41.8 41.8 41.82 41.86 41.88 41.89 41.87 41.81 41.82 41.86 41.87 41.88 41.86 41.84 41.86 41.9 41.95 42.03 42.08 42.07 41.92 41.83 41.82 41.8 41.8 41.81 41.81 41.8 41.78 41.77 41.76 41.72 41.69 41.69 41.7 41.7 41.7 41.68
39.52 39.69 39.81 39.82 39.81 39.82 39.89 39.95 39.98 40 39.96 39.93 39.93 39.94 39.97 40 40.04 40.18 40.41 40.73 41.29 41.56 41.73 41.76 41.76 41.73 41.73 41.74 41.75 41.74 41.73 41.76 41.79 41.79 41.8 41.83 41.84 41.79 41.78 41.79 41.79 41.81 41.84 41.88 41.88 41.89 41.88 41.86 41.86 41.86 41.88 41.9 41.87 41.84 41.86 41.88 41.89 41.93 41.95 41.93 41.86 41.82 41.81 41.78 41.78 41.79 41.81 41.79 41.77 41.76 41.74 41.7 41.66 41.65 41.64 41.64 41.64 41.64
39.49 39.72 39.83 39.86 39.88 39.92 39.99 40.03 40.06 40.07 40.02 39.98 40 40 40.12 40.45 40.74 41.08 41.3 41.49 41.75 41.77 41.8 41.79 41.74 41.71 41.72 41.73 41.75 41.75 41.73 41.76 41.79 41.78 41.79 41.82 41.83 41.79 41.79 41.8 41.8 41.84 41.86 41.87 41.87 41.88 41.9 41.92 41.9 41.89 41.89 41.9 41.88 41.85 41.86 41.86 41.85 41.86 41.83 41.79 41.79 41.8 41.8 41.77 41.77 41.79 41.8 41.77 41.74 41.72 41.7 41.68 41.65 41.65 41.65 41.64 41.61 41.62
