slabs/59.grd
DSAA
631 301
645150 645780
4948400 4948700
39.66 47.85
[rows 245 to 279 of 300, columns 0 to 77 of 631]
43.42 43.5 43.63 43.65 43.61 43.6 43.6 43.61 43.57 43.46 43.31 43.28 43.26 43.24 43.26 43.26 43.32 43.47 43.61 43.63 43.59 43.46 43.34 43.33 43.27 43.16 43.17 43.23 43.2 43.18 43.21 43.21 43.19 43.21 43.26 43.28 43.3 43.32 43.31 43.29 43.27 43.17 43.06 43.05 43.05 43.01 42.97 42.96 42.94 42.87 42.79 42.78 42.8 42.84 42.87 42.91 42.97 43.02 43.05 43.07 42.98 42.87 42.83 42.79 42.75 42.71 42.7 42.71 42.75 42.78 42.78 42.78 42.74 42.68 42.65 42.67 42.75 42.8
43.42 43.48 43.59 43.62 43.61 43.59 43.55 43.53 43.51 43.41 43.29 43.27 43.23 43.2 43.22 43.18 43.23 43.41 43.58 43.59 43.55 43.43 43.33 43.33 43.31 43.26 43.24 43.24 43.2 43.16 43.13 43.13 43.16 43.23 43.28 43.28 43.25 43.2 43.21 43.23 43.24 43.16 43.07 43.06 43.05 43 42.92 42.9 42.85 42.82 42.78 42.78 42.81 42.84 42.87 42.95 43.03 43.09 43.12 43.13 43.01 42.88 42.84 42.78 42.75 42.73 42.72 42.72 42.76 42.8 42.8 42.81 42.78 42.73 42.65 42.65 42.72 42.77
43.42 43.44 43.47 43.48 43.51 43.52 43.46 43.41 43.39 43.33 43.27 43.26 43.22 43.19 43.2 43.13 43.18 43.37 43.53 43.53 43.49 43.39 43.31 43.29 43.31 43.31 43.29 43.27 43.21 43.14 43.08 43.1 43.15 43.19 43.23 43.25 43.25 43.19 43.17 43.18 43.17 43.13 43.07 43.08 43.07 42.99 42.91 42.85 42.8 42.79 42.77 42.78 42.81 42.85 42.89 42.96 43.01 43.05 43.1 43.13 43.03 42.9 42.85 42.78 42.75 42.74 42.73 42.74 42.77 42.81 42.82 42.8 42.77 42.71 42.59 42.57 42.62 42.7
43.28 43.28 43.27 43.26 43.34 43.46 43.39 43.33 43.3 43.26 43.26 43.26 43.23 43.22 43.23 43.18 43.23 43.36 43.47 43.45 43.4 43.37 43.32 43.31 43.33 43.33 43.31 43.29 43.23 43.13 43.09 43.12 43.16 43.16 43.2 43.24 43.24 43.16 43.14 43.15 43.16 43.14 43.1 43.11 43.09 43.01 42.94 42.86 42.81 42.78 42.78 42.78 42.81 42.85 42.88 42.92 42.93 42.94 42.99 43.06 43.02 42.91 42.85 42.77 42.75 42.74 42.73 42.75 42.79 42.82 42.83 42.79 42.74 42.68 42.56 42.5 42.52 42.61
43.09 43.09 43.09 43.07 43.19 43.39 43.36 43.32 43.28 43.26 43.27 43.27 43.26 43.27 43.28 43.27 43.28 43.32 43.35 43.34 43.34 43.36 43.33 43.34 43.35 43.32 43.28 43.27 43.22 43.12 43.09 43.12 43.18 43.18 43.2 43.24 43.23 43.13 43.1 43.15 43.21 43.18 43.14 43.11 43.07 43 42.96 42.9 42.84 42.82 42.81 42.79 42.8 42.84 42.86 42.88 42.86 42.86 42.88 42.94 42.96 42.89 42.82 42.76 42.77 42.76 42.75 42.78 42.83 42.85 42.84 42.79 42.74 42.69 42.59 42.5 42.47 42.56
43.06 43.08 43.08 43.06 43.15 43.3 43.32 43.32 43.3 43.28 43.29 43.29 43.29 43.3 43.31 43.31 43.3 43.29 43.25 43.26 43.3 43.33 43.31 43.32 43.32 43.28 43.25 43.24 43.19 43.13 43.11 43.13 43.17 43.18 43.2 43.23 43.21 43.12 43.1 43.15 43.2 43.19 43.15 43.09 43.05 42.99 42.97 42.93 42.89 42.87 42.86 42.83 42.82 42.84 42.85 42.86 42.84 42.83 42.84 42.87 42.88 42.85 42.79 42.75 42.78 42.78 42.78 42.8 42.84 42.84 42.83 42.8 42.75 42.71 42.61 42.52 42.46 42.53
43.16 43.17 43.16 43.16 43.2 43.25 43.27 43.32 43.3 43.28 43.29 43.3 43.3 43.31 43.31 43.31 43.31 43.28 43.25 43.25 43.27 43.3 43.29 43.3 43.29 43.26 43.24 43.22 43.18 43.16 43.17 43.16 43.16 43.16 43.18 43.19 43.18 43.13 43.12 43.13 43.13 43.14 43.12 43.09 43.05 43.01 43 42.97 42.93 42.92 42.9 42.88 42.87 42.87 42.9 42.88 42.84 42.84 42.85 42.86 42.86 42.85 42.81 42.77 42.77 42.78 42.79 42.79 42.81 42.82 42.81 42.79 42.77 42.72 42.63 42.51 42.4 42.5
43.25 43.25 43.23 43.23 43.24 43.26 43.28 43.33 43.31 43.28 43.28 43.29 43.3 43.31 43.31 43.31 43.3 43.29 43.27 43.27 43.27 43.27 43.29 43.29 43.29 43.27 43.25 43.24 43.23 43.21 43.22 43.21 43.18 43.16 43.18 43.18 43.16 43.15 43.15 43.14 43.13 43.13 43.12 43.1 43.08 43.05 43.03 43 42.97 42.96 42.95 42.93 42.9 42.9 42.91 42.88 42.85 42.85 42.86 42.86 42.85 42.84 42.81 42.78 42.77 42.77 42.79 42.8 42.81 42.81 42.8 42.79 42.78 42.73 42.63 42.48 42.33 42.44
43.31 43.31 43.29 43.29 43.31 43.33 43.35 43.37 43.36 43.35 43.34 43.34 43.34 43.35 43.37 43.36 43.35 43.35 43.32 43.31 43.3 43.29 43.29 43.3 43.3 43.28 43.28 43.28 43.27 43.26 43.25 43.24 43.21 43.18 43.19 43.19 43.18 43.18 43.17 43.16 43.16 43.16 43.15 43.12 43.08 43.05 43.02 42.98 42.96 42.96 42.95 42.93 42.91 42.89 42.89 42.88 42.88 42.88 42.89 42.89 42.85 42.83 42.8 42.78 42.79 42.8 42.82 42.82 42.82 42.82 42.82 42.8 42.77 42.73 42.63 42.47 42.33 42.41
43.38 43.38 43.37 43.37 43.39 43.4 43.41 43.42 43.42 43.42 43.41 43.41 43.41 43.43 43.44 43.43 43.43 43.43 43.38 43.38 43.4 43.39 43.36 43.36 43.34 43.32 43.31 43.29 43.26 43.26 43.26 43.25 43.23 43.21 43.22 43.22 43.19 43.19 43.17 43.17 43.18 43.16 43.17 43.16 43.14 43.13 43.08 43 42.97 42.96 42.94 42.91 42.92 42.91 42.91 42.9 42.91 42.92 42.93 42.92 42.88 42.84 42.8 42.8 42.81 42.82 42.85 42.83 42.79 42.78 42.79 42.8 42.76 42.73 42.64 42.52 42.43 42.44
43.44 43.43 43.44 43.44 43.44 43.46 43.46 43.46 43.46 43.45 43.44 43.45 43.47 43.48 43.48 43.47 43.48 43.46 43.42 43.44 43.51 43.53 43.5 43.5 43.48 43.44 43.38 43.33 43.27 43.26 43.26 43.25 43.24 43.26 43.3 43.27 43.25 43.25 43.24 43.24 43.24 43.23 43.23 43.24 43.22 43.21 43.17 43.1 43.08 43.07 42.98 42.89 42.89 42.89 42.89 42.88 42.9 42.93 42.96 42.95 42.89 42.85 42.81 42.81 42.83 42.83 42.85 42.84 42.78 42.75 42.74 42.78 42.78 42.76 42.7 42.61 42.54 42.45
43.47 43.48 43.5 43.5 43.49 43.51 43.51 43.5 43.48 43.47 43.47 43.48 43.51 43.52 43.51 43.51 43.5 43.47 43.46 43.49 43.57 43.59 43.56 43.59 43.62 43.59 43.53 43.41 43.32 43.33 43.33 43.32 43.32 43.34 43.35 43.32 43.3 43.31 43.31 43.33 43.33 43.31 43.31 43.3 43.27 43.24 43.22 43.18 43.17 43.15 43.04 42.91 42.87 42.86 42.84 42.84 42.87 42.9 42.95 42.95 42.9 42.86 42.81 42.81 42.83 42.84 42.86 42.87 42.86 42.81 42.77 42.78 42.78 42.77 42.74 42.65 42.57 42.45
43.5 43.52 43.55 43.54 43.53 43.55 43.55 43.53 43.52 43.5 43.49 43.51 43.54 43.55 43.54 43.54 43.52 43.49 43.49 43.51 43.56 43.57 43.55 43.58 43.63 43.63 43.59 43.49 43.42 43.43 43.42 43.4 43.4 43.38 43.36 43.34 43.34 43.36 43.36 43.38 43.36 43.33 43.33 43.32 43.3 43.28 43.25 43.21 43.19 43.17 43.1 42.99 42.91 42.87 42.82 42.82 42.85 42.88 42.94 42.95 42.91 42.88 42.82 42.8 42.82 42.84 42.88 42.91 42.91 42.87 42.81 42.78 42.77 42.74 42.69 42.62 42.56 42.45
43.54 43.55 43.57 43.57 43.57 43.57 43.58 43.57 43.55 43.52 43.51 43.52 43.55 43.56 43.56 43.55 43.53 43.51 43.5 43.52 43.54 43.52 43.52 43.54 43.57 43.59 43.57 43.51 43.47 43.47 43.46 43.43 43.41 43.4 43.39 43.37 43.37 43.38 43.39 43.39 43.37 43.34 43.34 43.34 43.32 43.3 43.27 43.24 43.22 43.2 43.15 43.06 42.95 42.89 42.82 42.82 42.84 42.87 42.94 42.96 42.94 42.92 42.86 42.81 42.83 42.85 42.88 42.91 42.87 42.79 42.77 42.73 42.7 42.65 42.64 42.63 42.58 42.47
43.57 43.57 43.58 43.59 43.6 43.6 43.6 43.59 43.57 43.54 43.52 43.53 43.55 43.56 43.55 43.55 43.54 43.54 43.53 43.53 43.54 43.54 43.53 43.53 43.55 43.56 43.56 43.53 43.49 43.49 43.47 43.44 43.43 43.43 43.42 43.4 43.4 43.39 43.4 43.41 43.39 43.37 43.36 43.35 43.33 43.32 43.29 43.26 43.24 43.22 43.18 43.09 42.99 42.92 42.84 42.83 42.84 42.87 42.92 42.97 42.97 42.96 42.9 42.88 42.91 42.9 42.86 42.82 42.77 42.72 42.72 42.69 42.65 42.6 42.63 42.68 42.63 42.5
43.57 43.57 43.59 43.6 43.62 43.62 43.63 43.61 43.58 43.55 43.53 43.54 43.56 43.58 43.58 43.57 43.55 43.55 43.54 43.53 43.54 43.54 43.54 43.54 43.55 43.57 43.56 43.54 43.52 43.52 43.5 43.46 43.46 43.46 43.45 43.44 43.42 43.41 43.41 43.43 43.42 43.41 43.39 43.38 43.36 43.35 43.32 43.28 43.26 43.24 43.2 43.13 43.04 42.98 42.87 42.83 42.84 42.86 42.91 42.96 42.99 42.99 42.95 42.94 42.95 42.95 42.92 42.84 42.79 42.72 42.71 42.69 42.65 42.62 42.66 42.72 42.67 42.52
43.59 43.57 43.57 43.59 43.62 43.66 43.68 43.67 43.64 43.6 43.58 43.58 43.59 43.61 43.61 43.58 43.56 43.55 43.55 43.54 43.53 43.52 43.53 43.55 43.56 43.58 43.57 43.56 43.54 43.53 43.52 43.49 43.48 43.49 43.5 43.48 43.45 43.43 43.43 43.43 43.43 43.43 43.43 43.42 43.39 43.37 43.33 43.3 43.28 43.26 43.23 43.17 43.08 43 42.87 42.84 42.83 42.84 42.9 42.96 42.98 42.98 42.95 42.93 42.94 42.97 42.97 42.89 42.85 42.78 42.72 42.69 42.67 42.65 42.68 42.72 42.68 42.56
43.61 43.59 43.58 43.59 43.63 43.69 43.73 43.72 43.69 43.65 43.63 43.62 43.6 43.61 43.61 43.6 43.56 43.55 43.55 43.55 43.54 43.53 43.54 43.55 43.57 43.58 43.58 43.57 43.55 43.55 43.53 43.5 43.49 43.5 43.52 43.5 43.46 43.46 43.47 43.46 43.45 43.45 43.46 43.45 43.41 43.4 43.36 43.31 43.29 43.29 43.25 43.17 43.07 42.97 42.85 42.83 42.83 42.84 42.88 42.93 42.94 42.94 42.92 42.92 42.93 42.95 42.94 42.88 42.86 42.83 42.78 42.73 42.7 42.67 42.69 42.7 42.68 42.59
43.64 43.63 43.62 43.64 43.67 43.71 43.74 43.76 43.73 43.68 43.67 43.64 43.62 43.62 43.62 43.6 43.57 43.54 43.54 43.55 43.56 43.55 43.55 43.55 43.57 43.59 43.59 43.58 43.56 43.57 43.55 43.52 43.51 43.51 43.53 43.51 43.47 43.48 43.49 43.48 43.48 43.47 43.47 43.46 43.44 43.44 43.41 43.35 43.32 43.3 43.25 43.2 43.11 42.96 42.84 42.82 42.82 42.84 42.87 42.91 42.92 42.9 42.89 42.91 42.91 42.92 42.91 42.88 42.87 42.86 42.83 42.8 42.75 42.7 42.69 42.67 42.65 42.62
43.64 43.64 43.66 43.68 43.72 43.74 43.76 43.79 43.77 43.72 43.7 43.66 43.65 43.64 43.64 43.61 43.57 43.55 43.55 43.56 43.57 43.56 43.56 43.56 43.58 43.6 43.58 43.57 43.56 43.56 43.55 43.53 43.53 43.53 43.54 43.54 43.52 43.52 43.52 43.51 43.52 43.51 43.49 43.48 43.47 43.46 43.43 43.4 43.36 43.3 43.26 43.24 43.15 42.95 42.82 42.8 42.81 42.83 42.88 42.92 42.92 42.9 42.87 42.88 42.88 42.89 42.89 42.88 42.88 42.87 42.86 42.85 42.82 42.75 42.71 42.67 42.63 42.61
43.66 43.67 43.68 43.68 43.71 43.74 43.77 43.8 43.78 43.74 43.71 43.67 43.66 43.66 43.65 43.62 43.59 43.57 43.57 43.57 43.58 43.58 43.58 43.58 43.61 43.61 43.58 43.57 43.56 43.56 43.55 43.55 43.55 43.55 43.56 43.57 43.57 43.56 43.54 43.54 43.55 43.55 43.52 43.48 43.47 43.46 43.44 43.43 43.4 43.33 43.27 43.21 43.13 42.94 42.82 42.78 42.78 42.81 42.87 42.9 42.9 42.89 42.87 42.87 42.87 42.87 42.87 42.88 42.88 42.87 42.87 42.88 42.87 42.83 42.8 42.74 42.64 42.6
43.68 43.7 43.69 43.67 43.69 43.72 43.75 43.79 43.78 43.74 43.72 43.69 43.66 43.65 43.64 43.61 43.59 43.58 43.58 43.59 43.61 43.64 43.6 43.58 43.61 43.6 43.58 43.57 43.58 43.57 43.58 43.58 43.58 43.58 43.59 43.59 43.6 43.59 43.56 43.53 43.54 43.55 43.54 43.49 43.49 43.47 43.45 43.44 43.4 43.34 43.27 43.18 43.1 42.94 42.82 42.77 42.77 42.79 42.84 42.86 42.87 42.87 42.87 42.87 42.87 42.87 42.86 42.87 42.89 42.89 42.89 42.89 42.91 42.89 42.86 42.82 42.74 42.64
43.69 43.7 43.7 43.7 43.7 43.71 43.73 43.77 43.77 43.77 43.75 43.7 43.65 43.64 43.64 43.62 43.61 43.59 43.59 43.59 43.6 43.63 43.61 43.58 43.62 43.62 43.58 43.56 43.57 43.58 43.61 43.6 43.6 43.61 43.62 43.61 43.61 43.61 43.59 43.56 43.57 43.57 43.55 43.51 43.5 43.48 43.45 43.43 43.39 43.33 43.27 43.19 43.11 42.95 42.8 42.75 42.75 42.78 42.82 42.86 42.86 42.88 42.9 42.91 42.9 42.88 42.87 42.87 42.89 42.9 42.9 42.91 42.93 42.92 42.88 42.87 42.84 42.76
43.69 43.69 43.7 43.7 43.71 43.72 43.74 43.76 43.78 43.79 43.77 43.71 43.65 43.63 43.64 43.64 43.61 43.59 43.58 43.59 43.59 43.6 43.6 43.6 43.63 43.63 43.59 43.58 43.59 43.6 43.63 43.62 43.61 43.62 43.63 43.63 43.63 43.63 43.63 43.61 43.6 43.58 43.54 43.51 43.5 43.5 43.47 43.43 43.39 43.31 43.24 43.18 43.12 42.96 42.78 42.73 42.73 42.75 42.8 42.85 42.87 42.91 42.96 42.98 42.98 42.95 42.93 42.92 42.9 42.9 42.9 42.9 42.91 42.9 42.88 42.87 42.85 42.79
43.69 43.67 43.67 43.68 43.7 43.73 43.75 43.79 43.8 43.79 43.77 43.71 43.66 43.64 43.65 43.67 43.64 43.61 43.58 43.57 43.56 43.57 43.59 43.6 43.61 43.62 43.62 43.6 43.61 43.62 43.64 43.65 43.65 43.64 43.64 43.65 43.64 43.64 43.64 43.63 43.61 43.57 43.53 43.51 43.5 43.49 43.47 43.43 43.39 43.29 43.19 43.14 43.09 42.94 42.77 42.71 42.71 42.73 42.76 42.8 42.87 42.94 42.99 43.02 43.05 42.99 42.95 42.94 42.93 42.91 42.89 42.88 42.87 42.86 42.86 42.85 42.83 42.81
43.69 43.65 43.65 43.67 43.69 43.73 43.75 43.8 43.83 43.81 43.77 43.71 43.7 43.68 43.66 43.66 43.64 43.63 43.61 43.57 43.55 43.56 43.58 43.6 43.61 43.63 43.65 43.61 43.61 43.63 43.66 43.68 43.68 43.65 43.65 43.66 43.66 43.64 43.63 43.63 43.62 43.58 43.54 43.52 43.5 43.49 43.48 43.44 43.39 43.26 43.15 43.12 43.07 42.93 42.77 42.71 42.7 42.72 42.75 42.79 42.88 42.96 42.98 42.99 43 42.96 42.94 42.93 42.92 42.89 42.86 42.84 42.83 42.84 42.85 42.84 42.84 42.86
43.71 43.68 43.68 43.69 43.69 43.71 43.73 43.8 43.85 43.85 43.79 43.72 43.71 43.7 43.67 43.65 43.64 43.64 43.63 43.6 43.58 43.59 43.59 43.6 43.61 43.65 43.67 43.63 43.64 43.65 43.68 43.7 43.69 43.66 43.66 43.66 43.66 43.66 43.64 43.64 43.62 43.59 43.55 43.52 43.52 43.51 43.49 43.44 43.38 43.21 43.09 43.09 43.05 42.93 42.82 42.76 42.71 42.72 42.76 42.79 42.87 42.94 42.96 42.95 42.93 42.92 42.9 42.89 42.87 42.86 42.83 42.82 42.81 42.82 42.84 42.84 42.86 42.89
43.74 43.73 43.72 43.7 43.7 43.7 43.72 43.79 43.83 43.83 43.79 43.74 43.72 43.72 43.68 43.66 43.67 43.67 43.66 43.63 43.62 43.62 43.61 43.6 43.61 43.65 43.68 43.66 43.67 43.67 43.68 43.69 43.68 43.67 43.68 43.67 43.67 43.67 43.66 43.65 43.63 43.6 43.58 43.55 43.52 43.49 43.45 43.4 43.34 43.18 43.07 43.04 42.98 42.91 42.83 42.76 42.68 42.7 42.74 42.77 42.84 42.89 42.91 42.9 42.89 42.86 42.83 42.82 42.81 42.8 42.79 42.79 42.79 42.8 42.82 42.84 42.87 42.91
43.77 43.76 43.73 43.7 43.71 43.72 43.75 43.79 43.81 43.81 43.79 43.75 43.73 43.72 43.69 43.67 43.68 43.67 43.66 43.64 43.63 43.62 43.61 43.6 43.6 43.63 43.67 43.67 43.67 43.66 43.66 43.66 43.67 43.67 43.68 43.68 43.69 43.68 43.67 43.66 43.64 43.6 43.58 43.56 43.51 43.46 43.41 43.37 43.31 43.18 43.07 43.01 42.93 42.85 42.77 42.71 42.65 42.69 42.72 42.75 42.8 42.83 42.82 42.82 42.8 42.77 42.75 42.75 42.74 42.72 42.72 42.75 42.76 42.75 42.79 42.85 42.9 42.94
43.79 43.77 43.74 43.71 43.71 43.72 43.75 43.79 43.82 43.82 43.8 43.76 43.74 43.72 43.69 43.67 43.68 43.67 43.66 43.64 43.63 43.62 43.61 43.6 43.61 43.63 43.65 43.65 43.65 43.65 43.66 43.65 43.65 43.67 43.68 43.67 43.68 43.68 43.67 43.65 43.64 43.6 43.57 43.56 43.51 43.44 43.4 43.38 43.31 43.2 43.11 43.04 42.92 42.81 42.71 42.66 42.62 42.67 42.71 42.73 42.77 42.77 42.76 42.74 42.7 42.68 42.67 42.68 42.68 42.66 42.67 42.71 42.72 42.72 42.78 42.88 42.93 42.98
43.78 43.77 43.75 43.73 43.71 43.72 43.75 43.79 43.83 43.83 43.81 43.78 43.75 43.74 43.7 43.68 43.69 43.69 43.66 43.65 43.65 43.64 43.63 43.62 43.63 43.65 43.65 43.64 43.64 43.66 43.68 43.67 43.67 43.67 43.66 43.65 43.66 43.67 43.65 43.62 43.63 43.61 43.59 43.56 43.5 43.44 43.4 43.37 43.29 43.19 43.11 43.04 42.91 42.77 42.69 42.65 42.6 42.64 42.69 42.7 42.73 42.74 42.72 42.7 42.65 42.63 42.62 42.63 42.64 42.62 42.64 42.68 42.7 42.71 42.79 42.92 42.96 43
43.79 43.77 43.75 43.73 43.72 43.73 43.76 43.79 43.82 43.82 43.81 43.79 43.75 43.74 43.71 43.7 43.71 43.7 43.67 43.66 43.67 43.66 43.64 43.62 43.62 43.64 43.65 43.64 43.64 43.66 43.69 43.69 43.68 43.67 43.65 43.65 43.66 43.64 43.61 43.61 43.6 43.58 43.57 43.54 43.48 43.44 43.4 43.37 43.3 43.2 43.11 43.04 42.89 42.75 42.7 42.66 42.6 42.62 42.66 42.67 42.7 42.71 42.7 42.67 42.63 42.59 42.58 42.6 42.62 42.62 42.61 42.63 42.67 42.71 42.78 42.9 42.96 42.98
43.8 43.78 43.74 43.74 43.74 43.75 43.77 43.79 43.81 43.81 43.81 43.78 43.75 43.74 43.71 43.7 43.71 43.7 43.68 43.68 43.68 43.67 43.63 43.6 43.6 43.61 43.63 43.65 43.64 43.65 43.68 43.68 43.68 43.66 43.64 43.65 43.64 43.62 43.59 43.59 43.57 43.55 43.54 43.52 43.48 43.45 43.41 43.38 43.31 43.23 43.15 43.08 42.91 42.76 42.71 42.67 42.61 42.62 42.63 42.65 42.67 42.67 42.66 42.63 42.59 42.57 42.57 42.59 42.59 42.57 42.58 42.6 42.62 42.66 42.73 42.9 43.02 43.05
43.78 43.77 43.75 43.75 43.73 43.75 43.77 43.79 43.8 43.81 43.81 43.8 43.78 43.76 43.73 43.7 43.7 43.7 43.69 43.72 43.71 43.67 43.63 43.62 43.61 43.6 43.63 43.64 43.63 43.62 43.64 43.66 43.65 43.62 43.6 43.61 43.63 43.61 43.58 43.57 43.56 43.53 43.51 43.5 43.49 43.45 43.4 43.36 43.3 43.23 43.17 43.1 42.93 42.77 42.71 42.68 42.63 42.62 42.61 42.64 42.64 42.61 42.6 42.57 42.55 42.56 42.56 42.58 42.59 42.58 42.58 42.58 42.59 42.63 42.72 42.9 43.03 43.08
43.78 43.78 43.77 43.77 43.75 43.75 43.77 43.78 43.8 43.82 43.84 43.83 43.81 43.76 43.73 43.71 43.71 43.72 43.72 43.75 43.74 43.69 43.65 43.64 43.62 43.6 43.6 43.61 43.6 43.59 43.6 43.62 43.6 43.57 43.57 43.58 43.59 43.58 43.55 43.55 43.54 43.51 43.49 43.49 43.47 43.43 43.38 43.35 43.28 43.22 43.19 43.13 42.94 42.75 42.68 42.65 42.63 42.6 42.59 42.61 42.61 42.59 42.57 42.54 42.53 42.54 42.55 42.56 42.57 42.58 42.59 42.58 42.6 42.65 42.76 42.92 43 43.04
