slabs/59.grd
DSAA
631 301
645150 645780
4948400 4948700
39.66 47.85
[rows 0 to 34 of 300, columns 312 to 389 of 631]
40.03 40.06 40.11 40.08 40.05 40.05 40.01 39.99 39.98 39.97 39.95 39.94 39.91 39.86 39.77 39.73 39.91 39.95 39.97 39.98 39.98 39.98 39.99 40.01 40.03 40.03 40.05 40.07 40.06 40.07 40.07 40.08 40.08 40.11 40.17 40.21 40.22 40.23 40.26 40.27 40.26 40.24 40.2 40.16 40.14 40.14 40.14 40.14 40.12 40.13 40.15 40.15 40.12 40.11 40.12 40.15 40.14 40.11 40.08 40.06 40.04 40 40.01 40.06 40.05 40.03 40.03 40.05 40.08 40.12 40.15 40.16 40.14 40.13 40.16 40.18 40.15 40.16
40.05 40.08 40.1 40.08 40.06 40.07 40.04 40.02 40.01 39.99 39.97 39.95 39.92 39.87 39.78 39.73 39.89 39.96 39.96 39.97 39.98 39.99 40 40.01 40.03 40.04 40.06 40.08 40.06 40.06 40.08 40.09 40.08 40.11 40.18 40.22 40.22 40.23 40.25 40.26 40.26 40.26 40.24 40.2 40.17 40.16 40.17 40.17 40.15 40.15 40.17 40.17 40.15 40.14 40.14 40.16 40.16 40.13 40.1 40.08 40.06 40.02 40.03 40.06 40.06 40.05 40.05 40.07 40.09 40.12 40.15 40.17 40.17 40.17 40.2 40.19 40.16 40.17
40.07 40.07 40.08 40.08 40.07 40.09 40.07 40.04 40.03 40.01 39.99 39.97 39.94 39.9 39.79 39.72 39.89 39.97 39.97 39.98 39.98 39.97 39.98 40.02 40.04 40.05 40.07 40.08 40.06 40.06 40.08 40.11 40.11 40.13 40.18 40.21 40.22 40.23 40.25 40.26 40.27 40.27 40.26 40.22 40.19 40.17 40.14 40.14 40.15 40.17 40.2 40.22 40.19 40.15 40.16 40.17 40.17 40.15 40.12 40.1 40.07 40.03 40.05 40.06 40.07 40.07 40.06 40.07 40.1 40.14 40.17 40.18 40.18 40.19 40.21 40.19 40.17 40.18
40.07 40.07 40.08 40.09 40.1 40.11 40.09 40.04 40.04 40.03 40 39.97 39.96 39.93 39.83 39.74 39.89 39.98 39.99 40.01 39.99 39.96 39.99 40.04 40.08 40.08 40.08 40.09 40.07 40.08 40.09 40.11 40.13 40.14 40.15 40.18 40.21 40.23 40.27 40.28 40.27 40.26 40.24 40.22 40.21 40.18 40.13 40.14 40.16 40.19 40.22 40.24 40.21 40.15 40.16 40.17 40.17 40.17 40.14 40.12 40.09 40.05 40.05 40.07 40.07 40.07 40.07 40.08 40.1 40.15 40.19 40.18 40.17 40.18 40.2 40.19 40.18 40.19
40.09 40.08 40.09 40.1 40.11 40.13 40.1 40.06 40.04 40.03 40 39.98 39.97 39.95 39.85 39.75 39.89 39.97 40 40.02 40.01 39.99 40.01 40.07 40.11 40.11 40.1 40.1 40.1 40.11 40.12 40.12 40.13 40.13 40.14 40.17 40.21 40.23 40.28 40.28 40.27 40.26 40.23 40.21 40.21 40.19 40.17 40.18 40.19 40.2 40.24 40.25 40.22 40.17 40.15 40.16 40.17 40.18 40.15 40.12 40.1 40.06 40.05 40.07 40.07 40.08 40.08 40.08 40.09 40.15 40.2 40.2 40.19 40.2 40.22 40.21 40.2 40.21
40.12 40.1 40.1 40.1 40.11 40.12 40.12 40.08 40.04 40.04 40.02 39.99 40 39.98 39.86 39.74 39.87 39.97 40.01 40.03 40.02 40.03 40.04 40.09 40.11 40.11 40.12 40.12 40.12 40.13 40.13 40.13 40.13 40.14 40.16 40.19 40.23 40.25 40.28 40.29 40.28 40.27 40.23 40.2 40.2 40.19 40.2 40.22 40.21 40.21 40.24 40.26 40.23 40.18 40.16 40.17 40.18 40.19 40.16 40.13 40.11 40.06 40.04 40.05 40.07 40.08 40.07 40.08 40.11 40.17 40.2 40.2 40.21 40.21 40.21 40.21 40.2 40.22
40.14 40.11 40.12 40.12 40.11 40.12 40.13 40.1 40.06 40.07 40.04 40 40.01 40 39.86 39.73 39.85 39.95 40.01 40.03 40.02 40.03 40.04 40.07 40.08 40.09 40.13 40.12 40.11 40.13 40.14 40.15 40.15 40.16 40.19 40.23 40.25 40.26 40.28 40.27 40.27 40.28 40.24 40.2 40.2 40.2 40.22 40.25 40.23 40.22 40.23 40.23 40.22 40.19 40.18 40.19 40.2 40.2 40.16 40.14 40.12 40.08 40.04 40.05 40.08 40.09 40.08 40.09 40.12 40.17 40.2 40.2 40.22 40.21 40.18 40.18 40.21 40.23
40.16 40.13 40.14 40.15 40.13 40.14 40.14 40.11 40.08 40.1 40.07 40.04 40.04 40.03 39.91 39.76 39.83 39.92 40 40.02 40.01 40.01 40.04 40.05 40.04 40.07 40.12 40.12 40.12 40.13 40.15 40.16 40.17 40.19 40.2 40.21 40.23 40.26 40.28 40.27 40.27 40.29 40.26 40.22 40.21 40.22 40.22 40.22 40.23 40.23 40.22 40.21 40.21 40.2 40.19 40.2 40.21 40.21 40.17 40.15 40.14 40.12 40.08 40.08 40.09 40.1 40.09 40.09 40.12 40.17 40.2 40.2 40.21 40.22 40.2 40.21 40.23 40.24
40.17 40.14 40.15 40.15 40.13 40.13 40.15 40.14 40.11 40.12 40.1 40.07 40.07 40.06 39.96 39.79 39.75 39.84 39.99 40.02 40.02 40.02 40.04 40.05 40.04 40.07 40.12 40.14 40.15 40.15 40.15 40.17 40.19 40.2 40.2 40.19 40.2 40.26 40.28 40.28 40.3 40.32 40.29 40.24 40.23 40.23 40.21 40.18 40.21 40.24 40.24 40.24 40.24 40.22 40.21 40.21 40.22 40.21 40.19 40.19 40.18 40.14 40.11 40.12 40.13 40.11 40.1 40.1 40.11 40.17 40.2 40.2 40.22 40.24 40.25 40.25 40.25 40.25
40.17 40.15 40.16 40.16 40.14 40.15 40.16 40.16 40.12 40.11 40.11 40.09 40.07 40.06 39.99 39.81 39.67 39.77 39.99 40.05 40.06 40.06 40.06 40.06 40.07 40.09 40.13 40.15 40.16 40.15 40.16 40.18 40.18 40.2 40.21 40.21 40.23 40.26 40.27 40.25 40.27 40.31 40.28 40.24 40.24 40.25 40.21 40.18 40.21 40.25 40.25 40.24 40.25 40.25 40.22 40.22 40.23 40.23 40.22 40.22 40.2 40.15 40.13 40.13 40.13 40.11 40.12 40.11 40.11 40.17 40.21 40.22 40.24 40.26 40.27 40.25 40.25 40.25
40.18 40.17 40.18 40.18 40.17 40.16 40.17 40.17 40.14 40.12 40.11 40.11 40.09 40.09 40.03 39.86 39.69 39.78 40 40.08 40.12 40.11 40.09 40.09 40.11 40.12 40.15 40.16 40.15 40.15 40.17 40.17 40.18 40.19 40.21 40.24 40.25 40.27 40.27 40.26 40.27 40.29 40.28 40.24 40.25 40.27 40.25 40.21 40.22 40.25 40.26 40.25 40.24 40.26 40.25 40.25 40.25 40.24 40.22 40.21 40.19 40.16 40.14 40.13 40.12 40.12 40.14 40.14 40.15 40.19 40.21 40.22 40.25 40.27 40.27 40.26 40.25 40.25
40.19 40.19 40.19 40.19 40.18 40.17 40.18 40.17 40.14 40.13 40.13 40.13 40.12 40.11 40.06 39.88 39.68 39.79 40 40.1 40.16 40.14 40.11 40.12 40.14 40.15 40.15 40.16 40.16 40.15 40.17 40.17 40.19 40.21 40.22 40.25 40.26 40.27 40.28 40.27 40.29 40.32 40.31 40.29 40.29 40.29 40.27 40.24 40.24 40.25 40.25 40.25 40.26 40.27 40.28 40.27 40.27 40.26 40.22 40.21 40.2 40.17 40.14 40.14 40.13 40.13 40.16 40.17 40.19 40.2 40.2 40.22 40.26 40.29 40.29 40.27 40.27 40.26
40.2 40.2 40.2 40.2 40.2 40.19 40.19 40.18 40.16 40.15 40.15 40.14 40.13 40.12 40.09 39.89 39.66 39.77 39.99 40.09 40.14 40.13 40.12 40.12 40.14 40.15 40.15 40.17 40.18 40.18 40.18 40.17 40.2 40.22 40.23 40.26 40.25 40.29 40.31 40.31 40.33 40.35 40.34 40.33 40.34 40.33 40.29 40.27 40.26 40.25 40.24 40.25 40.28 40.27 40.27 40.27 40.28 40.27 40.25 40.24 40.22 40.18 40.15 40.15 40.14 40.14 40.16 40.18 40.2 40.19 40.2 40.24 40.27 40.3 40.3 40.29 40.3 40.29
40.22 40.22 40.21 40.21 40.22 40.21 40.2 40.2 40.19 40.18 40.16 40.16 40.14 40.14 40.11 39.92 39.7 39.78 39.97 40.07 40.11 40.11 40.11 40.12 40.13 40.16 40.17 40.19 40.2 40.2 40.2 40.19 40.22 40.25 40.24 40.22 40.24 40.3 40.33 40.33 40.33 40.35 40.35 40.34 40.36 40.37 40.33 40.31 40.28 40.26 40.25 40.25 40.27 40.27 40.27 40.27 40.27 40.28 40.28 40.27 40.25 40.21 40.17 40.16 40.14 40.14 40.16 40.18 40.18 40.18 40.2 40.25 40.27 40.29 40.29 40.31 40.32 40.31
40.23 40.24 40.23 40.23 40.25 40.23 40.2 40.21 40.21 40.19 40.18 40.18 40.14 40.14 40.12 39.96 39.77 39.81 39.97 40.06 40.08 40.09 40.1 40.12 40.14 40.17 40.2 40.21 40.21 40.2 40.2 40.21 40.23 40.26 40.24 40.23 40.26 40.31 40.33 40.33 40.33 40.34 40.35 40.35 40.36 40.37 40.35 40.33 40.3 40.27 40.27 40.27 40.27 40.27 40.27 40.27 40.27 40.29 40.29 40.28 40.26 40.22 40.18 40.17 40.14 40.12 40.15 40.18 40.16 40.17 40.19 40.25 40.28 40.29 40.3 40.31 40.31 40.3
40.24 40.25 40.24 40.24 40.28 40.26 40.22 40.23 40.23 40.21 40.2 40.19 40.15 40.16 40.13 40.05 39.9 39.82 39.94 40.04 40.06 40.09 40.11 40.12 40.16 40.2 40.21 40.22 40.21 40.2 40.21 40.22 40.23 40.26 40.26 40.25 40.28 40.33 40.35 40.34 40.34 40.36 40.37 40.36 40.34 40.34 40.34 40.33 40.31 40.29 40.29 40.3 40.31 40.3 40.27 40.28 40.3 40.31 40.3 40.29 40.26 40.24 40.21 40.19 40.16 40.14 40.16 40.19 40.18 40.17 40.19 40.24 40.28 40.29 40.31 40.33 40.34 40.34
40.25 40.25 40.26 40.26 40.3 40.28 40.25 40.26 40.26 40.24 40.21 40.2 40.18 40.17 40.15 40.11 40.02 39.87 39.94 40.06 40.08 40.1 40.12 40.13 40.16 40.21 40.22 40.22 40.21 40.2 40.22 40.23 40.24 40.26 40.27 40.27 40.28 40.33 40.36 40.36 40.37 40.39 40.4 40.38 40.35 40.34 40.35 40.35 40.33 40.31 40.3 40.31 40.33 40.32 40.29 40.29 40.32 40.32 40.29 40.28 40.27 40.26 40.25 40.2 40.18 40.2 40.22 40.22 40.22 40.22 40.22 40.25 40.29 40.31 40.32 40.34 40.35 40.35
40.27 40.27 40.27 40.28 40.32 40.3 40.27 40.27 40.27 40.25 40.22 40.21 40.21 40.19 40.18 40.15 40.08 39.94 39.96 40.07 40.09 40.12 40.12 40.12 40.15 40.21 40.23 40.23 40.23 40.23 40.23 40.24 40.25 40.26 40.27 40.27 40.29 40.34 40.37 40.37 40.39 40.42 40.43 40.41 40.38 40.36 40.37 40.36 40.34 40.32 40.3 40.3 40.32 40.32 40.31 40.32 40.33 40.32 40.3 40.28 40.29 40.29 40.28 40.24 40.24 40.27 40.27 40.26 40.26 40.27 40.27 40.28 40.31 40.33 40.33 40.33 40.34 40.34
40.28 40.29 40.29 40.29 40.31 40.31 40.29 40.29 40.28 40.24 40.23 40.23 40.22 40.21 40.2 40.19 40.12 39.98 39.96 40.04 40.08 40.13 40.14 40.15 40.17 40.21 40.24 40.24 40.24 40.25 40.25 40.25 40.27 40.27 40.27 40.28 40.31 40.36 40.38 40.38 40.39 40.43 40.44 40.43 40.41 40.4 40.38 40.36 40.34 40.34 40.33 40.32 40.31 40.31 40.31 40.34 40.36 40.36 40.34 40.31 40.32 40.32 40.31 40.29 40.29 40.31 40.3 40.28 40.29 40.3 40.3 40.31 40.33 40.33 40.33 40.33 40.34 40.35
40.3 40.32 40.34 40.31 40.31 40.31 40.31 40.3 40.29 40.27 40.25 40.26 40.25 40.23 40.21 40.21 40.16 40.02 39.98 40.04 40.08 40.14 40.16 40.17 40.18 40.2 40.23 40.23 40.25 40.26 40.26 40.27 40.29 40.29 40.29 40.29 40.32 40.37 40.39 40.38 40.4 40.44 40.45 40.44 40.43 40.42 40.4 40.38 40.35 40.36 40.38 40.35 40.33 40.35 40.35 40.36 40.36 40.38 40.37 40.35 40.34 40.34 40.34 40.33 40.32 40.33 40.31 40.29 40.29 40.31 40.32 40.33 40.34 40.33 40.33 40.34 40.35 40.36
40.33 40.35 40.36 40.34 40.33 40.33 40.32 40.31 40.31 40.3 40.27 40.26 40.26 40.24 40.23 40.24 40.18 40.03 39.97 40.05 40.09 40.15 40.16 40.16 40.17 40.2 40.22 40.23 40.26 40.27 40.26 40.27 40.29 40.3 40.3 40.3 40.33 40.37 40.38 40.38 40.4 40.46 40.49 40.46 40.44 40.44 40.42 40.4 40.37 40.36 40.38 40.39 40.37 40.36 40.36 40.36 40.36 40.38 40.37 40.36 40.35 40.34 40.34 40.35 40.35 40.35 40.33 40.3 40.3 40.32 40.34 40.36 40.35 40.35 40.35 40.36 40.36 40.38
40.35 40.35 40.37 40.35 40.34 40.35 40.34 40.32 40.32 40.32 40.28 40.27 40.26 40.25 40.23 40.24 40.19 40.03 39.97 40.07 40.11 40.15 40.16 40.17 40.18 40.22 40.24 40.24 40.26 40.28 40.27 40.27 40.29 40.3 40.3 40.31 40.34 40.37 40.38 40.38 40.4 40.45 40.47 40.46 40.44 40.45 40.43 40.41 40.39 40.38 40.38 40.39 40.37 40.34 40.35 40.36 40.37 40.36 40.36 40.36 40.36 40.36 40.36 40.37 40.37 40.36 40.34 40.32 40.33 40.33 40.35 40.37 40.37 40.37 40.38 40.38 40.38 40.39
40.36 40.36 40.38 40.36 40.36 40.36 40.35 40.34 40.34 40.33 40.3 40.28 40.28 40.25 40.23 40.22 40.19 40.05 39.95 40.05 40.13 40.19 40.2 40.19 40.18 40.23 40.26 40.26 40.27 40.28 40.29 40.29 40.3 40.3 40.31 40.33 40.36 40.37 40.4 40.4 40.4 40.41 40.42 40.41 40.41 40.42 40.42 40.41 40.39 40.39 40.38 40.37 40.36 40.35 40.35 40.37 40.38 40.37 40.37 40.38 40.39 40.39 40.39 40.39 40.38 40.36 40.35 40.34 40.34 40.34 40.35 40.37 40.39 40.39 40.4 40.39 40.38 40.37
40.36 40.37 40.38 40.37 40.37 40.38 40.38 40.37 40.36 40.34 40.31 40.3 40.29 40.26 40.23 40.22 40.2 40.07 39.92 39.98 40.14 40.21 40.23 40.21 40.19 40.24 40.29 40.29 40.29 40.31 40.34 40.34 40.32 40.33 40.35 40.36 40.37 40.38 40.39 40.4 40.4 40.41 40.4 40.39 40.4 40.41 40.41 40.4 40.4 40.39 40.39 40.38 40.37 40.37 40.37 40.38 40.39 40.41 40.4 40.4 40.41 40.41 40.41 40.4 40.4 40.39 40.38 40.36 40.35 40.34 40.34 40.36 40.37 40.38 40.39 40.39 40.37 40.37
40.38 40.39 40.39 40.38 40.39 40.4 40.4 40.38 40.37 40.35 40.32 40.3 40.3 40.28 40.25 40.24 40.21 40.1 39.95 39.99 40.13 40.19 40.21 40.21 40.21 40.25 40.3 40.31 40.3 40.32 40.35 40.36 40.35 40.36 40.38 40.38 40.38 40.37 40.37 40.39 40.4 40.41 40.41 40.41 40.42 40.43 40.41 40.4 40.41 40.42 40.41 40.4 40.38 40.38 40.39 40.4 40.41 40.42 40.43 40.43 40.41 40.41 40.42 40.42 40.41 40.41 40.39 40.36 40.34 40.34 40.36 40.37 40.36 40.37 40.38 40.38 40.38 40.39
40.41 40.41 40.41 40.41 40.4 40.41 40.41 40.37 40.37 40.37 40.34 40.32 40.32 40.32 40.29 40.27 40.23 40.12 39.96 39.99 40.11 40.18 40.2 40.2 40.22 40.26 40.29 40.3 40.31 40.32 40.34 40.34 40.35 40.37 40.37 40.37 40.38 40.36 40.37 40.4 40.41 40.41 40.42 40.43 40.44 40.44 40.43 40.42 40.42 40.42 40.42 40.41 40.39 40.39 40.41 40.43 40.42 40.43 40.45 40.46 40.42 40.42 40.44 40.45 40.44 40.42 40.4 40.36 40.32 40.32 40.35 40.37 40.37 40.37 40.39 40.39 40.4 40.41
40.44 40.43 40.42 40.43 40.42 40.41 40.41 40.37 40.38 40.38 40.37 40.35 40.34 40.32 40.29 40.28 40.27 40.15 39.98 39.97 40.06 40.16 40.2 40.22 40.23 40.25 40.27 40.28 40.31 40.31 40.32 40.33 40.35 40.38 40.38 40.37 40.38 40.38 40.38 40.41 40.42 40.42 40.43 40.44 40.44 40.44 40.44 40.43 40.42 40.4 40.42 40.45 40.44 40.42 40.44 40.45 40.44 40.44 40.47 40.48 40.45 40.44 40.45 40.46 40.43 40.43 40.42 40.37 40.32 40.32 40.34 40.37 40.36 40.37 40.39 40.41 40.41 40.42
40.46 40.44 40.43 40.44 40.43 40.43 40.44 40.42 40.41 40.39 40.4 40.39 40.35 40.34 40.31 40.31 40.29 40.2 40.06 40.01 40.03 40.16 40.19 40.22 40.24 40.26 40.27 40.28 40.31 40.33 40.32 40.33 40.36 40.38 40.39 40.39 40.39 40.39 40.39 40.41 40.43 40.43 40.43 40.44 40.45 40.45 40.45 40.45 40.42 40.41 40.44 40.48 40.47 40.45 40.45 40.45 40.44 40.44 40.46 40.47 40.45 40.43 40.46 40.49 40.47 40.46 40.44 40.4 40.35 40.34 40.35 40.37 40.35 40.37 40.41 40.45 40.44 40.43
40.48 40.45 40.44 40.45 40.45 40.46 40.47 40.46 40.43 40.41 40.44 40.42 40.38 40.36 40.34 40.33 40.31 40.24 40.11 40.01 40 40.17 40.19 40.21 40.25 40.28 40.29 40.3 40.32 40.34 40.34 40.35 40.36 40.38 40.39 40.41 40.41 40.41 40.42 40.44 40.45 40.45 40.45 40.47 40.48 40.48 40.48 40.47 40.45 40.44 40.45 40.48 40.48 40.47 40.46 40.44 40.43 40.44 40.46 40.45 40.44 40.43 40.46 40.52 40.49 40.47 40.44 40.4 40.35 40.35 40.36 40.37 40.35 40.37 40.42 40.46 40.46 40.44
40.5 40.47 40.46 40.47 40.47 40.47 40.47 40.46 40.43 40.42 40.44 40.42 40.38 40.37 40.36 40.34 40.31 40.25 40.12 40.02 40.02 40.18 40.19 40.21 40.25 40.28 40.3 40.31 40.31 40.33 40.35 40.37 40.39 40.4 40.41 40.44 40.45 40.45 40.46 40.47 40.47 40.47 40.47 40.49 40.51 40.51 40.49 40.49 40.48 40.47 40.48 40.5 40.51 40.51 40.48 40.44 40.42 40.44 40.48 40.48 40.49 40.48 40.48 40.52 40.5 40.48 40.44 40.4 40.36 40.36 40.38 40.39 40.38 40.39 40.41 40.43 40.44 40.44
40.52 40.5 40.49 40.5 40.49 40.48 40.48 40.46 40.44 40.44 40.44 40.43 40.4 40.39 40.4 40.37 40.33 40.27 40.17 40.07 40.05 40.17 40.19 40.23 40.27 40.28 40.29 40.32 40.34 40.36 40.37 40.41 40.43 40.43 40.44 40.46 40.48 40.49 40.49 40.5 40.49 40.47 40.48 40.51 40.53 40.52 40.51 40.52 40.52 40.49 40.48 40.52 40.54 40.52 40.5 40.47 40.44 40.45 40.47 40.49 40.49 40.49 40.49 40.51 40.5 40.48 40.46 40.43 40.4 40.38 40.38 40.4 40.41 40.41 40.42 40.42 40.43 40.45
40.54 40.52 40.51 40.51 40.5 40.5 40.49 40.48 40.46 40.46 40.46 40.44 40.41 40.41 40.41 40.39 40.35 40.33 40.25 40.1 40.05 40.17 40.21 40.26 40.3 40.32 40.32 40.36 40.4 40.41 40.41 40.43 40.45 40.45 40.44 40.45 40.48 40.49 40.49 40.52 40.53 40.48 40.48 40.5 40.51 40.52 40.53 40.52 40.5 40.49 40.48 40.51 40.52 40.53 40.52 40.49 40.47 40.47 40.48 40.5 40.49 40.48 40.48 40.49 40.48 40.47 40.47 40.47 40.44 40.4 40.37 40.39 40.4 40.42 40.43 40.44 40.44 40.46
40.55 40.54 40.53 40.52 40.52 40.51 40.5 40.49 40.48 40.48 40.48 40.46 40.42 40.41 40.41 40.39 40.37 40.37 40.3 40.12 40.04 40.17 40.23 40.3 40.34 40.36 40.36 40.39 40.44 40.44 40.43 40.43 40.45 40.44 40.44 40.46 40.49 40.48 40.49 40.54 40.56 40.51 40.48 40.5 40.51 40.52 40.54 40.53 40.5 40.5 40.5 40.52 40.54 40.55 40.53 40.49 40.47 40.47 40.49 40.53 40.53 40.51 40.47 40.47 40.47 40.47 40.47 40.5 40.49 40.43 40.37 40.36 40.38 40.41 40.44 40.47 40.47 40.47
40.57 40.56 40.54 40.54 40.54 40.52 40.51 40.5 40.5 40.49 40.48 40.47 40.43 40.42 40.41 40.4 40.37 40.37 40.32 40.15 40.06 40.18 40.25 40.33 40.37 40.4 40.4 40.41 40.46 40.47 40.46 40.46 40.48 40.46 40.46 40.47 40.5 40.5 40.5 40.54 40.58 40.55 40.48 40.51 40.53 40.53 40.54 40.56 40.56 40.54 40.51 40.53 40.57 40.56 40.52 40.5 40.49 40.48 40.49 40.52 40.55 40.52 40.48 40.49 40.5 40.5 40.48 40.51 40.51 40.45 40.37 40.37 40.38 40.4 40.44 40.49 40.49 40.49
40.59 40.57 40.54 40.55 40.56 40.54 40.52 40.52 40.51 40.49 40.48 40.48 40.45 40.42 40.42 40.4 40.37 40.37 40.35 40.19 40.07 40.19 40.26 40.34 40.41 40.45 40.43 40.42 40.45 40.47 40.47 40.49 40.51 40.49 40.48 40.48 40.51 40.52 40.51 40.54 40.58 40.56 40.51 40.51 40.55 40.54 40.54 40.55 40.57 40.55 40.52 40.54 40.59 40.57 40.53 40.52 40.52 40.51 40.49 40.5 40.52 40.52 40.5 40.54 40.55 40.54 40.5 40.5 40.51 40.46 40.4 40.42 40.41 40.42 40.46 40.51 40.51 40.52
