slabs/59.grd
DSAA
631 301
645150 645780
4948400 4948700
39.66 47.85
[rows 210 to 244 of 300, columns 390 to 467 of 631]
41.58 41.56 41.56 41.57 41.59 41.56 41.53 41.56 41.58 41.57 41.58 41.59 41.57 41.55 41.57 41.62 41.62 41.62 41.62 41.61 41.62 41.63 41.64 41.63 41.61 41.61 41.64 41.66 41.63 41.54 41.45 41.43 41.39 41.34 41.34 41.35 41.34 41.33 41.34 41.36 41.34 41.33 41.35 41.37 41.4 41.46 41.48 41.5 41.52 41.53 41.52 41.53 41.56 41.58 41.58 41.56 41.54 41.52 41.49 41.5 41.5 41.48 41.48 41.47 41.47 41.48 41.47 41.49 41.52 41.55 41.56 41.57 41.6 41.63 41.64 41.65 41.68 41.71
41.67 41.67 41.68 41.67 41.68 41.67 41.65 41.66 41.68 41.68 41.68 41.67 41.64 41.64 41.66 41.66 41.66 41.68 41.7 41.68 41.66 41.65 41.64 41.64 41.64 41.65 41.67 41.7 41.68 41.6 41.54 41.51 41.46 41.38 41.37 41.37 41.36 41.35 41.37 41.37 41.37 41.35 41.36 41.37 41.4 41.44 41.46 41.48 41.5 41.51 41.52 41.53 41.57 41.6 41.63 41.61 41.59 41.57 41.54 41.55 41.55 41.52 41.53 41.52 41.51 41.54 41.57 41.59 41.61 41.6 41.61 41.64 41.68 41.69 41.68 41.67 41.69 41.72
41.67 41.69 41.72 41.71 41.7 41.7 41.7 41.7 41.68 41.68 41.68 41.69 41.67 41.68 41.68 41.67 41.65 41.68 41.71 41.7 41.69 41.68 41.65 41.65 41.65 41.65 41.68 41.7 41.68 41.63 41.59 41.55 41.5 41.43 41.4 41.4 41.39 41.37 41.4 41.41 41.41 41.4 41.38 41.4 41.44 41.47 41.5 41.5 41.49 41.49 41.5 41.52 41.57 41.61 41.64 41.63 41.62 41.6 41.57 41.58 41.58 41.55 41.55 41.54 41.54 41.55 41.58 41.6 41.62 41.62 41.63 41.66 41.71 41.71 41.69 41.68 41.69 41.71
41.68 41.7 41.72 41.7 41.68 41.67 41.68 41.67 41.66 41.66 41.67 41.66 41.65 41.66 41.66 41.65 41.65 41.67 41.68 41.68 41.68 41.67 41.64 41.63 41.63 41.64 41.67 41.7 41.69 41.65 41.62 41.56 41.52 41.46 41.42 41.4 41.4 41.41 41.44 41.46 41.47 41.47 41.44 41.43 41.45 41.48 41.51 41.5 41.48 41.49 41.5 41.53 41.6 41.65 41.65 41.63 41.63 41.61 41.58 41.58 41.58 41.58 41.57 41.57 41.57 41.58 41.58 41.59 41.61 41.62 41.63 41.65 41.67 41.68 41.69 41.68 41.68 41.7
41.65 41.67 41.67 41.65 41.62 41.63 41.63 41.63 41.63 41.64 41.64 41.63 41.62 41.63 41.64 41.63 41.63 41.65 41.65 41.64 41.64 41.63 41.61 41.59 41.6 41.63 41.65 41.67 41.66 41.65 41.62 41.57 41.52 41.45 41.41 41.38 41.39 41.42 41.45 41.47 41.49 41.5 41.46 41.46 41.47 41.49 41.5 41.49 41.49 41.53 41.56 41.59 41.66 41.69 41.67 41.66 41.65 41.63 41.6 41.59 41.59 41.59 41.59 41.59 41.59 41.6 41.59 41.59 41.6 41.62 41.63 41.64 41.63 41.65 41.66 41.68 41.67 41.68
41.62 41.62 41.63 41.61 41.61 41.61 41.61 41.61 41.61 41.61 41.62 41.62 41.61 41.61 41.62 41.62 41.61 41.62 41.63 41.62 41.62 41.6 41.59 41.59 41.59 41.61 41.62 41.64 41.62 41.61 41.61 41.58 41.53 41.45 41.41 41.4 41.41 41.43 41.44 41.43 41.41 41.43 41.47 41.48 41.5 41.51 41.51 41.51 41.53 41.57 41.62 41.64 41.68 41.7 41.69 41.68 41.66 41.65 41.63 41.62 41.62 41.62 41.61 41.61 41.61 41.6 41.6 41.6 41.61 41.62 41.63 41.64 41.63 41.63 41.65 41.67 41.67 41.67
41.62 41.63 41.62 41.6 41.63 41.62 41.61 41.6 41.6 41.6 41.6 41.62 41.62 41.62 41.62 41.62 41.62 41.62 41.62 41.63 41.62 41.61 41.6 41.6 41.61 41.62 41.63 41.64 41.62 41.61 41.61 41.59 41.55 41.48 41.44 41.44 41.44 41.46 41.45 41.42 41.36 41.38 41.46 41.49 41.53 41.56 41.57 41.57 41.57 41.59 41.63 41.65 41.69 41.7 41.7 41.69 41.68 41.68 41.68 41.66 41.65 41.66 41.65 41.63 41.63 41.63 41.62 41.62 41.63 41.64 41.64 41.64 41.63 41.63 41.65 41.68 41.67 41.67
41.64 41.65 41.63 41.62 41.64 41.63 41.61 41.6 41.6 41.61 41.61 41.62 41.63 41.63 41.63 41.62 41.62 41.62 41.64 41.64 41.63 41.63 41.62 41.62 41.63 41.64 41.64 41.64 41.64 41.62 41.62 41.61 41.58 41.5 41.44 41.46 41.49 41.5 41.48 41.45 41.4 41.39 41.43 41.46 41.52 41.6 41.64 41.63 41.61 41.61 41.64 41.66 41.7 41.72 41.72 41.72 41.71 41.72 41.72 41.7 41.69 41.69 41.68 41.67 41.68 41.68 41.67 41.66 41.66 41.66 41.65 41.65 41.64 41.64 41.67 41.69 41.67 41.67
41.65 41.65 41.64 41.64 41.64 41.63 41.62 41.6 41.61 41.63 41.62 41.63 41.63 41.64 41.64 41.64 41.63 41.62 41.65 41.65 41.64 41.63 41.62 41.63 41.63 41.63 41.62 41.63 41.65 41.65 41.65 41.64 41.6 41.51 41.46 41.5 41.57 41.56 41.54 41.52 41.48 41.45 41.43 41.44 41.52 41.62 41.68 41.67 41.64 41.63 41.65 41.68 41.72 41.74 41.75 41.75 41.74 41.75 41.74 41.74 41.74 41.71 41.71 41.71 41.73 41.74 41.73 41.69 41.67 41.66 41.66 41.65 41.65 41.66 41.69 41.7 41.69 41.69
41.64 41.64 41.64 41.64 41.65 41.64 41.63 41.62 41.62 41.63 41.64 41.67 41.66 41.64 41.64 41.64 41.63 41.62 41.64 41.65 41.65 41.64 41.64 41.65 41.64 41.63 41.61 41.62 41.67 41.68 41.66 41.66 41.62 41.53 41.49 41.53 41.6 41.61 41.63 41.61 41.57 41.53 41.49 41.49 41.53 41.62 41.68 41.69 41.67 41.65 41.65 41.69 41.74 41.76 41.76 41.77 41.77 41.76 41.77 41.78 41.78 41.78 41.77 41.76 41.76 41.75 41.74 41.71 41.69 41.68 41.67 41.66 41.66 41.67 41.7 41.7 41.7 41.71
41.63 41.63 41.63 41.64 41.64 41.64 41.63 41.61 41.61 41.62 41.64 41.68 41.66 41.63 41.63 41.64 41.63 41.64 41.66 41.65 41.65 41.65 41.65 41.65 41.64 41.64 41.62 41.63 41.67 41.68 41.67 41.67 41.63 41.54 41.49 41.53 41.6 41.66 41.72 41.71 41.67 41.61 41.57 41.56 41.56 41.6 41.64 41.68 41.69 41.67 41.67 41.7 41.74 41.77 41.78 41.79 41.81 41.81 41.81 41.82 41.83 41.83 41.82 41.82 41.8 41.76 41.74 41.72 41.71 41.71 41.71 41.7 41.68 41.69 41.72 41.73 41.74 41.74
41.63 41.62 41.62 41.63 41.63 41.63 41.63 41.6 41.61 41.62 41.64 41.66 41.66 41.64 41.64 41.65 41.64 41.64 41.66 41.66 41.65 41.64 41.65 41.64 41.63 41.63 41.63 41.64 41.67 41.68 41.68 41.66 41.61 41.54 41.51 41.55 41.62 41.69 41.79 41.81 41.78 41.7 41.66 41.63 41.6 41.59 41.62 41.67 41.7 41.69 41.69 41.71 41.75 41.78 41.79 41.8 41.84 41.85 41.85 41.86 41.87 41.87 41.87 41.86 41.85 41.8 41.76 41.74 41.73 41.73 41.73 41.73 41.72 41.72 41.73 41.75 41.76 41.77
41.62 41.62 41.6 41.62 41.62 41.63 41.63 41.61 41.62 41.63 41.63 41.64 41.66 41.67 41.65 41.67 41.64 41.63 41.65 41.65 41.65 41.64 41.65 41.65 41.64 41.64 41.64 41.65 41.67 41.68 41.67 41.65 41.59 41.53 41.52 41.56 41.63 41.71 41.83 41.9 41.88 41.79 41.74 41.66 41.62 41.61 41.63 41.68 41.71 41.72 41.73 41.75 41.78 41.8 41.81 41.83 41.86 41.88 41.88 41.88 41.88 41.88 41.87 41.86 41.85 41.82 41.77 41.76 41.76 41.76 41.76 41.76 41.76 41.75 41.75 41.76 41.77 41.78
41.62 41.62 41.62 41.61 41.62 41.63 41.63 41.63 41.63 41.63 41.63 41.63 41.66 41.67 41.65 41.65 41.64 41.63 41.65 41.65 41.65 41.64 41.66 41.66 41.65 41.65 41.66 41.65 41.66 41.67 41.67 41.65 41.59 41.53 41.51 41.54 41.63 41.72 41.82 41.94 41.92 41.83 41.75 41.65 41.63 41.64 41.65 41.69 41.73 41.76 41.79 41.8 41.8 41.8 41.81 41.84 41.87 41.88 41.88 41.88 41.87 41.87 41.85 41.84 41.84 41.81 41.77 41.8 41.81 41.81 41.8 41.79 41.79 41.79 41.79 41.78 41.78 41.79
41.63 41.62 41.62 41.61 41.61 41.63 41.63 41.63 41.63 41.64 41.64 41.64 41.65 41.66 41.64 41.64 41.64 41.64 41.65 41.65 41.65 41.65 41.67 41.67 41.65 41.65 41.66 41.65 41.64 41.67 41.67 41.65 41.61 41.55 41.5 41.54 41.65 41.76 41.83 41.91 41.86 41.77 41.73 41.64 41.63 41.68 41.71 41.75 41.79 41.8 41.82 41.8 41.79 41.79 41.8 41.84 41.87 41.88 41.88 41.87 41.86 41.86 41.85 41.84 41.83 41.8 41.78 41.82 41.86 41.86 41.85 41.84 41.83 41.82 41.82 41.8 41.78 41.79
41.64 41.62 41.62 41.6 41.61 41.63 41.63 41.63 41.64 41.65 41.65 41.64 41.64 41.65 41.63 41.63 41.63 41.63 41.64 41.64 41.64 41.65 41.67 41.67 41.66 41.65 41.67 41.65 41.65 41.68 41.66 41.65 41.62 41.57 41.52 41.52 41.61 41.71 41.76 41.76 41.63 41.55 41.5 41.46 41.56 41.71 41.74 41.78 41.81 41.81 41.81 41.79 41.77 41.77 41.8 41.85 41.88 41.88 41.87 41.86 41.86 41.85 41.84 41.83 41.82 41.79 41.77 41.83 41.88 41.9 41.91 41.89 41.87 41.85 41.83 41.81 41.79 41.79
41.63 41.61 41.62 41.61 41.62 41.63 41.64 41.63 41.64 41.65 41.64 41.63 41.64 41.65 41.63 41.62 41.62 41.62 41.63 41.64 41.65 41.64 41.64 41.65 41.65 41.65 41.68 41.66 41.66 41.69 41.68 41.64 41.6 41.56 41.52 41.49 41.57 41.64 41.66 41.63 41.5 41.41 41.41 41.47 41.63 41.74 41.76 41.78 41.8 41.8 41.8 41.78 41.76 41.77 41.81 41.86 41.88 41.88 41.87 41.86 41.85 41.85 41.84 41.83 41.82 41.79 41.77 41.83 41.89 41.91 41.95 41.95 41.92 41.88 41.85 41.83 41.82 41.81
41.63 41.62 41.64 41.64 41.62 41.62 41.64 41.64 41.63 41.64 41.63 41.63 41.64 41.65 41.63 41.61 41.61 41.62 41.63 41.65 41.65 41.64 41.63 41.64 41.65 41.64 41.65 41.64 41.64 41.66 41.68 41.65 41.6 41.56 41.53 41.5 41.57 41.63 41.64 41.62 41.53 41.45 41.5 41.62 41.73 41.78 41.78 41.78 41.79 41.79 41.79 41.77 41.75 41.77 41.83 41.87 41.88 41.88 41.86 41.85 41.84 41.84 41.83 41.82 41.81 41.78 41.76 41.82 41.88 41.91 41.98 42 41.97 41.9 41.87 41.85 41.84 41.82
41.63 41.62 41.64 41.64 41.61 41.61 41.64 41.64 41.63 41.64 41.65 41.64 41.65 41.65 41.62 41.61 41.6 41.61 41.62 41.64 41.65 41.64 41.63 41.64 41.64 41.62 41.63 41.64 41.64 41.64 41.66 41.65 41.6 41.57 41.53 41.5 41.56 41.61 41.63 41.63 41.57 41.53 41.59 41.69 41.74 41.78 41.79 41.79 41.79 41.79 41.77 41.76 41.75 41.79 41.85 41.87 41.88 41.87 41.86 41.84 41.84 41.84 41.82 41.81 41.8 41.77 41.76 41.81 41.87 41.91 41.97 42.01 41.99 41.92 41.88 41.85 41.82 41.8
41.62 41.62 41.63 41.63 41.61 41.61 41.63 41.63 41.63 41.64 41.65 41.65 41.65 41.65 41.62 41.62 41.62 41.61 41.61 41.63 41.65 41.64 41.64 41.63 41.64 41.63 41.64 41.65 41.64 41.64 41.65 41.65 41.6 41.56 41.53 41.51 41.55 41.6 41.61 41.62 41.62 41.62 41.66 41.73 41.73 41.75 41.79 41.8 41.8 41.8 41.79 41.76 41.78 41.82 41.86 41.87 41.87 41.87 41.85 41.83 41.83 41.83 41.82 41.8 41.79 41.76 41.75 41.8 41.84 41.9 41.94 41.95 41.95 41.93 41.89 41.86 41.83 41.79
41.63 41.62 41.62 41.62 41.62 41.62 41.65 41.65 41.63 41.63 41.65 41.65 41.64 41.64 41.63 41.63 41.62 41.61 41.6 41.61 41.63 41.61 41.61 41.63 41.63 41.63 41.64 41.64 41.63 41.64 41.65 41.64 41.6 41.56 41.54 41.53 41.57 41.62 41.62 41.63 41.65 41.66 41.69 41.72 41.71 41.72 41.76 41.79 41.81 41.82 41.82 41.8 41.82 41.84 41.86 41.87 41.87 41.86 41.84 41.82 41.82 41.82 41.81 41.8 41.78 41.75 41.74 41.77 41.81 41.87 41.9 41.9 41.91 41.92 41.89 41.86 41.83 41.77
41.63 41.61 41.61 41.61 41.61 41.62 41.65 41.65 41.64 41.64 41.66 41.65 41.63 41.63 41.62 41.62 41.62 41.62 41.61 41.62 41.63 41.62 41.61 41.63 41.63 41.61 41.62 41.63 41.62 41.63 41.64 41.63 41.6 41.59 41.57 41.55 41.58 41.63 41.64 41.65 41.65 41.66 41.68 41.68 41.68 41.69 41.74 41.77 41.79 41.8 41.82 41.83 41.85 41.85 41.86 41.86 41.86 41.86 41.84 41.81 41.81 41.81 41.8 41.8 41.78 41.74 41.73 41.76 41.8 41.85 41.87 41.87 41.89 41.91 41.89 41.84 41.81 41.74
41.62 41.61 41.61 41.61 41.61 41.61 41.63 41.64 41.64 41.64 41.66 41.65 41.62 41.62 41.62 41.62 41.62 41.62 41.63 41.64 41.64 41.64 41.62 41.62 41.63 41.61 41.62 41.63 41.61 41.62 41.64 41.64 41.62 41.61 41.59 41.56 41.57 41.6 41.64 41.65 41.66 41.66 41.66 41.67 41.68 41.69 41.73 41.76 41.77 41.78 41.8 41.82 41.84 41.85 41.85 41.85 41.85 41.85 41.83 41.8 41.8 41.8 41.8 41.79 41.77 41.73 41.73 41.76 41.79 41.83 41.84 41.85 41.87 41.9 41.88 41.82 41.79 41.73
41.62 41.61 41.6 41.6 41.61 41.61 41.62 41.63 41.62 41.62 41.63 41.63 41.61 41.6 41.61 41.61 41.61 41.64 41.64 41.62 41.63 41.63 41.62 41.62 41.63 41.62 41.63 41.63 41.62 41.62 41.63 41.64 41.61 41.6 41.58 41.56 41.56 41.58 41.63 41.65 41.66 41.66 41.66 41.66 41.67 41.69 41.72 41.74 41.75 41.75 41.76 41.78 41.77 41.78 41.82 41.85 41.85 41.85 41.83 41.8 41.79 41.79 41.79 41.78 41.76 41.73 41.72 41.75 41.77 41.8 41.82 41.83 41.84 41.86 41.82 41.76 41.75 41.71
41.62 41.61 41.59 41.6 41.61 41.61 41.62 41.62 41.61 41.6 41.61 41.61 41.6 41.6 41.6 41.61 41.62 41.66 41.64 41.61 41.63 41.64 41.63 41.62 41.63 41.63 41.63 41.63 41.62 41.61 41.62 41.64 41.61 41.6 41.57 41.56 41.57 41.59 41.62 41.65 41.66 41.67 41.67 41.65 41.66 41.67 41.69 41.71 41.72 41.73 41.77 41.8 41.77 41.76 41.77 41.81 41.83 41.84 41.82 41.79 41.78 41.78 41.78 41.78 41.76 41.73 41.72 41.73 41.75 41.77 41.8 41.81 41.8 41.78 41.75 41.71 41.7 41.68
41.62 41.61 41.6 41.61 41.61 41.6 41.61 41.62 41.61 41.6 41.6 41.6 41.6 41.61 41.61 41.61 41.61 41.64 41.63 41.6 41.64 41.66 41.64 41.61 41.63 41.65 41.64 41.64 41.63 41.61 41.62 41.65 41.63 41.6 41.56 41.56 41.57 41.59 41.62 41.65 41.67 41.68 41.68 41.66 41.67 41.67 41.68 41.69 41.7 41.72 41.77 41.79 41.79 41.77 41.75 41.76 41.79 41.83 41.81 41.78 41.77 41.77 41.77 41.77 41.76 41.73 41.71 41.71 41.73 41.76 41.78 41.79 41.76 41.7 41.69 41.69 41.66 41.63
41.62 41.62 41.61 41.6 41.6 41.59 41.6 41.62 41.61 41.6 41.6 41.6 41.6 41.6 41.6 41.6 41.6 41.61 41.61 41.6 41.63 41.66 41.64 41.63 41.65 41.65 41.64 41.64 41.63 41.63 41.63 41.65 41.64 41.62 41.58 41.57 41.58 41.6 41.64 41.66 41.68 41.68 41.67 41.67 41.66 41.66 41.67 41.68 41.69 41.72 41.74 41.75 41.75 41.75 41.74 41.73 41.75 41.8 41.79 41.76 41.75 41.75 41.76 41.76 41.74 41.71 41.7 41.7 41.72 41.74 41.77 41.77 41.73 41.66 41.65 41.65 41.62 41.58
41.61 41.62 41.6 41.58 41.6 41.59 41.59 41.61 41.61 41.6 41.59 41.6 41.6 41.59 41.59 41.6 41.61 41.62 41.6 41.59 41.61 41.63 41.63 41.63 41.65 41.64 41.63 41.63 41.64 41.63 41.64 41.65 41.63 41.61 41.58 41.56 41.56 41.58 41.63 41.66 41.69 41.68 41.66 41.66 41.65 41.65 41.66 41.67 41.67 41.69 41.71 41.71 41.71 41.72 41.73 41.73 41.74 41.76 41.75 41.72 41.71 41.71 41.73 41.75 41.72 41.68 41.68 41.68 41.69 41.72 41.74 41.74 41.69 41.63 41.6 41.59 41.57 41.53
41.61 41.63 41.62 41.59 41.6 41.59 41.6 41.61 41.61 41.61 41.61 41.61 41.61 41.58 41.59 41.61 41.63 41.62 41.6 41.59 41.6 41.61 41.62 41.62 41.63 41.62 41.63 41.62 41.62 41.62 41.64 41.67 41.64 41.62 41.57 41.54 41.55 41.58 41.62 41.66 41.67 41.67 41.66 41.65 41.64 41.63 41.63 41.63 41.64 41.64 41.66 41.68 41.68 41.68 41.69 41.72 41.72 41.73 41.71 41.68 41.67 41.67 41.7 41.73 41.7 41.64 41.62 41.62 41.63 41.66 41.68 41.67 41.62 41.58 41.54 41.53 41.51 41.49
41.61 41.64 41.63 41.6 41.61 41.6 41.61 41.61 41.61 41.62 41.61 41.61 41.61 41.59 41.59 41.61 41.62 41.6 41.59 41.59 41.59 41.6 41.61 41.61 41.62 41.62 41.63 41.61 41.61 41.61 41.63 41.66 41.65 41.63 41.57 41.55 41.57 41.59 41.63 41.65 41.65 41.65 41.64 41.62 41.62 41.62 41.6 41.6 41.6 41.59 41.6 41.63 41.64 41.64 41.65 41.68 41.68 41.69 41.68 41.66 41.65 41.65 41.66 41.66 41.63 41.6 41.61 41.59 41.58 41.58 41.57 41.57 41.55 41.53 41.51 41.5 41.49 41.47
41.6 41.62 41.61 41.6 41.61 41.61 41.61 41.61 41.61 41.6 41.6 41.6 41.6 41.6 41.59 41.6 41.61 41.59 41.58 41.58 41.59 41.6 41.61 41.59 41.59 41.61 41.62 41.61 41.62 41.61 41.6 41.62 41.63 41.62 41.58 41.56 41.57 41.59 41.6 41.62 41.63 41.64 41.62 41.6 41.6 41.61 41.6 41.59 41.58 41.55 41.55 41.57 41.59 41.62 41.62 41.62 41.62 41.63 41.63 41.61 41.6 41.6 41.6 41.57 41.56 41.59 41.6 41.57 41.54 41.53 41.52 41.51 41.51 41.52 41.52 41.51 41.49 41.46
41.59 41.6 41.6 41.59 41.6 41.61 41.61 41.61 41.63 41.61 41.59 41.59 41.6 41.6 41.6 41.59 41.58 41.57 41.57 41.57 41.57 41.59 41.59 41.57 41.56 41.58 41.61 41.6 41.62 41.61 41.59 41.6 41.62 41.61 41.59 41.57 41.56 41.57 41.58 41.59 41.6 41.6 41.59 41.58 41.59 41.59 41.59 41.58 41.57 41.55 41.54 41.54 41.57 41.6 41.6 41.6 41.6 41.6 41.59 41.56 41.55 41.56 41.56 41.55 41.55 41.57 41.56 41.54 41.52 41.51 41.52 41.51 41.51 41.53 41.54 41.52 41.49 41.47
41.59 41.61 41.61 41.6 41.61 41.62 41.6 41.6 41.61 41.59 41.58 41.59 41.6 41.59 41.58 41.59 41.58 41.57 41.57 41.57 41.56 41.57 41.58 41.56 41.55 41.57 41.59 41.59 41.6 41.59 41.59 41.61 41.63 41.61 41.58 41.57 41.55 41.53 41.55 41.58 41.57 41.57 41.57 41.57 41.58 41.59 41.58 41.56 41.56 41.56 41.54 41.53 41.54 41.56 41.56 41.57 41.58 41.57 41.54 41.53 41.52 41.53 41.54 41.54 41.54 41.56 41.54 41.54 41.53 41.51 41.5 41.52 41.53 41.53 41.54 41.53 41.51 41.48
41.6 41.62 41.62 41.62 41.62 41.62 41.6 41.59 41.59 41.59 41.59 41.59 41.59 41.59 41.58 41.59 41.59 41.58 41.56 41.56 41.55 41.57 41.58 41.56 41.55 41.56 41.57 41.58 41.58 41.58 41.59 41.61 41.63 41.61 41.58 41.57 41.55 41.52 41.54 41.55 41.55 41.54 41.55 41.56 41.56 41.55 41.54 41.54 41.54 41.54 41.51 41.47 41.49 41.52 41.52 41.53 41.56 41.57 41.56 41.55 41.54 41.53 41.53 41.52 41.52 41.55 41.55 41.55 41.54 41.54 41.53 41.54 41.55 41.55 41.54 41.54 41.53 41.5
41.59 41.58 41.59 41.61 41.62 41.61 41.6 41.59 41.59 41.6 41.6 41.59 41.59 41.59 41.59 41.59 41.58 41.57 41.56 41.55 41.55 41.56 41.58 41.56 41.54 41.55 41.57 41.58 41.58 41.58 41.58 41.6 41.61 41.61 41.58 41.57 41.55 41.53 41.53 41.53 41.53 41.51 41.52 41.53 41.53 41.52 41.5 41.51 41.52 41.53 41.51 41.47 41.48 41.52 41.54 41.55 41.59 41.6 41.57 41.56 41.56 41.57 41.56 41.54 41.53 41.55 41.57 41.57 41.57 41.57 41.58 41.57 41.57 41.57 41.57 41.56 41.56 41.53
