slabs/6.grd
DSAA
631 301
642000 642630
4947500 4947800
44.64 49.2
[rows 170 to 203 of 301, columns 312 to 389 of 631]
47.02 47 46.98 46.95 46.94 46.92 46.95 46.94 46.92 46.9 46.85 46.85 46.83 46.83 46.87 46.88 46.89 46.84 46.83 46.82 46.78 46.77 46.8 46.77 46.74 46.8 46.75 46.73 46.74 46.75 46.69 46.67 46.66 46.69 46.7 46.67 46.63 46.66 46.63 46.62 46.66 46.66 46.57 46.6 46.58 46.56 46.56 46.58 46.56 46.54 46.54 46.56 46.57 46.63 46.64 46.65 46.63 46.61 46.59 46.6 46.64 46.65 46.66 46.65 46.68 46.72 46.75 46.76 46.79 46.81 46.81 46.86 46.97 46.98 46.98 46.96 46.99 46.99
47.03 47.02 47.04 46.99 47 47.01 47 46.97 46.96 46.93 46.86 46.87 46.85 46.89 46.89 46.87 46.87 46.84 46.84 46.82 46.79 46.79 46.81 46.78 46.74 46.78 46.75 46.75 46.75 46.75 46.7 46.66 46.66 46.69 46.68 46.67 46.64 46.65 46.63 46.62 46.68 46.66 46.57 46.58 46.56 46.55 46.54 46.57 46.59 46.57 46.56 46.59 46.59 46.58 46.62 46.64 46.67 46.63 46.63 46.64 46.68 46.68 46.67 46.66 46.69 46.72 46.75 46.79 46.81 46.8 46.82 46.87 46.95 46.98 46.99 46.96 46.98 46.99
47.1 47.11 47.1 47.02 47.05 47.09 47.05 46.99 46.98 46.95 46.89 46.89 46.9 46.91 46.9 46.91 46.89 46.86 46.83 46.84 46.83 46.83 46.81 46.79 46.75 46.76 46.78 46.77 46.76 46.77 46.74 46.68 46.66 46.68 46.66 46.66 46.64 46.61 46.59 46.6 46.67 46.66 46.61 46.58 46.57 46.56 46.55 46.58 46.63 46.62 46.6 46.61 46.66 46.66 46.68 46.68 46.74 46.65 46.66 46.69 46.71 46.7 46.68 46.67 46.71 46.73 46.74 46.8 46.81 46.81 46.82 46.9 46.96 46.98 46.98 46.99 46.99 47.01
47.16 47.14 47.14 47.09 47.11 47.14 47.12 47.04 47 46.99 46.93 46.95 46.97 46.93 46.93 46.95 46.94 46.89 46.86 46.86 46.85 46.83 46.81 46.79 46.76 46.76 46.76 46.77 46.76 46.79 46.76 46.69 46.66 46.66 46.66 46.64 46.62 46.59 46.61 46.6 46.63 46.61 46.61 46.59 46.62 46.63 46.62 46.63 46.65 46.63 46.61 46.61 46.66 46.68 46.69 46.67 46.74 46.64 46.66 46.69 46.71 46.71 46.7 46.69 46.73 46.74 46.75 46.81 46.81 46.81 46.84 46.93 46.97 46.99 46.99 47.02 47.01 47.03
47.2 47.18 47.15 47.13 47.17 47.19 47.16 47.1 47.06 47.04 47.01 47.03 47.03 46.99 46.99 47 46.97 46.94 46.91 46.9 46.86 46.83 46.81 46.8 46.79 46.8 46.76 46.77 46.76 46.77 46.71 46.67 46.65 46.64 46.66 46.64 46.62 46.61 46.61 46.61 46.62 46.58 46.61 46.63 46.62 46.64 46.62 46.61 46.65 46.63 46.61 46.6 46.64 46.67 46.66 46.67 46.7 46.63 46.65 46.68 46.7 46.71 46.7 46.71 46.76 46.76 46.76 46.81 46.82 46.83 46.88 46.94 46.98 46.99 47.01 47.04 47.05 47.06
47.23 47.22 47.15 47.15 47.2 47.21 47.18 47.14 47.12 47.1 47.09 47.09 47.08 47.07 47.05 47.05 47.02 47 46.96 46.93 46.88 46.87 46.84 46.82 46.81 46.84 46.81 46.8 46.79 46.74 46.67 46.65 46.65 46.66 46.67 46.66 46.68 46.64 46.64 46.63 46.63 46.6 46.62 46.69 46.63 46.63 46.63 46.6 46.64 46.63 46.61 46.62 46.65 46.7 46.68 46.72 46.67 46.64 46.66 46.67 46.69 46.69 46.7 46.73 46.77 46.78 46.78 46.83 46.84 46.86 46.91 46.95 47.01 46.99 47.01 47.04 47.06 47.08
47.27 47.26 47.18 47.19 47.21 47.2 47.17 47.16 47.16 47.15 47.13 47.13 47.12 47.15 47.08 47.1 47.09 47.05 46.99 46.96 46.91 46.9 46.9 46.88 46.83 46.85 46.83 46.83 46.8 46.69 46.68 46.67 46.67 46.67 46.66 46.65 46.71 46.65 46.65 46.64 46.66 46.64 46.64 46.69 46.68 46.64 46.65 46.64 46.66 46.67 46.64 46.64 46.67 46.71 46.72 46.73 46.65 46.64 46.65 46.66 46.67 46.68 46.7 46.75 46.77 46.79 46.82 46.85 46.86 46.88 46.93 46.97 47.01 47.01 47 47 47.03 47.05
47.29 47.29 47.26 47.25 47.23 47.21 47.18 47.2 47.23 47.2 47.16 47.14 47.13 47.17 47.13 47.15 47.14 47.1 47.05 47.03 46.98 46.95 46.95 46.92 46.85 46.92 46.91 46.87 46.84 46.75 46.76 46.73 46.71 46.67 46.67 46.66 46.71 46.68 46.68 46.66 46.68 46.69 46.67 46.69 46.7 46.66 46.67 46.7 46.68 46.7 46.67 46.7 46.72 46.72 46.71 46.68 46.63 46.64 46.66 46.67 46.68 46.69 46.72 46.79 46.82 46.83 46.87 46.87 46.88 46.9 46.95 46.99 47 47.02 47.01 47.03 47.05 47.06
47.32 47.32 47.33 47.3 47.26 47.25 47.23 47.26 47.31 47.27 47.2 47.18 47.15 47.16 47.16 47.18 47.15 47.11 47.06 47.06 47.03 47.01 47.01 47 46.94 46.94 46.95 46.91 46.88 46.9 46.86 46.78 46.74 46.73 46.71 46.69 46.72 46.72 46.73 46.7 46.67 46.7 46.7 46.7 46.7 46.71 46.7 46.73 46.69 46.69 46.68 46.76 46.78 46.74 46.69 46.66 46.65 46.65 46.68 46.72 46.71 46.72 46.75 46.81 46.86 46.88 46.9 46.88 46.92 46.93 46.97 46.98 47 47.02 47.04 47.07 47.07 47.05
47.34 47.36 47.37 47.34 47.3 47.28 47.24 47.27 47.31 47.33 47.27 47.25 47.21 47.23 47.21 47.23 47.21 47.13 47.1 47.1 47.08 47.08 47.07 47.07 47.01 46.98 46.97 46.97 46.95 46.97 46.93 46.86 46.79 46.79 46.77 46.74 46.73 46.74 46.75 46.72 46.68 46.71 46.72 46.71 46.71 46.75 46.73 46.75 46.71 46.71 46.72 46.77 46.79 46.76 46.72 46.67 46.67 46.66 46.72 46.79 46.78 46.77 46.79 46.8 46.87 46.9 46.92 46.91 46.93 46.95 47 47 47.01 47.02 47.03 47.07 47.07 47.06
47.33 47.36 47.37 47.36 47.33 47.31 47.26 47.27 47.29 47.31 47.29 47.26 47.24 47.26 47.23 47.24 47.26 47.24 47.2 47.2 47.18 47.14 47.11 47.09 47.05 47.02 47.01 47.02 47.02 47 46.99 46.95 46.85 46.85 46.84 46.81 46.76 46.77 46.77 46.76 46.74 46.75 46.75 46.75 46.77 46.77 46.75 46.75 46.73 46.74 46.75 46.77 46.77 46.78 46.78 46.72 46.69 46.68 46.71 46.78 46.76 46.78 46.82 46.82 46.87 46.89 46.92 46.92 46.93 46.96 47.01 47.01 47.02 47.03 47.02 47.07 47.08 47.09
47.33 47.34 47.35 47.34 47.33 47.32 47.3 47.3 47.29 47.29 47.3 47.28 47.26 47.25 47.22 47.23 47.25 47.25 47.23 47.24 47.23 47.17 47.14 47.12 47.09 47.06 47.04 47.04 47.03 47.05 47.06 47.04 46.94 46.92 46.91 46.88 46.83 46.83 46.83 46.83 46.81 46.78 46.8 46.8 46.83 46.8 46.78 46.76 46.76 46.77 46.78 46.76 46.8 46.81 46.84 46.74 46.74 46.71 46.71 46.75 46.74 46.78 46.83 46.86 46.86 46.84 46.9 46.92 46.93 46.96 47 47.01 47.01 47.02 47.03 47.08 47.09 47.1
47.32 47.32 47.34 47.32 47.31 47.29 47.3 47.3 47.3 47.3 47.32 47.31 47.28 47.27 47.26 47.25 47.23 47.24 47.23 47.22 47.23 47.17 47.16 47.16 47.15 47.13 47.1 47.06 47.02 47.06 47.09 47.11 47 46.97 46.96 46.95 46.88 46.88 46.88 46.89 46.86 46.84 46.85 46.88 46.86 46.84 46.82 46.77 46.78 46.8 46.79 46.8 46.85 46.86 46.84 46.73 46.75 46.74 46.75 46.79 46.79 46.79 46.82 46.87 46.85 46.84 46.89 46.92 46.93 46.96 46.99 47.02 47.01 47.01 47.03 47.1 47.09 47.09
47.29 47.31 47.35 47.33 47.28 47.29 47.28 47.29 47.29 47.29 47.3 47.3 47.27 47.27 47.28 47.26 47.23 47.26 47.24 47.21 47.23 47.19 47.19 47.19 47.19 47.18 47.17 47.1 47.06 47.07 47.09 47.12 47.03 47.02 47.01 47.01 46.93 46.93 46.93 46.95 46.91 46.91 46.93 46.9 46.89 46.88 46.85 46.84 46.82 46.83 46.84 46.88 46.93 46.93 46.84 46.74 46.74 46.76 46.79 46.79 46.79 46.8 46.82 46.88 46.87 46.88 46.89 46.92 46.94 46.96 47 47.03 47.02 47.01 47.04 47.09 47.08 47.09
47.26 47.3 47.36 47.34 47.27 47.29 47.28 47.28 47.28 47.27 47.27 47.27 47.28 47.27 47.27 47.26 47.23 47.25 47.25 47.22 47.22 47.22 47.22 47.2 47.2 47.19 47.2 47.16 47.14 47.15 47.16 47.14 47.08 47.07 47.03 47.03 46.98 46.98 46.97 46.98 46.96 46.97 46.98 46.94 46.93 46.92 46.87 46.89 46.89 46.88 46.89 46.94 47.01 47 46.86 46.76 46.75 46.76 46.8 46.79 46.79 46.79 46.85 46.88 46.89 46.9 46.89 46.93 46.95 46.97 47 47.03 47.02 47.03 47.05 47.06 47.08 47.11
47.25 47.23 47.33 47.32 47.24 47.26 47.27 47.26 47.26 47.27 47.25 47.24 47.27 47.27 47.27 47.26 47.23 47.24 47.26 47.23 47.23 47.22 47.22 47.21 47.21 47.19 47.2 47.19 47.19 47.21 47.22 47.19 47.16 47.16 47.13 47.2 47.17 47.13 47.02 46.99 47.03 47 47.01 47 46.99 46.95 46.9 46.9 46.94 46.94 46.97 47.02 47.04 47.02 46.85 46.78 46.77 46.77 46.81 46.82 46.81 46.79 46.88 46.9 46.91 46.91 46.9 46.96 46.95 46.97 46.97 47.02 47.02 47.05 47.06 47.06 47.08 47.13
47.25 47.19 47.29 47.3 47.25 47.24 47.26 47.25 47.24 47.26 47.25 47.22 47.23 47.24 47.24 47.24 47.23 47.24 47.26 47.24 47.23 47.23 47.22 47.21 47.22 47.21 47.2 47.2 47.19 47.2 47.21 47.19 47.18 47.2 47.23 47.28 47.24 47.2 47.08 47.05 47.13 47.1 47.07 47.01 47.01 46.97 46.94 46.95 46.96 46.98 47.02 47.04 47.02 46.98 46.83 46.81 46.8 46.8 46.84 46.86 46.84 46.82 46.91 46.95 46.94 46.92 46.91 46.97 46.97 46.98 46.96 47.03 47.02 47.03 47.07 47.06 47.07 47.14
47.24 47.18 47.24 47.27 47.25 47.24 47.25 47.25 47.24 47.24 47.25 47.21 47.18 47.19 47.2 47.2 47.21 47.23 47.24 47.24 47.22 47.23 47.21 47.21 47.22 47.21 47.21 47.21 47.2 47.2 47.19 47.17 47.2 47.2 47.21 47.21 47.21 47.19 47.13 47.13 47.2 47.19 47.14 47.08 47.06 47.02 46.98 46.98 46.98 47.01 47.02 47.01 47.01 46.96 46.83 46.83 46.83 46.84 46.87 46.9 46.89 46.87 46.95 46.98 46.97 46.94 46.92 46.97 46.98 47.01 46.99 47.03 47.05 47.04 47.08 47.07 47.09 47.13
47.23 47.17 47.19 47.22 47.22 47.23 47.25 47.26 47.25 47.25 47.24 47.21 47.19 47.21 47.2 47.19 47.17 47.19 47.22 47.23 47.21 47.19 47.17 47.2 47.22 47.21 47.2 47.21 47.19 47.2 47.2 47.19 47.23 47.2 47.18 47.19 47.19 47.17 47.16 47.16 47.23 47.22 47.18 47.19 47.15 47.1 47.03 47.02 47.03 47.06 47.02 47.01 47 46.94 46.84 46.83 46.84 46.87 46.89 46.92 46.94 46.94 46.97 46.97 46.98 46.96 46.95 46.97 46.99 47.01 46.99 47.01 47.05 47.06 47.09 47.08 47.08 47.11
47.24 47.18 47.2 47.26 47.24 47.23 47.26 47.3 47.25 47.23 47.22 47.22 47.22 47.21 47.22 47.21 47.18 47.2 47.28 47.27 47.19 47.17 47.15 47.2 47.19 47.18 47.18 47.2 47.18 47.19 47.19 47.19 47.2 47.19 47.18 47.19 47.17 47.16 47.17 47.17 47.2 47.19 47.17 47.22 47.18 47.14 47.09 47.09 47.09 47.07 47.03 47.01 46.99 46.91 46.86 46.82 46.84 46.87 46.9 46.95 46.97 46.99 46.99 46.99 47 46.97 46.96 46.97 47 47.01 47 47.02 47.04 47.06 47.09 47.09 47.08 47.1
47.29 47.26 47.28 47.34 47.31 47.28 47.31 47.32 47.28 47.25 47.26 47.26 47.25 47.23 47.24 47.25 47.22 47.21 47.31 47.35 47.21 47.19 47.16 47.23 47.18 47.19 47.21 47.21 47.17 47.17 47.18 47.18 47.18 47.18 47.18 47.19 47.18 47.17 47.17 47.16 47.16 47.16 47.15 47.18 47.16 47.14 47.13 47.13 47.12 47.07 47.04 47.03 46.99 46.91 46.9 46.84 46.84 46.86 46.92 46.96 46.98 47.03 47 47.01 46.99 46.94 46.95 46.97 47 47.02 47.04 47.04 47.02 47.04 47.1 47.09 47.08 47.09
47.37 47.28 47.3 47.37 47.39 47.36 47.36 47.35 47.36 47.32 47.31 47.3 47.27 47.28 47.26 47.27 47.28 47.26 47.31 47.34 47.24 47.21 47.17 47.23 47.22 47.23 47.29 47.24 47.17 47.17 47.16 47.16 47.17 47.16 47.16 47.17 47.18 47.18 47.19 47.17 47.17 47.16 47.13 47.14 47.13 47.12 47.14 47.12 47.12 47.07 47.05 47.04 47.01 46.92 46.92 46.92 46.91 46.91 46.95 46.96 46.98 47.02 47.02 47.02 46.98 46.94 47 46.99 46.98 47.01 47.04 47.04 47.02 47.04 47.08 47.08 47.07 47.09
47.39 47.35 47.36 47.42 47.44 47.39 47.4 47.39 47.4 47.37 47.36 47.35 47.33 47.35 47.32 47.33 47.33 47.32 47.33 47.3 47.24 47.21 47.18 47.22 47.23 47.26 47.33 47.28 47.18 47.18 47.19 47.22 47.21 47.18 47.16 47.13 47.15 47.18 47.19 47.18 47.19 47.19 47.15 47.14 47.12 47.09 47.1 47.1 47.1 47.08 47.05 47.05 47.03 46.98 46.99 46.99 47 46.99 46.99 46.99 46.99 47.03 47.04 47.03 46.99 46.97 47.01 46.98 46.96 47 47.03 47.03 47.05 47.07 47.06 47.06 47.06 47.1
47.47 47.45 47.46 47.46 47.49 47.41 47.44 47.45 47.46 47.44 47.44 47.42 47.4 47.41 47.4 47.39 47.38 47.38 47.39 47.31 47.27 47.24 47.2 47.21 47.22 47.25 47.33 47.32 47.22 47.22 47.26 47.31 47.26 47.21 47.16 47.12 47.14 47.15 47.16 47.16 47.16 47.17 47.18 47.14 47.14 47.14 47.13 47.11 47.12 47.11 47.06 47.07 47.06 47.05 47.05 47.03 47.04 47.02 47.01 47.01 47 47.03 47.05 47.06 47.01 46.98 46.99 46.97 46.98 47.01 47.03 47.03 47.05 47.08 47.07 47.07 47.06 47.09
47.57 47.56 47.57 47.54 47.53 47.46 47.51 47.53 47.54 47.53 47.53 47.51 47.48 47.49 47.48 47.48 47.46 47.45 47.46 47.38 47.32 47.27 47.21 47.18 47.23 47.26 47.33 47.34 47.28 47.28 47.31 47.33 47.28 47.21 47.17 47.19 47.17 47.14 47.13 47.13 47.18 47.16 47.13 47.15 47.15 47.14 47.14 47.1 47.12 47.12 47.1 47.1 47.1 47.09 47.07 47.05 47.05 47.04 47.03 47.03 47 47.02 47.04 47.05 47.03 46.99 46.99 46.98 46.98 47 47.01 47.03 47.05 47.06 47.06 47.06 47.07 47.08
47.62 47.64 47.63 47.6 47.56 47.52 47.56 47.59 47.61 47.61 47.61 47.6 47.57 47.58 47.57 47.58 47.55 47.54 47.53 47.49 47.37 47.29 47.17 47.15 47.25 47.28 47.33 47.34 47.33 47.31 47.3 47.33 47.29 47.2 47.2 47.19 47.18 47.18 47.14 47.13 47.16 47.16 47.1 47.13 47.13 47.16 47.15 47.1 47.11 47.1 47.1 47.11 47.11 47.1 47.06 47.06 47.05 47.06 47.04 47.03 47 47.01 47.01 47.03 47.04 47.03 47 47 46.99 46.98 46.99 47.02 47.04 47.04 47.04 47.06 47.1 47.07
47.59 47.62 47.62 47.63 47.59 47.57 47.6 47.62 47.67 47.68 47.67 47.66 47.65 47.66 47.68 47.68 47.62 47.62 47.59 47.57 47.5 47.4 47.2 47.18 47.24 47.29 47.36 47.36 47.37 47.35 47.28 47.29 47.23 47.17 47.15 47.09 47.09 47.1 47.08 47.1 47.1 47.12 47.1 47.13 47.14 47.22 47.19 47.13 47.11 47.08 47.07 47.08 47.1 47.09 47.06 47.06 47.05 47.07 47.05 47.03 47 47.01 47 47.01 47.03 47.05 47.04 47.03 47.02 47 47.01 47.03 47.04 47.03 47.04 47.06 47.09 47.06
47.56 47.58 47.6 47.61 47.61 47.61 47.64 47.66 47.72 47.73 47.72 47.71 47.73 47.74 47.76 47.73 47.69 47.69 47.65 47.66 47.63 47.56 47.38 47.28 47.27 47.28 47.37 47.38 47.38 47.34 47.24 47.19 47.13 47.07 47.05 47.01 47.02 47.02 47 47.03 47.06 47.08 47.1 47.13 47.18 47.26 47.22 47.18 47.15 47.09 47.05 47.07 47.08 47.07 47.08 47.07 47.04 47.06 47.07 47.06 47.03 47.02 47 47 47 47.04 47.05 47.05 47.04 47.02 47.02 47.04 47.05 47.05 47.06 47.07 47.06 47.04
47.59 47.6 47.6 47.61 47.6 47.63 47.69 47.73 47.78 47.78 47.77 47.77 47.79 47.8 47.81 47.79 47.77 47.75 47.72 47.71 47.73 47.7 47.6 47.49 47.41 47.27 47.32 47.34 47.36 47.37 47.27 47.2 47.13 47.04 47.01 47.01 47.03 47.03 47 47 47.04 47.09 47.09 47.11 47.16 47.23 47.24 47.22 47.18 47.1 47.07 47.08 47.1 47.08 47.07 47.06 47.03 47.04 47.08 47.07 47.06 47.04 47.01 47 47 47.02 46.98 47.01 47.03 47 47 47.04 47.04 47.03 47.04 47.07 47.06 47.05
47.65 47.64 47.64 47.61 47.59 47.64 47.73 47.78 47.82 47.81 47.82 47.84 47.87 47.88 47.94 47.9 47.89 47.87 47.82 47.79 47.79 47.75 47.7 47.64 47.53 47.29 47.24 47.31 47.36 47.4 47.35 47.3 47.2 47.09 47.03 47.03 47.06 47.04 47.06 47.02 47.04 47.07 47.06 47.07 47.11 47.17 47.22 47.22 47.2 47.13 47.1 47.12 47.18 47.18 47.08 47.06 47.04 47.03 47.06 47.05 47.05 47.06 47.04 47.02 47.01 47.03 47 47.01 47.01 47.02 47.01 47.04 47.03 47.02 47.03 47.08 47.09 47.09
47.7 47.69 47.67 47.6 47.6 47.65 47.75 47.81 47.85 47.86 47.89 47.96 48 48 48.04 48.02 48.01 47.97 47.89 47.83 47.81 47.76 47.71 47.66 47.6 47.38 47.22 47.32 47.36 47.4 47.39 47.36 47.29 47.17 47.1 47.05 47.07 47.03 47.09 47.05 47.05 47.05 47.03 47.04 47.1 47.11 47.15 47.17 47.2 47.16 47.1 47.13 47.21 47.25 47.16 47.15 47.1 47.04 47.03 47.02 47.03 47.04 47.03 47.01 47 47.03 47.03 47.01 46.99 47.01 47.01 47.01 47.03 47.04 47.03 47.06 47.09 47.1
47.73 47.73 47.7 47.61 47.62 47.67 47.75 47.81 47.83 47.88 47.98 48.06 48.07 48.06 48.05 48.05 48.04 47.99 47.93 47.87 47.84 47.78 47.72 47.66 47.61 47.39 47.22 47.31 47.37 47.42 47.39 47.38 47.35 47.26 47.21 47.12 47.1 47.03 47.09 47.08 47.07 47.07 47.05 47.05 47.09 47.11 47.09 47.1 47.13 47.09 47.07 47.1 47.15 47.23 47.16 47.18 47.19 47.14 47.07 47.04 47.06 47.08 47.08 47.07 47.01 47.02 47.02 47 46.99 47.03 47.02 47.01 47.03 47.05 47.03 47.03 47.05 47.07
47.74 47.73 47.69 47.61 47.64 47.68 47.74 47.8 47.86 47.93 48.04 48.09 48.08 48.06 48.03 48.02 48.02 47.98 47.94 47.88 47.85 47.79 47.74 47.68 47.61 47.39 47.25 47.33 47.4 47.44 47.39 47.4 47.38 47.31 47.27 47.23 47.19 47.1 47.14 47.15 47.15 47.12 47.07 47.07 47.1 47.16 47.1 47.1 47.08 47.03 47.1 47.11 47.12 47.12 47.06 47.11 47.21 47.19 47.14 47.13 47.14 47.1 47.12 47.12 47.06 47.06 47.06 47.03 47 47.05 47.04 47.04 47.05 47.04 47.03 47.03 47.02 47.03
47.75 47.73 47.69 47.62 47.64 47.7 47.81 47.85 47.92 48 48.07 48.08 48.07 48.05 48.02 48 47.99 47.97 47.94 47.89 47.85 47.81 47.75 47.7 47.65 47.5 47.35 47.39 47.44 47.45 47.4 47.42 47.39 47.35 47.32 47.31 47.29 47.21 47.27 47.29 47.29 47.23 47.14 47.16 47.14 47.21 47.15 47.14 47.13 47.13 47.16 47.13 47.12 47.11 47.07 47.09 47.16 47.18 47.2 47.22 47.2 47.1 47.09 47.09 47.06 47.1 47.13 47.11 47.06 47.06 47.06 47.05 47.06 47.03 47.04 47.04 47.02 47
