slabs/6.grd
DSAA
631 301
642000 642630
4947500 4947800
44.64 49.2
[rows 238 to 271 of 301, columns 468 to 545 of 631]
46.93 46.96 46.95 46.93 46.93 46.99 47.01 46.97 46.9 46.89 46.89 46.89 46.86 46.87 46.89 46.87 46.81 46.81 46.79 46.77 46.69 46.72 46.76 46.74 46.74 46.72 46.65 46.64 46.6 46.6 46.56 46.52 46.52 46.52 46.52 46.54 46.54 46.52 46.51 46.49 46.49 46.45 46.4 46.34 46.32 46.29 46.28 46.3 46.35 46.43 46.39 46.36 46.36 46.37 46.32 46.36 46.38 46.35 46.41 46.39 46.34 46.28 46.32 46.3 46.28 46.29 46.29 46.28 46.25 46.24 46.21 46.21 46.2 46.17 46.14 46.12 46.11 46.1
46.94 46.96 46.97 46.94 46.93 46.96 46.97 46.96 46.91 46.93 46.89 46.87 46.88 46.89 46.91 46.9 46.88 46.86 46.85 46.84 46.76 46.77 46.77 46.72 46.71 46.7 46.67 46.66 46.64 46.63 46.59 46.53 46.57 46.55 46.54 46.54 46.54 46.52 46.52 46.51 46.52 46.51 46.47 46.44 46.42 46.38 46.37 46.4 46.43 46.48 46.42 46.41 46.39 46.37 46.35 46.39 46.41 46.37 46.44 46.42 46.37 46.34 46.34 46.34 46.31 46.32 46.33 46.32 46.29 46.28 46.25 46.24 46.22 46.17 46.12 46.12 46.13 46.12
46.96 46.94 46.94 46.95 46.96 46.95 46.96 47.01 46.99 46.96 46.94 46.91 46.86 46.86 46.86 46.87 46.9 46.88 46.87 46.87 46.84 46.82 46.79 46.71 46.72 46.72 46.71 46.66 46.68 46.65 46.62 46.58 46.62 46.6 46.59 46.55 46.54 46.51 46.51 46.51 46.52 46.52 46.5 46.48 46.48 46.47 46.47 46.47 46.48 46.45 46.43 46.45 46.41 46.38 46.37 46.45 46.46 46.42 46.41 46.4 46.37 46.4 46.39 46.38 46.35 46.37 46.35 46.34 46.32 46.3 46.27 46.27 46.25 46.2 46.15 46.14 46.15 46.16
47.06 47.07 47.05 47.02 47.04 47.04 47.03 47.07 47.06 47.02 46.98 46.96 46.88 46.87 46.89 46.91 46.9 46.88 46.86 46.86 46.84 46.83 46.82 46.73 46.76 46.77 46.74 46.69 46.74 46.7 46.67 46.62 46.63 46.62 46.64 46.6 46.58 46.53 46.5 46.5 46.51 46.52 46.53 46.5 46.5 46.5 46.5 46.52 46.51 46.47 46.48 46.48 46.48 46.48 46.43 46.47 46.49 46.47 46.38 46.38 46.38 46.45 46.42 46.4 46.39 46.4 46.35 46.35 46.35 46.29 46.27 46.26 46.26 46.22 46.2 46.18 46.18 46.17
47.13 47.15 47.14 47.1 47.05 47.06 47.05 47.1 47.1 47.06 47 46.99 46.91 46.91 46.9 46.93 46.89 46.86 46.86 46.88 46.84 46.84 46.84 46.78 46.8 46.81 46.78 46.72 46.75 46.74 46.68 46.66 46.66 46.66 46.69 46.68 46.65 46.57 46.53 46.54 46.55 46.55 46.52 46.52 46.52 46.51 46.49 46.48 46.48 46.47 46.49 46.48 46.47 46.48 46.44 46.46 46.49 46.47 46.39 46.41 46.44 46.48 46.45 46.45 46.43 46.41 46.38 46.37 46.35 46.3 46.31 46.29 46.28 46.24 46.25 46.24 46.23 46.17
47.12 47.15 47.14 47.14 47.07 47.07 47.06 47.08 47.1 47.08 47 46.99 46.92 46.91 46.88 46.91 46.89 46.88 46.89 46.94 46.89 46.87 46.86 46.83 46.82 46.83 46.81 46.73 46.73 46.73 46.68 46.69 46.69 46.69 46.69 46.69 46.68 46.58 46.53 46.58 46.59 46.56 46.52 46.57 46.57 46.54 46.51 46.47 46.47 46.45 46.47 46.47 46.46 46.47 46.44 46.45 46.47 46.45 46.45 46.48 46.51 46.52 46.52 46.53 46.48 46.44 46.42 46.41 46.37 46.34 46.36 46.35 46.32 46.28 46.29 46.31 46.29 46.21
47.13 47.14 47.14 47.14 47.13 47.12 47.08 47.06 47.1 47.08 47.01 47 46.91 46.9 46.88 46.92 46.94 46.93 46.9 46.94 46.91 46.89 46.87 46.84 46.83 46.86 46.82 46.72 46.73 46.75 46.73 46.74 46.73 46.71 46.71 46.67 46.67 46.65 46.64 46.66 46.64 46.61 46.59 46.6 46.6 46.51 46.48 46.47 46.46 46.44 46.46 46.46 46.47 46.47 46.45 46.46 46.45 46.43 46.44 46.47 46.5 46.51 46.57 46.58 46.53 46.46 46.46 46.47 46.44 46.39 46.39 46.38 46.34 46.32 46.31 46.33 46.33 46.26
47.16 47.15 47.15 47.14 47.17 47.17 47.1 47.09 47.12 47.1 47.08 47.03 46.93 46.92 46.94 46.97 47 46.97 46.86 46.88 46.92 46.89 46.9 46.86 46.86 46.89 46.82 46.76 46.76 46.76 46.74 46.78 46.76 46.73 46.77 46.72 46.71 46.72 46.73 46.75 46.69 46.64 46.62 46.6 46.6 46.53 46.47 46.47 46.46 46.44 46.45 46.47 46.47 46.45 46.47 46.47 46.45 46.41 46.38 46.4 46.43 46.46 46.52 46.53 46.52 46.44 46.47 46.5 46.5 46.45 46.43 46.4 46.38 46.36 46.35 46.33 46.35 46.31
47.17 47.17 47.18 47.17 47.18 47.18 47.12 47.12 47.14 47.12 47.14 47.05 46.99 46.98 46.98 47.05 47.04 46.98 46.86 46.85 46.89 46.92 46.92 46.88 46.91 46.93 46.84 46.77 46.78 46.79 46.77 46.82 46.78 46.75 46.76 46.71 46.73 46.75 46.71 46.74 46.7 46.64 46.64 46.62 46.62 46.59 46.53 46.53 46.49 46.44 46.45 46.48 46.48 46.46 46.48 46.46 46.43 46.4 46.36 46.37 46.39 46.42 46.42 46.42 46.44 46.41 46.44 46.48 46.53 46.5 46.46 46.43 46.4 46.41 46.42 46.39 46.35 46.33
47.16 47.17 47.21 47.21 47.19 47.18 47.13 47.14 47.16 47.15 47.16 47.11 47.09 47.06 47.02 47.06 47.03 46.98 46.93 46.9 46.95 46.95 46.91 46.92 46.97 46.96 46.84 46.83 46.84 46.83 46.82 46.84 46.8 46.76 46.73 46.69 46.71 46.75 46.71 46.7 46.68 46.65 46.65 46.64 46.62 46.63 46.61 46.6 46.54 46.48 46.5 46.5 46.48 46.48 46.47 46.44 46.43 46.42 46.37 46.37 46.39 46.41 46.4 46.4 46.39 46.4 46.41 46.45 46.53 46.48 46.39 46.42 46.39 46.42 46.45 46.48 46.39 46.39
47.16 47.17 47.21 47.25 47.23 47.22 47.2 47.23 47.22 47.17 47.14 47.14 47.12 47.05 47 47.06 47.05 47.01 46.98 46.95 46.99 46.99 46.91 46.94 46.94 46.91 46.85 46.87 46.85 46.83 46.8 46.83 46.79 46.75 46.71 46.69 46.7 46.72 46.72 46.69 46.65 46.66 46.64 46.64 46.62 46.66 46.63 46.63 46.58 46.55 46.56 46.56 46.53 46.51 46.44 46.41 46.44 46.44 46.38 46.4 46.46 46.42 46.42 46.38 46.39 46.39 46.38 46.38 46.42 46.43 46.37 46.37 46.35 46.37 46.42 46.51 46.46 46.46
47.22 47.19 47.17 47.26 47.24 47.25 47.28 47.32 47.29 47.27 47.22 47.19 47.16 47.08 47.06 47.12 47.11 47.06 47.04 46.99 47 47.02 46.96 46.95 46.91 46.86 46.9 46.87 46.85 46.84 46.8 46.82 46.78 46.74 46.72 46.72 46.71 46.71 46.72 46.69 46.64 46.68 46.62 46.62 46.63 46.66 46.62 46.62 46.59 46.61 46.6 46.6 46.58 46.56 46.49 46.44 46.44 46.44 46.4 46.42 46.47 46.43 46.42 46.4 46.45 46.44 46.41 46.37 46.36 46.37 46.37 46.36 46.36 46.36 46.37 46.43 46.41 46.43
47.29 47.24 47.21 47.28 47.3 47.31 47.3 47.41 47.38 47.36 47.27 47.24 47.2 47.11 47.12 47.13 47.14 47.16 47.14 47.05 47.05 47.05 47.01 46.98 46.93 46.9 46.98 46.91 46.88 46.84 46.83 46.83 46.79 46.78 46.8 46.79 46.74 46.69 46.7 46.69 46.66 46.7 46.64 46.62 46.62 46.66 46.64 46.63 46.6 46.62 46.58 46.61 46.6 46.59 46.56 46.52 46.46 46.46 46.45 46.48 46.46 46.47 46.46 46.44 46.48 46.46 46.44 46.41 46.34 46.38 46.39 46.36 46.37 46.36 46.36 46.37 46.34 46.36
47.36 47.34 47.31 47.35 47.31 47.33 47.32 47.45 47.43 47.4 47.3 47.26 47.23 47.14 47.13 47.15 47.17 47.22 47.2 47.1 47.09 47.04 47.03 46.98 46.96 46.94 47 46.96 46.92 46.84 46.86 46.86 46.85 46.86 46.86 46.83 46.75 46.7 46.69 46.69 46.69 46.7 46.65 46.62 46.62 46.68 46.67 46.67 46.62 46.57 46.54 46.58 46.63 46.62 46.6 46.55 46.5 46.48 46.5 46.55 46.52 46.47 46.49 46.49 46.48 46.47 46.45 46.45 46.34 46.39 46.38 46.36 46.37 46.37 46.36 46.35 46.33 46.33
47.36 47.37 47.39 47.46 47.39 47.35 47.31 47.39 47.4 47.37 47.34 47.27 47.26 47.18 47.16 47.18 47.19 47.21 47.2 47.09 47.09 47.02 47.03 46.98 46.97 46.97 46.98 46.98 46.96 46.87 46.88 46.89 46.9 46.92 46.89 46.84 46.74 46.71 46.72 46.73 46.74 46.69 46.67 46.65 46.65 46.7 46.67 46.67 46.61 46.56 46.56 46.59 46.65 46.62 46.59 46.52 46.52 46.5 46.52 46.56 46.53 46.49 46.51 46.52 46.51 46.5 46.48 46.48 46.39 46.39 46.37 46.38 46.38 46.37 46.36 46.34 46.34 46.34
47.34 47.35 47.4 47.47 47.44 47.35 47.31 47.38 47.4 47.34 47.38 47.29 47.27 47.23 47.21 47.23 47.22 47.19 47.18 47.06 47.08 47.06 47.03 47 47 47 46.98 46.99 47 46.93 46.91 46.92 46.88 46.88 46.89 46.84 46.77 46.76 46.75 46.77 46.79 46.72 46.68 46.67 46.68 46.7 46.68 46.66 46.63 46.61 46.6 46.6 46.68 46.65 46.59 46.5 46.53 46.52 46.5 46.52 46.52 46.5 46.52 46.54 46.54 46.52 46.51 46.5 46.44 46.41 46.4 46.41 46.4 46.39 46.36 46.35 46.37 46.35
47.34 47.39 47.44 47.42 47.41 47.36 47.36 47.44 47.45 47.36 47.43 47.36 47.31 47.26 47.24 47.29 47.25 47.2 47.18 47.09 47.11 47.12 47.09 47.06 47.02 47.02 47.02 47.02 47.04 46.97 46.95 46.94 46.91 46.88 46.91 46.89 46.87 46.85 46.81 46.79 46.79 46.74 46.72 46.71 46.71 46.72 46.71 46.68 46.65 46.64 46.62 46.59 46.68 46.63 46.58 46.51 46.54 46.52 46.5 46.51 46.52 46.52 46.53 46.55 46.53 46.52 46.53 46.53 46.46 46.45 46.46 46.44 46.44 46.43 46.39 46.37 46.37 46.39
47.37 47.42 47.46 47.39 47.39 47.4 47.41 47.48 47.49 47.43 47.44 47.41 47.35 47.26 47.25 47.29 47.26 47.22 47.26 47.21 47.17 47.17 47.15 47.11 47.04 47.08 47.07 47.06 47.03 46.99 47.01 47 46.99 46.95 46.94 46.93 46.91 46.92 46.89 46.82 46.8 46.78 46.78 46.75 46.73 46.72 46.73 46.71 46.69 46.67 46.63 46.59 46.65 46.6 46.55 46.52 46.53 46.51 46.51 46.53 46.53 46.55 46.53 46.53 46.51 46.51 46.53 46.55 46.5 46.52 46.53 46.49 46.47 46.45 46.42 46.38 46.35 46.38
47.4 47.42 47.44 47.39 47.41 47.45 47.43 47.49 47.5 47.48 47.41 47.4 47.34 47.25 47.26 47.29 47.26 47.28 47.38 47.32 47.23 47.16 47.12 47.11 47.12 47.18 47.1 47.09 47.06 47.06 47.08 47.06 47.05 46.98 46.98 46.97 46.93 46.92 46.91 46.86 46.84 46.81 46.81 46.77 46.74 46.75 46.74 46.73 46.72 46.72 46.67 46.62 46.63 46.59 46.54 46.54 46.54 46.53 46.52 46.54 46.53 46.55 46.51 46.52 46.53 46.52 46.51 46.53 46.56 46.57 46.58 46.52 46.48 46.49 46.46 46.45 46.48 46.48
47.42 47.38 47.46 47.45 47.46 47.48 47.46 47.52 47.52 47.52 47.42 47.4 47.34 47.26 47.3 47.31 47.29 47.34 47.39 47.35 47.31 47.22 47.15 47.15 47.16 47.17 47.13 47.12 47.08 47.1 47.14 47.11 47.09 47.02 46.99 47 46.96 46.92 46.93 46.91 46.86 46.86 46.83 46.79 46.75 46.79 46.77 46.74 46.71 46.75 46.7 46.65 46.64 46.57 46.54 46.57 46.6 46.58 46.55 46.52 46.53 46.53 46.5 46.52 46.54 46.51 46.49 46.52 46.54 46.55 46.57 46.55 46.56 46.55 46.51 46.53 46.56 46.55
47.41 47.38 47.47 47.5 47.5 47.51 47.5 47.48 47.5 47.52 47.45 47.44 47.37 47.32 47.35 47.35 47.31 47.32 47.34 47.3 47.32 47.3 47.18 47.19 47.18 47.16 47.17 47.16 47.12 47.12 47.14 47.11 47.09 47.06 47.02 47.01 46.99 46.96 46.97 46.96 46.88 46.9 46.88 46.84 46.79 46.81 46.79 46.77 46.72 46.74 46.71 46.66 46.65 46.58 46.57 46.6 46.62 46.59 46.54 46.53 46.55 46.53 46.51 46.54 46.53 46.51 46.53 46.54 46.52 46.52 46.51 46.52 46.58 46.56 46.51 46.53 46.54 46.54
47.4 47.39 47.44 47.48 47.49 47.54 47.49 47.44 47.46 47.54 47.51 47.49 47.45 47.43 47.42 47.4 47.35 47.31 47.32 47.3 47.3 47.31 47.2 47.21 47.21 47.21 47.23 47.19 47.14 47.11 47.12 47.11 47.11 47.12 47.09 47.06 47.01 47 47.02 46.99 46.93 46.95 46.93 46.89 46.86 46.83 46.82 46.8 46.77 46.76 46.72 46.68 46.65 46.64 46.63 46.65 46.62 46.59 46.56 46.55 46.58 46.58 46.57 46.56 46.56 46.58 46.56 46.51 46.51 46.5 46.51 46.5 46.58 46.55 46.52 46.51 46.52 46.51
47.44 47.4 47.39 47.4 47.43 47.54 47.5 47.47 47.48 47.53 47.54 47.53 47.52 47.52 47.49 47.44 47.4 47.34 47.36 47.37 47.38 47.35 47.27 47.26 47.26 47.26 47.27 47.22 47.16 47.12 47.13 47.15 47.14 47.16 47.15 47.11 47.05 47.06 47.07 47.03 46.95 47 46.98 46.94 46.96 46.89 46.86 46.83 46.81 46.79 46.75 46.71 46.71 46.7 46.68 46.7 46.69 46.67 46.62 46.6 46.61 46.64 46.63 46.55 46.58 46.63 46.56 46.51 46.52 46.53 46.55 46.51 46.55 46.55 46.54 46.47 46.49 46.49
47.46 47.4 47.4 47.4 47.38 47.44 47.52 47.54 47.57 47.57 47.59 47.57 47.55 47.53 47.5 47.45 47.44 47.41 47.43 47.46 47.51 47.4 47.32 47.31 47.3 47.29 47.29 47.25 47.22 47.16 47.18 47.22 47.18 47.17 47.17 47.14 47.11 47.12 47.14 47.11 46.99 47.02 47.01 46.98 46.98 46.93 46.91 46.86 46.83 46.81 46.79 46.77 46.78 46.75 46.74 46.76 46.74 46.73 46.69 46.61 46.61 46.64 46.63 46.56 46.59 46.64 46.6 46.55 46.54 46.56 46.57 46.54 46.53 46.55 46.55 46.48 46.49 46.5
47.5 47.42 47.43 47.44 47.42 47.44 47.53 47.55 47.57 47.6 47.63 47.6 47.55 47.49 47.48 47.45 47.48 47.5 47.47 47.48 47.55 47.39 47.34 47.34 47.32 47.29 47.3 47.3 47.28 47.21 47.24 47.28 47.24 47.21 47.19 47.16 47.18 47.16 47.17 47.15 47.06 47.02 47.02 47.01 46.96 46.97 47 46.94 46.9 46.87 46.85 46.87 46.85 46.82 46.78 46.77 46.76 46.77 46.76 46.67 46.65 46.62 46.61 46.61 46.6 46.63 46.61 46.59 46.57 46.57 46.57 46.56 46.55 46.55 46.56 46.54 46.52 46.52
47.55 47.42 47.43 47.46 47.5 47.49 47.5 47.51 47.55 47.61 47.61 47.59 47.52 47.48 47.48 47.46 47.5 47.55 47.48 47.47 47.52 47.41 47.39 47.38 47.34 47.32 47.31 47.32 47.31 47.26 47.27 47.26 47.29 47.29 47.24 47.19 47.21 47.21 47.18 47.17 47.19 47.09 47.06 47.03 46.96 47 47.05 46.98 46.97 46.92 46.87 46.92 46.92 46.89 46.85 46.84 46.78 46.8 46.81 46.75 46.72 46.65 46.62 46.65 46.62 46.62 46.61 46.62 46.6 46.59 46.58 46.56 46.56 46.56 46.58 46.57 46.54 46.52
47.58 47.38 47.42 47.46 47.53 47.51 47.51 47.51 47.56 47.61 47.61 47.59 47.53 47.51 47.49 47.47 47.49 47.55 47.51 47.49 47.52 47.48 47.46 47.42 47.4 47.36 47.36 47.35 47.3 47.34 47.32 47.28 47.25 47.26 47.27 47.25 47.25 47.23 47.2 47.18 47.25 47.18 47.12 47.07 47.02 47.03 47.05 47.01 46.99 46.94 46.9 46.95 46.93 46.93 46.92 46.92 46.83 46.84 46.83 46.79 46.78 46.71 46.66 46.67 46.65 46.65 46.64 46.65 46.64 46.62 46.6 46.57 46.56 46.57 46.57 46.57 46.55 46.55
47.6 47.4 47.42 47.44 47.49 47.48 47.57 47.57 47.57 47.58 47.62 47.62 47.6 47.52 47.49 47.49 47.49 47.52 47.51 47.47 47.5 47.51 47.48 47.46 47.43 47.4 47.4 47.37 47.31 47.36 47.37 47.38 47.3 47.25 47.27 47.31 47.28 47.25 47.23 47.21 47.23 47.22 47.18 47.12 47.09 47.08 47.05 47.06 47.01 46.99 46.97 47.01 46.99 46.97 46.95 46.95 46.91 46.89 46.86 46.83 46.82 46.75 46.7 46.7 46.69 46.68 46.7 46.7 46.67 46.64 46.63 46.6 46.59 46.6 46.61 46.61 46.58 46.57
47.62 47.47 47.41 47.43 47.44 47.44 47.59 47.59 47.57 47.56 47.61 47.62 47.62 47.52 47.5 47.51 47.52 47.52 47.52 47.49 47.46 47.48 47.48 47.49 47.46 47.45 47.46 47.43 47.38 47.37 47.39 47.43 47.37 47.29 47.3 47.34 47.29 47.28 47.27 47.25 47.22 47.23 47.22 47.16 47.14 47.13 47.09 47.09 47.06 47.03 47.03 47.07 47.07 47.03 46.97 46.97 46.96 46.93 46.87 46.86 46.83 46.75 46.73 46.74 46.73 46.73 46.75 46.72 46.69 46.67 46.67 46.64 46.64 46.66 46.67 46.67 46.64 46.61
47.63 47.52 47.42 47.41 47.41 47.45 47.54 47.56 47.54 47.55 47.57 47.6 47.64 47.56 47.54 47.52 47.55 47.5 47.51 47.53 47.51 47.46 47.5 47.53 47.49 47.51 47.53 47.53 47.45 47.37 47.39 47.44 47.39 47.35 47.35 47.36 47.3 47.3 47.3 47.29 47.23 47.24 47.24 47.18 47.18 47.16 47.11 47.1 47.1 47.07 47.07 47.1 47.1 47.08 46.99 46.95 46.96 46.94 46.87 46.86 46.83 46.75 46.73 46.72 46.72 46.74 46.76 46.75 46.71 46.72 46.74 46.68 46.69 46.7 46.69 46.69 46.68 46.64
47.64 47.56 47.45 47.39 47.37 47.39 47.47 47.53 47.55 47.56 47.55 47.57 47.67 47.66 47.62 47.56 47.62 47.52 47.52 47.56 47.53 47.45 47.51 47.53 47.51 47.51 47.54 47.57 47.46 47.41 47.42 47.44 47.36 47.37 47.39 47.4 47.37 47.35 47.33 47.33 47.27 47.27 47.28 47.21 47.21 47.17 47.12 47.1 47.12 47.12 47.1 47.09 47.08 47.08 47.01 46.97 46.97 46.95 46.88 46.85 46.87 46.85 46.78 46.76 46.77 46.78 46.76 46.74 46.74 46.76 46.79 46.74 46.72 46.71 46.69 46.71 46.7 46.67
47.69 47.6 47.49 47.4 47.37 47.4 47.46 47.52 47.55 47.53 47.53 47.6 47.7 47.64 47.61 47.56 47.61 47.56 47.56 47.6 47.57 47.5 47.54 47.51 47.54 47.51 47.55 47.55 47.45 47.46 47.45 47.43 47.34 47.36 47.41 47.44 47.46 47.41 47.37 47.36 47.31 47.32 47.31 47.24 47.23 47.19 47.14 47.12 47.17 47.17 47.14 47.09 47.09 47.09 47.05 47.02 47.01 47.01 46.97 46.9 46.93 46.92 46.86 46.84 46.85 46.84 46.79 46.78 46.78 46.79 46.81 46.77 46.76 46.75 46.71 46.74 46.72 46.68
47.75 47.62 47.54 47.43 47.43 47.48 47.49 47.49 47.51 47.51 47.55 47.63 47.7 47.61 47.59 47.57 47.58 47.59 47.59 47.63 47.63 47.59 47.58 47.51 47.58 47.56 47.58 47.55 47.48 47.49 47.45 47.43 47.37 47.38 47.44 47.45 47.49 47.43 47.39 47.38 47.34 47.36 47.34 47.28 47.26 47.22 47.16 47.14 47.2 47.19 47.19 47.17 47.15 47.12 47.11 47.07 47.06 47.06 47.03 46.97 46.97 46.96 46.92 46.9 46.9 46.87 46.84 46.83 46.82 46.82 46.8 46.78 46.79 46.8 46.77 46.78 46.76 46.72
47.74 47.68 47.61 47.45 47.41 47.51 47.5 47.48 47.52 47.55 47.59 47.66 47.69 47.63 47.62 47.6 47.63 47.65 47.62 47.64 47.66 47.64 47.59 47.53 47.6 47.59 47.58 47.56 47.54 47.52 47.46 47.43 47.42 47.43 47.46 47.46 47.47 47.44 47.4 47.41 47.37 47.39 47.36 47.3 47.31 47.3 47.23 47.15 47.19 47.25 47.25 47.21 47.19 47.19 47.19 47.11 47.09 47.09 47.09 47.03 46.99 46.96 46.97 46.93 46.92 46.88 46.9 46.88 46.85 46.87 46.84 46.82 46.82 46.82 46.82 46.81 46.81 46.78
