slabs/6.grd
DSAA
631 301
642000 642630
4947500 4947800
44.64 49.2
[rows 136 to 169 of 301, columns 0 to 77 of 631]
48.39 48.41 48.39 48.34 48.35 48.33 48.32 48.3 48.3 48.33 48.32 48.28 48.27 48.27 48.27 48.26 48.33 48.32 48.31 48.33 48.33 48.32 48.3 48.34 48.37 48.39 48.43 48.42 48.42 48.42 48.41 48.41 48.42 48.44 48.41 48.41 48.41 48.38 48.35 48.3 48.3 48.3 48.28 48.29 48.28 48.28 48.29 48.3 48.3 48.28 48.31 48.31 48.34 48.37 48.39 48.4 48.42 48.4 48.38 48.38 48.38 48.38 48.4 48.4 48.37 48.35 48.36 48.39 48.45 48.49 48.51 48.51 48.5 48.48 48.48 48.49 48.47 48.48
48.36 48.38 48.39 48.38 48.35 48.32 48.3 48.28 48.29 48.31 48.31 48.26 48.25 48.24 48.24 48.25 48.29 48.29 48.28 48.3 48.29 48.29 48.26 48.29 48.32 48.36 48.43 48.42 48.41 48.42 48.43 48.41 48.41 48.41 48.4 48.39 48.39 48.42 48.41 48.32 48.3 48.29 48.29 48.31 48.29 48.28 48.29 48.28 48.28 48.29 48.31 48.32 48.35 48.37 48.37 48.38 48.41 48.4 48.39 48.39 48.41 48.4 48.38 48.39 48.37 48.34 48.34 48.38 48.45 48.48 48.49 48.5 48.49 48.48 48.48 48.49 48.47 48.46
48.35 48.38 48.4 48.4 48.34 48.32 48.29 48.27 48.28 48.29 48.3 48.25 48.23 48.22 48.22 48.25 48.25 48.27 48.28 48.29 48.27 48.27 48.27 48.25 48.28 48.33 48.42 48.41 48.4 48.4 48.43 48.41 48.4 48.38 48.38 48.38 48.37 48.4 48.39 48.3 48.29 48.26 48.28 48.29 48.28 48.27 48.28 48.29 48.29 48.31 48.31 48.32 48.35 48.36 48.36 48.37 48.39 48.4 48.39 48.39 48.41 48.41 48.39 48.38 48.37 48.34 48.35 48.38 48.43 48.47 48.47 48.49 48.49 48.48 48.48 48.5 48.49 48.48
48.35 48.36 48.37 48.37 48.31 48.31 48.3 48.27 48.27 48.28 48.29 48.25 48.23 48.21 48.21 48.24 48.22 48.25 48.28 48.31 48.24 48.26 48.29 48.25 48.23 48.3 48.37 48.36 48.37 48.36 48.4 48.39 48.37 48.36 48.36 48.37 48.36 48.36 48.34 48.28 48.27 48.25 48.26 48.27 48.26 48.26 48.28 48.3 48.29 48.31 48.31 48.32 48.33 48.37 48.37 48.38 48.38 48.39 48.39 48.39 48.41 48.42 48.39 48.39 48.37 48.36 48.36 48.38 48.44 48.48 48.47 48.48 48.49 48.48 48.5 48.52 48.49 48.48
48.37 48.36 48.34 48.33 48.29 48.3 48.3 48.28 48.27 48.27 48.27 48.25 48.22 48.2 48.21 48.22 48.18 48.22 48.28 48.29 48.22 48.22 48.24 48.22 48.2 48.25 48.29 48.32 48.33 48.33 48.37 48.38 48.36 48.35 48.38 48.37 48.35 48.34 48.31 48.28 48.26 48.24 48.24 48.25 48.26 48.27 48.29 48.29 48.28 48.31 48.32 48.32 48.33 48.37 48.38 48.38 48.38 48.4 48.4 48.39 48.4 48.44 48.43 48.41 48.39 48.39 48.38 48.38 48.43 48.47 48.46 48.48 48.49 48.51 48.51 48.52 48.5 48.5
48.38 48.36 48.34 48.32 48.29 48.29 48.27 48.27 48.28 48.27 48.25 48.25 48.2 48.19 48.19 48.2 48.16 48.18 48.21 48.24 48.22 48.21 48.2 48.21 48.2 48.22 48.24 48.31 48.31 48.33 48.33 48.37 48.35 48.35 48.37 48.34 48.33 48.3 48.27 48.27 48.25 48.24 48.25 48.26 48.26 48.29 48.29 48.3 48.31 48.3 48.31 48.32 48.33 48.34 48.36 48.37 48.38 48.39 48.4 48.4 48.39 48.44 48.44 48.42 48.41 48.42 48.41 48.39 48.42 48.44 48.44 48.48 48.51 48.53 48.54 48.54 48.51 48.52
48.37 48.36 48.33 48.32 48.3 48.29 48.27 48.25 48.26 48.27 48.22 48.22 48.19 48.18 48.17 48.19 48.18 48.17 48.16 48.21 48.22 48.2 48.19 48.19 48.19 48.2 48.23 48.28 48.29 48.32 48.31 48.35 48.34 48.32 48.33 48.3 48.29 48.26 48.24 48.25 48.25 48.26 48.26 48.27 48.27 48.27 48.3 48.32 48.33 48.28 48.29 48.31 48.32 48.32 48.34 48.38 48.39 48.38 48.39 48.4 48.4 48.4 48.42 48.44 48.43 48.44 48.43 48.4 48.41 48.43 48.45 48.49 48.52 48.55 48.57 48.57 48.52 48.51
48.34 48.34 48.32 48.31 48.32 48.32 48.3 48.24 48.26 48.28 48.21 48.2 48.18 48.17 48.16 48.15 48.16 48.18 48.13 48.16 48.18 48.19 48.18 48.19 48.19 48.19 48.21 48.24 48.25 48.3 48.32 48.33 48.31 48.3 48.3 48.27 48.25 48.23 48.24 48.24 48.25 48.28 48.26 48.27 48.27 48.25 48.3 48.31 48.3 48.26 48.28 48.29 48.3 48.3 48.35 48.38 48.41 48.39 48.39 48.41 48.41 48.39 48.41 48.45 48.44 48.45 48.44 48.42 48.42 48.42 48.45 48.5 48.53 48.56 48.57 48.57 48.53 48.51
48.3 48.32 48.33 48.32 48.32 48.32 48.31 48.24 48.26 48.26 48.21 48.19 48.19 48.16 48.15 48.13 48.14 48.15 48.12 48.13 48.17 48.19 48.17 48.19 48.19 48.18 48.18 48.21 48.22 48.26 48.31 48.3 48.28 48.27 48.26 48.24 48.22 48.22 48.23 48.24 48.27 48.28 48.26 48.27 48.26 48.24 48.26 48.29 48.29 48.25 48.27 48.28 48.29 48.29 48.33 48.36 48.42 48.41 48.4 48.4 48.41 48.4 48.41 48.44 48.45 48.45 48.45 48.44 48.44 48.43 48.45 48.5 48.54 48.53 48.55 48.57 48.53 48.52
48.28 48.31 48.33 48.33 48.3 48.29 48.28 48.23 48.24 48.24 48.21 48.2 48.19 48.16 48.14 48.13 48.14 48.14 48.12 48.12 48.17 48.19 48.17 48.19 48.19 48.18 48.16 48.19 48.2 48.22 48.27 48.27 48.25 48.22 48.19 48.19 48.19 48.2 48.25 48.26 48.29 48.29 48.28 48.27 48.24 48.24 48.23 48.24 48.26 48.25 48.27 48.29 48.3 48.3 48.32 48.35 48.39 48.4 48.39 48.4 48.41 48.41 48.42 48.44 48.46 48.46 48.46 48.46 48.45 48.44 48.45 48.48 48.53 48.52 48.54 48.58 48.55 48.54
48.29 48.3 48.33 48.33 48.3 48.28 48.27 48.24 48.23 48.24 48.2 48.18 48.18 48.16 48.12 48.11 48.12 48.13 48.12 48.11 48.14 48.17 48.17 48.2 48.19 48.18 48.17 48.2 48.18 48.19 48.24 48.24 48.21 48.17 48.17 48.17 48.18 48.23 48.29 48.29 48.31 48.31 48.28 48.26 48.24 48.26 48.27 48.25 48.24 48.27 48.3 48.3 48.33 48.34 48.34 48.34 48.38 48.4 48.4 48.4 48.42 48.45 48.43 48.44 48.48 48.47 48.46 48.47 48.47 48.44 48.44 48.47 48.52 48.52 48.54 48.58 48.56 48.55
48.28 48.29 48.32 48.35 48.31 48.28 48.26 48.24 48.23 48.23 48.18 48.16 48.16 48.14 48.12 48.07 48.09 48.1 48.09 48.1 48.11 48.16 48.18 48.19 48.18 48.18 48.18 48.18 48.17 48.16 48.17 48.17 48.17 48.16 48.17 48.18 48.23 48.29 48.36 48.33 48.31 48.29 48.28 48.26 48.24 48.26 48.29 48.27 48.24 48.3 48.31 48.3 48.36 48.39 48.38 48.35 48.38 48.42 48.41 48.4 48.43 48.49 48.46 48.44 48.46 48.47 48.46 48.47 48.48 48.46 48.45 48.47 48.51 48.51 48.52 48.55 48.56 48.55
48.28 48.28 48.3 48.34 48.31 48.26 48.25 48.24 48.23 48.22 48.18 48.17 48.16 48.13 48.12 48.07 48.08 48.07 48.06 48.11 48.11 48.14 48.16 48.17 48.15 48.14 48.18 48.17 48.14 48.14 48.11 48.12 48.15 48.17 48.19 48.21 48.26 48.29 48.34 48.31 48.29 48.3 48.29 48.27 48.22 48.23 48.27 48.27 48.24 48.3 48.3 48.3 48.37 48.41 48.4 48.38 48.39 48.43 48.42 48.41 48.44 48.5 48.47 48.42 48.43 48.45 48.45 48.46 48.49 48.48 48.47 48.46 48.5 48.5 48.5 48.53 48.56 48.57
48.28 48.28 48.27 48.29 48.29 48.26 48.25 48.25 48.24 48.22 48.19 48.19 48.18 48.14 48.1 48.09 48.09 48.08 48.1 48.13 48.12 48.11 48.12 48.12 48.11 48.1 48.12 48.12 48.12 48.14 48.13 48.14 48.16 48.16 48.19 48.22 48.25 48.26 48.29 48.28 48.28 48.31 48.29 48.27 48.22 48.2 48.24 48.27 48.26 48.27 48.28 48.3 48.35 48.38 48.38 48.4 48.41 48.41 48.43 48.43 48.42 48.47 48.47 48.44 48.43 48.45 48.46 48.45 48.48 48.48 48.48 48.45 48.47 48.48 48.5 48.53 48.56 48.57
48.27 48.27 48.23 48.26 48.27 48.26 48.24 48.24 48.23 48.21 48.18 48.18 48.18 48.13 48.11 48.13 48.1 48.07 48.11 48.1 48.08 48.09 48.08 48.08 48.08 48.09 48.08 48.09 48.11 48.14 48.14 48.15 48.16 48.15 48.2 48.22 48.26 48.24 48.26 48.27 48.3 48.3 48.28 48.28 48.24 48.19 48.22 48.28 48.28 48.25 48.27 48.31 48.35 48.34 48.35 48.39 48.4 48.38 48.41 48.42 48.41 48.44 48.47 48.47 48.43 48.45 48.46 48.46 48.48 48.48 48.47 48.45 48.45 48.47 48.49 48.53 48.54 48.58
48.25 48.25 48.22 48.24 48.25 48.25 48.23 48.21 48.21 48.2 48.17 48.17 48.18 48.12 48.11 48.13 48.12 48.06 48.07 48.05 48.05 48.05 48.06 48.06 48.07 48.08 48.1 48.1 48.12 48.15 48.13 48.13 48.14 48.14 48.18 48.21 48.26 48.23 48.24 48.25 48.32 48.3 48.29 48.28 48.26 48.2 48.22 48.26 48.27 48.25 48.27 48.32 48.35 48.34 48.34 48.37 48.38 48.37 48.4 48.41 48.43 48.43 48.46 48.47 48.43 48.42 48.45 48.45 48.47 48.46 48.45 48.46 48.45 48.46 48.5 48.52 48.53 48.58
48.24 48.24 48.22 48.24 48.24 48.23 48.23 48.2 48.2 48.21 48.2 48.17 48.16 48.12 48.12 48.12 48.11 48.05 48.04 48.03 48.05 48.04 48.05 48.05 48.06 48.07 48.11 48.12 48.14 48.17 48.14 48.12 48.12 48.13 48.16 48.2 48.25 48.25 48.24 48.25 48.31 48.31 48.3 48.29 48.3 48.22 48.22 48.23 48.25 48.25 48.26 48.3 48.35 48.34 48.34 48.36 48.37 48.38 48.4 48.44 48.47 48.45 48.44 48.43 48.43 48.42 48.43 48.45 48.46 48.45 48.44 48.45 48.43 48.45 48.49 48.53 48.52 48.56
48.23 48.21 48.19 48.24 48.23 48.23 48.23 48.17 48.17 48.18 48.17 48.16 48.14 48.12 48.12 48.11 48.08 48.04 48.03 48.03 48.04 48.04 48.04 48.04 48.07 48.09 48.11 48.12 48.14 48.17 48.15 48.12 48.09 48.11 48.14 48.19 48.25 48.27 48.25 48.25 48.31 48.31 48.3 48.27 48.32 48.25 48.22 48.19 48.24 48.24 48.25 48.28 48.33 48.34 48.34 48.35 48.35 48.36 48.4 48.45 48.48 48.48 48.43 48.41 48.42 48.41 48.43 48.47 48.49 48.46 48.44 48.46 48.43 48.44 48.47 48.52 48.52 48.54
48.22 48.19 48.2 48.23 48.23 48.23 48.23 48.16 48.14 48.12 48.12 48.13 48.13 48.1 48.09 48.09 48.07 48.02 48.03 48.03 48.02 48.02 48.02 48.03 48.08 48.1 48.11 48.11 48.12 48.13 48.13 48.11 48.06 48.07 48.1 48.17 48.25 48.28 48.27 48.26 48.29 48.32 48.3 48.28 48.3 48.28 48.24 48.2 48.24 48.26 48.27 48.29 48.3 48.33 48.34 48.35 48.37 48.38 48.4 48.44 48.46 48.46 48.43 48.41 48.4 48.4 48.41 48.45 48.47 48.45 48.44 48.49 48.48 48.46 48.46 48.49 48.52 48.54
48.21 48.2 48.21 48.22 48.21 48.22 48.22 48.18 48.14 48.1 48.09 48.1 48.11 48.06 48.06 48.07 48.05 48.02 48.04 48.03 48.02 48.01 48.04 48.04 48.08 48.11 48.11 48.1 48.1 48.11 48.1 48.1 48.04 48.01 48.04 48.14 48.25 48.28 48.28 48.27 48.29 48.31 48.31 48.3 48.3 48.31 48.27 48.22 48.24 48.27 48.28 48.29 48.29 48.31 48.33 48.35 48.39 48.39 48.41 48.44 48.45 48.44 48.42 48.4 48.4 48.41 48.41 48.42 48.44 48.43 48.43 48.51 48.52 48.48 48.47 48.47 48.49 48.54
48.2 48.21 48.2 48.2 48.2 48.2 48.19 48.17 48.14 48.09 48.08 48.08 48.08 48.04 48.04 48.04 48.04 48.02 48.04 48.03 48.03 48.03 48.06 48.06 48.09 48.11 48.12 48.1 48.09 48.09 48.09 48.1 48.06 47.98 48.03 48.13 48.24 48.27 48.28 48.29 48.31 48.31 48.32 48.33 48.31 48.29 48.29 48.25 48.23 48.25 48.27 48.27 48.28 48.29 48.32 48.35 48.38 48.39 48.41 48.42 48.43 48.43 48.41 48.4 48.42 48.44 48.42 48.4 48.43 48.42 48.43 48.48 48.51 48.49 48.46 48.46 48.48 48.53
48.21 48.2 48.19 48.19 48.19 48.18 48.17 48.15 48.13 48.08 48.08 48.07 48.06 48.03 48.02 48.02 48.03 48.02 48.03 48.04 48.04 48.05 48.04 48.04 48.08 48.12 48.13 48.12 48.11 48.1 48.11 48.13 48.09 48.06 48.09 48.14 48.22 48.27 48.29 48.34 48.34 48.33 48.34 48.35 48.33 48.3 48.3 48.28 48.22 48.23 48.24 48.26 48.28 48.28 48.31 48.35 48.37 48.39 48.4 48.38 48.41 48.42 48.42 48.41 48.43 48.44 48.43 48.4 48.42 48.42 48.43 48.47 48.48 48.47 48.46 48.45 48.47 48.52
48.2 48.19 48.18 48.18 48.17 48.18 48.16 48.14 48.12 48.08 48.07 48.06 48.06 48.03 48.02 48.02 48.02 48.03 48.04 48.05 48.04 48.06 48.05 48.04 48.06 48.12 48.13 48.16 48.12 48.09 48.1 48.12 48.12 48.11 48.12 48.14 48.19 48.23 48.28 48.34 48.34 48.33 48.34 48.35 48.34 48.33 48.32 48.33 48.25 48.24 48.23 48.25 48.28 48.28 48.32 48.36 48.38 48.38 48.38 48.37 48.41 48.43 48.43 48.42 48.42 48.43 48.42 48.4 48.41 48.43 48.44 48.43 48.44 48.46 48.47 48.44 48.46 48.49
48.19 48.18 48.16 48.16 48.16 48.16 48.14 48.13 48.11 48.09 48.05 48.04 48.05 48.02 48.01 48.01 48.02 48.02 48.05 48.05 48.05 48.06 48.05 48.05 48.07 48.13 48.13 48.15 48.15 48.1 48.11 48.12 48.13 48.12 48.12 48.13 48.18 48.21 48.26 48.33 48.36 48.34 48.34 48.35 48.35 48.34 48.32 48.34 48.3 48.27 48.24 48.26 48.29 48.29 48.31 48.37 48.38 48.37 48.36 48.37 48.41 48.42 48.43 48.42 48.43 48.43 48.41 48.4 48.4 48.44 48.44 48.42 48.43 48.48 48.49 48.47 48.46 48.46
48.2 48.18 48.14 48.14 48.13 48.13 48.11 48.1 48.08 48.07 48.04 48.03 48.03 48 48 47.99 48 47.98 48.01 48.03 48.05 48.06 48.04 48.04 48.07 48.11 48.11 48.15 48.19 48.14 48.14 48.13 48.12 48.13 48.13 48.14 48.15 48.19 48.24 48.32 48.36 48.35 48.33 48.35 48.37 48.35 48.33 48.33 48.32 48.28 48.25 48.29 48.3 48.3 48.3 48.36 48.37 48.36 48.36 48.36 48.4 48.41 48.41 48.42 48.43 48.43 48.41 48.41 48.41 48.42 48.44 48.42 48.42 48.45 48.47 48.46 48.44 48.43
48.17 48.16 48.13 48.13 48.1 48.1 48.08 48.09 48.05 48.04 48.03 48.01 48 48.01 48.02 48.01 48.03 47.99 48 48.03 48.01 48.04 48.03 48.04 48.07 48.1 48.1 48.14 48.18 48.17 48.15 48.14 48.13 48.14 48.14 48.14 48.15 48.18 48.24 48.32 48.36 48.36 48.34 48.34 48.37 48.36 48.33 48.31 48.32 48.28 48.25 48.31 48.3 48.29 48.3 48.36 48.37 48.35 48.36 48.38 48.39 48.4 48.4 48.42 48.44 48.45 48.41 48.4 48.4 48.41 48.41 48.42 48.43 48.44 48.45 48.46 48.45 48.44
48.14 48.13 48.12 48.12 48.08 48.05 48.04 48.04 48.03 48.02 48.02 48 48.01 48.01 48.02 48.04 48.05 48.01 48.01 48.02 47.99 48.03 48.02 48.04 48.08 48.09 48.1 48.13 48.14 48.14 48.15 48.15 48.14 48.15 48.14 48.12 48.13 48.17 48.25 48.31 48.36 48.36 48.34 48.34 48.36 48.35 48.34 48.32 48.34 48.31 48.26 48.28 48.29 48.3 48.31 48.34 48.36 48.34 48.35 48.38 48.38 48.39 48.4 48.42 48.43 48.45 48.42 48.4 48.4 48.41 48.39 48.41 48.43 48.44 48.44 48.48 48.47 48.45
48.14 48.09 48.07 48.05 48.03 48.01 48.02 48 48.02 48.02 48.02 48.02 48.04 48.02 48.02 48.03 48.03 48.01 48.01 48 47.98 48.01 48.02 48.06 48.09 48.1 48.1 48.13 48.1 48.13 48.15 48.16 48.15 48.15 48.14 48.12 48.1 48.14 48.23 48.29 48.34 48.35 48.35 48.33 48.36 48.34 48.35 48.36 48.35 48.33 48.26 48.27 48.3 48.32 48.32 48.31 48.31 48.31 48.35 48.36 48.38 48.39 48.38 48.39 48.4 48.41 48.42 48.44 48.42 48.4 48.4 48.42 48.42 48.43 48.44 48.45 48.45 48.45
48.06 48.01 48.02 48.01 47.99 47.99 47.99 47.98 48.02 48.01 48.03 48.07 48.07 48.06 48.03 48.02 48.01 48.01 48.02 47.98 47.99 48 48.03 48.07 48.09 48.11 48.11 48.11 48.1 48.13 48.16 48.16 48.16 48.16 48.15 48.14 48.1 48.12 48.21 48.25 48.32 48.34 48.37 48.34 48.36 48.36 48.38 48.39 48.33 48.33 48.31 48.27 48.28 48.31 48.31 48.3 48.29 48.32 48.37 48.36 48.37 48.36 48.37 48.39 48.4 48.39 48.41 48.44 48.42 48.4 48.41 48.41 48.41 48.41 48.42 48.42 48.42 48.43
47.99 47.98 47.97 47.97 47.97 47.95 47.96 47.99 48.03 48.02 48.04 48.08 48.08 48.07 48.04 48.03 48.01 48 48.01 47.99 48.01 48 48.03 48.07 48.11 48.13 48.12 48.11 48.1 48.11 48.14 48.16 48.19 48.19 48.17 48.16 48.11 48.11 48.16 48.22 48.31 48.33 48.36 48.36 48.35 48.35 48.4 48.41 48.35 48.34 48.33 48.28 48.28 48.28 48.28 48.28 48.28 48.33 48.36 48.37 48.37 48.35 48.36 48.39 48.4 48.4 48.41 48.42 48.41 48.41 48.41 48.39 48.39 48.4 48.41 48.41 48.43 48.45
47.95 47.95 47.94 47.95 47.95 47.94 47.95 48 48.06 48.07 48.07 48.07 48.07 48.06 48.05 48.05 48.02 48.01 48.01 48 48.01 48.01 48.04 48.08 48.13 48.14 48.12 48.11 48.11 48.11 48.13 48.16 48.2 48.19 48.17 48.17 48.11 48.11 48.13 48.21 48.3 48.3 48.33 48.36 48.35 48.36 48.41 48.42 48.39 48.36 48.33 48.3 48.29 48.28 48.28 48.31 48.32 48.32 48.34 48.37 48.37 48.35 48.37 48.38 48.4 48.41 48.43 48.42 48.41 48.41 48.4 48.4 48.39 48.4 48.4 48.4 48.45 48.48
47.94 47.94 47.94 47.95 47.94 47.95 47.96 48 48.07 48.11 48.09 48.05 48.08 48.06 48.06 48.05 48.04 48.04 48.02 48.01 48.02 48.03 48.05 48.1 48.14 48.15 48.14 48.11 48.1 48.11 48.11 48.12 48.16 48.16 48.16 48.18 48.14 48.13 48.13 48.22 48.26 48.27 48.34 48.36 48.37 48.37 48.39 48.42 48.42 48.39 48.35 48.31 48.29 48.27 48.29 48.35 48.34 48.31 48.31 48.36 48.37 48.36 48.38 48.39 48.39 48.41 48.43 48.44 48.41 48.4 48.39 48.39 48.39 48.39 48.38 48.39 48.44 48.48
47.95 47.94 47.94 47.95 47.95 47.96 47.96 47.98 48.04 48.1 48.09 48.04 48.09 48.06 48.05 48.05 48.06 48.07 48.04 48.01 48.03 48.05 48.07 48.11 48.12 48.13 48.14 48.11 48.1 48.1 48.09 48.09 48.11 48.13 48.16 48.18 48.14 48.14 48.14 48.18 48.2 48.24 48.3 48.36 48.37 48.36 48.37 48.42 48.43 48.41 48.36 48.31 48.3 48.27 48.27 48.32 48.29 48.28 48.31 48.36 48.38 48.38 48.38 48.39 48.4 48.4 48.42 48.43 48.41 48.39 48.38 48.39 48.4 48.38 48.39 48.39 48.41 48.45
47.99 47.96 47.95 47.95 47.95 47.95 47.94 47.95 48.01 48.07 48.07 48.06 48.06 48.04 48.04 48.04 48.07 48.07 48.05 48.02 48.01 48.03 48.08 48.1 48.12 48.12 48.13 48.14 48.13 48.14 48.11 48.11 48.1 48.13 48.17 48.16 48.14 48.15 48.16 48.15 48.15 48.19 48.27 48.36 48.37 48.37 48.36 48.39 48.41 48.42 48.37 48.32 48.3 48.26 48.24 48.25 48.25 48.27 48.32 48.37 48.4 48.38 48.36 48.38 48.4 48.4 48.42 48.42 48.42 48.39 48.39 48.39 48.38 48.38 48.4 48.41 48.41 48.42
