slabs/6.grd
DSAA
631 301
642000 642630
4947500 4947800
44.64 49.2
[rows 238 to 271 of 301, columns 156 to 233 of 631]
48.28 48.29 48.28 48.33 48.3 48.27 48.26 48.23 48.21 48.24 48.28 48.25 48.2 48.19 48.2 48.21 48.21 48.18 48.2 48.22 48.23 48.24 48.28 48.25 48.2 48.16 48.2 48.22 48.2 48.13 48.15 48.16 48.17 48.18 48.18 48.17 48.16 48.14 48.13 48.14 48.16 48.19 48.18 48.15 48.14 48.16 48.09 48.08 48.07 48.13 48.14 48.13 48.16 48.14 48.11 48.11 48.1 48.11 48.08 48.06 48.02 48.04 48.09 48.09 48.01 47.97 47.81 47.65 47.64 47.67 47.69 47.72 47.73 47.72 47.78 47.8 47.81 47.8
48.25 48.26 48.28 48.32 48.31 48.3 48.27 48.26 48.25 48.28 48.3 48.27 48.22 48.18 48.17 48.19 48.24 48.22 48.19 48.2 48.22 48.24 48.25 48.23 48.2 48.16 48.19 48.22 48.21 48.16 48.16 48.16 48.13 48.15 48.16 48.18 48.17 48.17 48.16 48.15 48.16 48.19 48.19 48.17 48.13 48.14 48.1 48.08 48.04 48.06 48.08 48.11 48.17 48.16 48.12 48.11 48.08 48.09 48.09 48.07 48 48.02 48.07 48.08 48.04 48 47.87 47.71 47.59 47.6 47.61 47.66 47.66 47.65 47.77 47.77 47.79 47.78
48.25 48.24 48.31 48.32 48.31 48.31 48.29 48.27 48.24 48.27 48.29 48.27 48.21 48.14 48.12 48.16 48.23 48.24 48.21 48.21 48.22 48.22 48.22 48.2 48.2 48.2 48.21 48.21 48.21 48.17 48.16 48.13 48.08 48.09 48.13 48.17 48.15 48.19 48.17 48.14 48.17 48.2 48.2 48.16 48.13 48.12 48.11 48.1 48.04 48.03 48.07 48.13 48.19 48.18 48.15 48.12 48.08 48.08 48.09 48.08 48.02 48.03 48.05 48.07 48.06 48.05 47.97 47.83 47.65 47.59 47.6 47.65 47.65 47.63 47.71 47.74 47.76 47.77
48.24 48.24 48.31 48.31 48.3 48.29 48.3 48.28 48.25 48.24 48.25 48.26 48.22 48.15 48.14 48.17 48.2 48.19 48.23 48.22 48.21 48.21 48.22 48.22 48.2 48.21 48.21 48.22 48.21 48.15 48.13 48.09 48.07 48.08 48.12 48.17 48.14 48.18 48.17 48.13 48.16 48.2 48.18 48.13 48.13 48.12 48.11 48.11 48.07 48.06 48.07 48.14 48.19 48.17 48.14 48.12 48.09 48.09 48.11 48.12 48.03 48.02 48.01 48.04 48.06 48.03 48.01 47.91 47.81 47.63 47.61 47.68 47.67 47.64 47.69 47.7 47.73 47.76
48.22 48.23 48.28 48.28 48.31 48.3 48.32 48.3 48.27 48.24 48.23 48.25 48.23 48.17 48.16 48.17 48.19 48.16 48.21 48.22 48.22 48.21 48.22 48.23 48.2 48.21 48.22 48.22 48.21 48.14 48.12 48.08 48.09 48.11 48.14 48.16 48.12 48.15 48.15 48.14 48.14 48.17 48.15 48.11 48.16 48.14 48.11 48.11 48.13 48.1 48.06 48.09 48.16 48.15 48.12 48.1 48.1 48.09 48.08 48.1 47.97 47.96 47.93 47.95 48 48.03 48.01 47.97 47.9 47.65 47.57 47.66 47.66 47.65 47.67 47.68 47.71 47.76
48.17 48.16 48.21 48.23 48.27 48.3 48.3 48.28 48.28 48.24 48.25 48.25 48.24 48.2 48.18 48.17 48.19 48.17 48.16 48.17 48.19 48.18 48.2 48.22 48.2 48.22 48.23 48.22 48.19 48.17 48.14 48.13 48.12 48.12 48.14 48.15 48.07 48.09 48.12 48.13 48.16 48.16 48.14 48.12 48.15 48.15 48.13 48.11 48.17 48.16 48.13 48.13 48.13 48.12 48.11 48.09 48.11 48.1 48.07 47.99 47.93 47.9 47.85 47.88 47.94 48.02 48.01 48.01 47.94 47.7 47.51 47.6 47.63 47.64 47.66 47.67 47.7 47.75
48.15 48.13 48.2 48.22 48.24 48.27 48.27 48.28 48.29 48.26 48.25 48.25 48.23 48.22 48.2 48.16 48.16 48.14 48.13 48.12 48.16 48.15 48.17 48.21 48.21 48.23 48.23 48.22 48.19 48.18 48.17 48.17 48.14 48.08 48.12 48.13 48.02 48.05 48.12 48.14 48.17 48.16 48.15 48.14 48.13 48.13 48.13 48.12 48.14 48.15 48.17 48.17 48.13 48.11 48.06 48.06 48.11 48.11 48.08 47.97 47.95 47.89 47.87 47.94 47.97 48.01 48 48.02 47.98 47.81 47.55 47.54 47.57 47.6 47.64 47.66 47.68 47.72
48.19 48.16 48.25 48.24 48.24 48.26 48.25 48.26 48.29 48.29 48.27 48.26 48.24 48.25 48.22 48.16 48.13 48.1 48.11 48.13 48.17 48.18 48.17 48.2 48.21 48.23 48.22 48.2 48.2 48.18 48.18 48.18 48.15 48.13 48.14 48.13 48.12 48.12 48.13 48.15 48.16 48.16 48.13 48.1 48.1 48.12 48.16 48.15 48.14 48.14 48.14 48.12 48.13 48.09 48 48.01 48.06 48.08 48.08 48.04 47.99 47.93 47.97 48 48 48 48.01 48 48.01 47.91 47.67 47.5 47.51 47.55 47.62 47.64 47.64 47.7
48.23 48.23 48.29 48.26 48.22 48.24 48.22 48.24 48.28 48.3 48.29 48.27 48.25 48.26 48.23 48.18 48.13 48.12 48.12 48.16 48.18 48.21 48.19 48.19 48.22 48.23 48.22 48.2 48.19 48.19 48.18 48.17 48.16 48.16 48.14 48.09 48.13 48.13 48.12 48.13 48.13 48.13 48.12 48.08 48.1 48.12 48.15 48.16 48.15 48.15 48.12 48.09 48.11 48.07 48 48 48.04 48.07 48.08 48.07 48.03 48 48.01 47.97 47.96 47.97 48.03 48 48.01 47.95 47.75 47.52 47.51 47.54 47.61 47.64 47.61 47.67
48.25 48.28 48.3 48.27 48.19 48.19 48.19 48.24 48.27 48.3 48.3 48.28 48.25 48.25 48.23 48.2 48.17 48.15 48.14 48.17 48.18 48.18 48.17 48.17 48.2 48.21 48.22 48.18 48.19 48.18 48.17 48.16 48.15 48.15 48.15 48.1 48.1 48.11 48.08 48.06 48.1 48.1 48.1 48.09 48.11 48.13 48.14 48.15 48.16 48.15 48.11 48.09 48.09 48.06 48.02 48.04 48.06 48.08 48.1 48.06 48.06 48.04 48.02 47.92 47.9 47.91 48 48.01 47.98 47.94 47.79 47.54 47.52 47.57 47.61 47.63 47.62 47.67
48.25 48.27 48.26 48.25 48.17 48.11 48.15 48.24 48.27 48.29 48.29 48.27 48.25 48.27 48.25 48.23 48.19 48.14 48.14 48.15 48.17 48.18 48.18 48.15 48.2 48.19 48.19 48.2 48.19 48.16 48.15 48.14 48.17 48.17 48.15 48.12 48.13 48.12 48.1 48.06 48.07 48.08 48.1 48.11 48.13 48.14 48.17 48.15 48.17 48.15 48.11 48.09 48.1 48.09 48.06 48.08 48.07 48.07 48.1 48.07 48.09 48.07 48.05 47.92 47.9 47.88 47.95 47.97 47.96 47.93 47.84 47.61 47.53 47.55 47.56 47.57 47.58 47.63
48.23 48.2 48.22 48.22 48.2 48.06 48.12 48.24 48.27 48.28 48.28 48.26 48.25 48.26 48.26 48.24 48.2 48.16 48.14 48.16 48.14 48.13 48.14 48.14 48.17 48.17 48.19 48.2 48.19 48.17 48.16 48.17 48.2 48.19 48.16 48.14 48.16 48.14 48.13 48.11 48.09 48.09 48.13 48.13 48.15 48.13 48.17 48.15 48.16 48.14 48.13 48.09 48.11 48.14 48.13 48.11 48.09 48.05 48.08 48.08 48.1 48.08 48.08 47.98 47.93 47.86 47.9 47.96 47.97 47.95 47.9 47.81 47.73 47.58 47.5 47.51 47.53 47.59
48.19 48.13 48.17 48.23 48.24 48.15 48.18 48.23 48.25 48.27 48.28 48.24 48.22 48.23 48.25 48.21 48.2 48.2 48.18 48.16 48.14 48.1 48.09 48.11 48.1 48.12 48.17 48.17 48.16 48.16 48.17 48.2 48.23 48.21 48.16 48.15 48.19 48.14 48.12 48.12 48.1 48.1 48.13 48.14 48.15 48.14 48.14 48.14 48.13 48.12 48.13 48.09 48.1 48.16 48.14 48.11 48.09 48.05 48.08 48.07 48.06 48.09 48.06 48.03 48.01 47.95 47.92 47.97 48 47.98 47.93 47.93 47.86 47.65 47.48 47.49 47.51 47.58
48.19 48.13 48.16 48.25 48.26 48.22 48.21 48.2 48.21 48.22 48.26 48.28 48.29 48.25 48.26 48.22 48.19 48.23 48.22 48.18 48.12 48.12 48.09 48.09 48.04 48.08 48.15 48.17 48.17 48.17 48.16 48.2 48.23 48.22 48.16 48.16 48.17 48.14 48.12 48.11 48.1 48.1 48.12 48.13 48.12 48.13 48.13 48.13 48.13 48.13 48.13 48.1 48.1 48.16 48.15 48.1 48.08 48.06 48.1 48.06 48.01 48.05 48.05 48.06 48.04 47.95 47.9 47.93 47.99 48 47.94 47.95 47.89 47.7 47.5 47.49 47.52 47.6
48.23 48.18 48.17 48.24 48.27 48.26 48.22 48.17 48.16 48.19 48.23 48.28 48.3 48.25 48.25 48.24 48.18 48.21 48.22 48.21 48.11 48.13 48.12 48.08 48 48.06 48.13 48.17 48.19 48.18 48.16 48.19 48.2 48.19 48.19 48.16 48.14 48.13 48.15 48.15 48.14 48.1 48.07 48.11 48.09 48.1 48.12 48.13 48.14 48.17 48.14 48.11 48.11 48.13 48.12 48.06 48.05 48.06 48.1 48.06 48.02 48.04 48.07 48.04 48.01 47.88 47.82 47.87 47.95 47.98 47.94 47.93 47.9 47.76 47.56 47.54 47.55 47.62
48.22 48.19 48.18 48.21 48.23 48.25 48.23 48.2 48.19 48.21 48.23 48.27 48.27 48.25 48.25 48.25 48.21 48.21 48.21 48.22 48.15 48.14 48.13 48.08 47.97 48.04 48.1 48.14 48.17 48.16 48.15 48.16 48.18 48.18 48.2 48.16 48.15 48.14 48.14 48.15 48.14 48.1 47.99 48.09 48.08 48.09 48.09 48.1 48.11 48.14 48.16 48.13 48.13 48.12 48.1 48.07 48.03 48.03 48.1 48.05 47.97 47.96 48.04 48.03 48 47.84 47.79 47.84 47.9 47.95 47.95 47.93 47.92 47.84 47.69 47.6 47.56 47.62
48.22 48.23 48.22 48.22 48.22 48.24 48.25 48.24 48.22 48.18 48.21 48.24 48.27 48.26 48.24 48.24 48.24 48.23 48.22 48.21 48.16 48.16 48.15 48.1 47.99 48.04 48.08 48.11 48.15 48.14 48.13 48.13 48.15 48.18 48.21 48.17 48.16 48.13 48.11 48.11 48.12 48.12 48.04 48.07 48.05 48.1 48.08 48.07 48.07 48.11 48.17 48.15 48.14 48.13 48.09 48.09 48.05 48.04 48.09 48.05 47.93 47.92 47.99 48 48 47.89 47.84 47.87 47.89 47.93 47.94 47.94 47.95 47.93 47.83 47.68 47.54 47.59
48.22 48.25 48.25 48.24 48.24 48.23 48.26 48.27 48.23 48.18 48.17 48.2 48.26 48.25 48.22 48.23 48.24 48.23 48.24 48.2 48.18 48.18 48.16 48.13 48.06 48.08 48.08 48.11 48.13 48.12 48.11 48.12 48.14 48.18 48.2 48.16 48.15 48.12 48.1 48.14 48.14 48.13 48.12 48.04 48.05 48.08 48.09 48.06 48.07 48.09 48.13 48.13 48.15 48.12 48.1 48.11 48.08 48.07 48.08 48.06 47.96 47.94 47.96 47.97 48.02 47.99 47.94 47.94 47.91 47.93 47.94 47.95 47.97 47.99 47.93 47.77 47.54 47.56
48.23 48.27 48.27 48.24 48.24 48.22 48.24 48.27 48.23 48.21 48.16 48.19 48.24 48.23 48.22 48.23 48.22 48.23 48.25 48.21 48.23 48.21 48.17 48.15 48.11 48.11 48.11 48.13 48.11 48.12 48.12 48.11 48.13 48.14 48.15 48.15 48.14 48.13 48.12 48.11 48.12 48.12 48.1 48.04 48.04 48.04 48.09 48.06 48.07 48.06 48.08 48.1 48.14 48.12 48.11 48.11 48.09 48.06 48.07 48.07 48.02 47.99 47.95 47.94 47.99 48.02 48 47.99 47.93 47.93 47.94 47.95 47.97 48 47.97 47.84 47.57 47.54
48.23 48.26 48.28 48.26 48.23 48.22 48.22 48.24 48.23 48.22 48.18 48.19 48.19 48.21 48.22 48.23 48.21 48.21 48.22 48.2 48.22 48.21 48.2 48.17 48.14 48.1 48.06 48.12 48.12 48.15 48.14 48.1 48.12 48.13 48.14 48.17 48.16 48.13 48.12 48.08 48.1 48.09 48.07 48.06 48.05 48.04 48.08 48.07 48.07 48.06 48.07 48.08 48.12 48.13 48.12 48.11 48.09 48.05 48.07 48.08 48.06 48.03 47.96 47.92 47.94 48 48.02 47.98 47.93 47.9 47.9 47.94 47.98 47.95 47.96 47.91 47.66 47.49
48.24 48.23 48.25 48.28 48.21 48.21 48.22 48.21 48.24 48.23 48.19 48.21 48.15 48.16 48.21 48.24 48.23 48.22 48.22 48.21 48.2 48.18 48.19 48.2 48.18 48.13 48.1 48.11 48.12 48.16 48.16 48.11 48.12 48.12 48.11 48.17 48.16 48.13 48.11 48.08 48.08 48.09 48.08 48.07 48.05 48.04 48.06 48.07 48.08 48.08 48.11 48.1 48.11 48.12 48.15 48.11 48.09 48.07 48.05 48.06 48.05 48.03 47.99 47.95 47.96 47.98 48 47.95 47.92 47.87 47.87 47.92 47.96 47.93 47.95 47.93 47.83 47.61
48.26 48.25 48.25 48.28 48.23 48.2 48.2 48.15 48.22 48.23 48.17 48.21 48.17 48.16 48.19 48.22 48.24 48.23 48.21 48.23 48.22 48.19 48.17 48.2 48.19 48.18 48.15 48.1 48.1 48.11 48.13 48.14 48.15 48.13 48.08 48.12 48.14 48.14 48.11 48.08 48.08 48.09 48.07 48.06 48.02 48.01 48.02 48.04 48.07 48.1 48.13 48.12 48.1 48.1 48.14 48.12 48.09 48.08 48.02 48.04 48.05 48.05 48.01 48 48.01 47.96 48 47.96 47.95 47.94 47.93 47.94 47.95 47.96 47.97 47.93 47.93 47.74
48.28 48.27 48.26 48.27 48.25 48.21 48.17 48.14 48.21 48.22 48.21 48.2 48.19 48.15 48.13 48.2 48.23 48.22 48.23 48.2 48.21 48.2 48.17 48.18 48.18 48.18 48.16 48.11 48.09 48.08 48.12 48.16 48.16 48.12 48.06 48.1 48.12 48.14 48.1 48.08 48.07 48.09 48.07 48.06 48.03 48 47.99 48 48.05 48.1 48.12 48.12 48.1 48.09 48.11 48.1 48.07 48.05 48.05 48.06 48.08 48.07 48.02 48 47.99 48 48 47.95 47.98 48 48 47.95 47.97 47.99 47.99 47.95 47.95 47.83
48.29 48.28 48.27 48.29 48.27 48.24 48.2 48.16 48.15 48.17 48.21 48.22 48.21 48.16 48.13 48.19 48.21 48.23 48.23 48.21 48.22 48.2 48.16 48.17 48.17 48.16 48.17 48.13 48.12 48.09 48.11 48.16 48.15 48.09 48.03 48.1 48.12 48.13 48.09 48.09 48.08 48.1 48.09 48.09 48.05 48.01 47.97 47.98 48.03 48.08 48.1 48.1 48.09 48.1 48.12 48.1 48.08 48.07 48.07 48.09 48.07 48.05 48.02 48.01 48.01 48 48 47.93 47.97 47.98 48 47.97 47.97 47.98 47.98 47.95 47.99 47.9
48.29 48.29 48.27 48.26 48.26 48.25 48.23 48.19 48.15 48.17 48.21 48.18 48.2 48.19 48.2 48.19 48.2 48.22 48.22 48.23 48.23 48.2 48.16 48.16 48.16 48.16 48.16 48.14 48.12 48.1 48.07 48.15 48.15 48.09 48.03 48.09 48.11 48.11 48.1 48.1 48.1 48.1 48.09 48.08 48.05 48.04 47.99 47.99 48.01 48.03 48.06 48.06 48.09 48.09 48.08 48.08 48.09 48.11 48.07 48.08 48.05 48 48 48.01 48.03 48.02 48.01 47.97 47.96 47.96 47.97 47.94 47.93 47.96 47.97 47.96 48 47.93
48.29 48.28 48.3 48.27 48.21 48.23 48.26 48.22 48.21 48.21 48.21 48.14 48.17 48.2 48.17 48.19 48.18 48.19 48.2 48.21 48.22 48.2 48.18 48.18 48.17 48.16 48.15 48.13 48.12 48.09 48.04 48.11 48.13 48.09 48.05 48.07 48.09 48.11 48.09 48.1 48.1 48.07 48.05 48.06 48.06 48.06 48.04 48.02 48 47.99 48 48.04 48.1 48.09 48.06 48.08 48.08 48.12 48.1 48.09 48.06 48.01 48.01 48.02 48.02 48.04 48.02 47.98 47.98 47.98 47.98 47.96 47.9 47.92 47.96 47.99 47.99 47.94
48.26 48.28 48.3 48.29 48.2 48.21 48.25 48.25 48.24 48.2 48.2 48.14 48.16 48.19 48.17 48.14 48.15 48.17 48.19 48.19 48.2 48.21 48.17 48.19 48.17 48.17 48.16 48.16 48.14 48.1 48.05 48.04 48.07 48.09 48.08 48.08 48.09 48.1 48.11 48.11 48.09 48.03 48.07 48.07 48.07 48.1 48.08 48.07 47.99 47.97 47.99 48.02 48.09 48.07 48.05 48.07 48.1 48.11 48.11 48.09 48.07 48.02 48.02 48.02 48.03 48.05 48.03 47.99 47.98 47.96 47.98 48.01 47.9 47.87 47.93 48.01 47.97 47.96
48.24 48.26 48.28 48.29 48.23 48.21 48.23 48.24 48.23 48.19 48.19 48.15 48.15 48.19 48.22 48.12 48.14 48.17 48.17 48.18 48.19 48.22 48.16 48.18 48.16 48.17 48.18 48.17 48.15 48.11 48.08 48.06 48.04 48.08 48.08 48.08 48.08 48.08 48.1 48.11 48.11 48.04 48.08 48.09 48.09 48.08 48.1 48.09 48.03 47.98 47.98 48 48.04 48.05 48.05 48.06 48.1 48.1 48.11 48.09 48.07 48.01 48.01 48.01 48.03 48.05 48.04 48 47.95 47.91 47.95 48.02 47.91 47.85 47.9 48 47.99 47.99
48.25 48.25 48.26 48.24 48.24 48.23 48.21 48.21 48.22 48.21 48.19 48.16 48.16 48.18 48.24 48.19 48.18 48.16 48.13 48.16 48.19 48.22 48.19 48.21 48.19 48.17 48.18 48.17 48.16 48.13 48.05 48.04 48.03 48.07 48.09 48.08 48.07 48.08 48.07 48.08 48.12 48.1 48.07 48.08 48.09 48.09 48.06 48.08 48.06 48.01 48 47.97 47.99 48.07 48.06 48.05 48.08 48.07 48.09 48.09 48.08 48.02 48.02 48 48.01 48.05 48.03 48 47.95 47.92 47.95 47.98 47.96 47.91 47.9 47.99 48.03 48.02
48.26 48.24 48.25 48.23 48.25 48.25 48.21 48.19 48.2 48.22 48.19 48.17 48.17 48.15 48.22 48.21 48.2 48.13 48.06 48.08 48.14 48.18 48.21 48.23 48.19 48.18 48.14 48.16 48.19 48.18 48.07 48.06 48.04 48.09 48.1 48.11 48.09 48.09 48.07 48.09 48.11 48.14 48.08 48.08 48.07 48.09 48.04 48.08 48.07 48.01 48.01 47.97 47.98 48.07 48.06 48.05 48.05 48.05 48.06 48.09 48.11 48.07 48.06 48.02 48 48.01 48.02 48.02 48 47.98 47.96 47.92 47.98 47.96 47.92 47.97 48.01 48.02
48.26 48.22 48.23 48.25 48.25 48.25 48.21 48.17 48.19 48.21 48.19 48.16 48.17 48.15 48.17 48.2 48.19 48.12 48.08 48.1 48.12 48.14 48.17 48.17 48.17 48.16 48.15 48.16 48.17 48.17 48.13 48.1 48.05 48.07 48.07 48.09 48.1 48.07 48.07 48.1 48.1 48.13 48.09 48.08 48.06 48.05 48.04 48.07 48.06 48.02 48.01 47.98 48 48.03 48.04 48.05 48.04 48.05 48.07 48.1 48.11 48.09 48.07 48.03 48.03 47.98 48 48.04 48.03 47.98 47.93 47.91 47.94 47.9 47.86 47.92 47.93 47.97
48.24 48.22 48.2 48.21 48.21 48.24 48.21 48.16 48.18 48.19 48.19 48.18 48.19 48.19 48.16 48.15 48.15 48.14 48.14 48.13 48.12 48.12 48.13 48.14 48.18 48.15 48.13 48.14 48.16 48.15 48.15 48.11 48.05 48.04 48.05 48.07 48.11 48.07 48.08 48.1 48.1 48.11 48.09 48.08 48.08 48.06 48.05 48.06 48.04 48.04 48.04 48 48.01 47.99 48.02 48.06 48.06 48.08 48.08 48.09 48.08 48.08 48.07 48.04 48.05 48.02 48.01 48.02 48.02 48 47.99 47.99 47.98 47.89 47.82 47.9 47.87 47.91
48.22 48.21 48.18 48.19 48.2 48.24 48.23 48.18 48.19 48.19 48.17 48.19 48.19 48.2 48.15 48.13 48.1 48.13 48.2 48.18 48.15 48.12 48.09 48.11 48.16 48.14 48.13 48.14 48.16 48.14 48.15 48.13 48.1 48.05 48.03 48.05 48.09 48.1 48.08 48.07 48.1 48.09 48.1 48.09 48.1 48.09 48.08 48.07 48.05 48.06 48.05 48.03 48 47.99 48.01 48.06 48.07 48.09 48.08 48.08 48.06 48.06 48.06 48.07 48.04 48.03 48.03 48.02 48.03 48.03 48 48 47.99 47.92 47.86 47.92 47.86 47.9
48.22 48.22 48.17 48.21 48.2 48.22 48.21 48.22 48.21 48.18 48.12 48.11 48.15 48.17 48.18 48.15 48.11 48.13 48.18 48.17 48.14 48.09 48.06 48.1 48.16 48.14 48.15 48.16 48.16 48.15 48.14 48.14 48.15 48.09 48.05 48.05 48.07 48.1 48.06 48.01 48.08 48.07 48.09 48.11 48.12 48.06 48.07 48.08 48.06 48.07 48.08 48.07 47.99 47.97 47.99 48.02 48.05 48.08 48.05 48.05 48.06 48.06 48.06 48.07 48.04 48.04 48.03 48.02 48.02 48.02 47.98 47.96 47.99 47.96 47.91 47.96 47.88 47.91
