slabs/60.grd
DSAA
631 301
645150 645780
4948700 4949000
39.71 45.84
[rows 34 to 67 of 300, columns 312 to 389 of 631]
42.2 42.21 42.17 42.11 42.1 42.12 42.1 42.07 42.07 42.07 42.06 42.05 42.04 42.03 42.03 42.04 42.03 41.99 41.97 41.95 41.94 41.93 41.95 41.96 41.93 41.83 41.7 41.61 41.76 41.97 41.96 41.95 41.93 41.89 41.88 41.88 41.88 41.88 41.89 41.89 41.89 41.89 41.91 41.9 41.89 41.88 41.89 41.91 41.92 41.93 41.93 41.92 41.9 41.91 41.9 41.89 41.88 41.87 41.85 41.85 41.84 41.82 41.8 41.77 41.75 41.74 41.73 41.71 41.71 41.7 41.71 41.71 41.57 41.39 41.43 41.55 41.65 41.69
42.2 42.21 42.16 42.1 42.1 42.11 42.1 42.07 42.07 42.07 42.06 42.04 42.03 42.01 42 42.01 42 41.98 41.98 41.97 41.96 41.94 41.95 41.94 41.9 41.84 41.73 41.63 41.76 41.94 41.95 41.94 41.94 41.91 41.88 41.88 41.89 41.89 41.88 41.88 41.88 41.9 41.92 41.9 41.88 41.88 41.89 41.92 41.94 41.94 41.94 41.93 41.92 41.92 41.92 41.91 41.89 41.87 41.87 41.87 41.86 41.84 41.82 41.78 41.75 41.73 41.73 41.73 41.72 41.71 41.72 41.72 41.6 41.42 41.44 41.53 41.64 41.68
42.2 42.2 42.16 42.09 42.09 42.09 42.09 42.07 42.06 42.04 42.04 42.03 42.01 41.98 41.99 42 41.99 41.97 41.97 41.98 41.97 41.96 41.95 41.92 41.88 41.84 41.8 41.69 41.71 41.91 41.95 41.95 41.95 41.93 41.9 41.89 41.89 41.89 41.89 41.87 41.87 41.9 41.91 41.9 41.87 41.88 41.9 41.92 41.94 41.94 41.95 41.95 41.93 41.92 41.92 41.91 41.89 41.88 41.88 41.87 41.87 41.86 41.83 41.79 41.75 41.73 41.74 41.74 41.73 41.73 41.73 41.72 41.64 41.52 41.48 41.52 41.61 41.64
42.17 42.17 42.14 42.08 42.06 42.06 42.07 42.06 42.05 42.02 42.02 42.02 42 41.98 41.98 41.98 41.97 41.96 41.96 41.97 41.96 41.95 41.93 41.89 41.87 41.84 41.85 41.78 41.74 41.9 41.96 41.96 41.93 41.92 41.9 41.89 41.89 41.89 41.89 41.87 41.87 41.88 41.88 41.88 41.88 41.89 41.9 41.92 41.94 41.94 41.95 41.96 41.93 41.9 41.91 41.92 41.89 41.87 41.87 41.87 41.87 41.86 41.84 41.79 41.75 41.73 41.74 41.75 41.75 41.73 41.72 41.7 41.68 41.62 41.51 41.51 41.61 41.64
42.12 42.12 42.11 42.07 42.05 42.04 42.05 42.05 42.04 42.01 42 41.99 41.99 41.98 41.97 41.97 41.95 41.94 41.96 41.96 41.95 41.94 41.94 41.9 41.87 41.86 41.86 41.84 41.82 41.9 41.96 41.94 41.89 41.9 41.89 41.89 41.89 41.9 41.89 41.87 41.87 41.88 41.88 41.88 41.88 41.89 41.9 41.92 41.94 41.94 41.94 41.94 41.92 41.89 41.91 41.93 41.9 41.88 41.88 41.87 41.85 41.84 41.82 41.79 41.76 41.74 41.74 41.75 41.74 41.73 41.72 41.7 41.7 41.63 41.48 41.5 41.63 41.65
42.08 42.1 42.09 42.07 42.05 42.02 42.03 42.03 42.03 42.01 42 41.99 41.98 41.97 41.98 41.97 41.95 41.94 41.97 41.96 41.94 41.94 41.95 41.92 41.88 41.88 41.88 41.88 41.87 41.89 41.92 41.91 41.89 41.89 41.88 41.88 41.89 41.89 41.89 41.88 41.87 41.88 41.89 41.89 41.88 41.9 41.91 41.92 41.92 41.92 41.93 41.93 41.93 41.93 41.94 41.95 41.92 41.9 41.88 41.86 41.84 41.83 41.82 41.79 41.77 41.75 41.75 41.75 41.74 41.74 41.73 41.72 41.72 41.65 41.5 41.52 41.64 41.67
42.08 42.1 42.08 42.06 42.04 42.01 42.02 42.03 42.02 42 41.99 41.99 41.99 41.99 41.99 41.98 41.97 41.96 41.96 41.96 41.94 41.95 41.94 41.93 41.9 41.89 41.88 41.88 41.88 41.9 41.92 41.91 41.91 41.89 41.86 41.87 41.88 41.89 41.91 41.91 41.89 41.88 41.89 41.88 41.89 41.9 41.9 41.91 41.92 41.92 41.93 41.95 41.96 41.95 41.96 41.96 41.94 41.91 41.89 41.86 41.85 41.84 41.82 41.8 41.78 41.76 41.76 41.76 41.74 41.73 41.73 41.73 41.74 41.69 41.55 41.53 41.63 41.67
42.08 42.08 42.06 42.04 42.02 42.01 42.02 42.03 42.02 42 41.99 42 42 42.01 41.99 41.99 41.97 41.96 41.96 41.95 41.95 41.95 41.94 41.93 41.91 41.88 41.87 41.88 41.9 41.91 41.92 41.93 41.94 41.9 41.86 41.87 41.87 41.88 41.89 41.88 41.88 41.88 41.88 41.89 41.92 41.91 41.9 41.9 41.93 41.95 41.96 41.98 41.98 41.97 41.96 41.96 41.94 41.91 41.9 41.87 41.86 41.85 41.82 41.8 41.8 41.79 41.77 41.75 41.73 41.73 41.73 41.73 41.74 41.7 41.55 41.51 41.62 41.67
42.06 42.05 42.03 42.02 42.01 42.01 42.02 42.01 42.02 42.01 41.99 41.99 42 42.01 42 41.99 41.98 41.98 41.97 41.96 41.95 41.95 41.94 41.93 41.91 41.89 41.9 41.9 41.9 41.93 41.97 41.99 41.98 41.91 41.86 41.86 41.87 41.88 41.88 41.88 41.87 41.87 41.88 41.9 41.92 41.91 41.91 41.92 41.95 41.96 41.96 41.97 41.98 41.98 41.97 41.95 41.94 41.92 41.9 41.87 41.86 41.84 41.82 41.81 41.82 41.82 41.79 41.76 41.73 41.73 41.72 41.73 41.73 41.69 41.55 41.49 41.61 41.67
42.06 42.05 42.04 42.02 42.01 42.02 42.02 42 42 41.99 41.98 41.98 41.99 42 42.01 42 41.98 41.99 41.98 41.97 41.96 41.93 41.91 41.92 41.92 41.9 41.93 41.9 41.8 41.85 42.02 42.04 42.01 41.93 41.87 41.84 41.86 41.87 41.87 41.88 41.89 41.89 41.9 41.9 41.9 41.88 41.89 41.93 41.97 41.97 41.96 41.96 41.99 41.99 41.96 41.95 41.94 41.92 41.9 41.88 41.86 41.84 41.83 41.83 41.83 41.83 41.8 41.76 41.75 41.74 41.73 41.74 41.73 41.7 41.57 41.5 41.61 41.64
42.07 42.07 42.05 42.03 42.03 42.04 42.02 42 41.99 41.97 41.96 41.98 41.99 42 42.01 42.01 41.99 41.98 41.98 41.98 41.98 41.95 41.94 41.96 41.94 41.93 41.93 41.88 41.74 41.72 41.89 42.02 42.02 41.94 41.89 41.83 41.85 41.85 41.85 41.87 41.91 41.93 41.92 41.91 41.89 41.87 41.88 41.92 41.97 41.99 41.97 41.96 41.99 41.98 41.95 41.94 41.93 41.91 41.9 41.88 41.85 41.84 41.84 41.85 41.84 41.83 41.8 41.76 41.75 41.74 41.74 41.74 41.71 41.7 41.61 41.49 41.55 41.63
42.11 42.1 42.07 42.05 42.06 42.06 42.04 42.03 42.02 42 41.98 42 42.03 42.03 42.03 42.03 42.01 42 41.97 41.99 41.99 41.96 41.97 41.98 41.97 41.95 41.93 41.89 41.73 41.56 41.68 41.96 42.02 41.97 41.92 41.85 41.84 41.85 41.86 41.88 41.92 41.94 41.92 41.9 41.9 41.89 41.89 41.91 41.96 42 41.99 41.97 41.99 41.98 41.95 41.94 41.93 41.92 41.9 41.88 41.85 41.84 41.83 41.84 41.84 41.83 41.8 41.76 41.74 41.74 41.74 41.74 41.73 41.72 41.63 41.45 41.46 41.61
42.13 42.11 42.09 42.08 42.08 42.09 42.08 42.07 42.06 42.05 42.03 42.04 42.05 42.05 42.05 42.05 42.05 42.01 41.97 41.98 41.98 41.96 41.96 41.97 41.97 41.96 41.94 41.9 41.74 41.54 41.65 41.95 42.02 42 41.95 41.86 41.85 41.86 41.86 41.89 41.93 41.94 41.92 41.9 41.93 41.93 41.91 41.91 41.94 41.97 41.98 41.98 42.01 41.99 41.96 41.93 41.94 41.93 41.91 41.88 41.86 41.85 41.85 41.84 41.84 41.84 41.83 41.78 41.76 41.75 41.74 41.74 41.74 41.73 41.64 41.47 41.48 41.6
42.14 42.12 42.1 42.09 42.1 42.1 42.08 42.08 42.06 42.06 42.05 42.04 42.04 42.05 42.06 42.06 42.07 42.04 42.02 42.01 41.99 41.96 41.96 41.97 41.98 41.97 41.95 41.9 41.78 41.61 41.72 41.97 42.03 42.01 41.95 41.86 41.85 41.85 41.86 41.9 41.96 41.96 41.94 41.93 41.97 41.97 41.93 41.92 41.93 41.94 41.98 42 42.02 42.01 41.96 41.92 41.93 41.92 41.9 41.89 41.88 41.87 41.86 41.85 41.84 41.84 41.84 41.8 41.78 41.77 41.75 41.73 41.73 41.74 41.68 41.56 41.53 41.6
42.15 42.11 42.08 42.07 42.11 42.12 42.1 42.1 42.07 42.05 42.04 42.03 42.02 42.05 42.07 42.07 42.07 42.06 42.05 42.04 42 41.97 41.97 41.96 41.97 41.97 41.95 41.91 41.78 41.56 41.69 41.98 42.03 42.01 41.95 41.86 41.85 41.85 41.86 41.92 41.98 41.96 41.94 41.94 41.96 41.96 41.94 41.92 41.92 41.94 41.97 41.99 41.98 41.98 41.97 41.94 41.92 41.91 41.89 41.89 41.89 41.88 41.85 41.84 41.84 41.84 41.81 41.79 41.77 41.75 41.74 41.73 41.73 41.75 41.7 41.59 41.54 41.57
42.11 42.11 42.07 42.06 42.08 42.1 42.11 42.1 42.07 42.05 42.06 42.04 42.02 42.04 42.07 42.07 42.07 42.07 42.06 42.05 42 41.96 41.96 41.95 41.97 41.98 41.97 41.93 41.74 41.46 41.64 41.99 42.02 41.99 41.95 41.88 41.87 41.89 41.89 41.92 41.95 41.95 41.94 41.93 41.93 41.94 41.94 41.92 41.92 41.94 41.96 41.97 41.96 41.97 41.97 41.95 41.91 41.91 41.9 41.88 41.87 41.87 41.86 41.86 41.86 41.85 41.81 41.78 41.76 41.74 41.74 41.73 41.74 41.75 41.7 41.61 41.55 41.57
42.12 42.11 42.09 42.08 42.08 42.09 42.1 42.08 42.04 42.03 42.06 42.04 42.01 42.03 42.07 42.08 42.07 42.08 42.07 42.04 42 41.96 41.96 41.97 42 42.01 42 41.94 41.76 41.53 41.7 42 42.02 41.98 41.94 41.89 41.87 41.89 41.92 41.92 41.93 41.93 41.93 41.93 41.92 41.93 41.93 41.93 41.94 41.95 41.97 41.97 41.97 41.98 41.98 41.95 41.92 41.92 41.91 41.89 41.87 41.87 41.88 41.89 41.89 41.86 41.82 41.8 41.78 41.75 41.74 41.73 41.74 41.76 41.72 41.65 41.57 41.57
42.15 42.14 42.13 42.12 42.11 42.11 42.09 42.08 42.03 41.99 42 42 42.01 42.03 42.05 42.08 42.06 42.07 42.06 42.04 42.02 41.98 41.98 42 42.04 42.05 42.01 41.95 41.84 41.69 41.78 41.96 42.01 41.98 41.95 41.9 41.86 41.87 41.9 41.91 41.91 41.93 41.95 41.93 41.91 41.91 41.91 41.92 41.95 41.96 41.97 41.95 41.96 41.97 41.97 41.95 41.93 41.92 41.91 41.9 41.89 41.86 41.88 41.91 41.89 41.86 41.83 41.81 41.79 41.76 41.74 41.74 41.75 41.76 41.72 41.67 41.58 41.56
42.18 42.18 42.15 42.14 42.13 42.11 42.09 42.08 42.02 41.95 41.93 41.94 42 42.02 42.04 42.06 42.05 42.05 42.05 42.04 42.04 42 41.99 42.01 42.05 42.06 42.01 41.95 41.86 41.69 41.76 41.95 42.02 42.01 41.99 41.93 41.88 41.88 41.89 41.9 41.92 41.96 41.98 41.93 41.91 41.91 41.92 41.91 41.93 41.94 41.96 41.94 41.94 41.96 41.97 41.96 41.95 41.92 41.91 41.9 41.89 41.86 41.87 41.89 41.88 41.84 41.82 41.81 41.8 41.77 41.75 41.75 41.76 41.76 41.74 41.7 41.59 41.55
42.2 42.2 42.17 42.15 42.12 42.1 42.09 42.08 42.02 41.93 41.91 41.93 42 42.02 42.03 42.05 42.05 42.04 42.03 42.04 42.05 42.02 42 42 42.02 42.03 42.02 41.97 41.91 41.78 41.73 41.9 42.04 42.03 42 41.93 41.87 41.88 41.9 41.9 41.93 41.96 41.97 41.92 41.9 41.91 41.92 41.92 41.92 41.93 41.95 41.95 41.95 41.97 41.97 41.96 41.94 41.92 41.91 41.89 41.89 41.87 41.86 41.88 41.87 41.84 41.81 41.82 41.8 41.78 41.77 41.76 41.75 41.75 41.76 41.73 41.61 41.55
42.22 42.23 42.2 42.15 42.1 42.09 42.08 42.07 42.03 41.98 41.96 41.98 42.01 42.02 42.04 42.05 42.04 42.03 42.03 42.05 42.06 42.04 42.02 42 42.02 42.04 42.02 41.99 41.96 41.87 41.74 41.86 42.03 42.03 42 41.92 41.85 41.86 41.89 41.9 41.91 41.93 41.94 41.92 41.91 41.91 41.92 41.93 41.92 41.92 41.95 41.95 41.96 41.97 41.96 41.93 41.92 41.91 41.9 41.88 41.89 41.88 41.88 41.88 41.86 41.83 41.82 41.83 41.82 41.79 41.77 41.77 41.75 41.75 41.76 41.73 41.62 41.57
42.23 42.25 42.23 42.15 42.08 42.07 42.07 42.07 42.03 42.01 42 42 42.04 42.05 42.06 42.07 42.06 42.05 42.05 42.06 42.06 42.04 42.02 42 42.01 42.03 42.03 42 41.99 41.87 41.69 41.82 42.03 42.04 42 41.93 41.86 41.87 41.9 41.9 41.9 41.92 41.93 41.92 41.92 41.92 41.93 41.94 41.93 41.92 41.94 41.94 41.95 41.95 41.95 41.94 41.92 41.9 41.9 41.89 41.89 41.89 41.88 41.88 41.87 41.83 41.82 41.83 41.82 41.78 41.77 41.77 41.77 41.77 41.74 41.72 41.65 41.61
42.23 42.24 42.23 42.16 42.06 42.04 42.06 42.06 42.04 42.02 42.01 42.02 42.05 42.05 42.06 42.08 42.07 42.06 42.05 42.06 42.07 42.04 42.01 41.99 42.01 42.03 42.04 42 41.97 41.83 41.62 41.78 42.04 42.05 42.01 41.94 41.87 41.88 41.91 41.91 41.91 41.92 41.94 41.93 41.93 41.92 41.93 41.95 41.94 41.93 41.94 41.94 41.94 41.95 41.95 41.94 41.92 41.91 41.91 41.9 41.89 41.88 41.87 41.88 41.87 41.84 41.82 41.83 41.82 41.8 41.8 41.79 41.78 41.78 41.74 41.72 41.66 41.57
42.23 42.24 42.22 42.16 42.07 42.05 42.07 42.08 42.04 42.03 42.01 42.03 42.06 42.05 42.06 42.08 42.08 42.04 42.04 42.06 42.06 42.04 42.01 42 42.01 42.03 42.05 42.01 41.96 41.83 41.63 41.77 42.03 42.05 42.02 41.95 41.88 41.88 41.89 41.9 41.91 41.93 41.95 41.94 41.93 41.91 41.91 41.95 41.94 41.94 41.95 41.95 41.95 41.95 41.95 41.92 41.91 41.9 41.9 41.89 41.89 41.88 41.87 41.87 41.85 41.83 41.84 41.83 41.81 41.8 41.81 41.8 41.77 41.77 41.75 41.74 41.64 41.49
42.22 42.22 42.21 42.17 42.1 42.09 42.09 42.07 42.05 42.04 42.04 42.05 42.06 42.05 42.06 42.08 42.08 42.05 42.04 42.04 42.05 42.04 42.02 42.01 42.01 42.03 42.06 42.03 41.98 41.88 41.71 41.78 42.02 42.04 42.03 41.96 41.88 41.88 41.88 41.89 41.9 41.92 41.95 41.95 41.93 41.9 41.9 41.93 41.93 41.93 41.94 41.94 41.93 41.93 41.95 41.94 41.92 41.89 41.88 41.88 41.87 41.87 41.86 41.86 41.85 41.83 41.83 41.82 41.8 41.78 41.78 41.77 41.75 41.75 41.75 41.74 41.66 41.53
42.23 42.24 42.22 42.17 42.12 42.09 42.08 42.08 42.07 42.07 42.06 42.06 42.08 42.07 42.06 42.08 42.08 42.06 42.04 42.04 42.05 42.05 42.03 42.01 42.01 42.03 42.07 42.04 42.01 41.94 41.75 41.77 42.01 42.04 42.04 41.98 41.91 41.89 41.88 41.9 41.9 41.92 41.96 41.96 41.94 41.91 41.9 41.91 41.91 41.92 41.93 41.94 41.93 41.92 41.94 41.95 41.93 41.91 41.92 41.9 41.87 41.85 41.85 41.85 41.86 41.85 41.83 41.82 41.8 41.78 41.77 41.76 41.75 41.74 41.74 41.74 41.7 41.59
42.25 42.26 42.23 42.17 42.13 42.09 42.09 42.09 42.08 42.07 42.06 42.06 42.09 42.07 42.06 42.07 42.07 42.06 42.04 42.04 42.06 42.07 42.05 42.01 42 42.01 42.04 42.05 42.02 41.96 41.74 41.68 41.92 42 42.03 42 41.94 41.9 41.9 41.94 41.93 41.93 41.95 41.96 41.94 41.91 41.91 41.92 41.92 41.91 41.92 41.93 41.93 41.91 41.91 41.94 41.93 41.92 41.93 41.91 41.87 41.86 41.84 41.85 41.85 41.85 41.84 41.83 41.8 41.79 41.78 41.77 41.75 41.74 41.74 41.75 41.71 41.56
42.26 42.26 42.25 42.2 42.15 42.1 42.1 42.09 42.08 42.08 42.06 42.04 42.06 42.05 42.04 42.06 42.06 42.05 42.04 42.05 42.08 42.08 42.06 42.01 41.99 41.98 42.01 42.05 42.03 41.97 41.74 41.51 41.66 41.93 42.01 41.99 41.95 41.89 41.89 41.93 41.94 41.92 41.93 41.95 41.94 41.91 41.92 41.93 41.93 41.91 41.9 41.9 41.91 41.9 41.91 41.93 41.93 41.92 41.92 41.92 41.89 41.86 41.85 41.85 41.84 41.83 41.83 41.82 41.8 41.79 41.79 41.79 41.76 41.73 41.74 41.75 41.72 41.6
42.27 42.28 42.27 42.23 42.17 42.13 42.1 42.09 42.1 42.1 42.08 42.03 42.04 42.05 42.05 42.04 42.03 42.04 42.04 42.06 42.09 42.08 42.05 42.01 42 42 42.02 42.04 42.04 42.01 41.8 41.5 41.62 41.91 42.03 42.03 41.98 41.9 41.88 41.91 41.92 41.92 41.91 41.92 41.92 41.91 41.91 41.92 41.91 41.9 41.89 41.89 41.89 41.9 41.91 41.93 41.94 41.92 41.9 41.9 41.89 41.86 41.87 41.86 41.85 41.83 41.81 41.81 41.79 41.78 41.79 41.79 41.77 41.73 41.74 41.76 41.75 41.71
42.28 42.28 42.28 42.24 42.19 42.16 42.11 42.1 42.11 42.12 42.07 42 42.02 42.05 42.06 42.04 42.03 42.03 42.04 42.06 42.07 42.08 42.07 42.03 42.02 42.02 42.03 42.06 42.06 42.02 41.83 41.59 41.68 41.93 42.05 42.05 42 41.92 41.9 41.92 41.91 41.91 41.92 41.92 41.92 41.91 41.9 41.89 41.89 41.89 41.89 41.89 41.9 41.91 41.91 41.93 41.95 41.91 41.88 41.89 41.88 41.86 41.86 41.85 41.85 41.83 41.81 41.81 41.79 41.78 41.78 41.78 41.76 41.74 41.75 41.77 41.76 41.73
42.27 42.27 42.27 42.24 42.2 42.17 42.13 42.12 42.12 42.12 42.05 41.97 42 42.03 42.07 42.05 42.03 42.04 42.05 42.07 42.08 42.1 42.09 42.06 42.04 42.03 42.04 42.06 42.07 42.03 41.84 41.59 41.67 41.93 42.06 42.05 42.02 41.94 41.9 41.9 41.89 41.89 41.92 41.93 41.93 41.92 41.9 41.88 41.88 41.89 41.9 41.91 41.92 41.92 41.92 41.93 41.95 41.93 41.9 41.9 41.88 41.85 41.84 41.83 41.83 41.83 41.81 41.8 41.79 41.78 41.78 41.78 41.76 41.74 41.75 41.77 41.77 41.75
42.26 42.26 42.27 42.25 42.21 42.17 42.13 42.14 42.14 42.12 42.05 41.99 42.01 42.05 42.08 42.07 42.05 42.04 42.05 42.06 42.08 42.1 42.1 42.07 42.05 42.03 42.06 42.07 42.08 42.05 41.88 41.64 41.67 41.89 42.06 42.06 42.03 41.94 41.88 41.87 41.87 41.88 41.91 41.92 41.92 41.92 41.91 41.9 41.89 41.9 41.9 41.92 41.94 41.93 41.92 41.94 41.97 41.95 41.9 41.89 41.87 41.84 41.83 41.83 41.83 41.83 41.82 41.81 41.8 41.8 41.79 41.77 41.75 41.74 41.75 41.77 41.78 41.79
42.26 42.27 42.3 42.27 42.23 42.18 42.12 42.12 42.13 42.12 42.07 41.99 41.98 42.05 42.09 42.07 42.03 42.03 42.04 42.05 42.05 42.07 42.09 42.06 42.05 42.04 42.06 42.08 42.08 42.06 41.92 41.69 41.68 41.85 42.05 42.04 42.02 41.95 41.88 41.86 41.86 41.88 41.9 41.91 41.91 41.9 41.9 41.9 41.89 41.89 41.9 41.92 41.95 41.94 41.92 41.93 41.96 41.94 41.88 41.88 41.87 41.85 41.85 41.84 41.83 41.84 41.83 41.8 41.8 41.81 41.8 41.78 41.76 41.76 41.76 41.77 41.78 41.78
42.26 42.27 42.31 42.28 42.23 42.18 42.12 42.12 42.13 42.12 42.09 42.02 41.98 42.02 42.05 42.04 42.03 42.03 42.04 42.05 42.06 42.08 42.1 42.08 42.06 42.05 42.05 42.07 42.07 42.05 41.95 41.75 41.73 41.86 42.03 42.02 42.01 41.96 41.9 41.87 41.86 41.88 41.89 41.9 41.92 41.91 41.9 41.9 41.89 41.89 41.87 41.9 41.93 41.93 41.92 41.92 41.94 41.93 41.89 41.88 41.87 41.84 41.83 41.83 41.82 41.82 41.82 41.81 41.8 41.8 41.79 41.77 41.77 41.78 41.77 41.76 41.76 41.77
