slabs/60.grd
DSAA
631 301
645150 645780
4948700 4949000
39.71 45.84
[rows 102 to 135 of 300, columns 468 to 545 of 631]
41.73 41.72 41.73 41.74 41.74 41.74 41.73 41.73 41.75 41.75 41.74 41.72 41.72 41.73 41.72 41.73 41.77 41.8 41.8 41.78 41.77 41.79 41.8 41.76 41.76 41.76 41.74 41.72 41.71 41.69 41.65 41.64 41.67 41.63 41.53 41.46 41.47 41.49 41.51 41.52 41.55 41.57 41.59 41.59 41.59 41.58 41.59 41.6 41.58 41.57 41.57 41.57 41.58 41.6 41.61 41.64 41.67 41.69 41.73 41.82 41.83 41.84 41.84 41.84 41.83 41.83 41.83 41.83 41.82 41.82 41.82 41.82 41.82 41.81 41.81 41.79 41.73 41.64
41.73 41.72 41.72 41.74 41.75 41.76 41.75 41.75 41.74 41.73 41.72 41.71 41.7 41.71 41.72 41.74 41.76 41.78 41.8 41.78 41.77 41.78 41.78 41.75 41.75 41.75 41.75 41.72 41.7 41.69 41.67 41.65 41.66 41.63 41.54 41.47 41.47 41.49 41.52 41.54 41.54 41.56 41.59 41.59 41.59 41.58 41.58 41.58 41.58 41.57 41.58 41.56 41.57 41.59 41.61 41.64 41.66 41.68 41.74 41.83 41.83 41.82 41.82 41.82 41.82 41.81 41.81 41.81 41.82 41.82 41.81 41.8 41.8 41.79 41.79 41.78 41.73 41.67
41.74 41.73 41.74 41.74 41.74 41.75 41.76 41.76 41.75 41.75 41.74 41.71 41.71 41.72 41.73 41.77 41.79 41.79 41.8 41.8 41.79 41.78 41.75 41.73 41.72 41.73 41.74 41.71 41.69 41.69 41.68 41.65 41.65 41.62 41.54 41.47 41.46 41.47 41.52 41.54 41.54 41.55 41.58 41.58 41.58 41.57 41.56 41.55 41.55 41.57 41.58 41.56 41.56 41.58 41.61 41.64 41.65 41.67 41.72 41.78 41.81 41.81 41.79 41.78 41.79 41.8 41.81 41.81 41.83 41.84 41.83 41.82 41.81 41.8 41.8 41.78 41.72 41.66
41.74 41.74 41.74 41.74 41.73 41.73 41.75 41.76 41.75 41.75 41.73 41.69 41.7 41.71 41.72 41.74 41.77 41.79 41.81 41.81 41.81 41.79 41.75 41.75 41.73 41.74 41.74 41.71 41.69 41.69 41.68 41.66 41.65 41.62 41.55 41.49 41.47 41.48 41.51 41.53 41.54 41.55 41.57 41.58 41.57 41.56 41.55 41.54 41.56 41.57 41.57 41.57 41.58 41.6 41.61 41.61 41.63 41.66 41.69 41.73 41.79 41.78 41.75 41.74 41.76 41.78 41.79 41.8 41.82 41.84 41.84 41.84 41.84 41.84 41.84 41.81 41.74 41.66
41.73 41.72 41.73 41.74 41.74 41.72 41.74 41.76 41.76 41.76 41.73 41.69 41.7 41.7 41.7 41.72 41.74 41.77 41.82 41.84 41.84 41.81 41.77 41.76 41.75 41.76 41.75 41.72 41.71 41.7 41.68 41.66 41.65 41.63 41.56 41.49 41.48 41.49 41.51 41.53 41.54 41.56 41.58 41.59 41.58 41.56 41.55 41.55 41.56 41.57 41.58 41.58 41.59 41.59 41.6 41.59 41.61 41.65 41.67 41.72 41.79 41.76 41.73 41.72 41.72 41.74 41.76 41.77 41.79 41.8 41.82 41.83 41.84 41.85 41.85 41.84 41.77 41.68
41.73 41.73 41.73 41.74 41.72 41.72 41.75 41.77 41.77 41.76 41.74 41.72 41.71 41.7 41.7 41.73 41.75 41.77 41.81 41.83 41.85 41.82 41.77 41.74 41.74 41.75 41.75 41.72 41.73 41.73 41.7 41.65 41.64 41.63 41.56 41.48 41.47 41.49 41.52 41.53 41.53 41.55 41.58 41.6 41.6 41.58 41.55 41.55 41.54 41.53 41.54 41.55 41.58 41.57 41.59 41.59 41.6 41.64 41.67 41.71 41.78 41.76 41.72 41.71 41.7 41.71 41.72 41.73 41.75 41.77 41.78 41.79 41.81 41.83 41.84 41.84 41.77 41.67
41.72 41.75 41.75 41.74 41.73 41.73 41.73 41.75 41.77 41.76 41.73 41.73 41.69 41.69 41.71 41.74 41.76 41.78 41.8 41.81 41.82 41.81 41.76 41.72 41.71 41.73 41.74 41.72 41.72 41.72 41.71 41.65 41.64 41.63 41.57 41.49 41.48 41.49 41.51 41.53 41.53 41.53 41.56 41.58 41.59 41.57 41.55 41.55 41.54 41.52 41.52 41.54 41.56 41.57 41.59 41.59 41.61 41.63 41.67 41.71 41.77 41.76 41.72 41.7 41.68 41.68 41.68 41.7 41.72 41.73 41.75 41.76 41.78 41.8 41.82 41.81 41.75 41.67
41.73 41.75 41.74 41.74 41.75 41.74 41.74 41.75 41.76 41.75 41.74 41.71 41.68 41.68 41.72 41.74 41.76 41.79 41.81 41.8 41.79 41.78 41.75 41.72 41.71 41.73 41.74 41.72 41.71 41.71 41.68 41.64 41.63 41.62 41.57 41.51 41.49 41.48 41.51 41.52 41.53 41.55 41.57 41.58 41.58 41.58 41.56 41.55 41.55 41.54 41.53 41.54 41.56 41.57 41.57 41.59 41.61 41.63 41.66 41.69 41.76 41.77 41.73 41.69 41.65 41.65 41.65 41.66 41.68 41.7 41.71 41.73 41.76 41.79 41.79 41.78 41.71 41.67
41.74 41.75 41.75 41.74 41.74 41.74 41.75 41.75 41.74 41.75 41.75 41.72 41.69 41.69 41.7 41.73 41.74 41.78 41.82 41.8 41.78 41.77 41.74 41.71 41.71 41.72 41.74 41.73 41.72 41.71 41.68 41.63 41.63 41.61 41.56 41.48 41.46 41.45 41.48 41.5 41.52 41.55 41.55 41.56 41.57 41.56 41.54 41.54 41.55 41.54 41.55 41.55 41.55 41.54 41.55 41.57 41.6 41.64 41.66 41.69 41.75 41.79 41.76 41.71 41.64 41.62 41.62 41.63 41.65 41.66 41.67 41.7 41.75 41.78 41.77 41.73 41.67 41.65
41.73 41.74 41.75 41.74 41.74 41.75 41.75 41.75 41.74 41.75 41.76 41.75 41.72 41.69 41.68 41.71 41.73 41.76 41.81 41.8 41.78 41.76 41.74 41.73 41.72 41.72 41.73 41.71 41.72 41.72 41.68 41.65 41.65 41.64 41.58 41.49 41.46 41.44 41.47 41.49 41.51 41.53 41.52 41.53 41.54 41.52 41.51 41.51 41.53 41.54 41.55 41.55 41.54 41.53 41.54 41.55 41.6 41.65 41.68 41.69 41.75 41.81 41.79 41.74 41.65 41.6 41.6 41.6 41.62 41.63 41.65 41.7 41.74 41.75 41.73 41.68 41.63 41.61
41.72 41.72 41.72 41.72 41.73 41.74 41.75 41.74 41.74 41.74 41.75 41.74 41.71 41.69 41.68 41.69 41.71 41.77 41.8 41.8 41.78 41.75 41.73 41.73 41.72 41.71 41.72 41.7 41.71 41.7 41.67 41.65 41.65 41.66 41.61 41.52 41.48 41.44 41.46 41.48 41.51 41.53 41.55 41.54 41.53 41.52 41.51 41.51 41.52 41.53 41.53 41.54 41.54 41.55 41.55 41.56 41.61 41.66 41.68 41.68 41.71 41.79 41.79 41.75 41.67 41.6 41.58 41.57 41.59 41.62 41.65 41.69 41.7 41.67 41.66 41.63 41.6 41.59
41.72 41.71 41.7 41.7 41.72 41.72 41.74 41.74 41.74 41.74 41.74 41.72 41.7 41.69 41.69 41.69 41.71 41.77 41.8 41.8 41.78 41.76 41.74 41.73 41.73 41.72 41.71 41.69 41.69 41.68 41.66 41.65 41.64 41.64 41.61 41.54 41.48 41.44 41.45 41.47 41.51 41.54 41.56 41.56 41.54 41.54 41.53 41.52 41.51 41.52 41.51 41.52 41.54 41.55 41.56 41.57 41.6 41.64 41.64 41.64 41.66 41.72 41.74 41.73 41.67 41.61 41.58 41.56 41.6 41.64 41.65 41.65 41.63 41.6 41.6 41.59 41.57 41.56
41.71 41.71 41.71 41.71 41.71 41.71 41.71 41.74 41.75 41.75 41.74 41.72 41.7 41.69 41.7 41.72 41.74 41.77 41.78 41.78 41.77 41.77 41.76 41.75 41.75 41.74 41.7 41.69 41.7 41.71 41.68 41.65 41.63 41.61 41.62 41.56 41.47 41.43 41.44 41.45 41.49 41.52 41.54 41.55 41.54 41.53 41.52 41.51 41.5 41.51 41.51 41.52 41.53 41.53 41.55 41.56 41.58 41.6 41.6 41.61 41.63 41.65 41.67 41.66 41.62 41.61 41.6 41.58 41.6 41.62 41.62 41.61 41.6 41.58 41.57 41.56 41.56 41.54
41.7 41.69 41.71 41.72 41.71 41.7 41.7 41.71 41.73 41.73 41.73 41.7 41.69 41.69 41.7 41.73 41.75 41.78 41.78 41.76 41.76 41.76 41.76 41.75 41.75 41.74 41.71 41.7 41.71 41.72 41.69 41.66 41.61 41.6 41.62 41.57 41.47 41.42 41.42 41.43 41.46 41.5 41.51 41.52 41.53 41.51 41.49 41.5 41.52 41.52 41.5 41.51 41.51 41.51 41.52 41.55 41.58 41.6 41.6 41.6 41.59 41.59 41.6 41.6 41.59 41.59 41.59 41.59 41.57 41.57 41.58 41.57 41.57 41.56 41.55 41.53 41.54 41.53
41.69 41.69 41.7 41.72 41.71 41.69 41.68 41.69 41.7 41.71 41.7 41.69 41.69 41.69 41.69 41.72 41.74 41.77 41.78 41.79 41.77 41.75 41.74 41.73 41.73 41.73 41.71 41.71 41.7 41.7 41.68 41.66 41.62 41.6 41.61 41.57 41.48 41.42 41.39 41.41 41.46 41.49 41.5 41.51 41.52 41.5 41.48 41.49 41.53 41.52 41.49 41.49 41.51 41.5 41.51 41.54 41.58 41.6 41.61 41.61 41.59 41.56 41.56 41.56 41.57 41.57 41.58 41.59 41.58 41.58 41.57 41.55 41.55 41.55 41.53 41.52 41.51 41.51
41.69 41.7 41.72 41.72 41.7 41.68 41.68 41.69 41.7 41.69 41.7 41.71 41.71 41.7 41.69 41.71 41.72 41.74 41.76 41.79 41.78 41.75 41.73 41.74 41.73 41.71 41.69 41.69 41.69 41.68 41.68 41.66 41.63 41.61 41.58 41.55 41.48 41.41 41.38 41.4 41.45 41.48 41.49 41.5 41.52 41.51 41.51 41.51 41.51 41.49 41.48 41.5 41.51 41.5 41.5 41.51 41.55 41.59 41.61 41.62 41.59 41.56 41.55 41.54 41.55 41.55 41.57 41.59 41.6 41.59 41.57 41.55 41.54 41.53 41.51 41.5 41.48 41.49
41.7 41.71 41.72 41.71 41.7 41.69 41.69 41.7 41.7 41.68 41.69 41.7 41.7 41.69 41.69 41.71 41.72 41.73 41.75 41.77 41.77 41.74 41.72 41.74 41.73 41.68 41.66 41.66 41.67 41.68 41.68 41.67 41.64 41.61 41.58 41.54 41.47 41.41 41.39 41.41 41.45 41.48 41.48 41.49 41.49 41.48 41.48 41.49 41.49 41.47 41.47 41.48 41.49 41.5 41.51 41.51 41.53 41.58 41.6 41.62 41.61 41.55 41.54 41.53 41.55 41.54 41.56 41.59 41.59 41.58 41.55 41.54 41.53 41.52 41.51 41.5 41.48 41.5
41.71 41.72 41.71 41.7 41.69 41.69 41.69 41.69 41.69 41.68 41.68 41.67 41.67 41.67 41.68 41.71 41.72 41.73 41.75 41.77 41.76 41.72 41.7 41.71 41.71 41.68 41.67 41.67 41.67 41.68 41.68 41.67 41.64 41.6 41.57 41.55 41.49 41.41 41.41 41.43 41.46 41.47 41.48 41.48 41.48 41.46 41.46 41.47 41.5 41.5 41.49 41.47 41.49 41.51 41.52 41.52 41.53 41.57 41.59 41.64 41.63 41.55 41.53 41.52 41.53 41.52 41.55 41.58 41.57 41.55 41.53 41.53 41.53 41.54 41.54 41.54 41.54 41.55
41.72 41.73 41.73 41.71 41.69 41.67 41.67 41.67 41.67 41.68 41.68 41.68 41.67 41.66 41.68 41.71 41.71 41.71 41.73 41.75 41.76 41.72 41.7 41.69 41.68 41.69 41.71 41.7 41.69 41.68 41.68 41.67 41.63 41.59 41.55 41.54 41.5 41.43 41.43 41.44 41.44 41.46 41.47 41.49 41.48 41.46 41.46 41.47 41.49 41.5 41.5 41.48 41.49 41.5 41.5 41.5 41.52 41.53 41.55 41.61 41.63 41.56 41.54 41.51 41.5 41.5 41.52 41.55 41.55 41.54 41.51 41.52 41.55 41.58 41.6 41.6 41.6 41.6
41.73 41.75 41.76 41.72 41.7 41.68 41.68 41.67 41.67 41.67 41.67 41.69 41.68 41.66 41.68 41.69 41.69 41.69 41.71 41.73 41.75 41.71 41.69 41.69 41.68 41.69 41.71 41.7 41.67 41.63 41.63 41.64 41.62 41.57 41.55 41.54 41.49 41.42 41.42 41.41 41.42 41.45 41.46 41.47 41.46 41.46 41.46 41.46 41.47 41.47 41.47 41.47 41.49 41.52 41.51 41.49 41.49 41.5 41.52 41.56 41.59 41.57 41.54 41.5 41.48 41.47 41.49 41.51 41.52 41.51 41.5 41.53 41.57 41.59 41.62 41.62 41.61 41.59
41.73 41.76 41.75 41.7 41.7 41.69 41.68 41.67 41.66 41.64 41.65 41.67 41.67 41.66 41.66 41.68 41.67 41.65 41.68 41.71 41.74 41.7 41.69 41.68 41.67 41.67 41.67 41.66 41.64 41.61 41.62 41.63 41.61 41.56 41.56 41.55 41.5 41.44 41.42 41.41 41.42 41.45 41.46 41.46 41.46 41.47 41.46 41.47 41.47 41.46 41.46 41.45 41.48 41.54 41.52 41.48 41.48 41.5 41.51 41.54 41.55 41.55 41.52 41.48 41.45 41.45 41.45 41.47 41.48 41.48 41.47 41.49 41.52 41.55 41.57 41.57 41.55 41.53
41.72 41.74 41.71 41.67 41.66 41.65 41.65 41.64 41.64 41.63 41.64 41.65 41.66 41.66 41.65 41.65 41.65 41.63 41.65 41.68 41.72 41.72 41.69 41.67 41.66 41.66 41.65 41.63 41.61 41.6 41.61 41.61 41.59 41.54 41.54 41.54 41.51 41.46 41.44 41.42 41.44 41.46 41.46 41.47 41.47 41.46 41.46 41.47 41.47 41.47 41.45 41.42 41.45 41.5 41.5 41.47 41.46 41.47 41.47 41.51 41.52 41.51 41.48 41.45 41.42 41.43 41.44 41.45 41.45 41.43 41.4 41.43 41.48 41.49 41.51 41.49 41.47 41.46
41.69 41.69 41.69 41.67 41.66 41.64 41.62 41.6 41.61 41.62 41.64 41.65 41.67 41.65 41.63 41.63 41.64 41.63 41.65 41.67 41.69 41.71 41.69 41.67 41.64 41.64 41.64 41.63 41.61 41.61 41.6 41.58 41.55 41.53 41.52 41.51 41.48 41.44 41.43 41.42 41.44 41.45 41.45 41.46 41.46 41.45 41.44 41.44 41.46 41.46 41.43 41.39 41.38 41.42 41.45 41.43 41.43 41.41 41.41 41.45 41.47 41.46 41.44 41.41 41.38 41.38 41.4 41.41 41.41 41.39 41.36 41.37 41.43 41.43 41.44 41.43 41.41 41.4
41.68 41.66 41.67 41.68 41.68 41.66 41.65 41.63 41.62 41.64 41.65 41.65 41.65 41.64 41.62 41.62 41.63 41.64 41.66 41.67 41.68 41.69 41.69 41.68 41.65 41.64 41.63 41.61 41.61 41.61 41.59 41.57 41.54 41.52 41.52 41.51 41.48 41.44 41.42 41.4 41.42 41.43 41.43 41.44 41.45 41.43 41.42 41.42 41.44 41.43 41.41 41.37 41.35 41.36 41.41 41.4 41.38 41.37 41.38 41.41 41.4 41.38 41.36 41.36 41.35 41.35 41.36 41.39 41.39 41.37 41.34 41.33 41.36 41.37 41.37 41.37 41.37 41.35
41.7 41.67 41.67 41.67 41.67 41.64 41.62 41.61 41.61 41.64 41.66 41.67 41.67 41.65 41.63 41.62 41.61 41.62 41.64 41.66 41.68 41.67 41.67 41.66 41.64 41.64 41.63 41.59 41.61 41.61 41.59 41.56 41.54 41.52 41.53 41.53 41.5 41.44 41.43 41.4 41.4 41.42 41.42 41.41 41.43 41.44 41.42 41.41 41.43 41.42 41.4 41.38 41.36 41.36 41.38 41.37 41.35 41.36 41.38 41.38 41.36 41.35 41.34 41.34 41.34 41.34 41.35 41.38 41.38 41.36 41.33 41.32 41.32 41.32 41.32 41.33 41.32 41.32
41.69 41.68 41.7 41.69 41.66 41.61 41.58 41.58 41.6 41.64 41.66 41.66 41.68 41.68 41.66 41.63 41.6 41.59 41.59 41.63 41.67 41.66 41.65 41.63 41.61 41.62 41.6 41.57 41.59 41.59 41.57 41.54 41.52 41.51 41.51 41.51 41.49 41.44 41.43 41.4 41.38 41.39 41.39 41.41 41.42 41.44 41.43 41.4 41.39 41.39 41.39 41.38 41.37 41.36 41.36 41.35 41.35 41.35 41.37 41.37 41.35 41.35 41.35 41.35 41.35 41.34 41.36 41.39 41.39 41.36 41.34 41.33 41.32 41.31 41.29 41.29 41.29 41.28
41.66 41.69 41.72 41.71 41.65 41.61 41.59 41.59 41.61 41.64 41.64 41.64 41.63 41.64 41.65 41.62 41.58 41.58 41.57 41.59 41.64 41.66 41.64 41.61 41.59 41.58 41.56 41.54 41.54 41.55 41.54 41.51 41.49 41.48 41.47 41.45 41.44 41.43 41.42 41.39 41.36 41.35 41.37 41.41 41.43 41.43 41.44 41.42 41.39 41.38 41.37 41.38 41.39 41.37 41.35 41.34 41.35 41.35 41.35 41.35 41.34 41.35 41.36 41.38 41.37 41.35 41.36 41.39 41.38 41.34 41.31 41.31 41.31 41.29 41.25 41.23 41.24 41.22
41.66 41.68 41.71 41.69 41.64 41.61 41.6 41.6 41.61 41.63 41.63 41.63 41.61 41.6 41.6 41.58 41.57 41.59 41.58 41.58 41.62 41.63 41.61 41.57 41.56 41.56 41.54 41.51 41.51 41.52 41.51 41.49 41.47 41.46 41.45 41.42 41.42 41.42 41.41 41.38 41.38 41.37 41.38 41.4 41.4 41.41 41.42 41.41 41.38 41.37 41.35 41.36 41.38 41.37 41.35 41.34 41.35 41.35 41.34 41.34 41.35 41.36 41.37 41.39 41.37 41.33 41.32 41.34 41.33 41.29 41.26 41.26 41.25 41.23 41.18 41.15 41.16 41.16
41.69 41.68 41.69 41.67 41.63 41.61 41.61 41.61 41.61 41.62 41.62 41.62 41.61 41.6 41.59 41.58 41.58 41.59 41.59 41.6 41.61 41.6 41.57 41.53 41.53 41.52 41.5 41.49 41.49 41.49 41.48 41.46 41.45 41.43 41.41 41.4 41.4 41.4 41.38 41.38 41.39 41.4 41.39 41.38 41.38 41.39 41.4 41.4 41.38 41.36 41.35 41.34 41.34 41.33 41.32 41.31 41.33 41.32 41.29 41.29 41.3 41.3 41.3 41.31 41.3 41.25 41.24 41.28 41.28 41.28 41.27 41.25 41.23 41.2 41.16 41.13 41.14 41.15
41.69 41.67 41.66 41.64 41.62 41.62 41.62 41.61 41.59 41.59 41.59 41.59 41.6 41.61 41.61 41.6 41.58 41.58 41.57 41.57 41.57 41.57 41.54 41.49 41.48 41.46 41.46 41.45 41.44 41.43 41.42 41.42 41.43 41.41 41.4 41.4 41.4 41.39 41.39 41.38 41.39 41.4 41.39 41.39 41.39 41.39 41.4 41.39 41.36 41.34 41.32 41.3 41.28 41.27 41.24 41.24 41.26 41.25 41.22 41.19 41.21 41.24 41.25 41.24 41.24 41.23 41.24 41.29 41.32 41.35 41.3 41.26 41.24 41.21 41.19 41.17 41.18 41.19
41.66 41.64 41.63 41.62 41.6 41.61 41.61 41.6 41.57 41.56 41.56 41.57 41.59 41.59 41.59 41.57 41.55 41.54 41.53 41.51 41.53 41.54 41.5 41.44 41.41 41.39 41.4 41.41 41.42 41.43 41.43 41.43 41.43 41.43 41.41 41.4 41.41 41.4 41.4 41.37 41.35 41.36 41.37 41.36 41.34 41.34 41.33 41.3 41.26 41.26 41.25 41.24 41.23 41.23 41.21 41.2 41.22 41.22 41.19 41.16 41.19 41.27 41.31 41.31 41.31 41.32 41.31 41.33 41.37 41.38 41.31 41.26 41.25 41.24 41.23 41.22 41.22 41.24
41.64 41.62 41.6 41.6 41.58 41.58 41.58 41.56 41.55 41.55 41.55 41.57 41.57 41.55 41.53 41.52 41.51 41.5 41.49 41.46 41.46 41.46 41.45 41.43 41.41 41.38 41.39 41.41 41.43 41.45 41.46 41.45 41.43 41.41 41.38 41.37 41.36 41.35 41.33 41.31 41.3 41.32 41.33 41.3 41.26 41.27 41.26 41.21 41.19 41.2 41.22 41.22 41.22 41.26 41.29 41.27 41.27 41.25 41.22 41.2 41.23 41.31 41.36 41.37 41.37 41.36 41.34 41.34 41.34 41.34 41.31 41.27 41.28 41.29 41.3 41.28 41.24 41.25
41.62 41.61 41.58 41.57 41.56 41.56 41.55 41.53 41.54 41.54 41.55 41.56 41.53 41.51 41.49 41.47 41.48 41.47 41.46 41.46 41.44 41.44 41.45 41.45 41.44 41.43 41.41 41.4 41.41 41.42 41.42 41.36 41.31 41.29 41.28 41.33 41.33 41.3 41.26 41.29 41.33 41.35 41.36 41.3 41.25 41.28 41.28 41.23 41.21 41.22 41.24 41.25 41.27 41.32 41.37 41.34 41.31 41.28 41.27 41.26 41.27 41.32 41.36 41.37 41.37 41.36 41.34 41.31 41.31 41.32 41.34 41.33 41.34 41.35 41.34 41.31 41.25 41.23
41.63 41.61 41.58 41.55 41.54 41.55 41.54 41.51 41.51 41.51 41.51 41.51 41.49 41.48 41.47 41.46 41.46 41.46 41.46 41.47 41.46 41.45 41.44 41.41 41.39 41.4 41.41 41.4 41.39 41.38 41.33 41.24 41.18 41.19 41.26 41.36 41.37 41.33 41.28 41.33 41.39 41.42 41.43 41.36 41.29 41.33 41.36 41.32 41.29 41.27 41.28 41.3 41.32 41.36 41.36 41.32 41.27 41.25 41.3 41.31 41.32 41.34 41.36 41.37 41.37 41.36 41.34 41.33 41.33 41.33 41.35 41.36 41.37 41.37 41.34 41.32 41.28 41.25
