slabs/60.grd
DSAA
631 301
645150 645780
4948700 4949000
39.71 45.84
[rows 136 to 169 of 300, columns 156 to 233 of 631]
43.04 43.04 43.02 43 43.01 43.03 43.06 43.08 43.09 43.1 43.12 43.13 43.12 43.11 43.12 43.12 43.1 43.07 43.06 43.07 43.06 43.04 43 42.99 42.99 42.97 42.91 42.87 42.79 42.78 42.8 42.82 42.85 42.87 42.87 42.86 42.85 42.84 42.81 42.81 42.83 42.87 42.89 42.92 42.92 42.91 42.88 42.84 42.81 42.78 42.76 42.75 42.76 42.75 42.74 42.73 42.71 42.71 42.7 42.66 42.55 42.47 42.52 42.63 42.66 42.67 42.68 42.7 42.7 42.71 42.69 42.64 42.62 42.63 42.66 42.66 42.66 42.66
43.05 43.03 43 42.98 43 43.04 43.05 43.06 43.07 43.08 43.11 43.12 43.12 43.1 43.12 43.14 43.11 43.05 43.03 43.05 43.07 43.03 43 43 43 42.97 42.91 42.87 42.79 42.77 42.8 42.81 42.84 42.85 42.85 42.85 42.85 42.85 42.83 42.82 42.82 42.84 42.86 42.91 42.91 42.91 42.88 42.84 42.81 42.78 42.77 42.76 42.77 42.76 42.76 42.74 42.71 42.7 42.69 42.65 42.59 42.53 42.53 42.63 42.67 42.67 42.67 42.69 42.69 42.7 42.69 42.64 42.6 42.62 42.66 42.67 42.65 42.64
43.06 43.03 43 42.99 43 43.02 43.03 43.03 43.05 43.08 43.11 43.12 43.12 43.1 43.09 43.1 43.1 43.05 43.02 43.04 43.06 43.02 43 43 43 42.97 42.92 42.88 42.8 42.77 42.81 42.82 42.83 42.83 42.84 42.84 42.85 42.85 42.84 42.82 42.82 42.82 42.84 42.89 42.91 42.91 42.89 42.84 42.8 42.78 42.77 42.77 42.77 42.77 42.76 42.74 42.72 42.72 42.7 42.68 42.65 42.6 42.55 42.63 42.67 42.67 42.68 42.69 42.69 42.68 42.68 42.65 42.63 42.63 42.65 42.65 42.64 42.63
43.06 43.03 43 43.01 43.01 43.01 43.02 43.03 43.05 43.08 43.1 43.11 43.12 43.1 43.06 43.07 43.07 43.04 43.04 43.05 43.06 43.02 43 42.99 42.98 42.97 42.94 42.9 42.8 42.76 42.79 42.81 42.83 42.83 42.84 42.85 42.85 42.84 42.83 42.81 42.8 42.81 42.83 42.88 42.91 42.91 42.89 42.83 42.78 42.76 42.77 42.76 42.74 42.74 42.74 42.74 42.73 42.72 42.7 42.69 42.66 42.59 42.52 42.59 42.64 42.65 42.67 42.68 42.68 42.67 42.66 42.66 42.65 42.65 42.65 42.63 42.62 42.61
43.05 43.03 43.02 43.02 43.02 43 43 43.02 43.06 43.09 43.1 43.11 43.11 43.1 43.08 43.08 43.06 43.03 43.05 43.06 43.06 43.04 43.02 43 42.97 42.97 42.94 42.9 42.81 42.72 42.75 42.79 42.83 42.83 42.83 42.84 42.85 42.84 42.83 42.8 42.81 42.82 42.85 42.9 42.92 42.91 42.89 42.82 42.77 42.77 42.78 42.77 42.75 42.74 42.73 42.74 42.73 42.71 42.69 42.67 42.65 42.6 42.54 42.58 42.63 42.64 42.65 42.67 42.67 42.66 42.65 42.66 42.65 42.64 42.63 42.62 42.61 42.6
43.04 43.02 43.02 43.01 43.01 43 43 43.01 43.05 43.08 43.09 43.09 43.09 43.09 43.09 43.09 43.08 43.05 43.06 43.06 43.05 43.04 43.03 43 42.97 42.98 42.96 42.92 42.82 42.72 42.72 42.78 42.82 42.82 42.82 42.82 42.83 42.82 42.82 42.81 42.82 42.84 42.85 42.88 42.9 42.91 42.88 42.83 42.79 42.78 42.76 42.76 42.75 42.73 42.71 42.73 42.73 42.72 42.7 42.67 42.65 42.61 42.57 42.61 42.63 42.65 42.67 42.68 42.67 42.65 42.64 42.65 42.64 42.63 42.62 42.61 42.6 42.57
43.04 43.02 43.02 43.02 43 43 43.01 43.03 43.05 43.07 43.08 43.08 43.08 43.08 43.08 43.08 43.09 43.07 43.05 43.05 43.05 43.03 43.02 42.99 42.97 43 42.99 42.94 42.84 42.74 42.73 42.78 42.82 42.82 42.81 42.81 42.81 42.82 42.82 42.8 42.81 42.83 42.84 42.86 42.88 42.88 42.87 42.84 42.8 42.77 42.73 42.72 42.71 42.71 42.7 42.71 42.71 42.71 42.71 42.68 42.65 42.6 42.54 42.59 42.63 42.64 42.66 42.68 42.67 42.65 42.64 42.64 42.64 42.63 42.62 42.62 42.6 42.55
43.05 43.03 43.04 43.03 43 43 43.02 43.04 43.07 43.07 43.08 43.08 43.09 43.07 43.07 43.07 43.08 43.08 43.04 43.05 43.06 43.04 43.02 42.99 42.97 42.99 42.99 42.94 42.84 42.75 42.74 42.78 42.82 42.82 42.8 42.79 42.81 42.82 42.82 42.8 42.79 42.82 42.84 42.88 42.88 42.88 42.88 42.85 42.79 42.76 42.73 42.73 42.71 42.71 42.72 42.7 42.71 42.7 42.69 42.68 42.66 42.59 42.5 42.55 42.63 42.63 42.64 42.66 42.66 42.64 42.65 42.65 42.64 42.64 42.63 42.63 42.6 42.54
43.06 43.04 43.04 43.03 43.01 43.01 43.04 43.05 43.06 43.06 43.07 43.08 43.1 43.09 43.08 43.07 43.07 43.06 43.04 43.05 43.06 43.04 43.02 42.98 42.96 42.98 42.98 42.94 42.83 42.74 42.72 42.76 42.82 42.82 42.81 42.8 42.82 42.82 42.82 42.8 42.77 42.78 42.81 42.86 42.89 42.89 42.89 42.84 42.77 42.75 42.72 42.73 42.73 42.73 42.73 42.7 42.71 42.7 42.68 42.68 42.67 42.6 42.49 42.53 42.62 42.64 42.65 42.65 42.64 42.63 42.64 42.64 42.64 42.63 42.63 42.6 42.58 42.54
43.05 43.03 43.03 43.03 43.01 43.01 43.04 43.05 43.04 43.06 43.08 43.08 43.1 43.1 43.08 43.07 43.06 43.04 43.04 43.04 43.03 43.04 43.03 42.99 42.94 42.96 42.96 42.93 42.86 42.77 42.75 42.77 42.8 42.81 42.81 42.81 42.82 42.82 42.81 42.78 42.77 42.77 42.79 42.84 42.88 42.89 42.88 42.82 42.76 42.74 42.71 42.71 42.72 42.72 42.71 42.71 42.71 42.7 42.69 42.68 42.65 42.6 42.53 42.55 42.6 42.63 42.64 42.63 42.62 42.61 42.63 42.65 42.63 42.61 42.61 42.59 42.57 42.54
43.04 43.02 43.01 43.01 42.99 43 43.03 43.03 43.04 43.06 43.08 43.08 43.09 43.1 43.09 43.07 43.07 43.06 43.05 43.04 43.03 43.04 43.04 42.99 42.94 42.95 42.94 42.93 42.87 42.78 42.76 42.76 42.79 42.81 42.81 42.81 42.82 42.81 42.8 42.79 42.79 42.79 42.8 42.84 42.86 42.87 42.86 42.81 42.77 42.74 42.7 42.69 42.71 42.71 42.71 42.71 42.72 42.7 42.69 42.68 42.65 42.58 42.52 42.53 42.57 42.62 42.62 42.6 42.61 42.63 42.64 42.64 42.63 42.61 42.6 42.59 42.56 42.53
43.05 43.03 43.02 43.01 42.99 42.99 43 43.02 43.04 43.06 43.08 43.08 43.09 43.1 43.1 43.09 43.08 43.07 43.06 43.04 43.04 43.05 43.04 42.99 42.94 42.93 42.94 42.93 42.88 42.79 42.75 42.73 42.78 42.8 42.8 42.81 42.81 42.8 42.8 42.8 42.81 42.8 42.8 42.83 42.84 42.85 42.85 42.82 42.78 42.75 42.71 42.7 42.71 42.72 42.72 42.71 42.7 42.7 42.68 42.67 42.65 42.59 42.5 42.48 42.52 42.6 42.6 42.6 42.61 42.62 42.61 42.61 42.61 42.6 42.58 42.57 42.55 42.52
43.06 43.03 43.02 43.02 43.01 42.99 42.99 43 43.03 43.05 43.06 43.08 43.1 43.11 43.12 43.12 43.09 43.07 43.06 43.04 43.04 43.04 43.04 43 42.93 42.91 42.92 42.94 42.89 42.82 42.77 42.74 42.77 42.79 42.8 42.81 42.81 42.8 42.79 42.79 42.8 42.79 42.79 42.82 42.84 42.85 42.85 42.81 42.76 42.74 42.72 42.72 42.73 42.72 42.7 42.69 42.69 42.68 42.66 42.66 42.66 42.62 42.55 42.53 42.57 42.62 42.61 42.61 42.6 42.58 42.56 42.56 42.58 42.58 42.56 42.54 42.53 42.51
43.06 43.03 43.01 43.01 43.01 42.99 42.99 43 43.01 43.04 43.05 43.09 43.11 43.11 43.11 43.11 43.08 43.07 43.05 43.03 43.02 43.02 43.02 42.99 42.92 42.89 42.91 42.94 42.9 42.86 42.79 42.74 42.77 42.78 42.79 42.8 42.8 42.79 42.77 42.78 42.79 42.79 42.79 42.83 42.86 42.86 42.84 42.81 42.76 42.74 42.71 42.69 42.71 42.71 42.68 42.67 42.66 42.65 42.65 42.66 42.66 42.65 42.58 42.55 42.58 42.62 42.62 42.59 42.59 42.57 42.56 42.57 42.57 42.57 42.54 42.52 42.51 42.49
43.06 43.04 43.02 43 42.99 42.97 42.98 43 43 43.03 43.04 43.06 43.1 43.1 43.1 43.09 43.07 43.07 43.06 43.03 43.02 43.01 43.01 42.98 42.92 42.88 42.9 42.93 42.93 42.9 42.81 42.72 42.74 42.76 42.77 42.76 42.78 42.78 42.77 42.78 42.8 42.8 42.8 42.81 42.84 42.84 42.84 42.81 42.78 42.75 42.7 42.68 42.68 42.69 42.68 42.65 42.65 42.66 42.67 42.65 42.65 42.63 42.56 42.48 42.52 42.6 42.61 42.6 42.59 42.59 42.59 42.59 42.58 42.57 42.54 42.52 42.5 42.49
43.07 43.06 43.04 43.01 42.98 42.97 42.97 42.98 42.99 43 43 43.03 43.08 43.11 43.11 43.09 43.08 43.08 43.06 43.03 43.01 43 42.99 42.96 42.92 42.89 42.89 42.93 42.94 42.92 42.82 42.7 42.72 42.74 42.75 42.74 42.77 42.78 42.79 42.8 42.81 42.8 42.79 42.78 42.8 42.83 42.85 42.84 42.81 42.77 42.71 42.69 42.69 42.69 42.69 42.68 42.66 42.66 42.67 42.66 42.64 42.62 42.55 42.47 42.5 42.59 42.62 42.6 42.6 42.6 42.6 42.6 42.59 42.58 42.55 42.53 42.52 42.51
43.07 43.06 43.05 43.02 43.01 43.01 43 42.98 42.99 42.98 43 43.03 43.08 43.11 43.11 43.09 43.08 43.07 43.05 43.02 43.01 43.01 42.99 42.96 42.93 42.91 42.91 42.93 42.93 42.91 42.83 42.72 42.71 42.72 42.73 42.74 42.76 42.78 42.8 42.78 42.77 42.77 42.76 42.75 42.77 42.82 42.85 42.86 42.85 42.79 42.74 42.72 42.71 42.7 42.7 42.68 42.67 42.65 42.66 42.66 42.64 42.61 42.55 42.48 42.5 42.57 42.62 42.6 42.61 42.61 42.59 42.59 42.59 42.59 42.55 42.54 42.52 42.52
43.07 43.05 43.04 43.02 43.02 43.02 43.01 42.99 42.98 42.99 43.01 43.05 43.08 43.09 43.1 43.09 43.07 43.06 43.04 43.03 43.04 43.03 43 42.97 42.95 42.93 42.91 42.93 42.94 42.92 42.83 42.74 42.72 42.72 42.73 42.74 42.74 42.76 42.77 42.77 42.77 42.75 42.73 42.74 42.77 42.82 42.84 42.86 42.85 42.8 42.75 42.73 42.71 42.69 42.69 42.67 42.66 42.65 42.66 42.66 42.64 42.61 42.57 42.5 42.47 42.53 42.6 42.6 42.61 42.61 42.59 42.59 42.59 42.58 42.55 42.54 42.53 42.52
43.07 43.06 43.04 43.02 43.01 43.02 43.01 42.98 42.98 42.99 43 43.04 43.06 43.08 43.09 43.09 43.07 43.07 43.05 43.03 43.05 43.03 42.99 42.99 42.99 42.95 42.91 42.93 42.93 42.91 42.84 42.74 42.7 42.72 42.74 42.75 42.75 42.76 42.77 42.77 42.78 42.77 42.74 42.74 42.77 42.83 42.84 42.84 42.83 42.8 42.76 42.73 42.71 42.69 42.69 42.67 42.67 42.67 42.67 42.66 42.65 42.62 42.6 42.54 42.47 42.49 42.55 42.58 42.61 42.62 42.61 42.59 42.57 42.57 42.56 42.55 42.55 42.54
43.06 43.05 43.04 43.01 43.01 43.02 43 42.98 42.98 42.99 42.99 43.02 43.05 43.06 43.07 43.08 43.08 43.08 43.05 43.03 43.03 43.01 42.97 42.98 42.99 42.96 42.91 42.93 42.94 42.92 42.87 42.79 42.73 42.74 42.75 42.75 42.76 42.78 42.79 42.79 42.79 42.78 42.75 42.75 42.77 42.81 42.83 42.84 42.83 42.8 42.76 42.75 42.72 42.69 42.69 42.69 42.69 42.69 42.68 42.66 42.66 42.64 42.62 42.58 42.51 42.5 42.52 42.54 42.6 42.62 42.62 42.61 42.57 42.56 42.57 42.55 42.53 42.52
43.05 43.04 43.03 43.01 43.01 43.02 43 42.97 42.98 43 43 43.02 43.05 43.06 43.07 43.09 43.11 43.09 43.05 43.03 43.03 43.01 42.98 42.97 42.96 42.94 42.93 42.94 42.94 42.93 42.88 42.78 42.69 42.72 42.75 42.75 42.76 42.78 42.79 42.79 42.79 42.78 42.76 42.77 42.78 42.81 42.83 42.84 42.83 42.8 42.77 42.78 42.75 42.72 42.7 42.69 42.69 42.7 42.7 42.68 42.66 42.64 42.6 42.59 42.55 42.53 42.54 42.56 42.6 42.62 42.64 42.62 42.59 42.57 42.55 42.54 42.52 42.49
43.05 43.05 43.03 43.01 43.01 43.01 42.99 42.97 42.97 42.98 43.01 43.03 43.05 43.07 43.09 43.11 43.12 43.09 43.04 43.03 43.04 43.03 43 42.99 42.97 42.96 42.94 42.93 42.93 42.92 42.88 42.78 42.68 42.67 42.74 42.77 42.77 42.79 42.78 42.77 42.78 42.77 42.75 42.77 42.78 42.8 42.82 42.83 42.82 42.8 42.77 42.78 42.76 42.73 42.71 42.69 42.69 42.71 42.71 42.7 42.66 42.62 42.57 42.59 42.61 42.61 42.62 42.62 42.61 42.6 42.6 42.6 42.58 42.55 42.54 42.53 42.51 42.48
43.06 43.05 43.03 43.01 43 43 42.99 42.98 42.98 42.99 43.01 43.03 43.05 43.06 43.08 43.12 43.12 43.09 43.05 43.03 43.05 43.04 43.01 43 42.99 42.97 42.94 42.92 42.93 42.94 42.91 42.85 42.76 42.69 42.75 42.78 42.78 42.78 42.77 42.75 42.75 42.76 42.74 42.74 42.76 42.79 42.8 42.81 42.81 42.79 42.76 42.75 42.74 42.72 42.7 42.69 42.69 42.7 42.7 42.69 42.66 42.64 42.6 42.6 42.62 42.61 42.61 42.6 42.59 42.57 42.55 42.55 42.54 42.52 42.52 42.51 42.49 42.47
43.06 43.04 43.03 43.02 42.99 42.98 42.98 42.98 42.99 42.99 43 43.03 43.05 43.05 43.08 43.11 43.1 43.09 43.07 43.05 43.05 43.03 43 43 43 42.98 42.95 42.92 42.93 42.95 42.92 42.89 42.84 42.76 42.77 42.77 42.77 42.77 42.77 42.73 42.74 42.75 42.75 42.72 42.73 42.77 42.78 42.78 42.78 42.77 42.75 42.73 42.71 42.7 42.68 42.67 42.65 42.65 42.66 42.65 42.64 42.61 42.6 42.59 42.58 42.56 42.55 42.56 42.56 42.54 42.53 42.53 42.5 42.49 42.49 42.49 42.47 42.46
43.04 43.04 43.05 43.04 43 42.99 42.98 42.99 42.99 42.99 43 43.02 43.04 43.05 43.08 43.1 43.09 43.08 43.08 43.05 43.03 43.01 42.98 42.98 42.98 42.97 42.96 42.94 42.95 42.95 42.9 42.87 42.84 42.81 42.79 42.76 42.76 42.76 42.75 42.73 42.73 42.75 42.74 42.72 42.73 42.76 42.76 42.76 42.75 42.74 42.73 42.71 42.66 42.64 42.63 42.62 42.62 42.61 42.62 42.62 42.61 42.58 42.58 42.57 42.55 42.54 42.54 42.55 42.55 42.53 42.53 42.53 42.5 42.48 42.49 42.5 42.47 42.47
43.04 43.04 43.05 43.05 43.02 43 42.99 42.99 42.99 43 43.02 43.04 43.06 43.06 43.07 43.08 43.06 43.06 43.06 43.04 43.01 42.98 42.96 42.96 42.95 42.94 42.95 42.95 42.95 42.95 42.91 42.84 42.82 42.82 42.82 42.79 42.78 42.77 42.75 42.74 42.74 42.74 42.73 42.73 42.73 42.73 42.72 42.72 42.71 42.69 42.67 42.66 42.63 42.6 42.59 42.59 42.6 42.59 42.6 42.6 42.59 42.57 42.56 42.56 42.54 42.54 42.54 42.55 42.56 42.55 42.55 42.54 42.51 42.49 42.51 42.52 42.5 42.49
43.04 43.04 43.04 43.03 43.02 43.01 42.98 42.99 42.99 43.01 43.04 43.04 43.06 43.07 43.07 43.06 43.04 43.04 43.04 43.04 43.01 42.96 42.94 42.94 42.93 42.92 42.93 42.94 42.95 42.95 42.93 42.88 42.85 42.84 42.85 42.84 42.83 42.8 42.77 42.76 42.75 42.71 42.68 42.68 42.68 42.67 42.66 42.66 42.65 42.63 42.63 42.62 42.6 42.58 42.57 42.58 42.59 42.6 42.61 42.6 42.59 42.57 42.57 42.56 42.55 42.55 42.56 42.56 42.56 42.57 42.57 42.54 42.51 42.51 42.52 42.54 42.52 42.5
43.04 43.04 43.03 43.02 43.02 43.01 43 43 43.01 43.03 43.05 43.04 43.04 43.05 43.07 43.05 43.04 43.03 43.01 43 42.99 42.96 42.95 42.94 42.93 42.92 42.92 42.93 42.94 42.93 42.92 42.91 42.9 42.87 42.85 42.86 42.83 42.78 42.76 42.75 42.73 42.69 42.65 42.65 42.65 42.64 42.64 42.64 42.63 42.63 42.64 42.62 42.59 42.59 42.59 42.59 42.59 42.62 42.64 42.62 42.6 42.59 42.58 42.56 42.56 42.57 42.58 42.57 42.57 42.57 42.57 42.55 42.52 42.52 42.53 42.56 42.54 42.5
43.04 43.03 43.01 43 43 43 43 43.02 43.04 43.05 43.05 43.03 43.02 43.04 43.05 43.03 43.02 43.01 43 42.98 42.99 42.99 42.99 42.97 42.95 42.93 42.93 42.94 42.93 42.9 42.88 42.87 42.86 42.83 42.8 42.79 42.76 42.72 42.71 42.7 42.7 42.71 42.7 42.69 42.66 42.65 42.66 42.65 42.65 42.65 42.66 42.65 42.62 42.63 42.61 42.61 42.6 42.62 42.65 42.64 42.6 42.59 42.59 42.56 42.55 42.57 42.59 42.6 42.58 42.56 42.56 42.57 42.55 42.54 42.55 42.57 42.55 42.52
43.02 43.02 42.99 42.97 42.98 42.98 42.99 43.02 43.04 43.05 43.04 43.02 43.02 43.03 43.03 43.02 43.02 43.02 43 42.98 42.98 42.99 42.98 42.97 42.94 42.89 42.88 42.89 42.88 42.85 42.83 42.82 42.8 42.77 42.75 42.74 42.73 42.75 42.78 42.79 42.79 42.79 42.78 42.75 42.7 42.69 42.7 42.7 42.68 42.68 42.69 42.67 42.65 42.64 42.62 42.62 42.61 42.62 42.65 42.66 42.61 42.58 42.58 42.56 42.55 42.58 42.61 42.64 42.61 42.57 42.58 42.6 42.58 42.57 42.6 42.6 42.56 42.54
43.01 43 42.98 42.97 42.97 42.98 42.99 43.01 43.03 43.02 43.03 43.03 43.04 43.05 43.05 43.06 43.06 43.05 43.01 42.95 42.95 42.93 42.91 42.91 42.89 42.84 42.83 42.83 42.82 42.79 42.76 42.76 42.74 42.71 42.69 42.68 42.7 42.78 42.85 42.87 42.89 42.88 42.86 42.81 42.74 42.73 42.74 42.74 42.71 42.71 42.72 42.71 42.67 42.65 42.64 42.65 42.64 42.64 42.65 42.67 42.62 42.57 42.58 42.59 42.57 42.61 42.65 42.67 42.64 42.61 42.62 42.63 42.62 42.62 42.65 42.66 42.63 42.59
43 43 43 43 42.99 43 43.02 43.05 43.05 43.02 43.02 43.04 43.05 43.06 43.02 42.98 42.97 42.95 42.93 42.91 42.91 42.89 42.86 42.84 42.84 42.82 42.8 42.79 42.77 42.75 42.74 42.73 42.7 42.62 42.57 42.58 42.65 42.77 42.83 42.84 42.87 42.89 42.9 42.87 42.8 42.75 42.76 42.75 42.72 42.73 42.75 42.75 42.71 42.68 42.69 42.69 42.66 42.67 42.68 42.67 42.63 42.57 42.58 42.59 42.58 42.61 42.65 42.67 42.65 42.63 42.64 42.66 42.67 42.66 42.66 42.68 42.68 42.64
43.02 43.03 43.05 43.04 43.03 43.02 43.03 43.06 43.06 43.02 42.99 43 43.01 43.01 42.95 42.91 42.9 42.89 42.89 42.88 42.88 42.87 42.83 42.8 42.81 42.82 42.81 42.79 42.76 42.75 42.74 42.74 42.68 42.54 42.45 42.5 42.63 42.73 42.76 42.77 42.8 42.83 42.86 42.87 42.84 42.78 42.76 42.75 42.73 42.72 42.74 42.76 42.72 42.7 42.71 42.71 42.67 42.68 42.69 42.68 42.63 42.58 42.59 42.6 42.6 42.62 42.65 42.69 42.67 42.64 42.65 42.68 42.7 42.69 42.67 42.69 42.7 42.67
43.05 43.06 43.07 43.07 43.04 43 43 43 43.01 42.99 42.95 42.96 42.96 42.94 42.92 42.9 42.9 42.9 42.9 42.89 42.89 42.87 42.85 42.82 42.82 42.84 42.85 42.83 42.78 42.77 42.77 42.77 42.71 42.54 42.4 42.46 42.6 42.66 42.68 42.7 42.72 42.75 42.77 42.8 42.82 42.79 42.77 42.76 42.75 42.73 42.74 42.76 42.71 42.68 42.71 42.74 42.72 42.68 42.7 42.73 42.67 42.61 42.62 42.63 42.64 42.65 42.68 42.72 42.71 42.68 42.68 42.7 42.72 42.7 42.68 42.7 42.72 42.7
