slabs/61.grd
DSAA
631 301
645780 646410
4946000 4946300
37.63 51.43
[rows 0 to 33 of 301, columns 468 to 545 of 631]
40.7 40.65 40.61 40.59 40.6 40.6 40.64 40.7 40.72 40.72 40.7 40.67 40.69 40.71 40.67 40.63 40.6 40.58 40.58 40.6 40.62 40.62 40.62 40.58 40.52 40.51 40.5 40.5 40.49 40.5 40.52 40.53 40.56 40.58 40.56 40.57 40.57 40.53 40.5 40.47 40.47 40.58 40.67 40.69 40.62 40.54 40.51 40.48 40.46 40.48 40.49 40.53 40.59 40.61 40.54 40.45 40.45 40.5 40.53 40.57 40.54 40.47 40.5 40.58 40.6 40.58 40.62 40.66 40.65 40.59 40.49 40.43 40.41 40.41 40.39 40.36 40.33 40.3
40.71 40.66 40.63 40.61 40.62 40.63 40.64 40.68 40.69 40.69 40.67 40.67 40.7 40.72 40.7 40.66 40.62 40.58 40.56 40.58 40.61 40.6 40.57 40.54 40.53 40.53 40.5 40.49 40.47 40.45 40.48 40.51 40.55 40.55 40.53 40.55 40.57 40.54 40.53 40.5 40.47 40.49 40.53 40.56 40.58 40.56 40.53 40.48 40.45 40.45 40.47 40.54 40.62 40.63 40.58 40.49 40.48 40.51 40.53 40.55 40.53 40.49 40.48 40.54 40.6 40.61 40.64 40.65 40.66 40.62 40.53 40.45 40.42 40.41 40.4 40.39 40.38 40.34
40.67 40.67 40.64 40.64 40.64 40.65 40.65 40.66 40.67 40.67 40.69 40.72 40.72 40.72 40.71 40.69 40.65 40.59 40.53 40.55 40.6 40.6 40.58 40.59 40.61 40.58 40.54 40.53 40.51 40.46 40.45 40.5 40.55 40.57 40.57 40.57 40.56 40.56 40.56 40.53 40.45 40.43 40.49 40.59 40.64 40.62 40.54 40.45 40.45 40.45 40.48 40.55 40.63 40.65 40.62 40.57 40.57 40.59 40.58 40.56 40.54 40.5 40.47 40.54 40.63 40.66 40.65 40.63 40.64 40.63 40.55 40.46 40.45 40.43 40.4 40.39 40.38 40.34
40.62 40.68 40.69 40.7 40.69 40.67 40.68 40.67 40.67 40.69 40.73 40.75 40.74 40.72 40.72 40.71 40.66 40.59 40.53 40.55 40.6 40.62 40.62 40.63 40.64 40.63 40.59 40.58 40.56 40.52 40.49 40.49 40.53 40.57 40.59 40.56 40.55 40.57 40.54 40.46 40.41 40.42 40.49 40.62 40.66 40.62 40.53 40.44 40.43 40.43 40.48 40.59 40.65 40.67 40.65 40.64 40.65 40.65 40.63 40.59 40.54 40.49 40.46 40.54 40.64 40.68 40.67 40.61 40.61 40.61 40.55 40.48 40.48 40.46 40.4 40.33 40.3 40.28
40.6 40.7 40.72 40.74 40.72 40.7 40.69 40.69 40.69 40.69 40.74 40.75 40.72 40.7 40.72 40.69 40.64 40.6 40.57 40.58 40.61 40.6 40.6 40.59 40.62 40.64 40.63 40.61 40.58 40.53 40.49 40.48 40.49 40.5 40.48 40.48 40.5 40.53 40.51 40.44 40.39 40.39 40.46 40.63 40.68 40.61 40.5 40.4 40.4 40.41 40.47 40.59 40.67 40.66 40.64 40.66 40.66 40.64 40.62 40.59 40.53 40.47 40.45 40.52 40.59 40.64 40.64 40.59 40.58 40.59 40.56 40.5 40.49 40.46 40.38 40.29 40.24 40.23
40.59 40.72 40.74 40.74 40.71 40.7 40.72 40.73 40.7 40.69 40.72 40.72 40.7 40.67 40.67 40.67 40.67 40.63 40.59 40.59 40.59 40.59 40.59 40.61 40.64 40.65 40.66 40.63 40.57 40.52 40.51 40.49 40.48 40.48 40.47 40.48 40.5 40.52 40.5 40.44 40.39 40.37 40.46 40.63 40.66 40.58 40.5 40.42 40.42 40.42 40.45 40.53 40.61 40.61 40.61 40.62 40.6 40.59 40.58 40.56 40.51 40.46 40.45 40.51 40.57 40.59 40.6 40.56 40.53 40.54 40.54 40.49 40.47 40.43 40.36 40.29 40.23 40.22
40.56 40.7 40.76 40.74 40.72 40.73 40.78 40.77 40.73 40.7 40.7 40.73 40.72 40.67 40.65 40.67 40.68 40.67 40.67 40.65 40.62 40.61 40.61 40.63 40.66 40.65 40.65 40.62 40.55 40.5 40.48 40.48 40.46 40.46 40.47 40.5 40.52 40.52 40.51 40.45 40.38 40.35 40.43 40.57 40.63 40.62 40.56 40.47 40.44 40.45 40.45 40.48 40.53 40.58 40.61 40.59 40.56 40.55 40.55 40.52 40.47 40.46 40.48 40.51 40.54 40.57 40.6 40.58 40.53 40.54 40.54 40.51 40.49 40.44 40.37 40.33 40.28 40.24
40.54 40.69 40.78 40.79 40.79 40.8 40.81 40.77 40.74 40.72 40.68 40.7 40.72 40.69 40.66 40.69 40.72 40.69 40.66 40.62 40.58 40.59 40.6 40.61 40.63 40.64 40.65 40.63 40.58 40.53 40.5 40.49 40.48 40.45 40.46 40.48 40.49 40.51 40.5 40.44 40.37 40.33 40.37 40.47 40.6 40.68 40.63 40.5 40.44 40.47 40.46 40.47 40.51 40.56 40.61 40.61 40.59 40.58 40.56 40.5 40.45 40.46 40.49 40.5 40.53 40.54 40.57 40.58 40.58 40.58 40.55 40.53 40.53 40.5 40.43 40.38 40.33 40.27
40.51 40.67 40.77 40.81 40.85 40.84 40.82 40.78 40.73 40.72 40.7 40.72 40.72 40.67 40.66 40.69 40.71 40.67 40.6 40.57 40.57 40.58 40.6 40.58 40.59 40.63 40.66 40.63 40.57 40.53 40.51 40.49 40.49 40.46 40.46 40.47 40.44 40.42 40.42 40.38 40.32 40.28 40.31 40.42 40.57 40.67 40.65 40.5 40.42 40.44 40.46 40.44 40.46 40.51 40.56 40.57 40.56 40.58 40.58 40.51 40.46 40.45 40.47 40.51 40.53 40.55 40.55 40.52 40.54 40.58 40.57 40.53 40.5 40.47 40.42 40.37 40.35 40.33
40.48 40.62 40.7 40.76 40.82 40.79 40.73 40.67 40.63 40.65 40.66 40.72 40.74 40.69 40.68 40.7 40.7 40.67 40.6 40.54 40.56 40.57 40.56 40.56 40.58 40.61 40.63 40.62 40.58 40.54 40.49 40.44 40.45 40.45 40.46 40.47 40.41 40.36 40.33 40.29 40.25 40.22 40.26 40.41 40.53 40.63 40.64 40.5 40.39 40.4 40.42 40.41 40.42 40.47 40.52 40.54 40.56 40.57 40.57 40.52 40.45 40.44 40.47 40.51 40.52 40.55 40.54 40.49 40.53 40.59 40.56 40.51 40.47 40.41 40.39 40.37 40.38 40.38
40.47 40.57 40.63 40.69 40.74 40.69 40.64 40.63 40.64 40.65 40.65 40.7 40.72 40.65 40.62 40.65 40.67 40.68 40.62 40.56 40.57 40.56 40.56 40.57 40.59 40.61 40.62 40.64 40.61 40.58 40.5 40.41 40.41 40.42 40.46 40.48 40.43 40.37 40.32 40.26 40.24 40.24 40.29 40.4 40.48 40.55 40.57 40.47 40.38 40.38 40.39 40.38 40.38 40.43 40.47 40.5 40.54 40.54 40.53 40.5 40.49 40.47 40.49 40.53 40.54 40.54 40.52 40.47 40.52 40.58 40.55 40.5 40.46 40.41 40.4 40.39 40.37 40.36
40.46 40.53 40.59 40.65 40.67 40.63 40.63 40.64 40.63 40.64 40.66 40.71 40.71 40.63 40.61 40.63 40.65 40.65 40.64 40.61 40.58 40.57 40.57 40.59 40.62 40.65 40.66 40.66 40.63 40.62 40.54 40.43 40.41 40.43 40.46 40.46 40.43 40.38 40.32 40.27 40.25 40.27 40.33 40.42 40.45 40.51 40.56 40.48 40.37 40.36 40.39 40.38 40.36 40.4 40.46 40.51 40.57 40.57 40.54 40.51 40.5 40.5 40.51 40.52 40.52 40.51 40.49 40.47 40.5 40.56 40.55 40.5 40.47 40.45 40.43 40.4 40.36 40.32
40.44 40.53 40.59 40.63 40.64 40.63 40.64 40.64 40.64 40.64 40.64 40.68 40.69 40.62 40.6 40.61 40.62 40.63 40.63 40.6 40.56 40.56 40.57 40.61 40.65 40.68 40.67 40.62 40.6 40.59 40.53 40.44 40.42 40.44 40.45 40.43 40.4 40.4 40.35 40.27 40.25 40.25 40.28 40.36 40.41 40.46 40.52 40.46 40.35 40.31 40.33 40.37 40.38 40.42 40.46 40.52 40.57 40.59 40.56 40.52 40.51 40.5 40.48 40.49 40.5 40.48 40.49 40.49 40.49 40.52 40.54 40.51 40.49 40.46 40.43 40.38 40.37 40.33
40.46 40.53 40.58 40.6 40.62 40.61 40.62 40.63 40.64 40.64 40.63 40.65 40.64 40.59 40.57 40.58 40.61 40.62 40.61 40.55 40.51 40.53 40.57 40.63 40.66 40.67 40.63 40.56 40.52 40.52 40.51 40.49 40.46 40.45 40.44 40.42 40.4 40.4 40.38 40.3 40.25 40.25 40.28 40.35 40.39 40.44 40.5 40.45 40.35 40.31 40.32 40.38 40.42 40.43 40.47 40.51 40.53 40.57 40.56 40.51 40.51 40.5 40.49 40.51 40.51 40.49 40.5 40.49 40.48 40.5 40.53 40.52 40.5 40.48 40.41 40.33 40.32 40.29
40.47 40.51 40.58 40.6 40.62 40.62 40.61 40.61 40.63 40.64 40.63 40.61 40.58 40.55 40.55 40.58 40.61 40.62 40.6 40.54 40.51 40.52 40.59 40.66 40.68 40.68 40.63 40.55 40.5 40.48 40.49 40.5 40.48 40.45 40.41 40.42 40.44 40.43 40.41 40.34 40.29 40.27 40.25 40.31 40.38 40.44 40.5 40.46 40.37 40.33 40.36 40.42 40.42 40.39 40.42 40.47 40.5 40.54 40.55 40.52 40.51 40.51 40.52 40.54 40.53 40.5 40.48 40.47 40.49 40.53 40.52 40.49 40.5 40.5 40.43 40.33 40.28 40.23
40.47 40.47 40.53 40.58 40.62 40.64 40.63 40.6 40.62 40.67 40.66 40.61 40.57 40.55 40.56 40.57 40.58 40.59 40.6 40.57 40.51 40.49 40.57 40.67 40.7 40.71 40.64 40.55 40.52 40.5 40.48 40.48 40.48 40.46 40.44 40.47 40.5 40.48 40.42 40.36 40.33 40.29 40.25 40.29 40.37 40.43 40.49 40.49 40.42 40.35 40.36 40.41 40.4 40.34 40.37 40.45 40.49 40.53 40.55 40.53 40.51 40.51 40.52 40.53 40.51 40.48 40.47 40.47 40.51 40.53 40.49 40.48 40.46 40.45 40.45 40.43 40.39 40.31
40.47 40.4 40.44 40.52 40.6 40.66 40.66 40.61 40.62 40.69 40.68 40.62 40.6 40.6 40.59 40.6 40.62 40.61 40.61 40.58 40.54 40.54 40.56 40.59 40.62 40.63 40.61 40.56 40.54 40.51 40.47 40.46 40.47 40.47 40.46 40.47 40.51 40.48 40.41 40.37 40.37 40.33 40.27 40.27 40.3 40.37 40.47 40.51 40.45 40.35 40.33 40.37 40.39 40.35 40.38 40.45 40.5 40.54 40.53 40.52 40.52 40.51 40.53 40.54 40.5 40.46 40.47 40.48 40.51 40.5 40.47 40.47 40.47 40.46 40.46 40.46 40.42 40.35
40.47 40.37 40.38 40.47 40.59 40.68 40.68 40.63 40.6 40.62 40.62 40.6 40.62 40.66 40.67 40.67 40.64 40.61 40.58 40.53 40.5 40.53 40.56 40.58 40.6 40.62 40.6 40.56 40.55 40.51 40.45 40.44 40.46 40.46 40.42 40.42 40.46 40.44 40.4 40.37 40.35 40.33 40.28 40.24 40.22 40.3 40.44 40.49 40.47 40.36 40.29 40.34 40.38 40.38 40.4 40.47 40.52 40.54 40.52 40.52 40.53 40.52 40.53 40.56 40.54 40.5 40.47 40.45 40.47 40.48 40.48 40.49 40.49 40.47 40.48 40.46 40.38 40.33
40.47 40.41 40.4 40.46 40.58 40.65 40.68 40.67 40.59 40.55 40.57 40.61 40.65 40.7 40.72 40.7 40.66 40.64 40.58 40.52 40.51 40.53 40.54 40.54 40.56 40.57 40.58 40.58 40.58 40.55 40.48 40.44 40.45 40.43 40.38 40.39 40.44 40.43 40.4 40.36 40.32 40.29 40.28 40.23 40.21 40.29 40.42 40.45 40.46 40.38 40.26 40.26 40.32 40.39 40.4 40.41 40.48 40.53 40.51 40.5 40.53 40.54 40.53 40.53 40.53 40.51 40.48 40.49 40.52 40.51 40.51 40.52 40.51 40.46 40.45 40.42 40.36 40.34
40.47 40.43 40.4 40.41 40.52 40.59 40.63 40.65 40.61 40.58 40.58 40.57 40.6 40.64 40.67 40.66 40.63 40.62 40.58 40.53 40.53 40.54 40.54 40.51 40.5 40.54 40.59 40.59 40.6 40.58 40.5 40.44 40.43 40.4 40.37 40.39 40.44 40.45 40.42 40.38 40.33 40.29 40.28 40.22 40.22 40.31 40.39 40.42 40.44 40.37 40.26 40.24 40.28 40.36 40.38 40.37 40.45 40.52 40.5 40.48 40.5 40.53 40.51 40.51 40.51 40.49 40.5 40.51 40.53 40.52 40.52 40.51 40.48 40.45 40.44 40.43 40.39 40.35
40.48 40.47 40.4 40.37 40.45 40.5 40.53 40.6 40.62 40.59 40.57 40.56 40.56 40.6 40.65 40.65 40.62 40.61 40.56 40.55 40.58 40.58 40.54 40.51 40.49 40.52 40.56 40.57 40.58 40.55 40.49 40.44 40.42 40.39 40.38 40.41 40.44 40.47 40.44 40.39 40.34 40.31 40.28 40.25 40.25 40.29 40.39 40.46 40.46 40.37 40.25 40.2 40.25 40.37 40.43 40.41 40.46 40.51 40.48 40.45 40.46 40.5 40.5 40.49 40.51 40.52 40.51 40.51 40.5 40.51 40.53 40.51 40.47 40.46 40.47 40.45 40.4 40.34
40.5 40.5 40.44 40.39 40.42 40.45 40.51 40.6 40.64 40.58 40.52 40.54 40.57 40.59 40.63 40.64 40.62 40.59 40.54 40.54 40.58 40.56 40.51 40.5 40.5 40.51 40.52 40.54 40.54 40.52 40.5 40.48 40.47 40.43 40.4 40.42 40.46 40.48 40.44 40.43 40.4 40.34 40.28 40.24 40.24 40.29 40.38 40.44 40.46 40.42 40.27 40.18 40.24 40.38 40.48 40.47 40.47 40.47 40.46 40.47 40.47 40.46 40.47 40.47 40.52 40.54 40.49 40.47 40.45 40.48 40.53 40.52 40.49 40.49 40.49 40.45 40.4 40.36
40.48 40.45 40.42 40.38 40.39 40.43 40.51 40.62 40.66 40.58 40.5 40.54 40.57 40.57 40.57 40.56 40.58 40.58 40.55 40.53 40.52 40.51 40.49 40.46 40.46 40.49 40.53 40.53 40.52 40.49 40.48 40.5 40.51 40.48 40.43 40.42 40.44 40.47 40.46 40.46 40.41 40.34 40.29 40.22 40.22 40.28 40.39 40.47 40.52 40.48 40.32 40.24 40.28 40.4 40.48 40.46 40.45 40.48 40.5 40.5 40.47 40.43 40.43 40.46 40.53 40.54 40.47 40.44 40.43 40.47 40.53 40.53 40.53 40.51 40.49 40.46 40.42 40.4
40.49 40.45 40.42 40.38 40.36 40.4 40.5 40.6 40.62 40.58 40.55 40.55 40.53 40.52 40.5 40.5 40.52 40.56 40.59 40.55 40.5 40.52 40.51 40.44 40.4 40.46 40.52 40.53 40.52 40.48 40.45 40.44 40.43 40.44 40.47 40.49 40.47 40.45 40.45 40.43 40.4 40.34 40.28 40.23 40.22 40.27 40.38 40.49 40.54 40.51 40.39 40.32 40.32 40.39 40.44 40.44 40.47 40.51 40.52 40.5 40.48 40.45 40.45 40.48 40.52 40.51 40.45 40.43 40.44 40.5 40.54 40.54 40.54 40.53 40.48 40.44 40.42 40.41
40.56 40.5 40.42 40.36 40.3 40.34 40.45 40.54 40.56 40.57 40.58 40.55 40.51 40.5 40.5 40.52 40.53 40.55 40.59 40.58 40.54 40.55 40.52 40.46 40.43 40.45 40.49 40.52 40.53 40.51 40.48 40.46 40.43 40.42 40.46 40.48 40.45 40.42 40.39 40.37 40.38 40.36 40.3 40.28 40.25 40.25 40.34 40.43 40.51 40.52 40.44 40.36 40.32 40.35 40.38 40.4 40.43 40.46 40.47 40.47 40.49 40.49 40.49 40.48 40.47 40.46 40.45 40.43 40.44 40.49 40.53 40.55 40.55 40.55 40.49 40.41 40.4 40.42
40.61 40.55 40.44 40.35 40.25 40.26 40.38 40.5 40.56 40.57 40.57 40.55 40.53 40.53 40.54 40.58 40.6 40.59 40.58 40.59 40.6 40.59 40.54 40.48 40.43 40.44 40.49 40.5 40.5 40.47 40.44 40.45 40.43 40.4 40.42 40.43 40.42 40.4 40.37 40.35 40.39 40.39 40.35 40.34 40.28 40.25 40.3 40.37 40.49 40.55 40.52 40.41 40.31 40.31 40.33 40.34 40.36 40.38 40.41 40.43 40.47 40.49 40.49 40.47 40.44 40.44 40.47 40.45 40.45 40.46 40.5 40.55 40.56 40.58 40.53 40.42 40.37 40.36
40.6 40.56 40.49 40.37 40.26 40.25 40.34 40.47 40.55 40.58 40.57 40.52 40.49 40.49 40.53 40.58 40.6 40.59 40.57 40.57 40.57 40.57 40.5 40.43 40.4 40.4 40.45 40.46 40.48 40.48 40.47 40.48 40.44 40.39 40.39 40.4 40.41 40.39 40.37 40.37 40.4 40.4 40.39 40.37 40.3 40.26 40.27 40.32 40.48 40.59 40.58 40.45 40.31 40.3 40.33 40.36 40.37 40.37 40.39 40.42 40.46 40.5 40.53 40.51 40.48 40.49 40.51 40.5 40.49 40.5 40.5 40.51 40.52 40.51 40.48 40.41 40.36 40.34
40.57 40.55 40.48 40.4 40.34 40.29 40.3 40.42 40.5 40.55 40.56 40.49 40.44 40.46 40.48 40.48 40.47 40.47 40.48 40.48 40.48 40.5 40.47 40.43 40.39 40.37 40.4 40.43 40.47 40.48 40.47 40.48 40.43 40.36 40.36 40.35 40.38 40.41 40.4 40.4 40.41 40.4 40.41 40.38 40.31 40.28 40.29 40.31 40.45 40.61 40.62 40.49 40.34 40.34 40.39 40.42 40.44 40.44 40.44 40.45 40.46 40.49 40.53 40.54 40.54 40.53 40.52 40.5 40.49 40.51 40.51 40.53 40.51 40.45 40.42 40.41 40.41 40.37
40.54 40.52 40.47 40.42 40.38 40.3 40.29 40.42 40.51 40.55 40.55 40.49 40.45 40.45 40.47 40.47 40.46 40.47 40.47 40.43 40.45 40.47 40.43 40.39 40.38 40.37 40.39 40.41 40.45 40.48 40.47 40.45 40.41 40.35 40.32 40.31 40.36 40.41 40.41 40.41 40.41 40.4 40.41 40.39 40.33 40.29 40.29 40.31 40.44 40.62 40.66 40.55 40.4 40.38 40.39 40.42 40.48 40.52 40.54 40.5 40.46 40.47 40.51 40.55 40.52 40.49 40.48 40.46 40.44 40.45 40.48 40.48 40.44 40.4 40.38 40.39 40.42 40.39
40.49 40.48 40.46 40.41 40.36 40.31 40.3 40.38 40.44 40.49 40.52 40.51 40.49 40.47 40.46 40.46 40.45 40.48 40.48 40.45 40.48 40.51 40.46 40.4 40.39 40.39 40.4 40.4 40.42 40.45 40.45 40.42 40.39 40.35 40.33 40.34 40.37 40.4 40.39 40.4 40.39 40.39 40.41 40.38 40.29 40.23 40.21 40.25 40.42 40.57 40.58 40.51 40.41 40.38 40.38 40.4 40.45 40.52 40.58 40.55 40.52 40.55 40.55 40.53 40.51 40.46 40.45 40.45 40.47 40.48 40.46 40.42 40.39 40.4 40.39 40.37 40.36 40.37
40.46 40.46 40.46 40.42 40.4 40.36 40.33 40.37 40.42 40.48 40.54 40.54 40.51 40.47 40.46 40.42 40.41 40.45 40.47 40.47 40.49 40.51 40.46 40.4 40.4 40.44 40.42 40.39 40.4 40.42 40.41 40.38 40.36 40.36 40.37 40.39 40.43 40.43 40.42 40.41 40.38 40.35 40.36 40.34 40.25 40.2 40.22 40.26 40.39 40.5 40.49 40.46 40.39 40.33 40.32 40.38 40.47 40.52 40.56 40.55 40.53 40.54 40.53 40.5 40.48 40.46 40.42 40.43 40.49 40.5 40.48 40.45 40.44 40.44 40.43 40.38 40.35 40.36
40.51 40.47 40.44 40.41 40.39 40.34 40.29 40.3 40.36 40.49 40.56 40.56 40.52 40.48 40.47 40.43 40.41 40.42 40.46 40.47 40.48 40.47 40.44 40.4 40.42 40.46 40.43 40.38 40.41 40.43 40.38 40.37 40.38 40.38 40.36 40.38 40.44 40.45 40.42 40.41 40.39 40.35 40.32 40.29 40.24 40.25 40.28 40.29 40.35 40.47 40.53 40.5 40.42 40.35 40.36 40.43 40.47 40.47 40.49 40.51 40.52 40.55 40.53 40.49 40.48 40.47 40.44 40.43 40.46 40.47 40.48 40.5 40.49 40.46 40.45 40.42 40.38 40.37
40.53 40.51 40.49 40.46 40.43 40.37 40.3 40.26 40.34 40.47 40.54 40.56 40.54 40.5 40.49 40.48 40.45 40.44 40.46 40.46 40.44 40.42 40.43 40.42 40.42 40.42 40.41 40.4 40.43 40.43 40.38 40.39 40.41 40.4 40.39 40.41 40.45 40.44 40.38 40.37 40.38 40.36 40.33 40.32 40.3 40.31 40.33 40.31 40.32 40.44 40.51 40.51 40.43 40.37 40.38 40.43 40.43 40.41 40.43 40.49 40.54 40.58 40.54 40.5 40.51 40.52 40.5 40.46 40.45 40.44 40.47 40.5 40.48 40.44 40.43 40.4 40.36 40.34
40.58 40.55 40.54 40.53 40.47 40.37 40.28 40.22 40.28 40.37 40.47 40.55 40.54 40.49 40.47 40.48 40.48 40.47 40.46 40.44 40.41 40.39 40.41 40.41 40.42 40.41 40.39 40.38 40.39 40.4 40.38 40.4 40.42 40.42 40.44 40.47 40.48 40.42 40.36 40.36 40.39 40.39 40.37 40.36 40.34 40.32 40.3 40.29 40.33 40.42 40.47 40.47 40.41 40.36 40.37 40.39 40.39 40.36 40.38 40.45 40.52 40.56 40.52 40.49 40.53 40.56 40.54 40.5 40.46 40.44 40.45 40.46 40.44 40.41 40.4 40.37 40.33 40.3
