slabs/61.grd
DSAA
631 301
645780 646410
4946000 4946300
37.63 51.43
[rows 34 to 67 of 301, columns 156 to 233 of 631]
44.11 43.78 43.28 42.84 42.64 42.53 42.43 42.45 42.51 42.55 42.6 42.64 42.67 42.67 42.66 42.66 42.66 42.67 42.68 42.7 42.71 42.71 42.72 42.73 42.72 42.72 42.72 42.72 42.72 42.72 42.74 42.75 42.75 42.74 42.74 42.74 42.74 42.74 42.75 42.76 42.69 42.56 42.47 42.43 42.43 42.43 42.41 42.42 42.4 42.38 42.4 42.42 42.46 42.54 42.61 42.63 42.63 42.6 42.59 42.59 42.59 42.57 42.58 42.59 42.59 42.6 42.62 42.65 42.71 42.73 42.74 42.76 42.75 42.74 42.73 42.72 42.72 42.74
44.67 44.35 43.85 43.41 43.18 43 42.72 42.51 42.44 42.48 42.55 42.63 42.65 42.66 42.67 42.68 42.68 42.68 42.69 42.7 42.7 42.71 42.7 42.71 42.71 42.71 42.71 42.71 42.7 42.7 42.72 42.73 42.75 42.76 42.77 42.77 42.77 42.76 42.75 42.75 42.74 42.68 42.57 42.49 42.44 42.42 42.41 42.41 42.4 42.38 42.37 42.38 42.41 42.46 42.51 42.57 42.61 42.59 42.59 42.58 42.56 42.57 42.59 42.61 42.64 42.67 42.7 42.73 42.75 42.76 42.76 42.76 42.75 42.74 42.73 42.69 42.68 42.7
45.21 44.9 44.42 44 43.76 43.56 43.22 42.82 42.55 42.52 42.56 42.6 42.61 42.63 42.66 42.69 42.7 42.7 42.71 42.71 42.71 42.72 42.71 42.7 42.71 42.72 42.71 42.71 42.7 42.69 42.7 42.72 42.74 42.77 42.78 42.78 42.77 42.76 42.74 42.74 42.74 42.73 42.71 42.64 42.53 42.47 42.44 42.42 42.4 42.38 42.36 42.37 42.39 42.41 42.43 42.49 42.55 42.56 42.56 42.56 42.56 42.59 42.62 42.66 42.7 42.73 42.75 42.77 42.77 42.77 42.77 42.76 42.76 42.76 42.73 42.68 42.63 42.62
45.77 45.51 45.07 44.66 44.41 44.22 43.94 43.57 43.23 43.04 42.83 42.65 42.55 42.55 42.62 42.69 42.71 42.71 42.71 42.71 42.73 42.72 42.71 42.73 42.73 42.73 42.72 42.71 42.7 42.68 42.69 42.71 42.73 42.75 42.77 42.79 42.78 42.76 42.74 42.74 42.73 42.72 42.7 42.69 42.65 42.59 42.54 42.48 42.4 42.38 42.37 42.37 42.38 42.39 42.4 42.41 42.45 42.5 42.52 42.54 42.57 42.63 42.68 42.73 42.76 42.76 42.76 42.77 42.77 42.77 42.78 42.79 42.79 42.78 42.73 42.65 42.61 42.62
46.37 46.24 45.96 45.51 45.22 45 44.71 44.39 44.1 43.81 43.31 42.92 42.67 42.55 42.59 42.66 42.69 42.7 42.71 42.71 42.72 42.71 42.7 42.71 42.72 42.71 42.71 42.7 42.69 42.69 42.7 42.71 42.71 42.72 42.73 42.75 42.75 42.75 42.76 42.75 42.73 42.73 42.72 42.7 42.69 42.66 42.61 42.55 42.46 42.42 42.4 42.38 42.37 42.38 42.39 42.38 42.4 42.46 42.5 42.54 42.62 42.69 42.73 42.78 42.81 42.8 42.79 42.78 42.77 42.76 42.78 42.79 42.77 42.73 42.67 42.6 42.61 42.64
47.2 47.05 46.76 46.29 46 45.74 45.35 44.97 44.67 44.36 43.83 43.46 43.2 42.87 42.68 42.63 42.62 42.66 42.71 42.74 42.73 42.73 42.73 42.72 42.73 42.75 42.74 42.74 42.72 42.7 42.71 42.73 42.72 42.7 42.71 42.72 42.73 42.74 42.75 42.74 42.73 42.73 42.73 42.72 42.7 42.69 42.67 42.64 42.58 42.52 42.5 42.45 42.38 42.37 42.38 42.39 42.42 42.48 42.52 42.59 42.69 42.74 42.77 42.8 42.81 42.81 42.8 42.78 42.77 42.76 42.75 42.74 42.66 42.58 42.58 42.6 42.61 42.63
48.05 47.75 47.28 46.85 46.58 46.32 45.93 45.57 45.25 44.86 44.33 43.99 43.78 43.45 43.02 42.7 42.57 42.56 42.65 42.68 42.72 42.76 42.77 42.76 42.76 42.77 42.77 42.77 42.75 42.73 42.74 42.74 42.72 42.71 42.72 42.72 42.73 42.73 42.72 42.72 42.71 42.7 42.7 42.71 42.72 42.72 42.71 42.7 42.67 42.64 42.61 42.54 42.43 42.38 42.39 42.44 42.51 42.55 42.58 42.65 42.73 42.77 42.78 42.81 42.82 42.8 42.8 42.81 42.8 42.79 42.73 42.64 42.58 42.56 42.58 42.6 42.62 42.65
48.6 48.32 47.91 47.55 47.26 46.93 46.46 46.13 45.82 45.25 44.68 44.38 44.25 43.96 43.45 43.04 42.81 42.58 42.53 42.54 42.61 42.72 42.76 42.78 42.78 42.77 42.78 42.79 42.77 42.75 42.75 42.74 42.73 42.74 42.74 42.74 42.73 42.71 42.7 42.7 42.68 42.67 42.67 42.69 42.73 42.74 42.73 42.71 42.68 42.66 42.65 42.61 42.51 42.46 42.47 42.54 42.61 42.63 42.66 42.71 42.76 42.78 42.79 42.81 42.81 42.8 42.8 42.8 42.78 42.74 42.67 42.57 42.55 42.56 42.58 42.6 42.62 42.64
49.29 48.99 48.58 48.32 48.03 47.53 46.92 46.43 45.99 45.25 44.68 44.49 44.42 44.11 43.56 43.17 42.97 42.7 42.49 42.41 42.48 42.63 42.71 42.74 42.76 42.76 42.76 42.78 42.78 42.77 42.77 42.75 42.75 42.77 42.76 42.75 42.74 42.71 42.68 42.67 42.66 42.66 42.66 42.68 42.71 42.73 42.72 42.7 42.67 42.65 42.64 42.63 42.59 42.57 42.56 42.59 42.65 42.67 42.71 42.75 42.75 42.76 42.77 42.79 42.81 42.81 42.81 42.79 42.71 42.65 42.61 42.56 42.55 42.57 42.6 42.63 42.64 42.64
50.1 49.64 49.17 48.92 48.64 48.07 47.23 46.53 45.92 45.06 44.62 44.56 44.47 44.12 43.51 43.05 42.92 42.76 42.58 42.46 42.43 42.47 42.55 42.63 42.7 42.73 42.74 42.75 42.75 42.74 42.75 42.76 42.77 42.78 42.77 42.77 42.76 42.72 42.68 42.66 42.65 42.65 42.66 42.68 42.69 42.68 42.68 42.67 42.65 42.65 42.65 42.64 42.64 42.66 42.66 42.66 42.68 42.69 42.72 42.74 42.75 42.76 42.77 42.78 42.78 42.78 42.78 42.73 42.63 42.57 42.57 42.56 42.55 42.57 42.6 42.61 42.62 42.63
50.71 50.22 49.72 49.45 49.14 48.36 47.17 46.29 45.66 44.89 44.6 44.6 44.49 44.05 43.35 42.92 42.84 42.77 42.67 42.58 42.51 42.46 42.47 42.48 42.53 42.61 42.69 42.7 42.69 42.7 42.72 42.75 42.77 42.77 42.77 42.78 42.77 42.75 42.74 42.71 42.64 42.63 42.64 42.65 42.66 42.66 42.67 42.65 42.64 42.65 42.64 42.62 42.65 42.69 42.69 42.7 42.71 42.71 42.71 42.73 42.75 42.75 42.75 42.74 42.73 42.74 42.71 42.65 42.59 42.57 42.57 42.58 42.58 42.58 42.59 42.58 42.59 42.6
51.11 50.76 50.25 49.91 49.46 48.41 47 46.05 45.48 44.84 44.64 44.63 44.48 43.89 43.15 42.82 42.77 42.74 42.68 42.64 42.61 42.57 42.53 42.45 42.37 42.43 42.53 42.58 42.62 42.65 42.69 42.72 42.75 42.76 42.76 42.76 42.76 42.78 42.81 42.77 42.67 42.63 42.62 42.62 42.63 42.65 42.64 42.63 42.63 42.63 42.64 42.65 42.67 42.7 42.71 42.72 42.74 42.73 42.72 42.71 42.73 42.73 42.72 42.7 42.69 42.67 42.63 42.61 42.6 42.6 42.59 42.6 42.61 42.6 42.59 42.58 42.57 42.58
51.32 51.07 50.51 50.03 49.46 48.26 46.86 46 45.5 44.89 44.63 44.51 44.31 43.65 42.94 42.71 42.71 42.7 42.65 42.65 42.67 42.67 42.64 42.55 42.43 42.36 42.33 42.39 42.49 42.57 42.63 42.67 42.72 42.74 42.75 42.76 42.75 42.77 42.78 42.76 42.7 42.65 42.63 42.62 42.61 42.62 42.62 42.62 42.63 42.63 42.65 42.68 42.7 42.7 42.71 42.72 42.73 42.71 42.71 42.71 42.7 42.69 42.66 42.64 42.63 42.61 42.59 42.6 42.61 42.61 42.61 42.61 42.61 42.61 42.59 42.57 42.57 42.58
51.4 51.16 50.52 49.95 49.34 48.16 46.92 46.2 45.67 44.94 44.56 44.3 43.96 43.38 42.79 42.62 42.65 42.69 42.66 42.68 42.72 42.72 42.68 42.65 42.61 42.5 42.37 42.34 42.36 42.46 42.55 42.61 42.66 42.68 42.71 42.73 42.73 42.73 42.73 42.74 42.72 42.67 42.64 42.61 42.6 42.61 42.61 42.61 42.62 42.63 42.66 42.69 42.7 42.7 42.7 42.71 42.71 42.7 42.7 42.71 42.69 42.65 42.6 42.57 42.57 42.59 42.6 42.61 42.62 42.62 42.62 42.62 42.6 42.6 42.59 42.58 42.57 42.58
51.4 51.13 50.44 49.86 49.25 48.09 46.96 46.32 45.75 44.96 44.57 44.22 43.7 43.16 42.74 42.61 42.62 42.68 42.68 42.71 42.75 42.73 42.7 42.69 42.7 42.66 42.57 42.51 42.4 42.38 42.44 42.52 42.6 42.61 42.63 42.67 42.7 42.71 42.7 42.72 42.74 42.71 42.67 42.62 42.6 42.59 42.59 42.59 42.62 42.65 42.68 42.69 42.68 42.68 42.68 42.69 42.7 42.7 42.69 42.68 42.67 42.65 42.59 42.56 42.56 42.58 42.62 42.63 42.63 42.63 42.63 42.61 42.61 42.61 42.61 42.6 42.58 42.59
51.2 50.88 50.23 49.72 49.13 47.92 46.79 46.19 45.62 44.98 44.69 44.33 43.71 43.14 42.79 42.67 42.62 42.65 42.66 42.68 42.71 42.7 42.7 42.68 42.67 42.68 42.66 42.61 42.49 42.4 42.4 42.44 42.5 42.51 42.55 42.62 42.66 42.69 42.69 42.7 42.72 42.7 42.65 42.61 42.59 42.59 42.6 42.61 42.64 42.67 42.69 42.68 42.66 42.65 42.66 42.68 42.68 42.68 42.66 42.65 42.65 42.64 42.61 42.59 42.6 42.61 42.63 42.63 42.63 42.64 42.64 42.6 42.59 42.59 42.61 42.61 42.61 42.61
50.74 50.38 49.89 49.45 48.83 47.61 46.53 45.98 45.42 44.99 44.78 44.45 43.9 43.43 43.11 42.88 42.69 42.66 42.67 42.68 42.71 42.71 42.68 42.65 42.63 42.65 42.68 42.64 42.54 42.48 42.46 42.46 42.45 42.43 42.45 42.53 42.61 42.64 42.65 42.66 42.67 42.67 42.62 42.58 42.59 42.6 42.62 42.64 42.66 42.67 42.68 42.67 42.66 42.66 42.65 42.65 42.65 42.64 42.64 42.65 42.67 42.66 42.63 42.61 42.61 42.61 42.61 42.63 42.65 42.65 42.64 42.63 42.62 42.61 42.6 42.6 42.62 42.63
50.12 49.73 49.47 49.16 48.45 47.19 46.12 45.58 45.14 44.94 44.79 44.55 44.21 43.93 43.67 43.33 42.92 42.79 42.76 42.73 42.71 42.7 42.68 42.66 42.61 42.59 42.59 42.59 42.57 42.55 42.54 42.52 42.48 42.43 42.41 42.46 42.55 42.58 42.59 42.6 42.62 42.62 42.58 42.56 42.59 42.62 42.63 42.64 42.66 42.67 42.67 42.66 42.67 42.67 42.66 42.64 42.62 42.62 42.66 42.67 42.66 42.66 42.65 42.63 42.61 42.6 42.61 42.63 42.65 42.65 42.64 42.63 42.64 42.63 42.61 42.6 42.62 42.63
49.4 49.02 48.82 48.61 47.93 46.69 45.77 45.31 44.91 44.8 44.75 44.65 44.51 44.28 44.01 43.68 43.18 42.88 42.81 42.76 42.71 42.7 42.68 42.65 42.6 42.57 42.57 42.56 42.57 42.58 42.58 42.57 42.53 42.5 42.48 42.49 42.54 42.57 42.57 42.55 42.56 42.57 42.57 42.58 42.62 42.66 42.65 42.64 42.65 42.66 42.66 42.66 42.67 42.66 42.63 42.61 42.6 42.64 42.67 42.66 42.67 42.66 42.66 42.65 42.63 42.62 42.63 42.63 42.63 42.65 42.65 42.63 42.63 42.64 42.61 42.6 42.61 42.63
48.74 48.32 48.11 47.93 47.27 46.31 45.75 45.33 44.94 44.87 44.82 44.76 44.66 44.46 44.25 43.9 43.3 42.94 42.85 42.78 42.72 42.72 42.69 42.65 42.61 42.59 42.6 42.59 42.58 42.59 42.6 42.59 42.57 42.55 42.55 42.55 42.56 42.57 42.57 42.55 42.55 42.56 42.59 42.63 42.64 42.66 42.66 42.65 42.65 42.66 42.66 42.65 42.64 42.63 42.62 42.61 42.62 42.65 42.67 42.67 42.68 42.67 42.66 42.66 42.64 42.64 42.65 42.65 42.65 42.65 42.65 42.64 42.64 42.63 42.61 42.6 42.6 42.63
48.13 47.68 47.46 47.36 46.98 46.28 45.79 45.39 44.98 44.89 44.83 44.8 44.69 44.45 44.19 43.79 43.22 42.94 42.85 42.77 42.74 42.76 42.73 42.68 42.66 42.64 42.64 42.64 42.63 42.61 42.62 42.61 42.58 42.56 42.56 42.55 42.56 42.56 42.56 42.55 42.56 42.57 42.61 42.65 42.64 42.66 42.67 42.66 42.64 42.65 42.65 42.64 42.64 42.62 42.6 42.63 42.66 42.66 42.65 42.65 42.66 42.66 42.65 42.66 42.66 42.66 42.66 42.66 42.66 42.66 42.66 42.66 42.65 42.63 42.61 42.6 42.6 42.62
47.53 47.13 46.99 46.9 46.62 46.13 45.76 45.39 44.99 44.91 44.87 44.83 44.66 44.39 44.07 43.57 43.09 42.89 42.84 42.78 42.77 42.78 42.75 42.71 42.69 42.69 42.69 42.69 42.66 42.63 42.63 42.62 42.6 42.59 42.58 42.56 42.57 42.58 42.58 42.58 42.58 42.59 42.63 42.66 42.66 42.66 42.67 42.67 42.67 42.66 42.64 42.62 42.63 42.62 42.62 42.65 42.67 42.66 42.64 42.64 42.66 42.66 42.65 42.66 42.67 42.66 42.65 42.65 42.65 42.65 42.66 42.66 42.65 42.63 42.61 42.61 42.61 42.61
47 46.63 46.51 46.42 46.16 45.78 45.5 45.25 44.93 44.87 44.9 44.83 44.52 44.15 43.78 43.31 43 42.88 42.84 42.79 42.78 42.77 42.75 42.72 42.72 42.72 42.73 42.73 42.69 42.65 42.64 42.63 42.61 42.6 42.6 42.6 42.59 42.6 42.6 42.6 42.63 42.63 42.64 42.65 42.65 42.66 42.67 42.68 42.68 42.67 42.65 42.64 42.64 42.64 42.65 42.68 42.69 42.67 42.65 42.65 42.66 42.65 42.65 42.66 42.66 42.65 42.63 42.63 42.64 42.64 42.65 42.65 42.64 42.63 42.62 42.62 42.61 42.61
46.59 46.16 46.01 45.92 45.69 45.34 45.09 44.93 44.77 44.77 44.81 44.73 44.28 43.77 43.41 43.09 42.97 42.92 42.87 42.81 42.78 42.77 42.73 42.72 42.74 42.74 42.75 42.76 42.73 42.71 42.69 42.66 42.64 42.63 42.62 42.63 42.63 42.63 42.63 42.63 42.64 42.65 42.65 42.65 42.66 42.66 42.67 42.68 42.68 42.67 42.66 42.67 42.67 42.67 42.69 42.73 42.72 42.68 42.66 42.66 42.65 42.65 42.64 42.65 42.64 42.64 42.63 42.64 42.63 42.63 42.63 42.63 42.63 42.61 42.6 42.6 42.59 42.59
46.17 45.68 45.48 45.42 45.27 45.04 44.85 44.71 44.65 44.68 44.69 44.57 44.07 43.53 43.23 43.01 42.97 42.95 42.91 42.84 42.79 42.76 42.73 42.73 42.75 42.75 42.75 42.77 42.77 42.75 42.72 42.69 42.68 42.67 42.65 42.65 42.66 42.66 42.66 42.65 42.64 42.65 42.66 42.65 42.65 42.66 42.67 42.66 42.65 42.66 42.67 42.69 42.69 42.7 42.72 42.74 42.73 42.68 42.67 42.67 42.67 42.65 42.64 42.65 42.64 42.62 42.64 42.66 42.64 42.62 42.64 42.65 42.64 42.61 42.59 42.58 42.58 42.58
45.74 45.3 45.11 45.08 45.01 44.92 44.82 44.71 44.66 44.66 44.64 44.48 43.94 43.42 43.18 43 42.96 42.96 42.93 42.85 42.79 42.77 42.76 42.75 42.78 42.79 42.78 42.78 42.79 42.78 42.75 42.73 42.74 42.73 42.7 42.66 42.66 42.67 42.68 42.67 42.66 42.67 42.69 42.67 42.65 42.65 42.66 42.65 42.64 42.64 42.67 42.7 42.7 42.7 42.71 42.72 42.71 42.68 42.67 42.68 42.68 42.66 42.64 42.66 42.65 42.63 42.62 42.64 42.64 42.64 42.65 42.65 42.63 42.61 42.61 42.62 42.61 42.59
45.44 45.13 44.99 44.94 44.87 44.81 44.76 44.69 44.65 44.63 44.62 44.42 43.8 43.29 43.13 43.01 42.98 42.96 42.93 42.86 42.79 42.77 42.75 42.75 42.79 42.8 42.79 42.78 42.78 42.78 42.76 42.76 42.77 42.77 42.73 42.69 42.69 42.7 42.72 42.7 42.69 42.69 42.69 42.68 42.67 42.66 42.66 42.64 42.64 42.64 42.66 42.69 42.7 42.69 42.7 42.72 42.72 42.69 42.69 42.7 42.68 42.66 42.66 42.66 42.67 42.66 42.64 42.64 42.65 42.66 42.65 42.66 42.64 42.62 42.61 42.62 42.61 42.59
45.29 45.07 44.94 44.83 44.77 44.75 44.72 44.68 44.63 44.58 44.52 44.23 43.62 43.16 43.07 43.03 42.99 42.96 42.91 42.84 42.78 42.76 42.75 42.75 42.78 42.78 42.77 42.76 42.75 42.76 42.77 42.78 42.79 42.79 42.76 42.73 42.72 42.73 42.74 42.72 42.72 42.71 42.69 42.68 42.67 42.67 42.66 42.64 42.64 42.65 42.67 42.7 42.71 42.71 42.72 42.73 42.72 42.7 42.7 42.7 42.68 42.67 42.68 42.69 42.69 42.67 42.65 42.64 42.65 42.66 42.65 42.65 42.64 42.62 42.62 42.62 42.6 42.58
45.09 45.01 44.89 44.76 44.71 44.72 44.72 44.72 44.65 44.54 44.4 44.01 43.44 43.09 43.04 43.01 42.97 42.93 42.87 42.8 42.78 42.78 42.78 42.77 42.77 42.77 42.76 42.75 42.75 42.76 42.78 42.79 42.79 42.8 42.79 42.75 42.73 42.74 42.74 42.73 42.73 42.72 42.7 42.68 42.68 42.68 42.66 42.66 42.65 42.66 42.68 42.69 42.7 42.72 42.73 42.74 42.73 42.73 42.71 42.69 42.68 42.69 42.7 42.71 42.7 42.68 42.66 42.66 42.66 42.65 42.64 42.65 42.64 42.61 42.6 42.6 42.59 42.58
44.77 44.82 44.74 44.65 44.65 44.67 44.68 44.7 44.63 44.5 44.29 43.85 43.37 43.12 43.06 42.99 42.96 42.93 42.84 42.78 42.78 42.8 42.79 42.78 42.78 42.77 42.77 42.77 42.77 42.78 42.79 42.79 42.8 42.8 42.79 42.77 42.75 42.75 42.75 42.75 42.74 42.73 42.71 42.69 42.69 42.69 42.67 42.66 42.66 42.67 42.69 42.7 42.71 42.72 42.74 42.73 42.74 42.74 42.72 42.7 42.69 42.69 42.72 42.72 42.7 42.67 42.65 42.65 42.65 42.63 42.63 42.65 42.65 42.61 42.6 42.6 42.59 42.58
44.26 44.47 44.5 44.56 44.63 44.64 44.64 44.63 44.51 44.38 44.14 43.7 43.32 43.14 43.08 43 42.98 42.92 42.83 42.79 42.79 42.8 42.8 42.79 42.79 42.78 42.79 42.79 42.78 42.78 42.79 42.81 42.82 42.82 42.8 42.79 42.79 42.77 42.75 42.75 42.74 42.74 42.73 42.71 42.7 42.7 42.68 42.66 42.66 42.67 42.68 42.7 42.72 42.74 42.76 42.77 42.77 42.75 42.72 42.69 42.67 42.69 42.72 42.72 42.7 42.67 42.64 42.64 42.63 42.61 42.61 42.63 42.64 42.61 42.61 42.61 42.59 42.58
43.6 43.85 44.03 44.29 44.46 44.52 44.57 44.56 44.37 44.19 43.94 43.52 43.23 43.12 43.06 42.98 42.93 42.88 42.81 42.79 42.79 42.8 42.8 42.79 42.79 42.78 42.79 42.78 42.76 42.77 42.8 42.81 42.81 42.83 42.83 42.82 42.81 42.79 42.77 42.74 42.74 42.74 42.72 42.7 42.71 42.73 42.7 42.68 42.68 42.66 42.67 42.7 42.72 42.74 42.77 42.79 42.79 42.77 42.74 42.71 42.69 42.7 42.72 42.71 42.7 42.68 42.66 42.65 42.63 42.61 42.6 42.61 42.62 42.6 42.61 42.6 42.59 42.58
43.01 43.23 43.43 43.77 44.04 44.18 44.3 44.29 44.11 43.95 43.69 43.32 43.1 43.05 43 42.93 42.86 42.82 42.79 42.78 42.8 42.8 42.79 42.78 42.79 42.78 42.78 42.78 42.78 42.8 42.82 42.81 42.8 42.81 42.85 42.86 42.84 42.81 42.8 42.77 42.76 42.77 42.75 42.72 42.72 42.73 42.72 42.71 42.7 42.68 42.7 42.72 42.74 42.76 42.77 42.78 42.8 42.8 42.77 42.75 42.73 42.73 42.73 42.72 42.7 42.7 42.69 42.67 42.64 42.62 42.6 42.61 42.63 42.61 42.6 42.59 42.59 42.58
42.57 42.67 42.83 43.15 43.42 43.6 43.68 43.63 43.57 43.52 43.4 43.17 43.02 42.98 42.94 42.89 42.85 42.81 42.77 42.78 42.8 42.8 42.79 42.78 42.79 42.79 42.79 42.79 42.8 42.8 42.81 42.84 42.83 42.82 42.84 42.84 42.83 42.83 42.83 42.82 42.8 42.78 42.75 42.72 42.72 42.72 42.71 42.72 42.71 42.7 42.73 42.75 42.76 42.77 42.78 42.8 42.82 42.82 42.81 42.79 42.77 42.77 42.77 42.75 42.72 42.71 42.7 42.67 42.63 42.61 42.6 42.62 42.63 42.61 42.59 42.59 42.59 42.59
