slabs/61.grd
DSAA
631 301
645780 646410
4946000 4946300
37.63 51.43
[rows 204 to 237 of 301, columns 234 to 311 of 631]
42.23 42.24 42.26 42.28 42.28 42.27 42.26 42.24 42.22 42.2 42.2 42.19 42.17 42.16 42.18 42.19 42.21 42.25 42.26 42.25 42.27 42.27 42.25 42.25 42.25 42.25 42.24 42.23 42.23 42.23 42.21 42.18 42.16 42.15 42.16 42.18 42.21 42.23 42.25 42.24 42.22 42.23 42.25 42.24 42.22 42.22 42.22 42.22 42.21 42.18 42.15 42.14 42.14 42.13 42.08 42.08 42.15 42.22 42.25 42.28 42.3 42.33 42.33 42.26 42.13 42.07 42.17 42.31 42.34 42.3 42.29 42.28 42.31 42.33 42.34 42.36 42.36 42.35
42.26 42.26 42.28 42.27 42.27 42.27 42.27 42.27 42.26 42.23 42.21 42.19 42.18 42.18 42.18 42.17 42.2 42.25 42.27 42.28 42.29 42.3 42.28 42.26 42.26 42.26 42.25 42.24 42.23 42.24 42.22 42.19 42.16 42.15 42.17 42.19 42.2 42.21 42.22 42.21 42.21 42.23 42.24 42.23 42.22 42.22 42.21 42.21 42.21 42.18 42.15 42.16 42.17 42.17 42.13 42.09 42.12 42.2 42.25 42.29 42.32 42.35 42.35 42.28 42.11 41.98 42.12 42.34 42.36 42.31 42.3 42.31 42.33 42.34 42.35 42.36 42.37 42.37
42.28 42.27 42.28 42.29 42.3 42.31 42.27 42.25 42.25 42.24 42.21 42.19 42.17 42.16 42.16 42.17 42.19 42.22 42.24 42.25 42.27 42.28 42.27 42.25 42.25 42.25 42.25 42.24 42.23 42.24 42.24 42.22 42.18 42.17 42.18 42.2 42.19 42.18 42.19 42.19 42.19 42.22 42.23 42.22 42.21 42.22 42.23 42.22 42.2 42.19 42.18 42.19 42.22 42.21 42.16 42.07 42.09 42.2 42.24 42.27 42.3 42.31 42.34 42.32 42.15 41.98 42.09 42.33 42.37 42.32 42.3 42.29 42.31 42.34 42.35 42.37 42.38 42.39
42.27 42.26 42.27 42.29 42.31 42.31 42.26 42.23 42.23 42.23 42.21 42.2 42.19 42.18 42.17 42.16 42.17 42.19 42.22 42.23 42.24 42.26 42.26 42.24 42.24 42.25 42.25 42.24 42.23 42.24 42.26 42.24 42.2 42.18 42.18 42.19 42.19 42.19 42.2 42.19 42.19 42.22 42.25 42.24 42.22 42.21 42.21 42.2 42.2 42.2 42.19 42.2 42.23 42.25 42.2 42.08 42.1 42.2 42.25 42.29 42.3 42.3 42.34 42.36 42.17 41.98 42.06 42.27 42.33 42.32 42.31 42.28 42.3 42.33 42.35 42.37 42.38 42.39
42.27 42.27 42.29 42.31 42.29 42.27 42.24 42.22 42.22 42.24 42.23 42.2 42.18 42.18 42.18 42.17 42.17 42.18 42.21 42.22 42.23 42.26 42.27 42.26 42.24 42.25 42.26 42.25 42.23 42.24 42.25 42.23 42.2 42.17 42.17 42.18 42.18 42.18 42.2 42.2 42.19 42.21 42.23 42.23 42.22 42.22 42.22 42.21 42.2 42.18 42.18 42.21 42.26 42.3 42.25 42.12 42.08 42.12 42.19 42.27 42.3 42.32 42.35 42.36 42.23 42.08 42.09 42.21 42.3 42.36 42.36 42.29 42.3 42.32 42.35 42.37 42.39 42.4
42.25 42.26 42.28 42.31 42.3 42.28 42.26 42.23 42.24 42.26 42.24 42.21 42.2 42.19 42.19 42.19 42.18 42.18 42.2 42.22 42.25 42.28 42.31 42.3 42.26 42.25 42.27 42.25 42.23 42.24 42.23 42.23 42.21 42.19 42.19 42.19 42.17 42.17 42.18 42.19 42.21 42.2 42.19 42.21 42.22 42.22 42.22 42.22 42.19 42.18 42.19 42.2 42.21 42.25 42.23 42.12 42.06 42.11 42.19 42.29 42.31 42.31 42.34 42.36 42.3 42.22 42.13 42.19 42.35 42.43 42.4 42.3 42.3 42.32 42.35 42.39 42.41 42.41
42.27 42.27 42.28 42.29 42.29 42.29 42.27 42.25 42.26 42.26 42.24 42.23 42.22 42.21 42.2 42.2 42.19 42.18 42.2 42.23 42.26 42.28 42.31 42.31 42.27 42.25 42.25 42.25 42.25 42.26 42.25 42.25 42.24 42.22 42.21 42.2 42.18 42.18 42.19 42.2 42.21 42.21 42.21 42.22 42.23 42.22 42.21 42.21 42.19 42.18 42.19 42.19 42.2 42.24 42.23 42.13 42.07 42.1 42.19 42.29 42.33 42.34 42.36 42.37 42.34 42.29 42.16 42.19 42.37 42.44 42.39 42.3 42.31 42.33 42.37 42.4 42.4 42.4
42.27 42.27 42.27 42.28 42.29 42.29 42.27 42.27 42.26 42.24 42.23 42.24 42.23 42.22 42.21 42.21 42.18 42.18 42.21 42.23 42.24 42.26 42.29 42.3 42.27 42.24 42.26 42.26 42.25 42.25 42.26 42.26 42.25 42.23 42.22 42.2 42.19 42.18 42.19 42.2 42.2 42.2 42.19 42.2 42.21 42.21 42.21 42.22 42.2 42.19 42.2 42.2 42.2 42.21 42.2 42.12 42.06 42.1 42.18 42.28 42.33 42.36 42.38 42.37 42.35 42.32 42.2 42.16 42.29 42.39 42.41 42.33 42.32 42.35 42.39 42.4 42.39 42.4
42.26 42.26 42.28 42.3 42.29 42.28 42.28 42.29 42.26 42.22 42.23 42.25 42.25 42.24 42.24 42.22 42.2 42.21 42.22 42.24 42.26 42.27 42.3 42.3 42.25 42.23 42.25 42.26 42.25 42.25 42.24 42.25 42.25 42.23 42.22 42.21 42.19 42.18 42.18 42.2 42.2 42.19 42.19 42.2 42.21 42.21 42.22 42.22 42.2 42.2 42.2 42.21 42.21 42.21 42.19 42.1 42.01 42.06 42.17 42.27 42.32 42.34 42.38 42.38 42.36 42.34 42.22 42.15 42.24 42.36 42.39 42.33 42.33 42.35 42.38 42.41 42.4 42.42
42.27 42.28 42.28 42.29 42.28 42.27 42.28 42.28 42.26 42.23 42.25 42.26 42.27 42.25 42.24 42.21 42.2 42.22 42.23 42.24 42.27 42.29 42.3 42.3 42.27 42.24 42.23 42.25 42.27 42.26 42.26 42.26 42.23 42.21 42.19 42.19 42.19 42.18 42.18 42.19 42.2 42.2 42.2 42.21 42.21 42.2 42.2 42.2 42.19 42.19 42.2 42.2 42.22 42.25 42.24 42.12 41.97 42 42.14 42.27 42.33 42.35 42.38 42.39 42.35 42.31 42.19 42.14 42.23 42.35 42.39 42.34 42.32 42.35 42.4 42.42 42.41 42.42
42.28 42.3 42.28 42.27 42.27 42.27 42.26 42.27 42.26 42.23 42.25 42.26 42.26 42.26 42.23 42.2 42.19 42.2 42.23 42.23 42.26 42.3 42.3 42.29 42.26 42.23 42.23 42.24 42.26 42.27 42.27 42.26 42.24 42.21 42.19 42.19 42.19 42.18 42.18 42.19 42.2 42.2 42.2 42.2 42.19 42.19 42.19 42.19 42.18 42.18 42.19 42.2 42.21 42.25 42.27 42.14 41.98 42.01 42.15 42.27 42.35 42.36 42.38 42.37 42.33 42.3 42.19 42.15 42.23 42.35 42.41 42.34 42.32 42.36 42.4 42.39 42.4 42.41
42.27 42.27 42.26 42.27 42.28 42.27 42.26 42.26 42.25 42.24 42.24 42.25 42.25 42.26 42.25 42.22 42.19 42.2 42.21 42.2 42.23 42.28 42.3 42.28 42.24 42.22 42.22 42.23 42.24 42.26 42.26 42.26 42.24 42.21 42.2 42.2 42.19 42.18 42.18 42.2 42.2 42.2 42.19 42.18 42.19 42.19 42.19 42.19 42.18 42.17 42.17 42.18 42.19 42.25 42.28 42.13 41.96 41.99 42.14 42.28 42.37 42.38 42.39 42.39 42.36 42.32 42.19 42.15 42.23 42.35 42.4 42.33 42.31 42.34 42.37 42.37 42.38 42.41
42.26 42.25 42.23 42.25 42.28 42.28 42.27 42.27 42.27 42.26 42.25 42.26 42.27 42.25 42.25 42.22 42.2 42.2 42.2 42.2 42.22 42.26 42.29 42.27 42.24 42.22 42.22 42.23 42.24 42.25 42.26 42.26 42.25 42.22 42.22 42.22 42.21 42.2 42.2 42.21 42.21 42.2 42.19 42.18 42.19 42.2 42.19 42.17 42.15 42.14 42.15 42.17 42.19 42.24 42.26 42.12 41.98 42.02 42.17 42.28 42.34 42.36 42.38 42.38 42.36 42.3 42.15 42.12 42.25 42.36 42.39 42.31 42.28 42.3 42.35 42.36 42.37 42.41
42.25 42.26 42.27 42.27 42.28 42.28 42.28 42.26 42.26 42.26 42.26 42.26 42.26 42.25 42.23 42.22 42.21 42.2 42.2 42.21 42.23 42.25 42.27 42.26 42.23 42.22 42.22 42.23 42.24 42.25 42.25 42.26 42.26 42.25 42.23 42.22 42.22 42.21 42.21 42.22 42.21 42.2 42.2 42.2 42.18 42.17 42.18 42.18 42.16 42.16 42.16 42.16 42.18 42.25 42.28 42.12 41.97 42.04 42.23 42.32 42.34 42.36 42.39 42.39 42.36 42.29 42.13 42.04 42.18 42.38 42.38 42.29 42.28 42.31 42.33 42.35 42.37 42.4
42.23 42.25 42.26 42.26 42.27 42.28 42.28 42.27 42.27 42.27 42.26 42.27 42.27 42.25 42.23 42.23 42.23 42.21 42.2 42.21 42.23 42.24 42.25 42.25 42.22 42.2 42.21 42.22 42.24 42.24 42.25 42.27 42.27 42.26 42.24 42.22 42.22 42.22 42.22 42.21 42.19 42.18 42.2 42.21 42.19 42.18 42.17 42.17 42.16 42.16 42.16 42.16 42.18 42.27 42.3 42.11 41.95 42.04 42.23 42.32 42.35 42.37 42.39 42.38 42.35 42.26 42.11 42.01 42.14 42.36 42.37 42.3 42.31 42.33 42.34 42.34 42.36 42.4
42.23 42.24 42.23 42.25 42.27 42.28 42.27 42.28 42.29 42.28 42.27 42.28 42.28 42.25 42.22 42.23 42.23 42.22 42.21 42.22 42.24 42.24 42.25 42.24 42.21 42.2 42.2 42.22 42.24 42.25 42.26 42.27 42.27 42.27 42.24 42.21 42.2 42.21 42.21 42.21 42.21 42.19 42.19 42.19 42.16 42.17 42.19 42.18 42.17 42.17 42.16 42.15 42.16 42.26 42.29 42.12 42.02 42.1 42.23 42.3 42.34 42.36 42.37 42.37 42.32 42.21 42.08 42.03 42.17 42.37 42.38 42.32 42.33 42.35 42.35 42.35 42.36 42.39
42.24 42.24 42.24 42.26 42.27 42.27 42.27 42.28 42.28 42.28 42.27 42.27 42.26 42.25 42.22 42.21 42.22 42.22 42.22 42.23 42.24 42.24 42.25 42.24 42.21 42.2 42.2 42.22 42.24 42.25 42.25 42.25 42.27 42.28 42.25 42.22 42.2 42.21 42.21 42.2 42.2 42.19 42.2 42.19 42.16 42.17 42.19 42.19 42.17 42.17 42.16 42.15 42.15 42.24 42.28 42.14 42.06 42.14 42.25 42.3 42.34 42.36 42.37 42.36 42.32 42.18 42.06 42.06 42.2 42.39 42.38 42.31 42.31 42.34 42.36 42.37 42.38 42.4
42.24 42.25 42.26 42.26 42.27 42.27 42.28 42.28 42.28 42.26 42.26 42.26 42.25 42.24 42.23 42.22 42.21 42.21 42.21 42.23 42.25 42.24 42.24 42.23 42.21 42.21 42.21 42.22 42.23 42.25 42.25 42.24 42.26 42.27 42.25 42.21 42.2 42.21 42.23 42.22 42.21 42.2 42.2 42.2 42.18 42.18 42.19 42.19 42.17 42.16 42.15 42.14 42.14 42.22 42.23 42.1 42.08 42.17 42.28 42.31 42.35 42.38 42.37 42.35 42.31 42.16 42.05 42.1 42.24 42.37 42.34 42.29 42.31 42.34 42.35 42.35 42.37 42.4
42.25 42.25 42.26 42.26 42.27 42.27 42.28 42.27 42.27 42.27 42.27 42.26 42.25 42.23 42.23 42.22 42.21 42.2 42.21 42.25 42.26 42.25 42.24 42.23 42.22 42.22 42.22 42.22 42.21 42.21 42.22 42.25 42.26 42.26 42.24 42.22 42.2 42.21 42.23 42.24 42.23 42.22 42.2 42.2 42.18 42.19 42.2 42.19 42.17 42.16 42.15 42.14 42.15 42.21 42.16 42.02 42.05 42.19 42.3 42.33 42.35 42.38 42.36 42.34 42.28 42.12 42.05 42.12 42.23 42.33 42.31 42.29 42.32 42.37 42.37 42.37 42.37 42.38
42.27 42.26 42.27 42.27 42.27 42.27 42.26 42.27 42.27 42.28 42.28 42.26 42.24 42.23 42.23 42.23 42.22 42.22 42.23 42.27 42.28 42.27 42.26 42.24 42.21 42.2 42.2 42.21 42.21 42.23 42.24 42.25 42.28 42.27 42.25 42.23 42.22 42.21 42.21 42.22 42.22 42.21 42.2 42.19 42.18 42.19 42.2 42.19 42.18 42.17 42.16 42.15 42.18 42.22 42.13 41.95 42.01 42.19 42.3 42.33 42.35 42.38 42.36 42.34 42.25 42.08 42.08 42.17 42.2 42.24 42.27 42.27 42.31 42.35 42.36 42.38 42.39 42.4
42.28 42.27 42.28 42.29 42.29 42.29 42.27 42.27 42.27 42.27 42.26 42.24 42.25 42.25 42.24 42.24 42.24 42.24 42.25 42.27 42.28 42.28 42.27 42.26 42.24 42.22 42.2 42.18 42.19 42.21 42.23 42.25 42.28 42.28 42.27 42.25 42.23 42.21 42.2 42.21 42.2 42.2 42.2 42.19 42.19 42.2 42.19 42.18 42.18 42.17 42.15 42.15 42.18 42.24 42.13 41.98 42.04 42.23 42.33 42.33 42.37 42.4 42.37 42.34 42.24 42.08 42.14 42.29 42.26 42.22 42.24 42.26 42.29 42.34 42.38 42.39 42.4 42.41
42.28 42.27 42.28 42.29 42.3 42.31 42.3 42.27 42.27 42.28 42.26 42.25 42.27 42.29 42.28 42.25 42.23 42.25 42.26 42.27 42.28 42.31 42.29 42.26 42.25 42.23 42.19 42.17 42.18 42.2 42.22 42.25 42.26 42.27 42.27 42.26 42.24 42.23 42.22 42.21 42.2 42.2 42.2 42.2 42.2 42.2 42.2 42.19 42.18 42.15 42.13 42.13 42.18 42.22 42.14 42.05 42.12 42.28 42.36 42.36 42.39 42.42 42.38 42.34 42.24 42.1 42.16 42.27 42.25 42.22 42.24 42.27 42.3 42.35 42.37 42.37 42.39 42.42
42.28 42.27 42.28 42.29 42.28 42.27 42.28 42.28 42.26 42.25 42.25 42.25 42.26 42.28 42.28 42.25 42.24 42.25 42.26 42.28 42.29 42.29 42.27 42.24 42.23 42.22 42.19 42.17 42.17 42.2 42.22 42.23 42.24 42.25 42.27 42.25 42.25 42.24 42.22 42.2 42.18 42.19 42.19 42.19 42.2 42.21 42.2 42.18 42.17 42.14 42.12 42.13 42.17 42.18 42.09 42.04 42.12 42.28 42.37 42.37 42.39 42.4 42.35 42.29 42.17 42.08 42.17 42.25 42.23 42.21 42.22 42.23 42.27 42.33 42.37 42.37 42.4 42.43
42.29 42.29 42.3 42.31 42.3 42.29 42.29 42.28 42.26 42.24 42.24 42.25 42.28 42.29 42.29 42.27 42.26 42.26 42.27 42.27 42.29 42.26 42.23 42.21 42.2 42.21 42.19 42.17 42.16 42.18 42.22 42.24 42.25 42.27 42.27 42.25 42.24 42.23 42.22 42.2 42.2 42.19 42.18 42.18 42.19 42.21 42.21 42.19 42.15 42.11 42.1 42.11 42.13 42.13 42.09 42.08 42.17 42.32 42.37 42.37 42.39 42.41 42.35 42.27 42.13 42.08 42.19 42.23 42.22 42.2 42.2 42.22 42.25 42.31 42.35 42.37 42.4 42.44
42.29 42.3 42.3 42.31 42.31 42.3 42.29 42.28 42.27 42.28 42.27 42.27 42.28 42.29 42.3 42.29 42.27 42.26 42.27 42.28 42.27 42.25 42.23 42.21 42.2 42.21 42.2 42.18 42.15 42.16 42.21 42.25 42.27 42.29 42.3 42.26 42.23 42.23 42.21 42.19 42.2 42.21 42.18 42.18 42.18 42.19 42.19 42.17 42.13 42.11 42.1 42.09 42.1 42.08 42.08 42.15 42.24 42.34 42.39 42.4 42.42 42.44 42.41 42.32 42.16 42.11 42.21 42.24 42.24 42.23 42.23 42.24 42.26 42.31 42.34 42.36 42.41 42.44
42.3 42.3 42.3 42.31 42.31 42.3 42.29 42.28 42.28 42.29 42.29 42.28 42.28 42.3 42.31 42.29 42.27 42.26 42.28 42.28 42.26 42.25 42.24 42.22 42.2 42.21 42.23 42.21 42.19 42.17 42.2 42.26 42.28 42.29 42.29 42.26 42.24 42.22 42.2 42.17 42.18 42.2 42.18 42.17 42.16 42.18 42.17 42.15 42.12 42.1 42.09 42.1 42.12 42.1 42.08 42.16 42.25 42.35 42.39 42.42 42.44 42.44 42.44 42.37 42.19 42.17 42.27 42.32 42.36 42.31 42.27 42.26 42.28 42.32 42.35 42.36 42.4 42.44
42.31 42.31 42.31 42.31 42.3 42.3 42.3 42.29 42.29 42.29 42.28 42.27 42.29 42.31 42.32 42.28 42.27 42.28 42.29 42.28 42.27 42.26 42.24 42.22 42.21 42.21 42.21 42.23 42.24 42.24 42.23 42.25 42.28 42.27 42.27 42.27 42.23 42.19 42.19 42.2 42.2 42.2 42.18 42.17 42.17 42.16 42.15 42.13 42.12 42.09 42.1 42.12 42.16 42.14 42.09 42.17 42.27 42.37 42.4 42.43 42.45 42.43 42.41 42.34 42.19 42.23 42.38 42.47 42.49 42.37 42.29 42.28 42.29 42.32 42.35 42.37 42.4 42.44
42.31 42.31 42.31 42.31 42.3 42.3 42.29 42.28 42.27 42.27 42.27 42.28 42.29 42.29 42.29 42.28 42.27 42.28 42.28 42.27 42.27 42.26 42.25 42.25 42.24 42.23 42.21 42.24 42.27 42.27 42.24 42.23 42.26 42.28 42.26 42.25 42.22 42.19 42.19 42.18 42.17 42.15 42.16 42.16 42.16 42.17 42.15 42.13 42.11 42.09 42.12 42.16 42.2 42.15 42.09 42.19 42.33 42.4 42.41 42.45 42.47 42.42 42.38 42.29 42.17 42.26 42.45 42.52 42.49 42.35 42.31 42.31 42.31 42.33 42.34 42.36 42.41 42.43
42.3 42.31 42.31 42.3 42.28 42.28 42.28 42.27 42.25 42.25 42.27 42.27 42.27 42.27 42.28 42.28 42.28 42.28 42.28 42.27 42.26 42.26 42.26 42.24 42.22 42.22 42.22 42.22 42.24 42.26 42.24 42.23 42.25 42.27 42.25 42.22 42.2 42.18 42.17 42.16 42.14 42.15 42.16 42.16 42.17 42.17 42.14 42.11 42.1 42.1 42.13 42.2 42.22 42.14 42.1 42.21 42.37 42.43 42.44 42.46 42.47 42.41 42.36 42.27 42.16 42.27 42.44 42.46 42.39 42.32 42.33 42.33 42.33 42.34 42.35 42.37 42.4 42.41
42.3 42.3 42.3 42.29 42.28 42.28 42.29 42.28 42.26 42.26 42.26 42.26 42.26 42.28 42.31 42.3 42.27 42.29 42.29 42.26 42.26 42.27 42.28 42.26 42.23 42.23 42.23 42.23 42.24 42.25 42.24 42.23 42.23 42.25 42.24 42.2 42.18 42.16 42.14 42.12 42.12 42.13 42.16 42.18 42.17 42.15 42.12 42.09 42.09 42.11 42.15 42.2 42.19 42.11 42.13 42.22 42.35 42.44 42.47 42.47 42.45 42.4 42.33 42.22 42.15 42.28 42.4 42.4 42.35 42.31 42.33 42.34 42.34 42.33 42.35 42.39 42.39 42.38
42.31 42.31 42.3 42.29 42.28 42.29 42.3 42.26 42.25 42.25 42.26 42.27 42.29 42.31 42.33 42.32 42.29 42.29 42.29 42.28 42.27 42.28 42.28 42.27 42.26 42.25 42.26 42.26 42.27 42.27 42.25 42.23 42.23 42.24 42.21 42.19 42.18 42.15 42.11 42.09 42.08 42.11 42.14 42.16 42.16 42.13 42.1 42.07 42.06 42.11 42.17 42.2 42.14 42.06 42.11 42.21 42.35 42.43 42.45 42.46 42.46 42.38 42.3 42.19 42.15 42.3 42.38 42.39 42.35 42.31 42.32 42.34 42.34 42.33 42.35 42.38 42.39 42.38
42.33 42.31 42.3 42.29 42.28 42.29 42.3 42.28 42.27 42.27 42.28 42.29 42.29 42.31 42.31 42.29 42.28 42.28 42.28 42.29 42.29 42.29 42.29 42.27 42.27 42.27 42.28 42.27 42.27 42.27 42.26 42.25 42.24 42.22 42.2 42.19 42.18 42.14 42.1 42.07 42.07 42.1 42.13 42.14 42.15 42.13 42.11 42.07 42.04 42.09 42.16 42.19 42.11 42.04 42.1 42.22 42.37 42.44 42.45 42.45 42.42 42.35 42.28 42.17 42.16 42.33 42.42 42.42 42.37 42.33 42.33 42.34 42.34 42.34 42.36 42.39 42.39 42.39
42.33 42.32 42.31 42.3 42.31 42.3 42.29 42.3 42.31 42.28 42.27 42.28 42.29 42.31 42.31 42.3 42.31 42.3 42.28 42.27 42.28 42.29 42.27 42.27 42.27 42.27 42.27 42.26 42.25 42.24 42.24 42.25 42.24 42.22 42.2 42.19 42.18 42.15 42.11 42.09 42.07 42.1 42.14 42.14 42.14 42.12 42.1 42.07 42.04 42.07 42.13 42.14 42.07 42.06 42.17 42.27 42.39 42.41 42.4 42.41 42.41 42.33 42.24 42.14 42.18 42.36 42.44 42.44 42.36 42.33 42.33 42.33 42.32 42.32 42.35 42.39 42.41 42.41
42.32 42.33 42.32 42.3 42.3 42.31 42.31 42.31 42.31 42.28 42.26 42.26 42.27 42.29 42.31 42.3 42.31 42.29 42.27 42.25 42.26 42.27 42.26 42.26 42.26 42.26 42.25 42.24 42.23 42.22 42.23 42.24 42.23 42.21 42.2 42.2 42.19 42.16 42.14 42.11 42.08 42.1 42.14 42.14 42.12 42.1 42.08 42.07 42.06 42.08 42.11 42.1 42.05 42.11 42.24 42.32 42.39 42.4 42.38 42.41 42.41 42.35 42.25 42.12 42.2 42.4 42.45 42.41 42.35 42.32 42.32 42.32 42.32 42.32 42.35 42.4 42.42 42.43
