slabs/61.grd
DSAA
631 301
645780 646410
4946000 4946300
37.63 51.43
[rows 68 to 101 of 301, columns 312 to 389 of 631]
43.12 43.1 43.09 43.09 43.08 43.09 43.1 43.1 43.09 43.09 43.09 43.08 43.06 43.06 43.07 43.08 43.08 43.07 43.08 43.1 43.12 43.15 43.14 43.11 43.1 43.11 43.1 43.09 43.08 43.07 43.08 43.09 43.09 43.1 43.09 43.1 43.13 43.14 43.14 43.17 43.21 43.19 43.17 43.19 43.2 43.19 43.17 43.18 43.2 43.24 43.34 43.41 43.44 43.51 43.63 43.6 43.48 43.36 43.16 43.04 43 42.97 42.93 42.92 42.95 42.98 42.99 42.99 42.99 42.98 42.98 42.98 42.99 42.96 42.9 42.85 42.75 42.49
43.12 43.13 43.13 43.12 43.09 43.09 43.08 43.08 43.08 43.11 43.12 43.1 43.07 43.06 43.07 43.08 43.08 43.07 43.06 43.08 43.12 43.13 43.13 43.13 43.11 43.11 43.09 43.08 43.09 43.1 43.1 43.09 43.09 43.08 43.09 43.09 43.1 43.11 43.12 43.16 43.19 43.18 43.17 43.18 43.19 43.18 43.17 43.18 43.19 43.18 43.18 43.18 43.19 43.27 43.47 43.67 43.74 43.64 43.38 43.2 43.12 43.03 42.96 42.95 42.96 42.97 42.97 42.97 42.97 42.99 43 43.01 43 42.96 42.93 42.91 42.89 42.74
43.12 43.14 43.15 43.13 43.11 43.1 43.1 43.07 43.07 43.11 43.1 43.09 43.08 43.07 43.06 43.08 43.08 43.06 43.05 43.07 43.09 43.1 43.11 43.12 43.11 43.09 43.09 43.09 43.1 43.12 43.1 43.09 43.1 43.09 43.09 43.09 43.08 43.09 43.11 43.15 43.17 43.17 43.16 43.17 43.17 43.17 43.16 43.18 43.2 43.19 43.17 43.16 43.17 43.18 43.3 43.49 43.63 43.72 43.59 43.4 43.3 43.21 43.1 43.04 43 42.96 42.96 42.97 42.97 42.99 43 43 42.99 42.97 42.96 42.94 42.93 42.84
43.11 43.13 43.15 43.12 43.1 43.1 43.11 43.1 43.09 43.1 43.1 43.11 43.12 43.11 43.11 43.1 43.09 43.08 43.07 43.08 43.08 43.07 43.09 43.1 43.09 43.09 43.1 43.11 43.1 43.1 43.1 43.1 43.1 43.11 43.1 43.09 43.07 43.08 43.11 43.14 43.16 43.16 43.17 43.17 43.17 43.16 43.17 43.18 43.17 43.18 43.19 43.18 43.16 43.17 43.19 43.22 43.3 43.47 43.57 43.57 43.52 43.41 43.28 43.22 43.14 43.02 42.96 42.95 42.97 42.99 43 43 43 42.99 42.98 42.95 42.93 42.9
43.13 43.13 43.13 43.13 43.12 43.13 43.11 43.09 43.08 43.08 43.09 43.11 43.13 43.14 43.14 43.13 43.11 43.11 43.11 43.09 43.09 43.08 43.08 43.09 43.09 43.09 43.11 43.11 43.09 43.1 43.1 43.1 43.1 43.1 43.1 43.09 43.09 43.1 43.11 43.12 43.14 43.15 43.17 43.18 43.17 43.17 43.18 43.17 43.16 43.17 43.17 43.16 43.15 43.16 43.18 43.19 43.2 43.26 43.42 43.56 43.61 43.59 43.47 43.38 43.3 43.15 43.04 43 42.99 42.99 42.99 42.99 43 43 42.99 42.97 42.95 42.94
43.12 43.11 43.11 43.12 43.12 43.11 43.11 43.1 43.09 43.08 43.09 43.1 43.12 43.14 43.15 43.15 43.13 43.13 43.14 43.11 43.09 43.09 43.09 43.09 43.09 43.09 43.1 43.1 43.09 43.1 43.12 43.11 43.11 43.11 43.11 43.1 43.1 43.1 43.1 43.12 43.13 43.13 43.14 43.16 43.17 43.17 43.17 43.16 43.16 43.17 43.17 43.16 43.17 43.18 43.18 43.2 43.19 43.2 43.27 43.36 43.47 43.56 43.54 43.52 43.47 43.33 43.23 43.22 43.17 43.08 43.02 43 42.99 42.99 42.99 42.98 42.96 42.96
43.13 43.13 43.11 43.1 43.12 43.13 43.13 43.12 43.1 43.09 43.09 43.1 43.1 43.12 43.13 43.15 43.15 43.14 43.15 43.13 43.1 43.09 43.08 43.09 43.1 43.1 43.09 43.09 43.08 43.1 43.11 43.1 43.11 43.13 43.14 43.13 43.1 43.09 43.11 43.14 43.17 43.16 43.13 43.14 43.16 43.16 43.17 43.17 43.16 43.16 43.16 43.16 43.16 43.16 43.17 43.18 43.19 43.18 43.19 43.22 43.28 43.34 43.4 43.49 43.5 43.47 43.48 43.51 43.43 43.27 43.17 43.1 43.02 42.99 42.97 42.96 42.97 42.97
43.12 43.13 43.12 43.1 43.13 43.14 43.15 43.13 43.11 43.09 43.1 43.11 43.1 43.1 43.12 43.14 43.15 43.15 43.16 43.15 43.12 43.1 43.07 43.09 43.12 43.12 43.1 43.09 43.09 43.09 43.09 43.11 43.11 43.13 43.15 43.15 43.15 43.14 43.13 43.15 43.17 43.15 43.13 43.12 43.14 43.16 43.16 43.15 43.15 43.16 43.16 43.15 43.15 43.15 43.17 43.19 43.19 43.18 43.17 43.18 43.18 43.17 43.23 43.32 43.36 43.45 43.57 43.63 43.6 43.49 43.4 43.29 43.14 43.03 42.98 42.97 42.96 42.96
43.11 43.11 43.11 43.12 43.13 43.14 43.14 43.13 43.11 43.09 43.1 43.11 43.11 43.11 43.11 43.12 43.14 43.15 43.17 43.15 43.11 43.09 43.09 43.09 43.1 43.1 43.09 43.08 43.07 43.09 43.11 43.11 43.11 43.13 43.13 43.13 43.15 43.14 43.13 43.14 43.15 43.14 43.13 43.12 43.14 43.15 43.16 43.16 43.16 43.16 43.14 43.14 43.14 43.15 43.17 43.19 43.18 43.18 43.18 43.18 43.17 43.16 43.17 43.18 43.2 43.29 43.4 43.49 43.63 43.66 43.57 43.47 43.32 43.13 43.02 43 42.98 42.96
43.1 43.1 43.11 43.13 43.13 43.13 43.13 43.13 43.11 43.09 43.1 43.11 43.11 43.1 43.09 43.09 43.1 43.12 43.16 43.16 43.11 43.1 43.11 43.09 43.08 43.09 43.1 43.1 43.1 43.1 43.11 43.09 43.08 43.1 43.11 43.12 43.13 43.14 43.14 43.14 43.14 43.13 43.14 43.15 43.15 43.15 43.16 43.17 43.16 43.15 43.14 43.14 43.15 43.15 43.17 43.18 43.18 43.18 43.19 43.19 43.19 43.19 43.19 43.19 43.17 43.18 43.21 43.29 43.49 43.64 43.66 43.65 43.53 43.27 43.13 43.08 43.01 42.96
43.1 43.11 43.11 43.13 43.14 43.13 43.12 43.11 43.12 43.12 43.12 43.11 43.1 43.1 43.09 43.09 43.11 43.12 43.14 43.14 43.15 43.14 43.11 43.09 43.1 43.12 43.12 43.11 43.11 43.11 43.09 43.09 43.1 43.11 43.11 43.11 43.12 43.13 43.13 43.15 43.14 43.13 43.15 43.17 43.17 43.17 43.16 43.16 43.15 43.15 43.16 43.16 43.16 43.16 43.16 43.18 43.17 43.17 43.18 43.19 43.19 43.2 43.2 43.2 43.2 43.18 43.16 43.18 43.29 43.53 43.69 43.74 43.68 43.48 43.33 43.24 43.1 43
43.09 43.1 43.11 43.13 43.14 43.15 43.13 43.11 43.12 43.13 43.13 43.11 43.1 43.11 43.1 43.09 43.09 43.09 43.1 43.12 43.14 43.13 43.12 43.13 43.14 43.15 43.15 43.12 43.11 43.11 43.1 43.1 43.11 43.12 43.11 43.11 43.11 43.13 43.13 43.15 43.14 43.12 43.14 43.17 43.18 43.17 43.16 43.15 43.15 43.15 43.16 43.17 43.16 43.16 43.16 43.16 43.16 43.16 43.17 43.18 43.19 43.2 43.2 43.2 43.19 43.19 43.19 43.17 43.2 43.33 43.46 43.59 43.69 43.61 43.52 43.41 43.25 43.12
43.09 43.1 43.11 43.11 43.12 43.12 43.12 43.11 43.12 43.13 43.12 43.11 43.12 43.11 43.09 43.09 43.08 43.09 43.11 43.13 43.14 43.13 43.13 43.14 43.16 43.17 43.15 43.11 43.1 43.09 43.1 43.1 43.11 43.12 43.12 43.1 43.11 43.13 43.14 43.15 43.13 43.11 43.14 43.16 43.16 43.16 43.15 43.15 43.14 43.15 43.16 43.16 43.14 43.13 43.13 43.15 43.16 43.15 43.17 43.18 43.18 43.19 43.21 43.2 43.18 43.17 43.18 43.17 43.17 43.2 43.24 43.35 43.52 43.62 43.65 43.58 43.4 43.26
43.08 43.08 43.1 43.11 43.12 43.13 43.12 43.11 43.11 43.12 43.13 43.12 43.12 43.11 43.1 43.1 43.1 43.11 43.11 43.12 43.13 43.14 43.15 43.14 43.14 43.15 43.14 43.13 43.12 43.11 43.11 43.11 43.11 43.12 43.11 43.1 43.1 43.12 43.13 43.13 43.12 43.11 43.13 43.16 43.15 43.14 43.15 43.16 43.16 43.17 43.17 43.16 43.16 43.15 43.13 43.15 43.17 43.15 43.16 43.17 43.17 43.18 43.21 43.19 43.16 43.17 43.18 43.18 43.17 43.18 43.2 43.23 43.34 43.48 43.57 43.56 43.48 43.44
43.04 43.07 43.1 43.11 43.13 43.14 43.12 43.11 43.11 43.12 43.13 43.12 43.12 43.11 43.1 43.1 43.1 43.1 43.1 43.11 43.11 43.13 43.14 43.13 43.13 43.12 43.14 43.15 43.14 43.13 43.12 43.11 43.11 43.12 43.11 43.1 43.09 43.1 43.12 43.13 43.12 43.12 43.14 43.16 43.16 43.16 43.15 43.14 43.16 43.18 43.18 43.17 43.16 43.15 43.12 43.14 43.17 43.16 43.17 43.17 43.17 43.17 43.21 43.19 43.17 43.17 43.17 43.17 43.17 43.18 43.21 43.21 43.22 43.28 43.33 43.35 43.41 43.51
43.04 43.06 43.09 43.1 43.11 43.12 43.12 43.12 43.12 43.13 43.13 43.12 43.11 43.11 43.1 43.1 43.09 43.09 43.1 43.11 43.11 43.12 43.12 43.12 43.12 43.11 43.12 43.14 43.14 43.13 43.13 43.13 43.13 43.13 43.13 43.12 43.11 43.1 43.1 43.11 43.12 43.13 43.15 43.16 43.16 43.17 43.17 43.15 43.15 43.18 43.19 43.17 43.16 43.15 43.14 43.14 43.16 43.17 43.17 43.18 43.17 43.17 43.18 43.19 43.19 43.19 43.19 43.19 43.18 43.17 43.18 43.19 43.18 43.18 43.17 43.17 43.25 43.35
43.07 43.08 43.09 43.11 43.11 43.12 43.12 43.13 43.13 43.13 43.13 43.12 43.11 43.11 43.12 43.1 43.09 43.09 43.11 43.12 43.11 43.12 43.11 43.11 43.1 43.1 43.12 43.12 43.13 43.14 43.15 43.16 43.16 43.15 43.15 43.14 43.14 43.12 43.11 43.12 43.14 43.15 43.15 43.15 43.15 43.15 43.16 43.15 43.16 43.18 43.19 43.19 43.17 43.16 43.14 43.14 43.15 43.17 43.18 43.18 43.17 43.18 43.18 43.2 43.23 43.22 43.22 43.21 43.18 43.16 43.17 43.18 43.18 43.18 43.18 43.17 43.18 43.2
43.08 43.08 43.09 43.11 43.11 43.11 43.12 43.13 43.13 43.12 43.11 43.1 43.11 43.12 43.12 43.11 43.1 43.1 43.11 43.12 43.11 43.1 43.1 43.1 43.1 43.1 43.11 43.11 43.11 43.13 43.14 43.13 43.14 43.15 43.17 43.17 43.16 43.14 43.13 43.13 43.14 43.14 43.14 43.15 43.15 43.15 43.16 43.16 43.17 43.2 43.21 43.2 43.19 43.17 43.16 43.15 43.15 43.16 43.17 43.17 43.17 43.19 43.2 43.21 43.23 43.22 43.22 43.2 43.18 43.18 43.19 43.18 43.17 43.17 43.17 43.18 43.2 43.21
43.06 43.07 43.09 43.1 43.1 43.1 43.11 43.12 43.12 43.12 43.1 43.09 43.1 43.11 43.11 43.12 43.11 43.1 43.1 43.1 43.09 43.1 43.11 43.1 43.1 43.1 43.1 43.1 43.1 43.12 43.14 43.15 43.14 43.15 43.17 43.18 43.17 43.15 43.14 43.15 43.15 43.14 43.14 43.14 43.15 43.15 43.16 43.16 43.16 43.18 43.19 43.19 43.19 43.18 43.15 43.16 43.16 43.15 43.16 43.16 43.17 43.18 43.18 43.19 43.2 43.2 43.21 43.19 43.18 43.19 43.2 43.19 43.18 43.19 43.19 43.2 43.22 43.21
43.03 43.05 43.08 43.1 43.11 43.1 43.1 43.11 43.11 43.12 43.11 43.1 43.11 43.12 43.12 43.13 43.12 43.11 43.1 43.08 43.07 43.09 43.09 43.08 43.1 43.11 43.11 43.1 43.1 43.12 43.13 43.13 43.14 43.16 43.17 43.16 43.15 43.16 43.17 43.17 43.15 43.14 43.13 43.14 43.15 43.14 43.13 43.13 43.13 43.15 43.15 43.15 43.17 43.17 43.15 43.16 43.17 43.17 43.17 43.17 43.16 43.15 43.17 43.19 43.21 43.22 43.21 43.19 43.17 43.17 43.17 43.17 43.19 43.2 43.2 43.21 43.21 43.21
43.04 43.06 43.08 43.08 43.09 43.09 43.09 43.09 43.1 43.11 43.11 43.12 43.13 43.14 43.15 43.16 43.14 43.12 43.11 43.1 43.08 43.08 43.09 43.1 43.11 43.13 43.12 43.12 43.11 43.11 43.12 43.14 43.15 43.16 43.17 43.16 43.14 43.15 43.16 43.17 43.17 43.16 43.15 43.15 43.14 43.13 43.11 43.11 43.12 43.14 43.14 43.14 43.16 43.16 43.16 43.17 43.18 43.17 43.16 43.16 43.17 43.17 43.17 43.19 43.2 43.21 43.21 43.2 43.21 43.21 43.2 43.2 43.21 43.19 43.19 43.19 43.2 43.2
43.06 43.07 43.07 43.07 43.08 43.09 43.1 43.1 43.09 43.09 43.11 43.13 43.13 43.14 43.16 43.17 43.15 43.13 43.14 43.12 43.11 43.1 43.11 43.11 43.11 43.12 43.13 43.14 43.13 43.12 43.11 43.13 43.14 43.16 43.17 43.16 43.14 43.15 43.16 43.17 43.19 43.2 43.19 43.18 43.16 43.14 43.12 43.12 43.13 43.14 43.14 43.15 43.16 43.15 43.15 43.16 43.16 43.16 43.16 43.17 43.16 43.17 43.18 43.19 43.21 43.22 43.21 43.19 43.19 43.2 43.2 43.21 43.22 43.21 43.2 43.19 43.21 43.21
43.04 43.06 43.06 43.06 43.06 43.07 43.08 43.07 43.08 43.1 43.11 43.12 43.12 43.13 43.15 43.15 43.14 43.14 43.14 43.14 43.12 43.11 43.11 43.1 43.1 43.11 43.12 43.13 43.13 43.12 43.12 43.12 43.12 43.13 43.15 43.15 43.14 43.14 43.16 43.17 43.21 43.24 43.23 43.22 43.2 43.17 43.16 43.16 43.16 43.15 43.15 43.15 43.15 43.14 43.13 43.14 43.15 43.15 43.16 43.17 43.16 43.17 43.2 43.22 43.23 43.23 43.21 43.18 43.19 43.2 43.2 43.19 43.19 43.19 43.2 43.21 43.21 43.21
42.98 43.05 43.05 43.05 43.05 43.07 43.1 43.09 43.08 43.07 43.09 43.1 43.11 43.12 43.14 43.16 43.16 43.15 43.15 43.16 43.15 43.14 43.14 43.13 43.1 43.11 43.12 43.12 43.13 43.13 43.12 43.12 43.11 43.11 43.13 43.14 43.14 43.13 43.14 43.16 43.19 43.23 43.24 43.23 43.22 43.21 43.2 43.19 43.18 43.19 43.18 43.17 43.16 43.15 43.15 43.15 43.15 43.15 43.15 43.15 43.16 43.17 43.19 43.22 43.22 43.22 43.21 43.19 43.19 43.2 43.19 43.18 43.16 43.17 43.2 43.22 43.21 43.21
42.95 43.03 43.04 43.05 43.05 43.06 43.08 43.07 43.07 43.08 43.09 43.09 43.1 43.11 43.13 43.15 43.15 43.15 43.15 43.16 43.15 43.14 43.15 43.14 43.12 43.12 43.14 43.14 43.15 43.14 43.13 43.12 43.11 43.11 43.13 43.13 43.13 43.13 43.14 43.14 43.16 43.19 43.22 43.23 43.22 43.22 43.21 43.18 43.18 43.18 43.19 43.18 43.16 43.15 43.15 43.16 43.17 43.17 43.16 43.16 43.17 43.17 43.18 43.2 43.22 43.23 43.22 43.21 43.2 43.19 43.19 43.18 43.16 43.17 43.2 43.21 43.2 43.21
42.89 43.03 43.03 43.04 43.04 43.06 43.09 43.08 43.09 43.1 43.1 43.1 43.11 43.11 43.12 43.14 43.14 43.14 43.15 43.16 43.13 43.12 43.13 43.13 43.13 43.14 43.15 43.15 43.14 43.13 43.13 43.13 43.12 43.13 43.15 43.15 43.13 43.13 43.14 43.15 43.16 43.16 43.19 43.23 43.23 43.21 43.2 43.2 43.2 43.19 43.17 43.16 43.16 43.17 43.16 43.16 43.17 43.17 43.18 43.19 43.18 43.19 43.2 43.21 43.22 43.22 43.2 43.21 43.2 43.19 43.19 43.18 43.18 43.19 43.2 43.21 43.21 43.22
42.82 42.99 43.03 43.04 43.04 43.05 43.08 43.09 43.1 43.11 43.1 43.11 43.11 43.11 43.11 43.12 43.13 43.14 43.16 43.16 43.14 43.13 43.13 43.14 43.15 43.14 43.13 43.14 43.14 43.12 43.12 43.13 43.14 43.14 43.14 43.14 43.13 43.13 43.13 43.15 43.18 43.18 43.18 43.2 43.21 43.2 43.2 43.19 43.19 43.19 43.18 43.17 43.15 43.15 43.16 43.16 43.17 43.18 43.18 43.19 43.19 43.2 43.22 43.23 43.22 43.2 43.19 43.21 43.22 43.21 43.19 43.19 43.22 43.21 43.21 43.21 43.22 43.23
42.71 42.91 43.02 43.05 43.05 43.05 43.07 43.09 43.1 43.1 43.1 43.11 43.12 43.11 43.11 43.12 43.14 43.15 43.16 43.16 43.16 43.15 43.15 43.16 43.16 43.14 43.12 43.13 43.13 43.12 43.12 43.12 43.12 43.13 43.15 43.14 43.13 43.13 43.14 43.17 43.18 43.17 43.17 43.19 43.19 43.19 43.19 43.19 43.19 43.19 43.19 43.19 43.16 43.14 43.16 43.17 43.17 43.18 43.18 43.19 43.19 43.21 43.23 43.23 43.22 43.21 43.21 43.22 43.22 43.22 43.2 43.21 43.22 43.21 43.2 43.2 43.19 43.2
42.63 42.84 43.04 43.1 43.07 43.05 43.07 43.09 43.09 43.09 43.1 43.1 43.12 43.13 43.12 43.13 43.14 43.15 43.17 43.17 43.17 43.17 43.16 43.17 43.17 43.14 43.13 43.13 43.13 43.13 43.15 43.14 43.12 43.12 43.12 43.12 43.14 43.14 43.14 43.16 43.18 43.18 43.17 43.18 43.18 43.18 43.19 43.19 43.18 43.17 43.19 43.2 43.18 43.17 43.18 43.18 43.17 43.17 43.19 43.21 43.21 43.22 43.22 43.22 43.23 43.23 43.23 43.23 43.24 43.23 43.23 43.24 43.24 43.2 43.17 43.19 43.19 43.19
42.59 42.77 43.01 43.12 43.09 43.06 43.07 43.07 43.09 43.09 43.09 43.09 43.1 43.12 43.11 43.1 43.11 43.15 43.18 43.17 43.17 43.17 43.17 43.18 43.16 43.14 43.13 43.14 43.14 43.13 43.13 43.13 43.12 43.1 43.09 43.1 43.13 43.14 43.14 43.15 43.17 43.18 43.17 43.18 43.18 43.17 43.18 43.19 43.18 43.18 43.19 43.2 43.2 43.21 43.22 43.2 43.18 43.18 43.2 43.21 43.22 43.22 43.22 43.23 43.24 43.23 43.23 43.23 43.24 43.22 43.22 43.22 43.22 43.2 43.19 43.19 43.18 43.18
42.58 42.69 42.88 43.01 43.05 43.04 43.06 43.07 43.08 43.1 43.1 43.09 43.1 43.11 43.09 43.09 43.11 43.13 43.15 43.16 43.18 43.17 43.16 43.16 43.15 43.14 43.14 43.14 43.14 43.15 43.13 43.13 43.12 43.11 43.11 43.12 43.14 43.14 43.15 43.16 43.16 43.17 43.17 43.18 43.19 43.18 43.18 43.19 43.2 43.19 43.2 43.2 43.19 43.23 43.25 43.23 43.21 43.21 43.21 43.2 43.21 43.21 43.23 43.24 43.25 43.24 43.23 43.23 43.23 43.22 43.21 43.22 43.23 43.23 43.21 43.2 43.19 43.2
42.56 42.64 42.71 42.81 42.94 43.03 43.06 43.06 43.07 43.09 43.09 43.1 43.12 43.12 43.12 43.12 43.13 43.14 43.14 43.16 43.17 43.16 43.16 43.15 43.15 43.14 43.14 43.15 43.14 43.15 43.14 43.13 43.13 43.12 43.12 43.13 43.14 43.15 43.16 43.16 43.16 43.15 43.16 43.19 43.2 43.2 43.2 43.2 43.21 43.21 43.2 43.2 43.2 43.22 43.23 43.22 43.23 43.23 43.24 43.23 43.23 43.23 43.24 43.24 43.24 43.24 43.23 43.23 43.23 43.22 43.22 43.21 43.21 43.22 43.22 43.21 43.19 43.2
42.55 42.59 42.65 42.72 42.87 43.01 43.06 43.07 43.08 43.08 43.09 43.09 43.11 43.11 43.1 43.12 43.14 43.16 43.15 43.16 43.16 43.16 43.16 43.16 43.16 43.14 43.15 43.15 43.13 43.13 43.13 43.13 43.14 43.13 43.13 43.13 43.15 43.17 43.17 43.16 43.15 43.15 43.16 43.18 43.18 43.21 43.22 43.22 43.23 43.22 43.21 43.2 43.2 43.22 43.22 43.22 43.23 43.24 43.23 43.22 43.23 43.24 43.23 43.23 43.24 43.23 43.22 43.22 43.22 43.21 43.2 43.2 43.21 43.21 43.22 43.22 43.2 43.2
42.55 42.57 42.61 42.69 42.83 42.96 43.02 43.05 43.08 43.09 43.09 43.1 43.11 43.12 43.12 43.13 43.14 43.15 43.17 43.17 43.17 43.17 43.17 43.17 43.18 43.16 43.15 43.15 43.15 43.13 43.13 43.13 43.14 43.15 43.15 43.15 43.16 43.17 43.17 43.16 43.15 43.15 43.17 43.17 43.17 43.2 43.21 43.21 43.21 43.21 43.22 43.21 43.2 43.21 43.22 43.23 43.24 43.25 43.24 43.23 43.23 43.24 43.23 43.23 43.23 43.22 43.22 43.22 43.22 43.2 43.2 43.2 43.21 43.21 43.21 43.21 43.2 43.2
