slabs/62.grd
DSAA
631 301
645780 646410
4946300 4946600
30.91 46.58
[rows 170 to 203 of 300, columns 546 to 623 of 631]
40.37 40.24 40.1 40.01 39.96 40 40.07 40.11 40.11 40.09 40.07 40.08 40.1 40.13 40.09 40.02 40.04 40.13 40.2 40.14 40.07 39.95 39.77 39.67 39.68 39.69 39.69 39.7 39.68 39.66 39.65 39.64 39.62 39.59 39.59 39.59 39.6 39.61 39.65 39.67 39.67 39.68 39.62 39.56 39.52 39.49 39.49 39.54 39.65 39.79 39.89 39.95 40.02 40.02 39.98 39.9 39.78 39.76 39.8 39.88 40 40.09 40.13 40.16 40.21 40.17 40.08 39.88 39.5 39.23 39.02 38.9 39.08 39.28 39.47 39.73 39.92 40.03
40.7 40.52 40.29 40.11 40.01 40.04 40.11 40.14 40.15 40.13 40.07 40.04 40.05 40.06 40.05 40.05 40.06 40.09 40.1 40.05 39.95 39.81 39.69 39.67 39.68 39.69 39.69 39.7 39.68 39.66 39.65 39.65 39.63 39.6 39.6 39.6 39.61 39.62 39.66 39.68 39.64 39.59 39.54 39.52 39.5 39.5 39.54 39.58 39.66 39.77 39.86 39.9 39.97 40.01 40.01 39.96 39.84 39.75 39.77 39.86 40 40.09 40.15 40.14 40.12 40.11 40.09 40 39.74 39.5 39.34 39.15 39.02 38.97 39.09 39.33 39.61 39.81
41.22 40.97 40.6 40.3 40.16 40.12 40.08 40.09 40.15 40.16 40.13 40.07 40.05 40.03 40.03 40.05 40.08 40.13 40.11 40.02 39.92 39.76 39.68 39.69 39.7 39.7 39.69 39.68 39.68 39.67 39.66 39.67 39.66 39.64 39.63 39.61 39.61 39.63 39.67 39.7 39.66 39.58 39.55 39.54 39.52 39.51 39.54 39.6 39.69 39.74 39.76 39.8 39.89 39.97 40.01 39.97 39.84 39.73 39.71 39.82 39.99 40.08 40.11 40.11 40.09 40.09 40.08 40.03 39.86 39.71 39.62 39.47 39.24 39.09 39.04 39.05 39.24 39.44
41.83 41.56 41.1 40.67 40.42 40.28 40.12 40.06 40.06 40.1 40.14 40.13 40.09 40.05 40.04 40.05 40.11 40.21 40.16 40.04 39.94 39.8 39.73 39.73 39.74 39.75 39.74 39.72 39.71 39.68 39.68 39.7 39.69 39.68 39.66 39.63 39.64 39.66 39.67 39.69 39.66 39.57 39.51 39.52 39.53 39.54 39.57 39.61 39.66 39.7 39.74 39.77 39.84 39.95 40.03 40 39.89 39.78 39.72 39.77 39.91 40 40.05 40.12 40.14 40.12 40.11 40.06 39.93 39.82 39.77 39.68 39.52 39.44 39.41 39.27 39.16 39.11
42.17 41.99 41.59 41.14 40.87 40.66 40.4 40.22 40.11 40.09 40.11 40.11 40.09 40.09 40.09 40.07 40.11 40.19 40.14 40.04 39.98 39.91 39.86 39.84 39.82 39.84 39.85 39.82 39.77 39.72 39.7 39.69 39.7 39.7 39.7 39.69 39.68 39.67 39.67 39.67 39.62 39.54 39.5 39.48 39.51 39.58 39.63 39.65 39.67 39.69 39.73 39.75 39.8 39.89 39.95 39.96 39.95 39.89 39.8 39.76 39.8 39.85 39.93 40.09 40.18 40.17 40.15 40.09 39.98 39.89 39.84 39.79 39.74 39.73 39.79 39.71 39.42 39.15
42.25 42.17 41.97 41.67 41.45 41.18 40.8 40.57 40.39 40.22 40.14 40.11 40.09 40.11 40.11 40.07 40.06 40.08 40.08 40.06 40.04 40.02 40 39.96 39.93 39.96 39.99 39.94 39.87 39.78 39.74 39.73 39.73 39.73 39.73 39.72 39.71 39.69 39.68 39.68 39.61 39.55 39.55 39.53 39.54 39.61 39.64 39.66 39.69 39.72 39.74 39.76 39.82 39.88 39.91 39.93 39.95 39.96 39.9 39.8 39.74 39.72 39.8 39.97 40.05 40.06 40.07 40.05 39.98 39.93 39.88 39.82 39.82 39.82 39.87 39.91 39.76 39.59
42.27 42.26 42.2 42.09 41.96 41.69 41.32 41.08 40.87 40.61 40.46 40.37 40.25 40.14 40.08 40.04 40.02 40.02 40.06 40.09 40.08 40.08 40.07 40.04 40.02 40.06 40.11 40.09 40.03 39.91 39.84 39.81 39.79 39.77 39.72 39.72 39.73 39.73 39.74 39.71 39.63 39.59 39.59 39.57 39.58 39.64 39.68 39.69 39.72 39.75 39.77 39.8 39.87 39.92 39.93 39.92 39.95 39.97 39.95 39.86 39.75 39.68 39.7 39.77 39.81 39.83 39.87 39.9 39.89 39.87 39.84 39.8 39.79 39.78 39.84 39.92 39.95 39.92
42.34 42.37 42.37 42.32 42.27 42.13 41.92 41.76 41.59 41.33 41.07 40.88 40.66 40.33 40.13 40.05 40.04 40.03 40.06 40.08 40.08 40.11 40.14 40.13 40.14 40.15 40.19 40.23 40.2 40.06 39.95 39.92 39.9 39.84 39.75 39.74 39.76 39.78 39.78 39.76 39.7 39.63 39.59 39.58 39.61 39.67 39.73 39.74 39.75 39.78 39.79 39.83 39.91 39.95 39.94 39.95 39.94 39.94 39.93 39.89 39.79 39.72 39.68 39.64 39.66 39.68 39.71 39.74 39.75 39.75 39.77 39.79 39.79 39.77 39.79 39.87 39.95 39.99
42.43 42.51 42.57 42.56 42.55 42.51 42.37 42.25 42.17 41.99 41.69 41.44 41.18 40.76 40.41 40.22 40.14 40.07 40.06 40.05 40.06 40.09 40.13 40.18 40.22 40.21 40.21 40.24 40.23 40.16 40.09 40.05 40.05 40 39.88 39.84 39.82 39.8 39.78 39.74 39.68 39.62 39.57 39.57 39.61 39.67 39.72 39.77 39.79 39.81 39.81 39.84 39.91 39.94 39.95 39.96 39.94 39.92 39.92 39.9 39.86 39.82 39.75 39.65 39.62 39.63 39.67 39.69 39.68 39.69 39.71 39.75 39.75 39.76 39.79 39.82 39.85 39.92
42.49 42.59 42.73 42.77 42.8 42.74 42.5 42.33 42.27 42.21 42.08 41.93 41.69 41.25 40.84 40.58 40.41 40.2 40.12 40.09 40.07 40.08 40.11 40.15 40.2 40.23 40.24 40.23 40.21 40.2 40.18 40.16 40.17 40.18 40.12 40.02 39.89 39.82 39.77 39.73 39.69 39.67 39.65 39.63 39.63 39.66 39.7 39.76 39.79 39.8 39.82 39.85 39.89 39.92 39.94 39.96 39.95 39.95 39.93 39.92 39.91 39.9 39.83 39.71 39.63 39.6 39.63 39.68 39.67 39.66 39.67 39.7 39.7 39.71 39.75 39.76 39.76 39.78
42.49 42.56 42.69 42.76 42.81 42.77 42.54 42.36 42.31 42.26 42.24 42.23 42.1 41.75 41.35 41.09 40.82 40.48 40.3 40.21 40.11 40.08 40.09 40.11 40.15 40.22 40.24 40.24 40.22 40.21 40.21 40.19 40.22 40.28 40.28 40.16 40 39.91 39.84 39.82 39.82 39.83 39.81 39.72 39.68 39.69 39.7 39.73 39.77 39.79 39.82 39.86 39.89 39.91 39.91 39.93 39.96 39.97 39.95 39.94 39.94 39.94 39.91 39.83 39.75 39.67 39.65 39.68 39.67 39.67 39.68 39.67 39.66 39.66 39.7 39.72 39.7 39.71
42.51 42.5 42.57 42.63 42.69 42.7 42.57 42.47 42.41 42.33 42.29 42.3 42.24 42.08 41.93 41.72 41.34 40.93 40.65 40.47 40.27 40.17 40.12 40.09 40.11 40.23 40.33 40.36 40.33 40.25 40.23 40.21 40.22 40.28 40.28 40.22 40.16 40.08 39.99 39.94 39.97 39.98 39.93 39.84 39.8 39.8 39.76 39.75 39.79 39.79 39.83 39.88 39.9 39.91 39.9 39.9 39.92 39.94 39.94 39.94 39.94 39.94 39.93 39.93 39.92 39.83 39.71 39.67 39.65 39.66 39.68 39.67 39.65 39.67 39.74 39.77 39.75 39.72
42.54 42.48 42.48 42.51 42.56 42.64 42.66 42.63 42.53 42.42 42.41 42.42 42.34 42.22 42.16 42.04 41.79 41.42 41.11 40.9 40.63 40.41 40.26 40.17 40.16 40.34 40.5 40.55 40.53 40.42 40.38 40.31 40.24 40.26 40.24 40.23 40.23 40.21 40.13 40.04 40.02 40.01 39.98 39.96 39.94 39.92 39.89 39.84 39.81 39.81 39.83 39.86 39.87 39.89 39.88 39.88 39.89 39.91 39.91 39.93 39.96 39.95 39.95 39.97 39.98 39.93 39.8 39.68 39.64 39.66 39.7 39.67 39.62 39.67 39.78 39.83 39.8 39.79
42.53 42.49 42.44 42.41 42.47 42.63 42.76 42.76 42.64 42.57 42.63 42.6 42.44 42.28 42.24 42.2 42.06 41.77 41.52 41.34 41.07 40.78 40.58 40.45 40.4 40.56 40.67 40.73 40.74 40.66 40.6 40.48 40.34 40.31 40.28 40.23 40.22 40.22 40.19 40.12 40.05 40.01 39.97 39.97 40 39.99 39.99 39.94 39.85 39.8 39.82 39.85 39.87 39.87 39.88 39.89 39.9 39.9 39.9 39.89 39.9 39.91 39.92 39.97 40.01 40.01 39.9 39.73 39.66 39.67 39.69 39.66 39.62 39.66 39.75 39.8 39.8 39.83
42.52 42.5 42.46 42.44 42.47 42.59 42.7 42.73 42.73 42.8 42.9 42.81 42.54 42.31 42.26 42.24 42.17 42.01 41.85 41.78 41.65 41.41 41.21 41.01 40.8 40.78 40.8 40.81 40.84 40.82 40.73 40.58 40.51 40.54 40.45 40.32 40.25 40.24 40.23 40.2 40.13 40.09 40.04 39.98 40.02 40.08 40.09 40.05 39.96 39.9 39.88 39.87 39.89 39.9 39.9 39.89 39.88 39.88 39.89 39.9 39.89 39.88 39.88 39.93 39.96 39.97 39.92 39.79 39.73 39.72 39.68 39.64 39.61 39.65 39.71 39.76 39.79 39.8
42.5 42.49 42.48 42.47 42.46 42.52 42.58 42.63 42.73 42.87 42.96 42.86 42.55 42.33 42.27 42.26 42.24 42.17 42.11 42.11 42.09 41.96 41.82 41.59 41.22 41.03 40.93 40.84 40.83 40.82 40.71 40.57 40.67 40.83 40.72 40.47 40.31 40.25 40.24 40.23 40.21 40.19 40.13 40.06 40.06 40.08 40.11 40.12 40.09 40.07 40.01 39.95 39.96 39.99 39.96 39.9 39.87 39.87 39.89 39.89 39.88 39.86 39.86 39.87 39.87 39.89 39.9 39.86 39.84 39.8 39.7 39.64 39.62 39.66 39.74 39.8 39.81 39.8
42.45 42.47 42.47 42.45 42.45 42.46 42.48 42.52 42.62 42.72 42.74 42.66 42.5 42.35 42.29 42.28 42.27 42.25 42.24 42.25 42.23 42.14 42.07 41.93 41.66 41.44 41.2 40.95 40.85 40.79 40.66 40.55 40.73 40.92 40.86 40.67 40.45 40.29 40.24 40.23 40.25 40.25 40.21 40.14 40.13 40.14 40.14 40.13 40.15 40.16 40.1 40.03 40.07 40.09 40.05 39.95 39.89 39.87 39.86 39.85 39.84 39.85 39.86 39.87 39.86 39.85 39.88 39.91 39.92 39.86 39.76 39.7 39.68 39.71 39.78 39.82 39.83 39.85
42.4 42.41 42.39 42.4 42.41 42.41 42.4 42.42 42.47 42.51 42.48 42.47 42.45 42.39 42.33 42.32 42.3 42.28 42.28 42.3 42.3 42.25 42.22 42.16 41.99 41.81 41.6 41.29 41.03 40.86 40.72 40.61 40.72 40.8 40.77 40.68 40.52 40.37 40.29 40.24 40.27 40.27 40.25 40.21 40.19 40.19 40.17 40.18 40.22 40.23 40.16 40.13 40.18 40.2 40.15 40.08 40.03 39.96 39.89 39.86 39.82 39.84 39.87 39.88 39.9 39.87 39.87 39.92 39.94 39.88 39.79 39.76 39.76 39.78 39.81 39.82 39.82 39.85
42.33 42.33 42.33 42.34 42.36 42.36 42.36 42.36 42.37 42.39 42.4 42.41 42.43 42.41 42.37 42.35 42.32 42.31 42.31 42.33 42.34 42.33 42.3 42.25 42.15 42.04 41.89 41.69 41.47 41.27 41.08 40.84 40.74 40.71 40.7 40.66 40.52 40.37 40.31 40.32 40.37 40.38 40.32 40.24 40.23 40.22 40.21 40.23 40.27 40.26 40.23 40.23 40.28 40.25 40.21 40.2 40.2 40.11 39.99 39.92 39.86 39.85 39.86 39.86 39.87 39.85 39.84 39.87 39.89 39.85 39.79 39.77 39.76 39.78 39.82 39.83 39.83 39.87
42.3 42.3 42.3 42.31 42.32 42.32 42.32 42.33 42.33 42.34 42.35 42.36 42.37 42.37 42.35 42.34 42.33 42.33 42.32 42.32 42.34 42.34 42.32 42.29 42.25 42.2 42.11 42.02 41.91 41.76 41.55 41.21 40.94 40.81 40.76 40.66 40.48 40.33 40.3 40.36 40.45 40.51 40.47 40.33 40.3 40.29 40.26 40.26 40.25 40.25 40.27 40.29 40.32 40.28 40.22 40.23 40.23 40.19 40.08 39.97 39.92 39.9 39.87 39.84 39.83 39.82 39.8 39.79 39.8 39.79 39.75 39.73 39.73 39.77 39.81 39.83 39.83 39.89
42.31 42.3 42.29 42.29 42.29 42.28 42.28 42.29 42.3 42.31 42.32 42.33 42.36 42.37 42.36 42.36 42.34 42.32 42.32 42.34 42.35 42.36 42.34 42.31 42.28 42.27 42.24 42.22 42.17 42.07 41.91 41.6 41.29 41.09 41 40.8 40.6 40.45 40.38 40.42 40.5 40.61 40.66 40.52 40.45 40.43 40.37 40.3 40.24 40.25 40.26 40.26 40.28 40.26 40.23 40.22 40.21 40.19 40.13 40.06 40.04 40.01 39.93 39.87 39.84 39.82 39.79 39.78 39.77 39.75 39.71 39.69 39.72 39.77 39.82 39.86 39.85 39.89
42.3 42.29 42.29 42.28 42.27 42.26 42.25 42.28 42.3 42.29 42.28 42.29 42.3 42.31 42.31 42.33 42.33 42.31 42.31 42.33 42.35 42.35 42.35 42.34 42.33 42.31 42.31 42.31 42.28 42.25 42.16 41.94 41.69 41.53 41.51 41.36 41.14 40.92 40.67 40.54 40.53 40.66 40.76 40.65 40.54 40.52 40.49 40.39 40.28 40.27 40.26 40.22 40.2 40.19 40.18 40.19 40.2 40.2 40.17 40.13 40.13 40.11 40.01 39.91 39.86 39.81 39.78 39.77 39.76 39.74 39.72 39.7 39.71 39.75 39.84 39.9 39.89 39.91
42.29 42.29 42.28 42.27 42.25 42.22 42.22 42.25 42.26 42.26 42.26 42.26 42.26 42.26 42.28 42.31 42.31 42.29 42.29 42.31 42.33 42.33 42.34 42.36 42.36 42.35 42.36 42.35 42.33 42.33 42.3 42.19 42.06 41.98 42.01 41.94 41.76 41.51 41.11 40.8 40.64 40.68 40.7 40.57 40.49 40.52 40.55 40.46 40.36 40.34 40.33 40.28 40.23 40.2 40.19 40.2 40.19 40.19 40.19 40.15 40.17 40.19 40.08 39.94 39.91 39.86 39.78 39.76 39.76 39.75 39.74 39.73 39.73 39.79 39.89 39.93 39.92 39.91
42.31 42.3 42.28 42.28 42.25 42.21 42.2 42.24 42.24 42.23 42.24 42.25 42.24 42.24 42.26 42.27 42.26 42.24 42.25 42.27 42.29 42.31 42.33 42.36 42.37 42.37 42.37 42.38 42.38 42.38 42.36 42.31 42.27 42.25 42.22 42.14 42.04 41.9 41.6 41.23 40.97 40.85 40.66 40.49 40.44 40.5 40.58 40.57 40.54 40.55 40.56 40.47 40.35 40.28 40.22 40.18 40.18 40.2 40.17 40.14 40.17 40.2 40.15 40.09 40.06 39.97 39.85 39.79 39.8 39.79 39.79 39.8 39.81 39.87 39.92 39.92 39.88 39.85
42.32 42.32 42.32 42.31 42.28 42.25 42.25 42.25 42.22 42.21 42.21 42.21 42.2 42.2 42.21 42.21 42.2 42.19 42.2 42.21 42.24 42.28 42.29 42.34 42.38 42.38 42.37 42.39 42.41 42.41 42.38 42.34 42.32 42.31 42.27 42.21 42.17 42.13 41.99 41.68 41.43 41.22 40.84 40.53 40.44 40.49 40.54 40.58 40.63 40.7 40.73 40.64 40.49 40.35 40.29 40.26 40.24 40.22 40.17 40.13 40.16 40.17 40.14 40.16 40.15 40.08 39.96 39.89 39.91 39.92 39.88 39.86 39.87 39.89 39.89 39.87 39.82 39.77
42.34 42.33 42.33 42.34 42.32 42.3 42.29 42.26 42.22 42.2 42.19 42.17 42.16 42.15 42.15 42.15 42.15 42.16 42.17 42.18 42.21 42.24 42.25 42.29 42.35 42.36 42.35 42.37 42.39 42.39 42.38 42.36 42.35 42.33 42.29 42.26 42.24 42.24 42.18 42 41.83 41.69 41.31 40.87 40.67 40.6 40.55 40.56 40.6 40.74 40.84 40.8 40.68 40.55 40.49 40.44 40.35 40.26 40.2 40.16 40.18 40.17 40.13 40.16 40.18 40.15 40.09 40.05 40.06 40.06 39.99 39.93 39.89 39.86 39.83 39.81 39.77 39.75
42.35 42.32 42.33 42.35 42.35 42.33 42.31 42.27 42.23 42.21 42.18 42.15 42.11 42.1 42.08 42.08 42.1 42.12 42.14 42.15 42.17 42.19 42.21 42.23 42.25 42.27 42.3 42.34 42.37 42.38 42.37 42.36 42.35 42.35 42.33 42.3 42.3 42.26 42.22 42.15 42.08 41.98 41.71 41.34 41.09 40.91 40.69 40.59 40.56 40.62 40.79 40.9 40.85 40.74 40.64 40.58 40.46 40.32 40.28 40.25 40.25 40.22 40.17 40.17 40.2 40.19 40.17 40.13 40.1 40.09 40.07 39.99 39.9 39.86 39.83 39.79 39.74 39.73
42.29 42.29 42.32 42.34 42.33 42.31 42.3 42.28 42.25 42.22 42.17 42.12 42.09 42.08 42.05 42.02 42.04 42.08 42.1 42.12 42.13 42.15 42.18 42.2 42.21 42.24 42.28 42.32 42.35 42.36 42.35 42.34 42.34 42.35 42.34 42.3 42.28 42.26 42.22 42.19 42.16 42.11 41.96 41.78 41.58 41.3 40.97 40.73 40.61 40.52 40.65 40.82 40.8 40.68 40.57 40.52 40.5 40.48 40.46 40.41 40.37 40.3 40.24 40.21 40.21 40.2 40.16 40.1 40.05 40.07 40.09 40.01 39.92 39.94 39.95 39.9 39.81 39.76
42.11 42.14 42.2 42.27 42.3 42.3 42.3 42.29 42.23 42.2 42.15 42.09 42.09 42.11 42.07 42.02 42.01 42.02 42.03 42.06 42.08 42.1 42.14 42.17 42.19 42.21 42.23 42.27 42.31 42.33 42.33 42.33 42.35 42.35 42.34 42.33 42.31 42.28 42.24 42.21 42.19 42.15 42.08 42.02 41.9 41.68 41.37 41.12 40.97 40.84 40.79 40.75 40.66 40.49 40.41 40.42 40.51 40.66 40.64 40.53 40.46 40.36 40.29 40.25 40.23 40.21 40.17 40.12 40.1 40.1 40.08 40.03 40.01 40.03 40.03 39.97 39.85 39.77
41.78 41.84 41.94 42.09 42.22 42.29 42.29 42.26 42.19 42.15 42.12 42.08 42.07 42.06 42.05 42.04 42.03 42 41.98 42 42.02 42.05 42.1 42.15 42.18 42.19 42.21 42.25 42.27 42.28 42.3 42.33 42.34 42.34 42.34 42.34 42.32 42.29 42.27 42.24 42.22 42.19 42.14 42.1 42.06 41.97 41.79 41.64 41.54 41.41 41.17 40.94 40.75 40.49 40.41 40.43 40.52 40.68 40.66 40.54 40.48 40.42 40.36 40.29 40.24 40.26 40.26 40.2 40.13 40.1 40.1 40.09 40.1 40.1 40.07 39.99 39.87 39.82
41.5 41.53 41.62 41.81 42.01 42.14 42.19 42.21 42.17 42.15 42.13 42.1 42.08 42.06 42.04 42.05 42.05 42.01 41.92 41.87 41.89 41.94 42.03 42.1 42.14 42.14 42.17 42.23 42.26 42.26 42.29 42.32 42.33 42.33 42.33 42.33 42.31 42.3 42.29 42.26 42.25 42.23 42.19 42.15 42.14 42.11 42.06 42 41.95 41.79 41.51 41.32 41.14 40.81 40.57 40.48 40.5 40.57 40.6 40.53 40.45 40.42 40.43 40.36 40.28 40.28 40.28 40.25 40.19 40.14 40.13 40.12 40.15 40.14 40.09 40 39.91 39.88
41.52 41.4 41.4 41.5 41.69 41.84 41.97 42.1 42.12 42.11 42.09 42.08 42.07 42.05 42.03 42.05 42.08 42.01 41.82 41.7 41.7 41.78 41.9 42.01 42.08 42.09 42.14 42.22 42.26 42.27 42.28 42.31 42.32 42.3 42.29 42.29 42.29 42.29 42.29 42.28 42.27 42.25 42.22 42.19 42.18 42.16 42.12 42.08 42.05 41.98 41.81 41.67 41.53 41.26 40.94 40.71 40.59 40.5 40.46 40.44 40.41 40.46 40.54 40.53 40.45 40.35 40.27 40.26 40.25 40.19 40.14 40.12 40.12 40.13 40.11 40.04 39.96 39.96
41.83 41.62 41.49 41.37 41.44 41.54 41.66 41.86 41.97 42 42.03 42.07 42.08 42.06 42.05 42.07 42.1 42.06 41.89 41.65 41.52 41.54 41.66 41.83 41.93 41.96 42.02 42.09 42.15 42.19 42.23 42.26 42.26 42.24 42.24 42.24 42.25 42.26 42.27 42.27 42.28 42.27 42.24 42.22 42.21 42.2 42.15 42.11 42.1 42.07 41.98 41.89 41.81 41.64 41.46 41.27 40.96 40.65 40.5 40.43 40.42 40.48 40.51 40.53 40.53 40.47 40.39 40.35 40.31 40.22 40.15 40.11 40.08 40.11 40.15 40.09 40.01 39.98
42.11 41.98 41.84 41.6 41.45 41.37 41.38 41.55 41.69 41.78 41.9 41.99 42.02 42.03 42.05 42.06 42.07 42.07 41.99 41.82 41.69 41.61 41.57 41.63 41.69 41.65 41.69 41.8 41.92 42.05 42.12 42.16 42.17 42.18 42.18 42.19 42.2 42.22 42.22 42.22 42.25 42.27 42.25 42.23 42.22 42.2 42.16 42.14 42.13 42.1 42.05 42 41.92 41.82 41.74 41.6 41.33 41.04 40.84 40.7 40.56 40.47 40.39 40.44 40.55 40.57 40.56 40.53 40.47 40.34 40.24 40.18 40.1 40.11 40.17 40.11 40.03 39.99
