slabs/62.grd
DSAA
631 301
645780 646410
4946300 4946600
30.91 46.58
[rows 68 to 101 of 300, columns 234 to 311 of 631]
40.25 40.32 40.39 40.51 40.63 40.7 40.73 40.81 40.93 41 41.07 41.2 41.33 41.4 41.46 41.55 41.62 41.69 41.76 41.84 41.89 41.93 41.98 42.04 42.07 42.1 42.12 42.13 42.14 42.14 42.15 42.18 42.2 42.22 42.25 42.27 42.28 42.26 42.2 42.12 42.05 41.92 41.75 41.67 41.69 41.79 41.93 42.02 42.15 42.37 42.54 42.64 42.69 42.72 42.75 42.79 42.82 42.86 42.89 42.9 42.92 42.93 42.94 42.95 42.96 42.95 42.94 42.94 42.95 42.96 42.98 43 43.03 43.05 43.06 43.07 43.08 43.1
40.21 40.28 40.35 40.47 40.6 40.68 40.72 40.81 40.91 40.96 41.04 41.16 41.27 41.33 41.41 41.52 41.58 41.64 41.75 41.84 41.88 41.92 41.97 42.02 42.07 42.1 42.13 42.13 42.13 42.14 42.16 42.18 42.2 42.2 42.21 42.25 42.27 42.26 42.27 42.3 42.29 42.19 42 41.86 41.75 41.65 41.68 41.77 41.88 42.05 42.24 42.4 42.52 42.65 42.7 42.72 42.74 42.76 42.81 42.85 42.87 42.9 42.9 42.91 42.92 42.92 42.93 42.94 42.93 42.91 42.92 42.93 42.96 43.01 43.04 43.05 43.07 43.08
40.11 40.16 40.23 40.36 40.47 40.54 40.6 40.7 40.76 40.76 40.83 40.96 41.04 41.1 41.23 41.37 41.44 41.53 41.68 41.78 41.82 41.86 41.93 41.99 42 42.03 42.05 42.05 42.03 42.06 42.1 42.15 42.19 42.22 42.25 42.26 42.24 42.23 42.25 42.27 42.28 42.26 42.16 42.05 41.97 41.83 41.68 41.62 41.68 41.82 41.96 42.07 42.2 42.41 42.56 42.6 42.63 42.68 42.72 42.74 42.76 42.81 42.83 42.85 42.88 42.89 42.9 42.91 42.92 42.92 42.92 42.92 42.93 42.96 42.99 43.02 43.06 43.05
40.02 40.03 40.09 40.15 40.2 40.25 40.31 40.41 40.44 40.45 40.54 40.64 40.7 40.78 40.93 41.07 41.15 41.26 41.45 41.59 41.64 41.68 41.78 41.83 41.8 41.8 41.81 41.77 41.73 41.75 41.86 41.97 42.08 42.27 42.41 42.45 42.37 42.25 42.23 42.22 42.24 42.26 42.26 42.23 42.21 42.09 41.89 41.8 41.75 41.72 41.77 41.83 41.85 41.97 42.12 42.2 42.34 42.52 42.61 42.64 42.67 42.71 42.74 42.77 42.83 42.87 42.88 42.89 42.91 42.93 42.93 42.91 42.91 42.92 42.92 42.94 42.97 42.98
40 40.01 40.01 40 39.99 40 40.05 40.11 40.14 40.19 40.3 40.36 40.39 40.47 40.61 40.73 40.79 40.9 41.1 41.25 41.33 41.36 41.43 41.47 41.45 41.43 41.42 41.36 41.28 41.3 41.43 41.56 41.83 42.37 42.74 42.78 42.64 42.41 42.28 42.22 42.22 42.24 42.26 42.28 42.29 42.22 42.11 42.1 42.06 41.94 41.86 41.81 41.74 41.7 41.72 41.8 41.98 42.22 42.38 42.5 42.62 42.65 42.65 42.67 42.73 42.8 42.85 42.86 42.88 42.91 42.91 42.9 42.92 42.95 42.95 42.93 42.9 42.88
40.01 40.02 40 39.97 39.96 39.96 39.98 40.02 40.03 40.07 40.12 40.15 40.17 40.23 40.34 40.44 40.5 40.61 40.8 40.93 40.99 41.01 41.07 41.11 41.09 41.08 41.05 40.99 40.93 40.91 41.01 41.12 41.54 42.36 42.87 42.95 42.86 42.68 42.49 42.35 42.3 42.26 42.26 42.26 42.27 42.25 42.23 42.26 42.3 42.24 42.15 42.03 41.92 41.8 41.73 41.71 41.76 41.9 42.02 42.19 42.43 42.56 42.58 42.6 42.65 42.71 42.76 42.79 42.84 42.88 42.89 42.89 42.91 42.92 42.92 42.93 42.93 42.9
39.95 39.96 39.97 39.97 39.97 39.96 39.97 40 40.01 40.02 40.04 40.05 40.06 40.09 40.16 40.23 40.28 40.37 40.52 40.61 40.66 40.69 40.74 40.78 40.77 40.75 40.72 40.66 40.62 40.6 40.67 40.75 41.19 42.02 42.56 42.74 42.78 42.79 42.71 42.61 42.53 42.46 42.41 42.36 42.31 42.26 42.25 42.26 42.28 42.32 42.34 42.27 42.14 42.02 41.93 41.78 41.65 41.7 41.74 41.83 42.06 42.33 42.47 42.52 42.58 42.62 42.65 42.68 42.73 42.81 42.88 42.9 42.91 42.91 42.91 42.9 42.91 42.92
39.89 39.91 39.95 39.97 39.95 39.95 39.97 40.01 40.04 40.03 40.03 40.04 40.05 40.04 40.05 40.1 40.14 40.19 40.28 40.35 40.36 40.39 40.44 40.48 40.49 40.47 40.44 40.4 40.38 40.39 40.42 40.42 40.7 41.18 41.56 41.81 42 42.33 42.6 42.69 42.72 42.73 42.68 42.62 42.5 42.32 42.25 42.23 42.23 42.28 42.3 42.31 42.3 42.25 42.17 42.04 41.8 41.65 41.63 41.7 41.83 42 42.14 42.26 42.43 42.52 42.55 42.6 42.65 42.71 42.78 42.84 42.87 42.91 42.9 42.88 42.89 42.89
39.88 39.9 39.94 39.95 39.94 39.94 39.96 39.97 39.98 40 40.01 40.01 40 40.01 40.02 40.02 40.03 40.07 40.13 40.18 40.18 40.19 40.24 40.26 40.27 40.27 40.25 40.24 40.23 40.23 40.24 40.22 40.29 40.39 40.52 40.71 40.97 41.55 42.13 42.42 42.58 42.77 42.84 42.86 42.77 42.52 42.35 42.27 42.22 42.24 42.26 42.25 42.26 42.31 42.32 42.26 42.09 41.88 41.76 41.72 41.71 41.79 41.87 41.96 42.14 42.3 42.41 42.52 42.59 42.63 42.69 42.76 42.79 42.82 42.84 42.86 42.85 42.83
39.85 39.87 39.92 39.94 39.95 39.96 39.96 39.95 39.96 39.96 39.97 39.98 39.99 40 40.02 40.01 40.03 40.04 40.06 40.1 40.1 40.11 40.14 40.16 40.16 40.17 40.16 40.17 40.17 40.16 40.15 40.16 40.14 40.11 40.14 40.22 40.43 40.98 41.56 41.93 42.23 42.5 42.66 42.81 42.92 42.74 42.51 42.42 42.33 42.25 42.24 42.23 42.23 42.26 42.29 42.3 42.27 42.16 42.06 41.94 41.78 41.74 41.75 41.78 41.89 42.02 42.13 42.31 42.44 42.5 42.57 42.64 42.68 42.71 42.74 42.76 42.76 42.76
39.85 39.87 39.91 39.94 39.95 39.95 39.95 39.96 39.97 39.96 39.97 39.98 39.99 40 40.01 40.03 40.03 40.04 40.05 40.06 40.08 40.09 40.1 40.11 40.13 40.14 40.15 40.16 40.16 40.16 40.16 40.15 40.13 40.1 40.1 40.13 40.18 40.46 40.82 41.23 41.73 41.96 42.05 42.34 42.72 42.75 42.67 42.64 42.55 42.4 42.31 42.28 42.24 42.22 42.25 42.28 42.3 42.27 42.22 42.14 41.97 41.83 41.79 41.76 41.74 41.78 41.86 41.95 42.05 42.14 42.28 42.45 42.54 42.64 42.65 42.65 42.66 42.68
39.86 39.89 39.92 39.92 39.92 39.93 39.94 39.94 39.94 39.94 39.96 39.97 39.98 39.98 39.99 40 40.01 40.02 40.03 40.04 40.05 40.06 40.07 40.08 40.1 40.12 40.13 40.14 40.14 40.15 40.16 40.17 40.16 40.12 40.09 40.1 40.11 40.16 40.25 40.53 40.97 41.24 41.4 41.77 42.31 42.58 42.66 42.7 42.75 42.71 42.63 42.56 42.4 42.25 42.22 42.23 42.25 42.26 42.27 42.26 42.17 42.05 42.04 42 41.9 41.86 41.82 41.71 41.68 41.77 41.94 42.14 42.31 42.49 42.55 42.6 42.62 42.62
39.86 39.88 39.9 39.9 39.89 39.9 39.91 39.92 39.92 39.93 39.94 39.95 39.96 39.97 39.98 39.99 40 40 40 40.01 40.01 40.03 40.05 40.06 40.07 40.09 40.1 40.09 40.11 40.14 40.16 40.17 40.15 40.12 40.1 40.1 40.11 40.11 40.12 40.16 40.28 40.52 40.77 41.15 41.76 42.22 42.44 42.54 42.7 42.81 42.82 42.8 42.64 42.41 42.3 42.24 42.24 42.23 42.23 42.26 42.26 42.23 42.25 42.26 42.2 42.16 42.03 41.78 41.66 41.67 41.74 41.85 42 42.15 42.27 42.44 42.52 42.58
39.87 39.87 39.88 39.88 39.88 39.89 39.89 39.89 39.9 39.91 39.92 39.93 39.94 39.96 39.97 40 40.01 39.99 39.99 40 40.01 40.01 40.01 40.01 40.01 40.04 40.06 40.07 40.08 40.1 40.12 40.13 40.13 40.12 40.11 40.11 40.11 40.12 40.12 40.1 40.1 40.18 40.29 40.54 41.01 41.57 41.98 42.07 42.24 42.48 42.67 42.79 42.72 42.52 42.39 42.31 42.29 42.26 42.23 42.22 42.25 42.26 42.27 42.29 42.31 42.33 42.25 42.04 41.84 41.75 41.7 41.69 41.76 41.82 41.92 42.11 42.24 42.38
39.86 39.86 39.87 39.88 39.87 39.87 39.88 39.87 39.88 39.9 39.91 39.91 39.92 39.94 39.96 39.98 39.99 40 39.99 39.98 39.99 40.01 40 39.98 40 40.03 40.05 40.06 40.07 40.08 40.09 40.1 40.11 40.11 40.11 40.11 40.11 40.12 40.12 40.1 40.08 40.1 40.12 40.2 40.38 40.74 41.07 41.07 41.22 41.6 41.99 42.38 42.48 42.39 42.29 42.25 42.32 42.33 42.27 42.24 42.25 42.26 42.24 42.24 42.27 42.3 42.3 42.24 42.1 41.98 41.84 41.71 41.7 41.68 41.73 41.85 41.92 42.04
39.86 39.86 39.86 39.87 39.86 39.86 39.88 39.88 39.88 39.9 39.92 39.92 39.91 39.91 39.94 39.95 39.97 39.98 39.96 39.95 39.97 40 40 39.99 40.01 40.03 40.04 40.04 40.05 40.06 40.07 40.08 40.09 40.1 40.11 40.1 40.09 40.1 40.1 40.09 40.08 40.09 40.1 40.1 40.1 40.19 40.29 40.24 40.37 40.7 41.12 41.71 42.02 42.07 42.02 42.05 42.23 42.35 42.32 42.3 42.31 42.29 42.26 42.23 42.23 42.25 42.27 42.29 42.24 42.15 42.04 41.9 41.84 41.77 41.68 41.7 41.77 41.82
39.89 39.88 39.86 39.85 39.85 39.87 39.89 39.9 39.9 39.92 39.93 39.93 39.91 39.91 39.94 39.95 39.97 39.98 39.96 39.95 39.96 39.99 39.99 39.97 39.98 40 40.02 40.03 40.06 40.06 40.05 40.06 40.07 40.08 40.09 40.09 40.09 40.08 40.07 40.07 40.07 40.09 40.1 40.09 40.07 40.07 40.07 40.07 40.14 40.26 40.5 41 41.48 41.68 41.74 41.86 42.15 42.36 42.37 42.37 42.34 42.28 42.28 42.27 42.24 42.23 42.23 42.23 42.23 42.25 42.24 42.16 42.07 42 41.86 41.71 41.67 41.68
39.93 39.92 39.88 39.85 39.85 39.88 39.89 39.88 39.89 39.91 39.91 39.89 39.88 39.9 39.94 39.95 39.95 39.96 39.94 39.92 39.94 39.98 39.98 39.97 39.98 39.99 40 40.01 40.04 40.04 40.04 40.04 40.04 40.04 40.06 40.06 40.07 40.07 40.07 40.07 40.08 40.08 40.09 40.07 40.07 40.08 40.08 40.08 40.07 40.06 40.11 40.37 40.76 40.99 41.19 41.57 42 42.26 42.32 42.33 42.26 42.18 42.22 42.33 42.38 42.36 42.27 42.2 42.19 42.22 42.28 42.29 42.24 42.2 42.09 41.89 41.79 41.75
39.93 39.92 39.89 39.87 39.86 39.88 39.89 39.87 39.87 39.89 39.9 39.9 39.9 39.92 39.95 39.95 39.94 39.94 39.94 39.93 39.93 39.96 39.98 39.98 39.99 39.99 39.98 39.99 40 40.01 40.02 40.02 40.01 40.03 40.04 40.05 40.06 40.06 40.07 40.09 40.1 40.09 40.08 40.06 40.05 40.06 40.06 40.06 40.06 40.05 40.04 40.08 40.18 40.25 40.45 40.95 41.47 41.75 41.93 42.1 42.07 42.02 42.14 42.35 42.46 42.44 42.33 42.25 42.22 42.22 42.28 42.31 42.31 42.3 42.25 42.14 42.07 42.05
39.92 39.91 39.92 39.91 39.89 39.89 39.9 39.88 39.9 39.92 39.91 39.9 39.91 39.93 39.95 39.94 39.94 39.94 39.95 39.93 39.92 39.94 39.97 39.98 39.97 39.97 39.97 39.96 39.96 39.97 39.97 39.97 39.97 40.01 40.04 40.05 40.06 40.05 40.05 40.07 40.08 40.1 40.08 40.03 40.02 40.04 40.05 40.05 40.05 40.05 40.04 40.05 40.06 40.06 40.13 40.35 40.7 40.96 41.16 41.51 41.75 41.85 42.04 42.27 42.39 42.41 42.4 42.39 42.39 42.34 42.29 42.28 42.29 42.29 42.27 42.27 42.27 42.29
39.92 39.91 39.92 39.93 39.93 39.93 39.92 39.92 39.93 39.93 39.92 39.92 39.92 39.93 39.94 39.93 39.93 39.93 39.92 39.92 39.92 39.94 39.97 39.96 39.94 39.94 39.95 39.93 39.92 39.93 39.94 39.94 39.95 39.98 40 40.03 40.05 40.04 40.04 40.04 40.05 40.06 40.03 40.01 40.01 40.02 40.01 40.01 40.02 40.01 40.02 40.04 40.04 40.03 40.05 40.1 40.18 40.28 40.43 40.78 41.17 41.43 41.7 41.93 42.07 42.2 42.34 42.41 42.48 42.45 42.35 42.27 42.27 42.27 42.26 42.26 42.27 42.29
39.91 39.91 39.93 39.94 39.93 39.94 39.96 39.96 39.95 39.94 39.91 39.92 39.93 39.93 39.94 39.93 39.93 39.92 39.9 39.91 39.93 39.94 39.96 39.95 39.93 39.92 39.92 39.91 39.91 39.93 39.94 39.93 39.93 39.95 39.97 39.99 40.01 40.02 40.03 40.04 40.05 40.04 40.03 40 40.01 40.01 40.01 39.99 39.99 39.99 40 40.02 40.02 40.01 40.02 40.04 40.03 40.05 40.12 40.28 40.47 40.7 40.91 41.11 41.38 41.66 41.98 42.16 42.3 42.35 42.31 42.24 42.23 42.23 42.23 42.23 42.24 42.27
39.92 39.92 39.93 39.94 39.92 39.94 39.97 39.98 39.96 39.94 39.91 39.92 39.95 39.95 39.94 39.94 39.95 39.94 39.93 39.93 39.92 39.93 39.95 39.95 39.93 39.92 39.92 39.92 39.92 39.91 39.91 39.9 39.89 39.91 39.94 39.98 39.99 40 40.03 40.05 40.04 40.04 40.03 40.01 40 40 39.99 39.97 39.98 39.99 40.01 40.02 40.01 40 40.01 40.03 40.04 40.05 40.06 40.08 40.08 40.17 40.24 40.35 40.58 40.9 41.35 41.67 41.89 41.99 42.06 42.04 42.04 42.06 42.11 42.18 42.25 42.31
39.92 39.93 39.93 39.92 39.92 39.94 39.97 39.97 39.95 39.94 39.93 39.93 39.95 39.96 39.94 39.94 39.94 39.96 39.97 39.94 39.92 39.94 39.96 39.95 39.93 39.92 39.92 39.92 39.91 39.9 39.9 39.88 39.87 39.89 39.91 39.94 39.95 39.95 39.98 40.01 40 40 40 40.01 40.01 40.02 40 39.98 39.97 39.98 40.01 40.01 40 40 40.01 40.02 40.03 40.04 40.05 40.06 40.06 40.07 40.09 40.11 40.14 40.31 40.66 41.04 41.31 41.49 41.65 41.69 41.73 41.81 41.97 42.12 42.27 42.4
39.92 39.93 39.92 39.91 39.91 39.93 39.94 39.94 39.94 39.94 39.93 39.93 39.94 39.95 39.94 39.93 39.94 39.96 39.97 39.95 39.93 39.94 39.94 39.96 39.97 39.96 39.94 39.92 39.91 39.9 39.89 39.88 39.88 39.89 39.91 39.93 39.93 39.93 39.95 39.98 39.97 39.97 39.98 39.99 40 40.01 40 39.98 39.97 39.98 39.99 39.99 39.98 39.99 40.01 40 40 40.02 40.04 40.06 40.07 40.07 40.07 40.1 40.12 40.12 40.21 40.43 40.64 40.89 41.24 41.4 41.44 41.57 41.82 42 42.2 42.4
39.92 39.92 39.91 39.91 39.92 39.92 39.92 39.92 39.93 39.93 39.91 39.91 39.93 39.95 39.97 39.96 39.94 39.95 39.96 39.96 39.94 39.94 39.94 39.94 39.95 39.95 39.93 39.9 39.9 39.89 39.89 39.88 39.88 39.91 39.91 39.92 39.93 39.93 39.93 39.93 39.94 39.95 39.96 39.97 39.97 39.99 39.99 39.98 39.99 39.98 39.98 39.98 39.99 39.99 39.99 40 40.01 40.01 40.01 40.04 40.07 40.06 40.06 40.09 40.09 40.1 40.13 40.15 40.18 40.34 40.73 41.05 41.1 41.28 41.62 41.79 41.93 42.12
39.91 39.91 39.9 39.9 39.92 39.92 39.92 39.92 39.92 39.92 39.9 39.89 39.9 39.92 39.93 39.93 39.92 39.92 39.94 39.95 39.95 39.94 39.94 39.94 39.93 39.92 39.91 39.9 39.89 39.88 39.88 39.87 39.88 39.91 39.91 39.9 39.92 39.92 39.9 39.89 39.91 39.92 39.93 39.95 39.95 39.96 39.98 39.98 39.98 39.98 39.98 39.99 40.01 40 39.99 40 40 39.98 39.97 40.01 40.05 40.07 40.09 40.09 40.1 40.1 40.13 40.14 40.14 40.17 40.3 40.46 40.54 40.84 41.28 41.48 41.56 41.77
39.9 39.9 39.9 39.91 39.92 39.93 39.92 39.9 39.91 39.92 39.92 39.92 39.91 39.89 39.9 39.9 39.9 39.9 39.91 39.92 39.92 39.93 39.94 39.95 39.94 39.92 39.91 39.9 39.89 39.88 39.87 39.85 39.85 39.86 39.87 39.87 39.89 39.89 39.87 39.87 39.89 39.9 39.91 39.93 39.95 39.94 39.94 39.95 39.96 39.97 39.98 39.98 39.98 39.99 39.99 39.96 39.93 39.93 39.96 40.01 40.05 40.08 40.1 40.1 40.09 40.09 40.1 40.12 40.12 40.14 40.17 40.2 40.24 40.45 40.79 40.98 41.08 41.33
39.92 39.92 39.92 39.92 39.91 39.92 39.92 39.9 39.89 39.92 39.93 39.93 39.92 39.92 39.92 39.91 39.89 39.89 39.89 39.9 39.9 39.91 39.91 39.92 39.93 39.94 39.92 39.9 39.89 39.89 39.88 39.86 39.85 39.85 39.85 39.86 39.88 39.88 39.87 39.87 39.87 39.88 39.89 39.9 39.92 39.92 39.92 39.94 39.96 39.97 39.97 39.97 39.99 39.99 39.98 39.97 39.96 39.95 39.95 39.97 39.99 40.04 40.06 40.06 40.06 40.08 40.1 40.11 40.12 40.12 40.13 40.15 40.16 40.22 40.37 40.49 40.59 40.75
39.91 39.93 39.94 39.93 39.93 39.92 39.91 39.9 39.9 39.9 39.91 39.93 39.95 39.95 39.94 39.91 39.88 39.87 39.88 39.88 39.88 39.87 39.88 39.89 39.9 39.91 39.9 39.88 39.89 39.91 39.91 39.89 39.88 39.88 39.87 39.87 39.89 39.89 39.88 39.87 39.86 39.86 39.86 39.86 39.87 39.88 39.9 39.94 39.97 39.97 39.96 39.97 39.99 40 39.99 39.98 39.97 39.95 39.96 39.96 39.97 40 40.02 40.02 40.03 40.05 40.07 40.08 40.08 40.09 40.11 40.12 40.13 40.14 40.17 40.21 40.25 40.28
39.87 39.89 39.91 39.92 39.93 39.92 39.92 39.93 39.92 39.9 39.89 39.92 39.95 39.95 39.94 39.91 39.89 39.88 39.89 39.9 39.88 39.85 39.86 39.88 39.88 39.88 39.87 39.88 39.89 39.91 39.91 39.9 39.89 39.86 39.85 39.87 39.87 39.88 39.86 39.84 39.86 39.87 39.85 39.82 39.82 39.85 39.89 39.92 39.93 39.94 39.95 39.95 39.95 39.96 39.97 39.98 39.97 39.95 39.96 39.97 39.97 39.98 39.98 39.98 40 40.03 40.04 40.05 40.06 40.06 40.07 40.08 40.1 40.12 40.13 40.14 40.14 40.14
39.86 39.87 39.87 39.89 39.9 39.9 39.91 39.93 39.92 39.91 39.91 39.92 39.94 39.95 39.93 39.91 39.9 39.9 39.91 39.92 39.92 39.89 39.89 39.9 39.89 39.88 39.87 39.87 39.88 39.88 39.88 39.9 39.9 39.87 39.85 39.87 39.88 39.88 39.86 39.85 39.85 39.84 39.83 39.81 39.8 39.82 39.86 39.88 39.89 39.9 39.91 39.92 39.92 39.94 39.95 39.97 39.98 39.96 39.95 39.95 39.95 39.95 39.96 39.96 39.98 40 40.01 40.02 40.04 40.05 40.05 40.05 40.07 40.1 40.11 40.12 40.12 40.14
39.88 39.89 39.88 39.87 39.88 39.86 39.88 39.91 39.92 39.91 39.92 39.92 39.93 39.94 39.94 39.92 39.91 39.91 39.92 39.94 39.95 39.96 39.94 39.92 39.91 39.89 39.89 39.89 39.88 39.87 39.87 39.87 39.86 39.86 39.87 39.89 39.9 39.89 39.87 39.86 39.85 39.84 39.83 39.82 39.8 39.81 39.83 39.85 39.87 39.88 39.89 39.9 39.9 39.91 39.94 39.95 39.96 39.96 39.95 39.95 39.95 39.95 39.97 39.97 39.98 39.98 39.98 39.99 40 40.02 40.04 40.04 40.05 40.08 40.11 40.12 40.12 40.13
39.91 39.92 39.91 39.89 39.88 39.86 39.87 39.91 39.92 39.92 39.93 39.93 39.92 39.92 39.92 39.92 39.91 39.91 39.92 39.94 39.96 39.95 39.95 39.94 39.94 39.92 39.91 39.91 39.91 39.9 39.89 39.87 39.86 39.87 39.88 39.88 39.87 39.86 39.85 39.85 39.85 39.84 39.83 39.84 39.82 39.81 39.81 39.82 39.85 39.86 39.87 39.89 39.88 39.88 39.91 39.92 39.93 39.94 39.95 39.96 39.96 39.96 39.97 39.98 39.98 39.98 39.97 39.96 39.97 39.99 40.01 40.02 40.02 40.04 40.08 40.1 40.11 40.12
