slabs/62.grd
DSAA
631 301
645780 646410
4946300 4946600
30.91 46.58
[rows 68 to 101 of 300, columns 390 to 467 of 631]
42.33 42.34 42.35 42.36 42.36 42.37 42.37 42.38 42.39 42.38 42.39 42.38 42.35 42.34 42.33 42.33 42.34 42.33 42.32 42.3 42.29 42.29 42.3 42.31 42.33 42.33 42.34 42.37 42.43 42.49 42.59 42.74 42.8 42.83 42.84 42.85 42.85 42.86 42.87 42.87 42.83 42.8 42.73 42.53 42.32 42.27 42.27 42.27 42.28 42.31 42.31 42.31 42.32 42.3 42.3 42.32 42.31 42.32 42.33 42.3 42.28 42.27 42.27 42.3 42.31 42.53 42.95 43.2 43.26 43.26 43.28 43.29 43.3 43.33 43.37 43.37 43.33 43.28
42.33 42.33 42.34 42.34 42.35 42.37 42.38 42.39 42.4 42.4 42.4 42.38 42.36 42.36 42.35 42.35 42.34 42.34 42.33 42.32 42.3 42.28 42.28 42.3 42.31 42.3 42.31 42.34 42.37 42.39 42.43 42.57 42.73 42.8 42.82 42.85 42.84 42.82 42.85 42.86 42.83 42.82 42.8 42.67 42.45 42.33 42.29 42.28 42.29 42.31 42.31 42.31 42.32 42.3 42.29 42.31 42.31 42.31 42.31 42.3 42.29 42.28 42.27 42.28 42.31 42.47 42.85 43.15 43.27 43.28 43.29 43.3 43.29 43.3 43.33 43.36 43.33 43.3
42.32 42.31 42.33 42.33 42.34 42.36 42.37 42.38 42.4 42.4 42.38 42.37 42.36 42.36 42.36 42.36 42.36 42.36 42.35 42.35 42.32 42.28 42.28 42.29 42.29 42.3 42.32 42.34 42.35 42.37 42.39 42.45 42.6 42.73 42.77 42.82 42.85 42.86 42.85 42.85 42.84 42.82 42.81 42.75 42.63 42.5 42.37 42.32 42.31 42.32 42.32 42.31 42.3 42.3 42.29 42.29 42.31 42.31 42.3 42.3 42.29 42.29 42.28 42.28 42.31 42.4 42.68 43.01 43.2 43.26 43.27 43.3 43.31 43.31 43.32 43.33 43.31 43.31
42.33 42.32 42.32 42.33 42.33 42.34 42.35 42.35 42.36 42.37 42.37 42.36 42.36 42.37 42.38 42.38 42.38 42.38 42.38 42.37 42.35 42.31 42.3 42.31 42.31 42.31 42.31 42.31 42.33 42.35 42.36 42.39 42.45 42.52 42.6 42.73 42.8 42.81 42.8 42.8 42.81 42.81 42.79 42.77 42.75 42.68 42.55 42.44 42.36 42.33 42.31 42.3 42.29 42.3 42.3 42.29 42.29 42.3 42.31 42.3 42.29 42.28 42.28 42.27 42.27 42.29 42.5 42.75 42.97 43.18 43.26 43.32 43.32 43.3 43.3 43.29 43.29 43.29
42.33 42.34 42.34 42.33 42.34 42.35 42.35 42.34 42.34 42.36 42.37 42.36 42.36 42.38 42.4 42.41 42.41 42.41 42.39 42.37 42.36 42.33 42.32 42.32 42.33 42.32 42.31 42.3 42.32 42.33 42.34 42.36 42.38 42.41 42.47 42.61 42.71 42.73 42.74 42.74 42.75 42.76 42.76 42.77 42.78 42.77 42.71 42.6 42.49 42.4 42.31 42.3 42.28 42.28 42.29 42.29 42.3 42.31 42.3 42.29 42.29 42.27 42.26 42.27 42.26 42.26 42.36 42.51 42.73 43.04 43.22 43.28 43.29 43.31 43.31 43.29 43.27 43.27
42.31 42.33 42.32 42.32 42.35 42.36 42.36 42.35 42.35 42.36 42.36 42.36 42.38 42.38 42.39 42.41 42.42 42.42 42.41 42.39 42.38 42.37 42.35 42.34 42.34 42.34 42.33 42.31 42.32 42.34 42.35 42.36 42.36 42.36 42.4 42.47 42.55 42.58 42.59 42.62 42.65 42.67 42.71 42.75 42.77 42.77 42.76 42.71 42.65 42.54 42.38 42.3 42.28 42.28 42.29 42.3 42.32 42.31 42.29 42.28 42.26 42.25 42.25 42.26 42.26 42.24 42.29 42.38 42.57 42.9 43.13 43.22 43.24 43.29 43.31 43.3 43.27 43.25
42.31 42.31 42.31 42.31 42.34 42.37 42.38 42.36 42.34 42.34 42.32 42.33 42.36 42.38 42.39 42.41 42.41 42.4 42.4 42.41 42.39 42.38 42.37 42.37 42.36 42.36 42.35 42.33 42.33 42.34 42.37 42.39 42.38 42.36 42.36 42.39 42.41 42.41 42.43 42.47 42.51 42.55 42.64 42.72 42.74 42.75 42.75 42.75 42.74 42.68 42.5 42.34 42.3 42.29 42.29 42.28 42.27 42.27 42.26 42.24 42.24 42.24 42.24 42.25 42.24 42.23 42.25 42.3 42.47 42.79 43.06 43.17 43.21 43.26 43.28 43.28 43.27 43.23
42.25 42.29 42.31 42.33 42.35 42.37 42.37 42.36 42.35 42.35 42.34 42.34 42.34 42.35 42.38 42.4 42.4 42.4 42.4 42.41 42.4 42.38 42.39 42.39 42.39 42.41 42.39 42.35 42.35 42.36 42.39 42.42 42.43 42.38 42.35 42.38 42.38 42.38 42.39 42.39 42.41 42.44 42.53 42.64 42.68 42.7 42.73 42.74 42.74 42.72 42.63 42.49 42.4 42.35 42.3 42.29 42.28 42.27 42.25 42.23 42.24 42.24 42.23 42.23 42.23 42.23 42.24 42.26 42.39 42.67 42.93 43.05 43.13 43.21 43.22 43.23 43.24 43.22
41.92 42.1 42.22 42.29 42.33 42.34 42.35 42.36 42.35 42.34 42.34 42.35 42.34 42.34 42.36 42.39 42.39 42.39 42.4 42.41 42.41 42.41 42.41 42.41 42.42 42.44 42.41 42.4 42.41 42.4 42.4 42.42 42.42 42.37 42.34 42.36 42.36 42.37 42.38 42.38 42.38 42.39 42.43 42.55 42.64 42.67 42.71 42.72 42.73 42.72 42.68 42.63 42.55 42.43 42.34 42.32 42.31 42.28 42.24 42.21 42.22 42.24 42.24 42.23 42.23 42.23 42.24 42.26 42.34 42.52 42.71 42.82 42.95 43.11 43.15 43.17 43.2 43.22
41.4 41.62 41.84 42.13 42.28 42.33 42.33 42.34 42.34 42.34 42.34 42.35 42.34 42.34 42.35 42.38 42.38 42.38 42.39 42.4 42.41 42.43 42.44 42.43 42.43 42.43 42.42 42.44 42.47 42.45 42.42 42.38 42.34 42.33 42.33 42.34 42.36 42.37 42.39 42.38 42.36 42.36 42.38 42.46 42.52 42.58 42.67 42.71 42.73 42.7 42.67 42.65 42.62 42.53 42.41 42.34 42.31 42.28 42.23 42.21 42.22 42.23 42.24 42.24 42.24 42.24 42.24 42.27 42.31 42.41 42.51 42.58 42.72 42.95 43.08 43.14 43.2 43.22
40.89 41.11 41.36 41.76 42.05 42.17 42.22 42.26 42.29 42.31 42.32 42.34 42.33 42.33 42.35 42.38 42.38 42.38 42.38 42.39 42.42 42.44 42.46 42.46 42.45 42.43 42.42 42.46 42.5 42.49 42.43 42.37 42.34 42.33 42.33 42.35 42.36 42.36 42.35 42.36 42.35 42.36 42.37 42.39 42.41 42.48 42.61 42.69 42.7 42.68 42.67 42.66 42.65 42.6 42.51 42.42 42.36 42.29 42.25 42.23 42.23 42.24 42.25 42.25 42.25 42.24 42.25 42.29 42.31 42.36 42.41 42.46 42.57 42.78 42.98 43.08 43.17 43.2
40.44 40.62 40.85 41.23 41.52 41.62 41.73 41.95 42.13 42.24 42.28 42.32 42.33 42.34 42.36 42.38 42.38 42.36 42.37 42.42 42.47 42.49 42.5 42.47 42.46 42.45 42.42 42.45 42.5 42.47 42.39 42.35 42.35 42.35 42.34 42.34 42.36 42.35 42.34 42.35 42.34 42.35 42.36 42.36 42.36 42.4 42.51 42.61 42.66 42.67 42.67 42.67 42.66 42.64 42.59 42.54 42.49 42.39 42.29 42.25 42.25 42.25 42.26 42.26 42.26 42.26 42.26 42.29 42.31 42.34 42.36 42.4 42.48 42.66 42.85 43.01 43.15 43.2
40.07 40.15 40.28 40.54 40.8 40.9 41.08 41.45 41.82 42.09 42.2 42.3 42.33 42.35 42.36 42.37 42.36 42.35 42.39 42.48 42.57 42.64 42.65 42.55 42.5 42.48 42.44 42.44 42.47 42.45 42.4 42.38 42.38 42.37 42.35 42.35 42.37 42.35 42.34 42.35 42.36 42.36 42.36 42.35 42.34 42.35 42.42 42.52 42.58 42.63 42.65 42.66 42.67 42.66 42.64 42.62 42.59 42.49 42.35 42.28 42.27 42.27 42.27 42.27 42.26 42.26 42.26 42.27 42.29 42.3 42.32 42.34 42.39 42.56 42.75 42.92 43.11 43.19
39.89 39.88 39.9 40.02 40.25 40.42 40.61 40.96 41.41 41.75 41.97 42.19 42.26 42.3 42.34 42.35 42.35 42.34 42.36 42.46 42.56 42.71 42.8 42.68 42.61 42.6 42.55 42.48 42.47 42.44 42.4 42.4 42.41 42.4 42.38 42.36 42.35 42.36 42.36 42.35 42.35 42.35 42.35 42.33 42.31 42.32 42.36 42.4 42.44 42.51 42.58 42.62 42.65 42.67 42.65 42.63 42.6 42.53 42.41 42.34 42.32 42.29 42.27 42.27 42.27 42.26 42.25 42.27 42.29 42.29 42.29 42.3 42.34 42.49 42.65 42.84 43.08 43.19
39.88 39.86 39.84 39.91 40.06 40.14 40.25 40.53 40.95 41.27 41.53 41.88 42.05 42.17 42.29 42.33 42.35 42.34 42.34 42.39 42.47 42.64 42.78 42.75 42.78 42.8 42.75 42.6 42.52 42.48 42.43 42.41 42.4 42.4 42.39 42.38 42.36 42.36 42.38 42.38 42.37 42.35 42.33 42.32 42.31 42.31 42.32 42.32 42.33 42.38 42.49 42.57 42.61 42.65 42.64 42.62 42.59 42.5 42.4 42.36 42.33 42.29 42.27 42.27 42.28 42.27 42.26 42.27 42.29 42.28 42.28 42.29 42.34 42.46 42.59 42.76 43.02 43.16
39.86 39.85 39.84 39.89 39.97 40 40.05 40.23 40.53 40.77 41 41.36 41.62 41.87 42.14 42.25 42.28 42.3 42.31 42.35 42.39 42.49 42.63 42.77 42.89 42.97 43 42.86 42.7 42.59 42.48 42.44 42.41 42.4 42.4 42.39 42.39 42.39 42.4 42.4 42.39 42.36 42.33 42.31 42.31 42.32 42.31 42.31 42.31 42.32 42.4 42.5 42.54 42.59 42.6 42.58 42.55 42.47 42.39 42.37 42.34 42.31 42.3 42.3 42.3 42.29 42.28 42.28 42.28 42.28 42.27 42.29 42.32 42.43 42.55 42.69 42.94 43.12
39.81 39.81 39.84 39.92 39.95 39.96 39.98 40.05 40.15 40.3 40.56 40.9 41.19 41.45 41.82 42.09 42.22 42.27 42.31 42.32 42.33 42.38 42.49 42.67 42.84 42.97 43.14 43.08 42.93 42.84 42.68 42.55 42.47 42.42 42.42 42.42 42.42 42.41 42.41 42.4 42.39 42.37 42.35 42.34 42.33 42.32 42.31 42.31 42.3 42.29 42.31 42.35 42.39 42.46 42.49 42.49 42.46 42.41 42.39 42.38 42.35 42.32 42.32 42.31 42.3 42.29 42.28 42.28 42.28 42.28 42.28 42.29 42.31 42.38 42.46 42.57 42.83 43.04
39.75 39.77 39.82 39.91 39.97 40.01 40.04 40.05 40.07 40.13 40.27 40.53 40.76 40.98 41.37 41.79 42.03 42.14 42.25 42.3 42.3 42.33 42.39 42.53 42.62 42.69 42.92 43.01 43.01 43 42.82 42.63 42.52 42.44 42.44 42.45 42.44 42.42 42.41 42.4 42.39 42.38 42.37 42.37 42.37 42.36 42.35 42.34 42.32 42.29 42.28 42.28 42.28 42.3 42.34 42.38 42.38 42.34 42.35 42.36 42.34 42.31 42.3 42.29 42.28 42.27 42.27 42.27 42.26 42.26 42.26 42.28 42.31 42.33 42.35 42.4 42.61 42.84
39.69 39.71 39.79 39.9 39.96 40.01 40.05 40.05 40.06 40.09 40.16 40.29 40.4 40.57 40.9 41.3 41.58 41.77 42.02 42.16 42.2 42.24 42.32 42.4 42.41 42.4 42.55 42.69 42.85 42.94 42.76 42.57 42.49 42.44 42.45 42.46 42.45 42.44 42.41 42.4 42.39 42.39 42.38 42.37 42.37 42.37 42.36 42.35 42.35 42.32 42.29 42.28 42.27 42.26 42.26 42.29 42.3 42.3 42.32 42.33 42.32 42.31 42.3 42.29 42.28 42.27 42.26 42.26 42.24 42.24 42.24 42.26 42.29 42.29 42.28 42.28 42.41 42.59
39.63 39.67 39.77 39.87 39.9 39.94 40 40.03 40.05 40.07 40.12 40.16 40.18 40.24 40.38 40.6 40.82 41.04 41.4 41.69 41.85 42.02 42.23 42.32 42.33 42.34 42.39 42.45 42.62 42.79 42.66 42.5 42.45 42.43 42.43 42.43 42.45 42.46 42.43 42.41 42.4 42.39 42.38 42.38 42.37 42.37 42.39 42.37 42.35 42.32 42.3 42.29 42.29 42.27 42.26 42.26 42.27 42.27 42.29 42.3 42.3 42.3 42.29 42.28 42.28 42.28 42.26 42.26 42.24 42.23 42.23 42.25 42.28 42.28 42.27 42.27 42.36 42.49
39.61 39.66 39.75 39.8 39.83 39.87 39.94 39.98 40.01 40.02 40.04 40.06 40.06 40.07 40.05 40.07 40.16 40.33 40.67 41.01 41.29 41.64 42.03 42.2 42.26 42.31 42.34 42.37 42.47 42.6 42.56 42.46 42.43 42.42 42.42 42.42 42.43 42.45 42.44 42.42 42.41 42.39 42.37 42.37 42.37 42.37 42.39 42.38 42.36 42.33 42.32 42.31 42.3 42.27 42.26 42.27 42.27 42.26 42.27 42.28 42.29 42.29 42.28 42.28 42.28 42.28 42.27 42.25 42.24 42.23 42.23 42.25 42.26 42.27 42.28 42.29 42.37 42.46
39.88 39.83 39.78 39.76 39.76 39.79 39.86 39.89 39.9 39.92 39.93 39.96 39.98 40.01 39.99 39.94 39.95 40.04 40.27 40.48 40.71 41.15 41.62 41.87 42.03 42.19 42.26 42.33 42.37 42.44 42.47 42.43 42.42 42.41 42.41 42.41 42.41 42.42 42.44 42.45 42.43 42.4 42.39 42.39 42.39 42.38 42.39 42.38 42.36 42.34 42.34 42.33 42.3 42.28 42.28 42.28 42.27 42.26 42.27 42.28 42.27 42.27 42.27 42.27 42.27 42.28 42.28 42.25 42.22 42.21 42.22 42.24 42.25 42.26 42.27 42.3 42.36 42.41
40.54 40.4 40.13 39.93 39.81 39.78 39.79 39.77 39.76 39.79 39.84 39.89 39.92 39.94 39.94 39.91 39.91 39.96 40.07 40.16 40.33 40.7 41.11 41.36 41.58 41.86 42.1 42.27 42.32 42.36 42.39 42.38 42.39 42.4 42.4 42.4 42.4 42.4 42.41 42.43 42.43 42.42 42.41 42.41 42.4 42.39 42.37 42.37 42.36 42.34 42.33 42.33 42.32 42.31 42.3 42.3 42.29 42.27 42.27 42.27 42.26 42.25 42.25 42.25 42.26 42.27 42.27 42.25 42.22 42.21 42.22 42.24 42.26 42.26 42.27 42.28 42.29 42.31
41.17 41 40.65 40.34 40.14 39.98 39.8 39.71 39.67 39.69 39.76 39.81 39.84 39.86 39.88 39.89 39.9 39.96 40.02 40.03 40.12 40.32 40.59 40.82 41.03 41.38 41.81 42.14 42.24 42.32 42.34 42.35 42.36 42.37 42.37 42.37 42.37 42.38 42.38 42.39 42.41 42.42 42.42 42.4 42.4 42.39 42.36 42.36 42.35 42.33 42.32 42.33 42.34 42.33 42.31 42.31 42.31 42.29 42.27 42.25 42.24 42.23 42.23 42.23 42.24 42.25 42.25 42.25 42.23 42.21 42.22 42.23 42.23 42.22 42.23 42.26 42.27 42.27
41.53 41.36 41.07 40.82 40.66 40.41 40.05 39.88 39.77 39.67 39.69 39.73 39.75 39.79 39.82 39.83 39.87 39.95 40 40.02 40.07 40.15 40.25 40.39 40.59 40.95 41.41 41.75 41.98 42.23 42.3 42.31 42.33 42.34 42.33 42.33 42.36 42.37 42.37 42.37 42.37 42.39 42.4 42.4 42.4 42.39 42.36 42.36 42.35 42.34 42.35 42.34 42.34 42.34 42.34 42.33 42.31 42.29 42.26 42.23 42.21 42.21 42.2 42.2 42.22 42.23 42.24 42.24 42.25 42.24 42.24 42.23 42.23 42.22 42.22 42.23 42.25 42.26
41.91 41.78 41.5 41.22 41.06 40.86 40.6 40.46 40.21 39.85 39.7 39.65 39.67 39.73 39.77 39.78 39.83 39.92 40.02 40.09 40.15 40.14 40.12 40.17 40.33 40.61 40.96 41.24 41.57 41.97 42.13 42.19 42.25 42.29 42.3 42.32 42.35 42.36 42.35 42.35 42.35 42.36 42.37 42.39 42.4 42.38 42.38 42.37 42.35 42.36 42.38 42.36 42.34 42.34 42.34 42.33 42.29 42.26 42.25 42.23 42.21 42.22 42.21 42.22 42.23 42.23 42.23 42.23 42.24 42.25 42.25 42.24 42.24 42.23 42.22 42.22 42.24 42.25
42.32 42.17 41.87 41.61 41.43 41.2 40.99 40.82 40.61 40.25 39.92 39.73 39.69 39.69 39.72 39.75 39.79 39.89 40.03 40.12 40.17 40.17 40.1 40.08 40.15 40.3 40.46 40.69 41.04 41.37 41.55 41.71 41.94 42.12 42.22 42.27 42.33 42.34 42.33 42.32 42.33 42.35 42.35 42.37 42.38 42.37 42.38 42.38 42.37 42.38 42.39 42.38 42.34 42.3 42.3 42.31 42.3 42.28 42.27 42.25 42.25 42.24 42.24 42.22 42.22 42.22 42.22 42.2 42.22 42.24 42.23 42.23 42.24 42.23 42.23 42.23 42.23 42.25
42.7 42.54 42.22 41.99 41.81 41.58 41.35 41.19 40.99 40.63 40.33 40.18 40.01 39.78 39.7 39.69 39.74 39.85 39.99 40.06 40.09 40.1 40.07 40.05 40.05 40.07 40.11 40.24 40.47 40.68 40.84 41.08 41.45 41.78 41.98 42.11 42.26 42.32 42.31 42.3 42.31 42.34 42.35 42.35 42.36 42.36 42.35 42.35 42.36 42.36 42.36 42.34 42.33 42.33 42.31 42.29 42.29 42.28 42.26 42.26 42.26 42.25 42.24 42.22 42.2 42.21 42.22 42.21 42.21 42.23 42.22 42.21 42.23 42.24 42.24 42.23 42.23 42.23
42.87 42.78 42.6 42.42 42.25 41.98 41.7 41.52 41.35 41.06 40.78 40.65 40.45 40.12 39.89 39.77 39.8 39.88 39.93 39.93 39.9 39.94 39.95 39.98 40 39.97 39.97 40 40.09 40.26 40.43 40.66 41.05 41.38 41.6 41.81 42.11 42.26 42.3 42.3 42.31 42.32 42.32 42.33 42.34 42.34 42.33 42.32 42.33 42.35 42.35 42.35 42.34 42.35 42.34 42.31 42.29 42.27 42.26 42.26 42.27 42.26 42.26 42.24 42.22 42.22 42.23 42.22 42.21 42.23 42.22 42.2 42.2 42.22 42.23 42.22 42.21 42.21
42.98 42.92 42.84 42.76 42.64 42.4 42.1 41.89 41.75 41.53 41.27 41.1 40.91 40.6 40.4 40.33 40.28 40.14 40 39.87 39.76 39.8 39.83 39.88 39.93 39.93 39.95 39.97 40.01 40.08 40.16 40.35 40.71 41.02 41.22 41.45 41.85 42.13 42.25 42.27 42.29 42.3 42.3 42.32 42.33 42.33 42.32 42.31 42.32 42.33 42.34 42.36 42.37 42.37 42.35 42.32 42.3 42.29 42.27 42.25 42.27 42.28 42.27 42.25 42.24 42.24 42.24 42.24 42.22 42.22 42.22 42.18 42.17 42.19 42.21 42.21 42.21 42.22
43.05 43.02 42.98 42.95 42.89 42.75 42.53 42.35 42.24 42.08 41.87 41.68 41.5 41.19 41.04 41.01 40.87 40.56 40.28 40.06 39.84 39.78 39.8 39.84 39.87 39.88 39.89 39.92 39.93 39.91 39.9 40.04 40.34 40.64 40.82 41.04 41.45 41.84 42.06 42.19 42.28 42.29 42.28 42.3 42.33 42.33 42.32 42.31 42.31 42.31 42.32 42.35 42.37 42.37 42.36 42.33 42.3 42.29 42.27 42.26 42.27 42.27 42.26 42.25 42.25 42.26 42.25 42.24 42.21 42.21 42.21 42.18 42.17 42.2 42.22 42.21 42.21 42.22
43.1 43.08 43.04 43.02 43.02 42.98 42.87 42.78 42.7 42.6 42.44 42.28 42.1 41.77 41.54 41.4 41.18 40.9 40.66 40.45 40.15 39.94 39.85 39.83 39.81 39.8 39.79 39.81 39.81 39.81 39.82 39.91 40.1 40.31 40.44 40.6 40.99 41.34 41.59 41.93 42.18 42.26 42.27 42.28 42.3 42.31 42.31 42.3 42.3 42.29 42.3 42.33 42.35 42.34 42.33 42.33 42.31 42.28 42.28 42.28 42.28 42.26 42.26 42.25 42.26 42.25 42.23 42.21 42.19 42.18 42.18 42.18 42.19 42.21 42.21 42.22 42.24 42.27
43.15 43.14 43.1 43.07 43.08 43.08 43.04 43.02 42.98 42.9 42.78 42.69 42.52 42.2 41.96 41.77 41.5 41.21 41 40.83 40.58 40.29 40.08 39.94 39.76 39.66 39.63 39.67 39.72 39.75 39.78 39.85 39.97 40.06 40.12 40.3 40.62 40.87 41.09 41.49 41.88 42.09 42.17 42.24 42.26 42.27 42.27 42.27 42.27 42.26 42.27 42.29 42.31 42.29 42.3 42.32 42.32 42.3 42.29 42.29 42.3 42.29 42.28 42.27 42.26 42.25 42.22 42.2 42.18 42.17 42.16 42.19 42.21 42.21 42.22 42.27 42.32 42.37
43.2 43.19 43.14 43.12 43.12 43.1 43.09 43.08 43.06 43 42.95 42.91 42.81 42.62 42.44 42.24 41.9 41.59 41.41 41.24 40.94 40.61 40.4 40.25 39.96 39.71 39.64 39.64 39.65 39.69 39.73 39.8 39.9 39.94 40.02 40.21 40.4 40.5 40.65 40.98 41.39 41.67 41.85 42.06 42.16 42.21 42.23 42.24 42.25 42.23 42.24 42.27 42.27 42.26 42.28 42.3 42.31 42.3 42.28 42.28 42.3 42.3 42.3 42.27 42.25 42.23 42.21 42.19 42.17 42.17 42.18 42.2 42.22 42.23 42.26 42.32 42.37 42.41
