slabs/62.grd
DSAA
631 301
645780 646410
4946300 4946600
30.91 46.58
[rows 34 to 67 of 300, columns 0 to 77 of 631]
42.17 42.16 42.16 42.16 42.16 42.13 42.1 42.04 42.02 42.02 42.02 42.01 41.99 41.96 41.94 41.92 41.91 41.88 41.82 41.77 41.73 41.71 41.71 41.71 41.7 41.7 41.72 41.76 41.79 41.79 41.76 41.73 41.72 41.72 41.74 41.78 41.83 41.88 41.91 41.91 41.94 42.04 42.02 41.87 41.65 41.64 41.86 41.87 41.82 41.81 41.86 41.9 41.93 41.91 41.84 41.8 41.78 41.75 41.77 41.71 41.44 41.31 41.43 41.55 41.62 41.33 40.9 40.43 39.74 39.52 39.71 39.82 39.88 40.07 40.25 40.05 39.87 39.96
42.15 42.12 42.12 42.13 42.13 42.12 42.09 42.04 42.02 42.01 42 42 41.99 41.98 41.96 41.96 41.95 41.94 41.89 41.83 41.78 41.78 41.78 41.75 41.72 41.72 41.71 41.7 41.69 41.69 41.71 41.74 41.74 41.71 41.7 41.73 41.79 41.89 41.98 42.04 42.09 42.19 42.16 42.04 41.9 41.88 42.08 42.15 41.95 41.67 41.66 41.74 41.73 41.7 41.69 41.69 41.7 41.73 41.75 41.75 41.68 41.63 41.69 41.79 41.87 41.7 41.51 41.17 40.48 39.97 40.04 40.21 40.12 40.05 40.01 39.76 39.61 39.78
42.19 42.17 42.13 42.09 42.09 42.09 42.07 42.04 42.02 42 41.99 42.01 42.01 42 41.98 41.98 41.97 41.96 41.93 41.89 41.86 41.85 41.82 41.78 41.75 41.74 41.72 41.68 41.66 41.65 41.66 41.68 41.69 41.67 41.66 41.68 41.77 41.91 42.01 42.06 42.11 42.19 42.17 42.07 41.99 42.03 42.13 42.11 41.96 41.72 41.66 41.69 41.69 41.69 41.69 41.68 41.67 41.69 41.72 41.74 41.76 41.77 41.78 41.86 41.94 41.86 41.75 41.65 41.41 41.03 40.96 41.11 40.95 40.59 40.29 39.99 39.7 39.66
42.24 42.24 42.22 42.18 42.14 42.11 42.07 42.03 42.01 41.99 41.99 41.98 41.97 41.99 42.01 42 41.98 41.97 41.95 41.93 41.9 41.87 41.82 41.77 41.73 41.71 41.69 41.68 41.66 41.65 41.65 41.66 41.67 41.64 41.6 41.6 41.72 41.91 42.02 42.07 42.08 42.11 42.13 42.1 42.12 42.22 42.25 42.17 42.04 41.84 41.73 41.66 41.64 41.72 41.77 41.73 41.68 41.68 41.68 41.66 41.7 41.75 41.73 41.73 41.76 41.75 41.72 41.77 41.85 41.84 41.76 41.74 41.62 41.33 41.06 40.64 39.97 39.56
42.26 42.25 42.26 42.25 42.22 42.19 42.13 42.08 42.06 42.05 42.02 41.99 41.96 41.98 42.01 42 41.99 41.97 41.97 41.96 41.9 41.87 41.81 41.76 41.72 41.7 41.69 41.68 41.66 41.63 41.62 41.63 41.66 41.66 41.61 41.6 41.7 41.89 42.02 42.06 42.04 42.03 42.1 42.17 42.27 42.43 42.46 42.36 42.19 42 41.86 41.75 41.65 41.66 41.7 41.7 41.68 41.66 41.64 41.6 41.63 41.73 41.71 41.62 41.53 41.54 41.56 41.65 41.83 41.96 41.96 41.9 41.76 41.59 41.42 40.99 40.27 39.81
42.27 42.25 42.25 42.25 42.24 42.22 42.17 42.14 42.14 42.12 42.06 42.02 42.01 42 41.98 41.96 41.96 41.93 41.92 41.94 41.92 41.88 41.82 41.79 41.77 41.74 41.71 41.69 41.69 41.68 41.68 41.66 41.69 41.69 41.65 41.64 41.69 41.85 42.03 42.1 42.07 42.04 42.1 42.21 42.38 42.56 42.58 42.46 42.26 42.07 41.93 41.81 41.68 41.61 41.6 41.63 41.65 41.64 41.64 41.59 41.62 41.76 41.79 41.71 41.56 41.49 41.46 41.56 41.78 41.93 41.91 41.83 41.72 41.58 41.44 41.23 40.85 40.52
42.3 42.28 42.24 42.22 42.22 42.2 42.16 42.14 42.14 42.12 42.07 42.03 42.01 42.01 42 41.97 41.96 41.9 41.85 41.86 41.86 41.86 41.86 41.84 41.81 41.79 41.76 41.71 41.7 41.72 41.74 41.73 41.71 41.69 41.69 41.7 41.7 41.79 41.97 42.08 42.1 42.11 42.16 42.25 42.44 42.56 42.48 42.33 42.13 41.97 41.87 41.8 41.71 41.63 41.6 41.61 41.64 41.67 41.68 41.61 41.58 41.69 41.78 41.76 41.62 41.47 41.43 41.46 41.58 41.68 41.72 41.7 41.56 41.4 41.32 41.31 41.28 41.17
42.33 42.31 42.26 42.22 42.2 42.19 42.16 42.14 42.14 42.11 42.09 42.04 42 42.01 42.02 42 41.96 41.92 41.9 41.89 41.85 41.82 41.84 41.84 41.85 41.85 41.81 41.77 41.75 41.76 41.79 41.8 41.77 41.72 41.71 41.73 41.73 41.77 41.87 41.96 42.05 42.14 42.19 42.26 42.41 42.42 42.28 42.13 41.93 41.82 41.77 41.78 41.74 41.66 41.64 41.65 41.69 41.71 41.7 41.63 41.56 41.6 41.65 41.62 41.49 41.35 41.35 41.36 41.41 41.49 41.57 41.53 41.31 41.15 41.2 41.37 41.4 41.34
42.32 42.3 42.26 42.22 42.21 42.2 42.17 42.14 42.13 42.13 42.11 42.06 42 42 42 41.97 41.96 41.96 41.97 41.95 41.92 41.87 41.85 41.86 41.86 41.85 41.81 41.79 41.79 41.8 41.83 41.85 41.8 41.75 41.75 41.77 41.78 41.78 41.79 41.85 41.96 42.08 42.14 42.19 42.25 42.19 42.08 41.99 41.85 41.77 41.75 41.77 41.77 41.72 41.7 41.74 41.76 41.71 41.69 41.68 41.67 41.75 41.78 41.64 41.45 41.38 41.37 41.31 41.29 41.35 41.37 41.28 41.08 40.96 41.07 41.28 41.31 41.29
42.31 42.29 42.25 42.21 42.19 42.19 42.17 42.14 42.13 42.13 42.12 42.09 42.04 42 41.98 41.95 41.96 41.98 41.99 41.98 41.95 41.91 41.89 41.89 41.87 41.83 41.82 41.83 41.85 41.86 41.84 41.83 41.8 41.78 41.79 41.8 41.8 41.78 41.77 41.8 41.88 41.96 41.99 42.03 42.06 41.99 41.91 41.88 41.79 41.72 41.72 41.75 41.79 41.76 41.73 41.77 41.77 41.68 41.69 41.75 41.81 41.91 41.89 41.7 41.52 41.46 41.4 41.29 41.24 41.25 41.22 41.14 41.04 40.99 41.07 41.2 41.21 41.19
42.31 42.29 42.25 42.22 42.2 42.19 42.18 42.16 42.14 42.12 42.12 42.11 42.07 42.01 41.96 41.95 41.97 42 42.01 42 41.97 41.93 41.92 41.92 41.89 41.84 41.82 41.84 41.86 41.87 41.84 41.81 41.78 41.78 41.8 41.8 41.79 41.79 41.78 41.79 41.85 41.88 41.88 41.94 41.99 41.91 41.84 41.82 41.75 41.67 41.67 41.71 41.77 41.78 41.75 41.73 41.73 41.73 41.75 41.81 41.9 42 41.93 41.73 41.58 41.54 41.47 41.34 41.24 41.19 41.16 41.12 41.1 41.1 41.14 41.18 41.15 41.13
42.29 42.28 42.25 42.22 42.21 42.2 42.19 42.19 42.16 42.14 42.16 42.2 42.16 42.06 41.98 41.94 41.97 42.01 42.02 42.02 41.99 41.95 41.94 41.94 41.92 41.85 41.81 41.81 41.83 41.83 41.84 41.82 41.79 41.79 41.81 41.81 41.81 41.81 41.79 41.8 41.83 41.88 41.92 41.97 41.98 41.91 41.85 41.81 41.74 41.69 41.67 41.69 41.74 41.77 41.76 41.72 41.72 41.74 41.76 41.81 41.93 42.03 41.93 41.71 41.59 41.56 41.52 41.43 41.34 41.28 41.25 41.22 41.22 41.22 41.22 41.18 41.11 41.08
42.28 42.28 42.28 42.27 42.24 42.2 42.19 42.19 42.19 42.17 42.22 42.28 42.23 42.11 42.03 41.99 42.01 42.04 42.05 42.05 42.02 41.96 41.95 41.95 41.93 41.86 41.8 41.79 41.82 41.84 41.86 41.85 41.83 41.84 41.85 41.85 41.84 41.85 41.87 41.87 41.87 41.88 41.87 41.89 41.9 41.87 41.86 41.82 41.77 41.75 41.74 41.71 41.71 41.73 41.73 41.71 41.7 41.72 41.73 41.79 41.87 41.92 41.83 41.67 41.58 41.57 41.55 41.51 41.48 41.44 41.37 41.32 41.33 41.32 41.28 41.17 41.06 41.03
42.34 42.32 42.32 42.31 42.28 42.22 42.2 42.19 42.2 42.21 42.26 42.3 42.25 42.17 42.11 42.08 42.08 42.09 42.08 42.08 42.04 41.97 41.91 41.89 41.88 41.84 41.8 41.8 41.83 41.88 41.9 41.89 41.87 41.86 41.86 41.85 41.86 41.9 41.92 41.94 41.94 41.92 41.91 41.9 41.89 41.88 41.87 41.84 41.8 41.79 41.78 41.73 41.72 41.74 41.74 41.73 41.72 41.73 41.75 41.8 41.84 41.81 41.75 41.67 41.64 41.64 41.61 41.57 41.56 41.52 41.41 41.34 41.37 41.39 41.31 41.14 41.04 41.01
42.34 42.32 42.32 42.31 42.29 42.24 42.2 42.19 42.2 42.23 42.29 42.31 42.28 42.22 42.17 42.14 42.14 42.11 42.08 42.07 42.06 41.98 41.86 41.79 41.76 41.78 41.8 41.82 41.88 41.93 41.94 41.93 41.92 41.91 41.89 41.88 41.88 41.92 41.95 41.97 42 42.02 42.03 41.99 41.94 41.94 41.92 41.89 41.86 41.86 41.82 41.75 41.74 41.77 41.78 41.79 41.78 41.76 41.79 41.85 41.85 41.8 41.76 41.73 41.73 41.74 41.67 41.61 41.6 41.57 41.46 41.37 41.35 41.37 41.33 41.2 41.1 41.05
42.31 42.3 42.3 42.29 42.28 42.25 42.22 42.2 42.21 42.26 42.33 42.34 42.32 42.25 42.19 42.16 42.13 42.07 42.01 42.01 42.06 42 41.86 41.74 41.66 41.74 41.82 41.87 41.94 41.97 41.97 41.97 41.98 41.96 41.94 41.93 41.91 41.92 41.94 41.97 42.02 42.05 42.07 42.03 41.96 41.94 41.95 41.95 41.93 41.94 41.9 41.81 41.79 41.82 41.83 41.85 41.83 41.78 41.83 41.91 41.88 41.82 41.81 41.8 41.79 41.78 41.71 41.64 41.63 41.61 41.53 41.4 41.33 41.34 41.4 41.34 41.23 41.13
42.29 42.29 42.3 42.29 42.29 42.27 42.24 42.22 42.23 42.29 42.34 42.34 42.32 42.26 42.2 42.17 42.12 42.04 41.99 42.01 42.09 42.03 41.88 41.76 41.67 41.77 41.88 41.93 41.97 41.98 41.98 41.99 42.01 42.01 42 41.99 41.96 41.95 41.96 41.99 42.03 42.05 42.06 42.03 41.98 41.96 41.98 41.96 41.94 41.94 41.92 41.86 41.84 41.85 41.88 41.9 41.87 41.85 41.9 41.96 41.92 41.88 41.89 41.88 41.86 41.82 41.74 41.66 41.64 41.6 41.49 41.38 41.34 41.37 41.42 41.32 41.16 41.11
42.29 42.29 42.3 42.31 42.32 42.31 42.27 42.24 42.24 42.26 42.27 42.27 42.28 42.25 42.22 42.2 42.17 42.15 42.13 42.16 42.17 42.06 41.93 41.81 41.75 41.86 41.96 41.99 42 41.99 41.99 42 42.02 42.04 42.04 42.02 41.99 41.98 41.99 42 42.05 42.09 42.08 42.05 42.02 42.01 42.01 41.96 41.93 41.92 41.92 41.89 41.85 41.83 41.88 41.94 41.95 41.97 41.99 41.99 41.94 41.92 41.94 41.95 41.94 41.89 41.79 41.7 41.67 41.63 41.53 41.45 41.4 41.41 41.42 41.28 41.12 41.12
42.3 42.31 42.32 42.33 42.36 42.37 42.33 42.29 42.25 42.2 42.17 42.16 42.18 42.2 42.2 42.2 42.2 42.2 42.19 42.2 42.18 42.09 41.98 41.89 41.85 41.94 42.02 42.03 42.02 42 42 42.01 42.04 42.07 42.07 42.07 42.06 42.05 42.04 42.04 42.08 42.12 42.12 42.09 42.08 42.07 42.05 42 41.97 41.96 41.94 41.89 41.85 41.83 41.87 41.95 41.99 42 42.01 41.99 41.94 41.88 41.87 41.93 41.98 41.95 41.86 41.78 41.75 41.72 41.64 41.56 41.51 41.52 41.47 41.32 41.21 41.19
42.32 42.32 42.33 42.34 42.36 42.38 42.34 42.31 42.28 42.22 42.18 42.11 42.06 42.11 42.15 42.18 42.2 42.21 42.21 42.2 42.18 42.11 42.03 41.97 41.96 42.04 42.1 42.1 42.08 42.05 42.04 42.03 42.06 42.09 42.11 42.12 42.13 42.12 42.1 42.09 42.11 42.14 42.14 42.13 42.13 42.13 42.11 42.07 42.03 42.01 41.97 41.92 41.91 41.91 41.89 41.92 41.99 41.98 41.97 41.97 41.93 41.88 41.86 41.92 41.97 41.98 41.95 41.87 41.83 41.76 41.66 41.62 41.61 41.58 41.51 41.42 41.36 41.31
42.31 42.32 42.33 42.34 42.36 42.35 42.33 42.32 42.29 42.23 42.17 42.12 42.05 42.09 42.18 42.2 42.21 42.22 42.22 42.2 42.18 42.14 42.09 42.06 42.05 42.11 42.17 42.21 42.2 42.16 42.12 42.07 42.07 42.1 42.13 42.16 42.16 42.15 42.14 42.11 42.11 42.14 42.14 42.15 42.17 42.18 42.17 42.14 42.08 42.05 42.02 41.97 41.94 41.92 41.86 41.87 41.96 41.99 41.98 41.98 41.98 41.93 41.89 41.94 42.01 41.99 41.93 41.85 41.79 41.73 41.65 41.66 41.69 41.62 41.5 41.46 41.43 41.37
42.32 42.32 42.33 42.35 42.35 42.33 42.3 42.29 42.26 42.2 42.14 42.11 42.12 42.18 42.21 42.2 42.21 42.23 42.23 42.22 42.19 42.16 42.13 42.11 42.1 42.14 42.2 42.26 42.27 42.23 42.19 42.12 42.1 42.12 42.15 42.18 42.18 42.18 42.16 42.14 42.14 42.15 42.17 42.19 42.2 42.21 42.22 42.19 42.13 42.1 42.07 42.02 42 41.96 41.88 41.9 41.97 41.99 42.02 42.06 42.05 42.02 41.98 42.02 42.07 42.03 41.92 41.81 41.74 41.7 41.64 41.63 41.64 41.57 41.47 41.43 41.41 41.35
42.34 42.35 42.37 42.37 42.36 42.33 42.31 42.29 42.25 42.18 42.12 42.11 42.16 42.22 42.21 42.2 42.22 42.25 42.25 42.23 42.2 42.16 42.14 42.12 42.12 42.15 42.19 42.23 42.21 42.18 42.17 42.14 42.12 42.13 42.17 42.22 42.24 42.25 42.23 42.19 42.19 42.2 42.22 42.21 42.2 42.21 42.22 42.22 42.21 42.19 42.15 42.09 42.03 41.97 41.91 41.93 41.97 42.01 42.06 42.07 42.05 42.04 42.05 42.09 42.12 42.05 41.93 41.84 41.75 41.69 41.62 41.59 41.56 41.51 41.46 41.42 41.4 41.35
42.4 42.39 42.39 42.38 42.36 42.33 42.31 42.3 42.27 42.22 42.18 42.17 42.2 42.24 42.22 42.21 42.23 42.26 42.26 42.25 42.2 42.16 42.13 42.11 42.11 42.13 42.16 42.17 42.15 42.14 42.14 42.13 42.13 42.14 42.17 42.22 42.24 42.24 42.23 42.22 42.21 42.2 42.21 42.23 42.23 42.22 42.21 42.23 42.25 42.25 42.22 42.14 42.07 42.01 41.97 41.98 42 42.02 42.07 42.07 42.03 42.03 42.07 42.12 42.11 42.01 41.9 41.84 41.77 41.68 41.61 41.59 41.56 41.51 41.47 41.43 41.41 41.36
42.44 42.41 42.4 42.39 42.36 42.34 42.34 42.33 42.32 42.28 42.23 42.23 42.24 42.24 42.23 42.22 42.23 42.25 42.27 42.25 42.19 42.15 42.12 42.11 42.1 42.1 42.11 42.13 42.12 42.12 42.13 42.14 42.14 42.15 42.17 42.22 42.26 42.27 42.25 42.21 42.2 42.2 42.21 42.26 42.29 42.27 42.25 42.27 42.3 42.31 42.27 42.18 42.11 42.06 42.01 42.02 42.05 42.07 42.09 42.06 42.04 42.02 42.05 42.1 42.07 41.95 41.83 41.79 41.75 41.67 41.62 41.58 41.57 41.53 41.48 41.44 41.4 41.35
42.44 42.41 42.41 42.4 42.38 42.37 42.37 42.37 42.36 42.31 42.25 42.23 42.23 42.22 42.22 42.23 42.24 42.24 42.25 42.24 42.18 42.13 42.12 42.12 42.12 42.1 42.1 42.12 42.14 42.17 42.17 42.18 42.18 42.16 42.18 42.22 42.25 42.27 42.27 42.25 42.22 42.21 42.22 42.31 42.39 42.37 42.32 42.35 42.41 42.39 42.29 42.19 42.13 42.08 42.03 42.06 42.11 42.13 42.13 42.1 42.07 42.03 42.02 42.04 42.01 41.91 41.79 41.74 41.7 41.67 41.63 41.6 41.58 41.56 41.51 41.47 41.42 41.36
42.42 42.41 42.41 42.41 42.4 42.39 42.38 42.38 42.37 42.34 42.28 42.25 42.24 42.24 42.26 42.28 42.27 42.26 42.25 42.24 42.19 42.14 42.14 42.14 42.16 42.17 42.16 42.16 42.16 42.17 42.18 42.2 42.2 42.18 42.19 42.22 42.25 42.27 42.29 42.29 42.27 42.24 42.24 42.32 42.41 42.39 42.36 42.42 42.48 42.43 42.3 42.19 42.13 42.08 42.05 42.09 42.14 42.15 42.16 42.16 42.13 42.06 41.99 41.94 41.93 41.87 41.78 41.76 41.73 41.68 41.66 41.63 41.6 41.55 41.51 41.47 41.43 41.38
42.42 42.42 42.42 42.43 42.41 42.39 42.38 42.38 42.37 42.35 42.31 42.27 42.26 42.26 42.28 42.3 42.29 42.27 42.26 42.23 42.19 42.16 42.16 42.18 42.19 42.18 42.17 42.16 42.17 42.17 42.19 42.21 42.21 42.21 42.22 42.24 42.26 42.28 42.32 42.34 42.36 42.32 42.25 42.28 42.32 42.33 42.36 42.41 42.46 42.41 42.31 42.22 42.16 42.11 42.08 42.11 42.15 42.17 42.17 42.19 42.19 42.1 41.96 41.91 41.86 41.8 41.77 41.77 41.74 41.68 41.66 41.65 41.61 41.56 41.5 41.45 41.43 41.41
42.45 42.44 42.45 42.45 42.43 42.4 42.38 42.37 42.35 42.32 42.29 42.27 42.27 42.29 42.31 42.32 42.31 42.29 42.28 42.26 42.21 42.18 42.19 42.21 42.19 42.16 42.16 42.16 42.18 42.19 42.2 42.22 42.23 42.24 42.24 42.26 42.28 42.29 42.32 42.36 42.42 42.38 42.28 42.25 42.25 42.28 42.32 42.32 42.34 42.32 42.27 42.24 42.2 42.15 42.12 42.14 42.17 42.19 42.16 42.16 42.15 42.04 41.92 41.87 41.85 41.81 41.78 41.76 41.73 41.69 41.68 41.67 41.62 41.57 41.52 41.48 41.46 41.42
42.48 42.48 42.48 42.49 42.47 42.43 42.41 42.37 42.34 42.31 42.3 42.3 42.32 42.32 42.32 42.33 42.32 42.31 42.31 42.29 42.25 42.21 42.23 42.24 42.22 42.19 42.18 42.18 42.19 42.2 42.21 42.24 42.26 42.27 42.28 42.29 42.29 42.3 42.31 42.34 42.38 42.36 42.31 42.28 42.28 42.3 42.3 42.25 42.22 42.21 42.19 42.19 42.16 42.12 42.16 42.21 42.2 42.15 42.09 42.06 42.02 41.96 41.9 41.87 41.86 41.82 41.77 41.74 41.73 41.71 41.69 41.67 41.63 41.57 41.54 41.52 41.47 41.4
42.54 42.53 42.52 42.52 42.52 42.51 42.47 42.4 42.36 42.34 42.33 42.33 42.34 42.34 42.34 42.34 42.34 42.33 42.33 42.34 42.33 42.29 42.29 42.3 42.29 42.27 42.22 42.2 42.21 42.22 42.24 42.26 42.28 42.29 42.31 42.31 42.31 42.32 42.31 42.32 42.34 42.33 42.31 42.32 42.35 42.37 42.37 42.32 42.29 42.24 42.21 42.22 42.19 42.17 42.23 42.27 42.23 42.12 42.04 41.99 41.96 41.92 41.89 41.88 41.87 41.83 41.78 41.76 41.75 41.72 41.7 41.67 41.62 41.56 41.52 41.51 41.46 41.35
42.6 42.58 42.56 42.54 42.53 42.53 42.5 42.44 42.38 42.35 42.34 42.33 42.34 42.35 42.35 42.35 42.36 42.36 42.36 42.38 42.42 42.42 42.41 42.39 42.38 42.34 42.27 42.23 42.23 42.24 42.26 42.29 42.31 42.32 42.33 42.33 42.33 42.33 42.32 42.31 42.31 42.31 42.33 42.36 42.38 42.4 42.4 42.36 42.33 42.3 42.27 42.26 42.24 42.22 42.24 42.25 42.21 42.12 42.01 41.96 41.95 41.93 41.92 41.91 41.9 41.85 41.8 41.78 41.76 41.74 41.72 41.67 41.59 41.53 41.49 41.48 41.43 41.33
42.64 42.59 42.56 42.53 42.53 42.53 42.5 42.44 42.38 42.35 42.34 42.34 42.35 42.36 42.36 42.37 42.39 42.39 42.38 42.39 42.45 42.48 42.48 42.44 42.41 42.37 42.3 42.24 42.24 42.25 42.27 42.3 42.33 42.34 42.34 42.35 42.35 42.35 42.33 42.31 42.31 42.32 42.33 42.35 42.35 42.38 42.41 42.41 42.4 42.38 42.35 42.33 42.31 42.24 42.2 42.2 42.17 42.09 42.02 41.99 41.98 41.96 41.93 41.92 41.89 41.86 41.84 41.82 41.79 41.75 41.72 41.67 41.57 41.48 41.45 41.45 41.4 41.34
42.69 42.63 42.59 42.54 42.53 42.51 42.48 42.44 42.4 42.38 42.38 42.38 42.4 42.39 42.4 42.4 42.42 42.43 42.42 42.41 42.44 42.46 42.46 42.42 42.38 42.36 42.31 42.26 42.25 42.26 42.29 42.32 42.35 42.36 42.36 42.37 42.37 42.36 42.33 42.31 42.31 42.31 42.33 42.36 42.36 42.38 42.39 42.39 42.41 42.41 42.39 42.38 42.36 42.25 42.15 42.14 42.11 42.07 42.03 42.01 42.01 41.97 41.92 41.9 41.88 41.86 41.86 41.85 41.8 41.72 41.67 41.64 41.54 41.44 41.4 41.41 41.38 41.33
