slabs/63.grd
DSAA
631 301
645780 646410
4946600 4946900
30.81 43.05
[rows 34 to 67 of 300, columns 546 to 623 of 631]
39.92 39.9 39.92 39.93 39.94 39.93 39.93 39.91 39.9 39.92 39.94 39.96 39.96 39.92 39.92 39.97 40.02 40.06 40.08 40.1 40.1 40.11 40.1 40.08 40.09 40.09 40.09 40.1 40.12 40.12 40.1 40.1 40.11 40.11 40.11 40.05 39.95 39.91 39.91 39.96 40 40.02 40 39.97 39.98 40.04 40.11 40.07 40.01 39.97 39.98 40.02 40.03 40.05 40.04 40 39.96 39.97 40.01 40.02 40.01 39.98 39.96 39.96 39.97 39.97 39.96 39.95 39.93 39.88 39.85 39.85 39.87 39.91 39.95 39.97 39.98 39.97
39.94 39.92 39.92 39.94 39.92 39.87 39.88 39.91 39.92 39.95 39.97 39.97 39.94 39.93 39.94 39.98 40.03 40.05 40.09 40.14 40.14 40.16 40.15 40.11 40.09 40.1 40.13 40.14 40.12 40.12 40.1 40.08 40.09 40.1 40.1 40.05 39.98 39.97 39.95 39.96 40.01 40.03 40.01 39.99 40 40.07 40.16 40.16 40.09 39.99 39.97 40 40.03 40.06 40.05 40.01 39.98 39.99 40.02 40.02 40 39.96 39.93 39.92 39.94 39.94 39.92 39.91 39.92 39.91 39.88 39.86 39.87 39.89 39.91 39.94 39.97 39.97
39.95 39.95 39.93 39.93 39.91 39.86 39.86 39.89 39.92 39.94 39.95 39.96 39.97 39.99 39.98 40 40.05 40.06 40.09 40.12 40.12 40.15 40.17 40.13 40.07 40.09 40.16 40.19 40.16 40.13 40.09 40.07 40.08 40.08 40.05 40.04 40.06 40.05 40.01 39.99 39.99 40 40 40.01 40.07 40.14 40.18 40.15 40.06 39.96 39.97 39.99 40.02 40.03 40.01 40.01 40 39.99 39.99 40 39.98 39.92 39.91 39.93 39.93 39.91 39.88 39.87 39.91 39.94 39.9 39.89 39.89 39.89 39.91 39.94 39.96 39.95
39.94 39.95 39.92 39.9 39.9 39.89 39.88 39.89 39.91 39.92 39.92 39.95 40 40.03 40.01 40.03 40.08 40.09 40.1 40.08 40.06 40.09 40.16 40.14 40.06 40.07 40.13 40.15 40.15 40.1 40.05 40.03 40.02 40.02 40.01 40 39.99 40.01 40.03 40.01 39.98 39.95 39.96 40 40.09 40.19 40.14 40.05 39.98 39.93 39.94 39.96 39.99 40 39.97 39.97 39.96 39.95 39.97 39.99 39.97 39.9 39.9 39.95 39.95 39.91 39.88 39.86 39.91 39.95 39.91 39.93 39.96 39.92 39.89 39.9 39.92 39.92
39.9 39.91 39.91 39.89 39.88 39.9 39.9 39.93 39.95 39.94 39.93 39.95 39.99 40.01 40.01 40.01 40.03 40.06 40.1 40.08 40.03 40.04 40.09 40.09 40.06 40.07 40.11 40.11 40.1 40.07 40.03 40 39.99 39.98 39.97 39.98 39.97 39.99 40.03 40.04 40.02 39.98 39.96 39.98 40.07 40.15 40.08 39.98 39.95 39.92 39.91 39.9 39.95 39.99 39.94 39.91 39.92 39.94 39.97 39.99 39.98 39.92 39.89 39.92 39.94 39.93 39.89 39.88 39.91 39.91 39.87 39.92 39.97 39.93 39.91 39.91 39.92 39.96
39.86 39.88 39.9 39.9 39.89 39.91 39.91 39.94 39.96 39.94 39.93 39.93 39.94 39.95 39.95 39.95 39.95 39.98 40.04 40.06 40.04 40.05 40.06 40.04 40.02 40.05 40.09 40.06 40.03 40.02 40.01 40.02 40.04 40.01 39.96 39.94 39.95 39.97 40.02 40.07 40.06 40.02 39.99 39.99 40.03 40.05 40.01 39.98 39.98 39.95 39.9 39.87 39.92 39.98 39.97 39.95 39.96 39.98 39.99 39.98 39.97 39.94 39.87 39.87 39.93 39.94 39.92 39.91 39.92 39.9 39.86 39.9 39.96 39.97 39.98 39.96 39.92 39.96
39.86 39.85 39.88 39.89 39.89 39.91 39.91 39.93 39.97 39.95 39.94 39.93 39.92 39.91 39.92 39.97 40 40.01 40.03 40.04 40.05 40.07 40.08 40.07 40.07 40.08 40.07 40 39.95 39.98 40.01 40.05 40.08 40.02 39.95 39.92 39.94 39.98 40.02 40.04 40.04 40.03 40.01 40 40 39.99 39.98 39.99 39.99 39.97 39.91 39.88 39.92 39.98 40 40 40.01 40.01 39.99 39.99 39.98 39.96 39.91 39.89 39.9 39.93 39.95 39.94 39.91 39.88 39.89 39.91 39.93 39.97 39.99 39.98 39.96 39.99
39.86 39.84 39.86 39.87 39.89 39.93 39.93 39.94 39.97 39.96 39.93 39.93 39.94 39.94 39.94 39.97 39.99 40.01 40.01 40.02 40.04 40.07 40.09 40.09 40.09 40.1 40.06 39.98 39.96 39.98 40.04 40.08 40.06 39.98 39.95 39.94 39.96 39.99 39.99 39.97 39.99 40.01 40.01 40 40.01 40.01 40 40 39.98 39.95 39.91 39.9 39.93 39.97 39.96 39.94 39.98 40.01 39.98 39.97 39.98 39.99 39.97 39.96 39.95 39.94 39.94 39.94 39.93 39.93 39.95 39.94 39.94 39.96 39.96 39.96 39.96 39.98
39.89 39.87 39.85 39.85 39.91 39.97 39.96 39.93 39.94 39.95 39.94 39.93 39.94 39.95 39.95 39.95 39.97 40 40.01 40.03 40.04 40.05 40.05 40.06 40.08 40.08 40.03 39.99 39.98 39.98 40.03 40.06 39.99 39.92 39.95 39.96 39.98 39.99 39.94 39.92 39.95 39.99 40 40.01 40.02 40.03 40.01 39.99 39.97 39.94 39.93 39.92 39.95 39.97 39.95 39.95 39.98 39.99 39.94 39.91 39.91 39.96 40 39.99 39.97 39.96 39.97 39.96 39.94 39.96 39.98 39.99 39.98 39.98 39.97 39.96 39.95 39.95
39.89 39.85 39.85 39.88 39.91 39.96 39.98 39.96 39.96 39.96 39.94 39.94 39.96 39.98 39.98 39.98 40.02 40.03 40.03 40.02 40.03 40.01 40 40.02 40.04 40.03 39.99 39.97 39.96 39.97 39.99 40 39.94 39.89 39.92 39.95 39.97 39.97 39.93 39.92 39.93 39.96 40.03 40.1 40.12 40.13 40.09 40.02 39.98 39.98 40.01 40.01 39.99 39.96 39.95 39.97 40.01 39.99 39.95 39.91 39.88 39.93 39.98 39.98 39.95 39.94 39.95 39.95 39.95 39.96 39.97 39.99 39.99 39.98 39.98 39.98 39.94 39.92
39.86 39.84 39.85 39.87 39.89 39.95 39.99 39.98 39.98 39.98 39.97 39.98 40 40.01 40 40 40.03 40.03 40 39.98 39.97 39.97 39.98 40 39.99 39.98 39.97 39.94 39.94 39.96 39.97 39.96 39.91 39.85 39.86 39.89 39.94 39.97 39.96 39.97 39.95 39.94 40.02 40.11 40.13 40.15 40.13 40.08 40.04 40 40.01 40.04 40.02 39.96 39.93 39.94 39.97 39.97 39.97 39.94 39.89 39.9 39.93 39.93 39.92 39.91 39.9 39.89 39.91 39.92 39.93 39.95 39.97 39.97 39.98 39.97 39.93 39.92
39.88 39.85 39.85 39.88 39.9 39.93 39.95 39.95 39.95 39.96 39.98 40.01 40.02 40.01 40.01 40.01 40.01 40.01 39.98 39.95 39.95 39.97 39.99 40 40.01 40 39.96 39.94 39.92 39.91 39.92 39.93 39.89 39.83 39.83 39.86 39.9 39.96 39.98 39.99 39.97 39.95 40.02 40.09 40.11 40.11 40.1 40.09 40.06 40.02 40.02 40.03 40.01 39.95 39.92 39.94 39.96 39.95 39.95 39.94 39.92 39.9 39.89 39.91 39.92 39.88 39.84 39.84 39.87 39.88 39.89 39.91 39.94 39.97 39.97 39.95 39.93 39.95
39.88 39.87 39.88 39.88 39.89 39.9 39.91 39.9 39.9 39.91 39.95 39.99 40 39.99 40 40.01 40 40 39.98 39.96 39.96 39.98 39.99 40.03 40.05 40.01 39.95 39.93 39.9 39.9 39.92 39.92 39.89 39.86 39.84 39.85 39.87 39.91 39.95 39.98 39.98 39.98 40.02 40.06 40.09 40.08 40.06 40.08 40.07 40.03 40.01 40.03 40.02 39.96 39.92 39.95 39.97 39.94 39.93 39.92 39.92 39.92 39.9 39.92 39.92 39.87 39.83 39.84 39.86 39.87 39.87 39.86 39.89 39.94 39.96 39.96 39.96 39.97
39.88 39.87 39.88 39.9 39.89 39.91 39.9 39.88 39.87 39.89 39.94 39.97 39.97 39.97 39.98 40 39.99 39.99 39.98 39.95 39.94 39.95 39.98 40.02 40.04 39.99 39.93 39.94 39.92 39.92 39.92 39.89 39.9 39.91 39.89 39.88 39.89 39.92 39.93 39.95 39.99 40 40 40.01 40.05 40.05 40.04 40.05 40.05 40 39.97 39.99 40 39.95 39.92 39.95 39.97 39.96 39.97 39.95 39.93 39.94 39.92 39.91 39.92 39.9 39.89 39.87 39.85 39.85 39.85 39.84 39.84 39.86 39.87 39.92 39.94 39.91
39.88 39.87 39.88 39.9 39.91 39.93 39.93 39.9 39.89 39.92 39.96 39.98 39.97 39.98 39.99 40.01 40 40 39.99 39.98 39.95 39.92 39.94 39.98 40.01 39.99 39.92 39.91 39.91 39.91 39.91 39.89 39.9 39.92 39.92 39.91 39.91 39.93 39.94 39.94 39.95 39.96 39.95 39.93 39.95 40 40.01 40.01 40 39.97 39.96 39.97 39.96 39.93 39.95 39.96 39.96 39.98 40.02 40.01 39.97 39.94 39.91 39.91 39.96 39.96 39.93 39.88 39.86 39.88 39.87 39.83 39.82 39.84 39.86 39.87 39.85 39.83
39.9 39.9 39.89 39.9 39.91 39.93 39.94 39.92 39.91 39.95 39.98 39.97 39.99 40.01 40 39.99 39.98 39.96 39.96 39.94 39.95 39.97 39.96 39.94 39.96 39.97 39.94 39.91 39.89 39.87 39.85 39.84 39.85 39.87 39.89 39.89 39.89 39.9 39.91 39.93 39.93 39.93 39.92 39.89 39.9 39.95 39.98 39.97 39.96 39.96 39.97 39.98 39.95 39.94 39.98 39.98 39.97 39.99 40.01 40 39.98 39.95 39.93 39.92 39.97 40.01 40 39.92 39.87 39.87 39.87 39.86 39.84 39.85 39.86 39.87 39.89 39.92
39.93 39.91 39.88 39.88 39.9 39.91 39.92 39.92 39.94 39.97 39.98 39.96 40.01 40.02 39.99 40 40.01 39.97 39.96 39.98 40.01 40.04 40.02 39.98 39.97 39.97 39.96 39.93 39.91 39.9 39.88 39.86 39.83 39.82 39.84 39.84 39.85 39.86 39.87 39.88 39.9 39.92 39.91 39.88 39.89 39.96 40 40 39.99 39.98 39.96 39.97 39.97 39.97 40.01 40.01 39.97 39.98 40 40 39.97 39.94 39.93 39.93 39.93 39.95 39.98 39.96 39.87 39.83 39.84 39.84 39.85 39.88 39.87 39.85 39.87 39.91
39.93 39.92 39.89 39.88 39.89 39.89 39.89 39.9 39.94 40.01 40 39.97 39.99 40.01 40.02 40.05 40.05 40 39.97 39.99 40.01 40.04 40.02 40 40 39.99 39.95 39.9 39.9 39.92 39.92 39.89 39.86 39.84 39.82 39.82 39.82 39.82 39.82 39.82 39.85 39.89 39.89 39.88 39.9 39.97 40.03 40.04 40.04 40.01 39.96 39.96 39.96 39.95 40 40.05 40.01 39.97 39.98 39.99 39.98 39.98 39.98 39.96 39.93 39.91 39.95 39.95 39.86 39.81 39.81 39.82 39.85 39.87 39.85 39.82 39.83 39.85
39.88 39.9 39.9 39.89 39.88 39.85 39.86 39.9 39.93 39.99 40.02 39.99 39.99 39.99 40.03 40.05 40.04 40.02 40 40.01 40.02 40.02 39.99 39.97 39.98 39.99 39.97 39.93 39.91 39.92 39.92 39.9 39.9 39.91 39.89 39.86 39.84 39.83 39.81 39.78 39.79 39.85 39.88 39.87 39.89 39.94 39.97 39.98 39.99 40 39.99 39.98 39.94 39.91 39.93 39.98 39.97 39.93 39.92 39.92 39.95 39.97 39.96 39.95 39.91 39.89 39.93 39.94 39.87 39.84 39.84 39.83 39.84 39.84 39.82 39.82 39.83 39.84
39.88 39.88 39.88 39.89 39.88 39.87 39.89 39.91 39.93 39.98 40.01 40 40.02 40.03 40.04 40.08 40.07 40.05 40.04 40.03 40.03 40.01 39.98 39.96 39.97 39.99 40.01 39.99 39.94 39.91 39.91 39.92 39.93 39.94 39.94 39.9 39.86 39.86 39.86 39.82 39.78 39.82 39.86 39.87 39.93 39.98 39.98 39.96 39.93 39.92 39.91 39.9 39.91 39.92 39.93 39.96 39.97 39.95 39.93 39.93 39.94 39.92 39.92 39.93 39.92 39.91 39.92 39.9 39.86 39.87 39.88 39.85 39.83 39.81 39.8 39.82 39.84 39.84
39.89 39.87 39.87 39.87 39.86 39.87 39.89 39.89 39.9 39.93 39.99 40.02 40.05 40.07 40.08 40.11 40.09 40.08 40.07 40.05 40.01 39.99 40 39.99 39.99 39.99 40.01 39.99 39.94 39.91 39.92 39.95 39.95 39.92 39.91 39.89 39.89 39.93 39.96 39.92 39.87 39.87 39.87 39.89 39.93 39.95 39.96 39.94 39.91 39.9 39.89 39.89 39.93 39.98 39.98 39.97 39.96 39.96 39.96 39.97 39.94 39.91 39.9 39.92 39.94 39.93 39.9 39.86 39.84 39.87 39.91 39.87 39.81 39.79 39.79 39.8 39.8 39.81
39.88 39.87 39.91 39.9 39.89 39.89 39.91 39.92 39.91 39.93 39.99 40.05 40.07 40.09 40.08 40.06 40.06 40.08 40.08 40.05 39.99 39.98 40.01 40 39.99 40 40 39.99 39.96 39.91 39.92 39.95 39.97 39.93 39.9 39.91 39.94 39.96 39.97 39.95 39.93 39.93 39.91 39.89 39.9 39.91 39.93 39.95 39.94 39.92 39.91 39.91 39.93 39.95 39.96 39.95 39.91 39.9 39.92 39.94 39.94 39.91 39.87 39.88 39.91 39.92 39.89 39.84 39.84 39.86 39.9 39.87 39.81 39.79 39.78 39.75 39.76 39.79
39.87 39.89 39.94 39.93 39.91 39.91 39.94 39.97 39.98 39.97 40 40.04 40.06 40.07 40.05 40.01 40.02 40.06 40.06 40.03 39.99 39.98 40 40.01 40.01 40.02 40.02 40.04 40 39.93 39.95 40 40 39.95 39.91 39.92 39.93 39.91 39.9 39.91 39.92 39.93 39.91 39.89 39.89 39.92 39.94 39.96 39.96 39.95 39.95 39.94 39.92 39.91 39.92 39.91 39.88 39.87 39.88 39.89 39.89 39.88 39.84 39.83 39.87 39.9 39.88 39.84 39.84 39.85 39.86 39.84 39.83 39.81 39.77 39.74 39.73 39.77
39.89 39.9 39.92 39.92 39.91 39.92 39.98 40.03 40.03 39.99 39.98 40 40.02 40.06 40.07 40.05 40.01 40.03 40.05 40.02 39.97 39.99 40.02 40.02 40.01 39.99 39.97 40.01 40.01 39.97 39.99 40.01 40.01 39.96 39.92 39.92 39.93 39.93 39.95 39.97 39.94 39.94 39.94 39.92 39.92 39.92 39.91 39.92 39.95 39.93 39.94 39.95 39.93 39.92 39.91 39.9 39.9 39.91 39.9 39.87 39.84 39.85 39.83 39.81 39.84 39.86 39.86 39.85 39.87 39.86 39.83 39.8 39.81 39.81 39.77 39.76 39.76 39.79
39.91 39.91 39.93 39.93 39.92 39.94 40.01 40.05 40.03 39.98 39.94 39.97 40.03 40.09 40.13 40.09 40.01 40.01 40.05 40.03 39.98 40 40.04 40.03 40.01 40.01 40.03 40.05 40.04 39.98 39.96 39.99 40.03 40.01 39.98 39.95 39.95 39.94 39.96 39.96 39.92 39.91 39.94 39.96 39.95 39.93 39.91 39.91 39.94 39.94 39.94 39.96 39.96 39.95 39.94 39.91 39.89 39.92 39.92 39.86 39.82 39.83 39.84 39.81 39.8 39.79 39.8 39.84 39.86 39.85 39.82 39.79 39.78 39.77 39.76 39.75 39.75 39.78
39.91 39.95 39.97 39.96 39.95 39.97 40.01 40.02 40 39.97 39.93 39.95 40.02 40.09 40.13 40.08 40 39.98 39.99 40 40.01 40.03 40.03 40.02 40.01 40.04 40.08 40.09 40.07 40 39.96 39.99 40.04 40.03 40 39.98 39.97 39.93 39.94 39.94 39.91 39.9 39.94 39.98 39.97 39.96 39.94 39.93 39.96 39.96 39.96 39.97 39.97 39.95 39.93 39.91 39.89 39.9 39.91 39.86 39.81 39.84 39.87 39.83 39.78 39.76 39.79 39.84 39.85 39.84 39.8 39.76 39.73 39.73 39.73 39.74 39.73 39.74
39.95 39.99 40.01 39.99 39.98 39.99 40.02 40 40 40 39.97 39.98 40.03 40.08 40.1 40.06 39.97 39.96 39.99 40.02 40.04 40.02 40 39.99 39.99 40.02 40.06 40.08 40.05 39.98 39.95 39.97 40 40 39.99 40 39.99 39.95 39.95 39.96 39.93 39.91 39.94 39.98 39.98 39.97 39.95 39.95 39.96 39.93 39.93 39.94 39.94 39.91 39.9 39.95 39.99 39.98 39.9 39.82 39.79 39.81 39.85 39.83 39.8 39.8 39.82 39.85 39.86 39.84 39.8 39.77 39.76 39.76 39.75 39.74 39.75 39.78
39.99 40.03 40.03 40.01 39.98 39.98 40.01 40.03 40.02 40.02 40.01 40.04 40.07 40.04 40.01 40 39.98 39.98 40.03 40.05 40.07 40.04 40 39.98 39.99 40.02 40.03 40.03 40 39.95 39.94 39.96 39.98 39.99 39.99 39.98 39.98 39.95 39.97 39.98 39.95 39.93 39.95 39.97 39.95 39.94 39.94 39.96 39.95 39.9 39.89 39.91 39.92 39.92 39.93 39.96 39.97 39.98 39.93 39.84 39.82 39.83 39.86 39.86 39.84 39.82 39.8 39.81 39.83 39.82 39.8 39.78 39.79 39.81 39.78 39.74 39.76 39.81
40.01 40.04 40.04 40.03 40.01 39.99 40.01 40.03 40.03 40.02 40.01 40.04 40.06 40.03 40.02 40.02 40.04 40.06 40.06 40.05 40.06 40.08 40.04 40.01 40.01 40.02 40.02 40.01 39.99 39.97 39.97 39.98 40.01 40.02 40.02 40.01 39.98 39.96 39.97 39.97 39.94 39.94 39.96 39.98 39.97 39.96 39.94 39.93 39.93 39.92 39.9 39.92 39.91 39.93 39.94 39.92 39.91 39.93 39.91 39.87 39.87 39.86 39.85 39.84 39.81 39.79 39.78 39.79 39.78 39.78 39.77 39.76 39.77 39.79 39.77 39.75 39.75 39.79
40.03 40.07 40.07 40.07 40.06 40.05 40.07 40.06 40.03 40.01 40.02 40.06 40.1 40.07 40.06 40.06 40.07 40.07 40.06 40.04 40.07 40.11 40.1 40.07 40.04 40.03 40.02 40.01 40 39.99 39.99 39.99 40.03 40.06 40.07 40.07 40.03 40.01 39.99 39.97 39.96 39.95 39.97 40.01 40.01 39.98 39.94 39.92 39.91 39.93 39.94 39.94 39.93 39.95 39.95 39.93 39.92 39.92 39.88 39.86 39.87 39.86 39.85 39.82 39.78 39.78 39.81 39.82 39.8 39.78 39.77 39.75 39.75 39.75 39.77 39.8 39.77 39.76
40.13 40.15 40.16 40.14 40.1 40.1 40.12 40.09 40.03 40.02 40.04 40.09 40.13 40.12 40.12 40.11 40.09 40.07 40.04 40.02 40.06 40.11 40.12 40.1 40.06 40.03 40.03 40.03 40.01 39.98 39.97 39.98 40.01 40.06 40.06 40.04 40.04 40.05 40.03 40.04 40.07 40.04 40.01 40.01 40.01 39.96 39.91 39.93 39.97 39.99 39.98 39.95 39.94 39.94 39.94 39.92 39.91 39.89 39.85 39.83 39.83 39.84 39.84 39.82 39.78 39.78 39.81 39.83 39.8 39.78 39.78 39.76 39.75 39.75 39.78 39.81 39.79 39.76
40.18 40.22 40.22 40.19 40.13 40.1 40.09 40.06 40.01 40.03 40.05 40.09 40.15 40.19 40.19 40.17 40.13 40.09 40.05 40.01 40.06 40.11 40.12 40.11 40.08 40.07 40.06 40.07 40.06 40.04 40.02 40.02 40.01 40 40 40.01 40.05 40.07 40.08 40.09 40.12 40.08 40.06 40.06 40.02 39.96 39.92 39.97 40.02 40.03 40.01 39.96 39.93 39.93 39.92 39.9 39.89 39.86 39.84 39.83 39.83 39.84 39.85 39.81 39.79 39.78 39.79 39.8 39.77 39.77 39.78 39.78 39.78 39.79 39.8 39.79 39.78 39.76
40.13 40.16 40.16 40.15 40.12 40.08 40.05 40.05 40.06 40.07 40.06 40.09 40.17 40.23 40.24 40.2 40.15 40.11 40.07 40.03 40.07 40.13 40.16 40.14 40.11 40.08 40.07 40.08 40.09 40.09 40.09 40.09 40.07 40.06 40.08 40.1 40.09 40.09 40.11 40.11 40.08 40.05 40.03 40.04 40.02 40.01 39.98 39.98 39.99 40.01 40 39.95 39.92 39.94 39.95 39.91 39.87 39.86 39.84 39.85 39.85 39.86 39.85 39.8 39.77 39.78 39.79 39.79 39.76 39.75 39.78 39.8 39.81 39.82 39.82 39.83 39.8 39.76
40.08 40.06 40.05 40.08 40.12 40.09 40.07 40.1 40.13 40.1 40.06 40.07 40.16 40.22 40.23 40.19 40.13 40.09 40.05 40.04 40.08 40.11 40.12 40.11 40.07 40.05 40.06 40.1 40.12 40.13 40.1 40.05 40.05 40.08 40.17 40.2 40.15 40.09 40.07 40.08 40.03 39.98 39.98 40.05 40.06 40.06 40.05 40 39.95 39.96 39.97 39.95 39.94 39.95 39.97 39.93 39.88 39.86 39.85 39.86 39.87 39.89 39.87 39.82 39.8 39.8 39.81 39.8 39.77 39.74 39.76 39.78 39.81 39.83 39.83 39.84 39.82 39.77
