slabs/63.grd
DSAA
631 301
645780 646410
4946600 4946900
30.81 43.05
[rows 34 to 67 of 300, columns 468 to 545 of 631]
36.82 37.17 37.57 37.84 38.08 38.53 39.03 39.38 39.72 40.08 40.1 40.03 40.05 40.18 40.3 40.35 40.53 40.92 41.26 41.65 42.22 42.53 42.61 42.6 42.62 42.7 42.77 42.67 42.19 41.44 40.97 40.7 40.28 40.01 39.93 39.88 39.88 39.89 39.88 39.87 39.89 39.91 39.92 39.97 40.03 40.03 40.01 40.01 40.03 40.05 40.03 39.97 39.93 39.9 39.89 39.89 39.9 39.9 39.9 39.91 39.94 39.93 39.93 39.94 39.94 39.96 39.97 39.95 39.93 39.94 39.95 39.97 40 39.98 39.94 39.92 39.93 39.94
36.9 37.28 37.67 37.92 38.15 38.63 39.14 39.49 39.86 40.21 40.3 40.25 40.22 40.31 40.4 40.45 40.61 40.99 41.34 41.72 42.28 42.56 42.6 42.57 42.58 42.68 42.77 42.69 42.23 41.53 41.09 40.75 40.29 40.04 39.96 39.88 39.88 39.91 39.89 39.87 39.88 39.87 39.88 39.95 39.99 39.99 39.99 39.99 40 40.01 39.98 39.92 39.88 39.87 39.86 39.86 39.88 39.9 39.9 39.91 39.92 39.9 39.9 39.92 39.95 39.97 39.96 39.93 39.93 39.93 39.93 39.94 39.93 39.93 39.92 39.9 39.89 39.92
36.93 37.32 37.7 37.95 38.18 38.68 39.13 39.51 39.99 40.29 40.41 40.39 40.38 40.42 40.44 40.41 40.45 40.84 41.28 41.7 42.27 42.55 42.6 42.57 42.58 42.69 42.79 42.69 42.23 41.67 41.25 40.73 40.24 40.02 39.96 39.9 39.88 39.9 39.91 39.9 39.88 39.84 39.87 39.93 39.94 39.94 39.95 39.97 39.96 39.94 39.92 39.89 39.88 39.88 39.87 39.86 39.87 39.88 39.91 39.92 39.92 39.9 39.91 39.94 39.96 39.97 39.96 39.93 39.91 39.88 39.87 39.89 39.9 39.89 39.87 39.88 39.88 39.91
36.92 37.3 37.65 37.89 38.16 38.66 39.12 39.5 39.92 40.18 40.33 40.37 40.41 40.43 40.43 40.35 40.32 40.73 41.23 41.65 42.24 42.56 42.62 42.58 42.59 42.67 42.73 42.64 42.2 41.74 41.32 40.67 40.16 39.96 39.92 39.9 39.88 39.88 39.9 39.9 39.88 39.85 39.89 39.92 39.91 39.9 39.91 39.92 39.91 39.9 39.91 39.9 39.9 39.91 39.89 39.86 39.86 39.86 39.89 39.9 39.87 39.86 39.86 39.91 39.95 39.97 39.97 39.95 39.92 39.89 39.86 39.87 39.87 39.86 39.86 39.89 39.89 39.91
36.93 37.31 37.56 37.78 38.14 38.62 39.03 39.39 39.8 40.05 40.19 40.27 40.33 40.37 40.4 40.37 40.43 40.84 41.28 41.73 42.33 42.6 42.64 42.59 42.59 42.65 42.7 42.59 42.17 41.77 41.36 40.65 40.12 39.94 39.91 39.89 39.88 39.89 39.87 39.86 39.88 39.9 39.94 39.94 39.9 39.86 39.87 39.88 39.85 39.85 39.87 39.88 39.87 39.87 39.86 39.86 39.88 39.86 39.85 39.84 39.81 39.8 39.82 39.88 39.93 39.95 39.96 39.97 39.97 39.93 39.88 39.87 39.87 39.87 39.88 39.9 39.9 39.89
37.08 37.41 37.64 37.83 38.16 38.58 38.91 39.21 39.63 39.92 40.08 40.16 40.24 40.3 40.35 40.43 40.67 41.06 41.38 41.87 42.5 42.73 42.71 42.61 42.59 42.63 42.68 42.59 42.19 41.81 41.4 40.69 40.15 39.96 39.92 39.89 39.88 39.91 39.88 39.85 39.88 39.91 39.93 39.94 39.93 39.89 39.86 39.86 39.83 39.84 39.86 39.87 39.88 39.88 39.86 39.85 39.87 39.86 39.84 39.83 39.83 39.83 39.83 39.87 39.92 39.93 39.94 39.95 39.95 39.93 39.9 39.86 39.86 39.89 39.9 39.91 39.91 39.88
37.23 37.56 37.78 37.96 38.26 38.57 38.79 39.03 39.45 39.8 39.97 40.05 40.14 40.26 40.37 40.52 40.82 41.1 41.39 41.97 42.59 42.8 42.76 42.63 42.6 42.61 42.65 42.6 42.22 41.82 41.42 40.76 40.24 40 39.93 39.86 39.87 39.9 39.88 39.86 39.9 39.95 39.97 39.94 39.91 39.88 39.86 39.85 39.83 39.83 39.84 39.86 39.86 39.85 39.83 39.83 39.84 39.83 39.83 39.84 39.85 39.85 39.85 39.88 39.9 39.92 39.92 39.92 39.92 39.92 39.89 39.86 39.85 39.87 39.89 39.92 39.93 39.89
37.39 37.72 37.92 38.07 38.32 38.58 38.76 38.98 39.37 39.72 39.9 39.95 40.03 40.23 40.44 40.65 40.94 41.09 41.37 41.98 42.55 42.79 42.77 42.66 42.59 42.59 42.61 42.55 42.19 41.81 41.47 40.87 40.36 40.11 39.98 39.86 39.85 39.86 39.87 39.85 39.85 39.9 39.95 39.92 39.86 39.86 39.87 39.87 39.87 39.88 39.86 39.83 39.84 39.85 39.84 39.84 39.83 39.82 39.83 39.85 39.85 39.85 39.86 39.88 39.9 39.9 39.9 39.9 39.91 39.91 39.89 39.86 39.86 39.86 39.88 39.92 39.93 39.91
37.54 37.82 37.99 38.12 38.34 38.59 38.78 38.99 39.35 39.67 39.84 39.9 40.03 40.24 40.48 40.77 41.05 41.15 41.39 41.93 42.51 42.84 42.83 42.68 42.57 42.56 42.58 42.52 42.19 41.86 41.53 40.97 40.5 40.24 40.05 39.87 39.87 39.91 39.9 39.84 39.85 39.87 39.9 39.9 39.91 39.9 39.88 39.88 39.89 39.89 39.87 39.82 39.81 39.83 39.85 39.85 39.85 39.85 39.84 39.85 39.84 39.83 39.85 39.86 39.87 39.87 39.88 39.89 39.89 39.89 39.89 39.89 39.89 39.88 39.89 39.9 39.93 39.93
37.66 37.89 38.03 38.15 38.36 38.59 38.79 39.01 39.38 39.66 39.81 39.97 40.2 40.37 40.52 40.8 41.05 41.14 41.35 41.89 42.49 42.82 42.85 42.73 42.6 42.58 42.61 42.58 42.24 41.85 41.52 41 40.56 40.29 40.09 39.91 39.89 39.91 39.89 39.84 39.83 39.86 39.88 39.89 39.92 39.91 39.87 39.87 39.9 39.91 39.91 39.86 39.79 39.79 39.81 39.83 39.86 39.86 39.85 39.86 39.83 39.81 39.83 39.84 39.84 39.84 39.87 39.88 39.9 39.89 39.88 39.91 39.92 39.91 39.92 39.93 39.97 39.97
37.85 38.04 38.15 38.24 38.41 38.58 38.78 39.1 39.49 39.73 39.86 40.11 40.41 40.55 40.6 40.79 41.03 41.13 41.29 41.83 42.49 42.79 42.83 42.73 42.6 42.6 42.65 42.64 42.34 41.96 41.59 41.07 40.75 40.52 40.21 39.97 39.89 39.88 39.86 39.83 39.83 39.85 39.87 39.88 39.9 39.89 39.87 39.87 39.9 39.91 39.9 39.84 39.79 39.76 39.76 39.79 39.82 39.85 39.86 39.88 39.86 39.82 39.83 39.86 39.86 39.86 39.88 39.9 39.9 39.87 39.88 39.9 39.93 39.95 39.93 39.93 39.95 39.93
38.05 38.24 38.34 38.41 38.54 38.62 38.84 39.3 39.72 39.92 39.97 40.17 40.44 40.54 40.56 40.73 40.96 41.04 41.21 41.83 42.62 42.98 42.93 42.72 42.6 42.61 42.67 42.69 42.58 42.23 41.67 41.14 40.86 40.67 40.35 40.05 39.91 39.88 39.84 39.81 39.82 39.82 39.84 39.88 39.92 39.91 39.89 39.88 39.89 39.89 39.85 39.8 39.81 39.81 39.78 39.78 39.8 39.82 39.85 39.88 39.87 39.84 39.81 39.79 39.81 39.85 39.89 39.92 39.89 39.86 39.89 39.92 39.93 39.94 39.92 39.92 39.94 39.93
38.19 38.4 38.52 38.62 38.73 38.8 39.02 39.5 39.92 40.1 40.18 40.35 40.51 40.55 40.57 40.68 40.82 40.88 41.13 41.84 42.65 43.05 42.97 42.73 42.6 42.59 42.62 42.66 42.65 42.35 41.73 41.18 40.92 40.75 40.43 40.12 39.95 39.9 39.84 39.8 39.79 39.79 39.81 39.87 39.92 39.92 39.89 39.9 39.91 39.9 39.85 39.81 39.83 39.85 39.83 39.79 39.78 39.79 39.82 39.85 39.87 39.87 39.83 39.83 39.85 39.88 39.9 39.92 39.9 39.87 39.9 39.94 39.96 39.96 39.94 39.93 39.91 39.9
38.33 38.51 38.64 38.81 38.91 38.94 39.12 39.57 40.03 40.24 40.31 40.45 40.54 40.53 40.51 40.54 40.62 40.72 41.06 41.84 42.6 42.99 42.95 42.72 42.58 42.57 42.61 42.64 42.63 42.38 41.81 41.27 41 40.81 40.49 40.19 40 39.92 39.85 39.82 39.81 39.8 39.82 39.85 39.86 39.85 39.85 39.89 39.9 39.87 39.84 39.83 39.82 39.84 39.85 39.82 39.79 39.79 39.81 39.83 39.85 39.86 39.86 39.89 39.92 39.94 39.93 39.94 39.91 39.87 39.88 39.91 39.96 39.97 39.95 39.92 39.89 39.89
38.49 38.65 38.77 38.96 39.09 39.12 39.24 39.62 40.09 40.32 40.34 40.39 40.45 40.44 40.4 40.37 40.44 40.58 40.98 41.78 42.43 42.77 42.88 42.72 42.59 42.59 42.63 42.63 42.62 42.43 41.99 41.45 41.09 40.87 40.55 40.26 40.06 39.96 39.86 39.86 39.88 39.87 39.85 39.84 39.83 39.82 39.82 39.84 39.85 39.84 39.82 39.82 39.82 39.85 39.86 39.85 39.83 39.8 39.79 39.78 39.81 39.84 39.86 39.9 39.93 39.94 39.91 39.92 39.91 39.88 39.9 39.91 39.93 39.93 39.93 39.91 39.88 39.87
38.64 38.76 38.88 39.05 39.17 39.23 39.38 39.77 40.23 40.47 40.45 40.4 40.38 40.35 40.32 40.29 40.34 40.46 40.89 41.69 42.27 42.61 42.85 42.77 42.64 42.63 42.65 42.64 42.62 42.5 42.16 41.6 41.15 40.91 40.59 40.31 40.12 40.01 39.89 39.87 39.89 39.9 39.88 39.85 39.85 39.83 39.81 39.81 39.82 39.81 39.78 39.78 39.8 39.84 39.85 39.83 39.81 39.8 39.79 39.78 39.8 39.83 39.86 39.89 39.92 39.91 39.89 39.9 39.89 39.9 39.94 39.93 39.91 39.92 39.91 39.9 39.88 39.88
38.73 38.86 38.96 39.09 39.21 39.32 39.5 39.91 40.35 40.55 40.51 40.4 40.32 40.28 40.26 40.29 40.36 40.46 40.83 41.51 42.07 42.46 42.83 42.82 42.69 42.66 42.65 42.64 42.65 42.54 42.21 41.65 41.22 40.96 40.61 40.38 40.23 40.08 39.91 39.85 39.85 39.85 39.85 39.88 39.87 39.81 39.79 39.81 39.8 39.79 39.81 39.84 39.83 39.84 39.86 39.84 39.82 39.81 39.8 39.8 39.82 39.83 39.84 39.89 39.95 39.94 39.9 39.89 39.89 39.9 39.93 39.92 39.9 39.91 39.9 39.88 39.87 39.9
38.81 38.92 38.99 39.07 39.19 39.34 39.53 39.93 40.32 40.48 40.47 40.36 40.27 40.23 40.24 40.34 40.43 40.53 40.81 41.35 41.84 42.24 42.68 42.76 42.71 42.67 42.63 42.64 42.68 42.57 42.23 41.73 41.38 41.08 40.71 40.55 40.37 40.12 39.97 39.92 39.87 39.81 39.82 39.87 39.86 39.82 39.81 39.82 39.81 39.79 39.82 39.85 39.84 39.84 39.86 39.85 39.85 39.85 39.85 39.86 39.87 39.87 39.87 39.9 39.95 39.96 39.94 39.91 39.89 39.9 39.91 39.9 39.89 39.89 39.88 39.85 39.83 39.88
38.86 38.94 38.99 39.06 39.18 39.32 39.49 39.83 40.14 40.28 40.33 40.28 40.21 40.2 40.26 40.36 40.43 40.53 40.83 41.31 41.69 42 42.39 42.61 42.68 42.64 42.61 42.64 42.67 42.59 42.27 41.83 41.55 41.24 40.88 40.76 40.53 40.18 40.02 39.98 39.93 39.86 39.84 39.84 39.83 39.81 39.8 39.82 39.8 39.77 39.79 39.82 39.82 39.84 39.88 39.89 39.9 39.9 39.89 39.89 39.88 39.9 39.91 39.93 39.94 39.97 40 39.97 39.91 39.9 39.92 39.92 39.9 39.88 39.87 39.84 39.84 39.86
38.9 38.95 38.99 39.05 39.16 39.29 39.46 39.77 40 40.12 40.22 40.23 40.18 40.19 40.26 40.33 40.38 40.5 40.84 41.28 41.57 41.8 42.17 42.49 42.66 42.65 42.61 42.62 42.65 42.62 42.39 42.09 41.82 41.39 41.03 40.9 40.69 40.29 40.04 39.98 39.93 39.87 39.84 39.82 39.82 39.82 39.82 39.82 39.81 39.77 39.78 39.82 39.84 39.86 39.9 39.91 39.91 39.91 39.91 39.89 39.87 39.9 39.92 39.96 40 40 40.02 39.99 39.92 39.9 39.92 39.93 39.93 39.91 39.87 39.85 39.85 39.88
38.9 38.94 38.97 39.01 39.08 39.22 39.46 39.79 40.02 40.12 40.18 40.21 40.21 40.22 40.27 40.34 40.39 40.53 40.85 41.21 41.44 41.69 42.14 42.53 42.7 42.66 42.61 42.63 42.62 42.61 42.5 42.3 42.04 41.58 41.18 41.02 40.79 40.37 40.07 39.98 39.95 39.89 39.84 39.82 39.82 39.84 39.84 39.82 39.82 39.81 39.82 39.85 39.86 39.88 39.9 39.9 39.89 39.9 39.93 39.92 39.91 39.93 39.94 39.99 40.03 39.98 39.94 39.92 39.91 39.92 39.95 39.96 39.95 39.91 39.88 39.86 39.86 39.9
38.89 38.92 38.93 38.96 39.01 39.16 39.47 39.81 40.05 40.13 40.17 40.19 40.22 40.22 40.26 40.38 40.44 40.55 40.8 41.11 41.3 41.6 42.15 42.54 42.68 42.66 42.62 42.62 42.6 42.61 42.58 42.49 42.23 41.69 41.25 41.08 40.87 40.44 40.1 39.97 39.94 39.9 39.85 39.84 39.84 39.86 39.87 39.85 39.85 39.86 39.86 39.86 39.85 39.85 39.86 39.89 39.9 39.9 39.94 39.93 39.93 39.96 39.96 40 40.02 39.97 39.95 39.95 39.94 39.94 39.93 39.95 39.94 39.89 39.9 39.9 39.89 39.9
38.9 38.9 38.91 38.94 38.97 39.14 39.49 39.84 40.07 40.16 40.2 40.19 40.21 40.23 40.27 40.35 40.4 40.47 40.7 41 41.19 41.49 42.04 42.44 42.58 42.64 42.61 42.56 42.57 42.62 42.65 42.62 42.38 41.81 41.33 41.15 40.98 40.58 40.17 39.98 39.94 39.9 39.87 39.85 39.86 39.88 39.89 39.89 39.9 39.9 39.9 39.88 39.85 39.85 39.87 39.89 39.91 39.92 39.92 39.94 39.95 39.96 39.96 39.99 40 40 40.02 40.02 40.01 40 39.96 39.94 39.94 39.91 39.91 39.9 39.88 39.88
38.87 38.87 38.89 38.93 38.93 39.12 39.5 39.86 40.08 40.17 40.19 40.16 40.17 40.2 40.24 40.24 40.25 40.34 40.57 40.8 40.98 41.32 41.87 42.28 42.45 42.59 42.61 42.56 42.58 42.63 42.66 42.69 42.54 42.09 41.6 41.35 41.15 40.73 40.28 40.05 39.97 39.91 39.88 39.85 39.86 39.87 39.86 39.9 39.94 39.94 39.95 39.92 39.87 39.88 39.91 39.91 39.92 39.95 39.97 39.97 39.95 39.97 39.98 39.97 39.99 40.03 40.05 40.04 40.01 40 39.96 39.94 39.93 39.91 39.92 39.9 39.88 39.89
38.84 38.85 38.89 38.93 38.93 39.08 39.46 39.87 40.1 40.19 40.24 40.21 40.2 40.21 40.22 40.22 40.24 40.31 40.49 40.67 40.82 41.13 41.66 42.07 42.26 42.48 42.6 42.6 42.61 42.61 42.63 42.69 42.67 42.39 41.9 41.59 41.31 40.82 40.41 40.18 40.02 39.91 39.89 39.89 39.9 39.9 39.89 39.92 39.95 39.93 39.94 39.93 39.91 39.92 39.93 39.94 39.96 39.95 39.95 39.95 39.97 40 40.02 40.01 40.02 40.04 40.03 40.01 40 39.98 39.97 39.96 39.94 39.93 39.94 39.92 39.88 39.9
38.86 38.9 38.95 38.99 39.02 39.08 39.38 39.84 40.11 40.25 40.34 40.26 40.2 40.19 40.19 40.2 40.24 40.29 40.38 40.49 40.59 40.87 41.39 41.78 42.02 42.33 42.54 42.63 42.62 42.59 42.62 42.65 42.7 42.54 42.07 41.75 41.44 40.9 40.54 40.31 40.06 39.94 39.92 39.92 39.93 39.92 39.89 39.91 39.94 39.95 39.94 39.91 39.88 39.9 39.92 39.93 39.96 39.96 39.95 39.96 40 40.04 40.05 40.05 40.04 40.05 40.03 40 40.01 40.01 40 40.01 40.01 40.01 40.01 39.96 39.9 39.9
38.92 38.97 39 39.02 39.05 39.1 39.37 39.81 40.07 40.26 40.38 40.3 40.23 40.22 40.22 40.22 40.25 40.3 40.33 40.36 40.4 40.65 41.16 41.52 41.85 42.29 42.55 42.67 42.64 42.6 42.61 42.63 42.7 42.63 42.3 42.03 41.63 41.04 40.71 40.46 40.14 40 39.96 39.96 39.96 39.93 39.91 39.92 39.94 39.95 39.95 39.92 39.89 39.88 39.89 39.92 39.96 39.96 39.96 39.97 40.01 40.05 40.06 40.06 40.05 40.04 40.05 40.04 40.04 40.05 40.05 40.05 40.07 40.08 40.07 40.01 39.94 39.93
38.96 39.02 39.07 39.09 39.11 39.18 39.45 39.8 40.03 40.26 40.36 40.29 40.24 40.25 40.27 40.28 40.3 40.33 40.35 40.35 40.37 40.56 41.01 41.37 41.77 42.36 42.66 42.74 42.69 42.62 42.62 42.61 42.68 42.68 42.53 42.29 41.78 41.15 40.76 40.5 40.18 40.05 40.02 40 39.97 39.93 39.91 39.91 39.95 39.96 39.95 39.95 39.95 39.93 39.91 39.93 39.96 39.98 39.99 40.01 40.02 40.05 40.05 40.05 40.06 40.06 40.08 40.07 40.06 40.08 40.08 40.06 40.06 40.07 40.08 40.05 39.98 39.97
39.01 39.07 39.13 39.13 39.15 39.22 39.45 39.68 39.91 40.19 40.3 40.27 40.24 40.26 40.3 40.31 40.33 40.36 40.38 40.38 40.4 40.55 40.92 41.26 41.64 42.27 42.64 42.71 42.7 42.67 42.65 42.64 42.65 42.65 42.55 42.33 41.87 41.21 40.73 40.44 40.16 40.06 39.99 39.99 39.99 39.94 39.89 39.88 39.93 39.98 39.97 39.96 39.98 39.97 39.96 39.98 40.01 40.03 40.06 40.07 40.05 40.05 40.04 40.05 40.08 40.09 40.09 40.07 40.07 40.07 40.08 40.07 40.07 40.09 40.1 40.07 40.01 39.99
39.06 39.12 39.18 39.19 39.21 39.25 39.39 39.55 39.78 40.12 40.26 40.27 40.27 40.28 40.3 40.28 40.31 40.37 40.39 40.4 40.42 40.55 40.87 41.16 41.46 42.02 42.41 42.56 42.66 42.69 42.64 42.61 42.62 42.62 42.57 42.39 41.93 41.24 40.75 40.49 40.24 40.12 40.03 40 39.99 39.94 39.89 39.88 39.91 39.97 39.97 39.96 39.99 39.99 40 40.03 40.08 40.1 40.1 40.1 40.07 40.03 40.04 40.06 40.07 40.08 40.08 40.08 40.07 40.06 40.1 40.13 40.11 40.12 40.08 40.04 40.02 40
39.04 39.13 39.21 39.24 39.26 39.27 39.37 39.5 39.74 40.11 40.27 40.3 40.29 40.29 40.31 40.3 40.34 40.41 40.41 40.41 40.45 40.57 40.79 40.97 41.3 41.85 42.22 42.41 42.61 42.68 42.64 42.62 42.6 42.57 42.55 42.44 42.03 41.36 40.85 40.6 40.31 40.14 40.05 40.01 39.98 39.95 39.93 39.93 39.94 39.97 39.97 39.98 40.01 40.01 40.02 40.06 40.12 40.14 40.13 40.11 40.06 39.99 40.01 40.06 40.06 40.07 40.08 40.1 40.09 40.09 40.12 40.15 40.13 40.09 40.02 40.01 40.05 40.09
39.02 39.12 39.22 39.24 39.26 39.3 39.38 39.47 39.7 40.07 40.26 40.31 40.31 40.3 40.33 40.37 40.39 40.42 40.42 40.42 40.41 40.48 40.62 40.81 41.18 41.71 42.1 42.32 42.58 42.69 42.67 42.64 42.6 42.55 42.53 42.44 42.14 41.55 41.07 40.79 40.41 40.19 40.11 40.06 40.02 40.02 40.01 40 39.99 39.98 39.98 39.99 40.02 40.04 40.05 40.06 40.11 40.15 40.14 40.1 40.05 40 40.03 40.08 40.1 40.11 40.11 40.12 40.12 40.11 40.12 40.12 40.1 40.06 40.01 40.01 40.05 40.1
39.05 39.14 39.22 39.23 39.25 39.33 39.41 39.43 39.62 40 40.23 40.3 40.31 40.3 40.32 40.34 40.36 40.42 40.45 40.43 40.4 40.45 40.52 40.69 41.03 41.55 41.98 42.25 42.55 42.69 42.69 42.65 42.6 42.55 42.52 42.45 42.24 41.82 41.43 41.09 40.59 40.33 40.24 40.12 40.06 40.08 40.07 40.03 40.02 40.02 40.02 40.02 40.04 40.07 40.08 40.08 40.12 40.15 40.13 40.09 40.08 40.07 40.08 40.1 40.1 40.1 40.13 40.18 40.2 40.16 40.1 40.09 40.07 40.05 40.03 40.04 40.04 40.07
39.04 39.11 39.18 39.21 39.24 39.34 39.41 39.38 39.54 39.92 40.2 40.3 40.29 40.31 40.35 40.36 40.35 40.39 40.46 40.45 40.41 40.45 40.53 40.64 40.92 41.44 41.86 42.15 42.52 42.69 42.72 42.67 42.58 42.54 42.51 42.44 42.31 42.05 41.78 41.4 40.83 40.55 40.41 40.19 40.06 40.06 40.07 40.06 40.05 40.06 40.06 40.05 40.05 40.08 40.07 40.1 40.16 40.16 40.13 40.14 40.17 40.17 40.16 40.17 40.17 40.14 40.13 40.16 40.18 40.15 40.11 40.08 40.06 40.06 40.07 40.07 40.06 40.07
