slabs/63.grd
DSAA
631 301
645780 646410
4946600 4946900
30.81 43.05
[rows 136 to 169 of 300, columns 0 to 77 of 631]
37.96 37.87 37.77 37.73 37.7 37.7 37.76 37.81 37.74 37.6 37.48 37.41 37.34 37.25 37.26 37.34 37.33 37.31 37.3 37.3 37.31 37.31 37.32 37.31 37.27 37.25 37.27 37.3 37.33 37.33 37.32 37.32 37.34 37.34 37.32 37.27 37.22 37.2 37.2 37.22 37.25 37.24 37.28 37.31 37.21 37.11 37.07 37 37.04 37.15 37.24 37.32 37.31 37.25 37.22 37.22 37.24 37.22 37.22 37.19 37.11 37.08 37.13 37.18 37.19 37.2 37.19 37.17 37.17 37.17 37.21 37.31 37.37 37.34 37.25 37.18 37.16 37.15
37.97 37.89 37.85 37.84 37.83 37.82 37.85 37.88 37.81 37.65 37.51 37.44 37.37 37.28 37.27 37.31 37.31 37.28 37.26 37.26 37.28 37.3 37.3 37.31 37.32 37.31 37.28 37.29 37.31 37.32 37.33 37.35 37.39 37.35 37.28 37.24 37.2 37.19 37.2 37.22 37.25 37.25 37.28 37.31 37.25 37.18 37.07 36.93 37 37.14 37.23 37.31 37.29 37.25 37.23 37.24 37.27 37.27 37.24 37.2 37.13 37.1 37.14 37.17 37.14 37.14 37.17 37.2 37.21 37.21 37.24 37.29 37.31 37.26 37.2 37.18 37.17 37.18
38.01 37.96 37.99 38.02 38 37.97 37.92 37.89 37.8 37.61 37.49 37.43 37.35 37.28 37.25 37.28 37.3 37.29 37.27 37.27 37.28 37.28 37.28 37.29 37.31 37.3 37.27 37.27 37.3 37.33 37.35 37.38 37.4 37.33 37.25 37.21 37.18 37.17 37.18 37.21 37.24 37.25 37.27 37.3 37.28 37.26 37.14 36.98 37.02 37.14 37.2 37.26 37.23 37.19 37.2 37.26 37.29 37.3 37.26 37.21 37.19 37.18 37.21 37.2 37.16 37.16 37.2 37.24 37.25 37.24 37.23 37.23 37.24 37.22 37.18 37.18 37.19 37.2
38.1 38.09 38.15 38.17 38.14 38.06 37.93 37.84 37.73 37.58 37.54 37.47 37.36 37.29 37.26 37.27 37.3 37.31 37.31 37.31 37.31 37.28 37.24 37.23 37.25 37.27 37.27 37.27 37.28 37.31 37.32 37.35 37.36 37.31 37.25 37.19 37.16 37.15 37.16 37.2 37.23 37.24 37.25 37.28 37.29 37.28 37.21 37.1 37.08 37.13 37.17 37.22 37.18 37.11 37.16 37.26 37.28 37.26 37.25 37.23 37.21 37.21 37.23 37.22 37.18 37.19 37.23 37.27 37.28 37.25 37.18 37.17 37.21 37.22 37.2 37.2 37.21 37.2
38.19 38.19 38.2 38.17 38.13 38.04 37.91 37.81 37.72 37.63 37.58 37.48 37.36 37.31 37.29 37.29 37.31 37.34 37.37 37.36 37.32 37.24 37.17 37.17 37.19 37.23 37.25 37.24 37.26 37.29 37.3 37.3 37.29 37.24 37.2 37.17 37.15 37.14 37.16 37.2 37.22 37.21 37.2 37.23 37.26 37.25 37.23 37.2 37.17 37.15 37.18 37.24 37.24 37.18 37.19 37.21 37.19 37.21 37.24 37.25 37.25 37.25 37.24 37.21 37.18 37.19 37.21 37.22 37.21 37.21 37.15 37.14 37.21 37.24 37.26 37.26 37.25 37.19
38.21 38.19 38.16 38.12 38.07 37.99 37.89 37.83 37.74 37.6 37.51 37.44 37.36 37.33 37.31 37.28 37.3 37.36 37.38 37.35 37.28 37.21 37.16 37.17 37.19 37.22 37.24 37.24 37.26 37.29 37.29 37.27 37.2 37.13 37.12 37.13 37.13 37.14 37.17 37.23 37.22 37.18 37.16 37.17 37.2 37.2 37.19 37.21 37.23 37.23 37.24 37.29 37.34 37.33 37.27 37.17 37.1 37.17 37.27 37.28 37.27 37.26 37.23 37.17 37.13 37.13 37.11 37.05 37.01 37.09 37.13 37.11 37.17 37.24 37.3 37.32 37.28 37.19
38.24 38.22 38.16 38.09 37.99 37.91 37.83 37.81 37.73 37.56 37.46 37.42 37.36 37.31 37.28 37.27 37.3 37.35 37.36 37.32 37.25 37.2 37.18 37.2 37.21 37.22 37.24 37.26 37.27 37.3 37.29 37.23 37.11 37.02 37.01 37.02 37.07 37.11 37.17 37.24 37.23 37.18 37.16 37.14 37.13 37.12 37.12 37.14 37.2 37.25 37.28 37.31 37.34 37.35 37.29 37.18 37.12 37.18 37.28 37.26 37.22 37.22 37.21 37.16 37.14 37.15 37.13 37.07 37.06 37.13 37.18 37.14 37.16 37.24 37.29 37.31 37.29 37.23
38.27 38.28 38.2 38.1 37.96 37.86 37.78 37.75 37.67 37.51 37.41 37.38 37.34 37.26 37.2 37.21 37.27 37.32 37.32 37.29 37.23 37.16 37.16 37.2 37.22 37.22 37.26 37.28 37.24 37.22 37.22 37.18 37.08 36.99 36.96 36.95 37.01 37.08 37.14 37.23 37.24 37.2 37.16 37.12 37.11 37.11 37.09 37.07 37.07 37.14 37.24 37.28 37.27 37.31 37.33 37.26 37.2 37.23 37.27 37.23 37.18 37.18 37.19 37.21 37.25 37.26 37.24 37.22 37.21 37.24 37.26 37.23 37.23 37.24 37.26 37.26 37.25 37.22
38.19 38.25 38.21 38.09 37.93 37.8 37.71 37.65 37.56 37.45 37.36 37.35 37.34 37.27 37.19 37.19 37.21 37.24 37.27 37.26 37.19 37.1 37.09 37.16 37.19 37.2 37.24 37.28 37.22 37.16 37.16 37.16 37.12 37.06 37.01 36.96 37 37.06 37.12 37.22 37.26 37.25 37.21 37.18 37.18 37.17 37.11 37.04 37.02 37.09 37.2 37.23 37.23 37.26 37.26 37.23 37.26 37.27 37.25 37.21 37.15 37.14 37.17 37.25 37.32 37.34 37.34 37.35 37.34 37.32 37.29 37.26 37.25 37.23 37.22 37.2 37.18 37.17
38.09 38.14 38.12 38.02 37.86 37.72 37.65 37.58 37.48 37.4 37.34 37.35 37.36 37.3 37.24 37.23 37.22 37.22 37.25 37.23 37.17 37.12 37.11 37.12 37.12 37.11 37.16 37.24 37.24 37.2 37.19 37.19 37.16 37.1 37.05 37.02 37.07 37.13 37.19 37.27 37.29 37.3 37.28 37.25 37.24 37.2 37.11 37.03 36.99 37.04 37.14 37.21 37.22 37.25 37.27 37.26 37.27 37.27 37.25 37.22 37.18 37.15 37.16 37.24 37.31 37.33 37.32 37.34 37.33 37.28 37.24 37.22 37.22 37.21 37.19 37.19 37.17 37.17
37.95 37.97 37.94 37.86 37.72 37.63 37.58 37.52 37.44 37.37 37.33 37.33 37.33 37.31 37.29 37.28 37.21 37.16 37.16 37.17 37.17 37.19 37.2 37.17 37.09 37.03 37.08 37.19 37.21 37.17 37.18 37.19 37.16 37.11 37.1 37.11 37.17 37.23 37.27 37.29 37.29 37.28 37.29 37.3 37.27 37.22 37.12 37.04 36.99 37.03 37.13 37.21 37.24 37.28 37.3 37.26 37.26 37.24 37.22 37.22 37.21 37.18 37.17 37.2 37.22 37.21 37.21 37.25 37.24 37.19 37.19 37.21 37.21 37.19 37.21 37.24 37.23 37.25
37.83 37.79 37.71 37.63 37.54 37.5 37.45 37.39 37.39 37.36 37.33 37.31 37.3 37.3 37.31 37.29 37.16 37.04 37.03 37.09 37.16 37.21 37.24 37.26 37.21 37.15 37.16 37.2 37.18 37.13 37.15 37.17 37.16 37.16 37.16 37.18 37.23 37.27 37.3 37.29 37.28 37.26 37.28 37.31 37.27 37.22 37.14 37.09 37.06 37.09 37.17 37.24 37.26 37.26 37.24 37.21 37.2 37.2 37.19 37.2 37.2 37.19 37.16 37.16 37.14 37.1 37.14 37.21 37.22 37.21 37.21 37.22 37.2 37.2 37.22 37.23 37.24 37.28
37.71 37.6 37.45 37.38 37.37 37.41 37.37 37.33 37.36 37.38 37.34 37.31 37.29 37.26 37.28 37.29 37.17 37.07 37.05 37.09 37.18 37.24 37.27 37.31 37.35 37.38 37.34 37.23 37.13 37.11 37.13 37.15 37.16 37.17 37.2 37.24 37.27 37.29 37.29 37.27 37.27 37.25 37.26 37.28 37.26 37.23 37.21 37.2 37.16 37.18 37.23 37.27 37.26 37.22 37.16 37.13 37.15 37.18 37.19 37.2 37.21 37.2 37.16 37.15 37.14 37.13 37.17 37.22 37.26 37.29 37.27 37.24 37.21 37.19 37.19 37.2 37.22 37.26
37.57 37.47 37.35 37.3 37.33 37.4 37.41 37.36 37.35 37.4 37.38 37.3 37.24 37.17 37.2 37.23 37.18 37.15 37.14 37.16 37.22 37.28 37.3 37.35 37.42 37.45 37.35 37.17 37.07 37.07 37.1 37.13 37.15 37.18 37.22 37.25 37.27 37.29 37.29 37.27 37.27 37.26 37.26 37.28 37.28 37.29 37.33 37.3 37.22 37.21 37.24 37.28 37.25 37.18 37.1 37.09 37.13 37.19 37.22 37.22 37.23 37.22 37.18 37.15 37.16 37.17 37.2 37.24 37.26 37.25 37.25 37.26 37.23 37.18 37.18 37.21 37.24 37.27
37.47 37.44 37.39 37.33 37.34 37.41 37.41 37.33 37.3 37.34 37.32 37.23 37.13 37.07 37.08 37.1 37.14 37.2 37.23 37.24 37.25 37.26 37.27 37.32 37.37 37.38 37.27 37.11 37.05 37.06 37.09 37.12 37.14 37.18 37.23 37.25 37.25 37.28 37.29 37.29 37.3 37.29 37.3 37.29 37.27 37.28 37.34 37.33 37.23 37.19 37.21 37.26 37.24 37.14 37.07 37.09 37.14 37.2 37.22 37.2 37.21 37.24 37.21 37.19 37.19 37.21 37.22 37.22 37.22 37.19 37.18 37.2 37.19 37.18 37.21 37.25 37.26 37.23
37.45 37.43 37.36 37.25 37.26 37.39 37.39 37.29 37.23 37.23 37.23 37.16 37.05 37 37.01 37.07 37.15 37.24 37.25 37.21 37.19 37.22 37.24 37.28 37.3 37.29 37.21 37.1 37.06 37.08 37.1 37.13 37.15 37.19 37.24 37.24 37.24 37.27 37.28 37.3 37.32 37.33 37.32 37.28 37.23 37.23 37.27 37.28 37.24 37.2 37.18 37.18 37.16 37.08 37.07 37.13 37.2 37.27 37.26 37.23 37.26 37.28 37.24 37.21 37.21 37.24 37.25 37.25 37.24 37.2 37.16 37.16 37.16 37.15 37.17 37.24 37.24 37.16
37.42 37.4 37.32 37.22 37.25 37.36 37.35 37.25 37.2 37.19 37.17 37.1 37.03 37.01 37.05 37.12 37.21 37.29 37.27 37.19 37.15 37.18 37.23 37.27 37.27 37.26 37.2 37.13 37.11 37.12 37.13 37.16 37.18 37.22 37.27 37.26 37.26 37.27 37.24 37.26 37.31 37.33 37.31 37.26 37.23 37.23 37.24 37.25 37.25 37.21 37.12 37.05 37.03 37.03 37.09 37.18 37.25 37.35 37.37 37.36 37.34 37.3 37.25 37.23 37.23 37.25 37.26 37.26 37.25 37.22 37.17 37.17 37.16 37.15 37.15 37.2 37.19 37.12
37.39 37.38 37.35 37.29 37.3 37.35 37.32 37.23 37.19 37.17 37.14 37.07 37.02 37.04 37.1 37.18 37.25 37.32 37.3 37.23 37.19 37.23 37.3 37.33 37.32 37.3 37.24 37.2 37.2 37.19 37.18 37.2 37.22 37.26 37.31 37.31 37.3 37.27 37.23 37.25 37.3 37.31 37.3 37.26 37.24 37.23 37.24 37.25 37.25 37.21 37.08 36.97 36.98 37.06 37.16 37.22 37.27 37.37 37.43 37.44 37.38 37.3 37.25 37.22 37.23 37.25 37.26 37.25 37.25 37.23 37.19 37.18 37.18 37.17 37.17 37.2 37.26 37.28
37.38 37.37 37.35 37.28 37.27 37.32 37.29 37.21 37.17 37.16 37.12 37.05 37.03 37.08 37.15 37.23 37.26 37.31 37.34 37.29 37.27 37.31 37.36 37.35 37.32 37.3 37.26 37.25 37.27 37.26 37.24 37.25 37.26 37.29 37.33 37.33 37.32 37.29 37.26 37.27 37.28 37.29 37.28 37.26 37.25 37.23 37.23 37.24 37.25 37.24 37.17 37.13 37.14 37.17 37.23 37.28 37.29 37.33 37.38 37.41 37.36 37.3 37.27 37.24 37.23 37.24 37.25 37.25 37.25 37.24 37.21 37.21 37.18 37.14 37.12 37.21 37.38 37.45
37.38 37.37 37.33 37.26 37.26 37.32 37.29 37.21 37.18 37.17 37.13 37.06 37.03 37.08 37.17 37.25 37.26 37.3 37.36 37.35 37.32 37.34 37.36 37.3 37.24 37.24 37.25 37.27 37.3 37.33 37.33 37.31 37.31 37.31 37.32 37.32 37.32 37.31 37.27 37.25 37.27 37.28 37.28 37.28 37.27 37.26 37.25 37.25 37.26 37.24 37.2 37.18 37.15 37.15 37.22 37.28 37.27 37.26 37.29 37.3 37.3 37.28 37.26 37.25 37.22 37.21 37.21 37.21 37.22 37.23 37.25 37.26 37.22 37.15 37.12 37.22 37.4 37.43
37.34 37.32 37.28 37.23 37.27 37.35 37.31 37.25 37.22 37.2 37.16 37.09 37.07 37.12 37.21 37.24 37.24 37.28 37.36 37.33 37.28 37.28 37.3 37.27 37.22 37.24 37.28 37.29 37.32 37.38 37.42 37.38 37.35 37.33 37.31 37.31 37.32 37.29 37.25 37.23 37.24 37.27 37.31 37.34 37.35 37.33 37.29 37.27 37.26 37.23 37.15 37.1 37.08 37.1 37.18 37.24 37.26 37.24 37.21 37.2 37.21 37.24 37.24 37.23 37.21 37.2 37.18 37.17 37.18 37.24 37.28 37.29 37.28 37.27 37.27 37.31 37.33 37.32
37.29 37.28 37.26 37.24 37.31 37.38 37.36 37.32 37.29 37.27 37.22 37.16 37.15 37.21 37.26 37.23 37.2 37.26 37.31 37.23 37.14 37.12 37.19 37.29 37.29 37.33 37.34 37.3 37.29 37.33 37.36 37.33 37.31 37.35 37.41 37.42 37.4 37.32 37.25 37.22 37.23 37.27 37.31 37.35 37.37 37.33 37.27 37.27 37.27 37.2 37.1 37.07 37.08 37.11 37.16 37.2 37.21 37.18 37.12 37.1 37.14 37.23 37.26 37.23 37.2 37.19 37.16 37.16 37.19 37.27 37.32 37.32 37.3 37.31 37.32 37.3 37.21 37.15
37.27 37.27 37.25 37.27 37.34 37.41 37.44 37.39 37.36 37.33 37.27 37.23 37.23 37.27 37.28 37.21 37.18 37.22 37.24 37.13 37.02 36.99 37.1 37.3 37.39 37.41 37.36 37.28 37.25 37.26 37.27 37.27 37.29 37.38 37.46 37.49 37.44 37.34 37.26 37.24 37.24 37.25 37.29 37.35 37.39 37.36 37.29 37.29 37.27 37.18 37.12 37.16 37.2 37.21 37.22 37.22 37.18 37.11 37.04 37.04 37.13 37.25 37.29 37.25 37.21 37.17 37.1 37.13 37.23 37.32 37.36 37.34 37.31 37.3 37.3 37.26 37.14 37.04
37.29 37.28 37.25 37.26 37.34 37.43 37.48 37.44 37.41 37.36 37.29 37.27 37.31 37.31 37.25 37.18 37.15 37.16 37.15 37.06 36.97 36.98 37.11 37.31 37.43 37.42 37.33 37.23 37.21 37.21 37.2 37.19 37.21 37.26 37.35 37.41 37.39 37.34 37.3 37.28 37.25 37.22 37.26 37.32 37.35 37.34 37.27 37.25 37.24 37.19 37.18 37.25 37.3 37.29 37.3 37.26 37.18 37.1 37.03 37.05 37.17 37.27 37.3 37.25 37.22 37.18 37.1 37.17 37.29 37.34 37.37 37.36 37.33 37.32 37.3 37.23 37.13 37.08
37.32 37.3 37.26 37.27 37.34 37.38 37.41 37.41 37.42 37.39 37.32 37.32 37.35 37.31 37.21 37.18 37.2 37.19 37.14 37.04 36.99 37.04 37.18 37.33 37.39 37.37 37.27 37.19 37.16 37.12 37.08 37.08 37.1 37.13 37.18 37.23 37.26 37.3 37.34 37.36 37.3 37.21 37.19 37.18 37.21 37.23 37.21 37.19 37.17 37.17 37.19 37.22 37.27 37.28 37.28 37.25 37.18 37.09 37.02 37.07 37.2 37.28 37.3 37.25 37.24 37.26 37.25 37.24 37.24 37.27 37.29 37.31 37.33 37.32 37.25 37.16 37.13 37.12
37.34 37.32 37.29 37.3 37.34 37.32 37.29 37.33 37.4 37.37 37.3 37.31 37.33 37.28 37.19 37.19 37.24 37.22 37.14 37.05 37.03 37.1 37.24 37.36 37.38 37.32 37.21 37.13 37.07 37 36.96 36.96 36.97 37.01 37.06 37.11 37.14 37.22 37.32 37.37 37.33 37.23 37.14 37.08 37.08 37.13 37.17 37.17 37.11 37.09 37.11 37.15 37.21 37.25 37.26 37.25 37.2 37.09 37 37.03 37.17 37.28 37.29 37.25 37.22 37.23 37.22 37.21 37.21 37.22 37.22 37.24 37.27 37.29 37.24 37.19 37.17 37.14
37.37 37.33 37.28 37.26 37.26 37.27 37.27 37.29 37.32 37.26 37.2 37.24 37.28 37.24 37.17 37.18 37.22 37.18 37.09 37.04 37.07 37.16 37.27 37.35 37.35 37.27 37.15 37.05 36.98 36.91 36.87 36.87 36.9 36.94 36.99 37.03 37.05 37.13 37.24 37.31 37.31 37.25 37.18 37.13 37.09 37.11 37.13 37.12 37.07 37.05 37.07 37.1 37.17 37.23 37.25 37.26 37.23 37.1 36.98 36.97 37.08 37.22 37.24 37.22 37.21 37.21 37.21 37.2 37.19 37.19 37.19 37.2 37.22 37.24 37.22 37.21 37.19 37.15
37.41 37.34 37.22 37.15 37.13 37.18 37.21 37.17 37.15 37.09 37.09 37.21 37.27 37.22 37.15 37.16 37.21 37.15 37.03 37.04 37.12 37.21 37.26 37.32 37.3 37.23 37.13 37.04 37 36.95 36.92 36.9 36.92 36.94 36.96 36.98 37 37.08 37.17 37.23 37.27 37.26 37.24 37.18 37.1 37.08 37.09 37.07 37.07 37.08 37.09 37.12 37.18 37.22 37.24 37.26 37.24 37.09 36.96 37.02 37.16 37.22 37.2 37.2 37.22 37.24 37.24 37.21 37.18 37.18 37.18 37.19 37.22 37.23 37.2 37.19 37.21 37.2
37.43 37.38 37.28 37.24 37.24 37.25 37.23 37.15 37.09 37.06 37.1 37.21 37.25 37.21 37.17 37.18 37.22 37.16 37.04 37.06 37.15 37.23 37.24 37.27 37.23 37.16 37.12 37.08 37.07 37.06 37.03 37.01 36.99 36.95 36.94 36.94 36.96 37.04 37.09 37.13 37.2 37.26 37.32 37.29 37.16 37.08 37.06 37.07 37.11 37.14 37.13 37.15 37.19 37.21 37.22 37.25 37.25 37.11 36.98 37.09 37.25 37.25 37.21 37.18 37.2 37.24 37.22 37.17 37.14 37.16 37.16 37.19 37.25 37.26 37.24 37.21 37.19 37.17
37.46 37.42 37.32 37.26 37.24 37.27 37.3 37.26 37.23 37.2 37.21 37.25 37.28 37.29 37.26 37.25 37.25 37.21 37.15 37.16 37.21 37.25 37.24 37.25 37.18 37.09 37.1 37.1 37.09 37.08 37.06 37.05 37.02 36.94 36.89 36.87 36.91 37.03 37.11 37.12 37.17 37.28 37.37 37.38 37.31 37.2 37.13 37.12 37.17 37.22 37.19 37.19 37.19 37.2 37.2 37.23 37.24 37.17 37.08 37.15 37.28 37.27 37.22 37.15 37.13 37.13 37.08 37.05 37.06 37.09 37.11 37.2 37.3 37.32 37.27 37.18 37.04 36.95
37.4 37.38 37.33 37.25 37.18 37.23 37.32 37.34 37.33 37.3 37.29 37.29 37.31 37.34 37.3 37.27 37.27 37.26 37.24 37.25 37.27 37.28 37.26 37.25 37.17 37.09 37.08 37.07 37.05 37.02 37.01 37.05 37.08 37.01 36.92 36.86 36.87 37.01 37.13 37.16 37.24 37.34 37.37 37.36 37.34 37.28 37.2 37.15 37.2 37.29 37.27 37.24 37.2 37.17 37.17 37.2 37.22 37.21 37.19 37.22 37.26 37.22 37.15 37.05 37.01 36.98 36.95 36.95 36.99 37.04 37.1 37.23 37.32 37.32 37.22 37.03 36.86 36.75
37.3 37.28 37.29 37.27 37.22 37.24 37.3 37.33 37.31 37.29 37.28 37.28 37.3 37.32 37.28 37.25 37.26 37.26 37.28 37.31 37.3 37.29 37.26 37.23 37.2 37.17 37.14 37.13 37.08 36.95 36.85 36.95 37.11 37.1 37.03 36.96 36.92 37.05 37.18 37.25 37.36 37.39 37.36 37.33 37.29 37.27 37.25 37.18 37.2 37.32 37.35 37.3 37.21 37.16 37.14 37.15 37.16 37.16 37.19 37.26 37.25 37.17 37.07 36.94 36.89 36.89 36.9 36.93 37.01 37.08 37.15 37.27 37.3 37.24 37.14 36.96 36.84 36.77
37.27 37.26 37.3 37.34 37.33 37.31 37.3 37.3 37.27 37.24 37.25 37.26 37.27 37.3 37.3 37.28 37.27 37.27 37.32 37.39 37.35 37.28 37.25 37.24 37.24 37.25 37.27 37.27 37.18 36.96 36.78 36.86 37.08 37.18 37.16 37.12 37.12 37.23 37.33 37.4 37.45 37.4 37.35 37.3 37.26 37.27 37.26 37.19 37.17 37.27 37.35 37.34 37.25 37.18 37.15 37.11 37.1 37.11 37.18 37.29 37.28 37.2 37.09 36.92 36.87 36.89 36.91 36.96 37.04 37.12 37.17 37.27 37.32 37.28 37.18 37.03 36.93 36.88
37.3 37.3 37.36 37.39 37.37 37.35 37.33 37.3 37.25 37.23 37.24 37.25 37.26 37.29 37.31 37.3 37.3 37.28 37.33 37.41 37.38 37.28 37.23 37.22 37.23 37.28 37.34 37.34 37.26 37.06 36.89 36.93 37.13 37.28 37.3 37.31 37.35 37.43 37.5 37.54 37.5 37.39 37.33 37.3 37.29 37.31 37.3 37.22 37.14 37.15 37.23 37.31 37.26 37.2 37.14 37.08 37.11 37.16 37.23 37.32 37.31 37.25 37.14 36.98 36.93 36.95 36.97 37 37.05 37.12 37.17 37.26 37.33 37.34 37.26 37.13 37.05 37.02
