slabs/63.grd
DSAA
631 301
645780 646410
4946600 4946900
30.81 43.05
[rows 0 to 33 of 300, columns 234 to 311 of 631]
41.09 41.07 40.99 40.89 40.65 40.16 39.76 39.53 39.23 38.67 38.2 37.81 37.16 36.59 36.26 36.12 36.02 36.02 36.01 36.01 36 35.99 36.03 36.04 35.93 35.53 35.13 34.9 34.58 34.35 34.22 34.19 34.16 34.08 34.28 34.72 35.31 35.82 36.04 36.13 36.08 36.04 35.96 35.76 35.57 35.47 35.39 35.28 35.2 35.18 35.14 35.08 35.06 35.05 35.04 35.02 34.98 34.96 34.88 34.53 34.13 33.68 32.92 32.15 31.71 31.55 31.39 31.32 31.31 31.31 31.31 31.31 31.32 31.32 31.32 31.32 31.32 31.32
41.09 41.09 41.06 41 40.79 40.33 39.94 39.69 39.31 38.75 38.26 37.86 37.24 36.66 36.34 36.16 36.03 36.02 36.01 36 35.97 35.95 35.97 35.99 35.94 35.68 35.4 35.28 35.14 35 34.83 34.66 34.54 34.42 34.54 34.99 35.64 36.08 36.24 36.3 36.29 36.28 36.17 35.88 35.61 35.48 35.4 35.3 35.23 35.21 35.15 35.08 35.06 35.05 35.06 35.04 35 34.96 34.83 34.44 34.05 33.63 32.92 32.17 31.71 31.57 31.43 31.34 31.31 31.31 31.3 31.3 31.3 31.3 31.3 31.3 31.29 31.28
41.09 41.09 41.1 41.08 40.94 40.53 40.1 39.78 39.33 38.76 38.28 37.91 37.32 36.76 36.45 36.23 36.03 36.02 36.01 35.99 35.95 35.92 35.91 35.93 35.92 35.86 35.73 35.58 35.49 35.41 35.28 35.14 34.99 34.81 34.84 35.2 35.8 36.18 36.28 36.3 36.27 36.26 36.14 35.86 35.58 35.45 35.38 35.3 35.27 35.23 35.16 35.09 35.05 35.05 35.07 35.05 35.02 34.95 34.71 34.26 33.9 33.56 32.88 32.12 31.67 31.57 31.46 31.35 31.28 31.27 31.26 31.26 31.25 31.23 31.22 31.21 31.2 31.19
41.1 41.1 41.12 41.11 41.05 40.71 40.31 39.92 39.35 38.77 38.36 38 37.4 36.86 36.54 36.3 36.05 36 35.99 35.98 35.95 35.93 35.92 35.92 35.93 35.92 35.87 35.79 35.73 35.69 35.61 35.52 35.42 35.28 35.22 35.4 35.83 36.1 36.16 36.12 36.01 35.97 35.89 35.68 35.51 35.42 35.37 35.31 35.28 35.23 35.16 35.1 35.06 35.06 35.07 35.06 35.05 34.95 34.59 34.05 33.68 33.45 32.89 32.14 31.7 31.59 31.47 31.34 31.22 31.18 31.16 31.15 31.14 31.13 31.12 31.11 31.1 31.09
41.11 41.11 41.12 41.12 41.11 40.83 40.44 40.01 39.38 38.85 38.53 38.17 37.56 37.01 36.67 36.4 36.09 36 36 35.99 35.95 35.9 35.9 35.92 35.92 35.91 35.9 35.86 35.78 35.73 35.7 35.69 35.66 35.61 35.54 35.56 35.73 35.84 35.87 35.83 35.73 35.68 35.61 35.49 35.42 35.4 35.36 35.31 35.28 35.24 35.17 35.11 35.08 35.08 35.09 35.09 35.11 34.94 34.46 33.85 33.46 33.33 32.99 32.41 31.98 31.72 31.48 31.35 31.2 31.07 31.06 31.05 31.04 31.03 31.02 31.01 31 30.98
41.12 41.13 41.13 41.14 41.15 40.9 40.55 40.12 39.48 38.98 38.67 38.33 37.74 37.23 36.87 36.54 36.15 36 35.99 35.99 35.96 35.92 35.92 35.93 35.9 35.88 35.87 35.84 35.78 35.72 35.72 35.72 35.72 35.72 35.69 35.64 35.63 35.63 35.64 35.65 35.63 35.59 35.52 35.43 35.39 35.37 35.35 35.31 35.29 35.27 35.21 35.14 35.1 35.11 35.11 35.12 35.13 34.88 34.29 33.7 33.39 33.31 33.11 32.83 32.45 31.91 31.5 31.29 31.12 30.97 30.96 30.95 30.94 30.93 30.92 30.91 30.9 30.89
41.12 41.12 41.1 41.14 41.24 41.06 40.71 40.24 39.54 39 38.69 38.39 37.84 37.43 37.1 36.63 36.21 36.02 36 35.99 35.96 35.94 35.95 35.94 35.9 35.88 35.87 35.83 35.77 35.74 35.73 35.71 35.72 35.73 35.72 35.67 35.64 35.63 35.63 35.63 35.63 35.59 35.51 35.46 35.43 35.41 35.37 35.34 35.32 35.3 35.26 35.18 35.13 35.14 35.14 35.1 35.07 34.75 34.1 33.57 33.35 33.3 33.15 32.96 32.57 31.95 31.5 31.25 31.05 30.88 30.86 30.86 30.85 30.84 30.84 30.84 30.84 30.84
41.14 41.14 41.13 41.18 41.3 41.16 40.86 40.37 39.62 39.07 38.74 38.41 37.89 37.55 37.23 36.71 36.28 36.07 36.03 35.99 35.98 35.98 35.97 35.94 35.91 35.9 35.89 35.84 35.79 35.76 35.74 35.72 35.73 35.74 35.72 35.67 35.64 35.62 35.6 35.6 35.61 35.59 35.54 35.49 35.46 35.45 35.41 35.37 35.34 35.32 35.27 35.2 35.15 35.15 35.16 35.1 35.01 34.63 33.94 33.47 33.34 33.3 33.18 33.02 32.59 31.92 31.49 31.25 31.02 30.81 30.81 30.81 30.81 30.81 30.81 30.82 30.82 30.83
41.14 41.15 41.15 41.17 41.25 41.19 40.98 40.5 39.71 39.18 38.85 38.43 37.94 37.65 37.33 36.8 36.37 36.17 36.1 36.03 36.01 36.01 36 35.95 35.93 35.92 35.9 35.86 35.83 35.82 35.8 35.76 35.74 35.73 35.71 35.67 35.65 35.63 35.59 35.58 35.59 35.58 35.55 35.51 35.48 35.46 35.42 35.39 35.37 35.33 35.25 35.2 35.18 35.19 35.18 35.15 35.02 34.55 33.83 33.41 33.32 33.28 33.13 32.93 32.5 31.83 31.44 31.26 31.03 30.81 30.81 30.81 30.81 30.82 30.83 30.83 30.83 30.84
41.15 41.17 41.17 41.16 41.19 41.19 41.04 40.57 39.83 39.32 38.99 38.48 38 37.73 37.45 36.94 36.49 36.25 36.16 36.07 36.03 36.03 36.01 35.98 35.96 35.94 35.91 35.87 35.85 35.84 35.83 35.8 35.77 35.75 35.72 35.7 35.68 35.66 35.65 35.64 35.63 35.59 35.54 35.51 35.51 35.48 35.43 35.39 35.37 35.33 35.25 35.21 35.21 35.22 35.2 35.18 35.04 34.53 33.79 33.37 33.29 33.25 33.01 32.72 32.28 31.67 31.36 31.25 31.04 30.82 30.82 30.82 30.82 30.83 30.84 30.84 30.84 30.85
41.14 41.17 41.17 41.16 41.15 41.14 41.06 40.73 40.04 39.48 39.13 38.59 38.09 37.81 37.55 37.09 36.61 36.3 36.19 36.07 36.03 36.04 36.03 36.01 35.99 35.97 35.94 35.9 35.87 35.86 35.85 35.83 35.82 35.81 35.77 35.72 35.69 35.69 35.68 35.66 35.65 35.62 35.58 35.53 35.51 35.48 35.44 35.4 35.37 35.33 35.27 35.23 35.23 35.22 35.19 35.15 35.03 34.54 33.78 33.33 33.26 33.22 32.95 32.61 32.16 31.57 31.31 31.22 31.04 30.84 30.83 30.84 30.84 30.84 30.84 30.85 30.85 30.86
41.11 41.15 41.16 41.15 41.14 41.11 41.08 40.87 40.22 39.64 39.25 38.68 38.17 37.87 37.6 37.17 36.72 36.4 36.26 36.12 36.06 36.08 36.06 36.04 36.05 36.03 35.97 35.92 35.89 35.88 35.88 35.87 35.86 35.84 35.8 35.74 35.7 35.7 35.71 35.71 35.69 35.68 35.64 35.57 35.53 35.5 35.47 35.45 35.41 35.34 35.3 35.27 35.26 35.24 35.19 35.13 35 34.54 33.8 33.31 33.23 33.18 32.91 32.6 32.15 31.56 31.31 31.21 31.04 30.86 30.85 30.86 30.86 30.86 30.85 30.86 30.86 30.86
41.04 41.13 41.14 41.14 41.13 41.13 41.11 40.89 40.29 39.76 39.35 38.73 38.23 37.94 37.67 37.24 36.83 36.53 36.35 36.13 36.06 36.06 36.08 36.08 36.06 36.03 35.99 35.94 35.91 35.9 35.89 35.89 35.88 35.85 35.8 35.75 35.72 35.72 35.76 35.77 35.76 35.75 35.69 35.62 35.57 35.52 35.5 35.5 35.46 35.38 35.32 35.3 35.29 35.26 35.2 35.13 34.97 34.52 33.82 33.33 33.23 33.14 32.81 32.45 32.04 31.5 31.25 31.18 31.04 30.88 30.87 30.88 30.88 30.87 30.87 30.86 30.86 30.87
40.96 41.13 41.14 41.14 41.14 41.14 41.12 40.9 40.33 39.86 39.48 38.87 38.37 38.09 37.81 37.35 36.96 36.7 36.42 36.12 36.04 36.05 36.07 36.09 36.08 36.06 36.01 35.97 35.95 35.92 35.9 35.91 35.91 35.87 35.8 35.77 35.77 35.78 35.81 35.82 35.82 35.8 35.74 35.68 35.62 35.54 35.52 35.53 35.51 35.43 35.35 35.32 35.31 35.27 35.19 35.12 34.95 34.51 33.83 33.33 33.22 33.11 32.82 32.47 32.02 31.46 31.17 31.14 31.05 30.89 30.89 30.89 30.89 30.89 30.89 30.88 30.88 30.88
40.89 41.13 41.15 41.14 41.12 41.11 41.09 40.9 40.41 40 39.61 39.01 38.53 38.22 37.87 37.41 37.12 36.91 36.55 36.19 36.07 36.08 36.09 36.1 36.11 36.07 36.01 36 35.99 35.96 35.93 35.93 35.93 35.89 35.83 35.83 35.84 35.84 35.83 35.83 35.83 35.8 35.77 35.74 35.67 35.59 35.56 35.55 35.52 35.45 35.36 35.33 35.31 35.27 35.19 35.12 34.97 34.54 33.84 33.33 33.2 33.04 32.86 32.49 31.89 31.38 31.16 31.14 31.05 30.91 30.91 30.91 30.91 30.91 30.9 30.9 30.9 30.9
40.77 41.08 41.14 41.15 41.13 41.14 41.12 41.04 40.66 40.24 39.8 39.14 38.75 38.41 37.94 37.51 37.23 37.04 36.7 36.31 36.12 36.07 36.06 36.09 36.1 36.07 36.02 36.01 36.01 35.98 35.95 35.94 35.93 35.92 35.9 35.9 35.89 35.86 35.84 35.82 35.79 35.75 35.75 35.75 35.71 35.65 35.6 35.56 35.53 35.47 35.4 35.36 35.33 35.27 35.22 35.18 35.02 34.51 33.79 33.3 33.14 32.99 32.8 32.39 31.73 31.31 31.17 31.16 31.05 30.93 30.92 30.93 30.93 30.93 30.93 30.93 30.92 30.92
40.68 41.01 41.09 41.13 41.13 41.11 41.1 41.03 40.76 40.44 40 39.32 38.91 38.57 38.08 37.66 37.39 37.18 36.83 36.45 36.22 36.12 36.05 36.05 36.07 36.06 36.04 36.02 36.01 36 35.99 35.96 35.93 35.94 35.95 35.95 35.93 35.89 35.85 35.8 35.77 35.73 35.71 35.71 35.7 35.66 35.61 35.59 35.56 35.5 35.41 35.36 35.33 35.29 35.25 35.21 34.98 34.38 33.82 33.41 33.11 32.92 32.68 32.26 31.58 31.23 31.19 31.19 31.06 30.95 30.94 30.95 30.95 30.95 30.95 30.95 30.95 30.94
40.62 41.05 41.11 41.12 41.12 41.1 41.1 41.08 41.01 40.79 40.27 39.55 39.07 38.72 38.25 37.84 37.59 37.34 36.95 36.57 36.35 36.23 36.05 36.02 36.03 36.03 36.03 36.04 36.02 36.02 36.02 35.98 35.94 35.93 35.96 35.99 35.96 35.9 35.85 35.81 35.79 35.74 35.7 35.71 35.7 35.66 35.62 35.6 35.57 35.51 35.43 35.38 35.35 35.3 35.25 35.16 34.8 34.14 33.67 33.37 33.07 32.85 32.62 32.19 31.44 31.11 31.2 31.19 31.06 30.97 30.97 30.98 30.98 30.98 30.98 30.98 30.97 30.97
40.58 41.07 41.13 41.14 41.12 41.1 41.11 41.16 41.18 41.05 40.57 39.84 39.33 38.95 38.43 38.01 37.77 37.53 37.14 36.75 36.52 36.34 36.08 35.99 35.99 36 36.02 36.03 36.03 36.03 36.02 36 35.97 35.94 35.95 35.97 35.95 35.9 35.86 35.83 35.81 35.75 35.72 35.71 35.69 35.65 35.63 35.62 35.6 35.54 35.48 35.44 35.4 35.29 35.19 35.01 34.52 33.87 33.49 33.29 33.06 32.82 32.58 32.09 31.3 31.06 31.21 31.19 31.07 30.99 30.99 31 31 31 31 31 30.99 30.99
40.46 40.96 41.1 41.15 41.14 41.12 41.13 41.22 41.3 41.2 40.78 40.1 39.66 39.27 38.68 38.2 37.93 37.7 37.32 36.93 36.67 36.43 36.12 35.99 35.97 35.99 36.01 36.01 36 35.99 36 36 35.97 35.95 35.95 35.93 35.91 35.88 35.85 35.84 35.83 35.79 35.76 35.74 35.72 35.68 35.67 35.67 35.65 35.59 35.55 35.5 35.43 35.28 35.09 34.82 34.26 33.66 33.33 33.19 32.99 32.67 32.36 31.88 31.2 31.07 31.23 31.19 31.08 31.01 31.01 31.02 31.02 31.02 31.02 31.02 31.01 31.01
40.19 40.63 40.99 41.14 41.14 41.12 41.12 41.18 41.25 41.2 40.87 40.3 39.92 39.54 38.9 38.35 38.02 37.79 37.41 37.03 36.77 36.5 36.14 35.99 35.96 35.97 35.98 35.98 35.98 35.99 36 36 35.97 35.94 35.93 35.91 35.91 35.89 35.88 35.87 35.85 35.81 35.78 35.77 35.75 35.71 35.69 35.69 35.68 35.65 35.61 35.57 35.48 35.27 35.01 34.68 34.18 33.65 33.31 33.15 32.91 32.48 32.09 31.68 31.13 31.07 31.23 31.2 31.09 31.03 31.04 31.05 31.04 31.04 31.04 31.04 31.03 31.03
39.79 40.18 40.77 41.1 41.14 41.13 41.1 41.09 41.12 41.14 40.96 40.45 40.04 39.66 39 38.4 38.07 37.85 37.51 37.18 36.91 36.56 36.16 35.99 35.95 35.93 35.92 35.91 35.94 35.99 36 35.99 35.97 35.95 35.93 35.9 35.89 35.88 35.87 35.87 35.85 35.8 35.78 35.77 35.76 35.73 35.71 35.7 35.7 35.69 35.67 35.63 35.55 35.3 35.03 34.75 34.34 33.82 33.42 33.19 32.88 32.43 32.02 31.62 31.11 31.07 31.23 31.2 31.1 31.05 31.06 31.07 31.06 31.06 31.06 31.05 31.05 31.05
39.48 39.87 40.55 41.02 41.14 41.13 41.08 41.06 41.08 41.11 41 40.55 40.13 39.76 39.13 38.57 38.23 37.95 37.58 37.34 37.09 36.66 36.25 36.04 35.96 35.88 35.85 35.85 35.89 35.97 36 36.01 35.98 35.94 35.92 35.91 35.89 35.86 35.84 35.83 35.81 35.78 35.76 35.75 35.74 35.73 35.72 35.72 35.72 35.71 35.7 35.68 35.61 35.41 35.22 35.04 34.63 33.96 33.46 33.19 32.8 32.35 31.99 31.64 31.19 31.1 31.2 31.2 31.11 31.07 31.08 31.09 31.08 31.07 31.07 31.07 31.07 31.06
39.3 39.72 40.42 40.94 41.13 41.12 41.07 41.04 41.04 41.05 40.98 40.58 40.17 39.82 39.25 38.85 38.53 38.06 37.64 37.39 37.17 36.77 36.34 36.1 35.98 35.86 35.82 35.82 35.86 35.93 35.96 35.98 35.94 35.9 35.9 35.89 35.86 35.83 35.81 35.79 35.77 35.74 35.73 35.73 35.72 35.73 35.73 35.73 35.73 35.73 35.74 35.72 35.68 35.6 35.52 35.34 34.86 34.04 33.42 33.15 32.73 32.28 31.94 31.57 31.22 31.17 31.23 31.2 31.12 31.09 31.09 31.1 31.1 31.09 31.09 31.09 31.09 31.08
39.12 39.57 40.35 40.92 41.13 41.13 41.09 41.07 41.05 41.05 41 40.72 40.39 39.98 39.36 38.97 38.68 38.2 37.73 37.48 37.25 36.82 36.37 36.09 35.98 35.87 35.81 35.81 35.84 35.9 35.94 35.95 35.92 35.89 35.88 35.87 35.83 35.8 35.78 35.76 35.74 35.71 35.69 35.7 35.72 35.72 35.73 35.73 35.72 35.74 35.76 35.76 35.73 35.73 35.75 35.59 35 34.15 33.56 33.17 32.67 32.29 31.94 31.49 31.25 31.22 31.24 31.2 31.13 31.11 31.11 31.12 31.12 31.11 31.11 31.11 31.1 31.1
38.98 39.43 40.25 40.89 41.13 41.15 41.12 41.07 41.04 41.03 40.98 40.89 40.64 40.12 39.49 39.11 38.84 38.36 37.85 37.54 37.29 36.84 36.4 36.12 36 35.87 35.81 35.8 35.83 35.87 35.89 35.9 35.89 35.87 35.87 35.84 35.8 35.78 35.76 35.73 35.72 35.7 35.67 35.68 35.71 35.72 35.73 35.74 35.73 35.75 35.76 35.77 35.76 35.77 35.8 35.66 35.07 34.42 33.87 33.22 32.66 32.24 31.91 31.5 31.29 31.24 31.24 31.2 31.14 31.12 31.13 31.14 31.13 31.13 31.14 31.13 31.13 31.12
38.78 39.24 40.08 40.79 41.11 41.14 41.12 41.09 41.07 41.03 40.99 40.98 40.79 40.27 39.65 39.29 39.01 38.5 37.94 37.6 37.34 36.9 36.46 36.19 36.04 35.88 35.83 35.83 35.84 35.85 35.84 35.85 35.84 35.83 35.84 35.82 35.8 35.78 35.75 35.73 35.71 35.7 35.68 35.68 35.69 35.71 35.74 35.74 35.74 35.74 35.75 35.77 35.78 35.77 35.77 35.63 35.03 34.38 33.89 33.25 32.66 32.25 31.97 31.62 31.36 31.26 31.25 31.21 31.16 31.15 31.16 31.16 31.16 31.15 31.16 31.16 31.15 31.15
38.7 39.14 39.91 40.59 41 41.13 41.14 41.13 41.1 41.06 41.02 41.02 40.84 40.4 39.84 39.49 39.17 38.61 38.04 37.7 37.46 37.04 36.61 36.34 36.17 35.95 35.87 35.85 35.83 35.82 35.81 35.81 35.81 35.81 35.81 35.8 35.79 35.77 35.74 35.72 35.72 35.71 35.69 35.69 35.71 35.73 35.76 35.77 35.75 35.73 35.73 35.76 35.79 35.78 35.76 35.58 34.94 34.31 33.88 33.3 32.83 32.53 32.28 31.86 31.47 31.29 31.26 31.23 31.18 31.17 31.18 31.19 31.18 31.18 31.18 31.18 31.18 31.18
38.63 39.03 39.71 40.25 40.73 41.1 41.12 41.11 41.09 41.06 41 40.96 40.83 40.49 40.01 39.66 39.34 38.76 38.21 37.88 37.65 37.24 36.81 36.54 36.32 36.03 35.89 35.83 35.78 35.77 35.76 35.76 35.77 35.78 35.78 35.79 35.79 35.76 35.71 35.71 35.72 35.71 35.7 35.7 35.71 35.74 35.76 35.76 35.77 35.76 35.75 35.76 35.8 35.81 35.77 35.51 34.89 34.35 33.93 33.4 33.06 32.86 32.61 32.07 31.57 31.35 31.3 31.24 31.2 31.2 31.21 31.21 31.21 31.21 31.2 31.2 31.2 31.2
38.35 38.86 39.53 40.05 40.52 41.01 41.11 41.1 41.09 41.05 41 40.96 40.85 40.6 40.2 39.86 39.54 38.97 38.45 38.13 37.87 37.44 37.04 36.75 36.44 36.1 35.94 35.83 35.74 35.74 35.74 35.74 35.76 35.78 35.79 35.78 35.77 35.74 35.69 35.69 35.7 35.7 35.69 35.69 35.7 35.73 35.75 35.75 35.76 35.77 35.76 35.74 35.74 35.71 35.56 35.17 34.63 34.25 33.9 33.47 33.25 33.11 32.81 32.14 31.56 31.39 31.33 31.26 31.23 31.22 31.22 31.23 31.23 31.23 31.22 31.22 31.22 31.22
38.13 38.69 39.37 39.87 40.31 40.83 41.05 41.09 41.08 41.05 41.03 41.02 40.93 40.73 40.41 40.13 39.77 39.17 38.71 38.41 38.07 37.59 37.28 37 36.57 36.22 36.03 35.89 35.77 35.77 35.78 35.77 35.76 35.77 35.78 35.78 35.75 35.71 35.68 35.69 35.71 35.71 35.7 35.7 35.71 35.74 35.74 35.74 35.76 35.77 35.75 35.71 35.53 35.31 34.94 34.37 33.99 33.81 33.67 33.45 33.34 33.26 32.98 32.28 31.63 31.41 31.34 31.28 31.25 31.24 31.24 31.25 31.25 31.25 31.24 31.24 31.24 31.24
38 38.55 39.16 39.59 40 40.6 40.95 41.06 41.07 41.06 41.04 41.04 40.98 40.83 40.56 40.32 39.96 39.34 38.95 38.67 38.23 37.72 37.37 37.12 36.71 36.35 36.18 36.04 35.89 35.83 35.82 35.79 35.77 35.77 35.78 35.78 35.74 35.68 35.67 35.68 35.72 35.74 35.75 35.74 35.73 35.74 35.74 35.74 35.74 35.74 35.74 35.68 35.3 34.87 34.37 33.73 33.49 33.42 33.41 33.38 33.34 33.3 33.16 32.69 32.08 31.67 31.41 31.29 31.27 31.26 31.26 31.27 31.27 31.27 31.26 31.26 31.25 31.25
37.88 38.4 38.96 39.32 39.71 40.38 40.86 41.03 41.05 41.05 41.04 41.04 41.01 40.89 40.68 40.43 40.06 39.49 39.11 38.85 38.4 37.86 37.52 37.29 36.9 36.55 36.37 36.25 36.05 35.91 35.83 35.8 35.79 35.78 35.75 35.74 35.7 35.67 35.67 35.69 35.74 35.77 35.79 35.78 35.74 35.73 35.74 35.76 35.75 35.73 35.73 35.66 35.21 34.69 34.2 33.63 33.43 33.38 33.36 33.34 33.31 33.28 33.25 33.03 32.72 32.3 31.66 31.33 31.28 31.28 31.28 31.29 31.29 31.28 31.28 31.27 31.27 31.27
37.73 38.27 38.85 39.22 39.59 40.26 40.81 41.03 41.05 41.05 41.06 41.05 41.03 40.94 40.81 40.6 40.15 39.63 39.3 39.02 38.51 37.97 37.65 37.41 37.02 36.66 36.44 36.31 36.14 35.99 35.89 35.84 35.8 35.77 35.73 35.7 35.68 35.68 35.7 35.73 35.77 35.8 35.8 35.79 35.76 35.75 35.76 35.78 35.78 35.76 35.74 35.63 35.18 34.69 34.23 33.64 33.45 33.43 33.4 33.35 33.32 33.3 33.26 33.17 33.04 32.67 31.93 31.41 31.3 31.29 31.3 31.3 31.3 31.3 31.3 31.29 31.29 31.29
