slabs/64.grd
DSAA
631 301
645780 646410
4946900 4947200
33.31 41.2
[rows 210 to 244 of 301, columns 312 to 389 of 631]
39.61 39.63 39.65 39.65 39.66 39.67 39.69 39.7 39.7 39.69 39.71 39.72 39.72 39.73 39.73 39.72 39.74 39.77 39.78 39.78 39.8 39.83 39.85 39.85 39.83 39.81 39.81 39.8 39.8 39.8 39.78 39.79 39.79 39.78 39.82 39.83 39.84 39.82 39.76 39.73 39.72 39.73 39.75 39.78 39.81 39.84 39.86 39.85 39.86 39.89 39.88 39.85 39.86 39.86 39.86 39.85 39.83 39.83 39.85 39.87 39.85 39.85 39.86 39.86 39.86 39.84 39.83 39.82 39.82 39.83 39.82 39.79 39.76 39.74 39.75 39.77 39.78 39.77
39.6 39.61 39.62 39.62 39.63 39.65 39.66 39.68 39.68 39.67 39.69 39.7 39.7 39.71 39.73 39.72 39.71 39.73 39.75 39.77 39.79 39.8 39.81 39.82 39.8 39.79 39.79 39.78 39.79 39.81 39.8 39.79 39.78 39.77 39.77 39.81 39.83 39.81 39.79 39.76 39.73 39.74 39.75 39.77 39.8 39.82 39.83 39.85 39.86 39.88 39.88 39.86 39.86 39.85 39.85 39.84 39.83 39.83 39.84 39.86 39.85 39.83 39.84 39.86 39.86 39.86 39.84 39.82 39.82 39.82 39.81 39.8 39.78 39.77 39.75 39.76 39.78 39.77
39.58 39.59 39.6 39.6 39.61 39.63 39.65 39.66 39.66 39.66 39.66 39.65 39.66 39.69 39.72 39.71 39.69 39.7 39.73 39.77 39.79 39.78 39.8 39.8 39.8 39.79 39.78 39.78 39.78 39.8 39.78 39.77 39.77 39.76 39.74 39.77 39.8 39.79 39.79 39.77 39.74 39.76 39.76 39.75 39.78 39.81 39.83 39.85 39.85 39.88 39.88 39.87 39.86 39.84 39.84 39.84 39.82 39.81 39.82 39.84 39.85 39.84 39.84 39.86 39.87 39.87 39.85 39.83 39.82 39.82 39.83 39.84 39.83 39.8 39.77 39.76 39.77 39.77
39.56 39.57 39.59 39.59 39.59 39.61 39.63 39.62 39.63 39.63 39.61 39.6 39.62 39.65 39.68 39.7 39.7 39.7 39.72 39.74 39.77 39.77 39.77 39.78 39.79 39.77 39.76 39.76 39.76 39.77 39.77 39.76 39.75 39.74 39.73 39.75 39.79 39.79 39.79 39.78 39.75 39.76 39.75 39.74 39.78 39.81 39.84 39.86 39.85 39.85 39.86 39.86 39.85 39.84 39.84 39.83 39.82 39.8 39.81 39.84 39.85 39.86 39.86 39.87 39.87 39.87 39.85 39.84 39.84 39.83 39.85 39.88 39.87 39.83 39.78 39.77 39.78 39.77
39.53 39.54 39.55 39.56 39.56 39.58 39.59 39.59 39.6 39.61 39.6 39.6 39.61 39.63 39.64 39.67 39.71 39.71 39.72 39.74 39.76 39.76 39.75 39.77 39.79 39.76 39.74 39.75 39.76 39.76 39.78 39.77 39.74 39.74 39.74 39.74 39.78 39.79 39.8 39.79 39.75 39.74 39.74 39.75 39.78 39.8 39.83 39.86 39.85 39.82 39.83 39.84 39.85 39.85 39.84 39.83 39.82 39.81 39.81 39.84 39.87 39.87 39.87 39.87 39.88 39.88 39.86 39.85 39.84 39.83 39.83 39.86 39.87 39.85 39.8 39.78 39.78 39.78
39.5 39.52 39.52 39.53 39.54 39.55 39.57 39.59 39.6 39.6 39.6 39.6 39.6 39.62 39.62 39.65 39.69 39.71 39.73 39.73 39.74 39.74 39.75 39.77 39.79 39.79 39.76 39.76 39.74 39.73 39.74 39.76 39.75 39.76 39.75 39.74 39.77 39.8 39.81 39.8 39.76 39.74 39.74 39.74 39.75 39.77 39.79 39.84 39.85 39.82 39.82 39.84 39.85 39.84 39.85 39.84 39.82 39.82 39.82 39.83 39.86 39.87 39.86 39.87 39.87 39.86 39.84 39.83 39.82 39.82 39.83 39.84 39.86 39.84 39.81 39.79 39.78 39.79
39.48 39.51 39.52 39.52 39.53 39.54 39.55 39.57 39.57 39.58 39.6 39.59 39.58 39.59 39.6 39.62 39.66 39.7 39.71 39.72 39.72 39.72 39.73 39.74 39.76 39.78 39.77 39.75 39.72 39.72 39.73 39.75 39.75 39.75 39.75 39.74 39.76 39.8 39.81 39.81 39.78 39.76 39.75 39.72 39.72 39.72 39.75 39.81 39.84 39.83 39.85 39.84 39.83 39.82 39.84 39.84 39.82 39.82 39.81 39.81 39.85 39.88 39.89 39.88 39.86 39.85 39.84 39.85 39.84 39.83 39.83 39.83 39.84 39.84 39.81 39.79 39.78 39.79
39.46 39.48 39.5 39.51 39.5 39.51 39.54 39.54 39.53 39.54 39.58 39.58 39.57 39.57 39.58 39.6 39.65 39.68 39.68 39.69 39.69 39.69 39.7 39.7 39.73 39.76 39.76 39.75 39.73 39.73 39.73 39.73 39.73 39.73 39.74 39.74 39.75 39.78 39.78 39.79 39.79 39.77 39.76 39.73 39.7 39.69 39.73 39.79 39.81 39.84 39.85 39.82 39.8 39.81 39.82 39.82 39.83 39.83 39.81 39.8 39.83 39.87 39.89 39.86 39.85 39.85 39.86 39.88 39.86 39.84 39.83 39.83 39.85 39.86 39.82 39.8 39.81 39.81
39.44 39.45 39.47 39.48 39.48 39.49 39.51 39.52 39.51 39.52 39.55 39.56 39.56 39.56 39.59 39.6 39.64 39.66 39.64 39.65 39.67 39.68 39.68 39.68 39.71 39.74 39.75 39.75 39.74 39.74 39.73 39.71 39.72 39.73 39.74 39.75 39.74 39.73 39.75 39.77 39.79 39.78 39.77 39.74 39.7 39.7 39.74 39.79 39.8 39.83 39.83 39.82 39.83 39.83 39.84 39.84 39.83 39.83 39.81 39.8 39.83 39.86 39.88 39.86 39.85 39.86 39.88 39.89 39.89 39.87 39.85 39.85 39.86 39.86 39.84 39.83 39.82 39.81
39.43 39.45 39.45 39.46 39.48 39.48 39.5 39.51 39.5 39.49 39.51 39.53 39.55 39.55 39.57 39.59 39.62 39.64 39.62 39.63 39.66 39.66 39.66 39.67 39.7 39.72 39.73 39.75 39.74 39.73 39.71 39.69 39.7 39.7 39.72 39.74 39.72 39.7 39.73 39.78 39.79 39.77 39.76 39.73 39.71 39.72 39.76 39.79 39.81 39.82 39.81 39.81 39.83 39.84 39.84 39.85 39.84 39.83 39.82 39.81 39.82 39.85 39.87 39.86 39.85 39.86 39.87 39.89 39.89 39.88 39.86 39.85 39.85 39.85 39.85 39.83 39.81 39.8
39.42 39.43 39.45 39.45 39.47 39.48 39.5 39.5 39.49 39.47 39.48 39.51 39.54 39.53 39.55 39.56 39.6 39.62 39.61 39.62 39.64 39.64 39.63 39.64 39.68 39.7 39.72 39.74 39.73 39.71 39.7 39.69 39.68 39.7 39.7 39.72 39.72 39.71 39.73 39.77 39.79 39.79 39.75 39.72 39.72 39.73 39.76 39.8 39.81 39.81 39.81 39.81 39.83 39.83 39.84 39.84 39.84 39.83 39.82 39.82 39.82 39.83 39.85 39.85 39.86 39.87 39.86 39.86 39.87 39.88 39.87 39.87 39.86 39.84 39.83 39.81 39.8 39.78
39.4 39.42 39.44 39.44 39.45 39.46 39.47 39.48 39.47 39.47 39.48 39.5 39.52 39.52 39.53 39.54 39.56 39.58 39.59 39.61 39.62 39.63 39.62 39.62 39.65 39.68 39.7 39.73 39.72 39.7 39.71 39.69 39.69 39.71 39.7 39.7 39.72 39.72 39.73 39.75 39.78 39.78 39.75 39.72 39.72 39.72 39.73 39.77 39.81 39.81 39.81 39.81 39.82 39.82 39.83 39.84 39.84 39.83 39.82 39.82 39.82 39.82 39.83 39.85 39.86 39.87 39.85 39.85 39.86 39.87 39.87 39.88 39.87 39.84 39.82 39.82 39.81 39.78
39.38 39.39 39.41 39.42 39.44 39.45 39.45 39.45 39.46 39.48 39.49 39.49 39.51 39.53 39.53 39.52 39.53 39.53 39.56 39.58 39.59 39.61 39.62 39.62 39.63 39.65 39.67 39.7 39.69 39.68 39.69 39.69 39.68 39.69 39.69 39.69 39.73 39.74 39.73 39.74 39.74 39.75 39.75 39.74 39.73 39.72 39.72 39.75 39.8 39.81 39.81 39.81 39.81 39.81 39.82 39.83 39.84 39.83 39.82 39.83 39.83 39.81 39.82 39.84 39.86 39.86 39.85 39.87 39.86 39.86 39.87 39.88 39.88 39.85 39.84 39.84 39.82 39.79
39.38 39.37 39.37 39.38 39.41 39.42 39.43 39.43 39.44 39.46 39.48 39.49 39.51 39.53 39.52 39.51 39.51 39.53 39.54 39.56 39.57 39.59 39.6 39.6 39.61 39.62 39.64 39.67 39.68 39.68 39.68 39.67 39.66 39.67 39.69 39.7 39.73 39.73 39.72 39.72 39.73 39.75 39.77 39.77 39.75 39.73 39.71 39.73 39.78 39.79 39.8 39.8 39.79 39.8 39.82 39.83 39.83 39.83 39.84 39.83 39.83 39.82 39.81 39.84 39.86 39.86 39.85 39.85 39.85 39.86 39.88 39.89 39.88 39.86 39.84 39.83 39.82 39.79
39.36 39.36 39.35 39.36 39.37 39.4 39.4 39.41 39.42 39.44 39.45 39.48 39.49 39.51 39.5 39.48 39.47 39.49 39.52 39.55 39.56 39.58 39.58 39.59 39.59 39.6 39.63 39.66 39.66 39.67 39.67 39.66 39.65 39.65 39.67 39.7 39.73 39.73 39.71 39.71 39.74 39.75 39.78 39.78 39.75 39.73 39.7 39.72 39.76 39.77 39.78 39.77 39.77 39.79 39.81 39.84 39.83 39.83 39.84 39.82 39.82 39.82 39.81 39.83 39.86 39.87 39.85 39.84 39.83 39.84 39.87 39.87 39.87 39.86 39.83 39.83 39.82 39.8
39.34 39.34 39.35 39.35 39.35 39.37 39.38 39.39 39.41 39.43 39.44 39.46 39.48 39.51 39.5 39.47 39.47 39.49 39.5 39.53 39.54 39.55 39.56 39.58 39.59 39.59 39.61 39.63 39.63 39.63 39.64 39.64 39.66 39.66 39.66 39.68 39.7 39.71 39.71 39.7 39.73 39.75 39.77 39.78 39.75 39.72 39.68 39.69 39.71 39.73 39.76 39.75 39.75 39.77 39.79 39.82 39.82 39.82 39.83 39.82 39.83 39.84 39.82 39.83 39.85 39.87 39.86 39.86 39.85 39.84 39.88 39.89 39.88 39.86 39.85 39.86 39.86 39.82
39.34 39.35 39.34 39.34 39.35 39.35 39.37 39.39 39.4 39.4 39.42 39.45 39.47 39.48 39.48 39.47 39.48 39.5 39.5 39.5 39.52 39.52 39.54 39.57 39.58 39.58 39.58 39.6 39.61 39.61 39.62 39.63 39.66 39.66 39.65 39.65 39.66 39.68 39.69 39.69 39.72 39.73 39.75 39.76 39.75 39.72 39.68 39.69 39.68 39.7 39.75 39.75 39.75 39.77 39.79 39.81 39.82 39.83 39.84 39.83 39.84 39.84 39.82 39.81 39.83 39.85 39.86 39.86 39.86 39.86 39.88 39.89 39.88 39.85 39.86 39.87 39.88 39.85
39.33 39.34 39.33 39.34 39.35 39.36 39.36 39.38 39.39 39.39 39.41 39.45 39.45 39.46 39.46 39.46 39.46 39.48 39.48 39.48 39.5 39.51 39.54 39.57 39.58 39.57 39.57 39.59 39.61 39.62 39.62 39.63 39.66 39.66 39.64 39.64 39.66 39.66 39.67 39.69 39.7 39.71 39.73 39.74 39.74 39.7 39.68 39.7 39.69 39.69 39.74 39.76 39.76 39.77 39.79 39.8 39.81 39.82 39.84 39.85 39.84 39.83 39.82 39.8 39.81 39.83 39.83 39.84 39.85 39.85 39.85 39.87 39.87 39.84 39.85 39.86 39.88 39.85
39.29 39.31 39.31 39.32 39.33 39.33 39.34 39.36 39.39 39.39 39.42 39.45 39.45 39.44 39.44 39.45 39.45 39.46 39.46 39.47 39.48 39.5 39.52 39.55 39.56 39.56 39.56 39.58 39.6 39.61 39.61 39.63 39.64 39.63 39.62 39.63 39.65 39.64 39.64 39.68 39.68 39.68 39.71 39.72 39.71 39.69 39.67 39.68 39.68 39.69 39.73 39.76 39.76 39.76 39.78 39.78 39.8 39.82 39.84 39.86 39.85 39.84 39.83 39.8 39.8 39.81 39.82 39.83 39.84 39.84 39.84 39.86 39.87 39.84 39.84 39.85 39.86 39.85
39.3 39.31 39.31 39.32 39.33 39.31 39.32 39.36 39.38 39.38 39.4 39.43 39.43 39.42 39.43 39.44 39.44 39.44 39.45 39.46 39.49 39.5 39.51 39.53 39.55 39.55 39.55 39.56 39.58 39.58 39.59 39.6 39.59 39.59 39.59 39.6 39.61 39.62 39.63 39.65 39.64 39.64 39.67 39.69 39.69 39.7 39.68 39.66 39.67 39.7 39.74 39.77 39.76 39.76 39.76 39.75 39.77 39.79 39.81 39.84 39.84 39.84 39.83 39.81 39.8 39.82 39.84 39.84 39.84 39.83 39.83 39.85 39.87 39.85 39.85 39.85 39.84 39.84
39.33 39.32 39.32 39.33 39.33 39.32 39.32 39.35 39.37 39.37 39.38 39.4 39.41 39.41 39.42 39.43 39.43 39.43 39.43 39.46 39.48 39.48 39.49 39.52 39.55 39.54 39.53 39.54 39.56 39.56 39.56 39.56 39.56 39.57 39.57 39.58 39.59 39.61 39.63 39.64 39.64 39.63 39.64 39.66 39.68 39.7 39.68 39.65 39.66 39.69 39.73 39.75 39.76 39.77 39.77 39.75 39.76 39.77 39.78 39.8 39.82 39.83 39.82 39.82 39.81 39.83 39.87 39.87 39.84 39.83 39.82 39.84 39.86 39.85 39.85 39.85 39.84 39.83
39.34 39.32 39.32 39.32 39.31 39.31 39.31 39.33 39.36 39.36 39.36 39.38 39.4 39.41 39.42 39.43 39.42 39.41 39.41 39.42 39.44 39.44 39.45 39.5 39.54 39.53 39.51 39.52 39.52 39.53 39.54 39.56 39.56 39.57 39.58 39.58 39.58 39.59 39.61 39.61 39.62 39.63 39.64 39.66 39.67 39.68 39.67 39.64 39.64 39.66 39.7 39.74 39.75 39.77 39.77 39.75 39.75 39.77 39.76 39.77 39.81 39.83 39.82 39.82 39.82 39.84 39.87 39.87 39.84 39.8 39.79 39.81 39.84 39.86 39.85 39.84 39.83 39.83
39.34 39.34 39.34 39.31 39.29 39.3 39.31 39.33 39.35 39.35 39.35 39.36 39.37 39.38 39.4 39.42 39.42 39.41 39.39 39.41 39.44 39.43 39.45 39.5 39.52 39.51 39.51 39.5 39.48 39.51 39.54 39.56 39.57 39.57 39.57 39.58 39.58 39.59 39.6 39.59 39.6 39.63 39.64 39.66 39.66 39.66 39.65 39.62 39.62 39.64 39.67 39.71 39.74 39.77 39.78 39.75 39.74 39.77 39.76 39.77 39.8 39.81 39.81 39.81 39.81 39.83 39.86 39.87 39.84 39.79 39.78 39.8 39.85 39.87 39.87 39.85 39.83 39.83
39.34 39.34 39.34 39.31 39.27 39.29 39.31 39.33 39.36 39.36 39.35 39.36 39.36 39.36 39.38 39.4 39.41 39.41 39.41 39.42 39.46 39.46 39.46 39.49 39.5 39.49 39.5 39.49 39.46 39.48 39.52 39.54 39.56 39.56 39.54 39.56 39.58 39.58 39.59 39.58 39.59 39.61 39.63 39.63 39.65 39.66 39.64 39.6 39.6 39.62 39.64 39.68 39.72 39.76 39.77 39.75 39.74 39.76 39.78 39.78 39.78 39.77 39.78 39.79 39.8 39.82 39.84 39.85 39.84 39.81 39.81 39.83 39.85 39.86 39.86 39.85 39.84 39.83
39.33 39.33 39.33 39.31 39.29 39.3 39.32 39.33 39.36 39.36 39.36 39.36 39.37 39.38 39.39 39.41 39.4 39.41 39.42 39.42 39.44 39.45 39.46 39.47 39.49 39.5 39.5 39.5 39.48 39.47 39.5 39.52 39.54 39.54 39.54 39.56 39.57 39.57 39.58 39.57 39.57 39.59 39.6 39.6 39.62 39.65 39.63 39.59 39.58 39.58 39.61 39.63 39.68 39.74 39.76 39.74 39.74 39.74 39.75 39.76 39.77 39.77 39.78 39.79 39.81 39.81 39.81 39.82 39.83 39.82 39.81 39.81 39.82 39.83 39.83 39.84 39.85 39.84
39.31 39.3 39.3 39.31 39.29 39.3 39.31 39.33 39.35 39.35 39.33 39.34 39.35 39.37 39.4 39.4 39.38 39.4 39.41 39.42 39.44 39.44 39.45 39.45 39.47 39.49 39.49 39.51 39.51 39.49 39.51 39.52 39.53 39.55 39.55 39.56 39.56 39.57 39.56 39.55 39.56 39.58 39.58 39.57 39.6 39.63 39.61 39.6 39.58 39.57 39.59 39.6 39.64 39.7 39.74 39.74 39.72 39.73 39.73 39.76 39.78 39.78 39.8 39.8 39.79 39.8 39.81 39.82 39.82 39.82 39.81 39.8 39.81 39.81 39.82 39.84 39.84 39.84
39.29 39.27 39.27 39.29 39.28 39.28 39.3 39.32 39.34 39.35 39.35 39.34 39.35 39.37 39.4 39.38 39.34 39.37 39.42 39.44 39.45 39.45 39.45 39.45 39.46 39.47 39.49 39.54 39.52 39.5 39.51 39.52 39.52 39.54 39.54 39.53 39.54 39.55 39.55 39.54 39.54 39.55 39.57 39.57 39.59 39.61 39.6 39.59 39.57 39.57 39.58 39.59 39.62 39.67 39.71 39.71 39.72 39.73 39.73 39.76 39.77 39.77 39.79 39.78 39.78 39.8 39.81 39.81 39.81 39.8 39.8 39.8 39.81 39.82 39.83 39.84 39.82 39.83
39.31 39.29 39.27 39.3 39.31 39.3 39.3 39.32 39.35 39.36 39.36 39.37 39.37 39.38 39.4 39.37 39.34 39.37 39.43 39.45 39.45 39.45 39.45 39.43 39.44 39.46 39.5 39.54 39.52 39.49 39.5 39.51 39.52 39.53 39.52 39.5 39.51 39.53 39.54 39.54 39.53 39.53 39.56 39.56 39.55 39.58 39.6 39.58 39.56 39.55 39.56 39.56 39.59 39.63 39.67 39.69 39.71 39.72 39.72 39.73 39.74 39.74 39.76 39.77 39.77 39.78 39.79 39.79 39.8 39.81 39.81 39.82 39.81 39.81 39.82 39.83 39.82 39.83
39.31 39.3 39.29 39.31 39.31 39.31 39.3 39.32 39.35 39.35 39.36 39.37 39.38 39.38 39.39 39.38 39.37 39.4 39.44 39.46 39.44 39.43 39.43 39.42 39.42 39.45 39.48 39.5 39.49 39.47 39.49 39.5 39.51 39.52 39.52 39.51 39.51 39.51 39.51 39.52 39.53 39.53 39.53 39.52 39.52 39.56 39.61 39.6 39.56 39.57 39.56 39.56 39.57 39.61 39.64 39.67 39.7 39.71 39.7 39.72 39.73 39.72 39.73 39.76 39.78 39.78 39.79 39.79 39.8 39.81 39.82 39.83 39.82 39.81 39.82 39.84 39.83 39.82
39.28 39.29 39.3 39.3 39.3 39.3 39.3 39.31 39.34 39.34 39.35 39.36 39.36 39.37 39.37 39.37 39.38 39.41 39.43 39.44 39.42 39.41 39.42 39.42 39.43 39.45 39.46 39.46 39.46 39.47 39.48 39.49 39.51 39.51 39.5 39.51 39.52 39.51 39.48 39.49 39.52 39.52 39.51 39.5 39.49 39.54 39.6 39.59 39.57 39.57 39.56 39.56 39.57 39.59 39.63 39.66 39.69 39.69 39.68 39.7 39.72 39.72 39.73 39.75 39.79 39.79 39.79 39.78 39.79 39.8 39.8 39.82 39.81 39.8 39.82 39.84 39.85 39.83
39.29 39.29 39.29 39.29 39.29 39.29 39.29 39.31 39.33 39.33 39.34 39.33 39.34 39.36 39.35 39.34 39.36 39.4 39.42 39.42 39.42 39.4 39.39 39.41 39.43 39.44 39.44 39.45 39.46 39.47 39.47 39.47 39.48 39.5 39.5 39.5 39.5 39.49 39.48 39.48 39.51 39.52 39.49 39.48 39.49 39.51 39.55 39.56 39.55 39.55 39.55 39.55 39.55 39.57 39.59 39.63 39.68 39.68 39.68 39.69 39.71 39.74 39.73 39.73 39.76 39.77 39.76 39.75 39.77 39.77 39.79 39.8 39.79 39.8 39.8 39.83 39.85 39.85
39.28 39.28 39.28 39.27 39.28 39.29 39.31 39.3 39.31 39.34 39.33 39.31 39.32 39.35 39.35 39.35 39.36 39.39 39.41 39.41 39.42 39.41 39.38 39.38 39.4 39.43 39.45 39.46 39.47 39.47 39.47 39.46 39.46 39.48 39.51 39.5 39.49 39.49 39.48 39.47 39.48 39.5 39.47 39.48 39.49 39.5 39.52 39.53 39.54 39.54 39.53 39.53 39.54 39.56 39.57 39.6 39.66 39.66 39.67 39.69 39.7 39.73 39.73 39.72 39.73 39.73 39.73 39.74 39.76 39.76 39.78 39.79 39.78 39.79 39.8 39.82 39.86 39.85
39.26 39.26 39.27 39.27 39.26 39.29 39.31 39.29 39.29 39.33 39.33 39.31 39.32 39.34 39.35 39.37 39.36 39.37 39.4 39.4 39.41 39.42 39.39 39.38 39.4 39.43 39.46 39.47 39.47 39.48 39.49 39.47 39.46 39.47 39.5 39.5 39.49 39.49 39.48 39.48 39.47 39.49 39.49 39.49 39.48 39.48 39.48 39.51 39.54 39.53 39.52 39.52 39.54 39.56 39.55 39.58 39.64 39.65 39.65 39.66 39.69 39.7 39.71 39.71 39.71 39.72 39.73 39.74 39.75 39.76 39.78 39.78 39.75 39.77 39.79 39.81 39.84 39.84
39.23 39.25 39.26 39.27 39.26 39.27 39.28 39.27 39.27 39.31 39.32 39.3 39.31 39.34 39.35 39.36 39.36 39.37 39.39 39.4 39.41 39.42 39.39 39.37 39.38 39.42 39.45 39.46 39.45 39.46 39.48 39.46 39.45 39.47 39.49 39.49 39.48 39.47 39.46 39.46 39.47 39.48 39.49 39.48 39.47 39.47 39.47 39.49 39.52 39.51 39.51 39.52 39.52 39.53 39.52 39.55 39.61 39.64 39.63 39.65 39.68 39.67 39.68 39.69 39.68 39.71 39.72 39.73 39.73 39.73 39.75 39.77 39.75 39.76 39.78 39.79 39.8 39.8
39.21 39.24 39.26 39.26 39.26 39.27 39.27 39.26 39.26 39.29 39.3 39.29 39.31 39.34 39.34 39.34 39.35 39.36 39.38 39.39 39.4 39.4 39.4 39.37 39.35 39.39 39.42 39.44 39.45 39.44 39.45 39.45 39.45 39.46 39.48 39.48 39.47 39.46 39.45 39.46 39.47 39.48 39.5 39.49 39.47 39.48 39.48 39.48 39.5 39.5 39.51 39.51 39.49 39.48 39.49 39.52 39.58 39.63 39.64 39.66 39.67 39.65 39.66 39.67 39.66 39.67 39.7 39.73 39.7 39.7 39.71 39.73 39.76 39.76 39.77 39.79 39.81 39.8
