slabs/64.grd
DSAA
631 301
645780 646410
4946900 4947200
33.31 41.2
[rows 175 to 209 of 301, columns 0 to 77 of 631]
38.92 38.96 38.98 38.97 38.91 38.9 38.92 38.91 38.88 38.86 38.81 38.79 38.81 38.84 38.88 38.91 38.9 38.89 38.86 38.8 38.73 38.65 38.5 38.39 38.37 38.37 38.37 38.39 38.42 38.47 38.56 38.6 38.63 38.7 38.8 38.83 38.86 38.91 38.95 39 39.08 39.15 39.03 38.87 38.63 38.1 37.47 37.05 36.78 36.25 35.86 35.63 35.43 35.26 35.09 34.89 34.62 34.54 34.54 34.56 34.61 34.66 34.7 34.73 34.79 34.84 34.88 34.9 34.94 34.95 34.95 34.96 34.97 34.98 34.99 35.01 35.08 35.17
39.05 39.07 39.06 39 38.94 38.93 38.95 38.93 38.89 38.85 38.76 38.74 38.77 38.8 38.84 38.85 38.83 38.83 38.85 38.81 38.73 38.65 38.52 38.44 38.43 38.45 38.46 38.43 38.43 38.44 38.49 38.5 38.56 38.68 38.77 38.8 38.83 38.87 38.9 38.93 39 39.01 38.71 38.43 38.18 37.73 37.21 36.74 36.39 35.88 35.57 35.43 35.25 35.09 34.9 34.74 34.57 34.58 34.61 34.63 34.66 34.7 34.73 34.75 34.8 34.86 34.9 34.92 34.97 34.99 34.99 35 35.01 35.02 35.03 35.04 35.06 35.09
39.11 39.12 39.08 39 38.96 38.97 38.97 38.96 38.93 38.87 38.75 38.74 38.8 38.84 38.88 38.86 38.83 38.83 38.83 38.81 38.74 38.67 38.55 38.5 38.51 38.55 38.57 38.55 38.51 38.45 38.45 38.46 38.51 38.63 38.72 38.77 38.8 38.84 38.87 38.89 38.92 38.8 38.39 38.05 37.7 37.23 36.89 36.52 36.03 35.58 35.37 35.27 35.07 34.86 34.71 34.65 34.62 34.64 34.67 34.69 34.72 34.75 34.77 34.79 34.82 34.87 34.9 34.93 34.99 35.02 35.03 35.04 35.05 35.06 35.07 35.08 35.1 35.11
38.95 38.97 38.97 38.96 38.98 39 39 38.99 38.97 38.91 38.8 38.84 38.92 38.95 38.94 38.9 38.88 38.87 38.86 38.83 38.76 38.68 38.6 38.57 38.58 38.64 38.69 38.67 38.59 38.5 38.5 38.5 38.51 38.55 38.64 38.71 38.74 38.79 38.83 38.86 38.81 38.51 38.06 37.68 37.16 36.63 36.38 36.12 35.63 35.35 35.25 35.14 34.89 34.68 34.63 34.64 34.67 34.7 34.72 34.73 34.76 34.8 34.81 34.83 34.86 34.89 34.91 34.95 35 35.04 35.06 35.08 35.1 35.1 35.11 35.12 35.14 35.15
38.76 38.79 38.85 38.92 38.97 39 39.02 39.01 39 38.96 38.93 38.99 39.05 39.03 38.98 38.95 38.93 38.92 38.9 38.87 38.8 38.7 38.65 38.64 38.65 38.72 38.79 38.78 38.69 38.58 38.63 38.66 38.61 38.54 38.55 38.6 38.63 38.66 38.66 38.65 38.5 38.08 37.59 37.12 36.53 36.07 35.84 35.64 35.34 35.19 35.1 35 34.77 34.62 34.62 34.66 34.72 34.75 34.77 34.79 34.81 34.84 34.85 34.87 34.9 34.92 34.94 34.97 35.01 35.05 35.07 35.11 35.14 35.15 35.15 35.16 35.18 35.19
38.77 38.8 38.84 38.91 38.96 38.99 39.03 39.05 39.04 39.05 39.09 39.11 39.11 39.08 39.03 38.99 38.97 38.95 38.93 38.92 38.84 38.74 38.71 38.71 38.72 38.8 38.89 38.89 38.79 38.71 38.81 38.86 38.79 38.65 38.57 38.53 38.48 38.38 38.21 38.09 37.83 37.4 36.98 36.56 36.04 35.69 35.51 35.41 35.25 35.08 34.96 34.86 34.66 34.55 34.57 34.64 34.75 34.83 34.86 34.87 34.88 34.89 34.91 34.93 34.96 34.97 34.98 35.01 35.05 35.07 35.09 35.14 35.17 35.19 35.19 35.21 35.2 35.18
38.78 38.81 38.85 38.9 38.94 38.96 39.03 39.08 39.09 39.16 39.23 39.2 39.17 39.12 39.07 39.03 39.01 38.99 38.98 38.98 38.9 38.78 38.77 38.77 38.78 38.87 38.98 39 38.93 38.89 38.99 39.03 38.97 38.85 38.79 38.62 38.26 37.9 37.62 37.42 37.1 36.7 36.42 36.18 35.76 35.46 35.3 35.23 35.12 34.97 34.85 34.75 34.57 34.47 34.5 34.59 34.74 34.85 34.91 34.95 34.98 34.99 35 35.01 35.03 35.04 35.04 35.07 35.1 35.12 35.13 35.16 35.2 35.22 35.23 35.23 35.17 35.09
38.79 38.82 38.87 38.9 38.92 38.95 39.01 39.07 39.12 39.24 39.31 39.27 39.22 39.17 39.11 39.07 39.05 39.02 39.02 39.02 38.94 38.82 38.8 38.8 38.83 38.94 39.06 39.1 39.1 39.12 39.15 39.14 39.09 39.02 38.97 38.71 38.04 37.44 37.15 36.97 36.63 36.25 35.98 35.79 35.49 35.29 35.19 35.12 35 34.86 34.77 34.67 34.5 34.42 34.44 34.52 34.68 34.8 34.87 34.98 35.06 35.09 35.1 35.12 35.13 35.14 35.14 35.15 35.17 35.18 35.19 35.22 35.25 35.28 35.29 35.26 35.15 35.07
38.8 38.83 38.89 38.92 38.93 38.95 38.99 39.02 39.12 39.29 39.35 39.32 39.28 39.21 39.16 39.12 39.08 39.04 39.04 39.04 38.97 38.85 38.83 38.86 38.91 39.02 39.12 39.16 39.2 39.29 39.33 39.27 39.18 39.05 38.94 38.66 37.96 37.2 36.78 36.58 36.24 35.92 35.68 35.51 35.3 35.21 35.16 35.1 34.96 34.79 34.68 34.58 34.45 34.41 34.42 34.47 34.6 34.72 34.81 34.96 35.08 35.16 35.19 35.22 35.24 35.25 35.25 35.27 35.29 35.29 35.3 35.33 35.37 35.4 35.44 35.42 35.33 35.34
38.82 38.85 38.91 38.95 38.96 38.97 38.98 39.01 39.11 39.3 39.36 39.35 39.32 39.26 39.21 39.16 39.11 39.07 39.1 39.13 39.04 38.9 38.88 38.93 38.98 39.06 39.12 39.14 39.19 39.34 39.49 39.44 39.24 39 38.84 38.53 37.82 37.04 36.51 36.26 35.9 35.63 35.44 35.33 35.21 35.15 35.09 35.01 34.85 34.69 34.58 34.49 34.42 34.41 34.41 34.43 34.51 34.6 34.71 34.9 35.06 35.15 35.21 35.29 35.34 35.35 35.37 35.42 35.46 35.46 35.47 35.49 35.53 35.56 35.66 35.76 35.77 35.85
38.85 38.87 38.93 38.96 38.99 39 39.02 39.05 39.14 39.29 39.36 39.37 39.35 39.31 39.25 39.2 39.17 39.14 39.19 39.24 39.14 38.99 38.97 39 39.01 39.03 39.05 39.08 39.17 39.35 39.51 39.42 39.12 38.78 38.55 38.17 37.41 36.71 36.23 35.95 35.57 35.34 35.21 35.19 35.15 35.08 35 34.9 34.73 34.6 34.51 34.43 34.41 34.41 34.42 34.42 34.45 34.49 34.58 34.79 34.97 35.08 35.15 35.28 35.38 35.44 35.49 35.57 35.62 35.62 35.63 35.64 35.65 35.69 35.9 36.19 36.32 36.43
38.89 38.92 38.96 38.99 39.02 39.06 39.09 39.13 39.19 39.3 39.35 39.36 39.36 39.34 39.28 39.23 39.21 39.2 39.24 39.26 39.2 39.1 39.06 39.06 39.04 39.02 39.02 39.07 39.2 39.31 39.34 39.2 38.81 38.32 37.98 37.54 36.75 36.18 35.82 35.62 35.31 35.13 35.09 35.1 35.09 35.03 34.94 34.8 34.63 34.52 34.47 34.41 34.41 34.42 34.42 34.42 34.43 34.44 34.48 34.6 34.77 34.91 35.02 35.21 35.37 35.46 35.54 35.65 35.71 35.73 35.74 35.75 35.76 35.84 36.15 36.62 36.9 37.04
38.98 39 39.03 39.07 39.13 39.16 39.22 39.26 39.29 39.34 39.33 39.33 39.35 39.35 39.31 39.27 39.24 39.21 39.23 39.26 39.25 39.18 39.13 39.12 39.08 39.08 39.09 39.13 39.21 39.21 39.13 38.93 38.41 37.73 37.24 36.85 36.22 35.8 35.55 35.4 35.17 35.06 35.06 35.06 35.01 34.95 34.86 34.71 34.57 34.49 34.45 34.41 34.4 34.41 34.41 34.42 34.43 34.44 34.45 34.47 34.56 34.69 34.83 35.09 35.28 35.38 35.5 35.64 35.73 35.78 35.83 35.86 35.87 35.99 36.35 36.88 37.31 37.54
39.19 39.2 39.22 39.28 39.32 39.31 39.35 39.39 39.4 39.39 39.36 39.36 39.36 39.34 39.31 39.28 39.24 39.2 39.23 39.27 39.28 39.23 39.19 39.17 39.16 39.2 39.23 39.22 39.19 39.07 38.92 38.63 37.97 37.18 36.62 36.3 35.84 35.54 35.36 35.24 35.09 35.05 35.04 35 34.91 34.84 34.77 34.66 34.56 34.5 34.46 34.41 34.39 34.4 34.4 34.42 34.43 34.44 34.45 34.46 34.49 34.54 34.66 34.92 35.11 35.23 35.43 35.59 35.68 35.75 35.87 35.95 35.99 36.13 36.48 37.01 37.48 37.83
39.42 39.45 39.5 39.55 39.53 39.48 39.45 39.48 39.47 39.44 39.43 39.42 39.38 39.31 39.27 39.24 39.19 39.18 39.22 39.26 39.3 39.27 39.23 39.24 39.27 39.31 39.33 39.3 39.17 38.92 38.66 38.27 37.47 36.69 36.17 35.86 35.51 35.33 35.22 35.12 35.05 35.03 34.99 34.91 34.81 34.73 34.7 34.64 34.57 34.52 34.48 34.41 34.39 34.39 34.39 34.41 34.43 34.44 34.45 34.46 34.46 34.47 34.55 34.74 34.91 35.05 35.3 35.52 35.64 35.71 35.85 35.99 36.09 36.22 36.56 37.11 37.58 37.99
39.49 39.59 39.7 39.76 39.75 39.68 39.59 39.56 39.52 39.47 39.46 39.45 39.39 39.29 39.24 39.2 39.14 39.16 39.21 39.24 39.29 39.3 39.28 39.32 39.38 39.36 39.35 39.29 39.09 38.68 38.3 37.83 36.93 36.25 35.84 35.47 35.21 35.14 35.09 35.05 35 34.96 34.91 34.8 34.71 34.66 34.65 34.62 34.57 34.53 34.48 34.41 34.38 34.38 34.39 34.4 34.42 34.43 34.44 34.45 34.46 34.47 34.5 34.6 34.72 34.86 35.13 35.39 35.55 35.65 35.81 35.98 36.12 36.27 36.64 37.2 37.68 38.11
39.51 39.64 39.78 39.87 39.88 39.84 39.75 39.67 39.58 39.53 39.55 39.55 39.46 39.33 39.31 39.25 39.14 39.14 39.19 39.22 39.28 39.32 39.35 39.41 39.44 39.33 39.23 39.11 38.73 38.18 37.74 37.21 36.3 35.72 35.44 35.17 35.05 35.02 35.02 35 34.92 34.86 34.8 34.71 34.64 34.62 34.62 34.6 34.56 34.53 34.49 34.42 34.38 34.37 34.38 34.39 34.41 34.42 34.43 34.44 34.45 34.46 34.48 34.52 34.58 34.69 34.95 35.22 35.4 35.53 35.74 35.94 36.07 36.27 36.72 37.29 37.76 38.26
39.53 39.64 39.77 39.86 39.86 39.86 39.84 39.77 39.63 39.59 39.63 39.64 39.57 39.47 39.46 39.37 39.18 39.12 39.16 39.2 39.27 39.34 39.38 39.4 39.35 39.14 38.95 38.65 37.92 37.21 36.8 36.27 35.63 35.24 35.1 35.02 34.99 34.98 34.98 34.94 34.83 34.73 34.65 34.56 34.57 34.58 34.58 34.57 34.56 34.54 34.5 34.43 34.38 34.37 34.37 34.38 34.4 34.41 34.42 34.43 34.45 34.45 34.47 34.49 34.51 34.57 34.77 35.03 35.21 35.37 35.64 35.89 36.09 36.42 36.98 37.47 37.87 38.51
39.54 39.64 39.75 39.82 39.82 39.81 39.84 39.8 39.68 39.62 39.64 39.66 39.65 39.6 39.56 39.45 39.23 39.13 39.15 39.19 39.25 39.28 39.28 39.18 38.97 38.69 38.4 37.83 36.91 36.21 35.88 35.44 35.16 35.03 35 34.97 34.95 34.93 34.9 34.84 34.69 34.5 34.42 34.39 34.46 34.5 34.52 34.54 34.53 34.52 34.49 34.43 34.38 34.36 34.36 34.37 34.39 34.4 34.41 34.42 34.44 34.44 34.46 34.48 34.49 34.51 34.64 34.87 35.06 35.25 35.67 36.1 36.54 37.09 37.66 38.04 38.31 38.89
39.57 39.65 39.72 39.77 39.8 39.79 39.82 39.82 39.72 39.62 39.59 39.61 39.64 39.63 39.6 39.5 39.29 39.17 39.17 39.18 39.17 39.08 38.96 38.77 38.4 38.07 37.69 36.93 36.15 35.66 35.41 35.11 34.99 34.95 34.94 34.92 34.91 34.89 34.85 34.73 34.49 34.28 34.25 34.27 34.32 34.37 34.41 34.47 34.49 34.49 34.47 34.43 34.39 34.36 34.35 34.37 34.38 34.39 34.4 34.42 34.43 34.44 34.46 34.49 34.51 34.52 34.64 34.88 35.07 35.34 36.01 36.7 37.27 37.93 38.44 38.77 38.98 39.35
39.62 39.68 39.73 39.75 39.77 39.76 39.77 39.78 39.7 39.57 39.53 39.55 39.6 39.61 39.6 39.52 39.37 39.24 39.18 39.15 39.01 38.79 38.57 38.27 37.83 37.47 37.07 36.24 35.53 35.19 35.06 34.92 34.89 34.9 34.88 34.87 34.84 34.8 34.76 34.63 34.41 34.3 34.28 34.27 34.28 34.29 34.31 34.36 34.4 34.42 34.44 34.42 34.39 34.37 34.34 34.36 34.38 34.38 34.4 34.43 34.44 34.46 34.52 34.59 34.63 34.68 34.88 35.16 35.35 35.67 36.46 37.26 37.78 38.46 38.92 39.27 39.49 39.81
39.7 39.76 39.79 39.77 39.72 39.69 39.7 39.69 39.6 39.5 39.49 39.51 39.55 39.58 39.57 39.52 39.39 39.27 39.17 39.04 38.77 38.49 38.25 37.79 37.26 36.87 36.46 35.66 35.06 34.84 34.84 34.86 34.85 34.84 34.83 34.8 34.71 34.61 34.6 34.58 34.53 34.48 34.44 34.39 34.36 34.33 34.31 34.32 34.34 34.35 34.37 34.39 34.39 34.37 34.35 34.37 34.39 34.4 34.45 34.52 34.56 34.61 34.7 34.79 34.85 34.99 35.32 35.64 35.82 36.2 36.97 37.73 38.31 39.12 39.57 39.82 40.03 40.3
39.76 39.82 39.86 39.8 39.68 39.66 39.68 39.63 39.52 39.46 39.46 39.48 39.52 39.55 39.55 39.46 39.27 39.14 39.06 38.83 38.44 38.11 37.86 37.33 36.69 36.25 35.9 35.28 34.87 34.76 34.79 34.83 34.83 34.82 34.78 34.67 34.5 34.39 34.42 34.52 34.6 34.61 34.58 34.54 34.5 34.47 34.43 34.4 34.38 34.37 34.35 34.36 34.38 34.38 34.37 34.42 34.48 34.52 34.61 34.72 34.79 34.85 34.96 35.03 35.1 35.35 35.79 36.13 36.36 36.92 37.89 38.68 39.2 39.98 40.35 40.44 40.53 40.68
39.69 39.77 39.84 39.79 39.7 39.71 39.72 39.62 39.48 39.48 39.5 39.53 39.57 39.59 39.56 39.37 39.02 38.82 38.75 38.49 38.05 37.73 37.45 36.84 36.16 35.74 35.5 35.07 34.78 34.72 34.75 34.77 34.77 34.77 34.7 34.51 34.34 34.29 34.34 34.48 34.6 34.64 34.67 34.64 34.61 34.59 34.55 34.52 34.51 34.49 34.44 34.41 34.41 34.41 34.41 34.51 34.6 34.67 34.8 34.91 34.98 35.08 35.2 35.28 35.41 35.79 36.29 36.62 36.9 37.7 38.89 39.71 40.08 40.58 40.81 40.84 40.82 40.82
39.54 39.63 39.76 39.76 39.73 39.72 39.67 39.58 39.49 39.53 39.57 39.61 39.68 39.7 39.63 39.25 38.71 38.46 38.36 38.06 37.62 37.29 36.98 36.34 35.75 35.45 35.28 34.93 34.71 34.69 34.7 34.71 34.7 34.67 34.56 34.38 34.28 34.29 34.34 34.44 34.54 34.62 34.71 34.72 34.71 34.69 34.65 34.62 34.61 34.6 34.56 34.52 34.5 34.46 34.44 34.53 34.64 34.75 34.9 35 35.08 35.21 35.35 35.44 35.69 36.23 36.73 37.06 37.39 38.33 39.57 40.26 40.49 40.77 40.88 40.9 40.86 40.83
39.56 39.63 39.72 39.73 39.72 39.67 39.6 39.55 39.54 39.57 39.61 39.68 39.74 39.77 39.63 39.1 38.43 38.11 37.95 37.59 37.12 36.77 36.44 35.86 35.44 35.25 35.1 34.82 34.66 34.66 34.65 34.63 34.6 34.54 34.42 34.34 34.31 34.33 34.36 34.43 34.5 34.57 34.7 34.79 34.81 34.79 34.75 34.71 34.69 34.66 34.63 34.59 34.56 34.51 34.47 34.54 34.65 34.8 34.97 35.11 35.16 35.25 35.38 35.47 35.84 36.56 37.12 37.51 37.83 38.7 39.82 40.41 40.57 40.75 40.82 40.81 40.79 40.79
39.7 39.73 39.76 39.72 39.67 39.66 39.62 39.57 39.56 39.59 39.63 39.68 39.7 39.73 39.53 38.9 38.15 37.74 37.51 37.08 36.55 36.17 35.86 35.42 35.2 35.08 34.95 34.72 34.61 34.61 34.57 34.52 34.48 34.45 34.39 34.38 34.38 34.38 34.4 34.43 34.48 34.53 34.66 34.81 34.87 34.86 34.82 34.78 34.75 34.73 34.69 34.65 34.63 34.55 34.49 34.54 34.66 34.86 35.1 35.33 35.38 35.41 35.46 35.51 35.93 36.82 37.59 38.05 38.29 38.95 39.88 40.39 40.52 40.7 40.75 40.74 40.73 40.69
39.83 39.85 39.84 39.74 39.64 39.63 39.61 39.58 39.58 39.61 39.61 39.58 39.57 39.61 39.36 38.64 37.82 37.32 37.03 36.49 35.92 35.53 35.31 35.04 34.95 34.89 34.8 34.63 34.54 34.53 34.5 34.46 34.46 34.46 34.45 34.44 34.44 34.43 34.43 34.45 34.48 34.53 34.64 34.78 34.88 34.89 34.88 34.85 34.82 34.79 34.75 34.73 34.7 34.59 34.5 34.54 34.68 34.93 35.26 35.59 35.74 35.83 35.76 35.73 36.17 37.21 38.13 38.55 38.74 39.23 39.9 40.33 40.49 40.63 40.68 40.66 40.59 40.41
39.92 39.99 39.92 39.75 39.67 39.67 39.66 39.64 39.6 39.58 39.52 39.39 39.34 39.36 39.06 38.29 37.43 36.82 36.44 35.87 35.32 34.97 34.85 34.74 34.69 34.66 34.63 34.57 34.51 34.5 34.49 34.49 34.51 34.52 34.51 34.48 34.48 34.47 34.47 34.48 34.49 34.53 34.63 34.75 34.84 34.89 34.94 34.92 34.9 34.86 34.82 34.8 34.76 34.62 34.51 34.54 34.69 34.99 35.43 35.82 36.07 36.34 36.31 36.29 36.79 37.93 38.78 39.1 39.27 39.57 39.93 40.22 40.42 40.5 40.51 40.43 40.22 39.94
39.96 40.05 39.94 39.71 39.67 39.7 39.68 39.64 39.53 39.42 39.31 39.1 38.92 38.76 38.42 37.68 36.88 36.18 35.7 35.25 34.89 34.69 34.62 34.56 34.54 34.53 34.54 34.56 34.56 34.55 34.53 34.53 34.54 34.57 34.59 34.55 34.52 34.51 34.51 34.51 34.52 34.54 34.63 34.73 34.8 34.88 34.97 34.98 34.97 34.93 34.89 34.86 34.81 34.65 34.52 34.55 34.69 35.05 35.57 35.99 36.32 36.8 37.09 37.3 37.84 38.89 39.54 39.81 39.98 40.03 40.11 40.2 40.3 40.26 40.18 40.05 39.77 39.56
39.9 39.98 39.86 39.65 39.61 39.59 39.55 39.43 39.22 39.03 38.85 38.54 38.11 37.66 37.32 36.66 36.04 35.53 35.09 34.82 34.68 34.62 34.54 34.51 34.51 34.53 34.56 34.59 34.61 34.59 34.56 34.56 34.57 34.6 34.65 34.63 34.59 34.57 34.55 34.55 34.55 34.56 34.63 34.7 34.77 34.87 34.98 35.04 35.03 34.99 34.96 34.93 34.86 34.67 34.53 34.55 34.68 35.04 35.63 36.12 36.52 37.27 38.13 38.82 39.3 39.96 40.27 40.43 40.5 40.35 40.29 40.27 40.18 39.99 39.83 39.73 39.53 39.41
39.76 39.78 39.68 39.51 39.41 39.34 39.26 39.04 38.65 38.32 38.04 37.55 37 36.52 36.2 35.62 35.21 35.03 34.81 34.63 34.54 34.51 34.49 34.51 34.53 34.55 34.58 34.62 34.64 34.63 34.6 34.6 34.6 34.63 34.69 34.71 34.7 34.66 34.6 34.59 34.58 34.59 34.64 34.69 34.75 34.86 34.98 35.06 35.07 35.06 35.02 34.99 34.9 34.7 34.58 34.58 34.69 35.01 35.64 36.23 36.77 37.84 38.96 39.85 40.39 40.57 40.62 40.62 40.56 40.37 40.21 40.13 39.97 39.76 39.6 39.55 39.46 39.4
39.58 39.54 39.45 39.26 39.08 38.95 38.83 38.54 38.04 37.6 37.2 36.54 36.07 35.78 35.44 35.02 34.78 34.72 34.62 34.5 34.46 34.47 34.5 34.53 34.56 34.57 34.6 34.64 34.66 34.66 34.64 34.63 34.62 34.65 34.72 34.77 34.79 34.77 34.68 34.64 34.63 34.62 34.65 34.69 34.75 34.86 34.97 35.05 35.09 35.12 35.08 35.05 34.96 34.81 34.75 34.75 34.83 35.17 35.71 36.27 37.07 38.31 39.29 39.94 40.54 40.53 40.53 40.53 40.47 40.26 40.02 39.91 39.75 39.63 39.57 39.53 39.47 39.45
39.34 39.29 39.2 39 38.76 38.59 38.41 38.03 37.62 37.22 36.65 35.94 35.54 35.3 34.95 34.72 34.61 34.56 34.49 34.46 34.47 34.49 34.52 34.55 34.58 34.59 34.63 34.66 34.69 34.69 34.68 34.66 34.66 34.69 34.75 34.8 34.84 34.86 34.8 34.72 34.69 34.66 34.67 34.7 34.75 34.85 34.96 35.04 35.09 35.17 35.18 35.14 35.1 35.05 35.07 35.09 35.23 35.67 36.08 36.46 37.29 38.39 39.31 39.9 40.47 40.45 40.39 40.35 40.24 40.03 39.85 39.79 39.69 39.62 39.6 39.57 39.52 39.49
39.14 39.09 38.98 38.72 38.42 38.17 37.92 37.46 37.14 36.78 36.07 35.51 35.24 35.05 34.79 34.61 34.49 34.46 34.45 34.47 34.49 34.51 34.54 34.58 34.6 34.62 34.65 34.68 34.71 34.72 34.72 34.7 34.7 34.72 34.78 34.83 34.87 34.93 34.92 34.86 34.81 34.74 34.72 34.73 34.76 34.85 34.95 35.02 35.08 35.21 35.35 35.43 35.45 35.49 35.53 35.59 35.85 36.38 36.78 37.08 37.68 38.46 39.11 39.62 40.26 40.39 40.33 40.2 39.99 39.83 39.76 39.72 39.65 39.62 39.61 39.59 39.54 39.5
