slabs/64.grd
DSAA
631 301
645780 646410
4946900 4947200
33.31 41.2
[rows 105 to 139 of 301, columns 468 to 545 of 631]
39.81 39.78 39.8 39.83 39.82 39.82 39.83 39.84 39.88 39.87 39.86 39.87 39.87 39.86 39.85 39.82 39.83 39.82 39.83 39.84 39.83 39.81 39.81 39.81 39.82 39.82 39.82 39.83 39.84 39.83 39.82 39.82 39.85 39.87 39.88 39.89 39.87 39.86 39.89 39.9 39.9 39.89 39.9 39.92 39.94 39.96 39.95 39.94 39.93 39.95 39.99 39.99 39.98 39.98 39.96 39.94 39.94 39.95 39.94 39.94 39.95 39.94 39.93 39.92 39.91 39.91 39.9 39.9 39.89 39.86 39.83 39.82 39.79 39.78 39.75 39.7 39.69 39.71
39.83 39.81 39.81 39.82 39.81 39.81 39.83 39.86 39.89 39.88 39.85 39.85 39.87 39.87 39.85 39.81 39.8 39.81 39.84 39.85 39.84 39.83 39.82 39.81 39.82 39.82 39.83 39.84 39.84 39.82 39.81 39.81 39.83 39.86 39.88 39.87 39.85 39.85 39.88 39.89 39.89 39.89 39.9 39.91 39.92 39.95 39.96 39.95 39.92 39.93 40 40 39.98 39.98 39.96 39.94 39.93 39.93 39.92 39.93 39.94 39.94 39.93 39.91 39.91 39.91 39.89 39.89 39.88 39.86 39.84 39.82 39.8 39.81 39.77 39.71 39.68 39.69
39.84 39.84 39.83 39.81 39.81 39.81 39.83 39.87 39.89 39.89 39.86 39.85 39.87 39.88 39.87 39.84 39.81 39.82 39.85 39.86 39.84 39.84 39.82 39.81 39.81 39.8 39.8 39.8 39.81 39.81 39.81 39.81 39.82 39.84 39.86 39.85 39.84 39.85 39.87 39.87 39.88 39.88 39.88 39.89 39.91 39.94 39.97 39.95 39.92 39.95 39.99 39.99 39.99 39.98 39.97 39.95 39.94 39.92 39.9 39.9 39.91 39.95 39.97 39.94 39.93 39.93 39.89 39.89 39.88 39.86 39.84 39.82 39.8 39.8 39.77 39.72 39.68 39.68
39.83 39.84 39.84 39.83 39.83 39.83 39.83 39.85 39.86 39.87 39.87 39.84 39.84 39.86 39.87 39.84 39.82 39.83 39.85 39.86 39.85 39.83 39.81 39.8 39.8 39.8 39.78 39.77 39.78 39.79 39.81 39.83 39.82 39.83 39.86 39.86 39.86 39.85 39.85 39.87 39.88 39.88 39.88 39.88 39.91 39.94 39.95 39.94 39.94 39.97 39.98 40 40.01 39.99 39.95 39.95 39.95 39.94 39.92 39.9 39.9 39.93 39.96 39.94 39.92 39.93 39.92 39.89 39.86 39.85 39.84 39.82 39.8 39.78 39.76 39.71 39.68 39.68
39.84 39.84 39.84 39.83 39.83 39.83 39.83 39.83 39.83 39.86 39.87 39.85 39.84 39.85 39.87 39.85 39.85 39.84 39.84 39.85 39.85 39.83 39.81 39.8 39.81 39.81 39.79 39.77 39.76 39.77 39.79 39.8 39.81 39.83 39.85 39.86 39.85 39.84 39.84 39.85 39.87 39.87 39.88 39.88 39.91 39.94 39.95 39.96 39.97 39.97 39.98 39.98 39.99 39.97 39.95 39.95 39.95 39.93 39.92 39.9 39.9 39.93 39.94 39.91 39.89 39.9 39.9 39.88 39.85 39.85 39.84 39.82 39.8 39.77 39.75 39.71 39.68 39.67
39.85 39.85 39.85 39.84 39.83 39.83 39.82 39.83 39.85 39.87 39.87 39.85 39.84 39.84 39.86 39.87 39.87 39.86 39.84 39.84 39.84 39.84 39.82 39.81 39.81 39.81 39.79 39.78 39.77 39.77 39.77 39.76 39.78 39.81 39.82 39.84 39.84 39.83 39.83 39.84 39.87 39.87 39.88 39.9 39.91 39.94 39.96 39.97 39.98 39.96 39.95 39.97 39.98 39.97 39.97 39.96 39.95 39.93 39.92 39.91 39.92 39.93 39.92 39.9 39.9 39.88 39.88 39.88 39.86 39.86 39.84 39.81 39.78 39.75 39.74 39.72 39.69 39.66
39.85 39.86 39.86 39.86 39.85 39.84 39.83 39.84 39.86 39.87 39.89 39.88 39.86 39.84 39.86 39.87 39.87 39.87 39.85 39.85 39.85 39.84 39.82 39.81 39.8 39.8 39.8 39.79 39.78 39.77 39.78 39.79 39.79 39.8 39.81 39.83 39.84 39.83 39.83 39.83 39.84 39.86 39.87 39.88 39.91 39.94 39.98 39.97 39.96 39.95 39.94 39.97 39.99 39.98 39.96 39.96 39.94 39.94 39.93 39.9 39.9 39.92 39.92 39.91 39.91 39.89 39.88 39.88 39.87 39.87 39.85 39.8 39.75 39.72 39.73 39.74 39.69 39.65
39.87 39.86 39.86 39.88 39.87 39.86 39.85 39.86 39.86 39.86 39.89 39.92 39.9 39.87 39.87 39.88 39.88 39.88 39.87 39.88 39.86 39.84 39.82 39.81 39.81 39.8 39.79 39.78 39.76 39.75 39.78 39.8 39.79 39.79 39.8 39.81 39.84 39.83 39.83 39.83 39.84 39.85 39.86 39.87 39.88 39.93 39.98 39.97 39.94 39.94 39.95 39.95 39.97 39.97 39.96 39.96 39.95 39.95 39.92 39.88 39.87 39.89 39.9 39.9 39.89 39.87 39.88 39.87 39.85 39.84 39.84 39.81 39.77 39.76 39.75 39.73 39.7 39.68
39.87 39.86 39.87 39.89 39.87 39.86 39.87 39.88 39.86 39.85 39.89 39.94 39.93 39.9 39.89 39.9 39.9 39.89 39.89 39.9 39.88 39.84 39.83 39.84 39.82 39.79 39.78 39.77 39.74 39.73 39.75 39.76 39.77 39.78 39.78 39.8 39.83 39.83 39.82 39.83 39.84 39.84 39.85 39.86 39.87 39.92 39.97 39.96 39.94 39.94 39.93 39.94 39.95 39.97 39.96 39.96 39.95 39.95 39.92 39.88 39.87 39.87 39.88 39.89 39.89 39.88 39.87 39.86 39.83 39.82 39.82 39.8 39.78 39.77 39.75 39.72 39.71 39.7
39.85 39.85 39.88 39.9 39.88 39.86 39.88 39.89 39.87 39.87 39.91 39.96 39.96 39.92 39.9 39.91 39.92 39.91 39.88 39.87 39.86 39.84 39.85 39.86 39.84 39.81 39.77 39.75 39.73 39.72 39.72 39.72 39.74 39.77 39.78 39.79 39.82 39.83 39.83 39.83 39.81 39.82 39.83 39.85 39.87 39.9 39.93 39.93 39.93 39.92 39.92 39.93 39.94 39.95 39.95 39.94 39.94 39.94 39.93 39.9 39.87 39.86 39.87 39.9 39.9 39.9 39.88 39.87 39.84 39.8 39.8 39.81 39.8 39.78 39.74 39.71 39.7 39.7
39.85 39.85 39.87 39.88 39.87 39.86 39.88 39.91 39.9 39.88 39.91 39.96 39.95 39.91 39.89 39.89 39.91 39.92 39.89 39.87 39.86 39.87 39.88 39.86 39.82 39.8 39.78 39.75 39.73 39.71 39.7 39.71 39.74 39.77 39.78 39.78 39.8 39.82 39.83 39.81 39.79 39.79 39.8 39.83 39.87 39.89 39.89 39.88 39.9 39.91 39.92 39.93 39.94 39.94 39.95 39.95 39.95 39.94 39.92 39.89 39.87 39.86 39.87 39.89 39.89 39.88 39.86 39.84 39.83 39.81 39.8 39.8 39.79 39.78 39.75 39.72 39.71 39.69
39.86 39.84 39.86 39.87 39.88 39.87 39.87 39.9 39.91 39.89 39.9 39.91 39.93 39.92 39.89 39.88 39.89 39.91 39.9 39.88 39.87 39.87 39.9 39.87 39.82 39.8 39.78 39.76 39.74 39.72 39.71 39.71 39.74 39.75 39.75 39.75 39.77 39.81 39.82 39.81 39.78 39.76 39.77 39.8 39.85 39.9 39.88 39.85 39.89 39.91 39.91 39.92 39.92 39.91 39.92 39.94 39.93 39.93 39.92 39.89 39.86 39.86 39.86 39.87 39.88 39.88 39.86 39.82 39.82 39.81 39.79 39.78 39.78 39.77 39.76 39.72 39.69 39.68
39.87 39.85 39.85 39.87 39.88 39.89 39.88 39.87 39.89 39.9 39.89 39.91 39.94 39.93 39.9 39.88 39.89 39.91 39.91 39.9 39.88 39.88 39.88 39.85 39.81 39.79 39.78 39.76 39.74 39.72 39.71 39.71 39.71 39.72 39.73 39.73 39.74 39.79 39.82 39.81 39.77 39.74 39.74 39.77 39.83 39.88 39.86 39.84 39.88 39.92 39.92 39.92 39.92 39.92 39.92 39.93 39.94 39.95 39.93 39.89 39.87 39.87 39.86 39.86 39.87 39.89 39.88 39.83 39.81 39.81 39.79 39.77 39.78 39.78 39.76 39.7 39.67 39.67
39.88 39.86 39.86 39.86 39.87 39.87 39.87 39.88 39.9 39.91 39.91 39.93 39.96 39.97 39.95 39.92 39.9 39.91 39.93 39.91 39.89 39.89 39.88 39.86 39.83 39.8 39.78 39.77 39.74 39.71 39.71 39.7 39.68 39.7 39.73 39.72 39.73 39.78 39.81 39.79 39.75 39.74 39.72 39.76 39.83 39.86 39.85 39.83 39.86 39.88 39.88 39.9 39.93 39.93 39.92 39.92 39.93 39.94 39.93 39.9 39.88 39.87 39.87 39.87 39.87 39.88 39.87 39.83 39.81 39.82 39.8 39.76 39.77 39.77 39.75 39.7 39.67 39.67
39.88 39.86 39.87 39.88 39.89 39.88 39.87 39.88 39.89 39.91 39.91 39.92 39.95 39.97 39.97 39.94 39.92 39.92 39.94 39.93 39.9 39.9 39.89 39.89 39.85 39.81 39.8 39.78 39.74 39.72 39.7 39.68 39.66 39.67 39.69 39.71 39.72 39.74 39.76 39.77 39.76 39.77 39.75 39.75 39.8 39.82 39.82 39.81 39.85 39.88 39.89 39.9 39.91 39.9 39.91 39.92 39.92 39.92 39.92 39.9 39.88 39.87 39.86 39.87 39.87 39.87 39.87 39.84 39.81 39.82 39.81 39.76 39.75 39.76 39.75 39.71 39.69 39.68
39.88 39.88 39.88 39.89 39.9 39.89 39.87 39.87 39.88 39.9 39.91 39.92 39.94 39.97 39.96 39.96 39.94 39.93 39.94 39.95 39.93 39.91 39.9 39.89 39.86 39.82 39.8 39.79 39.77 39.73 39.69 39.67 39.65 39.65 39.67 39.71 39.72 39.73 39.75 39.75 39.75 39.77 39.75 39.75 39.78 39.78 39.78 39.8 39.83 39.85 39.87 39.89 39.88 39.88 39.9 39.92 39.92 39.92 39.91 39.91 39.9 39.88 39.85 39.85 39.85 39.86 39.87 39.84 39.8 39.82 39.82 39.78 39.75 39.75 39.74 39.71 39.69 39.68
39.87 39.88 39.87 39.87 39.88 39.88 39.86 39.86 39.87 39.89 39.91 39.91 39.93 39.96 39.95 39.95 39.94 39.93 39.94 39.94 39.93 39.91 39.9 39.89 39.86 39.84 39.82 39.8 39.76 39.72 39.69 39.68 39.65 39.64 39.66 39.7 39.7 39.72 39.72 39.73 39.74 39.73 39.73 39.75 39.76 39.76 39.77 39.8 39.82 39.84 39.86 39.87 39.86 39.86 39.89 39.91 39.91 39.92 39.92 39.93 39.92 39.89 39.85 39.84 39.84 39.84 39.85 39.83 39.81 39.81 39.81 39.79 39.76 39.74 39.72 39.69 39.67 39.66
39.89 39.87 39.86 39.84 39.85 39.87 39.86 39.85 39.86 39.88 39.91 39.9 39.9 39.94 39.94 39.94 39.94 39.93 39.94 39.94 39.92 39.9 39.89 39.89 39.87 39.84 39.82 39.79 39.75 39.75 39.74 39.7 39.65 39.65 39.67 39.7 39.7 39.69 39.71 39.73 39.73 39.7 39.72 39.75 39.75 39.75 39.76 39.79 39.82 39.85 39.86 39.87 39.86 39.86 39.87 39.89 39.91 39.91 39.92 39.92 39.92 39.89 39.85 39.84 39.84 39.84 39.86 39.85 39.82 39.8 39.79 39.78 39.77 39.75 39.72 39.71 39.68 39.65
39.89 39.85 39.85 39.83 39.84 39.86 39.85 39.84 39.84 39.88 39.92 39.91 39.91 39.94 39.95 39.95 39.94 39.94 39.94 39.94 39.93 39.91 39.9 39.89 39.85 39.83 39.81 39.78 39.77 39.76 39.73 39.69 39.66 39.66 39.67 39.68 39.67 39.66 39.69 39.73 39.73 39.71 39.72 39.73 39.73 39.73 39.74 39.78 39.8 39.81 39.82 39.85 39.87 39.87 39.87 39.88 39.9 39.9 39.9 39.91 39.92 39.89 39.86 39.84 39.84 39.84 39.85 39.84 39.81 39.79 39.77 39.76 39.76 39.73 39.69 39.68 39.67 39.67
39.88 39.85 39.86 39.85 39.85 39.85 39.85 39.86 39.87 39.88 39.91 39.91 39.91 39.94 39.97 39.96 39.94 39.94 39.94 39.94 39.94 39.93 39.91 39.88 39.85 39.84 39.82 39.79 39.77 39.76 39.73 39.68 39.65 39.65 39.65 39.68 39.69 39.69 39.7 39.73 39.74 39.74 39.74 39.73 39.72 39.72 39.73 39.75 39.76 39.76 39.78 39.82 39.85 39.86 39.87 39.87 39.87 39.88 39.89 39.91 39.9 39.88 39.86 39.84 39.81 39.81 39.83 39.84 39.82 39.8 39.77 39.77 39.78 39.75 39.7 39.68 39.67 39.65
39.87 39.88 39.88 39.87 39.85 39.84 39.85 39.87 39.89 39.9 39.93 39.93 39.93 39.95 39.98 39.97 39.94 39.93 39.93 39.94 39.97 39.98 39.94 39.91 39.87 39.83 39.83 39.81 39.78 39.77 39.73 39.68 39.66 39.64 39.64 39.67 39.7 39.7 39.7 39.72 39.74 39.75 39.76 39.75 39.73 39.72 39.72 39.73 39.73 39.75 39.78 39.81 39.83 39.84 39.85 39.85 39.86 39.87 39.88 39.9 39.89 39.88 39.86 39.85 39.83 39.82 39.83 39.83 39.83 39.81 39.76 39.74 39.75 39.74 39.69 39.67 39.67 39.64
39.86 39.86 39.85 39.84 39.83 39.84 39.86 39.87 39.87 39.89 39.91 39.93 39.93 39.93 39.95 39.96 39.96 39.98 39.97 39.95 39.96 39.97 39.95 39.91 39.89 39.86 39.85 39.82 39.8 39.79 39.76 39.71 39.68 39.65 39.65 39.66 39.68 39.69 39.7 39.72 39.73 39.75 39.75 39.75 39.75 39.74 39.73 39.74 39.74 39.75 39.77 39.79 39.79 39.81 39.84 39.85 39.86 39.87 39.88 39.9 39.89 39.87 39.85 39.84 39.84 39.83 39.83 39.84 39.83 39.81 39.78 39.74 39.75 39.74 39.69 39.67 39.67 39.65
39.87 39.85 39.82 39.83 39.84 39.85 39.86 39.87 39.86 39.87 39.89 39.92 39.93 39.91 39.92 39.93 39.95 39.97 39.97 39.95 39.96 39.97 39.95 39.92 39.9 39.88 39.87 39.83 39.8 39.79 39.78 39.75 39.71 39.68 39.68 39.66 39.66 39.68 39.71 39.72 39.72 39.72 39.72 39.71 39.74 39.73 39.73 39.74 39.74 39.75 39.77 39.77 39.76 39.8 39.83 39.85 39.88 39.87 39.88 39.89 39.88 39.87 39.87 39.87 39.86 39.84 39.82 39.82 39.83 39.82 39.78 39.74 39.74 39.74 39.7 39.67 39.67 39.66
39.87 39.84 39.81 39.83 39.85 39.84 39.85 39.85 39.85 39.85 39.85 39.88 39.9 39.9 39.9 39.92 39.95 39.97 39.97 39.97 39.96 39.96 39.95 39.93 39.9 39.88 39.87 39.84 39.81 39.78 39.79 39.77 39.73 39.72 39.7 39.67 39.65 39.66 39.69 39.71 39.71 39.72 39.72 39.7 39.7 39.72 39.72 39.73 39.74 39.75 39.77 39.76 39.75 39.78 39.82 39.85 39.87 39.87 39.87 39.88 39.88 39.89 39.88 39.88 39.88 39.85 39.82 39.81 39.82 39.82 39.78 39.75 39.74 39.73 39.71 39.68 39.67 39.66
39.86 39.83 39.82 39.83 39.83 39.82 39.82 39.83 39.86 39.87 39.86 39.87 39.89 39.9 39.91 39.94 39.97 39.97 39.98 39.99 39.96 39.94 39.94 39.92 39.9 39.88 39.87 39.86 39.84 39.8 39.79 39.78 39.75 39.73 39.72 39.68 39.63 39.64 39.66 39.67 39.68 39.69 39.7 39.7 39.71 39.72 39.73 39.73 39.74 39.74 39.74 39.75 39.75 39.77 39.81 39.83 39.85 39.86 39.86 39.87 39.88 39.89 39.89 39.88 39.87 39.85 39.82 39.81 39.8 39.81 39.8 39.78 39.75 39.73 39.71 39.68 39.67 39.66
39.87 39.84 39.83 39.83 39.82 39.81 39.8 39.81 39.85 39.86 39.87 39.87 39.89 39.9 39.92 39.95 39.96 39.96 39.98 39.99 39.96 39.93 39.93 39.92 39.91 39.9 39.89 39.88 39.87 39.83 39.81 39.78 39.75 39.72 39.71 39.69 39.65 39.65 39.66 39.67 39.67 39.68 39.71 39.73 39.74 39.74 39.73 39.73 39.74 39.74 39.73 39.74 39.75 39.79 39.83 39.84 39.84 39.83 39.85 39.85 39.87 39.9 39.89 39.87 39.87 39.85 39.82 39.81 39.8 39.8 39.8 39.79 39.76 39.74 39.73 39.71 39.69 39.66
39.89 39.85 39.84 39.84 39.82 39.81 39.81 39.82 39.83 39.84 39.86 39.87 39.87 39.88 39.92 39.95 39.95 39.96 39.97 39.99 39.98 39.95 39.94 39.93 39.92 39.9 39.89 39.89 39.89 39.86 39.81 39.77 39.73 39.74 39.73 39.71 39.69 39.67 39.67 39.69 39.71 39.71 39.73 39.75 39.75 39.74 39.72 39.71 39.72 39.72 39.72 39.73 39.75 39.79 39.82 39.83 39.82 39.82 39.83 39.83 39.86 39.89 39.88 39.86 39.86 39.85 39.82 39.81 39.8 39.79 39.78 39.77 39.77 39.75 39.73 39.73 39.7 39.66
39.89 39.86 39.85 39.84 39.82 39.8 39.82 39.83 39.83 39.84 39.85 39.86 39.87 39.88 39.91 39.93 39.95 39.97 39.99 40 39.99 39.97 39.97 39.96 39.96 39.93 39.9 39.89 39.87 39.84 39.82 39.8 39.76 39.76 39.75 39.71 39.69 39.67 39.66 39.69 39.73 39.73 39.74 39.75 39.74 39.73 39.72 39.71 39.7 39.71 39.72 39.72 39.74 39.77 39.8 39.81 39.8 39.81 39.82 39.83 39.84 39.87 39.87 39.85 39.84 39.83 39.83 39.81 39.81 39.79 39.78 39.78 39.78 39.74 39.72 39.71 39.68 39.65
1.70141e38 1.70141e38 1.70141e38 1.70141e38 1.70141e38 1.70141e38 1.70141e38 1.70141e38 1.70141e38 1.70141e38 1.70141e38 1.70141e38 1.70141e38 1.70141e38 1.70141e38 1.70141e38 1.70141e38 1.70141e38 1.70141e38 1.70141e38 1.70141e38 1.70141e38 1.70141e38 1.70141e38 1.70141e38 1.70141e38 1.70141e38 1.70141e38 1.70141e38 1.70141e38 1.70141e38 1.70141e38 1.70141e38 1.70141e38 1.70141e38 1.70141e38 1.70141e38 1.70141e38 1.70141e38 1.70141e38 1.70141e38 39.73 39.74 39.75 39.74 39.72 39.72 39.72 39.71 39.71 39.71 39.71 39.71 39.73 39.77 39.79 39.8 39.8 39.8 39.82 39.83 39.86 39.87 39.87 39.85 39.83 39.82 39.8 39.79 39.79 39.79 39.81 39.8 39.75 39.73 39.71 39.67 39.65
39.89 39.89 39.87 39.83 39.8 39.77 39.78 39.81 39.83 39.85 39.85 39.86 39.87 39.87 39.89 39.91 39.91 39.94 39.96 39.98 39.99 39.99 39.99 39.99 39.97 39.96 39.94 39.92 39.89 39.87 39.84 39.8 39.76 39.76 1.70141e38 1.70141e38 1.70141e38 1.70141e38 1.70141e38 1.70141e38 1.70141e38 1.70141e38 1.70141e38 1.70141e38 1.70141e38 1.70141e38 1.70141e38 1.70141e38 1.70141e38 1.70141e38 1.70141e38 1.70141e38 1.70141e38 1.70141e38 1.70141e38 1.70141e38 1.70141e38 1.70141e38 1.70141e38 1.70141e38 1.70141e38 1.70141e38 1.70141e38 1.70141e38 1.70141e38 1.70141e38 1.70141e38 1.70141e38 1.70141e38 1.70141e38 1.70141e38 1.70141e38 1.70141e38 1.70141e38 1.70141e38 1.70141e38 1.70141e38 1.70141e38
39.9 39.9 39.87 39.83 39.81 39.79 39.79 39.81 39.83 39.84 39.85 39.86 39.88 39.91 39.91 39.9 39.91 39.93 39.96 39.98 39.99 39.99 40 39.99 39.97 39.95 39.93 39.92 39.9 39.88 39.85 39.81 39.79 39.78 39.77 39.74 39.73 39.7 39.68 39.69 39.7 39.71 39.72 39.72 39.73 39.74 39.71 39.69 39.68 39.67 39.69 39.71 39.72 39.72 39.73 39.74 39.76 39.8 39.82 39.84 39.83 39.86 39.89 39.87 39.86 39.83 39.81 39.8 39.79 39.78 39.78 39.78 39.78 39.73 39.7 39.69 39.69 39.66
39.89 39.89 39.87 39.82 39.8 39.8 39.79 39.8 39.83 39.84 39.84 39.85 39.88 39.91 39.89 39.89 39.92 39.94 39.96 39.97 39.98 39.99 39.99 39.99 39.99 39.97 39.95 39.93 39.92 39.9 39.86 39.84 39.82 39.81 39.78 39.76 39.76 39.72 39.69 39.69 39.7 39.71 39.73 39.73 39.74 39.74 39.71 39.69 39.67 39.66 39.67 39.68 39.7 39.72 39.73 39.74 39.76 39.79 39.81 39.82 39.82 39.84 39.87 39.86 39.84 39.82 39.79 39.79 39.79 39.78 39.78 39.79 39.78 39.74 39.71 39.7 39.68 39.66
39.89 39.89 39.88 39.84 39.81 39.8 39.79 39.79 39.82 39.84 39.84 39.85 39.86 39.87 39.86 39.88 39.93 39.96 39.97 39.97 39.96 39.98 39.99 39.99 40 39.99 39.97 39.93 39.93 39.91 39.89 39.87 39.85 39.83 39.79 39.78 39.77 39.73 39.7 39.68 39.68 39.7 39.73 39.73 39.74 39.73 39.71 39.68 39.67 39.67 39.67 39.67 39.69 39.73 39.74 39.73 39.74 39.79 39.82 39.83 39.82 39.84 39.85 39.85 39.84 39.83 39.8 39.8 39.81 39.79 39.79 39.79 39.78 39.75 39.72 39.71 39.69 39.66
39.89 39.89 39.88 39.85 39.82 39.81 39.8 39.79 39.82 39.82 39.84 39.84 39.83 39.83 39.84 39.88 39.93 39.96 39.98 39.96 39.95 39.97 39.99 39.98 39.98 39.99 39.98 39.94 39.93 39.92 39.9 39.88 39.87 39.84 39.8 39.78 39.76 39.74 39.72 39.7 39.69 39.7 39.72 39.72 39.72 39.72 39.71 39.69 39.68 39.68 39.67 39.67 39.69 39.73 39.74 39.73 39.74 39.79 39.83 39.83 39.83 39.85 39.85 39.85 39.85 39.84 39.82 39.82 39.82 39.8 39.8 39.79 39.78 39.76 39.75 39.72 39.68 39.65
39.88 39.87 39.87 39.85 39.82 39.81 39.8 39.79 39.8 39.81 39.83 39.84 39.83 39.83 39.84 39.86 39.9 39.94 39.97 39.95 39.95 39.96 39.97 39.97 39.96 39.98 39.98 39.95 39.93 39.92 39.9 39.88 39.87 39.84 39.81 39.8 39.77 39.73 39.72 39.71 39.71 39.72 39.73 39.73 39.73 39.72 39.7 39.69 39.69 39.69 39.67 39.65 39.67 39.7 39.72 39.72 39.74 39.79 39.84 39.84 39.83 39.85 39.86 39.86 39.85 39.84 39.82 39.81 39.8 39.8 39.8 39.8 39.78 39.78 39.77 39.74 39.68 39.64
