slabs/65.grd
DSAA
631 301
645780 646410
4947200 4947500
38.53 43.1
[rows 102 to 135 of 300, columns 0 to 77 of 631]
40.17 40.2 40.21 40.22 40.23 40.24 40.23 40.23 40.22 40.21 40.23 40.22 40.21 40.19 40.16 40.17 40.2 40.21 40.19 40.19 40.19 40.19 40.19 40.17 40.12 40.08 40.09 40.07 40.04 40 40 39.98 39.94 39.91 39.87 39.7 39.61 39.81 39.89 39.89 39.91 39.94 39.96 40 40.04 40.08 40.06 40.03 40.05 40.05 40.04 40.03 40.06 40.08 40.12 40.17 40.21 40.22 40.23 40.21 40.17 40.13 40.07 40.02 39.97 39.98 39.99 39.98 39.96 39.95 39.95 39.94 39.93 39.91 39.88 39.86 39.86 39.85
40.17 40.19 40.2 40.2 40.21 40.23 40.23 40.24 40.24 40.22 40.22 40.21 40.2 40.19 40.17 40.17 40.19 40.2 40.19 40.18 40.19 40.2 40.2 40.19 40.13 40.07 40.07 40.07 40.04 40.01 40 39.98 39.96 39.93 39.88 39.71 39.6 39.74 39.86 39.89 39.88 39.91 39.94 39.98 40.02 40.05 40.05 40.04 40.03 40.02 40.02 40.03 40.04 40.07 40.11 40.16 40.21 40.22 40.22 40.21 40.18 40.14 40.08 40.03 39.98 39.98 40.01 40 39.97 39.95 39.93 39.94 39.95 39.92 39.88 39.86 39.85 39.85
40.16 40.16 40.18 40.18 40.2 40.22 40.23 40.24 40.24 40.21 40.21 40.21 40.21 40.19 40.17 40.18 40.19 40.19 40.17 40.17 40.18 40.19 40.19 40.18 40.13 40.07 40.07 40.08 40.06 40.04 40.02 40 39.98 39.95 39.91 39.76 39.57 39.55 39.69 39.86 39.88 39.89 39.92 39.96 39.99 40.02 40.03 40.03 40.01 40 40.02 40.04 40.04 40.06 40.1 40.14 40.19 40.2 40.2 40.2 40.2 40.16 40.11 40.06 40.03 40.01 40.01 40.01 40 39.97 39.94 39.95 39.95 39.93 39.89 39.86 39.84 39.83
40.13 40.13 40.15 40.16 40.2 40.22 40.22 40.23 40.23 40.19 40.19 40.22 40.21 40.19 40.18 40.18 40.18 40.18 40.17 40.17 40.17 40.18 40.2 40.19 40.15 40.1 40.08 40.07 40.06 40.05 40.05 40.03 39.99 39.95 39.93 39.82 39.6 39.43 39.54 39.78 39.88 39.88 39.91 39.96 39.98 40 40.02 40.03 40.01 40 40.02 40.04 40.05 40.06 40.09 40.13 40.15 40.18 40.21 40.21 40.22 40.2 40.15 40.08 40.06 40.04 40.01 40.02 40.02 39.99 39.95 39.94 39.94 39.94 39.9 39.86 39.84 39.84
40.11 40.12 40.13 40.15 40.2 40.22 40.22 40.23 40.24 40.21 40.19 40.21 40.21 40.21 40.21 40.2 40.17 40.16 40.17 40.16 40.14 40.16 40.19 40.18 40.16 40.12 40.08 40.04 40.05 40.05 40.04 40.02 39.97 39.94 39.93 39.89 39.7 39.5 39.53 39.72 39.85 39.86 39.89 39.95 39.97 39.98 40.01 40.03 40.01 40.02 40.03 40.03 40.04 40.05 40.08 40.12 40.15 40.18 40.22 40.23 40.23 40.23 40.18 40.1 40.06 40.04 40.03 40.04 40.04 40.01 39.96 39.93 39.94 39.95 39.91 39.87 39.86 39.86
40.09 40.13 40.12 40.14 40.19 40.21 40.22 40.23 40.24 40.22 40.2 40.2 40.22 40.22 40.23 40.2 40.17 40.15 40.14 40.14 40.14 40.15 40.16 40.16 40.15 40.1 40.07 40.04 40.04 40.04 40.03 40.01 39.96 39.93 39.92 39.9 39.75 39.55 39.52 39.66 39.85 39.86 39.88 39.92 39.94 39.97 40.01 40.03 40.03 40.03 40.04 40.05 40.06 40.06 40.07 40.11 40.15 40.17 40.2 40.24 40.26 40.25 40.2 40.12 40.07 40.04 40.04 40.04 40.05 40.03 40 39.97 39.95 39.94 39.91 39.89 39.88 39.87
40.09 40.12 40.11 40.13 40.18 40.2 40.2 40.21 40.22 40.21 40.2 40.2 40.21 40.23 40.21 40.18 40.15 40.12 40.13 40.16 40.16 40.15 40.15 40.15 40.14 40.1 40.08 40.04 40.01 40.03 40.03 40.03 39.98 39.94 39.93 39.89 39.74 39.55 39.49 39.64 39.88 39.89 39.89 39.91 39.93 39.96 40.01 40.03 40.05 40.04 40.03 40.06 40.08 40.07 40.08 40.12 40.15 40.15 40.18 40.23 40.26 40.25 40.2 40.14 40.09 40.04 40.02 40 40.01 40.02 40 39.99 39.97 39.95 39.93 39.9 39.88 39.86
40.12 40.09 40.07 40.09 40.16 40.19 40.18 40.2 40.22 40.22 40.21 40.21 40.22 40.25 40.22 40.17 40.14 40.12 40.13 40.16 40.15 40.14 40.13 40.14 40.15 40.12 40.1 40.05 40 40.01 40.02 40.05 40.01 39.97 39.94 39.89 39.79 39.63 39.5 39.64 39.88 39.91 39.91 39.92 39.94 39.96 40 40.02 40.05 40.05 40.03 40.03 40.05 40.05 40.07 40.1 40.11 40.12 40.15 40.19 40.21 40.23 40.21 40.16 40.11 40.05 40.02 39.98 39.99 39.99 39.98 40 39.99 39.96 39.93 39.91 39.88 39.85
40.13 40.08 40.03 40.07 40.15 40.18 40.17 40.18 40.21 40.22 40.22 40.22 40.22 40.22 40.2 40.16 40.14 40.14 40.16 40.16 40.13 40.13 40.11 40.13 40.16 40.14 40.12 40.06 40.02 40.02 40.03 40.05 40.03 40 39.96 39.9 39.85 39.75 39.56 39.55 39.72 39.82 39.9 39.9 39.92 39.95 39.98 40 40.04 40.06 40.05 40.03 40.04 40.04 40.05 40.06 40.06 40.1 40.15 40.19 40.21 40.24 40.24 40.22 40.16 40.07 40.03 40 39.99 39.98 39.98 40 40 39.96 39.94 39.93 39.9 39.86
40.13 40.08 40.07 40.09 40.15 40.18 40.16 40.16 40.17 40.19 40.2 40.21 40.2 40.18 40.17 40.16 40.14 40.14 40.15 40.16 40.13 40.12 40.12 40.14 40.17 40.15 40.11 40.06 40.05 40.06 40.05 40.04 40.04 40.02 39.98 39.93 39.88 39.81 39.64 39.49 39.49 39.65 39.85 39.88 39.89 39.92 39.96 39.99 40.03 40.05 40.05 40.04 40.04 40.05 40.05 40.06 40.08 40.13 40.17 40.21 40.23 40.24 40.24 40.24 40.19 40.1 40.04 40 39.99 39.99 40.01 40 40 39.98 39.95 39.95 39.93 39.88
40.12 40.1 40.12 40.12 40.13 40.16 40.16 40.16 40.15 40.17 40.19 40.21 40.21 40.19 40.19 40.16 40.13 40.12 40.14 40.16 40.14 40.14 40.14 40.14 40.15 40.13 40.1 40.08 40.09 40.09 40.05 40.03 40.03 40.02 39.99 39.96 39.92 39.86 39.72 39.53 39.41 39.58 39.84 39.88 39.89 39.91 39.95 39.98 40 40.03 40.05 40.03 40.02 40.03 40.04 40.05 40.07 40.13 40.18 40.2 40.23 40.24 40.24 40.24 40.2 40.13 40.06 40.01 39.99 40 40.02 40.01 40 39.98 39.96 39.97 39.95 39.9
40.09 40.11 40.13 40.12 40.11 40.12 40.13 40.14 40.14 40.16 40.17 40.2 40.2 40.2 40.2 40.17 40.14 40.15 40.17 40.18 40.16 40.18 40.17 40.15 40.14 40.12 40.11 40.12 40.12 40.09 40.03 40.02 40.01 40 39.98 39.97 39.94 39.89 39.75 39.54 39.42 39.62 39.9 39.9 39.9 39.91 39.94 39.96 39.98 40.02 40.06 40.03 40.01 40.01 40.04 40.05 40.06 40.12 40.17 40.17 40.2 40.22 40.23 40.24 40.22 40.15 40.08 40.04 40.02 40 40.01 40.02 40 39.97 39.96 39.96 39.95 39.91
40.09 40.13 40.12 40.09 40.09 40.09 40.11 40.13 40.14 40.15 40.16 40.19 40.2 40.2 40.21 40.19 40.16 40.18 40.19 40.18 40.17 40.18 40.16 40.14 40.13 40.12 40.11 40.12 40.12 40.08 40.01 40.03 40.02 40 39.98 39.97 39.94 39.91 39.8 39.6 39.47 39.63 39.89 39.93 39.9 39.91 39.94 39.95 39.97 40.01 40.05 40.04 40.02 40.01 40.03 40.03 40.04 40.1 40.15 40.17 40.18 40.21 40.23 40.24 40.22 40.16 40.11 40.09 40.06 40.02 40.02 40.03 40.01 39.99 39.99 39.98 39.95 39.92
40.1 40.14 40.12 40.07 40.09 40.1 40.11 40.13 40.14 40.15 40.16 40.19 40.2 40.2 40.21 40.21 40.18 40.18 40.18 40.16 40.18 40.16 40.12 40.12 40.12 40.12 40.12 40.12 40.11 40.07 40.02 40.02 40.02 40.01 40.01 39.99 39.96 39.93 39.84 39.69 39.57 39.62 39.8 39.93 39.91 39.9 39.94 39.95 39.95 39.98 40.03 40.04 40.02 40.01 40.02 40.01 40.02 40.07 40.13 40.18 40.19 40.2 40.22 40.24 40.23 40.17 40.11 40.1 40.09 40.05 40.03 40.03 40.01 39.99 40 39.99 39.95 39.93
40.09 40.12 40.1 40.07 40.09 40.1 40.11 40.12 40.12 40.12 40.14 40.17 40.18 40.17 40.19 40.19 40.17 40.17 40.17 40.15 40.17 40.14 40.11 40.13 40.13 40.12 40.12 40.14 40.14 40.12 40.07 40.02 40.01 40.02 40.02 39.99 39.96 39.93 39.87 39.78 39.67 39.6 39.71 39.92 39.91 39.9 39.95 39.96 39.96 39.99 40.03 40.04 40.02 40 40.01 40.01 40.02 40.05 40.11 40.17 40.17 40.19 40.22 40.24 40.24 40.18 40.11 40.1 40.09 40.04 40.01 40.02 40.01 39.99 39.97 39.96 39.94 39.93
40.06 40.07 40.07 40.06 40.07 40.1 40.1 40.12 40.1 40.09 40.12 40.17 40.18 40.15 40.15 40.15 40.15 40.16 40.17 40.14 40.12 40.13 40.15 40.15 40.14 40.13 40.12 40.14 40.16 40.14 40.09 40.04 40.03 40.03 40.03 40.01 39.97 39.93 39.88 39.83 39.74 39.6 39.65 39.89 39.92 39.9 39.94 39.96 39.96 39.99 40.03 40.04 40.02 40.01 40.01 40.03 40.01 40.03 40.1 40.14 40.15 40.18 40.22 40.24 40.23 40.19 40.16 40.13 40.08 40.03 40 40.01 40.02 40 39.96 39.96 39.96 39.95
40.05 40.05 40.07 40.07 40.05 40.08 40.09 40.12 40.13 40.1 40.12 40.17 40.2 40.18 40.15 40.14 40.17 40.17 40.16 40.15 40.13 40.13 40.15 40.15 40.11 40.11 40.11 40.13 40.15 40.13 40.09 40.06 40.05 40.05 40.05 40.04 40.01 39.94 39.88 39.85 39.79 39.62 39.61 39.8 39.87 39.89 39.92 39.94 39.95 39.98 40.02 40.04 40.04 40.02 40.02 40.03 40.02 40.02 40.06 40.09 40.12 40.17 40.22 40.23 40.22 40.21 40.19 40.14 40.06 40.02 40 40.01 40.02 39.99 39.96 39.97 39.97 39.96
40.05 40.08 40.08 40.06 40.02 40.03 40.05 40.11 40.17 40.14 40.12 40.15 40.21 40.21 40.18 40.17 40.19 40.18 40.16 40.16 40.16 40.15 40.16 40.15 40.1 40.1 40.11 40.11 40.11 40.1 40.07 40.05 40.03 40.05 40.05 40.05 40.03 39.97 39.89 39.85 39.81 39.68 39.55 39.58 39.7 39.87 39.91 39.93 39.94 39.97 40.01 40.05 40.05 40.04 40.03 40.04 40.03 40.03 40.03 40.05 40.1 40.15 40.2 40.22 40.24 40.22 40.2 40.16 40.09 40.05 40.02 40.02 40.02 39.99 39.97 39.97 39.97 39.96
40.03 40.08 40.08 40.06 40.01 40 40.02 40.1 40.17 40.16 40.12 40.14 40.17 40.18 40.18 40.18 40.19 40.19 40.17 40.18 40.19 40.18 40.17 40.15 40.13 40.12 40.11 40.1 40.08 40.07 40.04 40 39.99 40.02 40.04 40.04 40.03 39.98 39.91 39.88 39.86 39.74 39.52 39.37 39.55 39.85 39.92 39.92 39.94 39.96 39.99 40.01 40.03 40.04 40.03 40.03 40.03 40.03 40.03 40.06 40.12 40.15 40.18 40.21 40.25 40.24 40.21 40.18 40.14 40.09 40.05 40.04 40.03 40 39.98 39.98 39.98 39.96
40.01 40.05 40.07 40.07 40.03 40.01 40.03 40.09 40.14 40.13 40.11 40.11 40.12 40.14 40.17 40.18 40.18 40.18 40.17 40.18 40.19 40.18 40.17 40.16 40.16 40.14 40.12 40.1 40.07 40.06 40.04 39.99 39.97 39.98 40.02 40.03 40.03 39.99 39.94 39.92 39.89 39.8 39.58 39.36 39.55 39.86 39.9 39.89 39.92 39.95 39.95 39.97 40.01 40.04 40.02 40.02 40.03 40.02 40.05 40.07 40.11 40.15 40.17 40.19 40.24 40.24 40.22 40.2 40.15 40.11 40.07 40.05 40.03 40.02 40 39.99 39.98 39.95
40 40.03 40.04 40.03 40.03 40.02 40.04 40.07 40.1 40.12 40.12 40.12 40.12 40.14 40.16 40.17 40.17 40.17 40.17 40.17 40.16 40.15 40.14 40.15 40.16 40.15 40.11 40.08 40.07 40.09 40.08 40.04 39.98 39.96 40.02 40.03 40.03 40.02 39.97 39.93 39.91 39.87 39.68 39.45 39.58 39.84 39.9 39.88 39.91 39.95 39.93 39.95 39.99 40.03 40.02 40.02 40.03 40.04 40.06 40.06 40.09 40.14 40.17 40.18 40.22 40.25 40.24 40.21 40.15 40.1 40.07 40.05 40.03 40.03 40.03 40.01 39.97 39.95
40 40.03 40.03 40.02 40.03 40.05 40.06 40.06 40.08 40.11 40.14 40.14 40.15 40.15 40.15 40.16 40.16 40.17 40.17 40.17 40.15 40.14 40.11 40.1 40.13 40.14 40.1 40.06 40.06 40.11 40.09 40.03 39.99 39.98 40.03 40.05 40.05 40.04 40.01 39.96 39.93 39.88 39.72 39.54 39.59 39.78 39.91 39.9 39.91 39.95 39.96 39.96 39.97 40.01 40.02 40.02 40.03 40.05 40.05 40.05 40.06 40.13 40.17 40.17 40.2 40.24 40.24 40.22 40.16 40.1 40.07 40.04 40.03 40.03 40.04 40.02 39.97 39.95
39.99 40.01 40.03 40.03 40.05 40.05 40.04 40.04 40.05 40.08 40.14 40.15 40.16 40.16 40.16 40.17 40.18 40.17 40.17 40.16 40.15 40.13 40.1 40.1 40.12 40.14 40.1 40.06 40.06 40.09 40.08 40.03 40.02 40.02 40.03 40.04 40.04 40.04 40.01 39.96 39.93 39.88 39.78 39.66 39.62 39.73 39.89 39.9 39.91 39.94 39.97 39.97 39.97 40.01 40.02 40.02 40.04 40.06 40.05 40.03 40.05 40.12 40.15 40.16 40.19 40.23 40.24 40.24 40.2 40.15 40.1 40.05 40.04 40.05 40.05 40.02 39.98 39.95
39.95 39.98 40.02 40.03 40.04 40.03 40 40.02 40.04 40.07 40.12 40.13 40.14 40.15 40.18 40.21 40.21 40.19 40.17 40.14 40.13 40.13 40.13 40.14 40.15 40.13 40.08 40.07 40.07 40.09 40.09 40.08 40.05 40.02 40.01 40.02 40.03 40.03 40 39.97 39.94 39.89 39.84 39.76 39.64 39.66 39.86 39.91 39.91 39.93 39.95 39.96 39.98 40.01 40.02 40.02 40.04 40.06 40.06 40.03 40.04 40.1 40.13 40.15 40.18 40.21 40.24 40.25 40.23 40.19 40.14 40.07 40.06 40.06 40.05 40.03 39.99 39.95
39.93 39.96 40.02 40.02 40 40.01 40.01 40.03 40.06 40.08 40.11 40.11 40.11 40.13 40.18 40.22 40.22 40.2 40.17 40.14 40.14 40.15 40.13 40.11 40.11 40.11 40.09 40.06 40.08 40.11 40.11 40.1 40.06 40 39.97 39.97 39.99 40.02 40.02 40 39.96 39.91 39.87 39.82 39.66 39.6 39.79 39.88 39.92 39.92 39.92 39.94 39.98 40.01 40.03 40.02 40.01 40.02 40.04 40.03 40.03 40.08 40.12 40.14 40.17 40.19 40.22 40.24 40.23 40.2 40.15 40.08 40.05 40.03 40.04 40.04 39.99 39.93
39.92 39.95 40.01 40.01 40.02 40.03 40.03 40.04 40.08 40.08 40.1 40.11 40.11 40.12 40.16 40.2 40.21 40.2 40.18 40.17 40.16 40.15 40.11 40.07 40.07 40.09 40.1 40.08 40.1 40.12 40.12 40.11 40.08 40.03 40 39.99 39.99 40.01 40.03 40.02 39.98 39.91 39.88 39.84 39.69 39.55 39.63 39.77 39.91 39.9 39.89 39.92 39.96 39.98 40.02 40.01 40 39.99 40.03 40.04 40.03 40.06 40.09 40.14 40.17 40.19 40.21 40.24 40.23 40.21 40.17 40.11 40.07 40.04 40.04 40.03 40 39.96
39.87 39.91 39.98 40 40.04 40.03 40.02 40.03 40.05 40.06 40.07 40.11 40.11 40.11 40.16 40.2 40.21 40.2 40.18 40.17 40.17 40.15 40.11 40.08 40.07 40.08 40.11 40.1 40.09 40.09 40.09 40.1 40.09 40.07 40.05 40.03 39.99 40 40.02 40.02 40 39.93 39.89 39.85 39.71 39.51 39.45 39.64 39.89 39.89 39.88 39.9 39.94 39.97 39.98 40 40.01 39.99 40.01 40.04 40.04 40.05 40.07 40.12 40.16 40.17 40.19 40.22 40.22 40.21 40.19 40.15 40.09 40.07 40.06 40.04 40.03 40
39.82 39.88 39.96 39.99 40.03 40.02 40 40 40.01 40.02 40.04 40.07 40.08 40.09 40.14 40.17 40.2 40.21 40.17 40.16 40.17 40.16 40.12 40.08 40.07 40.08 40.11 40.11 40.09 40.07 40.08 40.09 40.1 40.07 40.04 40.02 40.01 40.01 40 40.01 40.01 39.95 39.91 39.88 39.76 39.55 39.42 39.57 39.82 39.88 39.87 39.89 39.94 39.96 39.98 40 40.01 40 40 40.02 40.04 40.06 40.07 40.1 40.14 40.16 40.19 40.23 40.23 40.23 40.21 40.17 40.1 40.07 40.06 40.06 40.06 40.03
39.84 39.89 39.96 40 40.02 40.02 40 40 40.01 40.02 40.03 40.06 40.1 40.12 40.13 40.14 40.18 40.19 40.16 40.16 40.16 40.16 40.13 40.1 40.08 40.07 40.09 40.1 40.1 40.09 40.1 40.1 40.09 40.05 40.01 39.99 40.01 40.02 40.01 40.01 40 39.96 39.91 39.89 39.82 39.65 39.5 39.54 39.72 39.86 39.86 39.88 39.92 39.94 39.96 39.98 40.02 40.03 40.02 40.01 40.02 40.05 40.06 40.09 40.14 40.15 40.19 40.23 40.25 40.26 40.24 40.18 40.11 40.07 40.06 40.05 40.05 40.04
39.88 39.9 39.94 39.97 39.99 40 40 40 40.01 40.01 40.01 40.05 40.09 40.13 40.14 40.15 40.17 40.17 40.15 40.15 40.15 40.16 40.16 40.14 40.1 40.07 40.08 40.09 40.1 40.1 40.12 40.11 40.09 40.06 40.02 40.01 40 40.02 40.02 40 39.98 39.98 39.94 39.92 39.87 39.74 39.6 39.53 39.65 39.86 39.88 39.87 39.9 39.93 39.95 39.98 40.02 40.04 40.02 40 40.03 40.04 40.04 40.07 40.12 40.14 40.16 40.21 40.26 40.28 40.26 40.19 40.13 40.09 40.07 40.05 40.05 40.04
39.94 39.92 39.93 39.96 39.98 40 39.99 39.99 40 40.02 40.02 40.03 40.06 40.12 40.14 40.14 40.14 40.16 40.18 40.17 40.17 40.17 40.18 40.17 40.12 40.08 40.08 40.09 40.11 40.12 40.13 40.11 40.08 40.08 40.07 40.05 40.04 40.04 40.01 39.98 39.97 40 39.97 39.95 39.89 39.83 39.73 39.57 39.61 39.83 39.88 39.88 39.9 39.93 39.95 39.98 40 40.03 40.01 39.99 40.03 40.04 40.03 40.05 40.11 40.15 40.16 40.2 40.25 40.28 40.26 40.2 40.15 40.11 40.07 40.06 40.06 40.05
39.96 39.94 39.93 39.96 39.98 40 40 40 40.01 40.02 40.03 40.02 40.04 40.08 40.13 40.16 40.15 40.16 40.2 40.2 40.19 40.17 40.17 40.17 40.15 40.1 40.09 40.1 40.13 40.13 40.12 40.09 40.06 40.08 40.11 40.09 40.07 40.05 40 39.98 39.99 40 39.98 39.94 39.9 39.87 39.8 39.62 39.6 39.79 39.87 39.89 39.89 39.89 39.92 39.97 40 40.03 40.02 40 40.03 40.03 40.03 40.04 40.1 40.15 40.16 40.19 40.24 40.25 40.25 40.21 40.17 40.14 40.09 40.07 40.06 40.04
39.92 39.93 39.94 39.98 39.99 40 40.01 40.03 40.03 40.03 40.03 40.01 40.01 40.05 40.13 40.17 40.15 40.17 40.19 40.21 40.2 40.16 40.16 40.17 40.17 40.14 40.13 40.13 40.11 40.07 40.05 40.05 40.07 40.1 40.12 40.1 40.07 40.06 40.04 40.03 40.02 40.05 40.02 39.95 39.9 39.87 39.82 39.65 39.59 39.76 39.84 39.89 39.88 39.88 39.91 39.96 39.99 40.02 40.02 40.02 40.04 40.04 40.04 40.04 40.07 40.11 40.14 40.18 40.21 40.22 40.24 40.22 40.18 40.15 40.11 40.08 40.06 40.05
39.86 39.92 39.93 39.96 39.97 39.99 40.01 40.04 40.04 40.02 40 39.99 39.99 40.03 40.12 40.13 40.12 40.15 40.18 40.2 40.21 40.16 40.15 40.16 40.16 40.16 40.16 40.15 40.1 40.06 40.07 40.07 40.09 40.11 40.11 40.09 40.07 40.06 40.06 40.06 40.03 40.06 40.03 39.97 39.93 39.89 39.84 39.68 39.57 39.65 39.75 39.85 39.87 39.88 39.9 39.94 39.97 40 40.02 40.03 40.03 40.04 40.04 40.05 40.06 40.06 40.1 40.15 40.17 40.2 40.24 40.23 40.2 40.16 40.09 40.05 40.05 40.05
