slabs/65.grd
DSAA
631 301
645780 646410
4947200 4947500
38.53 43.1
[rows 238 to 271 of 300, columns 156 to 233 of 631]
40.18 40.23 40.23 40.22 40.2 40.21 40.2 40.15 40.12 40.1 40.08 40.06 40.05 40.03 39.99 39.99 40.02 40.02 39.99 39.97 39.97 39.95 39.92 39.91 39.9 39.78 39.7 39.84 39.96 39.98 39.97 39.96 39.79 39.62 39.77 39.86 39.83 39.83 39.87 39.88 39.86 39.88 39.92 39.92 39.93 39.93 39.93 39.95 39.92 39.92 39.97 40.02 40.05 40.05 40.05 40.05 40.07 40.05 40.03 40.02 39.98 39.93 39.91 39.9 39.89 39.91 39.94 39.94 39.94 39.93 39.94 39.95 39.95 39.93 39.89 39.85 39.79 39.75
40.16 40.21 40.23 40.21 40.2 40.22 40.22 40.19 40.16 40.13 40.09 40.07 40.06 40.04 40 39.99 40 40.01 40.02 40 39.98 39.97 39.96 39.95 39.93 39.82 39.72 39.76 39.86 39.95 39.98 39.96 39.84 39.67 39.74 39.87 39.83 39.8 39.86 39.87 39.86 39.87 39.9 39.92 39.92 39.92 39.93 39.95 39.97 39.95 39.93 39.98 40.05 40.07 40.1 40.09 40.07 40.04 40 40 39.99 39.94 39.9 39.88 39.88 39.91 39.92 39.92 39.93 39.93 39.94 39.95 39.95 39.93 39.9 39.85 39.81 39.79
40.14 40.19 40.24 40.22 40.2 40.21 40.23 40.21 40.18 40.15 40.11 40.08 40.07 40.04 40.02 40.01 39.99 40 40.02 40.01 39.98 39.98 39.97 39.96 39.93 39.83 39.68 39.58 39.68 39.89 39.98 39.96 39.89 39.74 39.72 39.85 39.83 39.8 39.84 39.88 39.87 39.85 39.89 39.92 39.93 39.92 39.91 39.94 39.98 39.96 39.95 39.99 40.05 40.06 40.09 40.08 40.06 40.05 40.03 40.03 40.01 39.95 39.9 39.88 39.89 39.93 39.94 39.93 39.93 39.94 39.93 39.93 39.95 39.95 39.92 39.87 39.84 39.84
40.14 40.19 40.24 40.21 40.19 40.2 40.22 40.2 40.17 40.15 40.12 40.09 40.06 40.04 40.03 40.02 39.99 40.01 40.02 40.01 39.99 39.97 39.96 39.96 39.94 39.87 39.7 39.54 39.61 39.86 40 39.98 39.94 39.79 39.72 39.82 39.83 39.8 39.82 39.88 39.87 39.85 39.86 39.89 39.91 39.92 39.92 39.95 39.99 39.98 39.97 39.98 40 40.03 40.04 40.05 40.05 40.04 40.04 40.05 40.03 39.97 39.92 39.89 39.9 39.93 39.94 39.94 39.94 39.95 39.94 39.92 39.94 39.97 39.95 39.89 39.86 39.84
40.15 40.17 40.21 40.21 40.18 40.19 40.21 40.18 40.16 40.15 40.12 40.08 40.06 40.05 40.05 40.03 40.02 40.03 40.02 40.02 39.99 39.97 39.97 39.97 39.95 39.89 39.77 39.66 39.69 39.85 40 40.01 39.99 39.84 39.7 39.75 39.8 39.81 39.81 39.84 39.84 39.85 39.87 39.88 39.9 39.92 39.93 39.95 39.98 39.98 39.96 39.96 39.98 40.01 40.02 40.04 40.05 40.04 40.04 40.06 40.05 40.02 39.97 39.91 39.9 39.9 39.91 39.94 39.96 39.97 39.95 39.91 39.92 39.97 39.97 39.91 39.85 39.83
40.16 40.16 40.19 40.2 40.16 40.18 40.21 40.19 40.16 40.15 40.12 40.09 40.08 40.07 40.05 40.03 40.03 40.04 40.02 40 39.97 39.96 39.96 39.95 39.94 39.91 39.82 39.74 39.7 39.79 39.98 40.01 40 39.89 39.73 39.66 39.68 39.81 39.83 39.84 39.86 39.89 39.89 39.89 39.9 39.92 39.94 39.95 39.96 39.96 39.94 39.94 39.99 40.03 40.05 40.05 40.06 40.07 40.09 40.08 40.06 40.04 40 39.94 39.92 39.9 39.9 39.93 39.96 39.97 39.96 39.92 39.92 39.95 39.96 39.92 39.87 39.85
40.14 40.15 40.16 40.18 40.16 40.18 40.2 40.18 40.15 40.15 40.13 40.11 40.1 40.09 40.04 40.03 40.03 40.03 40.02 40.01 39.99 39.99 39.97 39.94 39.94 39.93 39.86 39.8 39.71 39.74 39.95 40.01 40.01 39.94 39.81 39.63 39.54 39.74 39.83 39.86 39.9 39.91 39.9 39.91 39.92 39.93 39.93 39.93 39.94 39.96 39.96 39.96 40 40.05 40.06 40.04 40.05 40.12 40.12 40.08 40.03 40.02 40 39.97 39.95 39.92 39.91 39.92 39.95 39.98 39.98 39.95 39.92 39.93 39.94 39.93 39.89 39.87
40.11 40.13 40.15 40.15 40.17 40.18 40.19 40.16 40.15 40.17 40.16 40.14 40.11 40.09 40.07 40.05 40.04 40.04 40.03 40.03 40.02 40.01 40 39.98 39.97 39.95 39.91 39.89 39.78 39.71 39.84 39.94 39.99 39.95 39.86 39.66 39.47 39.64 39.78 39.85 39.91 39.92 39.91 39.91 39.94 39.95 39.94 39.93 39.93 39.97 40 40 39.99 40.01 40.02 40.02 40.03 40.1 40.09 40.05 40.01 40 40 39.98 39.95 39.93 39.91 39.91 39.94 39.97 39.98 39.96 39.94 39.94 39.94 39.94 39.89 39.87
40.08 40.11 40.14 40.14 40.17 40.19 40.19 40.18 40.18 40.19 40.17 40.15 40.12 40.09 40.1 40.08 40.06 40.04 40.03 40.02 40.02 40.01 40.01 40.01 39.99 39.96 39.95 39.92 39.79 39.65 39.69 39.81 39.95 39.97 39.92 39.73 39.47 39.56 39.76 39.82 39.89 39.92 39.91 39.91 39.94 39.96 39.97 39.94 39.94 39.99 40.03 40.02 39.99 39.98 39.99 40.02 40.03 40.06 40.06 40.07 40.06 40.04 40.03 40 39.96 39.93 39.9 39.87 39.92 39.97 39.97 39.97 39.96 39.96 39.96 39.95 39.93 39.91
40.06 40.1 40.14 40.14 40.18 40.2 40.21 40.23 40.21 40.18 40.17 40.14 40.12 40.11 40.12 40.09 40.07 40.04 40.01 40 40.01 40.01 40.02 40.03 40.01 39.98 39.96 39.92 39.76 39.58 39.55 39.7 39.93 39.98 39.96 39.79 39.48 39.54 39.78 39.82 39.85 39.89 39.91 39.91 39.92 39.95 39.98 39.95 39.94 39.99 40.02 40.02 40 40.01 40.02 40.03 40.06 40.08 40.1 40.1 40.1 40.07 40.04 40.01 39.98 39.95 39.92 39.88 39.93 39.99 39.99 39.97 39.96 39.96 39.96 39.96 39.98 39.95
40.08 40.09 40.11 40.12 40.15 40.2 40.22 40.23 40.22 40.2 40.19 40.16 40.14 40.14 40.13 40.1 40.09 40.06 40.02 39.99 40 40 40 40.02 40.01 39.96 39.93 39.9 39.77 39.58 39.5 39.64 39.91 39.98 39.97 39.83 39.55 39.56 39.79 39.82 39.82 39.85 39.9 39.91 39.93 39.94 39.96 39.96 39.96 39.96 39.99 40.01 40.02 40.04 40.04 40.03 40.06 40.1 40.11 40.1 40.08 40.06 40.05 40.01 39.98 39.96 39.93 39.91 39.95 39.98 39.98 39.98 39.98 39.97 39.95 39.96 39.98 39.95
40.08 40.08 40.09 40.12 40.15 40.18 40.21 40.21 40.21 40.22 40.2 40.16 40.15 40.14 40.12 40.09 40.08 40.06 40.02 40 40 40 40 40.01 39.98 39.94 39.9 39.9 39.84 39.68 39.55 39.63 39.88 39.97 39.95 39.87 39.63 39.55 39.72 39.78 39.81 39.86 39.92 39.94 39.95 39.94 39.93 39.93 39.95 39.96 39.97 40 40.02 40.02 40.02 40.03 40.05 40.06 40.08 40.1 40.08 40.08 40.07 40.01 39.96 39.95 39.92 39.9 39.93 39.95 39.96 39.97 40 39.99 39.96 39.96 39.98 39.96
40.08 40.12 40.11 40.1 40.11 40.16 40.2 40.2 40.21 40.21 40.2 40.16 40.15 40.13 40.1 40.08 40.06 40.03 40.02 40.01 40.01 40.02 40.01 40 39.97 39.94 39.92 39.92 39.91 39.8 39.67 39.69 39.86 39.97 39.93 39.88 39.67 39.49 39.54 39.64 39.78 39.89 39.95 39.96 39.95 39.95 39.93 39.91 39.93 39.93 39.95 39.99 39.99 39.96 39.98 40.03 40.06 40.05 40.07 40.09 40.08 40.09 40.07 40.01 39.96 39.95 39.92 39.88 39.87 39.9 39.95 39.98 39.98 39.98 39.97 39.95 39.96 39.96
40.08 40.12 40.11 40.08 40.09 40.14 40.2 40.22 40.21 40.19 40.18 40.15 40.15 40.11 40.07 40.07 40.05 40.03 40.02 40.01 40.01 40.02 39.98 39.98 39.99 39.97 39.94 39.95 39.95 39.89 39.79 39.75 39.83 39.95 39.93 39.89 39.75 39.57 39.47 39.5 39.73 39.89 39.93 39.95 39.95 39.94 39.93 39.93 39.94 39.96 39.97 39.98 39.98 39.95 39.96 40.01 40.05 40.07 40.08 40.09 40.09 40.09 40.06 40.01 39.98 39.97 39.94 39.88 39.84 39.87 39.95 39.98 39.95 39.95 39.96 39.94 39.92 39.94
40.08 40.09 40.1 40.11 40.12 40.15 40.21 40.24 40.22 40.19 40.17 40.14 40.14 40.12 40.08 40.09 40.09 40.07 40.06 40.03 40.02 40 39.95 39.97 40.01 39.97 39.95 39.95 39.95 39.91 39.85 39.77 39.79 39.93 39.94 39.94 39.88 39.8 39.63 39.49 39.68 39.83 39.88 39.94 39.96 39.94 39.93 39.93 39.96 39.99 39.99 39.99 39.99 39.98 39.98 39.99 40.03 40.06 40.08 40.09 40.09 40.09 40.07 40.03 40.01 40.01 39.97 39.91 39.88 39.88 39.93 39.96 39.93 39.94 39.96 39.93 39.92 39.95
40.06 40.08 40.11 40.13 40.13 40.16 40.2 40.22 40.21 40.2 40.19 40.16 40.14 40.13 40.11 40.11 40.13 40.12 40.1 40.07 40.02 39.99 39.96 39.97 39.98 39.98 39.99 39.97 39.94 39.91 39.87 39.79 39.76 39.89 39.96 39.96 39.93 39.91 39.75 39.52 39.6 39.74 39.81 39.89 39.94 39.96 39.95 39.95 39.98 39.99 39.99 39.99 39.99 39.98 39.98 39.97 39.98 40.03 40.07 40.08 40.08 40.08 40.08 40.06 40.04 40.05 40 39.94 39.92 39.92 39.91 39.93 39.95 39.96 39.95 39.93 39.95 39.96
40.07 40.11 40.12 40.13 40.15 40.17 40.18 40.19 40.21 40.21 40.2 40.18 40.16 40.15 40.13 40.12 40.11 40.11 40.09 40.08 40.04 40.01 40 39.99 39.98 40 40.02 39.99 39.95 39.96 39.94 39.8 39.69 39.8 39.9 39.96 39.95 39.95 39.79 39.52 39.53 39.68 39.77 39.86 39.92 39.97 39.96 39.96 39.99 40 39.99 39.99 39.98 39.96 39.96 39.95 39.96 40 40.06 40.07 40.08 40.09 40.09 40.06 40.05 40.04 39.99 39.94 39.92 39.91 39.91 39.95 39.99 39.97 39.92 39.94 39.97 39.97
40.09 40.11 40.13 40.14 40.16 40.17 40.16 40.18 40.21 40.21 40.2 40.19 40.19 40.19 40.16 40.12 40.09 40.1 40.1 40.09 40.06 40.03 40.03 40.02 39.99 40 40.01 39.99 39.96 39.96 39.94 39.8 39.64 39.67 39.78 39.92 39.97 39.97 39.84 39.57 39.53 39.69 39.78 39.88 39.92 39.96 39.94 39.94 39.97 39.97 39.97 39.98 40 39.98 39.97 39.97 39.97 40 40.05 40.07 40.08 40.08 40.08 40.07 40.04 40.03 40 39.96 39.92 39.91 39.92 39.96 39.98 39.95 39.93 39.95 39.96 39.96
40.09 40.11 40.13 40.14 40.15 40.16 40.16 40.19 40.22 40.22 40.22 40.21 40.21 40.21 40.2 40.16 40.13 40.13 40.11 40.09 40.07 40.05 40.03 40.03 40 39.98 39.99 39.98 39.95 39.95 39.94 39.84 39.66 39.56 39.66 39.89 39.99 39.99 39.88 39.63 39.59 39.77 39.82 39.88 39.94 39.96 39.93 39.9 39.92 39.92 39.93 39.96 40 40 40 40 39.98 39.98 40.02 40.05 40.07 40.07 40.06 40.07 40.05 40.04 40.03 39.98 39.94 39.93 39.93 39.93 39.93 39.94 39.96 39.98 39.97 39.94
40.08 40.11 40.12 40.13 40.15 40.17 40.18 40.2 40.24 40.26 40.26 40.25 40.23 40.22 40.19 40.17 40.16 40.14 40.11 40.1 40.1 40.08 40.06 40.05 40.01 39.98 39.98 39.97 39.94 39.96 39.95 39.89 39.71 39.53 39.62 39.86 39.99 39.99 39.9 39.68 39.64 39.79 39.81 39.83 39.9 39.96 39.94 39.9 39.9 39.92 39.94 39.97 40 40 39.99 40 39.99 39.99 40 40.02 40.03 40.04 40.06 40.08 40.09 40.08 40.03 39.97 39.95 39.95 39.92 39.92 39.94 39.95 39.96 39.98 39.97 39.93
40.08 40.09 40.1 40.11 40.13 40.15 40.17 40.19 40.24 40.27 40.28 40.27 40.24 40.22 40.19 40.18 40.15 40.13 40.11 40.1 40.1 40.1 40.1 40.08 40.03 40 39.99 39.98 39.96 39.95 39.95 39.92 39.79 39.64 39.65 39.83 39.99 40 39.95 39.81 39.7 39.71 39.73 39.78 39.86 39.92 39.93 39.92 39.9 39.92 39.95 39.98 40 39.99 39.98 39.98 39.99 39.99 40.01 40.01 39.98 39.99 40.05 40.11 40.13 40.11 40.05 40 39.99 39.97 39.93 39.92 39.94 39.96 39.97 39.98 39.96 39.93
40.09 40.09 40.09 40.09 40.12 40.14 40.14 40.17 40.23 40.27 40.29 40.27 40.24 40.22 40.21 40.19 40.15 40.12 40.1 40.1 40.1 40.1 40.1 40.09 40.05 40.02 40.01 40 39.98 39.95 39.95 39.95 39.88 39.79 39.74 39.81 40 40.02 40.03 39.98 39.86 39.71 39.63 39.74 39.82 39.85 39.92 39.95 39.91 39.91 39.94 39.97 39.97 39.97 39.98 39.97 39.97 39.98 40 39.99 39.97 39.99 40.05 40.12 40.14 40.11 40.05 40.01 39.99 39.97 39.93 39.89 39.9 39.94 39.96 39.96 39.95 39.93
40.1 40.09 40.09 40.1 40.13 40.14 40.14 40.17 40.23 40.28 40.31 40.28 40.24 40.23 40.24 40.23 40.19 40.15 40.13 40.12 40.11 40.11 40.1 40.08 40.06 40.04 40.05 40.04 40.01 39.98 39.99 39.98 39.92 39.86 39.77 39.8 40.01 40.05 40.04 40.03 40.01 39.81 39.58 39.71 39.81 39.84 39.92 39.96 39.92 39.92 39.94 39.96 39.95 39.96 39.97 39.98 39.99 39.99 39.99 39.98 39.98 39.98 40.02 40.09 40.1 40.08 40.04 40.01 39.99 39.97 39.95 39.9 39.9 39.93 39.95 39.95 39.95 39.94
40.08 40.09 40.1 40.11 40.12 40.12 40.14 40.16 40.2 40.25 40.29 40.27 40.24 40.24 40.25 40.23 40.2 40.17 40.15 40.13 40.11 40.12 40.09 40.06 40.07 40.06 40.07 40.06 40.03 40.01 40 39.98 39.93 39.86 39.75 39.74 39.98 40.06 40.05 40.04 40.05 39.88 39.63 39.71 39.86 39.88 39.9 39.93 39.93 39.93 39.94 39.95 39.94 39.95 39.97 39.99 40 40 39.98 39.98 39.98 39.98 40.02 40.06 40.06 40.07 40.05 40.02 40 39.98 39.96 39.94 39.92 39.91 39.93 39.94 39.94 39.95
40.07 40.08 40.09 40.1 40.11 40.13 40.17 40.16 40.18 40.23 40.27 40.27 40.25 40.26 40.26 40.23 40.2 40.16 40.14 40.11 40.11 40.12 40.09 40.06 40.08 40.08 40.07 40.06 40.04 40 39.98 39.97 39.95 39.88 39.76 39.7 39.84 39.98 40.05 40.05 40.06 39.94 39.71 39.71 39.87 39.88 39.87 39.92 39.96 39.93 39.91 39.95 39.96 39.96 39.97 39.98 40 40 39.98 39.98 39.98 40 40.02 40.05 40.06 40.07 40.07 40.05 40.02 39.98 39.97 39.96 39.93 39.89 39.91 39.92 39.93 39.95
40.08 40.08 40.08 40.08 40.11 40.16 40.19 40.18 40.19 40.24 40.25 40.26 40.27 40.27 40.26 40.24 40.22 40.18 40.14 40.11 40.11 40.1 40.09 40.09 40.1 40.1 40.07 40.05 40.05 40 39.97 39.96 39.95 39.92 39.83 39.71 39.68 39.84 40.04 40.05 40.06 39.99 39.79 39.71 39.84 39.86 39.88 39.95 39.99 39.95 39.9 39.94 39.98 39.98 39.97 39.97 39.99 40 39.98 40 40 40 40 40.03 40.05 40.07 40.08 40.06 40.03 40 39.98 39.94 39.91 39.89 39.91 39.93 39.94 39.96
40.12 40.11 40.08 40.08 40.09 40.12 40.13 40.15 40.18 40.24 40.24 40.25 40.27 40.25 40.25 40.25 40.23 40.2 40.17 40.14 40.12 40.08 40.09 40.12 40.11 40.09 40.06 40.06 40.08 40.04 39.98 39.96 39.94 39.94 39.91 39.76 39.62 39.75 40 40.05 40.05 40.01 39.81 39.66 39.77 39.83 39.9 39.97 40 39.97 39.92 39.91 39.96 39.99 39.96 39.96 39.98 40 40 40.01 40.01 40.01 40 40.01 40.03 40.08 40.09 40.05 40.04 40.02 39.99 39.93 39.91 39.9 39.91 39.93 39.93 39.94
40.13 40.14 40.11 40.09 40.07 40.06 40.07 40.11 40.16 40.21 40.22 40.25 40.27 40.25 40.26 40.26 40.23 40.21 40.18 40.15 40.13 40.1 40.12 40.14 40.11 40.1 40.09 40.08 40.09 40.07 40.01 39.98 39.98 39.97 39.94 39.82 39.67 39.75 39.97 40.05 40.04 40.02 39.81 39.62 39.73 39.82 39.91 39.95 39.97 39.98 39.94 39.9 39.92 39.97 39.96 39.95 39.97 40.01 40.01 40 40.01 40.02 40.02 40.02 40.03 40.06 40.08 40.08 40.06 40.03 40 39.96 39.92 39.9 39.91 39.92 39.93 39.93
40.11 40.13 40.13 40.11 40.07 40.06 40.08 40.12 40.16 40.2 40.21 40.24 40.27 40.25 40.25 40.27 40.25 40.21 40.18 40.14 40.14 40.12 40.12 40.13 40.11 40.1 40.09 40.07 40.07 40.07 40.04 40.01 40.02 40 39.95 39.87 39.76 39.78 39.91 40.04 40.05 40.02 39.82 39.66 39.76 39.83 39.91 39.93 39.95 39.96 39.95 39.91 39.91 39.96 39.99 39.96 39.96 39.99 40.02 40 39.99 40.01 40.03 40.02 40.02 40.05 40.08 40.1 40.09 40.04 40.01 39.98 39.94 39.91 39.91 39.92 39.95 39.94
40.08 40.09 40.11 40.12 40.1 40.1 40.09 40.1 40.14 40.19 40.21 40.25 40.28 40.29 40.28 40.28 40.28 40.24 40.19 40.14 40.13 40.12 40.12 40.1 40.08 40.08 40.09 40.07 40.07 40.06 40.04 40.01 40.01 40 39.96 39.9 39.82 39.76 39.83 40.02 40.05 40.02 39.9 39.79 39.8 39.8 39.88 39.92 39.93 39.95 39.96 39.94 39.93 39.98 39.99 39.95 39.95 39.98 40.01 40 39.99 39.99 40.01 40.01 40.02 40.05 40.08 40.1 40.1 40.04 40 39.99 39.96 39.92 39.91 39.92 39.95 39.95
40.05 40.07 40.09 40.14 40.13 40.1 40.08 40.07 40.11 40.14 40.17 40.23 40.3 40.35 40.32 40.28 40.28 40.25 40.2 40.15 40.14 40.14 40.14 40.09 40.07 40.08 40.1 40.09 40.09 40.07 40.04 40.01 40 40 39.97 39.92 39.86 39.77 39.78 39.97 40.03 40.04 40.01 39.95 39.83 39.74 39.84 39.87 39.9 39.95 39.96 39.96 39.96 39.98 39.99 39.97 39.97 39.98 40 40 39.99 39.97 39.98 39.99 40 40.03 40.08 40.1 40.11 40.04 40 39.99 39.96 39.92 39.91 39.92 39.95 39.95
40.07 40.1 40.11 40.13 40.12 40.09 40.07 40.06 40.08 40.12 40.14 40.2 40.27 40.33 40.32 40.28 40.27 40.25 40.21 40.18 40.17 40.16 40.14 40.12 40.11 40.1 40.09 40.08 40.08 40.08 40.05 40.02 40 40 39.98 39.94 39.9 39.81 39.74 39.85 39.98 40.05 40.04 40.02 39.85 39.68 39.81 39.88 39.9 39.95 39.97 39.99 39.97 39.96 39.99 40 39.99 39.97 40 40.01 39.99 39.96 39.98 40.01 40.02 40.03 40.06 40.09 40.12 40.04 39.99 39.98 39.97 39.94 39.91 39.93 39.96 39.96
40.07 40.09 40.1 40.12 40.12 40.11 40.09 40.06 40.08 40.12 40.13 40.16 40.21 40.27 40.32 40.29 40.26 40.27 40.25 40.23 40.21 40.18 40.16 40.16 40.16 40.14 40.08 40.06 40.06 40.08 40.08 40.05 40.01 40 39.99 39.96 39.93 39.84 39.72 39.72 39.87 40.05 40.04 40.01 39.84 39.65 39.79 39.93 39.93 39.93 39.97 39.99 39.96 39.94 39.98 40.01 39.99 39.96 39.97 40 40 39.98 40.01 40.04 40.05 40.04 40.05 40.08 40.12 40.07 40 39.99 39.99 39.97 39.95 39.96 39.97 39.97
40.05 40.09 40.09 40.11 40.13 40.13 40.11 40.07 40.08 40.11 40.13 40.15 40.18 40.25 40.33 40.29 40.25 40.26 40.27 40.24 40.22 40.2 40.17 40.17 40.18 40.15 40.09 40.05 40.06 40.07 40.09 40.08 40.04 40.01 39.99 39.96 39.94 39.88 39.76 39.65 39.78 40.02 40.06 40.03 39.87 39.65 39.76 39.95 39.95 39.93 39.96 39.98 39.96 39.95 39.98 40.01 39.99 39.95 39.95 39.98 40.01 40.01 40.03 40.05 40.05 40.03 40.04 40.07 40.11 40.09 40.05 40.04 40.02 40 39.97 39.97 39.96 39.96
