slabs/65.grd
DSAA
631 301
645780 646410
4947200 4947500
38.53 43.1
[rows 68 to 101 of 300, columns 312 to 389 of 631]
39.99 39.99 40 40.02 40.03 40.04 40.04 40.06 40.08 40.07 40.07 40.08 40.08 40.05 40.06 40.07 40.08 40.08 40.08 40.08 40.08 40.09 40.11 40.11 40.11 40.11 40.11 40.11 40.1 40.11 40.1 40.1 40.11 40.09 40.07 40.05 40.04 40.05 40.07 40.08 40.08 40.07 40.06 40.07 40.08 40.08 40.06 40.04 40.04 40.03 40.01 40.02 40.02 40.02 40.01 40 39.98 39.96 39.98 39.98 39.99 39.98 39.96 39.95 39.97 39.98 39.96 39.96 39.95 39.97 39.98 39.98 39.99 39.99 39.98 39.98 39.97 39.97
40.02 40.02 40.03 40.04 40.05 40.05 40.06 40.08 40.09 40.1 40.09 40.08 40.08 40.06 40.07 40.08 40.07 40.08 40.1 40.09 40.09 40.11 40.13 40.12 40.13 40.12 40.12 40.14 40.14 40.14 40.11 40.11 40.13 40.12 40.1 40.09 40.09 40.09 40.08 40.07 40.07 40.07 40.07 40.06 40.07 40.09 40.08 40.07 40.06 40.04 40.02 40.03 40.03 40.03 40.02 40 39.99 39.97 39.98 39.98 39.98 39.98 39.96 39.95 39.97 39.97 39.94 39.94 39.95 39.97 39.98 39.97 39.96 39.98 39.98 39.98 39.97 39.97
40.05 40.05 40.05 40.05 40.07 40.07 40.09 40.11 40.1 40.1 40.09 40.08 40.08 40.08 40.08 40.08 40.08 40.09 40.1 40.1 40.1 40.11 40.13 40.13 40.14 40.14 40.14 40.15 40.15 40.15 40.14 40.13 40.12 40.12 40.12 40.11 40.11 40.1 40.08 40.07 40.07 40.07 40.06 40.03 40.06 40.09 40.08 40.08 40.07 40.03 40.02 40.02 40.02 40.03 40.03 40 39.99 39.99 39.98 39.97 39.97 39.98 39.98 39.97 39.98 39.97 39.93 39.93 39.95 39.97 39.97 39.96 39.96 39.97 40 39.99 39.97 39.96
40.07 40.06 40.06 40.06 40.08 40.08 40.1 40.11 40.1 40.08 40.08 40.07 40.08 40.08 40.09 40.08 40.09 40.09 40.09 40.09 40.1 40.1 40.11 40.12 40.13 40.14 40.15 40.15 40.16 40.17 40.18 40.15 40.12 40.13 40.13 40.12 40.12 40.12 40.11 40.11 40.1 40.07 40.05 40.04 40.06 40.1 40.09 40.08 40.07 40.05 40.01 40 40.01 40.01 40.02 40.02 40.01 40.01 40 39.99 39.98 39.99 40 39.99 39.98 39.99 39.97 39.96 39.94 39.96 39.95 39.96 39.96 39.97 39.99 39.99 39.97 39.94
40.09 40.08 40.07 40.08 40.08 40.09 40.1 40.11 40.11 40.09 40.09 40.08 40.07 40.08 40.1 40.09 40.09 40.08 40.07 40.09 40.09 40.09 40.1 40.1 40.11 40.13 40.14 40.15 40.18 40.19 40.2 40.18 40.15 40.16 40.16 40.15 40.14 40.13 40.13 40.14 40.12 40.08 40.06 40.06 40.07 40.09 40.1 40.09 40.08 40.06 40.03 40.01 40 39.99 40 40.02 40.01 40 40 40 39.99 40 40.01 39.99 39.97 40 40.02 39.99 39.95 39.96 39.96 39.95 39.95 39.98 40 39.99 39.96 39.93
40.12 40.11 40.11 40.1 40.09 40.1 40.11 40.12 40.12 40.11 40.11 40.09 40.09 40.1 40.11 40.1 40.1 40.09 40.09 40.09 40.09 40.09 40.12 40.13 40.14 40.16 40.17 40.17 40.19 40.2 40.22 40.22 40.21 40.2 40.18 40.18 40.16 40.14 40.13 40.13 40.13 40.1 40.07 40.06 40.06 40.09 40.11 40.1 40.09 40.07 40.05 40.03 40.01 39.99 39.99 40 40 40 40 40 39.99 39.99 40 39.98 39.97 40 40.02 40.01 39.97 39.95 39.95 39.95 39.96 39.98 39.99 39.98 39.95 39.92
40.15 40.14 40.14 40.13 40.13 40.13 40.13 40.13 40.11 40.12 40.11 40.1 40.12 40.13 40.14 40.13 40.12 40.12 40.11 40.11 40.12 40.14 40.14 40.15 40.16 40.17 40.19 40.19 40.19 40.21 40.24 40.24 40.23 40.21 40.19 40.19 40.18 40.16 40.14 40.14 40.14 40.11 40.09 40.07 40.06 40.09 40.11 40.1 40.09 40.07 40.05 40.03 40.02 40.01 39.99 39.99 39.98 40 40.03 40.02 39.99 39.99 39.98 39.97 39.97 39.98 39.99 39.98 39.95 39.92 39.93 39.95 39.96 39.97 39.97 39.97 39.96 39.95
40.15 40.15 40.15 40.15 40.16 40.16 40.16 40.14 40.13 40.13 40.13 40.13 40.13 40.13 40.14 40.14 40.13 40.14 40.13 40.1 40.12 40.13 40.15 40.15 40.15 40.16 40.19 40.19 40.2 40.23 40.24 40.24 40.24 40.22 40.2 40.2 40.2 40.19 40.16 40.15 40.15 40.12 40.09 40.09 40.08 40.07 40.1 40.1 40.09 40.08 40.07 40.05 40.03 40.01 39.99 39.99 39.97 39.99 40.03 40.02 39.99 39.98 39.97 39.96 39.96 39.96 39.96 39.96 39.93 39.91 39.91 39.92 39.94 39.95 39.96 39.96 39.96 39.96
40.15 40.15 40.15 40.15 40.15 40.15 40.15 40.16 40.14 40.14 40.14 40.14 40.15 40.15 40.13 40.14 40.15 40.16 40.15 40.14 40.14 40.13 40.14 40.15 40.16 40.18 40.2 40.19 40.2 40.23 40.25 40.24 40.24 40.24 40.23 40.23 40.23 40.21 40.17 40.16 40.15 40.12 40.1 40.09 40.08 40.07 40.09 40.09 40.09 40.08 40.09 40.06 40.02 40.01 39.99 39.99 39.99 40 40.01 40.02 40 39.98 39.98 39.97 39.96 39.97 39.97 39.96 39.95 39.92 39.91 39.91 39.92 39.93 39.94 39.95 39.95 39.96
40.15 40.15 40.15 40.15 40.15 40.15 40.15 40.15 40.13 40.13 40.15 40.16 40.17 40.16 40.15 40.16 40.17 40.17 40.17 40.17 40.16 40.14 40.14 40.15 40.17 40.2 40.2 40.19 40.2 40.23 40.25 40.24 40.24 40.24 40.25 40.26 40.24 40.21 40.17 40.17 40.15 40.12 40.1 40.08 40.07 40.07 40.08 40.08 40.08 40.08 40.09 40.06 40.03 40.02 40.01 40.01 39.99 39.99 39.99 40 40 39.99 39.99 39.97 39.96 39.98 39.97 39.96 39.96 39.94 39.93 39.93 39.94 39.94 39.94 39.95 39.95 39.96
40.15 40.15 40.15 40.16 40.16 40.16 40.16 40.15 40.14 40.15 40.17 40.18 40.17 40.17 40.16 40.16 40.16 40.18 40.19 40.18 40.17 40.15 40.15 40.14 40.17 40.2 40.2 40.2 40.21 40.23 40.25 40.27 40.27 40.26 40.27 40.27 40.25 40.2 40.18 40.18 40.16 40.13 40.13 40.12 40.08 40.07 40.06 40.06 40.07 40.07 40.09 40.08 40.05 40.03 40.02 40.01 40 39.99 39.98 39.99 40 40 40 39.98 39.96 39.98 39.98 39.96 39.96 39.95 39.94 39.94 39.95 39.94 39.94 39.95 39.96 39.95
40.18 40.18 40.17 40.17 40.15 40.16 40.17 40.16 40.17 40.17 40.18 40.19 40.18 40.18 40.17 40.15 40.16 40.19 40.2 40.19 40.18 40.17 40.16 40.15 40.16 40.19 40.21 40.21 40.23 40.24 40.26 40.3 40.3 40.28 40.27 40.25 40.24 40.21 40.2 40.19 40.17 40.16 40.17 40.14 40.09 40.07 40.04 40.04 40.05 40.05 40.06 40.07 40.05 40.03 40.02 40 39.99 40 39.98 40 40.01 40 40 39.98 39.96 39.97 39.97 39.95 39.94 39.95 39.94 39.93 39.94 39.92 39.94 39.96 39.96 39.94
40.2 40.2 40.2 40.19 40.17 40.17 40.17 40.19 40.21 40.19 40.18 40.2 40.2 40.21 40.2 40.17 40.18 40.2 40.2 40.21 40.21 40.19 40.19 40.19 40.18 40.19 40.22 40.23 40.25 40.25 40.25 40.28 40.28 40.28 40.27 40.26 40.24 40.22 40.2 40.18 40.16 40.17 40.18 40.16 40.12 40.08 40.05 40.05 40.06 40.04 40.03 40.04 40.05 40.03 40.02 40.01 39.99 40 39.99 40 40 39.98 39.98 39.97 39.97 39.96 39.97 39.96 39.93 39.93 39.92 39.92 39.92 39.91 39.93 39.96 39.95 39.94
40.2 40.21 40.21 40.21 40.19 40.19 40.19 40.21 40.22 40.21 40.2 40.21 40.22 40.23 40.23 40.2 40.2 40.21 40.22 40.23 40.23 40.2 40.19 40.19 40.2 40.21 40.22 40.23 40.24 40.24 40.23 40.23 40.25 40.27 40.28 40.27 40.25 40.23 40.2 40.17 40.16 40.16 40.16 40.16 40.13 40.09 40.08 40.07 40.07 40.05 40.03 40.04 40.06 40.04 40.02 40.01 39.99 40 40 39.99 39.98 39.96 39.96 39.96 39.96 39.95 39.96 39.97 39.92 39.9 39.9 39.91 39.92 39.9 39.92 39.94 39.94 39.94
40.2 40.2 40.21 40.21 40.2 40.2 40.2 40.21 40.22 40.22 40.22 40.23 40.23 40.24 40.24 40.23 40.22 40.22 40.23 40.23 40.23 40.21 40.18 40.18 40.2 40.22 40.22 40.21 40.21 40.23 40.24 40.23 40.24 40.25 40.26 40.25 40.24 40.23 40.2 40.17 40.15 40.15 40.15 40.15 40.12 40.09 40.09 40.08 40.08 40.07 40.05 40.06 40.08 40.07 40.05 40 39.97 39.97 39.97 39.97 39.96 39.96 39.96 39.97 39.95 39.94 39.96 39.97 39.93 39.91 39.91 39.93 39.93 39.91 39.92 39.93 39.94 39.95
40.19 40.2 40.22 40.22 40.21 40.21 40.21 40.22 40.23 40.24 40.23 40.23 40.23 40.23 40.24 40.25 40.23 40.22 40.22 40.22 40.22 40.22 40.2 40.2 40.2 40.21 40.22 40.2 40.19 40.23 40.25 40.24 40.23 40.25 40.26 40.25 40.24 40.22 40.21 40.19 40.15 40.14 40.14 40.14 40.11 40.09 40.09 40.08 40.08 40.09 40.08 40.08 40.09 40.1 40.07 40 39.97 39.95 39.96 39.97 39.96 39.96 39.97 39.98 39.96 39.95 39.95 39.95 39.94 39.93 39.93 39.94 39.92 39.91 39.91 39.93 39.94 39.95
40.2 40.21 40.23 40.23 40.23 40.23 40.23 40.25 40.24 40.24 40.25 40.24 40.24 40.25 40.25 40.26 40.24 40.22 40.22 40.22 40.22 40.23 40.23 40.22 40.21 40.2 40.19 40.2 40.21 40.22 40.23 40.23 40.22 40.25 40.27 40.25 40.22 40.21 40.21 40.2 40.16 40.14 40.13 40.13 40.12 40.11 40.1 40.08 40.07 40.09 40.09 40.08 40.08 40.08 40.07 40.04 40 39.96 39.97 39.99 39.98 39.97 39.98 39.99 39.97 39.97 39.96 39.93 39.93 39.93 39.94 39.93 39.91 39.9 39.9 39.92 39.93 39.94
40.23 40.22 40.23 40.24 40.24 40.24 40.24 40.26 40.25 40.25 40.26 40.26 40.26 40.26 40.26 40.27 40.25 40.22 40.22 40.22 40.22 40.23 40.25 40.24 40.22 40.2 40.18 40.19 40.22 40.22 40.22 40.22 40.22 40.24 40.25 40.24 40.21 40.21 40.22 40.19 40.16 40.13 40.11 40.11 40.13 40.14 40.12 40.09 40.07 40.07 40.08 40.08 40.07 40.05 40.05 40.05 40.02 39.99 39.99 39.99 39.98 39.97 39.97 39.97 39.98 39.97 39.95 39.94 39.93 39.94 39.94 39.93 39.9 39.9 39.9 39.9 39.92 39.93
40.24 40.23 40.24 40.24 40.24 40.25 40.25 40.25 40.25 40.24 40.25 40.26 40.25 40.25 40.25 40.26 40.26 40.24 40.22 40.23 40.22 40.23 40.26 40.25 40.23 40.23 40.22 40.21 40.22 40.21 40.21 40.22 40.23 40.23 40.23 40.23 40.2 40.19 40.19 40.17 40.15 40.13 40.11 40.1 40.12 40.14 40.12 40.08 40.07 40.06 40.07 40.08 40.07 40.06 40.05 40.03 40.02 40.02 40 39.98 39.96 39.95 39.96 39.98 39.99 39.98 39.95 39.95 39.95 39.94 39.93 39.92 39.92 39.91 39.91 39.91 39.91 39.92
40.24 40.24 40.26 40.26 40.26 40.27 40.26 40.25 40.25 40.26 40.25 40.25 40.25 40.26 40.27 40.26 40.26 40.24 40.22 40.23 40.24 40.23 40.25 40.25 40.24 40.25 40.25 40.23 40.22 40.22 40.22 40.23 40.23 40.22 40.23 40.22 40.2 40.2 40.17 40.15 40.15 40.14 40.13 40.1 40.1 40.11 40.1 40.06 40.05 40.05 40.06 40.07 40.07 40.09 40.08 40.05 40.03 40.03 40.01 39.97 39.96 39.97 39.97 39.99 39.99 39.98 39.95 39.94 39.94 39.93 39.91 39.91 39.92 39.91 39.9 39.91 39.9 39.91
40.24 40.26 40.26 40.25 40.26 40.26 40.26 40.25 40.25 40.26 40.26 40.25 40.25 40.27 40.3 40.28 40.25 40.25 40.24 40.24 40.24 40.24 40.26 40.26 40.24 40.24 40.24 40.23 40.22 40.22 40.22 40.22 40.22 40.22 40.23 40.22 40.21 40.22 40.19 40.15 40.15 40.14 40.13 40.1 40.08 40.09 40.09 40.06 40.03 40.05 40.05 40.04 40.06 40.07 40.08 40.07 40.03 40.01 40 39.98 39.98 39.98 39.97 39.98 39.99 39.97 39.94 39.94 39.94 39.93 39.92 39.91 39.91 39.9 39.9 39.9 39.89 39.89
40.25 40.25 40.26 40.24 40.24 40.25 40.24 40.24 40.24 40.25 40.26 40.25 40.25 40.27 40.3 40.29 40.26 40.27 40.26 40.25 40.24 40.24 40.26 40.26 40.22 40.22 40.24 40.23 40.21 40.2 40.2 40.21 40.22 40.22 40.22 40.23 40.22 40.21 40.19 40.16 40.14 40.12 40.11 40.1 40.08 40.07 40.08 40.07 40.03 40.04 40.02 40.01 40.04 40.05 40.07 40.07 40.05 40.03 40.01 40 39.99 39.99 39.98 39.99 39.99 39.97 39.94 39.95 39.96 39.95 39.93 39.92 39.93 39.92 39.91 39.9 39.88 39.89
40.25 40.25 40.25 40.24 40.24 40.24 40.23 40.23 40.23 40.25 40.27 40.26 40.27 40.28 40.29 40.29 40.28 40.28 40.28 40.26 40.23 40.25 40.26 40.25 40.23 40.21 40.23 40.23 40.22 40.2 40.21 40.21 40.23 40.22 40.22 40.23 40.22 40.2 40.2 40.19 40.15 40.12 40.12 40.1 40.08 40.07 40.07 40.06 40.03 40.01 40 39.99 40.02 40.04 40.07 40.08 40.08 40.06 40.03 40.02 39.99 40 40 39.99 39.99 39.97 39.94 39.96 39.97 39.96 39.94 39.93 39.92 39.92 39.9 39.86 39.86 39.88
40.26 40.26 40.26 40.25 40.25 40.25 40.25 40.25 40.24 40.25 40.26 40.26 40.27 40.29 40.29 40.29 40.29 40.29 40.3 40.29 40.27 40.27 40.26 40.26 40.24 40.22 40.2 40.21 40.22 40.23 40.22 40.22 40.22 40.21 40.21 40.22 40.22 40.2 40.2 40.19 40.17 40.17 40.15 40.11 40.08 40.07 40.06 40.06 40.03 40.01 40 39.99 39.99 40.02 40.07 40.08 40.08 40.06 40.05 40.04 40 40 39.99 39.98 39.98 39.97 39.94 39.94 39.94 39.94 39.94 39.91 39.88 39.89 39.88 39.85 39.85 39.88
40.26 40.26 40.28 40.27 40.26 40.26 40.26 40.26 40.26 40.24 40.24 40.24 40.25 40.27 40.28 40.29 40.29 40.3 40.31 40.3 40.28 40.28 40.27 40.26 40.24 40.22 40.21 40.2 40.21 40.21 40.22 40.22 40.21 40.21 40.2 40.21 40.22 40.21 40.2 40.18 40.16 40.17 40.16 40.13 40.09 40.08 40.07 40.06 40.04 40.02 40 40 40 40.01 40.05 40.06 40.07 40.06 40.04 40.04 40.02 40.01 39.99 39.98 39.96 39.95 39.94 39.93 39.93 39.93 39.93 39.91 39.88 39.89 39.9 39.89 39.87 39.87
40.24 40.25 40.26 40.26 40.26 40.26 40.24 40.24 40.25 40.25 40.24 40.24 40.24 40.26 40.27 40.28 40.3 40.31 40.3 40.29 40.27 40.26 40.26 40.25 40.25 40.25 40.23 40.2 40.2 40.21 40.21 40.21 40.2 40.21 40.2 40.2 40.21 40.2 40.19 40.17 40.15 40.14 40.15 40.15 40.11 40.1 40.09 40.07 40.06 40.04 40.01 40.02 40.01 40.01 40.02 40.04 40.06 40.05 40.04 40.03 40.03 40.02 40 39.97 39.96 39.96 39.96 39.94 39.93 39.93 39.94 39.94 39.92 39.91 39.91 39.9 39.88 39.87
40.24 40.24 40.24 40.25 40.26 40.25 40.24 40.23 40.24 40.25 40.26 40.26 40.26 40.28 40.28 40.29 40.3 40.31 40.3 40.28 40.27 40.26 40.27 40.25 40.25 40.26 40.24 40.21 40.21 40.21 40.21 40.21 40.2 40.21 40.2 40.18 40.19 40.21 40.19 40.17 40.15 40.13 40.14 40.13 40.11 40.11 40.09 40.07 40.06 40.05 40.04 40.02 40 40 40.01 40.02 40.02 40.03 40.03 40.02 40.03 40.02 39.99 39.97 39.97 39.97 39.97 39.95 39.93 39.92 39.94 39.95 39.94 39.91 39.9 39.9 39.9 39.89
40.26 40.25 40.26 40.26 40.26 40.26 40.26 40.26 40.25 40.25 40.26 40.26 40.27 40.29 40.31 40.3 40.29 40.29 40.28 40.27 40.27 40.26 40.27 40.27 40.24 40.25 40.24 40.22 40.21 40.2 40.2 40.21 40.2 40.2 40.19 40.17 40.18 40.2 40.18 40.16 40.17 40.15 40.12 40.11 40.1 40.1 40.08 40.06 40.06 40.06 40.05 40.02 40.01 40 40 40.01 40 40.01 40.02 40.02 40.03 40.01 39.98 39.96 39.95 39.95 39.95 39.97 39.96 39.93 39.93 39.93 39.93 39.91 39.9 39.91 39.9 39.89
40.28 40.27 40.27 40.27 40.25 40.25 40.25 40.25 40.25 40.25 40.24 40.25 40.27 40.27 40.29 40.28 40.27 40.27 40.27 40.27 40.26 40.27 40.27 40.26 40.25 40.24 40.24 40.22 40.2 40.2 40.2 40.2 40.19 40.18 40.18 40.17 40.17 40.18 40.17 40.16 40.15 40.14 40.12 40.1 40.09 40.08 40.06 40.05 40.05 40.06 40.06 40.03 40.02 40 39.99 40.01 40.02 40.02 40.01 40 40 39.98 39.96 39.95 39.95 39.95 39.94 39.96 39.96 39.94 39.93 39.93 39.93 39.92 39.9 39.9 39.9 39.88
40.27 40.27 40.26 40.25 40.24 40.23 40.22 40.22 40.24 40.25 40.25 40.25 40.26 40.27 40.28 40.28 40.27 40.26 40.27 40.27 40.26 40.27 40.27 40.26 40.25 40.24 40.24 40.22 40.19 40.19 40.19 40.18 40.17 40.17 40.17 40.16 40.16 40.16 40.16 40.14 40.13 40.12 40.11 40.08 40.08 40.07 40.04 40.03 40.03 40.05 40.05 40.02 40 39.99 39.99 40.02 40.05 40.04 40.02 40 39.98 39.97 39.96 39.96 39.96 39.95 39.94 39.95 39.95 39.94 39.93 39.92 39.92 39.92 39.91 39.9 39.9 39.89
40.26 40.26 40.25 40.24 40.23 40.23 40.23 40.23 40.23 40.25 40.26 40.25 40.25 40.25 40.26 40.29 40.28 40.25 40.27 40.27 40.27 40.29 40.27 40.25 40.24 40.23 40.22 40.2 40.18 40.16 40.17 40.17 40.16 40.17 40.16 40.16 40.17 40.17 40.16 40.14 40.13 40.13 40.1 40.07 40.07 40.07 40.04 40.02 40.01 40.02 40.02 40 39.98 39.98 39.98 40.01 40.03 40.03 40.02 40 39.98 39.98 39.98 39.97 39.96 39.95 39.95 39.95 39.95 39.95 39.93 39.92 39.91 39.9 39.9 39.9 39.9 39.9
40.24 40.25 40.24 40.24 40.23 40.24 40.24 40.24 40.22 40.22 40.24 40.25 40.24 40.24 40.26 40.28 40.29 40.26 40.27 40.28 40.27 40.28 40.27 40.24 40.23 40.22 40.21 40.19 40.18 40.16 40.17 40.17 40.15 40.15 40.15 40.16 40.18 40.17 40.14 40.13 40.13 40.12 40.1 40.08 40.08 40.07 40.04 40.01 39.99 40.02 40.03 40 39.97 39.97 39.98 39.98 40 40.02 40 39.99 39.98 39.98 39.97 39.95 39.95 39.95 39.93 39.91 39.93 39.95 39.92 39.9 39.91 39.91 39.9 39.89 39.89 39.9
40.23 40.25 40.24 40.24 40.24 40.24 40.24 40.24 40.22 40.2 40.23 40.24 40.24 40.24 40.24 40.26 40.28 40.27 40.27 40.28 40.26 40.25 40.24 40.22 40.21 40.21 40.21 40.21 40.21 40.2 40.17 40.16 40.13 40.13 40.14 40.13 40.13 40.12 40.1 40.11 40.11 40.11 40.09 40.08 40.08 40.07 40.05 40.01 39.98 40 40.02 40.01 39.98 39.95 39.96 39.96 39.98 40 40 40.01 39.99 39.97 39.96 39.95 39.95 39.95 39.93 39.9 39.91 39.93 39.92 39.9 39.91 39.93 39.92 39.9 39.89 39.9
40.24 40.26 40.25 40.24 40.24 40.24 40.24 40.23 40.21 40.21 40.22 40.24 40.24 40.23 40.22 40.24 40.26 40.27 40.27 40.27 40.25 40.23 40.22 40.22 40.21 40.21 40.22 40.21 40.2 40.18 40.15 40.14 40.14 40.13 40.13 40.12 40.1 40.11 40.11 40.11 40.12 40.11 40.09 40.07 40.07 40.06 40.03 40 39.99 39.99 40.01 40.02 39.99 39.96 39.95 39.94 39.96 39.99 40 40.02 39.99 39.96 39.96 39.97 39.95 39.94 39.93 39.92 39.91 39.91 39.91 39.91 39.92 39.94 39.94 39.94 39.91 39.88
