slabs/65.grd
DSAA
631 301
645780 646410
4947200 4947500
38.53 43.1
[rows 0 to 33 of 300, columns 234 to 311 of 631]
39.6 40.04 40.28 40.41 40.48 40.34 40.25 40.19 40.12 40.09 40.09 40.09 40.09 40.1 40.1 40.07 40.03 40 39.98 39.98 39.96 39.96 39.95 39.92 39.91 39.91 39.91 39.93 39.93 39.93 39.92 39.9 39.86 39.84 39.82 39.79 39.79 39.79 39.79 39.79 39.82 39.86 39.85 39.83 39.84 39.83 39.83 39.84 39.82 39.83 39.83 39.82 39.82 39.83 39.84 39.84 39.86 39.87 39.85 39.82 39.8 39.81 39.81 39.79 39.78 39.79 39.79 39.77 39.76 39.76 39.75 39.76 39.75 39.72 39.71 39.69 39.71 39.71
39.86 40.11 40.21 40.29 40.36 40.28 40.18 40.13 40.08 40.09 40.1 40.09 40.08 40.07 40.05 40.03 40 39.96 39.96 39.97 39.97 39.97 39.95 39.92 39.92 39.92 39.93 39.94 39.94 39.93 39.92 39.91 39.87 39.86 39.84 39.8 39.79 39.8 39.8 39.8 39.82 39.85 39.83 39.83 39.85 39.85 39.85 39.85 39.83 39.83 39.83 39.82 39.81 39.83 39.84 39.83 39.85 39.86 39.85 39.83 39.82 39.82 39.82 39.8 39.79 39.8 39.78 39.74 39.74 39.76 39.76 39.78 39.76 39.73 39.71 39.69 39.7 39.72
40.06 40.13 40.17 40.23 40.29 40.22 40.13 40.1 40.07 40.07 40.08 40.08 40.07 40.05 40.04 40.03 39.98 39.94 39.95 39.96 39.95 39.96 39.94 39.9 39.91 39.92 39.92 39.93 39.93 39.92 39.92 39.92 39.89 39.87 39.85 39.82 39.81 39.81 39.81 39.81 39.82 39.82 39.82 39.83 39.85 39.85 39.85 39.85 39.85 39.84 39.82 39.81 39.81 39.82 39.84 39.84 39.84 39.85 39.84 39.83 39.82 39.82 39.82 39.81 39.8 39.79 39.76 39.73 39.74 39.76 39.77 39.78 39.76 39.72 39.7 39.69 39.71 39.73
40.31 40.35 40.34 40.32 40.25 40.15 40.09 40.08 40.08 40.08 40.07 40.07 40.07 40.04 40.04 40.03 39.98 39.95 39.94 39.94 39.93 39.94 39.93 39.9 39.9 39.91 39.92 39.92 39.92 39.92 39.92 39.91 39.9 39.88 39.85 39.83 39.83 39.82 39.82 39.82 39.83 39.82 39.82 39.85 39.84 39.85 39.85 39.86 39.87 39.86 39.83 39.81 39.8 39.81 39.83 39.84 39.84 39.85 39.84 39.81 39.81 39.82 39.83 39.83 39.82 39.8 39.76 39.73 39.75 39.77 39.77 39.77 39.75 39.72 39.7 39.7 39.71 39.72
40.48 40.52 40.45 40.36 40.22 40.13 40.07 40.08 40.1 40.1 40.09 40.07 40.06 40.04 40.03 40 39.96 39.94 39.93 39.92 39.91 39.91 39.91 39.89 39.9 39.92 39.92 39.92 39.92 39.93 39.93 39.92 39.91 39.89 39.87 39.83 39.81 39.82 39.83 39.82 39.82 39.81 39.82 39.85 39.84 39.86 39.87 39.87 39.88 39.87 39.84 39.82 39.82 39.83 39.85 39.84 39.84 39.85 39.84 39.81 39.81 39.83 39.83 39.84 39.83 39.8 39.76 39.74 39.75 39.77 39.76 39.74 39.74 39.73 39.7 39.69 39.7 39.71
40.51 40.52 40.4 40.31 40.18 40.11 40.07 40.08 40.1 40.11 40.1 40.07 40.05 40.04 40.02 39.99 39.95 39.93 39.93 39.91 39.9 39.9 39.9 39.89 39.88 39.9 39.91 39.92 39.92 39.94 39.94 39.93 39.94 39.93 39.9 39.84 39.81 39.81 39.83 39.82 39.81 39.81 39.83 39.85 39.87 39.89 39.89 39.89 39.89 39.89 39.87 39.86 39.87 39.85 39.85 39.85 39.85 39.85 39.86 39.83 39.83 39.83 39.83 39.84 39.83 39.79 39.76 39.75 39.76 39.79 39.77 39.75 39.74 39.73 39.71 39.69 39.69 39.7
40.48 40.46 40.33 40.24 40.13 40.09 40.07 40.07 40.09 40.1 40.08 40.06 40.04 40.02 40 39.97 39.94 39.93 39.92 39.91 39.91 39.92 39.91 39.88 39.87 39.87 39.89 39.92 39.93 39.93 39.92 39.93 39.93 39.93 39.92 39.88 39.85 39.84 39.84 39.83 39.8 39.82 39.85 39.87 39.88 39.89 39.91 39.91 39.89 39.89 39.88 39.88 39.88 39.86 39.86 39.86 39.86 39.86 39.86 39.85 39.84 39.83 39.84 39.84 39.83 39.8 39.77 39.76 39.77 39.78 39.79 39.77 39.76 39.74 39.72 39.71 39.7 39.69
40.48 40.4 40.28 40.19 40.1 40.07 40.06 40.07 40.09 40.08 40.07 40.05 40.02 39.99 39.98 39.96 39.93 39.91 39.91 39.9 39.91 39.93 39.91 39.88 39.88 39.86 39.87 39.91 39.93 39.91 39.9 39.92 39.91 39.92 39.92 39.9 39.88 39.86 39.85 39.84 39.83 39.85 39.87 39.88 39.89 39.89 39.92 39.93 39.9 39.89 39.89 39.9 39.89 39.87 39.87 39.86 39.87 39.87 39.87 39.87 39.85 39.83 39.85 39.85 39.83 39.8 39.77 39.77 39.77 39.78 39.78 39.77 39.76 39.75 39.75 39.74 39.73 39.7
40.5 40.35 40.25 40.16 40.08 40.06 40.06 40.08 40.08 40.07 40.05 40.03 39.99 39.97 39.96 39.94 39.92 39.91 39.91 39.91 39.9 39.91 39.9 39.89 39.9 39.89 39.89 39.9 39.91 39.9 39.9 39.93 39.92 39.92 39.92 39.9 39.87 39.86 39.85 39.85 39.84 39.85 39.87 39.88 39.89 39.9 39.92 39.93 39.91 39.9 39.9 39.9 39.89 39.88 39.87 39.88 39.88 39.88 39.88 39.89 39.87 39.85 39.86 39.85 39.83 39.81 39.78 39.77 39.78 39.79 39.79 39.79 39.77 39.75 39.76 39.75 39.73 39.72
40.45 40.29 40.21 40.12 40.08 40.06 40.06 40.09 40.08 40.06 40.04 40 39.97 39.96 39.96 39.95 39.94 39.93 39.92 39.91 39.89 39.89 39.9 39.9 39.9 39.9 39.91 39.91 39.91 39.91 39.92 39.93 39.93 39.92 39.91 39.9 39.87 39.86 39.85 39.85 39.85 39.85 39.86 39.87 39.88 39.9 39.92 39.93 39.92 39.91 39.91 39.91 39.9 39.89 39.9 39.91 39.91 39.89 39.88 39.91 39.9 39.88 39.86 39.84 39.83 39.83 39.81 39.79 39.79 39.79 39.8 39.82 39.8 39.76 39.76 39.75 39.72 39.71
40.36 40.22 40.16 40.09 40.07 40.06 40.07 40.07 40.08 40.06 40.03 39.98 39.96 39.97 39.97 39.96 39.95 39.95 39.93 39.9 39.88 39.89 39.91 39.89 39.87 39.89 39.92 39.91 39.9 39.91 39.93 39.93 39.92 39.92 39.91 39.9 39.87 39.87 39.86 39.85 39.86 39.86 39.87 39.88 39.88 39.9 39.93 39.94 39.94 39.92 39.92 39.93 39.93 39.93 39.93 39.93 39.92 39.9 39.88 39.9 39.9 39.89 39.86 39.84 39.84 39.84 39.84 39.84 39.82 39.79 39.8 39.84 39.82 39.79 39.78 39.77 39.74 39.72
40.28 40.18 40.13 40.08 40.07 40.07 40.06 40.05 40.05 40.04 40 39.96 39.96 39.98 39.96 39.93 39.93 39.94 39.93 39.9 39.9 39.9 39.9 39.88 39.84 39.87 39.91 39.9 39.9 39.92 39.94 39.94 39.92 39.93 39.93 39.9 39.89 39.89 39.87 39.85 39.86 39.87 39.89 39.9 39.89 39.9 39.93 39.95 39.95 39.95 39.93 39.94 39.96 39.95 39.93 39.94 39.93 39.93 39.91 39.88 39.9 39.9 39.86 39.86 39.86 39.86 39.86 39.85 39.83 39.8 39.81 39.84 39.83 39.79 39.78 39.78 39.75 39.73
40.21 40.14 40.12 40.08 40.07 40.07 40.06 40.05 40.04 40.02 40 39.97 39.97 39.97 39.96 39.94 39.92 39.92 39.92 39.9 39.9 39.9 39.89 39.88 39.85 39.88 39.9 39.9 39.91 39.93 39.95 39.94 39.94 39.95 39.94 39.91 39.91 39.91 39.89 39.87 39.87 39.88 39.9 39.91 39.91 39.93 39.94 39.96 39.98 39.98 39.94 39.94 39.97 39.97 39.95 39.95 39.95 39.96 39.93 39.9 39.92 39.92 39.9 39.9 39.89 39.87 39.88 39.87 39.84 39.83 39.83 39.84 39.83 39.8 39.77 39.77 39.77 39.75
40.17 40.12 40.1 40.08 40.06 40.06 40.06 40.05 40.04 40.02 40 39.98 39.99 39.98 39.97 39.95 39.91 39.92 39.93 39.92 39.92 39.9 39.89 39.89 39.89 39.9 39.9 39.9 39.91 39.93 39.95 39.95 39.95 39.96 39.96 39.93 39.92 39.92 39.91 39.9 39.89 39.89 39.9 39.9 39.93 39.95 39.96 39.98 39.99 39.99 39.97 39.96 39.98 39.99 39.97 39.97 39.97 39.95 39.93 39.93 39.94 39.93 39.92 39.92 39.92 39.89 39.88 39.87 39.85 39.84 39.85 39.84 39.84 39.81 39.77 39.77 39.78 39.78
40.15 40.1 40.1 40.08 40.07 40.07 40.07 40.05 40.03 40.02 40 39.98 40 39.99 39.97 39.95 39.92 39.92 39.93 39.93 39.93 39.91 39.89 39.91 39.92 39.91 39.9 39.9 39.91 39.92 39.94 39.95 39.96 39.96 39.96 39.97 39.95 39.93 39.93 39.92 39.89 39.89 39.92 39.94 39.95 39.96 39.97 39.99 39.99 40 40 39.98 39.99 39.99 39.97 39.98 39.99 39.97 39.96 39.97 39.97 39.94 39.93 39.93 39.93 39.92 39.9 39.89 39.87 39.86 39.86 39.84 39.84 39.81 39.78 39.79 39.79 39.8
40.1 40.07 40.08 40.08 40.06 40.06 40.06 40.03 40 39.99 39.98 39.99 40 39.99 39.97 39.96 39.94 39.94 39.94 39.93 39.92 39.91 39.89 39.9 39.91 39.9 39.9 39.9 39.91 39.92 39.93 39.95 39.96 39.95 39.96 39.97 39.96 39.94 39.93 39.91 39.89 39.89 39.92 39.94 39.95 39.96 39.98 40 40.01 40.01 40.02 40 40 40.01 40 39.99 39.99 39.98 39.97 39.98 39.98 39.95 39.94 39.93 39.93 39.94 39.93 39.92 39.89 39.88 39.88 39.86 39.85 39.82 39.82 39.84 39.82 39.81
40.08 40.06 40.07 40.07 40.06 40.05 40.04 40.01 39.99 39.98 39.99 39.99 39.99 39.98 39.97 39.96 39.94 39.94 39.93 39.92 39.91 39.9 39.89 39.88 39.88 39.89 39.89 39.9 39.91 39.92 39.92 39.93 39.95 39.97 39.97 39.96 39.95 39.94 39.93 39.91 39.9 39.9 39.92 39.94 39.95 39.96 39.99 40.01 40.01 40.02 40.02 40.01 40.01 40.02 40.02 40.01 40 39.99 39.97 39.98 39.99 39.96 39.95 39.94 39.95 39.96 39.95 39.93 39.91 39.9 39.91 39.91 39.89 39.86 39.87 39.89 39.86 39.83
40.07 40.06 40.06 40.07 40.06 40.05 40.02 40 39.98 39.99 40.01 40 39.98 39.99 39.98 39.94 39.93 39.92 39.92 39.92 39.91 39.9 39.89 39.88 39.89 39.9 39.89 39.89 39.9 39.92 39.92 39.9 39.93 39.97 39.98 39.97 39.95 39.94 39.95 39.92 39.92 39.91 39.93 39.95 39.96 39.98 40 40 40 40.01 40.01 40.02 40.02 40.02 40.03 40.02 40.01 40.02 39.99 40 40 39.96 39.96 39.97 39.98 39.98 39.97 39.95 39.93 39.93 39.92 39.92 39.91 39.88 39.89 39.9 39.88 39.85
40.06 40.06 40.06 40.07 40.07 40.05 40.01 39.99 39.99 40 40 39.98 39.97 39.98 39.98 39.95 39.93 39.92 39.91 39.93 39.93 39.9 39.89 39.88 39.89 39.9 39.9 39.9 39.9 39.91 39.92 39.91 39.92 39.96 39.98 39.98 39.96 39.96 39.96 39.93 39.93 39.92 39.93 39.94 39.96 39.99 40 40 39.99 40.01 40.01 40.02 40.03 40.03 40.03 40.03 40.02 40.03 40.02 40.03 40.02 39.98 39.96 39.99 40.01 40 40 39.98 39.96 39.96 39.94 39.9 39.89 39.88 39.89 39.91 39.9 39.88
40.07 40.07 40.06 40.06 40.05 40.02 40 40 39.99 39.99 39.99 39.97 39.96 39.96 39.98 39.98 39.94 39.92 39.92 39.92 39.91 39.88 39.88 39.89 39.89 39.89 39.9 39.89 39.9 39.91 39.91 39.91 39.93 39.95 39.97 39.99 39.98 39.97 39.97 39.94 39.94 39.94 39.94 39.95 39.95 39.97 40 40.01 40.02 40.03 40.03 40.03 40.04 40.03 40.03 40.03 40.03 40.02 40.02 40.03 40.04 40.01 39.97 39.99 40.03 40.01 40.01 40 39.98 39.98 39.96 39.93 39.91 39.89 39.89 39.91 39.91 39.9
40.07 40.07 40.06 40.03 40 39.99 39.98 39.99 39.99 39.99 39.99 39.98 39.98 39.97 39.97 40 39.96 39.94 39.94 39.91 39.9 39.89 39.89 39.89 39.88 39.88 39.9 39.9 39.9 39.91 39.92 39.92 39.93 39.94 39.96 39.99 39.99 39.98 39.97 39.96 39.96 39.95 39.95 39.95 39.95 39.96 39.99 40.01 40.03 40.03 40.04 40.04 40.03 40.03 40.02 40.03 40.04 40.02 40.01 40.02 40.04 40.04 40.01 40.01 40.03 40.03 40.02 40.02 40 39.98 39.97 39.95 39.93 39.92 39.92 39.92 39.92 39.91
40.09 40.08 40.06 40.02 39.97 39.96 39.97 39.98 39.99 39.99 39.98 39.99 40 39.98 39.98 40 39.98 39.96 39.95 39.93 39.92 39.91 39.9 39.89 39.89 39.89 39.9 39.91 39.91 39.92 39.93 39.93 39.94 39.95 39.97 39.98 39.99 39.98 39.98 39.98 39.98 39.96 39.95 39.95 39.95 39.96 39.96 39.98 40.02 40.01 40.03 40.04 40.03 40.03 40.03 40.04 40.04 40.03 40.01 40.02 40.03 40.04 40.04 40.03 40.02 40.04 40.04 40.03 40.01 39.97 39.96 39.93 39.94 39.96 39.95 39.93 39.93 39.92
40.09 40.08 40.04 40 39.96 39.96 39.96 39.96 39.97 39.98 39.99 39.98 39.98 39.97 39.99 40 39.99 39.95 39.95 39.94 39.94 39.93 39.9 39.88 39.88 39.89 39.9 39.91 39.92 39.93 39.94 39.94 39.95 39.97 39.99 39.99 39.99 39.99 39.99 40 40 39.97 39.94 39.94 39.95 39.95 39.94 39.96 40 40 40.01 40.02 40.02 40.03 40.04 40.04 40.04 40.05 40.03 40.02 40.02 40.01 40.03 40.03 40.01 40.02 40.02 40.02 40.01 39.98 39.96 39.94 39.94 39.97 39.95 39.93 39.94 39.94
40.07 40.04 40 39.98 39.96 39.95 39.96 39.98 39.98 39.99 39.99 39.98 39.97 39.98 39.99 39.99 39.98 39.96 39.95 39.95 39.95 39.94 39.92 39.88 39.88 39.88 39.89 39.91 39.92 39.93 39.95 39.95 39.95 39.97 39.99 40 40 40 40 40.01 40 39.97 39.94 39.93 39.94 39.96 39.96 39.96 39.98 39.99 39.98 40 40.02 40.02 40.03 40.04 40.03 40.05 40.04 40.03 40.01 39.99 40.01 40.03 40.01 40.01 40 40 39.99 39.96 39.95 39.94 39.94 39.95 39.95 39.93 39.92 39.93
40.04 40.02 39.99 39.96 39.94 39.95 39.96 39.98 39.99 39.99 39.99 39.98 39.98 39.99 39.98 39.97 39.97 39.97 39.96 39.96 39.94 39.93 39.93 39.9 39.9 39.89 39.88 39.9 39.91 39.91 39.95 39.96 39.95 39.96 39.99 40 40.02 40.02 40.01 40 39.98 39.96 39.95 39.94 39.95 39.97 39.97 39.96 39.95 39.97 39.98 40 40.01 40 40.01 40.02 40.02 40.04 40.04 40.03 40 39.98 40 40.02 40.01 40.01 40 39.99 39.99 39.95 39.94 39.93 39.93 39.94 39.94 39.93 39.91 39.92
40.01 40 39.97 39.96 39.95 39.95 39.96 39.97 39.98 39.99 39.97 39.96 39.97 39.99 39.98 39.96 39.97 39.97 39.96 39.95 39.94 39.93 39.93 39.92 39.91 39.9 39.89 39.89 39.9 39.91 39.94 39.95 39.96 39.97 39.99 40 40.02 40.01 40 39.99 39.98 39.97 39.96 39.96 39.95 39.95 39.96 39.95 39.94 39.95 39.97 39.98 40 40.01 40.01 40.01 40.02 40.03 40.04 40.02 40 39.98 39.98 40 39.99 39.98 39.99 40.01 39.99 39.95 39.94 39.93 39.93 39.93 39.92 39.93 39.91 39.91
40 39.97 39.95 39.95 39.96 39.96 39.96 39.97 39.99 39.99 39.96 39.95 39.96 39.97 39.97 39.97 39.97 39.97 39.95 39.93 39.93 39.93 39.92 39.92 39.93 39.92 39.9 39.89 39.91 39.92 39.92 39.94 39.96 39.96 39.98 39.99 40.02 40.02 39.99 39.98 39.97 39.97 39.97 39.96 39.95 39.94 39.95 39.95 39.96 39.97 39.96 39.95 39.98 40 40.01 40 40.01 40.02 40.02 40.01 39.99 39.99 39.98 39.98 39.97 39.95 39.97 40 39.98 39.97 39.96 39.94 39.94 39.92 39.91 39.91 39.91 39.89
39.99 39.97 39.95 39.96 39.97 39.96 39.96 39.95 39.97 39.98 39.97 39.95 39.95 39.96 39.97 39.98 39.98 39.98 39.95 39.92 39.92 39.94 39.92 39.92 39.94 39.92 39.89 39.9 39.93 39.93 39.91 39.94 39.97 39.97 39.98 39.99 40.01 40.02 40.01 39.99 39.98 39.97 39.96 39.95 39.94 39.93 39.94 39.95 39.96 39.97 39.97 39.95 39.98 40.01 40 39.99 39.98 39.99 39.99 39.99 39.98 39.99 39.98 39.96 39.96 39.95 39.95 39.97 39.96 39.97 39.97 39.94 39.92 39.91 39.89 39.88 39.89 39.88
39.97 39.96 39.96 39.97 39.97 39.97 39.96 39.93 39.95 39.97 39.97 39.96 39.95 39.96 39.97 39.98 39.99 39.99 39.98 39.95 39.92 39.92 39.92 39.92 39.93 39.92 39.91 39.92 39.93 39.93 39.92 39.94 39.97 39.97 39.97 39.98 40 40.02 40.02 40 39.98 39.97 39.97 39.96 39.93 39.92 39.93 39.93 39.94 39.94 39.95 39.96 39.98 40.01 40.01 39.98 39.97 39.96 39.97 39.97 39.96 39.96 39.95 39.94 39.95 39.95 39.93 39.95 39.95 39.94 39.94 39.92 39.91 39.9 39.88 39.86 39.87 39.86
39.94 39.94 39.96 39.97 39.97 39.97 39.96 39.95 39.95 39.96 39.95 39.95 39.95 39.95 39.96 39.97 39.97 39.99 40 39.98 39.94 39.92 39.91 39.91 39.92 39.92 39.93 39.93 39.92 39.92 39.93 39.94 39.95 39.96 39.95 39.96 39.99 40.02 40.02 40.01 39.99 39.98 39.98 39.96 39.94 39.92 39.93 39.93 39.92 39.91 39.92 39.94 39.97 40 39.99 39.98 39.96 39.95 39.95 39.95 39.94 39.92 39.92 39.92 39.93 39.93 39.92 39.93 39.92 39.91 39.9 39.9 39.89 39.89 39.88 39.87 39.88 39.86
39.95 39.95 39.96 39.97 39.97 39.97 39.97 39.96 39.97 39.96 39.94 39.95 39.96 39.95 39.95 39.96 39.98 39.98 39.99 39.97 39.93 39.92 39.91 39.9 39.9 39.91 39.91 39.9 39.89 39.91 39.92 39.93 39.95 39.96 39.94 39.95 39.97 39.99 40 40 39.99 39.98 39.98 39.97 39.94 39.93 39.93 39.92 39.92 39.91 39.91 39.92 39.94 39.95 39.95 39.94 39.91 39.92 39.92 39.91 39.93 39.91 39.9 39.9 39.89 39.9 39.91 39.9 39.91 39.9 39.89 39.89 39.88 39.87 39.86 39.85 39.85 39.85
39.96 39.96 39.97 39.97 39.97 39.96 39.96 39.97 39.97 39.97 39.96 39.97 39.97 39.95 39.95 39.96 39.97 39.98 39.96 39.95 39.93 39.91 39.92 39.91 39.9 39.91 39.9 39.89 39.88 39.89 39.91 39.92 39.94 39.96 39.95 39.95 39.95 39.95 39.96 39.98 39.98 39.97 39.96 39.96 39.95 39.93 39.91 39.89 39.9 39.91 39.91 39.92 39.92 39.92 39.92 39.92 39.89 39.9 39.9 39.89 39.9 39.9 39.89 39.88 39.86 39.87 39.89 39.9 39.93 39.91 39.88 39.89 39.87 39.86 39.85 39.83 39.82 39.82
39.95 39.96 39.97 39.96 39.96 39.95 39.95 39.96 39.97 39.98 39.99 39.98 39.97 39.95 39.93 39.94 39.96 39.97 39.95 39.96 39.95 39.93 39.94 39.93 39.91 39.91 39.9 39.88 39.87 39.88 39.89 39.91 39.92 39.94 39.94 39.94 39.94 39.93 39.95 39.96 39.96 39.95 39.94 39.94 39.94 39.93 39.91 39.88 39.88 39.89 39.89 39.9 39.91 39.9 39.91 39.92 39.91 39.91 39.89 39.86 39.86 39.86 39.86 39.85 39.84 39.86 39.88 39.88 39.89 39.88 39.87 39.86 39.86 39.85 39.84 39.82 39.8 39.79
39.95 39.96 39.95 39.94 39.94 39.95 39.96 39.97 39.96 39.97 39.98 39.98 39.97 39.95 39.93 39.93 39.95 39.95 39.96 39.95 39.94 39.93 39.93 39.93 39.9 39.89 39.88 39.87 39.85 39.86 39.87 39.89 39.9 39.92 39.93 39.95 39.94 39.94 39.95 39.96 39.95 39.93 39.92 39.92 39.92 39.92 39.91 39.88 39.86 39.88 39.88 39.88 39.89 39.89 39.88 39.91 39.91 39.91 39.89 39.85 39.85 39.85 39.84 39.83 39.84 39.84 39.84 39.84 39.83 39.84 39.84 39.83 39.84 39.84 39.81 39.8 39.78 39.77
