slabs/66.grd
DSAA
631 301
645780 646410
4947500 4947800
38.6 48.06
[rows 102 to 135 of 301, columns 234 to 311 of 631]
40.24 40.2 40.2 40.22 40.23 40.21 40.2 40.21 40.21 40.15 40.05 40 39.98 40.01 40.01 39.95 39.93 39.87 39.76 39.82 39.95 40.01 40.11 40.17 40.16 40.15 40.17 40.21 40.25 40.24 40.23 40.25 40.26 40.25 40.23 40.24 40.24 40.24 40.28 40.34 40.37 40.38 40.36 40.35 40.3 40.23 40.19 40.18 40.15 40.11 40.11 40.14 40.18 40.19 40.18 40.17 40.17 40.2 40.2 40.17 40.11 40.06 40.04 40.03 40.02 39.93 39.81 39.77 39.89 40.13 40.21 40.22 40.21 40.22 40.26 40.25 40.18 40.13
40.24 40.21 40.2 40.23 40.24 40.21 40.18 40.18 40.2 40.17 40.09 40.03 40.02 40.03 40.03 39.97 39.94 39.88 39.75 39.76 39.88 39.98 40.1 40.15 40.15 40.14 40.15 40.19 40.22 40.24 40.25 40.26 40.25 40.23 40.22 40.24 40.24 40.25 40.27 40.3 40.35 40.4 40.38 40.36 40.33 40.25 40.2 40.19 40.15 40.1 40.09 40.12 40.17 40.21 40.21 40.19 40.18 40.2 40.2 40.18 40.12 40.07 40.05 40.04 40.01 39.95 39.86 39.78 39.84 40.07 40.17 40.24 40.23 40.24 40.26 40.25 40.2 40.15
40.24 40.23 40.21 40.23 40.25 40.22 40.17 40.18 40.2 40.18 40.1 40.05 40.03 40.04 40.03 39.98 39.94 39.88 39.77 39.7 39.78 39.92 40.03 40.1 40.14 40.14 40.13 40.15 40.18 40.23 40.24 40.22 40.21 40.2 40.21 40.22 40.22 40.24 40.28 40.3 40.34 40.4 40.41 40.39 40.34 40.26 40.21 40.2 40.15 40.1 40.1 40.12 40.16 40.2 40.22 40.21 40.2 40.19 40.2 40.18 40.14 40.09 40.05 40.04 40.02 39.97 39.91 39.83 39.84 40 40.13 40.24 40.24 40.25 40.26 40.27 40.24 40.17
40.23 40.22 40.21 40.21 40.22 40.2 40.18 40.18 40.2 40.18 40.12 40.07 40.05 40.05 40.05 40 39.94 39.89 39.79 39.69 39.71 39.83 39.98 40.06 40.13 40.17 40.15 40.14 40.16 40.21 40.23 40.21 40.2 40.21 40.22 40.23 40.21 40.22 40.28 40.32 40.35 40.38 40.41 40.41 40.37 40.29 40.24 40.21 40.15 40.12 40.11 40.11 40.14 40.18 40.2 40.2 40.2 40.19 40.18 40.18 40.15 40.11 40.08 40.06 40.03 39.98 39.93 39.83 39.8 39.9 40.05 40.21 40.22 40.23 40.26 40.29 40.27 40.21
40.23 40.22 40.2 40.19 40.19 40.2 40.18 40.17 40.18 40.17 40.12 40.08 40.06 40.06 40.06 40.04 39.98 39.92 39.84 39.76 39.71 39.77 39.95 40.04 40.11 40.19 40.19 40.18 40.18 40.21 40.24 40.26 40.25 40.24 40.23 40.23 40.22 40.22 40.25 40.29 40.35 40.38 40.42 40.43 40.39 40.32 40.27 40.24 40.19 40.15 40.12 40.11 40.12 40.17 40.2 40.2 40.19 40.18 40.17 40.18 40.16 40.13 40.1 40.06 40.04 40.01 39.96 39.85 39.76 39.76 39.93 40.17 40.21 40.23 40.25 40.27 40.26 40.22
40.24 40.23 40.21 40.19 40.18 40.19 40.18 40.15 40.15 40.15 40.13 40.1 40.09 40.06 40.05 40.06 40.03 39.95 39.89 39.83 39.76 39.77 39.94 40.02 40.08 40.17 40.21 40.19 40.19 40.2 40.22 40.24 40.23 40.22 40.23 40.24 40.23 40.22 40.23 40.27 40.33 40.36 40.39 40.4 40.39 40.34 40.28 40.26 40.23 40.18 40.12 40.1 40.11 40.15 40.18 40.18 40.19 40.19 40.18 40.18 40.19 40.17 40.14 40.09 40.05 40.05 40.02 39.92 39.73 39.58 39.8 40.15 40.19 40.22 40.23 40.24 40.25 40.24
40.26 40.24 40.22 40.2 40.17 40.19 40.19 40.16 40.15 40.15 40.14 40.13 40.12 40.08 40.05 40.08 40.05 39.97 39.89 39.84 39.77 39.76 39.93 40.03 40.08 40.16 40.19 40.18 40.17 40.16 40.2 40.23 40.22 40.21 40.21 40.22 40.22 40.23 40.24 40.27 40.32 40.33 40.35 40.37 40.4 40.37 40.3 40.28 40.24 40.18 40.13 40.09 40.07 40.12 40.16 40.17 40.18 40.2 40.19 40.18 40.2 40.2 40.17 40.1 40.06 40.05 40.03 39.95 39.72 39.5 39.75 40.15 40.2 40.23 40.24 40.25 40.24 40.25
40.26 40.24 40.22 40.21 40.2 40.21 40.19 40.16 40.15 40.14 40.13 40.13 40.13 40.1 40.07 40.1 40.08 39.99 39.91 39.84 39.78 39.75 39.88 39.99 40.04 40.13 40.19 40.21 40.18 40.16 40.2 40.22 40.22 40.21 40.21 40.21 40.22 40.24 40.26 40.27 40.29 40.3 40.32 40.35 40.41 40.39 40.34 40.3 40.25 40.2 40.16 40.11 40.07 40.11 40.17 40.17 40.18 40.19 40.19 40.19 40.2 40.19 40.16 40.1 40.06 40.05 40.03 39.97 39.82 39.66 39.84 40.13 40.2 40.25 40.25 40.24 40.23 40.23
40.25 40.24 40.22 40.21 40.22 40.23 40.19 40.15 40.13 40.12 40.15 40.16 40.14 40.1 40.09 40.09 40.07 40.01 39.92 39.85 39.8 39.74 39.79 39.89 39.97 40.1 40.18 40.21 40.19 40.17 40.2 40.21 40.21 40.2 40.19 40.2 40.22 40.23 40.24 40.25 40.27 40.29 40.32 40.36 40.42 40.42 40.38 40.35 40.29 40.24 40.21 40.16 40.1 40.09 40.12 40.16 40.17 40.16 40.17 40.19 40.2 40.21 40.18 40.12 40.08 40.07 40.04 39.98 39.89 39.8 39.85 39.99 40.13 40.21 40.23 40.23 40.24 40.23
40.24 40.23 40.21 40.19 40.2 40.22 40.2 40.18 40.16 40.14 40.17 40.18 40.15 40.12 40.12 40.1 40.08 40.01 39.91 39.85 39.82 39.73 39.69 39.77 39.9 40.06 40.15 40.17 40.17 40.18 40.19 40.19 40.2 40.21 40.18 40.2 40.23 40.24 40.24 40.24 40.25 40.29 40.34 40.38 40.43 40.43 40.42 40.39 40.32 40.27 40.26 40.2 40.11 40.07 40.09 40.13 40.16 40.17 40.18 40.18 40.18 40.18 40.18 40.15 40.08 40.05 40.03 40 39.95 39.87 39.8 39.83 40.01 40.13 40.2 40.24 40.27 40.25
40.23 40.24 40.21 40.18 40.19 40.2 40.21 40.21 40.19 40.16 40.17 40.18 40.17 40.16 40.15 40.11 40.09 40.03 39.94 39.87 39.85 39.76 39.66 39.71 39.84 40 40.09 40.13 40.16 40.17 40.18 40.17 40.19 40.2 40.19 40.21 40.24 40.25 40.25 40.24 40.25 40.3 40.36 40.4 40.43 40.42 40.42 40.39 40.32 40.27 40.26 40.23 40.14 40.1 40.1 40.13 40.16 40.18 40.18 40.18 40.16 40.14 40.16 40.16 40.09 40.03 40.02 40.01 39.97 39.92 39.78 39.77 39.95 40.07 40.18 40.23 40.26 40.25
40.23 40.23 40.22 40.2 40.2 40.21 40.22 40.22 40.2 40.17 40.17 40.17 40.18 40.18 40.16 40.12 40.1 40.05 39.97 39.91 39.87 39.79 39.71 39.72 39.81 39.93 40.03 40.08 40.15 40.17 40.17 40.16 40.17 40.2 40.2 40.21 40.23 40.25 40.24 40.24 40.25 40.3 40.35 40.39 40.42 40.42 40.43 40.41 40.32 40.26 40.25 40.22 40.15 40.11 40.11 40.14 40.18 40.19 40.2 40.19 40.16 40.14 40.15 40.15 40.1 40.04 40.02 40 39.97 39.93 39.77 39.71 39.87 40 40.16 40.21 40.24 40.25
40.22 40.22 40.23 40.22 40.22 40.21 40.19 40.17 40.18 40.19 40.19 40.18 40.18 40.18 40.17 40.12 40.09 40.05 40.02 39.97 39.9 39.82 39.75 39.74 39.75 39.84 39.95 40.02 40.13 40.17 40.18 40.14 40.15 40.21 40.23 40.22 40.23 40.24 40.24 40.25 40.27 40.3 40.33 40.38 40.41 40.43 40.44 40.42 40.35 40.28 40.26 40.24 40.19 40.14 40.13 40.12 40.16 40.19 40.2 40.2 40.19 40.16 40.17 40.16 40.11 40.07 40.03 40 40 39.96 39.78 39.66 39.76 39.92 40.14 40.21 40.24 40.24
40.23 40.23 40.24 40.24 40.22 40.19 40.16 40.15 40.16 40.18 40.2 40.21 40.19 40.16 40.14 40.12 40.09 40.07 40.08 40.03 39.93 39.84 39.79 39.74 39.7 39.8 39.91 39.98 40.1 40.15 40.14 40.12 40.14 40.22 40.27 40.25 40.23 40.23 40.23 40.25 40.28 40.29 40.32 40.35 40.38 40.43 40.43 40.41 40.35 40.29 40.26 40.24 40.21 40.16 40.13 40.12 40.15 40.19 40.19 40.19 40.17 40.16 40.17 40.19 40.15 40.11 40.05 40.02 40.02 40 39.88 39.73 39.69 39.83 40.1 40.22 40.25 40.24
40.21 40.21 40.25 40.26 40.24 40.2 40.19 40.17 40.18 40.2 40.2 40.22 40.19 40.15 40.13 40.12 40.12 40.12 40.11 40.05 39.94 39.86 39.82 39.76 39.72 39.85 39.96 40 40.08 40.13 40.14 40.15 40.17 40.21 40.25 40.24 40.22 40.23 40.24 40.25 40.28 40.29 40.3 40.32 40.37 40.42 40.42 40.4 40.35 40.29 40.26 40.24 40.23 40.19 40.16 40.12 40.15 40.19 40.19 40.16 40.15 40.15 40.16 40.19 40.18 40.15 40.09 40.04 40.02 40.02 39.98 39.83 39.67 39.72 39.96 40.17 40.24 40.23
40.21 40.22 40.25 40.26 40.24 40.22 40.21 40.2 40.21 40.2 40.2 40.19 40.15 40.13 40.12 40.11 40.14 40.12 40.07 40.03 39.95 39.87 39.83 39.78 39.75 39.89 40.02 40.03 40.07 40.14 40.18 40.18 40.19 40.19 40.21 40.22 40.22 40.23 40.23 40.25 40.27 40.27 40.28 40.32 40.39 40.44 40.44 40.42 40.37 40.3 40.28 40.27 40.26 40.23 40.18 40.13 40.14 40.16 40.16 40.15 40.16 40.17 40.15 40.15 40.17 40.16 40.13 40.08 40.05 40.03 40 39.89 39.74 39.68 39.8 40.1 40.22 40.23
40.22 40.24 40.25 40.24 40.24 40.24 40.22 40.21 40.22 40.21 40.2 40.17 40.14 40.12 40.11 40.12 40.14 40.1 40.03 40 39.95 39.88 39.85 39.8 39.76 39.88 40.02 40.02 40.05 40.15 40.18 40.17 40.17 40.19 40.21 40.23 40.22 40.22 40.22 40.25 40.26 40.25 40.26 40.3 40.37 40.42 40.42 40.41 40.38 40.33 40.31 40.29 40.27 40.24 40.19 40.14 40.11 40.12 40.14 40.16 40.18 40.18 40.15 40.13 40.15 40.16 40.15 40.09 40.06 40.05 40 39.95 39.88 39.73 39.74 40.05 40.17 40.2
40.22 40.24 40.24 40.23 40.24 40.25 40.23 40.23 40.24 40.24 40.23 40.21 40.17 40.16 40.15 40.16 40.16 40.11 40.05 40.02 39.97 39.91 39.89 39.85 39.77 39.8 39.92 39.97 40.03 40.14 40.15 40.14 40.17 40.19 40.2 40.22 40.2 40.18 40.2 40.24 40.26 40.24 40.25 40.29 40.35 40.4 40.39 40.38 40.37 40.36 40.33 40.29 40.26 40.24 40.2 40.15 40.12 40.12 40.14 40.17 40.17 40.17 40.13 40.12 40.15 40.17 40.16 40.09 40.07 40.05 40.01 39.99 39.96 39.8 39.77 40.02 40.12 40.17
40.21 40.23 40.23 40.22 40.24 40.26 40.23 40.23 40.23 40.23 40.23 40.22 40.19 40.16 40.16 40.17 40.17 40.12 40.09 40.07 40 39.93 39.91 39.86 39.78 39.72 39.79 39.92 40.01 40.08 40.11 40.14 40.17 40.17 40.19 40.2 40.18 40.15 40.18 40.24 40.26 40.25 40.26 40.28 40.33 40.37 40.37 40.36 40.36 40.38 40.35 40.29 40.27 40.27 40.24 40.17 40.13 40.13 40.15 40.17 40.16 40.16 40.15 40.15 40.17 40.18 40.15 40.12 40.11 40.08 40.04 40.04 40 39.85 39.79 39.95 40.06 40.16
40.21 40.22 40.21 40.21 40.24 40.26 40.23 40.22 40.22 40.19 40.18 40.18 40.16 40.15 40.15 40.16 40.17 40.14 40.1 40.07 40.01 39.95 39.92 39.86 39.79 39.72 39.73 39.86 39.98 40.02 40.05 40.13 40.18 40.18 40.18 40.2 40.19 40.19 40.2 40.23 40.25 40.26 40.27 40.28 40.31 40.34 40.36 40.39 40.39 40.4 40.38 40.33 40.3 40.29 40.23 40.15 40.1 40.12 40.15 40.16 40.16 40.17 40.18 40.16 40.16 40.16 40.14 40.12 40.12 40.08 40.04 40.03 40 39.87 39.75 39.79 39.96 40.17
40.21 40.22 40.19 40.2 40.24 40.26 40.24 40.23 40.22 40.19 40.16 40.17 40.17 40.16 40.16 40.17 40.17 40.13 40.07 40.03 40 39.99 39.94 39.87 39.82 39.76 39.73 39.79 39.95 40.01 40.03 40.09 40.16 40.2 40.19 40.19 40.22 40.24 40.23 40.22 40.24 40.26 40.27 40.28 40.3 40.32 40.36 40.4 40.42 40.42 40.41 40.37 40.32 40.29 40.21 40.13 40.1 40.11 40.14 40.16 40.17 40.17 40.18 40.16 40.14 40.14 40.13 40.1 40.09 40.07 40.05 40.03 40.01 39.9 39.74 39.68 39.87 40.15
40.22 40.23 40.19 40.19 40.23 40.26 40.26 40.24 40.22 40.21 40.18 40.19 40.2 40.17 40.17 40.18 40.18 40.15 40.1 40.03 39.99 40.01 39.97 39.9 39.84 39.81 39.74 39.75 39.93 40.01 40.02 40.06 40.13 40.17 40.17 40.17 40.21 40.24 40.23 40.23 40.25 40.25 40.24 40.25 40.27 40.3 40.36 40.41 40.43 40.43 40.42 40.39 40.34 40.29 40.2 40.15 40.14 40.15 40.15 40.15 40.16 40.16 40.17 40.18 40.16 40.15 40.11 40.07 40.06 40.05 40.05 40.04 40.03 39.97 39.78 39.62 39.79 40.11
40.22 40.24 40.22 40.2 40.22 40.26 40.27 40.25 40.22 40.21 40.19 40.2 40.2 40.18 40.18 40.2 40.21 40.19 40.16 40.08 40.02 40.01 39.98 39.91 39.86 39.84 39.77 39.75 39.9 39.99 40.02 40.08 40.12 40.11 40.11 40.13 40.19 40.22 40.22 40.24 40.27 40.26 40.24 40.25 40.27 40.3 40.35 40.4 40.43 40.42 40.42 40.4 40.35 40.3 40.24 40.19 40.18 40.17 40.14 40.12 40.13 40.14 40.16 40.18 40.17 40.15 40.11 40.06 40.05 40.05 40.05 40.02 40.04 40.04 39.86 39.67 39.73 39.97
40.21 40.22 40.21 40.2 40.22 40.25 40.27 40.26 40.22 40.19 40.2 40.2 40.2 40.2 40.2 40.21 40.22 40.2 40.18 40.13 40.06 40.01 39.99 39.94 39.88 39.85 39.8 39.77 39.88 40 40.02 40.09 40.14 40.12 40.09 40.1 40.17 40.2 40.22 40.24 40.26 40.26 40.26 40.27 40.28 40.31 40.36 40.38 40.39 40.4 40.42 40.42 40.39 40.35 40.29 40.25 40.22 40.18 40.14 40.11 40.12 40.14 40.16 40.18 40.18 40.16 40.12 40.09 40.08 40.05 40.02 40 40.03 40.05 39.95 39.8 39.73 39.86
40.21 40.22 40.22 40.22 40.22 40.25 40.28 40.27 40.22 40.18 40.19 40.21 40.22 40.22 40.21 40.2 40.21 40.2 40.17 40.13 40.09 40.04 40.03 39.98 39.9 39.87 39.84 39.78 39.85 40.01 40.04 40.09 40.13 40.14 40.12 40.12 40.17 40.19 40.21 40.24 40.26 40.25 40.24 40.27 40.29 40.31 40.36 40.37 40.37 40.38 40.41 40.42 40.41 40.38 40.34 40.31 40.26 40.19 40.14 40.12 40.14 40.15 40.15 40.17 40.18 40.15 40.13 40.14 40.13 40.06 40 39.99 40.02 40.06 39.99 39.87 39.79 39.87
40.22 40.24 40.25 40.23 40.22 40.25 40.27 40.25 40.21 40.17 40.18 40.2 40.22 40.23 40.21 40.2 40.2 40.2 40.19 40.16 40.11 40.05 40.05 39.99 39.9 39.87 39.86 39.78 39.76 39.93 40.06 40.12 40.13 40.14 40.14 40.15 40.19 40.2 40.2 40.23 40.27 40.25 40.24 40.28 40.32 40.32 40.34 40.35 40.33 40.34 40.38 40.41 40.42 40.4 40.35 40.33 40.28 40.2 40.15 40.12 40.13 40.14 40.14 40.15 40.17 40.14 40.12 40.13 40.13 40.08 40.03 40.02 40.04 40.07 40.03 39.96 39.83 39.84
40.21 40.24 40.25 40.23 40.22 40.24 40.24 40.23 40.23 40.19 40.2 40.21 40.22 40.22 40.22 40.2 40.18 40.2 40.21 40.21 40.14 40.06 40.04 40 39.92 39.88 39.86 39.78 39.67 39.78 40.03 40.12 40.12 40.12 40.11 40.13 40.16 40.17 40.19 40.24 40.28 40.27 40.25 40.28 40.31 40.31 40.32 40.33 40.32 40.33 40.36 40.4 40.42 40.41 40.34 40.3 40.27 40.22 40.18 40.14 40.14 40.14 40.15 40.16 40.15 40.14 40.12 40.1 40.1 40.09 40.07 40.05 40.04 40.03 40.03 40 39.84 39.76
40.21 40.22 40.22 40.21 40.2 40.22 40.22 40.23 40.25 40.23 40.22 40.23 40.24 40.23 40.23 40.2 40.15 40.16 40.19 40.23 40.19 40.13 40.07 40 39.94 39.9 39.86 39.81 39.73 39.77 39.95 40.07 40.08 40.08 40.08 40.11 40.13 40.15 40.19 40.25 40.29 40.28 40.26 40.27 40.26 40.27 40.3 40.31 40.33 40.34 40.36 40.4 40.41 40.38 40.32 40.27 40.26 40.24 40.19 40.15 40.14 40.14 40.15 40.16 40.15 40.14 40.13 40.12 40.1 40.09 40.08 40.03 40.01 39.99 40.01 40 39.87 39.74
40.19 40.18 40.19 40.19 40.18 40.18 40.19 40.22 40.24 40.23 40.22 40.21 40.23 40.23 40.24 40.22 40.16 40.16 40.19 40.23 40.21 40.15 40.09 40.02 39.98 39.94 39.88 39.85 39.8 39.78 39.88 40.02 40.03 40.05 40.09 40.12 40.12 40.13 40.19 40.26 40.29 40.28 40.27 40.27 40.24 40.25 40.29 40.31 40.33 40.33 40.34 40.39 40.4 40.36 40.28 40.2 40.22 40.23 40.19 40.15 40.12 40.12 40.13 40.13 40.14 40.15 40.13 40.11 40.11 40.11 40.09 40.06 40.03 39.98 39.97 39.99 39.93 39.77
40.17 40.14 40.15 40.18 40.17 40.15 40.17 40.2 40.22 40.22 40.21 40.2 40.21 40.22 40.24 40.23 40.21 40.2 40.21 40.23 40.22 40.18 40.11 40.05 40.05 40 39.92 39.87 39.8 39.77 39.84 39.99 40.01 40.05 40.11 40.15 40.14 40.15 40.2 40.24 40.24 40.24 40.26 40.29 40.26 40.24 40.27 40.3 40.31 40.29 40.29 40.34 40.37 40.37 40.27 40.16 40.17 40.22 40.21 40.18 40.15 40.12 40.12 40.11 40.12 40.14 40.16 40.14 40.12 40.14 40.12 40.08 40.04 39.98 39.96 39.98 39.98 39.85
40.16 40.12 40.14 40.17 40.17 40.15 40.17 40.21 40.22 40.21 40.2 40.2 40.22 40.21 40.22 40.23 40.24 40.23 40.21 40.23 40.23 40.2 40.12 40.06 40.08 40.05 39.96 39.88 39.81 39.77 39.82 39.94 40 40.06 40.15 40.18 40.16 40.19 40.22 40.23 40.22 40.2 40.22 40.28 40.28 40.25 40.26 40.27 40.28 40.27 40.29 40.32 40.36 40.38 40.31 40.23 40.22 40.22 40.21 40.18 40.16 40.13 40.12 40.12 40.13 40.14 40.15 40.13 40.11 40.14 40.12 40.07 40.06 40.02 39.99 40.01 40.02 39.9
40.18 40.15 40.16 40.19 40.21 40.21 40.21 40.2 40.19 40.19 40.18 40.19 40.22 40.22 40.21 40.23 40.26 40.23 40.2 40.23 40.24 40.21 40.12 40.06 40.09 40.08 40 39.89 39.84 39.8 39.79 39.87 39.97 40.04 40.14 40.18 40.18 40.2 40.23 40.24 40.25 40.23 40.22 40.25 40.26 40.27 40.26 40.26 40.27 40.3 40.33 40.35 40.36 40.38 40.37 40.35 40.3 40.25 40.23 40.2 40.16 40.12 40.12 40.13 40.12 40.11 40.11 40.12 40.12 40.13 40.12 40.1 40.08 40.03 40 40.01 40.03 39.94
40.23 40.21 40.2 40.2 40.23 40.24 40.22 40.19 40.18 40.18 40.2 40.22 40.23 40.22 40.2 40.21 40.24 40.21 40.17 40.22 40.25 40.22 40.14 40.08 40.08 40.09 40.04 39.92 39.86 39.83 39.76 39.77 39.91 40 40.09 40.1 40.14 40.2 40.25 40.27 40.28 40.28 40.26 40.24 40.24 40.26 40.26 40.24 40.26 40.29 40.32 40.34 40.36 40.38 40.4 40.41 40.36 40.29 40.27 40.25 40.19 40.14 40.14 40.13 40.1 40.07 40.09 40.11 40.14 40.14 40.13 40.13 40.1 40.03 40 40 40.01 39.98
40.25 40.23 40.21 40.2 40.23 40.26 40.23 40.2 40.19 40.19 40.21 40.22 40.21 40.2 40.19 40.22 40.24 40.21 40.16 40.2 40.26 40.24 40.16 40.09 40.07 40.1 40.09 39.95 39.87 39.85 39.75 39.67 39.8 39.97 40.06 40.05 40.11 40.2 40.23 40.24 40.26 40.27 40.26 40.24 40.24 40.26 40.25 40.24 40.25 40.27 40.3 40.32 40.33 40.37 40.39 40.4 40.36 40.31 40.28 40.26 40.21 40.17 40.15 40.14 40.11 40.08 40.11 40.13 40.15 40.15 40.13 40.12 40.1 40.07 40.05 40.04 40.01 39.99
