slabs/66.grd
DSAA
631 301
645780 646410
4947500 4947800
38.6 48.06
[rows 34 to 67 of 301, columns 390 to 467 of 631]
40.12 40.12 40.13 40.14 40.14 40.14 40.13 40.11 40.09 40.09 40.08 40.07 40.11 40.14 40.15 40.17 40.19 40.19 40.2 40.21 40.2 40.19 40.17 40.15 40.13 40.11 40.09 40.07 40.04 40.04 40.06 40.04 40.03 40.04 40.06 40.03 39.97 39.97 39.98 39.97 39.95 39.95 39.94 39.92 39.9 39.88 39.77 39.47 39.18 39.35 39.74 39.89 39.92 39.93 39.91 39.9 39.92 39.95 39.94 39.94 39.93 39.94 39.94 39.92 39.93 39.95 39.95 39.96 39.97 39.98 40 40.01 40 40 40.01 40.01 39.99 39.95
40.1 40.11 40.13 40.16 40.15 40.14 40.13 40.12 40.09 40.08 40.06 40.05 40.08 40.11 40.13 40.16 40.19 40.19 40.19 40.22 40.22 40.19 40.18 40.16 40.15 40.13 40.09 40.09 40.09 40.09 40.08 40.05 40.03 40.03 40.04 40.04 39.99 39.99 40 39.96 39.95 39.94 39.94 39.92 39.89 39.88 39.77 39.54 39.3 39.31 39.65 39.84 39.89 39.92 39.92 39.91 39.92 39.95 39.95 39.95 39.96 39.96 39.95 39.95 39.95 39.94 39.95 39.96 39.96 39.99 40.01 40 39.99 39.99 39.99 40.01 40.01 39.96
40.08 40.1 40.12 40.14 40.15 40.15 40.15 40.13 40.12 40.11 40.08 40.05 40.06 40.08 40.12 40.18 40.2 40.2 40.21 40.23 40.23 40.23 40.21 40.17 40.16 40.14 40.12 40.13 40.13 40.13 40.1 40.06 40.05 40.03 40.01 40.03 40.01 40.01 40.01 39.98 39.96 39.95 39.93 39.92 39.91 39.89 39.78 39.6 39.41 39.28 39.54 39.81 39.87 39.92 39.92 39.93 39.95 39.96 39.95 39.95 39.96 39.98 39.97 39.96 39.95 39.95 39.95 39.95 39.96 39.99 40.02 40.01 40 39.99 39.98 39.99 40 39.98
40.1 40.12 40.11 40.11 40.13 40.16 40.15 40.13 40.14 40.13 40.1 40.06 40.06 40.08 40.11 40.16 40.18 40.2 40.22 40.22 40.22 40.23 40.22 40.18 40.16 40.14 40.13 40.13 40.14 40.13 40.11 40.07 40.07 40.03 39.99 40.01 40.01 40.01 40 39.99 39.98 39.96 39.93 39.92 39.92 39.91 39.82 39.69 39.52 39.31 39.45 39.73 39.83 39.91 39.92 39.93 39.95 39.97 39.97 39.98 39.97 39.97 39.98 39.95 39.95 39.96 39.94 39.94 39.96 39.97 39.98 40 40.02 40.01 39.99 39.99 40 39.99
40.14 40.14 40.13 40.11 40.12 40.16 40.16 40.16 40.16 40.12 40.09 40.05 40.06 40.09 40.11 40.15 40.18 40.19 40.2 40.22 40.23 40.22 40.19 40.17 40.16 40.15 40.14 40.13 40.13 40.14 40.13 40.08 40.07 40.03 40 40 40.02 40.02 40 39.99 39.98 39.97 39.94 39.92 39.91 39.91 39.87 39.81 39.7 39.46 39.42 39.64 39.77 39.89 39.93 39.93 39.94 39.96 39.98 39.99 39.98 39.97 39.97 39.95 39.94 39.96 39.92 39.94 39.97 39.96 39.97 39.99 40.03 40.01 39.98 39.98 39.99 39.98
40.16 40.18 40.17 40.12 40.11 40.14 40.16 40.18 40.17 40.14 40.11 40.06 40.05 40.07 40.1 40.15 40.17 40.18 40.19 40.22 40.23 40.22 40.19 40.17 40.16 40.16 40.15 40.12 40.12 40.13 40.14 40.09 40.07 40.04 40 39.98 40 40.03 40 39.99 39.98 39.97 39.94 39.9 39.91 39.93 39.92 39.91 39.85 39.62 39.46 39.59 39.73 39.89 39.96 39.97 39.96 39.94 39.95 39.95 39.97 39.97 39.95 39.95 39.95 39.96 39.96 39.97 39.97 39.96 39.96 39.98 40.01 40.02 40.01 40 39.99 39.98
40.16 40.19 40.17 40.12 40.11 40.13 40.15 40.16 40.16 40.15 40.12 40.07 40.02 40.02 40.06 40.11 40.14 40.16 40.2 40.21 40.2 40.2 40.2 40.19 40.18 40.17 40.15 40.13 40.11 40.12 40.13 40.1 40.07 40.06 40.01 39.98 40 40.02 40.01 39.99 39.97 39.96 39.95 39.92 39.92 39.95 39.94 39.94 39.9 39.71 39.47 39.42 39.62 39.88 39.96 39.97 39.96 39.95 39.94 39.94 39.94 39.95 39.93 39.95 39.95 39.95 39.98 39.98 39.95 39.94 39.95 39.97 40 40.01 40.02 40.01 39.99 39.99
40.15 40.15 40.14 40.12 40.11 40.12 40.14 40.17 40.17 40.16 40.14 40.08 40.04 40.03 40.04 40.08 40.12 40.14 40.18 40.2 40.19 40.19 40.21 40.2 40.2 40.19 40.15 40.13 40.1 40.1 40.11 40.1 40.1 40.09 40.05 40.01 40.01 40.01 40.02 40 39.98 39.96 39.97 39.96 39.95 39.93 39.94 39.95 39.91 39.77 39.45 39.22 39.45 39.83 39.94 39.95 39.95 39.96 39.96 39.95 39.93 39.94 39.93 39.94 39.95 39.94 39.97 39.96 39.94 39.94 39.94 39.96 39.99 40 40 40 40 40
40.16 40.15 40.14 40.11 40.1 40.12 40.15 40.18 40.2 40.18 40.14 40.08 40.05 40.06 40.07 40.07 40.11 40.14 40.17 40.19 40.19 40.19 40.2 40.2 40.2 40.18 40.15 40.12 40.1 40.09 40.1 40.11 40.11 40.1 40.07 40.03 40 39.99 40.02 40.02 40 40 39.99 39.96 39.94 39.93 39.94 39.97 39.93 39.82 39.59 39.34 39.41 39.72 39.9 39.92 39.94 39.95 39.94 39.94 39.94 39.96 39.96 39.95 39.93 39.93 39.93 39.93 39.94 39.94 39.93 39.95 39.99 40.01 40 39.99 39.99 39.99
40.15 40.13 40.13 40.13 40.12 40.14 40.17 40.18 40.2 40.19 40.14 40.1 40.07 40.08 40.09 40.09 40.12 40.13 40.16 40.18 40.19 40.19 40.19 40.2 40.21 40.19 40.15 40.11 40.1 40.11 40.12 40.13 40.12 40.09 40.07 40.06 40.03 40 40.01 40 40 40.02 40 39.97 39.94 39.92 39.95 39.97 39.94 39.86 39.77 39.57 39.41 39.61 39.87 39.91 39.94 39.95 39.94 39.94 39.95 39.97 39.99 39.96 39.92 39.93 39.93 39.94 39.95 39.95 39.94 39.94 39.98 40.01 39.99 39.98 40 40
40.14 40.14 40.15 40.16 40.15 40.15 40.16 40.17 40.17 40.17 40.14 40.1 40.09 40.09 40.1 40.1 40.13 40.13 40.14 40.17 40.19 40.19 40.2 40.23 40.24 40.22 40.18 40.14 40.13 40.12 40.13 40.14 40.13 40.11 40.1 40.1 40.06 40.01 40 40 40.01 40 39.99 39.98 39.95 39.94 39.96 39.96 39.94 39.89 39.83 39.67 39.42 39.51 39.79 39.88 39.96 39.96 39.94 39.94 39.95 39.97 39.99 39.97 39.93 39.94 39.96 39.96 39.96 39.96 39.96 39.95 39.96 39.99 39.98 39.99 40.02 40.03
40.14 40.15 40.17 40.17 40.17 40.16 40.15 40.15 40.15 40.16 40.14 40.11 40.11 40.1 40.09 40.1 40.13 40.13 40.14 40.18 40.2 40.17 40.18 40.22 40.22 40.2 40.18 40.17 40.14 40.11 40.11 40.1 40.1 40.1 40.1 40.1 40.06 40.01 40 40.01 40 39.99 40 39.99 39.97 39.95 39.95 39.95 39.94 39.91 39.86 39.72 39.43 39.43 39.68 39.81 39.95 39.97 39.94 39.94 39.96 39.97 39.97 39.97 39.96 39.96 39.98 39.97 39.97 39.97 39.97 39.95 39.95 39.97 39.98 40 40.02 40
40.14 40.15 40.16 40.17 40.18 40.17 40.15 40.16 40.18 40.18 40.17 40.14 40.14 40.12 40.1 40.11 40.14 40.14 40.15 40.18 40.17 40.14 40.13 40.16 40.18 40.17 40.14 40.14 40.13 40.11 40.12 40.1 40.1 40.09 40.08 40.09 40.06 40.01 40 40 40 40 40.01 40 39.98 39.95 39.93 39.93 39.92 39.9 39.87 39.76 39.49 39.39 39.59 39.73 39.91 39.96 39.96 39.96 39.97 39.98 39.98 39.98 39.96 39.94 39.96 39.97 39.96 39.95 39.95 39.95 39.94 39.94 39.97 40.01 40.02 40.02
40.12 40.14 40.16 40.17 40.19 40.17 40.13 40.16 40.2 40.21 40.22 40.19 40.17 40.14 40.11 40.11 40.12 40.14 40.12 40.11 40.12 40.09 40.1 40.14 40.16 40.16 40.15 40.15 40.12 40.09 40.11 40.12 40.11 40.1 40.08 40.06 40.05 40.03 40 40 40.01 40 40 40.01 40 39.96 39.93 39.93 39.92 39.89 39.86 39.81 39.61 39.4 39.4 39.56 39.82 39.95 40 39.97 39.95 39.97 39.98 39.97 39.95 39.93 39.94 39.95 39.95 39.95 39.96 39.97 39.95 39.92 39.95 40.01 40.03 40.05
40.11 40.13 40.16 40.17 40.16 40.13 40.08 40.12 40.21 40.23 40.25 40.22 40.19 40.17 40.13 40.1 40.09 40.07 40.05 40.02 40.01 39.99 40.05 40.12 40.15 40.15 40.12 40.12 40.1 40.07 40.1 40.12 40.12 40.12 40.09 40.06 40.05 40.04 40.01 40.01 40.02 40.01 40.01 40.01 40 39.99 39.95 39.95 39.94 39.91 39.88 39.86 39.75 39.42 39.15 39.35 39.74 39.92 39.97 39.94 39.91 39.95 39.96 39.95 39.98 39.99 39.97 39.93 39.92 39.94 39.95 39.96 39.96 39.94 39.96 40 40.03 40.04
40.14 40.14 40.15 40.13 40.07 40.05 40.06 40.13 40.21 40.24 40.24 40.22 40.2 40.15 40.1 40.07 40.03 39.97 39.95 39.92 39.9 39.88 39.96 40.05 40.1 40.13 40.09 40.09 40.08 40.06 40.07 40.1 40.11 40.12 40.11 40.08 40.06 40.05 40.03 40.02 40.03 40.01 40 39.98 39.98 39.99 39.96 39.95 39.95 39.93 39.89 39.89 39.83 39.51 39.15 39.34 39.73 39.9 39.92 39.92 39.93 39.96 39.97 39.97 39.99 40 39.97 39.94 39.94 39.94 39.94 39.96 39.97 39.96 39.96 40 40.03 40.04
40.13 40.13 40.14 40.12 40.05 40.08 40.15 40.19 40.21 40.21 40.2 40.18 40.15 40.08 40.02 40 39.96 39.9 39.87 39.87 39.86 39.86 39.91 39.98 40.06 40.12 40.09 40.07 40.07 40.05 40.04 40.06 40.1 40.11 40.11 40.1 40.07 40.07 40.05 40.03 40.02 40.02 39.99 39.97 39.97 40 39.99 39.97 39.94 39.92 39.9 39.89 39.87 39.69 39.43 39.39 39.66 39.9 39.96 39.98 39.96 39.98 39.98 39.98 39.98 39.97 39.97 39.96 39.96 39.96 39.95 39.95 39.96 39.97 39.98 40 40.02 40.03
40.11 40.12 40.14 40.13 40.13 40.17 40.21 40.19 40.18 40.16 40.12 40.08 40.05 40.01 39.96 39.93 39.92 39.88 39.85 39.84 39.85 39.85 39.88 39.93 40.02 40.11 40.11 40.09 40.08 40.07 40.05 40.06 40.09 40.11 40.1 40.1 40.09 40.07 40.06 40.03 40.01 40.03 40.02 40 39.99 40.02 40.03 39.97 39.91 39.91 39.9 39.88 39.87 39.85 39.65 39.39 39.55 39.85 39.94 39.99 39.97 39.96 39.96 39.97 39.97 39.97 39.97 39.96 39.95 39.97 39.96 39.94 39.95 39.98 39.99 40 40 40.01
40.13 40.14 40.14 40.13 40.14 40.16 40.17 40.14 40.12 40.09 40.04 39.99 39.97 39.96 39.94 39.91 39.91 39.88 39.84 39.82 39.82 39.83 39.86 39.9 39.98 40.07 40.1 40.09 40.08 40.08 40.08 40.07 40.08 40.1 40.1 40.09 40.09 40.07 40.06 40.03 40 40.02 40.02 40.01 40 39.99 40.02 40 39.93 39.92 39.91 39.89 39.88 39.86 39.72 39.44 39.51 39.81 39.91 39.98 39.98 39.95 39.94 39.94 39.96 39.97 39.97 39.96 39.95 39.96 39.96 39.95 39.95 39.97 39.99 39.99 39.98 40
40.13 40.12 40.1 40.09 40.1 40.1 40.09 40.07 40.04 40 39.97 39.96 39.96 39.95 39.95 39.93 39.93 39.91 39.86 39.84 39.82 39.81 39.83 39.87 39.92 40.01 40.06 40.05 40.05 40.06 40.07 40.07 40.07 40.08 40.09 40.09 40.09 40.08 40.08 40.04 39.99 40 40.02 40.01 39.99 39.97 39.99 39.99 39.95 39.94 39.93 39.93 39.9 39.85 39.72 39.45 39.46 39.75 39.86 39.96 39.98 39.94 39.93 39.95 39.98 39.99 39.99 39.98 39.96 39.96 39.95 39.96 39.96 39.97 39.98 39.98 39.97 39.98
40.06 40.07 40.05 40.03 40.03 40.04 40.03 40 39.98 39.95 39.94 39.94 39.96 39.98 39.99 40 40.03 40.05 40.02 39.98 39.9 39.84 39.83 39.84 39.86 39.94 40.02 40.04 40.05 40.09 40.09 40.08 40.07 40.08 40.1 40.1 40.1 40.1 40.09 40.06 40.01 39.99 40.02 40.01 40 40.01 40 39.98 39.96 39.95 39.95 39.95 39.92 39.88 39.77 39.49 39.39 39.6 39.76 39.93 39.98 39.96 39.95 39.97 39.99 40 40 39.98 39.97 39.97 39.96 39.95 39.95 39.95 39.96 39.98 39.95 39.96
39.96 40.02 40 39.96 39.97 39.98 39.97 39.96 39.95 39.94 39.94 39.96 40.02 40.09 40.15 40.21 40.29 40.37 40.35 40.27 40.08 39.92 39.87 39.86 39.85 39.89 39.97 40 40.06 40.11 40.12 40.08 40.05 40.07 40.08 40.08 40.09 40.1 40.1 40.09 40.04 39.99 40 40.01 40 40.01 40 39.97 39.97 39.94 39.94 39.94 39.93 39.91 39.84 39.59 39.37 39.41 39.61 39.88 39.97 39.99 39.97 39.96 39.97 39.99 40 39.98 39.98 39.98 39.97 39.95 39.94 39.93 39.95 39.97 39.94 39.94
39.9 39.97 39.95 39.92 39.93 39.93 39.93 39.93 39.95 39.98 40.03 40.09 40.19 40.35 40.48 40.6 40.74 40.81 40.78 40.65 40.34 40.03 39.91 39.88 39.85 39.85 39.91 39.95 40.03 40.08 40.1 40.09 40.07 40.07 40.06 40.07 40.08 40.09 40.1 40.11 40.05 39.99 39.98 39.99 39.99 39.98 39.96 39.96 39.96 39.92 39.91 39.92 39.93 39.93 39.89 39.74 39.47 39.32 39.49 39.81 39.94 39.96 39.96 39.94 39.93 39.95 39.99 39.98 39.98 39.99 39.98 39.96 39.95 39.95 39.96 39.97 39.96 39.95
39.84 39.89 39.91 39.9 39.91 39.93 39.95 39.96 40.01 40.13 40.25 40.36 40.55 40.79 40.94 41.04 41.19 41.22 41.17 41.02 40.63 40.18 39.96 39.91 39.86 39.86 39.9 39.95 40.03 40.08 40.09 40.09 40.09 40.08 40.07 40.07 40.08 40.1 40.1 40.1 40.05 39.99 39.98 39.99 39.98 39.97 39.96 39.97 39.97 39.92 39.92 39.93 39.95 39.96 39.95 39.88 39.71 39.48 39.45 39.72 39.9 39.92 39.95 39.94 39.93 39.95 39.98 39.99 39.99 39.98 39.97 39.96 39.94 39.95 39.97 39.98 39.98 39.98
39.8 39.84 39.89 39.91 39.93 39.98 40.07 40.15 40.26 40.49 40.67 40.81 41.05 41.25 41.32 41.35 41.4 41.4 41.37 41.23 40.84 40.33 40.04 39.96 39.89 39.88 39.9 39.96 40.05 40.08 40.09 40.1 40.1 40.1 40.09 40.09 40.09 40.1 40.1 40.09 40.06 40 40 40.01 40 40 40 40 39.99 39.97 39.95 39.94 39.95 39.97 39.97 39.93 39.88 39.69 39.49 39.69 39.89 39.92 39.94 39.93 39.93 39.95 39.99 40.02 40.02 39.99 39.95 39.94 39.94 39.95 39.97 39.98 39.98 39.99
39.81 39.84 39.92 39.98 40.02 40.15 40.33 40.49 40.7 40.98 41.14 41.24 41.37 41.41 41.38 41.36 41.36 41.4 41.41 41.33 40.99 40.47 40.13 40.01 39.9 39.88 39.89 39.95 40.04 40.06 40.07 40.09 40.11 40.12 40.1 40.08 40.09 40.1 40.11 40.1 40.07 40.03 40.02 40.01 40.02 40.02 40.03 40.02 40.01 40.01 39.99 39.96 39.95 39.95 39.94 39.91 39.88 39.73 39.49 39.61 39.84 39.91 39.95 39.93 39.92 39.94 39.99 40.02 40.02 40 39.97 39.95 39.94 39.94 39.96 39.98 39.98 39.98
39.86 39.93 40.04 40.14 40.3 40.53 40.75 40.89 41.11 41.3 41.36 41.39 41.38 41.25 41.12 41.09 41.16 41.3 41.38 41.35 41.1 40.6 40.24 40.07 39.9 39.88 39.89 39.95 40.04 40.06 40.06 40.08 40.11 40.12 40.1 40.07 40.09 40.09 40.1 40.1 40.09 40.06 40.04 40.02 40.02 40.02 40.03 40.04 40.05 40.04 40.02 39.98 39.96 39.94 39.92 39.89 39.86 39.75 39.49 39.49 39.75 39.87 39.96 39.94 39.91 39.94 39.98 40 40.02 40 39.98 39.99 39.98 39.96 39.96 39.98 39.98 39.96
40.03 40.2 40.35 40.5 40.77 41.02 41.17 41.23 41.3 41.34 41.3 41.25 41.11 40.87 40.65 40.65 40.8 41.13 41.33 41.34 41.16 40.74 40.4 40.16 39.92 39.88 39.88 39.94 40.03 40.09 40.09 40.08 40.1 40.1 40.1 40.09 40.08 40.07 40.09 40.1 40.1 40.11 40.08 40.04 40.02 40.02 40.03 40.05 40.05 40.04 40.01 39.98 39.96 39.94 39.92 39.9 39.88 39.81 39.58 39.51 39.73 39.84 39.93 39.92 39.88 39.91 39.97 40 40.01 39.99 39.98 39.99 39.99 39.97 39.96 39.96 39.96 39.94
40.39 40.65 40.8 40.93 41.17 41.3 41.33 41.31 41.23 41.07 40.94 40.83 40.66 40.49 40.35 40.33 40.51 40.95 41.26 41.31 41.2 40.91 40.63 40.27 39.97 39.88 39.88 39.91 40.01 40.11 40.12 40.11 40.1 40.1 40.11 40.1 40.08 40.08 40.08 40.1 40.11 40.11 40.1 40.05 40 40.02 40.03 40.03 40.02 40.01 39.98 39.97 39.95 39.94 39.93 39.93 39.93 39.87 39.65 39.52 39.65 39.78 39.91 39.92 39.89 39.9 39.95 40 40.01 40 39.99 39.96 39.97 39.97 39.95 39.95 39.96 39.95
40.88 41.09 41.18 41.26 41.33 41.26 41.16 41.09 40.89 40.64 40.5 40.44 40.36 40.31 40.25 40.23 40.35 40.74 41.08 41.23 41.23 41.08 40.88 40.44 40.06 39.91 39.88 39.88 39.97 40.08 40.12 40.14 40.13 40.1 40.1 40.09 40.08 40.08 40.09 40.1 40.1 40.09 40.1 40.07 40.01 40.01 40.04 40.03 40.01 40 40 39.98 39.96 39.94 39.94 39.95 39.94 39.89 39.7 39.48 39.43 39.6 39.87 39.94 39.93 39.92 39.93 39.98 40 40.01 39.98 39.94 39.96 39.99 39.96 39.96 39.97 39.97
41.26 41.32 41.33 41.33 41.22 40.95 40.77 40.65 40.45 40.28 40.22 40.25 40.3 40.31 40.27 40.23 40.25 40.42 40.72 41.09 41.26 41.22 41.06 40.63 40.19 39.96 39.9 39.86 39.93 40.02 40.08 40.13 40.13 40.11 40.1 40.09 40.08 40.1 40.11 40.11 40.1 40.11 40.1 40.06 40 40 40.04 40.04 40.02 40.01 40 39.99 39.98 39.96 39.94 39.94 39.93 39.91 39.78 39.51 39.28 39.44 39.8 39.94 39.96 39.95 39.94 39.95 39.97 40 39.99 39.95 39.97 39.99 39.97 39.96 39.96 39.97
41.36 41.29 41.24 41.2 40.97 40.58 40.34 40.25 40.15 40.12 40.13 40.19 40.31 40.34 40.31 40.24 40.19 40.18 40.41 40.93 41.23 41.27 41.15 40.77 40.31 40.04 39.95 39.87 39.9 39.99 40.05 40.12 40.13 40.12 40.12 40.1 40.1 40.11 40.12 40.12 40.11 40.1 40.09 40.04 40 40.01 40.04 40.04 40.01 40 39.99 39.99 40 39.98 39.94 39.94 39.94 39.93 39.87 39.71 39.45 39.38 39.68 39.9 39.94 39.97 39.95 39.93 39.95 40 40.03 40 40 39.99 39.96 39.97 39.98 39.98
41.2 41.09 41 40.94 40.7 40.31 40.07 40.03 40.03 40.06 40.08 40.12 40.24 40.3 40.28 40.21 40.15 40.13 40.32 40.81 41.2 41.34 41.24 40.89 40.43 40.15 40.03 39.89 39.9 39.97 40.02 40.09 40.11 40.11 40.11 40.11 40.12 40.11 40.11 40.12 40.11 40.11 40.1 40.06 40.03 40.03 40.05 40.03 40 40 40 40 40.04 40 39.95 39.94 39.94 39.93 39.92 39.88 39.7 39.43 39.56 39.87 39.94 39.98 39.97 39.94 39.96 40.01 40.04 40.03 40.02 39.99 39.97 39.99 39.99 39.97
40.86 40.78 40.67 40.6 40.41 40.12 39.97 39.96 39.98 40.02 40.02 40.05 40.15 40.2 40.2 40.16 40.11 40.09 40.25 40.7 41.18 41.42 41.34 41.01 40.56 40.25 40.1 39.93 39.9 39.9 39.96 40.06 40.12 40.12 40.1 40.09 40.12 40.12 40.11 40.13 40.13 40.14 40.12 40.09 40.09 40.07 40.06 40.03 39.99 40.02 40.03 40.02 40.05 40.01 39.96 39.94 39.93 39.93 39.93 39.91 39.77 39.48 39.52 39.83 39.93 39.99 39.99 39.97 39.98 40 40.02 40.02 40.01 39.98 39.97 39.97 39.96 39.96
