slabs/66.grd
DSAA
631 301
645780 646410
4947500 4947800
38.6 48.06
[rows 68 to 101 of 301, columns 78 to 155 of 631]
40.19 40.24 40.25 40.25 40.22 40.15 40.03 39.92 39.81 39.68 39.77 39.91 39.99 40.12 40.16 40.16 40.18 40.21 40.2 40.18 40.11 40.09 40.13 40.16 40.21 40.24 40.27 40.28 40.29 40.3 40.32 40.34 40.36 40.34 40.32 40.31 40.29 40.26 40.22 40.22 40.21 40.19 40.18 40.18 40.19 40.21 40.19 40.16 40.15 40.14 40.17 40.2 40.16 40.13 40.12 40.08 40 39.92 39.79 39.6 39.64 39.79 39.9 40.03 40.07 40.07 40.06 40.1 40.13 40.14 40.14 40.13 40.1 40.13 40.18 40.2 40.21 40.24
40.21 40.25 40.24 40.23 40.22 40.17 40.06 39.94 39.88 39.74 39.68 39.8 39.93 40.09 40.15 40.16 40.17 40.2 40.21 40.19 40.14 40.09 40.1 40.13 40.19 40.24 40.29 40.3 40.3 40.31 40.31 40.34 40.38 40.37 40.34 40.32 40.29 40.27 40.26 40.26 40.23 40.21 40.21 40.2 40.19 40.21 40.21 40.2 40.16 40.14 40.18 40.21 40.16 40.12 40.1 40.06 40 39.96 39.87 39.68 39.56 39.59 39.76 40 40.09 40.07 40.05 40.09 40.13 40.13 40.15 40.13 40.1 40.12 40.17 40.19 40.17 40.21
40.21 40.24 40.24 40.23 40.22 40.18 40.1 40.01 39.98 39.83 39.68 39.73 39.88 40.07 40.16 40.18 40.19 40.21 40.22 40.21 40.18 40.13 40.11 40.15 40.22 40.25 40.27 40.28 40.3 40.31 40.31 40.34 40.37 40.35 40.32 40.3 40.28 40.27 40.27 40.26 40.24 40.22 40.22 40.22 40.19 40.19 40.2 40.2 40.13 40.08 40.14 40.21 40.16 40.11 40.1 40.07 40.05 40.02 39.95 39.78 39.6 39.52 39.62 39.93 40.06 40.08 40.07 40.08 40.1 40.12 40.15 40.16 40.13 40.13 40.16 40.2 40.19 40.22
40.18 40.22 40.24 40.24 40.24 40.21 40.16 40.12 40.07 39.92 39.75 39.69 39.81 40.05 40.14 40.17 40.2 40.22 40.22 40.22 40.21 40.18 40.18 40.2 40.23 40.25 40.25 40.26 40.28 40.29 40.3 40.33 40.36 40.36 40.34 40.3 40.28 40.28 40.26 40.23 40.22 40.23 40.23 40.23 40.2 40.17 40.18 40.16 40.08 40.02 40.08 40.19 40.17 40.13 40.12 40.11 40.1 40.06 39.98 39.85 39.72 39.58 39.55 39.84 40.01 40.05 40.07 40.07 40.08 40.11 40.16 40.17 40.15 40.14 40.16 40.19 40.19 40.23
40.18 40.22 40.23 40.24 40.24 40.23 40.2 40.18 40.12 39.97 39.81 39.68 39.7 39.98 40.1 40.12 40.16 40.21 40.22 40.23 40.22 40.21 40.21 40.2 40.19 40.22 40.25 40.25 40.26 40.28 40.3 40.34 40.36 40.37 40.35 40.32 40.29 40.29 40.26 40.22 40.22 40.21 40.23 40.24 40.21 40.18 40.18 40.15 40.1 40.07 40.09 40.16 40.18 40.17 40.15 40.13 40.1 40.07 40 39.86 39.73 39.61 39.55 39.78 39.98 40.04 40.07 40.05 40.05 40.09 40.16 40.17 40.13 40.14 40.17 40.19 40.19 40.23
40.22 40.23 40.24 40.24 40.23 40.24 40.24 40.22 40.16 40.05 39.92 39.77 39.68 39.91 40.06 40.09 40.14 40.19 40.22 40.23 40.22 40.2 40.2 40.18 40.17 40.22 40.26 40.26 40.26 40.27 40.29 40.34 40.38 40.38 40.35 40.31 40.29 40.29 40.27 40.25 40.24 40.22 40.24 40.25 40.21 40.2 40.19 40.18 40.17 40.15 40.12 40.13 40.17 40.17 40.14 40.1 40.08 40.07 40.02 39.87 39.74 39.63 39.56 39.77 39.98 40.03 40.08 40.05 40.03 40.08 40.16 40.16 40.13 40.15 40.18 40.17 40.19 40.23
40.23 40.25 40.26 40.26 40.25 40.24 40.24 40.23 40.18 40.07 39.94 39.79 39.68 39.87 40.04 40.07 40.12 40.17 40.2 40.22 40.22 40.19 40.18 40.16 40.17 40.2 40.23 40.24 40.25 40.27 40.28 40.33 40.37 40.37 40.35 40.31 40.28 40.27 40.28 40.28 40.28 40.26 40.25 40.23 40.21 40.19 40.19 40.2 40.21 40.18 40.12 40.12 40.16 40.15 40.11 40.1 40.1 40.1 40.05 39.91 39.8 39.67 39.57 39.74 39.94 40.01 40.07 40.05 40.03 40.08 40.16 40.17 40.17 40.18 40.18 40.17 40.18 40.22
40.25 40.27 40.28 40.28 40.26 40.23 40.23 40.21 40.19 40.09 39.95 39.81 39.69 39.84 40 40.04 40.11 40.15 40.18 40.2 40.21 40.2 40.17 40.14 40.15 40.18 40.19 40.21 40.23 40.25 40.27 40.31 40.35 40.37 40.36 40.33 40.29 40.26 40.28 40.3 40.28 40.27 40.25 40.24 40.23 40.2 40.19 40.19 40.22 40.2 40.14 40.11 40.14 40.14 40.14 40.14 40.14 40.12 40.05 39.93 39.84 39.76 39.61 39.67 39.84 39.93 40.03 40.03 40.03 40.08 40.14 40.17 40.19 40.19 40.19 40.17 40.18 40.21
40.27 40.29 40.29 40.29 40.27 40.23 40.22 40.2 40.18 40.13 40.01 39.87 39.68 39.74 39.91 39.98 40.08 40.13 40.16 40.18 40.21 40.23 40.2 40.15 40.17 40.19 40.2 40.22 40.24 40.26 40.27 40.3 40.34 40.36 40.36 40.34 40.32 40.29 40.29 40.28 40.24 40.25 40.26 40.26 40.24 40.22 40.19 40.2 40.21 40.2 40.13 40.08 40.1 40.14 40.18 40.17 40.16 40.12 40.05 39.97 39.91 39.84 39.68 39.6 39.71 39.83 39.98 40.03 40.04 40.06 40.11 40.15 40.17 40.17 40.18 40.18 40.18 40.21
40.29 40.29 40.28 40.28 40.26 40.25 40.23 40.2 40.18 40.14 40.06 39.94 39.72 39.66 39.79 39.91 40.04 40.09 40.12 40.16 40.19 40.23 40.22 40.2 40.19 40.18 40.2 40.23 40.25 40.28 40.28 40.28 40.32 40.35 40.35 40.34 40.33 40.3 40.29 40.25 40.22 40.22 40.24 40.26 40.26 40.24 40.2 40.19 40.21 40.2 40.14 40.09 40.11 40.16 40.2 40.17 40.15 40.13 40.06 40 39.96 39.91 39.74 39.57 39.59 39.73 39.94 40.05 40.06 40.04 40.08 40.12 40.14 40.16 40.17 40.17 40.17 40.2
40.3 40.29 40.27 40.26 40.25 40.26 40.26 40.23 40.19 40.14 40.08 40 39.78 39.61 39.66 39.84 40.03 40.1 40.12 40.15 40.18 40.19 40.21 40.21 40.17 40.15 40.18 40.23 40.25 40.27 40.28 40.29 40.33 40.36 40.37 40.36 40.33 40.3 40.28 40.25 40.25 40.24 40.23 40.24 40.24 40.23 40.2 40.2 40.22 40.22 40.17 40.12 40.12 40.15 40.19 40.17 40.15 40.12 40.07 40.03 40 39.95 39.81 39.67 39.56 39.59 39.89 40.06 40.06 40.03 40.07 40.11 40.13 40.18 40.18 40.14 40.16 40.21
40.28 40.28 40.28 40.27 40.25 40.25 40.26 40.25 40.2 40.13 40.08 40.02 39.83 39.61 39.59 39.77 40.03 40.14 40.16 40.17 40.18 40.18 40.19 40.19 40.14 40.12 40.17 40.24 40.28 40.29 40.29 40.3 40.33 40.35 40.36 40.34 40.33 40.32 40.3 40.27 40.26 40.25 40.22 40.22 40.22 40.21 40.18 40.19 40.22 40.23 40.2 40.14 40.1 40.12 40.16 40.17 40.16 40.13 40.09 40.06 40.06 40.01 39.88 39.8 39.65 39.54 39.83 40.04 40.04 40 40.07 40.12 40.13 40.17 40.18 40.15 40.16 40.2
40.27 40.27 40.29 40.28 40.26 40.26 40.26 40.25 40.22 40.16 40.11 40.04 39.86 39.68 39.6 39.68 39.96 40.1 40.14 40.17 40.18 40.17 40.19 40.2 40.14 40.08 40.12 40.21 40.28 40.29 40.3 40.3 40.3 40.32 40.33 40.32 40.31 40.33 40.33 40.3 40.27 40.25 40.22 40.21 40.21 40.21 40.19 40.18 40.21 40.23 40.21 40.15 40.11 40.1 40.13 40.19 40.18 40.15 40.12 40.09 40.1 40.06 39.94 39.87 39.75 39.62 39.81 40 40 39.99 40.06 40.1 40.12 40.15 40.17 40.16 40.17 40.18
40.27 40.26 40.28 40.27 40.26 40.28 40.27 40.27 40.25 40.22 40.18 40.09 39.93 39.78 39.65 39.62 39.88 40.06 40.11 40.16 40.18 40.18 40.19 40.21 40.16 40.1 40.13 40.21 40.28 40.29 40.3 40.31 40.3 40.31 40.33 40.31 40.29 40.32 40.35 40.31 40.28 40.26 40.23 40.22 40.22 40.22 40.21 40.19 40.2 40.22 40.21 40.17 40.15 40.12 40.14 40.2 40.19 40.17 40.14 40.1 40.11 40.09 39.99 39.92 39.8 39.64 39.74 39.93 39.97 40.01 40.06 40.09 40.11 40.15 40.18 40.18 40.18 40.19
40.28 40.25 40.25 40.26 40.27 40.28 40.27 40.26 40.26 40.24 40.22 40.15 40.01 39.9 39.76 39.63 39.82 40.02 40.07 40.14 40.18 40.18 40.18 40.18 40.16 40.15 40.15 40.2 40.27 40.28 40.29 40.31 40.3 40.31 40.33 40.33 40.31 40.33 40.35 40.32 40.31 40.29 40.26 40.25 40.25 40.24 40.22 40.21 40.2 40.2 40.2 40.19 40.18 40.15 40.14 40.17 40.19 40.2 40.18 40.14 40.15 40.13 40.03 39.94 39.83 39.63 39.66 39.86 39.95 40.06 40.1 40.12 40.12 40.14 40.18 40.18 40.19 40.2
40.29 40.25 40.23 40.25 40.27 40.27 40.26 40.25 40.24 40.22 40.21 40.16 40.08 40.01 39.89 39.73 39.81 39.96 40.01 40.1 40.16 40.16 40.16 40.16 40.16 40.15 40.14 40.17 40.24 40.26 40.28 40.3 40.31 40.32 40.33 40.35 40.34 40.35 40.35 40.34 40.34 40.31 40.28 40.28 40.28 40.26 40.23 40.23 40.21 40.17 40.17 40.19 40.2 40.17 40.14 40.17 40.18 40.19 40.19 40.15 40.14 40.13 40.06 39.98 39.87 39.65 39.62 39.79 39.92 40.08 40.12 40.13 40.13 40.15 40.18 40.18 40.17 40.19
40.3 40.26 40.25 40.27 40.29 40.27 40.28 40.26 40.23 40.21 40.21 40.18 40.12 40.08 40 39.83 39.77 39.86 39.94 40.06 40.12 40.13 40.13 40.15 40.17 40.17 40.15 40.16 40.21 40.24 40.27 40.3 40.32 40.32 40.32 40.34 40.35 40.35 40.37 40.37 40.36 40.33 40.29 40.29 40.3 40.27 40.22 40.21 40.19 40.16 40.17 40.18 40.18 40.17 40.14 40.17 40.19 40.2 40.18 40.15 40.13 40.12 40.09 40.04 39.93 39.68 39.55 39.68 39.87 40.07 40.12 40.12 40.12 40.14 40.16 40.18 40.19 40.19
40.32 40.3 40.28 40.28 40.29 40.28 40.28 40.27 40.24 40.24 40.24 40.21 40.14 40.09 40.02 39.83 39.7 39.79 39.92 40.05 40.08 40.09 40.11 40.15 40.2 40.21 40.19 40.16 40.17 40.2 40.26 40.31 40.34 40.34 40.33 40.34 40.35 40.36 40.37 40.36 40.34 40.32 40.3 40.31 40.31 40.27 40.2 40.17 40.17 40.16 40.17 40.15 40.17 40.18 40.16 40.16 40.17 40.21 40.19 40.14 40.12 40.11 40.11 40.09 39.99 39.71 39.48 39.55 39.83 40.07 40.12 40.11 40.09 40.12 40.15 40.18 40.21 40.2
40.33 40.34 40.31 40.27 40.27 40.28 40.28 40.28 40.27 40.27 40.26 40.22 40.17 40.11 40.05 39.83 39.61 39.66 39.88 40.04 40.07 40.08 40.12 40.16 40.21 40.24 40.22 40.15 40.12 40.16 40.24 40.3 40.34 40.34 40.34 40.34 40.35 40.37 40.37 40.35 40.34 40.32 40.3 40.32 40.31 40.26 40.21 40.2 40.19 40.18 40.19 40.18 40.2 40.21 40.17 40.15 40.17 40.21 40.2 40.14 40.12 40.11 40.12 40.11 40.02 39.76 39.52 39.53 39.79 40.04 40.12 40.09 40.07 40.11 40.15 40.17 40.2 40.2
40.34 40.37 40.35 40.29 40.26 40.27 40.27 40.27 40.27 40.25 40.23 40.21 40.18 40.16 40.09 39.86 39.62 39.61 39.78 39.98 40.07 40.09 40.12 40.17 40.2 40.23 40.25 40.19 40.13 40.15 40.2 40.25 40.29 40.3 40.32 40.32 40.33 40.34 40.36 40.36 40.36 40.33 40.32 40.34 40.32 40.25 40.22 40.24 40.22 40.19 40.2 40.21 40.21 40.2 40.17 40.17 40.17 40.2 40.21 40.16 40.13 40.13 40.13 40.12 40.04 39.84 39.69 39.6 39.65 39.94 40.07 40.07 40.06 40.1 40.14 40.16 40.19 40.18
40.31 40.35 40.34 40.31 40.27 40.26 40.25 40.26 40.25 40.23 40.22 40.2 40.2 40.18 40.11 39.93 39.78 39.7 39.71 39.92 40.05 40.08 40.12 40.15 40.17 40.21 40.25 40.22 40.2 40.19 40.2 40.24 40.27 40.3 40.31 40.3 40.3 40.32 40.34 40.35 40.35 40.34 40.35 40.37 40.34 40.26 40.25 40.26 40.22 40.17 40.18 40.2 40.21 40.21 40.18 40.17 40.16 40.18 40.2 40.18 40.15 40.15 40.14 40.11 40.04 39.91 39.8 39.63 39.53 39.82 40.02 40.06 40.07 40.09 40.12 40.15 40.19 40.19
40.29 40.31 40.31 40.3 40.27 40.26 40.25 40.25 40.24 40.24 40.26 40.24 40.23 40.2 40.12 40 39.9 39.78 39.7 39.88 40.03 40.08 40.13 40.15 40.17 40.2 40.23 40.2 40.2 40.19 40.2 40.23 40.26 40.31 40.31 40.29 40.3 40.33 40.36 40.37 40.37 40.35 40.35 40.36 40.32 40.25 40.24 40.25 40.21 40.14 40.15 40.19 40.21 40.21 40.17 40.16 40.14 40.14 40.18 40.18 40.17 40.15 40.14 40.11 40.05 39.94 39.8 39.63 39.51 39.77 40.01 40.05 40.06 40.06 40.09 40.12 40.16 40.19
40.3 40.3 40.3 40.29 40.26 40.25 40.25 40.25 40.26 40.28 40.3 40.27 40.24 40.19 40.11 40.04 39.97 39.83 39.69 39.84 40.01 40.07 40.12 40.15 40.17 40.19 40.22 40.21 40.2 40.21 40.22 40.23 40.26 40.31 40.31 40.28 40.29 40.33 40.38 40.39 40.39 40.36 40.34 40.34 40.3 40.24 40.24 40.27 40.22 40.14 40.13 40.17 40.21 40.21 40.18 40.17 40.13 40.11 40.16 40.18 40.19 40.16 40.14 40.11 40.05 39.97 39.85 39.68 39.52 39.74 40.01 40.06 40.07 40.05 40.06 40.07 40.11 40.16
40.33 40.32 40.33 40.3 40.26 40.25 40.25 40.25 40.28 40.31 40.32 40.27 40.23 40.17 40.12 40.08 40.02 39.86 39.67 39.79 39.96 40.03 40.09 40.13 40.17 40.19 40.22 40.22 40.22 40.22 40.21 40.22 40.25 40.3 40.3 40.28 40.29 40.33 40.37 40.39 40.38 40.35 40.33 40.34 40.32 40.27 40.27 40.28 40.21 40.15 40.15 40.16 40.19 40.21 40.22 40.2 40.14 40.1 40.12 40.16 40.19 40.18 40.16 40.11 40.06 40.01 39.93 39.79 39.56 39.6 39.84 40 40.06 40.02 40.02 40.06 40.11 40.16
40.34 40.32 40.33 40.31 40.29 40.27 40.23 40.21 40.21 40.25 40.3 40.28 40.25 40.21 40.15 40.08 40 39.86 39.66 39.7 39.87 39.95 40.07 40.12 40.16 40.21 40.22 40.22 40.22 40.2 40.2 40.2 40.22 40.28 40.31 40.31 40.31 40.33 40.36 40.36 40.36 40.34 40.32 40.33 40.33 40.3 40.3 40.27 40.2 40.16 40.17 40.16 40.17 40.21 40.23 40.21 40.17 40.13 40.11 40.14 40.19 40.19 40.18 40.14 40.1 40.05 39.96 39.85 39.6 39.43 39.57 39.86 40.02 40.02 40.05 40.09 40.14 40.18
40.33 40.31 40.3 40.28 40.29 40.27 40.23 40.19 40.16 40.2 40.28 40.28 40.24 40.22 40.16 40.07 40 39.89 39.68 39.64 39.79 39.9 40.04 40.09 40.15 40.22 40.23 40.22 40.21 40.2 40.19 40.17 40.19 40.25 40.32 40.33 40.32 40.33 40.33 40.34 40.35 40.35 40.33 40.33 40.33 40.3 40.27 40.24 40.19 40.18 40.2 40.2 40.19 40.21 40.23 40.21 40.16 40.14 40.15 40.17 40.19 40.19 40.17 40.15 40.12 40.08 40 39.92 39.7 39.49 39.53 39.79 40 40.05 40.06 40.1 40.15 40.19
40.36 40.33 40.29 40.27 40.27 40.28 40.27 40.23 40.21 40.23 40.28 40.28 40.25 40.24 40.2 40.11 40.05 39.96 39.77 39.65 39.71 39.85 40.01 40.07 40.12 40.2 40.22 40.24 40.23 40.22 40.19 40.17 40.17 40.21 40.28 40.31 40.33 40.33 40.32 40.32 40.33 40.35 40.35 40.35 40.35 40.31 40.26 40.23 40.2 40.21 40.23 40.23 40.21 40.21 40.22 40.18 40.11 40.1 40.12 40.15 40.18 40.18 40.15 40.14 40.13 40.1 40.06 40 39.82 39.65 39.59 39.7 39.99 40.07 40.07 40.08 40.12 40.16
40.35 40.33 40.3 40.27 40.27 40.27 40.26 40.24 40.23 40.26 40.29 40.29 40.28 40.27 40.22 40.17 40.11 40.01 39.83 39.67 39.65 39.79 40 40.06 40.1 40.17 40.2 40.22 40.23 40.22 40.21 40.18 40.18 40.19 40.24 40.27 40.29 40.32 40.33 40.31 40.32 40.34 40.36 40.36 40.36 40.35 40.31 40.27 40.22 40.21 40.22 40.21 40.2 40.2 40.21 40.18 40.11 40.08 40.07 40.09 40.15 40.19 40.18 40.16 40.13 40.1 40.09 40.03 39.88 39.72 39.59 39.63 39.95 40.07 40.06 40.05 40.09 40.13
40.35 40.32 40.29 40.28 40.29 40.29 40.27 40.25 40.25 40.26 40.28 40.29 40.28 40.27 40.25 40.22 40.16 40.04 39.89 39.75 39.67 39.74 39.98 40.07 40.09 40.16 40.18 40.17 40.17 40.19 40.21 40.2 40.19 40.19 40.21 40.22 40.25 40.28 40.31 40.31 40.33 40.36 40.38 40.37 40.36 40.35 40.32 40.3 40.25 40.21 40.19 40.2 40.2 40.21 40.21 40.18 40.12 40.07 40.04 40.07 40.15 40.2 40.2 40.17 40.14 40.13 40.12 40.07 39.9 39.73 39.58 39.58 39.89 40.03 40.04 40.04 40.06 40.09
40.36 40.33 40.28 40.27 40.28 40.28 40.26 40.26 40.28 40.27 40.27 40.28 40.27 40.26 40.26 40.25 40.18 40.07 39.97 39.88 39.75 39.7 39.92 40.05 40.08 40.15 40.17 40.16 40.17 40.19 40.21 40.22 40.2 40.18 40.18 40.21 40.25 40.28 40.3 40.31 40.35 40.37 40.38 40.38 40.38 40.36 40.33 40.31 40.27 40.21 40.18 40.19 40.2 40.21 40.2 40.18 40.14 40.11 40.08 40.09 40.15 40.2 40.2 40.18 40.17 40.15 40.13 40.08 39.95 39.82 39.67 39.56 39.77 39.96 40.02 40.05 40.05 40.08
40.38 40.35 40.28 40.24 40.24 40.25 40.25 40.25 40.28 40.29 40.28 40.29 40.27 40.26 40.27 40.26 40.2 40.1 40.03 39.96 39.81 39.65 39.8 39.99 40.06 40.13 40.16 40.18 40.19 40.22 40.24 40.23 40.2 40.19 40.2 40.22 40.28 40.32 40.32 40.33 40.34 40.36 40.39 40.39 40.39 40.37 40.33 40.32 40.3 40.25 40.23 40.22 40.21 40.21 40.19 40.17 40.16 40.15 40.14 40.13 40.16 40.17 40.18 40.18 40.18 40.19 40.15 40.08 40.01 39.91 39.77 39.55 39.62 39.88 39.98 40.05 40.04 40.07
40.37 40.34 40.28 40.22 40.22 40.24 40.26 40.25 40.26 40.29 40.29 40.28 40.28 40.27 40.25 40.23 40.2 40.14 40.06 39.99 39.84 39.61 39.68 39.91 40.01 40.11 40.14 40.16 40.19 40.24 40.27 40.25 40.19 40.16 40.19 40.21 40.28 40.33 40.34 40.33 40.32 40.37 40.43 40.43 40.42 40.38 40.35 40.34 40.31 40.27 40.26 40.25 40.23 40.21 40.18 40.16 40.17 40.18 40.19 40.17 40.16 40.16 40.18 40.19 40.19 40.2 40.18 40.11 40.03 39.94 39.81 39.54 39.47 39.68 39.91 40.04 40.01 40.01
40.33 40.32 40.28 40.24 40.23 40.24 40.25 40.23 40.24 40.25 40.25 40.24 40.26 40.26 40.23 40.19 40.19 40.18 40.11 40.03 39.87 39.61 39.63 39.82 39.96 40.11 40.13 40.14 40.19 40.24 40.25 40.23 40.17 40.13 40.16 40.2 40.27 40.33 40.34 40.33 40.32 40.38 40.44 40.45 40.43 40.39 40.38 40.36 40.31 40.28 40.26 40.26 40.25 40.22 40.19 40.18 40.21 40.21 40.22 40.19 40.17 40.15 40.16 40.19 40.18 40.17 40.16 40.11 40.05 40.01 39.88 39.6 39.41 39.52 39.84 40.03 40.03 40.02
40.3 40.29 40.27 40.24 40.24 40.25 40.25 40.23 40.23 40.23 40.22 40.2 40.23 40.25 40.23 40.21 40.21 40.2 40.12 40.04 39.9 39.63 39.55 39.68 39.89 40.1 40.14 40.15 40.19 40.22 40.22 40.21 40.17 40.16 40.19 40.22 40.27 40.31 40.31 40.3 40.31 40.36 40.41 40.42 40.41 40.39 40.38 40.36 40.31 40.29 40.28 40.28 40.26 40.22 40.21 40.22 40.25 40.26 40.24 40.2 40.17 40.12 40.13 40.17 40.16 40.14 40.14 40.1 40.07 40.04 39.94 39.71 39.53 39.55 39.76 39.97 40.02 40.01
