slabs/66.grd
DSAA
631 301
645780 646410
4947500 4947800
38.6 48.06
[rows 34 to 67 of 301, columns 234 to 311 of 631]
40.19 40.18 40.21 40.25 40.23 40.22 40.24 40.24 40.23 40.25 40.3 40.33 40.38 40.4 40.42 40.37 40.32 40.3 40.27 40.26 40.25 40.22 40.19 40.19 40.19 40.18 40.17 40.16 40.16 40.17 40.19 40.2 40.18 40.11 40.03 40 39.97 39.94 39.92 39.86 39.77 39.72 39.9 40.05 40.12 40.16 40.16 40.16 40.18 40.21 40.18 40.14 40.11 40.16 40.22 40.27 40.32 40.32 40.3 40.3 40.29 40.27 40.26 40.21 40.15 40.18 40.18 40.05 40 40.14 40.25 40.34 40.34 40.36 40.42 40.48 40.48 40.48
40.19 40.19 40.22 40.25 40.23 40.22 40.24 40.26 40.24 40.27 40.31 40.33 40.34 40.37 40.4 40.39 40.36 40.32 40.28 40.27 40.27 40.24 40.2 40.19 40.19 40.17 40.17 40.16 40.17 40.19 40.2 40.2 40.17 40.11 40.05 40.03 40 39.98 39.98 39.93 39.79 39.67 39.74 39.91 40.09 40.15 40.15 40.16 40.18 40.21 40.23 40.2 40.14 40.16 40.21 40.25 40.31 40.31 40.28 40.27 40.26 40.26 40.24 40.15 40.05 40.03 40 39.91 39.95 40.06 40.17 40.35 40.36 40.38 40.41 40.47 40.5 40.52
40.21 40.21 40.24 40.25 40.23 40.22 40.25 40.27 40.24 40.26 40.29 40.29 40.3 40.34 40.38 40.4 40.39 40.35 40.29 40.26 40.28 40.27 40.21 40.17 40.18 40.17 40.16 40.17 40.17 40.19 40.19 40.18 40.16 40.11 40.06 40.03 40 39.98 40 39.97 39.81 39.63 39.62 39.81 40.06 40.14 40.17 40.17 40.17 40.21 40.26 40.22 40.15 40.16 40.2 40.24 40.28 40.28 40.25 40.23 40.21 40.24 40.21 40.06 39.93 39.9 39.88 39.86 39.92 39.94 40.08 40.34 40.38 40.39 40.4 40.43 40.49 40.53
40.22 40.21 40.21 40.23 40.24 40.23 40.26 40.29 40.26 40.25 40.25 40.26 40.29 40.35 40.39 40.4 40.4 40.36 40.3 40.24 40.26 40.28 40.23 40.17 40.16 40.16 40.16 40.18 40.19 40.2 40.2 40.19 40.17 40.13 40.08 40.02 39.98 39.95 39.96 39.94 39.84 39.65 39.55 39.72 40.01 40.1 40.14 40.15 40.16 40.21 40.25 40.22 40.15 40.15 40.17 40.19 40.22 40.24 40.24 40.21 40.16 40.16 40.09 39.92 39.84 39.83 39.84 39.87 39.89 39.88 40.04 40.3 40.37 40.42 40.43 40.44 40.48 40.53
40.21 40.2 40.19 40.22 40.24 40.23 40.24 40.28 40.29 40.26 40.23 40.21 40.26 40.36 40.4 40.4 40.39 40.37 40.32 40.26 40.26 40.28 40.24 40.19 40.17 40.17 40.19 40.2 40.2 40.2 40.21 40.2 40.17 40.14 40.13 40.07 39.99 39.94 39.92 39.93 39.87 39.67 39.49 39.64 39.96 40.07 40.1 40.12 40.16 40.2 40.23 40.21 40.15 40.13 40.12 40.11 40.15 40.18 40.21 40.2 40.12 40.07 39.96 39.82 39.83 39.83 39.85 39.88 39.91 39.92 40.05 40.26 40.37 40.45 40.47 40.48 40.48 40.51
40.22 40.2 40.21 40.24 40.25 40.24 40.23 40.25 40.28 40.27 40.23 40.19 40.24 40.34 40.36 40.37 40.37 40.36 40.33 40.29 40.27 40.26 40.24 40.2 40.18 40.18 40.18 40.17 40.17 40.18 40.21 40.2 40.17 40.15 40.13 40.1 40.02 39.94 39.92 39.92 39.9 39.71 39.5 39.6 39.9 40.07 40.1 40.12 40.16 40.19 40.21 40.2 40.15 40.11 40.09 40.06 40.11 40.14 40.19 40.18 40.07 40.02 39.92 39.82 39.87 39.88 39.89 39.93 39.96 39.98 40.07 40.23 40.35 40.44 40.47 40.49 40.47 40.49
40.2 40.21 40.23 40.26 40.27 40.26 40.24 40.25 40.27 40.29 40.25 40.22 40.25 40.3 40.33 40.34 40.35 40.37 40.35 40.31 40.28 40.25 40.25 40.22 40.19 40.16 40.17 40.16 40.15 40.16 40.18 40.18 40.15 40.13 40.1 40.09 40.04 39.97 39.93 39.93 39.91 39.77 39.57 39.59 39.81 40.04 40.1 40.12 40.14 40.15 40.17 40.18 40.14 40.1 40.07 40.04 40.08 40.14 40.18 40.16 40.02 39.96 39.9 39.85 39.91 39.93 39.92 39.93 39.95 39.95 40.02 40.16 40.3 40.4 40.46 40.48 40.45 40.46
40.19 40.21 40.22 40.24 40.24 40.25 40.27 40.26 40.28 40.28 40.25 40.25 40.25 40.28 40.31 40.33 40.34 40.37 40.37 40.34 40.3 40.25 40.24 40.22 40.19 40.17 40.19 40.18 40.15 40.15 40.16 40.15 40.13 40.13 40.1 40.09 40.05 39.98 39.95 39.94 39.91 39.83 39.71 39.63 39.71 39.95 40.06 40.1 40.14 40.14 40.15 40.14 40.12 40.09 40.05 40.01 40.04 40.07 40.12 40.13 40.01 39.94 39.9 39.87 39.94 40.02 39.98 39.93 39.93 39.94 40 40.12 40.22 40.32 40.44 40.47 40.44 40.43
40.19 40.23 40.22 40.23 40.22 40.25 40.3 40.29 40.29 40.28 40.26 40.25 40.26 40.27 40.3 40.31 40.32 40.35 40.37 40.35 40.3 40.25 40.27 40.25 40.22 40.19 40.19 40.18 40.16 40.16 40.16 40.15 40.13 40.14 40.13 40.11 40.06 40 39.99 39.97 39.93 39.89 39.84 39.71 39.63 39.79 39.95 40.09 40.14 40.15 40.13 40.11 40.13 40.12 40.07 40.02 40.04 40.04 40.07 40.08 40.02 39.96 39.91 39.87 39.96 40.08 40.03 39.95 39.93 39.94 39.99 40.06 40.11 40.23 40.42 40.47 40.44 40.41
40.19 40.24 40.24 40.25 40.24 40.26 40.29 40.28 40.28 40.28 40.26 40.25 40.24 40.26 40.31 40.34 40.34 40.35 40.37 40.36 40.32 40.27 40.27 40.27 40.25 40.21 40.19 40.18 40.17 40.18 40.18 40.17 40.15 40.14 40.15 40.13 40.08 40.04 40.03 40.01 39.97 39.93 39.9 39.77 39.62 39.67 39.86 40.09 40.13 40.13 40.11 40.09 40.13 40.16 40.12 40.05 40.05 40.05 40.06 40.07 40.03 39.98 39.95 39.92 39.98 40.08 40.06 39.97 39.95 39.97 40.01 40.05 40.08 40.18 40.37 40.46 40.45 40.43
40.19 40.23 40.24 40.26 40.26 40.27 40.26 40.26 40.24 40.25 40.27 40.26 40.25 40.25 40.3 40.33 40.34 40.34 40.36 40.36 40.35 40.29 40.26 40.27 40.26 40.22 40.2 40.19 40.18 40.18 40.19 40.18 40.16 40.15 40.14 40.13 40.09 40.03 40 39.99 39.98 39.95 39.93 39.82 39.66 39.63 39.8 40.06 40.13 40.12 40.1 40.08 40.1 40.15 40.12 40.05 40.02 40.04 40.06 40.08 40.06 40.02 39.99 39.96 39.96 40.04 40.07 40 39.97 39.98 40.03 40.08 40.11 40.18 40.32 40.42 40.47 40.45
40.15 40.18 40.21 40.25 40.27 40.29 40.29 40.27 40.25 40.25 40.28 40.27 40.24 40.23 40.25 40.28 40.32 40.35 40.36 40.37 40.36 40.31 40.27 40.26 40.26 40.22 40.2 40.19 40.18 40.18 40.18 40.17 40.17 40.16 40.16 40.14 40.09 40.03 39.99 39.98 39.99 39.97 39.94 39.87 39.7 39.52 39.68 40 40.11 40.12 40.1 40.08 40.1 40.13 40.11 40.05 40.02 40.02 40.05 40.09 40.07 40.04 39.99 39.93 39.91 39.97 40.02 39.99 39.97 39.97 40 40.04 40.07 40.13 40.25 40.37 40.45 40.47
40.11 40.15 40.19 40.22 40.25 40.29 40.29 40.28 40.26 40.24 40.25 40.24 40.23 40.23 40.26 40.28 40.31 40.35 40.37 40.38 40.37 40.33 40.29 40.26 40.25 40.23 40.2 40.18 40.16 40.16 40.16 40.17 40.17 40.16 40.15 40.12 40.09 40.06 40.03 40 40.01 40 39.97 39.91 39.75 39.56 39.66 39.94 40.1 40.13 40.1 40.07 40.09 40.1 40.1 40.07 40.03 40.01 40.04 40.07 40.04 40.01 39.96 39.9 39.88 39.92 39.94 39.95 39.95 39.95 39.96 39.97 39.97 40.02 40.16 40.34 40.42 40.46
40.06 40.12 40.17 40.19 40.22 40.26 40.26 40.27 40.25 40.24 40.25 40.24 40.23 40.25 40.29 40.29 40.31 40.36 40.39 40.41 40.41 40.35 40.28 40.25 40.23 40.22 40.19 40.17 40.14 40.15 40.14 40.15 40.17 40.16 40.15 40.14 40.13 40.13 40.09 40.03 40.01 40 39.98 39.92 39.77 39.59 39.62 39.86 40.09 40.12 40.1 40.07 40.07 40.08 40.09 40.08 40.03 40 40.01 40.04 40.03 40.01 39.97 39.92 39.89 39.9 39.91 39.93 39.95 39.93 39.92 39.93 39.94 39.97 40.11 40.31 40.4 40.45
40.04 40.11 40.16 40.18 40.21 40.23 40.24 40.24 40.24 40.26 40.27 40.27 40.25 40.25 40.27 40.27 40.29 40.34 40.37 40.39 40.39 40.35 40.29 40.25 40.23 40.21 40.18 40.17 40.15 40.17 40.16 40.15 40.15 40.16 40.16 40.16 40.16 40.17 40.13 40.06 40.02 39.99 39.96 39.9 39.77 39.61 39.58 39.77 40.06 40.12 40.13 40.11 40.07 40.08 40.1 40.09 40.05 40.01 39.97 40 40.03 40.03 39.99 39.94 39.88 39.87 39.9 39.94 39.94 39.92 39.89 39.92 39.94 39.97 40.1 40.3 40.39 40.48
40.04 40.09 40.14 40.15 40.18 40.23 40.23 40.23 40.24 40.26 40.27 40.27 40.25 40.24 40.26 40.26 40.27 40.3 40.31 40.33 40.36 40.36 40.34 40.31 40.26 40.23 40.2 40.2 40.19 40.17 40.17 40.16 40.16 40.17 40.18 40.17 40.15 40.16 40.13 40.06 40.01 39.98 39.95 39.89 39.79 39.69 39.61 39.7 39.98 40.08 40.15 40.14 40.1 40.1 40.12 40.09 40.04 39.99 39.94 39.95 40 40.01 39.99 39.93 39.89 39.87 39.88 39.9 39.89 39.89 39.89 39.92 39.95 39.97 40.09 40.27 40.37 40.48
39.97 40.03 40.09 40.13 40.18 40.22 40.22 40.21 40.22 40.24 40.23 40.24 40.25 40.25 40.25 40.26 40.28 40.3 40.31 40.34 40.36 40.36 40.36 40.32 40.26 40.24 40.24 40.24 40.2 40.15 40.16 40.18 40.18 40.19 40.19 40.18 40.15 40.12 40.1 40.06 40.02 40.01 39.98 39.9 39.82 39.77 39.67 39.65 39.83 39.99 40.14 40.16 40.14 40.13 40.12 40.07 40.01 39.96 39.92 39.95 40 40 39.98 39.96 39.96 39.94 39.9 39.88 39.88 39.88 39.9 39.92 39.95 39.98 40.08 40.22 40.32 40.44
39.86 39.97 40.05 40.1 40.19 40.23 40.22 40.2 40.2 40.22 40.2 40.2 40.24 40.25 40.25 40.25 40.27 40.3 40.34 40.35 40.36 40.35 40.34 40.31 40.26 40.23 40.24 40.25 40.2 40.14 40.16 40.19 40.17 40.18 40.16 40.15 40.14 40.11 40.11 40.09 40.06 40.05 40.01 39.93 39.87 39.83 39.72 39.61 39.67 39.87 40.11 40.15 40.14 40.13 40.12 40.08 40.02 39.96 39.91 39.95 40 39.99 39.99 39.99 39.97 39.96 39.92 39.88 39.88 39.88 39.91 39.94 39.95 39.97 40.04 40.15 40.26 40.42
39.82 39.97 40.07 40.11 40.17 40.22 40.22 40.22 40.21 40.2 40.19 40.2 40.24 40.26 40.24 40.25 40.28 40.31 40.34 40.35 40.35 40.35 40.34 40.32 40.28 40.24 40.25 40.26 40.2 40.16 40.16 40.18 40.16 40.15 40.14 40.13 40.13 40.12 40.12 40.11 40.08 40.05 40 39.95 39.9 39.87 39.78 39.61 39.54 39.73 40.05 40.12 40.1 40.1 40.11 40.07 39.98 39.93 39.91 39.95 39.97 40 40.03 40.04 40 39.98 39.94 39.9 39.89 39.9 39.92 39.95 39.94 39.95 40.01 40.08 40.19 40.37
39.84 39.97 40.11 40.15 40.19 40.21 40.21 40.21 40.21 40.2 40.21 40.21 40.25 40.27 40.27 40.26 40.27 40.29 40.31 40.32 40.34 40.35 40.35 40.34 40.3 40.25 40.26 40.26 40.23 40.21 40.18 40.17 40.17 40.15 40.15 40.15 40.14 40.14 40.14 40.13 40.1 40.07 40.01 39.97 39.93 39.9 39.83 39.64 39.44 39.59 39.96 40.1 40.1 40.1 40.09 40 39.89 39.88 39.91 39.96 39.98 40.01 40.08 40.08 40.05 40.01 39.98 39.96 39.94 39.93 39.93 39.92 39.91 39.93 39.97 40.02 40.12 40.32
39.84 39.94 40.05 40.08 40.13 40.18 40.2 40.21 40.21 40.22 40.24 40.23 40.24 40.25 40.27 40.27 40.26 40.27 40.27 40.29 40.34 40.36 40.36 40.35 40.29 40.24 40.23 40.25 40.25 40.24 40.21 40.18 40.17 40.15 40.16 40.16 40.15 40.15 40.14 40.12 40.13 40.11 40.05 39.99 39.97 39.93 39.87 39.69 39.46 39.54 39.86 40.09 40.14 40.12 40.06 39.96 39.87 39.87 39.92 39.97 39.97 40 40.09 40.1 40.09 40.05 40.02 40 39.98 39.96 39.94 39.89 39.89 39.91 39.94 39.96 40.03 40.23
39.88 39.93 40.02 40.03 40.07 40.15 40.19 40.2 40.21 40.22 40.24 40.24 40.22 40.22 40.25 40.26 40.25 40.26 40.27 40.3 40.34 40.35 40.35 40.34 40.28 40.23 40.21 40.2 40.21 40.22 40.21 40.19 40.17 40.15 40.14 40.13 40.14 40.14 40.12 40.12 40.14 40.12 40.04 39.99 39.97 39.96 39.91 39.79 39.63 39.63 39.83 40.09 40.16 40.11 40 39.9 39.87 39.88 39.92 39.95 39.96 40.02 40.11 40.15 40.15 40.12 40.06 40.03 40.01 39.99 39.98 39.93 39.91 39.89 39.9 39.92 39.96 40.11
39.9 39.93 40.02 40.02 40.02 40.1 40.18 40.2 40.2 40.21 40.23 40.23 40.21 40.2 40.22 40.25 40.25 40.25 40.26 40.29 40.32 40.32 40.32 40.34 40.32 40.29 40.23 40.17 40.19 40.2 40.2 40.18 40.16 40.16 40.14 40.13 40.15 40.15 40.13 40.13 40.15 40.11 40.03 39.99 39.98 39.96 39.92 39.85 39.78 39.7 39.78 40.05 40.13 40.08 39.94 39.87 39.88 39.92 39.95 39.96 40 40.07 40.17 40.24 40.25 40.22 40.16 40.13 40.08 40.04 40.06 40.06 40 39.91 39.89 39.92 39.94 40.03
39.91 39.94 40.03 40.01 40 40.05 40.14 40.2 40.2 40.21 40.21 40.19 40.19 40.2 40.2 40.22 40.23 40.23 40.23 40.26 40.3 40.32 40.34 40.37 40.38 40.37 40.28 40.2 40.23 40.25 40.23 40.18 40.15 40.15 40.17 40.16 40.14 40.14 40.13 40.14 40.14 40.11 40.05 40 39.98 39.98 39.94 39.89 39.85 39.71 39.7 39.96 40.05 40.02 39.9 39.87 39.9 39.96 40.01 40.05 40.09 40.12 40.21 40.29 40.3 40.29 40.24 40.18 40.15 40.11 40.13 40.19 40.14 40.01 39.92 39.91 39.91 39.99
39.94 39.93 39.97 39.97 39.99 40.03 40.11 40.21 40.22 40.21 40.19 40.15 40.16 40.18 40.19 40.2 40.22 40.23 40.23 40.25 40.29 40.34 40.36 40.38 40.39 40.38 40.32 40.25 40.25 40.25 40.23 40.17 40.13 40.14 40.18 40.18 40.16 40.14 40.14 40.14 40.12 40.12 40.08 40.02 40 40 39.97 39.91 39.87 39.73 39.66 39.82 39.92 39.92 39.87 39.88 39.91 39.98 40.07 40.13 40.14 40.12 40.16 40.23 40.27 40.3 40.23 40.15 40.15 40.16 40.19 40.24 40.21 40.12 40.03 39.95 39.9 39.96
39.95 39.88 39.84 39.83 39.94 40.01 40.1 40.2 40.22 40.2 40.18 40.16 40.17 40.18 40.18 40.21 40.24 40.26 40.26 40.26 40.29 40.32 40.33 40.36 40.38 40.38 40.34 40.27 40.23 40.23 40.23 40.18 40.14 40.15 40.17 40.17 40.17 40.16 40.16 40.15 40.14 40.14 40.11 40.05 40.03 40.02 39.98 39.94 39.9 39.78 39.63 39.6 39.69 39.82 39.87 39.91 39.93 40.02 40.13 40.17 40.16 40.12 40.13 40.19 40.22 40.26 40.26 40.21 40.21 40.2 40.21 40.24 40.23 40.19 40.15 40.05 39.92 39.94
39.96 39.86 39.76 39.74 39.92 40 40.07 40.18 40.2 40.19 40.19 40.2 40.21 40.2 40.2 40.24 40.26 40.26 40.27 40.27 40.28 40.31 40.32 40.35 40.37 40.37 40.35 40.28 40.22 40.21 40.22 40.21 40.18 40.16 40.14 40.16 40.16 40.17 40.17 40.16 40.15 40.15 40.13 40.09 40.07 40.04 40 39.96 39.94 39.86 39.65 39.46 39.54 39.76 39.89 39.95 40 40.11 40.19 40.2 40.19 40.15 40.14 40.17 40.2 40.24 40.26 40.27 40.27 40.21 40.18 40.2 40.23 40.23 40.2 40.11 39.96 39.92
40 39.93 39.83 39.8 39.97 40.02 40.07 40.17 40.2 40.19 40.19 40.21 40.22 40.21 40.21 40.23 40.26 40.27 40.27 40.26 40.26 40.27 40.3 40.34 40.36 40.35 40.34 40.3 40.23 40.22 40.22 40.22 40.2 40.18 40.15 40.14 40.14 40.15 40.17 40.16 40.15 40.15 40.13 40.11 40.09 40.05 40 39.96 39.96 39.92 39.73 39.52 39.54 39.71 39.92 40.02 40.08 40.17 40.21 40.22 40.21 40.17 40.15 40.16 40.18 40.22 40.23 40.27 40.29 40.21 40.16 40.18 40.22 40.23 40.19 40.12 39.98 39.91
40.03 40.01 39.91 39.83 39.96 40.02 40.06 40.15 40.2 40.2 40.2 40.21 40.2 40.2 40.2 40.22 40.23 40.25 40.27 40.27 40.28 40.29 40.31 40.33 40.34 40.34 40.34 40.31 40.26 40.24 40.22 40.23 40.21 40.19 40.17 40.15 40.12 40.13 40.14 40.14 40.14 40.14 40.13 40.13 40.1 40.04 40 39.99 39.98 39.93 39.73 39.55 39.54 39.7 39.98 40.1 40.14 40.18 40.21 40.25 40.23 40.2 40.19 40.18 40.17 40.2 40.23 40.25 40.27 40.21 40.17 40.18 40.23 40.25 40.2 40.13 39.99 39.91
40.03 40.04 39.95 39.83 39.92 40 40.04 40.12 40.18 40.2 40.2 40.2 40.2 40.21 40.22 40.23 40.23 40.25 40.26 40.27 40.29 40.3 40.32 40.33 40.35 40.35 40.36 40.34 40.29 40.26 40.24 40.24 40.22 40.2 40.19 40.18 40.16 40.15 40.14 40.13 40.14 40.15 40.15 40.16 40.13 40.07 40.03 40.01 39.99 39.89 39.7 39.55 39.53 39.72 40.05 40.15 40.18 40.2 40.23 40.26 40.24 40.2 40.18 40.16 40.15 40.2 40.24 40.26 40.27 40.25 40.2 40.2 40.25 40.29 40.24 40.18 40.04 39.94
40.02 40.03 39.98 39.88 39.89 39.97 40 40.08 40.16 40.2 40.21 40.22 40.22 40.22 40.22 40.24 40.25 40.26 40.26 40.25 40.26 40.27 40.3 40.34 40.36 40.37 40.38 40.37 40.33 40.3 40.26 40.24 40.22 40.21 40.19 40.19 40.18 40.16 40.15 40.14 40.15 40.16 40.15 40.15 40.14 40.11 40.05 40.02 39.97 39.84 39.7 39.61 39.55 39.69 40.03 40.15 40.18 40.21 40.23 40.23 40.22 40.18 40.15 40.13 40.13 40.18 40.23 40.25 40.28 40.28 40.22 40.2 40.26 40.31 40.29 40.24 40.1 39.98
40.01 40.02 39.99 39.87 39.8 39.86 39.94 40.04 40.11 40.16 40.2 40.2 40.21 40.2 40.2 40.23 40.24 40.25 40.25 40.24 40.24 40.25 40.29 40.33 40.36 40.37 40.38 40.37 40.34 40.31 40.26 40.23 40.23 40.22 40.19 40.18 40.16 40.14 40.14 40.14 40.15 40.16 40.15 40.14 40.14 40.12 40.06 40.03 39.96 39.82 39.74 39.71 39.63 39.68 39.96 40.1 40.18 40.19 40.19 40.19 40.2 40.19 40.14 40.12 40.12 40.16 40.22 40.25 40.27 40.28 40.25 40.2 40.24 40.3 40.31 40.28 40.16 40.05
40.01 40 40 39.88 39.71 39.73 39.86 39.99 40.06 40.12 40.17 40.16 40.17 40.17 40.18 40.21 40.22 40.23 40.25 40.25 40.26 40.27 40.29 40.31 40.33 40.35 40.39 40.39 40.36 40.33 40.28 40.24 40.24 40.25 40.21 40.18 40.16 40.15 40.17 40.18 40.18 40.18 40.17 40.16 40.16 40.13 40.04 39.98 39.9 39.8 39.81 39.82 39.73 39.69 39.85 40.02 40.16 40.17 40.15 40.16 40.2 40.21 40.18 40.15 40.12 40.15 40.21 40.23 40.26 40.29 40.29 40.25 40.24 40.26 40.29 40.29 40.23 40.15
40.01 40.01 40.01 39.92 39.74 39.69 39.79 39.94 40.03 40.08 40.16 40.17 40.16 40.15 40.17 40.2 40.22 40.23 40.24 40.24 40.25 40.26 40.27 40.27 40.3 40.34 40.38 40.41 40.41 40.37 40.29 40.24 40.24 40.23 40.19 40.15 40.15 40.16 40.17 40.18 40.18 40.17 40.16 40.16 40.16 40.13 40.04 39.93 39.84 39.8 39.86 39.89 39.8 39.68 39.71 39.9 40.12 40.16 40.15 40.17 40.21 40.21 40.2 40.17 40.12 40.13 40.17 40.2 40.25 40.29 40.3 40.29 40.25 40.22 40.26 40.31 40.28 40.21
