slabs/67.grd
DSAA
631 301
645780 646410
4947800 4948100
37.78 49.6
[rows 140 to 174 of 300, columns 390 to 467 of 631]
43.06 43.02 43.01 43.01 43.01 43 42.96 42.94 42.98 43.04 43.03 43.04 43.06 43.07 43.04 42.99 42.97 42.95 42.97 42.97 42.97 42.99 42.98 42.99 42.98 42.96 42.95 42.94 42.93 42.94 42.98 43.01 42.92 42.66 42.51 42.41 42.16 41.81 41.59 41.47 41.26 41.08 40.94 40.82 40.66 40.52 40.39 40.21 40.16 40.15 40.04 39.75 39.49 39.36 39.25 39.02 38.83 38.75 38.82 39.02 39.25 39.4 39.51 39.75 39.95 40.03 40.06 40.04 40.01 40.01 40.03 40.03 40.03 40.02 40.01 40.01 40.01 40.01
43.02 43 43.02 43.03 43.02 43.01 42.98 42.96 42.97 43 43 43.01 43.02 43.02 42.99 42.97 42.96 42.95 42.95 42.96 42.97 42.97 42.97 42.96 42.94 42.91 42.9 42.85 42.75 42.71 42.72 42.66 42.41 42.05 41.84 41.68 41.41 41.22 41.11 40.97 40.8 40.72 40.65 40.52 40.37 40.24 40.07 39.84 39.74 39.66 39.53 39.25 39.03 38.94 38.91 38.9 38.96 39.01 39.1 39.35 39.62 39.76 39.81 39.93 40.02 40.05 40.05 40.04 40.03 40.03 40.02 40.01 39.99 40 40 39.98 39.98 39.99
43 43.01 43.03 43.03 43.02 43.01 43.01 42.99 42.97 42.96 42.96 42.97 42.98 42.96 42.94 42.95 42.96 42.95 42.94 42.94 42.92 42.9 42.94 42.93 42.87 42.78 42.74 42.67 42.49 42.31 42.19 42.03 41.71 41.45 41.3 41.16 40.93 40.81 40.74 40.59 40.47 40.42 40.39 40.29 40.07 39.87 39.7 39.42 39.24 39.11 38.99 38.84 38.86 38.91 38.95 39.1 39.31 39.43 39.53 39.72 39.9 39.97 39.97 40.01 40.04 40.03 40.01 40.02 40.03 40.01 40 39.98 39.96 39.97 39.97 39.95 39.95 39.96
42.97 42.99 42.98 42.96 42.95 42.96 42.99 43.01 42.97 42.92 42.9 42.9 42.92 42.91 42.89 42.91 42.94 42.93 42.89 42.82 42.67 42.65 42.77 42.77 42.69 42.55 42.48 42.39 42.13 41.79 41.59 41.41 41.12 40.96 40.88 40.78 40.63 40.56 40.49 40.37 40.29 40.23 40.17 40 39.68 39.4 39.26 39.04 38.86 38.76 38.73 38.79 39.01 39.16 39.25 39.47 39.67 39.78 39.89 39.98 40.04 40.05 40.03 40.03 40.03 40.02 39.99 39.99 39.99 39.98 39.96 39.94 39.94 39.95 39.96 39.94 39.92 39.93
42.95 42.97 42.95 42.9 42.9 42.92 42.95 42.98 42.94 42.88 42.85 42.86 42.9 42.89 42.85 42.85 42.86 42.77 42.67 42.41 41.98 41.96 42.16 42.29 42.36 42.21 42.02 41.85 41.51 41.22 41.04 40.87 40.72 40.66 40.61 40.52 40.44 40.41 40.34 40.21 40.11 40.05 39.93 39.62 39.22 38.95 38.88 38.8 38.74 38.74 38.81 39.03 39.32 39.5 39.62 39.81 39.92 39.98 40.05 40.07 40.08 40.07 40.04 40.01 40 40 39.98 39.95 39.94 39.94 39.93 39.92 39.92 39.94 39.95 39.93 39.91 39.89
42.93 42.94 42.9 42.86 42.87 42.88 42.9 42.92 42.92 42.88 42.86 42.87 42.88 42.85 42.79 42.78 42.54 42 41.68 41.39 40.9 40.88 41.11 41.41 41.77 41.61 41.25 41.01 40.71 40.63 40.55 40.45 40.45 40.44 40.4 40.32 40.27 40.23 40.16 40 39.81 39.68 39.56 39.23 38.9 38.77 38.76 38.81 38.94 39.08 39.21 39.46 39.67 39.79 39.9 40.01 40.03 40.05 40.06 40.05 40.05 40.04 40.01 39.99 39.99 39.97 39.95 39.92 39.91 39.9 39.89 39.9 39.91 39.92 39.92 39.89 39.87 39.84
42.92 42.91 42.87 42.84 42.84 42.85 42.85 42.87 42.88 42.86 42.87 42.87 42.77 42.47 42.2 41.98 41.26 40.3 39.88 39.85 39.75 39.85 40.13 40.49 40.96 40.92 40.57 40.22 40 40.07 40.08 40.1 40.19 40.23 40.16 40.06 40.03 39.99 39.9 39.69 39.42 39.24 39.15 38.97 38.86 38.88 38.96 39.15 39.35 39.5 39.66 39.85 39.94 39.98 40.01 40.04 40.04 40.04 40.04 40.02 40.02 40.01 39.98 39.96 39.96 39.94 39.91 39.89 39.89 39.88 39.87 39.88 39.9 39.91 39.9 39.88 39.85 39.82
42.9 42.88 42.85 42.82 42.82 42.84 42.83 42.84 42.84 42.83 42.83 42.69 42.11 41.15 40.51 40.15 39.46 38.9 38.69 38.76 38.9 39.14 39.42 39.77 40.21 40.27 40.01 39.61 39.54 39.7 39.77 39.86 39.97 40.01 39.85 39.61 39.58 39.58 39.51 39.31 39.1 39.01 39.04 39.06 39.12 39.2 39.36 39.65 39.8 39.85 39.95 40.03 40.06 40.04 40 40 40.01 40 40 40 39.99 39.98 39.95 39.92 39.9 39.9 39.89 39.86 39.85 39.85 39.86 39.87 39.87 39.88 39.88 39.87 39.85 39.81
42.88 42.86 42.83 42.81 42.81 42.82 42.81 42.82 42.75 42.52 42.35 41.87 40.67 39.53 39.02 38.88 38.68 38.56 38.5 38.54 38.65 38.8 38.96 39.26 39.58 39.64 39.49 39.27 39.34 39.51 39.6 39.69 39.76 39.8 39.56 39.14 39.05 39.13 39.14 39.09 39.04 39.16 39.36 39.49 39.58 39.65 39.78 39.95 40.04 40.05 40.06 40.06 40.04 40.02 39.98 39.97 39.98 39.97 39.97 39.98 39.96 39.95 39.94 39.91 39.88 39.88 39.86 39.84 39.83 39.83 39.83 39.85 39.85 39.85 39.86 39.85 39.83 39.79
42.86 42.83 42.82 42.81 42.8 42.78 42.78 42.65 42.1 41.23 40.7 40.23 39.33 38.81 38.7 38.62 38.54 38.52 38.5 38.5 38.56 38.64 38.74 38.97 39.18 39.23 39.17 39.12 39.23 39.39 39.5 39.59 39.59 39.6 39.36 38.92 38.84 38.99 39.11 39.26 39.35 39.54 39.77 39.86 39.89 39.93 39.99 40.01 40.02 40.03 40.03 40.02 40 39.98 39.96 39.95 39.95 39.96 39.97 39.96 39.95 39.94 39.92 39.9 39.88 39.87 39.85 39.82 39.82 39.81 39.81 39.83 39.83 39.82 39.82 39.82 39.79 39.76
42.8 42.79 42.78 42.69 42.48 42.19 41.91 41.47 40.5 39.5 38.98 38.88 38.74 38.64 38.6 38.57 38.54 38.54 38.54 38.55 38.58 38.61 38.69 38.9 39.13 39.19 39.14 39.11 39.18 39.31 39.44 39.56 39.53 39.49 39.34 39.11 39.13 39.3 39.44 39.67 39.79 39.87 39.98 39.97 39.94 39.95 39.97 39.99 40.01 39.99 39.97 39.97 39.97 39.96 39.95 39.94 39.93 39.94 39.95 39.94 39.93 39.91 39.9 39.89 39.88 39.85 39.83 39.82 39.81 39.8 39.79 39.79 39.79 39.8 39.8 39.79 39.77 39.74
42.76 42.69 42.56 42.18 41.39 40.61 40.07 39.6 38.97 38.68 38.52 38.54 38.6 38.61 38.59 38.6 38.67 38.73 38.83 38.98 38.97 38.92 39.03 39.39 39.71 39.75 39.61 39.44 39.39 39.4 39.52 39.66 39.68 39.65 39.61 39.56 39.59 39.69 39.79 39.92 39.99 40.03 40.05 40.01 39.97 39.97 39.97 39.98 40 39.97 39.93 39.94 39.95 39.95 39.95 39.94 39.93 39.93 39.92 39.9 39.89 39.88 39.87 39.85 39.85 39.83 39.82 39.81 39.8 39.79 39.77 39.77 39.77 39.78 39.78 39.74 39.73 39.71
42.66 42.27 41.79 41.14 39.93 39.13 38.84 38.68 38.5 38.52 38.52 38.52 38.56 38.59 38.64 38.8 39.1 39.34 39.6 39.99 40.03 39.92 40.15 40.61 40.75 40.71 40.48 40.12 39.84 39.71 39.77 39.88 39.93 39.95 39.95 39.93 39.9 39.92 39.97 40 40.03 40.05 40.05 40.02 39.98 39.97 39.95 39.94 39.95 39.93 39.92 39.93 39.94 39.94 39.95 39.95 39.93 39.91 39.89 39.88 39.86 39.85 39.84 39.82 39.82 39.81 39.79 39.77 39.77 39.76 39.75 39.74 39.73 39.73 39.72 39.69 39.68 39.67
42.24 41.38 40.65 40.04 39.05 38.58 38.51 38.49 38.48 38.52 38.51 38.54 38.7 38.83 39.02 39.44 39.96 40.44 40.77 41.29 41.51 41.43 41.54 41.63 41.4 41.23 41.03 40.64 40.32 40.13 40.06 40.06 40.07 40.07 40.06 40.08 40.06 40.04 40.01 40.01 40.03 40.04 40.04 40 39.97 39.95 39.93 39.91 39.9 39.89 39.89 39.91 39.92 39.93 39.93 39.93 39.92 39.9 39.87 39.87 39.85 39.83 39.83 39.81 39.8 39.77 39.73 39.71 39.72 39.72 39.71 39.71 39.7 39.69 39.66 39.64 39.64 39.63
41.45 40.47 39.86 39.45 38.85 38.55 38.51 38.54 38.65 38.73 38.74 38.95 39.57 40.04 40.3 40.78 41.2 41.56 41.8 42.21 42.39 42.3 42.12 41.79 41.45 41.22 41.06 40.77 40.57 40.43 40.24 40.14 40.12 40.08 40.04 40.04 40.03 40.01 39.99 40 39.99 40 40.01 39.98 39.95 39.93 39.91 39.89 39.88 39.87 39.87 39.88 39.89 39.91 39.91 39.91 39.9 39.88 39.87 39.85 39.84 39.83 39.81 39.79 39.78 39.74 39.69 39.66 39.67 39.67 39.67 39.67 39.67 39.67 39.65 39.62 39.6 39.6
40.75 40.14 39.76 39.35 38.93 38.68 38.66 38.95 39.48 39.78 39.95 40.42 41.2 41.78 41.99 42.27 42.38 42.4 42.46 42.53 42.41 42.24 42.1 41.8 41.52 41.31 41.1 40.81 40.62 40.49 40.29 40.17 40.1 40.07 40.03 40.01 40 39.99 39.98 39.98 39.97 39.98 39.99 39.97 39.94 39.92 39.89 39.88 39.87 39.86 39.86 39.86 39.86 39.88 39.89 39.88 39.86 39.84 39.85 39.83 39.82 39.8 39.78 39.76 39.74 39.7 39.65 39.62 39.62 39.63 39.63 39.64 39.63 39.63 39.63 39.61 39.57 39.57
40.46 40.14 39.84 39.37 39.16 39.15 39.33 40.03 40.98 41.5 41.85 42.43 42.9 43.21 43.29 43.3 43.11 42.94 42.82 42.58 42.35 42.2 42.06 41.82 41.63 41.45 41.16 40.87 40.68 40.55 40.34 40.17 40.07 40.06 40.04 40 40 39.99 39.98 39.96 39.95 39.96 39.97 39.95 39.92 39.9 39.86 39.85 39.84 39.84 39.84 39.84 39.83 39.83 39.83 39.83 39.82 39.81 39.8 39.79 39.79 39.78 39.76 39.75 39.72 39.67 39.62 39.58 39.58 39.6 39.61 39.61 39.61 39.6 39.59 39.58 39.56 39.55
40.17 39.88 39.7 39.57 39.84 40.14 40.51 41.45 42.55 43.15 43.5 44.01 44.26 44.37 44.28 43.97 43.49 43.15 42.92 42.52 42.3 42.17 41.98 41.79 41.66 41.5 41.2 40.93 40.74 40.62 40.4 40.18 40.05 40.05 40.04 40 39.99 39.98 39.97 39.95 39.93 39.93 39.93 39.91 39.89 39.87 39.84 39.82 39.82 39.81 39.81 39.81 39.8 39.79 39.79 39.8 39.8 39.79 39.77 39.75 39.75 39.75 39.72 39.71 39.68 39.64 39.6 39.57 39.56 39.58 39.6 39.6 39.58 39.57 39.57 39.56 39.54 39.53
39.91 39.87 39.99 40.42 41.03 41.43 41.77 42.68 43.89 44.61 44.85 45.13 45.12 44.98 44.76 44.29 43.8 43.44 43.04 42.53 42.26 42.11 41.89 41.72 41.61 41.49 41.26 41.01 40.82 40.68 40.42 40.19 40.03 40.02 40.02 40 39.98 39.98 39.97 39.94 39.92 39.91 39.88 39.85 39.84 39.83 39.81 39.79 39.79 39.78 39.77 39.78 39.79 39.79 39.78 39.77 39.77 39.76 39.74 39.74 39.73 39.71 39.69 39.66 39.64 39.6 39.59 39.57 39.54 39.57 39.59 39.58 39.56 39.55 39.55 39.54 39.51 39.5
40.47 40.78 41.09 41.7 42.31 42.71 43.03 43.85 44.92 45.57 45.66 45.73 45.66 45.49 45.17 44.61 44.17 43.8 43.2 42.62 42.29 42.1 41.81 41.64 41.54 41.47 41.3 41.09 40.91 40.74 40.45 40.2 40 39.97 39.98 40 39.98 39.97 39.95 39.93 39.91 39.88 39.84 39.81 39.79 39.78 39.78 39.77 39.76 39.75 39.75 39.76 39.77 39.77 39.74 39.72 39.73 39.72 39.7 39.7 39.69 39.66 39.64 39.63 39.6 39.57 39.58 39.57 39.54 39.56 39.57 39.56 39.54 39.53 39.52 39.51 39.48 39.47
41.61 42.02 42.34 42.96 43.58 43.99 44.31 45.03 45.81 46.22 46.27 46.27 46.18 45.99 45.56 44.93 44.47 44.09 43.4 42.77 42.38 42.14 41.78 41.58 41.49 41.44 41.34 41.18 41.01 40.82 40.5 40.23 40.02 39.92 39.9 39.96 39.96 39.95 39.92 39.9 39.88 39.84 39.8 39.78 39.77 39.74 39.74 39.75 39.74 39.72 39.72 39.72 39.72 39.72 39.72 39.72 39.71 39.69 39.66 39.65 39.64 39.63 39.61 39.59 39.55 39.54 39.55 39.54 39.53 39.54 39.54 39.53 39.53 39.52 39.5 39.49 39.46 39.44
42.67 43.09 43.43 44.07 44.72 45.14 45.47 46.1 46.61 46.85 46.9 46.8 46.63 46.41 45.9 45.23 44.73 44.33 43.6 42.92 42.5 42.22 41.8 41.56 41.47 41.43 41.37 41.26 41.14 40.95 40.58 40.32 40.14 39.91 39.8 39.91 39.94 39.92 39.89 39.88 39.85 39.81 39.77 39.76 39.75 39.73 39.71 39.71 39.7 39.68 39.69 39.7 39.7 39.7 39.71 39.71 39.68 39.64 39.63 39.62 39.61 39.6 39.6 39.58 39.53 39.51 39.52 39.52 39.52 39.51 39.5 39.5 39.51 39.49 39.47 39.45 39.42 39.4
43.59 44.02 44.36 45.01 45.61 46.03 46.39 46.92 47.27 47.46 47.55 47.33 47.08 46.81 46.23 45.5 44.98 44.59 43.85 43.15 42.72 42.4 41.92 41.61 41.47 41.43 41.36 41.31 41.25 41.07 40.69 40.41 40.25 39.93 39.75 39.87 39.91 39.89 39.87 39.85 39.82 39.77 39.75 39.74 39.74 39.72 39.69 39.68 39.67 39.66 39.66 39.67 39.66 39.66 39.67 39.66 39.64 39.61 39.59 39.58 39.58 39.57 39.56 39.54 39.51 39.48 39.48 39.49 39.49 39.47 39.47 39.46 39.45 39.43 39.41 39.4 39.38 39.36
44.48 44.92 45.25 45.9 46.39 46.73 47.16 47.57 47.83 48.01 48.12 47.84 47.53 47.21 46.56 45.8 45.26 44.92 44.26 43.55 43.11 42.75 42.13 41.69 41.49 41.42 41.35 41.32 41.28 41.13 40.8 40.51 40.33 40 39.76 39.76 39.82 39.87 39.85 39.81 39.77 39.73 39.73 39.73 39.7 39.67 39.66 39.65 39.65 39.64 39.63 39.63 39.63 39.64 39.64 39.62 39.6 39.59 39.56 39.55 39.54 39.53 39.52 39.5 39.46 39.44 39.43 39.42 39.43 39.42 39.43 39.42 39.39 39.39 39.38 39.37 39.35 39.32
45.34 45.76 46.15 46.76 47.15 47.4 47.82 48.2 48.42 48.53 48.58 48.29 47.98 47.65 46.97 46.2 45.65 45.29 44.62 43.92 43.47 43.09 42.37 41.84 41.59 41.43 41.35 41.32 41.3 41.19 40.9 40.6 40.4 40.08 39.8 39.67 39.72 39.81 39.81 39.79 39.76 39.72 39.7 39.68 39.66 39.64 39.64 39.62 39.62 39.61 39.59 39.59 39.6 39.61 39.62 39.6 39.58 39.57 39.54 39.53 39.51 39.48 39.48 39.47 39.43 39.4 39.38 39.37 39.37 39.38 39.39 39.37 39.36 39.37 39.36 39.34 39.32 39.3
46.14 46.51 47.04 47.59 47.9 48.09 48.48 48.89 49.08 49.06 48.93 48.64 48.38 48.04 47.34 46.57 46.03 45.59 44.82 44.12 43.68 43.32 42.6 42.08 41.77 41.45 41.34 41.3 41.29 41.23 40.97 40.67 40.45 40.13 39.84 39.62 39.64 39.74 39.78 39.75 39.73 39.69 39.66 39.64 39.63 39.61 39.61 39.61 39.6 39.58 39.56 39.56 39.57 39.58 39.58 39.57 39.55 39.52 39.51 39.5 39.47 39.45 39.44 39.43 39.41 39.37 39.34 39.33 39.33 39.33 39.34 39.33 39.33 39.33 39.32 39.3 39.3 39.3
47 47.33 47.96 48.51 48.75 48.9 49.17 49.38 49.48 49.39 49.18 48.92 48.66 48.3 47.58 46.82 46.29 45.85 45.07 44.45 44.02 43.55 42.82 42.27 41.92 41.5 41.37 41.31 41.3 41.27 41.08 40.81 40.56 40.18 39.87 39.64 39.62 39.68 39.73 39.71 39.69 39.67 39.64 39.62 39.6 39.58 39.58 39.58 39.56 39.55 39.53 39.53 39.53 39.54 39.54 39.53 39.5 39.48 39.48 39.47 39.45 39.43 39.41 39.4 39.38 39.35 39.32 39.3 39.29 39.3 39.3 39.3 39.3 39.31 39.32 39.31 39.28 39.28
48.01 48.28 48.79 49.23 49.42 49.5 49.54 49.5 49.48 49.44 49.37 49.18 48.9 48.54 47.81 47.14 46.67 46.11 45.31 44.77 44.38 43.75 43.04 42.48 42.11 41.61 41.39 41.32 41.32 41.32 41.18 40.97 40.7 40.27 39.94 39.73 39.64 39.61 39.68 39.68 39.66 39.64 39.61 39.6 39.57 39.55 39.55 39.55 39.52 39.51 39.49 39.49 39.5 39.5 39.49 39.48 39.47 39.46 39.47 39.45 39.42 39.41 39.39 39.37 39.35 39.34 39.31 39.28 39.27 39.27 39.28 39.29 39.3 39.32 39.31 39.3 39.28 39.27
48.82 49.03 49.35 49.51 49.58 49.58 49.53 49.49 49.48 49.49 49.49 49.35 49.11 48.76 48.06 47.51 47.06 46.31 45.52 44.96 44.58 43.93 43.25 42.74 42.34 41.75 41.44 41.35 41.34 41.34 41.25 41.1 40.84 40.38 40.06 39.86 39.68 39.55 39.64 39.65 39.62 39.59 39.57 39.56 39.53 39.52 39.52 39.51 39.48 39.47 39.45 39.46 39.46 39.46 39.44 39.44 39.43 39.43 39.45 39.43 39.39 39.37 39.37 39.35 39.32 39.31 39.29 39.25 39.24 39.24 39.25 39.26 39.28 39.3 39.29 39.27 39.26 39.26
49.15 49.34 49.57 49.6 49.58 49.57 49.51 49.46 49.48 49.48 49.48 49.42 49.28 48.94 48.27 47.75 47.3 46.5 45.72 45.18 44.79 44.12 43.47 43.01 42.58 41.9 41.52 41.39 41.36 41.33 41.28 41.21 40.98 40.52 40.2 40.01 39.75 39.55 39.57 39.59 39.57 39.53 39.52 39.51 39.49 39.48 39.48 39.46 39.44 39.44 39.43 39.42 39.42 39.42 39.4 39.4 39.39 39.39 39.42 39.4 39.37 39.34 39.34 39.33 39.3 39.27 39.26 39.23 39.22 39.22 39.23 39.23 39.24 39.25 39.24 39.22 39.23 39.24
49.26 49.39 49.56 49.59 49.57 49.56 49.52 49.48 49.5 49.5 49.48 49.47 49.41 49.09 48.43 47.91 47.48 46.69 45.92 45.39 44.98 44.27 43.63 43.23 42.82 42.09 41.61 41.45 41.39 41.33 41.32 41.3 41.14 40.74 40.4 40.19 39.86 39.58 39.47 39.51 39.55 39.5 39.48 39.49 39.49 39.47 39.44 39.43 39.41 39.4 39.39 39.38 39.38 39.39 39.38 39.38 39.37 39.38 39.38 39.37 39.35 39.34 39.33 39.31 39.28 39.25 39.24 39.22 39.21 39.21 39.21 39.2 39.2 39.2 39.2 39.2 39.2 39.22
49.25 49.35 49.5 49.57 49.57 49.56 49.53 49.5 49.5 49.51 49.49 49.49 49.47 49.21 48.58 48.08 47.68 46.9 46.11 45.59 45.18 44.43 43.79 43.43 43.07 42.36 41.81 41.59 41.45 41.35 41.35 41.35 41.26 40.95 40.63 40.39 39.99 39.64 39.42 39.44 39.51 39.49 39.47 39.47 39.46 39.45 39.42 39.41 39.38 39.37 39.37 39.36 39.35 39.36 39.36 39.36 39.36 39.36 39.36 39.35 39.33 39.32 39.31 39.29 39.26 39.24 39.22 39.2 39.2 39.19 39.19 39.18 39.17 39.17 39.18 39.19 39.18 39.19
49.22 49.28 49.44 49.56 49.59 49.57 49.54 49.52 49.51 49.5 49.49 49.48 49.48 49.29 48.73 48.27 47.9 47.14 46.36 45.85 45.42 44.65 44.03 43.67 43.34 42.72 42.21 41.88 41.53 41.37 41.33 41.32 41.3 41.1 40.83 40.56 40.1 39.71 39.45 39.44 39.48 39.48 39.47 39.45 39.43 39.41 39.39 39.37 39.35 39.33 39.33 39.33 39.33 39.33 39.32 39.32 39.32 39.32 39.32 39.32 39.31 39.3 39.29 39.27 39.24 39.23 39.21 39.18 39.19 39.19 39.18 39.17 39.16 39.15 39.16 39.17 39.16 39.16
49.16 49.24 49.39 49.54 49.59 49.58 49.54 49.53 49.5 49.46 49.46 49.46 49.47 49.35 48.91 48.5 48.16 47.49 46.73 46.19 45.74 44.95 44.37 44 43.58 43.04 42.6 42.2 41.64 41.41 41.31 41.29 41.3 41.19 41 40.72 40.22 39.81 39.54 39.48 39.46 39.46 39.45 39.43 39.39 39.38 39.35 39.35 39.33 39.31 39.3 39.3 39.3 39.3 39.29 39.28 39.28 39.28 39.28 39.29 39.28 39.26 39.26 39.25 39.22 39.2 39.18 39.16 39.17 39.18 39.17 39.15 39.15 39.15 39.15 39.16 39.16 39.16
49.09 49.18 49.33 49.47 49.53 49.57 49.54 49.52 49.48 49.45 49.46 49.45 49.45 49.41 49.15 48.84 48.52 47.86 47.09 46.54 46.08 45.28 44.74 44.34 43.76 43.24 42.83 42.41 41.8 41.48 41.35 41.32 41.3 41.24 41.15 40.89 40.38 39.93 39.64 39.51 39.41 39.43 39.42 39.39 39.35 39.35 39.34 39.32 39.3 39.28 39.28 39.28 39.28 39.28 39.26 39.25 39.26 39.28 39.28 39.28 39.26 39.24 39.24 39.22 39.19 39.17 39.16 39.15 39.16 39.16 39.15 39.14 39.15 39.15 39.14 39.15 39.17 39.16
