slabs/67.grd
DSAA
631 301
645780 646410
4947800 4948100
37.78 49.6
[rows 105 to 139 of 300, columns 546 to 623 of 631]
38.12 38.23 38.43 38.79 39.09 39.28 39.55 39.77 39.89 39.89 40.01 40.47 40.89 41.2 41.79 42.44 42.91 43.2 43.66 43.93 44.01 44 43.96 43.91 43.88 43.89 43.88 43.83 43.82 43.84 43.84 43.82 43.83 43.81 43.66 43.49 43.25 42.75 42.21 41.86 41.58 41.11 40.76 40.57 40.52 40.45 40.33 40.05 39.63 39.31 39.19 39.13 39.07 39.1 39.13 39.19 39.42 39.78 40.01 40.11 40.24 40.31 40.37 40.36 40.31 40.18 40.05 39.97 39.86 39.81 39.79 39.77 39.73 39.69 39.66 39.6 39.53 39.48
38.3 38.42 38.62 38.88 39.08 39.23 39.53 39.8 39.94 40.03 40.35 40.93 41.34 41.66 42.28 42.91 43.32 43.57 43.9 44.01 44 43.96 43.91 43.88 43.87 43.88 43.88 43.82 43.81 43.83 43.83 43.83 43.81 43.71 43.4 43.12 42.84 42.3 41.78 41.46 41.22 40.82 40.58 40.47 40.45 40.41 40.32 40.04 39.43 38.95 38.77 38.71 38.8 39.23 39.57 39.66 39.88 40.16 40.29 40.3 40.32 40.36 40.39 40.33 40.2 40.07 39.97 39.92 39.86 39.83 39.81 39.78 39.74 39.7 39.67 39.6 39.53 39.5
38.54 38.64 38.81 39.03 39.19 39.31 39.57 39.88 40.08 40.28 40.76 41.37 41.79 42.12 42.75 43.28 43.6 43.83 44.02 44.04 44 43.93 43.88 43.86 43.85 43.87 43.88 43.83 43.81 43.81 43.81 43.8 43.73 43.46 42.99 42.63 42.35 41.82 41.31 40.97 40.8 40.55 40.45 40.42 40.4 40.27 40.08 39.81 39.26 38.74 38.5 38.51 38.79 39.45 39.96 40.13 40.34 40.46 40.47 40.39 40.31 40.33 40.36 40.28 40.09 39.97 39.92 39.88 39.86 39.85 39.84 39.8 39.74 39.71 39.68 39.62 39.55 39.52
38.76 38.85 39.01 39.21 39.37 39.45 39.67 40.03 40.34 40.61 41.16 41.77 42.21 42.58 43.19 43.56 43.77 43.96 44.02 44 43.97 43.92 43.89 43.87 43.86 43.87 43.87 43.83 43.81 43.78 43.72 43.67 43.51 43.02 42.36 41.94 41.67 41.23 40.84 40.59 40.46 40.33 40.27 40.25 40.18 39.97 39.72 39.45 38.95 38.57 38.44 38.58 39.06 39.75 40.23 40.4 40.53 40.49 40.44 40.36 40.26 40.25 40.26 40.19 40.04 39.93 39.9 39.88 39.88 39.89 39.87 39.81 39.74 39.7 39.67 39.63 39.58 39.55
38.96 39.04 39.18 39.34 39.46 39.56 39.83 40.28 40.65 40.96 41.57 42.15 42.57 43.02 43.58 43.83 43.93 44.01 43.98 43.93 43.9 43.88 43.9 43.89 43.89 43.87 43.84 43.82 43.81 43.7 43.46 43.26 43.01 42.39 41.76 41.37 41.03 40.7 40.51 40.45 40.33 40.14 39.98 39.91 39.77 39.54 39.31 39.05 38.61 38.49 38.67 38.93 39.5 40.14 40.52 40.56 40.54 40.46 40.41 40.33 40.24 40.21 40.19 40.12 40 39.94 39.92 39.9 39.9 39.91 39.87 39.8 39.73 39.68 39.67 39.63 39.59 39.56
39.1 39.16 39.26 39.38 39.48 39.67 40.1 40.6 40.96 41.32 41.96 42.46 42.84 43.4 43.85 44.01 44.02 44.02 43.95 43.87 43.82 43.81 43.89 43.89 43.88 43.86 43.82 43.81 43.75 43.51 43.06 42.7 42.4 41.8 41.38 41.09 40.69 40.46 40.38 40.32 40.17 39.9 39.66 39.53 39.34 39.1 38.89 38.67 38.4 38.57 38.92 39.25 39.88 40.41 40.64 40.63 40.54 40.45 40.4 40.32 40.23 40.18 40.14 40.05 39.97 39.95 39.93 39.91 39.9 39.88 39.84 39.77 39.71 39.67 39.66 39.62 39.59 39.56
39.2 39.23 39.28 39.43 39.59 39.85 40.39 40.85 41.18 41.68 42.35 42.84 43.17 43.71 44 44.05 44.03 44 43.94 43.85 43.76 43.74 43.86 43.87 43.85 43.85 43.82 43.79 43.61 43.21 42.77 42.39 41.94 41.39 41.04 40.83 40.52 40.32 40.25 40.12 39.88 39.66 39.47 39.29 38.98 38.7 38.5 38.39 38.4 38.84 39.28 39.61 40.16 40.52 40.65 40.64 40.52 40.44 40.39 40.29 40.19 40.12 40.07 39.99 39.94 39.93 39.92 39.89 39.86 39.81 39.79 39.73 39.67 39.64 39.63 39.6 39.57 39.56
39.28 39.28 39.31 39.51 39.77 40.1 40.68 41.09 41.43 42.1 42.83 43.29 43.56 43.92 44.02 43.99 43.97 43.96 43.94 43.87 43.77 43.73 43.84 43.86 43.88 43.89 43.85 43.71 43.37 42.85 42.46 42.12 41.5 41 40.75 40.62 40.41 40.16 39.98 39.81 39.54 39.37 39.25 39.08 38.72 38.44 38.33 38.39 38.67 39.23 39.7 39.97 40.29 40.48 40.55 40.57 40.48 40.4 40.35 40.24 40.13 40.06 40.01 39.95 39.93 39.91 39.9 39.88 39.83 39.78 39.76 39.72 39.66 39.63 39.61 39.59 39.57 39.57
39.35 39.33 39.41 39.67 39.99 40.46 41.07 41.47 41.86 42.69 43.42 43.76 43.89 44.02 43.98 43.91 43.9 43.92 43.92 43.88 43.83 43.79 43.82 43.84 43.88 43.88 43.78 43.55 43.02 42.39 41.95 41.59 41 40.61 40.39 40.3 40.14 39.9 39.7 39.51 39.21 39.03 38.94 38.83 38.56 38.4 38.47 38.74 39.21 39.67 40.02 40.27 40.36 40.42 40.45 40.48 40.42 40.35 40.27 40.14 40.05 40 39.96 39.92 39.91 39.89 39.88 39.85 39.81 39.78 39.77 39.73 39.68 39.64 39.61 39.59 39.57 39.57
39.44 39.45 39.64 39.99 40.4 41.01 41.67 42.1 42.52 43.32 43.88 44.07 44.09 44.03 43.95 43.93 43.91 43.88 43.87 43.86 43.85 43.82 43.81 43.84 43.84 43.71 43.5 43.22 42.59 41.81 41.25 40.85 40.34 40.15 40.01 39.94 39.82 39.63 39.45 39.23 38.88 38.68 38.6 38.55 38.46 38.47 38.73 39.28 39.83 40.17 40.34 40.45 40.41 40.38 40.38 40.37 40.32 40.26 40.18 40.04 39.97 39.95 39.93 39.91 39.89 39.88 39.86 39.82 39.79 39.78 39.76 39.73 39.68 39.64 39.59 39.57 39.56 39.56
39.58 39.77 40.11 40.49 40.9 41.57 42.29 42.76 43.14 43.74 44.03 44.11 44.08 44 43.96 43.95 43.92 43.85 43.82 43.82 43.83 43.84 43.87 43.87 43.77 43.46 43.13 42.81 42.09 41.14 40.4 39.99 39.64 39.69 39.64 39.58 39.48 39.34 39.2 38.97 38.58 38.39 38.36 38.44 38.58 38.7 39.03 39.73 40.29 40.54 40.57 40.51 40.4 40.33 40.3 40.25 40.2 40.16 40.11 40.01 39.95 39.93 39.93 39.91 39.88 39.87 39.85 39.82 39.81 39.79 39.75 39.71 39.67 39.64 39.6 39.57 39.56 39.56
39.77 40.17 40.65 40.98 41.31 42.02 42.75 43.22 43.53 43.97 44.07 44.03 43.98 43.94 43.96 43.95 43.91 43.83 43.8 43.79 43.81 43.86 43.89 43.83 43.59 43.13 42.73 42.36 41.56 40.5 39.65 39.22 38.96 39.19 39.25 39.21 39.12 39.02 38.95 38.79 38.51 38.42 38.52 38.86 39.17 39.26 39.49 40.05 40.49 40.6 40.56 40.45 40.35 40.29 40.24 40.17 40.12 40.09 40.05 39.99 39.94 39.91 39.91 39.9 39.89 39.87 39.85 39.83 39.82 39.79 39.74 39.7 39.67 39.65 39.62 39.59 39.58 39.57
40.02 40.49 41.03 41.4 41.74 42.46 43.17 43.61 43.83 44.06 44.02 43.93 43.9 43.91 43.94 43.93 43.89 43.84 43.83 43.82 43.82 43.84 43.81 43.67 43.28 42.72 42.28 41.89 41.06 39.98 39.12 38.71 38.46 38.77 38.95 38.92 38.84 38.78 38.84 38.97 39.03 39.16 39.34 39.69 39.91 39.91 39.98 40.27 40.51 40.5 40.44 40.35 40.29 40.25 40.19 40.1 40.04 40.02 40 39.96 39.93 39.91 39.9 39.88 39.85 39.84 39.83 39.82 39.8 39.78 39.74 39.71 39.68 39.66 39.62 39.59 39.57 39.56
40.29 40.8 41.4 41.82 42.19 42.89 43.51 43.84 43.98 44.06 43.98 43.92 43.89 43.88 43.89 43.89 43.89 43.88 43.86 43.85 43.84 43.77 43.65 43.42 42.89 42.26 41.81 41.44 40.64 39.6 38.83 38.53 38.35 38.64 38.91 38.94 38.93 38.93 39.1 39.51 39.9 40.17 40.28 40.38 40.41 40.41 40.38 40.41 40.44 40.36 40.33 40.28 40.23 40.19 40.14 40.05 39.99 39.96 39.96 39.94 39.92 39.9 39.87 39.84 39.82 39.81 39.81 39.8 39.78 39.76 39.73 39.71 39.69 39.67 39.63 39.59 39.55 39.54
40.55 41.14 41.79 42.23 42.61 43.28 43.76 43.96 44.02 44.03 43.97 43.94 43.9 43.87 43.86 43.86 43.88 43.87 43.86 43.85 43.8 43.62 43.37 43.05 42.4 41.76 41.33 41.03 40.34 39.44 38.82 38.69 38.67 38.84 39.06 39.22 39.38 39.52 39.75 40.21 40.59 40.82 40.83 40.79 40.75 40.67 40.59 40.46 40.36 40.29 40.27 40.23 40.18 40.15 40.11 40.03 39.97 39.95 39.94 39.93 39.91 39.89 39.86 39.83 39.8 39.8 39.8 39.79 39.78 39.75 39.73 39.71 39.68 39.67 39.66 39.62 39.58 39.57
40.86 41.51 42.2 42.67 43.03 43.6 43.93 44.04 44.03 43.99 43.95 43.94 43.9 43.88 43.86 43.86 43.86 43.87 43.86 43.8 43.63 43.29 42.95 42.52 41.77 41.21 40.88 40.66 40.16 39.56 39.12 39 39.12 39.17 39.27 39.54 39.91 40.21 40.44 40.81 41.04 41.16 41.1 40.92 40.74 40.57 40.49 40.37 40.3 40.26 40.23 40.18 40.13 40.1 40.06 40.01 39.98 39.97 39.95 39.93 39.9 39.89 39.86 39.82 39.8 39.79 39.79 39.78 39.78 39.75 39.73 39.73 39.7 39.68 39.67 39.65 39.64 39.62
41.22 41.9 42.56 43.03 43.39 43.82 44 44.05 44.03 43.96 43.92 43.91 43.9 43.88 43.88 43.86 43.85 43.85 43.79 43.6 43.22 42.72 42.33 41.91 41.23 40.79 40.56 40.38 40 39.7 39.46 39.31 39.45 39.5 39.59 39.84 40.29 40.69 40.89 41.12 41.18 41.16 41.05 40.8 40.59 40.47 40.41 40.33 40.27 40.24 40.2 40.13 40.09 40.06 40.02 39.99 39.98 39.97 39.95 39.91 39.88 39.87 39.84 39.81 39.8 39.79 39.78 39.77 39.77 39.76 39.74 39.74 39.72 39.7 39.68 39.66 39.65 39.64
41.63 42.32 42.87 43.26 43.67 43.93 44 44.02 43.99 43.92 43.9 43.89 43.87 43.86 43.86 43.85 43.82 43.72 43.54 43.25 42.71 42.1 41.69 41.41 40.93 40.59 40.41 40.2 39.87 39.61 39.55 39.6 39.71 39.74 39.81 39.98 40.36 40.76 41 41.24 41.17 41.06 40.91 40.65 40.48 40.4 40.35 40.28 40.25 40.22 40.16 40.09 40.06 40.03 39.99 39.98 39.98 39.96 39.92 39.87 39.85 39.84 39.81 39.79 39.79 39.78 39.77 39.77 39.76 39.75 39.74 39.74 39.73 39.71 39.68 39.65 39.65 39.63
42.05 42.73 43.19 43.49 43.86 43.98 44 43.99 43.95 43.91 43.93 43.91 43.85 43.84 43.88 43.87 43.76 43.49 43.21 42.9 42.3 41.75 41.39 41.05 40.66 40.43 40.29 40.05 39.73 39.47 39.55 39.81 39.88 39.86 39.9 40.06 40.35 40.64 40.87 41.13 41.04 40.88 40.75 40.56 40.44 40.36 40.3 40.24 40.2 40.17 40.11 40.05 40.03 40.01 39.98 39.97 39.97 39.95 39.88 39.82 39.81 39.81 39.8 39.78 39.77 39.77 39.76 39.76 39.76 39.76 39.75 39.74 39.74 39.74 39.71 39.67 39.66 39.65
42.53 43.12 43.48 43.7 43.96 43.98 43.97 43.95 43.92 43.94 43.98 43.94 43.86 43.86 43.92 43.86 43.62 43.26 42.94 42.51 41.89 41.45 41.16 40.74 40.43 40.26 40.13 39.86 39.59 39.46 39.64 39.99 40.06 39.98 39.98 40.1 40.36 40.57 40.74 40.95 40.92 40.78 40.66 40.52 40.44 40.37 40.27 40.19 40.14 40.1 40.03 40 39.99 39.99 39.99 39.97 39.95 39.92 39.85 39.79 39.78 39.77 39.76 39.77 39.78 39.78 39.77 39.76 39.77 39.78 39.75 39.73 39.73 39.74 39.72 39.7 39.68 39.66
43.13 43.57 43.77 43.88 43.99 43.93 43.88 43.88 43.91 43.93 43.95 43.92 43.85 43.84 43.86 43.72 43.34 43 42.69 42.12 41.5 41.09 40.86 40.51 40.25 40.11 39.96 39.66 39.53 39.6 39.82 40.16 40.2 40.08 40.04 40.1 40.35 40.54 40.67 40.82 40.83 40.76 40.62 40.46 40.41 40.34 40.22 40.14 40.07 40.03 39.97 39.96 39.97 39.98 39.98 39.95 39.92 39.88 39.81 39.77 39.76 39.76 39.77 39.78 39.78 39.78 39.78 39.77 39.76 39.75 39.76 39.75 39.74 39.74 39.72 39.71 39.69 39.67
43.63 43.9 43.98 44.01 43.98 43.88 43.82 43.86 43.91 43.89 43.9 43.88 43.83 43.8 43.76 43.52 43.02 42.64 42.33 41.76 41.18 40.83 40.64 40.33 40.11 39.98 39.82 39.59 39.65 39.82 40.04 40.35 40.36 40.23 40.14 40.15 40.33 40.48 40.6 40.66 40.66 40.63 40.49 40.33 40.29 40.24 40.15 40.06 40 39.97 39.95 39.97 39.98 39.99 39.97 39.93 39.9 39.87 39.82 39.79 39.79 39.79 39.8 39.79 39.79 39.78 39.78 39.77 39.75 39.72 39.74 39.75 39.74 39.73 39.73 39.73 39.71 39.68
43.85 43.96 43.97 43.99 43.98 43.91 43.86 43.88 43.89 43.87 43.85 43.84 43.79 43.71 43.59 43.23 42.67 42.27 41.96 41.4 40.9 40.6 40.44 40.18 39.99 39.87 39.76 39.68 39.87 40.07 40.25 40.5 40.5 40.39 40.28 40.24 40.34 40.42 40.45 40.41 40.38 40.34 40.27 40.19 40.16 40.13 40.06 40 39.97 39.97 39.97 39.99 39.99 39.98 39.96 39.92 39.89 39.87 39.83 39.82 39.81 39.79 39.79 39.8 39.79 39.77 39.77 39.77 39.75 39.72 39.71 39.72 39.72 39.73 39.73 39.73 39.72 39.7
43.98 43.98 43.95 43.96 43.99 43.97 43.93 43.9 43.86 43.85 43.83 43.81 43.74 43.59 43.36 42.88 42.3 41.89 41.61 41.09 40.65 40.42 40.28 40.04 39.85 39.75 39.75 39.83 40.06 40.26 40.42 40.58 40.57 40.47 40.3 40.25 40.33 40.36 40.32 40.24 40.2 40.16 40.12 40.1 40.07 40.05 40.01 39.98 39.97 39.97 39.99 39.99 39.97 39.96 39.93 39.88 39.87 39.86 39.83 39.83 39.82 39.8 39.79 39.8 39.79 39.77 39.77 39.77 39.76 39.73 39.72 39.72 39.72 39.72 39.72 39.72 39.72 39.71
44.04 44.01 43.96 43.94 43.95 43.97 43.94 43.89 43.85 43.85 43.83 43.8 43.65 43.39 43.08 42.48 41.89 41.51 41.26 40.82 40.44 40.26 40.14 39.91 39.74 39.72 39.8 39.96 40.15 40.33 40.49 40.58 40.57 40.47 40.26 40.2 40.29 40.3 40.26 40.2 40.15 40.12 40.09 40.04 39.99 39.97 39.96 39.98 39.97 39.97 39.97 39.96 39.95 39.95 39.91 39.86 39.85 39.86 39.84 39.83 39.82 39.79 39.78 39.79 39.78 39.76 39.75 39.75 39.74 39.74 39.74 39.73 39.72 39.7 39.71 39.71 39.71 39.71
44.03 44.02 43.98 43.95 43.92 43.92 43.9 43.87 43.85 43.86 43.85 43.75 43.44 43.09 42.74 42.08 41.48 41.13 40.91 40.54 40.23 40.07 39.94 39.76 39.75 39.83 39.92 40.06 40.18 40.31 40.49 40.55 40.53 40.46 40.3 40.22 40.26 40.24 40.16 40.13 40.11 40.08 40.05 40 39.94 39.92 39.93 39.96 39.98 39.98 39.97 39.93 39.93 39.92 39.89 39.87 39.85 39.84 39.84 39.83 39.81 39.79 39.8 39.79 39.78 39.76 39.74 39.74 39.73 39.74 39.75 39.74 39.72 39.7 39.7 39.69 39.69 39.69
43.98 43.99 43.99 43.96 43.91 43.88 43.86 43.85 43.86 43.87 43.81 43.59 43.13 42.69 42.32 41.68 41.1 40.75 40.56 40.24 39.99 39.82 39.71 39.68 39.82 39.95 40.05 40.14 40.2 40.3 40.48 40.55 40.52 40.46 40.34 40.22 40.18 40.13 40.06 40.07 40.08 40.04 39.99 39.97 39.94 39.93 39.93 39.96 39.97 39.98 39.96 39.93 39.92 39.91 39.88 39.88 39.86 39.83 39.82 39.8 39.8 39.8 39.8 39.8 39.79 39.78 39.77 39.76 39.75 39.74 39.74 39.74 39.74 39.72 39.71 39.69 39.67 39.67
43.93 43.95 43.96 43.96 43.9 43.85 43.84 43.84 43.83 43.79 43.65 43.25 42.69 42.17 41.75 41.24 40.78 40.49 40.3 40.02 39.82 39.67 39.61 39.74 39.9 40.01 40.15 40.21 40.26 40.35 40.5 40.55 40.51 40.46 40.33 40.17 40.09 40.06 40.03 40.02 40.03 40 39.95 39.94 39.95 39.96 39.97 39.99 40 39.98 39.95 39.92 39.91 39.89 39.87 39.86 39.85 39.83 39.82 39.8 39.8 39.81 39.8 39.79 39.79 39.8 39.8 39.8 39.79 39.75 39.73 39.73 39.74 39.74 39.73 39.71 39.69 39.68
43.91 43.92 43.92 43.9 43.86 43.83 43.83 43.83 43.7 43.52 43.26 42.7 42.09 41.59 41.23 40.83 40.52 40.33 40.16 39.86 39.69 39.64 39.66 39.85 40.02 40.12 40.25 40.32 40.39 40.46 40.55 40.53 40.47 40.41 40.29 40.15 40.07 40.06 40.04 40.01 40 39.97 39.93 39.93 39.95 39.97 39.99 40.01 40.01 39.99 39.95 39.91 39.89 39.86 39.84 39.83 39.83 39.83 39.83 39.82 39.81 39.81 39.8 39.8 39.79 39.79 39.8 39.81 39.82 39.78 39.74 39.74 39.74 39.74 39.74 39.73 39.71 39.69
43.92 43.93 43.91 43.85 43.82 43.84 43.84 43.77 43.48 43.14 42.79 42.15 41.54 41.15 40.95 40.59 40.3 40.14 39.96 39.73 39.63 39.67 39.79 39.97 40.16 40.26 40.37 40.45 40.52 40.56 40.57 40.48 40.39 40.33 40.24 40.15 40.07 40.06 40.03 40 39.98 39.93 39.92 39.93 39.94 39.97 39.99 39.99 39.98 39.97 39.94 39.88 39.86 39.84 39.82 39.82 39.82 39.83 39.84 39.84 39.84 39.82 39.81 39.81 39.79 39.79 39.78 39.79 39.8 39.8 39.77 39.77 39.75 39.72 39.73 39.73 39.71 39.67
43.9 43.91 43.9 43.84 43.81 43.86 43.84 43.65 43.19 42.76 42.41 41.78 41.26 40.94 40.73 40.43 40.16 39.99 39.76 39.69 39.77 39.84 39.93 40.08 40.27 40.37 40.47 40.52 40.59 40.61 40.56 40.41 40.3 40.24 40.15 40.1 40.06 40.03 40 39.98 39.96 39.91 39.92 39.94 39.95 39.96 39.96 39.96 39.93 39.9 39.89 39.85 39.85 39.85 39.82 39.81 39.82 39.83 39.84 39.85 39.84 39.83 39.81 39.8 39.79 39.78 39.78 39.78 39.78 39.8 39.8 39.8 39.79 39.74 39.72 39.72 39.72 39.7
43.88 43.87 43.85 43.82 43.83 43.85 43.76 43.4 42.8 42.35 42.02 41.41 40.98 40.74 40.5 40.29 40.04 39.84 39.64 39.75 39.93 39.98 40.03 40.16 40.3 40.4 40.5 40.55 40.61 40.62 40.53 40.37 40.25 40.16 40.05 40.01 39.99 39.97 39.96 39.96 39.93 39.9 39.93 39.95 39.95 39.94 39.93 39.92 39.89 39.85 39.85 39.85 39.85 39.85 39.83 39.82 39.82 39.84 39.84 39.84 39.83 39.83 39.84 39.84 39.8 39.77 39.77 39.77 39.78 39.79 39.79 39.8 39.81 39.77 39.75 39.74 39.72 39.71
43.87 43.85 43.82 43.8 43.8 43.76 43.53 43 42.44 42.04 41.64 41.05 40.63 40.44 40.28 40.11 39.91 39.78 39.71 39.91 40.08 40.09 40.13 40.26 40.37 40.43 40.49 40.57 40.65 40.61 40.48 40.33 40.23 40.08 39.95 39.9 39.89 39.89 39.91 39.91 39.91 39.91 39.94 39.96 39.95 39.92 39.9 39.89 39.86 39.84 39.83 39.82 39.82 39.82 39.81 39.83 39.86 39.85 39.84 39.85 39.85 39.85 39.87 39.86 39.83 39.8 39.77 39.77 39.79 39.8 39.79 39.79 39.79 39.79 39.78 39.76 39.73 39.71
43.85 43.84 43.83 43.8 43.72 43.56 43.18 42.57 42.13 41.81 41.29 40.72 40.33 40.19 40.07 39.92 39.74 39.73 39.84 40.04 40.17 40.18 40.24 40.4 40.5 40.5 40.51 40.59 40.65 40.57 40.4 40.27 40.17 39.99 39.85 39.81 39.82 39.85 39.88 39.91 39.93 39.95 39.96 39.97 39.94 39.89 39.86 39.84 39.83 39.82 39.82 39.8 39.8 39.81 39.81 39.84 39.87 39.86 39.85 39.86 39.87 39.86 39.85 39.86 39.85 39.82 39.8 39.8 39.8 39.79 39.79 39.78 39.78 39.78 39.79 39.77 39.73 39.71
43.84 43.82 43.82 43.74 43.6 43.35 42.79 42.15 41.74 41.46 40.94 40.43 40.1 39.98 39.85 39.72 39.62 39.69 39.88 40.09 40.23 40.26 40.35 40.52 40.61 40.59 40.56 40.59 40.55 40.39 40.25 40.14 40.04 39.89 39.82 39.82 39.85 39.89 39.93 39.96 39.96 39.95 39.96 39.94 39.91 39.86 39.82 39.78 39.79 39.81 39.82 39.8 39.8 39.82 39.84 39.85 39.86 39.87 39.87 39.88 39.88 39.88 39.87 39.86 39.86 39.85 39.82 39.81 39.81 39.79 39.78 39.78 39.78 39.79 39.79 39.78 39.75 39.72
