slabs/67.grd
DSAA
631 301
645780 646410
4947800 4948100
37.78 49.6
[rows 105 to 139 of 300, columns 156 to 233 of 631]
40 39.95 39.91 39.88 39.88 39.87 39.87 39.92 39.94 39.94 39.83 39.67 39.64 39.71 39.84 39.9 39.94 40.01 40.07 40.1 40.1 40.13 40.16 40.15 40.11 40.1 40.1 40.1 40.12 40.12 40.11 40.13 40.15 40.17 40.21 40.23 40.24 40.22 40.19 40.18 40.16 40.12 40.1 40.1 40.11 40.11 40.11 40.1 40.1 40.1 40.13 40.15 40.13 40.14 40.14 40.12 40.11 40.11 40.13 40.04 39.75 39.53 39.68 39.92 39.93 39.9 39.93 40.02 40.04 40.03 40.03 40.04 40.06 40.07 40.07 40.06 40.07 40.07
40 39.94 39.9 39.87 39.88 39.9 39.88 39.88 39.92 39.96 39.89 39.77 39.65 39.6 39.8 39.92 39.96 40.03 40.08 40.1 40.1 40.12 40.15 40.13 40.1 40.09 40.09 40.11 40.13 40.13 40.11 40.13 40.16 40.16 40.19 40.21 40.24 40.22 40.21 40.21 40.19 40.16 40.13 40.12 40.14 40.13 40.12 40.1 40.12 40.13 40.14 40.15 40.14 40.14 40.16 40.17 40.16 40.12 40.12 40.06 39.8 39.53 39.63 39.85 39.93 39.92 39.94 39.99 40.03 40.05 40.07 40.06 40.06 40.05 40.06 40.06 40.08 40.07
39.99 39.95 39.91 39.86 39.87 39.91 39.89 39.87 39.91 39.97 39.94 39.87 39.72 39.61 39.78 39.9 39.95 40.01 40.06 40.07 40.08 40.1 40.12 40.12 40.1 40.09 40.09 40.11 40.13 40.14 40.13 40.14 40.16 40.16 40.15 40.18 40.21 40.22 40.23 40.23 40.22 40.21 40.17 40.15 40.17 40.16 40.15 40.13 40.11 40.09 40.11 40.14 40.13 40.13 40.15 40.17 40.14 40.11 40.11 40.06 39.91 39.71 39.68 39.8 39.92 39.94 39.95 39.97 40 40.04 40.07 40.06 40.04 40.05 40.06 40.08 40.11 40.09
40.01 39.97 39.95 39.92 39.9 39.9 39.88 39.85 39.89 39.96 39.96 39.92 39.78 39.66 39.74 39.84 39.92 39.99 40.02 40.04 40.05 40.07 40.1 40.12 40.1 40.07 40.09 40.1 40.1 40.12 40.13 40.13 40.15 40.16 40.15 40.16 40.18 40.2 40.21 40.21 40.2 40.19 40.18 40.16 40.16 40.15 40.16 40.15 40.11 40.06 40.07 40.12 40.13 40.13 40.14 40.16 40.14 40.12 40.11 40.1 40.06 39.9 39.72 39.78 39.95 39.97 39.97 39.97 39.98 40.03 40.07 40.06 40.05 40.06 40.06 40.08 40.1 40.09
40.02 39.97 39.96 39.95 39.92 39.89 39.89 39.87 39.89 39.95 39.98 39.95 39.84 39.72 39.72 39.8 39.91 39.98 40 40.01 40.03 40.06 40.09 40.11 40.1 40.08 40.09 40.09 40.09 40.09 40.11 40.11 40.13 40.14 40.16 40.18 40.17 40.18 40.2 40.19 40.16 40.15 40.16 40.17 40.14 40.12 40.14 40.16 40.12 40.09 40.09 40.12 40.13 40.11 40.12 40.15 40.14 40.13 40.13 40.14 40.14 40.03 39.77 39.77 39.97 40 39.97 39.96 39.98 40.01 40.06 40.07 40.07 40.07 40.06 40.07 40.07 40.07
40 39.97 39.95 39.93 39.91 39.89 39.9 39.89 39.88 39.93 39.99 39.98 39.9 39.79 39.73 39.77 39.88 39.95 39.97 39.99 40.03 40.07 40.09 40.1 40.11 40.1 40.09 40.09 40.1 40.1 40.11 40.1 40.11 40.12 40.15 40.19 40.19 40.19 40.21 40.2 40.15 40.14 40.16 40.18 40.16 40.14 40.14 40.15 40.12 40.1 40.11 40.14 40.14 40.12 40.13 40.15 40.12 40.12 40.13 40.13 40.16 40.08 39.83 39.73 39.92 39.98 39.99 39.95 39.95 39.98 40.03 40.06 40.07 40.07 40.08 40.07 40.06 40.05
39.99 39.98 39.96 39.96 39.94 39.9 39.91 39.91 39.89 39.9 39.98 39.98 39.93 39.81 39.73 39.73 39.8 39.91 39.94 39.96 40.03 40.06 40.04 40.07 40.11 40.11 40.09 40.09 40.09 40.1 40.11 40.1 40.11 40.14 40.15 40.17 40.19 40.19 40.21 40.22 40.16 40.13 40.16 40.18 40.17 40.16 40.15 40.15 40.14 40.13 40.13 40.15 40.14 40.13 40.14 40.13 40.11 40.1 40.1 40.11 40.13 40.1 39.87 39.72 39.81 39.89 40.01 39.95 39.91 39.94 39.99 40.03 40.06 40.08 40.08 40.06 40.06 40.07
39.98 39.99 39.98 39.99 39.96 39.91 39.91 39.93 39.9 39.88 39.94 39.97 39.94 39.8 39.67 39.65 39.74 39.88 39.92 39.95 40.02 40.04 40.01 40.05 40.11 40.1 40.09 40.09 40.09 40.12 40.14 40.13 40.12 40.15 40.16 40.17 40.18 40.19 40.2 40.19 40.16 40.14 40.16 40.19 40.17 40.16 40.15 40.15 40.16 40.15 40.14 40.15 40.15 40.14 40.14 40.12 40.1 40.09 40.09 40.1 40.1 40.11 39.97 39.74 39.63 39.75 39.97 39.94 39.87 39.9 39.98 40.03 40.06 40.07 40.06 40.06 40.08 40.1
39.97 39.98 39.98 40 39.98 39.9 39.88 39.92 39.92 39.87 39.9 39.94 39.96 39.83 39.64 39.58 39.65 39.83 39.89 39.92 40 40.06 40.06 40.07 40.1 40.09 40.1 40.11 40.11 40.13 40.14 40.13 40.11 40.14 40.15 40.16 40.19 40.21 40.2 40.18 40.15 40.12 40.16 40.19 40.17 40.15 40.16 40.16 40.16 40.16 40.15 40.14 40.15 40.15 40.15 40.14 40.12 40.11 40.1 40.08 40.08 40.1 40.04 39.74 39.5 39.64 39.9 39.93 39.88 39.9 39.97 40.04 40.07 40.07 40.04 40.05 40.06 40.09
39.98 39.99 39.98 40.02 40.03 39.93 39.87 39.9 39.93 39.91 39.9 39.93 39.98 39.88 39.72 39.6 39.58 39.78 39.87 39.92 40.01 40.08 40.09 40.08 40.08 40.08 40.1 40.11 40.11 40.13 40.15 40.14 40.13 40.15 40.14 40.16 40.2 40.22 40.21 40.19 40.16 40.12 40.14 40.18 40.17 40.16 40.16 40.16 40.16 40.16 40.15 40.13 40.14 40.14 40.14 40.16 40.16 40.15 40.11 40.08 40.09 40.09 40.01 39.75 39.54 39.63 39.84 39.94 39.93 39.93 39.98 40.06 40.08 40.07 40.04 40.02 40.04 40.07
40 39.99 39.98 40.01 40.04 39.96 39.88 39.89 39.92 39.92 39.89 39.93 39.98 39.92 39.81 39.68 39.62 39.78 39.87 39.93 40.02 40.08 40.09 40.08 40.08 40.08 40.1 40.11 40.11 40.15 40.16 40.15 40.16 40.15 40.15 40.16 40.19 40.2 40.2 40.2 40.18 40.15 40.15 40.18 40.18 40.17 40.15 40.14 40.14 40.14 40.13 40.12 40.12 40.12 40.13 40.15 40.16 40.15 40.13 40.1 40.1 40.1 40.04 39.88 39.71 39.64 39.75 39.91 39.95 39.95 39.96 40.02 40.04 40.06 40.05 40.04 40.05 40.06
39.98 39.98 39.96 39.96 39.98 39.95 39.89 39.88 39.91 39.91 39.87 39.89 39.95 39.95 39.89 39.75 39.64 39.73 39.81 39.91 40.01 40.07 40.08 40.09 40.09 40.08 40.1 40.11 40.1 40.14 40.14 40.14 40.14 40.12 40.14 40.17 40.18 40.19 40.2 40.2 40.19 40.17 40.16 40.18 40.19 40.18 40.15 40.12 40.1 40.1 40.12 40.15 40.13 40.13 40.15 40.17 40.16 40.15 40.13 40.1 40.09 40.09 40.08 40.05 39.92 39.7 39.71 39.91 39.96 39.96 39.94 39.98 40.02 40.08 40.07 40.05 40.05 40.05
39.95 39.99 39.97 39.95 39.96 39.97 39.93 39.9 39.9 39.92 39.9 39.89 39.92 39.94 39.9 39.76 39.6 39.61 39.72 39.88 39.98 40.03 40.06 40.08 40.09 40.09 40.11 40.12 40.1 40.12 40.12 40.12 40.13 40.11 40.13 40.16 40.17 40.18 40.18 40.19 40.19 40.18 40.18 40.19 40.17 40.17 40.15 40.12 40.1 40.11 40.14 40.17 40.18 40.17 40.16 40.17 40.18 40.16 40.12 40.12 40.12 40.1 40.08 40.08 40.01 39.79 39.72 39.91 39.97 39.98 39.95 39.97 40.02 40.08 40.08 40.06 40.04 40.04
39.97 40 39.99 39.98 39.98 39.99 39.96 39.93 39.91 39.92 39.91 39.88 39.9 39.94 39.92 39.79 39.6 39.56 39.67 39.86 39.96 40.01 40.04 40.08 40.11 40.13 40.13 40.11 40.11 40.11 40.11 40.11 40.13 40.13 40.14 40.15 40.15 40.14 40.15 40.19 40.18 40.19 40.2 40.18 40.16 40.16 40.15 40.13 40.13 40.14 40.14 40.14 40.14 40.15 40.15 40.16 40.18 40.17 40.14 40.12 40.12 40.09 40.08 40.08 40.05 39.86 39.72 39.84 39.94 39.98 39.95 39.94 39.99 40.06 40.07 40.06 40.05 40.05
39.98 40 39.99 39.98 39.99 40.02 40 39.95 39.9 39.92 39.92 39.89 39.9 39.95 39.94 39.84 39.65 39.55 39.64 39.84 39.94 39.99 40.02 40.06 40.1 40.14 40.13 40.1 40.11 40.11 40.11 40.11 40.12 40.14 40.15 40.13 40.12 40.12 40.13 40.18 40.2 40.2 40.2 40.18 40.18 40.19 40.17 40.15 40.14 40.14 40.14 40.11 40.11 40.13 40.15 40.15 40.17 40.18 40.16 40.14 40.12 40.11 40.12 40.12 40.09 39.92 39.73 39.74 39.85 39.96 39.94 39.9 39.95 40.04 40.06 40.06 40.05 40.05
39.99 39.99 39.97 39.96 39.98 40.02 40.03 39.96 39.89 39.91 39.92 39.91 39.92 39.97 39.97 39.9 39.72 39.59 39.66 39.82 39.93 39.99 40 40.04 40.08 40.1 40.11 40.1 40.11 40.11 40.1 40.09 40.08 40.11 40.15 40.13 40.11 40.12 40.14 40.18 40.21 40.22 40.21 40.21 40.22 40.2 40.17 40.17 40.17 40.15 40.14 40.14 40.13 40.13 40.14 40.14 40.16 40.18 40.15 40.13 40.12 40.11 40.13 40.13 40.11 39.98 39.75 39.64 39.75 39.92 39.94 39.91 39.93 40.01 40.05 40.05 40.04 40.05
39.98 39.98 39.97 39.97 39.99 40.01 40.03 39.99 39.91 39.9 39.91 39.91 39.91 39.94 39.96 39.95 39.85 39.77 39.78 39.84 39.92 39.97 39.97 40.01 40.07 40.09 40.09 40.11 40.11 40.11 40.1 40.08 40.08 40.1 40.13 40.13 40.12 40.13 40.17 40.2 40.24 40.23 40.21 40.23 40.23 40.21 40.18 40.19 40.2 40.18 40.16 40.16 40.15 40.14 40.16 40.16 40.16 40.16 40.14 40.12 40.12 40.1 40.1 40.11 40.12 40.06 39.81 39.58 39.64 39.83 39.94 39.94 39.94 39.98 40.02 40.03 40.03 40.06
39.96 39.95 39.97 39.99 40 40.03 40.03 40 39.94 39.9 39.9 39.9 39.88 39.86 39.9 39.97 39.95 39.88 39.82 39.81 39.88 39.9 39.91 39.97 40.04 40.07 40.09 40.11 40.1 40.1 40.1 40.09 40.1 40.1 40.11 40.13 40.1 40.12 40.16 40.21 40.24 40.24 40.23 40.23 40.23 40.22 40.2 40.2 40.2 40.19 40.18 40.17 40.15 40.13 40.15 40.16 40.15 40.14 40.13 40.12 40.11 40.1 40.1 40.1 40.11 40.1 39.91 39.65 39.62 39.73 39.89 39.93 39.94 39.98 40.01 40.02 40.02 40.04
39.96 39.95 39.98 40 40 40.04 40.04 40.01 39.95 39.91 39.9 39.9 39.88 39.81 39.86 39.96 39.96 39.87 39.76 39.69 39.79 39.83 39.89 39.98 40.03 40.06 40.09 40.11 40.11 40.11 40.11 40.11 40.12 40.1 40.1 40.12 40.11 40.12 40.16 40.2 40.2 40.22 40.23 40.23 40.22 40.21 40.2 40.19 40.18 40.18 40.18 40.18 40.15 40.11 40.11 40.12 40.13 40.13 40.12 40.11 40.11 40.11 40.11 40.09 40.07 40.04 39.98 39.84 39.7 39.68 39.83 39.88 39.92 39.96 40 40.02 40.04 40.04
39.99 39.98 40 40.03 40.03 40.03 40.03 40.02 39.98 39.94 39.92 39.92 39.9 39.85 39.87 39.94 39.97 39.94 39.82 39.7 39.75 39.82 39.9 39.99 40.05 40.07 40.08 40.1 40.1 40.11 40.12 40.14 40.14 40.12 40.09 40.1 40.1 40.11 40.15 40.18 40.18 40.21 40.23 40.23 40.22 40.2 40.2 40.18 40.17 40.17 40.17 40.16 40.15 40.11 40.11 40.12 40.13 40.15 40.12 40.1 40.11 40.12 40.12 40.12 40.08 40.03 40.04 39.97 39.75 39.65 39.78 39.85 39.91 39.92 39.96 40 40.05 40.05
40.01 40.01 40.02 40.04 40.05 40.05 40.03 40.01 40 39.97 39.94 39.91 39.9 39.88 39.89 39.93 39.98 39.97 39.87 39.77 39.75 39.81 39.89 39.97 40.04 40.06 40.08 40.09 40.09 40.1 40.11 40.11 40.12 40.12 40.11 40.11 40.11 40.12 40.14 40.17 40.19 40.21 40.21 40.21 40.21 40.2 40.2 40.21 40.19 40.16 40.15 40.15 40.14 40.13 40.14 40.15 40.16 40.16 40.14 40.1 40.1 40.1 40.12 40.13 40.11 40.08 40.11 40.03 39.78 39.65 39.75 39.85 39.92 39.91 39.93 39.98 40.05 40.04
40.01 40.01 40.01 40.01 40.03 40.02 40.01 40.01 40 39.95 39.93 39.9 39.9 39.87 39.87 39.92 39.99 39.99 39.91 39.79 39.71 39.77 39.89 39.95 40.02 40.05 40.08 40.09 40.09 40.09 40.09 40.09 40.08 40.09 40.11 40.12 40.14 40.14 40.15 40.18 40.2 40.2 40.19 40.18 40.19 40.22 40.21 40.2 40.18 40.16 40.15 40.15 40.14 40.12 40.11 40.12 40.13 40.15 40.15 40.12 40.11 40.11 40.12 40.11 40.08 40.1 40.12 40.04 39.79 39.65 39.72 39.83 39.92 39.91 39.91 39.98 40.06 40.04
40.01 40 40 40.01 40.01 39.98 40 40.02 40 39.97 39.93 39.9 39.9 39.9 39.88 39.9 39.97 39.98 39.93 39.8 39.67 39.74 39.86 39.92 39.99 40.03 40.09 40.1 40.1 40.1 40.1 40.09 40.08 40.09 40.11 40.12 40.13 40.14 40.14 40.16 40.17 40.17 40.19 40.21 40.22 40.24 40.21 40.18 40.18 40.18 40.15 40.12 40.13 40.12 40.1 40.11 40.12 40.13 40.16 40.15 40.13 40.13 40.14 40.13 40.09 40.1 40.11 40.07 39.87 39.68 39.69 39.79 39.91 39.9 39.88 39.96 40.04 40.04
40.03 39.99 39.98 39.99 40.02 40.04 40.03 40.02 40.02 40.01 39.96 39.91 39.9 39.9 39.9 39.89 39.91 39.94 39.94 39.8 39.66 39.72 39.84 39.9 39.96 40.01 40.07 40.09 40.07 40.08 40.1 40.11 40.1 40.11 40.12 40.11 40.11 40.12 40.1 40.11 40.13 40.15 40.18 40.21 40.22 40.22 40.21 40.18 40.18 40.18 40.12 40.06 40.07 40.11 40.12 40.13 40.15 40.15 40.17 40.16 40.12 40.12 40.12 40.11 40.09 40.1 40.12 40.11 39.98 39.75 39.63 39.72 39.89 39.93 39.91 39.96 40.03 40.04
40.01 39.97 39.97 39.98 40.01 40.04 40.04 40.03 40.01 40.01 39.98 39.92 39.87 39.89 39.91 39.89 39.89 39.92 39.95 39.81 39.66 39.69 39.79 39.89 39.94 39.98 40.04 40.06 40.05 40.07 40.1 40.11 40.11 40.11 40.11 40.12 40.12 40.12 40.09 40.09 40.1 40.13 40.15 40.17 40.18 40.2 40.2 40.18 40.18 40.17 40.14 40.11 40.1 40.11 40.12 40.13 40.15 40.15 40.16 40.14 40.12 40.11 40.09 40.09 40.08 40.1 40.14 40.14 40.07 39.83 39.6 39.68 39.88 39.98 39.97 39.98 40.03 40.06
40.01 39.98 39.98 40 40.02 40.04 40.04 40.02 39.99 40 39.99 39.91 39.87 39.88 39.91 39.9 39.91 39.94 39.96 39.85 39.75 39.72 39.73 39.86 39.9 39.95 40.01 40.03 40.04 40.06 40.08 40.08 40.08 40.08 40.1 40.13 40.13 40.11 40.11 40.11 40.11 40.12 40.14 40.17 40.18 40.2 40.19 40.19 40.19 40.18 40.17 40.15 40.13 40.12 40.12 40.14 40.15 40.13 40.12 40.13 40.14 40.12 40.09 40.08 40.08 40.1 40.14 40.14 40.1 39.94 39.74 39.72 39.84 40 40 39.97 40 40.05
40.02 40 39.98 40 40.01 40.03 40.04 40.02 39.99 40 39.99 39.93 39.89 39.89 39.9 39.9 39.9 39.92 39.96 39.92 39.86 39.77 39.68 39.8 39.85 39.91 39.98 39.99 40.01 40.06 40.07 40.06 40.06 40.08 40.09 40.11 40.1 40.1 40.13 40.12 40.12 40.12 40.15 40.18 40.2 40.21 40.2 40.2 40.19 40.18 40.18 40.17 40.13 40.12 40.13 40.15 40.17 40.14 40.12 40.13 40.14 40.12 40.1 40.09 40.1 40.12 40.13 40.13 40.13 40.07 39.94 39.76 39.77 39.97 39.99 39.96 39.98 40.02
40.02 40.01 39.99 40 40 40.02 40.04 40.03 40.03 40.03 40.01 39.98 39.96 39.93 39.89 39.86 39.83 39.85 39.92 39.96 39.92 39.8 39.7 39.73 39.8 39.89 39.94 39.94 40 40.07 40.09 40.09 40.09 40.08 40.07 40.06 40.08 40.1 40.11 40.12 40.12 40.13 40.15 40.18 40.21 40.23 40.23 40.23 40.21 40.18 40.19 40.18 40.15 40.13 40.14 40.15 40.17 40.16 40.15 40.14 40.14 40.13 40.12 40.12 40.13 40.13 40.14 40.14 40.14 40.13 40.03 39.78 39.72 39.91 39.95 39.95 39.97 39.99
40.02 40.02 39.99 39.99 40 40 40.02 40.05 40.07 40.06 40.05 40.06 40.06 40 39.9 39.86 39.82 39.82 39.89 39.97 39.96 39.87 39.72 39.62 39.7 39.87 39.94 39.97 40.02 40.09 40.1 40.11 40.1 40.07 40.06 40.03 40.07 40.1 40.1 40.11 40.12 40.13 40.16 40.17 40.2 40.23 40.23 40.23 40.22 40.2 40.18 40.18 40.16 40.14 40.15 40.14 40.15 40.16 40.18 40.16 40.15 40.16 40.16 40.15 40.13 40.13 40.15 40.14 40.13 40.14 40.07 39.84 39.7 39.83 39.9 39.93 39.94 39.96
40.02 40.01 40 39.98 39.98 39.97 39.98 40.04 40.08 40.07 40.06 40.08 40.08 40.01 39.91 39.87 39.87 39.86 39.89 39.96 39.97 39.91 39.73 39.55 39.64 39.85 39.94 40 40.04 40.09 40.11 40.11 40.09 40.06 40.05 40.04 40.07 40.11 40.1 40.11 40.13 40.14 40.16 40.17 40.19 40.21 40.2 40.21 40.22 40.2 40.19 40.18 40.17 40.15 40.16 40.15 40.15 40.18 40.2 40.19 40.17 40.18 40.17 40.15 40.13 40.13 40.12 40.1 40.12 40.15 40.1 39.88 39.71 39.77 39.87 39.94 39.93 39.96
40.01 40 39.99 39.98 39.99 39.98 39.97 40.02 40.08 40.07 40.05 40.05 40.05 40 39.91 39.87 39.88 39.89 39.89 39.96 39.98 39.94 39.78 39.58 39.67 39.86 39.94 39.99 40.02 40.08 40.12 40.12 40.09 40.06 40.08 40.08 40.1 40.11 40.11 40.12 40.12 40.12 40.13 40.15 40.19 40.19 40.19 40.2 40.2 40.19 40.2 40.21 40.2 40.16 40.16 40.16 40.16 40.18 40.19 40.2 40.18 40.17 40.16 40.14 40.14 40.15 40.12 40.09 40.12 40.15 40.13 39.97 39.78 39.73 39.83 39.95 39.94 39.96
40 40.01 40.01 39.99 40 39.98 39.97 40.02 40.08 40.08 40.05 40.03 40.03 40 39.94 39.89 39.9 39.89 39.89 39.94 39.97 39.97 39.84 39.68 39.71 39.84 39.93 39.99 40.01 40.06 40.12 40.13 40.11 40.07 40.09 40.1 40.11 40.11 40.11 40.11 40.1 40.09 40.11 40.13 40.17 40.2 40.23 40.22 40.2 40.2 40.23 40.24 40.22 40.18 40.17 40.16 40.16 40.16 40.17 40.19 40.16 40.15 40.15 40.14 40.14 40.15 40.13 40.1 40.12 40.14 40.14 40.06 39.82 39.64 39.75 39.93 39.96 39.95
39.99 40.02 40.05 40.01 39.96 39.95 39.95 39.99 40.04 40.06 40.04 40.03 40.01 39.99 39.95 39.9 39.89 39.87 39.88 39.91 39.95 39.98 39.89 39.79 39.74 39.77 39.9 39.96 39.99 40.05 40.09 40.11 40.11 40.07 40.08 40.1 40.09 40.09 40.1 40.1 40.1 40.1 40.1 40.13 40.17 40.2 40.25 40.25 40.24 40.24 40.26 40.24 40.21 40.18 40.17 40.16 40.17 40.19 40.19 40.18 40.16 40.12 40.13 40.14 40.13 40.14 40.12 40.1 40.11 40.13 40.14 40.1 39.87 39.62 39.71 39.91 39.98 39.95
40 40.02 40.05 40.02 39.96 39.95 39.95 39.96 40 40.05 40.03 40.02 40 39.99 39.95 39.89 39.87 39.85 39.86 39.87 39.93 39.98 39.93 39.87 39.75 39.69 39.85 39.93 39.98 40.04 40.06 40.09 40.09 40.07 40.08 40.1 40.09 40.09 40.11 40.11 40.11 40.11 40.1 40.13 40.17 40.2 40.22 40.25 40.26 40.25 40.24 40.21 40.19 40.18 40.15 40.14 40.17 40.19 40.18 40.17 40.15 40.09 40.1 40.12 40.13 40.13 40.12 40.1 40.09 40.11 40.13 40.12 39.94 39.72 39.71 39.85 39.97 39.95
40.03 40.03 40.02 40.01 39.98 39.95 39.97 39.96 40 40.06 40.04 40.01 40 39.98 39.95 39.9 39.87 39.86 39.88 39.87 39.91 39.97 39.96 39.91 39.77 39.67 39.78 39.87 39.96 40.02 40.05 40.07 40.08 40.06 40.07 40.09 40.1 40.11 40.12 40.11 40.11 40.1 40.09 40.12 40.16 40.18 40.2 40.24 40.26 40.24 40.23 40.21 40.2 40.18 40.15 40.14 40.16 40.17 40.17 40.17 40.14 40.08 40.1 40.13 40.13 40.13 40.13 40.12 40.1 40.1 40.13 40.14 40.05 39.89 39.74 39.77 39.92 39.94
