slabs/67.grd
DSAA
631 301
645780 646410
4947800 4948100
37.78 49.6
[rows 210 to 244 of 300, columns 78 to 155 of 631]
39.99 40.03 39.99 39.95 39.97 40.01 40 39.99 40 40.01 40.02 40.07 40.09 40.02 39.83 39.78 39.9 39.91 39.88 39.89 39.93 39.9 39.84 39.82 39.83 39.84 39.84 39.84 39.85 39.85 39.85 39.82 39.79 39.8 39.81 39.84 39.86 39.9 39.91 39.92 39.89 39.85 39.86 39.86 39.87 39.9 39.93 39.95 39.93 39.89 39.91 39.96 39.94 39.94 39.98 40.03 40.04 40.04 40.06 40.05 40.06 40.09 40.09 40.09 40.07 40.08 40.13 40.15 40.14 40.13 40.14 40.13 40.1 40.07 40.04 40.03 40.01 39.96
39.99 40.06 40.03 40 40.03 40.04 40.01 39.97 39.97 39.98 40 40.07 40.11 40.05 39.89 39.81 39.87 39.89 39.88 39.9 39.93 39.9 39.85 39.84 39.86 39.85 39.83 39.85 39.89 39.87 39.83 39.79 39.77 39.78 39.8 39.83 39.86 39.89 39.9 39.91 39.91 39.89 39.88 39.87 39.89 39.91 39.91 39.92 39.91 39.89 39.91 39.96 39.95 39.93 39.94 39.97 40.02 40.04 40.02 40.04 40.1 40.13 40.12 40.12 40.11 40.09 40.12 40.12 40.1 40.09 40.08 40.07 40.07 40.06 40 39.95 39.93 39.91
39.95 40.07 40.05 40.02 40.04 40.04 39.99 39.93 39.91 39.95 40.02 40.08 40.13 40.07 39.92 39.82 39.81 39.85 39.91 39.91 39.9 39.9 39.85 39.83 39.85 39.85 39.84 39.84 39.86 39.86 39.84 39.81 39.79 39.78 39.81 39.84 39.85 39.88 39.89 39.89 39.89 39.88 39.86 39.86 39.87 39.88 39.89 39.9 39.88 39.88 39.91 39.95 39.94 39.93 39.94 39.96 40.01 40.05 40.04 40.07 40.12 40.12 40.11 40.13 40.13 40.09 40.1 40.08 40.06 40.08 40.08 40.05 40.02 40.03 39.98 39.9 39.89 39.9
39.85 39.95 39.99 40 40.05 40.05 39.99 39.92 39.9 39.95 40.03 40.06 40.11 40.07 39.93 39.8 39.75 39.82 39.91 39.9 39.87 39.87 39.84 39.81 39.82 39.83 39.84 39.82 39.83 39.86 39.85 39.85 39.82 39.8 39.82 39.83 39.85 39.88 39.88 39.89 39.89 39.88 39.87 39.89 39.87 39.86 39.89 39.89 39.87 39.87 39.9 39.92 39.92 39.92 39.93 39.96 40.01 40.05 40.07 40.09 40.11 40.11 40.11 40.13 40.12 40.07 40.05 40.03 40.01 40.05 40.08 40.03 39.96 39.94 39.93 39.9 39.89 39.9
39.87 39.91 39.97 40 40.03 40.04 40 39.95 39.97 40 40.01 40.03 40.06 40.05 39.96 39.81 39.73 39.79 39.88 39.89 39.87 39.87 39.85 39.83 39.81 39.82 39.84 39.82 39.84 39.87 39.85 39.85 39.84 39.82 39.82 39.81 39.83 39.86 39.89 39.93 39.94 39.93 39.9 39.9 39.88 39.87 39.89 39.9 39.89 39.88 39.93 39.94 39.92 39.92 39.95 39.99 40.06 40.08 40.09 40.1 40.11 40.11 40.13 40.13 40.1 40.04 40 39.99 39.98 40.02 40.03 39.98 39.91 39.88 39.88 39.9 39.91 39.92
39.95 39.93 39.93 39.96 39.94 39.97 39.99 39.99 40.02 40.02 39.99 39.99 40.02 40.04 40 39.84 39.71 39.74 39.83 39.88 39.88 39.89 39.88 39.86 39.84 39.82 39.83 39.82 39.84 39.88 39.86 39.84 39.83 39.82 39.82 39.79 39.82 39.86 39.89 39.97 39.97 39.93 39.87 39.86 39.86 39.87 39.89 39.92 39.93 39.9 39.93 39.94 39.94 39.95 39.96 40.01 40.1 40.11 40.09 40.1 40.12 40.11 40.11 40.09 40.06 40 39.98 39.97 39.95 39.96 39.95 39.93 39.91 39.88 39.88 39.93 39.99 40.01
39.97 39.92 39.89 39.93 39.9 39.93 39.99 40.02 40.04 40.02 39.99 39.98 39.99 40.03 40.03 39.89 39.75 39.71 39.76 39.84 39.88 39.9 39.89 39.87 39.85 39.82 39.8 39.82 39.84 39.87 39.88 39.85 39.83 39.82 39.81 39.78 39.81 39.85 39.89 39.93 39.93 39.91 39.85 39.85 39.85 39.87 39.91 39.94 39.94 39.9 39.91 39.93 39.96 39.98 40 40.05 40.12 40.13 40.12 40.12 40.12 40.11 40.08 40.04 39.99 39.95 39.96 39.95 39.9 39.89 39.88 39.88 39.91 39.91 39.95 40.04 40.08 40.05
39.95 39.91 39.89 39.93 39.93 39.94 39.99 40.02 40.02 39.99 39.98 39.98 39.99 40 40.01 39.97 39.85 39.7 39.69 39.81 39.87 39.92 39.91 39.88 39.86 39.83 39.81 39.83 39.84 39.87 39.88 39.85 39.85 39.84 39.81 39.8 39.81 39.85 39.9 39.89 39.88 39.89 39.87 39.86 39.85 39.88 39.9 39.92 39.94 39.91 39.91 39.95 40 40.01 40.01 40.05 40.12 40.14 40.15 40.13 40.09 40.05 40.03 39.98 39.92 39.89 39.9 39.9 39.86 39.85 39.85 39.88 39.96 40.03 40.06 40.06 39.97 39.87
39.91 39.9 39.89 39.93 39.97 39.96 39.98 40.01 39.98 39.95 39.95 39.96 39.98 40 39.99 40.01 39.93 39.74 39.67 39.76 39.84 39.9 39.92 39.9 39.88 39.84 39.82 39.83 39.85 39.87 39.86 39.83 39.83 39.83 39.82 39.81 39.82 39.86 39.92 39.9 39.85 39.88 39.91 39.89 39.86 39.89 39.9 39.93 39.96 39.97 39.97 39.99 40.03 40.03 40.01 40.04 40.1 40.11 40.08 40.07 40 39.94 39.94 39.91 39.86 39.85 39.86 39.85 39.85 39.86 39.88 39.95 40.03 40.09 40.03 39.87 39.69 39.58
39.88 39.89 39.89 39.93 39.99 39.97 39.97 40 39.96 39.92 39.95 39.95 39.99 40.01 40 40.02 39.97 39.82 39.69 39.69 39.76 39.85 39.89 39.91 39.88 39.83 39.82 39.83 39.83 39.84 39.85 39.82 39.82 39.82 39.82 39.81 39.8 39.84 39.91 39.9 39.87 39.89 39.93 39.91 39.89 39.92 39.95 39.96 39.97 39.99 40 40.02 40.04 40.03 40.03 40.04 40.04 40.04 39.99 39.96 39.91 39.86 39.86 39.86 39.84 39.84 39.85 39.87 39.9 39.92 39.97 40.02 39.96 39.86 39.76 39.61 39.53 39.52
39.84 39.87 39.9 39.92 39.96 39.94 39.92 39.94 39.92 39.9 39.93 39.94 39.98 40.02 40.02 40.03 39.99 39.86 39.7 39.64 39.72 39.82 39.86 39.9 39.88 39.85 39.84 39.83 39.82 39.83 39.84 39.83 39.82 39.82 39.83 39.82 39.79 39.82 39.86 39.87 39.89 39.92 39.94 39.94 39.93 39.96 39.97 39.96 39.94 39.95 39.98 40 40.01 40.01 40.01 39.98 39.92 39.92 39.91 39.88 39.86 39.85 39.85 39.84 39.85 39.86 39.89 39.96 39.99 40 40.01 39.97 39.81 39.64 39.56 39.57 39.64 39.73
39.8 39.84 39.89 39.9 39.89 39.86 39.87 39.88 39.87 39.89 39.93 39.95 39.97 40 40 39.98 39.97 39.9 39.74 39.61 39.69 39.82 39.86 39.9 39.88 39.85 39.84 39.82 39.81 39.82 39.84 39.84 39.84 39.82 39.82 39.81 39.79 39.8 39.82 39.86 39.91 39.94 39.94 39.94 39.96 39.95 39.93 39.92 39.91 39.91 39.94 39.97 39.98 39.99 39.96 39.88 39.83 39.82 39.83 39.84 39.83 39.83 39.84 39.86 39.9 39.94 39.98 40.02 39.97 39.94 39.9 39.81 39.72 39.65 39.68 39.83 39.94 40.04
39.75 39.81 39.86 39.87 39.82 39.81 39.88 39.89 39.88 39.9 39.94 39.98 39.94 39.91 39.92 39.89 39.91 39.91 39.77 39.61 39.67 39.8 39.87 39.89 39.88 39.85 39.82 39.81 39.8 39.81 39.84 39.84 39.83 39.82 39.81 39.81 39.79 39.79 39.82 39.87 39.93 39.94 39.93 39.94 39.95 39.92 39.89 39.91 39.93 39.94 39.95 39.96 39.95 39.91 39.88 39.84 39.82 39.81 39.82 39.83 39.82 39.83 39.86 39.91 39.97 40.02 40.02 39.95 39.81 39.74 39.74 39.75 39.78 39.82 39.95 40.13 40.23 40.31
39.73 39.78 39.8 39.81 39.77 39.77 39.87 39.88 39.87 39.89 39.92 39.94 39.91 39.88 39.88 39.85 39.87 39.9 39.81 39.67 39.66 39.76 39.87 39.89 39.89 39.86 39.82 39.82 39.82 39.82 39.87 39.85 39.81 39.81 39.8 39.8 39.8 39.79 39.82 39.88 39.95 39.94 39.93 39.93 39.93 39.93 39.92 39.95 39.96 39.94 39.92 39.89 39.87 39.84 39.84 39.84 39.83 39.82 39.82 39.83 39.87 39.92 39.95 39.98 39.99 39.96 39.87 39.74 39.64 39.63 39.75 39.92 40 40.08 40.24 40.37 40.47 40.59
39.78 39.78 39.78 39.81 39.78 39.78 39.87 39.91 39.9 39.89 39.91 39.93 39.92 39.91 39.91 39.88 39.88 39.9 39.88 39.78 39.68 39.73 39.87 39.9 39.91 39.88 39.83 39.84 39.84 39.85 39.88 39.86 39.82 39.81 39.81 39.81 39.8 39.81 39.84 39.89 39.95 39.94 39.93 39.93 39.95 39.96 39.96 39.96 39.92 39.9 39.88 39.84 39.85 39.87 39.87 39.86 39.85 39.86 39.86 39.88 39.98 40.04 40.03 39.96 39.88 39.79 39.66 39.64 39.69 39.76 40 40.23 40.31 40.43 40.6 40.7 40.81 41.02
39.82 39.78 39.78 39.82 39.81 39.8 39.85 39.89 39.88 39.86 39.9 39.95 39.94 39.92 39.92 39.91 39.91 39.92 39.92 39.83 39.67 39.68 39.82 39.88 39.91 39.91 39.87 39.85 39.83 39.84 39.87 39.87 39.85 39.83 39.84 39.84 39.84 39.84 39.87 39.89 39.92 39.92 39.92 39.94 39.96 39.97 39.95 39.89 39.86 39.88 39.87 39.87 39.87 39.88 39.88 39.88 39.92 39.96 39.94 39.94 40.01 40.04 39.97 39.83 39.7 39.63 39.64 39.81 39.98 40.1 40.36 40.58 40.74 40.96 41.14 41.29 41.4 41.58
39.83 39.8 39.78 39.79 39.81 39.81 39.85 39.89 39.88 39.86 39.89 39.94 39.92 39.9 39.92 39.92 39.93 39.94 39.91 39.85 39.71 39.63 39.68 39.77 39.88 39.93 39.92 39.88 39.82 39.84 39.91 39.9 39.88 39.87 39.88 39.9 39.89 39.86 39.88 39.91 39.91 39.91 39.9 39.9 39.92 39.92 39.89 39.85 39.86 39.87 39.88 39.88 39.88 39.89 39.89 39.93 40.04 40.11 40.05 39.95 39.93 39.89 39.79 39.75 39.72 39.76 39.93 40.2 40.46 40.61 40.84 41.08 41.3 41.47 41.63 41.82 41.93 41.95
39.83 39.84 39.79 39.77 39.79 39.82 39.84 39.9 39.89 39.87 39.89 39.92 39.91 39.89 39.9 39.91 39.92 39.93 39.93 39.91 39.82 39.64 39.57 39.69 39.86 39.91 39.93 39.89 39.84 39.88 39.95 39.94 39.93 39.92 39.92 39.93 39.93 39.91 39.9 39.9 39.88 39.88 39.87 39.85 39.86 39.87 39.86 39.85 39.86 39.86 39.87 39.89 39.91 39.94 39.96 40.02 40.12 40.15 40.05 39.9 39.81 39.77 39.8 40.01 40.15 40.24 40.45 40.71 40.97 41.12 41.36 41.6 41.73 41.76 41.84 41.96 42.03 42.01
39.83 39.88 39.84 39.79 39.81 39.83 39.82 39.85 39.86 39.87 39.9 39.91 39.91 39.92 39.9 39.92 39.94 39.93 39.96 39.96 39.87 39.67 39.53 39.66 39.86 39.9 39.93 39.92 39.88 39.87 39.9 39.92 39.95 39.95 39.95 39.95 39.95 39.92 39.89 39.84 39.81 39.83 39.82 39.82 39.83 39.84 39.84 39.85 39.85 39.86 39.89 39.95 40 40.02 40 40.01 40.03 40 39.93 39.89 39.89 39.96 40.2 40.48 40.64 40.73 40.93 41.17 41.35 41.48 41.71 41.87 41.93 41.93 41.93 41.95 41.96 41.96
39.82 39.88 39.87 39.84 39.84 39.83 39.82 39.81 39.82 39.87 39.9 39.89 39.88 39.92 39.93 39.94 39.96 39.93 39.95 39.96 39.91 39.71 39.51 39.64 39.85 39.91 39.94 39.95 39.92 39.86 39.87 39.91 39.93 39.91 39.92 39.96 39.93 39.89 39.83 39.76 39.76 39.78 39.79 39.8 39.82 39.83 39.83 39.85 39.88 39.91 39.95 40.01 40.02 39.93 39.8 39.76 39.78 39.82 39.94 40.11 40.24 40.39 40.67 40.85 40.99 41.08 41.3 41.54 41.69 41.78 41.91 41.96 41.97 41.95 41.92 41.93 41.93 41.93
39.81 39.86 39.86 39.86 39.85 39.83 39.85 39.82 39.82 39.89 39.92 39.89 39.86 39.91 39.94 39.93 39.92 39.9 39.88 39.92 39.95 39.79 39.6 39.65 39.82 39.94 39.95 39.96 39.92 39.88 39.88 39.9 39.91 39.88 39.91 39.94 39.89 39.83 39.78 39.73 39.74 39.75 39.77 39.8 39.83 39.84 39.84 39.9 39.98 40.01 39.99 39.92 39.8 39.68 39.6 39.68 39.78 39.93 40.22 40.45 40.6 40.73 40.96 41.2 41.39 41.48 41.66 41.84 41.92 41.93 41.93 41.9 41.89 41.91 41.92 41.92 41.93 41.94
39.82 39.86 39.83 39.86 39.86 39.82 39.85 39.82 39.82 39.92 39.95 39.91 39.87 39.91 39.93 39.92 39.88 39.84 39.84 39.91 40 39.89 39.7 39.65 39.77 39.92 39.95 39.95 39.92 39.88 39.88 39.89 39.88 39.87 39.89 39.88 39.81 39.77 39.74 39.73 39.75 39.76 39.78 39.83 39.88 39.89 39.88 39.94 40.05 40.01 39.82 39.67 39.61 39.66 39.86 40.08 40.19 40.32 40.55 40.76 40.94 41.05 41.27 41.54 41.71 41.79 41.9 41.96 41.99 41.96 41.92 41.89 41.9 41.92 41.92 41.92 41.94 41.96
39.79 39.84 39.82 39.83 39.83 39.83 39.86 39.84 39.85 39.91 39.9 39.88 39.88 39.89 39.87 39.86 39.85 39.83 39.85 39.92 40.04 40.02 39.86 39.66 39.7 39.86 39.92 39.95 39.91 39.85 39.85 39.85 39.82 39.81 39.81 39.77 39.72 39.71 39.71 39.73 39.76 39.78 39.82 39.88 39.93 39.93 39.87 39.85 39.89 39.79 39.6 39.67 39.82 39.97 40.26 40.48 40.55 40.66 40.89 41.14 41.34 41.42 41.58 41.78 41.9 41.93 41.95 41.94 41.92 41.9 41.91 41.92 41.93 41.94 41.94 41.95 41.97 41.99
39.75 39.82 39.82 39.8 39.79 39.83 39.86 39.85 39.85 39.86 39.86 39.85 39.86 39.86 39.84 39.85 39.85 39.84 39.85 39.92 40.01 40.02 39.9 39.64 39.62 39.76 39.85 39.93 39.89 39.82 39.8 39.78 39.75 39.71 39.71 39.69 39.67 39.68 39.7 39.75 39.81 39.84 39.87 39.89 39.9 39.89 39.79 39.68 39.66 39.66 39.78 40.06 40.23 40.32 40.54 40.79 40.92 41.04 41.28 41.54 41.7 41.74 41.81 41.9 41.95 41.94 41.92 41.9 41.89 41.89 41.92 41.93 41.94 41.96 41.97 41.96 41.98 42
39.77 39.81 39.78 39.77 39.79 39.81 39.8 39.82 39.83 39.84 39.86 39.86 39.84 39.84 39.85 39.86 39.86 39.85 39.87 39.91 39.95 39.97 39.87 39.64 39.57 39.64 39.75 39.87 39.83 39.76 39.73 39.7 39.68 39.65 39.66 39.67 39.69 39.72 39.78 39.88 39.94 39.94 39.9 39.83 39.81 39.8 39.73 39.71 39.77 39.93 40.25 40.47 40.59 40.68 40.88 41.14 41.31 41.43 41.64 41.83 41.92 41.89 41.85 41.87 41.89 41.9 41.89 41.88 41.88 41.9 41.92 41.94 41.95 41.98 42 41.98 41.99 42
39.76 39.79 39.79 39.79 39.82 39.81 39.77 39.8 39.81 39.82 39.88 39.89 39.87 39.85 39.86 39.86 39.84 39.85 39.88 39.92 39.93 39.94 39.88 39.73 39.64 39.63 39.68 39.74 39.72 39.68 39.67 39.64 39.64 39.65 39.66 39.72 39.78 39.85 39.96 40.04 40.06 40 39.86 39.76 39.74 39.77 39.83 39.97 40.13 40.35 40.68 40.87 40.99 41.09 41.28 41.49 41.64 41.71 41.83 41.92 41.95 41.9 41.83 41.81 41.83 41.85 41.87 41.86 41.9 41.94 41.95 41.96 41.96 41.99 42.01 42 42 42.01
39.76 39.79 39.83 39.83 39.83 39.8 39.76 39.8 39.83 39.82 39.86 39.86 39.85 39.83 39.83 39.82 39.8 39.83 39.85 39.87 39.89 39.9 39.86 39.77 39.7 39.65 39.65 39.64 39.65 39.65 39.64 39.63 39.65 39.67 39.73 39.85 39.96 40.02 40.07 40.04 39.98 39.89 39.75 39.76 39.82 39.93 40.15 40.34 40.5 40.71 41.04 41.28 41.43 41.5 41.63 41.78 41.87 41.86 41.86 41.86 41.86 41.85 41.83 41.83 41.85 41.87 41.86 41.88 41.97 42.01 41.97 41.96 41.97 42.01 42.02 42 42.01 42.04
39.79 39.8 39.81 39.81 39.8 39.78 39.77 39.81 39.85 39.84 39.82 39.79 39.79 39.8 39.8 39.78 39.74 39.75 39.76 39.8 39.83 39.79 39.76 39.68 39.62 39.61 39.62 39.61 39.61 39.62 39.62 39.65 39.69 39.7 39.76 39.94 40.03 40 39.92 39.85 39.78 39.75 39.79 39.97 40.13 40.27 40.52 40.74 40.87 41.04 41.37 41.63 41.76 41.79 41.84 41.91 41.93 41.88 41.84 41.82 41.81 41.83 41.88 41.92 41.94 41.96 41.94 41.95 42.04 42.05 41.96 41.96 41.97 41.99 42.01 42.03 42.03 42.06
39.79 39.75 39.76 39.79 39.79 39.77 39.77 39.81 39.86 39.85 39.8 39.73 39.74 39.79 39.79 39.78 39.72 39.69 39.72 39.76 39.74 39.68 39.64 39.6 39.59 39.61 39.6 39.6 39.6 39.61 39.66 39.75 39.81 39.75 39.7 39.8 39.84 39.79 39.73 39.77 39.8 39.88 40.06 40.3 40.49 40.62 40.88 41.12 41.24 41.35 41.6 41.83 41.9 41.92 41.9 41.89 41.87 41.84 41.84 41.85 41.84 41.86 41.91 41.97 41.99 42.03 42.03 42.02 42.04 42.04 41.99 41.98 41.98 41.99 42.04 42.07 42.07 42.08
39.75 39.69 39.72 39.78 39.77 39.75 39.76 39.82 39.85 39.84 39.79 39.72 39.74 39.8 39.81 39.8 39.73 39.68 39.68 39.68 39.64 39.6 39.58 39.57 39.59 39.61 39.61 39.62 39.64 39.69 39.81 39.89 39.87 39.77 39.63 39.65 39.7 39.69 39.76 39.97 40.1 40.21 40.44 40.7 40.9 41.02 41.28 41.47 41.55 41.61 41.73 41.88 41.9 41.88 41.86 41.84 41.84 41.84 41.84 41.84 41.85 41.88 41.92 41.96 41.98 42.02 42.03 42 41.99 42.01 42.04 42.03 42.03 42.05 42.09 42.1 42.07 42.08
39.73 39.67 39.69 39.73 39.74 39.74 39.79 39.83 39.83 39.83 39.79 39.75 39.79 39.85 39.83 39.75 39.65 39.6 39.59 39.58 39.56 39.56 39.56 39.58 39.61 39.63 39.66 39.73 39.8 39.87 39.96 39.91 39.77 39.66 39.59 39.71 39.81 39.87 40.05 40.33 40.49 40.62 40.88 41.15 41.34 41.45 41.64 41.73 41.74 41.77 41.78 41.83 41.84 41.82 41.83 41.84 41.86 41.88 41.86 41.81 41.83 41.87 41.92 41.95 41.96 41.99 42.01 42 41.99 42.01 42.04 42.04 42.03 42.04 42.08 42.08 42.07 42.07
39.74 39.71 39.68 39.69 39.73 39.73 39.77 39.82 39.83 39.84 39.8 39.75 39.79 39.83 39.79 39.68 39.56 39.52 39.53 39.53 39.53 39.55 39.57 39.6 39.63 39.67 39.77 39.89 39.96 39.96 39.91 39.76 39.61 39.59 39.75 40.03 40.17 40.28 40.51 40.75 40.91 41.06 41.35 41.58 41.71 41.76 41.8 41.81 41.8 41.81 41.79 41.77 41.77 41.8 41.82 41.82 41.84 41.88 41.88 41.85 41.84 41.86 41.91 41.94 41.94 41.95 41.97 41.98 42.01 42.01 42 42.02 42.03 42.03 42.07 42.07 42.07 42.09
39.77 39.74 39.72 39.68 39.67 39.69 39.73 39.79 39.82 39.83 39.78 39.72 39.72 39.69 39.66 39.6 39.54 39.52 39.53 39.55 39.55 39.57 39.62 39.67 39.7 39.74 39.85 39.97 39.99 39.9 39.73 39.63 39.63 39.8 40.17 40.5 40.65 40.8 41.09 41.31 41.4 41.51 41.7 41.8 41.85 41.84 41.8 41.81 41.81 41.79 41.78 41.77 41.76 41.78 41.82 41.81 41.82 41.87 41.89 41.87 41.85 41.86 41.89 41.91 41.93 41.94 41.95 41.98 42.03 42.01 42 42.01 42.03 42.04 42.07 42.08 42.08 42.1
39.8 39.78 39.76 39.7 39.69 39.74 39.76 39.79 39.79 39.77 39.73 39.65 39.59 39.54 39.54 39.53 39.52 39.53 39.56 39.6 39.61 39.64 39.72 39.8 39.82 39.79 39.8 39.88 39.9 39.84 39.75 39.86 40.01 40.31 40.8 41.07 41.23 41.36 41.61 41.75 41.75 41.77 41.82 41.81 41.81 41.8 41.79 41.84 41.84 41.81 41.8 41.81 41.8 41.82 41.87 41.89 41.88 41.88 41.89 41.88 41.87 41.89 41.92 41.93 41.95 41.95 41.96 41.98 42.02 42.02 42.02 42.04 42.06 42.06 42.08 42.09 42.09 42.1
39.79 39.8 39.78 39.75 39.77 39.82 39.8 39.76 39.71 39.66 39.63 39.56 39.51 39.48 39.48 39.49 39.51 39.53 39.58 39.65 39.69 39.75 39.85 39.89 39.87 39.78 39.71 39.81 39.94 40.08 40.24 40.51 40.68 40.95 41.36 41.58 41.69 41.76 41.83 41.83 41.79 41.74 41.76 41.8 41.8 41.79 41.8 41.83 41.84 41.83 41.83 41.83 41.83 41.85 41.9 41.93 41.92 41.9 41.92 41.9 41.9 41.95 41.99 41.99 41.97 41.97 41.96 41.97 42.01 42.03 42.02 42.06 42.11 42.09 42.08 42.09 42.1 42.11
