slabs/68.grd
DSAA
631 301
645780 646410
4948100 4948400
37.48 47.29
[rows 34 to 67 of 300, columns 390 to 467 of 631]
39.1 39.18 39.4 39.66 39.73 39.78 39.84 39.96 40.09 40.17 40.23 40.3 40.39 40.54 40.69 41.01 41.38 41.7 42.11 42.67 43.09 43.38 43.72 43.75 43.73 43.73 43.72 43.7 43.71 43.74 43.79 43.84 43.89 43.9 43.84 43.62 43.35 42.96 42.29 41.82 41.54 41.22 41.07 41.05 41.09 41.22 41.54 41.86 42.23 42.97 43.79 44.37 44.85 45.63 46.16 46.38 46.39 46.36 46.36 46.36 46.34 46.33 46.37 46.36 46.34 46.32 46.31 46.25 46.14 46.06 46.04 46.01 45.99 46.03 46.07 46.09 46.15 46.2
39.3 39.27 39.41 39.59 39.68 39.76 39.85 39.98 40.11 40.19 40.22 40.23 40.21 40.25 40.37 40.67 40.95 41.22 41.72 42.29 42.72 43.05 43.5 43.67 43.72 43.72 43.72 43.7 43.7 43.73 43.77 43.81 43.85 43.87 43.88 43.83 43.68 43.3 42.66 42.19 41.89 41.44 41.16 41.07 41.09 41.21 41.45 41.68 42 42.7 43.5 44.09 44.56 45.38 45.95 46.2 46.28 46.32 46.32 46.31 46.28 46.29 46.34 46.34 46.31 46.3 46.29 46.25 46.14 46.06 46.02 45.99 45.96 45.96 45.98 46.01 46.09 46.15
39.5 39.37 39.43 39.58 39.71 39.81 39.9 40.03 40.12 40.15 40.15 40.17 40.12 40.11 40.2 40.44 40.65 40.88 41.36 41.94 42.34 42.66 43.19 43.54 43.69 43.71 43.71 43.71 43.72 43.74 43.76 43.79 43.81 43.84 43.88 43.9 43.84 43.56 43 42.53 42.21 41.68 41.29 41.11 41.12 41.22 41.38 41.51 41.79 42.41 43.13 43.69 44.13 44.94 45.53 45.85 46.14 46.27 46.29 46.28 46.24 46.23 46.27 46.29 46.3 46.29 46.28 46.25 46.15 46.05 45.99 45.96 45.92 45.92 45.95 45.97 46.04 46.12
39.62 39.47 39.51 39.64 39.79 39.89 39.95 40 39.99 39.95 40.02 40.14 40.08 40.06 40.11 40.27 40.41 40.6 41.05 41.59 41.96 42.26 42.83 43.31 43.56 43.65 43.72 43.71 43.71 43.73 43.75 43.77 43.78 43.82 43.85 43.88 43.87 43.72 43.28 42.88 42.59 42.02 41.52 41.25 41.21 41.25 41.36 41.44 41.63 42.11 42.77 43.29 43.71 44.49 45.08 45.48 46 46.2 46.22 46.23 46.23 46.21 46.21 46.24 46.29 46.28 46.27 46.23 46.14 46.05 45.99 45.95 45.89 45.9 45.92 45.95 46.01 46.07
39.67 39.59 39.61 39.71 39.84 39.92 39.92 39.84 39.74 39.72 39.89 40.1 40.05 40.02 40.02 40.11 40.23 40.38 40.74 41.23 41.59 41.89 42.46 43.01 43.35 43.52 43.69 43.72 43.72 43.72 43.73 43.74 43.75 43.8 43.83 43.85 43.86 43.79 43.5 43.27 43.11 42.54 41.96 41.59 41.44 41.32 41.37 41.45 41.56 41.91 42.42 42.9 43.46 44.24 44.79 45.21 45.83 46.13 46.17 46.19 46.22 46.19 46.19 46.21 46.25 46.25 46.24 46.21 46.14 46.05 45.99 45.94 45.89 45.88 45.89 45.92 45.97 46
39.76 39.71 39.71 39.76 39.84 39.84 39.75 39.59 39.49 39.52 39.81 40.08 40.04 40 39.94 39.97 40.05 40.15 40.44 40.88 41.23 41.53 42.1 42.64 43.01 43.28 43.6 43.73 43.73 43.7 43.72 43.72 43.74 43.78 43.79 43.8 43.81 43.81 43.71 43.65 43.56 43.08 42.46 42.02 41.75 41.44 41.4 41.45 41.56 41.82 42.1 42.47 43.21 43.98 44.5 44.93 45.64 46.07 46.2 46.22 46.21 46.18 46.17 46.18 46.2 46.21 46.2 46.18 46.13 46.05 46 45.95 45.88 45.86 45.86 45.88 45.92 45.94
39.79 39.77 39.76 39.74 39.72 39.66 39.5 39.34 39.23 39.36 39.78 40.06 40.03 39.97 39.88 39.87 39.87 39.95 40.19 40.56 40.87 41.19 41.73 42.17 42.5 42.93 43.37 43.63 43.69 43.71 43.71 43.72 43.74 43.76 43.75 43.75 43.78 43.82 43.84 43.85 43.75 43.43 42.88 42.43 42.11 41.67 41.5 41.49 41.57 41.75 41.93 42.25 42.96 43.75 44.25 44.68 45.44 46.01 46.22 46.23 46.21 46.17 46.15 46.15 46.16 46.18 46.17 46.16 46.12 46.06 46.01 45.95 45.88 45.82 45.83 45.84 45.86 45.88
39.72 39.73 39.74 39.67 39.58 39.47 39.28 39.09 38.98 39.18 39.7 40 39.99 39.92 39.84 39.82 39.81 39.85 40.01 40.25 40.48 40.83 41.32 41.66 41.95 42.44 42.91 43.27 43.46 43.67 43.71 43.71 43.72 43.73 43.74 43.76 43.78 43.81 43.82 43.83 43.83 43.68 43.33 42.94 42.51 41.97 41.67 41.59 41.59 41.73 41.84 42.08 42.72 43.51 44.02 44.44 45.23 45.87 46.15 46.19 46.2 46.16 46.14 46.13 46.13 46.15 46.14 46.13 46.12 46.07 46.03 45.96 45.86 45.8 45.79 45.78 45.78 45.8
1.70141e38 1.70141e38 1.70141e38 1.70141e38 1.70141e38 1.70141e38 1.70141e38 38.91 38.78 39.02 39.58 39.9 39.92 39.87 39.82 39.81 39.81 39.83 39.92 40.03 40.13 40.41 40.8 41.1 41.39 41.88 42.39 42.82 43.11 43.52 43.68 43.69 43.7 43.72 43.74 43.76 43.77 43.8 43.8 43.81 43.83 43.8 43.66 43.4 42.86 42.28 41.9 41.73 41.62 41.72 41.82 42.01 42.53 43.26 43.78 44.18 44.97 45.69 46.05 46.12 46.17 46.15 46.12 46.1 46.09 46.08 46.09 46.1 46.11 46.08 46.04 45.95 45.85 45.79 45.76 45.73 45.71 45.73
1.70141e38 1.70141e38 1.70141e38 1.70141e38 1.70141e38 1.70141e38 1.70141e38 1.70141e38 1.70141e38 1.70141e38 1.70141e38 1.70141e38 1.70141e38 1.70141e38 1.70141e38 1.70141e38 1.70141e38 1.70141e38 1.70141e38 1.70141e38 1.70141e38 1.70141e38 1.70141e38 1.70141e38 1.70141e38 1.70141e38 1.70141e38 1.70141e38 1.70141e38 1.70141e38 1.70141e38 1.70141e38 1.70141e38 1.70141e38 1.70141e38 1.70141e38 1.70141e38 1.70141e38 1.70141e38 1.70141e38 1.70141e38 1.70141e38 1.70141e38 1.70141e38 1.70141e38 1.70141e38 1.70141e38 1.70141e38 1.70141e38 1.70141e38 1.70141e38 41.98 42.41 43.06 43.57 43.96 44.74 45.51 45.96 46.07 46.15 46.13 46.11 46.09 46.05 45.99 46.01 46.07 46.08 46.08 46.04 45.94 45.84 45.78 45.75 45.71 45.68 45.69
39.65 39.67 39.74 39.74 39.64 39.51 39.27 39.07 38.94 38.94 39.13 39.43 39.56 39.66 39.64 39.63 39.69 39.8 39.83 39.81 39.82 39.91 40.11 40.31 40.54 41.06 41.62 42.04 42.37 43 43.44 43.63 43.67 43.7 43.69 43.67 43.69 43.73 43.76 43.78 43.81 43.84 43.87 1.70141e38 1.70141e38 1.70141e38 1.70141e38 1.70141e38 1.70141e38 1.70141e38 1.70141e38 1.70141e38 1.70141e38 1.70141e38 1.70141e38 1.70141e38 1.70141e38 1.70141e38 1.70141e38 1.70141e38 1.70141e38 1.70141e38 1.70141e38 1.70141e38 1.70141e38 1.70141e38 1.70141e38 1.70141e38 1.70141e38 1.70141e38 1.70141e38 1.70141e38 1.70141e38 1.70141e38 1.70141e38 1.70141e38 1.70141e38 1.70141e38
39.66 39.66 39.69 39.71 39.65 39.61 39.49 39.32 39.19 39.12 39.15 39.36 39.51 39.58 39.44 39.41 39.5 39.68 39.79 39.81 39.8 39.82 39.95 40.09 40.3 40.77 41.31 41.73 42.07 42.71 43.18 43.41 43.57 43.68 43.69 43.7 43.72 43.73 43.74 43.76 43.78 43.82 43.87 43.85 43.67 43.24 42.84 42.55 42.09 41.9 41.88 41.96 42.24 42.68 43 43.26 43.98 44.56 44.95 45.6 45.97 46.1 46.07 46.02 46.01 46.02 46.02 46.02 46.01 46.01 46 45.97 45.89 45.78 45.73 45.66 45.63 45.62
39.68 39.65 39.62 39.69 39.73 39.72 39.67 39.56 39.46 39.34 39.32 39.45 39.54 39.5 39.27 39.23 39.3 39.49 39.65 39.73 39.72 39.71 39.78 39.89 40.07 40.47 40.97 41.39 41.72 42.37 42.8 43.05 43.41 43.6 43.65 43.67 43.71 43.73 43.73 43.75 43.77 43.82 43.87 43.88 43.82 43.53 43.19 42.9 42.38 42.07 42 42.03 42.16 42.39 42.62 42.98 43.66 44.22 44.61 45.33 45.88 46.08 46.06 46 45.99 46.01 46.02 46.01 45.98 45.97 45.97 45.94 45.86 45.77 45.72 45.64 45.6 45.6
39.64 39.63 39.63 39.72 39.76 39.74 39.74 39.7 39.64 39.55 39.54 39.57 39.54 39.38 39.13 39.06 39.11 39.26 39.43 39.57 39.58 39.59 39.65 39.76 39.89 40.21 40.63 41 41.38 42.01 42.43 42.68 43.15 43.46 43.57 43.61 43.69 43.72 43.71 43.72 43.76 43.78 43.81 43.83 43.86 43.78 43.63 43.39 42.87 42.45 42.28 42.12 42.15 42.26 42.4 42.81 43.43 43.98 44.35 45.07 45.71 46.01 46.02 45.99 45.96 45.98 45.99 45.98 45.96 45.96 45.96 45.94 45.85 45.79 45.73 45.65 45.59 45.58
39.65 39.65 39.66 39.7 39.72 39.73 39.76 39.76 39.74 39.74 39.75 39.72 39.58 39.27 38.99 38.89 38.92 39 39.15 39.37 39.42 39.49 39.56 39.64 39.73 39.97 40.27 40.55 41.04 41.65 42.06 42.3 42.79 43.25 43.5 43.55 43.64 43.67 43.66 43.67 43.71 43.73 43.75 43.77 43.83 43.86 43.84 43.7 43.28 42.88 42.63 42.27 42.19 42.26 42.37 42.68 43.22 43.73 44.09 44.83 45.52 45.89 45.96 45.99 45.95 45.95 45.95 45.95 45.95 45.95 45.95 45.94 45.87 45.82 45.74 45.66 45.6 45.58
39.71 39.67 39.64 39.64 39.67 39.72 39.74 39.74 39.75 39.8 39.85 39.84 39.67 39.26 38.91 38.73 38.73 38.74 38.86 39.1 39.2 39.35 39.44 39.48 39.56 39.76 40 40.22 40.71 41.25 41.63 41.87 42.4 43.01 43.33 43.36 43.6 43.65 43.64 43.65 43.67 43.69 43.74 43.75 43.79 43.82 43.83 43.79 43.54 43.22 42.96 42.49 42.25 42.27 42.35 42.59 43.03 43.48 43.85 44.59 45.32 45.76 45.88 45.98 45.94 45.93 45.93 45.92 45.92 45.92 45.93 45.92 45.88 45.82 45.74 45.66 45.61 45.58
39.79 39.71 39.63 39.62 39.64 39.68 39.69 39.68 39.7 39.77 39.86 39.91 39.75 39.38 39 38.71 38.65 38.57 38.63 38.79 38.89 39.09 39.19 39.25 39.39 39.6 39.78 39.95 40.36 40.8 41.04 41.29 41.86 42.48 42.88 43.07 43.51 43.66 43.66 43.66 43.65 43.66 43.7 43.72 43.75 43.78 43.8 43.83 43.72 43.53 43.28 42.77 42.39 42.29 42.36 42.55 42.89 43.27 43.63 44.37 45.12 45.6 45.77 45.94 45.92 45.92 45.92 45.9 45.9 45.9 45.9 45.89 45.88 45.84 45.74 45.67 45.61 45.57
39.85 39.77 39.65 39.62 39.62 39.62 39.63 39.64 39.66 39.73 39.83 39.9 39.79 39.58 39.32 39.02 38.82 38.59 38.54 38.56 38.61 38.79 38.92 39.03 39.27 39.48 39.57 39.66 39.95 40.34 40.58 40.83 41.39 41.99 42.45 42.77 43.33 43.64 43.69 43.67 43.65 43.67 43.68 43.69 43.71 43.74 43.77 43.82 43.81 43.74 43.56 43.08 42.6 42.37 42.4 42.54 42.81 43.12 43.45 44.15 44.85 45.32 45.61 45.86 45.89 45.89 45.89 45.86 45.84 45.85 45.88 45.87 45.86 45.83 45.77 45.68 45.61 45.55
39.87 39.82 39.69 39.64 39.63 39.6 39.62 39.66 39.68 39.71 39.78 39.82 39.82 39.8 39.75 39.54 39.18 38.79 38.6 38.56 38.53 38.58 38.68 38.84 39.17 39.39 39.45 39.49 39.67 40.01 40.26 40.51 41.03 41.63 42.1 42.44 43.07 43.45 43.58 43.64 43.64 43.67 43.68 43.68 43.69 43.7 43.73 43.8 43.83 43.84 43.74 43.39 42.87 42.55 42.51 42.55 42.76 42.98 43.29 43.91 44.44 44.84 45.38 45.75 45.85 45.87 45.87 45.82 45.79 45.8 45.84 45.86 45.82 45.82 45.79 45.68 45.6 45.54
39.89 39.86 39.75 39.68 39.67 39.64 39.64 39.7 39.7 39.69 39.7 39.74 39.82 39.9 39.95 39.9 39.7 39.39 39.17 38.98 38.65 38.51 38.54 38.71 39.03 39.22 39.28 39.32 39.49 39.77 39.98 40.21 40.71 41.23 41.64 42.09 42.72 43.12 43.32 43.55 43.62 43.65 43.66 43.67 43.68 43.67 43.69 43.76 43.82 43.86 43.83 43.62 43.17 42.81 42.7 42.61 42.7 42.85 43.17 43.65 44.04 44.39 45.12 45.66 45.84 45.84 45.82 45.8 45.76 45.75 45.78 45.8 45.79 45.81 45.8 45.67 45.56 45.52
39.93 39.89 39.82 39.75 39.75 39.72 39.65 39.67 39.68 39.67 39.64 39.68 39.79 39.85 39.89 39.93 39.97 39.8 39.56 39.32 38.88 38.59 38.5 38.6 38.83 38.99 39.05 39.14 39.37 39.59 39.75 39.97 40.41 40.83 41.16 41.72 42.33 42.75 43.01 43.41 43.58 43.62 43.63 43.65 43.67 43.65 43.66 43.71 43.78 43.81 43.84 43.78 43.47 43.14 42.96 42.76 42.72 42.81 43.05 43.38 43.69 44.02 44.76 45.48 45.84 45.85 45.8 45.79 45.78 45.77 45.75 45.75 45.76 45.78 45.77 45.66 45.57 45.52
39.98 39.95 39.9 39.84 39.82 39.75 39.67 39.66 39.66 39.64 39.63 39.67 39.75 39.78 39.84 39.91 39.98 39.88 39.68 39.48 39.09 38.7 38.46 38.5 38.63 38.78 38.86 39.02 39.32 39.5 39.58 39.77 40.14 40.49 40.77 41.34 41.96 42.4 42.68 43.19 43.52 43.61 43.62 43.63 43.64 43.64 43.65 43.69 43.75 43.77 43.81 43.84 43.77 43.57 43.32 43.05 42.89 42.89 42.97 43.2 43.45 43.75 44.45 45.24 45.73 45.8 45.82 45.8 45.78 45.77 45.74 45.74 45.77 45.76 45.73 45.68 45.61 45.52
39.98 39.96 39.94 39.89 39.82 39.76 39.71 39.7 39.67 39.65 39.69 39.71 39.72 39.72 39.77 39.82 39.9 39.89 39.82 39.64 39.26 38.85 38.55 38.5 38.5 38.6 38.7 38.93 39.29 39.47 39.51 39.63 39.91 40.2 40.46 41 41.6 42.03 42.33 42.92 43.4 43.59 43.61 43.62 43.61 43.61 43.64 43.7 43.71 43.73 43.79 43.83 43.89 43.84 43.63 43.3 43.01 42.95 42.95 43.11 43.29 43.55 44.21 45.01 45.54 45.7 45.83 45.8 45.77 45.76 45.73 45.73 45.77 45.75 45.7 45.69 45.64 45.52
39.92 39.92 39.91 39.86 39.78 39.74 39.74 39.73 39.69 39.67 39.73 39.73 39.69 39.68 39.7 39.73 39.8 39.87 39.89 39.78 39.51 39.2 38.91 38.64 38.45 38.47 38.56 38.81 39.19 39.42 39.46 39.53 39.73 39.96 40.18 40.67 41.23 41.65 41.97 42.6 43.15 43.47 43.54 43.61 43.6 43.63 43.65 43.67 43.67 43.7 43.75 43.78 43.83 43.84 43.76 43.49 43.18 43.06 42.96 43.05 43.19 43.39 43.98 44.78 45.33 45.54 45.78 45.79 45.77 45.75 45.73 45.72 45.73 45.71 45.68 45.68 45.64 45.54
39.91 39.92 39.91 39.87 39.79 39.75 39.76 39.75 39.71 39.69 39.73 39.71 39.68 39.68 39.7 39.72 39.77 39.83 39.87 39.87 39.78 39.62 39.36 38.85 38.49 38.4 38.43 38.6 38.99 39.31 39.39 39.45 39.55 39.71 39.88 40.32 40.88 41.28 41.58 42.14 42.67 43.08 43.26 43.52 43.6 43.63 43.64 43.64 43.65 43.68 43.72 43.75 43.78 43.8 43.81 43.67 43.42 43.23 43 43.03 43.13 43.29 43.78 44.52 45.07 45.34 45.69 45.77 45.75 45.73 45.72 45.7 45.69 45.67 45.67 45.68 45.65 45.58
39.94 39.96 39.97 39.94 39.87 39.8 39.78 39.76 39.71 39.68 39.7 39.69 39.68 39.71 39.75 39.77 39.79 39.81 39.82 39.86 39.9 39.84 39.64 39.12 38.63 38.4 38.36 38.41 38.76 39.15 39.24 39.33 39.4 39.49 39.59 39.88 40.36 40.75 41.04 41.63 42.14 42.5 42.9 43.34 43.57 43.61 43.63 43.64 43.65 43.67 43.7 43.74 43.76 43.78 43.81 43.76 43.61 43.4 43.07 43.01 43.08 43.21 43.6 44.19 44.69 45.1 45.57 45.74 45.73 45.7 45.7 45.69 45.67 45.65 45.67 45.67 45.66 45.6
39.96 39.99 40 39.97 39.89 39.84 39.82 39.79 39.73 39.67 39.66 39.66 39.67 39.72 39.79 39.81 39.81 39.81 39.79 39.82 39.91 39.93 39.81 39.43 38.93 38.59 38.46 38.37 38.6 38.85 38.85 39.03 39.17 39.3 39.37 39.57 39.93 40.3 40.57 41.17 41.67 41.99 42.55 43.11 43.44 43.53 43.62 43.64 43.65 43.66 43.69 43.72 43.74 43.75 43.79 43.8 43.75 43.56 43.2 43.03 43.04 43.13 43.45 43.84 44.23 44.85 45.42 45.69 45.7 45.66 45.67 45.67 45.64 45.6 45.63 45.63 45.64 45.6
39.96 39.97 39.94 39.92 39.88 39.87 39.86 39.83 39.78 39.7 39.63 39.63 39.64 39.67 39.74 39.8 39.78 39.75 39.75 39.8 39.86 39.89 39.86 39.67 39.33 39.08 38.86 38.51 38.43 38.45 38.49 38.75 38.99 39.14 39.23 39.41 39.62 39.9 40.27 40.8 41.24 41.56 42.19 42.82 43.22 43.39 43.59 43.63 43.63 43.64 43.67 43.7 43.73 43.74 43.76 43.81 43.83 43.71 43.39 43.13 43.07 43.1 43.33 43.6 43.93 44.64 45.26 45.61 45.65 45.64 45.64 45.63 45.6 45.57 45.56 45.56 45.57 45.58
39.94 39.91 39.89 39.89 39.88 39.86 39.83 39.82 39.8 39.75 39.68 39.65 39.63 39.64 39.67 39.74 39.74 39.68 39.7 39.74 39.7 39.66 39.71 39.81 39.74 39.57 39.3 38.79 38.47 38.33 38.39 38.63 38.91 39.05 39.19 39.33 39.41 39.59 40.01 40.49 40.85 41.17 41.82 42.48 42.95 43.18 43.51 43.61 43.61 43.62 43.65 43.69 43.71 43.72 43.74 43.78 43.84 43.81 43.59 43.31 43.19 43.1 43.23 43.43 43.71 44.37 45.05 45.5 45.58 45.62 45.61 45.61 45.59 45.57 45.57 45.57 45.57 45.58
39.91 39.88 39.88 39.88 39.87 39.82 39.76 39.76 39.76 39.75 39.73 39.69 39.65 39.64 39.65 39.67 39.7 39.7 39.7 39.68 39.61 39.52 39.6 39.82 39.92 39.85 39.62 39.09 38.6 38.36 38.4 38.59 38.82 38.96 39.18 39.28 39.31 39.42 39.74 40.18 40.53 40.83 41.46 42.12 42.59 42.88 43.34 43.56 43.6 43.6 43.63 43.66 43.68 43.7 43.72 43.74 43.79 43.83 43.74 43.53 43.36 43.13 43.15 43.26 43.44 43.93 44.64 45.16 45.36 45.56 45.57 45.58 45.57 45.55 45.57 45.57 45.57 45.56
39.87 39.86 39.87 39.85 39.82 39.78 39.74 39.72 39.7 39.71 39.76 39.74 39.67 39.65 39.64 39.62 39.63 39.64 39.62 39.59 39.6 39.6 39.63 39.75 39.9 39.94 39.82 39.42 38.92 38.63 38.49 38.55 38.68 38.82 39.1 39.23 39.25 39.3 39.51 39.9 40.24 40.51 41.11 41.76 42.21 42.53 43.1 43.47 43.59 43.6 43.62 43.64 43.65 43.67 43.69 43.71 43.74 43.81 43.83 43.76 43.63 43.33 43.14 43.15 43.26 43.66 44.32 44.82 45.1 45.46 45.54 45.55 45.55 45.54 45.53 45.53 45.52 45.52
39.83 39.85 39.84 39.81 39.79 39.82 39.82 39.76 39.71 39.73 39.77 39.77 39.71 39.67 39.62 39.55 39.57 39.58 39.57 39.57 39.61 39.64 39.63 39.69 39.82 39.9 39.91 39.7 39.38 39.07 38.64 38.53 38.58 38.69 38.95 39.15 39.19 39.23 39.37 39.67 39.96 40.2 40.75 41.41 41.87 42.21 42.82 43.28 43.48 43.55 43.61 43.64 43.65 43.66 43.69 43.72 43.74 43.78 43.84 43.87 43.8 43.54 43.23 43.12 43.21 43.54 44.1 44.56 44.88 45.37 45.52 45.53 45.51 45.52 45.52 45.51 45.47 45.48
39.82 39.87 39.86 39.83 39.81 39.84 39.84 39.78 39.72 39.69 39.71 39.75 39.75 39.7 39.63 39.52 39.53 39.56 39.57 39.6 39.64 39.66 39.63 39.64 39.72 39.8 39.91 39.87 39.75 39.44 38.83 38.54 38.53 38.6 38.81 39.05 39.15 39.19 39.29 39.49 39.69 39.91 40.42 41.03 41.48 41.82 42.46 42.92 43.16 43.39 43.52 43.62 43.64 43.66 43.67 43.68 43.71 43.76 43.82 43.86 43.84 43.69 43.39 43.17 43.21 43.43 43.89 44.31 44.66 45.25 45.51 45.51 45.48 45.48 45.49 45.48 45.46 45.48
39.79 39.83 39.83 39.81 39.78 39.74 39.75 39.73 39.69 39.68 39.69 39.72 39.73 39.68 39.62 39.53 39.51 39.51 39.55 39.61 39.63 39.66 39.64 39.61 39.62 39.7 39.84 39.94 39.97 39.69 39.04 38.59 38.49 38.53 38.7 38.97 39.16 39.18 39.24 39.34 39.45 39.64 40.1 40.58 40.84 41.21 41.86 42.29 42.59 43.12 43.46 43.6 43.62 43.63 43.63 43.63 43.66 43.73 43.79 43.83 43.84 43.79 43.56 43.31 43.26 43.33 43.65 43.98 44.43 45.09 45.46 45.49 45.46 45.44 45.44 45.45 45.45 45.46
