slabs/68.grd
DSAA
631 301
645780 646410
4948100 4948400
37.48 47.29
[rows 204 to 237 of 300, columns 156 to 233 of 631]
39.77 39.78 39.81 39.85 39.92 39.85 39.73 39.72 39.72 39.71 39.73 39.69 39.57 39.45 39.42 39.5 39.69 39.75 39.76 39.77 39.83 39.9 39.92 39.92 39.92 39.96 39.96 39.97 40 40.01 40.02 40.04 40.07 40.07 40.06 40.03 40.01 39.99 39.98 39.99 40 40.01 40.04 40.02 39.99 39.98 39.96 39.93 39.92 39.94 39.97 39.97 39.96 39.99 40.02 40.05 40.11 40.1 40.09 40.06 40.03 39.98 39.93 39.89 39.89 39.89 39.85 39.85 39.82 39.73 39.71 39.82 39.87 39.91 39.86 39.8 39.81 39.86
39.72 39.74 39.77 39.8 39.88 39.87 39.78 39.75 39.7 39.67 39.69 39.69 39.61 39.49 39.45 39.48 39.66 39.72 39.73 39.75 39.81 39.87 39.89 39.91 39.92 39.95 39.94 39.95 40 40.02 40.02 40.04 40.08 40.07 40.03 40.01 40.02 40 40 40.01 40 40.01 40.02 40.01 39.99 39.98 39.99 40.01 40.03 40.02 40 39.99 39.98 39.99 39.99 39.99 40.02 40.04 40.06 40.03 40 39.98 39.97 39.93 39.92 39.9 39.85 39.85 39.82 39.74 39.72 39.8 39.86 39.94 39.91 39.84 39.82 39.81
39.7 39.71 39.72 39.77 39.85 39.88 39.85 39.79 39.7 39.66 39.68 39.69 39.63 39.54 39.5 39.51 39.66 39.71 39.72 39.75 39.8 39.82 39.86 39.92 39.96 39.97 39.95 39.97 40.04 40.06 40.06 40.05 40.05 40.01 39.96 39.98 40.02 40.02 40.02 40.02 40.05 40.06 40.04 40 39.97 39.96 39.96 40.01 40.07 40.06 40.03 40.01 39.98 39.97 39.96 39.92 39.94 40 40.05 40.04 40.01 40.01 40 39.93 39.92 39.89 39.85 39.86 39.82 39.74 39.72 39.77 39.83 39.92 39.91 39.84 39.8 39.77
39.71 39.7 39.7 39.75 39.83 39.85 39.84 39.79 39.71 39.68 39.68 39.67 39.61 39.57 39.55 39.58 39.7 39.72 39.72 39.74 39.79 39.79 39.83 39.91 39.95 39.94 39.96 40 40.05 40.06 40.06 40.03 39.98 39.94 39.91 39.97 40.01 40.01 40 40.01 40.07 40.1 40.08 40.01 39.97 39.96 39.97 40.02 40.07 40.06 40.03 40.02 39.99 39.96 39.95 39.91 39.93 39.99 40.04 40.05 40.03 40.02 40 39.93 39.92 39.89 39.85 39.84 39.82 39.74 39.7 39.72 39.79 39.88 39.85 39.8 39.77 39.77
39.72 39.7 39.7 39.74 39.78 39.78 39.78 39.77 39.73 39.68 39.67 39.64 39.6 39.58 39.59 39.64 39.73 39.76 39.73 39.75 39.8 39.79 39.82 39.87 39.9 39.91 39.97 39.98 39.98 39.99 40.01 39.99 39.95 39.93 39.93 39.98 40 40.01 39.99 40.01 40.1 40.12 40.12 40.07 40.04 40.02 40 40.01 40.02 40.02 40 39.98 39.96 39.96 39.98 39.97 39.97 39.97 40 40.03 40.03 40.03 40 39.96 39.95 39.92 39.85 39.82 39.83 39.78 39.7 39.7 39.77 39.85 39.82 39.8 39.81 39.84
39.73 39.7 39.7 39.73 39.75 39.74 39.76 39.8 39.75 39.69 39.68 39.66 39.61 39.6 39.61 39.66 39.75 39.8 39.78 39.78 39.82 39.83 39.84 39.85 39.88 39.91 39.95 39.96 39.95 39.96 39.98 40 39.99 39.99 40 40 40 40.01 40 40.02 40.1 40.12 40.14 40.14 40.11 40.06 40.03 40.02 40.01 40 40.01 39.98 39.96 39.97 39.99 40.01 39.99 39.95 39.96 40 40.01 40.02 40 39.98 39.98 39.94 39.85 39.84 39.88 39.86 39.77 39.74 39.73 39.82 39.84 39.85 39.9 39.92
39.73 39.71 39.71 39.72 39.73 39.72 39.75 39.78 39.75 39.73 39.71 39.68 39.65 39.59 39.6 39.65 39.75 39.83 39.82 39.83 39.86 39.87 39.88 39.89 39.89 39.9 39.92 39.94 39.96 39.97 39.99 40.03 40.03 40.05 40.06 40.03 40 40.01 40.01 40.01 40.06 40.09 40.12 40.15 40.11 40.03 40.03 40.04 40.02 39.98 40.02 40.01 40.01 39.98 39.97 39.99 39.97 39.94 39.97 40.01 40.02 40.03 39.99 39.97 39.98 39.96 39.88 39.87 39.89 39.87 39.79 39.75 39.72 39.8 39.86 39.88 39.92 39.92
39.7 39.68 39.69 39.71 39.72 39.72 39.73 39.74 39.71 39.69 39.67 39.67 39.68 39.63 39.6 39.6 39.67 39.75 39.81 39.84 39.87 39.87 39.88 39.9 39.91 39.91 39.91 39.94 39.98 39.98 40 40.04 40.04 40.05 40.05 40.03 40 40 40 40.02 40.04 40.06 40.08 40.13 40.09 40.02 40.02 40.03 40 39.96 40 40 40 40 39.97 39.97 39.96 39.96 40.01 40.04 40.06 40.05 40 39.99 40.02 39.99 39.93 39.9 39.88 39.88 39.83 39.76 39.7 39.76 39.83 39.86 39.9 39.89
39.66 39.65 39.67 39.71 39.74 39.74 39.75 39.73 39.71 39.71 39.67 39.67 39.72 39.7 39.61 39.57 39.63 39.7 39.78 39.82 39.86 39.87 39.89 39.9 39.91 39.91 39.92 39.97 39.99 39.99 39.99 40.03 40.05 40.04 40.05 40.05 40.01 39.98 40.01 40.05 40.06 40.07 40.08 40.11 40.09 40.03 40.02 40.01 39.99 39.98 40.01 40 39.99 39.98 39.98 40.01 40.02 40 40.03 40.05 40.07 40.04 40 40.01 40.05 40.02 39.96 39.92 39.9 39.91 39.87 39.79 39.68 39.72 39.8 39.84 39.89 39.92
39.67 39.66 39.7 39.74 39.75 39.74 39.74 39.73 39.75 39.78 39.73 39.69 39.75 39.72 39.62 39.56 39.59 39.64 39.74 39.81 39.87 39.89 39.92 39.92 39.9 39.91 39.95 40 40.01 39.98 39.97 40.02 40.07 40.07 40.07 40.09 40.06 40 40.01 40.06 40.07 40.07 40.09 40.1 40.08 40.03 40.02 40 40 40.02 40.04 40.04 40.01 39.96 39.96 39.99 40 39.98 39.99 40.04 40.08 40.02 39.99 40 40.04 40.01 39.98 39.97 39.97 39.94 39.86 39.79 39.68 39.73 39.81 39.84 39.9 39.96
39.71 39.7 39.73 39.75 39.74 39.73 39.72 39.73 39.78 39.79 39.74 39.7 39.76 39.73 39.61 39.53 39.53 39.59 39.72 39.8 39.86 39.89 39.95 39.96 39.93 39.94 39.98 40.01 40.02 39.99 39.98 40.03 40.08 40.09 40.07 40.09 40.07 40.02 40.01 40.06 40.07 40.06 40.06 40.07 40.06 40.06 40.04 40 40 40.03 40.05 40.06 40.02 39.96 39.96 39.98 39.99 39.99 39.99 40.03 40.09 40.06 40.02 40.01 39.99 39.98 39.98 39.99 40 39.95 39.86 39.79 39.69 39.75 39.85 39.86 39.91 39.98
39.71 39.71 39.73 39.76 39.78 39.76 39.72 39.74 39.79 39.79 39.72 39.69 39.75 39.73 39.61 39.52 39.51 39.58 39.7 39.78 39.83 39.88 39.97 40 39.97 39.98 39.99 39.99 40 40.02 40.04 40.08 40.11 40.1 40.05 40.06 40.05 40 39.99 40.05 40.05 40.05 40.06 40.05 40.06 40.07 40.07 40.04 40.03 40.03 40.05 40.05 40.02 39.97 39.99 40.01 40.03 40.05 40.04 40.06 40.09 40.1 40.06 40.02 39.97 39.97 39.97 39.96 39.95 39.94 39.91 39.83 39.72 39.74 39.83 39.88 39.92 39.97
39.69 39.66 39.7 39.77 39.81 39.78 39.73 39.74 39.78 39.78 39.72 39.67 39.73 39.72 39.63 39.52 39.49 39.55 39.67 39.78 39.85 39.9 39.98 40 39.96 39.95 39.96 39.95 39.98 40.05 40.1 40.13 40.14 40.12 40.08 40.09 40.09 40.03 40.03 40.07 40.09 40.1 40.09 40.08 40.1 40.12 40.1 40.09 40.07 40.08 40.1 40.08 40.03 39.98 39.99 40.02 40.05 40.07 40.06 40.07 40.09 40.12 40.08 40.04 39.98 39.98 39.97 39.95 39.92 39.95 39.96 39.88 39.76 39.72 39.78 39.88 39.93 39.97
39.69 39.66 39.69 39.77 39.81 39.79 39.77 39.77 39.78 39.78 39.73 39.69 39.7 39.71 39.65 39.54 39.51 39.56 39.7 39.83 39.91 39.95 39.99 39.98 39.95 39.93 39.95 39.95 39.97 40.03 40.1 40.18 40.21 40.22 40.18 40.18 40.15 40.07 40.06 40.1 40.11 40.11 40.1 40.12 40.13 40.13 40.11 40.11 40.13 40.16 40.17 40.13 40.04 39.99 39.99 40.02 40.07 40.08 40.07 40.07 40.1 40.13 40.1 40.06 40.02 40.01 39.99 39.96 39.93 39.95 39.95 39.87 39.78 39.68 39.74 39.87 39.93 39.96
39.7 39.68 39.7 39.77 39.81 39.81 39.82 39.81 39.79 39.79 39.76 39.7 39.67 39.68 39.65 39.57 39.57 39.62 39.74 39.85 39.93 39.97 40 40 39.98 39.97 40 39.98 39.98 40 40.08 40.19 40.24 40.27 40.23 40.2 40.15 40.05 40.03 40.06 40.06 40.06 40.09 40.13 40.13 40.1 40.08 40.09 40.15 40.19 40.18 40.12 40.03 40 39.99 40.01 40.07 40.1 40.09 40.09 40.12 40.14 40.11 40.09 40.05 40.01 40 39.98 39.95 39.94 39.89 39.81 39.75 39.68 39.73 39.84 39.88 39.93
39.68 39.67 39.69 39.75 39.78 39.79 39.82 39.82 39.81 39.81 39.78 39.71 39.66 39.65 39.61 39.58 39.6 39.64 39.73 39.84 39.89 39.93 39.96 39.98 39.97 39.97 40.01 40 40 40.02 40.09 40.16 40.2 40.24 40.2 40.14 40.1 40.02 40.01 40.07 40.05 40.04 40.08 40.12 40.15 40.08 40.03 40.05 40.11 40.15 40.14 40.1 40.04 40.01 39.98 39.99 40.05 40.11 40.11 40.1 40.12 40.12 40.09 40.1 40.07 40 39.99 39.98 39.95 39.89 39.87 39.83 39.75 39.67 39.69 39.78 39.87 39.95
39.66 39.65 39.68 39.72 39.74 39.77 39.81 39.84 39.86 39.83 39.78 39.74 39.69 39.65 39.6 39.59 39.6 39.58 39.62 39.74 39.8 39.86 39.9 39.93 39.94 39.95 39.99 39.99 39.98 40 40.07 40.11 40.12 40.16 40.16 40.09 40.07 40.03 40.03 40.09 40.09 40.07 40.07 40.12 40.16 40.1 40.04 40.04 40.08 40.13 40.11 40.1 40.07 40.04 40.02 40.03 40.08 40.14 40.12 40.12 40.1 40.07 40.06 40.09 40.06 40.01 39.98 39.98 39.98 39.98 39.95 39.9 39.8 39.71 39.72 39.81 39.91 39.97
39.65 39.65 39.68 39.74 39.78 39.79 39.81 39.84 39.85 39.82 39.78 39.76 39.71 39.7 39.69 39.7 39.65 39.55 39.59 39.74 39.79 39.83 39.86 39.91 39.91 39.93 39.97 40 40.01 40.03 40.06 40.07 40.08 40.11 40.13 40.09 40.08 40.06 40.05 40.09 40.11 40.09 40.08 40.12 40.19 40.15 40.11 40.1 40.12 40.15 40.1 40.1 40.11 40.09 40.09 40.11 40.15 40.18 40.17 40.16 40.12 40.08 40.08 40.09 40.05 40 39.99 40 40 39.99 39.97 39.93 39.86 39.79 39.76 39.82 39.94 39.95
39.68 39.67 39.69 39.74 39.76 39.77 39.78 39.79 39.81 39.81 39.83 39.8 39.73 39.69 39.7 39.72 39.68 39.59 39.61 39.74 39.79 39.85 39.88 39.91 39.91 39.92 39.98 40.04 40.06 40.09 40.08 40.05 40.05 40.07 40.09 40.08 40.09 40.09 40.07 40.08 40.09 40.07 40.06 40.11 40.21 40.21 40.19 40.19 40.2 40.19 40.15 40.16 40.16 40.14 40.16 40.19 40.22 40.22 40.19 40.13 40.13 40.1 40.1 40.09 40.05 40.01 40.01 40.02 39.99 39.95 39.93 39.94 39.93 39.86 39.79 39.81 39.96 39.94
39.69 39.68 39.68 39.71 39.7 39.74 39.79 39.81 39.81 39.81 39.83 39.78 39.73 39.68 39.67 39.7 39.69 39.62 39.59 39.66 39.75 39.86 39.89 39.91 39.91 39.93 39.99 40.05 40.07 40.09 40.08 40.04 40.01 40.02 40.04 40.04 40.08 40.13 40.09 40.09 40.08 40.04 40.04 40.1 40.2 40.24 40.25 40.25 40.23 40.2 40.22 40.2 40.15 40.12 40.15 40.22 40.25 40.25 40.2 40.12 40.14 40.13 40.12 40.1 40.06 40.04 40.03 40.03 40.02 39.96 39.94 39.94 39.97 39.92 39.84 39.8 39.9 39.9
39.71 39.69 39.68 39.7 39.71 39.75 39.81 39.83 39.83 39.79 39.76 39.72 39.71 39.69 39.69 39.71 39.7 39.62 39.55 39.56 39.68 39.85 39.88 39.9 39.92 39.94 39.98 40.02 40.04 40.07 40.08 40.06 40.01 40 40.01 40.01 40.06 40.14 40.14 40.13 40.1 40.06 40.06 40.1 40.17 40.23 40.26 40.22 40.17 40.22 40.26 40.24 40.18 40.14 40.14 40.17 40.2 40.23 40.21 40.17 40.18 40.18 40.17 40.15 40.11 40.05 40.04 40.03 40.03 39.99 39.95 39.93 39.97 39.96 39.87 39.77 39.81 39.86
39.77 39.74 39.69 39.68 39.7 39.76 39.83 39.84 39.82 39.75 39.7 39.67 39.68 39.7 39.7 39.71 39.69 39.63 39.51 39.45 39.59 39.82 39.88 39.92 39.94 39.96 39.95 39.96 39.99 40.06 40.09 40.1 40.1 40.06 40.04 40.03 40.06 40.12 40.12 40.09 40.08 40.11 40.13 40.15 40.17 40.17 40.18 40.16 40.16 40.23 40.26 40.26 40.24 40.18 40.15 40.14 40.16 40.19 40.2 40.22 40.23 40.24 40.23 40.2 40.15 40.07 40.05 40.03 40.04 40.02 39.98 39.95 39.97 39.97 39.88 39.78 39.8 39.85
39.82 39.82 39.75 39.7 39.7 39.75 39.8 39.8 39.78 39.73 39.69 39.66 39.67 39.7 39.71 39.72 39.72 39.67 39.53 39.43 39.57 39.81 39.9 39.93 39.95 39.97 39.96 39.95 39.97 40.07 40.11 40.13 40.15 40.12 40.09 40.1 40.14 40.16 40.13 40.09 40.07 40.11 40.13 40.16 40.18 40.15 40.16 40.22 40.26 40.27 40.26 40.24 40.26 40.24 40.21 40.15 40.14 40.17 40.2 40.26 40.26 40.26 40.23 40.19 40.15 40.08 40.06 40.05 40.07 40.07 40.05 40.01 39.98 39.95 39.86 39.8 39.82 39.84
39.78 39.83 39.79 39.74 39.72 39.72 39.74 39.74 39.75 39.76 39.72 39.68 39.7 39.73 39.73 39.76 39.75 39.7 39.61 39.53 39.59 39.78 39.91 39.92 39.94 39.97 39.97 39.96 39.98 40.04 40.08 40.08 40.05 40.06 40.11 40.14 40.19 40.21 40.21 40.14 40.07 40.1 40.12 40.14 40.16 40.16 40.18 40.26 40.31 40.29 40.27 40.25 40.27 40.27 40.25 40.17 40.12 40.13 40.18 40.25 40.26 40.23 40.2 40.17 40.14 40.1 40.07 40.08 40.12 40.14 40.12 40.07 40.01 39.97 39.89 39.81 39.77 39.8
39.73 39.79 39.77 39.74 39.73 39.7 39.69 39.72 39.75 39.77 39.75 39.74 39.78 39.8 39.76 39.75 39.74 39.72 39.66 39.59 39.52 39.66 39.85 39.88 39.92 39.95 39.93 39.94 39.98 40.04 40.06 40.03 39.98 40.04 40.15 40.2 40.25 40.26 40.23 40.15 40.07 40.09 40.11 40.14 40.15 40.17 40.19 40.23 40.26 40.27 40.26 40.26 40.26 40.25 40.23 40.16 40.1 40.09 40.13 40.21 40.23 40.19 40.2 40.19 40.15 40.12 40.08 40.08 40.14 40.15 40.13 40.07 40.03 39.99 39.92 39.82 39.72 39.78
39.72 39.78 39.78 39.76 39.74 39.71 39.7 39.72 39.75 39.75 39.75 39.8 39.85 39.87 39.82 39.76 39.73 39.73 39.66 39.58 39.48 39.62 39.83 39.88 39.91 39.92 39.92 39.93 39.98 40.06 40.1 40.07 40.05 40.11 40.19 40.22 40.26 40.27 40.22 40.16 40.09 40.09 40.11 40.14 40.18 40.21 40.21 40.21 40.23 40.26 40.26 40.25 40.24 40.23 40.22 40.17 40.11 40.09 40.12 40.17 40.17 40.15 40.18 40.19 40.13 40.11 40.08 40.06 40.09 40.1 40.1 40.07 40.05 40.01 39.93 39.83 39.72 39.82
39.72 39.79 39.82 39.81 39.78 39.74 39.72 39.73 39.75 39.72 39.72 39.79 39.84 39.88 39.84 39.78 39.75 39.77 39.71 39.61 39.53 39.7 39.9 39.91 39.9 39.92 39.91 39.92 39.97 40.06 40.1 40.1 40.15 40.21 40.22 40.2 40.22 40.22 40.2 40.16 40.14 40.12 40.13 40.15 40.2 40.25 40.25 40.22 40.24 40.28 40.28 40.26 40.26 40.26 40.22 40.17 40.15 40.13 40.14 40.14 40.11 40.12 40.17 40.19 40.11 40.11 40.1 40.06 40.05 40.08 40.13 40.12 40.12 40.09 40 39.86 39.76 39.86
39.73 39.81 39.82 39.8 39.77 39.74 39.73 39.73 39.74 39.74 39.75 39.79 39.83 39.83 39.77 39.73 39.75 39.81 39.77 39.69 39.6 39.75 39.94 39.93 39.89 39.91 39.89 39.91 39.97 40.05 40.06 40.08 40.14 40.21 40.2 40.17 40.17 40.15 40.15 40.16 40.18 40.16 40.15 40.16 40.21 40.27 40.27 40.26 40.25 40.26 40.27 40.3 40.32 40.28 40.23 40.17 40.15 40.14 40.13 40.12 40.11 40.15 40.21 40.19 40.13 40.13 40.15 40.12 40.05 40.09 40.18 40.18 40.16 40.15 40.05 39.88 39.79 39.87
39.75 39.81 39.79 39.74 39.74 39.72 39.7 39.71 39.75 39.82 39.88 39.89 39.89 39.83 39.74 39.71 39.71 39.78 39.79 39.72 39.63 39.71 39.89 39.9 39.89 39.89 39.9 39.92 40 40.07 40.07 40.06 40.07 40.09 40.1 40.13 40.16 40.14 40.14 40.16 40.2 40.2 40.19 40.17 40.2 40.25 40.28 40.3 40.27 40.26 40.27 40.32 40.35 40.31 40.23 40.16 40.11 40.1 40.12 40.12 40.13 40.17 40.2 40.16 40.13 40.14 40.16 40.12 40.04 40.09 40.2 40.21 40.14 40.12 40.05 39.95 39.86 39.86
39.77 39.81 39.8 39.78 39.77 39.73 39.68 39.68 39.74 39.85 39.93 39.94 39.92 39.86 39.79 39.75 39.71 39.76 39.8 39.75 39.64 39.66 39.82 39.87 39.91 39.92 39.93 39.95 40.03 40.09 40.09 40.06 40.02 40.02 40.04 40.12 40.19 40.17 40.16 40.17 40.19 40.21 40.19 40.16 40.19 40.23 40.26 40.3 40.28 40.27 40.29 40.31 40.31 40.28 40.23 40.17 40.07 40.06 40.1 40.14 40.16 40.18 40.2 40.18 40.16 40.16 40.16 40.12 40.08 40.12 40.23 40.26 40.18 40.13 40.08 40.05 39.96 39.86
39.74 39.79 39.82 39.82 39.79 39.74 39.68 39.69 39.74 39.82 39.89 39.89 39.89 39.88 39.82 39.78 39.73 39.75 39.79 39.76 39.68 39.65 39.78 39.86 39.93 39.94 39.95 39.98 40.04 40.09 40.09 40.06 40.03 40.01 40.02 40.08 40.17 40.19 40.19 40.18 40.19 40.2 40.19 40.17 40.22 40.26 40.26 40.28 40.33 40.34 40.33 40.31 40.28 40.27 40.24 40.16 40.08 40.07 40.12 40.19 40.21 40.21 40.22 40.22 40.21 40.21 40.2 40.16 40.13 40.16 40.23 40.26 40.23 40.17 40.1 40.09 40.02 39.9
39.7 39.73 39.79 39.81 39.8 39.76 39.73 39.73 39.76 39.8 39.84 39.84 39.84 39.84 39.79 39.77 39.75 39.74 39.75 39.74 39.69 39.65 39.72 39.84 39.95 39.93 39.95 39.99 40.06 40.13 40.12 40.09 40.06 40.03 40.03 40.05 40.13 40.19 40.2 40.2 40.2 40.22 40.22 40.23 40.22 40.24 40.24 40.26 40.32 40.35 40.36 40.34 40.32 40.31 40.25 40.15 40.09 40.11 40.17 40.23 40.23 40.23 40.24 40.24 40.23 40.23 40.22 40.2 40.17 40.19 40.22 40.23 40.23 40.17 40.09 40.08 40.04 39.94
39.68 39.68 39.73 39.78 39.83 39.81 39.78 39.77 39.77 39.8 39.82 39.82 39.8 39.77 39.74 39.76 39.79 39.77 39.74 39.71 39.67 39.62 39.66 39.81 39.97 39.96 39.97 40.02 40.11 40.18 40.16 40.11 40.08 40.05 40.06 40.09 40.14 40.17 40.18 40.2 40.19 40.19 40.2 40.21 40.2 40.2 40.2 40.23 40.28 40.31 40.35 40.36 40.35 40.32 40.25 40.17 40.15 40.16 40.2 40.23 40.23 40.23 40.24 40.24 40.23 40.23 40.23 40.21 40.21 40.23 40.23 40.24 40.24 40.2 40.12 40.08 40.05 39.94
39.67 39.66 39.67 39.75 39.86 39.83 39.79 39.78 39.78 39.81 39.85 39.84 39.79 39.72 39.71 39.75 39.8 39.81 39.77 39.69 39.67 39.62 39.65 39.8 39.95 39.98 40 40.06 40.12 40.17 40.15 40.12 40.11 40.08 40.09 40.12 40.16 40.17 40.18 40.16 40.12 40.12 40.16 40.19 40.2 40.19 40.18 40.21 40.26 40.27 40.3 40.33 40.32 40.28 40.21 40.2 40.22 40.23 40.25 40.24 40.22 40.24 40.24 40.23 40.23 40.25 40.25 40.23 40.23 40.25 40.24 40.25 40.26 40.25 40.17 40.11 40.07 39.96
