slabs/68.grd
DSAA
631 301
645780 646410
4948100 4948400
37.48 47.29
[rows 204 to 237 of 300, columns 390 to 467 of 631]
40.46 40.48 40.49 40.52 40.59 40.64 40.64 40.64 40.66 40.67 40.66 40.65 40.65 40.66 40.68 40.69 40.63 40.57 40.56 40.54 40.54 40.55 40.55 40.55 40.54 40.56 40.55 40.53 40.52 40.53 40.52 40.48 40.46 40.46 40.47 40.47 40.47 40.47 40.48 40.5 40.51 40.51 40.52 40.54 40.56 40.56 40.57 40.58 40.57 40.58 40.59 40.59 40.6 40.61 40.62 40.64 40.65 40.65 40.64 40.63 40.63 40.63 40.6 40.6 40.61 40.63 40.63 40.63 40.65 40.71 40.75 40.75 40.74 40.76 40.8 40.81 40.84 40.87
40.49 40.5 40.49 40.54 40.61 40.64 40.64 40.64 40.67 40.7 40.7 40.68 40.67 40.67 40.68 40.68 40.63 40.58 40.57 40.55 40.56 40.58 40.57 40.55 40.55 40.55 40.54 40.54 40.54 40.54 40.53 40.49 40.46 40.45 40.44 40.44 40.46 40.47 40.5 40.53 40.54 40.54 40.53 40.55 40.57 40.57 40.58 40.59 40.59 40.6 40.61 40.61 40.61 40.61 40.62 40.65 40.65 40.66 40.64 40.63 40.63 40.62 40.61 40.61 40.62 40.63 40.64 40.65 40.69 40.77 40.81 40.82 40.82 40.8 40.8 40.81 40.83 40.84
40.62 40.63 40.6 40.61 40.64 40.65 40.65 40.65 40.66 40.67 40.67 40.67 40.68 40.69 40.69 40.68 40.64 40.61 40.59 40.57 40.57 40.58 40.58 40.57 40.55 40.53 40.5 40.53 40.56 40.56 40.53 40.5 40.48 40.46 40.43 40.45 40.47 40.49 40.53 40.56 40.58 40.56 40.54 40.57 40.61 40.61 40.61 40.6 40.59 40.59 40.61 40.62 40.62 40.62 40.64 40.66 40.66 40.66 40.66 40.65 40.64 40.62 40.61 40.61 40.62 40.66 40.7 40.73 40.76 40.81 40.83 40.83 40.83 40.81 40.8 40.81 40.82 40.83
40.71 40.71 40.69 40.67 40.67 40.67 40.67 40.67 40.68 40.69 40.69 40.69 40.72 40.75 40.75 40.72 40.68 40.65 40.63 40.6 40.58 40.59 40.6 40.59 40.56 40.54 40.51 40.54 40.57 40.57 40.54 40.51 40.49 40.47 40.46 40.48 40.51 40.52 40.56 40.59 40.61 40.6 40.6 40.67 40.71 40.7 40.66 40.64 40.62 40.59 40.6 40.6 40.6 40.6 40.64 40.64 40.65 40.66 40.66 40.66 40.65 40.64 40.65 40.65 40.67 40.72 40.77 40.8 40.81 40.82 40.82 40.82 40.81 40.81 40.81 40.81 40.81 40.82
40.73 40.72 40.71 40.7 40.69 40.68 40.69 40.71 40.72 40.72 40.74 40.75 40.77 40.79 40.8 40.79 40.75 40.71 40.68 40.63 40.62 40.63 40.64 40.61 40.58 40.57 40.56 40.56 40.58 40.58 40.57 40.54 40.52 40.5 40.51 40.54 40.57 40.58 40.62 40.66 40.67 40.68 40.73 40.8 40.81 40.78 40.71 40.68 40.65 40.61 40.6 40.59 40.59 40.6 40.63 40.64 40.64 40.65 40.66 40.66 40.66 40.68 40.72 40.74 40.76 40.79 40.81 40.82 40.83 40.82 40.81 40.81 40.81 40.82 40.84 40.83 40.82 40.82
40.73 40.73 40.72 40.72 40.71 40.7 40.73 40.77 40.78 40.77 40.79 40.83 40.84 40.84 40.86 40.86 40.81 40.77 40.71 40.66 40.65 40.66 40.66 40.64 40.62 40.62 40.6 40.59 40.58 40.59 40.59 40.58 40.56 40.57 40.59 40.62 40.64 40.65 40.68 40.7 40.71 40.73 40.78 40.83 40.83 40.79 40.72 40.71 40.68 40.63 40.62 40.61 40.61 40.62 40.63 40.63 40.63 40.64 40.67 40.69 40.69 40.72 40.77 40.8 40.84 40.83 40.85 40.84 40.83 40.83 40.82 40.83 40.84 40.84 40.86 40.85 40.84 40.83
40.72 40.71 40.72 40.74 40.73 40.73 40.77 40.83 40.84 40.84 40.86 40.9 40.93 40.94 40.94 40.9 40.84 40.8 40.72 40.68 40.68 40.68 40.67 40.66 40.65 40.64 40.62 40.61 40.6 40.6 40.6 40.6 40.59 40.59 40.62 40.64 40.66 40.69 40.71 40.72 40.73 40.74 40.76 40.79 40.8 40.78 40.72 40.71 40.69 40.65 40.65 40.64 40.64 40.63 40.62 40.62 40.63 40.65 40.68 40.7 40.72 40.74 40.78 40.82 40.86 40.84 40.84 40.83 40.84 40.85 40.85 40.86 40.87 40.87 40.88 40.89 40.9 40.92
40.75 40.73 40.74 40.76 40.77 40.78 40.82 40.88 40.89 40.89 40.91 40.95 40.98 40.99 40.96 40.9 40.84 40.8 40.71 40.68 40.69 40.69 40.68 40.67 40.66 40.66 40.64 40.63 40.62 40.62 40.61 40.59 40.56 40.57 40.6 40.62 40.64 40.68 40.71 40.72 40.73 40.74 40.75 40.77 40.78 40.77 40.72 40.7 40.68 40.66 40.66 40.65 40.65 40.64 40.62 40.62 40.63 40.65 40.68 40.7 40.74 40.76 40.79 40.82 40.85 40.84 40.83 40.83 40.83 40.85 40.85 40.87 40.91 40.94 40.94 40.95 40.96 40.95
40.79 40.8 40.77 40.76 40.81 40.84 40.87 40.92 40.93 40.93 40.93 40.95 40.97 40.97 40.95 40.91 40.86 40.81 40.72 40.69 40.71 40.71 40.69 40.67 40.66 40.66 40.64 40.62 40.61 40.61 40.59 40.56 40.53 40.54 40.58 40.61 40.62 40.67 40.69 40.7 40.71 40.72 40.74 40.75 40.76 40.76 40.73 40.7 40.68 40.66 40.66 40.66 40.66 40.65 40.65 40.64 40.63 40.65 40.68 40.7 40.74 40.78 40.8 40.82 40.83 40.84 40.86 40.83 40.81 40.86 40.89 40.92 40.98 41.01 41 41 40.97 40.93
40.78 40.83 40.79 40.75 40.83 40.88 40.92 40.95 40.94 40.93 40.93 40.94 40.94 40.94 40.94 40.93 40.92 40.89 40.81 40.77 40.75 40.73 40.68 40.65 40.63 40.62 40.6 40.59 40.57 40.56 40.53 40.51 40.5 40.52 40.56 40.59 40.61 40.65 40.67 40.69 40.69 40.7 40.72 40.73 40.74 40.75 40.74 40.72 40.7 40.67 40.66 40.67 40.66 40.66 40.66 40.65 40.64 40.64 40.66 40.68 40.72 40.76 40.79 40.78 40.8 40.83 40.84 40.83 40.84 40.91 40.95 40.96 41 41.05 41.05 41.02 40.97 40.92
40.73 40.82 40.82 40.8 40.83 40.87 40.93 40.94 40.91 40.91 40.92 40.92 40.92 40.92 40.93 40.94 40.95 40.93 40.88 40.83 40.78 40.73 40.65 40.61 40.59 40.56 40.5 40.46 40.43 40.41 40.43 40.46 40.47 40.51 40.55 40.59 40.6 40.63 40.65 40.66 40.67 40.68 40.7 40.71 40.71 40.73 40.75 40.74 40.71 40.68 40.67 40.67 40.66 40.66 40.66 40.65 40.64 40.64 40.66 40.67 40.7 40.73 40.76 40.76 40.79 40.82 40.84 40.85 40.9 40.96 40.97 40.96 40.98 41.04 41.04 41.02 40.97 40.94
40.65 40.75 40.81 40.8 40.82 40.85 40.89 40.9 40.9 40.91 40.91 40.92 40.92 40.92 40.92 40.93 40.93 40.92 40.89 40.83 40.78 40.71 40.61 40.57 40.53 40.44 40.32 40.24 40.19 40.16 40.29 40.43 40.46 40.49 40.54 40.57 40.59 40.62 40.63 40.64 40.65 40.66 40.67 40.68 40.69 40.72 40.75 40.75 40.74 40.71 40.68 40.67 40.67 40.67 40.67 40.66 40.65 40.64 40.65 40.67 40.7 40.73 40.75 40.76 40.79 40.84 40.86 40.88 40.93 40.95 40.94 40.93 40.96 41 41 40.98 40.96 40.94
40.63 40.68 40.75 40.78 40.82 40.83 40.85 40.88 40.9 40.91 40.91 40.91 40.91 40.91 40.92 40.92 40.93 40.92 40.88 40.81 40.78 40.72 40.6 40.55 40.49 40.35 40.19 40.09 40.03 40 40.19 40.4 40.44 40.48 40.53 40.56 40.58 40.6 40.61 40.62 40.63 40.64 40.66 40.67 40.7 40.73 40.75 40.76 40.77 40.75 40.71 40.7 40.68 40.67 40.66 40.66 40.66 40.66 40.65 40.67 40.7 40.73 40.75 40.76 40.8 40.84 40.86 40.89 40.92 40.93 40.91 40.9 40.93 40.96 40.95 40.94 40.93 40.91
40.63 40.66 40.71 40.77 40.79 40.8 40.83 40.88 40.9 40.9 40.91 40.91 40.91 40.91 40.92 40.93 40.94 40.93 40.89 40.82 40.81 40.77 40.65 40.57 40.51 40.36 40.21 40.1 40.04 40.03 40.22 40.4 40.44 40.47 40.52 40.55 40.56 40.58 40.59 40.6 40.62 40.64 40.66 40.69 40.73 40.76 40.77 40.78 40.79 40.77 40.74 40.73 40.7 40.67 40.64 40.65 40.67 40.68 40.69 40.69 40.7 40.72 40.74 40.76 40.81 40.82 40.84 40.88 40.9 40.89 40.87 40.87 40.9 40.91 40.9 40.89 40.88 40.87
40.62 40.64 40.7 40.76 40.77 40.79 40.83 40.88 40.89 40.9 40.9 40.91 40.91 40.92 40.93 40.94 40.94 40.94 40.91 40.88 40.86 40.81 40.72 40.63 40.57 40.44 40.31 40.21 40.16 40.15 40.33 40.48 40.48 40.48 40.51 40.53 40.55 40.56 40.58 40.6 40.64 40.67 40.7 40.72 40.74 40.77 40.78 40.79 40.79 40.77 40.75 40.74 40.72 40.69 40.66 40.67 40.68 40.68 40.71 40.71 40.71 40.71 40.72 40.76 40.8 40.8 40.82 40.86 40.87 40.85 40.83 40.84 40.86 40.86 40.85 40.84 40.83 40.82
40.58 40.6 40.68 40.76 40.78 40.8 40.85 40.88 40.89 40.9 40.91 40.92 40.93 40.94 40.94 40.95 40.95 40.96 40.95 40.93 40.9 40.84 40.78 40.71 40.66 40.54 40.41 40.32 40.28 40.28 40.42 40.53 40.54 40.52 40.5 40.51 40.54 40.58 40.61 40.63 40.67 40.7 40.72 40.73 40.75 40.76 40.77 40.77 40.78 40.77 40.76 40.74 40.72 40.7 40.69 40.69 40.69 40.69 40.7 40.71 40.71 40.71 40.72 40.77 40.79 40.79 40.81 40.84 40.83 40.8 40.79 40.8 40.82 40.81 40.8 40.79 40.77 40.76
40.59 40.62 40.7 40.76 40.78 40.81 40.86 40.89 40.9 40.92 40.93 40.94 40.95 40.96 40.96 40.96 40.96 40.98 40.97 40.95 40.92 40.85 40.81 40.75 40.71 40.61 40.5 40.42 40.41 40.37 40.3 40.32 40.43 40.54 40.52 40.53 40.58 40.62 40.65 40.66 40.69 40.71 40.71 40.72 40.74 40.75 40.76 40.77 40.78 40.78 40.76 40.75 40.72 40.7 40.7 40.69 40.69 40.7 40.69 40.7 40.72 40.72 40.74 40.77 40.78 40.79 40.8 40.8 40.78 40.75 40.76 40.77 40.76 40.75 40.75 40.74 40.72 40.7
40.64 40.68 40.74 40.77 40.77 40.81 40.88 40.91 40.93 40.94 40.95 40.96 40.96 40.97 40.97 40.96 40.97 40.98 40.98 40.96 40.93 40.88 40.82 40.77 40.74 40.66 40.59 40.55 40.53 40.4 40.18 40.12 40.28 40.52 40.55 40.57 40.62 40.64 40.65 40.66 40.68 40.7 40.71 40.72 40.74 40.76 40.77 40.78 40.8 40.79 40.75 40.74 40.71 40.71 40.7 40.68 40.68 40.69 40.69 40.7 40.72 40.73 40.75 40.78 40.79 40.79 40.78 40.76 40.74 40.71 40.72 40.72 40.69 40.68 40.68 40.7 40.7 40.69
40.64 40.68 40.74 40.76 40.76 40.81 40.89 40.94 40.95 40.95 40.95 40.94 40.94 40.94 40.94 40.94 40.95 40.96 40.94 40.92 40.91 40.9 40.85 40.81 40.77 40.69 40.63 40.61 40.58 40.43 40.2 40.12 40.22 40.49 40.56 40.58 40.62 40.64 40.65 40.66 40.68 40.7 40.72 40.73 40.75 40.77 40.78 40.8 40.82 40.81 40.77 40.73 40.71 40.72 40.71 40.69 40.68 40.69 40.7 40.7 40.71 40.72 40.74 40.76 40.77 40.77 40.76 40.74 40.7 40.66 40.66 40.67 40.67 40.67 40.68 40.69 40.7 40.69
40.53 40.59 40.69 40.73 40.75 40.8 40.87 40.92 40.92 40.91 40.9 40.9 40.91 40.92 40.93 40.92 40.92 40.9 40.88 40.85 40.87 40.9 40.89 40.85 40.81 40.73 40.64 40.62 40.6 40.49 40.33 40.21 40.21 40.47 40.57 40.59 40.62 40.64 40.66 40.67 40.7 40.72 40.73 40.74 40.77 40.79 40.8 40.81 40.84 40.84 40.8 40.73 40.72 40.71 40.72 40.71 40.7 40.7 40.72 40.71 40.69 40.71 40.72 40.73 40.73 40.74 40.74 40.74 40.7 40.65 40.66 40.68 40.7 40.7 40.7 40.69 40.68 40.68
40.34 40.44 40.61 40.72 40.75 40.8 40.85 40.86 40.87 40.89 40.9 40.91 40.91 40.91 40.89 40.88 40.87 40.85 40.82 40.8 40.82 40.88 40.93 40.9 40.83 40.72 40.62 40.61 40.62 40.54 40.42 40.27 40.19 40.45 40.61 40.63 40.64 40.66 40.68 40.7 40.72 40.74 40.75 40.76 40.78 40.8 40.81 40.82 40.84 40.84 40.82 40.76 40.73 40.71 40.71 40.73 40.72 40.72 40.73 40.71 40.7 40.71 40.71 40.71 40.71 40.7 40.72 40.73 40.71 40.69 40.7 40.7 40.7 40.7 40.69 40.69 40.69 40.7
40.11 40.26 40.5 40.66 40.66 40.73 40.82 40.86 40.88 40.9 40.91 40.9 40.89 40.87 40.84 40.83 40.82 40.8 40.78 40.76 40.76 40.81 40.87 40.87 40.79 40.67 40.58 40.59 40.62 40.57 40.46 40.32 40.18 40.39 40.62 40.64 40.67 40.69 40.7 40.71 40.73 40.75 40.76 40.77 40.78 40.79 40.8 40.8 40.8 40.81 40.8 40.79 40.75 40.71 40.71 40.73 40.74 40.73 40.74 40.72 40.72 40.72 40.72 40.72 40.71 40.7 40.71 40.71 40.7 40.69 40.7 40.69 40.69 40.69 40.69 40.71 40.73 40.74
39.94 40.16 40.43 40.56 40.56 40.64 40.76 40.83 40.87 40.91 40.89 40.88 40.86 40.84 40.82 40.8 40.8 40.77 40.76 40.76 40.77 40.79 40.79 40.79 40.75 40.65 40.57 40.58 40.63 40.6 40.54 40.4 40.21 40.33 40.59 40.63 40.68 40.7 40.72 40.72 40.74 40.75 40.75 40.75 40.76 40.76 40.76 40.76 40.76 40.77 40.78 40.8 40.77 40.73 40.72 40.72 40.75 40.75 40.74 40.73 40.72 40.72 40.71 40.71 40.71 40.7 40.7 40.7 40.69 40.68 40.68 40.68 40.69 40.7 40.72 40.73 40.74 40.74
39.87 40.13 40.4 40.5 40.51 40.57 40.68 40.73 40.81 40.9 40.89 40.87 40.86 40.84 40.82 40.81 40.8 40.79 40.8 40.82 40.87 40.88 40.82 40.79 40.76 40.69 40.61 40.62 40.64 40.62 40.59 40.48 40.24 40.28 40.56 40.62 40.68 40.7 40.7 40.7 40.71 40.72 40.71 40.71 40.73 40.74 40.74 40.74 40.77 40.79 40.8 40.81 40.79 40.76 40.75 40.74 40.75 40.76 40.76 40.75 40.73 40.72 40.7 40.69 40.68 40.68 40.68 40.68 40.68 40.68 40.68 40.69 40.71 40.71 40.73 40.73 40.72 40.72
39.91 40.13 40.39 40.48 40.49 40.54 40.6 40.65 40.75 40.9 40.9 40.89 40.87 40.85 40.83 40.83 40.83 40.86 40.89 40.92 40.97 40.97 40.93 40.88 40.83 40.79 40.71 40.68 40.64 40.63 40.63 40.54 40.29 40.21 40.46 40.55 40.66 40.66 40.63 40.64 40.66 40.68 40.69 40.7 40.72 40.72 40.73 40.76 40.79 40.81 40.82 40.81 40.8 40.79 40.77 40.77 40.78 40.78 40.77 40.77 40.74 40.73 40.71 40.69 40.67 40.68 40.69 40.69 40.69 40.69 40.7 40.71 40.73 40.73 40.73 40.73 40.72 40.72
40.08 40.24 40.43 40.48 40.5 40.53 40.57 40.63 40.75 40.9 40.91 40.91 40.89 40.87 40.86 40.87 40.9 40.94 40.97 40.98 40.99 40.99 40.98 40.95 40.9 40.88 40.82 40.75 40.65 40.63 40.62 40.57 40.38 40.22 40.28 40.42 40.63 40.65 40.62 40.61 40.65 40.68 40.69 40.71 40.73 40.74 40.75 40.77 40.78 40.79 40.8 40.81 40.81 40.8 40.78 40.78 40.79 40.79 40.78 40.77 40.75 40.73 40.71 40.7 40.69 40.69 40.7 40.7 40.7 40.72 40.75 40.75 40.75 40.75 40.76 40.76 40.77 40.77
40.27 40.38 40.47 40.5 40.52 40.57 40.64 40.7 40.81 40.93 40.93 40.92 40.9 40.9 40.91 40.93 40.96 40.98 40.99 40.99 40.97 40.96 40.97 40.96 40.92 40.9 40.87 40.8 40.69 40.67 40.65 40.62 40.51 40.37 40.26 40.3 40.59 40.65 40.64 40.63 40.66 40.68 40.7 40.71 40.73 40.74 40.75 40.76 40.77 40.78 40.79 40.81 40.81 40.8 40.8 40.79 40.78 40.78 40.78 40.77 40.76 40.74 40.7 40.7 40.7 40.7 40.69 40.7 40.72 40.76 40.82 40.82 40.81 40.81 40.81 40.81 40.82 40.83
40.34 40.44 40.48 40.51 40.55 40.64 40.73 40.8 40.89 40.94 40.94 40.93 40.93 40.94 40.95 40.96 40.97 40.97 40.97 40.97 40.94 40.92 40.93 40.92 40.9 40.87 40.84 40.79 40.71 40.69 40.68 40.66 40.6 40.49 40.34 40.25 40.5 40.61 40.62 40.64 40.67 40.68 40.7 40.71 40.72 40.73 40.73 40.75 40.77 40.78 40.79 40.81 40.82 40.82 40.81 40.8 40.78 40.78 40.78 40.78 40.76 40.74 40.71 40.69 40.68 40.69 40.7 40.71 40.73 40.78 40.86 40.91 40.93 40.91 40.88 40.86 40.84 40.81
40.28 40.44 40.48 40.51 40.57 40.66 40.76 40.83 40.92 40.93 40.93 40.93 40.94 40.95 40.95 40.95 40.96 40.96 40.96 40.94 40.88 40.85 40.86 40.86 40.86 40.84 40.82 40.77 40.71 40.7 40.69 40.68 40.65 40.57 40.42 40.26 40.43 40.58 40.6 40.63 40.67 40.68 40.68 40.69 40.71 40.71 40.72 40.74 40.76 40.77 40.78 40.8 40.81 40.81 40.81 40.81 40.8 40.79 40.78 40.77 40.75 40.73 40.71 40.69 40.66 40.67 40.69 40.71 40.73 40.8 40.9 40.95 40.96 40.9 40.83 40.79 40.76 40.71
40.2 40.43 40.47 40.5 40.55 40.63 40.71 40.79 40.88 40.9 40.93 40.94 40.94 40.94 40.94 40.94 40.94 40.94 40.93 40.91 40.85 40.83 40.83 40.83 40.82 40.82 40.81 40.76 40.72 40.7 40.69 40.68 40.67 40.63 40.49 40.29 40.38 40.55 40.58 40.62 40.65 40.66 40.66 40.68 40.7 40.7 40.71 40.73 40.74 40.75 40.76 40.77 40.78 40.79 40.8 40.81 40.81 40.8 40.78 40.77 40.74 40.74 40.72 40.68 40.64 40.65 40.68 40.68 40.72 40.82 40.9 40.9 40.88 40.79 40.7 40.67 40.66 40.64
40.19 40.44 40.46 40.46 40.49 40.59 40.7 40.77 40.85 40.85 40.88 40.89 40.91 40.92 40.91 40.91 40.92 40.92 40.92 40.9 40.86 40.84 40.83 40.82 40.8 40.79 40.78 40.76 40.73 40.7 40.68 40.66 40.65 40.63 40.52 40.31 40.32 40.51 40.55 40.6 40.63 40.64 40.65 40.67 40.68 40.68 40.7 40.71 40.72 40.72 40.74 40.75 40.77 40.78 40.8 40.83 40.83 40.81 40.79 40.77 40.74 40.73 40.71 40.68 40.66 40.66 40.68 40.67 40.71 40.81 40.87 40.84 40.79 40.69 40.62 40.62 40.62 40.63
40.15 40.41 40.44 40.41 40.38 40.48 40.66 40.75 40.82 40.81 40.82 40.84 40.88 40.89 40.9 40.9 40.91 40.91 40.91 40.9 40.87 40.85 40.83 40.82 40.79 40.77 40.76 40.75 40.72 40.7 40.68 40.66 40.64 40.62 40.55 40.33 40.22 40.4 40.52 40.6 40.61 40.62 40.64 40.65 40.66 40.66 40.67 40.69 40.7 40.71 40.73 40.75 40.78 40.81 40.83 40.83 40.82 40.81 40.8 40.77 40.73 40.72 40.71 40.71 40.69 40.67 40.68 40.68 40.69 40.75 40.79 40.76 40.73 40.66 40.62 40.62 40.63 40.65
39.98 40.3 40.41 40.38 40.32 40.42 40.62 40.71 40.79 40.79 40.79 40.81 40.85 40.89 40.89 40.88 40.88 40.89 40.89 40.88 40.86 40.85 40.83 40.81 40.8 40.77 40.76 40.75 40.73 40.7 40.7 40.69 40.66 40.62 40.57 40.36 40.12 40.22 40.48 40.59 40.6 40.6 40.62 40.63 40.63 40.64 40.65 40.68 40.7 40.72 40.74 40.78 40.81 40.82 40.83 40.83 40.82 40.81 40.81 40.79 40.76 40.75 40.73 40.73 40.7 40.67 40.68 40.69 40.7 40.71 40.71 40.7 40.7 40.68 40.64 40.64 40.65 40.66
39.88 40.27 40.45 40.42 40.36 40.46 40.63 40.7 40.78 40.78 40.77 40.78 40.83 40.88 40.87 40.86 40.87 40.88 40.88 40.86 40.85 40.84 40.83 40.81 40.81 40.79 40.79 40.8 40.77 40.74 40.72 40.69 40.66 40.62 40.6 40.44 40.17 40.17 40.39 40.57 40.59 40.59 40.58 40.6 40.61 40.63 40.65 40.68 40.71 40.73 40.77 40.79 40.8 40.81 40.83 40.84 40.84 40.82 40.8 40.79 40.78 40.75 40.73 40.73 40.71 40.68 40.68 40.7 40.71 40.69 40.68 40.69 40.71 40.71 40.66 40.66 40.66 40.68
