slabs/69.grd
DSAA
631 301
645780 646410
4948400 4948700
39.38 48.53
[rows 34 to 67 of 301, columns 312 to 389 of 631]
40.38 40.39 40.4 40.42 40.43 40.42 40.38 40.37 40.37 40.4 40.44 40.44 40.45 40.46 40.47 40.47 40.46 40.44 40.4 40.36 40.38 40.4 40.4 40.44 40.42 40.4 40.45 40.45 40.45 40.43 40.41 40.42 40.41 40.39 40.38 40.37 40.39 40.39 40.38 40.39 40.39 40.44 40.52 40.51 40.45 40.4 40.38 40.38 40.38 40.4 40.44 40.43 40.38 40.37 40.38 40.35 40.31 40.31 40.31 40.3 40.28 40.26 40.26 40.27 40.25 40.24 40.27 40.31 40.3 40.24 40.05 39.7 39.81 40.2 40.3 40.34 40.3 40.27
40.41 40.41 40.41 40.4 40.42 40.42 40.4 40.38 40.37 40.39 40.41 40.43 40.45 40.46 40.46 40.46 40.46 40.44 40.4 40.37 40.39 40.43 40.41 40.43 40.42 40.42 40.45 40.44 40.43 40.41 40.39 40.36 40.36 40.37 40.4 40.41 40.39 40.36 40.36 40.38 40.4 40.45 40.49 40.48 40.43 40.37 40.33 40.33 40.37 40.43 40.47 40.45 40.42 40.4 40.37 40.36 40.36 40.36 40.32 40.33 40.31 40.26 40.25 40.25 40.25 40.23 40.25 40.31 40.3 40.18 39.95 39.66 39.9 40.25 40.32 40.34 40.3 40.25
40.44 40.43 40.41 40.41 40.41 40.41 40.4 40.39 40.4 40.39 40.39 40.42 40.45 40.46 40.46 40.46 40.47 40.45 40.4 40.38 40.4 40.44 40.45 40.46 40.44 40.42 40.43 40.43 40.44 40.44 40.41 40.36 40.35 40.35 40.39 40.44 40.43 40.39 40.36 40.36 40.39 40.43 40.46 40.47 40.45 40.36 40.32 40.33 40.4 40.46 40.47 40.48 40.47 40.42 40.36 40.36 40.4 40.43 40.39 40.38 40.35 40.29 40.27 40.26 40.23 40.22 40.25 40.33 40.29 40.09 39.88 39.74 40.04 40.27 40.32 40.35 40.29 40.22
40.43 40.42 40.42 40.43 40.43 40.42 40.39 40.39 40.4 40.4 40.38 40.38 40.42 40.45 40.46 40.47 40.47 40.45 40.4 40.36 40.37 40.41 40.44 40.45 40.43 40.41 40.45 40.49 40.49 40.5 40.45 40.36 40.36 40.36 40.39 40.44 40.45 40.42 40.35 40.35 40.39 40.43 40.46 40.48 40.45 40.37 40.35 40.36 40.41 40.44 40.45 40.45 40.46 40.42 40.36 40.38 40.43 40.46 40.44 40.4 40.36 40.33 40.33 40.3 40.24 40.24 40.29 40.37 40.25 39.94 39.74 39.73 40.15 40.33 40.35 40.35 40.27 40.19
40.42 40.42 40.44 40.44 40.42 40.4 40.39 40.4 40.39 40.39 40.37 40.36 40.38 40.42 40.43 40.44 40.44 40.46 40.43 40.35 40.35 40.39 40.45 40.44 40.41 40.39 40.46 40.5 40.51 40.52 40.47 40.39 40.35 40.34 40.37 40.4 40.45 40.44 40.36 40.36 40.38 40.4 40.43 40.44 40.43 40.37 40.35 40.37 40.39 40.4 40.42 40.42 40.42 40.41 40.38 40.4 40.44 40.46 40.44 40.4 40.33 40.29 40.29 40.29 40.25 40.3 40.4 40.42 40.19 39.83 39.7 39.8 40.21 40.36 40.36 40.33 40.26 40.2
40.44 40.45 40.47 40.47 40.45 40.43 40.42 40.42 40.41 40.42 40.43 40.44 40.44 40.45 40.44 40.43 40.44 40.48 40.48 40.42 40.4 40.41 40.45 40.44 40.42 40.4 40.42 40.42 40.45 40.48 40.47 40.42 40.36 40.34 40.36 40.39 40.43 40.42 40.37 40.37 40.37 40.36 40.4 40.42 40.42 40.37 40.35 40.37 40.39 40.4 40.42 40.41 40.41 40.41 40.4 40.42 40.46 40.47 40.43 40.36 40.33 40.34 40.34 40.32 40.3 40.34 40.41 40.4 40.13 39.75 39.73 39.94 40.26 40.34 40.34 40.31 40.24 40.2
40.43 40.45 40.5 40.51 40.51 40.51 40.5 40.48 40.47 40.48 40.5 40.5 40.5 40.49 40.47 40.46 40.47 40.49 40.49 40.47 40.44 40.41 40.41 40.41 40.42 40.44 40.43 40.41 40.43 40.44 40.45 40.43 40.39 40.37 40.4 40.42 40.43 40.4 40.37 40.37 40.36 40.35 40.4 40.42 40.43 40.4 40.4 40.43 40.46 40.45 40.43 40.38 40.41 40.43 40.4 40.39 40.46 40.5 40.47 40.42 40.43 40.45 40.43 40.36 40.33 40.36 40.4 40.38 40.05 39.66 39.7 39.96 40.26 40.32 40.33 40.29 40.23 40.2
40.41 40.45 40.48 40.48 40.48 40.49 40.49 40.5 40.5 40.48 40.47 40.49 40.5 40.51 40.5 40.49 40.5 40.5 40.48 40.45 40.44 40.42 40.41 40.41 40.43 40.47 40.47 40.46 40.46 40.43 40.42 40.42 40.41 40.4 40.44 40.45 40.44 40.4 40.39 40.38 40.35 40.36 40.42 40.45 40.46 40.42 40.42 40.46 40.48 40.45 40.43 40.39 40.4 40.41 40.38 40.37 40.46 40.51 40.48 40.46 40.47 40.45 40.41 40.33 40.31 40.36 40.43 40.38 40.02 39.67 39.63 39.96 40.26 40.31 40.32 40.27 40.22 40.19
40.45 40.45 40.42 40.37 40.39 40.43 40.44 40.47 40.48 40.47 40.44 40.48 40.49 40.5 40.5 40.52 40.51 40.49 40.47 40.45 40.44 40.43 40.43 40.43 40.45 40.48 40.46 40.47 40.47 40.44 40.41 40.41 40.41 40.4 40.45 40.45 40.43 40.41 40.4 40.37 40.35 40.38 40.45 40.49 40.5 40.4 40.36 40.41 40.43 40.41 40.41 40.39 40.37 40.38 40.36 40.37 40.45 40.49 40.49 40.47 40.45 40.43 40.37 40.28 40.3 40.39 40.44 40.34 40.01 39.74 39.61 40 40.3 40.33 40.32 40.27 40.21 40.19
40.5 40.48 40.43 40.38 40.38 40.4 40.45 40.46 40.47 40.47 40.48 40.51 40.51 40.49 40.49 40.51 40.5 40.48 40.49 40.48 40.44 40.42 40.43 40.44 40.47 40.48 40.45 40.45 40.46 40.45 40.43 40.42 40.4 40.39 40.44 40.42 40.38 40.36 40.36 40.36 40.38 40.46 40.48 40.47 40.47 40.4 40.37 40.39 40.4 40.39 40.4 40.42 40.4 40.36 40.35 40.38 40.45 40.45 40.48 40.5 40.44 40.4 40.35 40.29 40.31 40.4 40.44 40.29 39.96 39.75 39.68 40.07 40.34 40.36 40.33 40.27 40.21 40.21
40.53 40.52 40.5 40.47 40.43 40.39 40.43 40.49 40.49 40.47 40.5 40.53 40.5 40.47 40.48 40.49 40.49 40.5 40.5 40.49 40.44 40.42 40.43 40.45 40.47 40.45 40.42 40.43 40.44 40.43 40.43 40.41 40.4 40.39 40.41 40.41 40.39 40.38 40.39 40.38 40.41 40.49 40.5 40.48 40.47 40.44 40.42 40.41 40.41 40.39 40.4 40.43 40.43 40.39 40.37 40.39 40.44 40.42 40.44 40.46 40.4 40.35 40.33 40.32 40.35 40.4 40.45 40.25 39.9 39.74 39.76 40.16 40.37 40.37 40.34 40.28 40.23 40.23
40.5 40.55 40.54 40.52 40.48 40.41 40.43 40.5 40.49 40.46 40.47 40.49 40.46 40.44 40.47 40.47 40.47 40.49 40.5 40.47 40.43 40.45 40.46 40.49 40.48 40.41 40.38 40.4 40.41 40.4 40.39 40.38 40.41 40.44 40.48 40.48 40.45 40.44 40.43 40.37 40.37 40.43 40.47 40.5 40.48 40.47 40.45 40.42 40.41 40.39 40.4 40.42 40.41 40.39 40.4 40.42 40.43 40.41 40.42 40.4 40.37 40.34 40.33 40.33 40.39 40.44 40.46 40.21 39.86 39.71 39.78 40.23 40.38 40.38 40.35 40.3 40.26 40.26
40.45 40.52 40.53 40.52 40.49 40.44 40.45 40.5 40.48 40.45 40.44 40.46 40.46 40.46 40.5 40.48 40.46 40.49 40.49 40.46 40.44 40.47 40.5 40.5 40.46 40.38 40.34 40.38 40.43 40.45 40.44 40.41 40.41 40.41 40.49 40.56 40.51 40.49 40.47 40.41 40.38 40.41 40.44 40.48 40.48 40.48 40.46 40.41 40.4 40.39 40.39 40.4 40.4 40.39 40.42 40.46 40.46 40.44 40.42 40.39 40.36 40.36 40.33 40.34 40.4 40.45 40.45 40.17 39.8 39.68 39.82 40.27 40.38 40.38 40.35 40.31 40.29 40.3
40.45 40.47 40.49 40.49 40.49 40.47 40.48 40.5 40.49 40.49 40.47 40.49 40.52 40.51 40.54 40.52 40.48 40.48 40.46 40.45 40.44 40.44 40.45 40.46 40.44 40.37 40.34 40.37 40.43 40.48 40.49 40.46 40.42 40.4 40.47 40.57 40.55 40.52 40.51 40.47 40.43 40.43 40.45 40.46 40.47 40.49 40.46 40.4 40.39 40.38 40.38 40.38 40.4 40.4 40.43 40.46 40.46 40.45 40.44 40.42 40.39 40.38 40.34 40.33 40.4 40.46 40.47 40.18 39.78 39.67 39.82 40.24 40.37 40.36 40.33 40.31 40.3 40.32
40.46 40.43 40.44 40.45 40.47 40.5 40.52 40.52 40.5 40.53 40.51 40.52 40.53 40.5 40.51 40.51 40.49 40.46 40.44 40.44 40.45 40.45 40.46 40.47 40.46 40.41 40.38 40.38 40.41 40.46 40.49 40.48 40.44 40.44 40.47 40.54 40.56 40.54 40.52 40.49 40.47 40.47 40.48 40.48 40.47 40.49 40.46 40.39 40.38 40.38 40.37 40.37 40.39 40.4 40.42 40.45 40.43 40.42 40.43 40.44 40.41 40.4 40.35 40.33 40.37 40.44 40.47 40.18 39.8 39.73 39.89 40.25 40.38 40.38 40.37 40.36 40.33 40.32
40.44 40.42 40.42 40.45 40.49 40.52 40.54 40.53 40.51 40.53 40.54 40.54 40.51 40.49 40.48 40.47 40.47 40.47 40.45 40.45 40.45 40.47 40.5 40.5 40.49 40.46 40.44 40.42 40.42 40.43 40.45 40.46 40.43 40.45 40.48 40.51 40.53 40.51 40.5 40.5 40.5 40.54 40.54 40.5 40.45 40.46 40.44 40.39 40.37 40.38 40.4 40.42 40.42 40.41 40.41 40.42 40.42 40.41 40.41 40.43 40.42 40.41 40.36 40.35 40.36 40.41 40.4 40.1 39.75 39.74 39.95 40.28 40.37 40.39 40.4 40.37 40.35 40.33
40.44 40.44 40.44 40.47 40.49 40.5 40.48 40.47 40.51 40.53 40.53 40.54 40.53 40.49 40.46 40.44 40.46 40.5 40.47 40.45 40.44 40.47 40.5 40.5 40.5 40.49 40.47 40.45 40.43 40.42 40.42 40.43 40.43 40.47 40.48 40.49 40.5 40.49 40.49 40.49 40.5 40.55 40.55 40.49 40.43 40.43 40.42 40.39 40.36 40.36 40.39 40.43 40.45 40.45 40.43 40.41 40.43 40.43 40.44 40.43 40.39 40.39 40.37 40.36 40.35 40.4 40.41 40.21 39.91 39.74 39.95 40.3 40.36 40.39 40.39 40.37 40.36 40.36
40.44 40.47 40.5 40.52 40.5 40.45 40.44 40.45 40.5 40.49 40.48 40.49 40.5 40.45 40.39 40.42 40.48 40.51 40.48 40.45 40.43 40.46 40.48 40.5 40.5 40.51 40.49 40.46 40.44 40.43 40.42 40.41 40.44 40.49 40.49 40.49 40.49 40.49 40.48 40.45 40.44 40.47 40.5 40.48 40.43 40.42 40.41 40.38 40.36 40.36 40.38 40.42 40.44 40.45 40.44 40.42 40.43 40.44 40.46 40.45 40.42 40.41 40.4 40.39 40.39 40.43 40.43 40.33 40.09 39.75 39.93 40.28 40.35 40.4 40.39 40.37 40.38 40.38
40.46 40.46 40.49 40.49 40.47 40.43 40.4 40.45 40.49 40.48 40.49 40.5 40.49 40.44 40.38 40.42 40.49 40.52 40.5 40.45 40.42 40.44 40.46 40.5 40.51 40.52 40.5 40.45 40.43 40.43 40.41 40.41 40.46 40.51 40.51 40.51 40.51 40.51 40.49 40.44 40.39 40.42 40.47 40.5 40.48 40.44 40.37 40.36 40.36 40.36 40.37 40.41 40.43 40.44 40.44 40.42 40.42 40.44 40.47 40.45 40.42 40.41 40.4 40.39 40.41 40.45 40.41 40.3 40.06 39.71 39.94 40.27 40.34 40.4 40.38 40.36 40.36 40.37
40.44 40.43 40.45 40.45 40.45 40.41 40.37 40.42 40.5 40.51 40.54 40.54 40.54 40.5 40.46 40.46 40.52 40.56 40.54 40.47 40.43 40.44 40.46 40.5 40.53 40.51 40.48 40.45 40.44 40.43 40.41 40.4 40.46 40.52 40.53 40.52 40.52 40.54 40.53 40.48 40.44 40.48 40.53 40.57 40.55 40.48 40.38 40.35 40.35 40.35 40.36 40.39 40.41 40.42 40.42 40.43 40.44 40.46 40.48 40.45 40.42 40.39 40.36 40.36 40.38 40.42 40.37 40.23 39.97 39.68 39.98 40.3 40.36 40.4 40.39 40.35 40.35 40.37
40.43 40.4 40.43 40.44 40.44 40.4 40.38 40.42 40.5 40.54 40.56 40.57 40.57 40.54 40.51 40.5 40.55 40.59 40.57 40.52 40.47 40.44 40.46 40.52 40.55 40.5 40.48 40.47 40.47 40.44 40.44 40.43 40.45 40.49 40.51 40.5 40.47 40.48 40.48 40.48 40.48 40.53 40.57 40.58 40.55 40.49 40.41 40.38 40.38 40.38 40.39 40.4 40.42 40.43 40.44 40.45 40.46 40.47 40.48 40.48 40.46 40.4 40.34 40.33 40.36 40.42 40.35 40.16 39.94 39.71 40 40.33 40.37 40.39 40.39 40.37 40.37 40.38
40.43 40.4 40.43 40.45 40.44 40.4 40.39 40.43 40.51 40.55 40.56 40.57 40.56 40.54 40.51 40.49 40.55 40.59 40.58 40.56 40.49 40.44 40.46 40.5 40.52 40.5 40.5 40.53 40.53 40.49 40.5 40.46 40.39 40.4 40.43 40.41 40.37 40.38 40.43 40.48 40.49 40.52 40.57 40.57 40.51 40.47 40.43 40.41 40.42 40.42 40.41 40.44 40.46 40.47 40.46 40.44 40.44 40.45 40.48 40.5 40.49 40.42 40.34 40.34 40.39 40.47 40.39 40.19 39.97 39.76 40.05 40.34 40.38 40.39 40.39 40.38 40.39 40.38
40.46 40.46 40.49 40.49 40.48 40.43 40.41 40.45 40.51 40.53 40.53 40.54 40.56 40.57 40.54 40.49 40.53 40.56 40.57 40.55 40.48 40.42 40.43 40.45 40.49 40.49 40.48 40.53 40.54 40.51 40.48 40.42 40.36 40.35 40.37 40.35 40.36 40.38 40.44 40.49 40.49 40.51 40.56 40.56 40.52 40.48 40.45 40.45 40.44 40.43 40.42 40.45 40.47 40.46 40.44 40.41 40.4 40.43 40.47 40.49 40.48 40.44 40.37 40.37 40.42 40.52 40.44 40.25 39.99 39.74 40.05 40.36 40.39 40.39 40.39 40.4 40.41 40.4
40.5 40.52 40.54 40.53 40.5 40.47 40.46 40.47 40.49 40.48 40.49 40.52 40.6 40.64 40.61 40.55 40.53 40.57 40.58 40.54 40.45 40.41 40.4 40.41 40.47 40.47 40.46 40.48 40.47 40.44 40.43 40.41 40.38 40.37 40.38 40.39 40.42 40.42 40.43 40.47 40.49 40.51 40.54 40.55 40.53 40.5 40.46 40.45 40.44 40.43 40.43 40.45 40.45 40.43 40.41 40.4 40.41 40.44 40.47 40.47 40.47 40.45 40.43 40.43 40.46 40.49 40.4 40.23 39.96 39.71 40.05 40.36 40.39 40.4 40.4 40.41 40.43 40.41
40.55 40.55 40.55 40.54 40.51 40.48 40.48 40.51 40.52 40.47 40.48 40.54 40.61 40.64 40.63 40.58 40.54 40.55 40.56 40.53 40.45 40.4 40.38 40.39 40.44 40.44 40.44 40.43 40.4 40.4 40.42 40.45 40.43 40.42 40.41 40.44 40.49 40.47 40.45 40.47 40.49 40.51 40.53 40.53 40.52 40.51 40.47 40.44 40.44 40.43 40.45 40.47 40.45 40.41 40.41 40.42 40.45 40.48 40.48 40.46 40.46 40.47 40.49 40.51 40.49 40.45 40.34 40.18 39.96 39.8 40.06 40.29 40.4 40.42 40.43 40.42 40.43 40.4
40.57 40.58 40.57 40.54 40.48 40.42 40.43 40.51 40.53 40.46 40.48 40.55 40.59 40.57 40.55 40.53 40.55 40.56 40.56 40.55 40.5 40.45 40.42 40.4 40.41 40.4 40.4 40.41 40.39 40.41 40.46 40.49 40.49 40.47 40.45 40.46 40.49 40.49 40.48 40.49 40.49 40.51 40.54 40.54 40.53 40.51 40.46 40.43 40.42 40.43 40.47 40.5 40.48 40.42 40.41 40.43 40.46 40.51 40.49 40.46 40.47 40.5 40.51 40.5 40.48 40.43 40.32 40.12 39.93 39.85 40.09 40.24 40.4 40.42 40.44 40.44 40.43 40.38
40.57 40.61 40.59 40.54 40.49 40.43 40.43 40.48 40.52 40.49 40.52 40.57 40.58 40.57 40.56 40.55 40.57 40.57 40.56 40.54 40.51 40.48 40.46 40.43 40.42 40.4 40.38 40.43 40.45 40.46 40.49 40.51 40.52 40.51 40.46 40.45 40.47 40.47 40.47 40.48 40.48 40.51 40.55 40.55 40.54 40.51 40.45 40.42 40.42 40.43 40.47 40.5 40.48 40.43 40.43 40.48 40.49 40.49 40.46 40.46 40.49 40.49 40.45 40.43 40.43 40.41 40.34 40.16 39.88 39.79 40.07 40.23 40.38 40.41 40.44 40.44 40.45 40.38
40.58 40.58 40.56 40.53 40.51 40.44 40.45 40.5 40.51 40.51 40.54 40.57 40.57 40.59 40.59 40.58 40.59 40.57 40.55 40.52 40.5 40.49 40.47 40.47 40.46 40.42 40.39 40.47 40.54 40.53 40.52 40.51 40.51 40.49 40.47 40.48 40.49 40.48 40.47 40.47 40.48 40.5 40.54 40.56 40.55 40.49 40.43 40.4 40.42 40.45 40.46 40.48 40.47 40.45 40.46 40.5 40.51 40.5 40.49 40.5 40.51 40.48 40.41 40.38 40.39 40.4 40.37 40.23 39.9 39.81 40.06 40.21 40.38 40.41 40.44 40.45 40.46 40.39
40.61 40.56 40.53 40.51 40.47 40.4 40.43 40.49 40.5 40.48 40.52 40.58 40.58 40.57 40.57 40.56 40.56 40.56 40.55 40.51 40.48 40.48 40.48 40.5 40.51 40.46 40.42 40.5 40.58 40.57 40.54 40.53 40.49 40.46 40.46 40.5 40.52 40.52 40.49 40.45 40.45 40.49 40.54 40.56 40.54 40.5 40.47 40.44 40.45 40.48 40.48 40.47 40.47 40.48 40.5 40.51 40.52 40.52 40.52 40.53 40.53 40.51 40.45 40.42 40.41 40.42 40.4 40.25 39.92 39.87 40.09 40.23 40.39 40.41 40.44 40.45 40.46 40.37
40.63 40.58 40.55 40.5 40.45 40.4 40.41 40.45 40.49 40.5 40.53 40.57 40.57 40.55 40.54 40.52 40.51 40.52 40.53 40.52 40.48 40.48 40.49 40.51 40.55 40.51 40.46 40.5 40.57 40.57 40.57 40.56 40.5 40.46 40.45 40.52 40.55 40.55 40.51 40.49 40.48 40.48 40.51 40.52 40.5 40.47 40.46 40.45 40.46 40.49 40.5 40.49 40.49 40.52 40.53 40.54 40.55 40.56 40.56 40.55 40.54 40.55 40.5 40.47 40.43 40.43 40.43 40.26 39.92 39.91 40.12 40.24 40.38 40.4 40.44 40.44 40.45 40.33
40.56 40.53 40.52 40.5 40.47 40.42 40.42 40.45 40.49 40.5 40.53 40.56 40.54 40.52 40.51 40.49 40.48 40.48 40.5 40.52 40.52 40.51 40.49 40.5 40.56 40.56 40.52 40.52 40.55 40.55 40.54 40.53 40.48 40.44 40.44 40.52 40.53 40.5 40.52 40.56 40.55 40.51 40.48 40.49 40.48 40.46 40.45 40.45 40.45 40.47 40.51 40.52 40.53 40.54 40.57 40.58 40.59 40.6 40.58 40.55 40.55 40.58 40.54 40.5 40.44 40.43 40.44 40.26 39.91 39.92 40.15 40.26 40.38 40.42 40.45 40.44 40.44 40.32
40.5 40.49 40.51 40.53 40.48 40.41 40.43 40.48 40.49 40.49 40.52 40.55 40.54 40.53 40.51 40.48 40.46 40.45 40.47 40.5 40.51 40.51 40.49 40.5 40.56 40.58 40.56 40.51 40.49 40.49 40.52 40.54 40.49 40.43 40.45 40.51 40.5 40.47 40.49 40.53 40.53 40.51 40.51 40.52 40.5 40.48 40.45 40.42 40.45 40.52 40.6 40.61 40.6 40.59 40.61 40.61 40.6 40.59 40.56 40.55 40.55 40.57 40.53 40.5 40.46 40.45 40.42 40.23 39.9 39.94 40.21 40.29 40.39 40.43 40.46 40.45 40.46 40.41
40.53 40.56 40.56 40.54 40.47 40.4 40.43 40.49 40.49 40.49 40.51 40.54 40.55 40.56 40.55 40.49 40.43 40.42 40.45 40.5 40.52 40.52 40.51 40.53 40.56 40.56 40.52 40.49 40.46 40.45 40.48 40.53 40.5 40.43 40.45 40.49 40.48 40.46 40.45 40.47 40.47 40.49 40.52 40.55 40.52 40.49 40.45 40.4 40.47 40.61 40.7 40.7 40.68 40.66 40.64 40.62 40.58 40.57 40.56 40.55 40.53 40.51 40.46 40.47 40.49 40.47 40.4 40.2 39.89 39.96 40.24 40.32 40.38 40.43 40.46 40.49 40.48 40.45
40.57 40.62 40.6 40.53 40.46 40.43 40.44 40.48 40.49 40.49 40.51 40.55 40.57 40.57 40.56 40.5 40.44 40.42 40.43 40.49 40.53 40.52 40.5 40.47 40.49 40.49 40.49 40.49 40.52 40.54 40.52 40.53 40.51 40.46 40.47 40.49 40.49 40.48 40.46 40.47 40.49 40.5 40.51 40.55 40.53 40.49 40.45 40.41 40.47 40.61 40.68 40.7 40.71 40.69 40.65 40.62 40.58 40.57 40.56 40.55 40.51 40.46 40.41 40.45 40.51 40.51 40.46 40.24 39.9 39.86 40.05 40.28 40.4 40.43 40.46 40.49 40.48 40.46
