slabs/69.grd
DSAA
631 301
645780 646410
4948400 4948700
39.38 48.53
[rows 170 to 203 of 301, columns 156 to 233 of 631]
41.28 41.26 41.08 40.87 40.93 41.03 41.16 41.19 41.12 40.96 40.91 40.92 40.94 40.96 40.94 40.93 40.92 40.91 40.91 40.91 40.89 40.88 40.88 40.88 40.88 40.92 40.98 40.99 40.94 40.9 40.87 40.85 40.84 40.81 40.74 40.64 40.42 40.27 40.31 40.42 40.61 40.68 40.68 40.72 40.77 40.81 40.85 40.84 40.81 40.82 40.84 40.8 40.75 40.75 40.75 40.76 40.76 40.76 40.77 40.78 40.79 40.8 40.84 40.9 40.93 40.96 40.94 40.9 40.84 40.79 40.77 40.74 40.73 40.72 40.76 40.8 40.78 40.76
41.26 41.24 41.11 40.93 40.93 41.04 41.19 41.19 41.16 41.07 40.98 40.94 40.96 40.98 40.95 40.92 40.91 40.88 40.89 40.91 40.9 40.89 40.89 40.88 40.88 40.91 40.97 40.97 40.92 40.89 40.86 40.85 40.83 40.81 40.76 40.69 40.5 40.36 40.41 40.49 40.63 40.67 40.66 40.69 40.75 40.78 40.79 40.82 40.83 40.82 40.84 40.83 40.8 40.79 40.79 40.78 40.77 40.75 40.75 40.76 40.8 40.82 40.84 40.91 40.97 40.99 40.96 40.89 40.83 40.81 40.78 40.74 40.73 40.72 40.74 40.8 40.79 40.77
41.24 41.25 41.17 41.02 40.91 40.97 41.19 41.22 41.2 41.12 41.01 40.96 40.99 41.03 40.99 40.94 40.93 40.92 40.94 40.95 40.93 40.92 40.92 40.91 40.89 40.9 40.94 40.93 40.9 40.87 40.85 40.85 40.83 40.8 40.79 40.74 40.57 40.38 40.41 40.5 40.63 40.65 40.64 40.67 40.73 40.74 40.74 40.79 40.83 40.83 40.83 40.82 40.81 40.82 40.81 40.81 40.83 40.83 40.8 40.77 40.81 40.84 40.84 40.89 40.96 40.96 40.93 40.87 40.83 40.81 40.78 40.75 40.76 40.74 40.76 40.82 40.82 40.8
41.26 41.26 41.22 41.08 40.93 40.91 41.18 41.26 41.23 41.14 41.01 40.95 40.97 41.03 41.02 40.96 40.97 40.98 40.98 40.98 40.97 40.95 40.94 40.95 40.93 40.89 40.9 40.91 40.9 40.87 40.87 40.86 40.83 40.82 40.82 40.78 40.61 40.38 40.36 40.46 40.62 40.65 40.65 40.69 40.75 40.75 40.75 40.77 40.78 40.78 40.81 40.85 40.82 40.79 40.77 40.78 40.82 40.8 40.8 40.8 40.79 40.82 40.81 40.84 40.91 40.92 40.91 40.88 40.85 40.81 40.76 40.75 40.76 40.75 40.76 40.82 40.84 40.81
41.28 41.26 41.22 41.09 40.98 40.96 41.19 41.26 41.25 41.2 41.08 41.01 41.01 41.01 41.01 40.98 41 41.04 41.05 41.04 41.02 41 40.96 40.97 40.97 40.91 40.9 40.92 40.92 40.9 40.92 40.89 40.85 40.88 40.86 40.8 40.58 40.32 40.29 40.42 40.63 40.68 40.7 40.78 40.84 40.82 40.82 40.81 40.8 40.78 40.82 40.87 40.81 40.76 40.74 40.76 40.79 40.73 40.76 40.79 40.77 40.78 40.78 40.79 40.84 40.87 40.87 40.84 40.84 40.81 40.74 40.73 40.73 40.73 40.75 40.81 40.84 40.79
41.3 41.29 41.26 41.16 41.06 41 41.15 41.2 41.22 41.23 41.18 41.11 41.09 41.06 41.05 41.05 41.08 41.12 41.15 41.13 41.08 41.04 41 41.01 41.02 40.97 40.97 40.97 40.95 40.95 40.97 40.92 40.91 40.97 40.95 40.85 40.56 40.25 40.22 40.38 40.72 40.85 40.88 40.94 40.95 40.94 40.91 40.86 40.82 40.78 40.81 40.84 40.79 40.75 40.75 40.78 40.81 40.78 40.76 40.75 40.76 40.78 40.8 40.8 40.79 40.81 40.82 40.81 40.8 40.78 40.74 40.73 40.73 40.73 40.73 40.78 40.81 40.78
41.33 41.33 41.35 41.33 41.19 41.02 41.06 41.13 41.15 41.2 41.21 41.19 41.17 41.13 41.13 41.14 41.17 41.2 41.19 41.15 41.1 41.07 41.05 41.07 41.1 41.05 41.02 41 40.98 40.98 40.97 40.96 40.99 41.03 40.97 40.88 40.58 40.25 40.16 40.32 40.8 40.97 41 41 40.97 40.99 40.96 40.89 40.85 40.86 40.86 40.88 40.88 40.86 40.84 40.84 40.86 40.85 40.82 40.78 40.79 40.8 40.83 40.81 40.76 40.79 40.83 40.81 40.78 40.78 40.78 40.77 40.78 40.76 40.73 40.75 40.76 40.75
41.34 41.34 41.4 41.43 41.28 41.03 41.01 41.08 41.12 41.18 41.23 41.24 41.23 41.19 41.17 41.19 41.23 41.21 41.16 41.13 41.08 41.08 41.06 41.1 41.17 41.12 41.04 41.03 41.03 41.03 41.02 41.04 41.1 41.12 41.07 40.93 40.57 40.2 40.08 40.23 40.74 40.95 41 41.02 40.99 40.98 40.99 40.97 40.94 40.99 40.97 40.98 41.02 41.01 40.97 40.93 40.93 40.93 40.92 40.88 40.84 40.84 40.84 40.82 40.78 40.8 40.85 40.82 40.8 40.8 40.79 40.79 40.82 40.78 40.73 40.72 40.73 40.73
41.34 41.34 41.39 41.39 41.24 41 40.95 41.03 41.1 41.19 41.25 41.26 41.25 41.21 41.19 41.23 41.27 41.21 41.14 41.12 41.1 41.08 41.05 41.1 41.19 41.16 41.07 41.08 41.08 41.05 41.05 41.09 41.12 41.14 41.12 40.96 40.56 40.14 40.01 40.16 40.69 40.93 40.99 41.04 41.06 41.07 41.09 41.09 41.05 41.06 41.05 41.06 41.12 41.11 41.05 41.02 41.04 41.04 41.04 40.99 40.93 40.9 40.86 40.86 40.85 40.85 40.86 40.85 40.85 40.84 40.82 40.81 40.83 40.82 40.77 40.76 40.77 40.75
41.36 41.35 41.36 41.31 41.15 40.9 40.84 40.92 41.06 41.16 41.24 41.25 41.24 41.21 41.18 41.24 41.31 41.24 41.17 41.17 41.12 41.07 41.03 41.07 41.16 41.16 41.08 41.05 41.07 41.03 41.05 41.11 41.11 41.11 41.09 40.94 40.57 40.18 40.02 40.13 40.69 40.94 40.98 41.03 41.07 41.13 41.15 41.15 41.09 41.09 41.09 41.1 41.12 41.13 41.09 41.07 41.08 41.1 41.11 41.07 41.01 40.94 40.88 40.96 40.98 40.97 40.94 40.92 40.92 40.94 40.96 40.94 40.93 40.94 40.91 40.88 40.85 40.81
41.37 41.36 41.34 41.3 41.11 40.81 40.69 40.76 40.91 41.01 41.14 41.18 41.2 41.19 41.19 41.22 41.3 41.28 41.21 41.17 41.09 41.03 41.03 41.07 41.12 41.12 41.08 41.04 41.07 41.07 41.09 41.14 41.12 41.11 41.08 40.95 40.65 40.32 40.11 40.14 40.7 40.93 40.96 41 41.03 41.07 41.1 41.12 41.09 41.1 41.12 41.13 41.11 41.1 41.1 41.08 41.05 41.08 41.12 41.08 41.02 40.96 40.93 41.03 41.09 41.08 41.04 41.01 41 41.04 41.07 41.03 41.01 41.03 41.01 40.97 40.92 40.86
41.39 41.38 41.36 41.34 41.18 40.85 40.65 40.63 40.65 40.68 40.74 40.79 40.89 40.97 40.98 40.99 41.06 41.13 41.1 41.07 41.01 40.99 41.02 41.05 41.04 41.04 41.04 41.05 41.09 41.1 41.11 41.13 41.1 41.05 41.01 40.94 40.74 40.45 40.21 40.18 40.71 40.92 40.94 40.98 40.98 41 41.05 41.09 41.08 41.08 41.11 41.13 41.1 41.09 41.09 41.05 40.99 41.01 41.07 41.07 41.02 40.98 40.97 41.04 41.09 41.08 41.05 41 40.98 41.03 41.08 41.03 41.02 41 40.96 40.92 40.89 40.87
41.42 41.39 41.38 41.37 41.32 41.16 41.04 40.95 40.84 40.8 40.74 40.71 40.71 40.77 40.75 40.74 40.76 40.81 40.82 40.84 40.86 40.89 40.92 40.94 40.9 40.92 40.95 40.99 41.04 41.06 41.08 41.09 41.03 40.95 40.9 40.84 40.73 40.51 40.26 40.21 40.71 40.92 40.95 40.98 40.99 41.01 41.04 41.08 41.09 41.07 41.05 41.08 41.09 41.11 41.11 41.07 41.03 41.01 41.03 41.05 41.01 41 41.04 41.11 41.11 41.07 41.04 41.02 40.98 40.98 41.02 41.01 41 40.96 40.88 40.84 40.83 40.84
41.45 41.44 41.43 41.42 41.4 41.37 41.36 41.31 41.25 41.22 41.14 41 40.84 40.88 40.88 40.86 40.81 40.8 40.78 40.75 40.8 40.8 40.78 40.76 40.75 40.78 40.81 40.85 40.9 40.95 40.97 40.97 40.93 40.86 40.8 40.73 40.66 40.49 40.27 40.25 40.71 40.88 40.96 40.99 41.02 41.05 41.08 41.09 41.13 41.11 41.08 41.09 41.11 41.13 41.14 41.12 41.07 41.04 41.01 41.02 41.01 41.04 41.11 41.14 41.12 41.09 41.07 41.08 41.03 40.98 41.02 41.03 41.01 40.96 40.88 40.85 40.83 40.82
41.45 41.48 41.48 41.47 41.44 41.44 41.44 41.43 41.44 41.43 41.4 41.26 41.12 41.17 41.2 41.17 41.1 41.1 41.06 41 41 40.94 40.87 40.79 40.77 40.76 40.76 40.78 40.8 40.83 40.83 40.82 40.78 40.76 40.71 40.65 40.62 40.54 40.34 40.31 40.69 40.84 40.96 41.02 41.09 41.11 41.13 41.13 41.14 41.14 41.13 41.1 41.08 41.1 41.12 41.11 41.07 41.07 41.06 41.06 41.06 41.07 41.12 41.13 41.11 41.09 41.1 41.13 41.1 41.07 41.11 41.12 41.08 40.98 40.91 40.9 40.89 40.87
41.47 41.48 41.49 41.48 41.48 41.48 41.48 41.49 41.49 41.5 41.48 41.42 41.37 41.41 41.4 41.37 41.33 41.35 41.34 41.31 41.29 41.24 41.18 41.09 41.04 40.98 40.96 40.95 40.91 40.86 40.83 40.78 40.74 40.72 40.67 40.62 40.63 40.6 40.48 40.49 40.73 40.86 41 41.04 41.07 41.05 41.03 41.05 41.09 41.09 41.08 41 40.91 40.96 41.04 41.04 41.05 41.07 41.07 41.08 41.08 41.06 41.09 41.11 41.1 41.09 41.13 41.2 41.2 41.19 41.23 41.22 41.15 41.01 40.95 40.98 41 41.02
41.49 41.47 41.47 41.48 41.49 41.51 41.51 41.51 41.52 41.53 41.51 41.47 41.45 41.48 41.47 41.44 41.42 41.44 41.44 41.43 41.41 41.39 41.37 41.34 41.3 41.25 41.23 41.2 41.14 41.08 41.04 40.95 40.94 41 40.91 40.83 40.8 40.76 40.69 40.69 40.75 40.85 41 41.01 41.01 41 40.97 40.97 40.98 40.96 40.94 40.91 40.78 40.81 40.88 40.93 40.98 41.04 41.05 41.08 41.05 41.01 41.03 41.06 41.07 41.1 41.16 41.24 41.25 41.26 41.25 41.24 41.17 41.05 41.01 41.04 41.09 41.15
41.49 41.46 41.46 41.47 41.5 41.52 41.52 41.52 41.53 41.54 41.53 41.47 41.44 41.46 41.47 41.46 41.46 41.48 41.47 41.45 41.43 41.41 41.41 41.41 41.38 41.35 41.33 41.29 41.26 41.24 41.2 41.15 41.15 41.19 41.12 41.05 41.02 40.99 40.94 40.9 40.85 40.9 40.99 41.01 41.04 41.04 41.02 41 40.94 40.9 40.89 40.94 40.87 40.86 40.88 40.9 40.94 41.01 41.05 41.08 41.01 40.92 40.98 41.03 41.05 41.11 41.15 41.18 41.21 41.24 41.22 41.21 41.16 41.08 41.05 41.07 41.16 41.26
41.48 41.45 41.45 41.47 41.5 41.52 41.51 41.5 41.52 41.53 41.52 41.47 41.44 41.47 41.48 41.49 41.48 41.51 41.5 41.48 41.46 41.44 41.44 41.44 41.42 41.39 41.35 41.3 41.28 41.26 41.23 41.21 41.2 41.2 41.18 41.14 41.13 41.11 41.08 41.03 40.97 40.98 41.02 41.05 41.08 41.08 41.1 41.1 41.04 40.99 40.98 41.05 41.05 41.04 41.04 41.01 40.99 41 41.05 41.05 40.95 40.86 40.96 41.02 41.05 41.12 41.13 41.11 41.15 41.2 41.19 41.18 41.11 41.05 41.07 41.08 41.13 41.24
41.47 41.44 41.44 41.47 41.51 41.52 41.5 41.48 41.51 41.54 41.53 41.48 41.46 41.49 41.5 41.51 41.5 41.52 41.51 41.5 41.49 41.48 41.47 41.47 41.46 41.42 41.36 41.3 41.28 41.26 41.24 41.21 41.21 41.21 41.2 41.15 41.13 41.12 41.1 41.05 41.02 41.05 41.08 41.1 41.12 41.13 41.17 41.19 41.16 41.12 41.11 41.15 41.16 41.15 41.14 41.12 41.1 41.07 41.09 41.03 40.97 40.92 40.98 41.07 41.1 41.13 41.13 41.16 41.16 41.18 41.2 41.18 41.1 41.04 41.09 41.1 41.1 41.16
41.46 41.43 41.44 41.47 41.51 41.52 41.5 41.46 41.5 41.56 41.55 41.49 41.48 41.51 41.53 41.54 41.52 41.53 41.53 41.51 41.5 41.5 41.49 41.49 41.48 41.43 41.35 41.3 41.29 41.27 41.24 41.22 41.22 41.22 41.2 41.12 41.07 41.07 41.05 41.03 41.06 41.09 41.13 41.14 41.19 41.21 41.23 41.24 41.24 41.21 41.21 41.21 41.2 41.18 41.18 41.19 41.19 41.17 41.15 41.1 41.07 41.03 41.05 41.15 41.16 41.17 41.17 41.2 41.18 41.19 41.23 41.21 41.15 41.09 41.12 41.12 41.11 41.13
41.44 41.42 41.43 41.47 41.51 41.52 41.49 41.46 41.5 41.57 41.56 41.51 41.51 41.55 41.57 41.57 41.54 41.55 41.54 41.52 41.52 41.52 41.51 41.5 41.48 41.43 41.34 41.3 41.3 41.29 41.26 41.24 41.23 41.23 41.18 41.07 41.01 41 40.98 40.96 41.02 41.1 41.17 41.18 41.23 41.27 41.27 41.27 41.28 41.28 41.28 41.28 41.26 41.24 41.24 41.26 41.25 41.24 41.23 41.22 41.21 41.18 41.17 41.21 41.21 41.21 41.21 41.21 41.2 41.21 41.21 41.2 41.16 41.11 41.12 41.13 41.13 41.13
41.43 41.41 41.43 41.48 41.51 41.52 41.49 41.46 41.51 41.58 41.56 41.52 41.55 41.6 41.61 41.59 41.56 41.56 41.55 41.53 41.54 41.54 41.53 41.52 41.48 41.43 41.34 41.31 41.31 41.31 41.28 41.25 41.23 41.23 41.17 41.04 40.94 40.93 40.9 40.88 40.95 41.1 41.21 41.23 41.26 41.31 41.3 41.31 41.32 41.35 41.35 41.35 41.33 41.31 41.31 41.32 41.3 41.28 41.3 41.3 41.29 41.27 41.25 41.25 41.25 41.25 41.25 41.25 41.24 41.23 41.2 41.19 41.17 41.14 41.14 41.14 41.13 41.13
41.41 41.4 41.43 41.48 41.51 41.52 41.49 41.46 41.52 41.58 41.57 41.54 41.56 41.61 41.64 41.61 41.58 41.56 41.56 41.55 41.55 41.55 41.55 41.53 41.48 41.42 41.33 41.31 41.32 41.32 41.3 41.25 41.23 41.23 41.16 41.01 40.9 40.85 40.8 40.81 40.9 41.1 41.25 41.28 41.32 41.35 41.34 41.36 41.39 41.43 41.44 41.43 41.4 41.36 41.36 41.35 41.34 41.32 41.33 41.34 41.33 41.29 41.27 41.27 41.28 41.28 41.28 41.29 41.29 41.26 41.23 41.22 41.21 41.19 41.17 41.16 41.12 41.12
41.39 41.39 41.42 41.48 41.5 41.52 41.5 41.47 41.54 41.59 41.58 41.56 41.57 41.62 41.67 41.63 41.6 41.58 41.57 41.57 41.57 41.57 41.57 41.54 41.48 41.42 41.33 41.33 41.34 41.34 41.31 41.26 41.24 41.23 41.15 41 40.89 40.77 40.71 40.75 40.87 41.11 41.29 41.36 41.39 41.41 41.41 41.42 41.45 41.5 41.52 41.49 41.45 41.4 41.39 41.38 41.37 41.36 41.37 41.37 41.36 41.31 41.28 41.3 41.32 41.31 41.32 41.32 41.3 41.26 41.23 41.23 41.24 41.24 41.22 41.19 41.14 41.14
41.37 41.38 41.42 41.48 41.51 41.53 41.52 41.52 41.56 41.59 41.57 41.58 41.6 41.64 41.69 41.65 41.62 41.6 41.58 41.58 41.59 41.58 41.58 41.55 41.48 41.41 41.33 41.34 41.36 41.36 41.33 41.28 41.26 41.23 41.14 40.99 40.87 40.68 40.58 40.67 40.83 41.14 41.34 41.42 41.45 41.47 41.46 41.48 41.5 41.56 41.56 41.53 41.49 41.43 41.42 41.41 41.39 41.39 41.41 41.41 41.39 41.33 41.3 41.32 41.35 41.34 41.34 41.34 41.31 41.26 41.23 41.25 41.28 41.28 41.26 41.23 41.18 41.18
41.35 41.38 41.42 41.48 41.52 41.54 41.54 41.55 41.57 41.57 41.55 41.58 41.64 41.68 41.7 41.66 41.62 41.59 41.57 41.58 41.59 41.59 41.6 41.57 41.48 41.41 41.34 41.35 41.36 41.38 41.35 41.3 41.28 41.23 41.11 40.95 40.82 40.57 40.47 40.6 40.8 41.16 41.39 41.46 41.49 41.5 41.5 41.52 41.55 41.61 41.61 41.58 41.52 41.46 41.45 41.44 41.42 41.43 41.45 41.45 41.42 41.35 41.3 41.34 41.39 41.37 41.37 41.36 41.32 41.25 41.23 41.27 41.32 41.31 41.3 41.26 41.23 41.25
41.33 41.38 41.42 41.48 41.51 41.52 41.53 41.55 41.56 41.54 41.52 41.58 41.66 41.68 41.67 41.65 41.58 41.55 41.51 41.53 41.57 41.58 41.6 41.56 41.48 41.41 41.34 41.29 41.24 41.37 41.37 41.33 41.3 41.23 41.09 40.9 40.76 40.49 40.4 40.57 40.79 41.19 41.43 41.51 41.53 41.54 41.54 41.56 41.6 41.66 41.66 41.63 41.55 41.49 41.48 41.46 41.45 41.46 41.48 41.49 41.45 41.36 41.31 41.36 41.42 41.4 41.4 41.38 41.33 41.25 41.24 41.29 41.36 41.35 41.34 41.31 41.31 41.37
41.31 41.36 41.42 41.48 41.5 41.51 41.52 41.54 41.54 41.51 41.49 41.56 41.64 41.64 41.63 41.61 41.54 41.5 41.47 41.49 41.54 41.56 41.57 41.54 41.5 41.38 41.21 41.14 41.16 41.35 41.37 41.34 41.31 41.23 41.07 40.89 40.74 40.42 40.31 40.5 40.74 41.2 41.47 41.55 41.57 41.58 41.58 41.6 41.66 41.72 41.71 41.67 41.58 41.52 41.5 41.49 41.48 41.49 41.52 41.52 41.48 41.38 41.34 41.4 41.46 41.44 41.43 41.41 41.33 41.25 41.26 41.34 41.42 41.41 41.4 41.39 41.42 41.47
41.29 41.34 41.42 41.48 41.51 41.51 41.51 41.52 41.52 41.49 41.46 41.52 41.58 41.57 41.57 41.56 41.5 41.48 41.44 41.45 41.48 41.52 41.52 41.51 41.49 41.34 41.12 41.05 41.15 41.32 41.35 41.33 41.31 41.23 41.08 40.9 40.73 40.39 40.25 40.43 40.7 41.19 41.47 41.56 41.59 41.6 41.6 41.63 41.69 41.72 41.73 41.7 41.62 41.55 41.53 41.52 41.51 41.53 41.56 41.55 41.5 41.39 41.38 41.44 41.49 41.47 41.47 41.43 41.34 41.25 41.3 41.42 41.47 41.47 41.45 41.46 41.51 41.54
41.27 41.33 41.43 41.48 41.51 41.5 41.49 41.5 41.49 41.45 41.44 41.49 41.52 41.5 41.49 41.51 41.46 41.44 41.42 41.41 41.43 41.48 41.48 41.48 41.46 41.32 41.11 41.04 41.14 41.3 41.32 41.32 41.3 41.23 41.09 40.92 40.74 40.38 40.2 40.37 40.7 41.19 41.44 41.51 41.58 41.59 41.6 41.63 41.66 41.66 41.7 41.71 41.67 41.59 41.56 41.55 41.54 41.56 41.58 41.58 41.52 41.42 41.45 41.55 41.55 41.52 41.51 41.45 41.34 41.28 41.35 41.49 41.51 41.5 41.49 41.52 41.59 41.61
41.27 41.33 41.43 41.48 41.5 41.49 41.48 41.48 41.45 41.41 41.39 41.43 41.44 41.42 41.43 41.48 41.45 41.41 41.4 41.39 41.41 41.45 41.45 41.44 41.42 41.3 41.11 41.05 41.14 41.28 41.31 41.31 41.29 41.22 41.11 40.94 40.75 40.38 40.17 40.29 40.7 41.18 41.41 41.47 41.54 41.55 41.57 41.6 41.6 41.6 41.65 41.68 41.7 41.63 41.57 41.56 41.57 41.58 41.57 41.58 41.55 41.49 41.52 41.59 41.58 41.55 41.53 41.5 41.45 41.43 41.47 41.53 41.54 41.53 41.53 41.59 41.67 41.68
41.27 41.33 41.43 41.47 41.46 41.46 41.46 41.45 41.41 41.37 41.35 41.38 41.37 41.35 41.39 41.46 41.44 41.38 41.38 41.38 41.39 41.42 41.41 41.4 41.38 41.28 41.11 41.07 41.14 41.26 41.29 41.3 41.28 41.23 41.15 40.98 40.74 40.36 40.18 40.29 40.71 41.17 41.38 41.44 41.51 41.52 41.54 41.55 41.54 41.56 41.63 41.65 41.67 41.62 41.56 41.56 41.56 41.55 41.54 41.55 41.54 41.51 41.52 41.56 41.56 41.54 41.53 41.52 41.53 41.55 41.54 41.54 41.55 41.54 41.55 41.64 41.73 41.72
41.29 41.34 41.44 41.45 41.43 41.43 41.44 41.43 41.38 41.34 41.31 41.34 41.33 41.3 41.34 41.42 41.41 41.36 41.38 41.37 41.37 41.39 41.38 41.36 41.35 41.26 41.12 41.09 41.15 41.25 41.28 41.29 41.27 41.25 41.21 41.07 40.72 40.35 40.21 40.33 40.73 41.16 41.35 41.41 41.48 41.48 41.5 41.48 41.46 41.52 41.6 41.61 41.62 41.6 41.54 41.54 41.53 41.52 41.51 41.51 41.51 41.48 41.49 41.54 41.53 41.52 41.51 41.51 41.54 41.56 41.54 41.53 41.54 41.53 41.56 41.65 41.73 41.72
