slabs/69.grd
DSAA
631 301
645780 646410
4948400 4948700
39.38 48.53
[rows 68 to 101 of 301, columns 78 to 155 of 631]
41 41.02 41.01 40.95 40.87 40.85 40.88 40.93 40.92 40.9 40.89 40.9 40.92 40.92 40.92 40.94 40.97 40.97 40.95 40.94 40.97 40.99 41.01 40.98 40.93 40.92 40.9 40.87 40.86 40.83 40.83 40.87 40.88 40.91 40.92 40.91 40.91 40.93 40.97 41 41.01 40.98 40.93 40.91 40.85 40.76 40.7 40.64 40.55 40.37 40.26 40.33 40.51 40.65 40.7 40.72 40.77 40.84 40.87 40.85 40.83 40.82 40.82 40.81 40.78 40.73 40.77 40.78 40.78 40.8 40.82 40.81 40.79 40.79 40.81 40.87 40.92 40.94
40.97 40.96 40.94 40.88 40.82 40.81 40.86 40.9 40.9 40.89 40.87 40.87 40.9 40.9 40.91 40.96 41.01 41.02 41.01 40.99 41.04 41.05 41.04 41.02 40.99 40.95 40.91 40.9 40.89 40.86 40.84 40.86 40.88 40.92 40.92 40.92 40.91 40.9 40.94 40.98 40.98 41 41 40.94 40.88 40.79 40.74 40.66 40.58 40.4 40.24 40.3 40.51 40.65 40.72 40.73 40.76 40.82 40.86 40.83 40.79 40.81 40.85 40.84 40.77 40.74 40.82 40.83 40.83 40.82 40.83 40.8 40.78 40.78 40.81 40.88 40.93 40.95
40.93 40.91 40.9 40.87 40.85 40.86 40.89 40.9 40.89 40.88 40.89 40.91 40.95 40.93 40.93 40.98 41.01 41.03 41.03 41.01 41.05 41.06 41.05 41.03 41.02 40.97 40.94 40.93 40.93 40.91 40.86 40.85 40.88 40.91 40.91 40.91 40.91 40.91 40.94 40.96 40.96 40.98 40.98 40.94 40.92 40.84 40.81 40.75 40.63 40.42 40.23 40.3 40.53 40.71 40.83 40.81 40.78 40.8 40.82 40.81 40.78 40.8 40.86 40.85 40.8 40.79 40.86 40.87 40.86 40.84 40.82 40.78 40.78 40.79 40.81 40.87 40.93 40.93
40.94 40.92 40.92 40.92 40.9 40.9 40.92 40.92 40.92 40.93 40.94 40.96 40.98 40.96 40.95 40.99 41.01 41.01 41.02 41.03 41.04 41.03 41.03 41.03 41.02 41 40.97 40.93 40.94 40.93 40.88 40.85 40.86 40.89 40.91 40.91 40.91 40.91 40.92 40.94 40.96 40.98 40.96 40.93 40.88 40.82 40.81 40.78 40.68 40.45 40.25 40.3 40.51 40.7 40.84 40.82 40.77 40.76 40.78 40.78 40.78 40.79 40.82 40.82 40.81 40.8 40.83 40.85 40.86 40.82 40.78 40.76 40.79 40.81 40.82 40.86 40.91 40.91
40.94 40.94 40.94 40.94 40.93 40.94 40.95 40.95 40.97 40.98 40.99 40.98 40.97 40.97 40.96 40.98 41 40.99 41 41.03 41.02 41 41.01 41.02 41.02 41.02 41 40.97 40.96 40.95 40.94 40.92 40.9 40.91 40.93 40.9 40.89 40.88 40.91 40.96 40.97 40.97 40.93 40.89 40.83 40.81 40.82 40.79 40.68 40.49 40.34 40.37 40.52 40.67 40.79 40.8 40.78 40.76 40.75 40.76 40.78 40.78 40.79 40.79 40.79 40.79 40.81 40.85 40.86 40.82 40.79 40.78 40.81 40.83 40.83 40.85 40.9 40.92
40.95 40.94 40.92 40.94 40.94 40.96 40.96 40.97 40.99 40.97 40.97 40.99 40.97 40.96 40.97 41 41 40.97 40.97 41.01 41.01 41.01 41.02 41.03 41.03 41.01 41.01 41.01 40.99 40.95 40.97 40.97 40.94 40.91 40.93 40.92 40.91 40.9 40.93 40.97 40.97 40.93 40.88 40.86 40.82 40.82 40.84 40.81 40.68 40.5 40.36 40.4 40.52 40.67 40.79 40.81 40.82 40.79 40.76 40.76 40.77 40.79 40.8 40.8 40.79 40.78 40.81 40.87 40.87 40.84 40.83 40.81 40.82 40.85 40.84 40.85 40.92 40.96
40.93 40.91 40.89 40.91 40.91 40.94 40.97 40.97 40.97 40.95 40.94 40.97 40.98 40.98 40.99 41.02 41.01 40.95 40.94 40.96 40.99 41.01 40.99 40.98 41 41 40.99 40.97 40.96 40.95 40.94 40.95 40.93 40.92 40.95 40.95 40.93 40.95 40.96 40.97 40.95 40.89 40.84 40.83 40.81 40.81 40.83 40.8 40.69 40.49 40.31 40.36 40.51 40.67 40.82 40.85 40.84 40.79 40.77 40.76 40.76 40.8 40.82 40.82 40.79 40.78 40.82 40.86 40.83 40.81 40.8 40.79 40.81 40.84 40.83 40.84 40.94 40.99
40.88 40.87 40.88 40.87 40.86 40.9 40.94 40.93 40.92 40.92 40.92 40.94 40.96 40.98 40.99 41.01 41 40.96 40.95 40.95 40.98 41.01 40.99 40.96 40.98 41.01 41 40.96 40.96 40.96 40.95 40.96 40.94 40.92 40.93 40.93 40.93 40.97 41 40.98 40.94 40.9 40.84 40.84 40.83 40.81 40.83 40.8 40.71 40.52 40.31 40.36 40.5 40.66 40.83 40.87 40.86 40.79 40.77 40.77 40.77 40.8 40.82 40.83 40.81 40.83 40.82 40.81 40.81 40.8 40.79 40.78 40.8 40.82 40.81 40.83 40.91 40.97
40.83 40.85 40.88 40.85 40.81 40.85 40.89 40.87 40.88 40.92 40.93 40.95 40.96 40.96 40.94 40.98 40.98 40.97 40.96 40.96 40.97 41.01 41.01 40.97 40.97 41 41.02 41 40.99 40.98 40.99 40.99 40.94 40.9 40.89 40.9 40.94 40.97 40.99 40.97 40.93 40.91 40.86 40.86 40.84 40.83 40.83 40.8 40.74 40.57 40.37 40.39 40.5 40.64 40.75 40.86 40.87 40.81 40.8 40.8 40.83 40.87 40.86 40.8 40.76 40.81 40.81 40.8 40.81 40.83 40.81 40.79 40.79 40.8 40.82 40.84 40.85 40.9
40.82 40.85 40.88 40.83 40.79 40.83 40.87 40.86 40.88 40.9 40.91 40.92 40.93 40.92 40.92 40.96 40.96 40.98 41 41 40.98 40.98 41 40.98 40.98 40.99 41 41 40.98 40.97 40.99 40.97 40.91 40.87 40.88 40.89 40.92 40.92 40.92 40.91 40.89 40.87 40.85 40.84 40.81 40.81 40.81 40.79 40.73 40.58 40.42 40.41 40.5 40.63 40.71 40.83 40.85 40.79 40.79 40.85 40.84 40.83 40.81 40.76 40.75 40.82 40.82 40.81 40.81 40.82 40.81 40.78 40.78 40.81 40.86 40.87 40.85 40.88
40.83 40.85 40.88 40.86 40.83 40.81 40.83 40.83 40.84 40.88 40.91 40.92 40.91 40.91 40.93 40.93 40.96 41 41.04 41.05 41.02 40.98 41 41.01 41 40.99 40.98 40.98 40.97 40.94 40.93 40.91 40.86 40.83 40.87 40.88 40.87 40.85 40.85 40.85 40.85 40.84 40.82 40.82 40.8 40.79 40.81 40.78 40.7 40.59 40.49 40.44 40.54 40.65 40.72 40.82 40.8 40.75 40.77 40.82 40.81 40.78 40.76 40.75 40.8 40.83 40.83 40.81 40.8 40.78 40.78 40.78 40.79 40.83 40.88 40.9 40.88 40.9
40.83 40.87 40.89 40.86 40.84 40.84 40.84 40.85 40.85 40.9 40.95 40.95 40.93 40.93 40.95 40.93 40.95 40.99 41.04 41.04 41.03 41 41 41.04 41.03 41 40.97 40.96 40.94 40.92 40.9 40.88 40.83 40.82 40.86 40.86 40.84 40.83 40.84 40.85 40.87 40.83 40.8 40.82 40.82 40.83 40.83 40.77 40.67 40.63 40.57 40.49 40.58 40.69 40.76 40.85 40.79 40.73 40.74 40.78 40.78 40.76 40.75 40.76 40.81 40.83 40.82 40.81 40.8 40.78 40.77 40.78 40.81 40.83 40.87 40.88 40.87 40.9
40.82 40.86 40.87 40.81 40.82 40.87 40.89 40.9 40.89 40.89 40.92 40.93 40.94 40.95 40.96 40.94 40.94 40.96 41 41.01 41.01 41 41.02 41.04 41.04 41 40.96 40.94 40.91 40.92 40.94 40.91 40.88 40.89 40.89 40.87 40.86 40.86 40.86 40.87 40.87 40.82 40.8 40.84 40.85 40.8 40.8 40.75 40.64 40.62 40.57 40.5 40.59 40.7 40.75 40.82 40.77 40.7 40.72 40.76 40.77 40.75 40.75 40.75 40.77 40.81 40.83 40.83 40.82 40.82 40.81 40.8 40.81 40.82 40.85 40.87 40.87 40.91
40.84 40.82 40.83 40.8 40.82 40.88 40.91 40.92 40.92 40.91 40.92 40.92 40.94 40.96 40.94 40.93 40.94 40.96 40.98 41 41.01 41.02 41.05 41.05 41.05 41.02 40.97 40.97 40.96 40.94 40.96 40.96 40.97 40.97 40.93 40.92 40.91 40.91 40.91 40.94 40.94 40.93 40.9 40.87 40.82 40.72 40.71 40.7 40.61 40.59 40.57 40.54 40.59 40.66 40.69 40.73 40.71 40.66 40.69 40.74 40.75 40.76 40.78 40.78 40.76 40.79 40.84 40.85 40.86 40.86 40.85 40.83 40.83 40.82 40.82 40.87 40.89 40.92
40.86 40.82 40.81 40.8 40.83 40.9 40.93 40.93 40.93 40.95 40.96 40.96 40.96 40.95 40.93 40.94 40.97 40.99 41 41.02 41.03 41.03 41.04 41.04 41.05 41.05 41.02 41.02 41 40.95 40.94 40.95 40.96 40.96 40.96 40.96 40.95 40.94 40.92 40.91 40.89 40.88 40.85 40.79 40.72 40.66 40.65 40.63 40.58 40.57 40.58 40.59 40.59 40.62 40.64 40.66 40.66 40.64 40.66 40.7 40.72 40.76 40.81 40.82 40.78 40.79 40.83 40.84 40.85 40.86 40.86 40.86 40.86 40.84 40.84 40.87 40.89 40.91
40.88 40.85 40.83 40.83 40.87 40.93 40.94 40.92 40.93 40.96 40.98 40.99 40.96 40.94 40.92 40.94 40.98 40.98 40.97 41.01 41.05 41.04 41.01 41.02 41.05 41.03 41 40.99 40.98 40.95 40.91 40.89 40.86 40.87 40.89 40.87 40.83 40.81 40.79 40.75 40.72 40.7 40.7 40.68 40.65 40.64 40.62 40.59 40.59 40.6 40.6 40.61 40.6 40.6 40.6 40.62 40.66 40.67 40.68 40.68 40.7 40.73 40.78 40.79 40.75 40.76 40.8 40.81 40.79 40.81 40.86 40.87 40.85 40.85 40.87 40.87 40.86 40.88
40.9 40.89 40.88 40.9 40.92 40.95 40.93 40.92 40.94 40.96 40.96 40.95 40.92 40.91 40.9 40.93 40.97 40.96 40.96 40.99 41.05 41.06 41.07 41.05 41.01 40.99 40.98 40.97 40.91 40.85 40.81 40.79 40.75 40.75 40.76 40.73 40.68 40.67 40.67 40.65 40.63 40.62 40.62 40.63 40.64 40.65 40.63 40.6 40.62 40.64 40.63 40.65 40.67 40.63 40.62 40.64 40.7 40.73 40.74 40.71 40.69 40.7 40.73 40.72 40.7 40.71 40.75 40.77 40.75 40.79 40.89 40.88 40.86 40.85 40.86 40.84 40.81 40.84
40.91 40.92 40.92 40.92 40.94 40.95 40.94 40.93 40.93 40.93 40.93 40.92 40.91 40.89 40.87 40.91 40.96 40.97 40.99 41 41.01 41.02 41.05 41.02 40.95 40.89 40.89 40.87 40.81 40.74 40.71 40.71 40.7 40.7 40.7 40.67 40.64 40.63 40.63 40.63 40.62 40.61 40.61 40.62 40.64 40.66 40.65 40.64 40.67 40.69 40.68 40.73 40.8 40.76 40.7 40.69 40.77 40.79 40.77 40.74 40.7 40.69 40.68 40.68 40.68 40.69 40.73 40.76 40.75 40.78 40.84 40.87 40.88 40.87 40.85 40.83 40.8 40.8
40.91 40.92 40.93 40.92 40.92 40.93 40.95 40.95 40.92 40.92 40.94 40.95 40.93 40.91 40.89 40.91 40.94 40.97 41.02 41.02 41 40.98 40.99 40.95 40.86 40.78 40.76 40.76 40.72 40.68 40.67 40.67 40.67 40.68 40.68 40.65 40.64 40.63 40.62 40.62 40.63 40.64 40.64 40.65 40.66 40.66 40.66 40.67 40.71 40.74 40.77 40.85 40.93 40.87 40.74 40.69 40.74 40.75 40.73 40.71 40.66 40.65 40.64 40.67 40.7 40.69 40.7 40.75 40.79 40.79 40.81 40.85 40.85 40.83 40.85 40.86 40.82 40.81
40.93 40.92 40.93 40.93 40.91 40.93 40.96 40.95 40.91 40.93 40.94 40.94 40.93 40.91 40.91 40.93 40.95 40.97 41.01 40.98 40.9 40.85 40.84 40.82 40.76 40.71 40.71 40.71 40.69 40.66 40.66 40.66 40.67 40.68 40.66 40.63 40.63 40.63 40.63 40.62 40.64 40.66 40.68 40.71 40.71 40.69 40.67 40.68 40.72 40.75 40.81 40.92 40.97 40.89 40.73 40.65 40.66 40.66 40.66 40.65 40.64 40.64 40.64 40.67 40.71 40.69 40.68 40.74 40.77 40.78 40.81 40.84 40.84 40.85 40.87 40.87 40.86 40.85
40.94 40.92 40.95 40.94 40.91 40.9 40.93 40.93 40.93 40.93 40.9 40.88 40.86 40.88 40.93 40.92 40.88 40.86 40.86 40.83 40.75 40.7 40.7 40.71 40.7 40.69 40.69 40.69 40.68 40.65 40.66 40.68 40.68 40.7 40.67 40.63 40.62 40.63 40.63 40.62 40.63 40.65 40.69 40.74 40.76 40.75 40.72 40.68 40.69 40.71 40.77 40.85 40.87 40.81 40.71 40.64 40.62 40.62 40.6 40.58 40.57 40.58 40.61 40.66 40.68 40.68 40.71 40.77 40.77 40.77 40.79 40.8 40.83 40.87 40.88 40.86 40.87 40.89
40.91 40.91 40.93 40.94 40.93 40.91 40.92 40.9 40.87 40.84 40.82 40.8 40.77 40.78 40.81 40.78 40.74 40.71 40.71 40.7 40.67 40.66 40.67 40.69 40.68 40.69 40.68 40.67 40.67 40.65 40.66 40.68 40.69 40.71 40.68 40.63 40.63 40.64 40.64 40.63 40.63 40.64 40.67 40.71 40.72 40.73 40.7 40.63 40.61 40.61 40.65 40.72 40.76 40.73 40.67 40.62 40.62 40.61 40.58 40.53 40.51 40.53 40.59 40.66 40.69 40.72 40.77 40.83 40.82 40.8 40.81 40.81 40.81 40.84 40.87 40.85 40.87 40.92
40.92 40.89 40.89 40.89 40.89 40.87 40.85 40.82 40.75 40.73 40.74 40.73 40.71 40.69 40.68 40.67 40.65 40.65 40.65 40.66 40.65 40.66 40.66 40.68 40.68 40.68 40.67 40.66 40.66 40.64 40.63 40.64 40.68 40.7 40.68 40.65 40.65 40.66 40.64 40.63 40.63 40.63 40.63 40.64 40.65 40.64 40.6 40.55 40.55 40.56 40.6 40.65 40.69 40.7 40.67 40.63 40.66 40.66 40.66 40.63 40.59 40.59 40.63 40.66 40.7 40.76 40.81 40.88 40.87 40.83 40.82 40.83 40.81 40.81 40.86 40.87 40.89 40.93
40.86 40.84 40.83 40.83 40.8 40.75 40.72 40.7 40.68 40.68 40.71 40.7 40.68 40.68 40.67 40.65 40.65 40.65 40.65 40.65 40.65 40.67 40.67 40.67 40.67 40.66 40.66 40.66 40.66 40.63 40.61 40.6 40.67 40.69 40.69 40.67 40.62 40.62 40.61 40.58 40.6 40.59 40.55 40.5 40.5 40.5 40.49 40.51 40.58 40.62 40.72 40.81 40.81 40.81 40.8 40.79 40.84 40.86 40.84 40.78 40.74 40.73 40.7 40.69 40.71 40.77 40.84 40.92 40.9 40.82 40.8 40.82 40.8 40.79 40.85 40.89 40.9 40.9
40.76 40.75 40.74 40.74 40.71 40.67 40.66 40.67 40.67 40.67 40.69 40.67 40.68 40.69 40.68 40.67 40.66 40.66 40.66 40.65 40.66 40.69 40.69 40.68 40.67 40.65 40.65 40.68 40.68 40.63 40.6 40.59 40.66 40.67 40.64 40.59 40.51 40.48 40.47 40.44 40.42 40.44 40.46 40.48 40.51 40.54 40.63 40.76 40.89 40.95 41.09 41.18 41.13 41.1 41.05 41.01 41.04 41.06 41.01 40.91 40.9 40.87 40.78 40.7 40.71 40.77 40.85 40.93 40.9 40.83 40.82 40.84 40.81 40.78 40.82 40.85 40.85 40.85
40.7 40.69 40.68 40.67 40.65 40.65 40.66 40.68 40.69 40.68 40.67 40.66 40.68 40.69 40.69 40.67 40.68 40.68 40.68 40.68 40.69 40.7 40.7 40.69 40.67 40.66 40.66 40.67 40.64 40.56 40.54 40.53 40.55 40.53 40.47 40.44 40.38 40.4 40.46 40.5 40.51 40.54 40.61 40.69 40.79 40.86 41 41.15 41.27 41.37 41.51 41.51 41.44 41.39 41.28 41.18 41.16 41.16 41.1 41.01 41 40.96 40.81 40.68 40.68 40.73 40.81 40.87 40.85 40.83 40.85 40.86 40.84 40.8 40.8 40.82 40.83 40.85
40.68 40.69 40.68 40.67 40.65 40.65 40.66 40.68 40.69 40.68 40.67 40.66 40.68 40.7 40.7 40.69 40.71 40.72 40.73 40.74 40.74 40.74 40.71 40.64 40.62 40.61 40.6 40.56 40.5 40.45 40.45 40.49 40.51 40.54 40.61 40.67 40.71 40.77 40.85 40.89 41.02 41.02 40.98 41.03 41.16 41.25 41.38 41.44 41.51 41.63 41.75 41.69 41.61 41.55 41.42 41.29 41.24 41.17 41.1 41.05 41.02 40.94 40.81 40.67 40.66 40.71 40.78 40.8 40.8 40.81 40.84 40.87 40.84 40.82 40.85 40.84 40.84 40.86
40.68 40.69 40.71 40.7 40.68 40.66 40.66 40.68 40.7 40.7 40.7 40.69 40.69 40.69 40.7 40.72 40.74 40.76 40.75 40.7 40.67 40.67 40.64 40.59 40.59 40.61 40.6 40.59 40.58 40.57 40.58 40.65 40.7 40.78 40.98 41.19 41.36 41.41 41.38 41.33 41.5 41.49 41.38 41.37 41.48 41.57 41.66 41.65 41.67 41.71 41.75 41.69 41.63 41.55 41.43 41.33 41.27 41.15 41.06 41 40.97 40.88 40.77 40.67 40.68 40.75 40.79 40.78 40.79 40.78 40.81 40.84 40.86 40.87 40.86 40.85 40.84 40.86
40.69 40.71 40.72 40.73 40.72 40.71 40.71 40.71 40.7 40.7 40.71 40.73 40.74 40.73 40.68 40.69 40.71 40.72 40.67 40.61 40.61 40.64 40.66 40.72 40.8 40.84 40.85 40.83 40.83 40.84 40.87 40.95 41.03 41.1 41.3 41.59 41.79 41.83 41.77 41.68 41.79 41.78 41.7 41.64 41.71 41.75 41.78 41.75 41.72 41.67 41.62 41.57 41.52 41.43 41.33 41.26 41.21 41.11 41.02 40.96 40.92 40.83 40.73 40.66 40.67 40.74 40.83 40.83 40.83 40.79 40.79 40.82 40.84 40.86 40.84 40.84 40.84 40.85
40.72 40.76 40.76 40.76 40.77 40.76 40.75 40.73 40.68 40.59 40.61 40.65 40.65 40.68 40.7 40.75 40.76 40.75 40.76 40.79 40.81 40.85 40.96 41.12 41.21 41.23 41.21 41.11 41.08 41.1 41.18 41.29 41.36 41.42 41.59 41.79 41.92 41.96 41.97 41.91 41.95 41.93 41.87 41.81 41.79 41.79 41.77 41.74 41.7 41.62 41.54 41.48 41.44 41.36 41.27 41.21 41.17 41.09 41.03 40.98 40.94 40.85 40.76 40.7 40.71 40.82 40.95 40.98 40.96 40.86 40.78 40.79 40.8 40.81 40.82 40.82 40.82 40.83
40.75 40.77 40.77 40.77 40.74 40.65 40.61 40.61 40.64 40.62 40.67 40.76 40.82 40.91 40.96 41 40.98 41.03 41.08 41.15 41.14 41.17 41.32 41.51 41.55 41.54 41.48 41.36 41.34 41.38 41.46 41.55 41.6 41.65 41.76 41.85 41.89 41.92 41.96 41.98 41.99 41.97 41.92 41.87 41.83 41.78 41.73 41.71 41.68 41.62 41.54 41.49 41.46 41.39 41.32 41.26 41.22 41.14 41.08 41.03 40.99 40.91 40.82 40.76 40.77 40.87 41.02 41.04 40.99 40.87 40.78 40.78 40.78 40.78 40.8 40.81 40.81 40.82
40.69 40.75 40.77 40.8 40.75 40.66 40.67 40.75 40.85 40.92 40.99 41.12 41.26 41.36 41.34 41.28 41.27 41.34 41.4 41.44 41.42 41.44 41.57 41.71 41.7 41.66 41.59 41.52 41.53 41.55 41.6 41.64 41.67 41.7 41.74 41.78 41.79 41.81 41.84 41.87 41.89 41.92 41.9 41.86 41.83 41.77 41.71 41.68 41.65 41.6 41.55 41.52 41.49 41.43 41.36 41.31 41.27 41.19 41.12 41.06 41.02 40.95 40.88 40.83 40.8 40.87 41 41.02 40.98 40.87 40.79 40.78 40.77 40.76 40.78 40.8 40.82 40.83
40.8 40.89 40.93 40.99 41.01 40.99 41.06 41.18 41.2 41.23 41.29 41.43 41.57 41.65 41.62 41.55 41.57 41.6 41.63 41.65 41.63 41.65 41.73 41.78 41.75 41.71 41.63 41.57 41.56 41.56 41.57 41.59 41.6 41.61 41.64 41.66 41.67 41.69 41.71 41.72 41.74 41.78 41.78 41.74 41.73 41.73 41.71 41.67 41.64 41.58 41.53 41.51 41.49 41.44 41.38 41.33 41.29 41.22 41.15 41.11 41.05 40.97 40.92 40.88 40.8 40.8 40.91 40.98 41 40.9 40.81 40.8 40.79 40.77 40.79 40.81 40.84 40.85
41.14 41.22 41.25 41.31 41.35 41.36 41.41 41.46 41.44 41.43 41.48 41.6 41.69 41.73 41.73 41.71 41.75 41.75 41.75 41.76 41.75 41.76 41.78 41.78 41.77 41.76 41.71 41.64 41.59 41.56 41.52 41.51 41.5 41.51 41.53 41.55 41.55 41.56 41.54 41.53 41.54 41.58 41.59 41.57 41.58 41.62 41.65 41.65 41.63 41.58 41.51 41.48 41.46 41.42 41.38 41.34 41.31 41.24 41.19 41.15 41.07 41 40.95 40.91 40.8 40.72 40.78 40.88 40.99 40.93 40.85 40.84 40.82 40.79 40.79 40.82 40.87 40.86
