slabs/69.grd
DSAA
631 301
645780 646410
4948400 4948700
39.38 48.53
[rows 238 to 271 of 301, columns 546 to 623 of 631]
40 40 40 40 39.99 39.98 39.97 39.97 39.98 39.98 39.97 39.95 39.94 39.95 39.98 39.99 39.99 40 40.01 40.02 40.04 40.03 40.01 40.01 40.02 40.01 39.98 39.96 39.97 39.97 39.98 40 40.01 39.97 39.91 39.94 39.95 39.93 39.92 39.92 39.93 39.93 39.93 39.94 39.95 39.96 39.96 39.95 39.95 39.95 39.96 39.99 40 39.99 39.99 39.99 40 40 40.01 40.01 40.02 40.02 40.04 40.02 39.99 39.97 39.94 39.93 39.92 39.91 39.91 39.89 39.84 39.83 39.81 39.71 39.55 39.43
39.98 40 39.99 39.97 39.98 39.98 39.99 39.98 39.98 39.98 39.97 39.95 39.95 39.96 39.98 39.98 39.97 39.99 40.01 40.03 40.03 40.03 40.02 40.03 40.03 40.01 39.97 39.95 39.96 39.97 39.98 39.99 40 40 39.95 39.94 39.94 39.94 39.93 39.91 39.93 39.95 39.95 39.96 39.97 39.97 39.97 39.97 39.97 39.97 39.97 39.99 40.02 40.01 39.99 39.99 40 40.01 40.02 40.03 40.03 40.03 40.03 40.02 40 39.97 39.93 39.94 39.94 39.91 39.91 39.89 39.86 39.85 39.83 39.77 39.62 39.46
39.94 39.96 39.95 39.95 39.96 39.97 39.98 39.98 39.98 39.97 39.95 39.95 39.97 39.98 40 39.99 39.98 40 40.02 40.01 39.99 40 40.02 40.04 40.04 40.02 39.99 39.98 39.98 39.97 39.98 39.98 39.99 39.99 39.95 39.93 39.93 39.94 39.94 39.92 39.92 39.93 39.95 39.96 39.97 39.98 39.99 40 39.99 39.98 39.99 40.01 40.04 40.03 40.01 40.01 40.01 40.03 40.04 40.05 40.05 40.05 40.05 40.04 40.02 40 39.96 39.96 39.94 39.9 39.9 39.9 39.89 39.88 39.86 39.8 39.68 39.54
39.94 39.93 39.91 39.91 39.93 39.94 39.96 39.98 39.98 39.97 39.93 39.91 39.92 39.93 39.96 39.99 40 40.01 40.01 39.99 39.98 39.99 40.02 40.03 40.03 40.02 40 40 39.99 39.99 40 40 40.01 39.99 39.96 39.94 39.94 39.95 39.94 39.93 39.93 39.93 39.95 39.97 39.96 39.98 40.02 40.02 40.01 40 40.01 40.03 40.05 40.04 40.03 40.03 40.04 40.05 40.06 40.07 40.08 40.07 40.06 40.06 40.04 40.02 40 39.98 39.95 39.93 39.92 39.91 39.89 39.89 39.88 39.83 39.74 39.62
40.01 39.99 39.96 39.95 39.95 39.96 39.98 40 39.99 39.98 39.93 39.86 39.83 39.85 39.9 39.98 40.02 40.01 39.99 39.98 39.98 39.99 40 40.02 40.02 40.01 40 39.99 40 40.01 40.02 40.02 40.02 40.01 39.98 39.97 39.97 39.96 39.95 39.95 39.94 39.95 39.98 39.98 39.97 39.98 40.01 40.01 40.01 39.99 40 40.02 40.06 40.06 40.06 40.08 40.08 40.09 40.09 40.09 40.09 40.07 40.04 40.05 40.05 40.03 40.02 40 39.98 39.97 39.95 39.91 39.89 39.89 39.89 39.86 39.8 39.71
40.12 40.11 40.08 40.05 40.05 40.04 40.05 40.05 40.03 40.01 39.97 39.93 39.91 39.92 39.95 39.96 39.98 39.95 39.93 39.95 39.96 39.98 39.99 40.01 40.01 40 39.99 39.98 40 40.02 40.02 40.02 40.02 40.01 40 39.98 39.98 39.97 39.96 39.95 39.95 39.96 39.97 39.97 39.98 39.98 39.99 39.99 40.01 40.01 40 40.02 40.05 40.06 40.07 40.09 40.11 40.11 40.11 40.11 40.1 40.07 40.05 40.07 40.06 40.04 40.03 40.01 39.99 39.99 39.97 39.92 39.9 39.89 39.89 39.88 39.85 39.79
40.19 40.17 40.13 40.1 40.1 40.1 40.1 40.11 40.11 40.1 40.06 40.04 40.04 40.04 40.01 39.98 39.96 39.93 39.9 39.93 39.95 39.97 39.97 39.98 39.99 39.99 39.99 39.99 40 40.02 40.02 40.01 40.01 40 40 39.99 39.98 39.98 39.97 39.96 39.95 39.95 39.96 39.97 39.97 39.98 39.99 40 40.01 40.03 40.04 40.04 40.05 40.06 40.06 40.07 40.1 40.12 40.11 40.11 40.11 40.08 40.08 40.08 40.07 40.05 40.04 40.01 40 39.98 39.97 39.94 39.91 39.9 39.9 39.9 39.88 39.83
40.21 40.19 40.15 40.13 40.12 40.12 40.13 40.15 40.18 40.17 40.13 40.1 40.1 40.09 40.04 40 39.99 39.98 39.95 39.95 39.96 39.97 39.96 39.97 39.97 39.98 39.98 39.98 39.98 39.98 39.98 40 40 39.99 39.99 39.99 39.98 39.97 39.97 39.96 39.95 39.95 39.96 39.96 39.96 39.97 39.98 39.98 40 40.03 40.04 40.03 40.04 40.07 40.07 40.07 40.09 40.1 40.1 40.09 40.09 40.09 40.09 40.08 40.05 40.03 40.03 40.03 40 39.98 39.97 39.97 39.94 39.93 39.93 39.93 39.9 39.88
40.22 40.2 40.16 40.15 40.15 40.15 40.15 40.18 40.2 40.19 40.15 40.13 40.13 40.12 40.06 40.01 40.02 40.03 39.99 39.97 39.99 40 39.99 40 39.98 39.97 39.96 39.94 39.93 39.92 39.93 39.97 40.01 40 39.99 39.97 39.96 39.97 39.95 39.95 39.94 39.94 39.96 39.95 39.94 39.95 39.97 39.97 39.99 40.01 40.01 40.02 40.04 40.07 40.08 40.07 40.08 40.09 40.09 40.08 40.07 40.08 40.09 40.07 40.04 40.02 40.03 40.04 40.01 39.99 39.99 39.99 39.97 39.96 39.96 39.95 39.93 39.92
40.23 40.21 40.18 40.17 40.17 40.17 40.18 40.19 40.21 40.2 40.16 40.16 40.16 40.14 40.08 40.03 40.05 40.06 40.01 39.99 40.02 40.05 40.02 40.02 40.01 40 40.01 40 39.98 39.94 39.93 39.97 39.99 39.99 39.98 39.95 39.91 39.92 39.91 39.92 39.93 39.92 39.94 39.92 39.92 39.94 39.94 39.96 39.98 40 40 40.01 40.04 40.06 40.06 40.07 40.07 40.07 40.08 40.09 40.07 40.07 40.07 40.07 40.05 40.03 40.04 40.04 40.03 40.03 40.02 40.01 40 39.97 39.97 39.97 39.96 39.97
40.24 40.23 40.2 40.19 40.19 40.19 40.2 40.22 40.23 40.22 40.18 40.18 40.19 40.16 40.11 40.09 40.1 40.09 40.04 40.02 40.05 40.08 40.03 39.98 40.01 40.05 40.05 40.06 40.04 40 39.97 39.98 39.98 39.98 39.99 39.97 39.93 39.93 39.94 39.93 39.9 39.88 39.89 39.88 39.89 39.91 39.92 39.93 39.95 39.97 39.98 40.01 40.03 40.04 40.05 40.05 40.05 40.04 40.05 40.08 40.08 40.07 40.08 40.08 40.06 40.03 40.04 40.03 40.03 40.05 40.03 40.02 40.01 40 39.99 40 39.99 39.99
40.26 40.24 40.22 40.22 40.22 40.21 40.23 40.25 40.25 40.23 40.2 40.21 40.21 40.18 40.15 40.15 40.15 40.12 40.07 40.05 40.09 40.12 40.06 40.03 40.06 40.09 40.08 40.08 40.08 40.06 40.01 40.01 40.02 40.02 40.02 40.01 39.99 39.98 39.98 39.96 39.92 39.89 39.89 39.89 39.88 39.88 39.9 39.92 39.94 39.95 39.96 40 40.02 40.04 40.04 40.03 40.03 40.03 40.04 40.06 40.08 40.08 40.08 40.08 40.06 40.04 40.04 40.04 40.04 40.06 40.06 40.04 40.04 40.03 40.02 40.01 40 39.99
40.29 40.26 40.24 40.24 40.24 40.24 40.25 40.27 40.27 40.25 40.23 40.24 40.24 40.21 40.18 40.2 40.21 40.17 40.12 40.12 40.15 40.16 40.1 40.09 40.12 40.13 40.13 40.13 40.13 40.1 40.07 40.07 40.08 40.08 40.06 40.05 40.03 40 39.99 39.98 39.96 39.95 39.94 39.94 39.92 39.9 39.9 39.91 39.93 39.93 39.94 39.97 40 40.02 40.03 40.03 40.05 40.06 40.07 40.08 40.08 40.06 40.07 40.07 40.07 40.07 40.06 40.05 40.06 40.06 40.06 40.05 40.04 40.04 40.03 40.01 40.01 40
40.31 40.28 40.26 40.26 40.26 40.26 40.28 40.29 40.28 40.26 40.27 40.28 40.28 40.25 40.24 40.25 40.25 40.21 40.16 40.16 40.18 40.18 40.12 40.12 40.16 40.16 40.18 40.18 40.18 40.15 40.12 40.13 40.15 40.14 40.12 40.1 40.06 40.02 40 40 39.98 39.98 39.98 39.99 39.98 39.97 39.95 39.92 39.92 39.91 39.93 39.96 39.99 40 40.01 40.03 40.05 40.09 40.09 40.09 40.08 40.07 40.08 40.09 40.09 40.09 40.09 40.07 40.07 40.06 40.04 40.05 40.05 40.05 40.04 40.02 40 40
40.32 40.3 40.29 40.29 40.29 40.29 40.31 40.32 40.31 40.3 40.31 40.32 40.31 40.3 40.29 40.29 40.28 40.24 40.19 40.19 40.22 40.21 40.15 40.16 40.19 40.2 40.23 40.24 40.23 40.21 40.19 40.2 40.21 40.2 40.19 40.15 40.1 40.05 40.03 40.02 40.01 40.01 40.02 40.04 40.03 40.01 40 39.97 39.97 39.97 39.98 39.99 39.99 39.98 39.99 40.02 40.04 40.06 40.07 40.07 40.06 40.06 40.09 40.1 40.11 40.12 40.11 40.08 40.07 40.07 40.06 40.05 40.04 40.04 40.04 40.02 40.01 40
40.33 40.31 40.33 40.37 40.35 40.31 40.32 40.33 40.33 40.33 40.34 40.34 40.34 40.33 40.33 40.33 40.31 40.27 40.22 40.22 40.25 40.25 40.2 40.21 40.23 40.25 40.29 40.29 40.28 40.26 40.25 40.26 40.28 40.27 40.25 40.2 40.12 40.08 40.07 40.05 40.05 40.05 40.06 40.07 40.05 40.02 40.01 40 40.02 40.05 40.06 40.07 40.07 40.06 40.05 40.05 40.05 40.05 40.05 40.06 40.05 40.03 40.02 40.06 40.11 40.12 40.12 40.09 40.08 40.08 40.08 40.05 40.03 40.04 40.04 40.03 40.02 40
40.3 40.3 40.35 40.4 40.37 40.32 40.32 40.32 40.33 40.34 40.35 40.35 40.35 40.35 40.36 40.36 40.34 40.3 40.24 40.25 40.28 40.28 40.25 40.25 40.26 40.29 40.34 40.34 40.33 40.31 40.31 40.33 40.35 40.33 40.31 40.24 40.15 40.12 40.1 40.08 40.08 40.08 40.09 40.1 40.08 40.06 40.05 40.04 40.08 40.1 40.12 40.13 40.13 40.13 40.13 40.12 40.11 40.1 40.08 40.06 40.05 40.04 40.02 40.05 40.08 40.09 40.1 40.09 40.07 40.08 40.08 40.06 40.04 40.04 40.04 40.03 40.02 40
40.29 40.29 40.34 40.35 40.34 40.31 40.3 40.3 40.31 40.33 40.34 40.34 40.35 40.37 40.38 40.38 40.37 40.33 40.28 40.28 40.31 40.3 40.29 40.29 40.29 40.34 40.38 40.39 40.38 40.36 40.37 40.39 40.41 40.4 40.36 40.26 40.18 40.15 40.13 40.12 40.12 40.13 40.14 40.14 40.13 40.1 40.09 40.1 40.13 40.15 40.15 40.16 40.15 40.15 40.16 40.17 40.19 40.17 40.11 40.08 40.06 40.05 40.06 40.07 40.07 40.08 40.09 40.08 40.06 40.06 40.06 40.05 40.05 40.04 40.02 40.02 40.01 39.99
40.28 40.29 40.32 40.3 40.3 40.3 40.28 40.28 40.3 40.31 40.32 40.32 40.33 40.36 40.37 40.38 40.38 40.35 40.31 40.32 40.33 40.33 40.32 40.32 40.33 40.38 40.43 40.45 40.44 40.42 40.43 40.47 40.48 40.47 40.41 40.29 40.22 40.2 40.18 40.17 40.17 40.18 40.18 40.18 40.16 40.13 40.13 40.15 40.17 40.18 40.18 40.19 40.18 40.17 40.19 40.21 40.24 40.22 40.16 40.12 40.1 40.09 40.08 40.09 40.08 40.09 40.1 40.08 40.07 40.06 40.06 40.06 40.05 40.04 40.02 40.01 40 39.98
40.27 40.28 40.29 40.27 40.28 40.3 40.27 40.27 40.28 40.3 40.31 40.31 40.31 40.33 40.36 40.36 40.36 40.34 40.33 40.33 40.35 40.36 40.35 40.35 40.37 40.42 40.46 40.49 40.5 40.48 40.51 40.58 40.57 40.53 40.45 40.32 40.27 40.24 40.23 40.2 40.2 40.2 40.2 40.2 40.18 40.16 40.17 40.19 40.21 40.21 40.22 40.21 40.2 40.2 40.21 40.25 40.28 40.26 40.22 40.18 40.15 40.14 40.13 40.13 40.13 40.12 40.12 40.11 40.11 40.1 40.09 40.09 40.08 40.05 40.02 40.01 40.01 40
40.25 40.27 40.27 40.26 40.28 40.29 40.25 40.25 40.26 40.28 40.29 40.29 40.29 40.31 40.34 40.34 40.33 40.31 40.31 40.32 40.33 40.35 40.36 40.36 40.37 40.4 40.41 40.46 40.51 40.55 40.59 40.67 40.64 40.56 40.47 40.34 40.3 40.27 40.26 40.23 40.23 40.23 40.23 40.22 40.22 40.2 40.2 40.23 40.24 40.24 40.25 40.23 40.22 40.22 40.24 40.29 40.33 40.31 40.27 40.24 40.21 40.21 40.2 40.18 40.18 40.17 40.16 40.16 40.16 40.13 40.11 40.12 40.11 40.08 40.06 40.04 40.03 40
40.24 40.24 40.23 40.24 40.28 40.28 40.23 40.23 40.25 40.26 40.27 40.26 40.27 40.29 40.32 40.32 40.3 40.28 40.28 40.28 40.3 40.33 40.34 40.33 40.34 40.36 40.38 40.42 40.5 40.57 40.61 40.68 40.66 40.59 40.5 40.36 40.33 40.3 40.29 40.26 40.26 40.26 40.25 40.25 40.26 40.25 40.25 40.27 40.27 40.28 40.27 40.25 40.24 40.25 40.27 40.33 40.37 40.36 40.32 40.3 40.28 40.29 40.28 40.24 40.23 40.22 40.21 40.22 40.2 40.17 40.15 40.16 40.15 40.12 40.08 40.07 40.06 40.03
40.22 40.21 40.19 40.22 40.29 40.27 40.22 40.22 40.23 40.24 40.24 40.24 40.24 40.27 40.3 40.28 40.24 40.23 40.23 40.24 40.27 40.3 40.31 40.32 40.33 40.35 40.36 40.41 40.48 40.54 40.58 40.64 40.64 40.59 40.5 40.38 40.34 40.32 40.31 40.29 40.29 40.28 40.27 40.28 40.29 40.29 40.29 40.31 40.31 40.31 40.3 40.27 40.26 40.27 40.31 40.37 40.41 40.4 40.38 40.37 40.36 40.37 40.35 40.3 40.29 40.3 40.29 40.29 40.26 40.21 40.2 40.18 40.17 40.14 40.09 40.09 40.08 40.07
40.2 40.19 40.19 40.23 40.3 40.26 40.21 40.21 40.22 40.23 40.21 40.2 40.21 40.24 40.26 40.24 40.2 40.18 40.19 40.21 40.25 40.28 40.29 40.31 40.32 40.33 40.35 40.39 40.45 40.51 40.55 40.6 40.59 40.54 40.47 40.38 40.35 40.33 40.31 40.31 40.3 40.31 40.31 40.3 40.31 40.32 40.33 40.34 40.34 40.34 40.32 40.29 40.28 40.3 40.35 40.41 40.46 40.45 40.44 40.45 40.48 40.49 40.44 40.38 40.37 40.37 40.35 40.33 40.3 40.25 40.22 40.2 40.18 40.14 40.1 40.11 40.1 40.09
40.16 40.16 40.19 40.24 40.29 40.25 40.19 40.19 40.19 40.19 40.17 40.17 40.19 40.21 40.22 40.2 40.17 40.16 40.16 40.19 40.23 40.27 40.28 40.3 40.31 40.32 40.34 40.37 40.43 40.49 40.51 40.55 40.54 40.5 40.44 40.37 40.35 40.34 40.32 40.31 40.32 40.34 40.35 40.33 40.33 40.34 40.36 40.35 40.35 40.35 40.34 40.31 40.31 40.33 40.39 40.48 40.53 40.53 40.55 40.57 40.59 40.59 40.52 40.45 40.43 40.42 40.39 40.36 40.33 40.28 40.25 40.22 40.19 40.14 40.11 40.12 40.12 40.11
40.1 40.11 40.12 40.14 40.18 40.17 40.14 40.15 40.17 40.17 40.15 40.14 40.17 40.19 40.19 40.17 40.14 40.12 40.13 40.17 40.22 40.26 40.27 40.28 40.29 40.31 40.32 40.35 40.39 40.44 40.46 40.5 40.5 40.47 40.4 40.36 40.35 40.34 40.32 40.32 40.33 40.35 40.37 40.34 40.33 40.35 40.34 40.28 40.25 40.28 40.34 40.34 40.36 40.39 40.46 40.52 40.56 40.6 40.65 40.67 40.68 40.66 40.56 40.5 40.48 40.46 40.43 40.39 40.36 40.3 40.27 40.24 40.2 40.13 40.12 40.14 40.13 40.13
39.93 39.96 40 40.03 40.07 40.09 40.08 40.11 40.15 40.15 40.13 40.14 40.18 40.19 40.18 40.15 40.11 40.1 40.11 40.16 40.21 40.25 40.26 40.27 40.28 40.3 40.32 40.33 40.36 40.38 40.41 40.45 40.47 40.43 40.36 40.35 40.35 40.34 40.32 40.33 40.35 40.36 40.37 40.34 40.34 40.34 40.3 40.23 40.21 40.26 40.34 40.35 40.37 40.41 40.49 40.54 40.57 40.64 40.71 40.76 40.76 40.71 40.61 40.55 40.53 40.51 40.46 40.41 40.38 40.33 40.28 40.24 40.19 40.13 40.14 40.15 40.15 40.14
39.85 39.84 39.86 39.88 39.91 39.94 39.97 40.05 40.13 40.13 40.12 40.14 40.18 40.18 40.17 40.15 40.11 40.1 40.11 40.15 40.2 40.23 40.25 40.26 40.27 40.3 40.31 40.31 40.32 40.33 40.36 40.41 40.43 40.39 40.33 40.35 40.34 40.33 40.32 40.33 40.35 40.36 40.36 40.34 40.35 40.34 40.29 40.23 40.24 40.29 40.34 40.35 40.36 40.4 40.48 40.54 40.57 40.66 40.74 40.81 40.82 40.79 40.69 40.62 40.59 40.55 40.49 40.44 40.4 40.34 40.29 40.25 40.19 40.14 40.15 40.16 40.16 40.15
39.97 39.93 39.92 39.89 39.89 39.89 39.91 40.01 40.12 40.12 40.13 40.14 40.15 40.15 40.16 40.17 40.14 40.12 40.14 40.16 40.19 40.23 40.24 40.25 40.25 40.28 40.31 40.28 40.25 40.27 40.31 40.35 40.38 40.35 40.31 40.34 40.34 40.33 40.33 40.34 40.34 40.35 40.35 40.34 40.35 40.33 40.28 40.23 40.25 40.31 40.35 40.34 40.35 40.39 40.47 40.53 40.56 40.64 40.74 40.81 40.84 40.84 40.77 40.69 40.65 40.58 40.51 40.46 40.42 40.35 40.31 40.26 40.19 40.15 40.17 40.17 40.17 40.15
40.11 40.09 40.08 40.06 40.03 40.01 40 40.06 40.14 40.13 40.14 40.15 40.11 40.07 40.09 40.12 40.12 40.12 40.14 40.18 40.2 40.23 40.24 40.24 40.24 40.26 40.29 40.24 40.18 40.2 40.25 40.27 40.3 40.29 40.29 40.32 40.34 40.34 40.34 40.34 40.33 40.34 40.34 40.34 40.34 40.32 40.27 40.24 40.26 40.32 40.34 40.33 40.34 40.39 40.46 40.52 40.55 40.63 40.72 40.8 40.82 40.82 40.77 40.72 40.68 40.6 40.52 40.47 40.42 40.35 40.32 40.27 40.19 40.16 40.18 40.18 40.17 40.15
40.18 40.17 40.17 40.16 40.15 40.14 40.13 40.14 40.16 40.15 40.16 40.16 40.05 39.95 39.96 39.99 40.01 40.02 40.05 40.12 40.17 40.19 40.19 40.22 40.24 40.24 40.23 40.22 40.19 40.19 40.22 40.24 40.25 40.25 40.26 40.31 40.33 40.34 40.34 40.33 40.32 40.33 40.34 40.33 40.33 40.31 40.27 40.25 40.28 40.33 40.34 40.32 40.33 40.38 40.45 40.5 40.54 40.61 40.71 40.78 40.79 40.77 40.73 40.7 40.66 40.58 40.51 40.47 40.43 40.38 40.34 40.31 40.23 40.19 40.19 40.15 40.12 40.12
40.21 40.19 40.19 40.2 40.2 40.2 40.2 40.2 40.18 40.17 40.18 40.19 40.11 40 39.99 39.95 39.92 39.92 39.93 39.97 39.98 39.94 39.91 39.98 40.08 40.1 40.12 40.16 40.18 40.18 40.19 40.22 40.24 40.23 40.24 40.27 40.31 40.32 40.33 40.31 40.31 40.32 40.33 40.33 40.32 40.3 40.27 40.27 40.3 40.34 40.34 40.32 40.33 40.37 40.44 40.49 40.52 40.59 40.68 40.75 40.74 40.72 40.68 40.66 40.61 40.53 40.48 40.46 40.42 40.37 40.34 40.32 40.26 40.21 40.17 40.13 40.08 40.12
40.22 40.2 40.21 40.22 40.23 40.22 40.22 40.22 40.2 40.19 40.2 40.22 40.19 40.14 40.14 40.13 40.11 40.09 40.08 40.07 40.04 39.98 39.9 39.89 39.91 39.9 39.89 39.95 40.02 40.04 40.08 40.13 40.18 40.2 40.22 40.25 40.28 40.29 40.3 40.29 40.29 40.3 40.31 40.32 40.32 40.29 40.28 40.29 40.31 40.35 40.34 40.31 40.32 40.36 40.43 40.48 40.51 40.57 40.65 40.7 40.69 40.66 40.64 40.62 40.55 40.47 40.43 40.42 40.38 40.35 40.34 40.31 40.26 40.21 40.16 40.13 40.09 40.14
40.23 40.22 40.22 40.23 40.24 40.24 40.24 40.24 40.23 40.21 40.22 40.24 40.22 40.21 40.22 40.25 40.24 40.24 40.23 40.22 40.2 40.17 40.11 40.06 40.02 39.97 39.92 39.9 39.88 39.87 39.88 39.94 39.99 40.03 40.11 40.16 40.19 40.24 40.26 40.26 40.26 40.26 40.28 40.29 40.29 40.28 40.29 40.31 40.33 40.35 40.33 40.31 40.32 40.36 40.42 40.46 40.49 40.55 40.62 40.63 40.61 40.59 40.58 40.56 40.49 40.42 40.4 40.39 40.35 40.33 40.33 40.31 40.26 40.2 40.15 40.12 40.11 40.18
