slabs/7.grd
DSAA
631 301
642000 642630
4947800 4948100
44.92 56
[rows 68 to 101 of 301, columns 234 to 311 of 631]
47.89 47.85 47.81 47.8 47.81 47.84 47.83 47.78 47.77 47.76 47.73 47.72 47.71 47.73 47.74 47.76 47.78 47.79 47.78 47.78 47.77 47.75 47.75 47.75 47.76 47.74 47.7 47.71 47.7 47.67 47.69 47.71 47.74 47.76 47.76 47.73 47.72 47.72 47.71 47.68 47.69 47.69 47.67 47.65 47.63 47.56 47.56 47.54 47.52 47.6 47.59 47.66 47.67 47.58 47.45 47.24 47.07 47.06 47.09 47.15 47.15 47.16 47.18 47.18 47.21 47.21 47.21 47.2 47.21 47.23 47.24 47.21 47.21 47.24 47.28 47.29 47.28 47.28
47.86 47.83 47.8 47.8 47.82 47.83 47.84 47.8 47.78 47.79 47.78 47.76 47.73 47.73 47.74 47.75 47.77 47.78 47.73 47.73 47.76 47.77 47.76 47.76 47.77 47.74 47.72 47.71 47.69 47.68 47.69 47.7 47.73 47.78 47.77 47.75 47.74 47.72 47.71 47.69 47.69 47.69 47.67 47.64 47.65 47.64 47.64 47.59 47.51 47.5 47.55 47.66 47.63 47.57 47.44 47.23 47.08 47.07 47.09 47.13 47.14 47.15 47.17 47.18 47.19 47.19 47.21 47.22 47.2 47.22 47.22 47.2 47.21 47.23 47.27 47.27 47.26 47.26
47.82 47.81 47.8 47.8 47.83 47.85 47.84 47.83 47.82 47.81 47.79 47.77 47.75 47.72 47.74 47.74 47.75 47.76 47.72 47.73 47.76 47.77 47.77 47.77 47.78 47.76 47.76 47.73 47.68 47.67 47.68 47.72 47.74 47.73 47.73 47.75 47.76 47.76 47.74 47.69 47.69 47.7 47.65 47.6 47.67 47.66 47.64 47.61 47.55 47.5 47.53 47.61 47.61 47.57 47.45 47.23 47.13 47.12 47.09 47.1 47.14 47.15 47.17 47.17 47.18 47.18 47.19 47.23 47.21 47.22 47.22 47.23 47.23 47.25 47.26 47.27 47.27 47.27
47.81 47.83 47.82 47.82 47.84 47.86 47.84 47.84 47.82 47.78 47.78 47.77 47.76 47.73 47.75 47.74 47.74 47.75 47.72 47.74 47.76 47.75 47.74 47.75 47.76 47.77 47.75 47.73 47.71 47.64 47.65 47.69 47.72 47.75 47.74 47.76 47.76 47.74 47.72 47.68 47.71 47.74 47.69 47.63 47.66 47.7 47.67 47.65 47.58 47.53 47.49 47.51 47.54 47.53 47.46 47.28 47.2 47.17 47.11 47.1 47.13 47.15 47.16 47.17 47.19 47.19 47.18 47.22 47.21 47.22 47.23 47.24 47.24 47.26 47.25 47.25 47.26 47.27
47.8 47.83 47.82 47.82 47.82 47.83 47.83 47.83 47.8 47.76 47.76 47.76 47.77 47.75 47.77 47.77 47.78 47.78 47.73 47.74 47.72 47.73 47.72 47.73 47.73 47.72 47.72 47.72 47.71 47.69 47.69 47.7 47.73 47.69 47.68 47.72 47.74 47.7 47.7 47.69 47.75 47.79 47.76 47.71 47.71 47.76 47.76 47.71 47.61 47.57 47.49 47.48 47.51 47.5 47.43 47.29 47.24 47.2 47.12 47.11 47.11 47.13 47.14 47.16 47.18 47.18 47.17 47.19 47.2 47.21 47.22 47.23 47.24 47.25 47.26 47.25 47.26 47.27
47.78 47.79 47.78 47.79 47.79 47.79 47.81 47.82 47.8 47.76 47.74 47.75 47.78 47.75 47.78 47.79 47.81 47.77 47.73 47.73 47.73 47.77 47.75 47.74 47.74 47.73 47.72 47.7 47.69 47.73 47.73 47.74 47.74 47.61 47.59 47.66 47.75 47.7 47.72 47.71 47.76 47.79 47.79 47.77 47.79 47.81 47.81 47.74 47.63 47.61 47.59 47.6 47.58 47.52 47.35 47.21 47.21 47.2 47.16 47.11 47.1 47.11 47.12 47.15 47.16 47.17 47.16 47.16 47.18 47.21 47.22 47.22 47.24 47.27 47.27 47.24 47.25 47.27
47.76 47.75 47.78 47.78 47.8 47.78 47.79 47.81 47.8 47.76 47.74 47.76 47.78 47.76 47.76 47.76 47.76 47.78 47.75 47.7 47.72 47.74 47.73 47.72 47.74 47.74 47.72 47.71 47.7 47.74 47.73 47.73 47.67 47.56 47.55 47.6 47.73 47.74 47.74 47.73 47.76 47.79 47.81 47.82 47.83 47.84 47.82 47.74 47.69 47.7 47.73 47.73 47.64 47.54 47.3 47.16 47.17 47.19 47.19 47.12 47.09 47.11 47.12 47.15 47.15 47.17 47.17 47.16 47.16 47.21 47.23 47.2 47.22 47.26 47.27 47.25 47.26 47.27
47.77 47.74 47.79 47.8 47.82 47.78 47.78 47.79 47.79 47.78 47.76 47.77 47.76 47.77 47.77 47.75 47.72 47.76 47.74 47.68 47.69 47.68 47.7 47.71 47.71 47.72 47.71 47.72 47.69 47.74 47.73 47.7 47.65 47.61 47.6 47.62 47.73 47.77 47.76 47.75 47.77 47.78 47.79 47.83 47.82 47.84 47.82 47.76 47.78 47.77 47.77 47.74 47.63 47.54 47.33 47.19 47.17 47.21 47.19 47.12 47.1 47.1 47.12 47.15 47.15 47.15 47.17 47.16 47.16 47.2 47.22 47.22 47.22 47.24 47.26 47.25 47.26 47.26
47.8 47.76 47.77 47.78 47.8 47.82 47.82 47.8 47.8 47.82 47.8 47.79 47.75 47.76 47.75 47.73 47.75 47.74 47.73 47.69 47.69 47.68 47.7 47.72 47.7 47.7 47.71 47.71 47.67 47.72 47.72 47.69 47.7 47.69 47.68 47.7 47.73 47.75 47.77 47.78 47.77 47.77 47.72 47.75 47.79 47.81 47.83 47.83 47.8 47.76 47.73 47.73 47.62 47.54 47.33 47.2 47.16 47.16 47.13 47.1 47.09 47.1 47.12 47.13 47.13 47.14 47.13 47.12 47.15 47.18 47.21 47.2 47.21 47.24 47.25 47.26 47.26 47.24
47.8 47.78 47.79 47.8 47.81 47.86 47.85 47.81 47.8 47.79 47.77 47.75 47.74 47.73 47.73 47.72 47.76 47.75 47.73 47.71 47.7 47.7 47.69 47.72 47.7 47.7 47.71 47.73 47.68 47.69 47.71 47.72 47.74 47.72 47.69 47.73 47.73 47.72 47.74 47.8 47.78 47.76 47.69 47.64 47.78 47.79 47.77 47.8 47.75 47.7 47.65 47.6 47.49 47.41 47.25 47.17 47.14 47.1 47.09 47.08 47.08 47.12 47.15 47.13 47.13 47.13 47.11 47.1 47.13 47.16 47.19 47.19 47.2 47.24 47.25 47.27 47.26 47.26
47.8 47.8 47.77 47.8 47.81 47.85 47.84 47.82 47.78 47.75 47.73 47.71 47.76 47.74 47.73 47.72 47.75 47.73 47.71 47.7 47.71 47.72 47.71 47.7 47.69 47.68 47.7 47.72 47.69 47.66 47.71 47.75 47.74 47.72 47.69 47.72 47.73 47.71 47.72 47.8 47.81 47.79 47.72 47.61 47.71 47.74 47.76 47.7 47.64 47.59 47.54 47.48 47.42 47.31 47.17 47.12 47.11 47.09 47.07 47.06 47.07 47.11 47.16 47.15 47.13 47.12 47.13 47.11 47.12 47.16 47.17 47.2 47.21 47.22 47.23 47.25 47.26 47.27
47.82 47.81 47.77 47.78 47.79 47.82 47.82 47.84 47.78 47.71 47.7 47.71 47.78 47.78 47.75 47.72 47.73 47.7 47.68 47.66 47.71 47.72 47.71 47.69 47.69 47.67 47.68 47.69 47.67 47.67 47.71 47.74 47.72 47.72 47.71 47.71 47.67 47.67 47.72 47.82 47.79 47.79 47.74 47.64 47.65 47.72 47.74 47.61 47.5 47.48 47.44 47.4 47.35 47.23 47.12 47.09 47.09 47.07 47.03 47.04 47.05 47.09 47.13 47.13 47.12 47.12 47.14 47.13 47.13 47.15 47.15 47.19 47.22 47.22 47.22 47.23 47.25 47.27
47.83 47.84 47.8 47.74 47.75 47.78 47.79 47.83 47.81 47.71 47.7 47.71 47.79 47.79 47.76 47.71 47.72 47.7 47.68 47.65 47.7 47.69 47.68 47.67 47.7 47.7 47.69 47.68 47.69 47.69 47.69 47.69 47.69 47.7 47.73 47.74 47.68 47.64 47.61 47.67 47.77 47.78 47.75 47.69 47.67 47.71 47.67 47.54 47.44 47.4 47.37 47.31 47.27 47.16 47.1 47.09 47.08 47.06 47.02 47.03 47.04 47.07 47.1 47.1 47.11 47.12 47.12 47.15 47.14 47.13 47.14 47.17 47.22 47.23 47.21 47.23 47.25 47.24
47.82 47.85 47.81 47.71 47.71 47.75 47.74 47.79 47.82 47.75 47.72 47.71 47.77 47.8 47.78 47.72 47.7 47.69 47.7 47.7 47.7 47.69 47.67 47.67 47.69 47.7 47.69 47.68 47.7 47.71 47.71 47.68 47.69 47.71 47.75 47.78 47.72 47.66 47.58 47.62 47.76 47.77 47.74 47.7 47.68 47.65 47.56 47.43 47.39 47.35 47.29 47.21 47.2 47.13 47.09 47.08 47.07 47.04 47.02 47.04 47.05 47.06 47.07 47.1 47.11 47.13 47.1 47.14 47.13 47.12 47.15 47.16 47.2 47.22 47.22 47.23 47.26 47.25
47.8 47.84 47.82 47.74 47.72 47.74 47.72 47.74 47.81 47.78 47.74 47.71 47.73 47.82 47.8 47.75 47.68 47.67 47.69 47.72 47.72 47.7 47.68 47.69 47.7 47.69 47.68 47.67 47.66 47.68 47.73 47.72 47.75 47.75 47.77 47.75 47.78 47.74 47.69 47.71 47.76 47.74 47.69 47.61 47.59 47.52 47.42 47.36 47.33 47.29 47.21 47.15 47.14 47.11 47.07 47.04 47.04 47.03 47.02 47.05 47.05 47.05 47.07 47.12 47.11 47.1 47.08 47.1 47.13 47.15 47.15 47.16 47.19 47.23 47.24 47.25 47.26 47.25
47.75 47.81 47.81 47.8 47.75 47.73 47.73 47.73 47.79 47.79 47.76 47.72 47.73 47.79 47.81 47.77 47.7 47.69 47.7 47.71 47.72 47.71 47.73 47.7 47.68 47.68 47.69 47.67 47.66 47.68 47.73 47.75 47.75 47.76 47.77 47.78 47.8 47.77 47.77 47.73 47.73 47.7 47.64 47.5 47.47 47.39 47.33 47.34 47.29 47.21 47.15 47.13 47.11 47.07 47.04 47.02 47.03 47.04 47.05 47.04 47.05 47.05 47.05 47.09 47.11 47.07 47.07 47.07 47.12 47.13 47.13 47.14 47.18 47.21 47.23 47.25 47.26 47.24
47.72 47.76 47.77 47.8 47.76 47.68 47.71 47.75 47.78 47.79 47.76 47.73 47.74 47.74 47.78 47.78 47.75 47.73 47.71 47.7 47.72 47.72 47.72 47.69 47.66 47.66 47.69 47.69 47.7 47.71 47.72 47.74 47.74 47.74 47.75 47.81 47.81 47.78 47.77 47.69 47.67 47.63 47.55 47.4 47.36 47.3 47.27 47.27 47.22 47.15 47.12 47.11 47.09 47.04 47.02 47.01 47.04 47.06 47.08 47.07 47.07 47.04 47.02 47.03 47.06 47.06 47.1 47.08 47.08 47.12 47.13 47.15 47.18 47.19 47.22 47.23 47.24 47.24
47.62 47.72 47.74 47.79 47.78 47.7 47.72 47.77 47.78 47.78 47.76 47.73 47.76 47.74 47.75 47.75 47.76 47.75 47.72 47.71 47.72 47.72 47.7 47.71 47.7 47.67 47.65 47.7 47.72 47.73 47.7 47.69 47.72 47.72 47.74 47.82 47.82 47.79 47.75 47.65 47.61 47.52 47.42 47.3 47.27 47.24 47.2 47.15 47.14 47.11 47.1 47.1 47.08 47.05 47.04 47.03 47.07 47.09 47.1 47.1 47.09 47.07 47.07 47.07 47.05 47.06 47.08 47.08 47.08 47.12 47.13 47.15 47.17 47.17 47.2 47.2 47.23 47.24
47.47 47.65 47.69 47.79 47.82 47.79 47.8 47.81 47.8 47.78 47.77 47.76 47.77 47.76 47.75 47.73 47.74 47.74 47.72 47.71 47.72 47.73 47.72 47.74 47.74 47.7 47.59 47.67 47.69 47.69 47.64 47.62 47.65 47.7 47.77 47.81 47.8 47.75 47.69 47.58 47.53 47.41 47.33 47.29 47.27 47.21 47.15 47.12 47.12 47.09 47.09 47.09 47.07 47.05 47.06 47.06 47.07 47.11 47.11 47.11 47.09 47.08 47.1 47.09 47.07 47.07 47.04 47.05 47.07 47.08 47.11 47.13 47.16 47.17 47.19 47.2 47.23 47.24
47.51 47.49 47.56 47.71 47.78 47.8 47.82 47.81 47.8 47.78 47.76 47.79 47.75 47.75 47.74 47.72 47.7 47.71 47.71 47.73 47.74 47.74 47.74 47.74 47.75 47.71 47.58 47.63 47.66 47.63 47.58 47.58 47.6 47.7 47.8 47.77 47.76 47.68 47.57 47.45 47.39 47.29 47.29 47.3 47.27 47.16 47.13 47.13 47.11 47.09 47.09 47.09 47.06 47.08 47.09 47.08 47.09 47.11 47.11 47.12 47.11 47.07 47.07 47.07 47.07 47.06 47.03 47.04 47.06 47.08 47.1 47.12 47.16 47.17 47.18 47.2 47.23 47.24
47.64 47.46 47.47 47.6 47.73 47.76 47.79 47.79 47.77 47.76 47.75 47.79 47.79 47.77 47.74 47.71 47.7 47.7 47.71 47.75 47.75 47.74 47.74 47.73 47.77 47.74 47.63 47.63 47.64 47.62 47.58 47.6 47.62 47.73 47.81 47.72 47.68 47.57 47.43 47.34 47.27 47.21 47.26 47.27 47.23 47.14 47.15 47.15 47.14 47.12 47.08 47.08 47.07 47.05 47.07 47.07 47.09 47.1 47.11 47.1 47.1 47.07 47.07 47.06 47.07 47.06 47.04 47.05 47.08 47.1 47.12 47.12 47.14 47.16 47.18 47.19 47.23 47.24
47.74 47.6 47.46 47.49 47.67 47.7 47.75 47.78 47.76 47.76 47.75 47.77 47.8 47.78 47.75 47.7 47.69 47.71 47.73 47.75 47.76 47.74 47.73 47.75 47.79 47.75 47.69 47.65 47.65 47.65 47.67 47.69 47.7 47.74 47.75 47.66 47.59 47.45 47.29 47.22 47.2 47.18 47.22 47.19 47.18 47.15 47.15 47.15 47.15 47.15 47.12 47.11 47.08 47.09 47.1 47.1 47.09 47.11 47.11 47.09 47.09 47.09 47.08 47.08 47.08 47.06 47.04 47.06 47.09 47.11 47.12 47.12 47.12 47.15 47.16 47.17 47.23 47.24
47.76 47.7 47.51 47.33 47.57 47.63 47.72 47.76 47.77 47.78 47.76 47.76 47.74 47.75 47.76 47.72 47.68 47.68 47.73 47.75 47.77 47.74 47.74 47.76 47.77 47.75 47.72 47.69 47.69 47.72 47.75 47.75 47.74 47.7 47.61 47.49 47.42 47.27 47.21 47.18 47.16 47.12 47.17 47.16 47.15 47.12 47.13 47.14 47.16 47.15 47.15 47.14 47.11 47.13 47.13 47.12 47.11 47.1 47.11 47.09 47.09 47.1 47.1 47.09 47.07 47.07 47.05 47.07 47.11 47.12 47.11 47.12 47.12 47.12 47.13 47.15 47.19 47.21
47.77 47.75 47.59 47.29 47.42 47.52 47.67 47.74 47.79 47.8 47.79 47.77 47.69 47.72 47.76 47.73 47.68 47.68 47.73 47.74 47.75 47.73 47.72 47.74 47.74 47.75 47.76 47.73 47.7 47.68 47.7 47.64 47.63 47.58 47.46 47.37 47.32 47.19 47.13 47.12 47.11 47.09 47.12 47.13 47.13 47.1 47.1 47.11 47.15 47.16 47.15 47.15 47.14 47.13 47.12 47.12 47.12 47.1 47.09 47.08 47.09 47.1 47.1 47.08 47.07 47.08 47.07 47.06 47.1 47.12 47.11 47.11 47.11 47.11 47.12 47.16 47.18 47.21
47.77 47.76 47.67 47.42 47.36 47.45 47.6 47.71 47.77 47.8 47.8 47.74 47.66 47.71 47.76 47.74 47.72 47.71 47.72 47.73 47.73 47.74 47.73 47.75 47.76 47.77 47.78 47.75 47.7 47.63 47.58 47.5 47.48 47.4 47.28 47.28 47.26 47.16 47.08 47.08 47.09 47.09 47.08 47.09 47.11 47.09 47.1 47.12 47.14 47.15 47.15 47.16 47.15 47.12 47.12 47.12 47.11 47.1 47.08 47.08 47.09 47.1 47.09 47.08 47.07 47.07 47.07 47.07 47.1 47.11 47.11 47.11 47.13 47.14 47.15 47.18 47.18 47.19
47.77 47.75 47.7 47.6 47.47 47.45 47.52 47.67 47.74 47.76 47.77 47.66 47.65 47.68 47.74 47.75 47.74 47.71 47.7 47.72 47.74 47.78 47.81 47.85 47.85 47.82 47.79 47.75 47.68 47.55 47.48 47.41 47.38 47.29 47.17 47.2 47.19 47.11 47.07 47.07 47.08 47.09 47.08 47.09 47.1 47.1 47.12 47.13 47.14 47.13 47.15 47.16 47.15 47.13 47.12 47.12 47.09 47.07 47.07 47.08 47.1 47.11 47.09 47.07 47.08 47.09 47.1 47.1 47.09 47.1 47.1 47.09 47.12 47.16 47.16 47.18 47.17 47.16
47.79 47.77 47.74 47.67 47.53 47.49 47.5 47.61 47.7 47.74 47.78 47.67 47.66 47.62 47.65 47.7 47.73 47.76 47.74 47.74 47.77 47.82 47.85 47.85 47.86 47.83 47.77 47.71 47.64 47.5 47.41 47.33 47.33 47.27 47.16 47.16 47.12 47.05 47.04 47.05 47.07 47.09 47.09 47.09 47.11 47.11 47.12 47.13 47.14 47.12 47.14 47.15 47.15 47.14 47.13 47.13 47.09 47.08 47.09 47.11 47.12 47.1 47.1 47.08 47.05 47.09 47.09 47.1 47.1 47.09 47.09 47.09 47.11 47.15 47.15 47.19 47.18 47.15
47.79 47.78 47.76 47.69 47.59 47.53 47.41 47.49 47.64 47.72 47.81 47.74 47.7 47.61 47.56 47.63 47.7 47.81 47.78 47.75 47.77 47.82 47.83 47.79 47.81 47.78 47.72 47.63 47.55 47.45 47.38 47.3 47.29 47.26 47.16 47.14 47.07 47.03 47.02 47.03 47.06 47.08 47.08 47.09 47.12 47.13 47.13 47.14 47.15 47.12 47.13 47.14 47.15 47.16 47.15 47.14 47.12 47.1 47.12 47.14 47.12 47.12 47.11 47.09 47.07 47.08 47.09 47.12 47.11 47.09 47.1 47.11 47.13 47.13 47.13 47.17 47.19 47.16
47.71 47.73 47.76 47.75 47.71 47.65 47.51 47.38 47.49 47.64 47.77 47.81 47.76 47.63 47.55 47.59 47.66 47.77 47.79 47.78 47.78 47.79 47.78 47.79 47.79 47.74 47.67 47.54 47.47 47.37 47.34 47.3 47.26 47.19 47.12 47.1 47.05 47.06 47.04 47.05 47.07 47.07 47.09 47.1 47.14 47.13 47.13 47.14 47.13 47.11 47.13 47.13 47.15 47.16 47.15 47.14 47.12 47.11 47.11 47.12 47.11 47.12 47.12 47.11 47.11 47.1 47.1 47.11 47.1 47.08 47.1 47.12 47.14 47.13 47.13 47.14 47.18 47.18
47.7 47.7 47.7 47.72 47.72 47.71 47.64 47.48 47.48 47.56 47.7 47.79 47.76 47.66 47.54 47.55 47.59 47.67 47.77 47.77 47.75 47.74 47.74 47.78 47.75 47.68 47.61 47.51 47.44 47.32 47.29 47.27 47.21 47.09 47.06 47.06 47.05 47.06 47.04 47.04 47.07 47.07 47.09 47.11 47.15 47.15 47.14 47.15 47.14 47.13 47.14 47.14 47.15 47.14 47.15 47.14 47.1 47.11 47.11 47.11 47.1 47.11 47.12 47.12 47.13 47.12 47.12 47.12 47.09 47.09 47.1 47.12 47.13 47.13 47.12 47.12 47.16 47.17
47.73 47.69 47.63 47.69 47.7 47.71 47.69 47.62 47.54 47.48 47.65 47.75 47.75 47.71 47.57 47.55 47.57 47.63 47.73 47.71 47.67 47.69 47.73 47.73 47.69 47.6 47.54 47.49 47.42 47.3 47.24 47.2 47.13 47.04 47.02 47.02 47.03 47.05 47.03 47.04 47.08 47.06 47.08 47.1 47.14 47.12 47.13 47.13 47.12 47.13 47.14 47.14 47.15 47.13 47.14 47.15 47.1 47.11 47.1 47.1 47.09 47.1 47.11 47.12 47.12 47.13 47.14 47.14 47.1 47.1 47.11 47.12 47.12 47.12 47.12 47.12 47.16 47.17
47.73 47.69 47.65 47.66 47.68 47.71 47.69 47.67 47.59 47.47 47.59 47.7 47.72 47.74 47.66 47.6 47.62 47.63 47.69 47.69 47.65 47.68 47.71 47.69 47.64 47.55 47.46 47.43 47.36 47.26 47.19 47.13 47.07 47.01 47 47 47.01 47.02 47.02 47.04 47.07 47.06 47.07 47.07 47.09 47.07 47.09 47.11 47.11 47.12 47.13 47.14 47.15 47.16 47.16 47.16 47.12 47.12 47.12 47.11 47.1 47.1 47.11 47.12 47.12 47.14 47.14 47.13 47.1 47.12 47.12 47.13 47.12 47.13 47.13 47.15 47.16 47.17
47.73 47.71 47.64 47.57 47.62 47.7 47.7 47.69 47.65 47.53 47.51 47.62 47.67 47.74 47.72 47.67 47.66 47.63 47.66 47.69 47.68 47.67 47.66 47.63 47.57 47.47 47.36 47.32 47.27 47.16 47.12 47.07 47.03 47 46.99 46.98 46.98 47 47.02 47.03 47.06 47.04 47.05 47.06 47.06 47.06 47.07 47.1 47.1 47.13 47.13 47.14 47.14 47.18 47.17 47.15 47.14 47.13 47.14 47.13 47.1 47.12 47.11 47.12 47.11 47.14 47.14 47.13 47.1 47.12 47.13 47.13 47.13 47.13 47.13 47.16 47.13 47.14
47.73 47.7 47.59 47.52 47.58 47.7 47.74 47.72 47.7 47.59 47.49 47.59 47.64 47.73 47.74 47.71 47.7 47.66 47.66 47.68 47.67 47.63 47.57 47.54 47.46 47.34 47.25 47.21 47.14 47.07 47.07 47.04 47 46.98 47.01 46.99 47 47.01 47.03 47.04 47.06 47.02 47.04 47.05 47.05 47.06 47.07 47.1 47.09 47.13 47.13 47.12 47.13 47.19 47.17 47.16 47.17 47.14 47.15 47.14 47.11 47.13 47.1 47.11 47.12 47.12 47.14 47.14 47.11 47.11 47.12 47.12 47.12 47.12 47.14 47.15 47.13 47.14
