slabs/7.grd
DSAA
631 301
642000 642630
4947800 4948100
44.92 56
[rows 102 to 135 of 301, columns 546 to 623 of 631]
47.85 47.8 47.81 47.81 47.81 47.79 47.81 47.84 47.85 47.85 47.81 47.72 47.74 47.75 47.74 47.75 47.8 47.79 47.8 47.87 47.92 47.92 47.89 47.86 47.87 47.87 47.87 47.83 47.83 47.84 47.88 47.92 47.93 47.91 47.88 47.83 47.79 47.79 47.82 47.84 47.84 47.85 47.86 47.82 47.84 47.85 47.85 47.83 47.83 47.84 47.84 47.85 47.85 47.85 47.84 47.79 47.78 47.78 47.76 47.78 47.85 47.95 47.95 47.9 47.96 48.06 48.03 47.97 47.92 47.92 48 47.98 48 47.88 47.82 47.83 47.86 47.87
47.85 47.81 47.82 47.84 47.79 47.77 47.76 47.77 47.82 47.82 47.82 47.78 47.76 47.81 47.77 47.77 47.82 47.85 47.83 47.86 47.88 47.89 47.9 47.91 47.93 47.93 47.9 47.85 47.84 47.85 47.86 47.89 47.92 47.92 47.9 47.88 47.84 47.84 47.84 47.85 47.86 47.86 47.87 47.82 47.85 47.84 47.85 47.83 47.85 47.89 47.81 47.8 47.81 47.83 47.86 47.83 47.83 47.83 47.76 47.81 47.85 47.85 47.82 47.83 47.9 48 48.04 48.01 47.92 47.89 47.95 47.99 48.04 47.93 47.85 47.83 47.83 47.85
47.79 47.79 47.83 47.89 47.8 47.79 47.8 47.83 47.85 47.82 47.83 47.81 47.76 47.78 47.76 47.77 47.8 47.87 47.85 47.85 47.87 47.89 47.9 47.88 47.95 47.95 47.92 47.87 47.86 47.86 47.83 47.83 47.88 47.9 47.91 47.91 47.88 47.88 47.87 47.85 47.87 47.89 47.88 47.84 47.86 47.85 47.82 47.82 47.86 47.9 47.83 47.82 47.82 47.82 47.85 47.84 47.85 47.84 47.83 47.87 47.87 47.83 47.78 47.84 47.86 47.92 48.01 48 47.93 47.88 47.9 47.94 48 47.91 47.85 47.85 47.85 47.85
47.76 47.82 47.87 47.9 47.82 47.79 47.81 47.85 47.85 47.8 47.8 47.79 47.75 47.72 47.73 47.77 47.82 47.85 47.84 47.83 47.85 47.87 47.89 47.85 47.89 47.91 47.91 47.88 47.88 47.87 47.85 47.83 47.85 47.89 47.9 47.9 47.88 47.88 47.84 47.82 47.86 47.9 47.86 47.83 47.84 47.84 47.82 47.84 47.84 47.85 47.8 47.77 47.79 47.8 47.84 47.85 47.85 47.86 47.84 47.83 47.83 47.85 47.82 47.85 47.84 47.9 48 47.97 47.9 47.85 47.86 47.89 47.93 47.89 47.89 47.91 47.9 47.86
47.82 47.86 47.87 47.87 47.82 47.79 47.8 47.81 47.81 47.81 47.81 47.81 47.78 47.75 47.73 47.78 47.83 47.83 47.82 47.8 47.83 47.83 47.86 47.84 47.85 47.87 47.89 47.88 47.87 47.87 47.87 47.85 47.88 47.9 47.89 47.84 47.81 47.82 47.84 47.84 47.86 47.9 47.87 47.85 47.82 47.78 47.8 47.83 47.85 47.84 47.79 47.79 47.79 47.8 47.79 47.81 47.82 47.84 47.83 47.79 47.78 47.86 47.9 47.91 47.89 47.93 47.99 47.96 47.89 47.86 47.87 47.89 47.9 47.9 47.93 47.94 47.94 47.89
47.86 47.87 47.87 47.86 47.79 47.78 47.79 47.79 47.83 47.84 47.83 47.84 47.83 47.79 47.74 47.82 47.84 47.85 47.82 47.79 47.81 47.81 47.82 47.82 47.85 47.86 47.9 47.89 47.85 47.86 47.87 47.84 47.87 47.89 47.86 47.8 47.79 47.78 47.81 47.82 47.84 47.89 47.88 47.85 47.83 47.79 47.86 47.88 47.87 47.83 47.79 47.81 47.82 47.81 47.77 47.79 47.81 47.82 47.8 47.79 47.76 47.83 47.94 47.95 47.97 47.98 47.97 47.94 47.92 47.91 47.91 47.92 47.9 47.89 47.92 47.93 47.96 47.94
47.85 47.9 47.89 47.84 47.76 47.75 47.77 47.79 47.86 47.85 47.85 47.86 47.84 47.79 47.75 47.86 47.88 47.88 47.86 47.82 47.8 47.81 47.83 47.85 47.85 47.89 47.94 47.86 47.83 47.85 47.9 47.85 47.85 47.84 47.82 47.81 47.8 47.83 47.81 47.79 47.82 47.86 47.88 47.86 47.85 47.84 47.91 47.92 47.89 47.82 47.8 47.79 47.82 47.84 47.81 47.81 47.82 47.82 47.82 47.81 47.76 47.8 47.89 47.92 47.99 48 47.91 47.91 47.93 47.94 47.9 47.91 47.88 47.89 47.9 47.91 47.96 47.95
47.85 47.89 47.88 47.82 47.77 47.76 47.77 47.78 47.87 47.87 47.88 47.87 47.84 47.79 47.74 47.87 47.91 47.9 47.88 47.85 47.83 47.85 47.86 47.86 47.87 47.93 47.97 47.85 47.83 47.83 47.89 47.88 47.86 47.81 47.82 47.83 47.83 47.84 47.85 47.84 47.84 47.86 47.88 47.87 47.87 47.87 47.89 47.9 47.87 47.84 47.84 47.81 47.84 47.85 47.84 47.84 47.82 47.83 47.88 47.85 47.79 47.8 47.84 47.87 47.95 47.96 47.83 47.85 47.89 47.92 47.86 47.89 47.89 47.92 47.92 47.94 47.97 47.95
47.88 47.89 47.87 47.82 47.81 47.82 47.8 47.76 47.86 47.88 47.9 47.87 47.86 47.83 47.76 47.83 47.92 47.92 47.9 47.86 47.82 47.85 47.86 47.86 47.91 47.93 47.96 47.88 47.86 47.83 47.89 47.89 47.89 47.85 47.86 47.85 47.84 47.81 47.83 47.87 47.87 47.9 47.92 47.88 47.87 47.88 47.86 47.87 47.85 47.85 47.86 47.85 47.85 47.84 47.83 47.83 47.79 47.84 47.9 47.87 47.83 47.83 47.84 47.86 47.91 47.89 47.81 47.82 47.84 47.9 47.88 47.9 47.93 47.96 47.94 47.98 48.03 48
47.93 47.92 47.89 47.84 47.84 47.84 47.81 47.76 47.82 47.84 47.87 47.86 47.86 47.85 47.79 47.8 47.9 47.92 47.93 47.86 47.8 47.79 47.83 47.8 47.85 47.88 47.9 47.88 47.85 47.86 47.92 47.91 47.92 47.89 47.86 47.85 47.83 47.78 47.77 47.87 47.91 47.96 47.98 47.91 47.87 47.89 47.86 47.85 47.84 47.85 47.85 47.85 47.87 47.83 47.82 47.8 47.77 47.82 47.89 47.88 47.86 47.85 47.84 47.85 47.86 47.88 47.82 47.81 47.82 47.89 47.9 47.94 47.93 47.9 47.89 47.95 48.03 47.99
47.92 47.93 47.91 47.85 47.82 47.81 47.79 47.79 47.79 47.8 47.83 47.86 47.85 47.85 47.83 47.8 47.83 47.83 47.85 47.89 47.86 47.81 47.84 47.8 47.83 47.9 47.89 47.9 47.87 47.91 47.89 47.84 47.9 47.9 47.83 47.85 47.83 47.78 47.76 47.85 47.91 48 48 47.94 47.9 47.89 47.87 47.85 47.83 47.86 47.85 47.84 47.88 47.84 47.84 47.83 47.81 47.82 47.88 47.88 47.86 47.86 47.84 47.83 47.83 47.88 47.83 47.81 47.83 47.92 47.93 47.95 47.94 47.89 47.89 47.92 47.96 47.96
47.88 47.89 47.88 47.83 47.77 47.79 47.78 47.8 47.79 47.78 47.78 47.8 47.77 47.79 47.86 47.85 47.83 47.81 47.83 47.95 47.93 47.85 47.87 47.84 47.85 47.91 47.91 47.9 47.87 47.9 47.84 47.78 47.85 47.9 47.82 47.86 47.82 47.79 47.8 47.84 47.9 47.96 47.97 47.96 47.94 47.91 47.9 47.87 47.84 47.88 47.87 47.86 47.88 47.86 47.85 47.87 47.87 47.85 47.87 47.86 47.89 47.85 47.81 47.78 47.78 47.88 47.85 47.81 47.82 47.88 47.89 47.93 47.96 47.91 47.91 47.92 47.93 47.95
47.83 47.84 47.87 47.83 47.78 47.79 47.77 47.81 47.87 47.84 47.79 47.8 47.78 47.78 47.86 47.85 47.86 47.84 47.88 47.97 47.95 47.88 47.9 47.89 47.89 47.9 47.89 47.89 47.86 47.85 47.84 47.81 47.84 47.86 47.81 47.85 47.82 47.78 47.83 47.85 47.89 47.91 47.94 47.96 47.96 47.89 47.9 47.88 47.86 47.88 47.89 47.88 47.88 47.89 47.86 47.85 47.86 47.84 47.85 47.86 47.91 47.83 47.81 47.81 47.79 47.83 47.82 47.81 47.82 47.84 47.86 47.91 47.96 47.92 47.92 47.93 47.94 47.98
47.81 47.82 47.85 47.86 47.8 47.8 47.76 47.81 47.9 47.87 47.8 47.81 47.81 47.83 47.87 47.84 47.85 47.85 47.86 47.9 47.9 47.88 47.9 47.91 47.91 47.88 47.85 47.89 47.87 47.85 47.87 47.89 47.88 47.86 47.84 47.85 47.82 47.79 47.86 47.88 47.91 47.88 47.93 47.95 47.95 47.88 47.87 47.87 47.88 47.88 47.87 47.86 47.85 47.88 47.83 47.82 47.85 47.84 47.84 47.85 47.9 47.87 47.87 47.87 47.83 47.81 47.81 47.83 47.84 47.83 47.84 47.89 47.95 47.93 47.95 47.96 47.95 48.01
47.81 47.81 47.86 47.87 47.82 47.82 47.79 47.82 47.86 47.86 47.82 47.82 47.83 47.84 47.88 47.86 47.86 47.86 47.84 47.82 47.83 47.83 47.85 47.88 47.89 47.84 47.82 47.88 47.89 47.88 47.89 47.93 47.93 47.88 47.87 47.86 47.83 47.81 47.88 47.91 47.95 47.9 47.96 47.97 47.94 47.91 47.85 47.85 47.89 47.88 47.86 47.87 47.87 47.87 47.85 47.84 47.84 47.82 47.82 47.84 47.87 47.88 47.88 47.87 47.84 47.84 47.84 47.84 47.81 47.8 47.82 47.88 47.92 47.93 47.95 47.99 47.96 48.02
47.8 47.81 47.86 47.87 47.83 47.85 47.86 47.85 47.85 47.82 47.83 47.83 47.83 47.83 47.85 47.87 47.88 47.88 47.86 47.8 47.8 47.81 47.83 47.86 47.87 47.83 47.83 47.87 47.89 47.91 47.9 47.92 47.92 47.82 47.84 47.84 47.85 47.81 47.88 47.92 47.93 47.9 47.91 47.9 47.89 47.88 47.86 47.86 47.89 47.92 47.89 47.92 47.9 47.89 47.88 47.85 47.82 47.82 47.83 47.86 47.85 47.85 47.86 47.86 47.83 47.85 47.86 47.87 47.8 47.81 47.83 47.88 47.91 47.94 47.94 47.99 47.99 48.01
47.8 47.81 47.85 47.86 47.84 47.86 47.9 47.91 47.87 47.82 47.82 47.8 47.81 47.82 47.86 47.86 47.87 47.88 47.85 47.81 47.81 47.82 47.84 47.86 47.87 47.87 47.86 47.88 47.88 47.92 47.95 47.95 47.94 47.81 47.81 47.83 47.87 47.83 47.86 47.89 47.9 47.87 47.88 47.86 47.85 47.83 47.85 47.86 47.87 47.92 47.9 47.93 47.91 47.92 47.91 47.86 47.82 47.86 47.86 47.88 47.85 47.84 47.85 47.86 47.83 47.83 47.87 47.89 47.82 47.86 47.86 47.88 47.91 47.95 47.95 47.97 48.01 48.01
47.8 47.82 47.82 47.85 47.84 47.85 47.89 47.93 47.88 47.84 47.83 47.78 47.79 47.84 47.89 47.85 47.86 47.87 47.82 47.8 47.81 47.83 47.84 47.87 47.87 47.88 47.86 47.88 47.91 47.91 47.91 47.93 47.94 47.85 47.81 47.82 47.83 47.8 47.81 47.83 47.85 47.85 47.86 47.86 47.84 47.83 47.85 47.85 47.87 47.86 47.86 47.87 47.89 47.92 47.92 47.9 47.89 47.91 47.89 47.87 47.84 47.83 47.85 47.86 47.84 47.82 47.84 47.88 47.84 47.89 47.87 47.88 47.9 47.92 47.95 47.97 47.98 47.96
47.76 47.81 47.79 47.82 47.83 47.84 47.85 47.89 47.87 47.87 47.86 47.81 47.82 47.85 47.89 47.86 47.86 47.88 47.86 47.83 47.84 47.83 47.84 47.86 47.86 47.89 47.85 47.84 47.85 47.88 47.85 47.87 47.89 47.84 47.79 47.8 47.81 47.8 47.79 47.81 47.82 47.84 47.88 47.88 47.86 47.86 47.85 47.84 47.85 47.85 47.84 47.83 47.88 47.91 47.91 47.92 47.92 47.95 47.91 47.84 47.84 47.82 47.85 47.89 47.84 47.8 47.82 47.84 47.83 47.85 47.85 47.85 47.85 47.86 47.9 47.95 47.99 47.95
47.75 47.8 47.78 47.8 47.81 47.83 47.81 47.83 47.86 47.87 47.84 47.82 47.83 47.82 47.88 47.91 47.89 47.87 47.93 47.92 47.88 47.81 47.84 47.84 47.86 47.9 47.83 47.8 47.78 47.86 47.82 47.82 47.83 47.84 47.84 47.85 47.86 47.82 47.79 47.81 47.85 47.86 47.89 47.89 47.87 47.86 47.86 47.83 47.84 47.88 47.87 47.85 47.88 47.88 47.89 47.91 47.89 47.93 47.88 47.8 47.84 47.83 47.87 47.92 47.86 47.81 47.82 47.83 47.81 47.82 47.82 47.85 47.81 47.83 47.9 47.97 47.96 47.93
47.77 47.78 47.78 47.79 47.82 47.85 47.81 47.81 47.84 47.83 47.83 47.83 47.82 47.82 47.86 47.9 47.91 47.88 47.89 47.91 47.89 47.83 47.85 47.85 47.88 47.9 47.81 47.77 47.76 47.84 47.82 47.81 47.78 47.84 47.91 47.92 47.9 47.84 47.83 47.85 47.86 47.84 47.86 47.88 47.88 47.87 47.87 47.84 47.87 47.91 47.9 47.87 47.87 47.85 47.87 47.9 47.88 47.86 47.82 47.77 47.87 47.89 47.9 47.93 47.89 47.87 47.87 47.84 47.82 47.82 47.82 47.87 47.87 47.89 47.97 47.99 47.93 47.92
47.77 47.75 47.77 47.79 47.81 47.83 47.82 47.81 47.81 47.77 47.8 47.77 47.78 47.79 47.81 47.84 47.9 47.88 47.87 47.87 47.87 47.84 47.86 47.86 47.86 47.89 47.83 47.79 47.76 47.79 47.82 47.81 47.78 47.83 47.9 47.92 47.9 47.88 47.9 47.91 47.85 47.83 47.85 47.9 47.92 47.92 47.91 47.9 47.93 47.91 47.9 47.88 47.89 47.87 47.87 47.88 47.85 47.84 47.81 47.81 47.88 47.87 47.86 47.85 47.92 47.91 47.89 47.86 47.87 47.85 47.85 47.87 47.88 47.91 47.96 47.97 47.95 47.95
47.77 47.74 47.8 47.78 47.79 47.82 47.81 47.78 47.77 47.77 47.79 47.77 47.77 47.77 47.77 47.81 47.88 47.89 47.89 47.87 47.83 47.81 47.85 47.85 47.83 47.85 47.83 47.8 47.77 47.75 47.84 47.83 47.81 47.84 47.88 47.87 47.87 47.88 47.9 47.93 47.86 47.85 47.87 47.94 47.97 47.96 47.94 47.93 47.94 47.9 47.88 47.87 47.92 47.89 47.86 47.85 47.83 47.82 47.81 47.84 47.85 47.82 47.79 47.81 47.92 47.91 47.86 47.84 47.89 47.88 47.87 47.87 47.88 47.9 47.91 47.94 47.96 47.95
47.75 47.75 47.77 47.79 47.79 47.79 47.8 47.78 47.77 47.76 47.79 47.79 47.81 47.8 47.78 47.8 47.87 47.89 47.88 47.86 47.79 47.78 47.82 47.82 47.81 47.82 47.8 47.8 47.81 47.77 47.85 47.84 47.86 47.88 47.88 47.84 47.83 47.85 47.86 47.88 47.86 47.85 47.88 47.96 47.96 47.94 47.92 47.93 47.92 47.9 47.86 47.83 47.88 47.88 47.85 47.85 47.85 47.84 47.83 47.86 47.86 47.84 47.81 47.84 47.92 47.9 47.86 47.82 47.85 47.85 47.86 47.89 47.9 47.92 47.91 47.93 47.94 47.95
47.69 47.73 47.76 47.78 47.78 47.76 47.8 47.79 47.78 47.74 47.75 47.79 47.83 47.8 47.8 47.83 47.88 47.85 47.85 47.85 47.83 47.81 47.8 47.8 47.82 47.83 47.8 47.81 47.85 47.8 47.81 47.84 47.89 47.9 47.88 47.83 47.82 47.83 47.83 47.84 47.9 47.9 47.88 47.92 47.9 47.87 47.88 47.88 47.86 47.84 47.82 47.81 47.86 47.87 47.85 47.85 47.88 47.88 47.86 47.86 47.87 47.87 47.86 47.89 47.96 47.93 47.92 47.85 47.81 47.81 47.84 47.93 47.92 47.94 47.94 47.96 47.96 47.98
47.68 47.73 47.78 47.78 47.76 47.75 47.78 47.78 47.79 47.75 47.75 47.78 47.83 47.79 47.84 47.87 47.89 47.82 47.84 47.87 47.88 47.87 47.81 47.8 47.83 47.86 47.83 47.83 47.86 47.79 47.78 47.85 47.9 47.89 47.88 47.83 47.81 47.81 47.83 47.86 47.92 47.94 47.92 47.9 47.87 47.89 47.89 47.87 47.86 47.83 47.85 47.86 47.87 47.88 47.89 47.88 47.9 47.91 47.89 47.84 47.84 47.86 47.85 47.9 47.96 47.95 47.95 47.87 47.79 47.79 47.86 47.95 47.94 47.93 47.94 48.01 48.01 48.01
47.72 47.77 47.78 47.76 47.75 47.79 47.79 47.79 47.81 47.79 47.77 47.79 47.84 47.81 47.86 47.89 47.9 47.86 47.88 47.89 47.89 47.88 47.82 47.82 47.84 47.9 47.88 47.85 47.83 47.8 47.8 47.81 47.87 47.89 47.88 47.84 47.81 47.81 47.82 47.87 47.91 47.9 47.91 47.89 47.84 47.9 47.89 47.85 47.86 47.83 47.84 47.88 47.88 47.89 47.91 47.9 47.92 47.92 47.91 47.84 47.85 47.86 47.86 47.89 47.92 47.91 47.92 47.87 47.79 47.79 47.87 47.93 47.93 47.92 47.9 47.97 48 48.03
47.72 47.76 47.76 47.73 47.73 47.84 47.82 47.8 47.82 47.83 47.78 47.8 47.86 47.82 47.82 47.86 47.91 47.89 47.9 47.91 47.88 47.89 47.83 47.81 47.85 47.93 47.92 47.88 47.84 47.83 47.81 47.79 47.84 47.9 47.9 47.89 47.86 47.86 47.87 47.94 47.95 47.9 47.89 47.86 47.82 47.87 47.88 47.83 47.82 47.8 47.8 47.86 47.92 47.91 47.91 47.93 47.94 47.93 47.9 47.83 47.86 47.88 47.88 47.9 47.89 47.86 47.87 47.87 47.82 47.81 47.87 47.91 47.91 47.9 47.86 47.91 47.95 48
47.69 47.71 47.73 47.7 47.72 47.84 47.82 47.8 47.82 47.85 47.82 47.83 47.86 47.81 47.75 47.82 47.88 47.85 47.85 47.87 47.86 47.91 47.88 47.81 47.83 47.87 47.87 47.87 47.88 47.84 47.82 47.82 47.87 47.93 47.94 47.93 47.85 47.88 47.89 47.93 47.93 47.9 47.88 47.86 47.83 47.85 47.88 47.84 47.81 47.79 47.8 47.84 47.94 47.92 47.91 47.94 47.98 47.94 47.89 47.8 47.83 47.86 47.87 47.88 47.87 47.83 47.85 47.89 47.87 47.82 47.85 47.88 47.89 47.88 47.84 47.89 47.94 47.96
47.65 47.67 47.71 47.7 47.72 47.82 47.82 47.83 47.83 47.82 47.82 47.82 47.83 47.82 47.74 47.76 47.8 47.79 47.8 47.84 47.84 47.89 47.89 47.86 47.84 47.83 47.84 47.86 47.9 47.86 47.84 47.85 47.91 47.95 47.96 47.94 47.85 47.88 47.86 47.88 47.88 47.88 47.88 47.87 47.8 47.83 47.88 47.87 47.85 47.84 47.84 47.85 47.94 47.91 47.92 47.92 47.97 47.93 47.87 47.8 47.82 47.84 47.86 47.85 47.84 47.81 47.84 47.9 47.89 47.86 47.84 47.87 47.9 47.92 47.91 47.93 47.94 47.92
47.62 47.66 47.71 47.71 47.73 47.82 47.86 47.86 47.84 47.77 47.78 47.81 47.83 47.82 47.77 47.72 47.75 47.76 47.78 47.81 47.84 47.87 47.87 47.86 47.85 47.85 47.86 47.88 47.9 47.84 47.84 47.85 47.87 47.93 47.92 47.91 47.85 47.87 47.87 47.87 47.88 47.88 47.88 47.86 47.78 47.83 47.89 47.87 47.88 47.88 47.87 47.89 47.96 47.93 47.91 47.92 47.96 47.94 47.89 47.83 47.86 47.86 47.87 47.88 47.86 47.83 47.87 47.91 47.88 47.83 47.81 47.89 47.91 47.96 47.96 47.95 47.94 47.92
47.63 47.65 47.69 47.7 47.73 47.79 47.78 47.8 47.84 47.78 47.83 47.88 47.85 47.76 47.73 47.68 47.74 47.78 47.78 47.79 47.87 47.89 47.88 47.87 47.87 47.87 47.88 47.89 47.9 47.84 47.85 47.87 47.84 47.88 47.87 47.86 47.84 47.86 47.88 47.86 47.87 47.88 47.89 47.86 47.82 47.86 47.88 47.86 47.86 47.86 47.84 47.89 47.94 47.91 47.87 47.9 47.95 47.94 47.88 47.88 47.91 47.9 47.9 47.9 47.89 47.85 47.93 47.95 47.91 47.85 47.83 47.9 47.91 47.95 47.95 47.95 47.95 47.95
47.65 47.62 47.67 47.68 47.72 47.75 47.71 47.73 47.77 47.79 47.84 47.89 47.84 47.75 47.71 47.66 47.72 47.77 47.78 47.81 47.88 47.88 47.88 47.89 47.92 47.88 47.86 47.85 47.88 47.88 47.88 47.89 47.87 47.89 47.88 47.85 47.86 47.86 47.86 47.83 47.84 47.87 47.9 47.88 47.85 47.86 47.87 47.87 47.86 47.86 47.84 47.88 47.9 47.9 47.86 47.88 47.92 47.89 47.84 47.87 47.89 47.87 47.88 47.9 47.89 47.87 47.95 47.96 47.96 47.93 47.87 47.9 47.89 47.91 47.93 47.93 47.96 47.97
47.61 47.58 47.62 47.65 47.69 47.72 47.71 47.72 47.73 47.75 47.79 47.85 47.79 47.74 47.72 47.69 47.76 47.79 47.81 47.83 47.84 47.81 47.83 47.88 47.93 47.86 47.82 47.79 47.85 47.89 47.89 47.88 47.91 47.92 47.91 47.85 47.88 47.89 47.87 47.8 47.82 47.85 47.9 47.92 47.86 47.85 47.86 47.86 47.87 47.88 47.84 47.83 47.86 47.89 47.88 47.89 47.89 47.88 47.84 47.84 47.85 47.82 47.83 47.88 47.88 47.88 47.9 47.93 47.96 47.99 47.92 47.87 47.85 47.86 47.87 47.89 47.92 47.95
