slabs/7.grd
DSAA
631 301
642000 642630
4947800 4948100
44.92 56
[rows 170 to 203 of 301, columns 390 to 467 of 631]
46.63 47.63 47.71 47.78 47.78 47.77 47.76 47.76 47.75 47.76 47.75 47.71 47.68 47.64 47.53 47.48 47.49 47.5 47.51 47.52 47.5 47.49 47.46 47.43 47.4 47.42 47.43 47.45 47.46 47.47 47.49 47.48 47.49 47.49 47.53 47.58 47.56 47.53 47.51 47.49 47.48 47.46 47.44 47.42 47.42 47.41 47.39 47.4 47.42 47.43 47.41 47.36 47.32 47.27 47.22 47.21 47.19 47.17 47.13 47.12 47.1 47.08 47.04 47.04 47.02 47.02 47 46.99 47 47.01 46.97 46.96 46.95 46.95 46.94 46.92 46.89 46.84
46.13 47.35 47.57 47.77 47.78 47.76 47.74 47.76 47.73 47.74 47.74 47.71 47.69 47.66 47.55 47.48 47.48 47.49 47.52 47.52 47.49 47.48 47.44 47.41 47.39 47.42 47.46 47.48 47.48 47.49 47.5 47.52 47.52 47.52 47.57 47.59 47.57 47.53 47.51 47.5 47.49 47.47 47.44 47.43 47.42 47.41 47.39 47.4 47.41 47.41 47.39 47.36 47.31 47.27 47.22 47.22 47.21 47.17 47.13 47.12 47.1 47.05 47.02 47.01 47.02 46.99 47.01 46.99 46.98 47 46.95 46.94 46.94 46.92 46.92 46.89 46.85 46.84
45.76 46.78 47.26 47.71 47.77 47.75 47.74 47.75 47.74 47.75 47.73 47.7 47.69 47.66 47.6 47.49 47.46 47.49 47.53 47.5 47.46 47.46 47.44 47.43 47.43 47.44 47.46 47.49 47.49 47.5 47.51 47.55 47.55 47.55 47.59 47.59 47.57 47.54 47.52 47.51 47.5 47.48 47.46 47.45 47.43 47.41 47.39 47.37 47.36 47.36 47.35 47.35 47.3 47.26 47.23 47.23 47.23 47.19 47.14 47.12 47.1 47.04 47.01 47 47.01 46.97 46.97 46.96 46.95 46.97 46.92 46.9 46.9 46.91 46.9 46.88 46.83 46.81
45.68 46.11 46.82 47.55 47.75 47.76 47.76 47.74 47.74 47.74 47.71 47.71 47.69 47.65 47.62 47.55 47.49 47.48 47.48 47.47 47.46 47.46 47.45 47.45 47.47 47.48 47.49 47.5 47.51 47.51 47.52 47.56 47.57 47.58 47.6 47.59 47.57 47.55 47.53 47.52 47.51 47.49 47.47 47.46 47.44 47.43 47.41 47.37 47.32 47.32 47.33 47.34 47.31 47.26 47.24 47.23 47.22 47.19 47.14 47.12 47.07 47.06 47.02 47 46.97 46.96 46.95 46.94 46.93 46.93 46.9 46.89 46.89 46.88 46.88 46.88 46.84 46.82
45.86 45.84 46.35 47.37 47.75 47.76 47.75 47.73 47.74 47.74 47.73 47.72 47.69 47.67 47.64 47.59 47.51 47.49 47.46 47.45 47.46 47.46 47.45 47.46 47.48 47.49 47.5 47.5 47.51 47.5 47.51 47.54 47.57 47.6 47.61 47.6 47.59 47.57 47.55 47.54 47.53 47.51 47.5 47.49 47.47 47.46 47.44 47.4 47.33 47.31 47.36 47.37 47.33 47.27 47.27 47.23 47.2 47.17 47.12 47.11 47.06 47.02 46.99 46.98 46.95 46.94 46.94 46.92 46.91 46.91 46.9 46.89 46.88 46.88 46.88 46.88 46.86 46.82
46.27 46.03 46.03 47.06 47.58 47.61 47.76 47.73 47.74 47.75 47.73 47.71 47.7 47.71 47.69 47.62 47.57 47.52 47.46 47.44 47.44 47.46 47.44 47.47 47.48 47.48 47.49 47.52 47.52 47.52 47.53 47.52 47.54 47.6 47.61 47.59 47.59 47.57 47.56 47.56 47.54 47.53 47.52 47.51 47.49 47.48 47.46 47.42 47.35 47.33 47.44 47.42 47.33 47.27 47.29 47.24 47.2 47.16 47.1 47.09 47.07 46.99 46.98 46.97 46.94 46.93 46.93 46.92 46.9 46.9 46.89 46.88 46.85 46.87 46.87 46.87 46.84 46.81
46.89 46.65 46.11 46.15 47.01 47.31 47.77 47.73 47.7 47.71 47.72 47.71 47.7 47.71 47.71 47.65 47.62 47.56 47.47 47.43 47.43 47.44 47.46 47.49 47.49 47.49 47.51 47.54 47.55 47.55 47.54 47.51 47.53 47.57 47.59 47.58 47.57 47.56 47.55 47.55 47.54 47.53 47.52 47.52 47.51 47.5 47.49 47.47 47.42 47.38 47.39 47.39 47.33 47.27 47.28 47.25 47.2 47.15 47.11 47.09 47.05 47 46.99 46.95 46.92 46.94 46.94 46.91 46.89 46.88 46.88 46.87 46.84 46.86 46.86 46.85 46.81 46.79
47.04 46.89 46.38 45.75 46.28 46.76 47.56 47.69 47.67 47.69 47.73 47.73 47.72 47.71 47.69 47.67 47.66 47.6 47.49 47.44 47.43 47.44 47.49 47.51 47.51 47.5 47.51 47.54 47.54 47.55 47.54 47.51 47.52 47.55 47.59 47.58 47.57 47.56 47.56 47.55 47.55 47.54 47.53 47.53 47.54 47.56 47.56 47.55 47.47 47.4 47.38 47.37 47.32 47.27 47.28 47.25 47.19 47.14 47.11 47.07 47.04 47 46.99 46.94 46.91 46.93 46.92 46.89 46.86 46.85 46.86 46.86 46.84 46.85 46.84 46.84 46.8 46.76
46.95 46.82 46.44 45.79 45.79 46.27 47.3 47.63 47.66 47.7 47.75 47.75 47.73 47.7 47.69 47.67 47.67 47.63 47.53 47.45 47.44 47.44 47.5 47.54 47.54 47.52 47.5 47.51 47.51 47.52 47.52 47.51 47.52 47.54 47.6 47.59 47.58 47.58 47.58 47.58 47.59 47.58 47.59 47.59 47.6 47.62 47.62 47.61 47.51 47.38 47.4 47.38 47.3 47.28 47.28 47.24 47.19 47.15 47.12 47.06 47.03 46.98 46.97 46.93 46.89 46.89 46.88 46.87 46.82 46.82 46.83 46.84 46.83 46.84 46.83 46.82 46.77 46.73
46.97 46.82 46.44 45.8 45.66 46.06 47.1 47.6 47.64 47.69 47.74 47.74 47.73 47.69 47.69 47.67 47.65 47.62 47.58 47.49 47.46 47.43 47.51 47.58 47.57 47.52 47.47 47.48 47.48 47.49 47.49 47.51 47.53 47.55 47.6 47.58 47.58 47.58 47.59 47.59 47.6 47.6 47.6 47.6 47.61 47.61 47.61 47.6 47.53 47.41 47.4 47.37 47.3 47.27 47.27 47.24 47.19 47.15 47.13 47.05 46.99 46.94 46.95 46.93 46.87 46.86 46.85 46.84 46.8 46.8 46.82 46.83 46.82 46.83 46.81 46.78 46.74 46.73
47.05 46.92 46.56 46 45.81 45.88 46.9 47.59 47.62 47.69 47.73 47.72 47.72 47.69 47.69 47.67 47.65 47.62 47.6 47.53 47.48 47.45 47.52 47.6 47.57 47.5 47.45 47.45 47.45 47.45 47.46 47.48 47.52 47.53 47.56 47.56 47.56 47.56 47.57 47.57 47.57 47.57 47.57 47.57 47.58 47.58 47.58 47.58 47.55 47.46 47.43 47.39 47.32 47.27 47.27 47.23 47.16 47.11 47.09 47.02 46.94 46.91 46.93 46.92 46.87 46.84 46.83 46.82 46.8 46.78 46.79 46.81 46.8 46.8 46.8 46.76 46.72 46.72
47.15 47.04 46.75 46.36 46.17 45.92 46.76 47.59 47.61 47.68 47.75 47.69 47.7 47.7 47.7 47.71 47.69 47.64 47.6 47.58 47.53 47.48 47.55 47.58 47.54 47.47 47.42 47.41 47.4 47.42 47.44 47.45 47.47 47.47 47.5 47.52 47.53 47.53 47.54 47.54 47.54 47.54 47.54 47.55 47.55 47.55 47.55 47.56 47.56 47.5 47.48 47.41 47.33 47.28 47.26 47.22 47.15 47.06 47.03 46.98 46.92 46.91 46.92 46.92 46.88 46.84 46.82 46.81 46.81 46.77 46.78 46.79 46.79 46.79 46.78 46.74 46.71 46.7
47.2 47.11 46.89 46.61 46.61 46.5 46.88 47.58 47.59 47.63 47.72 47.7 47.71 47.71 47.73 47.71 47.69 47.65 47.61 47.6 47.58 47.54 47.56 47.56 47.51 47.44 47.4 47.38 47.37 47.4 47.41 47.41 47.42 47.42 47.44 47.47 47.5 47.5 47.51 47.51 47.51 47.52 47.52 47.52 47.52 47.53 47.53 47.55 47.57 47.54 47.52 47.44 47.34 47.28 47.27 47.23 47.17 47.06 47.02 46.98 46.94 46.93 46.93 46.91 46.85 46.82 46.79 46.79 46.8 46.78 46.78 46.77 46.76 46.76 46.74 46.7 46.7 46.68
47.19 47.11 47 46.81 46.95 47.19 47.33 47.58 47.58 47.62 47.68 47.69 47.7 47.7 47.7 47.7 47.69 47.66 47.64 47.63 47.6 47.57 47.56 47.56 47.51 47.43 47.37 47.36 47.35 47.36 47.36 47.36 47.36 47.37 47.39 47.42 47.47 47.48 47.48 47.48 47.48 47.49 47.49 47.49 47.5 47.51 47.52 47.55 47.59 47.59 47.56 47.46 47.34 47.27 47.26 47.23 47.2 47.12 47.08 47.01 46.98 46.93 46.91 46.87 46.82 46.78 46.77 46.76 46.77 46.76 46.76 46.76 46.74 46.73 46.72 46.7 46.69 46.67
47.15 47.07 47.12 47.14 47.24 47.46 47.52 47.6 47.62 47.66 47.65 47.69 47.68 47.68 47.7 47.71 47.69 47.67 47.66 47.65 47.62 47.6 47.58 47.57 47.53 47.46 47.4 47.37 47.33 47.32 47.31 47.31 47.31 47.31 47.33 47.37 47.44 47.45 47.45 47.45 47.45 47.46 47.46 47.47 47.48 47.5 47.52 47.56 47.6 47.63 47.59 47.47 47.35 47.29 47.26 47.21 47.23 47.2 47.14 47.04 46.98 46.93 46.91 46.84 46.8 46.76 46.73 46.74 46.74 46.74 46.73 46.73 46.71 46.71 46.72 46.72 46.7 46.68
47.08 47.04 47.18 47.28 47.35 47.46 47.43 47.59 47.61 47.63 47.65 47.68 47.68 47.69 47.7 47.71 47.72 47.7 47.67 47.65 47.63 47.64 47.61 47.6 47.56 47.49 47.43 47.4 47.36 47.34 47.32 47.31 47.29 47.28 47.29 47.32 47.4 47.42 47.42 47.42 47.43 47.43 47.43 47.45 47.48 47.51 47.53 47.57 47.62 47.66 47.61 47.48 47.36 47.32 47.29 47.23 47.14 47.11 47.11 47.05 46.96 46.93 46.9 46.85 46.8 46.76 46.7 46.73 46.74 46.74 46.73 46.71 46.7 46.7 46.71 46.72 46.7 46.68
47.12 47.17 47.26 47.3 47.32 47.4 47.39 47.5 47.3 47.01 47.34 47.45 47.64 47.69 47.69 47.7 47.71 47.68 47.66 47.65 47.63 47.64 47.63 47.62 47.58 47.51 47.42 47.42 47.4 47.38 47.36 47.34 47.31 47.27 47.27 47.29 47.35 47.39 47.39 47.4 47.4 47.41 47.42 47.45 47.5 47.53 47.55 47.6 47.64 47.65 47.61 47.51 47.41 47.34 47.32 47.26 47.15 47.11 47.09 47.03 46.93 46.91 46.87 46.84 46.78 46.76 46.69 46.7 46.75 46.76 46.75 46.72 46.71 46.7 46.7 46.7 46.68 46.66
47.19 47.28 47.31 47.29 47.33 47.43 47.43 47.33 46.8 46.11 46.65 46.96 47.53 47.68 47.68 47.69 47.69 47.65 47.64 47.65 47.64 47.64 47.63 47.62 47.6 47.54 47.46 47.44 47.41 47.39 47.37 47.35 47.32 47.28 47.27 47.28 47.31 47.36 47.36 47.38 47.39 47.41 47.42 47.48 47.53 47.53 47.55 47.58 47.6 47.6 47.6 47.56 47.44 47.32 47.29 47.25 47.22 47.17 47.05 46.99 46.93 46.9 46.84 46.81 46.76 46.73 46.68 46.69 46.75 46.76 46.75 46.71 46.71 46.69 46.68 46.69 46.68 46.66
47.18 47.26 47.28 47.28 47.38 47.55 47.58 47.37 46.54 45.62 46.01 46.46 47.34 47.67 47.69 47.7 47.69 47.67 47.65 47.66 47.65 47.66 47.63 47.62 47.61 47.58 47.53 47.48 47.39 47.39 47.38 47.36 47.31 47.29 47.29 47.3 47.31 47.33 47.34 47.39 47.42 47.44 47.45 47.48 47.51 47.51 47.52 47.54 47.55 47.56 47.59 47.61 47.44 47.34 47.24 47.23 47.23 47.17 47.03 46.99 46.96 46.92 46.8 46.77 46.75 46.73 46.69 46.68 46.73 46.73 46.71 46.67 46.68 46.68 46.67 46.69 46.69 46.66
47.17 47.24 47.26 47.28 47.4 47.59 47.68 47.51 46.65 45.64 45.61 46.11 47.17 47.63 47.69 47.7 47.71 47.7 47.67 47.67 47.66 47.65 47.63 47.62 47.6 47.61 47.6 47.5 47.38 47.41 47.4 47.36 47.32 47.31 47.31 47.33 47.33 47.37 47.38 47.41 47.42 47.43 47.44 47.46 47.47 47.48 47.49 47.5 47.52 47.54 47.58 47.6 47.44 47.36 47.22 47.19 47.2 47.15 47.03 46.98 46.93 46.88 46.76 46.73 46.75 46.73 46.7 46.68 46.7 46.7 46.68 46.65 46.66 46.67 46.68 46.68 46.67 46.64
47.17 47.24 47.25 47.26 47.36 47.54 47.66 47.56 46.89 45.85 45.41 45.9 47.05 47.52 47.66 47.68 47.71 47.72 47.68 47.67 47.66 47.66 47.61 47.61 47.58 47.59 47.59 47.51 47.41 47.43 47.4 47.35 47.33 47.33 47.33 47.34 47.38 47.41 47.41 47.41 47.41 47.41 47.41 47.43 47.44 47.45 47.46 47.47 47.49 47.51 47.56 47.54 47.4 47.34 47.21 47.16 47.13 47.1 47.01 46.93 46.82 46.79 46.75 46.75 46.75 46.75 46.73 46.7 46.69 46.68 46.67 46.66 46.66 46.66 46.67 46.67 46.67 46.62
47.14 47.22 47.23 47.25 47.34 47.49 47.62 47.54 47.07 46.09 45.42 45.85 46.86 47.35 47.6 47.64 47.69 47.69 47.68 47.66 47.67 47.67 47.64 47.62 47.59 47.58 47.58 47.53 47.45 47.4 47.38 47.36 47.35 47.35 47.35 47.36 47.4 47.4 47.4 47.41 47.41 47.4 47.39 47.4 47.41 47.42 47.42 47.44 47.47 47.49 47.55 47.47 47.33 47.28 47.18 47.12 47.07 47.05 46.97 46.88 46.74 46.74 46.78 46.77 46.71 46.75 46.76 46.72 46.71 46.67 46.66 46.67 46.67 46.67 46.65 46.63 46.63 46.63
47.12 47.24 47.25 47.27 47.34 47.47 47.57 47.5 47.18 46.34 45.65 45.82 46.55 47.23 47.53 47.59 47.67 47.69 47.69 47.69 47.69 47.68 47.66 47.62 47.58 47.56 47.55 47.53 47.49 47.4 47.38 47.36 47.36 47.36 47.36 47.38 47.39 47.39 47.39 47.4 47.4 47.4 47.39 47.38 47.38 47.38 47.39 47.42 47.46 47.48 47.52 47.4 47.27 47.23 47.14 47.07 47.02 47 46.94 46.86 46.73 46.78 46.81 46.74 46.64 46.69 46.77 46.73 46.73 46.69 46.67 46.67 46.66 46.66 46.65 46.62 46.62 46.62
47.14 47.26 47.29 47.29 47.34 47.46 47.49 47.45 47.27 46.62 45.87 45.7 46.2 47.28 47.5 47.51 47.63 47.71 47.7 47.68 47.68 47.67 47.65 47.61 47.59 47.55 47.55 47.54 47.54 47.46 47.41 47.34 47.35 47.36 47.36 47.37 47.38 47.38 47.38 47.39 47.4 47.4 47.39 47.38 47.36 47.36 47.36 47.39 47.43 47.45 47.47 47.32 47.23 47.2 47.11 47.02 46.99 46.96 46.91 46.85 46.81 46.84 46.81 46.73 46.69 46.7 46.71 46.7 46.68 46.65 46.64 46.66 46.67 46.66 46.64 46.62 46.61 46.62
47.16 47.27 47.32 47.31 47.32 47.41 47.46 47.43 47.36 47.11 46.45 45.96 45.79 46.79 47.06 47.41 47.6 47.69 47.69 47.68 47.68 47.67 47.64 47.6 47.61 47.56 47.56 47.55 47.56 47.52 47.46 47.35 47.34 47.35 47.35 47.36 47.37 47.37 47.37 47.38 47.39 47.39 47.39 47.38 47.37 47.36 47.35 47.36 47.4 47.4 47.36 47.26 47.21 47.18 47.09 46.99 46.95 46.93 46.91 46.89 46.85 46.84 46.8 46.8 46.78 46.73 46.69 46.68 46.67 46.65 46.66 46.68 46.69 46.69 46.63 46.6 46.61 46.62
47.16 47.26 47.34 47.34 47.37 47.39 47.44 47.47 47.45 47.35 46.96 46.37 45.55 46.24 46.59 47.22 47.51 47.65 47.67 47.7 47.69 47.68 47.64 47.61 47.62 47.58 47.57 47.56 47.58 47.57 47.51 47.41 47.38 47.37 47.34 47.34 47.35 47.36 47.36 47.37 47.38 47.38 47.38 47.38 47.38 47.37 47.36 47.33 47.33 47.32 47.27 47.23 47.19 47.16 47.07 46.98 46.94 46.92 46.89 46.87 46.84 46.83 46.79 46.83 46.81 46.75 46.71 46.7 46.69 46.67 46.71 46.73 46.73 46.72 46.65 46.61 46.61 46.61
47.2 47.28 47.36 47.37 47.4 47.41 47.46 47.53 47.52 47.39 47.21 46.65 45.65 45.82 46.21 46.96 47.37 47.6 47.65 47.7 47.7 47.67 47.65 47.63 47.63 47.59 47.58 47.57 47.57 47.56 47.53 47.47 47.45 47.41 47.32 47.32 47.33 47.33 47.34 47.35 47.36 47.36 47.37 47.39 47.39 47.39 47.37 47.29 47.29 47.27 47.21 47.18 47.14 47.11 47.05 46.98 46.94 46.9 46.87 46.84 46.83 46.81 46.79 46.81 46.82 46.79 46.74 46.7 46.69 46.69 46.77 46.8 46.78 46.74 46.67 46.64 46.63 46.61
47.22 47.28 47.35 47.38 47.4 47.43 47.46 47.51 47.54 47.45 47.35 46.88 45.94 45.63 45.94 46.72 47.27 47.51 47.6 47.69 47.71 47.69 47.67 47.64 47.63 47.6 47.59 47.56 47.56 47.52 47.52 47.51 47.49 47.42 47.31 47.29 47.3 47.3 47.32 47.32 47.32 47.32 47.32 47.32 47.32 47.31 47.31 47.27 47.26 47.23 47.18 47.13 47.11 47.08 47.03 46.98 46.94 46.87 46.85 46.84 46.82 46.78 46.76 46.76 46.78 46.77 46.74 46.71 46.69 46.71 46.81 46.85 46.8 46.76 46.71 46.67 46.64 46.61
47.23 47.28 47.34 47.38 47.42 47.44 47.44 47.45 47.49 47.48 47.42 47.1 46.3 45.8 45.97 46.63 47.19 47.39 47.5 47.68 47.71 47.73 47.7 47.66 47.63 47.61 47.6 47.57 47.57 47.55 47.55 47.56 47.52 47.44 47.31 47.26 47.27 47.27 47.28 47.25 47.26 47.26 47.26 47.26 47.21 47.23 47.24 47.24 47.21 47.18 47.13 47.1 47.09 47.05 47 46.96 46.92 46.84 46.85 46.84 46.81 46.77 46.73 46.69 46.69 46.7 46.69 46.68 46.67 46.7 46.76 46.79 46.76 46.74 46.72 46.69 46.65 46.63
47.25 47.3 47.34 47.38 47.45 47.43 47.43 47.42 47.44 47.45 47.44 47.28 46.67 46.13 46.23 46.61 47.07 47.29 47.43 47.67 47.72 47.72 47.69 47.66 47.62 47.61 47.6 47.58 47.57 47.56 47.56 47.59 47.55 47.47 47.32 47.22 47.22 47.22 47.24 47.23 47.23 47.24 47.24 47.22 47.17 47.2 47.2 47.19 47.17 47.12 47.08 47.07 47.06 47.03 46.97 46.93 46.92 46.88 46.87 46.84 46.81 46.77 46.72 46.66 46.65 46.64 46.65 46.66 46.66 46.68 46.68 46.7 46.72 46.71 46.69 46.68 46.68 46.65
47.28 47.31 47.33 47.37 47.44 47.42 47.42 47.42 47.43 47.44 47.44 47.41 46.99 46.48 46.46 46.4 46.94 47.24 47.39 47.64 47.72 47.72 47.68 47.66 47.63 47.62 47.61 47.59 47.56 47.56 47.56 47.54 47.53 47.49 47.37 47.26 47.24 47.23 47.24 47.24 47.24 47.25 47.25 47.2 47.17 47.21 47.2 47.16 47.15 47.09 47.05 47.06 47.05 47.04 46.98 46.93 46.93 46.92 46.88 46.84 46.82 46.77 46.73 46.7 46.66 46.66 46.68 46.67 46.66 46.67 46.65 46.67 46.71 46.71 46.67 46.68 46.69 46.66
47.29 47.31 47.33 47.36 47.42 47.42 47.44 47.46 47.46 47.46 47.46 47.5 47.21 46.77 46.46 45.99 46.77 47.1 47.27 47.57 47.69 47.7 47.68 47.64 47.63 47.62 47.6 47.57 47.56 47.57 47.55 47.5 47.5 47.49 47.41 47.31 47.26 47.25 47.25 47.25 47.26 47.26 47.25 47.21 47.21 47.23 47.22 47.18 47.17 47.11 47.05 47.08 47.08 47.07 47.01 46.95 46.93 46.91 46.88 46.84 46.82 46.76 46.72 46.72 46.71 46.72 46.72 46.71 46.67 46.65 46.64 46.66 46.7 46.7 46.68 46.68 46.67 46.63
47.29 47.29 47.3 47.33 47.4 47.43 47.46 47.48 47.48 47.47 47.46 47.51 47.28 46.81 46.35 45.72 46.36 46.71 47.16 47.45 47.67 47.68 47.69 47.65 47.65 47.64 47.63 47.59 47.56 47.57 47.55 47.49 47.5 47.49 47.43 47.31 47.27 47.26 47.26 47.27 47.28 47.27 47.24 47.21 47.21 47.23 47.22 47.19 47.19 47.15 47.11 47.11 47.11 47.07 46.99 46.95 46.94 46.91 46.88 46.84 46.82 46.76 46.72 46.74 46.76 46.76 46.73 46.72 46.67 46.63 46.66 46.65 46.66 46.67 46.68 46.68 46.65 46.64
47.28 47.27 47.29 47.33 47.38 47.44 47.46 47.47 47.45 47.47 47.48 47.47 47.26 46.71 46.45 45.68 45.81 46.3 47.13 47.37 47.64 47.66 47.68 47.69 47.68 47.67 47.64 47.62 47.6 47.59 47.56 47.52 47.51 47.49 47.44 47.33 47.32 47.29 47.25 47.24 47.26 47.26 47.22 47.18 47.17 47.2 47.18 47.17 47.17 47.16 47.14 47.13 47.13 47.07 46.98 46.94 46.94 46.95 46.94 46.9 46.85 46.77 46.74 46.76 46.78 46.77 46.74 46.72 46.7 46.72 46.74 46.7 46.66 46.68 46.69 46.68 46.66 46.65
