slabs/7.grd
DSAA
631 301
642000 642630
4947800 4948100
44.92 56
[rows 34 to 67 of 301, columns 156 to 233 of 631]
48.11 48.12 48.1 48.12 48.12 48.09 48.11 48.11 48.08 48.11 48.14 48.12 48.03 47.99 47.92 47.93 47.98 48.05 48.02 48.04 48.05 48.08 48.11 48.1 48.1 48.13 48.12 48.13 48.11 48.1 48.07 48.05 47.98 47.94 48.01 48 48.01 48.01 47.83 47.66 47.55 47.74 47.88 47.88 47.97 48 47.98 47.96 47.89 47.86 47.91 47.91 47.98 48 47.94 47.96 47.96 47.94 47.92 47.94 47.95 47.91 47.92 47.91 47.89 47.9 47.86 47.85 47.93 47.96 47.94 47.92 47.93 47.94 47.94 47.94 47.9 47.88
48.11 48.11 48.1 48.1 48.1 48.08 48.1 48.1 48.07 48.09 48.14 48.14 48.08 48.01 47.93 47.91 47.95 48.04 48.03 48.02 48.04 48.07 48.08 48.09 48.1 48.12 48.11 48.12 48.11 48.1 48.08 48.04 47.99 47.94 47.99 47.99 48.02 48.06 47.94 47.9 47.71 47.51 47.63 47.71 47.9 47.98 47.99 47.99 47.95 47.89 47.93 47.92 47.98 47.99 47.97 47.96 47.96 47.96 47.93 47.96 47.95 47.92 47.92 47.89 47.92 47.92 47.87 47.84 47.92 47.96 47.94 47.91 47.92 47.92 47.93 47.94 47.9 47.89
48.12 48.13 48.11 48.06 48.08 48.08 48.08 48.1 48.09 48.07 48.12 48.15 48.12 48.06 47.95 47.96 47.97 48.01 48.02 48 48.01 48.04 48.05 48.06 48.07 48.1 48.12 48.11 48.11 48.11 48.11 48.07 48.04 47.99 47.94 47.94 47.96 48 47.96 47.95 47.85 47.54 47.41 47.55 47.83 47.94 47.98 47.99 48 47.95 47.91 47.93 47.98 47.99 47.98 47.98 47.98 47.98 47.97 47.98 47.95 47.93 47.93 47.9 47.94 47.93 47.88 47.85 47.91 47.94 47.92 47.91 47.92 47.91 47.92 47.94 47.9 47.89
48.1 48.1 48.1 48.03 48.07 48.08 48.08 48.09 48.08 48.07 48.1 48.12 48.11 48.07 47.95 48 47.98 47.95 47.99 48.01 48.01 48.03 48.04 48.05 48.06 48.06 48.1 48.09 48.08 48.09 48.06 48.06 48.06 48.04 48.01 47.94 47.89 47.95 47.96 47.97 47.92 47.74 47.51 47.5 47.7 47.9 47.96 47.98 47.99 47.96 47.92 47.93 47.96 47.94 47.94 47.97 47.99 47.97 47.97 47.98 47.96 47.94 47.93 47.92 47.93 47.93 47.9 47.85 47.89 47.92 47.93 47.92 47.93 47.93 47.93 47.94 47.9 47.89
48.07 48.06 48.04 48.03 48.05 48.08 48.1 48.08 48.08 48.08 48.1 48.08 48.08 48.08 47.99 48.03 48 47.93 47.98 48.05 48.05 48.04 48.06 48.06 48.05 48.06 48.07 48.06 48.05 48.07 48.06 48.06 48.05 48.04 48.08 48.01 47.95 47.95 47.97 47.98 47.95 47.87 47.68 47.53 47.55 47.81 47.92 47.95 47.98 47.99 47.97 47.93 47.94 47.9 47.91 47.95 47.99 47.95 47.95 47.96 47.97 47.97 47.96 47.93 47.92 47.93 47.92 47.88 47.89 47.91 47.92 47.9 47.89 47.91 47.93 47.95 47.91 47.9
48.05 48.04 48 48.02 48.04 48.09 48.12 48.1 48.09 48.08 48.1 48.08 48.08 48.1 48.09 48.04 48.01 47.92 47.92 47.99 48.02 48.02 48.05 48.04 48.03 48.03 48.06 48.05 48.03 48.06 48.08 48.07 48.04 48.03 48.08 48.05 48.01 47.95 47.98 47.97 47.96 47.92 47.79 47.64 47.46 47.66 47.8 47.89 47.98 48.02 48 47.93 47.92 47.9 47.91 47.95 47.99 47.93 47.94 47.95 47.97 47.98 47.97 47.93 47.91 47.9 47.91 47.89 47.84 47.83 47.85 47.86 47.88 47.89 47.91 47.95 47.91 47.9
48.07 48.06 48.01 48.06 48.07 48.09 48.12 48.13 48.11 48.08 48.1 48.07 48.06 48.07 48.12 48.07 48.04 47.91 47.85 47.95 48 48.02 48.01 48.01 48.01 48 48.02 48.03 48.04 48.06 48.06 48.05 48.03 48.04 48.08 48.05 48.02 47.96 47.98 47.96 47.95 47.94 47.9 47.8 47.51 47.49 47.61 47.82 47.95 48 48 47.96 47.92 47.89 47.91 47.95 47.98 47.97 47.96 47.95 47.95 47.96 47.95 47.93 47.92 47.91 47.91 47.89 47.83 47.79 47.79 47.86 47.89 47.88 47.9 47.93 47.92 47.9
48.09 48.08 48.04 48.09 48.11 48.09 48.08 48.13 48.11 48.08 48.07 48.05 48.05 48.06 48.11 48.1 48.07 47.97 47.86 47.94 47.98 48.03 48.02 48.02 48.01 48.02 48 48.02 48.06 48.06 48.02 48.03 48.03 48.04 48.07 48.05 48.02 47.99 47.97 47.96 47.95 47.94 47.96 47.9 47.65 47.39 47.46 47.72 47.89 47.98 48 47.98 47.92 47.87 47.89 47.93 47.96 47.95 47.95 47.95 47.93 47.93 47.93 47.93 47.92 47.92 47.93 47.93 47.86 47.82 47.8 47.87 47.86 47.86 47.89 47.9 47.92 47.91
48.09 48.05 48.08 48.09 48.07 48.02 48.03 48.09 48.1 48.09 48.06 48.04 48.05 48.06 48.08 48.09 48.09 48.06 47.93 47.95 47.97 48.01 48.02 48.02 48.02 48.05 48.01 48.03 48.06 48.07 48.02 48.02 48.04 48.02 48.05 48.05 48.02 47.99 47.96 47.95 47.95 47.96 47.96 47.91 47.75 47.47 47.43 47.59 47.85 47.94 47.99 48 47.95 47.91 47.89 47.85 47.85 47.89 47.92 47.93 47.93 47.92 47.93 47.94 47.92 47.93 47.95 47.94 47.88 47.86 47.83 47.83 47.81 47.82 47.87 47.89 47.93 47.93
48.08 48.08 48.05 48 47.99 47.95 47.99 48.04 48.08 48.08 48.08 48.07 48.07 48.07 48.06 48.07 48.08 48.11 48.03 48 47.97 47.98 48 48 48.02 48.03 48.03 48.02 48.04 48.06 48.01 48.01 48.04 48 48.02 48.04 48.02 47.97 47.97 47.96 47.96 47.96 47.94 47.9 47.85 47.75 47.57 47.45 47.65 47.81 47.89 47.98 47.96 47.94 47.88 47.76 47.76 47.85 47.89 47.92 47.96 47.94 47.92 47.93 47.93 47.93 47.95 47.94 47.9 47.88 47.86 47.79 47.78 47.8 47.85 47.9 47.92 47.93
48.11 48.1 48.02 47.95 47.94 47.93 47.99 48.03 48.06 48.08 48.09 48.09 48.09 48.05 48.05 48.06 48.07 48.11 48.09 48.05 47.98 47.96 47.96 47.97 48.01 47.99 48.02 48 48 48.02 48 48.01 48.03 48.02 48 48.02 48.04 48.01 48.02 47.99 47.93 47.96 47.94 47.91 47.89 47.88 47.78 47.53 47.34 47.6 47.76 47.94 47.95 47.94 47.87 47.78 47.8 47.86 47.91 47.93 47.94 47.93 47.91 47.92 47.93 47.92 47.93 47.93 47.91 47.89 47.87 47.81 47.82 47.81 47.82 47.88 47.89 47.88
48.13 48.1 48.06 47.98 47.94 47.94 48.05 48.07 48.08 48.07 48.06 48.08 48.09 48.01 48.04 48.04 48.05 48.08 48.12 48.07 47.99 47.96 47.93 47.94 47.98 48.01 48.01 48.01 48 48.02 48.03 48.03 48.04 48.04 48.02 48.01 48.04 48.02 48.03 48.01 47.95 47.96 47.95 47.93 47.91 47.93 47.9 47.68 47.31 47.39 47.61 47.91 47.95 47.95 47.91 47.88 47.81 47.85 47.9 47.93 47.9 47.9 47.9 47.88 47.88 47.88 47.89 47.92 47.92 47.9 47.86 47.86 47.85 47.82 47.79 47.83 47.84 47.85
48.13 48.12 48.11 48.06 48.02 48.01 48.1 48.09 48.08 48.06 48.05 48.07 48.07 48.02 48.03 48.03 48 48.04 48.11 48.07 48 47.98 47.98 47.96 47.97 48.02 48.01 48.03 48.02 48.02 48.03 48.03 48.03 48.04 48.03 48.01 47.99 48.02 48.02 48 47.98 48 47.97 47.95 47.96 47.96 47.93 47.8 47.52 47.39 47.53 47.82 47.94 47.96 47.95 47.94 47.86 47.86 47.88 47.91 47.89 47.91 47.9 47.87 47.85 47.85 47.89 47.93 47.92 47.9 47.86 47.86 47.82 47.8 47.82 47.82 47.84 47.85
48.13 48.14 48.12 48.11 48.1 48.08 48.1 48.09 48.07 48.06 48.04 48.05 48.06 48.04 48.02 48.02 48 48.04 48.1 48.07 48.03 48.01 47.99 47.94 47.89 47.97 47.99 48.02 48.03 47.99 48 48.02 48.01 48.01 48.01 48.01 47.99 47.99 48 48 47.98 48 47.99 47.97 47.98 47.99 47.96 47.9 47.75 47.58 47.51 47.68 47.86 47.88 47.92 47.96 47.94 47.92 47.88 47.86 47.89 47.91 47.92 47.92 47.89 47.87 47.89 47.92 47.91 47.9 47.87 47.85 47.83 47.82 47.85 47.81 47.81 47.83
48.12 48.13 48.11 48.11 48.12 48.11 48.09 48.09 48.09 48.09 48.04 48.03 48.03 48.05 48.02 48.02 48 48.04 48.07 48.06 48.06 48.05 47.97 47.97 47.86 47.89 47.93 48.01 48.01 47.98 48 48.02 47.99 48.01 48 47.99 48.02 48 48 48.01 48.01 48.01 48.01 47.95 47.97 47.99 47.96 47.94 47.89 47.78 47.55 47.51 47.75 47.79 47.87 47.94 47.98 47.96 47.91 47.85 47.88 47.91 47.93 47.96 47.92 47.89 47.89 47.91 47.9 47.91 47.87 47.83 47.83 47.84 47.85 47.77 47.8 47.8
48.1 48.11 48.11 48.12 48.11 48.1 48.11 48.11 48.11 48.12 48.05 48.03 48.02 48.06 48.03 48.03 48 48.01 48.01 48.04 48.06 48.06 48.02 48.03 47.95 47.94 47.96 47.99 48.01 47.98 47.98 47.99 47.98 48.03 48.02 48 48.03 48.01 48.01 48.01 48.04 48.03 48.02 47.94 47.97 47.98 47.96 47.95 47.94 47.89 47.67 47.44 47.64 47.71 47.85 47.93 47.98 47.98 47.94 47.88 47.9 47.92 47.94 47.96 47.94 47.92 47.89 47.9 47.89 47.9 47.9 47.83 47.82 47.84 47.87 47.83 47.84 47.82
48.11 48.1 48.12 48.13 48.13 48.11 48.14 48.11 48.08 48.1 48.05 48.04 48.01 48.02 48.03 48.04 48.04 48.03 48.02 48.02 48.05 48.08 48.07 48.05 48 47.93 47.94 47.95 48.01 47.99 47.98 48 47.99 48.01 48.01 48 48.03 48.02 48.02 48 48.03 48.03 48.01 47.96 47.95 47.97 47.99 47.98 47.95 47.93 47.82 47.57 47.53 47.63 47.83 47.94 47.97 47.97 47.94 47.87 47.88 47.88 47.92 47.91 47.96 47.94 47.9 47.87 47.87 47.89 47.9 47.87 47.84 47.83 47.86 47.88 47.87 47.82
48.11 48.12 48.13 48.14 48.15 48.15 48.15 48.12 48.09 48.08 48.04 48 48 48.01 48.02 48.02 48.03 48.05 48.03 48.01 48.03 48.06 48.06 48.06 48.03 47.91 47.91 47.89 47.94 48.01 48.01 48.02 48.01 47.96 47.98 47.99 48.02 48.03 48.01 47.99 48.02 48.01 47.98 47.99 47.94 47.96 47.99 47.97 47.93 47.92 47.86 47.65 47.59 47.6 47.73 47.88 47.91 47.93 47.95 47.9 47.87 47.86 47.88 47.89 47.95 47.96 47.9 47.87 47.86 47.87 47.88 47.87 47.85 47.83 47.83 47.84 47.85 47.82
48.11 48.1 48.13 48.12 48.08 48.11 48.14 48.12 48.12 48.07 48.05 48 48 48.04 48.03 48.02 48.02 48.04 48.03 47.99 48 48 48.03 48.06 48.03 47.95 47.93 47.86 47.86 48.01 48.01 48.01 47.99 47.93 47.95 47.98 48.01 48.02 48 47.99 48.02 48 47.99 48.02 47.99 47.99 47.97 47.96 47.94 47.91 47.88 47.78 47.71 47.71 47.61 47.66 47.8 47.87 47.95 47.93 47.91 47.88 47.87 47.9 47.93 47.95 47.93 47.9 47.86 47.83 47.87 47.87 47.86 47.85 47.81 47.8 47.84 47.84
48.14 48.1 48.1 48.08 48.03 48.07 48.1 48.1 48.12 48.08 48.07 48.04 47.97 48.03 48.02 48.02 48.03 48.05 48.04 48 47.99 47.97 48.01 48.06 48.03 48 47.97 47.88 47.83 47.95 47.98 48.01 47.99 47.95 47.95 47.97 47.99 48 48 48 48 47.99 48.02 48.05 48.02 47.99 47.93 47.96 47.94 47.93 47.91 47.88 47.85 47.8 47.5 47.43 47.72 47.81 47.91 47.91 47.91 47.86 47.82 47.87 47.9 47.92 47.94 47.94 47.89 47.83 47.85 47.89 47.88 47.86 47.81 47.8 47.83 47.83
48.15 48.11 48.07 48.05 48.04 48.06 48.07 48.09 48.11 48.09 48.08 48.06 48 48.01 48.02 48.02 48 48.01 48.01 47.99 47.99 47.97 48 48.05 48.04 48.04 48.02 47.94 47.89 47.91 47.95 48.01 48.01 47.99 47.98 47.98 47.99 48 48.02 48.02 48.01 47.99 47.99 47.99 47.97 47.96 47.88 47.84 47.89 47.9 47.92 47.92 47.93 47.86 47.56 47.33 47.54 47.7 47.87 47.91 47.92 47.89 47.82 47.85 47.86 47.87 47.94 47.95 47.93 47.86 47.84 47.89 47.89 47.86 47.84 47.82 47.83 47.84
48.12 48.11 48.09 48.07 48.07 48.08 48.07 48.08 48.09 48.09 48.08 48.06 48.04 48.02 48.03 48.02 47.97 47.95 47.97 47.99 47.99 47.98 47.99 48.02 48.03 48.04 48.04 48.02 47.99 47.97 47.95 47.97 47.99 47.98 47.97 47.97 47.99 48 48 48.01 48 48 47.98 47.95 47.96 47.96 47.89 47.79 47.86 47.89 47.92 47.95 47.95 47.89 47.72 47.4 47.4 47.53 47.8 47.89 47.91 47.92 47.87 47.86 47.85 47.84 47.93 47.94 47.93 47.9 47.85 47.87 47.88 47.88 47.87 47.86 47.85 47.84
48.09 48.12 48.11 48.11 48.11 48.08 48.07 48.07 48.06 48.07 48.07 48.06 48.04 48.02 48.02 48.02 47.98 47.96 47.99 48.02 48.02 48 47.99 48 48.02 48.05 48.05 48.06 48 47.99 47.93 47.87 47.94 47.95 47.97 47.98 47.98 47.97 47.98 48 48 48.01 47.98 47.95 47.97 47.99 47.94 47.86 47.9 47.92 47.93 47.92 47.91 47.89 47.83 47.6 47.45 47.38 47.71 47.84 47.86 47.91 47.9 47.88 47.85 47.83 47.9 47.91 47.92 47.93 47.88 47.89 47.9 47.9 47.88 47.88 47.85 47.84
48.08 48.12 48.11 48.13 48.13 48.09 48.08 48.07 48.03 48.04 48.04 48.06 48.05 47.98 47.97 48 48.02 48.01 48.03 48.05 48.02 47.99 47.97 47.99 48.03 48.05 48.04 48.04 48 47.97 47.9 47.9 47.92 47.93 47.97 47.95 47.95 47.96 47.98 48.01 48 48.01 47.97 47.97 47.97 48.01 48 47.94 47.96 47.95 47.9 47.89 47.89 47.89 47.87 47.79 47.6 47.33 47.55 47.77 47.81 47.89 47.89 47.85 47.84 47.83 47.86 47.88 47.89 47.92 47.92 47.92 47.93 47.9 47.86 47.87 47.86 47.84
48.07 48.08 48.09 48.12 48.13 48.1 48.09 48.07 48.03 48 48.01 48.05 48.07 47.95 47.93 47.94 48.02 48.03 48.04 48.06 48.02 48 47.99 47.99 48.01 48.01 48.01 48.03 47.98 47.98 47.94 47.93 47.91 47.92 47.95 47.94 47.93 47.96 48 48 48 48.01 48 47.99 47.98 48 48.02 48 48 47.98 47.87 47.88 47.88 47.9 47.91 47.89 47.74 47.39 47.35 47.65 47.73 47.86 47.91 47.87 47.86 47.84 47.85 47.87 47.88 47.91 47.94 47.93 47.91 47.86 47.84 47.87 47.9 47.87
48.06 48.05 48.06 48.11 48.11 48.08 48.07 48.06 48.02 47.96 47.99 48.05 48.06 48.03 48.01 48 48.05 48.03 48.05 48.04 48.01 48.02 48.03 48.01 47.99 48 47.99 48.02 48 48 47.99 47.91 47.92 47.92 47.9 47.95 47.93 47.95 47.98 47.98 47.98 47.99 48.02 48.01 47.99 47.98 48 48.04 48.03 48 47.9 47.87 47.87 47.91 47.93 47.92 47.83 47.51 47.22 47.45 47.6 47.8 47.89 47.9 47.9 47.87 47.85 47.86 47.85 47.85 47.88 47.88 47.87 47.88 47.85 47.88 47.92 47.88
48.06 48.08 48.08 48.08 48.08 48.08 48.07 48.07 48.04 48.01 48.04 48.06 48.03 48.03 48.05 48.04 48.05 48.04 48.05 48.03 48.01 48.02 48.05 48.02 47.98 47.99 47.99 48 48 48 48.01 47.96 47.9 47.88 47.83 47.94 47.94 47.96 47.96 47.96 47.94 47.95 47.99 48.01 48 47.97 47.97 48.04 48.03 48.01 47.94 47.87 47.89 47.92 47.93 47.91 47.87 47.67 47.32 47.28 47.47 47.74 47.85 47.86 47.89 47.91 47.88 47.86 47.83 47.84 47.86 47.85 47.87 47.88 47.87 47.87 47.9 47.88
48.07 48.07 48.05 48.04 48.06 48.07 48.07 48.07 48.05 48.05 48.06 48.04 48 48 48.03 48.03 48 48.03 48.04 48.03 48.01 48.01 48.01 47.98 47.95 47.96 47.99 47.99 48 48.01 48.02 48 47.9 47.83 47.76 47.82 47.89 47.95 47.94 47.94 47.93 47.93 47.96 48 47.98 47.96 47.96 48 47.99 47.98 47.95 47.89 47.9 47.93 47.94 47.91 47.88 47.85 47.7 47.54 47.37 47.55 47.77 47.79 47.86 47.92 47.93 47.91 47.88 47.88 47.86 47.87 47.89 47.87 47.88 47.87 47.87 47.88
48.08 48.07 48.05 48.03 48.02 48.06 48.06 48.05 48.04 48.06 48.06 48.04 48 48 48.03 48.05 48.01 48.03 48.03 47.99 47.99 48 48 47.97 47.94 47.95 47.98 47.99 48.02 48.03 48.03 48.01 47.95 47.86 47.72 47.67 47.77 47.92 47.93 47.93 47.92 47.93 47.95 47.99 47.98 47.97 47.97 47.99 47.98 47.95 47.96 47.92 47.9 47.88 47.9 47.9 47.91 47.9 47.89 47.78 47.47 47.4 47.66 47.71 47.84 47.92 47.94 47.93 47.89 47.85 47.84 47.85 47.88 47.88 47.89 47.87 47.85 47.86
48.04 48.08 48.05 48.02 48 48.06 48.06 48.05 48.03 48.06 48.07 48.06 48 48 48.01 48.04 48.04 48.04 48.02 47.98 48 48 48.01 47.99 47.95 47.96 47.96 47.96 47.99 48.01 48.02 47.99 47.98 47.93 47.74 47.65 47.7 47.86 47.93 47.9 47.9 47.91 47.93 47.99 48 48 47.98 47.99 47.98 47.95 47.95 47.97 47.95 47.9 47.88 47.89 47.92 47.89 47.91 47.87 47.68 47.47 47.43 47.55 47.78 47.91 47.94 47.94 47.87 47.77 47.77 47.8 47.86 47.9 47.9 47.88 47.85 47.84
48.01 48.04 48.01 47.99 47.97 48 48.02 48.04 48.05 48.07 48.07 48.07 48.03 48.01 47.99 48 48 48 48.01 48.01 48.03 48.03 48.01 48 47.98 47.98 47.95 47.94 47.94 47.96 47.98 47.97 47.98 47.98 47.83 47.71 47.73 47.84 47.92 47.87 47.88 47.87 47.9 47.95 47.95 47.96 47.98 47.97 47.96 47.95 47.95 47.98 47.95 47.89 47.86 47.87 47.91 47.9 47.93 47.91 47.83 47.67 47.39 47.43 47.65 47.86 47.93 47.93 47.88 47.75 47.71 47.76 47.84 47.87 47.87 47.88 47.86 47.85
48.04 48.03 48.02 47.98 47.94 47.96 48.01 48.04 48.06 48.07 48.06 48.04 48.05 48.03 47.99 47.96 47.94 47.95 48 48.05 48.06 48.04 48.01 47.99 48.01 48.01 47.98 47.96 47.95 47.95 47.96 47.97 47.97 47.99 47.95 47.75 47.78 47.83 47.75 47.82 47.86 47.89 47.91 47.94 47.94 47.93 47.96 47.93 47.93 47.95 47.96 47.97 47.95 47.9 47.87 47.88 47.91 47.9 47.92 47.92 47.9 47.81 47.56 47.43 47.51 47.77 47.88 47.9 47.9 47.81 47.74 47.76 47.8 47.81 47.82 47.85 47.86 47.87
48.07 48.06 48.04 48.01 47.93 47.96 48.02 48.05 48.04 48.05 48.05 48.02 48.05 48.03 47.99 47.95 47.94 47.95 47.98 48.04 48.07 48.05 48.03 48 48.01 47.99 47.97 47.95 47.95 47.95 47.96 47.97 47.98 48 47.97 47.89 47.89 47.87 47.64 47.75 47.84 47.91 47.9 47.94 47.95 47.95 47.96 47.93 47.92 47.94 47.98 47.99 47.98 47.92 47.92 47.93 47.92 47.9 47.91 47.92 47.92 47.86 47.73 47.5 47.41 47.7 47.81 47.86 47.89 47.86 47.84 47.81 47.79 47.79 47.8 47.84 47.86 47.88
48.09 48.07 48.03 47.99 47.92 47.94 47.99 48.03 48.05 48.04 48.04 48.02 48.03 48 47.96 47.95 47.97 47.96 47.97 48 48.05 48.04 48.04 47.99 47.99 47.98 47.96 47.97 47.98 47.94 47.91 47.96 47.97 48 47.98 47.97 47.97 47.87 47.64 47.73 47.84 47.93 47.89 47.93 47.94 47.95 47.97 47.96 47.93 47.95 47.99 47.98 47.99 47.96 47.95 47.97 47.96 47.92 47.9 47.9 47.9 47.88 47.82 47.63 47.38 47.59 47.7 47.78 47.86 47.89 47.89 47.86 47.8 47.79 47.81 47.83 47.86 47.89
