slabs/70.grd
DSAA
631 301
645780 646410
4948700 4949000
38.6 46.43
[rows 136 to 169 of 300, columns 78 to 155 of 631]
41.32 41.28 41.22 41.2 41.18 41.16 41.19 41.21 41.21 41.25 41.31 41.32 41.29 41.17 41.1 41.08 41.07 41.1 41.13 41.17 41.22 41.18 41.11 41.07 40.92 40.69 40.6 40.7 40.92 41.06 41.07 41.02 40.98 40.99 41 41.01 41.01 40.98 41 41.07 41.13 41.11 41.09 41.06 41.03 41.03 41.01 40.97 40.99 41.06 41.09 41.12 41.15 41.17 41.18 41.17 41.12 41.09 41.07 41.02 40.99 40.98 40.96 40.95 40.96 40.97 40.98 40.99 40.98 40.97 40.97 41.01 41.03 41.05 41.05 41.02 41.02 41.02
41.33 41.29 41.24 41.22 41.19 41.2 41.26 41.26 41.22 41.25 41.3 41.3 41.25 41.15 41.12 41.12 41.11 41.1 41.13 41.17 41.21 41.2 41.17 41.13 40.98 40.75 40.59 40.69 40.92 41.07 41.07 41.02 41.01 41.06 41.05 41.05 41.04 41.01 41.02 41.06 41.12 41.12 41.1 41.06 41.03 41.03 41.02 40.99 41.01 41.09 41.1 41.12 41.14 41.14 41.14 41.14 41.12 41.1 41.05 41.01 41.01 41.01 40.98 40.95 40.94 40.95 40.97 40.99 40.97 40.97 40.98 41 41.01 41.02 41.03 41.01 41.01 41.03
41.32 41.3 41.25 41.24 41.21 41.21 41.28 41.27 41.22 41.24 41.31 41.31 41.26 41.18 41.16 41.17 41.16 41.13 41.14 41.16 41.18 41.19 41.19 41.15 41.02 40.79 40.59 40.65 40.88 41.03 41.04 41.01 41.02 41.08 41.1 41.09 41.06 41.01 41.02 41.06 41.1 41.11 41.09 41.06 41.05 41.05 41.04 41 41 41.05 41.08 41.12 41.13 41.12 41.11 41.1 41.08 41.07 41.05 41.03 41.05 41.05 41.01 40.93 40.9 40.91 40.93 40.96 40.97 40.98 40.99 41 41 41 40.98 40.96 40.97 41
41.32 41.28 41.24 41.25 41.23 41.21 41.22 41.22 41.2 41.21 41.27 41.29 41.28 41.24 41.21 41.2 41.19 41.16 41.15 41.16 41.15 41.15 41.16 41.12 40.99 40.81 40.67 40.66 40.87 41 41.01 40.99 40.99 41.04 41.08 41.13 41.08 41.01 41.01 41.04 41.09 41.1 41.08 41.04 41.02 41.03 41.05 41.05 41.05 41.04 41.05 41.1 41.1 41.1 41.1 41.1 41.08 41.08 41.06 41.06 41.08 41.08 41.05 40.95 40.87 40.89 40.92 40.94 40.97 41.02 41.04 41.03 41.03 41.02 40.96 40.91 40.92 40.97
41.33 41.27 41.23 41.23 41.22 41.2 41.19 41.19 41.18 41.19 41.22 41.26 41.29 41.26 41.2 41.2 41.2 41.2 41.18 41.17 41.14 41.11 41.1 41.09 40.98 40.83 40.73 40.68 40.87 40.99 41 40.98 40.99 41.03 41.08 41.13 41.09 41.02 41.03 41.07 41.12 41.11 41.08 41.01 40.96 40.97 41.02 41.07 41.08 41.05 41.04 41.09 41.09 41.08 41.09 41.1 41.08 41.08 41.06 41.04 41.06 41.07 41.05 40.97 40.9 40.9 40.94 40.94 40.98 41.04 41.05 41.04 41.05 41.04 40.97 40.91 40.91 40.93
41.32 41.26 41.22 41.2 41.19 41.18 41.17 41.18 41.18 41.17 41.21 41.24 41.27 41.23 41.18 41.18 41.18 41.19 41.18 41.15 41.11 41.07 41.08 41.1 41.02 40.88 40.76 40.68 40.85 40.98 41 41 40.99 41.04 41.07 41.09 41.06 41.04 41.05 41.08 41.11 41.1 41.06 40.99 40.92 40.93 40.96 41 41.02 41.02 41.02 41.05 41.08 41.07 41.07 41.08 41.07 41.07 41.05 41.02 41.02 41.03 41.03 40.97 40.93 40.93 40.95 40.95 40.96 41 41.02 41.01 41.03 41.05 40.99 40.96 40.94 40.91
41.29 41.24 41.19 41.19 41.18 41.17 41.16 41.17 41.17 41.19 41.23 41.24 41.22 41.18 41.17 41.18 41.16 41.15 41.14 41.1 41.07 41.03 41.04 41.09 41.05 40.92 40.78 40.65 40.82 40.96 41 41.04 41.02 41.05 41.05 41.03 41.05 41.06 41.04 41.04 41.06 41.04 41 40.98 40.98 40.97 40.95 40.96 40.99 41.01 41.03 41.04 41.07 41.05 41.05 41.09 41.1 41.08 41.04 41 40.99 41.01 41.02 40.98 40.96 40.97 40.97 40.95 40.96 40.98 41.01 41.04 41.06 41.06 41.01 41.01 40.96 40.89
41.24 41.21 41.18 41.18 41.18 41.16 41.15 41.14 41.15 41.2 41.24 41.24 41.21 41.17 41.18 41.21 41.2 41.17 41.15 41.11 41.04 40.97 41.01 41.09 41.01 40.87 40.74 40.63 40.79 40.93 40.98 41.03 41.03 41.07 41.03 41.01 41.06 41.08 41.05 41.03 41.03 41.03 41.01 41.01 41.03 41.02 40.98 40.98 41.01 41.03 41.06 41.08 41.08 41.07 41.09 41.13 41.14 41.1 41.03 40.98 40.97 41.01 41.05 41.03 41.01 41.01 40.99 40.96 40.98 41.01 41.03 41.08 41.08 41.05 41.01 41.02 40.99 40.95
41.2 41.23 41.21 41.2 41.18 41.15 41.13 41.12 41.14 41.18 41.21 41.23 41.26 41.24 41.23 41.24 41.22 41.17 41.16 41.13 41.07 41.05 41.1 41.14 41.02 40.9 40.76 40.63 40.76 40.9 40.93 40.97 41.01 41.04 41.04 41.03 41.07 41.09 41.06 41 41.01 41.04 41.06 41.05 41.07 41.05 41.02 41 41.01 41.02 41.07 41.11 41.1 41.11 41.13 41.15 41.14 41.07 40.99 40.95 40.97 41.03 41.07 41.04 41.02 40.97 40.95 40.93 40.97 41.03 41.04 41.07 41.06 41.02 41.02 41.03 41.03 41.02
41.19 41.24 41.25 41.24 41.2 41.18 41.16 41.14 41.15 41.18 41.2 41.23 41.27 41.29 41.27 41.23 41.2 41.15 41.13 41.11 41.1 41.1 41.13 41.11 41.03 40.98 40.81 40.61 40.7 40.83 40.9 40.95 40.99 41.01 41.03 41.04 41.07 41.07 41.04 40.99 41 41.04 41.07 41.07 41.09 41.08 41.04 41 40.98 41 41.07 41.11 41.12 41.12 41.13 41.12 41.1 41.02 40.95 40.96 40.98 41.01 41.03 41.01 40.99 40.94 40.93 40.95 40.97 41.01 41.04 41.05 41.03 41 40.99 41 41.03 41.05
41.19 41.23 41.23 41.23 41.22 41.21 41.19 41.15 41.15 41.18 41.19 41.24 41.26 41.24 41.23 41.21 41.2 41.16 41.14 41.11 41.13 41.12 41.1 41.05 41 40.96 40.8 40.59 40.66 40.78 40.93 41 41.01 41.01 41 41.02 41.04 41.03 41.01 41 41.03 41.04 41.06 41.06 41.08 41.07 41.03 40.98 40.95 40.97 41.05 41.1 41.1 41.09 41.11 41.1 41.06 40.98 40.94 40.97 41 41.05 41.08 41.08 41.05 40.99 40.98 41 41 41.01 41.03 41.05 41.03 41 40.99 41 41.02 41.04
41.22 41.23 41.23 41.22 41.19 41.14 41.13 41.14 41.16 41.17 41.17 41.19 41.22 41.21 41.21 41.2 41.19 41.17 41.15 41.14 41.16 41.16 41.13 41.06 41 40.95 40.8 40.63 40.66 40.78 40.96 41.05 41.04 41.02 40.99 41 41.02 41.01 40.99 41.01 41.04 41.05 41.06 41.06 41.05 41.03 41 40.98 40.96 40.95 41.02 41.06 41.05 41.06 41.11 41.13 41.11 41.04 41 41.01 41.02 41.04 41.06 41.08 41.06 41.03 41.01 41 41 40.99 41 41.03 41.03 40.99 40.98 40.99 41.01 41.01
41.25 41.25 41.22 41.17 41.13 41.13 41.14 41.18 41.17 41.14 41.13 41.15 41.21 41.23 41.21 41.17 41.17 41.19 41.18 41.16 41.17 41.18 41.15 41.07 41.02 40.98 40.84 40.69 40.67 40.76 40.96 41.07 41.07 41.04 40.99 41.01 41.04 41.01 40.98 41.01 41.05 41.06 41.09 41.1 41.07 41.04 40.99 40.97 40.97 41.01 41.08 41.07 41.05 41.06 41.13 41.16 41.13 41.08 41.07 41.06 41.05 41.01 40.98 41 41 41.01 41.01 41 40.99 40.99 40.98 41 41.03 40.99 40.98 40.99 41.01 40.98
41.31 41.31 41.26 41.17 41.12 41.12 41.16 41.2 41.16 41.11 41.11 41.15 41.22 41.22 41.2 41.16 41.16 41.2 41.19 41.18 41.17 41.17 41.12 41.04 41 40.96 40.82 40.66 40.63 40.73 40.92 41.06 41.1 41.07 41.03 41.06 41.11 41.07 41.02 41.04 41.08 41.08 41.09 41.1 41.1 41.09 41.06 41.04 41.03 41.06 41.11 41.1 41.09 41.08 41.13 41.14 41.08 41.01 41.02 41.03 41.06 41.05 40.99 40.98 40.98 40.99 41 40.99 40.98 40.99 41 41.01 41.03 41.01 41.02 41.02 41 40.96
41.36 41.37 41.32 41.21 41.13 41.11 41.15 41.22 41.18 41.14 41.13 41.16 41.21 41.19 41.19 41.19 41.18 41.18 41.17 41.18 41.19 41.15 41.06 41 40.96 40.91 40.76 40.58 40.59 40.7 40.89 41.03 41.1 41.08 41.06 41.1 41.14 41.09 41 40.98 41 41.02 41.05 41.07 41.09 41.11 41.11 41.09 41.07 41.05 41.08 41.08 41.08 41.09 41.12 41.11 41.07 40.99 40.96 40.97 41.02 41.07 41.03 41.01 40.99 40.98 40.98 40.97 40.97 41 41.03 41.03 41.02 40.99 41 41.01 40.98 40.91
41.33 41.34 41.31 41.23 41.15 41.12 41.16 41.22 41.21 41.19 41.17 41.17 41.19 41.18 41.2 41.21 41.19 41.17 41.15 41.16 41.15 41.08 40.97 40.94 40.94 40.89 40.73 40.56 40.59 40.7 40.89 41.02 41.09 41.09 41.06 41.08 41.13 41.08 41 40.98 40.97 41 41.03 41.07 41.09 41.12 41.1 41.07 41.06 41.04 41.06 41.07 41.06 41.07 41.1 41.09 41.08 41.04 40.99 40.97 40.98 41.04 41.04 41.02 40.98 40.97 40.98 40.98 40.99 41.02 41.04 41.03 40.99 40.94 40.93 40.96 40.96 40.89
41.29 41.29 41.27 41.23 41.16 41.13 41.15 41.2 41.21 41.2 41.19 41.17 41.17 41.18 41.19 41.19 41.16 41.15 41.14 41.12 41.08 41.02 40.92 40.9 40.9 40.88 40.75 40.59 40.6 40.69 40.86 41.01 41.06 41.06 41.03 41.02 41.08 41.09 41 40.95 40.96 41 41.02 41.04 41.06 41.09 41.08 41.07 41.06 41.05 41.06 41.08 41.06 41.06 41.07 41.06 41.07 41.08 41.07 41.02 40.97 41.03 41.04 41.02 40.97 40.97 41.01 41.01 41.01 41.04 41.04 41.03 41 40.95 40.92 40.95 40.96 40.92
41.29 41.29 41.27 41.22 41.16 41.14 41.15 41.18 41.21 41.19 41.16 41.14 41.15 41.17 41.19 41.18 41.16 41.15 41.13 41.09 41.05 41 40.96 40.96 40.96 40.95 40.81 40.6 40.6 40.67 40.84 40.96 41.01 41.02 41 41 41.05 41.09 40.98 40.91 40.93 40.98 40.99 41.01 41.03 41.04 41.04 41.05 41.05 41.04 41.05 41.08 41.07 41.06 41.04 41.04 41.06 41.09 41.11 41.06 41.01 41.05 41.04 41.01 40.99 41.01 41.04 41.04 41.04 41.04 41.05 41.03 41 40.97 40.96 40.97 40.98 40.96
41.31 41.32 41.3 41.23 41.18 41.15 41.15 41.17 41.21 41.19 41.16 41.13 41.16 41.19 41.2 41.2 41.2 41.18 41.14 41.12 41.12 41.09 41.05 41.05 41.05 41.02 40.83 40.53 40.49 40.62 40.81 40.89 40.95 41 40.97 41 41.03 41.04 40.95 40.89 40.91 40.97 40.99 40.99 41.01 41.03 41.01 41.01 41.02 41.02 41.03 41.05 41.07 41.06 41.05 41.06 41.07 41.07 41.09 41.08 41.05 41.05 41.03 41.01 41.01 41.04 41.04 41.03 41.02 41.01 41.01 41 40.98 40.97 40.97 40.99 40.99 40.98
41.31 41.31 41.29 41.23 41.18 41.15 41.13 41.17 41.21 41.23 41.21 41.18 41.17 41.19 41.23 41.23 41.21 41.19 41.17 41.18 41.18 41.16 41.1 41.06 41.05 41.01 40.85 40.62 40.55 40.62 40.78 40.84 40.9 40.96 40.95 40.97 41 41.02 40.94 40.9 40.92 40.98 40.99 40.97 41.01 41.05 41.01 41 41 41 41.03 41.04 41.05 41.06 41.07 41.08 41.07 41.04 41.05 41.07 41.08 41.05 41.04 41.03 41.03 41.05 41.04 41.01 40.98 41 41.02 41.02 41 40.97 40.98 41.01 40.99 40.97
41.29 41.28 41.24 41.18 41.16 41.14 41.12 41.17 41.2 41.21 41.21 41.19 41.19 41.2 41.21 41.19 41.15 41.17 41.2 41.21 41.18 41.18 41.12 41.04 41 40.95 40.86 40.74 40.65 40.63 40.78 40.85 40.89 40.94 40.92 40.91 40.96 41.01 40.97 40.93 40.95 40.99 41.01 40.99 41.03 41.06 41.04 41.03 41.01 41 41.02 41.04 41.06 41.06 41.03 41.04 41.05 41.03 41.03 41.04 41.06 41.05 41.06 41.04 41.01 41.02 41.03 40.99 40.97 41.01 41.04 41.04 41.03 40.99 40.99 41.02 40.99 40.94
41.27 41.26 41.2 41.14 41.12 41.13 41.14 41.18 41.21 41.2 41.18 41.2 41.22 41.22 41.19 41.16 41.13 41.16 41.2 41.18 41.17 41.16 41.12 41.03 40.97 40.93 40.85 40.7 40.6 40.58 40.77 40.86 40.9 40.95 40.92 40.89 40.92 40.97 40.96 40.93 40.94 40.97 41.01 41.01 41.02 41.02 41 40.99 40.96 40.95 40.98 41 41.03 41.02 41 41.03 41.08 41.05 41.02 41.02 41.01 41.03 41.06 41.02 40.98 41.01 41.01 40.96 40.97 41.02 41.03 41.03 41.03 41 40.99 41 40.98 40.91
41.23 41.24 41.24 41.16 41.1 41.1 41.11 41.18 41.25 41.23 41.19 41.19 41.19 41.19 41.18 41.15 41.15 41.16 41.17 41.15 41.14 41.13 41.09 41.03 40.97 40.92 40.84 40.66 40.57 40.56 40.73 40.83 40.88 40.95 40.93 40.91 40.92 40.94 40.93 40.9 40.91 40.94 41.01 41.01 40.99 40.96 40.92 40.92 40.92 40.89 40.91 40.95 41.01 41.03 41.05 41.07 41.08 41.05 41.02 41.01 41 41.01 41.02 40.99 40.97 41.01 40.99 40.93 40.95 41 41 41.01 41.02 41.01 40.99 40.97 40.95 40.9
41.22 41.25 41.28 41.22 41.15 41.13 41.14 41.2 41.25 41.24 41.2 41.2 41.2 41.19 41.16 41.13 41.14 41.16 41.16 41.15 41.14 41.12 41.07 41 40.96 40.9 40.84 40.72 40.63 40.59 40.72 40.8 40.85 40.92 40.92 40.91 40.93 40.96 40.97 40.95 40.94 40.94 40.98 40.99 40.97 40.95 40.95 40.96 40.95 40.9 40.89 40.93 41.01 41.06 41.08 41.07 41.05 41.04 41.02 41.01 41 41.01 40.99 40.98 40.99 41.01 40.98 40.91 40.91 40.94 40.95 40.97 41 41.02 41 40.97 40.95 40.93
41.27 41.26 41.26 41.25 41.19 41.18 41.17 41.19 41.21 41.21 41.21 41.22 41.23 41.21 41.16 41.12 41.14 41.18 41.19 41.18 41.16 41.13 41.06 40.96 40.94 40.9 40.84 40.76 40.67 40.59 40.7 40.79 40.84 40.92 40.92 40.9 40.93 40.99 41 40.99 40.99 40.96 40.97 40.97 40.98 40.99 40.98 40.97 40.94 40.92 40.92 40.96 41.05 41.09 41.08 41.08 41.06 41.04 41.02 40.99 41 41.03 41.01 40.98 41.01 41.03 40.99 40.91 40.88 40.9 40.92 40.94 40.98 41.02 41.01 40.98 40.96 40.94
41.26 41.24 41.23 41.21 41.15 41.14 41.14 41.16 41.18 41.19 41.19 41.2 41.2 41.18 41.17 41.15 41.16 41.19 41.21 41.21 41.19 41.15 41.08 40.97 40.95 40.91 40.82 40.73 40.63 40.54 40.66 40.76 40.83 40.92 40.93 40.9 40.9 40.94 40.96 40.98 41.01 40.98 40.97 40.97 41 41.03 41.02 40.99 40.95 40.94 40.93 40.98 41.07 41.08 41.07 41.08 41.07 41.06 41.03 40.99 41.02 41.07 41.05 40.99 41 41.05 41.01 40.91 40.87 40.89 40.92 40.94 40.97 41.01 40.99 40.96 40.96 40.94
41.23 41.24 41.24 41.17 41.09 41.07 41.08 41.14 41.17 41.18 41.16 41.15 41.14 41.14 41.17 41.17 41.18 41.19 41.22 41.26 41.22 41.16 41.1 41.04 40.99 40.89 40.8 40.7 40.59 40.52 40.63 40.71 40.81 40.92 40.95 40.94 40.9 40.9 40.93 40.95 40.98 40.96 40.95 40.95 41 41.07 41.07 41.04 41.01 40.98 40.95 40.99 41.06 41.07 41.05 41.05 41.07 41.08 41.05 41 41.02 41.08 41.08 41.01 40.99 41.04 41 40.9 40.88 40.91 40.93 40.97 40.97 40.97 40.95 40.93 40.95 40.94
41.22 41.25 41.27 41.2 41.12 41.08 41.07 41.12 41.16 41.18 41.16 41.14 41.13 41.14 41.16 41.17 41.18 41.19 41.22 41.27 41.23 41.14 41.07 41.02 40.96 40.87 40.83 40.75 40.64 40.56 40.64 40.69 40.81 40.93 40.99 40.98 40.93 40.91 40.92 40.92 40.93 40.92 40.9 40.91 40.97 41.07 41.1 41.06 41.02 40.99 40.97 41.01 41.06 41.07 41.05 41.05 41.07 41.07 41.04 40.99 40.99 41.03 41.05 41.05 41.02 41.03 40.98 40.91 40.9 40.92 40.95 40.99 40.98 40.95 40.93 40.93 40.96 40.95
41.2 41.24 41.28 41.26 41.21 41.15 41.12 41.13 41.15 41.17 41.16 41.15 41.14 41.12 41.13 41.13 41.15 41.18 41.19 41.2 41.17 41.12 41.06 41.01 40.95 40.87 40.85 40.8 40.67 40.56 40.63 40.69 40.81 40.95 41.01 40.99 40.95 40.96 40.96 40.95 40.92 40.9 40.89 40.92 40.99 41.07 41.08 41.04 40.99 40.98 40.98 41.03 41.07 41.07 41.06 41.06 41.07 41.03 41 40.95 40.95 40.97 41 41.06 41.08 41.07 41.02 40.95 40.93 40.93 40.96 41 41.02 40.98 40.92 40.92 40.95 40.94
41.2 41.23 41.26 41.25 41.24 41.2 41.16 41.17 41.17 41.16 41.15 41.14 41.13 41.11 41.1 41.13 41.15 41.16 41.14 41.13 41.13 41.11 41.07 41.04 40.96 40.86 40.84 40.8 40.64 40.52 40.62 40.69 40.81 40.94 40.99 40.97 40.95 40.97 40.99 40.98 40.94 40.91 40.91 40.95 41.02 41.06 41.05 41.02 40.96 40.94 40.95 40.99 41.06 41.05 41.04 41.04 41.03 40.99 40.96 40.93 40.94 40.97 41 41.04 41.06 41.07 41.03 40.98 40.98 40.97 40.98 41.01 41.03 41 40.94 40.93 40.93 40.92
41.22 41.25 41.26 41.24 41.24 41.21 41.15 41.16 41.16 41.14 41.12 41.12 41.13 41.12 41.13 41.17 41.18 41.16 41.13 41.14 41.13 41.1 41.07 41.05 40.97 40.86 40.84 40.81 40.65 40.54 40.63 40.69 40.81 40.93 40.95 40.95 40.94 40.96 40.98 40.98 40.96 40.93 40.92 40.95 41.01 41.03 41.02 40.99 40.94 40.89 40.89 40.94 41.01 41.02 41.01 41 40.97 40.93 40.94 40.96 41 41.04 41.04 41.02 41.02 41.04 41.01 40.98 40.98 40.99 41 41.03 41.04 41.01 40.96 40.96 40.96 40.93
41.25 41.28 41.29 41.28 41.26 41.22 41.19 41.18 41.17 41.13 41.11 41.12 41.11 41.1 41.12 41.15 41.16 41.16 41.15 41.15 41.12 41.08 41.06 41.03 40.95 40.86 40.85 40.83 40.7 40.58 40.61 40.68 40.8 40.9 40.94 40.94 40.95 40.97 40.97 40.98 40.99 40.96 40.95 40.96 40.99 41.01 40.99 40.97 40.95 40.93 40.95 40.97 40.98 41.01 41 40.97 40.93 40.92 40.93 40.97 41.03 41.07 41.02 40.93 40.96 41 41 40.97 40.98 40.99 41.02 41.04 41.02 41 40.99 41.01 41 40.97
41.22 41.25 41.26 41.27 41.25 41.22 41.22 41.21 41.18 41.12 41.1 41.09 41.08 41.08 41.1 41.12 41.12 41.13 41.14 41.13 41.09 41.07 41.04 41.02 40.95 40.87 40.85 40.83 40.7 40.57 40.6 40.67 40.8 40.9 40.96 40.95 40.96 41 40.99 41 41 41 40.99 40.97 40.99 41.01 41.01 40.99 40.96 40.94 40.97 41.01 40.99 41.01 41 40.96 40.92 40.93 40.92 40.94 41.02 41.03 40.93 40.84 40.91 40.96 40.98 40.97 40.98 40.99 41.02 41.04 41.02 41.01 41.01 41 40.97 40.95
41.19 41.21 41.23 41.25 41.24 41.21 41.2 41.2 41.19 41.15 41.09 41.06 41.07 41.09 41.1 41.11 41.1 41.09 41.12 41.12 41.1 41.07 41.05 41.04 40.99 40.88 40.85 40.81 40.66 40.53 40.61 40.67 40.81 40.94 41 40.98 40.96 40.97 40.97 40.96 40.97 41 40.99 40.94 40.94 40.98 40.99 40.98 40.96 40.95 40.95 40.98 41.02 41.05 41.03 40.99 40.96 40.94 40.92 40.93 41.01 41 40.91 40.84 40.92 40.95 40.97 40.98 40.99 40.98 40.99 41.04 41.05 41.03 40.99 40.94 40.89 40.87
