slabs/70.grd
DSAA
631 301
645780 646410
4948700 4949000
38.6 46.43
[rows 204 to 237 of 300, columns 234 to 311 of 631]
41.26 41.23 41.13 40.99 40.9 40.88 40.83 40.76 40.73 40.74 40.73 40.51 40.21 40.22 40.5 40.89 41.03 41.13 41.19 41.22 41.22 41.18 41.12 41.09 41.11 41.15 41.18 41.17 41.18 41.2 41.2 41.16 41.1 40.93 40.83 40.9 40.98 41.08 41.11 41.16 41.17 41.15 41.13 41.13 41.11 41.08 41.1 41.1 41.08 41.08 41.1 41.05 41 41.05 41.11 41.07 41.04 41.07 41.03 41 41 41.03 41.01 41.01 41 40.98 40.99 41.01 40.98 40.96 40.98 41 40.96 40.89 40.9 40.92 40.93 40.94
41.28 41.25 41.15 41.01 40.89 40.85 40.81 40.77 40.71 40.71 40.71 40.56 40.3 40.21 40.33 40.71 40.91 41.13 41.17 41.17 41.17 41.14 41.1 41.11 41.13 41.15 41.15 41.13 41.15 41.18 41.19 41.19 41.18 41.06 40.88 40.86 40.92 41.05 41.07 41.1 41.14 41.17 41.16 41.15 41.11 41.1 41.12 41.12 41.1 41.08 41.1 41.05 40.99 41.05 41.12 41.11 41.1 41.1 41.01 40.86 40.92 41.05 41.05 41.03 41.02 41.01 41.01 41.01 40.99 40.97 40.97 40.99 40.95 40.89 40.87 40.89 40.96 40.96
41.29 41.27 41.17 41.01 40.85 40.81 40.77 40.74 40.67 40.66 40.67 40.62 40.46 40.29 40.27 40.55 40.78 41.07 41.16 41.19 41.17 41.11 41.1 41.12 41.13 41.14 41.15 41.14 41.16 41.18 41.17 41.17 41.18 41.13 40.98 40.89 40.88 41 41.01 41.03 41.11 41.18 41.18 41.17 41.14 41.12 41.12 41.14 41.13 41.1 41.1 41.08 41.06 41.09 41.16 41.15 41.12 41.1 41 40.83 40.89 41.06 41.08 41.05 41.02 41.02 41.01 41 40.99 40.97 40.98 40.99 40.96 40.9 40.87 40.9 40.98 40.97
41.3 41.28 41.19 41.06 40.92 40.85 40.76 40.75 40.71 40.68 40.67 40.68 40.6 40.38 40.26 40.41 40.62 40.97 41.15 41.21 41.19 41.13 41.12 41.13 41.14 41.14 41.15 41.15 41.17 41.19 41.18 41.17 41.18 41.16 41.08 40.99 40.93 40.98 40.95 40.97 41.08 41.18 41.17 41.16 41.14 41.1 41.08 41.1 41.13 41.11 41.11 41.11 41.11 41.13 41.15 41.13 41.11 41.09 41.02 40.9 40.94 41.06 41.08 41.05 41.01 41 41.01 40.99 40.97 40.97 40.98 41 40.96 40.89 40.88 40.89 40.95 40.96
41.3 41.29 41.24 41.13 41.01 40.92 40.8 40.78 40.76 40.7 40.66 40.67 40.63 40.45 40.26 40.27 40.48 40.88 41.11 41.18 41.17 41.14 41.14 41.15 41.15 41.15 41.14 41.14 41.14 41.18 41.19 41.18 41.16 41.16 41.14 41.11 41.06 41 40.93 40.96 41.06 41.13 41.17 41.18 41.16 41.08 41.02 41.06 41.12 41.13 41.12 41.11 41.11 41.13 41.11 41.1 41.11 41.1 41.06 41 41.03 41.08 41.07 41.03 40.97 40.96 40.97 40.98 40.97 40.97 40.97 41 40.99 40.93 40.89 40.86 40.88 40.9
41.28 41.29 41.28 41.19 41.09 40.98 40.86 40.82 40.78 40.68 40.64 40.65 40.64 40.5 40.26 40.15 40.35 40.8 41.07 41.13 41.13 41.14 41.15 41.17 41.17 41.15 41.13 41.1 41.09 41.16 41.21 41.19 41.14 41.14 41.15 41.13 41.05 40.92 40.87 40.92 41.02 41.09 41.16 41.17 41.16 41.09 41.05 41.08 41.13 41.14 41.13 41.1 41.1 41.13 41.1 41.06 41.09 41.09 41.07 41.05 41.09 41.12 41.09 41.01 40.93 40.91 40.95 41 40.98 40.97 40.95 40.97 41.02 40.98 40.88 40.83 40.84 40.86
41.26 41.3 41.29 41.23 41.16 41.05 40.94 40.89 40.81 40.66 40.62 40.65 40.66 40.58 40.3 40.07 40.25 40.7 41.01 41.08 41.1 41.13 41.16 41.17 41.16 41.12 41.08 41.06 41.05 41.12 41.18 41.19 41.17 41.14 41.15 41.14 41.02 40.84 40.84 40.91 41.01 41.09 41.16 41.16 41.14 41.1 41.09 41.11 41.15 41.16 41.15 41.12 41.11 41.13 41.1 41.07 41.09 41.09 41.07 41.07 41.1 41.13 41.1 41.01 40.92 40.9 40.96 41.01 40.98 40.95 40.92 40.95 41.02 40.99 40.89 40.84 40.85 40.87
41.26 41.3 41.3 41.25 41.21 41.1 40.98 40.93 40.84 40.68 40.64 40.65 40.67 40.62 40.37 40.11 40.22 40.6 40.95 41.06 41.08 41.12 41.16 41.16 41.13 41.09 41.04 41.04 41.06 41.11 41.16 41.17 41.18 41.18 41.17 41.16 41.03 40.83 40.81 40.89 41.02 41.1 41.16 41.17 41.16 41.12 41.12 41.13 41.14 41.16 41.16 41.13 41.11 41.1 41.09 41.08 41.1 41.09 41.08 41.07 41.09 41.11 41.09 41.03 40.96 40.93 40.96 41.01 40.99 40.96 40.91 40.96 41.03 41.01 40.92 40.87 40.85 40.88
41.25 41.29 41.28 41.26 41.24 41.12 40.95 40.88 40.83 40.73 40.71 40.69 40.69 40.64 40.46 40.24 40.23 40.47 40.86 41 41.1 41.14 41.17 41.18 41.16 41.1 41.04 41.05 41.08 41.12 41.16 41.15 41.15 41.17 41.17 41.13 40.98 40.83 40.79 40.87 41.02 41.11 41.14 41.17 41.18 41.15 41.15 41.13 41.11 41.14 41.15 41.13 41.09 41.07 41.07 41.07 41.09 41.1 41.1 41.09 41.1 41.08 41.05 41.03 41.01 40.97 40.97 41 40.99 40.97 40.95 40.98 40.99 40.98 40.93 40.85 40.81 40.85
41.25 41.26 41.27 41.26 41.25 41.14 40.95 40.85 40.79 40.73 40.73 40.73 40.7 40.64 40.53 40.42 40.29 40.32 40.65 40.85 41.09 41.14 41.17 41.17 41.15 41.1 41.05 41.06 41.07 41.1 41.15 41.13 41.14 41.17 41.15 41.1 41 40.91 40.86 40.86 41.01 41.1 41.11 41.16 41.19 41.16 41.15 41.12 41.1 41.13 41.14 41.14 41.09 41.06 41.06 41.06 41.05 41.08 41.09 41.1 41.09 41.02 40.92 40.97 41.02 41.01 41.01 41.02 40.99 40.99 40.99 40.96 40.92 40.93 40.92 40.83 40.78 40.81
41.28 41.26 41.25 41.25 41.24 41.17 41.01 40.89 40.81 40.71 40.71 40.72 40.7 40.64 40.57 40.51 40.33 40.23 40.44 40.69 41.03 41.12 41.14 41.14 41.14 41.11 41.06 41.04 41.04 41.07 41.1 41.1 41.12 41.16 41.13 41.1 41.08 41.05 40.98 40.88 40.97 41.09 41.1 41.14 41.19 41.17 41.16 41.15 41.14 41.15 41.15 41.14 41.11 41.08 41.08 41.06 41.02 41.01 41.05 41.08 41.05 40.96 40.81 40.84 40.94 40.97 41.02 41.04 41.03 41.02 41 40.96 40.93 40.94 40.92 40.85 40.81 40.82
41.3 41.28 41.26 41.26 41.25 41.2 41.08 40.96 40.86 40.7 40.66 40.68 40.69 40.64 40.59 40.53 40.35 40.19 40.3 40.55 40.95 41.1 41.12 41.13 41.14 41.11 41.04 41.02 41.01 41.05 41.06 41.06 41.09 41.13 41.12 41.12 41.14 41.14 41.07 40.92 40.93 41.07 41.09 41.14 41.18 41.18 41.17 41.16 41.16 41.18 41.17 41.13 41.1 41.09 41.1 41.08 41.03 40.97 40.97 41.06 41.03 40.97 40.83 40.77 40.81 40.9 41.02 41.04 41.05 41.04 41.02 41 40.99 40.97 40.93 40.89 40.85 40.82
41.33 41.31 41.28 41.27 41.25 41.21 41.15 41.05 40.91 40.75 40.7 40.69 40.68 40.64 40.6 40.55 40.35 40.15 40.16 40.41 40.88 41.09 41.13 41.14 41.14 41.08 41.03 41.02 41.03 41.06 41.06 41.06 41.08 41.11 41.12 41.14 41.15 41.16 41.11 40.99 40.98 41.07 41.08 41.11 41.16 41.16 41.15 41.13 41.14 41.16 41.15 41.11 41.08 41.09 41.1 41.07 41.01 40.93 40.89 41.02 41.03 40.98 40.85 40.75 40.73 40.83 40.97 40.98 41.02 41.04 41.04 41.02 41.01 40.99 40.96 40.93 40.88 40.81
41.3 41.31 41.28 41.26 41.25 41.22 41.18 41.11 40.96 40.82 40.76 40.74 40.7 40.65 40.62 40.57 40.41 40.19 40.12 40.33 40.79 41.07 41.14 41.16 41.17 41.1 41.06 41.05 41.06 41.09 41.08 41.07 41.1 41.14 41.14 41.14 41.11 41.12 41.12 41.1 41.1 41.08 41.07 41.08 41.12 41.14 41.14 41.14 41.12 41.13 41.13 41.11 41.1 41.1 41.09 41.04 40.99 40.91 40.85 41 41.07 41.01 40.87 40.76 40.71 40.8 40.93 40.95 40.99 41.02 41.03 41.01 41 41 40.98 40.96 40.92 40.83
41.25 41.27 41.25 41.25 41.28 41.25 41.19 41.14 41.01 40.86 40.78 40.75 40.7 40.68 40.67 40.65 40.55 40.33 40.17 40.28 40.66 41.01 41.12 41.16 41.19 41.14 41.1 41.07 41.07 41.09 41.08 41.08 41.12 41.16 41.16 41.14 41.1 41.08 41.1 41.16 41.19 41.15 41.11 41.05 41.09 41.15 41.17 41.17 41.14 41.15 41.15 41.13 41.13 41.12 41.09 41.05 41.02 40.92 40.83 40.99 41.11 41.06 40.93 40.84 40.79 40.84 40.94 41 40.99 41.01 41.02 40.99 41 41.01 41 40.98 40.95 40.88
41.25 41.26 41.24 41.25 41.28 41.26 41.21 41.17 41.05 40.89 40.81 40.76 40.71 40.71 40.73 40.73 40.67 40.45 40.22 40.23 40.51 40.92 41.06 41.14 41.19 41.16 41.14 41.1 41.07 41.06 41.06 41.09 41.11 41.12 41.15 41.16 41.11 41.07 41.09 41.15 41.21 41.21 41.13 41.02 41.03 41.11 41.19 41.19 41.16 41.15 41.15 41.15 41.16 41.15 41.12 41.08 41.07 40.96 40.82 40.94 41.03 41.02 40.98 40.93 40.87 40.86 40.94 41.04 41.03 41.01 41.02 41.01 41.01 41.02 41 40.98 40.95 40.89
41.27 41.29 41.27 41.27 41.27 41.25 41.22 41.2 41.09 40.93 40.85 40.8 40.73 40.74 40.76 40.77 40.71 40.53 40.33 40.23 40.38 40.79 40.96 41.1 41.15 41.16 41.15 41.1 41.05 41.05 41.06 41.1 41.1 41.07 41.1 41.15 41.12 41.1 41.09 41.13 41.19 41.22 41.14 41.03 41.03 41.08 41.17 41.18 41.15 41.13 41.12 41.14 41.16 41.17 41.13 41.1 41.11 41.01 40.83 40.81 40.82 40.85 40.93 40.94 40.85 40.81 40.9 41.05 41.05 41.02 41.02 41.02 41.02 41.03 41.03 41.03 40.99 40.93
41.28 41.31 41.3 41.29 41.26 41.25 41.24 41.22 41.13 40.95 40.84 40.8 40.75 40.76 40.79 40.79 40.71 40.57 40.44 40.24 40.28 40.62 40.82 41.05 41.11 41.14 41.13 41.08 41.06 41.07 41.07 41.1 41.12 41.1 41.09 41.11 41.12 41.11 41.07 41.08 41.16 41.2 41.18 41.09 41.08 41.09 41.12 41.14 41.13 41.12 41.1 41.1 41.12 41.13 41.12 41.09 41.1 41.03 40.85 40.7 40.64 40.67 40.78 40.86 40.8 40.73 40.83 41.03 41.06 41.04 41.04 41.05 41.04 41.02 41.04 41.04 41.01 40.96
41.25 41.29 41.3 41.28 41.26 41.27 41.26 41.24 41.16 40.97 40.79 40.76 40.74 40.75 40.78 40.78 40.73 40.62 40.51 40.26 40.16 40.35 40.59 40.96 41.09 41.12 41.13 41.12 41.09 41.09 41.08 41.1 41.13 41.13 41.1 41.07 41.11 41.1 41.07 41.07 41.14 41.18 41.19 41.12 41.09 41.08 41.07 41.11 41.12 41.12 41.1 41.09 41.09 41.09 41.08 41.07 41.05 41.01 40.87 40.72 40.65 40.6 40.65 40.7 40.69 40.66 40.8 41.02 41.05 41.03 41.05 41.08 41.06 41.02 41.02 41.01 40.99 40.96
41.23 41.26 41.27 41.26 41.25 41.28 41.29 41.26 41.19 41.01 40.8 40.74 40.69 40.73 40.76 40.78 40.74 40.67 40.55 40.28 40.11 40.16 40.4 40.87 41.1 41.14 41.15 41.16 41.13 41.12 41.11 41.11 41.13 41.15 41.11 41.08 41.13 41.13 41.11 41.13 41.17 41.19 41.18 41.13 41.09 41.07 41.07 41.11 41.13 41.13 41.12 41.09 41.09 41.08 41.07 41.06 41.04 41.01 40.91 40.8 40.73 40.64 40.63 40.64 40.62 40.58 40.69 40.88 40.95 41 41.04 41.08 41.06 41.02 41 40.99 40.99 40.96
41.23 41.27 41.28 41.27 41.27 41.29 41.3 41.28 41.21 41.08 40.94 40.82 40.75 40.75 40.76 40.78 40.74 40.67 40.58 40.38 40.17 40.03 40.25 40.77 41.08 41.16 41.17 41.18 41.16 41.15 41.13 41.11 41.12 41.13 41.12 41.11 41.14 41.15 41.15 41.16 41.2 41.21 41.2 41.15 41.11 41.1 41.1 41.12 41.14 41.14 41.12 41.09 41.1 41.09 41.09 41.09 41.06 41.03 40.96 40.86 40.79 40.71 40.67 40.65 40.62 40.58 40.63 40.75 40.86 41 41.04 41.05 41.04 41 40.98 40.97 40.99 40.98
41.23 41.27 41.31 41.29 41.27 41.28 41.29 41.28 41.23 41.14 41.06 40.9 40.78 40.72 40.73 40.76 40.76 40.68 40.61 40.47 40.24 40 40.18 40.66 41.03 41.16 41.18 41.18 41.17 41.17 41.13 41.09 41.08 41.1 41.12 41.13 41.14 41.16 41.17 41.17 41.19 41.2 41.2 41.16 41.13 41.12 41.12 41.13 41.15 41.15 41.13 41.09 41.09 41.1 41.11 41.09 41.07 41.04 41 40.96 40.91 40.79 40.7 40.66 40.64 40.61 40.61 40.7 40.81 40.99 41.04 41.04 41.02 40.99 40.96 40.96 40.99 41
41.23 41.27 41.33 41.31 41.23 41.19 41.22 41.3 41.28 41.21 41.12 40.93 40.75 40.66 40.68 40.76 40.79 40.75 40.66 40.49 40.29 40.08 40.16 40.52 40.9 41.06 41.15 41.18 41.18 41.18 41.14 41.09 41.07 41.08 41.1 41.13 41.14 41.15 41.17 41.17 41.17 41.18 41.2 41.19 41.15 41.14 41.13 41.12 41.09 41.13 41.15 41.11 41.1 41.1 41.11 41.09 41.08 41.05 41.02 41.04 40.99 40.83 40.7 40.66 40.65 40.6 40.58 40.65 40.77 40.96 41.03 41.03 41.02 41 40.97 40.97 40.98 40.99
41.22 41.24 41.28 41.28 41.22 41.16 41.19 41.28 41.29 41.23 41.15 40.98 40.8 40.7 40.7 40.73 40.79 40.81 40.72 40.54 40.37 40.19 40.17 40.37 40.72 40.91 41.11 41.17 41.18 41.18 41.15 41.12 41.1 41.09 41.1 41.13 41.14 41.15 41.16 41.13 41.11 41.13 41.18 41.2 41.16 41.17 41.14 41.14 41.12 41.14 41.15 41.12 41.1 41.1 41.11 41.09 41.08 41.05 41.04 41.07 41.02 40.86 40.7 40.64 40.63 40.6 40.56 40.6 40.71 40.9 41 41 41.01 41.01 40.98 40.97 40.95 40.96
41.21 41.2 41.22 41.26 41.24 41.21 41.21 41.25 41.26 41.22 41.18 41.05 40.88 40.79 40.74 40.7 40.77 40.83 40.76 40.62 40.48 40.34 40.21 40.27 40.59 40.81 41.1 41.18 41.19 41.18 41.15 41.12 41.13 41.13 41.13 41.14 41.13 41.13 41.13 41.13 41.13 41.12 41.15 41.2 41.19 41.18 41.14 41.14 41.15 41.15 41.14 41.13 41.11 41.09 41.07 41.07 41.07 41.05 41.03 41.05 41.02 40.89 40.7 40.62 40.61 40.59 40.58 40.59 40.63 40.78 40.92 40.96 41 41 40.97 40.96 40.94 40.94
41.2 41.16 41.18 41.23 41.24 41.2 41.19 41.21 41.24 41.23 41.21 41.12 40.94 40.83 40.76 40.7 40.76 40.83 40.78 40.66 40.59 40.49 40.27 40.23 40.48 40.74 41.1 41.17 41.19 41.18 41.15 41.11 41.13 41.15 41.16 41.16 41.14 41.14 41.13 41.13 41.13 41.12 41.14 41.2 41.2 41.18 41.11 41.04 41.07 41.12 41.13 41.12 41.11 41.07 41.03 41.03 41.04 41.03 41 41 41 40.92 40.73 40.64 40.61 40.6 40.62 40.61 40.58 40.67 40.84 40.93 41.01 40.99 40.95 40.93 40.92 40.95
41.21 41.13 41.14 41.2 41.21 41.17 41.16 41.17 41.21 41.23 41.23 41.16 40.99 40.84 40.78 40.72 40.76 40.8 40.77 40.67 40.65 40.58 40.34 40.2 40.37 40.63 41.03 41.12 41.12 41.13 41.14 41.12 41.09 41.1 41.14 41.16 41.14 41.13 41.13 41.13 41.12 41.11 41.13 41.18 41.2 41.19 41.11 41.02 41.04 41.09 41.1 41.09 41.09 41.07 41.04 41.03 41.03 41.01 40.98 40.98 41 40.96 40.82 40.73 40.68 40.66 40.65 40.64 40.62 40.69 40.83 40.91 41 40.99 40.98 40.95 40.91 40.96
41.22 41.13 41.12 41.17 41.21 41.18 41.17 41.17 41.19 41.24 41.24 41.18 41.05 40.92 40.82 40.75 40.78 40.79 40.74 40.67 40.66 40.62 40.41 40.2 40.21 40.4 40.83 41.01 41.03 41.06 41.12 41.12 41.1 41.09 41.12 41.15 41.15 41.12 41.11 41.12 41.11 41.1 41.11 41.15 41.18 41.19 41.12 41.02 41.02 41.06 41.08 41.09 41.09 41.08 41.05 41.04 41.04 41.01 40.99 40.99 41.01 40.99 40.91 40.87 40.81 40.75 40.74 40.73 40.68 40.68 40.74 40.83 40.94 40.97 40.98 40.97 40.93 40.93
41.21 41.13 41.1 41.14 41.22 41.22 41.22 41.21 41.2 41.23 41.24 41.2 41.11 41.03 40.89 40.78 40.79 40.79 40.75 40.68 40.67 40.67 40.55 40.27 40.1 40.22 40.58 40.85 40.96 41.02 41.11 41.15 41.15 41.13 41.12 41.13 41.13 41.11 41.09 41.08 41.09 41.09 41.09 41.11 41.14 41.18 41.11 41.01 41.01 41.04 41.08 41.12 41.12 41.09 41.06 41.05 41.04 41.02 41.01 41.03 41.04 41.01 40.99 40.98 40.95 40.88 40.92 40.91 40.88 40.86 40.86 40.85 40.9 40.99 41 40.98 40.94 40.91
41.21 41.14 41.09 41.11 41.23 41.26 41.24 41.21 41.22 41.23 41.24 41.23 41.17 41.11 40.94 40.77 40.74 40.76 40.77 40.69 40.67 40.68 40.61 40.33 40.09 40.14 40.38 40.69 40.87 40.97 41.13 41.18 41.17 41.16 41.14 41.14 41.14 41.13 41.1 41.09 41.09 41.09 41.09 41.09 41.13 41.16 41.12 41.07 41.05 41.05 41.09 41.15 41.14 41.11 41.07 41.06 41.05 41.03 41.02 41.04 41.06 41.05 41.05 41.07 41.07 41.04 41.06 41.05 41.01 41.01 41 40.95 40.95 41 40.97 40.96 40.94 40.93
41.23 41.19 41.14 41.13 41.22 41.25 41.22 41.19 41.2 41.22 41.25 41.24 41.21 41.16 41.01 40.81 40.74 40.76 40.76 40.67 40.64 40.65 40.61 40.41 40.2 40.17 40.31 40.6 40.81 41.01 41.13 41.16 41.16 41.16 41.15 41.15 41.14 41.14 41.13 41.12 41.11 41.1 41.09 41.08 41.12 41.16 41.15 41.13 41.1 41.06 41.09 41.14 41.15 41.12 41.08 41.07 41.06 41.04 41.02 41.03 41.05 41.05 41.03 41.06 41.09 41.1 41.1 41.09 41.05 41.02 41.01 41.01 41 40.99 40.96 40.95 40.96 40.95
41.22 41.2 41.17 41.16 41.22 41.24 41.22 41.17 41.14 41.17 41.23 41.24 41.23 41.19 41.04 40.83 40.74 40.76 40.76 40.68 40.63 40.63 40.6 40.46 40.29 40.2 40.29 40.6 40.81 41.07 41.13 41.14 41.15 41.15 41.14 41.12 41.12 41.13 41.14 41.13 41.13 41.13 41.1 41.06 41.1 41.15 41.17 41.16 41.13 41.08 41.1 41.12 41.14 41.14 41.09 41.08 41.05 41.04 41.05 41.05 41.05 41.04 41 41.01 41.05 41.09 41.11 41.1 41.06 41.03 41.02 41.03 41.03 41.02 41 40.98 40.97 40.95
41.2 41.18 41.15 41.12 41.14 41.16 41.18 41.18 41.15 41.17 41.22 41.23 41.2 41.17 41.03 40.8 40.66 40.69 40.74 40.72 40.68 40.65 40.59 40.48 40.34 40.19 40.24 40.54 40.77 41.08 41.13 41.13 41.14 41.14 41.12 41.11 41.11 41.13 41.14 41.13 41.14 41.15 41.12 41.09 41.09 41.11 41.13 41.14 41.12 41.1 41.15 41.15 41.14 41.15 41.12 41.1 41.05 41.03 41.03 41.04 41.04 41.03 41.01 41.01 41.05 41.08 41.07 41.06 41.04 41.05 41.04 41.03 41.05 41.02 41.01 40.98 40.96 40.94
41.25 41.2 41.14 41.07 41.04 41.08 41.17 41.18 41.17 41.17 41.19 41.21 41.18 41.16 41.06 40.84 40.68 40.68 40.71 40.73 40.72 40.67 40.57 40.51 40.42 40.23 40.19 40.4 40.66 41.03 41.12 41.14 41.15 41.14 41.12 41.11 41.11 41.13 41.14 41.14 41.14 41.14 41.14 41.12 41.11 41.03 40.89 40.85 40.87 40.98 41.11 41.13 41.13 41.14 41.14 41.11 41.07 41.04 41.02 41.02 41.04 41.04 41.04 41.04 41.03 41 40.97 40.99 41.04 41.06 41.04 41.01 41.03 41 40.99 40.97 40.95 40.94
