slabs/70.grd
DSAA
631 301
645780 646410
4948700 4949000
38.6 46.43
[rows 102 to 135 of 300, columns 0 to 77 of 631]
41.55 41.58 41.6 41.55 41.49 41.52 41.59 41.62 41.6 41.58 41.55 41.54 41.56 41.57 41.6 41.66 41.64 41.59 41.6 41.62 41.61 41.55 41.5 41.49 41.51 41.52 41.51 41.52 41.52 41.51 41.49 41.47 41.44 41.4 41.42 41.43 41.45 41.48 41.49 41.49 41.5 41.47 41.45 41.42 41.29 41.11 41.06 41.13 41.29 41.36 41.38 41.37 41.36 41.33 41.29 41.31 41.36 41.36 41.34 41.34 41.32 41.32 41.29 41.22 41.19 41.23 41.26 41.27 41.22 41.22 41.24 41.3 41.35 41.33 41.31 41.24 41.19 41.19
41.55 41.6 41.64 41.58 41.52 41.54 41.57 41.62 41.6 41.59 41.56 41.52 41.51 41.52 41.59 41.65 41.62 41.56 41.59 41.61 41.61 41.58 41.54 41.53 41.51 41.51 41.53 41.52 41.49 41.46 41.49 41.5 41.48 41.45 41.45 41.45 41.44 41.47 41.5 41.51 41.51 41.48 41.47 41.45 41.29 41.08 41.03 41.12 41.31 41.4 41.38 41.38 41.38 41.35 41.31 41.31 41.29 41.27 41.28 41.29 41.27 41.29 41.26 41.18 41.17 41.22 41.27 41.29 41.27 41.3 41.3 41.29 41.31 41.33 41.31 41.25 41.21 41.2
41.58 41.6 41.63 41.6 41.56 41.55 41.54 41.57 41.57 41.56 41.55 41.53 41.51 41.51 41.59 41.65 41.6 41.55 41.59 41.6 41.6 41.59 41.56 41.54 41.52 41.51 41.54 41.52 41.46 41.42 41.48 41.51 41.51 41.5 41.49 41.48 41.45 41.45 41.46 41.46 41.46 41.45 41.44 41.43 41.26 41 40.97 41.07 41.28 41.4 41.4 41.4 41.4 41.37 41.33 41.31 41.24 41.2 41.22 41.27 41.3 41.32 41.31 41.24 41.19 41.2 41.24 41.29 41.31 41.37 41.34 41.28 41.28 41.31 41.29 41.25 41.21 41.2
41.64 41.63 41.62 41.63 41.6 41.58 41.55 41.55 41.55 41.55 41.55 41.53 41.51 41.51 41.59 41.64 41.6 41.57 41.6 41.61 41.61 41.6 41.56 41.52 41.51 41.52 41.52 41.49 41.43 41.39 41.46 41.49 41.5 41.5 41.49 41.47 41.41 41.41 41.42 41.42 41.41 41.41 41.41 41.38 41.19 40.91 40.93 41.01 41.19 41.35 41.38 41.38 41.38 41.36 41.34 41.3 41.21 41.16 41.19 41.28 41.34 41.36 41.33 41.27 41.22 41.18 41.22 41.28 41.32 41.36 41.33 41.28 41.29 41.31 41.31 41.26 41.22 41.21
41.64 41.64 41.65 41.66 41.64 41.6 41.57 41.58 41.58 41.58 41.56 41.54 41.54 41.54 41.58 41.61 41.59 41.56 41.58 41.59 41.61 41.61 41.57 41.54 41.53 41.53 41.51 41.46 41.42 41.4 41.43 41.44 41.44 41.45 41.44 41.44 41.41 41.4 41.43 41.41 41.37 41.38 41.43 41.39 41.18 40.93 40.94 41 41.16 41.33 41.37 41.37 41.39 41.38 41.37 41.32 41.24 41.2 41.22 41.28 41.34 41.38 41.33 41.27 41.22 41.15 41.2 41.28 41.29 41.32 41.31 41.29 41.3 41.32 41.33 41.26 41.21 41.2
41.61 41.62 41.63 41.63 41.61 41.58 41.6 41.6 41.61 41.61 41.59 41.58 41.59 41.6 41.59 41.61 41.59 41.55 41.55 41.55 41.55 41.57 41.58 41.57 41.54 41.52 41.49 41.47 41.46 41.45 41.44 41.44 41.45 41.46 41.46 41.46 41.45 41.43 41.44 41.42 41.4 41.43 41.47 41.42 41.23 40.99 40.92 40.98 41.16 41.32 41.34 41.33 41.37 41.39 41.39 41.36 41.29 41.26 41.27 41.29 41.32 41.36 41.33 41.28 41.22 41.14 41.2 41.28 41.26 41.29 41.31 41.31 41.31 41.33 41.35 41.3 41.24 41.21
41.59 41.59 41.57 41.56 41.55 41.56 41.64 41.66 41.65 41.63 41.62 41.63 41.64 41.65 41.63 41.64 41.61 41.57 41.53 41.48 41.48 41.51 41.56 41.55 41.51 41.49 41.48 41.49 41.49 41.46 41.43 41.44 41.45 41.48 41.51 41.49 41.47 41.47 41.46 41.44 41.42 41.44 41.47 41.43 41.26 41.04 40.92 40.94 41.13 41.3 41.32 41.31 41.35 41.38 41.38 41.35 41.28 41.26 41.28 41.3 41.3 41.32 41.32 41.3 41.25 41.18 41.21 41.25 41.23 41.27 41.32 41.33 41.34 41.34 41.36 41.35 41.28 41.24
41.58 41.59 41.56 41.55 41.55 41.58 41.67 41.71 41.69 41.65 41.66 41.66 41.67 41.67 41.67 41.69 41.66 41.59 41.53 41.45 41.46 41.52 41.57 41.55 41.54 41.59 41.57 41.55 41.51 41.47 41.43 41.44 41.44 41.45 41.47 41.45 41.44 41.46 41.46 41.44 41.4 41.4 41.43 41.41 41.27 41.08 40.97 40.94 41.13 41.33 41.35 41.35 41.39 41.41 41.39 41.33 41.27 41.26 41.28 41.32 41.31 41.31 41.33 41.33 41.29 41.24 41.2 41.21 41.24 41.28 41.33 41.35 41.37 41.37 41.36 41.35 41.29 41.24
41.6 41.64 41.61 41.59 41.58 41.61 41.68 41.69 41.67 41.66 41.67 41.66 41.66 41.66 41.66 41.71 41.67 41.59 41.54 41.51 41.53 41.59 41.63 41.61 41.61 41.62 41.56 41.54 41.51 41.48 41.45 41.45 41.46 41.44 41.41 41.41 41.43 41.45 41.44 41.43 41.4 41.39 41.4 41.4 41.28 41.12 41.01 40.94 41.13 41.33 41.35 41.36 41.41 41.42 41.4 41.36 41.32 41.31 41.31 41.31 41.33 41.36 41.36 41.34 41.29 41.24 41.19 41.22 41.29 41.35 41.35 41.36 41.39 41.38 41.37 41.33 41.26 41.22
41.64 41.67 41.64 41.61 41.6 41.62 41.68 41.67 41.67 41.64 41.62 41.62 41.63 41.66 41.68 41.7 41.66 41.59 41.55 41.54 41.54 41.57 41.64 41.64 41.62 41.58 41.54 41.53 41.52 41.5 41.47 41.48 41.49 41.45 41.4 41.41 41.43 41.44 41.43 41.42 41.4 41.4 41.42 41.42 41.3 41.14 41.01 40.93 41.1 41.25 41.29 41.33 41.35 41.36 41.37 41.36 41.34 41.33 41.32 41.31 41.33 41.37 41.39 41.33 41.29 41.26 41.25 41.29 41.36 41.38 41.35 41.35 41.36 41.36 41.36 41.33 41.26 41.24
41.66 41.67 41.62 41.56 41.56 41.62 41.69 41.69 41.67 41.6 41.55 41.54 41.56 41.62 41.66 41.66 41.64 41.62 41.61 41.59 41.53 41.55 41.63 41.63 41.59 41.56 41.53 41.52 41.51 41.5 41.49 41.49 41.51 41.48 41.45 41.45 41.45 41.44 41.44 41.43 41.41 41.4 41.42 41.44 41.32 41.15 41.04 40.95 41.07 41.2 41.25 41.32 41.35 41.35 41.34 41.32 41.29 41.28 41.28 41.31 41.31 41.34 41.38 41.36 41.33 41.31 41.31 41.34 41.37 41.35 41.33 41.35 41.36 41.35 41.35 41.34 41.28 41.26
41.68 41.68 41.64 41.58 41.59 41.62 41.63 41.6 41.63 41.62 41.57 41.55 41.53 41.58 41.6 41.61 41.61 41.63 41.65 41.63 41.57 41.55 41.58 41.59 41.58 41.55 41.52 41.49 41.46 41.45 41.46 41.49 41.52 41.52 41.51 41.51 41.5 41.45 41.44 41.42 41.39 41.38 41.41 41.42 41.34 41.23 41.13 41.02 41.08 41.19 41.24 41.31 41.36 41.37 41.34 41.3 41.27 41.26 41.27 41.29 41.29 41.3 41.35 41.37 41.36 41.33 41.3 41.34 41.35 41.34 41.34 41.36 41.37 41.36 41.36 41.34 41.29 41.25
41.71 41.7 41.66 41.64 41.63 41.61 41.59 41.57 41.62 41.63 41.6 41.58 41.57 41.59 41.58 41.6 41.63 41.63 41.66 41.66 41.62 41.58 41.58 41.57 41.57 41.56 41.54 41.49 41.42 41.4 41.42 41.47 41.52 41.54 41.54 41.53 41.5 41.44 41.43 41.41 41.39 41.38 41.4 41.39 41.33 41.27 41.14 41 41.06 41.16 41.22 41.28 41.27 41.29 41.32 41.28 41.24 41.25 41.29 41.3 41.3 41.31 41.34 41.35 41.34 41.3 41.27 41.32 41.33 41.32 41.33 41.36 41.35 41.34 41.34 41.34 41.31 41.26
41.71 41.7 41.65 41.65 41.64 41.61 41.57 41.59 41.62 41.61 41.58 41.58 41.61 41.63 41.61 41.62 41.64 41.65 41.68 41.68 41.66 41.61 41.61 41.6 41.55 41.51 41.5 41.5 41.45 41.42 41.43 41.47 41.51 41.52 41.52 41.51 41.48 41.46 41.45 41.42 41.39 41.39 41.39 41.36 41.27 41.19 41.08 40.96 41.01 41.08 41.18 41.25 41.23 41.26 41.3 41.26 41.23 41.26 41.3 41.31 41.32 41.33 41.33 41.32 41.29 41.25 41.22 41.3 41.33 41.31 41.32 41.36 41.35 41.32 41.33 41.35 41.34 41.28
41.64 41.64 41.63 41.62 41.62 41.63 41.61 41.62 41.63 41.58 41.53 41.55 41.61 41.64 41.62 41.63 41.64 41.65 41.67 41.68 41.65 41.6 41.59 41.6 41.54 41.44 41.45 41.5 41.5 41.47 41.45 41.46 41.51 41.51 41.51 41.51 41.51 41.49 41.49 41.44 41.37 41.34 41.34 41.33 41.26 41.18 41.05 40.92 40.98 41.06 41.2 41.28 41.29 41.3 41.29 41.27 41.26 41.27 41.29 41.32 41.31 41.32 41.33 41.32 41.3 41.24 41.2 41.27 41.32 41.33 41.34 41.39 41.38 41.36 41.37 41.39 41.37 41.29
41.58 41.6 41.62 41.61 41.62 41.67 41.69 41.68 41.64 41.56 41.5 41.53 41.58 41.59 41.6 41.62 41.65 41.65 41.66 41.65 41.61 41.57 41.57 41.59 41.54 41.43 41.44 41.5 41.51 41.47 41.45 41.46 41.52 41.53 41.53 41.54 41.52 41.48 41.47 41.45 41.39 41.33 41.33 41.31 41.28 41.24 41.08 40.89 40.94 41.04 41.21 41.3 41.32 41.32 41.31 41.28 41.28 41.27 41.28 41.31 41.29 41.3 41.32 41.35 41.35 41.29 41.24 41.28 41.32 41.35 41.37 41.4 41.41 41.4 41.4 41.41 41.38 41.29
41.61 41.64 41.67 41.66 41.64 41.66 41.7 41.69 41.64 41.56 41.52 41.54 41.55 41.55 41.58 41.62 41.68 41.66 41.65 41.62 41.58 41.56 41.58 41.6 41.54 41.43 41.42 41.46 41.48 41.43 41.42 41.46 41.54 41.56 41.55 41.53 41.48 41.41 41.42 41.44 41.43 41.38 41.35 41.34 41.31 41.29 41.14 40.93 40.93 41.02 41.2 41.29 41.31 41.32 41.32 41.29 41.29 41.28 41.28 41.29 41.25 41.26 41.3 41.35 41.36 41.33 41.3 41.33 41.34 41.34 41.38 41.41 41.42 41.42 41.4 41.4 41.38 41.29
41.66 41.69 41.75 41.72 41.65 41.63 41.66 41.65 41.63 41.59 41.58 41.58 41.56 41.55 41.59 41.63 41.67 41.65 41.6 41.55 41.58 41.59 41.59 41.58 41.54 41.51 41.49 41.48 41.49 41.45 41.46 41.49 41.52 41.55 41.55 41.52 41.47 41.43 41.42 41.43 41.46 41.42 41.37 41.37 41.33 41.3 41.16 40.95 40.92 41.01 41.18 41.28 41.3 41.3 41.3 41.29 41.3 41.29 41.26 41.25 41.21 41.22 41.28 41.35 41.36 41.34 41.3 41.32 41.32 41.32 41.34 41.37 41.39 41.41 41.38 41.37 41.33 41.24
41.65 41.68 41.74 41.73 41.67 41.64 41.64 41.65 41.64 41.62 41.62 41.64 41.65 41.64 41.64 41.6 41.63 41.66 41.62 41.55 41.55 41.58 41.58 41.56 41.56 41.57 41.56 41.53 41.51 41.51 41.52 41.53 41.53 41.54 41.53 41.51 41.5 41.48 41.46 41.46 41.46 41.42 41.38 41.4 41.37 41.31 41.12 40.92 40.91 40.99 41.17 41.28 41.3 41.29 41.27 41.27 41.28 41.27 41.25 41.23 41.22 41.24 41.27 41.32 41.32 41.3 41.27 41.26 41.29 41.33 41.34 41.36 41.35 41.34 41.35 41.36 41.32 41.23
41.62 41.63 41.67 41.67 41.67 41.65 41.62 41.64 41.67 41.66 41.65 41.67 41.71 41.73 41.69 41.61 41.64 41.72 41.7 41.62 41.57 41.56 41.56 41.56 41.58 41.59 41.59 41.56 41.54 41.54 41.54 41.54 41.53 41.52 41.51 41.49 41.48 41.46 41.45 41.47 41.47 41.43 41.4 41.44 41.42 41.34 41.09 40.88 40.91 40.99 41.16 41.28 41.28 41.28 41.28 41.29 41.28 41.28 41.28 41.27 41.26 41.25 41.26 41.28 41.3 41.31 41.31 41.31 41.32 41.35 41.36 41.36 41.34 41.32 41.36 41.4 41.36 41.27
41.64 41.62 41.62 41.63 41.67 41.65 41.6 41.62 41.65 41.65 41.64 41.66 41.69 41.74 41.72 41.65 41.64 41.68 41.68 41.65 41.61 41.57 41.56 41.54 41.56 41.61 41.59 41.57 41.57 41.58 41.57 41.55 41.53 41.52 41.5 41.48 41.44 41.42 41.41 41.45 41.48 41.45 41.41 41.41 41.4 41.34 41.11 40.88 40.88 40.96 41.13 41.24 41.25 41.27 41.31 41.3 41.29 41.29 41.31 41.31 41.28 41.22 41.25 41.29 41.3 41.3 41.31 41.31 41.32 41.36 41.38 41.38 41.36 41.33 41.36 41.38 41.36 41.29
41.68 41.64 41.62 41.64 41.68 41.69 41.66 41.67 41.69 41.69 41.69 41.66 41.66 41.75 41.74 41.66 41.61 41.63 41.65 41.66 41.62 41.59 41.57 41.52 41.5 41.55 41.54 41.53 41.54 41.57 41.58 41.57 41.55 41.54 41.53 41.49 41.42 41.41 41.41 41.44 41.5 41.47 41.4 41.37 41.36 41.34 41.16 40.9 40.86 40.93 41.1 41.19 41.2 41.26 41.32 41.32 41.3 41.27 41.28 41.3 41.27 41.22 41.26 41.32 41.32 41.29 41.27 41.26 41.3 41.37 41.41 41.4 41.38 41.35 41.35 41.35 41.35 41.31
41.68 41.68 41.68 41.68 41.68 41.7 41.71 41.73 41.74 41.73 41.73 41.68 41.65 41.72 41.71 41.63 41.59 41.63 41.65 41.65 41.62 41.6 41.59 41.53 41.5 41.52 41.51 41.49 41.5 41.51 41.54 41.57 41.56 41.55 41.53 41.49 41.42 41.43 41.43 41.44 41.5 41.48 41.41 41.38 41.39 41.36 41.15 40.87 40.84 40.91 41.08 41.18 41.19 41.24 41.33 41.33 41.3 41.24 41.24 41.28 41.26 41.23 41.26 41.31 41.3 41.27 41.25 41.23 41.27 41.35 41.39 41.39 41.37 41.36 41.35 41.35 41.36 41.34
41.68 41.74 41.73 41.69 41.68 41.71 41.72 41.74 41.73 41.72 41.72 41.68 41.66 41.68 41.67 41.61 41.59 41.64 41.65 41.64 41.6 41.58 41.59 41.58 41.57 41.56 41.53 41.49 41.47 41.47 41.49 41.53 41.53 41.52 41.52 41.49 41.45 41.45 41.45 41.44 41.47 41.47 41.45 41.44 41.44 41.39 41.16 40.86 40.82 40.89 41.07 41.23 41.23 41.25 41.33 41.34 41.3 41.22 41.21 41.25 41.25 41.24 41.26 41.28 41.27 41.25 41.23 41.21 41.25 41.32 41.36 41.35 41.33 41.35 41.37 41.37 41.37 41.36
41.67 41.72 41.7 41.66 41.67 41.69 41.72 41.75 41.73 41.72 41.71 41.7 41.68 41.63 41.63 41.61 41.62 41.67 41.67 41.64 41.58 41.56 41.57 41.59 41.59 41.59 41.55 41.49 41.44 41.43 41.46 41.52 41.54 41.52 41.5 41.48 41.47 41.47 41.46 41.44 41.43 41.43 41.42 41.43 41.44 41.41 41.17 40.86 40.8 40.88 41.08 41.25 41.27 41.28 41.33 41.33 41.3 41.25 41.24 41.25 41.25 41.25 41.26 41.26 41.26 41.25 41.24 41.24 41.27 41.3 41.32 41.32 41.32 41.35 41.39 41.38 41.37 41.37
41.67 41.68 41.67 41.66 41.67 41.69 41.72 41.77 41.75 41.74 41.73 41.72 41.68 41.62 41.63 41.65 41.67 41.7 41.68 41.63 41.57 41.55 41.56 41.59 41.6 41.59 41.56 41.49 41.44 41.43 41.47 41.54 41.56 41.55 41.52 41.48 41.46 41.46 41.48 41.48 41.49 41.43 41.37 41.4 41.44 41.45 41.24 40.98 40.88 40.88 41.06 41.22 41.25 41.28 41.33 41.32 41.32 41.31 41.3 41.29 41.28 41.26 41.25 41.25 41.26 41.25 41.26 41.27 41.3 41.31 41.3 41.3 41.33 41.37 41.37 41.37 41.37 41.35
41.71 41.68 41.68 41.69 41.71 41.72 41.74 41.77 41.75 41.75 41.74 41.72 41.7 41.69 41.69 41.71 41.71 41.71 41.66 41.57 41.53 41.54 41.58 41.61 41.62 41.6 41.55 41.52 41.5 41.5 41.5 41.51 41.54 41.55 41.55 41.5 41.45 41.45 41.47 41.5 41.52 41.47 41.39 41.4 41.46 41.5 41.3 41.05 40.93 40.87 41.04 41.2 41.23 41.28 41.33 41.33 41.34 41.36 41.35 41.31 41.29 41.25 41.23 41.25 41.28 41.25 41.26 41.27 41.29 41.31 41.32 41.32 41.34 41.36 41.35 41.35 41.35 41.35
41.74 41.68 41.68 41.72 41.74 41.74 41.76 41.77 41.74 41.75 41.74 41.73 41.73 41.75 41.74 41.73 41.72 41.69 41.63 41.57 41.56 41.57 41.6 41.63 41.62 41.59 41.54 41.54 41.56 41.56 41.54 41.51 41.54 41.55 41.55 41.51 41.48 41.48 41.48 41.5 41.5 41.47 41.4 41.39 41.44 41.49 41.29 41.02 40.91 40.85 41.03 41.2 41.25 41.3 41.31 41.33 41.34 41.35 41.33 41.3 41.27 41.24 41.24 41.27 41.29 41.28 41.3 41.29 41.29 41.32 41.35 41.35 41.35 41.34 41.3 41.3 41.3 41.28
41.74 41.68 41.67 41.7 41.72 41.71 41.74 41.76 41.75 41.76 41.76 41.74 41.74 41.75 41.75 41.75 41.73 41.69 41.64 41.61 41.6 41.61 41.63 41.62 41.61 41.61 41.59 41.57 41.59 41.58 41.54 41.51 41.55 41.55 41.54 41.52 41.52 41.52 41.5 41.49 41.48 41.46 41.41 41.39 41.42 41.44 41.26 41.01 40.91 40.86 41.01 41.18 41.25 41.31 41.32 41.33 41.32 41.31 41.31 41.29 41.25 41.25 41.27 41.28 41.3 41.32 41.34 41.32 41.31 41.32 41.3 41.31 41.34 41.35 41.34 41.32 41.3 41.28
41.74 41.69 41.68 41.67 41.65 41.65 41.69 41.74 41.75 41.74 41.73 41.74 41.73 41.73 41.73 41.74 41.72 41.69 41.63 41.63 41.67 41.67 41.66 41.65 41.66 41.64 41.62 41.59 41.57 41.55 41.5 41.48 41.52 41.54 41.55 41.54 41.54 41.54 41.51 41.48 41.48 41.47 41.44 41.43 41.43 41.42 41.27 41.05 40.95 40.87 40.98 41.13 41.23 41.31 41.33 41.34 41.33 41.32 41.31 41.29 41.25 41.25 41.28 41.28 41.27 41.28 41.31 41.31 41.3 41.3 41.29 41.29 41.33 41.35 41.36 41.34 41.33 41.33
41.72 41.67 41.67 41.66 41.64 41.65 41.68 41.73 41.71 41.66 41.63 41.71 41.75 41.73 41.7 41.7 41.69 41.67 41.64 41.65 41.7 41.7 41.68 41.66 41.65 41.65 41.63 41.6 41.59 41.56 41.51 41.5 41.5 41.51 41.53 41.54 41.53 41.51 41.49 41.49 41.49 41.48 41.47 41.47 41.47 41.44 41.31 41.11 40.98 40.87 40.93 41.04 41.2 41.3 41.33 41.34 41.34 41.34 41.34 41.3 41.25 41.24 41.25 41.27 41.27 41.26 41.29 41.29 41.28 41.28 41.28 41.28 41.29 41.31 41.32 41.32 41.32 41.33
41.68 41.67 41.67 41.67 41.68 41.7 41.73 41.73 41.69 41.62 41.56 41.67 41.72 41.72 41.7 41.69 41.66 41.65 41.64 41.64 41.65 41.65 41.63 41.62 41.6 41.62 41.62 41.61 41.62 41.59 41.56 41.54 41.51 41.48 41.49 41.51 41.49 41.47 41.48 41.47 41.49 41.5 41.5 41.52 41.52 41.47 41.31 41.1 40.95 40.84 40.9 41 41.18 41.26 41.32 41.33 41.31 41.3 41.31 41.3 41.28 41.25 41.25 41.28 41.31 41.29 41.3 41.29 41.27 41.27 41.26 41.26 41.28 41.28 41.28 41.29 41.3 41.3
41.71 41.72 41.7 41.69 41.72 41.74 41.76 41.75 41.71 41.64 41.57 41.62 41.63 41.66 41.7 41.69 41.65 41.64 41.64 41.64 41.63 41.61 41.6 41.61 41.61 41.61 41.63 41.65 41.65 41.6 41.56 41.54 41.52 41.49 41.48 41.5 41.5 41.49 41.48 41.44 41.47 41.52 41.53 41.56 41.56 41.51 41.37 41.18 40.91 40.8 40.92 41.02 41.18 41.27 41.31 41.3 41.27 41.29 41.3 41.29 41.28 41.28 41.26 41.28 41.32 41.3 41.29 41.28 41.27 41.25 41.24 41.26 41.28 41.28 41.27 41.29 41.3 41.3
41.7 41.72 41.73 41.73 41.75 41.75 41.76 41.75 41.71 41.66 41.6 41.62 41.62 41.65 41.69 41.7 41.67 41.66 41.66 41.68 41.66 41.61 41.59 41.61 41.62 41.64 41.66 41.7 41.67 41.6 41.54 41.51 41.51 41.51 41.5 41.51 41.52 41.53 41.48 41.39 41.43 41.51 41.54 41.52 41.48 41.46 41.4 41.27 40.95 40.82 40.93 41.03 41.2 41.27 41.3 41.29 41.28 41.3 41.32 41.31 41.29 41.28 41.25 41.26 41.29 41.31 41.31 41.3 41.27 41.23 41.22 41.24 41.28 41.28 41.29 41.31 41.31 41.31
