slabs/70.grd
DSAA
631 301
645780 646410
4948700 4949000
38.6 46.43
[rows 170 to 203 of 300, columns 390 to 467 of 631]
40.11 40.13 40.14 40.15 40.17 40.19 40.21 40.23 40.23 40.26 40.24 40.2 40.15 40.13 40.12 40.11 40.12 40.13 40.12 40.1 40.1 40.1 40.1 40.1 40.1 40.1 40.1 40.1 40.1 40.09 40.07 40.03 39.99 39.95 39.89 39.92 40.01 40.08 40.19 40.24 40.24 40.22 40.2 40.2 40.2 40.21 40.23 40.22 40.22 40.21 40.18 40.11 40.12 40.19 40.27 40.28 40.26 40.2 40.11 40.03 40 39.98 40.01 40.04 40.05 40.04 40.04 40.06 40.08 40.08 40.07 40.05 40.01 39.95 39.91 39.92 39.92 39.91
40.11 40.13 40.14 40.15 40.16 40.18 40.21 40.24 40.24 40.24 40.24 40.2 40.15 40.14 40.12 40.11 40.11 40.12 40.12 40.1 40.09 40.09 40.08 40.09 40.11 40.11 40.09 40.08 40.09 40.08 40.06 40.03 39.99 39.92 39.85 39.91 40.02 40.13 40.22 40.23 40.23 40.21 40.2 40.2 40.2 40.21 40.2 40.19 40.18 40.17 40.14 40.07 40.1 40.22 40.29 40.27 40.24 40.17 40.11 40.06 40 39.96 39.98 40.02 40.04 40.03 40.02 40.03 40.05 40.06 40.06 40.04 39.99 39.94 39.94 39.95 39.94 39.92
40.11 40.13 40.14 40.16 40.17 40.17 40.2 40.24 40.24 40.24 40.24 40.21 40.16 40.15 40.12 40.09 40.1 40.11 40.1 40.08 40.08 40.07 40.06 40.07 40.11 40.1 40.08 40.09 40.1 40.08 40.05 40.04 40 39.93 39.89 39.98 40.07 40.19 40.23 40.22 40.21 40.2 40.2 40.2 40.19 40.18 40.17 40.16 40.15 40.14 40.14 40.15 40.18 40.26 40.27 40.24 40.21 40.15 40.1 40.07 39.98 39.93 39.96 39.98 40 40.01 40.01 40.02 40.03 40.04 40.06 40.03 39.97 39.97 39.99 40 39.99 39.96
40.12 40.13 40.14 40.16 40.18 40.17 40.2 40.24 40.25 40.24 40.25 40.22 40.17 40.15 40.11 40.08 40.08 40.1 40.11 40.08 40.08 40.07 40.06 40.07 40.09 40.08 40.07 40.08 40.1 40.08 40.07 40.07 40.04 39.96 39.99 40.09 40.16 40.22 40.21 40.2 40.19 40.19 40.19 40.19 40.18 40.16 40.15 40.14 40.13 40.12 40.16 40.2 40.23 40.27 40.25 40.23 40.18 40.12 40.08 40.05 39.97 39.91 39.91 39.93 39.96 39.98 39.99 40 40.01 40.05 40.07 40.04 39.98 39.98 40.01 40.03 40.01 39.98
40.13 40.12 40.13 40.14 40.14 40.15 40.18 40.22 40.24 40.25 40.26 40.22 40.17 40.15 40.11 40.09 40.09 40.11 40.12 40.08 40.09 40.08 40.06 40.06 40.07 40.06 40.06 40.07 40.08 40.08 40.08 40.1 40.07 40.01 40.07 40.18 40.2 40.21 40.19 40.17 40.17 40.16 40.17 40.17 40.16 40.14 40.12 40.11 40.11 40.12 40.16 40.2 40.24 40.25 40.22 40.2 40.14 40.08 40.05 40.02 39.96 39.89 39.87 39.89 39.93 39.95 39.97 39.98 40.01 40.06 40.1 40.06 39.99 39.97 39.99 40 39.96 39.92
40.11 40.09 40.1 40.1 40.11 40.13 40.18 40.21 40.22 40.23 40.24 40.21 40.17 40.15 40.11 40.1 40.11 40.11 40.1 40.08 40.08 40.08 40.05 40.05 40.06 40.06 40.06 40.06 40.07 40.07 40.06 40.07 40.06 40.04 40.11 40.2 40.2 40.18 40.16 40.15 40.14 40.14 40.14 40.14 40.13 40.12 40.1 40.09 40.1 40.13 40.17 40.2 40.24 40.22 40.19 40.16 40.11 40.06 40.02 39.99 39.94 39.87 39.85 39.87 39.91 39.94 39.95 39.97 40.02 40.07 40.1 40.07 39.99 39.96 39.96 39.94 39.86 39.82
40.09 40.09 40.1 40.11 40.13 40.14 40.18 40.22 40.22 40.21 40.22 40.2 40.16 40.14 40.1 40.09 40.1 40.09 40.08 40.06 40.06 40.07 40.06 40.05 40.06 40.07 40.07 40.06 40.07 40.07 40.06 40.05 40.04 40.03 40.09 40.16 40.17 40.15 40.14 40.13 40.12 40.11 40.11 40.11 40.1 40.09 40.07 40.07 40.1 40.14 40.18 40.21 40.23 40.2 40.16 40.14 40.08 40.03 39.99 39.97 39.91 39.86 39.84 39.85 39.89 39.92 39.93 39.97 40.06 40.11 40.11 40.07 39.99 39.94 39.92 39.87 39.8 39.76
40.08 40.09 40.11 40.13 40.15 40.16 40.17 40.2 40.22 40.21 40.21 40.19 40.15 40.13 40.09 40.07 40.08 40.08 40.08 40.07 40.06 40.06 40.07 40.06 40.06 40.07 40.07 40.06 40.07 40.09 40.06 40.06 40.05 40.01 40.03 40.09 40.11 40.11 40.1 40.1 40.09 40.08 40.08 40.08 40.07 40.06 40.05 40.06 40.1 40.15 40.19 40.21 40.21 40.17 40.14 40.11 40.06 40 39.97 39.94 39.89 39.86 39.84 39.83 39.85 39.89 39.91 40 40.13 40.18 40.15 40.07 39.97 39.93 39.9 39.84 39.8 39.8
40.07 40.08 40.1 40.12 40.13 40.13 40.15 40.2 40.21 40.21 40.2 40.18 40.15 40.12 40.09 40.07 40.07 40.07 40.08 40.08 40.07 40.07 40.06 40.05 40.06 40.07 40.06 40.06 40.09 40.11 40.05 40.04 40.03 39.97 39.92 39.96 40 40.06 40.07 40.07 40.06 40.06 40.06 40.06 40.05 40.04 40.03 40.06 40.12 40.16 40.2 40.21 40.19 40.14 40.11 40.08 40.03 39.98 39.94 39.92 39.88 39.86 39.84 39.82 39.83 39.87 39.9 40.02 40.17 40.22 40.18 40.05 39.94 39.93 39.92 39.87 39.84 39.82
40.09 40.09 40.09 40.1 40.11 40.11 40.14 40.19 40.2 40.2 40.19 40.18 40.15 40.13 40.1 40.08 40.08 40.07 40.07 40.07 40.07 40.06 40.04 40.02 40.04 40.06 40.06 40.06 40.07 40.07 40.04 40.02 40.01 39.95 39.88 39.87 39.93 40.02 40.05 40.04 40.04 40.04 40.04 40.03 40.03 40.03 40.05 40.08 40.13 40.17 40.21 40.2 40.17 40.12 40.08 40.06 40.01 39.96 39.92 39.9 39.87 39.85 39.84 39.82 39.83 39.86 39.9 39.99 40.1 40.17 40.13 40 39.91 39.91 39.92 39.91 39.87 39.83
40.11 40.1 40.08 40.1 40.1 40.11 40.14 40.18 40.18 40.19 40.2 40.2 40.17 40.14 40.09 40.08 40.08 40.08 40.08 40.05 40.05 40.05 40.03 40.04 40.05 40.06 40.05 40.03 40.04 40.04 40.03 40.03 40.02 39.96 39.89 39.89 39.94 40.01 40.04 40.03 40.03 40.02 40.02 40.01 40.01 40.03 40.06 40.1 40.15 40.18 40.2 40.19 40.14 40.09 40.06 40.03 39.98 39.94 39.91 39.88 39.87 39.86 39.84 39.81 39.83 39.85 39.88 39.94 39.99 40.03 40.02 39.98 39.93 39.91 39.91 39.91 39.88 39.87
40.09 40.09 40.08 40.1 40.11 40.11 40.13 40.17 40.18 40.19 40.2 40.21 40.19 40.13 40.07 40.05 40.06 40.09 40.09 40.05 40.05 40.05 40.04 40.04 40.06 40.07 40.05 40.02 40.04 40.05 40.03 40.03 40.01 39.96 39.91 39.92 39.96 40.03 40.06 40.05 40.04 40.02 40 40 39.99 40.03 40.08 40.11 40.16 40.18 40.19 40.16 40.11 40.07 40.03 40.01 39.96 39.92 39.9 39.87 39.88 39.87 39.84 39.8 39.82 39.83 39.85 39.9 39.94 39.96 39.96 39.96 39.94 39.92 39.91 39.9 39.9 39.9
40.08 40.08 40.09 40.1 40.1 40.1 40.11 40.16 40.17 40.19 40.19 40.21 40.2 40.12 40.06 40.04 40.04 40.05 40.06 40.05 40.05 40.05 40.04 40.03 40.04 40.05 40.04 40.02 40.02 40.04 40.04 40.03 40.01 39.95 39.91 39.92 39.96 40.03 40.07 40.06 40.05 40.02 39.99 39.98 39.98 40.03 40.09 40.12 40.17 40.17 40.16 40.13 40.09 40.05 40.02 39.98 39.93 39.89 39.88 39.88 39.89 39.88 39.85 39.81 39.82 39.82 39.84 39.89 39.9 39.91 39.91 39.9 39.88 39.87 39.88 39.9 39.92 39.92
40.08 40.08 40.08 40.07 40.08 40.11 40.11 40.13 40.15 40.18 40.18 40.2 40.18 40.11 40.08 40.06 40.04 40.02 40.04 40.04 40.04 40.05 40.04 40.03 40.03 40.03 40.02 40 40 40.01 40.03 40.03 40.01 39.94 39.91 39.91 39.94 40.02 40.06 40.06 40.05 40.02 39.99 39.98 39.99 40.04 40.09 40.13 40.18 40.17 40.15 40.12 40.07 40.03 40.01 39.96 39.9 39.88 39.91 39.94 39.93 39.89 39.86 39.82 39.82 39.81 39.83 39.86 39.85 39.84 39.84 39.83 39.81 39.81 39.84 39.9 39.93 39.93
40.06 40.06 40.05 40.04 40.07 40.1 40.1 40.12 40.14 40.17 40.17 40.19 40.17 40.11 40.08 40.06 40.04 40.03 40.04 40.04 40.04 40.04 40.04 40.03 40.03 40.03 40.02 40.01 40 40.01 40.03 40.03 40.02 39.95 39.92 39.9 39.91 39.99 40.03 40.03 40.03 40.02 40.01 40.02 40.05 40.1 40.13 40.15 40.15 40.14 40.13 40.11 40.08 40.04 40.02 39.97 39.94 39.95 39.98 40 39.96 39.92 39.88 39.81 39.8 39.79 39.8 39.83 39.82 39.8 39.79 39.76 39.74 39.76 39.82 39.9 39.94 39.93
40.06 40.07 40.06 40.05 40.06 40.09 40.09 40.11 40.13 40.16 40.18 40.18 40.16 40.11 40.08 40.06 40.05 40.04 40.04 40.04 40.04 40.04 40.04 40.03 40.02 40.03 40.03 40.02 40.01 40.03 40.03 40.05 40.04 39.96 39.91 39.9 39.9 39.94 39.98 39.98 39.99 40 40.02 40.04 40.08 40.11 40.14 40.16 40.13 40.11 40.11 40.12 40.11 40.09 40.07 40.03 40.01 40.01 40.02 40.03 40 39.97 39.93 39.83 39.77 39.75 39.77 39.8 39.79 39.78 39.77 39.73 39.69 39.72 39.82 39.91 39.94 39.93
40.05 40.07 40.07 40.06 40.07 40.09 40.09 40.11 40.13 40.16 40.17 40.18 40.16 40.11 40.08 40.07 40.05 40.03 40.04 40.04 40.04 40.04 40.03 40.02 40.02 40.02 40.02 40.02 40.02 40.03 40.04 40.05 40.04 39.97 39.91 39.91 39.9 39.91 39.94 39.95 39.96 40 40.06 40.1 40.14 40.17 40.19 40.2 40.17 40.13 40.14 40.14 40.12 40.11 40.09 40.05 40.04 40.02 40.03 40.04 40.02 40 39.96 39.85 39.76 39.73 39.75 39.8 39.79 39.78 39.76 39.72 39.68 39.71 39.82 39.91 39.93 39.91
40.04 40.05 40.06 40.05 40.06 40.08 40.09 40.13 40.14 40.16 40.17 40.18 40.16 40.11 40.08 40.07 40.04 40.02 40.02 40.03 40.05 40.04 40.03 40.01 40 40.02 40.02 40.02 40.02 40.03 40.03 40.02 40 39.95 39.9 39.89 39.9 39.95 40 40.01 40.05 40.09 40.13 40.18 40.22 40.24 40.24 40.24 40.21 40.18 40.18 40.16 40.11 40.09 40.07 40.05 40.04 40.02 40.02 40.03 40.02 39.99 39.95 39.86 39.77 39.74 39.76 39.84 39.83 39.81 39.78 39.74 39.7 39.73 39.83 39.91 39.92 39.89
40.04 40.04 40.05 40.04 40.05 40.07 40.09 40.13 40.15 40.17 40.18 40.19 40.17 40.12 40.08 40.06 40.03 40.02 40.02 40.03 40.04 40.05 40.05 40.03 40.01 40.03 40.03 40.03 40.03 40.02 40 40 39.99 39.94 39.89 39.88 39.89 39.91 39.98 40.09 40.15 40.18 40.2 40.22 40.23 40.24 40.24 40.22 40.2 40.18 40.17 40.14 40.1 40.07 40.07 40.06 40.04 40 40 40 39.98 39.96 39.93 39.85 39.78 39.76 39.79 39.86 39.86 39.85 39.81 39.77 39.75 39.76 39.84 39.9 39.88 39.87
40.04 40.03 40.03 40.03 40.05 40.07 40.08 40.11 40.13 40.17 40.19 40.19 40.18 40.13 40.08 40.06 40.03 40.01 40.01 40.02 40.04 40.06 40.06 40.04 40.01 40.05 40.05 40.02 40.02 40.02 40.01 40.02 40 39.96 39.92 39.9 39.89 39.89 39.97 40.12 40.19 40.21 40.21 40.21 40.21 40.21 40.2 40.19 40.17 40.15 40.14 40.11 40.08 40.05 40.05 40.06 40.04 40 39.98 39.96 39.94 39.94 39.92 39.87 39.79 39.78 39.8 39.84 39.85 39.85 39.83 39.81 39.79 39.79 39.83 39.86 39.82 39.84
40.04 40.03 40.03 40.02 40.03 40.05 40.07 40.09 40.12 40.16 40.17 40.18 40.17 40.12 40.07 40.06 40.03 40 40 40.01 40.03 40.04 40.04 40.02 40.01 40.03 40.03 40.02 40.01 40.01 40.01 40.01 39.99 39.96 39.94 39.92 39.92 39.95 40.02 40.15 40.2 40.19 40.19 40.17 40.16 40.16 40.16 40.15 40.14 40.13 40.11 40.08 40.03 40 40.02 40.02 40.02 40 39.97 39.96 39.95 39.95 39.94 39.88 39.81 39.79 39.78 39.8 39.81 39.81 39.83 39.85 39.85 39.83 39.81 39.8 39.78 39.78
40.04 40.05 40.04 40.02 40.02 40.04 40.06 40.07 40.12 40.16 40.16 40.17 40.16 40.1 40.05 40.04 40.01 40 40.02 40.03 40.04 40.02 40.01 40.01 40.01 40.02 40.02 40.02 40.02 40.01 40.01 39.99 39.97 39.93 39.92 39.91 39.93 40 40.06 40.16 40.19 40.19 40.18 40.15 40.13 40.12 40.11 40.11 40.11 40.1 40.09 40.05 40 39.99 39.99 39.98 39.97 39.96 39.96 39.98 39.99 39.99 39.97 39.9 39.82 39.8 39.78 39.8 39.81 39.83 39.86 39.89 39.86 39.83 39.8 39.81 39.79 39.76
40.03 40.05 40.04 40.01 40.01 40.03 40.04 40.06 40.13 40.17 40.17 40.17 40.16 40.11 40.06 40.04 40.01 40.01 40.03 40.05 40.04 40.01 40.01 40 40 40.01 40.03 40.05 40.03 40.03 40.02 39.99 39.96 39.93 39.9 39.87 39.91 40 40.06 40.14 40.18 40.2 40.18 40.14 40.11 40.1 40.09 40.08 40.08 40.09 40.09 40.07 40.02 40 39.99 39.97 39.94 39.92 39.94 40 40.03 40.03 40.02 39.92 39.84 39.8 39.77 39.8 39.83 39.85 39.89 39.9 39.87 39.83 39.81 39.83 39.81 39.77
40.02 40.04 40.04 40.02 40.01 40.03 40.04 40.06 40.12 40.16 40.16 40.15 40.15 40.11 40.06 40.04 40.02 40 40.02 40.03 40.03 40.02 40.03 40.01 39.99 40 40.03 40.05 40.04 40.04 40.03 39.99 39.98 39.97 39.92 39.85 39.87 39.97 40.03 40.11 40.15 40.18 40.18 40.16 40.12 40.1 40.08 40.07 40.06 40.07 40.08 40.09 40.07 40.03 39.99 39.98 39.93 39.92 39.92 39.95 39.97 39.98 39.96 39.88 39.8 39.77 39.75 39.78 39.8 39.83 39.86 39.86 39.86 39.83 39.8 39.79 39.79 39.78
40.02 40.04 40.03 40.02 40.02 40.02 40.02 40.04 40.1 40.15 40.15 40.15 40.14 40.11 40.07 40.05 40.03 40 39.99 39.99 40 40.01 40.03 40.02 39.99 39.99 40 40.02 40.02 40.02 40.01 39.98 39.99 40 39.96 39.87 39.87 39.96 40.01 40.07 40.12 40.15 40.16 40.16 40.14 40.12 40.09 40.08 40.06 40.06 40.07 40.07 40.05 40.03 39.99 39.97 39.94 39.94 39.93 39.93 39.94 39.94 39.92 39.87 39.79 39.78 39.77 39.77 39.78 39.82 39.83 39.84 39.84 39.83 39.78 39.75 39.76 39.78
40.02 40.02 40.01 40 40 40.02 40.02 40.04 40.09 40.14 40.14 40.13 40.12 40.1 40.08 40.06 40.02 40 39.99 39.99 40 40.01 40.03 40.03 39.99 39.97 39.98 40 39.99 39.99 39.98 39.97 39.98 40 39.97 39.91 39.89 39.95 39.99 40.03 40.07 40.1 40.13 40.15 40.14 40.12 40.08 40.06 40.04 40.04 40.04 40.01 40.01 40.01 39.99 39.97 39.97 39.97 39.96 39.95 39.97 39.97 39.96 39.92 39.85 39.8 39.77 39.76 39.78 39.82 39.84 39.85 39.85 39.85 39.8 39.75 39.75 39.77
40.01 40.01 40 39.99 39.99 40.02 40.03 40.05 40.1 40.13 40.13 40.12 40.12 40.1 40.08 40.05 40.02 40.02 40.01 40 40.01 40.03 40.03 40.03 39.99 39.97 39.97 39.99 39.99 39.99 39.98 39.96 39.98 39.98 39.96 39.92 39.9 39.93 39.95 39.99 40.03 40.05 40.08 40.1 40.08 40.05 40.01 40 39.98 40 40.02 40.03 40.01 40 39.99 39.98 39.98 39.98 39.96 39.96 39.99 40.01 40 39.98 39.91 39.8 39.74 39.74 39.77 39.84 39.86 39.86 39.88 39.89 39.83 39.75 39.75 39.76
40 40 39.99 39.99 39.99 40 40.01 40.04 40.09 40.12 40.13 40.13 40.12 40.11 40.07 40.04 40.02 40.02 40.01 40 40 40.01 40.01 40.01 39.99 39.97 39.98 39.99 40 40.01 39.99 39.97 39.98 39.96 39.94 39.88 39.86 39.86 39.88 39.93 39.97 39.98 40.02 40.03 40.01 39.95 39.88 39.9 39.91 39.94 40.01 40.05 40.03 40.01 39.98 39.98 39.97 39.97 39.98 40 40.03 40.05 40.04 40.02 39.94 39.78 39.73 39.73 39.78 39.86 39.88 39.89 39.91 39.91 39.83 39.74 39.74 39.76
39.99 39.99 40 39.99 39.99 39.99 40 40.02 40.07 40.11 40.13 40.12 40.12 40.12 40.08 40.03 40 39.99 39.98 39.98 39.98 39.99 39.99 39.98 39.97 39.95 39.97 39.99 40 40.02 40 39.98 39.97 39.96 39.92 39.86 39.84 39.84 39.85 39.89 39.92 39.94 39.98 39.99 39.96 39.9 39.84 39.89 39.91 39.94 40.01 40.04 40.04 40.02 39.98 39.96 39.96 39.99 40.03 40.05 40.06 40.07 40.07 40.05 39.94 39.75 39.73 39.74 39.79 39.89 39.94 39.95 39.96 39.92 39.82 39.75 39.75 39.76
39.99 40 40.02 40.01 39.99 40 40.02 40.02 40.06 40.11 40.12 40.11 40.11 40.12 40.09 40.03 40.01 39.99 39.98 39.98 39.98 39.99 39.99 39.98 39.95 39.94 39.96 39.98 39.97 39.98 39.98 39.97 39.97 39.96 39.92 39.87 39.83 39.82 39.84 39.89 39.91 39.93 39.96 39.97 39.94 39.93 39.93 39.97 39.98 40.01 40.03 40.03 40.03 40.01 39.98 39.96 39.97 40.03 40.06 40.04 40.04 40.05 40.05 40.05 39.94 39.75 39.73 39.75 39.8 39.92 40.01 40.01 39.99 39.93 39.82 39.76 39.76 39.76
39.98 40.01 40.02 40.02 40.01 40.02 40.06 40.05 40.05 40.09 40.1 40.09 40.1 40.12 40.09 40.04 40.02 39.99 39.98 39.99 40 39.99 39.98 39.97 39.95 39.96 39.97 39.98 39.96 39.96 39.97 39.99 39.98 39.96 39.9 39.84 39.79 39.77 39.79 39.85 39.88 39.91 39.95 39.94 39.9 39.93 40 40.04 40.04 40.05 40.06 40.04 40.02 39.99 39.98 39.98 40 40.04 40.04 40 40 40.01 40.02 40.03 39.94 39.78 39.74 39.75 39.8 39.92 39.99 39.96 39.96 39.92 39.83 39.78 39.76 39.76
39.98 39.99 40.01 40.02 40.01 40.03 40.07 40.06 40.04 40.07 40.08 40.1 40.12 40.12 40.09 40.04 40.01 39.97 39.96 39.98 39.99 39.97 39.96 39.96 39.95 39.95 39.96 39.96 39.96 39.95 39.97 39.99 39.97 39.93 39.85 39.78 39.73 39.7 39.71 39.77 39.83 39.87 39.93 39.91 39.83 39.86 39.95 40.02 40.03 40.04 40.04 40.03 40.01 39.98 39.99 40.01 40.01 40.01 39.97 39.95 39.95 39.96 39.96 39.96 39.91 39.81 39.75 39.74 39.75 39.78 39.82 39.83 39.89 39.9 39.85 39.81 39.77 39.76
39.98 39.98 40 40.01 40 40.02 40.03 40.01 40.02 40.07 40.07 40.08 40.09 40.09 40.06 40.02 40 39.97 39.96 39.98 39.99 39.97 39.96 39.95 39.95 39.95 39.95 39.94 39.91 39.91 39.94 39.96 39.94 39.91 39.82 39.74 39.68 39.66 39.66 39.73 39.8 39.84 39.92 39.92 39.84 39.82 39.87 39.96 39.99 40.01 40 39.98 39.96 39.95 39.96 39.98 39.97 39.95 39.94 39.93 39.92 39.89 39.87 39.85 39.84 39.79 39.73 39.71 39.71 39.74 39.78 39.81 39.87 39.89 39.86 39.82 39.77 39.76
39.98 39.98 39.99 39.99 39.98 39.99 39.99 39.99 40.03 40.07 40.07 40.07 40.08 40.07 40.06 40.03 40 39.98 39.98 39.98 39.99 39.98 39.97 39.97 39.97 39.96 39.94 39.93 39.89 39.89 39.92 39.93 39.92 39.89 39.83 39.73 39.67 39.65 39.67 39.74 39.8 39.83 39.91 39.96 39.92 39.85 39.86 39.93 39.94 39.95 39.97 39.97 39.95 39.92 39.92 39.93 39.92 39.93 39.92 39.91 39.89 39.86 39.83 39.81 39.8 39.77 39.73 39.71 39.72 39.78 39.83 39.85 39.89 39.9 39.88 39.83 39.75 39.75
