slabs/71.grd
DSAA
631 301
646410 647040
4946000 4946300
38.58 42.05
[rows 102 to 135 of 300, columns 546 to 623 of 631]
40.52 40.52 40.53 40.54 40.51 40.48 40.51 40.5 40.52 40.52 40.52 40.5 40.53 40.51 40.51 40.5 40.48 40.51 40.48 40.43 40.45 40.46 40.44 40.47 40.48 40.49 40.48 40.47 40.47 40.5 40.5 40.52 40.5 40.5 40.5 40.47 40.46 40.45 40.45 40.44 40.45 40.47 40.47 40.45 40.45 40.46 40.46 40.43 40.42 40.42 40.42 40.42 40.44 40.45 40.5 40.51 40.53 40.52 40.54 40.53 40.55 40.58 40.58 40.6 40.62 40.61 40.64 40.63 40.64 40.65 40.67 40.7 40.68 40.71 40.71 40.73 40.75 40.77
40.52 40.51 40.49 40.51 40.51 40.51 40.51 40.5 40.52 40.49 40.48 40.49 40.52 40.49 40.46 40.53 40.48 40.48 40.49 40.45 40.46 40.48 40.46 40.48 40.48 40.49 40.5 40.51 40.49 40.49 40.5 40.49 40.46 40.46 40.44 40.44 40.46 40.44 40.45 40.42 40.43 40.45 40.45 40.45 40.44 40.45 40.46 40.46 40.46 40.47 40.47 40.49 40.51 40.53 40.55 40.56 40.55 40.53 40.53 40.54 40.56 40.6 40.61 40.63 40.62 40.63 40.67 40.67 40.7 40.68 40.66 40.68 40.69 40.7 40.71 40.73 40.76 40.81
40.5 40.52 40.48 40.49 40.51 40.51 40.49 40.51 40.49 40.45 40.45 40.47 40.5 40.5 40.49 40.51 40.45 40.42 40.43 40.42 40.45 40.48 40.46 40.48 40.47 40.45 40.43 40.51 40.5 40.5 40.51 40.49 40.43 40.44 40.42 40.42 40.43 40.42 40.4 40.41 40.43 40.45 40.47 40.49 40.48 40.48 40.51 40.54 40.55 40.54 40.54 40.52 40.53 40.56 40.54 40.53 40.54 40.57 40.56 40.61 40.63 40.66 40.63 40.63 40.66 40.68 40.71 40.73 40.72 40.7 40.67 40.67 40.71 40.74 40.77 40.78 40.79 40.82
40.5 40.51 40.5 40.49 40.51 40.52 40.51 40.53 40.48 40.45 40.48 40.51 40.49 40.48 40.45 40.49 40.48 40.43 40.44 40.47 40.48 40.5 40.49 40.48 40.47 40.44 40.46 40.51 40.48 40.48 40.49 40.48 40.45 40.45 40.46 40.43 40.41 40.41 40.41 40.46 40.49 40.49 40.53 40.54 40.52 40.53 40.53 40.54 40.54 40.54 40.55 40.55 40.56 40.57 40.56 40.55 40.57 40.64 40.63 40.65 40.67 40.68 40.67 40.68 40.69 40.71 40.73 40.75 40.75 40.74 40.73 40.73 40.75 40.77 40.81 40.83 40.85 40.83
40.5 40.48 40.45 40.48 40.47 40.47 40.49 40.51 40.49 40.46 40.48 40.47 40.48 40.46 40.45 40.46 40.48 40.47 40.46 40.5 40.49 40.46 40.43 40.44 40.44 40.44 40.46 40.47 40.45 40.46 40.47 40.47 40.46 40.46 40.49 40.47 40.45 40.46 40.5 40.54 40.58 40.56 40.58 40.57 40.55 40.53 40.53 40.56 40.56 40.58 40.61 40.6 40.64 40.62 40.61 40.59 40.61 40.64 40.63 40.63 40.65 40.67 40.69 40.69 40.72 40.73 40.74 40.78 40.8 40.78 40.82 40.83 40.82 40.83 40.86 40.86 40.88 40.85
40.48 40.48 40.47 40.49 40.49 40.47 40.48 40.5 40.48 40.48 40.5 40.5 40.49 40.47 40.44 40.43 40.45 40.44 40.43 40.45 40.45 40.42 40.4 40.43 40.43 40.42 40.45 40.46 40.47 40.47 40.48 40.5 40.49 40.47 40.5 40.5 40.52 40.52 40.56 40.57 40.58 40.59 40.58 40.56 40.58 40.58 40.58 40.62 40.63 40.64 40.66 40.64 40.63 40.62 40.65 40.64 40.63 40.65 40.64 40.63 40.68 40.72 40.74 40.74 40.74 40.8 40.81 40.84 40.85 40.84 40.86 40.87 40.87 40.9 40.9 40.88 40.88 40.87
40.47 40.47 40.48 40.48 40.47 40.47 40.48 40.48 40.47 40.49 40.5 40.49 40.5 40.48 40.45 40.45 40.43 40.41 40.38 40.39 40.42 40.41 40.41 40.43 40.43 40.42 40.46 40.5 40.52 40.52 40.54 40.55 40.54 40.51 40.53 40.53 40.54 40.56 40.58 40.58 40.59 40.6 40.63 40.6 40.6 40.63 40.66 40.65 40.67 40.68 40.67 40.67 40.68 40.67 40.67 40.68 40.68 40.7 40.71 40.71 40.78 40.79 40.78 40.81 40.84 40.86 40.86 40.87 40.87 40.87 40.88 40.88 40.9 40.91 40.91 40.89 40.87 40.87
40.46 40.48 40.46 40.42 40.44 40.46 40.45 40.45 40.46 40.48 40.47 40.45 40.46 40.47 40.43 40.44 40.44 40.41 40.38 40.35 40.4 40.42 40.42 40.44 40.44 40.47 40.51 40.55 40.56 40.59 40.61 40.61 40.59 40.57 40.56 40.6 40.6 40.62 40.63 40.65 40.65 40.63 40.66 40.67 40.67 40.67 40.67 40.69 40.7 40.74 40.71 40.7 40.71 40.72 40.71 40.74 40.76 40.77 40.79 40.8 40.83 40.83 40.81 40.84 40.9 40.89 40.88 40.86 40.88 40.9 40.91 40.91 40.91 40.9 40.91 40.9 40.88 40.85
40.43 40.44 40.44 40.39 40.39 40.42 40.42 40.42 40.4 40.41 40.43 40.42 40.43 40.45 40.43 40.42 40.44 40.4 40.42 40.39 40.38 40.44 40.49 40.49 40.49 40.52 40.57 40.62 40.66 40.63 40.63 40.61 40.61 40.63 40.64 40.63 40.64 40.67 40.68 40.67 40.66 40.66 40.69 40.7 40.71 40.71 40.74 40.74 40.76 40.77 40.78 40.79 40.78 40.8 40.77 40.8 40.79 40.82 40.83 40.85 40.83 40.84 40.84 40.86 40.89 40.89 40.9 40.88 40.9 40.93 40.95 40.93 40.94 40.92 40.93 40.9 40.89 40.86
40.4 40.4 40.4 40.39 40.37 40.38 40.4 40.41 40.39 40.38 40.41 40.43 40.44 40.46 40.45 40.44 40.44 40.42 40.44 40.46 40.48 40.51 40.53 40.54 40.55 40.59 40.62 40.66 40.67 40.7 40.7 40.68 40.66 40.68 40.69 40.68 40.69 40.7 40.72 40.71 40.7 40.71 40.73 40.74 40.75 40.79 40.81 40.82 40.81 40.84 40.85 40.84 40.83 40.84 40.82 40.83 40.83 40.84 40.82 40.85 40.85 40.85 40.87 40.9 40.89 40.91 40.92 40.91 40.92 40.95 40.95 40.95 40.93 40.92 40.91 40.9 40.86 40.89
40.38 40.39 40.39 40.42 40.38 40.35 40.37 40.41 40.41 40.42 40.42 40.45 40.47 40.48 40.47 40.47 40.45 40.45 40.44 40.48 40.51 40.53 40.55 40.58 40.58 40.64 40.64 40.67 40.68 40.71 40.74 40.72 40.67 40.67 40.71 40.71 40.73 40.77 40.77 40.75 40.77 40.81 40.8 40.8 40.8 40.82 40.84 40.86 40.84 40.87 40.89 40.87 40.86 40.85 40.83 40.83 40.86 40.86 40.85 40.87 40.87 40.86 40.88 40.91 40.92 40.92 40.95 40.98 40.97 40.98 40.96 40.97 40.95 40.93 40.9 40.91 40.89 40.88
40.38 40.38 40.41 40.43 40.41 40.39 40.39 40.43 40.42 40.45 40.49 40.47 40.48 40.48 40.46 40.46 40.46 40.46 40.48 40.53 40.55 40.55 40.56 40.6 40.63 40.66 40.7 40.69 40.69 40.72 40.75 40.74 40.72 40.73 40.76 40.78 40.8 40.83 40.81 40.8 40.83 40.86 40.85 40.85 40.83 40.83 40.86 40.86 40.87 40.89 40.92 40.89 40.87 40.87 40.85 40.84 40.87 40.9 40.92 40.92 40.91 40.89 40.9 40.92 40.91 40.94 40.96 40.98 41.01 40.98 40.96 40.95 40.94 40.93 40.94 40.91 40.91 40.93
40.4 40.4 40.42 40.46 40.48 40.45 40.45 40.47 40.46 40.49 40.49 40.49 40.49 40.48 40.5 40.5 40.5 40.51 40.53 40.56 40.6 40.61 40.6 40.64 40.66 40.67 40.72 40.73 40.74 40.76 40.77 40.75 40.77 40.79 40.8 40.82 40.84 40.86 40.84 40.84 40.85 40.86 40.88 40.87 40.85 40.86 40.88 40.89 40.91 40.91 40.92 40.9 40.88 40.9 40.88 40.87 40.89 40.88 40.9 40.92 40.91 40.89 40.9 40.89 40.92 40.96 40.96 40.97 41 40.98 40.97 40.96 40.93 40.92 40.95 40.94 40.93 40.92
40.47 40.48 40.48 40.49 40.49 40.47 40.45 40.49 40.49 40.5 40.51 40.51 40.5 40.54 40.56 40.56 40.56 40.56 40.58 40.6 40.63 40.65 40.67 40.67 40.71 40.75 40.78 40.77 40.8 40.79 40.79 40.78 40.8 40.81 40.84 40.85 40.86 40.89 40.85 40.85 40.86 40.87 40.89 40.88 40.86 40.86 40.88 40.9 40.92 40.94 40.93 40.91 40.91 40.91 40.9 40.87 40.86 40.9 40.93 40.92 40.92 40.93 40.96 40.95 40.97 41 41.01 40.99 41 40.99 40.98 40.97 40.95 40.92 40.94 40.98 40.97 40.95
40.5 40.49 40.49 40.5 40.49 40.48 40.5 40.53 40.53 40.53 40.53 40.56 40.55 40.59 40.63 40.64 40.63 40.61 40.63 40.63 40.66 40.7 40.74 40.72 40.74 40.77 40.81 40.84 40.83 40.83 40.82 40.82 40.84 40.83 40.87 40.89 40.89 40.91 40.87 40.88 40.9 40.91 40.91 40.89 40.88 40.9 40.88 40.89 40.91 40.91 40.92 40.93 40.91 40.93 40.93 40.94 40.91 40.93 40.94 40.92 40.92 40.94 40.96 40.96 40.99 40.99 41.01 41 41.02 40.99 40.99 40.97 40.95 40.93 40.96 40.98 40.98 40.98
40.53 40.55 40.55 40.54 40.55 40.52 40.54 40.53 40.55 40.58 40.57 40.6 40.62 40.63 40.66 40.69 40.69 40.68 40.7 40.7 40.71 40.74 40.77 40.77 40.77 40.8 40.83 40.87 40.85 40.87 40.86 40.86 40.88 40.88 40.9 40.92 40.93 40.9 40.89 40.89 40.9 40.91 40.92 40.9 40.9 40.89 40.89 40.88 40.89 40.91 40.92 40.91 40.93 40.93 40.91 40.92 40.95 40.93 40.93 40.94 40.95 40.97 40.97 40.96 41 41.01 41.01 41.02 41.03 41 41 40.98 40.96 40.95 40.97 40.98 40.99 40.97
40.57 40.56 40.58 40.58 40.57 40.53 40.56 40.58 40.58 40.63 40.64 40.67 40.68 40.7 40.7 40.71 40.72 40.71 40.72 40.73 40.73 40.76 40.77 40.79 40.78 40.8 40.83 40.86 40.86 40.87 40.87 40.88 40.9 40.91 40.93 40.93 40.95 40.93 40.91 40.93 40.92 40.93 40.94 40.92 40.9 40.88 40.86 40.88 40.91 40.9 40.9 40.92 40.93 40.94 40.94 40.92 40.94 40.93 40.91 40.93 40.96 40.98 40.99 40.99 41.02 41.03 41.02 41.04 41.03 41.01 41.02 41.01 40.97 40.95 40.97 40.99 40.99 40.96
40.57 40.61 40.63 40.63 40.63 40.61 40.64 40.67 40.66 40.69 40.69 40.71 40.72 40.75 40.73 40.72 40.73 40.73 40.71 40.71 40.72 40.77 40.79 40.79 40.79 40.79 40.81 40.85 40.86 40.86 40.85 40.88 40.89 40.89 40.94 40.94 40.97 40.96 40.94 40.94 40.91 40.93 40.95 40.94 40.94 40.91 40.89 40.9 40.92 40.92 40.93 40.93 40.92 40.96 40.95 40.95 40.93 40.93 40.93 40.94 40.96 40.97 40.99 41.02 41.05 41.04 41.04 41.06 41.04 41.03 41.02 41.02 40.98 40.95 40.95 40.96 40.96 40.96
40.64 40.68 40.71 40.7 40.7 40.68 40.69 40.71 40.71 40.73 40.73 40.74 40.75 40.77 40.75 40.73 40.74 40.74 40.72 40.73 40.71 40.78 40.81 40.81 40.81 40.81 40.81 40.81 40.84 40.86 40.85 40.89 40.92 40.92 40.91 40.91 40.97 40.95 40.92 40.93 40.91 40.93 40.91 40.91 40.93 40.9 40.88 40.9 40.93 40.93 40.93 40.94 40.95 40.97 40.97 40.97 40.94 40.92 40.95 40.98 40.97 40.97 40.98 41.01 41.04 41.05 41.06 41.07 41.04 41.03 41.03 41.01 40.97 40.93 40.94 40.94 40.94 40.96
40.7 40.71 40.73 40.72 40.71 40.69 40.71 40.73 40.74 40.74 40.75 40.74 40.75 40.77 40.76 40.75 40.75 40.76 40.74 40.73 40.72 40.78 40.78 40.78 40.8 40.82 40.83 40.86 40.85 40.88 40.91 40.93 40.94 40.93 40.91 40.93 40.94 40.92 40.9 40.91 40.91 40.93 40.91 40.9 40.91 40.91 40.89 40.91 40.95 40.97 40.97 40.97 40.97 40.96 40.97 40.96 40.96 40.95 40.97 40.98 40.97 40.98 40.97 41 41.03 41.04 41.04 41.05 41.04 41.02 41.01 40.98 40.96 40.93 40.92 40.93 40.93 40.92
40.71 40.72 40.72 40.7 40.7 40.7 40.72 40.74 40.74 40.75 40.75 40.74 40.74 40.76 40.73 40.73 40.74 40.78 40.78 40.76 40.75 40.76 40.78 40.77 40.76 40.8 40.8 40.83 40.84 40.84 40.87 40.9 40.9 40.92 40.92 40.92 40.92 40.95 40.93 40.93 40.9 40.91 40.93 40.92 40.9 40.91 40.9 40.92 40.95 40.97 40.99 40.98 40.97 40.96 40.97 40.96 40.99 40.98 40.99 40.96 40.97 40.98 41.01 41.02 41.01 41.03 41.03 41.02 41.01 41.02 41.02 41 41.02 40.98 40.97 40.95 40.93 40.95
40.72 40.74 40.73 40.7 40.7 40.7 40.72 40.74 40.73 40.73 40.75 40.74 40.75 40.72 40.7 40.69 40.69 40.7 40.72 40.74 40.73 40.73 40.76 40.75 40.76 40.77 40.78 40.8 40.82 40.83 40.87 40.89 40.89 40.92 40.94 40.93 40.93 40.95 40.95 40.91 40.9 40.91 40.92 40.94 40.92 40.94 40.92 40.93 40.95 40.97 40.98 40.99 40.98 40.97 40.99 40.97 41 40.98 40.98 40.96 40.97 41 41.02 41.04 41.01 41.02 41.01 40.99 41 41.02 41.01 41 41.01 41.01 40.99 41 40.97 40.97
40.74 40.76 40.74 40.69 40.71 40.7 40.73 40.75 40.73 40.73 40.73 40.72 40.7 40.65 40.66 40.68 40.7 40.69 40.7 40.72 40.7 40.73 40.76 40.76 40.76 40.79 40.79 40.8 40.81 40.82 40.86 40.87 40.89 40.93 40.94 40.94 40.92 40.93 40.96 40.91 40.91 40.91 40.92 40.93 40.93 40.96 40.95 40.94 40.96 40.99 40.99 41.02 40.99 41 41.01 41 41 40.97 40.97 40.98 41 41.02 41.01 41 40.99 40.99 40.99 40.99 40.99 41.01 41.01 41 41.01 40.99 40.99 40.99 40.96 40.97
40.74 40.77 40.76 40.75 40.76 40.74 40.75 40.73 40.74 40.72 40.73 40.7 40.69 40.68 40.68 40.69 40.68 40.7 40.72 40.72 40.74 40.76 40.78 40.76 40.77 40.8 40.8 40.8 40.8 40.85 40.89 40.89 40.88 40.94 40.95 40.94 40.92 40.94 40.96 40.94 40.92 40.92 40.95 40.95 40.95 40.97 40.97 40.97 41 41.02 41.01 41.03 41 41 41.02 41.01 40.98 40.97 40.97 41 41 41.01 41.02 41.02 41 41 40.99 40.98 40.98 40.98 40.99 41.01 41 40.99 40.97 40.99 40.99 40.98
40.78 40.76 40.74 40.71 40.71 40.74 40.74 40.75 40.74 40.75 40.72 40.69 40.68 40.69 40.67 40.69 40.67 40.69 40.72 40.71 40.74 40.75 40.76 40.74 40.77 40.8 40.8 40.8 40.79 40.87 40.89 40.89 40.88 40.93 40.95 40.94 40.92 40.95 40.95 40.95 40.94 40.93 40.96 40.99 40.97 40.96 40.98 40.99 41.03 41.02 41 41.03 41 40.98 41.04 41.06 41.04 41.01 40.98 41 41.03 41.03 41.01 41 41.02 41.03 41.01 41.01 41 40.98 40.98 40.99 40.96 40.96 40.98 40.99 40.99 40.99
40.78 40.78 40.76 40.75 40.72 40.74 40.77 40.75 40.73 40.75 40.72 40.71 40.7 40.69 40.68 40.68 40.68 40.7 40.72 40.72 40.73 40.75 40.75 40.74 40.77 40.8 40.81 40.8 40.8 40.86 40.87 40.88 40.9 40.93 40.94 40.94 40.92 40.95 40.94 40.96 40.97 40.95 40.97 40.99 41 40.97 40.96 41 41.03 41.04 41.05 41.03 41.01 41.03 41.04 41.04 41.04 41.04 41.02 41.03 41.04 41.03 41.02 41.01 41.01 41.02 41.03 41.01 40.99 40.98 40.99 40.97 40.95 40.95 40.99 40.97 40.97 40.99
40.79 40.79 40.79 40.78 40.75 40.78 40.77 40.76 40.77 40.75 40.73 40.76 40.74 40.71 40.7 40.7 40.7 40.72 40.71 40.73 40.74 40.75 40.75 40.77 40.79 40.81 40.81 40.78 40.82 40.9 40.89 40.89 40.9 40.92 40.92 40.91 40.93 40.95 40.95 40.94 40.96 40.97 40.99 40.95 40.97 40.96 40.97 41.04 41.02 41.01 41.06 41.05 41.03 41.03 41.04 41.04 41.03 41.03 41.04 41.03 41 41.02 41.02 41.03 41.02 41.02 41.04 41.02 40.99 41 41 40.99 40.97 40.97 40.99 40.96 40.95 40.98
40.81 40.81 40.82 40.83 40.81 40.81 40.8 40.78 40.79 40.77 40.76 40.77 40.75 40.73 40.71 40.72 40.73 40.74 40.71 40.73 40.76 40.75 40.76 40.79 40.82 40.81 40.79 40.77 40.83 40.9 40.89 40.87 40.88 40.91 40.92 40.92 40.94 40.96 40.94 40.92 40.97 41 40.99 40.97 40.98 40.98 40.98 41 41.02 41.04 41.06 41.05 41.03 41.04 41.05 41.03 41.05 41.06 41.07 41.03 41 41.02 41.03 41.06 41.05 41.05 41.06 41.03 41.03 41.03 41.01 41.01 40.98 40.95 40.96 40.96 40.95 40.98
40.83 40.82 40.84 40.84 40.82 40.78 40.79 40.79 40.79 40.78 40.78 40.76 40.76 40.74 40.73 40.75 40.76 40.74 40.73 40.73 40.76 40.78 40.79 40.82 40.84 40.83 40.81 40.8 40.83 40.9 40.88 40.88 40.91 40.92 40.91 40.9 40.93 40.94 40.94 40.93 40.97 40.99 41 41 41.02 41 40.98 40.97 41 41.05 41.06 41.05 41.04 41.03 41.05 41.03 41.06 41.07 41.07 41.03 41.02 41.04 41.04 41.06 41.06 41.07 41.08 41.04 41.05 41.03 41.01 40.99 40.97 40.95 40.95 40.96 40.96 40.99
40.82 40.82 40.84 40.84 40.82 40.78 40.77 40.78 40.76 40.77 40.78 40.76 40.78 40.76 40.78 40.79 40.76 40.74 40.75 40.75 40.79 40.8 40.81 40.83 40.85 40.83 40.84 40.82 40.85 40.84 40.84 40.88 40.91 40.92 40.93 40.94 40.94 40.93 40.94 40.97 40.98 41.01 41.01 41.02 41 41.02 40.99 40.99 41.02 41.05 41.05 41.06 41.06 41.04 41.05 41.04 41.07 41.07 41.05 41.03 41.03 41.05 41.04 41.05 41.07 41.06 41.05 41.04 41.04 41.03 41.03 41 40.97 40.94 40.99 40.98 40.97 40.98
40.8 40.82 40.84 40.84 40.85 40.82 40.79 40.78 40.75 40.75 40.73 40.74 40.75 40.78 40.8 40.81 40.76 40.74 40.74 40.74 40.76 40.77 40.78 40.79 40.83 40.86 40.85 40.83 40.85 40.88 40.9 40.91 40.92 40.9 40.91 40.95 40.98 40.97 40.98 40.99 41 41.01 41.02 41 40.98 41 40.99 41 41.03 41.05 41.04 41.07 41.08 41.07 41.06 41.04 41.06 41.07 41.05 41.04 41.04 41.05 41.06 41.07 41.09 41.09 41.05 41.02 41.03 41 41.01 40.99 40.97 40.94 40.96 40.99 41.01 40.95
40.76 40.81 40.84 40.85 40.87 40.84 40.82 40.79 40.76 40.76 40.75 40.76 40.78 40.8 40.78 40.78 40.78 40.75 40.73 40.75 40.75 40.73 40.75 40.77 40.82 40.83 40.85 40.87 40.89 40.9 40.9 40.92 40.91 40.9 40.91 40.95 40.96 40.96 40.98 41 41.01 41.01 41.01 41 40.98 40.98 40.99 41.02 41.05 41.06 41.04 41.07 41.07 41.09 41.07 41.06 41.05 41.06 41.06 41.05 41.04 41.04 41.06 41.05 41.04 41.03 41.01 41 41 40.99 40.97 40.95 40.95 40.96 40.96 40.99 40.98 40.94
40.73 40.8 40.82 40.82 40.83 40.81 40.81 40.8 40.8 40.79 40.78 40.78 40.78 40.8 40.81 40.79 40.76 40.75 40.75 40.76 40.78 40.77 40.78 40.8 40.84 40.87 40.86 40.86 40.9 40.92 40.91 40.92 40.92 40.91 40.91 40.93 40.95 40.96 40.97 41 41.02 41.01 41 41 40.96 40.97 41 41.02 41.06 41.05 41.04 41.07 41.05 41.08 41.05 41.06 41.07 41.05 41.06 41.06 41.05 41.04 41.02 41.04 41.04 41.02 41.01 40.99 40.99 40.99 40.98 40.96 40.95 40.95 40.97 40.99 40.98 40.96
40.74 40.77 40.81 40.8 40.79 40.8 40.83 40.84 40.79 40.81 40.82 40.81 40.81 40.78 40.81 40.83 40.76 40.74 40.76 40.79 40.79 40.8 40.79 40.81 40.86 40.88 40.88 40.91 40.94 40.93 40.95 40.93 40.92 40.9 40.89 40.91 40.93 40.96 40.96 40.99 41.01 41.01 40.98 40.97 40.94 40.95 41 41.01 41.02 41.03 41.03 41.06 41.06 41.07 41.05 41.06 41.05 41.04 41.03 41.05 41.06 41.04 41.04 41.02 41.02 41.01 41.01 40.99 40.97 40.99 41.01 40.99 40.99 40.96 40.97 40.95 40.95 40.96
