slabs/71.grd
DSAA
631 301
646410 647040
4946000 4946300
38.58 42.05
[rows 102 to 135 of 300, columns 0 to 77 of 631]
40.24 40.15 39.92 39.78 39.91 40.16 40.29 40.3 40.28 40.25 40.24 40.25 40.28 40.29 40.28 40.25 40.22 40.21 40.22 40.24 40.25 40.2 40.14 40.17 40.21 40.22 40.23 40.22 40.19 40.14 40.09 40.08 40.1 40.12 40.13 40.16 40.19 40.22 40.22 40.2 40.18 40.16 40.19 40.23 40.23 40.23 40.21 40.17 40.16 40.14 40.12 40.08 40.07 40.09 40.12 40.17 40.19 40.24 40.26 40.25 40.27 40.26 40.26 40.21 40.15 40.13 40.16 40.18 40.14 40.18 40.23 40.23 40.25 40.29 40.31 40.28 40.29 40.33
40.27 40.23 40.01 39.8 39.89 40.12 40.26 40.26 40.25 40.23 40.21 40.23 40.27 40.27 40.26 40.23 40.18 40.18 40.2 40.2 40.21 40.16 40.08 40.11 40.15 40.16 40.2 40.2 40.18 40.16 40.13 40.09 40.09 40.1 40.12 40.16 40.18 40.2 40.21 40.21 40.19 40.18 40.18 40.19 40.2 40.2 40.18 40.17 40.17 40.18 40.16 40.09 40.05 40.07 40.12 40.16 40.19 40.22 40.26 40.26 40.26 40.27 40.27 40.22 40.16 40.14 40.16 40.2 40.21 40.21 40.21 40.22 40.23 40.28 40.32 40.3 40.27 40.29
40.29 40.27 40.11 39.93 39.93 40.07 40.17 40.21 40.25 40.24 40.23 40.24 40.27 40.27 40.26 40.21 40.17 40.19 40.2 40.18 40.19 40.17 40.11 40.12 40.11 40.11 40.18 40.21 40.19 40.19 40.16 40.1 40.09 40.1 40.13 40.17 40.18 40.18 40.2 40.2 40.17 40.16 40.15 40.16 40.19 40.2 40.19 40.18 40.19 40.21 40.18 40.11 40.04 40.05 40.1 40.15 40.16 40.18 40.23 40.23 40.21 40.22 40.24 40.22 40.17 40.16 40.17 40.23 40.28 40.25 40.22 40.23 40.25 40.28 40.32 40.32 40.29 40.28
40.29 40.3 40.24 40.1 39.96 40.02 40.1 40.19 40.26 40.23 40.21 40.22 40.26 40.25 40.21 40.18 40.17 40.18 40.19 40.17 40.18 40.18 40.16 40.14 40.1 40.08 40.15 40.19 40.18 40.2 40.17 40.11 40.11 40.12 40.15 40.18 40.18 40.16 40.17 40.18 40.13 40.1 40.11 40.15 40.22 40.24 40.22 40.22 40.23 40.23 40.2 40.13 40.07 40.07 40.11 40.15 40.18 40.18 40.2 40.21 40.2 40.21 40.25 40.28 40.27 40.24 40.2 40.23 40.27 40.27 40.25 40.24 40.23 40.26 40.31 40.34 40.31 40.3
40.26 40.28 40.25 40.12 39.96 39.99 40.1 40.18 40.25 40.24 40.23 40.22 40.23 40.23 40.2 40.19 40.17 40.17 40.19 40.19 40.18 40.19 40.16 40.12 40.09 40.07 40.11 40.15 40.15 40.18 40.18 40.13 40.1 40.13 40.16 40.19 40.18 40.15 40.17 40.18 40.12 40.08 40.1 40.15 40.2 40.23 40.25 40.25 40.26 40.24 40.2 40.15 40.08 40.06 40.09 40.16 40.19 40.18 40.18 40.21 40.2 40.2 40.25 40.32 40.35 40.32 40.27 40.27 40.25 40.25 40.27 40.26 40.24 40.25 40.29 40.33 40.32 40.3
40.22 40.23 40.2 40.13 39.97 39.94 40.06 40.15 40.25 40.26 40.25 40.23 40.2 40.21 40.21 40.19 40.16 40.15 40.18 40.2 40.21 40.21 40.18 40.1 40.04 40.01 40.08 40.15 40.15 40.16 40.17 40.12 40.09 40.14 40.17 40.19 40.18 40.16 40.17 40.18 40.16 40.14 40.15 40.17 40.18 40.23 40.27 40.26 40.27 40.24 40.2 40.16 40.12 40.1 40.13 40.19 40.22 40.21 40.2 40.2 40.2 40.22 40.25 40.3 40.35 40.32 40.29 40.29 40.25 40.25 40.27 40.25 40.23 40.23 40.26 40.29 40.29 40.29
40.21 40.21 40.21 40.16 39.95 39.87 40 40.12 40.25 40.28 40.27 40.25 40.22 40.22 40.22 40.19 40.16 40.17 40.18 40.21 40.24 40.25 40.21 40.11 40.02 40 40.08 40.18 40.17 40.16 40.17 40.14 40.13 40.16 40.18 40.19 40.16 40.15 40.16 40.19 40.21 40.2 40.19 40.22 40.24 40.27 40.29 40.25 40.22 40.21 40.19 40.17 40.16 40.14 40.14 40.17 40.19 40.18 40.18 40.19 40.19 40.2 40.22 40.25 40.29 40.3 40.3 40.3 40.27 40.26 40.26 40.24 40.22 40.23 40.25 40.25 40.27 40.3
40.22 40.24 40.27 40.21 39.98 39.87 40 40.11 40.25 40.29 40.29 40.29 40.28 40.25 40.24 40.21 40.18 40.19 40.19 40.21 40.25 40.27 40.26 40.18 40.1 40.08 40.12 40.2 40.21 40.2 40.2 40.2 40.18 40.18 40.18 40.15 40.12 40.12 40.13 40.18 40.23 40.23 40.23 40.24 40.23 40.23 40.26 40.27 40.26 40.24 40.19 40.16 40.15 40.14 40.12 40.15 40.18 40.18 40.18 40.19 40.18 40.17 40.2 40.21 40.24 40.29 40.3 40.32 40.3 40.26 40.25 40.25 40.23 40.23 40.25 40.24 40.26 40.29
40.25 40.28 40.3 40.24 40.04 39.91 39.94 40.05 40.21 40.27 40.28 40.31 40.29 40.24 40.25 40.24 40.2 40.19 40.19 40.21 40.26 40.29 40.28 40.21 40.15 40.16 40.16 40.2 40.24 40.23 40.24 40.24 40.21 40.16 40.15 40.14 40.13 40.14 40.14 40.15 40.16 40.17 40.19 40.2 40.18 40.19 40.22 40.24 40.25 40.24 40.21 40.19 40.17 40.14 40.1 40.12 40.15 40.16 40.18 40.21 40.19 40.19 40.2 40.19 40.23 40.29 40.33 40.35 40.33 40.27 40.23 40.22 40.21 40.21 40.23 40.25 40.26 40.29
40.28 40.31 40.31 40.27 40.11 39.95 39.88 39.97 40.17 40.24 40.27 40.3 40.29 40.25 40.25 40.25 40.21 40.21 40.22 40.25 40.27 40.29 40.28 40.21 40.16 40.18 40.19 40.22 40.25 40.24 40.25 40.25 40.24 40.19 40.15 40.15 40.16 40.15 40.15 40.15 40.12 40.11 40.14 40.18 40.18 40.2 40.22 40.23 40.23 40.21 40.19 40.2 40.2 40.15 40.11 40.11 40.12 40.14 40.16 40.18 40.21 40.24 40.22 40.18 40.22 40.31 40.36 40.38 40.35 40.3 40.24 40.21 40.2 40.2 40.23 40.24 40.25 40.27
40.34 40.34 40.31 40.28 40.17 40.03 39.92 39.95 40.14 40.24 40.27 40.3 40.32 40.31 40.29 40.26 40.24 40.24 40.25 40.28 40.3 40.31 40.29 40.24 40.17 40.15 40.17 40.21 40.24 40.25 40.24 40.22 40.22 40.18 40.13 40.15 40.19 40.19 40.17 40.15 40.11 40.1 40.14 40.19 40.2 40.2 40.22 40.23 40.23 40.22 40.18 40.17 40.17 40.16 40.13 40.11 40.11 40.12 40.13 40.14 40.19 40.25 40.23 40.2 40.22 40.29 40.35 40.36 40.35 40.3 40.25 40.23 40.21 40.2 40.23 40.25 40.24 40.22
40.38 40.38 40.33 40.28 40.21 40.13 39.99 39.92 40.1 40.24 40.28 40.31 40.32 40.31 40.3 40.29 40.28 40.28 40.28 40.28 40.31 40.33 40.29 40.23 40.14 40.06 40.1 40.18 40.22 40.21 40.2 40.2 40.2 40.16 40.13 40.15 40.17 40.19 40.19 40.17 40.15 40.14 40.17 40.21 40.19 40.18 40.2 40.23 40.23 40.23 40.2 40.15 40.15 40.17 40.15 40.13 40.11 40.1 40.12 40.15 40.18 40.21 40.21 40.2 40.22 40.27 40.32 40.34 40.33 40.29 40.25 40.22 40.19 40.16 40.16 40.18 40.19 40.2
40.38 40.41 40.37 40.3 40.23 40.18 39.98 39.82 40.02 40.2 40.26 40.3 40.29 40.28 40.26 40.27 40.29 40.29 40.28 40.27 40.27 40.26 40.25 40.24 40.2 40.14 40.11 40.15 40.19 40.2 40.2 40.19 40.17 40.15 40.13 40.14 40.15 40.18 40.2 40.18 40.16 40.15 40.18 40.21 40.19 40.16 40.19 40.24 40.23 40.22 40.22 40.19 40.19 40.2 40.16 40.14 40.12 40.12 40.15 40.18 40.17 40.14 40.12 40.11 40.14 40.21 40.24 40.22 40.23 40.25 40.27 40.26 40.21 40.15 40.13 40.13 40.16 40.19
40.38 40.4 40.37 40.28 40.21 40.16 39.99 39.81 39.94 40.13 40.2 40.25 40.25 40.25 40.23 40.23 40.25 40.24 40.24 40.26 40.27 40.27 40.25 40.22 40.21 40.18 40.11 40.09 40.11 40.17 40.2 40.18 40.17 40.17 40.14 40.12 40.13 40.16 40.2 40.18 40.15 40.15 40.18 40.21 40.2 40.17 40.19 40.23 40.22 40.22 40.23 40.2 40.19 40.17 40.13 40.13 40.12 40.1 40.12 40.15 40.17 40.16 40.1 40.07 40.12 40.19 40.23 40.23 40.25 40.26 40.26 40.23 40.19 40.16 40.14 40.12 40.13 40.17
40.36 40.37 40.35 40.28 40.2 40.14 40.01 39.84 39.91 40.1 40.15 40.19 40.23 40.26 40.22 40.23 40.28 40.26 40.24 40.28 40.31 40.3 40.25 40.21 40.2 40.18 40.1 40.04 40.05 40.12 40.17 40.16 40.19 40.2 40.15 40.12 40.12 40.15 40.19 40.19 40.17 40.15 40.17 40.22 40.19 40.15 40.16 40.17 40.17 40.21 40.22 40.16 40.13 40.12 40.12 40.1 40.1 40.11 40.11 40.12 40.14 40.17 40.15 40.13 40.17 40.2 40.22 40.25 40.24 40.24 40.24 40.22 40.19 40.16 40.14 40.12 40.13 40.15
40.35 40.33 40.33 40.31 40.23 40.17 40.03 39.82 39.85 40.01 40.1 40.17 40.22 40.27 40.24 40.22 40.25 40.25 40.25 40.28 40.31 40.3 40.27 40.23 40.21 40.18 40.11 40.03 40.02 40.08 40.15 40.16 40.18 40.18 40.13 40.1 40.1 40.14 40.18 40.19 40.18 40.15 40.14 40.16 40.12 40.09 40.14 40.2 40.22 40.24 40.25 40.23 40.19 40.14 40.12 40.1 40.1 40.11 40.11 40.1 40.12 40.16 40.17 40.17 40.19 40.22 40.25 40.26 40.23 40.21 40.21 40.21 40.2 40.17 40.14 40.12 40.12 40.12
40.34 40.32 40.31 40.26 40.21 40.18 40.06 39.85 39.81 39.91 40.05 40.16 40.18 40.22 40.24 40.22 40.22 40.23 40.22 40.24 40.28 40.3 40.28 40.25 40.22 40.19 40.1 40.02 40 40.05 40.14 40.15 40.14 40.13 40.09 40.04 40.04 40.09 40.15 40.18 40.16 40.15 40.15 40.15 40.13 40.1 40.12 40.17 40.22 40.26 40.26 40.24 40.19 40.15 40.12 40.08 40.09 40.11 40.12 40.12 40.15 40.18 40.2 40.19 40.18 40.2 40.22 40.25 40.26 40.22 40.19 40.2 40.19 40.16 40.14 40.12 40.1 40.1
40.34 40.31 40.28 40.23 40.19 40.17 40.09 39.91 39.77 39.84 40.03 40.15 40.18 40.21 40.24 40.22 40.21 40.21 40.2 40.21 40.24 40.28 40.29 40.25 40.22 40.17 40.09 40.02 39.99 40.03 40.12 40.17 40.17 40.14 40.08 40.04 40.06 40.11 40.14 40.14 40.14 40.14 40.16 40.17 40.17 40.17 40.17 40.19 40.23 40.27 40.26 40.25 40.2 40.14 40.11 40.09 40.09 40.1 40.12 40.13 40.14 40.17 40.22 40.23 40.2 40.17 40.16 40.22 40.29 40.24 40.19 40.19 40.18 40.15 40.12 40.1 40.09 40.08
40.36 40.32 40.28 40.24 40.2 40.18 40.11 39.93 39.77 39.8 39.98 40.13 40.21 40.25 40.27 40.24 40.22 40.21 40.2 40.2 40.22 40.25 40.28 40.22 40.16 40.13 40.09 40.05 40.01 40.02 40.12 40.2 40.2 40.16 40.1 40.06 40.06 40.1 40.13 40.13 40.12 40.12 40.14 40.16 40.18 40.19 40.19 40.17 40.19 40.22 40.23 40.23 40.2 40.16 40.14 40.12 40.09 40.1 40.13 40.15 40.15 40.16 40.21 40.23 40.22 40.18 40.15 40.2 40.27 40.24 40.21 40.19 40.17 40.16 40.13 40.1 40.08 40.08
40.35 40.3 40.28 40.25 40.23 40.22 40.13 39.97 39.85 39.8 39.91 40.12 40.21 40.27 40.3 40.27 40.24 40.22 40.19 40.2 40.24 40.25 40.23 40.17 40.13 40.1 40.08 40.08 40.04 40.01 40.11 40.21 40.22 40.18 40.13 40.1 40.08 40.08 40.13 40.16 40.15 40.12 40.12 40.15 40.17 40.21 40.2 40.14 40.15 40.19 40.21 40.22 40.22 40.2 40.17 40.14 40.09 40.08 40.12 40.16 40.17 40.16 40.17 40.19 40.2 40.18 40.2 40.23 40.25 40.23 40.22 40.18 40.16 40.17 40.17 40.12 40.08 40.08
40.36 40.32 40.28 40.26 40.23 40.23 40.18 40.05 39.95 39.84 39.87 40.1 40.18 40.26 40.31 40.27 40.23 40.22 40.18 40.18 40.2 40.21 40.22 40.21 40.17 40.15 40.13 40.11 40.05 40.03 40.14 40.21 40.22 40.17 40.11 40.1 40.09 40.09 40.14 40.19 40.18 40.15 40.14 40.16 40.18 40.22 40.2 40.15 40.15 40.19 40.22 40.23 40.25 40.24 40.2 40.15 40.09 40.08 40.1 40.12 40.13 40.14 40.15 40.17 40.18 40.15 40.15 40.21 40.24 40.21 40.21 40.17 40.12 40.15 40.14 40.09 40.07 40.09
40.36 40.34 40.3 40.26 40.22 40.22 40.2 40.09 39.96 39.86 39.85 40.03 40.14 40.23 40.31 40.27 40.24 40.22 40.19 40.15 40.15 40.16 40.19 40.22 40.21 40.16 40.12 40.12 40.05 40.02 40.13 40.18 40.19 40.18 40.14 40.15 40.14 40.12 40.16 40.19 40.18 40.17 40.16 40.16 40.18 40.2 40.17 40.16 40.17 40.2 40.24 40.25 40.26 40.25 40.2 40.17 40.12 40.1 40.12 40.12 40.12 40.13 40.13 40.15 40.15 40.1 40.11 40.16 40.22 40.21 40.22 40.2 40.14 40.14 40.15 40.12 40.07 40.08
40.33 40.32 40.29 40.26 40.22 40.21 40.18 40.08 39.98 39.84 39.78 39.97 40.09 40.18 40.27 40.28 40.28 40.25 40.18 40.15 40.16 40.16 40.17 40.2 40.21 40.17 40.12 40.12 40.04 40.01 40.11 40.17 40.19 40.19 40.18 40.18 40.17 40.14 40.14 40.14 40.15 40.16 40.17 40.16 40.16 40.17 40.14 40.15 40.19 40.21 40.25 40.25 40.25 40.23 40.18 40.16 40.14 40.13 40.16 40.15 40.14 40.15 40.16 40.15 40.14 40.13 40.12 40.13 40.17 40.19 40.2 40.19 40.16 40.17 40.18 40.14 40.11 40.12
40.3 40.29 40.28 40.26 40.23 40.23 40.19 40.08 39.97 39.83 39.75 39.94 40.1 40.17 40.25 40.29 40.3 40.26 40.19 40.16 40.18 40.18 40.19 40.23 40.22 40.18 40.14 40.14 40.08 40.04 40.1 40.18 40.2 40.21 40.2 40.18 40.16 40.13 40.12 40.11 40.12 40.16 40.18 40.14 40.12 40.16 40.17 40.18 40.2 40.23 40.26 40.26 40.23 40.2 40.18 40.14 40.11 40.12 40.15 40.14 40.1 40.11 40.14 40.15 40.16 40.14 40.1 40.08 40.13 40.16 40.17 40.16 40.14 40.14 40.16 40.15 40.14 40.16
40.27 40.27 40.26 40.26 40.26 40.26 40.2 40.1 40.03 39.88 39.73 39.86 40.05 40.17 40.27 40.31 40.29 40.23 40.18 40.19 40.22 40.23 40.23 40.23 40.22 40.19 40.16 40.14 40.13 40.07 40.06 40.11 40.17 40.21 40.19 40.18 40.15 40.11 40.1 40.11 40.13 40.15 40.17 40.14 40.12 40.18 40.21 40.21 40.2 40.2 40.23 40.24 40.22 40.2 40.19 40.14 40.09 40.12 40.16 40.11 40.06 40.09 40.11 40.13 40.14 40.13 40.08 40.04 40.08 40.13 40.15 40.14 40.12 40.12 40.13 40.12 40.12 40.14
40.27 40.28 40.28 40.26 40.26 40.25 40.19 40.13 40.1 39.95 39.75 39.77 39.97 40.17 40.25 40.28 40.26 40.2 40.18 40.19 40.2 40.23 40.23 40.2 40.19 40.19 40.17 40.15 40.14 40.07 40 40.02 40.11 40.19 40.17 40.19 40.18 40.14 40.09 40.11 40.14 40.13 40.14 40.13 40.16 40.2 40.18 40.19 40.19 40.16 40.16 40.2 40.24 40.24 40.23 40.19 40.13 40.13 40.14 40.09 40.06 40.09 40.12 40.14 40.13 40.09 40.06 40.04 40.09 40.17 40.17 40.14 40.12 40.11 40.09 40.08 40.09 40.11
40.32 40.29 40.28 40.26 40.25 40.23 40.19 40.15 40.12 39.98 39.78 39.72 39.88 40.11 40.2 40.23 40.23 40.19 40.16 40.17 40.19 40.21 40.2 40.19 40.19 40.2 40.18 40.16 40.14 40.06 39.97 39.98 40.08 40.19 40.2 40.22 40.23 40.19 40.14 40.14 40.14 40.14 40.15 40.15 40.15 40.16 40.15 40.14 40.13 40.13 40.14 40.19 40.28 40.3 40.27 40.2 40.15 40.14 40.13 40.09 40.05 40.03 40.06 40.11 40.12 40.08 40.06 40.04 40.09 40.17 40.17 40.13 40.11 40.08 40.06 40.07 40.09 40.1
40.31 40.28 40.25 40.26 40.24 40.19 40.14 40.13 40.1 39.99 39.8 39.68 39.8 40.03 40.15 40.2 40.22 40.16 40.13 40.16 40.18 40.2 40.2 40.21 40.21 40.21 40.19 40.17 40.15 40.07 39.98 40.01 40.12 40.2 40.21 40.21 40.21 40.19 40.16 40.15 40.11 40.1 40.14 40.15 40.15 40.14 40.11 40.12 40.15 40.15 40.16 40.2 40.29 40.35 40.31 40.2 40.15 40.14 40.12 40.08 40.03 39.99 40 40.05 40.07 40.06 40.06 40.04 40.06 40.1 40.13 40.13 40.09 40.05 40.05 40.06 40.07 40.06
40.33 40.3 40.27 40.29 40.26 40.19 40.12 40.1 40.1 40.02 39.84 39.69 39.74 39.92 40.1 40.18 40.19 40.15 40.12 40.13 40.16 40.19 40.21 40.22 40.22 40.21 40.2 40.17 40.15 40.1 40.02 40.05 40.17 40.21 40.21 40.21 40.2 40.19 40.16 40.14 40.12 40.11 40.11 40.12 40.12 40.11 40.1 40.1 40.13 40.16 40.18 40.2 40.26 40.31 40.29 40.21 40.15 40.13 40.12 40.07 40.01 39.99 40 40.03 40.03 40.03 40.05 40.06 40.06 40.06 40.1 40.14 40.1 40.06 40.05 40.05 40.05 40.04
40.33 40.3 40.29 40.3 40.27 40.2 40.14 40.12 40.1 40.04 39.89 39.74 39.7 39.82 40.04 40.15 40.17 40.17 40.13 40.12 40.14 40.16 40.18 40.22 40.23 40.22 40.21 40.19 40.18 40.16 40.07 40.07 40.11 40.15 40.19 40.2 40.22 40.21 40.19 40.16 40.14 40.15 40.15 40.14 40.12 40.11 40.11 40.1 40.12 40.14 40.16 40.18 40.21 40.22 40.23 40.21 40.15 40.12 40.12 40.07 40 40 40.01 40.02 40.04 40.06 40.06 40.06 40.06 40.05 40.08 40.12 40.11 40.08 40.05 40.03 40.03 40.01
40.3 40.28 40.29 40.3 40.28 40.22 40.17 40.15 40.12 40.04 39.92 39.8 39.71 39.76 40.02 40.16 40.19 40.17 40.12 40.09 40.12 40.15 40.15 40.18 40.22 40.21 40.2 40.21 40.22 40.2 40.15 40.08 40.03 40.1 40.18 40.2 40.22 40.22 40.22 40.18 40.15 40.17 40.18 40.17 40.16 40.15 40.14 40.12 40.1 40.08 40.11 40.15 40.17 40.17 40.18 40.2 40.16 40.11 40.11 40.06 39.99 39.98 39.99 40.02 40.05 40.08 40.05 40.01 40.02 40.05 40.09 40.11 40.09 40.08 40.08 40.04 40.03 40.02
40.29 40.29 40.3 40.32 40.29 40.23 40.19 40.19 40.14 40.06 39.95 39.84 39.72 39.73 39.98 40.14 40.17 40.16 40.12 40.1 40.12 40.14 40.15 40.16 40.18 40.19 40.18 40.18 40.2 40.2 40.2 40.1 39.98 40.05 40.16 40.2 40.22 40.22 40.23 40.18 40.13 40.15 40.17 40.18 40.17 40.16 40.16 40.14 40.09 40.05 40.09 40.14 40.17 40.19 40.18 40.18 40.15 40.1 40.1 40.06 40.02 40.03 40.02 40.01 40.02 40.03 40.04 40.03 40 40.04 40.09 40.11 40.12 40.11 40.08 40.03 40 40
40.28 40.28 40.3 40.31 40.29 40.25 40.22 40.22 40.16 40.07 39.97 39.87 39.74 39.71 39.93 40.1 40.13 40.13 40.12 40.12 40.12 40.13 40.13 40.13 40.15 40.16 40.16 40.15 40.16 40.22 40.27 40.16 40 40.03 40.12 40.16 40.21 40.24 40.25 40.2 40.14 40.15 40.17 40.17 40.15 40.14 40.15 40.16 40.12 40.08 40.09 40.12 40.16 40.2 40.19 40.16 40.12 40.08 40.08 40.07 40.03 40.01 40 39.99 39.99 39.98 39.99 40.03 40.03 40.03 40.04 40.09 40.12 40.12 40.08 40.01 39.98 39.98
40.24 40.27 40.3 40.29 40.27 40.25 40.23 40.2 40.16 40.08 40.01 39.93 39.8 39.71 39.83 39.98 40.09 40.12 40.14 40.13 40.11 40.12 40.12 40.11 40.13 40.17 40.18 40.16 40.15 40.23 40.29 40.19 40.05 40.04 40.08 40.13 40.21 40.26 40.28 40.25 40.19 40.16 40.17 40.18 40.18 40.16 40.17 40.19 40.16 40.13 40.11 40.11 40.14 40.16 40.16 40.15 40.13 40.13 40.12 40.07 40.01 39.97 39.94 39.94 39.96 39.96 39.99 40.02 40.02 40.01 40 40.04 40.06 40.08 40.07 40 39.95 39.95
