slabs/71.grd
DSAA
631 301
646410 647040
4946000 4946300
38.58 42.05
[rows 204 to 237 of 300, columns 78 to 155 of 631]
39.66 39.64 39.64 39.63 39.6 39.55 39.52 39.53 39.55 39.57 39.61 39.61 39.6 39.59 39.63 39.71 39.73 39.76 39.72 39.67 39.69 39.72 39.73 39.76 39.79 39.77 39.76 39.74 39.71 39.71 39.72 39.74 39.74 39.73 39.76 39.9 40.02 40.08 40.11 40.08 40.01 39.96 39.91 39.89 39.91 39.9 39.87 39.82 39.77 39.76 39.81 39.9 39.93 39.94 39.9 39.84 39.83 39.83 39.85 39.89 39.9 39.9 39.9 39.87 39.87 39.91 39.96 39.99 39.92 39.79 39.68 39.58 39.58 39.63 39.66 39.67 39.71 39.77
39.65 39.64 39.63 39.62 39.61 39.58 39.57 39.55 39.52 39.55 39.57 39.59 39.58 39.59 39.63 39.68 39.7 39.71 39.7 39.67 39.67 39.68 39.67 39.69 39.73 39.74 39.72 39.69 39.71 39.74 39.75 39.76 39.78 39.76 39.75 39.85 39.95 40.02 40.08 40.05 39.99 39.97 39.92 39.87 39.88 39.88 39.86 39.81 39.76 39.74 39.78 39.87 39.93 39.95 39.91 39.83 39.8 39.81 39.85 39.88 39.91 39.92 39.9 39.88 39.86 39.89 39.93 39.96 39.92 39.82 39.69 39.57 39.59 39.66 39.7 39.72 39.73 39.75
39.68 39.66 39.64 39.62 39.61 39.6 39.61 39.58 39.53 39.53 39.55 39.55 39.56 39.58 39.62 39.68 39.7 39.68 39.66 39.64 39.64 39.65 39.66 39.69 39.72 39.73 39.73 39.73 39.73 39.75 39.75 39.73 39.76 39.76 39.74 39.81 39.91 39.99 40.06 40.05 40 39.98 39.91 39.84 39.83 39.83 39.82 39.79 39.77 39.74 39.74 39.8 39.87 39.94 39.92 39.85 39.8 39.82 39.87 39.88 39.9 39.91 39.89 39.88 39.87 39.89 39.92 39.92 39.91 39.83 39.72 39.67 39.65 39.66 39.71 39.73 39.72 39.71
39.69 39.68 39.65 39.63 39.62 39.61 39.61 39.59 39.55 39.55 39.54 39.52 39.54 39.57 39.6 39.65 39.68 39.69 39.67 39.63 39.62 39.63 39.66 39.71 39.75 39.74 39.73 39.74 39.74 39.75 39.74 39.73 39.75 39.75 39.73 39.75 39.82 39.9 40.01 40.05 40.04 40.01 39.91 39.81 39.77 39.79 39.79 39.77 39.77 39.75 39.7 39.72 39.79 39.89 39.91 39.88 39.84 39.83 39.86 39.85 39.89 39.94 39.92 39.91 39.88 39.87 39.9 39.92 39.92 39.88 39.79 39.73 39.67 39.65 39.7 39.72 39.73 39.75
39.68 39.68 39.66 39.65 39.63 39.59 39.6 39.6 39.58 39.58 39.56 39.54 39.55 39.59 39.59 39.62 39.66 39.68 39.67 39.65 39.66 39.68 39.67 39.68 39.74 39.72 39.69 39.72 39.74 39.77 39.76 39.74 39.75 39.75 39.7 39.71 39.75 39.85 40 40.08 40.09 40.04 39.93 39.81 39.75 39.77 39.79 39.76 39.77 39.75 39.7 39.69 39.76 39.86 39.9 39.92 39.9 39.85 39.83 39.83 39.88 39.92 39.92 39.93 39.9 39.88 39.91 39.93 39.93 39.87 39.78 39.72 39.66 39.66 39.68 39.71 39.74 39.76
39.7 39.71 39.69 39.65 39.62 39.58 39.57 39.58 39.55 39.53 39.52 39.54 39.57 39.58 39.6 39.65 39.66 39.65 39.66 39.66 39.65 39.65 39.64 39.65 39.69 39.69 39.68 39.71 39.74 39.77 39.77 39.74 39.76 39.75 39.72 39.73 39.76 39.84 40 40.09 40.11 40.07 39.97 39.87 39.79 39.77 39.79 39.78 39.77 39.74 39.69 39.68 39.75 39.84 39.89 39.95 39.94 39.89 39.87 39.86 39.88 39.9 39.91 39.94 39.9 39.87 39.88 39.91 39.92 39.84 39.78 39.74 39.69 39.67 39.69 39.71 39.72 39.74
39.74 39.75 39.69 39.64 39.63 39.6 39.57 39.55 39.55 39.55 39.53 39.53 39.56 39.58 39.61 39.65 39.65 39.64 39.64 39.65 39.64 39.63 39.62 39.64 39.66 39.67 39.68 39.7 39.72 39.74 39.76 39.75 39.74 39.74 39.75 39.77 39.77 39.83 39.97 40.09 40.11 40.09 40.01 39.95 39.87 39.78 39.8 39.81 39.8 39.76 39.72 39.73 39.79 39.87 39.9 39.92 39.91 39.87 39.85 39.83 39.83 39.86 39.88 39.89 39.88 39.87 39.88 39.92 39.94 39.9 39.86 39.82 39.74 39.69 39.7 39.71 39.69 39.69
39.71 39.71 39.66 39.62 39.61 39.6 39.57 39.56 39.55 39.54 39.53 39.51 39.53 39.57 39.6 39.62 39.63 39.64 39.65 39.65 39.65 39.63 39.62 39.63 39.65 39.67 39.69 39.68 39.7 39.7 39.74 39.77 39.74 39.74 39.74 39.73 39.73 39.8 39.96 40.08 40.11 40.1 40.03 39.98 39.9 39.82 39.81 39.8 39.78 39.75 39.72 39.7 39.74 39.82 39.87 39.9 39.86 39.82 39.83 39.84 39.83 39.83 39.85 39.87 39.88 39.88 39.88 39.93 39.98 39.94 39.89 39.84 39.73 39.67 39.67 39.68 39.68 39.69
39.7 39.69 39.67 39.64 39.64 39.63 39.61 39.58 39.55 39.52 39.52 39.52 39.53 39.57 39.59 39.57 39.56 39.6 39.66 39.65 39.65 39.63 39.61 39.6 39.61 39.65 39.69 39.68 39.69 39.68 39.71 39.76 39.76 39.76 39.75 39.73 39.71 39.77 39.93 40.02 40.05 40.09 40.07 40.01 39.92 39.84 39.82 39.8 39.77 39.75 39.73 39.71 39.73 39.79 39.84 39.87 39.84 39.8 39.82 39.82 39.8 39.83 39.86 39.86 39.88 39.89 39.88 39.91 39.96 39.94 39.9 39.83 39.72 39.63 39.6 39.63 39.68 39.7
39.7 39.7 39.69 39.65 39.63 39.65 39.63 39.58 39.55 39.54 39.52 39.52 39.53 39.56 39.58 39.55 39.52 39.57 39.64 39.65 39.65 39.63 39.6 39.58 39.57 39.62 39.67 39.66 39.68 39.68 39.69 39.73 39.75 39.76 39.77 39.79 39.76 39.76 39.89 40 40.04 40.08 40.06 40 39.94 39.85 39.81 39.8 39.79 39.78 39.76 39.74 39.73 39.78 39.84 39.87 39.85 39.81 39.82 39.81 39.79 39.83 39.88 39.88 39.87 39.87 39.87 39.9 39.93 39.94 39.93 39.85 39.71 39.61 39.54 39.58 39.65 39.67
39.71 39.69 39.69 39.67 39.63 39.64 39.63 39.58 39.57 39.55 39.51 39.51 39.53 39.55 39.56 39.55 39.54 39.57 39.62 39.64 39.65 39.62 39.59 39.6 39.59 39.62 39.67 39.68 39.69 39.69 39.68 39.69 39.72 39.76 39.76 39.75 39.73 39.76 39.86 39.92 39.98 40.06 40.03 39.95 39.93 39.87 39.81 39.8 39.8 39.79 39.78 39.76 39.75 39.78 39.84 39.86 39.86 39.82 39.81 39.8 39.79 39.83 39.9 39.91 39.87 39.86 39.86 39.91 39.95 39.94 39.95 39.86 39.71 39.6 39.53 39.59 39.67 39.67
39.73 39.71 39.71 39.69 39.64 39.63 39.61 39.58 39.57 39.54 39.49 39.5 39.54 39.54 39.55 39.57 39.58 39.58 39.59 39.63 39.65 39.61 39.58 39.6 39.63 39.65 39.67 39.67 39.68 39.69 39.69 39.68 39.73 39.77 39.77 39.77 39.74 39.75 39.84 39.88 39.95 40.06 40.07 40.02 39.97 39.88 39.83 39.82 39.81 39.8 39.78 39.77 39.75 39.77 39.81 39.84 39.86 39.82 39.77 39.77 39.79 39.83 39.91 39.92 39.9 39.88 39.87 39.9 39.94 39.95 39.95 39.88 39.75 39.63 39.56 39.61 39.7 39.73
39.74 39.75 39.72 39.69 39.65 39.63 39.6 39.56 39.55 39.54 39.5 39.5 39.54 39.54 39.54 39.56 39.56 39.56 39.59 39.63 39.65 39.62 39.58 39.58 39.6 39.62 39.64 39.67 39.67 39.67 39.68 39.65 39.71 39.78 39.79 39.79 39.77 39.78 39.84 39.88 39.96 40.07 40.1 40.09 40.01 39.9 39.87 39.86 39.84 39.81 39.8 39.78 39.74 39.73 39.78 39.81 39.85 39.83 39.79 39.77 39.78 39.81 39.86 39.9 39.92 39.89 39.87 39.87 39.89 39.9 39.88 39.87 39.8 39.72 39.65 39.61 39.66 39.69
39.74 39.76 39.72 39.67 39.65 39.63 39.6 39.56 39.52 39.54 39.54 39.51 39.52 39.54 39.53 39.52 39.52 39.54 39.59 39.64 39.66 39.63 39.59 39.57 39.57 39.61 39.66 39.71 39.68 39.65 39.67 39.68 39.71 39.77 39.8 39.81 39.8 39.81 39.86 39.9 39.96 40.06 40.12 40.14 40.05 39.92 39.88 39.85 39.83 39.82 39.8 39.77 39.73 39.72 39.75 39.8 39.84 39.85 39.86 39.83 39.8 39.81 39.84 39.9 39.93 39.9 39.9 39.88 39.87 39.89 39.9 39.86 39.78 39.72 39.65 39.58 39.63 39.68
39.72 39.75 39.73 39.67 39.65 39.63 39.61 39.56 39.5 39.53 39.55 39.52 39.51 39.53 39.55 39.55 39.52 39.53 39.6 39.65 39.66 39.64 39.59 39.57 39.57 39.6 39.64 39.69 39.68 39.67 39.68 39.66 39.7 39.77 39.8 39.82 39.82 39.83 39.87 39.9 39.93 40.01 40.11 40.15 40.08 39.94 39.87 39.82 39.78 39.78 39.75 39.73 39.71 39.73 39.77 39.81 39.86 39.88 39.9 39.88 39.85 39.84 39.84 39.92 39.97 39.91 39.88 39.87 39.86 39.9 39.9 39.83 39.77 39.76 39.69 39.59 39.61 39.67
39.67 39.71 39.71 39.67 39.64 39.62 39.59 39.56 39.54 39.54 39.52 39.52 39.53 39.53 39.54 39.56 39.54 39.54 39.61 39.65 39.66 39.62 39.57 39.54 39.56 39.58 39.62 39.66 39.66 39.68 39.69 39.66 39.7 39.76 39.79 39.81 39.82 39.83 39.84 39.87 39.89 39.97 40.07 40.12 40.1 39.97 39.9 39.82 39.74 39.75 39.74 39.73 39.73 39.75 39.8 39.84 39.87 39.88 39.89 39.87 39.87 39.87 39.86 39.91 39.96 39.91 39.89 39.87 39.85 39.87 39.87 39.82 39.8 39.81 39.73 39.61 39.6 39.66
39.66 39.68 39.68 39.66 39.68 39.64 39.58 39.55 39.53 39.52 39.51 39.5 39.49 39.5 39.53 39.56 39.56 39.55 39.58 39.6 39.61 39.6 39.55 39.53 39.54 39.58 39.61 39.64 39.64 39.68 39.71 39.71 39.72 39.74 39.78 39.79 39.82 39.83 39.82 39.83 39.88 39.97 40.05 40.11 40.11 40.01 39.94 39.85 39.76 39.77 39.79 39.79 39.79 39.78 39.77 39.81 39.86 39.88 39.91 39.91 39.9 39.92 39.91 39.9 39.91 39.88 39.89 39.86 39.83 39.85 39.87 39.84 39.8 39.81 39.76 39.65 39.6 39.62
39.68 39.68 39.68 39.66 39.66 39.63 39.58 39.55 39.54 39.53 39.51 39.49 39.47 39.47 39.51 39.55 39.57 39.56 39.56 39.56 39.58 39.6 39.58 39.58 39.57 39.59 39.62 39.62 39.64 39.69 39.74 39.76 39.75 39.74 39.77 39.79 39.82 39.84 39.83 39.82 39.87 40 40.08 40.12 40.11 40.05 40.02 39.93 39.82 39.8 39.79 39.78 39.8 39.79 39.75 39.81 39.9 39.9 39.93 39.94 39.91 39.92 39.92 39.91 39.88 39.86 39.87 39.85 39.83 39.86 39.87 39.85 39.81 39.79 39.78 39.69 39.6 39.59
39.63 39.63 39.65 39.66 39.65 39.63 39.59 39.56 39.57 39.56 39.53 39.52 39.48 39.48 39.53 39.55 39.56 39.56 39.54 39.54 39.58 39.62 39.61 39.59 39.6 39.62 39.63 39.62 39.66 39.72 39.75 39.76 39.76 39.76 39.77 39.79 39.82 39.83 39.84 39.84 39.87 39.97 40.04 40.08 40.08 40.06 40.03 39.96 39.84 39.78 39.76 39.76 39.79 39.75 39.7 39.79 39.91 39.92 39.93 39.92 39.87 39.85 39.88 39.91 39.88 39.85 39.86 39.86 39.86 39.88 39.88 39.86 39.83 39.79 39.78 39.72 39.62 39.59
39.58 39.6 39.65 39.66 39.66 39.64 39.59 39.56 39.58 39.57 39.54 39.56 39.51 39.5 39.54 39.52 39.54 39.55 39.53 39.53 39.56 39.62 39.61 39.58 39.6 39.64 39.63 39.63 39.67 39.73 39.76 39.74 39.73 39.75 39.77 39.79 39.82 39.85 39.88 39.87 39.87 39.93 40 40.06 40.11 40.07 40.01 39.96 39.85 39.77 39.75 39.75 39.77 39.74 39.71 39.76 39.88 39.92 39.92 39.91 39.88 39.86 39.88 39.9 39.88 39.86 39.85 39.85 39.88 39.89 39.88 39.87 39.84 39.8 39.79 39.75 39.68 39.61
39.62 39.62 39.65 39.67 39.67 39.63 39.57 39.54 39.55 39.55 39.54 39.55 39.53 39.51 39.54 39.52 39.54 39.56 39.54 39.54 39.54 39.59 39.63 39.62 39.62 39.62 39.6 39.62 39.66 39.71 39.75 39.73 39.73 39.77 39.79 39.81 39.83 39.85 39.87 39.86 39.85 39.91 39.97 40.04 40.11 40.07 40.01 39.96 39.87 39.82 39.79 39.76 39.77 39.76 39.74 39.75 39.83 39.91 39.92 39.91 39.9 39.88 39.88 39.88 39.86 39.87 39.85 39.84 39.86 39.85 39.86 39.88 39.87 39.82 39.78 39.75 39.72 39.63
39.66 39.64 39.61 39.63 39.63 39.61 39.56 39.53 39.54 39.53 39.52 39.52 39.52 39.51 39.54 39.57 39.56 39.56 39.57 39.57 39.55 39.59 39.63 39.62 39.62 39.62 39.61 39.63 39.67 39.7 39.71 39.72 39.74 39.75 39.75 39.8 39.84 39.83 39.85 39.83 39.83 39.87 39.93 40.02 40.11 40.09 40.02 39.96 39.9 39.88 39.84 39.78 39.76 39.76 39.74 39.73 39.79 39.87 39.88 39.89 39.88 39.86 39.87 39.86 39.85 39.86 39.84 39.83 39.86 39.86 39.85 39.87 39.9 39.86 39.79 39.73 39.69 39.65
39.67 39.64 39.59 39.59 39.6 39.62 39.59 39.55 39.55 39.54 39.52 39.51 39.52 39.51 39.52 39.54 39.55 39.56 39.58 39.59 39.57 39.58 39.61 39.62 39.62 39.6 39.59 39.61 39.66 39.7 39.71 39.74 39.77 39.77 39.78 39.8 39.83 39.85 39.87 39.86 39.84 39.87 39.91 40 40.12 40.13 40.06 39.98 39.93 39.92 39.86 39.78 39.75 39.74 39.74 39.73 39.76 39.82 39.85 39.89 39.89 39.86 39.87 39.86 39.84 39.85 39.84 39.85 39.87 39.89 39.86 39.83 39.85 39.83 39.78 39.73 39.7 39.66
39.67 39.63 39.58 39.59 39.62 39.64 39.62 39.57 39.55 39.54 39.54 39.51 39.53 39.53 39.51 39.52 39.54 39.58 39.59 39.56 39.53 39.55 39.56 39.59 39.62 39.61 39.62 39.64 39.68 39.71 39.73 39.75 39.79 39.8 39.8 39.8 39.8 39.84 39.87 39.86 39.85 39.87 39.89 39.97 40.1 40.14 40.1 40.01 39.96 39.95 39.88 39.78 39.74 39.72 39.73 39.76 39.76 39.77 39.82 39.89 39.9 39.86 39.86 39.84 39.81 39.82 39.83 39.84 39.85 39.86 39.85 39.84 39.86 39.84 39.8 39.78 39.78 39.69
39.66 39.62 39.6 39.59 39.62 39.64 39.61 39.58 39.55 39.53 39.53 39.51 39.51 39.5 39.48 39.5 39.52 39.54 39.56 39.53 39.53 39.56 39.58 39.61 39.64 39.63 39.63 39.65 39.67 39.7 39.73 39.74 39.77 39.79 39.81 39.8 39.8 39.83 39.84 39.85 39.86 39.87 39.88 39.93 40.06 40.13 40.1 40.04 39.98 39.97 39.89 39.78 39.74 39.73 39.73 39.75 39.75 39.74 39.8 39.9 39.91 39.88 39.87 39.84 39.79 39.77 39.79 39.81 39.81 39.84 39.85 39.83 39.85 39.85 39.83 39.79 39.78 39.71
39.67 39.65 39.62 39.59 39.62 39.63 39.58 39.55 39.54 39.54 39.53 39.52 39.52 39.51 39.48 39.48 39.51 39.53 39.54 39.52 39.52 39.57 39.61 39.63 39.64 39.64 39.64 39.65 39.65 39.67 39.7 39.72 39.73 39.76 39.78 39.79 39.82 39.84 39.84 39.88 39.89 39.87 39.85 39.9 40.04 40.13 40.11 40.06 39.99 39.93 39.89 39.81 39.77 39.76 39.75 39.75 39.78 39.81 39.84 39.89 39.91 39.91 39.87 39.84 39.82 39.78 39.77 39.79 39.78 39.8 39.84 39.85 39.85 39.86 39.85 39.8 39.78 39.73
39.67 39.65 39.61 39.56 39.6 39.61 39.54 39.52 39.53 39.55 39.57 39.56 39.55 39.55 39.52 39.51 39.52 39.52 39.52 39.51 39.51 39.54 39.57 39.61 39.65 39.66 39.65 39.66 39.66 39.65 39.68 39.71 39.72 39.73 39.74 39.77 39.83 39.87 39.88 39.91 39.89 39.83 39.81 39.86 40.01 40.09 40.13 40.12 40.03 39.96 39.9 39.82 39.79 39.78 39.76 39.75 39.76 39.74 39.8 39.89 39.92 39.9 39.85 39.82 39.81 39.79 39.78 39.8 39.8 39.8 39.82 39.84 39.83 39.84 39.83 39.78 39.72 39.69
39.67 39.63 39.61 39.62 39.62 39.59 39.53 39.52 39.56 39.59 39.61 39.59 39.55 39.54 39.52 39.52 39.54 39.55 39.54 39.53 39.53 39.54 39.56 39.6 39.65 39.66 39.65 39.67 39.69 39.68 39.69 39.71 39.72 39.72 39.73 39.77 39.82 39.87 39.89 39.93 39.9 39.84 39.82 39.85 39.96 40.05 40.11 40.14 40.06 39.99 39.92 39.84 39.82 39.81 39.79 39.77 39.75 39.74 39.79 39.87 39.89 39.89 39.86 39.8 39.81 39.8 39.79 39.79 39.77 39.76 39.79 39.81 39.8 39.82 39.82 39.77 39.68 39.67
39.7 39.63 39.6 39.59 39.58 39.56 39.53 39.54 39.57 39.58 39.57 39.57 39.55 39.52 39.49 39.5 39.53 39.55 39.56 39.57 39.57 39.55 39.55 39.59 39.64 39.65 39.66 39.67 39.69 39.71 39.72 39.72 39.71 39.72 39.74 39.76 39.79 39.83 39.87 39.9 39.89 39.88 39.85 39.85 39.95 40.05 40.09 40.11 40.05 39.99 39.91 39.82 39.8 39.79 39.77 39.77 39.76 39.76 39.79 39.84 39.87 39.88 39.86 39.81 39.82 39.81 39.79 39.75 39.72 39.72 39.76 39.78 39.77 39.81 39.84 39.79 39.72 39.67
39.68 39.62 39.58 39.57 39.56 39.56 39.55 39.57 39.6 39.58 39.56 39.58 39.57 39.53 39.5 39.5 39.52 39.54 39.57 39.58 39.57 39.53 39.51 39.55 39.63 39.66 39.68 39.67 39.68 39.7 39.69 39.69 39.72 39.72 39.72 39.74 39.79 39.84 39.88 39.91 39.89 39.89 39.88 39.86 39.91 39.99 40.04 40.09 40.1 40.05 39.95 39.85 39.82 39.8 39.76 39.76 39.77 39.77 39.77 39.82 39.88 39.88 39.87 39.85 39.83 39.82 39.79 39.75 39.71 39.71 39.74 39.75 39.75 39.8 39.83 39.82 39.75 39.66
39.66 39.62 39.6 39.58 39.56 39.57 39.59 39.62 39.63 39.6 39.58 39.58 39.57 39.55 39.55 39.54 39.52 39.54 39.57 39.56 39.55 39.53 39.52 39.56 39.61 39.64 39.65 39.66 39.66 39.66 39.67 39.7 39.73 39.75 39.73 39.71 39.76 39.81 39.85 39.91 39.91 39.89 39.86 39.85 39.89 39.95 40.01 40.07 40.1 40.08 39.99 39.87 39.83 39.79 39.75 39.75 39.74 39.73 39.74 39.81 39.86 39.86 39.87 39.86 39.82 39.8 39.79 39.77 39.74 39.72 39.71 39.72 39.73 39.76 39.79 39.79 39.76 39.71
39.67 39.64 39.61 39.6 39.56 39.57 39.6 39.63 39.64 39.61 39.59 39.58 39.56 39.56 39.57 39.56 39.54 39.54 39.56 39.57 39.58 39.56 39.57 39.58 39.61 39.65 39.66 39.66 39.65 39.63 39.64 39.68 39.72 39.75 39.73 39.72 39.75 39.77 39.81 39.87 39.9 39.89 39.86 39.82 39.82 39.87 39.97 40.05 40.09 40.08 40 39.89 39.86 39.81 39.75 39.73 39.71 39.71 39.72 39.76 39.81 39.83 39.83 39.82 39.78 39.77 39.77 39.78 39.79 39.75 39.71 39.71 39.73 39.74 39.77 39.8 39.78 39.74
39.7 39.69 39.66 39.63 39.59 39.58 39.59 39.62 39.62 39.61 39.62 39.6 39.57 39.56 39.58 39.58 39.55 39.53 39.54 39.57 39.59 39.58 39.56 39.58 39.61 39.65 39.68 39.68 39.64 39.63 39.63 39.65 39.7 39.76 39.76 39.75 39.74 39.73 39.78 39.86 39.89 39.91 39.88 39.82 39.8 39.83 39.92 40.02 40.09 40.11 40.04 39.94 39.91 39.84 39.74 39.73 39.73 39.74 39.71 39.71 39.76 39.79 39.81 39.8 39.77 39.74 39.74 39.77 39.78 39.73 39.68 39.69 39.71 39.72 39.74 39.76 39.77 39.74
39.7 39.73 39.72 39.68 39.62 39.6 39.59 39.59 39.58 39.59 39.62 39.59 39.55 39.56 39.59 39.59 39.56 39.53 39.54 39.56 39.57 39.56 39.55 39.57 39.6 39.63 39.64 39.64 39.63 39.61 39.63 39.67 39.71 39.75 39.77 39.78 39.74 39.71 39.76 39.85 39.88 39.9 39.89 39.83 39.8 39.8 39.85 39.97 40.07 40.12 40.09 39.98 39.91 39.83 39.73 39.73 39.75 39.74 39.69 39.67 39.71 39.76 39.81 39.8 39.76 39.72 39.73 39.76 39.77 39.74 39.68 39.66 39.69 39.74 39.75 39.76 39.76 39.74
