slabs/71.grd
DSAA
631 301
646410 647040
4946000 4946300
38.58 42.05
[rows 68 to 101 of 300, columns 390 to 467 of 631]
40.99 40.98 40.87 40.72 40.52 40.36 40.15 40.49 40.86 41.13 41.31 41.38 41.44 41.51 41.54 41.52 41.5 41.48 41.49 41.52 41.51 41.47 41.44 41.41 41.41 41.38 41.33 41.28 41.25 41.23 41.21 41.17 41.18 41.19 41.23 41.26 41.25 41.24 41.28 41.28 41.31 41.29 41.28 41.28 41.32 41.32 41.34 41.33 41.29 41.23 41.2 41.18 41.17 41.11 41.1 41.09 41.07 41.02 40.99 40.95 40.9 40.91 40.93 40.94 40.95 40.94 40.93 40.94 40.93 40.91 40.9 40.89 40.79 40.77 40.77 40.84 40.92 40.94
40.99 40.98 40.84 40.69 40.55 40.4 40.13 40.34 40.76 41.05 41.29 41.4 41.44 41.48 41.51 41.52 41.51 41.52 41.53 41.54 41.53 41.46 41.43 41.41 41.4 41.39 41.31 41.25 41.22 41.22 41.19 41.14 41.15 41.18 41.22 41.24 41.24 41.24 41.31 41.33 41.34 41.32 41.33 41.32 41.34 41.36 41.33 41.33 41.28 41.23 41.18 41.15 41.12 41.08 41.04 41.06 41.06 41.01 41.02 40.98 40.91 40.91 40.91 40.92 40.93 40.94 40.93 40.93 40.94 40.92 40.91 40.88 40.8 40.77 40.79 40.87 40.91 40.93
40.99 41.02 41.01 40.75 40.58 40.4 40.11 40.24 40.57 40.93 41.26 41.38 41.42 41.47 41.5 41.51 41.52 41.54 41.56 41.57 41.56 41.49 41.43 41.41 41.41 41.4 41.33 41.27 41.23 41.22 41.19 41.17 41.16 41.19 41.21 41.23 41.25 41.23 41.29 41.31 41.34 41.35 41.36 41.36 41.36 41.36 41.33 41.31 41.25 41.19 41.16 41.15 41.12 41.08 41.05 41.03 41.04 41 40.98 40.97 40.94 40.93 40.92 40.92 40.9 40.91 40.9 40.92 40.94 40.93 40.93 40.88 40.82 40.81 40.83 40.89 40.91 40.92
41.01 41.05 41.04 40.79 40.58 40.38 40.13 40.06 40.25 40.69 41.17 41.36 41.4 41.45 41.48 41.51 41.52 41.54 41.56 41.58 41.56 41.51 41.44 41.44 41.44 41.41 41.35 41.3 41.26 41.22 41.22 41.19 41.2 41.23 41.21 41.24 41.24 41.24 41.26 41.29 41.34 41.35 41.36 41.38 41.4 41.36 41.33 41.29 41.25 41.2 41.16 41.13 41.13 41.09 41.05 41.02 41.01 40.99 40.98 40.95 40.92 40.93 40.92 40.91 40.89 40.89 40.91 40.91 40.91 40.92 40.92 40.87 40.82 40.84 40.86 40.89 40.9 40.91
41.01 41.09 41.08 40.89 40.69 40.49 40.21 40 40.04 40.48 41.03 41.31 41.38 41.44 41.47 41.5 41.52 41.55 41.56 41.56 41.55 41.51 41.45 41.43 41.44 41.4 41.32 41.27 41.26 41.23 41.2 41.19 41.19 41.22 41.21 41.23 41.26 41.25 41.25 41.29 41.36 41.36 41.35 41.36 41.38 41.31 41.26 41.25 41.23 41.17 41.15 41.14 41.14 41.09 41.05 41.02 41 40.99 40.98 40.94 40.91 40.91 40.92 40.89 40.9 40.88 40.9 40.9 40.89 40.91 40.89 40.85 40.82 40.85 40.87 40.88 40.9 40.88
41.01 41.08 41.1 41.02 40.85 40.61 40.3 40.05 40.01 40.37 40.92 41.24 41.35 41.44 41.46 41.49 41.52 41.56 41.57 41.56 41.58 41.5 41.43 41.4 41.4 41.39 41.32 41.25 41.24 41.26 41.22 41.19 41.22 41.23 41.25 41.24 41.25 41.3 41.3 41.32 41.35 41.37 41.38 41.36 41.33 41.26 41.25 41.25 41.24 41.19 41.15 41.13 41.12 41.07 41.05 41.02 41 40.99 40.97 40.93 40.91 40.89 40.89 40.88 40.89 40.87 40.89 40.89 40.91 40.91 40.88 40.83 40.83 40.84 40.87 40.87 40.89 40.91
41.05 41.1 41.13 41.11 40.95 40.67 40.36 40.14 40.05 40.3 40.88 41.2 41.32 41.45 41.49 41.51 41.52 41.55 41.58 41.58 41.58 41.51 41.43 41.4 41.4 41.42 41.4 41.33 41.27 41.27 41.23 41.21 41.21 41.25 41.28 41.28 41.29 41.31 41.3 41.3 41.34 41.34 41.34 41.32 41.29 41.26 41.24 41.24 41.25 41.2 41.16 41.13 41.09 41.05 41.04 41.01 41.01 40.98 40.96 40.91 40.89 40.89 40.85 40.86 40.85 40.86 40.89 40.88 40.88 40.85 40.84 40.84 40.86 40.89 40.87 40.89 40.91 40.9
41.06 41.09 41.16 41.15 41.03 40.72 40.41 40.24 40.13 40.22 40.8 41.15 41.29 41.43 41.48 41.48 41.51 41.55 41.57 41.6 41.59 41.52 41.47 41.44 41.4 41.4 41.37 41.34 41.28 41.26 41.25 41.25 41.24 41.27 41.28 41.3 41.33 41.34 41.34 41.32 41.34 41.31 41.29 41.28 41.28 41.26 41.23 41.21 41.23 41.2 41.17 41.15 41.09 41.05 41.03 41.01 41 40.97 40.94 40.92 40.88 40.88 40.85 40.84 40.83 40.83 40.86 40.88 40.87 40.84 40.83 40.84 40.86 40.87 40.9 40.89 40.91 40.91
40.99 41.03 41.13 41.16 41.11 40.78 40.5 40.37 40.24 40.09 40.64 41.07 41.28 41.44 41.49 41.48 41.53 41.55 41.58 41.61 41.61 41.53 41.47 41.43 41.44 41.37 41.36 41.31 41.26 41.24 41.25 41.26 41.29 41.32 41.31 41.31 41.35 41.37 41.38 41.34 41.31 41.28 41.25 41.26 41.27 41.26 41.24 41.18 41.2 41.21 41.18 41.18 41.1 41.05 41.03 41.01 40.99 40.93 40.92 40.92 40.84 40.84 40.84 40.83 40.82 40.82 40.84 40.83 40.84 40.82 40.82 40.84 40.87 40.87 40.88 40.9 40.9 40.92
41.01 41.13 41.15 41.15 41.13 40.9 40.57 40.39 40.23 39.91 40.51 40.96 41.24 41.39 41.49 41.54 41.57 41.57 41.58 41.61 41.61 41.54 41.47 41.43 41.42 41.4 41.38 41.34 41.29 41.24 41.23 41.28 41.33 41.35 41.35 41.33 41.35 41.36 41.37 41.32 41.26 41.25 41.24 41.26 41.28 41.28 41.25 41.17 41.16 41.17 41.19 41.19 41.1 41.05 41.03 41.01 40.96 40.94 40.92 40.9 40.84 40.8 40.83 40.81 40.8 40.81 40.83 40.84 40.83 40.82 40.83 40.85 40.87 40.87 40.84 40.85 40.87 40.89
41.03 41.11 41.14 41.16 41.14 41.02 40.62 40.42 40.24 39.91 40.38 40.81 41.16 41.39 41.48 41.51 41.55 41.58 41.62 41.62 41.65 41.59 41.51 41.49 41.46 41.45 41.4 41.35 41.33 41.26 41.24 41.29 41.35 41.37 41.37 41.34 41.35 41.33 41.32 41.29 41.25 41.24 41.26 41.29 41.32 41.3 41.28 41.21 41.16 41.17 41.18 41.13 41.05 41.03 41.05 41.02 40.97 40.98 40.94 40.89 40.85 40.8 40.81 40.78 40.82 40.84 40.84 40.83 40.83 40.82 40.81 40.83 40.86 40.85 40.82 40.82 40.84 40.87
41 41.1 41.16 41.17 41.16 41.01 40.65 40.46 40.27 40 40.26 40.68 41.07 41.38 41.46 41.48 41.53 41.59 41.63 41.65 41.68 41.63 41.54 41.54 41.5 41.46 41.43 41.37 41.32 41.28 41.25 41.29 41.35 41.36 41.36 41.33 41.34 41.32 41.31 41.29 41.23 41.24 41.26 41.28 41.31 41.3 41.29 41.17 41.13 41.1 41.14 41.12 41.08 41.07 41.06 41.03 40.98 40.95 40.91 40.87 40.84 40.8 40.79 40.78 40.8 40.8 40.8 40.82 40.83 40.81 40.78 40.8 40.83 40.82 40.82 40.81 40.83 40.86
40.99 41.1 41.19 41.2 41.2 41.07 40.74 40.55 40.33 40.01 40.01 40.28 40.81 41.31 41.45 41.48 41.52 41.61 41.65 41.68 41.7 41.63 41.54 41.52 41.48 41.43 41.43 41.38 41.29 41.27 41.25 41.33 41.36 41.37 41.34 41.33 41.32 41.31 41.31 41.31 41.24 41.21 41.23 41.28 41.3 41.27 41.26 41.17 41.1 41.09 41.07 41.11 41.09 41.05 41.04 41.02 41.02 40.98 40.9 40.85 40.81 40.77 40.78 40.78 40.78 40.79 40.77 40.83 40.83 40.81 40.78 40.79 40.8 40.79 40.81 40.81 40.83 40.85
40.98 41.08 41.17 41.18 41.21 41.13 40.92 40.75 40.48 40.1 39.87 40.03 40.59 41.2 41.43 41.48 41.54 41.61 41.64 41.67 41.7 41.62 41.54 41.49 41.43 41.4 41.38 41.33 41.29 41.26 41.25 41.32 41.32 41.34 41.33 41.29 41.3 41.3 41.31 41.29 41.24 41.24 41.26 41.32 41.3 41.26 41.26 41.16 41.1 41.11 41.09 41.11 41.07 41.05 41.02 41.03 41 40.96 40.9 40.82 40.78 40.77 40.77 40.79 40.78 40.81 40.78 40.85 40.85 40.82 40.8 40.79 40.78 40.77 40.79 40.81 40.81 40.85
40.98 41.07 41.16 41.12 41.14 41.14 41.04 40.87 40.64 40.26 39.94 39.98 40.47 41.1 41.41 41.47 41.56 41.6 41.63 41.66 41.69 41.62 41.57 41.51 41.43 41.44 41.41 41.34 41.3 41.3 41.27 41.29 41.31 41.33 41.31 41.3 41.28 41.28 41.28 41.26 41.24 41.27 41.3 41.32 41.29 41.25 41.22 41.15 41.11 41.11 41.12 41.13 41.11 41.1 41.04 41.03 40.98 40.94 40.88 40.81 40.77 40.78 40.77 40.8 40.82 40.82 40.82 40.85 40.85 40.82 40.79 40.78 40.79 40.76 40.76 40.79 40.8 40.83
41 41.07 41.17 41.13 41.11 41.15 41.1 40.95 40.76 40.38 40.08 39.97 40.39 41.02 41.36 41.47 41.56 41.62 41.66 41.68 41.7 41.66 41.59 41.5 41.45 41.43 41.4 41.37 41.33 41.33 41.3 41.31 41.31 41.29 41.31 41.3 41.3 41.28 41.29 41.26 41.27 41.3 41.32 41.3 41.25 41.2 41.13 41.13 41.13 41.13 41.14 41.13 41.13 41.13 41.07 41.03 41 40.94 40.86 40.79 40.76 40.78 40.8 40.82 40.85 40.84 40.85 40.85 40.85 40.83 40.8 40.78 40.78 40.76 40.76 40.8 40.83 40.87
41.03 41.06 41.17 41.16 41.14 41.17 41.17 41.05 40.81 40.44 40.19 39.99 40.33 40.95 41.29 41.46 41.57 41.64 41.66 41.65 41.69 41.64 41.58 41.53 41.43 41.4 41.38 41.35 41.3 41.27 41.28 41.26 41.26 41.29 41.32 41.32 41.31 41.29 41.28 41.26 41.27 41.3 41.31 41.27 41.23 41.2 41.14 41.15 41.16 41.16 41.16 41.13 41.13 41.11 41.08 41.02 40.99 40.94 40.85 40.79 40.77 40.77 40.81 40.82 40.81 40.82 40.85 40.86 40.85 40.84 40.82 40.8 40.79 40.8 40.78 40.79 40.81 40.88
41.07 41.04 41.14 41.16 41.14 41.2 41.23 41.13 40.83 40.49 40.26 40.01 40.19 40.9 41.28 41.45 41.57 41.64 41.67 41.66 41.69 41.65 41.58 41.52 41.47 41.43 41.41 41.37 41.32 41.28 41.25 41.24 41.24 41.27 41.3 41.34 41.33 41.3 41.28 41.28 41.3 41.31 41.28 41.24 41.21 41.21 41.18 41.18 41.16 41.16 41.15 41.13 41.14 41.09 41.06 40.98 40.93 40.91 40.84 40.81 40.81 40.79 40.81 40.8 40.81 40.82 40.85 40.87 40.86 40.84 40.81 40.78 40.77 40.78 40.81 40.82 40.85 40.87
41.08 41.02 41.08 41.13 41.14 41.18 41.22 41.17 40.89 40.58 40.35 40.1 40.15 40.8 41.2 41.4 41.55 41.64 41.65 41.68 41.69 41.67 41.6 41.53 41.5 41.46 41.44 41.4 41.36 41.32 41.28 41.27 41.25 41.27 41.28 41.31 41.32 41.3 41.29 41.29 41.31 41.3 41.27 41.23 41.2 41.2 41.18 41.18 41.16 41.15 41.12 41.11 41.13 41.08 41.04 40.96 40.91 40.87 40.82 40.81 40.82 40.82 40.81 40.82 40.83 40.84 40.84 40.84 40.84 40.82 40.81 40.8 40.79 40.78 40.8 40.81 40.85 40.84
41.08 41.05 41.03 41.06 41.12 41.16 41.14 41.16 40.93 40.57 40.37 40.17 40.06 40.57 41.01 41.29 41.52 41.61 41.64 41.69 41.7 41.68 41.62 41.53 41.47 41.46 41.45 41.42 41.36 41.33 41.29 41.27 41.26 41.27 41.29 41.28 41.29 41.28 41.28 41.29 41.3 41.28 41.25 41.23 41.21 41.18 41.19 41.18 41.18 41.14 41.1 41.08 41.09 41.06 41.02 40.95 40.88 40.85 40.82 40.81 40.81 40.83 40.83 40.81 40.81 40.85 40.84 40.83 40.84 40.81 40.8 40.82 40.8 40.8 40.8 40.78 40.82 40.81
41.09 41.04 41.02 41.06 41.1 41.16 41.2 41.16 40.98 40.65 40.49 40.35 40.07 40.29 40.69 41.22 41.52 41.6 41.64 41.69 41.71 41.67 41.6 41.51 41.48 41.48 41.45 41.41 41.37 41.35 41.29 41.26 41.27 41.24 41.27 41.26 41.26 41.26 41.24 41.26 41.26 41.25 41.22 41.21 41.22 41.19 41.19 41.16 41.13 41.1 41.05 41.03 41.03 41 40.98 40.95 40.91 40.85 40.84 40.82 40.82 40.84 40.83 40.82 40.84 40.83 40.81 40.8 40.8 40.8 40.8 40.81 40.78 40.77 40.77 40.77 40.79 40.81
40.99 41.05 41.06 41.08 41.15 41.17 41.2 41.19 41.02 40.72 40.58 40.41 40.13 40.15 40.51 41.09 41.45 41.58 41.64 41.7 41.71 41.65 41.6 41.52 41.49 41.48 41.45 41.4 41.39 41.38 41.3 41.25 41.24 41.22 41.21 41.2 41.21 41.21 41.2 41.21 41.2 41.21 41.22 41.21 41.22 41.18 41.16 41.13 41.1 41.04 41 40.96 40.96 40.98 40.95 40.9 40.86 40.8 40.82 40.84 40.84 40.84 40.85 40.84 40.84 40.81 40.81 40.81 40.8 40.79 40.79 40.79 40.75 40.74 40.75 40.77 40.78 40.81
41.1 41.06 40.99 41.07 41.15 41.18 41.2 41.19 41.06 40.83 40.71 40.51 40.22 40.1 40.33 40.95 41.38 41.55 41.63 41.7 41.73 41.69 41.62 41.54 41.49 41.47 41.44 41.41 41.43 41.41 41.31 41.22 41.23 41.24 41.2 41.17 41.15 41.17 41.19 41.17 41.19 41.19 41.22 41.19 41.15 41.12 41.11 41.11 41.08 41.03 40.98 40.95 40.95 40.96 40.91 40.89 40.87 40.79 40.79 40.81 40.8 40.83 40.84 40.84 40.84 40.81 40.77 40.79 40.78 40.78 40.77 40.77 40.73 40.74 40.76 40.77 40.78 40.81
41.08 41.07 41.02 41.04 41.14 41.18 41.2 41.17 41.11 40.91 40.8 40.63 40.27 40.03 40.18 40.77 41.3 41.5 41.6 41.7 41.74 41.72 41.64 41.55 41.5 41.47 41.43 41.4 41.41 41.38 41.31 41.23 41.24 41.24 41.21 41.19 41.15 41.15 41.15 41.14 41.16 41.12 41.15 41.17 41.15 41.13 41.09 41.06 41.03 41.01 40.94 40.94 40.94 40.93 40.87 40.87 40.84 40.78 40.78 40.77 40.77 40.8 40.81 40.83 40.83 40.78 40.74 40.76 40.77 40.77 40.75 40.74 40.73 40.74 40.76 40.76 40.78 40.81
41.05 41.04 40.99 40.98 41.1 41.16 41.14 41.15 41.14 40.99 40.84 40.68 40.26 39.97 40.08 40.63 41.2 41.45 41.58 41.7 41.72 41.69 41.64 41.56 41.52 41.49 41.42 41.38 41.37 41.34 41.28 41.24 41.21 41.22 41.2 41.14 41.15 41.15 41.13 41.15 41.13 41.1 41.11 41.12 41.14 41.13 41.1 41.05 41.02 41 40.95 40.91 40.91 40.87 40.83 40.83 40.81 40.78 40.78 40.77 40.77 40.8 40.79 40.8 40.78 40.75 40.74 40.76 40.76 40.77 40.75 40.74 40.74 40.73 40.74 40.77 40.78 40.78
41.05 41.05 40.98 40.95 41.05 41.11 41.11 41.14 41.17 41.07 40.9 40.66 40.25 39.97 40.03 40.56 41.15 41.47 41.59 41.65 41.69 41.67 41.64 41.56 41.56 41.53 41.48 41.39 41.36 41.33 41.26 41.23 41.2 41.18 41.17 41.16 41.17 41.15 41.12 41.14 41.12 41.09 41.09 41.08 41.08 41.06 41.07 41.05 41.03 41.01 40.98 40.92 40.88 40.84 40.81 40.79 40.79 40.78 40.77 40.76 40.78 40.8 40.77 40.76 40.75 40.73 40.74 40.75 40.73 40.74 40.75 40.75 40.73 40.74 40.71 40.74 40.74 40.72
41.05 41.02 40.98 40.96 41.01 41.05 41.09 41.12 41.17 41.15 41.01 40.71 40.33 40.1 40 40.44 41.05 41.41 41.57 41.64 41.69 41.69 41.63 41.57 41.5 41.5 41.47 41.44 41.38 41.31 41.27 41.24 41.22 41.2 41.16 41.14 41.12 41.13 41.15 41.15 41.14 41.12 41.12 41.1 41.09 41.05 41.04 41.03 41.02 41.01 40.98 40.93 40.86 40.81 40.79 40.76 40.75 40.76 40.76 40.75 40.77 40.8 40.76 40.75 40.75 40.73 40.74 40.74 40.73 40.74 40.72 40.71 40.74 40.73 40.71 40.74 40.75 40.72
41.06 41 40.98 41 41 41.04 41.05 41.09 41.13 41.15 41.03 40.75 40.43 40.25 40.13 40.39 40.93 41.26 41.53 41.66 41.72 41.74 41.68 41.58 41.5 41.47 41.45 41.44 41.38 41.33 41.28 41.27 41.25 41.22 41.15 41.15 41.13 41.14 41.17 41.17 41.16 41.15 41.14 41.12 41.11 41.07 41.03 41 40.99 40.99 40.95 40.9 40.85 40.77 40.78 40.73 40.72 40.73 40.75 40.76 40.76 40.77 40.73 40.71 40.72 40.7 40.71 40.73 40.72 40.72 40.72 40.73 40.74 40.76 40.74 40.75 40.77 40.74
41.09 41.08 41.04 41.02 41 41.07 41.13 41.11 41.08 41.08 40.99 40.74 40.4 40.2 40.05 40.29 40.73 41.05 41.46 41.65 41.71 41.73 41.67 41.6 41.54 41.49 41.47 41.43 41.4 41.32 41.29 41.3 41.29 41.25 41.18 41.17 41.16 41.19 41.21 41.18 41.16 41.15 41.13 41.12 41.09 41.06 41.03 41 40.98 40.98 40.92 40.87 40.83 40.78 40.75 40.72 40.73 40.74 40.74 40.75 40.73 40.71 40.67 40.67 40.68 40.71 40.72 40.7 40.7 40.7 40.7 40.74 40.77 40.77 40.75 40.75 40.74 40.72
41.09 41.09 40.99 40.98 41.03 41.1 41.14 41.06 41.04 41.03 41 40.74 40.48 40.34 40.14 40.15 40.53 40.88 41.41 41.63 41.71 41.72 41.64 41.59 41.56 41.51 41.47 41.45 41.42 41.35 41.3 41.31 41.32 41.27 41.21 41.18 41.18 41.19 41.2 41.16 41.16 41.14 41.11 41.1 41.07 41.03 41 40.98 40.98 40.95 40.88 40.83 40.79 40.73 40.7 40.7 40.7 40.68 40.69 40.7 40.73 40.7 40.68 40.67 40.64 40.69 40.71 40.7 40.69 40.7 40.72 40.73 40.76 40.77 40.75 40.74 40.7 40.69
41.06 41.1 41.01 40.95 40.97 41 41.08 41.04 41.03 41.03 41 40.79 40.58 40.46 40.28 40.07 40.31 40.71 41.3 41.61 41.7 41.73 41.64 41.59 41.57 41.55 41.5 41.46 41.42 41.38 41.33 41.33 41.32 41.27 41.21 41.19 41.19 41.17 41.14 41.13 41.14 41.1 41.1 41.07 41.06 40.99 40.94 40.94 40.94 40.91 40.87 40.81 40.77 40.69 40.69 40.69 40.69 40.66 40.67 40.67 40.68 40.67 40.67 40.66 40.63 40.64 40.66 40.68 40.69 40.69 40.71 40.71 40.75 40.75 40.73 40.71 40.67 40.65
41.03 41.1 40.99 40.95 40.99 40.98 41.05 41.02 41.01 41.01 41 40.89 40.68 40.57 40.34 40.04 40.1 40.52 41.14 41.55 41.68 41.72 41.64 41.59 41.58 41.56 41.54 41.46 41.41 41.38 41.34 41.32 41.3 41.26 41.21 41.2 41.2 41.18 41.14 41.12 41.1 41.03 41.04 41.07 41.05 41.01 40.97 40.95 40.95 40.88 40.85 40.79 40.74 40.72 40.69 40.68 40.66 40.64 40.65 40.66 40.66 40.65 40.65 40.63 40.61 40.59 40.59 40.61 40.65 40.65 40.68 40.71 40.74 40.72 40.7 40.67 40.63 40.63
41.01 41.02 41 40.98 41.01 40.96 40.99 41.01 40.99 41.03 41.03 40.96 40.79 40.62 40.31 39.99 39.88 40.33 41.02 41.48 41.64 41.69 41.62 41.57 41.56 41.57 41.55 41.48 41.43 41.38 41.32 41.29 41.27 41.25 41.22 41.18 41.19 41.18 41.11 41.08 41.07 41.03 41.02 41 41.01 41.02 40.95 40.91 40.91 40.87 40.83 40.79 40.71 40.66 40.66 40.63 40.61 40.62 40.63 40.64 40.65 40.65 40.63 40.63 40.62 40.58 40.56 40.58 40.6 40.62 40.65 40.7 40.73 40.71 40.7 40.66 40.62 40.61
40.99 40.99 41.01 41 41.01 40.98 40.96 41.03 41.04 41.05 41.07 41 40.85 40.65 40.29 39.94 39.75 40.18 40.91 41.43 41.62 41.65 41.61 41.58 41.57 41.57 41.53 41.5 41.47 41.39 41.34 41.3 41.26 41.23 41.21 41.16 41.16 41.15 41.11 41.05 41.03 40.99 40.98 40.99 40.99 40.98 40.92 40.89 40.9 40.86 40.83 40.77 40.68 40.63 40.59 40.6 40.59 40.59 40.59 40.62 40.64 40.64 40.63 40.64 40.62 40.59 40.57 40.58 40.57 40.6 40.63 40.66 40.68 40.68 40.68 40.65 40.62 40.59
