slabs/72.grd
DSAA
631 301
646410 647040
4946300 4946600
38.41 41.86
[rows 238 to 271 of 301, columns 78 to 155 of 631]
39.18 39.17 39.19 39.23 39.25 39.3 39.35 39.35 39.35 39.4 39.52 39.62 39.63 39.61 39.57 39.54 39.48 39.4 39.35 39.33 39.3 39.26 39.25 39.24 39.27 39.33 39.35 39.34 39.33 39.3 39.25 39.25 39.22 39.15 39.13 39.13 39.13 39.12 39.09 39.09 39.11 39.12 39.12 39.09 39.03 38.95 38.91 38.93 38.99 39.11 39.23 39.32 39.41 39.42 39.46 39.47 39.43 39.44 39.44 39.43 39.47 39.52 39.51 39.47 39.44 39.43 39.41 39.41 39.41 39.4 39.39 39.39 39.4 39.39 39.4 39.38 39.35 39.37
39.17 39.16 39.16 39.18 39.2 39.28 39.32 39.29 39.29 39.36 39.54 39.69 39.69 39.65 39.55 39.47 39.41 39.33 39.36 39.41 39.37 39.3 39.28 39.27 39.29 39.34 39.38 39.35 39.34 39.35 39.32 39.29 39.23 39.15 39.1 39.07 39.05 39.07 39.07 39.09 39.1 39.13 39.16 39.17 39.18 39.12 39.05 38.95 38.84 38.89 39.02 39.17 39.29 39.31 39.34 39.38 39.41 39.45 39.46 39.43 39.43 39.46 39.47 39.47 39.44 39.41 39.39 39.4 39.41 39.4 39.4 39.41 39.43 39.43 39.43 39.42 39.39 39.39
39.18 39.16 39.16 39.15 39.16 39.22 39.26 39.23 39.22 39.27 39.4 39.5 39.54 39.53 39.46 39.4 39.35 39.29 39.34 39.42 39.41 39.34 39.3 39.28 39.28 39.32 39.36 39.35 39.35 39.38 39.36 39.34 39.3 39.22 39.15 39.1 39.07 39.09 39.1 39.11 39.11 39.13 39.17 39.18 39.19 39.2 39.2 39.12 38.94 38.81 38.86 39 39.11 39.14 39.19 39.3 39.4 39.45 39.48 39.49 39.45 39.45 39.48 39.49 39.46 39.41 39.4 39.41 39.42 39.4 39.39 39.4 39.42 39.42 39.42 39.42 39.42 39.4
39.22 39.2 39.2 39.18 39.18 39.2 39.22 39.22 39.2 39.19 39.22 39.24 39.28 39.32 39.3 39.3 39.3 39.28 39.31 39.38 39.39 39.36 39.33 39.3 39.28 39.31 39.32 39.32 39.35 39.37 39.35 39.34 39.35 39.32 39.26 39.2 39.14 39.12 39.12 39.11 39.11 39.12 39.13 39.15 39.17 39.2 39.22 39.19 39.07 38.97 38.92 38.88 38.9 38.95 39.01 39.15 39.3 39.4 39.46 39.49 39.45 39.41 39.43 39.48 39.48 39.44 39.42 39.42 39.43 39.43 39.42 39.42 39.43 39.42 39.41 39.4 39.4 39.37
39.3 39.25 39.24 39.24 39.22 39.2 39.21 39.22 39.2 39.18 39.16 39.14 39.16 39.19 39.2 39.2 39.22 39.26 39.31 39.35 39.36 39.36 39.35 39.32 39.31 39.32 39.3 39.28 39.29 39.32 39.31 39.31 39.33 39.35 39.37 39.36 39.32 39.27 39.22 39.16 39.1 39.12 39.13 39.14 39.16 39.21 39.24 39.23 39.19 39.19 39.15 39.03 38.91 38.85 38.87 38.97 39.13 39.24 39.31 39.38 39.39 39.38 39.41 39.46 39.48 39.48 39.46 39.45 39.46 39.47 39.48 39.48 39.47 39.46 39.44 39.4 39.38 39.39
39.4 39.34 39.29 39.27 39.25 39.23 39.22 39.21 39.19 39.17 39.15 39.15 39.17 39.18 39.18 39.18 39.2 39.26 39.32 39.34 39.35 39.35 39.33 39.33 39.35 39.35 39.32 39.28 39.25 39.26 39.27 39.27 39.28 39.38 39.47 39.48 39.53 39.52 39.43 39.29 39.14 39.1 39.11 39.14 39.18 39.21 39.24 39.25 39.29 39.37 39.35 39.26 39.15 39.08 38.98 38.91 38.97 39.05 39.05 39.09 39.2 39.29 39.35 39.41 39.44 39.48 39.49 39.49 39.5 39.49 39.49 39.49 39.49 39.5 39.48 39.42 39.4 39.41
39.48 39.44 39.36 39.31 39.29 39.26 39.23 39.21 39.19 39.16 39.15 39.16 39.16 39.18 39.2 39.21 39.22 39.26 39.32 39.33 39.34 39.34 39.32 39.32 39.31 39.3 39.3 39.28 39.25 39.24 39.24 39.28 39.33 39.41 39.5 39.55 39.6 39.63 39.57 39.39 39.21 39.11 39.11 39.14 39.19 39.23 39.25 39.27 39.32 39.39 39.4 39.39 39.38 39.33 39.2 39.08 38.98 38.9 38.84 38.84 38.94 39.06 39.17 39.29 39.38 39.47 39.52 39.51 39.51 39.49 39.49 39.5 39.5 39.51 39.49 39.44 39.43 39.41
39.51 39.5 39.47 39.44 39.39 39.31 39.26 39.25 39.23 39.2 39.18 39.16 39.15 39.18 39.21 39.23 39.23 39.22 39.25 39.28 39.34 39.36 39.33 39.31 39.29 39.28 39.29 39.28 39.26 39.25 39.24 39.26 39.32 39.36 39.42 39.52 39.56 39.55 39.52 39.44 39.3 39.17 39.13 39.14 39.17 39.2 39.23 39.26 39.28 39.31 39.33 39.35 39.37 39.35 39.31 39.28 39.17 38.95 38.85 38.84 38.82 38.85 38.94 39.13 39.31 39.45 39.55 39.52 39.48 39.52 39.56 39.53 39.48 39.45 39.43 39.45 39.45 39.43
39.54 39.52 39.56 39.58 39.51 39.36 39.29 39.29 39.27 39.24 39.22 39.21 39.18 39.17 39.2 39.2 39.18 39.16 39.15 39.19 39.26 39.27 39.25 39.27 39.29 39.29 39.33 39.31 39.28 39.26 39.26 39.27 39.31 39.34 39.38 39.45 39.46 39.44 39.43 39.42 39.34 39.23 39.17 39.12 39.13 39.14 39.18 39.23 39.23 39.25 39.24 39.24 39.25 39.26 39.27 39.31 39.35 39.17 39.03 39.05 38.96 38.85 38.8 38.95 39.11 39.31 39.53 39.54 39.48 39.51 39.58 39.57 39.51 39.47 39.42 39.41 39.42 39.42
39.61 39.57 39.58 39.62 39.56 39.43 39.36 39.33 39.3 39.3 39.31 39.3 39.24 39.18 39.17 39.16 39.15 39.15 39.15 39.15 39.18 39.19 39.17 39.19 39.26 39.31 39.33 39.31 39.28 39.27 39.27 39.28 39.3 39.33 39.35 39.38 39.38 39.38 39.37 39.33 39.28 39.23 39.18 39.11 39.11 39.13 39.17 39.21 39.22 39.23 39.2 39.19 39.2 39.21 39.22 39.28 39.33 39.24 39.2 39.27 39.2 39.06 38.86 38.82 38.88 39.06 39.32 39.43 39.44 39.43 39.46 39.51 39.52 39.47 39.4 39.37 39.39 39.39
39.72 39.63 39.58 39.59 39.56 39.5 39.49 39.44 39.38 39.41 39.48 39.44 39.32 39.24 39.2 39.17 39.14 39.14 39.12 39.12 39.13 39.14 39.12 39.15 39.22 39.26 39.3 39.33 39.32 39.29 39.28 39.26 39.27 39.3 39.3 39.31 39.32 39.33 39.31 39.25 39.22 39.21 39.19 39.15 39.14 39.15 39.19 39.24 39.26 39.25 39.22 39.18 39.16 39.16 39.19 39.22 39.23 39.21 39.26 39.33 39.3 39.21 39.05 38.93 38.88 38.94 39.06 39.16 39.21 39.25 39.35 39.43 39.45 39.41 39.35 39.35 39.35 39.33
39.8 39.67 39.62 39.57 39.51 39.51 39.51 39.48 39.43 39.46 39.53 39.51 39.43 39.33 39.26 39.22 39.18 39.17 39.15 39.14 39.13 39.12 39.11 39.13 39.17 39.19 39.24 39.33 39.35 39.32 39.29 39.26 39.27 39.28 39.28 39.29 39.28 39.3 39.29 39.25 39.23 39.23 39.22 39.19 39.18 39.19 39.24 39.3 39.32 39.28 39.23 39.19 39.17 39.16 39.16 39.17 39.18 39.18 39.2 39.23 39.26 39.23 39.18 39.12 39.08 39.01 38.93 38.94 38.99 39.05 39.18 39.27 39.27 39.26 39.27 39.29 39.29 39.29
39.83 39.78 39.76 39.69 39.59 39.53 39.51 39.47 39.41 39.43 39.5 39.5 39.46 39.41 39.38 39.34 39.27 39.22 39.2 39.19 39.17 39.16 39.14 39.15 39.17 39.16 39.2 39.27 39.29 39.27 39.27 39.28 39.29 39.29 39.3 39.29 39.26 39.27 39.26 39.25 39.24 39.22 39.23 39.22 39.2 39.21 39.28 39.36 39.39 39.31 39.23 39.22 39.2 39.18 39.16 39.17 39.18 39.18 39.19 39.22 39.24 39.22 39.19 39.18 39.17 39.13 39.04 38.98 38.93 38.93 39.03 39.08 39.03 39.01 39.11 39.17 39.2 39.24
39.99 39.92 39.91 39.86 39.73 39.58 39.51 39.48 39.43 39.41 39.44 39.45 39.43 39.43 39.43 39.42 39.38 39.32 39.3 39.31 39.29 39.25 39.22 39.2 39.21 39.2 39.2 39.19 39.16 39.16 39.19 39.25 39.28 39.3 39.3 39.29 39.26 39.26 39.25 39.23 39.22 39.21 39.24 39.24 39.2 39.21 39.29 39.37 39.39 39.33 39.26 39.23 39.19 39.17 39.16 39.16 39.16 39.17 39.2 39.22 39.23 39.2 39.17 39.17 39.17 39.18 39.16 39.13 39.07 39.04 39.07 39.05 38.94 38.84 38.93 39.01 39.06 39.12
40.09 40.08 40.04 40 39.91 39.75 39.61 39.56 39.5 39.47 39.47 39.45 39.43 39.43 39.46 39.46 39.44 39.42 39.42 39.44 39.41 39.36 39.32 39.26 39.24 39.24 39.2 39.14 39.12 39.13 39.16 39.22 39.26 39.3 39.31 39.32 39.3 39.28 39.26 39.22 39.2 39.19 39.23 39.23 39.18 39.19 39.24 39.29 39.3 39.29 39.27 39.24 39.18 39.17 39.16 39.15 39.15 39.16 39.2 39.24 39.23 39.21 39.18 39.15 39.15 39.17 39.19 39.2 39.19 39.2 39.18 39.14 39.04 38.89 38.84 38.85 38.87 38.94
40.17 40.23 40.2 40.17 40.1 39.96 39.82 39.74 39.63 39.58 39.54 39.52 39.5 39.5 39.49 39.45 39.45 39.47 39.5 39.51 39.47 39.42 39.38 39.29 39.25 39.27 39.23 39.16 39.14 39.14 39.15 39.15 39.19 39.25 39.29 39.31 39.3 39.28 39.24 39.2 39.17 39.19 39.23 39.24 39.21 39.19 39.2 39.21 39.21 39.23 39.27 39.27 39.22 39.19 39.15 39.13 39.14 39.15 39.18 39.22 39.21 39.2 39.16 39.14 39.14 39.15 39.17 39.2 39.2 39.2 39.2 39.18 39.16 39.05 38.89 38.8 38.77 38.79
40.24 40.36 40.35 40.34 40.31 40.2 40.09 40.02 39.9 39.8 39.68 39.59 39.59 39.58 39.52 39.44 39.43 39.46 39.49 39.51 39.47 39.44 39.41 39.34 39.31 39.33 39.28 39.19 39.17 39.15 39.16 39.18 39.21 39.25 39.25 39.25 39.27 39.23 39.19 39.17 39.17 39.21 39.28 39.28 39.27 39.24 39.19 39.18 39.18 39.2 39.26 39.29 39.26 39.22 39.16 39.13 39.12 39.13 39.15 39.18 39.17 39.16 39.14 39.13 39.12 39.12 39.15 39.19 39.2 39.18 39.17 39.18 39.18 39.15 39.08 39.02 38.92 38.82
40.33 40.41 40.43 40.49 40.51 40.42 40.31 40.25 40.17 40.04 39.86 39.69 39.64 39.62 39.57 39.48 39.43 39.42 39.45 39.49 39.47 39.45 39.42 39.39 39.36 39.35 39.3 39.21 39.2 39.21 39.19 39.18 39.21 39.22 39.21 39.2 39.21 39.18 39.14 39.14 39.15 39.21 39.28 39.3 39.3 39.27 39.2 39.16 39.17 39.18 39.21 39.24 39.23 39.2 39.16 39.14 39.12 39.12 39.14 39.16 39.16 39.15 39.14 39.12 39.11 39.1 39.13 39.16 39.16 39.15 39.14 39.14 39.15 39.18 39.21 39.24 39.22 39.11
40.4 40.39 40.41 40.54 40.61 40.51 40.42 40.34 40.26 40.1 39.98 39.83 39.73 39.68 39.62 39.56 39.5 39.46 39.48 39.49 39.47 39.46 39.43 39.39 39.38 39.38 39.36 39.32 39.26 39.24 39.21 39.19 39.19 39.19 39.2 39.18 39.16 39.15 39.14 39.13 39.12 39.18 39.27 39.28 39.26 39.25 39.21 39.16 39.15 39.16 39.16 39.17 39.17 39.15 39.13 39.13 39.12 39.12 39.14 39.15 39.16 39.15 39.13 39.11 39.11 39.1 39.11 39.12 39.13 39.15 39.17 39.17 39.17 39.17 39.18 39.25 39.36 39.35
40.52 40.38 40.34 40.44 40.5 40.45 40.41 40.41 40.33 40.17 40.06 39.92 39.84 39.82 39.75 39.66 39.59 39.53 39.53 39.51 39.47 39.44 39.44 39.46 39.48 39.45 39.41 39.38 39.34 39.31 39.26 39.21 39.18 39.18 39.17 39.15 39.15 39.14 39.14 39.12 39.1 39.14 39.23 39.24 39.21 39.21 39.19 39.13 39.12 39.14 39.15 39.15 39.16 39.14 39.1 39.08 39.08 39.1 39.13 39.16 39.16 39.14 39.13 39.13 39.13 39.12 39.12 39.14 39.15 39.16 39.16 39.16 39.17 39.19 39.18 39.26 39.41 39.45
40.7 40.52 40.41 40.31 40.25 40.22 40.3 40.43 40.39 40.26 40.15 40.05 40.05 40.08 40.03 39.92 39.75 39.6 39.56 39.54 39.5 39.43 39.42 39.47 39.5 39.49 39.46 39.44 39.4 39.36 39.31 39.26 39.22 39.22 39.21 39.16 39.13 39.14 39.14 39.13 39.12 39.13 39.18 39.2 39.18 39.18 39.15 39.11 39.1 39.13 39.13 39.13 39.15 39.14 39.1 39.07 39.08 39.09 39.1 39.11 39.11 39.13 39.16 39.18 39.2 39.18 39.15 39.16 39.16 39.16 39.16 39.17 39.18 39.2 39.22 39.3 39.41 39.45
40.86 40.75 40.59 40.33 40.16 40.12 40.25 40.43 40.41 40.31 40.25 40.25 40.34 40.38 40.39 40.27 40 39.81 39.67 39.58 39.58 39.54 39.47 39.44 39.45 39.46 39.46 39.44 39.42 39.41 39.37 39.32 39.29 39.28 39.27 39.21 39.15 39.15 39.14 39.14 39.16 39.17 39.16 39.14 39.15 39.16 39.12 39.09 39.09 39.11 39.11 39.11 39.12 39.12 39.1 39.09 39.09 39.08 39.09 39.1 39.11 39.15 39.2 39.24 39.27 39.26 39.21 39.19 39.18 39.18 39.19 39.19 39.19 39.2 39.22 39.28 39.35 39.39
41.02 40.96 40.87 40.7 40.45 40.29 40.34 40.4 40.33 40.25 40.3 40.48 40.65 40.72 40.74 40.67 40.5 40.3 39.94 39.71 39.68 39.64 39.53 39.44 39.41 39.41 39.41 39.41 39.42 39.43 39.4 39.35 39.32 39.31 39.3 39.25 39.19 39.17 39.14 39.12 39.14 39.17 39.16 39.13 39.15 39.16 39.14 39.11 39.09 39.1 39.11 39.1 39.11 39.1 39.07 39.06 39.07 39.1 39.11 39.12 39.12 39.14 39.19 39.24 39.3 39.3 39.22 39.21 39.23 39.24 39.22 39.21 39.2 39.19 39.21 39.25 39.33 39.38
41.09 41.05 41 40.87 40.68 40.56 40.56 40.5 40.32 40.23 40.28 40.5 40.74 40.79 40.8 40.83 40.85 40.69 40.29 39.96 39.86 39.79 39.66 39.52 39.43 39.41 39.4 39.41 39.43 39.43 39.4 39.33 39.28 39.27 39.27 39.24 39.21 39.22 39.19 39.12 39.1 39.13 39.14 39.1 39.1 39.12 39.13 39.14 39.11 39.08 39.1 39.1 39.1 39.1 39.08 39.06 39.08 39.12 39.13 39.13 39.12 39.13 39.17 39.24 39.32 39.31 39.23 39.24 39.31 39.36 39.34 39.32 39.29 39.24 39.22 39.26 39.35 39.41
41.13 41.12 41.08 40.99 40.88 40.81 40.77 40.64 40.44 40.34 40.29 40.37 40.5 40.52 40.57 40.74 40.87 40.81 40.53 40.23 40.11 40.02 39.88 39.69 39.52 39.47 39.44 39.44 39.47 39.46 39.41 39.33 39.28 39.27 39.27 39.26 39.26 39.26 39.22 39.18 39.15 39.1 39.08 39.07 39.09 39.12 39.14 39.14 39.12 39.1 39.11 39.12 39.11 39.1 39.08 39.07 39.09 39.13 39.14 39.15 39.13 39.12 39.14 39.2 39.33 39.33 39.25 39.28 39.42 39.51 39.5 39.5 39.46 39.34 39.27 39.27 39.33 39.38
41.15 41.14 41.11 41.05 41 40.97 40.93 40.81 40.7 40.65 40.54 40.45 40.38 40.33 40.39 40.56 40.67 40.67 40.56 40.42 40.35 40.28 40.16 39.98 39.79 39.65 39.5 39.45 39.46 39.45 39.39 39.32 39.28 39.28 39.28 39.27 39.3 39.28 39.22 39.21 39.21 39.15 39.09 39.08 39.1 39.12 39.13 39.13 39.11 39.1 39.11 39.11 39.1 39.09 39.08 39.07 39.08 39.11 39.11 39.13 39.13 39.12 39.11 39.16 39.29 39.33 39.28 39.32 39.48 39.6 39.6 39.61 39.57 39.42 39.32 39.31 39.33 39.34
41.16 41.15 41.13 41.09 41.07 41.07 41.04 40.96 40.94 40.94 40.85 40.73 40.59 40.51 40.41 40.38 40.41 40.43 40.47 40.53 40.55 40.52 40.5 40.41 40.25 39.99 39.67 39.52 39.44 39.42 39.41 39.38 39.37 39.35 39.29 39.23 39.24 39.24 39.21 39.23 39.23 39.19 39.1 39.07 39.08 39.1 39.11 39.11 39.1 39.1 39.1 39.09 39.08 39.07 39.06 39.04 39.05 39.08 39.08 39.1 39.12 39.11 39.12 39.14 39.22 39.3 39.31 39.33 39.44 39.57 39.62 39.62 39.56 39.42 39.32 39.31 39.35 39.39
41.16 41.16 41.15 41.14 41.12 41.11 41.09 41.05 41.03 41.02 40.97 40.9 40.85 40.76 40.55 40.38 40.34 40.33 40.35 40.45 40.54 40.62 40.7 40.66 40.55 40.31 39.96 39.76 39.63 39.51 39.44 39.39 39.39 39.38 39.32 39.27 39.27 39.27 39.27 39.27 39.25 39.19 39.11 39.07 39.07 39.08 39.07 39.06 39.05 39.06 39.08 39.08 39.06 39.04 39.03 39.04 39.05 39.06 39.07 39.09 39.1 39.1 39.1 39.11 39.17 39.26 39.29 39.28 39.35 39.5 39.57 39.56 39.54 39.48 39.4 39.35 39.38 39.45
41.15 41.15 41.15 41.16 41.14 41.11 41.09 41.07 41.05 41.06 41.03 40.96 40.92 40.88 40.78 40.61 40.46 40.4 40.32 40.27 40.26 40.44 40.7 40.77 40.72 40.57 40.33 40.19 39.98 39.72 39.58 39.52 39.48 39.42 39.37 39.36 39.38 39.39 39.38 39.39 39.36 39.28 39.21 39.17 39.16 39.12 39.06 39.03 39.02 39.04 39.06 39.05 39.03 39.02 39.02 39.05 39.06 39.05 39.06 39.08 39.11 39.1 39.08 39.08 39.14 39.21 39.24 39.26 39.33 39.45 39.5 39.5 39.52 39.55 39.51 39.43 39.43 39.49
41.14 41.12 41.11 41.13 41.11 41.11 41.12 41.1 41.07 41.07 41.05 40.99 40.94 40.95 40.94 40.83 40.74 40.65 40.46 40.24 40.14 40.33 40.6 40.68 40.71 40.68 40.63 40.62 40.45 40.09 39.79 39.67 39.59 39.49 39.48 39.48 39.52 39.56 39.56 39.57 39.56 39.5 39.38 39.32 39.29 39.22 39.12 39.08 39.06 39.06 39.04 39.02 39 39 39 39.02 39.03 39.05 39.08 39.09 39.1 39.09 39.07 39.07 39.11 39.17 39.22 39.29 39.36 39.4 39.42 39.43 39.46 39.5 39.49 39.45 39.46 39.51
41.14 41.13 41.11 41.11 41.12 41.12 41.13 41.1 41.07 41.07 41.08 41.05 41.02 41 40.98 40.95 40.92 40.87 40.73 40.56 40.45 40.42 40.47 40.51 40.54 40.62 40.75 40.83 40.76 40.47 40.09 39.91 39.84 39.76 39.69 39.62 39.64 39.66 39.66 39.67 39.7 39.67 39.54 39.44 39.4 39.3 39.2 39.14 39.1 39.06 39.02 39.01 39 39 39.01 39 39 39.02 39.05 39.09 39.13 39.13 39.11 39.1 39.1 39.12 39.19 39.29 39.34 39.34 39.36 39.36 39.37 39.39 39.4 39.43 39.46 39.48
41.1 41.11 41.12 41.11 41.1 41.11 41.12 41.12 41.14 41.11 41.07 41.06 41.04 41.02 40.99 40.98 40.97 40.94 40.87 40.8 40.72 40.61 40.5 40.43 40.45 40.58 40.79 40.9 40.89 40.74 40.5 40.4 40.36 40.18 39.9 39.73 39.71 39.66 39.63 39.63 39.67 39.68 39.62 39.57 39.49 39.37 39.29 39.24 39.15 39.07 39.04 39.03 39.01 39.01 39.03 39.04 39.03 39.01 39.02 39.06 39.13 39.17 39.17 39.14 39.1 39.08 39.14 39.24 39.27 39.28 39.32 39.33 39.31 39.33 39.36 39.44 39.49 39.49
41.05 41.06 41.08 41.07 41.08 41.11 41.12 41.11 41.13 41.12 41.09 41.07 41.07 41.04 41.02 41.01 40.99 40.96 40.93 40.92 40.87 40.78 40.62 40.54 40.59 40.66 40.79 40.87 40.88 40.81 40.76 40.79 40.77 40.47 40.03 39.84 39.77 39.68 39.63 39.61 39.63 39.68 39.7 39.69 39.63 39.55 39.51 39.5 39.36 39.15 39.07 39.02 38.99 39.02 39.05 39.06 39.06 39.05 39.03 39.05 39.13 39.19 39.19 39.15 39.11 39.09 39.13 39.18 39.2 39.22 39.26 39.29 39.29 39.3 39.34 39.42 39.48 39.5
40.99 41.01 41.04 41.05 41.06 41.09 41.12 41.11 41.12 41.1 41.08 41.09 41.09 41.06 41.04 41.04 41.02 40.98 40.97 40.97 40.95 40.89 40.78 40.74 40.78 40.77 40.8 40.83 40.79 40.69 40.68 40.77 40.76 40.53 40.22 40.07 39.93 39.79 39.72 39.64 39.6 39.69 39.75 39.78 39.75 39.69 39.67 39.66 39.54 39.29 39.13 39.07 39.02 39.04 39.05 39.08 39.1 39.09 39.07 39.05 39.1 39.17 39.18 39.15 39.13 39.12 39.13 39.15 39.17 39.19 39.21 39.24 39.26 39.26 39.31 39.38 39.44 39.49
