slabs/72.grd
DSAA
631 301
646410 647040
4946300 4946600
38.41 41.86
[rows 102 to 135 of 301, columns 234 to 311 of 631]
40.63 40.63 40.65 40.68 40.68 40.69 40.67 40.66 40.66 40.68 40.67 40.61 40.58 40.59 40.59 40.6 40.62 40.64 40.64 40.63 40.65 40.66 40.65 40.64 40.66 40.66 40.66 40.68 40.71 40.72 40.74 40.76 40.72 40.67 40.68 40.7 40.74 40.78 40.77 40.78 40.77 40.76 40.77 40.78 40.77 40.76 40.74 40.74 40.73 40.7 40.67 40.66 40.67 40.68 40.67 40.68 40.68 40.65 40.62 40.63 40.66 40.68 40.68 40.68 40.68 40.69 40.7 40.72 40.72 40.71 40.71 40.69 40.66 40.66 40.67 40.7 40.7 40.7
40.63 40.63 40.64 40.65 40.65 40.65 40.64 40.65 40.65 40.66 40.65 40.61 40.57 40.57 40.59 40.61 40.63 40.63 40.62 40.61 40.62 40.64 40.65 40.64 40.65 40.65 40.66 40.67 40.68 40.71 40.74 40.77 40.73 40.67 40.69 40.72 40.76 40.79 40.78 40.77 40.77 40.79 40.8 40.79 40.78 40.76 40.74 40.72 40.71 40.69 40.66 40.65 40.64 40.65 40.65 40.67 40.67 40.65 40.64 40.64 40.66 40.7 40.71 40.7 40.69 40.68 40.66 40.68 40.7 40.67 40.68 40.67 40.65 40.65 40.69 40.73 40.71 40.69
40.66 40.65 40.64 40.64 40.65 40.65 40.63 40.63 40.63 40.63 40.63 40.61 40.58 40.58 40.59 40.61 40.62 40.64 40.64 40.62 40.62 40.63 40.64 40.65 40.67 40.68 40.67 40.67 40.67 40.68 40.73 40.76 40.74 40.7 40.71 40.74 40.76 40.79 40.79 40.79 40.78 40.77 40.78 40.78 40.77 40.76 40.75 40.72 40.69 40.66 40.66 40.64 40.62 40.62 40.63 40.66 40.66 40.65 40.66 40.66 40.67 40.68 40.69 40.69 40.7 40.68 40.68 40.69 40.69 40.67 40.69 40.72 40.67 40.64 40.66 40.7 40.69 40.7
40.67 40.66 40.63 40.63 40.67 40.67 40.64 40.62 40.62 40.62 40.63 40.64 40.62 40.59 40.57 40.61 40.64 40.67 40.68 40.65 40.65 40.69 40.7 40.67 40.66 40.66 40.66 40.66 40.67 40.68 40.69 40.69 40.7 40.71 40.72 40.73 40.75 40.77 40.78 40.79 40.77 40.75 40.75 40.76 40.76 40.74 40.72 40.7 40.65 40.62 40.65 40.64 40.61 40.63 40.65 40.66 40.66 40.66 40.66 40.66 40.67 40.68 40.67 40.7 40.71 40.68 40.67 40.67 40.68 40.7 40.73 40.73 40.69 40.67 40.66 40.66 40.66 40.68
40.63 40.64 40.63 40.64 40.67 40.67 40.65 40.62 40.6 40.61 40.63 40.62 40.59 40.59 40.61 40.64 40.64 40.67 40.69 40.69 40.7 40.71 40.69 40.67 40.66 40.64 40.65 40.66 40.66 40.66 40.66 40.67 40.68 40.7 40.72 40.74 40.75 40.76 40.76 40.75 40.73 40.73 40.74 40.73 40.73 40.7 40.66 40.64 40.62 40.61 40.65 40.63 40.61 40.63 40.62 40.64 40.65 40.65 40.65 40.67 40.7 40.72 40.72 40.72 40.7 40.66 40.66 40.67 40.68 40.7 40.72 40.73 40.72 40.7 40.68 40.66 40.66 40.67
40.59 40.61 40.64 40.63 40.65 40.65 40.63 40.62 40.61 40.62 40.63 40.61 40.6 40.6 40.61 40.64 40.64 40.65 40.7 40.72 40.73 40.71 40.68 40.69 40.67 40.62 40.62 40.64 40.65 40.66 40.66 40.67 40.67 40.68 40.72 40.75 40.76 40.78 40.77 40.74 40.71 40.71 40.73 40.7 40.66 40.65 40.63 40.63 40.63 40.63 40.65 40.66 40.65 40.63 40.6 40.62 40.65 40.66 40.67 40.67 40.68 40.71 40.7 40.68 40.67 40.67 40.67 40.68 40.69 40.68 40.68 40.7 40.7 40.69 40.69 40.69 40.68 40.67
40.6 40.6 40.6 40.61 40.6 40.62 40.65 40.63 40.6 40.61 40.63 40.62 40.63 40.63 40.62 40.64 40.64 40.64 40.66 40.7 40.7 40.67 40.65 40.67 40.66 40.62 40.61 40.62 40.63 40.65 40.65 40.64 40.66 40.68 40.71 40.73 40.76 40.79 40.8 40.77 40.72 40.7 40.69 40.67 40.65 40.64 40.62 40.64 40.65 40.63 40.61 40.62 40.63 40.62 40.61 40.63 40.65 40.64 40.65 40.67 40.69 40.69 40.67 40.66 40.68 40.7 40.7 40.7 40.7 40.71 40.68 40.67 40.69 40.69 40.69 40.69 40.68 40.67
40.6 40.6 40.61 40.63 40.63 40.64 40.66 40.65 40.66 40.65 40.64 40.63 40.64 40.64 40.64 40.67 40.66 40.63 40.64 40.68 40.66 40.63 40.64 40.64 40.64 40.63 40.62 40.61 40.62 40.63 40.63 40.63 40.65 40.68 40.7 40.71 40.74 40.78 40.79 40.77 40.72 40.68 40.66 40.65 40.65 40.63 40.63 40.64 40.64 40.63 40.61 40.62 40.63 40.63 40.65 40.65 40.64 40.64 40.65 40.64 40.65 40.66 40.66 40.68 40.7 40.7 40.7 40.7 40.72 40.74 40.72 40.68 40.68 40.69 40.69 40.67 40.67 40.67
40.59 40.61 40.64 40.64 40.63 40.65 40.66 40.66 40.67 40.66 40.64 40.63 40.62 40.64 40.66 40.68 40.66 40.62 40.62 40.64 40.63 40.62 40.64 40.63 40.63 40.64 40.64 40.63 40.64 40.64 40.63 40.65 40.66 40.67 40.71 40.71 40.72 40.74 40.76 40.74 40.69 40.64 40.64 40.64 40.64 40.63 40.63 40.63 40.64 40.63 40.62 40.62 40.63 40.65 40.66 40.65 40.64 40.66 40.65 40.64 40.64 40.65 40.68 40.71 40.7 40.68 40.68 40.7 40.71 40.72 40.7 40.68 40.68 40.68 40.69 40.68 40.67 40.67
40.58 40.61 40.65 40.66 40.65 40.64 40.66 40.67 40.68 40.66 40.64 40.62 40.6 40.62 40.64 40.66 40.64 40.61 40.61 40.6 40.6 40.62 40.63 40.63 40.64 40.67 40.67 40.66 40.65 40.65 40.67 40.68 40.68 40.67 40.68 40.69 40.69 40.7 40.7 40.69 40.65 40.62 40.63 40.64 40.64 40.65 40.66 40.65 40.64 40.64 40.63 40.64 40.65 40.65 40.65 40.63 40.64 40.66 40.66 40.65 40.65 40.67 40.7 40.72 40.69 40.67 40.68 40.7 40.68 40.67 40.66 40.65 40.66 40.68 40.69 40.67 40.66 40.67
40.59 40.62 40.66 40.67 40.66 40.64 40.66 40.66 40.66 40.64 40.62 40.6 40.58 40.59 40.62 40.64 40.64 40.61 40.6 40.6 40.61 40.63 40.67 40.68 40.69 40.72 40.74 40.72 40.64 40.65 40.73 40.73 40.7 40.67 40.65 40.63 40.62 40.64 40.69 40.68 40.63 40.62 40.63 40.64 40.65 40.65 40.65 40.64 40.65 40.65 40.65 40.65 40.65 40.64 40.64 40.63 40.64 40.64 40.65 40.65 40.67 40.7 40.7 40.7 40.69 40.67 40.7 40.72 40.68 40.65 40.65 40.66 40.65 40.67 40.69 40.66 40.63 40.65
40.62 40.64 40.64 40.64 40.61 40.61 40.63 40.64 40.63 40.61 40.6 40.59 40.58 40.59 40.63 40.63 40.65 40.64 40.61 40.62 40.64 40.69 40.75 40.74 40.75 40.81 40.82 40.75 40.62 40.59 40.63 40.64 40.64 40.64 40.64 40.62 40.61 40.62 40.64 40.65 40.63 40.62 40.63 40.64 40.64 40.64 40.64 40.64 40.65 40.66 40.67 40.67 40.65 40.63 40.63 40.64 40.64 40.63 40.64 40.66 40.69 40.72 40.71 40.68 40.68 40.7 40.71 40.69 40.66 40.65 40.69 40.7 40.68 40.67 40.68 40.69 40.67 40.65
40.63 40.63 40.62 40.6 40.58 40.58 40.6 40.61 40.62 40.62 40.6 40.58 40.59 40.62 40.63 40.63 40.65 40.65 40.64 40.64 40.65 40.71 40.77 40.81 40.86 40.86 40.79 40.73 40.66 40.63 40.61 40.58 40.6 40.65 40.64 40.62 40.61 40.62 40.61 40.64 40.66 40.64 40.64 40.64 40.63 40.64 40.65 40.67 40.66 40.65 40.66 40.67 40.64 40.63 40.64 40.64 40.65 40.64 40.67 40.69 40.7 40.71 40.71 40.67 40.67 40.7 40.71 40.69 40.65 40.68 40.73 40.71 40.69 40.67 40.67 40.67 40.66 40.64
40.62 40.61 40.6 40.59 40.59 40.6 40.6 40.62 40.64 40.63 40.6 40.6 40.62 40.63 40.62 40.6 40.61 40.65 40.68 40.67 40.64 40.69 40.73 40.76 40.81 40.79 40.73 40.7 40.69 40.73 40.75 40.67 40.61 40.64 40.62 40.61 40.63 40.64 40.63 40.65 40.67 40.64 40.65 40.66 40.63 40.64 40.66 40.68 40.65 40.63 40.63 40.63 40.63 40.64 40.65 40.65 40.65 40.66 40.68 40.68 40.67 40.68 40.7 40.69 40.67 40.68 40.69 40.69 40.67 40.68 40.7 40.7 40.72 40.7 40.68 40.66 40.63 40.6
40.6 40.58 40.57 40.56 40.57 40.59 40.61 40.62 40.62 40.59 40.58 40.59 40.61 40.65 40.65 40.64 40.64 40.67 40.67 40.63 40.61 40.66 40.73 40.75 40.76 40.76 40.77 40.76 40.75 40.82 40.88 40.82 40.72 40.65 40.61 40.62 40.65 40.65 40.64 40.65 40.65 40.62 40.65 40.67 40.63 40.63 40.64 40.66 40.64 40.62 40.61 40.6 40.6 40.62 40.65 40.66 40.66 40.68 40.68 40.68 40.68 40.7 40.7 40.67 40.67 40.67 40.67 40.66 40.66 40.69 40.72 40.7 40.69 40.7 40.7 40.67 40.63 40.61
40.61 40.58 40.54 40.49 40.52 40.57 40.58 40.57 40.57 40.58 40.61 40.62 40.65 40.7 40.72 40.72 40.72 40.69 40.63 40.59 40.62 40.73 40.79 40.8 40.82 40.85 40.89 40.9 40.89 40.91 40.95 40.92 40.82 40.68 40.61 40.64 40.66 40.64 40.62 40.62 40.62 40.62 40.63 40.65 40.63 40.61 40.62 40.64 40.62 40.6 40.61 40.62 40.6 40.59 40.63 40.68 40.68 40.68 40.67 40.65 40.64 40.64 40.64 40.66 40.68 40.67 40.67 40.68 40.68 40.7 40.73 40.71 40.69 40.69 40.7 40.67 40.64 40.62
40.62 40.59 40.54 40.48 40.53 40.59 40.58 40.56 40.57 40.59 40.61 40.65 40.71 40.79 40.83 40.83 40.8 40.72 40.66 40.64 40.71 40.83 40.87 40.89 40.94 40.97 41.02 41.02 40.99 40.97 40.98 40.96 40.87 40.74 40.67 40.66 40.66 40.64 40.61 40.59 40.61 40.61 40.63 40.65 40.64 40.63 40.63 40.62 40.62 40.63 40.63 40.62 40.61 40.61 40.63 40.65 40.66 40.68 40.66 40.63 40.63 40.64 40.64 40.65 40.68 40.68 40.67 40.69 40.69 40.7 40.71 40.68 40.66 40.67 40.68 40.64 40.61 40.59
40.62 40.59 40.56 40.52 40.55 40.59 40.59 40.59 40.6 40.65 40.69 40.73 40.81 40.86 40.87 40.88 40.82 40.74 40.73 40.76 40.85 40.96 41.02 41.06 41.07 41.07 41.1 41.05 40.99 40.99 40.99 40.98 40.92 40.86 40.79 40.71 40.67 40.66 40.63 40.6 40.61 40.6 40.63 40.66 40.65 40.63 40.64 40.63 40.62 40.61 40.63 40.65 40.63 40.64 40.65 40.65 40.64 40.65 40.65 40.63 40.64 40.64 40.63 40.64 40.66 40.66 40.68 40.69 40.69 40.68 40.67 40.65 40.64 40.64 40.64 40.61 40.58 40.57
40.63 40.6 40.54 40.53 40.57 40.61 40.6 40.62 40.66 40.72 40.76 40.77 40.83 40.87 40.84 40.82 40.79 40.79 40.84 40.9 40.98 41.05 41.13 41.14 41.12 41.11 41.09 41.01 40.95 40.97 40.97 40.97 40.98 40.98 40.92 40.75 40.64 40.64 40.62 40.59 40.58 40.58 40.61 40.66 40.67 40.67 40.66 40.64 40.64 40.65 40.64 40.65 40.65 40.63 40.63 40.64 40.63 40.65 40.67 40.67 40.66 40.65 40.65 40.65 40.65 40.67 40.68 40.69 40.71 40.68 40.65 40.64 40.63 40.63 40.63 40.63 40.59 40.57
40.6 40.59 40.54 40.55 40.59 40.64 40.66 40.67 40.7 40.74 40.78 40.75 40.77 40.83 40.82 40.8 40.81 40.89 40.98 41.02 41.05 41.07 41.09 41.06 41.04 41.05 41.02 40.95 40.92 40.95 40.92 40.92 40.96 40.98 40.96 40.83 40.66 40.61 40.62 40.59 40.56 40.58 40.61 40.64 40.66 40.68 40.67 40.67 40.67 40.67 40.65 40.64 40.63 40.62 40.62 40.63 40.63 40.66 40.69 40.68 40.67 40.65 40.66 40.67 40.67 40.69 40.69 40.7 40.73 40.71 40.66 40.64 40.62 40.62 40.65 40.66 40.62 40.6
40.6 40.59 40.57 40.58 40.6 40.62 40.65 40.65 40.66 40.71 40.77 40.73 40.73 40.82 40.86 40.87 40.92 41 41.05 41.06 41.06 41.06 41.06 41.04 40.97 40.94 40.93 40.93 40.92 40.91 40.89 40.93 40.99 40.98 40.98 40.91 40.73 40.61 40.61 40.61 40.58 40.57 40.58 40.61 40.64 40.67 40.68 40.7 40.71 40.69 40.66 40.64 40.64 40.63 40.63 40.64 40.64 40.65 40.67 40.66 40.66 40.65 40.67 40.68 40.68 40.68 40.69 40.71 40.73 40.71 40.68 40.66 40.66 40.64 40.64 40.65 40.64 40.64
40.58 40.58 40.58 40.58 40.58 40.59 40.61 40.62 40.65 40.71 40.77 40.75 40.76 40.84 40.9 40.93 40.99 41.04 41.06 41.05 41.03 41.03 41.03 41.02 40.98 40.93 40.94 40.94 40.91 40.89 40.89 40.93 40.98 40.99 41 40.98 40.84 40.7 40.65 40.6 40.59 40.58 40.59 40.61 40.63 40.65 40.68 40.7 40.72 40.7 40.68 40.68 40.68 40.67 40.66 40.65 40.63 40.64 40.66 40.66 40.66 40.67 40.67 40.66 40.66 40.66 40.68 40.7 40.71 40.67 40.66 40.67 40.67 40.67 40.65 40.62 40.63 40.64
40.55 40.57 40.57 40.57 40.58 40.62 40.64 40.68 40.75 40.77 40.78 40.8 40.84 40.87 40.91 40.94 40.96 40.96 41 41 40.96 40.95 40.95 40.97 40.97 40.95 40.95 40.96 40.93 40.89 40.89 40.91 40.93 40.94 40.96 40.98 40.93 40.83 40.71 40.6 40.61 40.59 40.59 40.6 40.61 40.62 40.64 40.66 40.68 40.69 40.68 40.69 40.71 40.7 40.68 40.64 40.61 40.62 40.65 40.66 40.65 40.67 40.68 40.66 40.63 40.63 40.67 40.69 40.68 40.64 40.65 40.69 40.68 40.66 40.65 40.63 40.64 40.65
40.54 40.58 40.6 40.59 40.61 40.68 40.73 40.77 40.84 40.85 40.83 40.87 40.93 40.93 40.93 40.94 40.9 40.86 40.9 40.93 40.91 40.92 40.91 40.93 40.93 40.89 40.91 40.96 40.92 40.88 40.88 40.9 40.89 40.89 40.95 41 40.97 40.92 40.79 40.64 40.61 40.58 40.57 40.59 40.58 40.58 40.61 40.63 40.65 40.66 40.66 40.67 40.68 40.69 40.67 40.65 40.63 40.62 40.6 40.62 40.63 40.66 40.67 40.66 40.65 40.65 40.65 40.66 40.66 40.66 40.65 40.66 40.66 40.65 40.64 40.62 40.63 40.63
40.54 40.61 40.66 40.66 40.67 40.72 40.78 40.82 40.89 40.94 40.95 40.97 40.95 40.91 40.88 40.86 40.84 40.82 40.84 40.89 40.92 40.94 40.92 40.91 40.88 40.85 40.87 40.92 40.94 40.93 40.93 40.92 40.91 40.89 40.95 41 40.96 40.94 40.88 40.75 40.63 40.58 40.58 40.59 40.55 40.55 40.58 40.62 40.65 40.66 40.66 40.67 40.68 40.69 40.68 40.67 40.66 40.64 40.63 40.64 40.63 40.64 40.66 40.66 40.66 40.65 40.65 40.66 40.65 40.65 40.65 40.63 40.64 40.64 40.65 40.66 40.64 40.62
40.58 40.65 40.71 40.72 40.71 40.75 40.8 40.82 40.87 40.93 40.96 40.97 40.91 40.85 40.82 40.81 40.79 40.78 40.78 40.82 40.87 40.89 40.9 40.9 40.86 40.82 40.84 40.89 40.93 40.95 40.96 40.95 40.94 40.91 40.91 40.95 40.95 40.95 40.94 40.85 40.75 40.65 40.6 40.6 40.55 40.54 40.57 40.62 40.64 40.65 40.66 40.65 40.66 40.67 40.69 40.68 40.66 40.62 40.61 40.63 40.62 40.62 40.63 40.63 40.63 40.64 40.66 40.68 40.67 40.66 40.65 40.63 40.64 40.64 40.65 40.66 40.64 40.6
40.67 40.66 40.69 40.73 40.73 40.71 40.74 40.79 40.84 40.9 40.92 40.91 40.88 40.84 40.8 40.76 40.77 40.77 40.75 40.74 40.77 40.81 40.84 40.87 40.86 40.85 40.85 40.86 40.88 40.91 40.94 40.93 40.91 40.91 40.9 40.92 40.96 40.97 40.94 40.91 40.9 40.76 40.6 40.59 40.58 40.57 40.58 40.62 40.64 40.63 40.63 40.64 40.64 40.65 40.67 40.68 40.66 40.62 40.59 40.59 40.59 40.6 40.62 40.62 40.62 40.63 40.65 40.67 40.66 40.66 40.66 40.64 40.64 40.64 40.64 40.65 40.63 40.6
40.65 40.67 40.7 40.72 40.73 40.73 40.74 40.79 40.82 40.82 40.82 40.84 40.86 40.85 40.78 40.73 40.75 40.77 40.75 40.71 40.71 40.75 40.78 40.82 40.86 40.86 40.84 40.84 40.85 40.87 40.9 40.91 40.89 40.92 40.96 40.95 40.95 40.96 40.96 40.96 40.97 40.86 40.65 40.57 40.61 40.59 40.57 40.59 40.61 40.61 40.61 40.63 40.65 40.67 40.66 40.64 40.64 40.63 40.62 40.6 40.6 40.62 40.64 40.64 40.64 40.63 40.64 40.65 40.66 40.67 40.65 40.62 40.62 40.63 40.63 40.64 40.64 40.62
40.65 40.7 40.72 40.72 40.74 40.76 40.76 40.79 40.8 40.78 40.76 40.78 40.81 40.8 40.76 40.72 40.73 40.76 40.77 40.75 40.7 40.66 40.71 40.81 40.83 40.82 40.82 40.83 40.85 40.86 40.88 40.93 40.95 40.97 40.99 40.97 40.94 40.96 41 41.02 41.02 40.97 40.77 40.61 40.6 40.59 40.58 40.58 40.59 40.61 40.61 40.61 40.62 40.65 40.65 40.63 40.64 40.65 40.64 40.63 40.62 40.63 40.65 40.66 40.65 40.64 40.65 40.66 40.66 40.67 40.65 40.62 40.61 40.63 40.65 40.64 40.63 40.63
40.67 40.68 40.69 40.7 40.73 40.76 40.77 40.79 40.8 40.79 40.77 40.78 40.78 40.76 40.75 40.73 40.76 40.81 40.82 40.81 40.74 40.63 40.66 40.79 40.84 40.83 40.83 40.84 40.85 40.84 40.87 40.93 40.94 40.91 40.91 40.94 40.94 40.95 40.95 40.95 40.96 40.99 40.91 40.75 40.65 40.6 40.59 40.56 40.56 40.58 40.58 40.59 40.6 40.63 40.64 40.64 40.65 40.66 40.65 40.64 40.63 40.64 40.64 40.64 40.64 40.64 40.65 40.65 40.65 40.66 40.67 40.67 40.65 40.65 40.65 40.64 40.64 40.64
40.65 40.65 40.68 40.71 40.72 40.74 40.75 40.76 40.77 40.78 40.8 40.82 40.8 40.76 40.75 40.75 40.78 40.84 40.87 40.85 40.81 40.71 40.64 40.77 40.87 40.87 40.85 40.86 40.87 40.86 40.86 40.89 40.93 40.9 40.88 40.93 40.94 40.91 40.89 40.9 40.93 40.96 40.94 40.87 40.73 40.6 40.57 40.55 40.56 40.56 40.56 40.57 40.59 40.62 40.65 40.67 40.67 40.67 40.65 40.62 40.62 40.63 40.63 40.62 40.62 40.63 40.63 40.62 40.62 40.66 40.7 40.69 40.68 40.65 40.61 40.6 40.61 40.61
40.64 40.66 40.69 40.72 40.73 40.71 40.71 40.71 40.74 40.77 40.81 40.84 40.8 40.79 40.79 40.76 40.76 40.82 40.89 40.86 40.79 40.7 40.64 40.76 40.86 40.86 40.86 40.86 40.85 40.86 40.88 40.9 40.91 40.91 40.91 40.9 40.89 40.89 40.89 40.87 40.87 40.91 40.92 40.89 40.8 40.64 40.56 40.57 40.58 40.57 40.56 40.57 40.59 40.62 40.65 40.68 40.69 40.69 40.66 40.61 40.61 40.62 40.61 40.61 40.62 40.63 40.65 40.64 40.62 40.65 40.68 40.68 40.67 40.64 40.6 40.6 40.6 40.61
40.65 40.68 40.7 40.71 40.7 40.66 40.67 40.69 40.73 40.77 40.78 40.78 40.76 40.81 40.83 40.76 40.74 40.78 40.85 40.85 40.78 40.72 40.64 40.68 40.77 40.8 40.84 40.88 40.89 40.91 40.93 40.94 40.93 40.94 40.93 40.91 40.9 40.91 40.92 40.91 40.89 40.9 40.9 40.9 40.88 40.8 40.64 40.54 40.57 40.6 40.57 40.57 40.58 40.62 40.65 40.66 40.67 40.7 40.68 40.65 40.64 40.62 40.6 40.6 40.61 40.62 40.64 40.64 40.63 40.63 40.64 40.66 40.66 40.63 40.6 40.6 40.6 40.6
40.68 40.71 40.69 40.67 40.64 40.61 40.66 40.71 40.71 40.72 40.72 40.73 40.75 40.79 40.81 40.78 40.78 40.77 40.8 40.85 40.83 40.76 40.66 40.62 40.67 40.74 40.84 40.89 40.92 40.93 40.94 40.93 40.91 40.92 40.93 40.94 40.94 40.94 40.94 40.93 40.93 40.91 40.91 40.91 40.93 40.95 40.78 40.56 40.56 40.61 40.58 40.55 40.56 40.61 40.65 40.64 40.64 40.68 40.69 40.68 40.66 40.63 40.62 40.6 40.58 40.6 40.62 40.61 40.6 40.61 40.61 40.64 40.65 40.62 40.61 40.61 40.61 40.59
