slabs/72.grd
DSAA
631 301
646410 647040
4946300 4946600
38.41 41.86
[rows 136 to 169 of 301, columns 390 to 467 of 631]
40.59 40.61 40.59 40.61 40.6 40.61 40.58 40.6 40.66 40.67 40.65 40.58 40.59 40.63 40.65 40.71 40.71 40.69 40.67 40.68 40.7 40.67 40.63 40.62 40.63 40.66 40.67 40.71 40.71 40.69 40.7 40.64 40.59 40.55 40.51 40.47 40.43 40.41 40.43 40.46 40.48 40.51 40.51 40.55 40.53 40.51 40.45 40.46 40.49 40.46 40.41 40.36 40.33 40.37 40.42 40.19 40.23 40.36 40.5 40.49 40.47 40.43 40.45 40.48 40.47 40.46 40.51 40.54 40.52 40.51 40.51 40.51 40.54 40.5 40.51 40.53 40.56 40.53
40.58 40.62 40.62 40.61 40.65 40.64 40.63 40.65 40.68 40.68 40.66 40.65 40.59 40.61 40.63 40.65 40.68 40.67 40.67 40.69 40.7 40.65 40.6 40.64 40.69 40.71 40.68 40.75 40.72 40.7 40.69 40.64 40.6 40.56 40.51 40.46 40.45 40.43 40.41 40.45 40.46 40.48 40.52 40.54 40.53 40.51 40.46 40.45 40.5 40.48 40.42 40.36 40.32 40.31 40.39 40.17 40.1 40.3 40.45 40.5 40.49 40.46 40.48 40.48 40.48 40.48 40.48 40.51 40.54 40.49 40.49 40.52 40.55 40.51 40.49 40.5 40.53 40.54
40.6 40.66 40.65 40.64 40.59 40.62 40.63 40.63 40.65 40.64 40.63 40.63 40.6 40.63 40.63 40.63 40.65 40.65 40.66 40.66 40.65 40.67 40.61 40.64 40.71 40.73 40.69 40.72 40.7 40.68 40.65 40.62 40.62 40.6 40.54 40.48 40.47 40.45 40.4 40.41 40.42 40.46 40.52 40.54 40.54 40.53 40.5 40.47 40.44 40.47 40.44 40.36 40.33 40.35 40.42 40.27 40.04 40.27 40.45 40.53 40.53 40.47 40.47 40.51 40.51 40.49 40.49 40.51 40.55 40.5 40.49 40.51 40.55 40.53 40.5 40.5 40.53 40.54
40.63 40.62 40.59 40.6 40.59 40.59 40.58 40.6 40.63 40.63 40.65 40.67 40.66 40.66 40.63 40.58 40.61 40.64 40.62 40.59 40.62 40.67 40.64 40.66 40.69 40.7 40.68 40.69 40.67 40.65 40.64 40.61 40.6 40.62 40.59 40.53 40.51 40.48 40.41 40.39 40.42 40.45 40.49 40.52 40.54 40.52 40.53 40.48 40.48 40.5 40.47 40.4 40.38 40.37 40.38 40.36 40.18 40.25 40.44 40.54 40.56 40.51 40.48 40.49 40.49 40.49 40.48 40.5 40.55 40.52 40.5 40.51 40.54 40.55 40.51 40.52 40.53 40.53
40.63 40.61 40.58 40.59 40.61 40.61 40.59 40.62 40.64 40.64 40.64 40.62 40.65 40.66 40.63 40.6 40.59 40.62 40.61 40.57 40.64 40.67 40.66 40.66 40.68 40.68 40.68 40.66 40.66 40.67 40.65 40.63 40.63 40.65 40.59 40.51 40.49 40.49 40.41 40.39 40.43 40.46 40.46 40.49 40.49 40.48 40.48 40.46 40.47 40.48 40.46 40.44 40.41 40.34 40.35 40.39 40.33 40.14 40.38 40.51 40.57 40.56 40.49 40.46 40.49 40.51 40.48 40.49 40.53 40.52 40.49 40.5 40.54 40.57 40.52 40.53 40.55 40.55
40.62 40.62 40.62 40.58 40.59 40.59 40.59 40.61 40.61 40.61 40.59 40.58 40.61 40.64 40.61 40.63 40.6 40.61 40.63 40.63 40.66 40.68 40.69 40.63 40.66 40.68 40.66 40.66 40.66 40.67 40.67 40.68 40.68 40.66 40.61 40.54 40.51 40.47 40.41 40.38 40.38 40.41 40.46 40.48 40.49 40.47 40.48 40.46 40.46 40.48 40.49 40.46 40.43 40.36 40.34 40.4 40.39 40.1 40.33 40.46 40.55 40.56 40.49 40.47 40.49 40.53 40.48 40.49 40.51 40.54 40.49 40.49 40.52 40.54 40.52 40.5 40.52 40.57
40.59 40.6 40.62 40.57 40.57 40.56 40.59 40.59 40.57 40.56 40.55 40.56 40.58 40.62 40.6 40.62 40.62 40.59 40.61 40.63 40.67 40.64 40.65 40.63 40.63 40.63 40.67 40.69 40.72 40.74 40.73 40.67 40.66 40.62 40.57 40.54 40.51 40.48 40.39 40.39 40.39 40.42 40.49 40.46 40.46 40.47 40.47 40.45 40.45 40.47 40.49 40.48 40.45 40.39 40.35 40.4 40.41 40.19 40.28 40.45 40.53 40.56 40.49 40.48 40.48 40.52 40.49 40.46 40.51 40.55 40.52 40.49 40.51 40.52 40.55 40.53 40.52 40.58
40.58 40.6 40.6 40.58 40.58 40.58 40.6 40.58 40.55 40.55 40.53 40.54 40.56 40.59 40.58 40.61 40.64 40.6 40.58 40.62 40.65 40.65 40.63 40.63 40.62 40.6 40.63 40.64 40.66 40.7 40.72 40.67 40.58 40.56 40.56 40.55 40.51 40.48 40.41 40.4 40.41 40.41 40.48 40.47 40.47 40.46 40.44 40.43 40.44 40.45 40.46 40.47 40.44 40.4 40.36 40.39 40.42 40.31 40.2 40.42 40.53 40.59 40.52 40.48 40.46 40.51 40.49 40.47 40.5 40.54 40.56 40.51 40.52 40.54 40.53 40.51 40.5 40.55
40.59 40.6 40.59 40.6 40.59 40.6 40.6 40.58 40.57 40.57 40.55 40.56 40.54 40.55 40.58 40.61 40.63 40.64 40.62 40.63 40.64 40.61 40.57 40.6 40.56 40.62 40.67 40.67 40.69 40.68 40.67 40.68 40.61 40.57 40.57 40.55 40.51 40.49 40.42 40.39 40.38 40.39 40.46 40.48 40.47 40.44 40.43 40.43 40.44 40.44 40.41 40.43 40.42 40.4 40.36 40.39 40.39 40.36 40.17 40.35 40.51 40.57 40.51 40.48 40.46 40.48 40.53 40.5 40.47 40.5 40.54 40.52 40.48 40.5 40.5 40.5 40.5 40.54
40.6 40.57 40.56 40.62 40.59 40.58 40.58 40.61 40.6 40.58 40.56 40.59 40.58 40.58 40.6 40.59 40.57 40.58 40.6 40.59 40.62 40.61 40.56 40.61 40.59 40.64 40.69 40.7 40.68 40.69 40.69 40.7 40.66 40.61 40.53 40.53 40.51 40.49 40.45 40.41 40.38 40.39 40.45 40.48 40.47 40.44 40.44 40.44 40.46 40.45 40.41 40.43 40.43 40.41 40.36 40.37 40.37 40.35 40.23 40.28 40.46 40.54 40.52 40.47 40.46 40.48 40.52 40.5 40.48 40.54 40.56 40.55 40.48 40.51 40.57 40.55 40.51 40.53
40.58 40.52 40.54 40.55 40.58 40.56 40.59 40.63 40.59 40.58 40.57 40.61 40.62 40.6 40.57 40.59 40.57 40.6 40.59 40.56 40.6 40.61 40.6 40.62 40.62 40.64 40.63 40.67 40.65 40.68 40.71 40.7 40.69 40.65 40.52 40.53 40.52 40.51 40.47 40.42 40.38 40.39 40.41 40.45 40.47 40.45 40.45 40.46 40.45 40.42 40.42 40.44 40.44 40.43 40.38 40.37 40.4 40.39 40.13 40.12 40.4 40.56 40.57 40.54 40.5 40.52 40.54 40.51 40.49 40.51 40.54 40.57 40.49 40.52 40.56 40.57 40.5 40.53
40.59 40.54 40.57 40.52 40.54 40.54 40.56 40.56 40.59 40.6 40.62 40.6 40.63 40.61 40.59 40.6 40.58 40.6 40.55 40.54 40.59 40.58 40.6 40.6 40.58 40.62 40.6 40.63 40.63 40.65 40.69 40.69 40.7 40.66 40.56 40.55 40.55 40.54 40.47 40.42 40.39 40.35 40.4 40.43 40.44 40.45 40.45 40.47 40.45 40.42 40.43 40.42 40.42 40.44 40.37 40.34 40.41 40.41 40.26 40.11 40.36 40.54 40.58 40.56 40.5 40.51 40.52 40.54 40.49 40.5 40.52 40.54 40.5 40.5 40.54 40.57 40.53 40.53
40.61 40.58 40.64 40.56 40.55 40.56 40.55 40.56 40.56 40.58 40.6 40.62 40.66 40.63 40.57 40.57 40.58 40.59 40.57 40.58 40.61 40.6 40.57 40.57 40.56 40.59 40.57 40.6 40.62 40.63 40.66 40.69 40.68 40.66 40.6 40.56 40.56 40.53 40.48 40.44 40.39 40.35 40.39 40.4 40.41 40.44 40.44 40.45 40.45 40.46 40.41 40.39 40.41 40.41 40.4 40.36 40.37 40.46 40.38 40.24 40.3 40.49 40.6 40.57 40.49 40.49 40.49 40.51 40.48 40.48 40.5 40.52 40.5 40.48 40.5 40.54 40.56 40.52
40.6 40.6 40.63 40.57 40.57 40.58 40.57 40.61 40.59 40.61 40.59 40.6 40.62 40.6 40.55 40.55 40.56 40.59 40.6 40.61 40.62 40.6 40.57 40.56 40.57 40.58 40.57 40.61 40.62 40.62 40.65 40.66 40.66 40.64 40.62 40.57 40.54 40.52 40.48 40.43 40.39 40.4 40.4 40.42 40.45 40.45 40.42 40.41 40.41 40.42 40.4 40.41 40.41 40.42 40.41 40.37 40.34 40.43 40.41 40.26 40.11 40.41 40.56 40.55 40.5 40.49 40.47 40.49 40.48 40.48 40.49 40.52 40.5 40.48 40.49 40.52 40.56 40.52
40.52 40.52 40.53 40.53 40.56 40.6 40.58 40.59 40.58 40.58 40.58 40.58 40.59 40.57 40.56 40.57 40.56 40.58 40.59 40.61 40.61 40.61 40.57 40.56 40.56 40.58 40.61 40.66 40.64 40.61 40.62 40.59 40.62 40.62 40.58 40.53 40.52 40.5 40.43 40.41 40.4 40.41 40.38 40.38 40.41 40.41 40.43 40.45 40.45 40.45 40.39 40.38 40.42 40.43 40.41 40.39 40.36 40.41 40.42 40.32 40.09 40.31 40.48 40.53 40.51 40.47 40.46 40.48 40.51 40.49 40.49 40.52 40.52 40.5 40.5 40.52 40.57 40.54
40.55 40.55 40.57 40.56 40.57 40.61 40.6 40.58 40.57 40.56 40.58 40.59 40.57 40.57 40.57 40.56 40.58 40.57 40.58 40.61 40.63 40.63 40.57 40.56 40.57 40.58 40.63 40.65 40.63 40.66 40.65 40.7 40.67 40.64 40.55 40.51 40.49 40.5 40.47 40.43 40.39 40.35 40.37 40.38 40.4 40.42 40.41 40.44 40.45 40.44 40.4 40.38 40.41 40.43 40.42 40.41 40.36 40.37 40.4 40.39 40.13 40.24 40.4 40.51 40.51 40.47 40.45 40.46 40.51 40.49 40.47 40.5 40.53 40.51 40.5 40.51 40.54 40.51
40.59 40.58 40.62 40.61 40.62 40.61 40.58 40.56 40.56 40.55 40.59 40.6 40.58 40.57 40.55 40.54 40.57 40.6 40.58 40.6 40.62 40.6 40.59 40.59 40.61 40.64 40.64 40.61 40.63 40.66 40.62 40.65 40.64 40.59 40.54 40.52 40.49 40.48 40.45 40.41 40.38 40.33 40.34 40.35 40.37 40.41 40.42 40.44 40.44 40.42 40.42 40.38 40.4 40.43 40.42 40.4 40.37 40.34 40.36 40.39 40.14 40.16 40.35 40.49 40.53 40.49 40.44 40.44 40.47 40.49 40.47 40.48 40.52 40.52 40.49 40.46 40.5 40.54
40.62 40.6 40.63 40.61 40.61 40.58 40.54 40.54 40.54 40.53 40.58 40.61 40.59 40.6 40.59 40.57 40.55 40.58 40.58 40.59 40.58 40.59 40.6 40.57 40.59 40.61 40.65 40.63 40.65 40.67 40.59 40.6 40.59 40.61 40.58 40.55 40.53 40.5 40.46 40.4 40.38 40.35 40.34 40.33 40.36 40.41 40.45 40.45 40.43 40.42 40.44 40.39 40.4 40.42 40.43 40.41 40.38 40.35 40.34 40.37 40.21 40.14 40.3 40.46 40.5 40.49 40.46 40.45 40.49 40.5 40.48 40.45 40.52 40.52 40.49 40.49 40.52 40.55
40.62 40.61 40.61 40.57 40.54 40.55 40.53 40.54 40.56 40.55 40.57 40.6 40.59 40.6 40.64 40.63 40.6 40.6 40.58 40.58 40.61 40.6 40.56 40.57 40.6 40.57 40.65 40.63 40.62 40.61 40.59 40.6 40.61 40.61 40.59 40.57 40.54 40.48 40.45 40.42 40.38 40.36 40.34 40.34 40.36 40.42 40.46 40.47 40.44 40.43 40.43 40.41 40.38 40.42 40.46 40.43 40.4 40.34 40.31 40.34 40.29 40.14 40.26 40.42 40.48 40.52 40.5 40.46 40.48 40.55 40.52 40.47 40.5 40.53 40.51 40.49 40.5 40.53
40.6 40.58 40.56 40.54 40.53 40.52 40.54 40.56 40.58 40.58 40.56 40.59 40.58 40.57 40.65 40.67 40.61 40.57 40.58 40.59 40.58 40.61 40.64 40.65 40.64 40.6 40.59 40.58 40.59 40.59 40.58 40.6 40.62 40.59 40.57 40.56 40.53 40.46 40.46 40.45 40.39 40.36 40.35 40.34 40.35 40.41 40.44 40.46 40.43 40.43 40.41 40.38 40.38 40.42 40.49 40.43 40.41 40.33 40.31 40.35 40.34 40.05 40.07 40.38 40.49 40.53 40.5 40.44 40.46 40.5 40.48 40.46 40.48 40.51 40.49 40.49 40.5 40.52
40.59 40.58 40.55 40.52 40.55 40.52 40.53 40.56 40.56 40.56 40.57 40.58 40.56 40.56 40.58 40.6 40.6 40.58 40.61 40.63 40.61 40.61 40.63 40.62 40.62 40.59 40.55 40.56 40.6 40.58 40.59 40.61 40.61 40.58 40.56 40.55 40.53 40.48 40.45 40.46 40.43 40.36 40.35 40.34 40.34 40.39 40.44 40.46 40.43 40.43 40.4 40.36 40.33 40.39 40.44 40.42 40.37 40.34 40.32 40.38 40.38 40.21 39.98 40.3 40.48 40.5 40.47 40.44 40.44 40.47 40.47 40.46 40.47 40.49 40.49 40.47 40.49 40.51
40.58 40.61 40.58 40.55 40.56 40.58 40.52 40.54 40.54 40.52 40.55 40.55 40.56 40.59 40.56 40.57 40.59 40.58 40.6 40.6 40.6 40.65 40.62 40.57 40.59 40.57 40.55 40.56 40.59 40.58 40.6 40.62 40.61 40.58 40.56 40.56 40.53 40.5 40.46 40.46 40.45 40.38 40.35 40.33 40.34 40.38 40.46 40.46 40.43 40.4 40.39 40.38 40.35 40.34 40.38 40.4 40.37 40.37 40.34 40.33 40.39 40.29 40.06 40.19 40.43 40.49 40.47 40.44 40.45 40.49 40.48 40.47 40.47 40.49 40.49 40.46 40.48 40.51
40.57 40.59 40.58 40.56 40.54 40.57 40.52 40.55 40.58 40.54 40.56 40.54 40.55 40.57 40.59 40.62 40.59 40.58 40.59 40.59 40.6 40.64 40.61 40.58 40.6 40.56 40.55 40.56 40.57 40.59 40.61 40.59 40.61 40.58 40.55 40.55 40.52 40.49 40.48 40.47 40.44 40.37 40.37 40.34 40.33 40.37 40.44 40.43 40.45 40.43 40.41 40.4 40.41 40.39 40.4 40.46 40.42 40.38 40.35 40.32 40.35 40.24 40.02 40.13 40.37 40.47 40.47 40.45 40.45 40.51 40.51 40.49 40.45 40.46 40.49 40.47 40.48 40.5
40.51 40.55 40.61 40.57 40.54 40.56 40.55 40.6 40.62 40.57 40.57 40.56 40.58 40.56 40.57 40.6 40.59 40.58 40.55 40.57 40.56 40.57 40.59 40.6 40.59 40.53 40.54 40.54 40.54 40.6 40.6 40.56 40.58 40.58 40.56 40.54 40.57 40.54 40.49 40.47 40.44 40.39 40.37 40.34 40.33 40.33 40.37 40.4 40.43 40.45 40.44 40.42 40.41 40.38 40.39 40.47 40.41 40.39 40.36 40.32 40.34 40.32 40.13 40.04 40.26 40.42 40.49 40.46 40.44 40.47 40.5 40.5 40.43 40.44 40.48 40.48 40.47 40.48
40.54 40.54 40.59 40.57 40.56 40.56 40.56 40.55 40.61 40.59 40.58 40.6 40.6 40.56 40.52 40.52 40.57 40.56 40.54 40.56 40.53 40.51 40.53 40.56 40.56 40.52 40.53 40.5 40.47 40.57 40.61 40.59 40.57 40.57 40.56 40.55 40.56 40.55 40.53 40.53 40.49 40.4 40.37 40.36 40.32 40.29 40.33 40.39 40.42 40.44 40.42 40.41 40.41 40.38 40.4 40.42 40.41 40.39 40.36 40.29 40.3 40.34 40.22 39.96 40.19 40.4 40.49 40.48 40.44 40.43 40.49 40.51 40.44 40.43 40.46 40.5 40.47 40.45
40.52 40.54 40.57 40.57 40.56 40.53 40.54 40.52 40.58 40.6 40.57 40.59 40.58 40.55 40.5 40.48 40.52 40.53 40.56 40.59 40.55 40.5 40.48 40.53 40.57 40.55 40.52 40.48 40.43 40.5 40.55 40.56 40.58 40.59 40.59 40.58 40.6 40.53 40.49 40.48 40.44 40.41 40.38 40.36 40.32 40.3 40.3 40.38 40.41 40.41 40.41 40.39 40.39 40.37 40.38 40.41 40.41 40.39 40.37 40.31 40.3 40.34 40.27 40 40.07 40.29 40.45 40.49 40.45 40.44 40.48 40.5 40.44 40.44 40.46 40.52 40.51 40.48
40.55 40.58 40.56 40.58 40.58 40.54 40.55 40.56 40.56 40.59 40.57 40.56 40.54 40.55 40.52 40.49 40.51 40.54 40.56 40.58 40.52 40.49 40.52 40.55 40.57 40.54 40.53 40.51 40.48 40.5 40.54 40.56 40.56 40.59 40.59 40.6 40.58 40.52 40.51 40.46 40.44 40.42 40.39 40.4 40.34 40.31 40.3 40.38 40.4 40.4 40.39 40.41 40.39 40.38 40.38 40.43 40.42 40.41 40.38 40.34 40.32 40.34 40.34 40.11 39.94 40.14 40.41 40.49 40.45 40.42 40.43 40.46 40.43 40.41 40.46 40.48 40.51 40.47
40.57 40.59 40.56 40.58 40.6 40.57 40.57 40.57 40.54 40.55 40.57 40.55 40.52 40.54 40.54 40.51 40.49 40.53 40.54 40.52 40.5 40.52 40.53 40.51 40.5 40.52 40.55 40.52 40.47 40.5 40.56 40.57 40.58 40.59 40.57 40.58 40.55 40.55 40.52 40.49 40.48 40.45 40.4 40.39 40.34 40.32 40.32 40.37 40.38 40.39 40.37 40.41 40.41 40.4 40.39 40.41 40.42 40.44 40.38 40.34 40.31 40.32 40.34 40.22 40.04 40.17 40.4 40.5 40.46 40.43 40.4 40.43 40.46 40.44 40.44 40.47 40.52 40.49
40.58 40.55 40.56 40.56 40.59 40.59 40.56 40.53 40.54 40.51 40.53 40.52 40.49 40.48 40.48 40.48 40.48 40.53 40.55 40.54 40.55 40.51 40.54 40.54 40.53 40.49 40.47 40.49 40.48 40.54 40.58 40.6 40.56 40.55 40.56 40.55 40.55 40.54 40.53 40.51 40.49 40.48 40.42 40.37 40.34 40.32 40.33 40.35 40.37 40.38 40.38 40.4 40.41 40.4 40.38 40.37 40.39 40.43 40.4 40.35 40.29 40.29 40.31 40.24 39.94 40.08 40.38 40.5 40.5 40.45 40.44 40.47 40.48 40.46 40.43 40.45 40.5 40.49
40.59 40.55 40.57 40.58 40.59 40.61 40.56 40.55 40.53 40.5 40.52 40.54 40.5 40.5 40.46 40.47 40.5 40.51 40.51 40.51 40.51 40.49 40.52 40.5 40.52 40.48 40.47 40.47 40.49 40.55 40.58 40.56 40.55 40.56 40.55 40.57 40.55 40.52 40.55 40.54 40.52 40.51 40.43 40.38 40.35 40.33 40.31 40.33 40.37 40.41 40.4 40.39 40.4 40.38 40.37 40.35 40.37 40.38 40.36 40.34 40.31 40.28 40.31 40.29 40.12 40.05 40.31 40.45 40.48 40.46 40.42 40.48 40.55 40.52 40.43 40.44 40.47 40.48
40.59 40.59 40.57 40.53 40.59 40.6 40.56 40.54 40.54 40.47 40.5 40.55 40.49 40.5 40.48 40.51 40.49 40.47 40.47 40.45 40.45 40.5 40.51 40.49 40.51 40.49 40.52 40.51 40.52 40.55 40.54 40.51 40.55 40.56 40.55 40.57 40.55 40.53 40.55 40.55 40.54 40.53 40.44 40.39 40.37 40.37 40.31 40.32 40.37 40.43 40.41 40.41 40.4 40.38 40.37 40.35 40.38 40.36 40.38 40.37 40.3 40.27 40.3 40.33 40.27 40.08 40.26 40.45 40.54 40.48 40.4 40.43 40.49 40.48 40.42 40.44 40.46 40.49
40.57 40.56 40.56 40.54 40.55 40.51 40.52 40.55 40.52 40.5 40.52 40.53 40.52 40.5 40.47 40.48 40.49 40.46 40.46 40.46 40.47 40.48 40.49 40.48 40.51 40.51 40.52 40.52 40.53 40.56 40.54 40.52 40.55 40.55 40.56 40.56 40.57 40.54 40.56 40.52 40.5 40.52 40.47 40.38 40.37 40.36 40.33 40.31 40.37 40.41 40.44 40.42 40.43 40.4 40.38 40.35 40.38 40.36 40.41 40.37 40.31 40.28 40.27 40.32 40.32 40.08 40.2 40.44 40.54 40.5 40.43 40.42 40.44 40.46 40.43 40.44 40.46 40.5
40.57 40.58 40.61 40.56 40.51 40.51 40.52 40.53 40.49 40.5 40.53 40.52 40.53 40.52 40.49 40.47 40.46 40.43 40.43 40.45 40.48 40.49 40.5 40.49 40.51 40.54 40.5 40.52 40.55 40.58 40.57 40.54 40.55 40.53 40.57 40.6 40.56 40.54 40.57 40.51 40.5 40.49 40.52 40.42 40.38 40.36 40.31 40.29 40.32 40.37 40.42 40.43 40.39 40.37 40.38 40.36 40.36 40.36 40.41 40.38 40.34 40.29 40.24 40.29 40.23 40.06 40.07 40.38 40.49 40.48 40.45 40.43 40.42 40.44 40.43 40.42 40.45 40.5
40.58 40.59 40.56 40.54 40.51 40.49 40.5 40.53 40.48 40.48 40.51 40.53 40.49 40.48 40.49 40.47 40.46 40.44 40.42 40.45 40.5 40.49 40.51 40.52 40.51 40.52 40.5 40.51 40.56 40.58 40.56 40.54 40.55 40.54 40.56 40.59 40.58 40.56 40.53 40.52 40.51 40.5 40.52 40.49 40.46 40.44 40.34 40.31 40.32 40.34 40.42 40.41 40.4 40.4 40.42 40.38 40.36 40.37 40.4 40.38 40.34 40.31 40.26 40.28 40.26 40.16 39.99 40.27 40.4 40.47 40.46 40.42 40.41 40.42 40.45 40.43 40.44 40.46
