slabs/72.grd
DSAA
631 301
646410 647040
4946300 4946600
38.41 41.86
[rows 136 to 169 of 301, columns 156 to 233 of 631]
39.53 39.53 39.54 39.55 39.57 39.62 39.67 39.67 39.65 39.63 39.61 39.64 39.65 39.63 39.63 39.67 39.68 39.66 39.64 39.65 39.7 39.74 39.76 39.77 39.77 39.78 39.83 39.89 39.93 39.97 39.98 40.01 40.03 40.01 40.04 40.07 40.07 40.1 40.14 40.18 40.23 40.27 40.3 40.31 40.3 40.33 40.39 40.39 40.36 40.36 40.34 40.32 40.33 40.28 40.2 40.2 40.22 40.23 40.26 40.3 40.33 40.36 40.38 40.36 40.38 40.44 40.49 40.51 40.52 40.55 40.56 40.56 40.55 40.54 40.54 40.54 40.56 40.6
39.58 39.57 39.57 39.58 39.6 39.62 39.62 39.64 39.64 39.63 39.63 39.67 39.68 39.68 39.69 39.72 39.71 39.69 39.68 39.69 39.73 39.74 39.76 39.75 39.73 39.75 39.8 39.87 39.93 39.97 39.97 39.98 39.99 39.99 40.01 40.03 40.03 40.05 40.1 40.16 40.21 40.25 40.31 40.33 40.3 40.33 40.38 40.34 40.29 40.28 40.27 40.24 40.23 40.23 40.22 40.26 40.3 40.28 40.25 40.24 40.25 40.32 40.37 40.36 40.37 40.42 40.46 40.5 40.51 40.51 40.49 40.47 40.47 40.5 40.53 40.52 40.53 40.55
39.6 39.61 39.61 39.61 39.63 39.63 39.62 39.63 39.66 39.68 39.7 39.71 39.71 39.71 39.73 39.73 39.71 39.71 39.71 39.71 39.71 39.7 39.72 39.75 39.75 39.76 39.79 39.85 39.91 39.94 39.96 39.98 39.99 39.98 39.99 40.02 40.03 40.03 40.06 40.16 40.22 40.29 40.33 40.28 40.24 40.29 40.31 40.23 40.18 40.16 40.15 40.15 40.15 40.19 40.24 40.27 40.3 40.26 40.21 40.18 40.2 40.28 40.33 40.35 40.35 40.37 40.41 40.45 40.45 40.44 40.44 40.43 40.44 40.53 40.58 40.53 40.51 40.5
39.61 39.62 39.62 39.62 39.65 39.68 39.67 39.68 39.71 39.74 39.75 39.73 39.69 39.68 39.69 39.69 39.71 39.73 39.75 39.76 39.75 39.74 39.73 39.73 39.78 39.81 39.81 39.85 39.93 39.97 39.96 39.97 40 40.01 40 40.01 40.01 40.02 40.07 40.16 40.25 40.29 40.25 40.17 40.15 40.19 40.19 40.1 40.04 40.06 40.1 40.12 40.14 40.17 40.2 40.21 40.21 40.19 40.16 40.16 40.19 40.25 40.28 40.3 40.31 40.32 40.38 40.43 40.42 40.39 40.39 40.4 40.43 40.51 40.56 40.52 40.49 40.47
39.62 39.64 39.62 39.62 39.67 39.7 39.71 39.71 39.72 39.73 39.73 39.71 39.67 39.66 39.68 39.69 39.71 39.72 39.73 39.76 39.76 39.73 39.74 39.77 39.79 39.79 39.8 39.86 39.93 39.95 39.95 40.01 40.08 40.07 40.02 40.01 40.01 40.01 40.02 40.09 40.17 40.16 40.11 40.09 40.11 40.11 40.07 40.03 40.02 40.06 40.11 40.12 40.15 40.19 40.16 40.14 40.15 40.14 40.13 40.16 40.18 40.2 40.21 40.23 40.26 40.29 40.34 40.41 40.43 40.4 40.38 40.41 40.41 40.45 40.49 40.49 40.47 40.47
39.62 39.65 39.66 39.65 39.67 39.69 39.71 39.73 39.72 39.71 39.72 39.73 39.71 39.68 39.7 39.74 39.75 39.76 39.77 39.78 39.79 39.78 39.77 39.78 39.8 39.78 39.78 39.84 39.9 39.94 39.98 40.06 40.16 40.12 40.02 39.99 40.01 40 39.97 39.99 40.02 40.03 40.04 40.07 40.1 40.06 40 40.01 40.05 40.09 40.1 40.09 40.15 40.2 40.17 40.14 40.15 40.15 40.13 40.12 40.13 40.15 40.18 40.21 40.23 40.26 40.29 40.33 40.39 40.4 40.37 40.37 40.36 40.37 40.42 40.44 40.45 40.49
39.64 39.68 39.7 39.67 39.66 39.68 39.69 39.71 39.73 39.73 39.74 39.76 39.75 39.74 39.75 39.77 39.79 39.78 39.79 39.78 39.76 39.76 39.76 39.79 39.8 39.81 39.85 39.93 39.99 40.02 40.04 40.08 40.13 40.08 39.98 39.93 39.93 39.95 39.96 39.95 39.92 39.95 40.01 40.04 40.06 40.02 39.96 39.97 40.01 40.07 40.09 40.1 40.14 40.18 40.16 40.13 40.13 40.16 40.15 40.12 40.11 40.13 40.19 40.23 40.23 40.22 40.23 40.24 40.31 40.36 40.34 40.33 40.33 40.34 40.35 40.37 40.43 40.47
39.7 39.72 39.7 39.66 39.67 39.7 39.71 39.74 39.78 39.78 39.78 39.77 39.76 39.76 39.75 39.76 39.79 39.8 39.81 39.8 39.75 39.75 39.77 39.78 39.79 39.83 39.9 39.97 40 40.02 40.01 39.96 39.94 39.93 39.9 39.86 39.86 39.9 39.96 39.95 39.91 39.93 39.95 39.96 40 40 39.96 39.94 39.97 40.03 40.06 40.06 40.09 40.1 40.08 40.11 40.09 40.08 40.1 40.08 40.07 40.1 40.15 40.19 40.18 40.17 40.2 40.24 40.3 40.34 40.32 40.3 40.31 40.34 40.34 40.34 40.4 40.45
39.7 39.7 39.71 39.68 39.68 39.74 39.76 39.78 39.79 39.78 39.77 39.75 39.74 39.75 39.74 39.76 39.78 39.78 39.79 39.79 39.77 39.73 39.72 39.72 39.71 39.75 39.85 39.91 39.89 39.88 39.86 39.8 39.77 39.8 39.84 39.85 39.88 39.92 39.94 39.93 39.94 39.95 39.94 39.93 39.94 39.98 40.01 39.96 39.94 39.98 40 39.99 40.01 40.03 40.02 40.05 40.02 40.02 40.04 40.03 40.02 40.05 40.1 40.15 40.16 40.14 40.17 40.22 40.28 40.31 40.31 40.28 40.3 40.35 40.34 40.32 40.38 40.43
39.69 39.68 39.7 39.7 39.71 39.75 39.8 39.83 39.8 39.77 39.76 39.75 39.75 39.74 39.76 39.79 39.8 39.77 39.76 39.77 39.7 39.62 39.61 39.64 39.66 39.7 39.77 39.79 39.75 39.73 39.74 39.76 39.76 39.79 39.84 39.87 39.9 39.93 39.93 39.91 39.91 39.92 39.91 39.9 39.89 39.92 39.96 39.95 39.92 39.93 39.96 39.95 39.97 40.02 40.04 40.03 39.98 39.95 39.98 39.97 39.98 40.04 40.09 40.12 40.13 40.14 40.17 40.2 40.23 40.27 40.3 40.27 40.27 40.32 40.31 40.31 40.37 40.4
39.69 39.67 39.68 39.72 39.76 39.8 39.82 39.81 39.79 39.78 39.78 39.78 39.79 39.79 39.78 39.75 39.69 39.67 39.68 39.68 39.6 39.56 39.57 39.61 39.67 39.72 39.76 39.74 39.7 39.7 39.74 39.77 39.79 39.81 39.86 39.89 39.9 39.9 39.91 39.89 39.87 39.86 39.83 39.81 39.84 39.85 39.81 39.8 39.82 39.85 39.88 39.9 39.93 40 40.02 40 39.95 39.92 39.95 39.93 39.93 40.02 40.07 40.1 40.11 40.11 40.13 40.16 40.2 40.25 40.29 40.27 40.25 40.29 40.3 40.31 40.35 40.37
39.7 39.71 39.72 39.74 39.76 39.78 39.79 39.8 39.79 39.81 39.83 39.82 39.8 39.77 39.75 39.64 39.47 39.49 39.59 39.63 39.64 39.65 39.64 39.64 39.67 39.73 39.79 39.79 39.76 39.73 39.74 39.79 39.83 39.85 39.85 39.87 39.87 39.88 39.88 39.85 39.84 39.82 39.77 39.74 39.8 39.84 39.75 39.68 39.73 39.79 39.82 39.84 39.89 39.96 39.99 39.98 39.93 39.9 39.93 39.91 39.93 40 40.03 40.07 40.08 40.07 40.09 40.13 40.2 40.24 40.25 40.24 40.25 40.29 40.3 40.26 40.27 40.32
39.76 39.79 39.79 39.77 39.76 39.76 39.76 39.75 39.73 39.77 39.8 39.75 39.71 39.69 39.7 39.61 39.42 39.47 39.62 39.7 39.74 39.73 39.7 39.68 39.67 39.7 39.76 39.78 39.77 39.76 39.77 39.81 39.83 39.83 39.83 39.84 39.85 39.83 39.81 39.8 39.79 39.78 39.76 39.74 39.77 39.78 39.68 39.58 39.63 39.72 39.76 39.78 39.83 39.93 39.97 39.97 39.9 39.85 39.89 39.89 39.91 39.98 40 40.05 40.08 40.07 40.08 40.11 40.16 40.18 40.17 40.19 40.23 40.24 40.24 40.19 40.21 40.31
39.8 39.83 39.83 39.8 39.76 39.75 39.72 39.68 39.63 39.66 39.67 39.63 39.64 39.65 39.7 39.67 39.58 39.62 39.69 39.72 39.74 39.72 39.69 39.69 39.69 39.71 39.74 39.75 39.75 39.77 39.79 39.8 39.81 39.81 39.77 39.76 39.76 39.74 39.74 39.74 39.74 39.75 39.75 39.75 39.75 39.73 39.64 39.53 39.57 39.68 39.76 39.76 39.77 39.87 39.94 39.94 39.88 39.84 39.86 39.88 39.9 39.93 39.96 40.02 40.08 40.09 40.1 40.09 40.11 40.16 40.18 40.17 40.18 40.2 40.2 40.19 40.23 40.27
39.78 39.82 39.82 39.78 39.74 39.69 39.64 39.62 39.6 39.6 39.61 39.64 39.68 39.69 39.7 39.71 39.71 39.72 39.72 39.68 39.67 39.69 39.74 39.75 39.76 39.79 39.79 39.77 39.75 39.75 39.76 39.75 39.76 39.76 39.72 39.71 39.72 39.71 39.71 39.72 39.71 39.71 39.74 39.75 39.73 39.69 39.64 39.56 39.54 39.63 39.75 39.76 39.74 39.79 39.86 39.9 39.9 39.87 39.88 39.91 39.93 39.92 39.93 39.99 40.08 40.08 40.04 40.05 40.08 40.14 40.2 40.19 40.18 40.19 40.2 40.21 40.22 40.23
39.71 39.76 39.75 39.67 39.62 39.58 39.56 39.61 39.66 39.69 39.69 39.7 39.71 39.71 39.72 39.74 39.74 39.73 39.7 39.68 39.7 39.74 39.78 39.76 39.78 39.81 39.79 39.75 39.73 39.72 39.72 39.71 39.7 39.69 39.67 39.67 39.67 39.66 39.68 39.7 39.68 39.69 39.71 39.73 39.72 39.69 39.69 39.65 39.57 39.59 39.68 39.72 39.73 39.75 39.8 39.85 39.88 39.88 39.89 39.9 39.9 39.9 39.93 39.96 40.01 39.99 39.97 40.02 40.09 40.11 40.16 40.19 40.17 40.17 40.2 40.23 40.23 40.22
39.59 39.64 39.65 39.55 39.5 39.55 39.63 39.69 39.72 39.75 39.76 39.74 39.73 39.72 39.71 39.71 39.7 39.74 39.76 39.74 39.74 39.8 39.83 39.79 39.79 39.79 39.74 39.72 39.69 39.65 39.64 39.63 39.62 39.61 39.59 39.58 39.59 39.61 39.63 39.64 39.64 39.66 39.67 39.69 39.7 39.71 39.73 39.71 39.62 39.58 39.61 39.66 39.7 39.72 39.77 39.81 39.84 39.86 39.89 39.88 39.84 39.85 39.89 39.93 39.94 39.9 39.92 40 40.06 40.12 40.13 40.12 40.14 40.15 40.19 40.22 40.21 40.24
39.54 39.55 39.61 39.66 39.65 39.69 39.74 39.75 39.74 39.75 39.78 39.75 39.72 39.72 39.73 39.74 39.76 39.8 39.8 39.78 39.77 39.8 39.82 39.79 39.77 39.73 39.67 39.64 39.62 39.59 39.55 39.53 39.54 39.55 39.53 39.53 39.55 39.58 39.59 39.6 39.6 39.62 39.64 39.66 39.67 39.67 39.69 39.68 39.58 39.49 39.48 39.58 39.69 39.72 39.75 39.78 39.81 39.83 39.83 39.83 39.81 39.82 39.84 39.87 39.89 39.88 39.9 39.96 40.04 40.11 40.11 40.08 40.1 40.12 40.17 40.2 40.2 40.25
39.64 39.67 39.74 39.78 39.78 39.79 39.81 39.81 39.79 39.78 39.77 39.77 39.77 39.78 39.79 39.8 39.83 39.84 39.81 39.78 39.76 39.75 39.75 39.73 39.7 39.64 39.59 39.56 39.56 39.55 39.52 39.5 39.5 39.51 39.53 39.55 39.55 39.55 39.56 39.56 39.56 39.59 39.61 39.63 39.64 39.63 39.63 39.63 39.55 39.4 39.32 39.44 39.66 39.73 39.73 39.75 39.8 39.83 39.83 39.81 39.81 39.81 39.81 39.83 39.85 39.87 39.91 39.97 40.04 40.09 40.1 40.09 40.1 40.1 40.13 40.16 40.18 40.21
39.74 39.74 39.74 39.76 39.79 39.81 39.83 39.82 39.8 39.8 39.81 39.82 39.85 39.85 39.83 39.84 39.82 39.79 39.75 39.71 39.69 39.67 39.66 39.66 39.64 39.6 39.54 39.51 39.51 39.52 39.52 39.5 39.48 39.5 39.53 39.54 39.52 39.49 39.49 39.51 39.53 39.56 39.6 39.62 39.64 39.62 39.59 39.59 39.55 39.44 39.39 39.45 39.6 39.71 39.73 39.76 39.8 39.82 39.82 39.82 39.82 39.82 39.81 39.82 39.84 39.86 39.91 39.99 40.04 40.09 40.09 40.07 40.07 40.07 40.09 40.13 40.15 40.16
39.77 39.76 39.77 39.8 39.82 39.83 39.84 39.82 39.82 39.83 39.86 39.86 39.89 39.87 39.82 39.8 39.75 39.71 39.67 39.62 39.61 39.6 39.61 39.63 39.61 39.58 39.56 39.52 39.51 39.49 39.47 39.46 39.47 39.48 39.49 39.49 39.46 39.45 39.47 39.48 39.51 39.54 39.56 39.58 39.62 39.65 39.64 39.61 39.56 39.5 39.46 39.48 39.55 39.63 39.68 39.76 39.82 39.84 39.84 39.84 39.84 39.83 39.83 39.83 39.83 39.82 39.86 39.93 40.02 40.1 40.09 40.05 40.03 40.03 40.06 40.11 40.13 40.13
39.79 39.78 39.8 39.82 39.84 39.85 39.84 39.82 39.84 39.84 39.83 39.82 39.82 39.78 39.73 39.7 39.67 39.65 39.62 39.59 39.58 39.58 39.59 39.61 39.59 39.56 39.56 39.56 39.54 39.5 39.45 39.45 39.47 39.48 39.46 39.45 39.45 39.46 39.47 39.47 39.48 39.51 39.55 39.54 39.56 39.62 39.66 39.63 39.6 39.61 39.59 39.53 39.49 39.52 39.59 39.72 39.81 39.84 39.85 39.84 39.83 39.83 39.83 39.83 39.81 39.8 39.8 39.85 39.96 40.05 40.07 40.08 40.06 40.06 40.07 40.09 40.11 40.13
39.8 39.82 39.84 39.86 39.88 39.88 39.84 39.82 39.81 39.78 39.75 39.73 39.71 39.67 39.65 39.65 39.64 39.62 39.61 39.61 39.59 39.56 39.56 39.57 39.56 39.53 39.52 39.52 39.51 39.5 39.49 39.48 39.48 39.51 39.49 39.47 39.45 39.47 39.49 39.5 39.51 39.51 39.51 39.52 39.54 39.58 39.62 39.61 39.62 39.64 39.63 39.56 39.47 39.45 39.53 39.68 39.77 39.8 39.81 39.81 39.83 39.84 39.83 39.82 39.81 39.82 39.81 39.83 39.92 39.99 40.03 40.05 40.05 40.06 40.08 40.09 40.1 40.13
39.84 39.87 39.86 39.87 39.88 39.86 39.8 39.78 39.75 39.69 39.67 39.66 39.65 39.64 39.65 39.66 39.64 39.61 39.59 39.59 39.58 39.55 39.55 39.57 39.57 39.52 39.48 39.48 39.5 39.52 39.54 39.51 39.49 39.5 39.51 39.48 39.47 39.51 39.53 39.52 39.51 39.5 39.49 39.52 39.54 39.53 39.54 39.56 39.61 39.61 39.58 39.54 39.47 39.43 39.53 39.67 39.73 39.76 39.77 39.8 39.83 39.85 39.85 39.83 39.83 39.85 39.83 39.8 39.86 39.94 39.98 40 40.02 40.02 40.02 40.05 40.06 40.1
39.87 39.85 39.81 39.81 39.81 39.78 39.73 39.72 39.7 39.66 39.64 39.62 39.6 39.61 39.63 39.63 39.61 39.58 39.59 39.61 39.6 39.55 39.52 39.54 39.56 39.54 39.51 39.5 39.51 39.53 39.53 39.51 39.48 39.48 39.49 39.49 39.51 39.54 39.55 39.53 39.5 39.51 39.52 39.53 39.53 39.51 39.51 39.54 39.58 39.56 39.52 39.5 39.47 39.44 39.51 39.62 39.69 39.75 39.76 39.78 39.81 39.85 39.85 39.84 39.83 39.83 39.82 39.8 39.8 39.85 39.91 39.96 40 40 40 40.02 40.05 40.08
39.84 39.79 39.76 39.74 39.73 39.71 39.68 39.66 39.67 39.69 39.68 39.66 39.62 39.58 39.57 39.56 39.56 39.55 39.54 39.56 39.57 39.55 39.53 39.53 39.53 39.51 39.5 39.49 39.5 39.49 39.48 39.49 39.48 39.45 39.45 39.47 39.5 39.52 39.53 39.52 39.52 39.55 39.55 39.52 39.51 39.51 39.52 39.55 39.58 39.56 39.53 39.5 39.47 39.44 39.45 39.53 39.63 39.69 39.71 39.74 39.79 39.84 39.84 39.82 39.78 39.77 39.78 39.79 39.82 39.85 39.89 39.95 40 40.01 40 40.02 40.05 40.06
39.81 39.79 39.76 39.74 39.72 39.68 39.66 39.65 39.68 39.71 39.69 39.66 39.62 39.57 39.55 39.54 39.52 39.51 39.5 39.52 39.55 39.56 39.55 39.53 39.5 39.48 39.47 39.45 39.43 39.44 39.46 39.5 39.5 39.45 39.42 39.43 39.47 39.51 39.51 39.51 39.53 39.54 39.54 39.53 39.53 39.52 39.53 39.55 39.58 39.59 39.59 39.55 39.5 39.48 39.47 39.49 39.59 39.63 39.67 39.71 39.75 39.79 39.82 39.8 39.76 39.75 39.74 39.77 39.82 39.87 39.91 39.95 39.98 39.99 39.98 40.01 40.05 40.04
39.78 39.75 39.76 39.77 39.73 39.67 39.66 39.65 39.65 39.64 39.64 39.62 39.6 39.54 39.49 39.49 39.5 39.47 39.45 39.49 39.53 39.53 39.54 39.51 39.48 39.47 39.46 39.43 39.4 39.44 39.47 39.51 39.51 39.46 39.44 39.46 39.49 39.52 39.51 39.49 39.5 39.5 39.54 39.57 39.56 39.55 39.57 39.59 39.58 39.57 39.59 39.58 39.53 39.53 39.52 39.51 39.55 39.62 39.66 39.72 39.77 39.78 39.79 39.78 39.76 39.74 39.73 39.76 39.8 39.86 39.9 39.94 39.97 39.97 39.95 39.97 40.01 40.01
39.72 39.71 39.73 39.74 39.71 39.68 39.66 39.64 39.61 39.59 39.58 39.58 39.56 39.53 39.5 39.49 39.49 39.47 39.45 39.47 39.5 39.49 39.48 39.47 39.47 39.48 39.48 39.45 39.42 39.43 39.46 39.49 39.52 39.49 39.48 39.51 39.54 39.55 39.53 39.49 39.47 39.49 39.55 39.59 39.55 39.54 39.55 39.58 39.59 39.57 39.55 39.52 39.47 39.43 39.45 39.44 39.43 39.55 39.67 39.72 39.77 39.79 39.78 39.76 39.77 39.76 39.74 39.75 39.78 39.83 39.88 39.93 39.96 39.97 39.95 39.96 39.99 40.01
39.69 39.66 39.69 39.71 39.69 39.67 39.66 39.63 39.59 39.55 39.55 39.55 39.54 39.52 39.49 39.48 39.48 39.49 39.49 39.5 39.49 39.47 39.45 39.45 39.46 39.49 39.51 39.49 39.44 39.43 39.43 39.46 39.5 39.51 39.48 39.49 39.54 39.57 39.56 39.5 39.46 39.47 39.51 39.56 39.53 39.51 39.54 39.59 39.6 39.57 39.55 39.51 39.49 39.46 39.45 39.41 39.36 39.48 39.66 39.73 39.77 39.78 39.76 39.75 39.78 39.78 39.76 39.76 39.77 39.8 39.87 39.92 39.93 39.95 39.97 39.99 40.02 40.02
39.67 39.65 39.63 39.63 39.63 39.64 39.64 39.61 39.56 39.53 39.52 39.52 39.51 39.5 39.48 39.45 39.44 39.46 39.48 39.48 39.47 39.46 39.47 39.44 39.42 39.45 39.49 39.49 39.46 39.45 39.44 39.46 39.48 39.48 39.47 39.47 39.52 39.56 39.56 39.52 39.48 39.47 39.51 39.57 39.55 39.5 39.53 39.58 39.59 39.61 39.59 39.57 39.56 39.53 39.5 39.44 39.41 39.48 39.62 39.69 39.71 39.73 39.74 39.74 39.75 39.75 39.75 39.77 39.76 39.79 39.86 39.91 39.91 39.93 39.98 40.02 40.05 40.05
39.63 39.6 39.58 39.57 39.57 39.58 39.58 39.57 39.54 39.51 39.49 39.47 39.45 39.45 39.45 39.43 39.39 39.4 39.41 39.41 39.41 39.43 39.44 39.41 39.38 39.39 39.42 39.45 39.44 39.42 39.43 39.46 39.46 39.44 39.45 39.48 39.53 39.55 39.56 39.54 39.51 39.51 39.52 39.54 39.54 39.5 39.51 39.54 39.57 39.6 39.61 39.58 39.53 39.52 39.5 39.45 39.41 39.42 39.52 39.63 39.65 39.66 39.68 39.69 39.69 39.7 39.74 39.77 39.78 39.79 39.85 39.89 39.9 39.93 39.98 40 40.05 40.09
39.6 39.57 39.56 39.56 39.54 39.55 39.55 39.55 39.52 39.49 39.48 39.45 39.43 39.43 39.43 39.41 39.39 39.38 39.38 39.38 39.39 39.39 39.4 39.41 39.41 39.41 39.4 39.38 39.36 39.34 39.36 39.39 39.37 39.37 39.39 39.44 39.49 39.5 39.51 39.53 39.52 39.51 39.5 39.51 39.53 39.51 39.49 39.51 39.54 39.56 39.6 39.58 39.54 39.5 39.48 39.44 39.39 39.39 39.47 39.58 39.61 39.61 39.62 39.62 39.63 39.67 39.73 39.76 39.78 39.79 39.82 39.85 39.88 39.93 39.98 40 40.03 40.05
39.59 39.58 39.59 39.57 39.54 39.53 39.54 39.54 39.51 39.49 39.49 39.47 39.46 39.47 39.45 39.43 39.4 39.41 39.41 39.42 39.42 39.4 39.41 39.43 39.44 39.45 39.43 39.39 39.38 39.36 39.36 39.38 39.39 39.39 39.39 39.42 39.45 39.46 39.47 39.51 39.54 39.55 39.54 39.55 39.57 39.56 39.51 39.5 39.53 39.53 39.54 39.57 39.55 39.52 39.47 39.43 39.39 39.41 39.46 39.52 39.57 39.59 39.61 39.62 39.62 39.66 39.7 39.72 39.74 39.78 39.79 39.8 39.86 39.95 40.01 40.05 40.04 40
