slabs/73.grd
DSAA
631 301
646410 647040
4946600 4946900
32.68 42.96
[rows 204 to 237 of 301, columns 546 to 623 of 631]
36.42 36.4 36.4 36.4 36.37 36.35 36.38 36.35 36.36 36.39 36.33 36.34 36.63 37.18 37.89 38.4 39.05 39.67 40.05 40.62 40.72 40.72 40.85 40.61 40.57 40.47 40.41 40.39 40.39 40.39 40.41 40.4 40.38 40.37 40.34 40.4 40.45 40.46 40.42 40.38 40.35 40.33 40.42 40.43 40.39 40.33 40.27 40.2 40.19 40.18 40.18 40.19 40.17 40.15 40.14 40.16 40.16 40.14 40.11 40.1 40.15 40.16 40.14 40.14 40.12 40.08 40.09 40.09 40.08 40.05 40.06 40.03 40.01 40 40.03 40.04 40.04 40.03
36.4 36.37 36.38 36.39 36.39 36.36 36.37 36.34 36.34 36.35 36.31 36.3 36.34 36.47 36.66 37.1 37.84 38.37 38.52 39.51 40.45 40.61 40.72 40.64 40.68 40.74 40.75 40.48 40.39 40.37 40.39 40.41 40.39 40.36 40.36 40.39 40.43 40.46 40.48 40.43 40.37 40.37 40.44 40.44 40.43 40.42 40.37 40.34 40.33 40.22 40.22 40.21 40.19 40.18 40.14 40.14 40.15 40.15 40.12 40.09 40.09 40.1 40.11 40.11 40.11 40.09 40.09 40.07 40.06 40.03 40.04 40.03 40.01 40.01 40.03 40.03 40.02 40.03
36.43 36.4 36.41 36.41 36.41 36.37 36.37 36.38 36.37 36.35 36.32 36.31 36.29 36.31 36.29 36.45 36.73 36.93 36.94 38.17 39.72 39.79 40.11 40.51 40.64 40.81 40.97 40.65 40.53 40.49 40.51 40.4 40.38 40.38 40.4 40.38 40.4 40.43 40.48 40.47 40.45 40.45 40.45 40.43 40.46 40.49 40.44 40.44 40.4 40.28 40.25 40.25 40.2 40.15 40.13 40.15 40.16 40.16 40.13 40.1 40.09 40.11 40.12 40.11 40.09 40.1 40.09 40.07 40.05 40.03 40.03 40.04 40.02 40.04 40.03 40.01 40 40.02
36.42 36.4 36.42 36.39 36.36 36.34 36.35 36.35 36.36 36.34 36.32 36.33 36.31 36.32 36.29 36.27 36.25 36.24 36.26 37.03 38.05 38.15 38.95 39.79 40.08 40.28 40.71 40.79 40.79 40.78 40.86 40.51 40.39 40.38 40.4 40.41 40.42 40.45 40.55 40.58 40.57 40.55 40.5 40.45 40.46 40.48 40.52 40.55 40.47 40.33 40.32 40.33 40.27 40.19 40.17 40.19 40.2 40.15 40.13 40.11 40.08 40.1 40.12 40.11 40.09 40.08 40.08 40.08 40.06 40.04 40.04 40.05 40.03 40.04 40.03 40.01 40.01 40.02
36.42 36.4 36.41 36.37 36.35 36.35 36.35 36.33 36.34 36.34 36.33 36.32 36.34 36.33 36.29 36.26 36.27 36.27 36.27 36.29 36.38 36.63 37.37 38.19 38.67 39.25 40.11 40.64 40.8 40.98 41.14 40.74 40.51 40.42 40.39 40.43 40.44 40.46 40.45 40.47 40.44 40.48 40.48 40.46 40.49 40.53 40.57 40.59 40.48 40.38 40.4 40.41 40.33 40.29 40.24 40.26 40.22 40.16 40.15 40.13 40.1 40.09 40.09 40.07 40.1 40.08 40.08 40.09 40.06 40.05 40.07 40.08 40.05 40.03 40.02 40.01 40 40.02
36.41 36.41 36.39 36.38 36.37 36.38 36.36 36.34 36.34 36.34 36.34 36.32 36.33 36.31 36.27 36.26 36.27 36.26 36.28 36.26 36.25 36.24 36.35 36.83 37.37 37.98 38.93 39.87 40.29 40.7 40.98 41 40.84 40.54 40.48 40.49 40.45 40.43 40.44 40.43 40.41 40.43 40.44 40.46 40.48 40.53 40.55 40.56 40.51 40.45 40.44 40.44 40.37 40.36 40.35 40.35 40.3 40.22 40.19 40.16 40.13 40.09 40.08 40.07 40.09 40.08 40.08 40.07 40.05 40.06 40.05 40.05 40.07 40.04 40.02 39.97 39.99 40.01
36.4 36.42 36.39 36.4 36.39 36.38 36.35 36.37 36.34 36.33 36.31 36.32 36.31 36.3 36.29 36.26 36.23 36.26 36.27 36.25 36.23 36.24 36.23 36.23 36.29 36.8 37.65 38.59 39.05 40.16 40.67 40.85 40.81 40.69 40.64 40.54 40.49 40.46 40.42 40.41 40.4 40.41 40.41 40.41 40.43 40.47 40.5 40.52 40.54 40.59 40.56 40.52 40.42 40.38 40.4 40.42 40.43 40.34 40.29 40.25 40.16 40.11 40.12 40.11 40.09 40.07 40.07 40.05 40.06 40.08 40.04 40.02 40.06 40.05 40.04 40.05 40.02 40
36.4 36.4 36.39 36.4 36.39 36.37 36.34 36.36 36.34 36.35 36.3 36.32 36.34 36.31 36.29 36.27 36.24 36.31 36.27 36.25 36.27 36.24 36.24 36.21 36.22 36.25 36.49 37.18 37.8 38.92 40.11 40.61 40.74 40.8 40.7 40.67 40.6 40.57 40.49 40.46 40.46 40.44 40.4 40.4 40.41 40.44 40.48 40.5 40.55 40.7 40.71 40.64 40.51 40.41 40.41 40.43 40.51 40.46 40.45 40.42 40.22 40.18 40.16 40.15 40.1 40.07 40.07 40.07 40.08 40.09 40.08 40.06 40.08 40.08 40.07 40.06 40.02 39.99
36.4 36.38 36.39 36.38 36.37 36.36 36.34 36.35 36.34 36.32 36.33 36.34 36.35 36.31 36.29 36.27 36.28 36.28 36.25 36.26 36.24 36.24 36.24 36.19 36.21 36.21 36.22 36.39 36.59 37.49 38.78 39.34 39.54 40.62 40.82 40.81 40.75 40.7 40.64 40.58 40.53 40.46 40.39 40.39 40.41 40.44 40.47 40.49 40.54 40.69 40.73 40.68 40.57 40.47 40.44 40.43 40.48 40.5 40.51 40.51 40.43 40.28 40.19 40.14 40.14 40.1 40.07 40.08 40.1 40.11 40.08 40.09 40.06 40.02 40.03 40.03 40 40
36.4 36.38 36.4 36.37 36.34 36.33 36.31 36.35 36.32 36.32 36.33 36.31 36.29 36.28 36.28 36.26 36.26 36.3 36.24 36.24 36.24 36.23 36.22 36.19 36.2 36.2 36.17 36.19 36.2 36.5 37.01 37.22 37.41 39.38 40.44 40.54 40.75 40.84 40.78 40.7 40.56 40.46 40.42 40.39 40.41 40.42 40.44 40.47 40.49 40.6 40.62 40.62 40.55 40.49 40.46 40.45 40.47 40.48 40.45 40.48 40.51 40.43 40.37 40.31 40.16 40.09 40.06 40.08 40.08 40.09 40.06 40.09 40.07 40.01 40.02 40.02 40 40.01
36.38 36.39 36.38 36.35 36.35 36.36 36.33 36.34 36.34 36.32 36.31 36.31 36.31 36.3 36.3 36.3 36.28 36.28 36.25 36.24 36.23 36.23 36.21 36.2 36.18 36.18 36.17 36.15 36.15 36.15 36.16 36.13 36.18 37.42 38.66 39.24 40.19 40.8 40.74 40.53 40.22 40.23 40.48 40.49 40.47 40.43 40.42 40.44 40.47 40.49 40.49 40.51 40.46 40.48 40.44 40.49 40.47 40.48 40.47 40.48 40.5 40.49 40.44 40.4 40.32 40.2 40.13 40.1 40.1 40.09 40.07 40.08 40.08 40.06 40.06 40.05 40.03 40.02
36.4 36.38 36.33 36.34 36.32 36.34 36.33 36.33 36.33 36.33 36.35 36.32 36.33 36.3 36.27 36.29 36.29 36.28 36.26 36.25 36.23 36.24 36.22 36.19 36.18 36.2 36.17 36.15 36.13 36.14 36.15 36.14 36.12 36.12 36.62 37.29 38.6 39.83 40.13 39.79 39.09 39.4 40.35 40.59 40.57 40.49 40.43 40.41 40.44 40.5 40.5 40.51 40.49 40.51 40.48 40.52 40.52 40.46 40.45 40.42 40.42 40.5 40.5 40.48 40.45 40.33 40.27 40.25 40.2 40.15 40.1 40.08 40.1 40.08 40.08 40.05 40.04 40.04
36.38 36.39 36.37 36.37 36.35 36.36 36.36 36.32 36.33 36.33 36.34 36.31 36.3 36.27 36.25 36.27 36.28 36.27 36.26 36.24 36.22 36.22 36.22 36.2 36.2 36.2 36.17 36.16 36.15 36.15 36.16 36.16 36.13 36.11 36.14 36.14 36.47 37.51 38.63 38.52 37.71 38.48 39.69 40.4 40.68 40.62 40.55 40.49 40.46 40.42 40.42 40.46 40.49 40.5 40.47 40.55 40.55 40.52 40.51 40.43 40.44 40.56 40.63 40.57 40.48 40.37 40.29 40.27 40.3 40.27 40.21 40.14 40.13 40.1 40.09 40.06 40.05 40.04
36.38 36.39 36.37 36.36 36.34 36.36 36.37 36.33 36.33 36.31 36.3 36.3 36.27 36.27 36.27 36.27 36.26 36.27 36.25 36.22 36.2 36.2 36.22 36.2 36.2 36.18 36.15 36.15 36.16 36.16 36.15 36.16 36.13 36.12 36.14 36.13 36.1 36.3 36.65 36.81 36.33 37.5 38.72 39.7 40.58 40.73 40.69 40.63 40.52 40.43 40.42 40.45 40.48 40.5 40.51 40.52 40.56 40.53 40.49 40.44 40.46 40.55 40.64 40.58 40.46 40.36 40.28 40.19 40.31 40.37 40.33 40.25 40.17 40.14 40.11 40.08 40.04 40.02
36.85 36.58 36.45 36.38 36.37 36.34 36.35 36.33 36.34 36.31 36.29 36.3 36.27 36.27 36.28 36.27 36.27 36.24 36.25 36.23 36.23 36.22 36.21 36.19 36.17 36.18 36.13 36.13 36.13 36.15 36.15 36.14 36.12 36.12 36.13 36.13 36.14 36.15 36.16 36.14 36.06 36.64 37.67 38.62 39.69 40.27 40.57 40.65 40.58 40.47 40.45 40.44 40.48 40.48 40.48 40.45 40.49 40.49 40.48 40.46 40.46 40.53 40.6 40.55 40.48 40.4 40.33 40.21 40.29 40.4 40.39 40.29 40.22 40.2 40.13 40.1 40.03 40.04
38.97 38.52 37.8 37.2 36.77 36.43 36.33 36.32 36.33 36.3 36.3 36.29 36.27 36.28 36.28 36.28 36.29 36.23 36.24 36.24 36.24 36.23 36.24 36.2 36.18 36.16 36.13 36.12 36.15 36.14 36.14 36.12 36.14 36.13 36.13 36.12 36.11 36.09 36.11 36.09 36.05 36.22 36.65 37.46 38.39 39.06 39.55 39.46 39.68 39.83 40.08 40.46 40.54 40.51 40.48 40.45 40.42 40.44 40.45 40.47 40.44 40.49 40.55 40.53 40.52 40.46 40.4 40.29 40.33 40.39 40.38 40.31 40.28 40.26 40.19 40.12 40.04 40.03
40.28 40.1 39.39 38.51 37.74 36.92 36.47 36.35 36.33 36.29 36.3 36.28 36.28 36.3 36.28 36.26 36.26 36.24 36.23 36.21 36.22 36.21 36.18 36.17 36.19 36.17 36.14 36.14 36.16 36.14 36.15 36.13 36.11 36.13 36.15 36.13 36.1 36.1 36.12 36.09 36.06 36.07 36.15 36.44 36.77 37.16 37.58 37.82 38.37 38.78 39.22 39.97 40.32 40.47 40.49 40.47 40.42 40.42 40.42 40.43 40.42 40.43 40.46 40.5 40.52 40.49 40.39 40.29 40.33 40.33 40.3 40.28 40.3 40.3 40.23 40.2 40.23 40.19
40.37 40.44 40.19 39.71 39.02 37.92 37.2 36.92 36.73 36.36 36.27 36.27 36.26 36.27 36.27 36.24 36.26 36.24 36.24 36.22 36.2 36.17 36.18 36.18 36.17 36.18 36.15 36.16 36.15 36.13 36.1 36.1 36.12 36.14 36.11 36.11 36.09 36.1 36.1 36.08 36.07 36.05 36.03 36.03 36.02 36.1 36.25 36.57 37.14 37.65 38.1 38.89 39.59 40.02 40.25 40.46 40.44 40.43 40.43 40.42 40.42 40.46 40.45 40.47 40.49 40.49 40.43 40.38 40.36 40.35 40.3 40.22 40.22 40.27 40.26 40.23 40.22 40.2
40.24 40.37 40.39 40.4 40.02 39.19 38.78 38.52 37.89 36.65 36.3 36.24 36.23 36.23 36.25 36.23 36.24 36.23 36.22 36.24 36.22 36.18 36.2 36.2 36.17 36.14 36.16 36.15 36.16 36.13 36.09 36.11 36.13 36.12 36.11 36.1 36.09 36.11 36.1 36.09 36.06 36.07 36.05 36.03 36.02 36 35.99 36.01 36.27 36.62 37 37.74 38.54 39.02 39.56 40.33 40.47 40.44 40.44 40.42 40.4 40.39 40.39 40.43 40.47 40.48 40.48 40.46 40.42 40.42 40.38 40.34 40.33 40.34 40.32 40.26 40.22 40.2
40.08 40.21 40.33 40.36 40.39 40.23 40.08 39.85 38.88 37.45 36.6 36.33 36.28 36.27 36.25 36.23 36.23 36.22 36.22 36.22 36.21 36.21 36.19 36.2 36.18 36.17 36.15 36.13 36.13 36.11 36.11 36.13 36.11 36.11 36.1 36.09 36.08 36.1 36.09 36.08 36.06 36.07 36.07 36.05 36.03 36.01 36.01 35.99 35.99 36.01 36.17 36.85 37.55 38.03 38.66 39.84 40.39 40.45 40.45 40.42 40.44 40.38 40.37 40.41 40.44 40.48 40.53 40.5 40.47 40.47 40.49 40.48 40.44 40.49 40.42 40.3 40.28 40.25
40.2 40 40.15 40.3 40.35 40.38 40.39 40.41 39.64 38.71 37.87 37.28 36.65 36.35 36.28 36.22 36.2 36.22 36.22 36.22 36.22 36.22 36.2 36.18 36.18 36.17 36.13 36.12 36.13 36.12 36.12 36.13 36.13 36.11 36.1 36.09 36.07 36.08 36.07 36.06 36.06 36.04 36.05 36.05 36.03 36.01 36.01 36 35.99 35.97 35.97 36.11 36.61 37.04 37.75 38.73 39.64 40.2 40.47 40.51 40.55 40.49 40.39 40.4 40.4 40.42 40.49 40.5 40.48 40.47 40.48 40.48 40.48 40.49 40.43 40.37 40.37 40.29
40.45 40.24 40.01 40.06 40.18 40.3 40.37 40.4 40.3 39.93 39.38 38.76 37.93 37.16 36.49 36.33 36.27 36.24 36.22 36.21 36.21 36.19 36.18 36.17 36.16 36.16 36.14 36.13 36.13 36.11 36.1 36.12 36.13 36.1 36.1 36.1 36.07 36.08 36.07 36.06 36.05 36.05 36.05 36.03 36.03 36.03 36.01 36.01 36.01 35.99 35.97 35.98 36.06 36.24 36.66 37.4 38.34 38.93 39.47 40.1 40.45 40.44 40.39 40.4 40.38 40.39 40.43 40.41 40.4 40.41 40.43 40.46 40.48 40.46 40.43 40.41 40.41 40.3
40.75 40.5 40.28 40.12 40.02 40.1 40.29 40.38 40.37 40.34 40.21 39.95 39.25 39.11 38.34 37.86 37.32 36.88 36.57 36.4 36.29 36.18 36.16 36.17 36.16 36.16 36.16 36.13 36.12 36.1 36.09 36.12 36.1 36.1 36.09 36.08 36.07 36.07 36.07 36.05 36.03 36.02 36.01 36.03 36.02 36.01 36 35.99 35.97 35.95 35.97 35.98 35.98 35.99 36.08 36.3 36.93 37.46 38.25 39.02 39.47 39.21 39.27 39.84 40.31 40.43 40.42 40.37 40.35 40.36 40.39 40.42 40.46 40.46 40.43 40.4 40.38 40.32
40.85 40.73 40.53 40.4 40.28 40.08 40.05 40.19 40.13 40.26 40.36 40.34 40.1 40.22 39.92 39.5 38.79 38.06 37.59 37.18 36.53 36.21 36.19 36.17 36.19 36.16 36.15 36.13 36.13 36.11 36.11 36.13 36.11 36.09 36.08 36.1 36.11 36.08 36.05 36.04 36.03 36.01 36 36 36.01 36.01 36.01 36 35.99 35.97 35.98 35.97 35.96 35.95 35.94 35.98 36.15 36.33 36.65 37.19 37.58 37.59 38 38.99 39.86 40.24 40.4 40.38 40.36 40.34 40.34 40.37 40.43 40.43 40.41 40.39 40.38 40.37
40.88 40.85 40.8 40.77 40.72 40.48 40.32 40.3 40.08 40.08 40.16 40.25 40.35 40.38 40.39 40.26 39.91 39.37 38.93 38.31 37.09 36.42 36.25 36.18 36.19 36.17 36.15 36.13 36.13 36.12 36.1 36.12 36.11 36.09 36.08 36.09 36.1 36.09 36.07 36.03 36.03 36.01 36.02 35.98 35.99 35.98 35.99 36 35.99 35.99 35.97 35.97 35.97 35.96 35.97 35.95 35.92 35.93 35.95 36.11 36.25 36.42 36.97 38.04 38.89 39.44 39.87 40.18 40.35 40.36 40.34 40.35 40.37 40.37 40.39 40.39 40.39 40.41
40.91 40.91 40.91 40.93 40.9 40.81 40.73 40.6 40.3 40.09 40.02 40.07 40.21 40.32 40.33 40.34 40.38 40.26 39.91 39.21 38.07 37.09 36.62 36.35 36.19 36.19 36.14 36.14 36.12 36.15 36.13 36.12 36.12 36.1 36.07 36.07 36.06 36.06 36.07 36.06 36.03 36.02 36.02 36 35.99 35.99 35.99 35.99 35.96 35.97 35.96 35.97 35.98 35.96 35.97 35.95 35.92 35.92 35.95 35.93 35.91 35.92 36.21 36.98 37.61 38.15 38.7 39.5 40.04 40.25 40.36 40.36 40.33 40.29 40.31 40.33 40.36 40.41
40.92 40.92 40.91 40.92 40.89 40.88 40.89 40.82 40.6 40.35 40.17 40.06 40.06 40.2 40.28 40.29 40.32 40.37 40.37 39.99 39.19 38.5 37.98 37.18 36.36 36.18 36.16 36.14 36.12 36.17 36.16 36.12 36.11 36.09 36.07 36.08 36.06 36.08 36.06 36.04 36.03 36.03 36.01 35.98 35.96 35.98 35.99 35.98 35.95 35.96 35.97 35.98 35.98 35.96 35.96 35.94 35.92 35.91 35.93 35.92 35.9 35.89 35.89 36.08 36.48 36.92 37.51 38.35 38.9 39.55 40.22 40.4 40.4 40.33 40.29 40.3 40.33 40.4
40.89 40.91 40.92 40.9 40.88 40.88 40.89 40.88 40.82 40.67 40.53 40.36 40.1 40.03 40.14 40.21 40.28 40.32 40.34 40.35 40.32 39.83 39.35 38.56 37.36 36.63 36.35 36.18 36.13 36.12 36.14 36.1 36.09 36.08 36.07 36.08 36.05 36.06 36.06 36.03 36 35.99 35.99 35.97 35.96 35.98 35.97 35.96 35.94 35.96 35.95 35.98 35.98 35.97 35.95 35.93 35.92 35.91 35.92 35.91 35.9 35.9 35.89 35.88 35.92 35.96 36.46 37.08 37.6 38.41 39.33 40.17 40.39 40.44 40.36 40.32 40.29 40.34
40.8 40.89 40.91 40.9 40.89 40.92 40.91 40.9 40.87 40.85 40.8 40.63 40.38 40.11 39.96 39.99 40.18 40.27 40.31 40.33 40.35 40.32 40.26 39.83 38.72 37.92 37.43 36.7 36.23 36.17 36.16 36.12 36.09 36.09 36.06 36.04 36.04 36.05 36.05 36.02 35.99 35.98 35.99 35.98 35.97 35.96 35.94 35.95 35.93 35.94 35.94 35.98 35.98 35.98 35.96 35.93 35.91 35.93 35.91 35.91 35.89 35.86 35.87 35.89 35.87 35.83 35.87 36.08 36.51 37.29 38.47 39.48 40.15 40.44 40.48 40.49 40.4 40.36
40.61 40.75 40.82 40.88 40.91 40.94 40.93 40.9 40.88 40.86 40.88 40.87 40.73 40.5 40.38 40.18 40.06 40.06 40.15 40.28 40.32 40.38 40.38 40.28 39.89 39.29 38.7 38.55 37.87 37.41 36.92 36.46 36.19 36.12 36.08 36.03 36.04 36.04 36.02 36.01 35.99 36 35.99 35.98 35.96 35.96 35.93 35.94 35.94 35.95 35.96 35.97 35.95 35.97 35.95 35.92 35.89 35.92 35.91 35.9 35.92 35.89 35.86 35.84 35.85 35.85 35.85 35.81 35.93 36.38 37.55 38.75 39.81 39.74 39.81 40.27 40.06 39.98
40.45 40.49 40.57 40.73 40.88 40.9 40.89 40.89 40.88 40.87 40.88 40.9 40.88 40.77 40.64 40.4 40.23 40.12 40.08 40.13 40.29 40.35 40.3 40.3 40.28 40.08 39.83 39.91 39.43 38.85 38.12 37.4 36.86 36.62 36.31 36.08 36.04 36.03 36.02 35.99 35.98 35.98 35.96 35.98 35.97 35.98 35.93 35.94 35.92 35.92 35.93 35.95 35.9 35.92 35.89 35.9 35.89 35.88 35.88 35.89 35.9 35.86 35.85 35.82 35.82 35.82 35.8 35.77 35.78 35.88 36.37 36.89 37.29 37.51 38.04 38.67 38.87 39.13
40.41 40.4 40.41 40.46 40.69 40.85 40.9 40.92 40.89 40.87 40.91 40.89 40.88 40.87 40.82 40.7 40.51 40.43 40.38 40.29 40.25 40.19 40.09 40.18 40.27 40.29 40.29 40.3 40.14 39.88 39.35 38.63 38 37.65 36.97 36.38 36.12 36.06 36.04 36 35.99 35.97 35.94 35.96 35.98 35.96 35.95 35.95 35.94 35.96 35.97 35.95 35.94 35.92 35.89 35.91 35.89 35.87 35.88 35.88 35.87 35.86 35.85 35.81 35.79 35.78 35.78 35.76 35.76 35.74 35.8 35.85 35.81 36 36.46 36.89 37.47 38.07
40.43 40.47 40.43 40.4 40.46 40.61 40.73 40.86 40.89 40.9 40.93 40.91 40.91 40.91 40.91 40.86 40.76 40.75 40.7 40.57 40.34 40.18 40.07 40.08 40.14 40.2 40.23 40.27 40.33 40.37 40.19 39.66 39.12 38.78 38.03 37.12 36.47 36.25 36.06 36.01 35.99 36 35.99 35.96 35.93 35.93 35.97 35.94 35.92 35.93 35.94 35.91 35.92 35.93 35.91 35.88 35.88 35.87 35.85 35.84 35.85 35.84 35.84 35.8 35.78 35.78 35.78 35.77 35.77 35.75 35.73 35.74 35.73 35.71 35.81 35.98 36.39 37.04
40.34 40.39 40.37 40.39 40.39 40.42 40.48 40.67 40.67 40.77 40.86 40.9 40.91 40.93 40.91 40.91 40.89 40.87 40.84 40.75 40.57 40.42 40.29 40.12 40.05 40.07 40.12 40.24 40.29 40.31 40.34 40.32 40.06 39.79 39.11 38.15 37.37 36.91 36.39 36.07 36 36 36 35.93 35.92 35.94 35.94 35.92 35.93 35.92 35.91 35.9 35.92 35.91 35.89 35.87 35.88 35.86 35.86 35.84 35.84 35.82 35.81 35.81 35.8 35.81 35.79 35.81 35.78 35.78 35.73 35.76 35.74 35.73 35.72 35.73 35.77 36.16
