slabs/73.grd
DSAA
631 301
646410 647040
4946600 4946900
32.68 42.96
[rows 102 to 135 of 301, columns 156 to 233 of 631]
39.77 39.7 39.8 39.93 39.86 39.74 39.5 39.24 39.02 38.84 38.83 38.85 38.89 38.9 38.96 39.06 39.13 39.28 39.47 39.6 39.61 39.58 39.57 39.59 39.61 39.62 39.63 39.64 39.65 39.65 39.63 39.64 39.66 39.67 39.69 39.69 39.7 39.71 39.7 39.7 39.72 39.75 39.76 39.78 39.8 39.8 39.81 39.83 39.86 39.89 39.92 39.91 39.91 39.92 39.91 39.9 39.92 39.93 39.93 39.94 39.95 39.95 39.95 39.95 39.97 39.99 39.98 39.97 39.95 39.92 39.91 39.9 39.89 39.89 39.89 39.88 39.87 39.88
40.12 40.03 40.02 40.08 40.05 40.04 39.96 39.75 39.45 39.15 38.99 38.86 38.8 38.76 38.81 38.91 38.99 39.18 39.43 39.61 39.65 39.6 39.53 39.53 39.56 39.59 39.6 39.59 39.59 39.6 39.6 39.6 39.62 39.63 39.66 39.67 39.68 39.69 39.69 39.7 39.72 39.74 39.75 39.76 39.77 39.79 39.8 39.83 39.86 39.87 39.88 39.89 39.9 39.91 39.9 39.9 39.92 39.93 39.94 39.95 39.95 39.95 39.94 39.94 39.96 39.99 39.99 39.97 39.95 39.94 39.92 39.9 39.89 39.89 39.9 39.9 39.9 39.91
40.36 40.22 40.09 40.04 40.06 40.11 40.06 39.89 39.67 39.47 39.39 39.26 39.12 38.9 38.8 38.81 38.87 39.05 39.25 39.36 39.47 39.48 39.3 39.23 39.28 39.38 39.44 39.44 39.45 39.5 39.54 39.56 39.57 39.6 39.62 39.63 39.65 39.67 39.69 39.7 39.72 39.73 39.74 39.74 39.74 39.77 39.8 39.81 39.83 39.83 39.84 39.87 39.87 39.87 39.86 39.88 39.92 39.93 39.94 39.95 39.95 39.95 39.95 39.95 39.95 39.96 39.97 39.96 39.95 39.94 39.92 39.91 39.91 39.91 39.91 39.91 39.93 39.93
40.62 40.47 40.23 40.11 40.12 40.15 40.1 40 39.88 39.79 39.72 39.59 39.44 39.22 39.07 39 38.93 38.97 39.12 39.13 39.1 39.06 38.91 38.84 38.91 39.05 39.15 39.16 39.21 39.32 39.4 39.46 39.52 39.56 39.57 39.59 39.63 39.66 39.68 39.67 39.67 39.69 39.7 39.72 39.75 39.76 39.78 39.81 39.82 39.82 39.82 39.84 39.85 39.87 39.87 39.88 39.91 39.93 39.93 39.93 39.93 39.92 39.93 39.95 39.95 39.95 39.97 39.97 39.95 39.94 39.92 39.93 39.95 39.95 39.94 39.94 39.94 39.93
40.76 40.66 40.44 40.34 40.31 40.28 40.22 40.16 40.1 40.04 39.92 39.78 39.73 39.67 39.59 39.54 39.38 39.23 39.28 39.2 38.98 38.8 38.72 38.69 38.73 38.82 38.85 38.84 38.88 39.02 39.14 39.24 39.4 39.49 39.54 39.56 39.59 39.61 39.62 39.62 39.64 39.66 39.69 39.71 39.72 39.74 39.76 39.79 39.8 39.81 39.82 39.83 39.84 39.85 39.87 39.89 39.9 39.91 39.93 39.94 39.93 39.93 39.94 39.96 39.97 39.97 39.98 39.97 39.95 39.95 39.95 39.96 39.97 39.98 39.98 39.96 39.94 39.93
40.67 40.68 40.61 40.59 40.56 40.48 40.4 40.32 40.26 40.18 40.05 39.96 39.98 40 40.01 40 39.87 39.69 39.61 39.5 39.28 39.04 38.87 38.81 38.8 38.76 38.69 38.64 38.62 38.73 38.86 38.96 39.11 39.29 39.41 39.45 39.53 39.58 39.58 39.58 39.6 39.62 39.65 39.66 39.69 39.72 39.75 39.78 39.8 39.81 39.82 39.82 39.83 39.87 39.89 39.9 39.9 39.92 39.93 39.94 39.94 39.95 39.96 39.97 39.98 39.98 39.97 39.96 39.96 39.97 39.98 39.98 39.97 39.97 39.98 39.98 39.96 39.95
40.46 40.57 40.6 40.59 40.59 40.57 40.48 40.37 40.31 40.23 40.15 40.14 40.15 40.16 40.17 40.11 39.99 39.89 39.82 39.73 39.53 39.26 39.07 39.06 39.06 38.98 38.89 38.78 38.64 38.6 38.65 38.72 38.82 38.96 39.07 39.19 39.36 39.45 39.47 39.52 39.55 39.58 39.6 39.64 39.68 39.7 39.71 39.73 39.76 39.77 39.79 39.81 39.83 39.86 39.89 39.9 39.91 39.93 39.94 39.94 39.94 39.94 39.96 39.97 39.97 39.96 39.95 39.96 39.95 39.96 39.97 39.96 39.96 39.96 39.97 39.99 40 40
40.25 40.37 40.42 40.4 40.43 40.48 40.43 40.33 40.28 40.23 40.2 40.23 40.28 40.32 40.35 40.28 40.12 40.02 39.98 39.92 39.71 39.41 39.23 39.24 39.31 39.31 39.25 39.16 39.03 38.94 38.88 38.84 38.76 38.71 38.74 38.86 39 39.08 39.22 39.37 39.45 39.51 39.52 39.59 39.63 39.63 39.62 39.62 39.67 39.7 39.74 39.79 39.82 39.84 39.87 39.91 39.91 39.91 39.92 39.93 39.94 39.93 39.93 39.96 39.97 39.95 39.93 39.93 39.92 39.93 39.95 39.96 39.97 39.98 39.98 39.98 40.01 40.01
40.11 40.18 40.24 40.24 40.27 40.32 40.36 40.32 40.27 40.26 40.28 40.33 40.39 40.44 40.48 40.43 40.25 40.11 40.08 40.01 39.79 39.53 39.39 39.42 39.54 39.61 39.62 39.59 39.58 39.58 39.54 39.4 39.11 38.88 38.77 38.71 38.7 38.7 38.89 39.09 39.24 39.25 39.15 39.33 39.34 39.3 39.31 39.38 39.51 39.59 39.65 39.74 39.79 39.81 39.84 39.87 39.87 39.89 39.89 39.89 39.92 39.92 39.9 39.91 39.91 39.91 39.94 39.95 39.94 39.93 39.94 39.95 39.95 39.97 39.98 39.98 39.99 40
40.05 40.11 40.19 40.2 40.19 40.21 40.26 40.28 40.28 40.31 40.35 40.41 40.47 40.5 40.5 40.44 40.3 40.18 40.15 40.07 39.87 39.66 39.56 39.61 39.73 39.85 39.93 39.98 40 39.97 39.92 39.75 39.43 39.2 39.04 38.87 38.81 38.82 38.93 39.05 39.17 39.1 38.92 38.97 38.88 38.8 38.84 39 39.19 39.34 39.48 39.61 39.68 39.73 39.79 39.84 39.86 39.87 39.89 39.88 39.88 39.87 39.89 39.89 39.86 39.87 39.93 39.95 39.94 39.93 39.93 39.94 39.96 39.97 39.98 39.98 39.98 39.97
40.02 40.09 40.16 40.19 40.18 40.16 40.18 40.23 40.27 40.29 40.32 40.36 40.41 40.4 40.35 40.33 40.27 40.22 40.21 40.12 39.94 39.79 39.74 39.8 39.9 39.96 40.1 40.27 40.23 40.12 40.03 39.88 39.71 39.57 39.45 39.27 39.2 39.23 39.27 39.37 39.44 39.39 39.2 38.89 38.68 38.61 38.61 38.65 38.73 38.93 39.21 39.38 39.43 39.51 39.67 39.78 39.83 39.84 39.87 39.88 39.87 39.88 39.91 39.9 39.87 39.89 39.93 39.95 39.95 39.94 39.92 39.92 39.93 39.93 39.96 39.98 39.97 39.96
39.97 40.02 40.06 40.1 40.12 40.1 40.09 40.11 40.15 40.16 40.18 40.2 40.23 40.22 40.18 40.19 40.2 40.21 40.22 40.15 40 39.91 39.9 39.96 40.02 40.06 40.24 40.44 40.35 40.2 40.11 39.99 39.92 39.87 39.79 39.64 39.55 39.54 39.58 39.72 39.85 39.87 39.67 39.29 39.05 39 38.86 38.58 38.44 38.54 38.79 38.96 38.99 39.09 39.37 39.65 39.74 39.79 39.84 39.84 39.85 39.86 39.88 39.88 39.86 39.88 39.91 39.92 39.94 39.94 39.92 39.91 39.91 39.92 39.95 39.97 39.98 39.98
39.98 40 40.01 40.02 40.05 40.04 40.01 40.02 40.04 40.04 40.05 40.07 40.1 40.1 40.09 40.11 40.15 40.16 40.19 40.18 40.08 40.02 40.02 40.07 40.14 40.2 40.36 40.5 40.35 40.22 40.19 40.12 40.03 39.98 39.96 39.87 39.81 39.81 39.85 39.93 40.01 40.04 39.95 39.76 39.66 39.68 39.49 39.06 38.83 38.68 38.63 38.63 38.52 38.61 39.01 39.45 39.63 39.7 39.77 39.77 39.75 39.77 39.82 39.85 39.86 39.86 39.87 39.88 39.91 39.92 39.91 39.91 39.91 39.92 39.94 39.97 39.98 39.99
39.99 39.99 39.98 39.98 40.02 40.04 40.04 40.03 40.03 40.03 40.02 40.02 40.02 40.04 40.07 40.09 40.11 40.14 40.18 40.19 40.13 40.1 40.08 40.11 40.19 40.24 40.35 40.41 40.26 40.14 40.17 40.18 40.11 40.07 40.08 40.04 39.97 39.98 39.98 40 40.04 40.04 40.01 40.01 40.04 40.07 39.93 39.63 39.45 39.17 38.91 38.78 38.6 38.59 38.89 39.35 39.55 39.62 39.67 39.64 39.6 39.64 39.72 39.77 39.8 39.81 39.79 39.78 39.83 39.87 39.89 39.91 39.91 39.91 39.93 39.97 39.97 39.97
39.97 39.96 39.94 39.96 40.01 40.04 40.03 40.02 40.02 40.01 39.98 39.98 39.97 39.97 39.99 40 40.05 40.11 40.14 40.15 40.12 40.08 40.08 40.12 40.15 40.15 40.18 40.21 40.15 40.1 40.1 40.13 40.14 40.14 40.12 40.06 40.02 40.02 40.02 40.04 40.07 40.06 40.03 40.1 40.18 40.2 40.1 39.88 39.75 39.52 39.21 39.05 38.91 38.89 39.05 39.34 39.49 39.55 39.57 39.52 39.51 39.57 39.62 39.61 39.63 39.66 39.66 39.67 39.73 39.82 39.86 39.89 39.9 39.91 39.93 39.96 39.95 39.95
39.92 39.92 39.9 39.93 39.98 40.01 40.02 40.01 40 39.97 39.94 39.93 39.91 39.89 39.89 39.9 39.96 40.04 40.06 40.07 40.06 40.03 40.04 40.09 40.12 40.11 40.08 40.05 40.03 40.02 40.03 40.04 40.07 40.07 40.04 40.02 40.02 40.01 40.02 40.06 40.1 40.08 40.03 40.08 40.16 40.19 40.08 39.88 39.78 39.66 39.46 39.31 39.23 39.23 39.28 39.39 39.49 39.55 39.57 39.52 39.53 39.59 39.58 39.51 39.51 39.54 39.58 39.61 39.67 39.78 39.83 39.84 39.87 39.91 39.95 39.95 39.94 39.93
39.89 39.9 39.91 39.93 39.93 39.96 39.97 39.98 39.97 39.94 39.91 39.87 39.84 39.85 39.86 39.87 39.91 39.97 39.99 40.01 40.02 40 39.99 40 40.04 40.07 40.01 39.93 39.93 39.96 39.98 40.02 40.04 40.01 39.96 39.96 39.97 39.96 39.98 40.06 40.12 40.1 40.02 40.01 40.05 40.09 40.01 39.82 39.74 39.68 39.55 39.45 39.41 39.42 39.43 39.44 39.49 39.57 39.62 39.59 39.62 39.66 39.61 39.55 39.56 39.59 39.61 39.6 39.63 39.72 39.76 39.75 39.77 39.86 39.96 39.97 39.96 39.93
39.91 39.94 39.95 39.94 39.9 39.91 39.92 39.91 39.9 39.89 39.87 39.84 39.83 39.85 39.87 39.86 39.87 39.91 39.93 39.94 39.96 39.96 39.94 39.95 39.97 39.99 39.94 39.89 39.9 39.9 39.92 39.96 39.98 39.93 39.88 39.91 39.93 39.94 39.98 40.06 40.11 40.07 39.97 39.92 39.92 39.95 39.9 39.76 39.69 39.65 39.58 39.53 39.52 39.55 39.54 39.49 39.5 39.58 39.65 39.66 39.68 39.7 39.65 39.63 39.64 39.65 39.63 39.61 39.63 39.67 39.64 39.59 39.53 39.61 39.82 39.91 39.94 39.94
39.94 39.97 39.96 39.92 39.9 39.91 39.91 39.89 39.87 39.85 39.86 39.87 39.87 39.88 39.86 39.84 39.84 39.85 39.86 39.87 39.9 39.91 39.89 39.89 39.91 39.89 39.85 39.81 39.82 39.83 39.86 39.92 39.96 39.93 39.88 39.87 39.88 39.9 39.94 39.97 40 39.97 39.88 39.82 39.81 39.81 39.78 39.71 39.68 39.67 39.66 39.65 39.67 39.69 39.66 39.6 39.57 39.6 39.68 39.71 39.73 39.74 39.7 39.7 39.7 39.68 39.65 39.64 39.65 39.66 39.55 39.37 39.25 39.29 39.49 39.63 39.71 39.76
39.9 39.91 39.91 39.9 39.89 39.9 39.88 39.88 39.89 39.88 39.86 39.85 39.86 39.85 39.82 39.83 39.87 39.87 39.87 39.86 39.89 39.91 39.9 39.87 39.85 39.84 39.83 39.81 39.8 39.81 39.84 39.88 39.91 39.92 39.9 39.87 39.84 39.84 39.85 39.85 39.85 39.85 39.8 39.76 39.74 39.73 39.71 39.7 39.72 39.74 39.74 39.73 39.74 39.75 39.72 39.7 39.65 39.64 39.7 39.74 39.77 39.78 39.75 39.73 39.72 39.7 39.67 39.66 39.66 39.66 39.61 39.44 39.26 39.29 39.38 39.42 39.39 39.39
39.85 39.87 39.89 39.91 39.89 39.88 39.85 39.85 39.87 39.87 39.87 39.88 39.89 39.88 39.85 39.83 39.86 39.88 39.9 39.9 39.9 39.91 39.91 39.88 39.86 39.87 39.85 39.82 39.82 39.82 39.84 39.85 39.84 39.86 39.86 39.83 39.8 39.8 39.79 39.79 39.79 39.79 39.76 39.74 39.74 39.74 39.74 39.77 39.79 39.8 39.77 39.76 39.79 39.83 39.79 39.74 39.71 39.7 39.73 39.77 39.83 39.84 39.78 39.75 39.74 39.71 39.7 39.68 39.67 39.65 39.61 39.47 39.35 39.39 39.44 39.4 39.27 39.13
39.84 39.85 39.87 39.88 39.86 39.83 39.82 39.82 39.85 39.89 39.91 39.93 39.91 39.89 39.86 39.83 39.84 39.86 39.89 39.92 39.92 39.93 39.92 39.9 39.91 39.91 39.87 39.82 39.79 39.8 39.82 39.81 39.79 39.79 39.8 39.78 39.76 39.76 39.78 39.8 39.82 39.81 39.8 39.81 39.81 39.82 39.85 39.89 39.88 39.85 39.81 39.81 39.86 39.91 39.88 39.83 39.83 39.85 39.88 39.9 39.94 39.92 39.82 39.76 39.74 39.73 39.72 39.7 39.69 39.65 39.6 39.51 39.46 39.5 39.5 39.43 39.28 39.1
39.86 39.89 39.89 39.87 39.86 39.84 39.83 39.83 39.88 39.94 39.96 39.95 39.93 39.91 39.87 39.83 39.84 39.86 39.87 39.88 39.9 39.91 39.89 39.86 39.86 39.85 39.83 39.8 39.77 39.77 39.78 39.79 39.77 39.79 39.81 39.78 39.75 39.76 39.81 39.84 39.87 39.91 39.93 39.92 39.9 39.89 39.94 39.97 39.93 39.86 39.84 39.85 39.89 39.94 39.97 39.96 40 40.03 40.03 40.02 40.02 39.98 39.9 39.81 39.74 39.73 39.72 39.72 39.69 39.65 39.61 39.59 39.61 39.59 39.53 39.45 39.31 39.17
39.87 39.89 39.87 39.84 39.85 39.85 39.84 39.86 39.91 39.94 39.94 39.93 39.92 39.9 39.87 39.85 39.85 39.85 39.85 39.83 39.83 39.83 39.81 39.77 39.75 39.75 39.77 39.8 39.81 39.8 39.8 39.79 39.78 39.82 39.86 39.84 39.8 39.81 39.84 39.81 39.84 39.95 40 40 40 40.01 40.02 40 39.97 39.91 39.9 39.89 39.91 39.96 40.02 40.03 40.03 40.04 40.03 40.03 40.05 40.03 39.98 39.89 39.78 39.73 39.73 39.74 39.73 39.7 39.69 39.71 39.72 39.65 39.56 39.48 39.35 39.27
39.88 39.88 39.86 39.85 39.88 39.88 39.88 39.89 39.92 39.92 39.9 39.88 39.88 39.85 39.82 39.81 39.79 39.79 39.79 39.78 39.79 39.75 39.72 39.72 39.72 39.73 39.75 39.79 39.81 39.84 39.88 39.87 39.86 39.9 39.94 39.92 39.86 39.83 39.87 39.86 39.85 39.92 40.02 40.06 40.08 40.09 40.08 40.07 40.03 39.98 39.95 39.93 39.95 40.01 40.04 40.03 40.02 40 39.98 39.98 40 40.02 40.01 39.97 39.86 39.78 39.76 39.76 39.78 39.81 39.81 39.82 39.79 39.68 39.6 39.54 39.45 39.42
39.84 39.85 39.84 39.84 39.87 39.87 39.86 39.85 39.85 39.85 39.84 39.82 39.82 39.79 39.75 39.73 39.71 39.72 39.74 39.75 39.75 39.73 39.69 39.7 39.72 39.74 39.79 39.82 39.82 39.88 39.96 39.97 39.96 39.97 39.97 39.96 39.9 39.87 39.93 39.96 39.98 40 40.05 40.08 40.09 40.09 40.14 40.22 40.2 40.12 40.06 40.02 40.05 40.11 40.14 40.12 40.12 40.07 39.97 39.93 39.95 39.97 40 40 39.94 39.84 39.79 39.78 39.82 39.89 39.91 39.92 39.87 39.76 39.69 39.66 39.61 39.57
39.81 39.8 39.8 39.8 39.81 39.82 39.8 39.77 39.77 39.77 39.77 39.76 39.76 39.74 39.7 39.68 39.68 39.71 39.72 39.7 39.69 39.68 39.69 39.73 39.75 39.77 39.81 39.85 39.89 39.96 40.03 40.04 40.05 40.07 40.03 39.96 39.93 39.93 40 40.03 40.05 40.08 40.09 40.09 40.06 40.05 40.17 40.33 40.34 40.26 40.14 40.1 40.17 40.31 40.41 40.4 40.34 40.16 39.97 39.91 39.92 39.96 39.99 40 39.96 39.87 39.81 39.81 39.84 39.91 39.96 39.98 39.96 39.9 39.86 39.83 39.76 39.72
39.79 39.76 39.77 39.79 39.79 39.78 39.75 39.72 39.73 39.72 39.7 39.69 39.69 39.67 39.65 39.65 39.66 39.68 39.72 39.69 39.67 39.68 39.72 39.76 39.8 39.83 39.85 39.86 39.92 40.04 40.09 40.08 40.07 40.06 40.02 39.95 39.94 39.98 40.07 40.14 40.16 40.15 40.1 40.07 40.04 40.03 40.15 40.28 40.32 40.28 40.19 40.16 40.23 40.44 40.63 40.65 40.49 40.17 39.97 39.93 39.94 39.99 40.02 40.02 39.97 39.89 39.87 39.87 39.87 39.88 39.91 39.97 40.02 40.02 40.01 39.98 39.92 39.87
39.78 39.75 39.74 39.76 39.76 39.74 39.7 39.67 39.68 39.67 39.66 39.65 39.64 39.64 39.63 39.64 39.65 39.69 39.73 39.72 39.7 39.73 39.77 39.8 39.82 39.83 39.87 39.91 39.99 40.12 40.11 40.03 39.98 39.96 39.93 39.9 39.91 39.97 40.08 40.15 40.18 40.13 40.03 40.02 40.04 40.07 40.12 40.17 40.2 40.23 40.22 40.19 40.2 40.41 40.63 40.65 40.46 40.14 39.97 39.95 39.96 40 40.03 40.02 39.99 39.96 39.94 39.93 39.9 39.88 39.89 39.96 40.07 40.13 40.12 40.08 40.04 39.98
39.76 39.72 39.69 39.67 39.66 39.66 39.65 39.64 39.63 39.64 39.65 39.64 39.62 39.63 39.64 39.64 39.66 39.71 39.78 39.78 39.77 39.8 39.83 39.81 39.8 39.81 39.88 39.97 40.07 40.15 40.07 39.97 39.95 39.91 39.88 39.86 39.88 39.94 39.98 40 40.04 40.01 39.92 39.93 40.01 40.1 40.13 40.13 40.13 40.18 40.23 40.21 40.19 40.36 40.55 40.58 40.4 40.09 39.98 39.97 39.98 40.02 40.03 40.02 40.01 39.97 39.93 39.92 39.91 39.9 39.93 40.03 40.16 40.23 40.24 40.2 40.12 40.07
39.68 39.67 39.65 39.61 39.61 39.63 39.65 39.62 39.6 39.62 39.64 39.66 39.66 39.65 39.64 39.67 39.69 39.73 39.78 39.79 39.8 39.82 39.85 39.87 39.86 39.85 39.91 40.01 40.12 40.19 40.1 40.11 40.15 40.02 39.92 39.9 39.93 39.94 39.87 39.81 39.83 39.84 39.8 39.83 39.96 40.09 40.15 40.14 40.12 40.17 40.26 40.25 40.24 40.36 40.48 40.49 40.32 40.08 40 39.99 40.01 40.03 40.03 40.04 40.06 40.05 40.03 40.04 40.01 39.94 39.94 40.04 40.19 40.28 40.31 40.29 40.2 40.15
39.65 39.66 39.66 39.63 39.62 39.63 39.65 39.67 39.67 39.67 39.68 39.69 39.68 39.67 39.66 39.68 39.7 39.72 39.77 39.82 39.84 39.85 39.88 39.93 39.94 39.92 40 40.12 40.22 40.3 40.3 40.39 40.42 40.21 40.02 39.97 39.98 39.95 39.82 39.71 39.68 39.7 39.69 39.76 39.94 40.13 40.22 40.22 40.19 40.24 40.32 40.33 40.35 40.42 40.47 40.44 40.28 40.08 40.03 40.02 40.03 40.04 40.05 40.1 40.14 40.13 40.14 40.17 40.1 39.98 39.96 40.02 40.14 40.2 40.26 40.3 40.25 40.23
39.67 39.66 39.67 39.67 39.68 39.69 39.71 39.72 39.71 39.71 39.72 39.73 39.74 39.75 39.73 39.74 39.76 39.79 39.81 39.85 39.86 39.87 39.92 39.96 39.98 40.01 40.12 40.25 40.33 40.43 40.49 40.54 40.51 40.33 40.09 39.98 39.95 39.91 39.82 39.72 39.67 39.7 39.7 39.77 39.97 40.17 40.28 40.29 40.27 40.31 40.35 40.35 40.35 40.39 40.42 40.4 40.29 40.14 40.06 40.04 40.05 40.06 40.1 40.19 40.24 40.25 40.28 40.3 40.19 40.05 40.04 40.1 40.17 40.18 40.23 40.27 40.25 40.26
39.73 39.72 39.73 39.74 39.73 39.74 39.76 39.77 39.77 39.76 39.75 39.75 39.8 39.82 39.81 39.82 39.84 39.86 39.84 39.85 39.86 39.89 39.95 39.98 39.99 40.07 40.21 40.3 40.38 40.47 40.47 40.44 40.44 40.33 40.15 40.02 39.97 39.95 39.87 39.78 39.77 39.88 39.93 39.98 40.07 40.2 40.33 40.35 40.34 40.32 40.29 40.26 40.24 40.27 40.31 40.32 40.26 40.19 40.13 40.08 40.09 40.13 40.19 40.28 40.34 40.36 40.37 40.36 40.27 40.18 40.16 40.2 40.25 40.24 40.25 40.25 40.24 40.25
