slabs/73.grd
DSAA
631 301
646410 647040
4946600 4946900
32.68 42.96
[rows 170 to 203 of 301, columns 0 to 77 of 631]
38.99 38.99 38.99 38.98 38.97 38.98 38.99 39 39 38.98 38.98 38.98 39 39 38.97 38.95 38.96 38.99 39.01 39.01 39.01 39.01 39 39 39.01 39.04 39.05 39.05 39.02 39 39.01 39.03 39.02 39.02 39 39 39.02 39.01 39 39 38.98 38.97 38.98 38.99 38.98 38.96 38.99 39.04 39.07 39.07 39.02 38.99 39 39.01 39.01 38.98 38.97 38.96 38.98 39.01 39.04 39.04 39.06 39.11 39.12 39.14 39.16 39.15 39.15 39.14 39.12 39.11 39.16 39.2 39.16 39.13 39.16 39.21
38.97 38.98 38.99 39 39 39 39 39.02 39.01 38.97 38.96 38.97 38.97 38.96 38.95 38.94 38.94 38.93 38.93 38.97 39.01 39.02 39.04 39.02 38.99 39.01 39.03 39.02 39.01 39.02 39.02 39 39.01 39.04 39.03 39.02 39 38.98 39 39 38.96 38.93 38.95 38.98 38.98 38.94 38.92 38.97 38.99 38.97 38.96 38.97 38.96 38.98 39 38.96 38.93 38.93 38.95 38.98 39 38.98 39.01 39.08 39.09 39.11 39.13 39.14 39.12 39.1 39.07 39.05 39.08 39.13 39.13 39.09 39.1 39.14
38.94 38.98 39 39.02 39.02 39.02 39.04 39.03 38.99 38.97 38.97 38.95 38.94 38.97 38.99 38.98 38.96 38.96 38.95 38.95 38.96 38.96 38.99 39.01 38.98 38.98 38.97 38.97 38.97 38.99 39 38.98 38.98 39 39 38.99 38.98 38.97 38.99 38.98 38.95 38.93 38.92 38.92 38.92 38.89 38.87 38.92 38.94 38.92 38.92 38.95 38.95 38.96 38.99 38.96 38.94 38.95 38.97 38.97 38.97 38.98 39.01 39.04 39.04 39.04 39.06 39.08 39.1 39.09 39.06 39.02 39.03 39.08 39.09 39.07 39.07 39.1
38.9 38.97 39.04 39.06 39.02 38.99 39 39 38.97 38.95 38.95 38.94 38.96 39 39 38.97 38.93 38.95 38.96 38.97 38.98 38.98 38.99 38.98 38.96 38.94 38.94 38.95 38.96 38.97 38.96 38.96 38.96 38.95 38.96 38.96 38.96 38.97 38.97 38.96 38.95 38.93 38.91 38.91 38.89 38.87 38.88 38.92 38.93 38.92 38.91 38.9 38.9 38.92 38.93 38.92 38.92 38.96 39.02 39 38.98 38.97 39.01 39.04 39.04 39.02 38.99 38.98 39 39.05 39.05 39.02 39.02 39.03 39.03 39.04 39.05 39.06
38.89 38.95 39.03 39.04 38.99 38.96 38.98 38.98 38.97 38.94 38.91 38.93 38.96 38.97 38.98 38.97 38.92 38.93 38.96 38.99 39.02 39.03 39.02 38.99 38.96 38.92 38.92 38.96 38.95 38.93 38.93 38.96 38.98 38.98 38.98 38.96 38.95 38.96 38.95 38.94 38.94 38.91 38.9 38.94 38.95 38.93 38.92 38.93 38.94 38.95 38.95 38.92 38.89 38.89 38.89 38.89 38.87 38.92 38.98 38.98 38.97 38.96 38.97 39 39.01 38.99 38.98 38.99 39 39.02 39.01 38.98 39 39.02 39.03 39.05 39.05 39.03
38.89 38.9 38.94 38.97 38.98 38.96 38.97 38.94 38.92 38.92 38.93 38.94 38.96 38.96 38.95 38.93 38.9 38.88 38.91 38.95 38.98 39.02 39.01 38.98 38.95 38.91 38.92 38.94 38.92 38.92 38.93 38.96 39 39.01 39 38.96 38.93 38.92 38.92 38.92 38.9 38.89 38.88 38.91 38.95 38.94 38.91 38.92 38.94 38.96 38.97 38.93 38.88 38.89 38.92 38.93 38.93 38.98 39.01 38.97 38.95 38.95 38.98 39 39.01 39 38.99 39.01 39 38.98 38.97 38.96 38.97 39 39.01 39.03 39.04 39.03
38.87 38.88 38.91 38.93 38.96 38.95 38.94 38.92 38.91 38.91 38.92 38.93 38.93 38.91 38.89 38.88 38.87 38.87 38.9 38.93 38.95 38.98 38.98 38.95 38.93 38.92 38.94 38.94 38.93 38.95 38.96 38.96 38.97 39 38.99 38.92 38.89 38.9 38.92 38.91 38.89 38.91 38.92 38.93 38.97 38.95 38.9 38.91 38.93 38.92 38.9 38.88 38.88 38.9 38.92 38.92 38.92 38.96 38.98 38.95 38.93 38.94 38.99 39.02 39.01 38.98 38.97 38.99 38.98 38.97 38.97 38.94 38.96 38.99 38.98 38.98 39.01 39.01
38.88 38.89 38.91 38.92 38.92 38.94 38.94 38.93 38.92 38.92 38.9 38.9 38.89 38.87 38.86 38.87 38.87 38.87 38.9 38.94 38.96 38.97 38.98 38.96 38.95 38.95 38.96 38.97 38.97 38.99 38.99 38.97 38.96 38.97 38.96 38.93 38.93 38.94 38.91 38.87 38.85 38.88 38.89 38.88 38.91 38.93 38.93 38.93 38.94 38.92 38.88 38.87 38.88 38.89 38.9 38.89 38.88 38.91 38.93 38.94 38.93 38.95 38.99 39.02 39 38.97 38.95 38.94 38.95 38.97 38.98 38.96 38.96 38.98 38.99 38.97 38.96 38.96
38.92 38.9 38.89 38.89 38.92 38.96 38.97 38.95 38.94 38.92 38.91 38.91 38.92 38.91 38.91 38.9 38.88 38.89 38.91 38.93 38.95 38.96 38.98 38.99 38.97 38.95 38.96 38.98 38.99 38.99 38.99 38.97 38.95 38.95 38.94 38.93 38.95 38.94 38.91 38.91 38.92 38.91 38.9 38.91 38.93 38.92 38.91 38.89 38.89 38.89 38.88 38.85 38.85 38.87 38.89 38.9 38.89 38.88 38.9 38.91 38.9 38.93 38.96 38.98 38.98 38.98 38.97 38.93 38.93 38.96 38.99 38.99 38.96 38.96 38.99 38.97 38.92 38.92
38.95 38.93 38.91 38.9 38.92 38.95 38.97 38.97 38.96 38.95 38.95 38.97 38.98 38.97 38.96 38.91 38.89 38.92 38.91 38.9 38.9 38.92 38.95 38.97 38.98 38.97 38.96 38.97 38.98 38.96 38.95 38.95 38.93 38.94 38.95 38.93 38.94 38.94 38.95 38.97 38.97 38.94 38.9 38.91 38.93 38.9 38.86 38.84 38.85 38.88 38.9 38.89 38.86 38.85 38.87 38.9 38.9 38.88 38.88 38.87 38.86 38.9 38.93 38.95 38.95 38.97 38.96 38.91 38.93 38.96 38.97 38.98 38.96 38.95 38.94 38.94 38.93 38.91
38.98 38.94 38.93 38.9 38.9 38.91 38.94 38.97 38.97 38.99 39 39 38.99 38.97 38.95 38.89 38.89 38.93 38.93 38.89 38.9 38.95 38.97 38.98 38.98 38.97 38.95 38.95 38.95 38.94 38.92 38.93 38.96 38.97 38.95 38.93 38.95 38.97 38.99 38.97 38.93 38.92 38.91 38.91 38.93 38.92 38.87 38.85 38.86 38.88 38.88 38.89 38.85 38.81 38.83 38.88 38.88 38.88 38.88 38.88 38.88 38.9 38.93 38.94 38.95 38.96 38.92 38.85 38.87 38.93 38.95 38.94 38.92 38.92 38.92 38.95 38.97 38.94
38.97 38.93 38.91 38.88 38.88 38.89 38.92 38.96 38.99 39 39 38.99 38.98 38.96 38.94 38.91 38.93 38.98 38.97 38.95 38.95 38.93 38.95 38.98 38.98 38.97 38.95 38.95 38.97 38.94 38.91 38.94 38.97 38.95 38.9 38.91 38.94 38.97 38.99 38.93 38.89 38.89 38.91 38.91 38.94 38.95 38.91 38.89 38.88 38.87 38.86 38.84 38.82 38.79 38.82 38.87 38.87 38.86 38.88 38.91 38.92 38.93 38.92 38.92 38.95 38.98 38.96 38.91 38.89 38.93 38.95 38.92 38.88 38.9 38.95 38.98 39 39
38.95 38.93 38.91 38.88 38.87 38.87 38.91 38.96 38.97 38.96 38.96 38.97 38.97 38.95 38.92 38.89 38.89 38.92 38.92 38.91 38.92 38.91 38.9 38.93 38.93 38.93 38.93 38.94 38.97 38.94 38.9 38.93 38.97 38.93 38.88 38.9 38.93 38.95 38.96 38.93 38.92 38.91 38.92 38.94 38.96 38.94 38.92 38.93 38.92 38.9 38.86 38.82 38.82 38.83 38.85 38.89 38.87 38.85 38.85 38.84 38.87 38.91 38.91 38.92 38.97 39 38.97 38.93 38.94 38.96 38.94 38.93 38.9 38.91 38.95 38.94 38.94 38.97
38.97 38.98 38.97 38.95 38.92 38.9 38.9 38.94 38.97 38.97 38.95 38.95 38.93 38.89 38.88 38.88 38.88 38.88 38.89 38.92 38.93 38.93 38.94 38.93 38.91 38.91 38.9 38.92 38.97 38.96 38.9 38.9 38.93 38.9 38.89 38.91 38.9 38.92 38.94 38.94 38.93 38.9 38.91 38.94 38.94 38.92 38.91 38.95 38.94 38.92 38.88 38.85 38.86 38.88 38.88 38.92 38.89 38.83 38.8 38.8 38.83 38.88 38.89 38.92 38.97 38.99 38.98 38.96 38.96 38.96 38.95 38.93 38.9 38.91 38.94 38.91 38.89 38.92
39 39.02 39.02 39 38.99 39 39 39.01 39.02 39.02 39 38.95 38.9 38.88 38.87 38.9 38.93 38.92 38.88 38.89 38.92 38.93 38.94 38.91 38.88 38.88 38.88 38.9 38.94 38.93 38.88 38.86 38.87 38.87 38.9 38.92 38.91 38.92 38.95 38.93 38.91 38.88 38.86 38.87 38.9 38.91 38.89 38.89 38.89 38.88 38.89 38.91 38.9 38.88 38.89 38.91 38.88 38.83 38.81 38.82 38.87 38.87 38.85 38.89 38.94 38.94 38.93 38.94 38.96 38.94 38.9 38.88 38.87 38.89 38.9 38.88 38.88 38.91
39.01 39 39 39.01 39 38.99 39 39.02 39.03 39.01 38.97 38.94 38.92 38.9 38.88 38.9 38.93 38.93 38.9 38.9 38.93 38.93 38.92 38.91 38.89 38.88 38.88 38.92 38.94 38.92 38.89 38.86 38.85 38.86 38.91 38.94 38.95 38.96 38.95 38.91 38.91 38.9 38.87 38.85 38.86 38.87 38.87 38.88 38.89 38.88 38.85 38.87 38.89 38.89 38.89 38.89 38.86 38.83 38.84 38.85 38.88 38.9 38.89 38.88 38.91 38.93 38.91 38.94 38.96 38.91 38.86 38.86 38.87 38.86 38.86 38.86 38.88 38.89
39.02 39 39 39.01 39.01 39 39.02 39.05 39.03 39 38.96 38.95 38.95 38.95 38.92 38.91 38.92 38.94 38.94 38.92 38.92 38.92 38.94 38.96 38.97 38.94 38.93 38.96 38.96 38.96 38.96 38.92 38.89 38.88 38.92 38.96 38.97 38.98 38.94 38.89 38.87 38.87 38.9 38.93 38.92 38.92 38.92 38.91 38.91 38.89 38.85 38.84 38.88 38.89 38.87 38.88 38.87 38.86 38.88 38.86 38.87 38.89 38.88 38.88 38.91 38.93 38.91 38.93 38.94 38.91 38.9 38.89 38.89 38.88 38.87 38.87 38.87 38.85
38.98 38.97 38.98 39.01 39.02 39.04 39.05 39.04 39 38.96 38.95 38.96 38.98 38.98 38.95 38.92 38.91 38.94 38.96 38.92 38.89 38.91 38.96 39 39.02 39 38.97 38.97 38.96 38.96 38.97 38.95 38.94 38.91 38.93 38.98 38.98 38.96 38.95 38.91 38.85 38.81 38.87 38.94 38.96 38.92 38.91 38.95 38.96 38.93 38.87 38.86 38.89 38.9 38.91 38.9 38.9 38.91 38.89 38.87 38.86 38.88 38.88 38.9 38.93 38.95 38.97 38.97 38.94 38.92 38.92 38.91 38.89 38.91 38.9 38.89 38.89 38.88
38.93 38.94 38.96 38.99 39 39.02 39.03 39.03 39.01 38.98 38.94 38.93 38.94 38.95 38.95 38.93 38.9 38.93 38.94 38.9 38.89 38.91 38.96 38.98 38.98 38.96 38.94 38.96 38.94 38.92 38.91 38.9 38.9 38.9 38.91 38.95 38.97 38.97 38.96 38.96 38.91 38.87 38.89 38.9 38.92 38.91 38.89 38.91 38.91 38.89 38.86 38.88 38.91 38.92 38.94 38.92 38.91 38.91 38.9 38.89 38.88 38.89 38.89 38.91 38.93 38.95 39 38.99 38.95 38.91 38.89 38.89 38.9 38.89 38.87 38.88 38.92 38.93
38.94 38.95 38.96 38.98 38.98 39 39.02 39.04 39.06 39.02 38.94 38.9 38.89 38.89 38.93 38.94 38.92 38.93 38.91 38.89 38.9 38.93 38.97 38.98 38.97 38.94 38.94 38.99 38.96 38.91 38.9 38.9 38.89 38.87 38.87 38.9 38.96 39 39 39 38.97 38.94 38.94 38.94 38.94 38.92 38.91 38.92 38.89 38.86 38.86 38.9 38.95 38.97 38.96 38.95 38.94 38.93 38.93 38.91 38.88 38.89 38.91 38.92 38.91 38.92 38.95 38.95 38.94 38.94 38.92 38.92 38.93 38.89 38.86 38.87 38.91 38.91
38.99 39.01 39.02 39.02 38.99 39.01 39.04 39.05 39.06 39.02 38.95 38.92 38.89 38.9 38.94 38.98 38.98 38.96 38.92 38.89 38.9 38.93 38.97 38.99 38.97 38.92 38.91 38.94 38.93 38.92 38.92 38.92 38.87 38.85 38.87 38.88 38.92 38.96 38.97 38.97 38.97 38.97 38.98 39 38.98 38.96 38.95 38.95 38.92 38.9 38.91 38.95 39.01 38.98 38.93 38.94 38.95 38.96 38.97 38.94 38.89 38.91 38.93 38.93 38.92 38.93 38.94 38.95 38.96 38.98 38.98 38.96 38.92 38.88 38.86 38.88 38.96 39.01
39.04 39.06 39.07 39.05 39.02 39.03 39.04 39.05 39.04 39.01 38.98 38.98 38.96 38.97 39 39.01 39.04 39.02 38.95 38.94 38.94 38.92 38.91 38.93 38.94 38.92 38.9 38.91 38.92 38.93 38.95 38.97 38.93 38.88 38.87 38.87 38.87 38.89 38.9 38.91 38.94 38.97 38.98 38.99 38.98 38.97 38.96 38.95 38.94 38.94 38.94 38.97 39.01 38.95 38.88 38.89 38.94 38.96 38.98 38.96 38.94 38.97 38.95 38.95 38.94 38.91 38.93 38.97 38.99 38.98 38.97 38.95 38.91 38.88 38.9 38.94 38.99 39.05
39.1 39.11 39.09 39.06 39.05 39.03 39.01 39.02 39.03 39.02 39.02 39.02 39.01 39.01 39 38.98 39.01 39 38.93 38.93 38.94 38.96 38.98 38.99 38.97 38.93 38.89 38.88 38.89 38.91 38.96 38.99 38.97 38.94 38.92 38.9 38.87 38.86 38.89 38.9 38.93 38.95 38.96 38.96 38.95 38.95 38.95 38.95 38.96 38.95 38.93 38.94 38.96 38.93 38.89 38.91 38.93 38.93 38.95 38.96 38.98 39.02 38.97 38.94 38.95 38.92 38.95 39.01 39.02 39 38.96 38.95 38.95 38.91 38.96 39.03 39.02 38.99
39.16 39.16 39.12 39.08 39.07 39.04 39.01 39.01 39.03 39.02 39.01 39 39.01 39.03 39.05 39.04 38.99 38.93 38.93 38.96 38.96 38.95 38.96 38.98 38.99 38.97 38.94 38.94 38.95 38.96 38.99 39 38.99 38.98 38.97 38.95 38.91 38.89 38.92 38.94 38.96 38.97 38.97 38.96 38.93 38.92 38.95 38.96 38.97 38.96 38.94 38.93 38.93 38.93 38.93 38.95 38.94 38.91 38.92 38.96 38.97 38.96 38.95 38.95 38.97 38.96 38.99 39.04 39.02 38.96 38.96 38.98 38.95 38.94 38.98 39.02 38.98 38.93
39.15 39.14 39.1 39.08 39.07 39.05 39.02 39.01 39.02 39.04 39.05 39.04 39.03 39.07 39.1 39.1 39.05 38.98 38.98 38.98 38.94 38.9 38.96 39.02 39.02 39.02 39 38.99 39 39.02 39.03 39.02 38.99 38.99 39.01 39 38.95 38.92 38.93 38.96 38.98 38.98 38.97 38.96 38.94 38.93 38.93 38.95 38.97 38.93 38.92 38.91 38.9 38.92 38.94 38.96 38.97 38.97 38.97 38.97 38.98 38.97 38.97 38.97 38.97 38.99 38.98 38.97 38.97 38.97 38.97 38.95 38.94 38.94 38.95 38.97 38.95 38.92
39.14 39.15 39.14 39.11 39.08 39.04 39.01 39.01 39.04 39.07 39.07 39.07 39.07 39.08 39.09 39.11 39.08 39.03 39.02 39.01 38.97 38.94 39.02 39.09 39.07 39.03 39.02 39 39 39.03 39.05 39.04 39 39.01 39.02 39.02 38.97 38.93 38.94 38.96 38.99 38.97 38.94 38.95 38.98 38.97 38.95 38.96 38.97 38.92 38.9 38.9 38.92 38.94 38.98 39 38.99 38.98 38.98 38.96 38.96 39 39 38.98 38.99 39 38.97 38.92 38.94 38.98 38.97 38.94 38.92 38.92 38.93 38.94 38.96 38.96
39.14 39.15 39.16 39.18 39.15 39.07 39.04 39.04 39.05 39.07 39.08 39.09 39.09 39.07 39.05 39.07 39.06 39.04 39.05 39.06 39.03 39 39.04 39.09 39.07 39.02 39.01 39 38.98 39 39.02 39.01 39 39.02 39.01 38.99 38.98 38.98 38.97 38.99 39.01 39 39 38.99 39.03 39.06 39.02 39 38.98 38.95 38.93 38.92 38.95 38.98 39.02 39.06 39.04 39.03 39.01 38.96 38.94 38.98 38.99 38.99 38.99 38.99 38.97 38.94 38.95 38.98 38.97 38.94 38.91 38.93 38.97 38.98 39 39.01
39.11 39.14 39.17 39.2 39.18 39.12 39.1 39.09 39.09 39.1 39.1 39.09 39.08 39.06 39.06 39.08 39.06 39.03 39.02 39.04 39.01 38.99 39.01 39.03 39 38.98 38.98 38.99 38.99 38.99 38.98 38.97 38.97 38.99 39.01 38.99 38.98 38.99 38.97 39 39.04 39.04 39.03 39.01 39.03 39.07 39.06 39.03 39 38.97 38.95 38.97 39 39.01 39.04 39.05 39.02 39.01 39 38.96 38.95 38.99 39.01 39 38.99 39 38.99 38.97 38.98 38.98 38.98 38.96 38.92 38.95 39.01 39 38.98 38.99
39.13 39.14 39.15 39.15 39.16 39.14 39.13 39.12 39.12 39.12 39.12 39.12 39.11 39.09 39.09 39.08 39.07 39.02 38.98 38.98 38.99 38.99 39.02 39.03 39 38.96 38.95 38.98 39.03 39.03 39 39 38.99 38.97 38.96 38.96 38.99 38.99 38.95 39.01 39.08 39.08 39.08 39.04 39.02 39.05 39.05 39.03 39.01 38.97 38.95 38.97 39.01 39 39.02 39 38.98 38.99 38.99 38.97 38.98 39.02 39.03 39.01 39 39.02 39.01 38.99 39 38.97 38.96 38.96 38.95 38.97 38.99 38.95 38.91 38.93
39.15 39.16 39.16 39.17 39.17 39.16 39.14 39.13 39.12 39.13 39.14 39.15 39.14 39.1 39.07 39.05 39.05 39.03 38.99 39.01 39.04 39.04 39.05 39.07 39.07 39.02 38.99 39 39.04 39.02 38.99 39.03 39.04 39.02 39.01 39 39.03 39.05 39.02 39.02 39.06 39.07 39.09 39.07 39.03 39.02 39.04 39.05 39.03 39.02 38.99 38.98 39.01 39.01 39.01 38.99 38.98 39.01 39.02 39 38.99 39.01 39 39 39.02 39.03 39.02 39.02 39.02 38.97 38.93 38.98 39 39 38.98 38.96 38.96 38.97
39.17 39.17 39.18 39.21 39.19 39.15 39.15 39.12 39.12 39.12 39.14 39.16 39.15 39.1 39.07 39.04 39.04 39.05 39.03 39.04 39.06 39.03 38.99 39.02 39.08 39.07 39.05 39.02 39.02 39.04 39.04 39.05 39.04 39.03 39.02 39.01 39.03 39.07 39.03 39 39.02 39.04 39.07 39.08 39.03 39.02 39.05 39.07 39.05 39.06 39.04 39 39 39.01 39.02 39.01 39.01 39.04 39.05 39.03 38.99 38.98 38.98 38.99 39.02 39.04 39.02 39.01 39.05 39.01 38.96 38.98 38.98 38.97 38.96 38.97 38.97 38.97
39.18 39.16 39.18 39.2 39.16 39.12 39.11 39.09 39.08 39.07 39.09 39.14 39.17 39.16 39.11 39.07 39.07 39.08 39.05 39.04 39.05 39.03 38.98 39.02 39.07 39.05 39.04 39.02 39.01 39.03 39.04 39.06 39.05 39.05 39.06 39.01 39 39.06 39.04 39 39.01 39.01 39.06 39.09 39.04 39.01 39.04 39.07 39.07 39.08 39.05 39 38.99 39.02 39.03 39.02 39.01 39.03 39.04 39 38.96 38.96 38.96 38.94 38.94 38.99 39 38.98 39.01 39 38.96 38.95 38.94 38.95 38.97 38.95 38.93 38.92
39.16 39.13 39.17 39.18 39.16 39.12 39.08 39.05 39.06 39.08 39.08 39.08 39.11 39.12 39.07 39.07 39.12 39.12 39.07 39.04 39 39 39.02 39.06 39.08 39.06 39.07 39.05 39.01 39 39.01 39.05 39.08 39.08 39.07 39 38.96 39.01 39.06 39.06 39.02 39.01 39.04 39.07 39.03 38.96 38.97 39.03 39.07 39.07 39.05 39.01 39.02 39.06 39.06 39.02 38.99 39.01 39.02 38.97 38.9 38.9 38.93 38.92 38.9 38.93 38.97 38.95 38.93 38.95 38.96 38.93 38.92 38.94 38.95 38.92 38.91 38.89
39.14 39.14 39.21 39.25 39.24 39.21 39.18 39.13 39.13 39.17 39.21 39.17 39.09 39.08 39.11 39.13 39.17 39.17 39.1 39.08 39.04 39 39.01 39.06 39.08 39.06 39.05 39.05 39.02 39.01 39.02 39.06 39.1 39.08 39.06 39 38.97 39.01 39.07 39.07 39.02 39.03 39.03 39.05 39.02 38.93 38.92 38.97 39.03 39.04 39.06 39.06 39.06 39.08 39.08 39.04 38.99 39 39.01 38.97 38.94 38.92 38.95 38.99 38.96 38.96 38.96 38.93 38.91 38.91 38.93 38.95 38.97 38.94 38.88 38.85 38.86 38.86
