slabs/73.grd
DSAA
631 301
646410 647040
4946600 4946900
32.68 42.96
[rows 0 to 33 of 301, columns 390 to 467 of 631]
40.06 40.08 40.1 40.07 40.07 40.12 40.15 40.12 40.09 40.1 40.12 40.15 40.14 40.13 40.2 40.22 40.17 40.14 40.21 40.23 40.17 40.18 40.16 40.16 40.19 40.2 40.22 40.23 40.24 40.22 40.14 40.16 40.23 40.28 40.31 40.27 40.22 40.25 40.33 40.27 40.22 40.26 40.26 40.23 40.27 40.34 40.33 40.22 40.25 40.26 40.23 40.17 40.12 40.13 40.18 40.2 40.24 40.28 40.28 40.25 40.23 40.18 40.16 40.1 40.05 40.06 40.09 40.04 40.02 40.08 40.08 40.05 40.04 40.05 40.03 39.96 39.97 39.96
40.05 40.05 40.06 40.04 40.06 40.11 40.15 40.13 40.09 40.11 40.12 40.12 40.1 40.12 40.18 40.21 40.2 40.17 40.23 40.24 40.21 40.18 40.19 40.22 40.23 40.21 40.2 40.21 40.2 40.2 40.18 40.16 40.14 40.25 40.3 40.31 40.27 40.27 40.31 40.28 40.28 40.29 40.26 40.24 40.26 40.33 40.27 40.14 40.12 40.17 40.18 40.21 40.19 40.21 40.23 40.2 40.21 40.23 40.24 40.25 40.23 40.18 40.14 40.03 40 40.03 40.06 40.03 40.01 40.07 40.06 40.05 40.02 40.01 40.02 40 40.01 39.99
40.01 40.02 40.01 40 40.03 40.08 40.1 40.12 40.1 40.12 40.09 40.05 40.05 40.13 40.13 40.15 40.18 40.2 40.23 40.24 40.2 40.19 40.2 40.21 40.24 40.26 40.23 40.21 40.17 40.14 40.17 40.16 40.2 40.23 40.22 40.22 40.23 40.24 40.26 40.29 40.27 40.3 40.26 40.2 40.16 40.21 40.2 40.16 40.1 40.13 40.15 40.2 40.21 40.22 40.23 40.2 40.21 40.23 40.26 40.29 40.25 40.2 40.11 39.99 39.95 39.94 39.96 40.01 40.07 40.1 40.07 40 40.04 40.02 40 39.99 40.01 40.02
39.98 40.01 39.98 39.96 39.98 40.03 40.05 40.08 40.09 40.06 40.06 40.02 40.05 40.13 40.12 40.13 40.14 40.17 40.22 40.21 40.15 40.17 40.22 40.2 40.21 40.23 40.23 40.21 40.21 40.16 40.19 40.19 40.19 40.21 40.21 40.18 40.19 40.21 40.22 40.26 40.21 40.14 40.12 40.09 40.08 40.13 40.16 40.22 40.19 40.18 40.17 40.18 40.18 40.18 40.22 40.24 40.25 40.27 40.28 40.3 40.27 40.23 40.11 40 39.97 39.95 39.98 39.98 39.98 40.04 40.04 40.02 40.03 40 40.02 40.05 40.03 40.02
39.99 40.01 39.95 39.93 39.95 40.01 40.01 40.03 40.03 40.01 40.06 40.06 40.09 40.15 40.17 40.16 40.2 40.22 40.22 40.24 40.2 40.17 40.15 40.17 40.15 40.17 40.16 40.14 40.18 40.16 40.14 40.19 40.19 40.18 40.18 40.15 40.18 40.19 40.19 40.22 40.18 40.05 40.03 40.01 40.06 40.13 40.16 40.23 40.23 40.21 40.21 40.2 40.18 40.16 40.2 40.25 40.27 40.29 40.27 40.24 40.25 40.23 40.1 40 39.92 39.94 39.97 39.98 39.98 40.04 40.06 40.02 40.01 40 40.01 40.05 40.05 40.05
39.99 39.97 39.94 39.93 39.95 39.97 39.99 40.01 39.98 40.02 40.06 40.07 40.12 40.13 40.15 40.14 40.13 40.16 40.18 40.21 40.18 40.16 40.16 40.17 40.17 40.16 40.17 40.14 40.13 40.13 40.12 40.2 40.21 40.18 40.15 40.12 40.13 40.12 40.12 40.15 40.12 40.05 40.04 40.05 40.12 40.16 40.17 40.21 40.23 40.21 40.23 40.24 40.19 40.17 40.22 40.28 40.31 40.26 40.22 40.23 40.26 40.23 40.16 40.04 39.98 39.97 39.95 39.97 39.99 40.02 40.02 40 40.01 40 40 40.08 40.08 40.05
40.01 39.96 39.93 39.95 40 39.95 40.01 40.01 39.98 40.05 40.06 40.07 40.07 40.06 40.06 40.07 40.06 40.09 40.15 40.2 40.2 40.18 40.14 40.12 40.13 40.1 40.12 40.14 40.15 40.14 40.13 40.19 40.21 40.17 40.13 40.12 40.08 40.04 40.05 40.07 40.04 40.05 40.09 40.16 40.19 40.16 40.13 40.19 40.24 40.22 40.19 40.21 40.21 40.2 40.2 40.18 40.24 40.25 40.19 40.19 40.2 40.2 40.18 40.04 39.95 39.96 39.98 39.99 40.01 40.03 40 40.02 40.01 40.01 40.01 40.1 40.14 40.14
40.01 39.98 39.95 39.97 39.95 39.99 39.98 40 39.99 40.06 40.05 40.03 39.99 40.07 40.08 40.07 40.03 40.06 40.11 40.11 40.15 40.2 40.16 40.13 40.13 40.1 40.12 40.15 40.19 40.18 40.17 40.18 40.19 40.15 40.13 40.1 40.04 40.02 40.02 40.05 40.03 40.04 40.12 40.18 40.18 40.17 40.12 40.15 40.22 40.21 40.16 40.17 40.2 40.23 40.21 40.16 40.22 40.23 40.23 40.21 40.18 40.13 40.18 40.06 39.97 39.94 39.96 39.97 39.99 40 39.99 40.02 40.02 40 40.02 40.1 40.17 40.22
39.95 39.96 39.98 39.97 39.94 39.94 39.95 39.97 40.01 40.05 40.06 40.03 39.99 40.05 40.06 40.05 39.99 40.01 40.04 40.01 40.07 40.16 40.13 40.12 40.12 40.1 40.13 40.15 40.2 40.21 40.19 40.18 40.19 40.15 40.13 40.09 40.03 40.01 40.01 40.07 40.06 40.07 40.12 40.14 40.2 40.23 40.22 40.24 40.22 40.18 40.1 40.17 40.19 40.2 40.24 40.24 40.22 40.22 40.21 40.23 40.18 40.16 40.14 40.08 40.05 39.98 39.95 39.95 39.97 39.97 40 40.02 40.03 40.01 40.04 40.1 40.17 40.24
39.93 39.96 39.95 39.97 39.97 39.96 39.97 39.96 39.97 39.99 39.99 39.97 39.97 40.03 40.06 40.04 40.02 40.01 40 39.97 40 40.07 40.07 40.09 40.1 40.08 40.12 40.15 40.2 40.19 40.15 40.15 40.16 40.12 40.1 40.09 40.07 40.06 40.05 40.04 40.12 40.16 40.18 40.16 40.13 40.17 40.19 40.22 40.22 40.2 40.14 40.21 40.21 40.24 40.26 40.29 40.27 40.27 40.24 40.25 40.23 40.22 40.22 40.18 40.14 40.04 39.96 39.94 39.96 39.97 40.01 40.07 40.08 40.07 40.07 40.14 40.19 40.25
39.96 39.95 39.93 39.94 39.99 39.98 39.99 39.95 39.96 39.97 39.98 39.97 39.97 40.02 40.07 40.05 40.06 40.04 40.01 39.96 40 40.04 40.06 40.08 40.1 40.09 40.14 40.16 40.17 40.1 40.08 40.09 40.12 40.11 40.15 40.15 40.16 40.15 40.12 40.15 40.18 40.16 40.15 40.16 40.12 40.16 40.17 40.21 40.2 40.24 40.21 40.18 40.2 40.2 40.26 40.27 40.25 40.24 40.24 40.26 40.26 40.24 40.31 40.29 40.22 40.09 40 39.98 39.97 39.98 40.01 40.12 40.14 40.17 40.12 40.2 40.23 40.25
39.93 39.92 39.93 39.95 39.98 39.96 39.96 39.94 39.96 39.98 39.99 40 39.99 40.04 40.09 40.05 40.04 40.03 40.02 40.01 40.06 40.1 40.06 40.07 40.1 40.07 40.11 40.12 40.06 40.04 40.06 40.11 40.15 40.14 40.19 40.2 40.17 40.16 40.16 40.2 40.19 40.18 40.15 40.18 40.17 40.17 40.21 40.24 40.21 40.22 40.23 40.2 40.22 40.22 40.25 40.24 40.23 40.22 40.25 40.26 40.25 40.25 40.32 40.3 40.26 40.14 40.04 40.02 39.99 39.99 40.01 40.06 40.15 40.18 40.17 40.22 40.24 40.27
39.9 39.92 39.9 39.93 39.97 39.98 39.98 39.98 39.97 39.99 39.99 40.01 40.05 40.08 40.07 40 39.98 40.01 40.03 40.07 40.08 40.1 40.1 40.12 40.12 40.05 40.1 40.02 39.94 39.91 40 40.18 40.17 40.1 40.15 40.19 40.16 40.15 40.17 40.16 40.15 40.14 40.16 40.2 40.19 40.17 40.19 40.21 40.23 40.21 40.2 40.2 40.22 40.24 40.27 40.27 40.26 40.27 40.24 40.24 40.24 40.27 40.3 40.27 40.21 40.13 40.06 40.03 39.99 39.99 40.01 40.05 40.11 40.22 40.22 40.19 40.19 40.22
39.91 39.93 39.91 39.94 39.97 40.01 40.02 40.02 40 40.01 40 40.01 40.07 40.06 40.02 39.99 39.97 40.02 40.05 40.07 40 40.05 40.03 39.98 40 39.98 39.99 39.95 39.93 39.92 40 40.12 40.13 40.11 40.11 40.15 40.16 40.15 40.16 40.16 40.15 40.14 40.18 40.21 40.19 40.18 40.17 40.22 40.28 40.25 40.19 40.18 40.2 40.23 40.29 40.29 40.3 40.29 40.22 40.21 40.24 40.28 40.29 40.26 40.19 40.15 40.12 40.04 40 40.01 40.06 40.09 40.17 40.14 40.16 40.19 40.14 40.21
39.91 39.94 39.97 39.99 39.96 39.99 39.98 40.01 40 40.01 40.01 40 39.99 40 39.99 40.01 40 40 40.02 40.05 40 39.95 39.91 39.88 39.92 39.94 39.95 39.97 39.97 39.99 40.02 40.06 40.09 40.11 40.14 40.13 40.15 40.17 40.18 40.19 40.17 40.15 40.18 40.21 40.2 40.19 40.2 40.25 40.29 40.28 40.24 40.22 40.23 40.25 40.27 40.27 40.28 40.27 40.23 40.21 40.23 40.26 40.26 40.24 40.21 40.23 40.19 40.08 40.03 40.04 40.15 40.21 40.21 40.16 40.18 40.21 40.23 40.23
39.91 39.94 39.98 39.98 39.96 39.98 39.97 40.01 40 39.98 39.99 40 40.01 40.01 40.03 39.99 39.98 39.97 39.94 39.95 40.01 40 39.95 39.89 39.99 40.05 40.05 40.06 40.06 40.06 40.03 40.07 40.08 40.08 40.11 40.14 40.15 40.16 40.14 40.15 40.16 40.15 40.21 40.24 40.23 40.22 40.25 40.26 40.26 40.29 40.29 40.27 40.27 40.26 40.26 40.26 40.28 40.31 40.31 40.27 40.24 40.24 40.23 40.26 40.27 40.23 40.25 40.18 40.19 40.15 40.23 40.3 40.27 40.21 40.18 40.2 40.25 40.29
39.92 39.95 39.97 39.97 39.98 39.96 39.97 40.01 40 40 40.01 40.05 40.05 40.05 40.04 40.02 39.92 39.85 39.85 39.85 39.94 39.98 39.97 39.94 40.06 40.1 40.09 40.09 40.09 40.06 40.04 40.09 40.09 40.06 40.08 40.13 40.12 40.09 40.07 40.12 40.14 40.17 40.26 40.29 40.28 40.26 40.28 40.32 40.3 40.29 40.29 40.27 40.28 40.27 40.32 40.34 40.35 40.33 40.3 40.29 40.26 40.27 40.26 40.24 40.27 40.3 40.27 40.24 40.24 40.26 40.28 40.27 40.26 40.25 40.25 40.27 40.3 40.3
39.9 39.95 39.98 40.02 40 39.98 40 40.04 40.02 40.01 40.04 40.07 40.04 40.02 39.97 39.88 39.84 39.87 39.89 39.92 39.97 39.99 39.98 39.98 40.06 40.09 40.08 40.09 40.06 40.05 40.04 40.06 40.04 40.05 40.07 40.11 40.1 40.07 40.08 40.16 40.19 40.17 40.26 40.34 40.36 40.32 40.29 40.34 40.35 40.32 40.3 40.28 40.25 40.27 40.27 40.25 40.28 40.32 40.31 40.29 40.26 40.23 40.24 40.22 40.27 40.34 40.29 40.26 40.23 40.26 40.28 40.27 40.29 40.27 40.28 40.29 40.31 40.34
39.91 39.88 39.95 39.97 39.97 39.98 39.96 39.99 40.03 40.03 40.05 40.04 39.94 39.91 39.85 39.78 39.83 39.9 40 39.99 39.99 39.99 39.98 40 40.02 40.03 40.05 40.07 40.06 40.06 40.05 40.03 39.98 40.01 40.06 40.1 40.12 40.1 40.13 40.17 40.22 40.2 40.29 40.37 40.35 40.29 40.23 40.26 40.31 40.34 40.36 40.38 40.34 40.29 40.31 40.3 40.3 40.32 40.34 40.32 40.24 40.15 40.2 40.22 40.3 40.33 40.3 40.28 40.25 40.25 40.23 40.27 40.32 40.27 40.26 40.28 40.27 40.34
39.91 39.87 39.93 39.94 39.95 39.99 39.99 40.03 40.07 40.02 39.94 39.91 39.86 39.84 39.81 39.83 39.89 39.95 40.03 40.01 39.99 40.01 39.98 39.98 39.99 40.01 40.03 40.06 40.07 40.09 40.08 40.06 40.04 40.07 40.08 40.11 40.13 40.15 40.17 40.18 40.2 40.19 40.24 40.28 40.31 40.25 40.22 40.24 40.25 40.32 40.36 40.36 40.31 40.28 40.33 40.28 40.29 40.31 40.34 40.32 40.28 40.2 40.19 40.22 40.31 40.31 40.29 40.31 40.29 40.25 40.21 40.26 40.31 40.29 40.27 40.3 40.28 40.3
39.94 39.94 39.94 39.95 39.96 39.99 40.04 40.02 39.96 39.92 39.88 39.85 39.87 39.86 39.85 39.95 40 40.03 40.04 40 39.99 40.01 39.97 39.93 39.95 39.98 40.04 40.09 40.12 40.15 40.13 40.12 40.1 40.12 40.15 40.16 40.17 40.19 40.17 40.17 40.19 40.21 40.25 40.3 40.31 40.32 40.24 40.22 40.22 40.27 40.35 40.34 40.28 40.3 40.33 40.3 40.3 40.32 40.32 40.32 40.3 40.27 40.25 40.27 40.29 40.29 40.29 40.31 40.31 40.25 40.23 40.24 40.28 40.31 40.29 40.3 40.29 40.32
39.96 39.93 39.95 39.97 40 40.03 40.05 40 39.89 39.86 39.89 39.91 39.92 39.9 39.91 40.02 40.05 40.06 40.07 40 39.98 40.01 39.92 39.89 39.89 39.95 40.04 40.12 40.13 40.15 40.13 40.13 40.14 40.17 40.16 40.15 40.16 40.17 40.16 40.14 40.17 40.17 40.24 40.22 40.22 40.22 40.19 40.2 40.22 40.27 40.3 40.28 40.29 40.32 40.33 40.33 40.31 40.31 40.29 40.31 40.29 40.3 40.3 40.31 40.29 40.3 40.29 40.3 40.32 40.28 40.27 40.24 40.3 40.3 40.28 40.27 40.29 40.33
39.94 39.93 39.96 39.97 40.01 40.05 40.02 39.98 39.92 39.9 39.94 40.01 39.97 39.94 39.93 39.99 40.02 40.03 40.03 40.03 40.05 40.05 39.99 39.99 40.02 40.03 40.07 40.1 40.16 40.17 40.15 40.13 40.16 40.2 40.19 40.18 40.2 40.18 40.17 40.16 40.18 40.19 40.23 40.16 40.12 40.13 40.16 40.22 40.27 40.28 40.27 40.26 40.3 40.33 40.33 40.34 40.31 40.27 40.25 40.29 40.31 40.34 40.31 40.31 40.31 40.33 40.32 40.31 40.31 40.28 40.25 40.23 40.27 40.29 40.28 40.26 40.35 40.41
39.9 39.92 39.92 39.93 39.96 40 39.99 39.96 39.97 39.97 40.03 40.05 40.01 39.98 39.95 39.98 40.01 40.02 40.03 40.04 40.06 40.03 39.92 40.01 40.05 40.03 40.09 40.12 40.11 40.14 40.16 40.15 40.18 40.22 40.22 40.22 40.21 40.19 40.18 40.2 40.18 40.2 40.22 40.16 40.12 40.18 40.23 40.3 40.33 40.31 40.31 40.31 40.33 40.33 40.33 40.35 40.31 40.26 40.25 40.33 40.37 40.34 40.31 40.31 40.33 40.37 40.36 40.32 40.3 40.32 40.28 40.24 40.28 40.3 40.3 40.33 40.42 40.49
39.86 39.85 39.85 39.9 39.93 39.96 40 40 40.03 40.02 40.05 40.02 40.01 40 39.97 39.99 40.01 40.02 40.07 40.07 40.05 40.05 40 39.98 40.03 40.02 40.04 40.11 40.13 40.15 40.18 40.22 40.24 40.27 40.27 40.29 40.26 40.22 40.21 40.23 40.19 40.2 40.2 40.19 40.17 40.25 40.29 40.33 40.33 40.31 40.31 40.31 40.33 40.33 40.36 40.35 40.33 40.26 40.3 40.35 40.38 40.31 40.23 40.22 40.27 40.33 40.32 40.3 40.31 40.35 40.38 40.39 40.35 40.28 40.3 40.39 40.43 40.48
39.84 39.83 39.82 39.9 39.93 39.95 40.01 40.03 40.05 40.03 40.02 40.05 40.06 40.04 39.97 40.04 40.12 40.09 40.08 40.08 40.07 40.08 40.07 40.03 40.05 40.05 40.04 40.06 40.1 40.1 40.16 40.22 40.25 40.3 40.31 40.32 40.28 40.25 40.24 40.24 40.21 40.17 40.16 40.19 40.19 40.25 40.26 40.27 40.29 40.25 40.26 40.27 40.31 40.35 40.4 40.39 40.35 40.27 40.28 40.33 40.33 40.28 40.25 40.29 40.33 40.3 40.32 40.33 40.35 40.38 40.4 40.38 40.35 40.31 40.34 40.42 40.45 40.44
39.84 39.86 39.89 39.95 39.96 39.98 40.01 40 40.02 40.06 40.06 40.05 40.02 40 40.02 40.03 40.06 40.09 40.08 40.09 40.08 40.06 40.08 40.08 40.09 40.09 40.08 40.07 40.07 40.08 40.17 40.22 40.26 40.32 40.31 40.31 40.28 40.28 40.25 40.22 40.21 40.15 40.14 40.17 40.18 40.24 40.24 40.22 40.28 40.28 40.31 40.31 40.35 40.35 40.38 40.39 40.37 40.27 40.24 40.25 40.23 40.3 40.29 40.31 40.36 40.35 40.39 40.38 40.38 40.41 40.4 40.39 40.35 40.38 40.36 40.43 40.47 40.47
39.86 39.91 39.96 40 40 40.03 40.03 40.02 40.04 40.02 39.97 40.01 40.05 40.02 40.05 40.03 40.04 40.08 40.09 40.11 40.09 40.1 40.07 40.11 40.13 40.16 40.17 40.16 40.13 40.14 40.22 40.25 40.29 40.31 40.28 40.26 40.28 40.29 40.23 40.18 40.19 40.19 40.17 40.14 40.15 40.26 40.32 40.32 40.35 40.34 40.36 40.33 40.33 40.34 40.37 40.37 40.35 40.3 40.28 40.27 40.26 40.32 40.32 40.3 40.37 40.39 40.4 40.4 40.38 40.41 40.43 40.42 40.39 40.41 40.37 40.41 40.46 40.49
40 40 40 40.01 39.99 40.03 40.03 40.01 40.05 40.05 40.03 40.06 40.08 40.06 40.1 40.09 40.06 40.05 40.08 40.08 40.09 40.13 40.09 40.11 40.13 40.19 40.21 40.2 40.2 40.21 40.23 40.26 40.3 40.27 40.24 40.21 40.25 40.23 40.2 40.19 40.22 40.25 40.2 40.14 40.18 40.25 40.3 40.3 40.36 40.34 40.39 40.38 40.31 40.31 40.33 40.34 40.37 40.37 40.35 40.34 40.32 40.34 40.35 40.31 40.36 40.39 40.39 40.41 40.42 40.45 40.48 40.45 40.44 40.43 40.4 40.43 40.46 40.49
39.99 40 39.98 40.01 40.03 40.06 40.04 40.03 40.06 40.07 40.06 40.09 40.09 40.09 40.12 40.14 40.1 40.07 40.09 40.07 40.09 40.18 40.14 40.13 40.13 40.16 40.17 40.17 40.2 40.2 40.21 40.24 40.29 40.23 40.21 40.19 40.21 40.22 40.2 40.21 40.23 40.25 40.22 40.21 40.23 40.23 40.24 40.26 40.31 40.39 40.39 40.35 40.32 40.35 40.37 40.4 40.44 40.39 40.34 40.39 40.42 40.39 40.36 40.29 40.34 40.36 40.38 40.43 40.46 40.48 40.5 40.46 40.48 40.48 40.46 40.46 40.48 40.49
40 39.99 40.01 40.04 40.08 40.07 40.08 40.07 40.09 40.1 40.13 40.14 40.12 40.11 40.14 40.18 40.15 40.07 40.09 40.07 40.1 40.19 40.18 40.16 40.17 40.18 40.15 40.13 40.21 40.16 40.2 40.26 40.28 40.26 40.27 40.25 40.21 40.2 40.21 40.21 40.21 40.22 40.2 40.21 40.2 40.18 40.2 40.23 40.24 40.36 40.4 40.36 40.32 40.37 40.39 40.4 40.38 40.34 40.31 40.37 40.41 40.38 40.35 40.29 40.34 40.34 40.37 40.46 40.46 40.44 40.48 40.47 40.5 40.52 40.5 40.45 40.5 40.52
40.01 40 40.04 40.08 40.11 40.09 40.11 40.12 40.11 40.1 40.16 40.14 40.14 40.14 40.13 40.17 40.15 40.05 40.04 40.08 40.09 40.13 40.18 40.17 40.19 40.17 40.16 40.18 40.25 40.21 40.14 40.16 40.2 40.26 40.3 40.27 40.23 40.24 40.22 40.2 40.2 40.2 40.17 40.2 40.23 40.2 40.21 40.26 40.25 40.31 40.36 40.37 40.34 40.33 40.35 40.36 40.32 40.31 40.3 40.34 40.35 40.34 40.33 40.33 40.37 40.36 40.38 40.46 40.47 40.46 40.47 40.51 40.51 40.52 40.52 40.48 40.49 40.47
40.04 40.01 40.03 40.09 40.1 40.1 40.13 40.15 40.12 40.1 40.12 40.11 40.13 40.13 40.11 40.12 40.12 40.1 40.05 40.11 40.13 40.17 40.2 40.19 40.19 40.17 40.15 40.15 40.16 40.18 40.11 40.15 40.21 40.24 40.27 40.24 40.25 40.26 40.23 40.2 40.19 40.22 40.2 40.22 40.21 40.18 40.15 40.19 40.27 40.29 40.31 40.34 40.32 40.3 40.32 40.32 40.32 40.34 40.35 40.38 40.38 40.37 40.37 40.41 40.41 40.38 40.41 40.45 40.48 40.51 40.54 40.55 40.57 40.58 40.57 40.48 40.48 40.48
40.05 40.03 40.03 40.05 40.06 40.1 40.13 40.14 40.11 40.1 40.11 40.15 40.14 40.1 40.12 40.15 40.15 40.14 40.12 40.1 40.12 40.13 40.18 40.19 40.19 40.25 40.19 40.17 40.11 40.17 40.18 40.17 40.17 40.2 40.27 40.26 40.27 40.26 40.26 40.24 40.26 40.28 40.26 40.28 40.26 40.21 40.16 40.15 40.28 40.3 40.3 40.32 40.3 40.29 40.28 40.27 40.32 40.37 40.41 40.43 40.44 40.46 40.44 40.46 40.47 40.51 40.5 40.49 40.47 40.5 40.54 40.6 40.6 40.6 40.58 40.54 40.57 40.52
