slabs/74.grd
DSAA
631 301
646410 647040
4946900 4947200
32.02 42.8
[rows 238 to 271 of 301, columns 308 to 384 of 631]
39.5 39.49 39.51 39.51 39.49 39.46 39.45 39.46 39.47 39.48 39.46 39.43 39.42 39.42 39.46 39.49 39.49 39.5 39.49 39.49 39.47 39.45 39.44 39.43 39.42 39.41 39.41 39.4 39.39 39.4 39.37 39.37 1.70141e38 39.39 39.42 39.41 39.4 39.38 39.34 39.35 39.4 39.37 39.37 39.39 39.39 39.32 39.33 39.33 39.28 39.34 39.33 39.31 39.25 39.24 39.22 39.19 39.13 39.15 39.15 39.14 39.03 39.06 39.06 39.07 39.07 39.08 39.1 39.1 39.08 39.1 39.15 39.19 39.21 39.22 39.28 39.58 39.84
39.52 39.49 39.51 39.51 39.5 39.46 39.44 39.46 39.46 39.46 39.47 39.45 39.43 39.41 39.44 39.47 39.49 39.51 39.5 39.48 39.46 39.45 39.43 39.43 39.43 39.42 39.42 39.4 39.39 39.39 39.37 39.37 1.70141e38 39.39 39.39 39.41 39.42 39.39 39.36 39.36 39.38 39.39 39.37 39.37 39.41 39.34 39.33 39.32 39.28 39.31 39.31 39.29 39.24 39.25 39.23 39.19 39.14 39.11 39.12 39.14 39.08 39.06 39.05 39.04 39.05 39.06 39.09 39.07 39.08 39.09 39.11 39.12 39.16 39.17 39.27 39.61 39.89
39.51 39.49 39.5 39.52 39.51 39.47 39.45 39.45 39.46 39.46 39.47 39.46 39.44 39.42 39.42 39.45 39.49 39.49 39.49 39.48 39.46 39.46 39.44 39.44 39.43 39.41 39.4 39.4 39.39 39.37 39.36 39.36 1.70141e38 39.38 39.37 39.39 39.4 39.39 39.39 39.36 39.34 39.37 39.37 39.37 39.4 39.34 39.32 39.3 39.27 39.28 39.3 39.3 39.27 39.24 39.21 39.15 39.17 39.13 39.13 39.11 39.09 39.07 39.03 39.02 39.05 39.06 39.08 39.04 39.07 39.07 39.09 39.1 39.2 39.23 39.39 39.77 39.97
39.5 39.48 39.49 39.49 39.49 39.48 39.45 39.45 39.46 39.47 39.47 39.46 39.45 39.43 39.41 39.44 39.48 39.49 39.5 39.49 39.47 39.46 39.44 39.42 39.41 39.4 39.39 39.39 39.38 39.36 39.37 39.36 1.70141e38 39.38 39.38 39.38 39.39 39.38 39.37 39.34 39.31 39.34 39.35 39.38 39.38 39.34 39.32 39.29 39.27 39.28 39.29 39.29 39.27 39.25 39.23 39.17 39.19 39.14 39.14 39.13 39.11 39.09 39.05 39.04 39.04 39.05 39.07 39.03 39.05 39.05 39.1 39.12 39.25 39.32 39.56 39.9 40.04
39.5 39.47 39.47 39.49 39.5 39.49 39.47 39.45 39.46 39.48 39.47 39.46 39.45 39.43 39.42 39.43 39.46 39.49 39.5 39.49 39.47 39.45 39.43 39.41 39.4 39.38 39.37 39.38 39.37 39.36 39.37 39.36 1.70141e38 39.36 39.37 39.38 39.41 39.39 39.36 39.36 39.32 39.33 39.34 39.36 39.36 39.35 39.32 39.3 39.27 39.24 39.26 39.28 39.28 39.27 39.25 39.19 39.17 39.16 39.14 39.12 39.08 39.08 39.04 39.04 39.03 39.06 39.07 39.05 39.06 39.07 39.13 39.15 39.3 39.4 39.67 39.94 40.03
39.5 39.48 39.47 39.49 39.5 39.5 39.48 39.46 39.45 39.47 39.48 39.47 39.46 39.45 39.44 39.44 39.45 39.48 39.49 39.48 39.45 39.45 39.44 39.41 39.39 39.38 39.37 39.38 39.38 39.37 39.36 39.36 1.70141e38 39.34 39.35 39.36 39.4 39.41 39.38 39.35 39.31 39.33 39.33 39.33 39.33 39.37 39.34 39.32 39.27 39.26 39.27 39.28 39.27 39.27 39.25 39.2 39.19 39.17 39.13 39.11 39.11 39.08 39.03 39.02 39.04 39.07 39.06 39.06 39.07 39.08 39.15 39.17 39.32 39.44 39.68 39.89 39.93
39.5 39.48 39.48 39.49 39.49 39.49 39.48 39.46 39.45 39.47 39.47 39.45 39.45 39.47 39.45 39.44 39.44 39.48 39.49 39.47 39.45 39.45 39.43 39.42 39.41 39.4 39.38 39.39 39.4 39.41 39.39 39.36 1.70141e38 39.33 39.36 39.36 39.4 39.4 39.37 39.33 39.31 39.32 39.3 39.32 39.29 39.34 39.35 39.34 39.28 39.28 39.28 39.27 39.28 39.28 39.24 39.22 39.22 39.2 39.13 39.12 39.13 39.08 39.02 39.03 39.05 39.06 39.05 39.07 39.07 39.08 39.14 39.16 39.25 39.39 39.62 39.81 39.8
39.5 39.47 39.48 39.48 39.47 39.48 39.48 39.46 39.46 39.47 39.46 39.44 39.44 39.46 39.45 39.44 39.43 39.46 39.48 39.46 39.44 39.44 39.42 39.43 39.43 39.4 39.38 39.38 39.39 39.42 39.4 39.35 1.70141e38 39.31 39.34 39.34 39.35 39.38 39.37 39.31 39.31 39.31 39.29 39.33 39.27 39.32 39.33 39.32 39.28 39.28 39.27 39.25 39.28 39.28 39.24 39.24 39.21 39.19 39.12 39.11 39.11 39.07 39.01 39.04 39.06 39.06 39.07 39.09 39.07 39.08 39.12 39.19 39.2 39.35 39.56 39.74 39.71
39.49 39.47 39.48 39.48 39.47 39.48 39.47 39.47 39.46 39.46 39.46 39.45 39.44 39.45 39.46 39.45 39.43 39.45 39.47 39.46 39.45 39.45 39.44 39.44 39.42 39.4 39.38 39.36 39.36 39.4 39.38 39.34 1.70141e38 39.32 39.33 39.35 39.35 39.34 39.35 39.34 39.33 39.3 39.29 39.33 39.32 39.32 39.32 39.33 39.27 39.28 39.27 39.25 39.27 39.27 39.23 39.22 39.2 39.18 39.13 39.09 39.08 39.05 39.01 39.03 39.06 39.08 39.09 39.08 39.08 39.09 39.14 39.3 39.33 39.42 39.53 39.67 39.64
39.5 39.47 39.48 39.48 39.47 39.46 39.45 39.45 39.46 39.45 39.46 39.45 39.44 39.45 39.47 39.46 39.43 39.42 39.43 39.45 39.46 39.45 39.45 39.43 39.41 39.4 39.38 39.35 39.35 39.39 39.38 39.35 1.70141e38 39.34 39.34 39.35 39.36 39.37 39.37 39.37 39.33 39.31 39.29 39.33 39.33 39.3 39.3 39.32 39.29 39.27 39.25 39.24 39.25 39.26 39.24 39.21 39.2 39.18 39.14 39.1 39.09 39.05 39.01 39.01 39.06 39.08 39.09 39.07 39.08 39.1 39.2 39.37 39.44 39.56 39.65 39.66 39.62
39.5 39.48 39.48 39.48 39.47 39.47 39.47 39.46 39.45 39.45 39.46 39.45 39.44 39.45 39.48 39.47 39.43 39.39 39.4 39.44 39.45 39.44 39.44 39.43 39.4 39.39 39.38 39.35 39.35 39.38 39.38 39.36 1.70141e38 39.36 39.36 39.37 39.37 39.37 39.37 39.36 39.33 39.33 39.32 39.32 39.29 39.28 39.27 39.3 39.31 39.28 39.25 39.25 39.24 39.25 39.26 39.2 39.19 39.17 39.13 39.11 39.1 39.04 39.05 39.05 39.06 39.08 39.09 39.06 39.06 39.12 39.23 39.47 39.53 39.63 39.67 39.66 39.61
39.51 39.48 39.48 39.48 39.47 39.47 39.49 39.48 39.45 39.45 39.46 39.45 39.43 39.44 39.46 39.47 39.44 39.4 39.4 39.42 39.45 39.46 39.45 39.43 39.42 39.39 39.38 39.36 39.35 39.36 39.37 39.37 1.70141e38 39.37 39.37 39.38 39.37 39.35 39.35 39.38 39.35 39.35 39.34 39.29 39.26 39.27 39.27 39.27 39.3 39.31 39.26 39.25 39.24 39.25 39.25 39.2 39.17 39.16 39.13 39.14 39.12 39.03 39.06 39.04 39.05 39.07 39.08 39.06 39.07 39.14 39.28 39.48 39.54 39.65 39.68 39.66 39.56
39.51 39.49 39.48 39.48 39.46 39.45 39.46 39.47 39.46 39.45 39.45 39.45 39.44 39.43 39.44 39.45 39.45 39.43 39.42 39.41 39.44 39.46 39.45 39.42 39.42 39.4 39.39 39.37 39.35 39.34 39.36 39.37 1.70141e38 39.35 39.37 39.37 39.36 39.36 39.35 39.38 39.37 39.36 39.33 39.28 39.25 39.27 39.27 39.24 39.29 39.29 39.25 39.23 39.2 39.23 39.24 39.19 39.17 39.15 39.11 39.12 39.1 39.06 39.07 39.05 39.06 39.09 39.07 39.07 39.11 39.17 39.35 39.5 39.55 39.66 39.7 39.68 39.52
39.5 39.48 39.49 39.48 39.46 39.46 39.45 39.46 39.47 39.46 39.45 39.44 39.44 39.43 39.43 39.44 39.46 39.46 39.43 39.4 39.42 39.44 39.42 39.4 39.4 39.4 39.39 39.36 39.35 39.33 39.35 39.36 1.70141e38 39.35 39.37 39.36 39.37 39.37 39.35 39.36 39.36 39.35 39.32 39.3 39.26 39.27 39.29 39.24 39.27 39.26 39.24 39.25 39.22 39.24 39.25 39.21 39.19 39.14 39.12 39.13 39.12 39.08 39.09 39.06 39.07 39.08 39.08 39.09 39.13 39.22 39.41 39.51 39.56 39.67 39.72 39.69 39.46
39.5 39.49 39.5 39.49 39.47 39.47 39.46 39.45 39.47 39.48 39.46 39.44 39.44 39.44 39.43 39.44 39.47 39.47 39.43 39.4 39.41 39.42 39.41 39.4 39.38 39.37 39.36 39.34 39.34 39.33 39.34 39.36 1.70141e38 39.37 39.36 39.38 39.4 39.38 39.34 39.38 39.36 39.35 39.31 39.29 39.28 39.28 39.28 39.23 39.22 39.25 39.25 39.24 39.23 39.23 39.26 39.2 39.18 39.13 39.11 39.11 39.1 39.08 39.08 39.09 39.08 39.06 39.08 39.11 39.15 39.25 39.44 39.51 39.57 39.69 39.74 39.69 39.37
39.52 39.5 39.5 39.49 39.48 39.47 39.46 39.45 39.47 39.49 39.47 39.44 39.44 39.43 39.42 39.43 39.46 39.47 39.44 39.41 39.41 39.41 39.41 39.41 39.4 39.37 39.35 39.34 39.33 39.33 39.33 39.35 1.70141e38 39.37 39.35 39.39 39.4 39.37 39.35 39.37 39.35 39.35 39.31 39.31 39.3 39.28 39.24 39.23 39.23 39.26 39.28 39.21 39.21 39.21 39.24 39.2 39.18 39.13 39.13 39.1 39.09 39.07 39.07 39.11 39.08 39.06 39.1 39.15 39.19 39.27 39.45 39.49 39.57 39.7 39.77 39.68 39.26
39.51 39.49 39.49 39.49 39.48 39.47 39.46 39.44 39.45 39.47 39.46 39.43 39.43 39.43 39.42 39.42 39.43 39.45 39.44 39.42 39.42 39.42 39.41 39.41 39.42 39.4 39.37 39.36 39.34 39.33 39.33 39.34 1.70141e38 39.36 39.35 39.39 39.39 39.36 39.38 39.34 39.34 39.34 39.31 39.31 39.31 39.27 39.22 39.27 39.26 39.27 39.28 39.21 39.2 39.19 39.2 39.2 39.19 39.15 39.12 39.09 39.09 39.08 39.07 39.09 39.08 39.07 39.11 39.17 39.21 39.32 39.49 39.53 39.64 39.71 39.78 39.63 39.08
39.49 39.48 39.48 39.49 39.48 39.47 39.46 39.44 39.43 39.44 39.43 39.41 39.42 39.44 39.43 39.42 39.41 39.42 39.43 39.42 39.41 39.42 39.42 39.4 39.4 39.4 39.38 39.37 39.34 39.34 39.34 39.34 1.70141e38 39.35 39.35 39.37 39.37 39.37 39.38 39.36 39.36 39.36 39.35 39.33 39.31 39.27 39.22 39.24 39.23 39.25 39.27 39.23 39.21 39.18 39.17 39.18 39.16 39.14 39.11 39.09 39.1 39.1 39.09 39.07 39.09 39.09 39.07 39.13 39.23 39.43 39.62 39.69 39.85 39.84 39.76 39.5 38.79
39.49 39.49 39.49 39.49 39.47 39.46 39.46 39.44 39.42 39.42 39.42 39.42 39.42 39.44 39.44 39.42 39.4 39.4 39.42 39.42 39.38 39.39 39.41 39.4 39.4 39.39 39.37 39.36 39.34 39.34 39.35 39.35 1.70141e38 39.38 39.33 39.36 39.35 39.35 39.36 39.38 39.36 39.34 39.36 39.32 39.31 39.27 39.23 39.23 39.21 39.22 39.26 39.24 39.22 39.17 39.16 39.15 39.14 39.13 39.11 39.11 39.11 39.12 39.12 39.09 39.11 39.11 39.05 39.1 39.29 39.52 39.73 39.81 40.04 40.16 39.68 39.26 38.28
39.5 39.51 39.5 39.47 39.47 39.47 39.45 39.42 39.41 39.42 39.43 39.42 39.42 39.42 39.42 39.41 39.4 39.4 39.41 39.41 39.38 39.37 39.38 39.39 39.38 39.37 39.35 39.36 39.36 39.36 39.34 39.35 1.70141e38 39.36 39.31 39.35 39.33 39.32 39.33 39.36 39.35 39.33 39.36 39.32 39.31 39.28 39.24 39.23 39.22 39.21 39.23 39.24 39.22 39.15 39.17 39.15 39.16 39.13 39.12 39.13 39.13 39.13 39.14 39.13 39.13 39.13 39.09 39.15 39.35 39.61 39.81 39.9 40.14 40.28 39.62 39.06 37.87
39.49 39.51 39.5 39.48 39.47 39.48 39.44 39.4 39.42 39.44 39.43 39.42 39.42 39.4 39.41 39.42 39.42 39.41 39.41 39.41 39.39 39.37 39.37 39.37 39.37 39.36 39.35 39.35 39.37 39.35 39.33 39.34 1.70141e38 39.35 39.32 39.34 39.33 39.34 39.33 39.34 39.35 39.32 39.32 39.31 39.31 39.29 39.26 39.24 39.24 39.21 39.2 39.23 39.2 39.15 39.16 39.19 39.18 39.14 39.11 39.12 39.14 39.11 39.13 39.13 39.12 39.13 39.13 39.21 39.43 39.67 39.87 39.97 40.17 40.11 39.59 39.04 37.76
39.47 39.49 39.5 39.48 39.47 39.47 39.46 39.43 39.43 39.44 39.44 39.43 39.41 39.4 39.41 39.43 39.42 39.42 39.41 39.41 39.41 39.39 39.36 39.37 39.38 39.36 39.34 39.36 39.37 39.34 39.32 39.34 1.70141e38 39.34 39.32 39.34 39.33 39.35 39.35 39.34 39.35 39.33 39.31 39.3 39.3 39.28 39.25 39.25 39.24 39.21 39.19 39.21 39.2 39.16 39.15 39.17 39.17 39.13 39.1 39.1 39.13 39.11 39.14 39.15 39.15 39.15 39.16 39.26 39.49 39.72 39.89 39.99 40.1 39.82 39.45 39 37.79
39.46 39.48 39.48 39.48 39.46 39.46 39.45 39.43 39.43 39.43 39.43 39.42 39.39 39.38 39.39 39.41 39.42 39.42 39.41 39.42 39.42 39.39 39.36 39.38 39.39 39.36 39.33 39.34 39.36 39.34 39.33 39.34 1.70141e38 39.34 39.3 39.34 39.33 39.35 39.36 39.35 39.35 39.35 39.33 39.3 39.29 39.27 39.23 39.24 39.23 39.23 39.19 39.18 39.19 39.15 39.15 39.14 39.12 39.12 39.11 39.11 39.14 39.11 39.12 39.13 39.14 39.14 39.19 39.29 39.52 39.74 39.91 39.98 39.88 39.5 39.22 38.86 37.81
39.44 39.46 39.46 39.47 39.45 39.45 39.44 39.43 39.41 39.41 39.42 39.42 39.4 39.38 39.37 39.4 39.42 39.41 39.41 39.42 39.41 39.39 39.35 39.37 39.38 39.36 39.32 39.31 39.33 39.35 39.34 39.32 1.70141e38 39.34 39.3 39.33 39.32 39.34 39.36 39.36 39.34 39.35 39.31 39.29 39.28 39.26 39.22 39.25 39.22 39.22 39.22 39.17 39.18 39.16 39.13 39.13 39.11 39.11 39.1 39.11 39.14 39.15 39.14 39.13 39.12 39.15 39.22 39.32 39.54 39.76 39.9 39.86 39.6 39.26 39.08 38.67 37.68
39.41 39.43 39.45 39.46 39.45 39.44 39.43 39.43 39.42 39.41 39.41 39.41 39.41 39.39 39.37 39.39 39.4 39.4 39.39 39.39 39.38 39.37 39.35 39.34 39.34 39.36 39.33 39.29 39.3 39.34 39.34 39.31 1.70141e38 39.33 39.32 39.31 39.32 39.32 39.34 39.35 39.34 39.34 39.3 39.27 39.29 39.25 39.18 39.24 39.21 39.23 39.21 39.19 39.15 39.16 39.13 39.12 39.1 39.09 39.08 39.11 39.16 39.14 39.15 39.14 39.12 39.16 39.25 39.36 39.56 39.75 39.82 39.63 39.39 39.22 39.13 38.6 37.49
39.41 39.42 39.44 39.46 39.46 39.44 39.43 39.42 39.4 39.39 39.39 39.4 39.4 39.4 39.39 39.38 39.38 39.38 39.38 39.36 39.34 39.34 39.35 39.33 39.32 39.34 39.33 39.3 39.3 39.33 39.33 39.33 1.70141e38 39.34 39.34 39.32 39.31 39.32 39.33 39.34 39.34 39.34 39.3 39.26 39.27 39.23 39.16 39.17 39.18 39.21 39.21 39.19 39.16 39.16 39.12 39.11 39.09 39.09 39.09 39.12 39.16 39.13 39.13 39.13 39.13 39.17 39.29 39.43 39.62 39.7 39.68 39.48 39.34 39.28 39.21 38.49 37.2
39.4 39.41 39.44 39.46 39.48 39.46 39.43 39.41 39.38 39.38 39.39 39.4 39.39 39.39 39.39 39.38 39.38 39.37 39.37 39.36 39.33 39.32 39.34 39.33 39.32 39.33 39.33 39.32 39.31 39.33 39.35 39.35 1.70141e38 39.36 39.34 39.32 39.29 39.29 39.33 39.33 39.35 39.33 39.32 39.28 39.26 39.27 39.21 39.2 39.19 39.22 39.21 39.21 39.17 39.16 39.11 39.1 39.08 39.09 39.13 39.13 39.16 39.13 39.12 39.11 39.14 39.22 39.32 39.5 39.71 39.7 39.61 39.45 39.34 39.25 39.09 38.08 36.69
39.39 39.39 39.42 39.44 39.47 39.45 39.43 39.42 39.41 39.4 39.4 39.4 39.4 39.4 39.38 39.36 39.37 39.37 39.36 39.37 39.35 39.34 39.34 39.32 39.31 39.33 39.33 39.32 39.31 39.32 39.34 39.33 39.29 39.37 39.35 39.34 39.34 39.32 39.31 39.31 39.34 39.33 39.32 39.29 39.25 39.27 39.25 39.23 39.22 39.19 39.19 39.18 39.17 39.14 39.1 39.09 39.08 39.12 39.15 39.14 39.17 39.15 39.13 39.13 39.16 39.28 39.34 39.54 39.78 39.82 39.68 39.39 39.25 39.16 38.85 37.62 36.05
39.38 39.37 39.39 39.42 39.43 39.43 39.43 39.42 39.43 39.42 39.39 39.39 39.41 39.41 39.39 39.36 39.36 39.37 39.37 39.36 39.36 39.36 39.36 39.33 39.31 39.32 39.31 39.3 39.3 39.31 39.33 39.32 39.29 39.32 39.32 39.34 39.35 39.32 39.31 39.3 39.32 39.31 39.31 39.3 39.27 39.27 39.26 39.23 39.21 39.18 39.17 39.16 39.15 39.11 39.09 39.09 39.09 39.14 39.13 39.13 39.17 39.16 39.15 39.14 39.18 39.3 39.36 39.54 39.8 39.93 39.81 39.43 39.18 39.06 38.58 37.16 35.52
39.39 39.37 39.37 39.4 39.41 39.42 39.42 39.41 39.41 39.41 39.39 39.39 39.39 39.39 39.38 39.37 39.37 39.37 39.37 39.35 39.35 39.35 39.35 39.33 39.32 39.29 39.29 39.29 39.29 39.3 39.32 39.31 39.33 39.31 39.3 39.31 39.32 39.32 39.31 39.3 39.32 39.32 39.32 39.32 39.29 39.25 39.26 39.22 39.18 39.17 39.16 39.13 39.12 39.08 39.09 39.09 39.09 39.14 39.14 39.14 39.14 39.15 39.14 39.14 39.2 39.35 39.43 39.58 39.86 39.99 39.95 39.63 39.19 38.93 38.27 36.62 34.91
39.37 39.38 39.38 39.39 39.4 39.4 39.4 39.4 39.4 39.4 39.38 39.37 39.37 39.38 39.38 39.38 39.37 39.36 39.36 39.36 39.34 39.33 39.32 39.32 39.31 39.29 39.29 39.31 39.29 39.28 39.3 39.31 39.35 39.3 39.32 39.31 39.31 39.32 39.31 39.3 39.32 39.32 39.31 39.3 39.29 39.23 39.25 39.21 39.16 39.14 39.15 39.12 39.1 39.06 39.08 39.07 39.06 39.14 39.14 39.13 39.13 39.14 39.13 39.14 39.24 39.42 39.49 39.71 40 40.09 40.05 39.78 39.3 38.68 37.93 36.21 34.49
39.37 39.38 39.38 39.37 39.39 39.41 39.4 39.4 39.4 39.39 39.36 39.33 39.35 39.37 39.37 39.37 39.36 39.35 39.37 39.37 39.35 39.33 39.31 39.3 39.3 39.3 39.3 39.31 39.29 39.27 39.29 39.29 39.3 39.32 39.32 39.32 39.3 39.3 39.31 39.31 39.29 39.31 39.29 39.29 39.28 39.22 39.23 39.22 39.17 39.11 39.13 39.11 39.08 39.04 39.04 39.05 39.07 39.12 39.13 39.15 39.14 39.12 39.12 39.15 39.27 39.46 39.55 39.83 40.06 40.03 39.97 39.76 39.25 38.5 37.62 36.07 34.63
39.37 39.37 39.36 39.35 39.36 39.38 39.4 39.42 39.4 39.36 39.35 39.33 39.35 39.37 39.36 39.35 39.35 39.34 39.35 39.36 39.35 39.34 39.31 39.28 39.29 39.29 39.28 39.29 39.28 39.26 39.27 39.28 39.28 39.34 39.3 39.3 39.3 39.28 39.3 39.3 39.27 39.29 39.28 39.27 39.26 39.23 39.23 39.2 39.15 39.1 39.11 39.1 39.06 39.03 39.03 39.05 39.09 39.11 39.12 39.12 39.12 39.14 39.14 39.19 39.35 39.49 39.63 39.9 39.9 39.83 39.79 39.65 39.16 38.59 37.31 35.8 34.61
39.35 39.36 39.36 39.35 39.35 39.35 39.37 39.39 39.38 39.36 39.36 39.35 39.36 39.36 39.35 39.34 39.34 39.33 39.31 39.32 39.32 39.32 39.3 39.27 39.27 39.27 39.25 39.25 39.26 39.26 39.26 39.28 39.29 39.32 39.29 39.29 39.31 39.27 39.29 39.29 39.26 39.27 39.27 39.26 39.27 39.26 39.21 39.18 39.14 39.11 39.1 39.07 39.06 39.04 39.04 39.07 39.12 39.15 39.13 39.11 39.13 39.11 39.14 39.19 39.38 39.57 39.73 39.87 39.74 39.67 39.6 39.43 38.91 38.44 37.02 35.51 34.65
