slabs/74.grd
DSAA
631 301
646410 647040
4946900 4947200
32.02 42.8
[rows 204 to 237 of 301, columns 154 to 230 of 631]
39.5 39.5 39.51 39.51 39.52 39.54 39.56 39.55 39.57 39.57 39.57 39.59 39.58 39.58 39.6 39.6 39.59 39.58 39.58 39.59 39.61 39.62 39.6 39.6 39.59 39.56 39.55 39.55 39.56 39.57 39.56 39.53 39.53 39.57 39.57 39.57 39.57 39.58 39.61 39.59 39.57 39.57 39.57 39.57 39.57 39.55 39.54 39.55 39.55 39.56 39.58 39.58 39.56 39.52 39.5 39.49 39.48 39.48 39.46 39.44 39.44 39.45 39.44 39.43 39.44 39.46 39.47 39.48 39.49 39.49 39.5 39.51 39.53 39.56 39.56 39.57 39.58
39.49 39.51 39.51 39.5 39.51 39.53 39.55 39.55 39.56 39.57 39.56 39.57 39.57 39.58 39.59 39.59 39.6 39.6 39.6 39.59 39.61 39.62 39.58 39.56 39.56 39.55 39.54 39.54 39.54 39.54 39.55 39.53 39.52 39.55 39.56 39.57 39.57 39.57 39.57 39.55 39.53 39.54 39.54 39.55 39.57 39.56 39.55 39.55 39.54 39.53 39.54 39.56 39.56 39.54 39.52 39.48 39.47 39.47 39.46 39.43 39.43 39.44 39.44 39.43 39.43 39.45 39.46 39.47 39.5 39.5 39.5 39.51 39.53 39.57 39.59 39.59 39.58
39.5 39.5 39.49 39.48 39.5 39.52 39.52 39.52 39.53 39.54 39.54 39.54 39.56 39.58 39.58 39.59 39.6 39.6 39.59 39.59 39.59 39.6 39.58 39.56 39.54 39.54 39.54 39.54 39.54 39.54 39.54 39.53 39.52 39.54 39.54 39.54 39.55 39.55 39.55 39.55 39.53 39.52 39.51 39.53 39.56 39.56 39.56 39.55 39.53 39.51 39.52 39.53 39.55 39.55 39.52 39.47 39.47 39.47 39.46 39.44 39.43 39.43 39.44 39.43 39.43 39.45 39.46 39.48 39.5 39.51 39.5 39.51 39.54 39.57 39.6 39.58 39.56
39.5 39.48 39.47 39.47 39.5 39.51 39.49 39.49 39.49 39.51 39.52 39.51 39.54 39.58 39.58 39.58 39.59 39.58 39.58 39.59 39.59 39.59 39.58 39.56 39.54 39.55 39.55 39.56 39.56 39.55 39.55 39.54 39.53 39.54 39.53 39.53 39.53 39.54 39.54 39.54 39.53 39.51 39.51 39.53 39.55 39.56 39.56 39.54 39.53 39.5 39.5 39.51 39.53 39.55 39.52 39.48 39.46 39.46 39.45 39.44 39.44 39.45 39.44 39.43 39.43 39.43 39.46 39.48 39.47 39.49 39.5 39.49 39.52 39.54 39.57 39.56 39.55
39.49 39.48 39.47 39.48 39.49 39.49 39.48 39.49 39.5 39.5 39.51 39.51 39.53 39.57 39.58 39.57 39.57 39.57 39.59 39.61 39.61 39.6 39.59 39.56 39.54 39.56 39.57 39.57 39.55 39.54 39.53 39.52 39.52 39.53 39.54 39.53 39.53 39.54 39.53 39.53 39.52 39.51 39.52 39.52 39.54 39.56 39.55 39.53 39.52 39.5 39.47 39.49 39.5 39.5 39.49 39.47 39.44 39.41 39.42 39.43 39.45 39.46 39.44 39.42 39.42 39.41 39.43 39.46 39.46 39.49 39.52 39.51 39.53 39.54 39.56 39.56 39.56
39.48 39.48 39.48 39.48 39.48 39.47 39.48 39.48 39.49 39.49 39.5 39.51 39.52 39.55 39.57 39.56 39.57 39.59 39.58 39.58 39.58 39.58 39.57 39.55 39.54 39.56 39.58 39.57 39.54 39.52 39.5 39.5 39.5 39.51 39.53 39.53 39.53 39.53 39.51 39.5 39.5 39.51 39.51 39.5 39.52 39.54 39.54 39.53 39.52 39.5 39.47 39.47 39.48 39.47 39.47 39.45 39.41 39.39 39.4 39.43 39.45 39.47 39.46 39.44 39.45 39.44 39.43 39.46 39.48 39.49 39.51 39.52 39.54 39.55 39.55 39.56 39.57
39.48 39.48 39.48 39.48 39.47 39.46 39.46 39.46 39.47 39.49 39.49 39.48 39.48 39.52 39.57 39.57 39.57 39.58 39.58 39.57 39.55 39.55 39.54 39.54 39.54 39.56 39.57 39.56 39.53 39.51 39.5 39.5 39.49 39.5 39.53 39.53 39.53 39.52 39.49 39.48 39.49 39.51 39.5 39.48 39.49 39.5 39.52 39.53 39.51 39.5 39.48 39.46 39.48 39.49 39.5 39.48 39.42 39.4 39.4 39.41 39.43 39.46 39.46 39.46 39.48 39.46 39.45 39.48 39.51 39.5 39.49 39.51 39.52 39.53 39.55 39.57 39.59
39.47 39.49 39.48 39.49 39.48 39.47 39.46 39.46 39.47 39.5 39.52 39.49 39.48 39.51 39.54 39.56 39.56 39.57 39.58 39.56 39.53 39.53 39.52 39.52 39.54 39.55 39.55 39.54 39.52 39.5 39.5 39.49 39.48 39.48 39.5 39.52 39.51 39.5 39.48 39.47 39.48 39.5 39.48 39.47 39.47 39.47 39.49 39.51 39.5 39.48 39.46 39.45 39.47 39.49 39.5 39.48 39.43 39.4 39.4 39.4 39.4 39.42 39.45 39.45 39.46 39.46 39.46 39.49 39.51 39.5 39.48 39.5 39.51 39.53 39.54 39.57 39.6
39.46 39.48 39.47 39.48 39.48 39.46 39.46 39.47 39.49 39.52 39.55 39.53 39.5 39.51 39.51 39.52 39.53 39.55 39.58 39.56 39.52 39.53 39.52 39.52 39.52 39.53 39.52 39.51 39.51 39.5 39.49 39.49 39.48 39.45 39.46 39.49 39.49 39.47 39.47 39.47 39.46 39.47 39.47 39.45 39.45 39.46 39.47 39.49 39.5 39.5 39.47 39.44 39.45 39.46 39.47 39.46 39.43 39.42 39.42 39.41 39.4 39.41 39.44 39.44 39.45 39.45 39.45 39.48 39.5 39.5 39.49 39.51 39.52 39.54 39.55 39.57 39.61
39.46 39.47 39.47 39.47 39.47 39.46 39.45 39.46 39.48 39.52 39.54 39.52 39.51 39.51 39.49 39.5 39.52 39.54 39.57 39.55 39.53 39.52 39.51 39.52 39.53 39.52 39.5 39.49 39.5 39.49 39.49 39.49 39.48 39.45 39.45 39.46 39.47 39.45 39.45 39.46 39.46 39.46 39.46 39.46 39.45 39.46 39.46 39.48 39.5 39.5 39.48 39.46 39.46 39.46 39.46 39.45 39.44 39.43 39.42 39.41 39.41 39.41 39.42 39.43 39.44 39.45 39.46 39.47 39.49 39.49 39.49 39.51 39.52 39.53 39.55 39.57 39.58
39.47 39.47 39.48 39.47 39.46 39.46 39.44 39.44 39.47 39.49 39.49 39.49 39.51 39.52 39.5 39.51 39.53 39.53 39.55 39.54 39.54 39.53 39.52 39.53 39.52 39.5 39.49 39.48 39.49 39.49 39.48 39.48 39.48 39.47 39.45 39.45 39.47 39.47 39.45 39.45 39.46 39.46 39.46 39.46 39.46 39.45 39.44 39.45 39.46 39.46 39.47 39.47 39.47 39.46 39.45 39.46 39.46 39.43 39.4 39.4 39.4 39.41 39.42 39.43 39.44 39.45 39.46 39.47 39.49 39.49 39.49 39.5 39.51 39.52 39.53 39.54 39.54
39.48 39.49 39.5 39.48 39.46 39.46 39.45 39.45 39.46 39.46 39.47 39.48 39.51 39.53 39.51 39.52 39.53 39.53 39.54 39.54 39.54 39.55 39.54 39.53 39.5 39.49 39.48 39.48 39.49 39.49 39.47 39.46 39.47 39.47 39.46 39.45 39.48 39.49 39.47 39.45 39.46 39.46 39.46 39.46 39.45 39.44 39.44 39.44 39.45 39.45 39.45 39.45 39.45 39.45 39.45 39.46 39.45 39.43 39.39 39.38 39.39 39.41 39.43 39.43 39.43 39.43 39.45 39.45 39.46 39.48 39.48 39.48 39.5 39.52 39.52 39.53 39.53
39.48 39.48 39.49 39.47 39.46 39.47 39.46 39.46 39.45 39.45 39.45 39.47 39.5 39.52 39.51 39.52 39.53 39.54 39.55 39.56 39.55 39.54 39.54 39.52 39.5 39.49 39.49 39.49 39.47 39.47 39.48 39.47 39.47 39.47 39.46 39.45 39.46 39.47 39.46 39.45 39.46 39.45 39.46 39.46 39.44 39.44 39.44 39.43 39.43 39.44 39.44 39.44 39.44 39.44 39.44 39.45 39.44 39.42 39.39 39.37 39.38 39.4 39.42 39.42 39.43 39.43 39.44 39.44 39.43 39.45 39.47 39.45 39.5 39.53 39.52 39.54 39.54
39.48 39.47 39.45 39.46 39.46 39.46 39.46 39.46 39.45 39.45 39.45 39.46 39.49 39.52 39.52 39.51 39.52 39.53 39.55 39.56 39.57 39.55 39.54 39.52 39.49 39.48 39.48 39.47 39.45 39.45 39.46 39.48 39.46 39.44 39.43 39.42 39.44 39.46 39.46 39.45 39.44 39.43 39.45 39.46 39.45 39.44 39.43 39.41 39.41 39.43 39.44 39.44 39.44 39.43 39.41 39.41 39.42 39.43 39.42 39.37 39.36 39.38 39.41 39.42 39.43 39.42 39.43 39.44 39.44 39.44 39.45 39.45 39.49 39.53 39.52 39.52 39.53
39.49 39.47 39.44 39.44 39.45 39.44 39.44 39.44 39.43 39.45 39.46 39.47 39.5 39.52 39.51 39.5 39.5 39.52 39.53 39.55 39.55 39.53 39.54 39.53 39.49 39.47 39.47 39.45 39.44 39.44 39.45 39.46 39.44 39.44 39.42 39.41 39.43 39.45 39.46 39.44 39.42 39.42 39.44 39.45 39.45 39.44 39.43 39.41 39.4 39.41 39.43 39.43 39.44 39.43 39.4 39.38 39.4 39.42 39.42 39.37 39.37 39.38 39.4 39.42 39.42 39.4 39.4 39.43 39.43 39.43 39.45 39.45 39.46 39.5 39.52 39.5 39.52
39.49 39.48 39.46 39.45 39.45 39.44 39.43 39.43 39.43 39.45 39.46 39.47 39.49 39.5 39.49 39.49 39.49 39.5 39.51 39.53 39.53 39.54 39.54 39.52 39.5 39.49 39.49 39.46 39.44 39.43 39.44 39.45 39.43 39.44 39.43 39.42 39.44 39.44 39.44 39.44 39.4 39.42 39.44 39.44 39.45 39.44 39.43 39.4 39.39 39.4 39.41 39.42 39.42 39.42 39.41 39.38 39.38 39.4 39.41 39.38 39.37 39.36 39.39 39.42 39.43 39.42 39.41 39.42 39.43 39.44 39.46 39.48 39.48 39.5 39.51 39.48 39.5
39.5 39.48 39.47 39.46 39.43 39.43 39.44 39.44 39.45 39.45 39.46 39.45 39.46 39.49 39.5 39.51 39.5 39.49 39.5 39.53 39.54 39.56 39.55 39.52 39.51 39.51 39.5 39.47 39.44 39.42 39.43 39.44 39.44 39.44 39.43 39.43 39.43 39.42 39.42 39.42 39.38 39.4 39.44 39.43 39.44 39.44 39.42 39.39 39.39 39.39 39.38 39.39 39.41 39.41 39.4 39.39 39.37 39.4 39.43 39.4 39.37 39.34 39.38 39.42 39.43 39.43 39.41 39.41 39.43 39.45 39.46 39.5 39.51 39.51 39.5 39.47 39.49
39.48 39.46 39.45 39.44 39.42 39.44 39.44 39.44 39.45 39.46 39.46 39.46 39.46 39.48 39.5 39.52 39.52 39.49 39.5 39.52 39.53 39.55 39.53 39.49 39.5 39.51 39.5 39.47 39.44 39.43 39.43 39.44 39.44 39.43 39.42 39.41 39.42 39.42 39.42 39.41 39.39 39.39 39.41 39.4 39.42 39.43 39.42 39.39 39.39 39.39 39.38 39.37 39.39 39.39 39.38 39.37 39.38 39.39 39.41 39.39 39.37 39.35 39.38 39.42 39.43 39.42 39.41 39.42 39.44 39.45 39.46 39.5 39.51 39.51 39.5 39.48 39.5
39.48 39.45 39.44 39.44 39.44 39.45 39.45 39.44 39.45 39.45 39.46 39.46 39.47 39.49 39.5 39.5 39.5 39.48 39.48 39.5 39.51 39.53 39.51 39.48 39.5 39.52 39.51 39.47 39.45 39.43 39.43 39.44 39.44 39.43 39.4 39.4 39.4 39.42 39.43 39.43 39.41 39.4 39.38 39.38 39.39 39.4 39.4 39.39 39.39 39.4 39.4 39.39 39.38 39.37 39.36 39.36 39.37 39.38 39.38 39.38 39.37 39.36 39.38 39.4 39.41 39.41 39.41 39.42 39.43 39.45 39.46 39.48 39.49 39.5 39.5 39.51 39.53
39.49 39.46 39.44 39.44 39.44 39.45 39.45 39.42 39.42 39.44 39.45 39.46 39.47 39.49 39.49 39.48 39.47 39.48 39.48 39.48 39.5 39.51 39.51 39.5 39.5 39.51 39.5 39.47 39.45 39.44 39.43 39.44 39.44 39.43 39.39 39.39 39.4 39.41 39.42 39.42 39.42 39.41 39.39 39.38 39.37 39.39 39.39 39.38 39.37 39.37 39.4 39.4 39.38 39.37 39.36 39.37 39.36 39.36 39.37 39.39 39.38 39.37 39.39 39.39 39.4 39.41 39.42 39.41 39.42 39.43 39.44 39.44 39.46 39.49 39.5 39.51 39.52
39.49 39.46 39.45 39.45 39.44 39.44 39.44 39.42 39.41 39.42 39.43 39.44 39.46 39.48 39.47 39.46 39.46 39.48 39.49 39.49 39.49 39.49 39.5 39.5 39.49 39.49 39.48 39.46 39.44 39.43 39.44 39.44 39.44 39.42 39.39 39.4 39.41 39.41 39.39 39.39 39.41 39.41 39.39 39.38 39.36 39.37 39.38 39.36 39.35 39.36 39.39 39.39 39.38 39.37 39.37 39.37 39.36 39.35 39.37 39.4 39.39 39.37 39.38 39.37 39.38 39.41 39.43 39.43 39.42 39.41 39.42 39.43 39.45 39.49 39.49 39.5 39.5
39.47 39.46 39.45 39.45 39.45 39.43 39.43 39.42 39.42 39.41 39.41 39.43 39.46 39.47 39.47 39.47 39.48 39.5 39.5 39.49 39.49 39.48 39.49 39.5 39.5 39.51 39.49 39.46 39.45 39.44 39.43 39.42 39.4 39.39 39.38 39.4 39.39 39.39 39.38 39.37 39.39 39.4 39.39 39.38 39.37 39.36 39.35 39.35 39.35 39.37 39.38 39.37 39.37 39.37 39.37 39.37 39.36 39.34 39.37 39.4 39.4 39.37 39.37 39.37 39.38 39.39 39.42 39.43 39.42 39.42 39.44 39.45 39.46 39.49 39.5 39.5 39.5
39.47 39.46 39.46 39.46 39.44 39.42 39.42 39.42 39.42 39.42 39.42 39.43 39.46 39.47 39.48 39.49 39.5 39.51 39.5 39.48 39.49 39.5 39.5 39.5 39.5 39.5 39.49 39.47 39.47 39.45 39.42 39.4 39.39 39.39 39.39 39.4 39.39 39.38 39.37 39.37 39.38 39.39 39.39 39.38 39.36 39.35 39.34 39.34 39.36 39.38 39.37 39.36 39.36 39.37 39.37 39.36 39.36 39.34 39.35 39.38 39.38 39.37 39.36 39.36 39.37 39.38 39.38 39.39 39.41 39.44 39.45 39.45 39.46 39.47 39.5 39.49 39.5
39.48 39.47 39.47 39.47 39.45 39.44 39.43 39.43 39.42 39.42 39.42 39.42 39.45 39.48 39.48 39.49 39.51 39.52 39.51 39.48 39.46 39.49 39.51 39.49 39.49 39.48 39.47 39.46 39.46 39.45 39.41 39.39 39.39 39.4 39.4 39.38 39.37 39.38 39.38 39.38 39.38 39.39 39.39 39.38 39.37 39.35 39.34 39.35 39.35 39.37 39.37 39.36 39.35 39.36 39.36 39.35 39.35 39.34 39.32 39.34 39.35 39.37 39.36 39.36 39.36 39.38 39.38 39.38 39.41 39.44 39.44 39.44 39.45 39.47 39.48 39.48 39.49
39.49 39.48 39.47 39.46 39.45 39.46 39.46 39.45 39.43 39.41 39.41 39.42 39.45 39.48 39.47 39.48 39.5 39.51 39.52 39.51 39.47 39.48 39.5 39.5 39.51 39.5 39.47 39.45 39.45 39.44 39.42 39.39 39.38 39.4 39.4 39.36 39.36 39.37 39.37 39.37 39.39 39.4 39.4 39.39 39.39 39.37 39.35 39.35 39.35 39.36 39.37 39.37 39.36 39.35 39.34 39.34 39.35 39.34 39.32 39.33 39.35 39.37 39.38 39.38 39.36 39.35 39.37 39.38 39.41 39.42 39.42 39.43 39.46 39.47 39.47 39.47 39.48
39.5 39.48 39.47 39.46 39.46 39.46 39.46 39.45 39.42 39.41 39.42 39.44 39.46 39.47 39.47 39.44 39.44 39.46 39.51 39.52 39.5 39.49 39.49 39.5 39.51 39.5 39.47 39.43 39.42 39.44 39.44 39.41 39.39 39.4 39.41 39.37 39.36 39.37 39.37 39.36 39.38 39.39 39.39 39.39 39.38 39.37 39.36 39.34 39.35 39.36 39.36 39.38 39.37 39.35 39.34 39.34 39.35 39.35 39.34 39.34 39.35 39.37 39.38 39.38 39.35 39.35 39.36 39.38 39.41 39.42 39.42 39.43 39.45 39.46 39.47 39.47 39.47
39.5 39.47 39.47 39.47 39.46 39.45 39.45 39.43 39.42 39.42 39.43 39.45 39.48 39.47 39.45 39.43 39.43 39.44 39.48 39.51 39.51 39.51 39.51 39.5 39.49 39.49 39.47 39.43 39.4 39.42 39.44 39.42 39.4 39.4 39.4 39.38 39.37 39.37 39.36 39.34 39.35 39.36 39.37 39.38 39.37 39.36 39.37 39.36 39.35 39.35 39.35 39.36 39.36 39.35 39.34 39.35 39.35 39.35 39.35 39.34 39.34 39.36 39.39 39.38 39.36 39.36 39.38 39.4 39.41 39.41 39.42 39.42 39.44 39.45 39.45 39.46 39.46
39.48 39.46 39.46 39.46 39.45 39.43 39.44 39.44 39.44 39.44 39.44 39.46 39.49 39.47 39.43 39.43 39.43 39.43 39.46 39.5 39.53 39.51 39.49 39.48 39.47 39.47 39.46 39.43 39.41 39.41 39.43 39.42 39.41 39.41 39.39 39.36 39.35 39.36 39.36 39.33 39.33 39.34 39.37 39.4 39.37 39.35 39.37 39.37 39.35 39.33 39.34 39.35 39.35 39.34 39.33 39.33 39.33 39.34 39.34 39.33 39.33 39.36 39.4 39.4 39.36 39.34 39.36 39.38 39.41 39.41 39.41 39.41 39.43 39.45 39.44 39.45 39.45
39.47 39.46 39.47 39.46 39.45 39.45 39.45 39.44 39.42 39.43 39.44 39.47 39.51 39.48 39.44 39.45 39.44 39.43 39.45 39.48 39.51 39.49 39.47 39.47 39.45 39.45 39.45 39.44 39.43 39.43 39.43 39.42 39.41 39.4 39.37 39.34 39.34 39.36 39.36 39.34 39.34 39.35 39.38 39.39 39.37 39.34 39.35 39.36 39.35 39.33 39.33 39.34 39.34 39.35 39.35 39.34 39.32 39.34 39.35 39.33 39.32 39.36 39.39 39.39 39.36 39.34 39.34 39.36 39.39 39.4 39.4 39.4 39.42 39.44 39.44 39.44 39.44
39.47 39.47 39.47 39.46 39.46 39.46 39.45 39.44 39.41 39.41 39.44 39.47 39.49 39.47 39.43 39.44 39.42 39.43 39.45 39.47 39.48 39.47 39.46 39.48 39.47 39.45 39.45 39.45 39.44 39.45 39.44 39.43 39.42 39.39 39.37 39.35 39.35 39.35 39.35 39.34 39.34 39.36 39.38 39.38 39.37 39.35 39.34 39.34 39.34 39.32 39.31 39.32 39.36 39.36 39.36 39.35 39.32 39.33 39.36 39.35 39.33 39.35 39.37 39.38 39.36 39.34 39.34 39.35 39.38 39.4 39.39 39.4 39.42 39.43 39.42 39.42 39.43
39.47 39.47 39.46 39.46 39.47 39.47 39.45 39.43 39.41 39.41 39.43 39.44 39.44 39.43 39.42 39.41 39.41 39.41 39.44 39.45 39.46 39.47 39.46 39.48 39.47 39.45 39.44 39.45 39.46 39.45 39.43 39.4 39.41 39.41 39.37 39.35 39.36 39.37 39.35 39.34 39.35 39.35 39.35 39.36 39.37 39.36 39.34 39.34 39.33 39.32 39.31 39.32 39.34 39.35 39.35 39.34 39.32 39.32 39.34 39.34 39.33 39.34 39.36 39.36 39.35 39.33 39.33 39.34 39.37 39.39 39.38 39.39 39.4 39.39 39.39 39.41 39.42
39.47 39.47 39.46 39.46 39.48 39.49 39.46 39.43 39.43 39.42 39.42 39.41 39.39 39.4 39.4 39.39 39.4 39.41 39.42 39.41 39.41 39.44 39.45 39.46 39.47 39.47 39.46 39.46 39.46 39.45 39.41 39.38 39.4 39.41 39.37 39.34 39.35 39.37 39.36 39.35 39.36 39.35 39.34 39.34 39.36 39.36 39.34 39.33 39.33 39.32 39.31 39.31 39.32 39.33 39.35 39.33 39.32 39.31 39.32 39.32 39.32 39.32 39.35 39.35 39.34 39.33 39.32 39.32 39.35 39.36 39.35 39.36 39.37 39.38 39.38 39.39 39.39
39.47 39.47 39.46 39.45 39.47 39.48 39.47 39.44 39.43 39.42 39.41 39.41 39.38 39.39 39.39 39.38 39.39 39.42 39.42 39.41 39.4 39.41 39.43 39.44 39.45 39.46 39.47 39.48 39.46 39.45 39.43 39.41 39.41 39.4 39.37 39.34 39.34 39.35 39.35 39.34 39.34 39.34 39.33 39.34 39.35 39.35 39.34 39.33 39.33 39.32 39.3 39.3 39.31 39.32 39.33 39.32 39.31 39.32 39.32 39.32 39.32 39.31 39.33 39.33 39.33 39.33 39.32 39.31 39.33 39.34 39.35 39.36 39.36 39.37 39.38 39.39 39.39
39.5 39.48 39.45 39.44 39.45 39.47 39.49 39.45 39.43 39.43 39.44 39.43 39.4 39.38 39.37 39.37 39.39 39.42 39.42 39.42 39.42 39.43 39.44 39.44 39.43 39.44 39.46 39.47 39.47 39.46 39.43 39.4 39.4 39.39 39.37 39.36 39.35 39.34 39.35 39.34 39.33 39.33 39.33 39.34 39.35 39.35 39.34 39.34 39.33 39.31 39.28 39.29 39.3 39.32 39.32 39.32 39.31 39.32 39.32 39.32 39.32 39.31 39.31 39.31 39.32 39.34 39.34 39.32 39.33 39.34 39.35 39.37 39.37 39.36 39.37 39.39 39.4
