slabs/74.grd
DSAA
631 301
646410 647040
4946900 4947200
32.02 42.8
[rows 0 to 33 of 301, columns 385 to 461 of 631]
38.91 38.91 38.94 38.98 38.95 38.92 38.94 38.91 38.88 38.89 38.88 38.91 38.9 38.87 38.86 38.9 38.97 38.99 38.98 38.97 38.97 38.89 38.87 38.88 38.97 38.96 38.93 38.95 38.95 38.92 38.88 38.76 38.72 38.72 38.75 38.81 38.92 38.95 38.84 38.86 38.85 38.82 38.61 38.57 38.58 38.62 38.61 38.59 38.59 38.61 38.64 38.66 38.65 38.63 38.62 38.66 38.64 38.63 38.61 38.64 38.65 38.66 38.63 38.63 38.65 38.64 38.6 38.56 38.6 38.54 38.59 38.64 38.68 38.74 38.67 38.67 38.66
38.92 38.92 38.91 38.95 38.91 38.87 38.9 38.88 38.84 38.89 38.92 38.91 38.9 38.87 38.87 38.88 38.93 38.97 38.95 38.95 38.89 38.86 38.89 38.91 38.98 38.96 38.93 39.01 38.97 38.97 38.96 38.84 38.74 38.71 38.74 38.86 39.04 39.05 39 38.94 38.87 38.82 38.72 38.68 38.57 38.58 38.58 38.58 38.6 38.63 38.65 38.64 38.64 38.63 38.57 38.62 38.62 38.62 38.6 38.61 38.63 38.69 38.6 38.6 38.62 38.66 38.64 38.57 38.59 38.56 38.55 38.63 38.66 38.8 38.75 38.69 38.67
38.92 38.92 38.95 38.96 38.88 38.86 38.91 38.87 38.85 38.9 38.92 38.9 38.9 38.89 38.87 38.9 38.92 38.92 38.92 38.95 38.92 38.89 38.93 38.97 39 38.96 38.91 38.98 38.97 39 38.99 38.98 38.93 38.8 38.79 38.97 39.11 39.1 38.98 38.87 38.82 38.79 38.68 38.66 38.6 38.57 38.59 38.6 38.64 38.65 38.62 38.61 38.64 38.63 38.63 38.61 38.58 38.6 38.62 38.59 38.6 38.71 38.62 38.6 38.64 38.68 38.65 38.6 38.59 38.57 38.55 38.62 38.66 38.81 38.74 38.61 38.68
38.92 38.9 38.97 38.97 38.9 38.88 38.93 38.92 38.89 38.9 38.89 38.9 38.93 38.95 38.91 38.92 38.94 38.89 38.92 38.96 38.94 38.94 38.92 38.95 38.98 38.93 38.9 38.9 38.94 38.96 38.98 39 38.98 38.93 38.93 39.03 39.01 39.02 38.96 38.86 38.84 38.82 38.7 38.59 38.56 38.54 38.59 38.64 38.67 38.66 38.6 38.61 38.65 38.66 38.7 38.65 38.62 38.59 38.61 38.6 38.6 38.71 38.67 38.65 38.69 38.72 38.62 38.64 38.59 38.57 38.58 38.61 38.62 38.75 38.8 38.76 38.75
38.92 38.89 38.93 38.92 38.92 38.92 38.95 38.96 38.89 38.86 38.85 38.89 38.93 38.96 38.93 38.92 38.88 38.86 38.9 38.95 38.86 38.9 38.86 38.82 38.91 38.92 38.93 38.94 38.93 38.9 38.92 38.98 38.98 38.99 39.01 39.01 38.98 39 39 38.94 38.95 38.93 38.77 38.59 38.54 38.52 38.58 38.64 38.65 38.65 38.62 38.65 38.7 38.69 38.69 38.68 38.66 38.63 38.63 38.63 38.62 38.71 38.69 38.66 38.68 38.71 38.63 38.66 38.62 38.58 38.54 38.56 38.63 38.72 38.74 38.73 38.73
38.93 38.92 38.92 38.9 38.87 38.91 38.93 38.95 38.91 38.87 38.89 38.92 38.95 38.94 38.89 38.87 38.91 38.93 38.91 38.87 38.87 38.92 38.92 38.82 38.85 38.9 38.88 38.9 38.91 38.9 38.9 38.96 38.98 38.99 38.97 38.93 38.96 38.99 39.02 39 39.02 39 38.85 38.64 38.58 38.56 38.58 38.61 38.62 38.65 38.62 38.67 38.7 38.63 38.67 38.68 38.64 38.63 38.7 38.68 38.61 38.65 38.69 38.67 38.66 38.63 38.62 38.62 38.6 38.57 38.55 38.56 38.61 38.69 38.68 38.67 38.74
38.93 38.92 38.89 38.88 38.85 38.87 38.89 38.93 38.86 38.82 38.85 38.92 38.87 38.85 38.9 38.91 38.89 38.86 38.93 38.9 38.86 38.94 38.92 38.9 38.87 38.89 38.87 38.85 38.88 38.92 38.94 38.94 38.96 38.98 38.93 38.91 38.94 38.96 39 39 39 38.96 38.88 38.71 38.65 38.61 38.6 38.64 38.66 38.67 38.6 38.63 38.67 38.58 38.64 38.69 38.66 38.7 38.69 38.68 38.66 38.59 38.63 38.62 38.61 38.62 38.64 38.65 38.6 38.54 38.55 38.58 38.65 38.66 38.67 38.68 38.71
38.93 38.89 38.93 38.94 38.83 38.89 38.9 38.92 38.9 38.88 38.86 38.85 38.85 38.88 38.9 38.91 38.92 38.88 38.89 38.9 38.83 38.88 38.89 38.9 38.86 38.86 38.87 38.82 38.88 38.96 39 38.98 38.94 38.96 38.96 38.97 38.95 38.92 38.93 38.96 38.96 38.91 38.87 38.79 38.68 38.6 38.6 38.65 38.68 38.68 38.66 38.7 38.68 38.58 38.63 38.66 38.63 38.65 38.57 38.6 38.57 38.61 38.65 38.64 38.67 38.62 38.64 38.64 38.57 38.52 38.54 38.59 38.65 38.63 38.66 38.68 38.65
38.95 38.9 38.93 38.92 38.93 38.95 38.92 38.92 38.94 38.91 38.87 38.84 38.86 38.92 38.9 38.88 38.92 38.92 38.9 38.87 38.84 38.84 38.86 38.85 38.83 38.83 38.87 38.82 38.88 38.95 38.98 38.99 38.92 38.92 39.03 39 38.96 38.9 38.86 38.93 38.97 38.91 38.88 38.84 38.67 38.55 38.56 38.55 38.62 38.67 38.7 38.73 38.72 38.63 38.6 38.61 38.6 38.68 38.62 38.61 38.55 38.59 38.66 38.67 38.69 38.63 38.64 38.65 38.6 38.56 38.54 38.57 38.63 38.61 38.61 38.63 38.63
38.97 38.94 38.97 38.93 38.94 38.96 38.9 38.94 38.98 38.97 38.96 38.87 38.85 38.91 38.89 38.85 38.86 38.87 38.91 38.85 38.86 38.85 38.85 38.83 38.83 38.87 38.9 38.88 38.88 38.9 38.88 38.91 38.9 38.89 38.98 38.95 38.98 38.92 38.85 38.89 38.93 38.96 38.94 38.87 38.83 38.73 38.6 38.62 38.65 38.69 38.68 38.69 38.69 38.66 38.64 38.65 38.65 38.71 38.69 38.66 38.6 38.58 38.6 38.61 38.65 38.67 38.68 38.66 38.63 38.59 38.58 38.58 38.63 38.62 38.58 38.6 38.69
38.98 38.96 39 38.95 38.94 38.96 38.92 38.9 38.91 38.9 38.89 38.84 38.86 38.88 38.86 38.84 38.83 38.84 38.89 38.85 38.86 38.87 38.85 38.84 38.86 38.93 38.92 38.94 38.92 38.9 38.86 38.88 38.92 38.95 38.92 38.97 39 38.99 38.89 38.82 38.8 38.89 38.92 38.92 38.85 38.75 38.68 38.67 38.65 38.71 38.68 38.68 38.68 38.66 38.68 38.63 38.65 38.69 38.69 38.72 38.67 38.61 38.57 38.56 38.59 38.61 38.64 38.65 38.64 38.6 38.62 38.61 38.62 38.66 38.6 38.61 38.71
39 39 39.01 38.95 38.97 38.99 38.97 38.89 38.89 38.88 38.86 38.83 38.86 38.85 38.87 38.86 38.84 38.85 38.86 38.84 38.84 38.85 38.86 38.9 38.94 38.99 38.94 38.95 38.96 38.92 38.89 38.91 38.95 38.93 38.96 38.98 38.99 39.01 38.98 38.87 38.79 38.81 38.88 38.9 38.83 38.77 38.72 38.69 38.66 38.74 38.7 38.64 38.65 38.69 38.7 38.65 38.68 38.73 38.71 38.76 38.72 38.64 38.58 38.58 38.56 38.53 38.53 38.58 38.64 38.59 38.61 38.61 38.59 38.65 38.64 38.6 38.67
39.04 39.02 38.98 38.94 38.98 38.99 38.97 38.91 38.92 38.93 38.9 38.85 38.81 38.83 38.91 38.88 38.85 38.85 38.84 38.84 38.85 38.88 38.9 38.99 39.05 39.07 38.98 38.95 38.96 38.91 38.9 38.91 38.95 38.94 38.92 38.91 38.95 38.92 38.91 38.91 38.88 38.85 38.86 38.88 38.87 38.72 38.72 38.7 38.67 38.75 38.72 38.68 38.64 38.68 38.71 38.7 38.74 38.77 38.74 38.75 38.72 38.67 38.63 38.64 38.57 38.53 38.49 38.51 38.64 38.63 38.61 38.61 38.59 38.61 38.64 38.59 38.61
39.04 39 38.97 38.94 38.98 38.96 38.94 38.94 38.94 38.93 38.89 38.84 38.79 38.82 38.9 38.9 38.9 38.91 38.86 38.85 38.83 38.88 38.88 38.9 39.02 39.03 39 38.99 38.96 38.9 38.88 38.88 38.92 38.98 38.91 38.82 38.82 38.76 38.82 38.8 38.84 38.83 38.83 38.85 38.84 38.71 38.72 38.72 38.65 38.67 38.67 38.68 38.67 38.67 38.7 38.71 38.73 38.75 38.76 38.73 38.7 38.7 38.71 38.68 38.6 38.55 38.52 38.51 38.64 38.63 38.58 38.56 38.54 38.6 38.59 38.57 38.68
39.02 38.98 38.98 38.96 38.98 38.94 38.92 38.97 38.95 38.92 38.87 38.84 38.83 38.86 38.89 38.9 38.91 38.93 38.94 38.88 38.86 38.9 38.89 38.89 38.9 38.93 38.94 39.02 39 38.98 38.97 38.93 38.96 39.03 38.99 38.9 38.89 38.83 38.83 38.8 38.78 38.83 38.83 38.83 38.81 38.75 38.75 38.74 38.66 38.6 38.61 38.63 38.7 38.71 38.66 38.68 38.72 38.73 38.8 38.75 38.7 38.63 38.64 38.63 38.59 38.57 38.56 38.54 38.57 38.57 38.57 38.59 38.64 38.67 38.65 38.67 38.73
39.04 38.99 39 39 38.98 38.94 38.92 38.93 38.86 38.91 38.92 38.87 38.9 38.89 38.83 38.85 38.87 38.87 38.88 38.91 38.91 38.89 38.84 38.82 38.84 38.93 38.89 39.01 39.01 39 39.02 39 38.98 38.98 38.98 38.95 38.97 38.97 38.9 38.9 38.84 38.87 38.86 38.84 38.84 38.82 38.79 38.75 38.68 38.6 38.62 38.61 38.64 38.66 38.6 38.62 38.75 38.78 38.76 38.73 38.66 38.6 38.59 38.6 38.57 38.59 38.57 38.56 38.58 38.56 38.53 38.62 38.67 38.67 38.65 38.64 38.72
39.06 39.01 38.99 39.03 39 39.01 38.98 38.95 38.85 38.9 38.93 38.86 38.86 38.79 38.81 38.87 38.88 38.85 38.86 38.91 38.91 38.85 38.85 38.83 38.83 38.94 38.86 38.89 38.9 38.89 38.97 38.95 38.93 38.88 38.91 38.92 38.98 39.01 38.92 38.94 38.91 38.86 38.88 38.87 38.87 38.9 38.79 38.71 38.7 38.65 38.66 38.61 38.58 38.62 38.64 38.64 38.71 38.74 38.74 38.69 38.66 38.6 38.6 38.6 38.65 38.6 38.62 38.63 38.61 38.58 38.56 38.68 38.7 38.68 38.66 38.67 38.7
39.03 39.04 38.99 38.99 38.97 38.97 38.92 38.89 38.9 38.94 38.91 38.84 38.83 38.81 38.87 38.87 38.85 38.83 38.88 38.9 38.9 38.86 38.9 38.88 38.88 38.89 38.79 38.78 38.8 38.86 38.92 38.88 38.86 38.82 38.89 38.92 38.99 38.98 38.9 38.87 38.89 38.84 38.85 38.89 38.92 38.89 38.73 38.69 38.74 38.76 38.72 38.66 38.62 38.69 38.67 38.66 38.69 38.71 38.68 38.66 38.62 38.59 38.59 38.62 38.67 38.65 38.66 38.67 38.59 38.56 38.58 38.64 38.68 38.71 38.72 38.73 38.71
39.01 39.01 38.99 38.99 38.97 38.95 38.94 38.95 38.98 38.95 38.91 38.89 38.9 38.86 38.89 38.85 38.87 38.85 38.89 38.92 38.9 38.87 38.9 38.9 38.86 38.84 38.75 38.75 38.8 38.9 38.9 38.85 38.81 38.84 38.92 38.93 38.94 38.95 38.91 38.82 38.9 38.89 38.71 38.74 38.87 38.85 38.69 38.71 38.75 38.73 38.72 38.71 38.68 38.68 38.69 38.69 38.73 38.7 38.67 38.69 38.63 38.58 38.57 38.64 38.69 38.66 38.64 38.67 38.62 38.6 38.57 38.6 38.68 38.71 38.73 38.74 38.72
39.04 39.03 39.02 39.02 38.96 38.96 38.98 38.99 39 38.96 38.9 38.91 38.94 38.92 38.88 38.85 38.87 38.85 38.89 38.95 38.94 38.89 38.86 38.88 38.83 38.83 38.78 38.81 38.88 38.93 38.86 38.8 38.77 38.86 38.93 38.85 38.82 38.88 38.88 38.89 38.97 39.01 38.94 38.87 38.83 38.84 38.77 38.79 38.74 38.73 38.75 38.78 38.73 38.61 38.59 38.62 38.66 38.67 38.68 38.7 38.64 38.6 38.59 38.61 38.68 38.72 38.68 38.7 38.64 38.64 38.57 38.58 38.67 38.68 38.7 38.73 38.71
39.06 39.07 39.08 39.05 38.99 38.96 38.98 38.96 38.97 38.93 38.89 38.92 38.94 38.89 38.84 38.85 38.84 38.83 38.89 38.94 38.96 38.87 38.82 38.83 38.82 38.81 38.8 38.86 38.95 38.93 38.84 38.78 38.78 38.89 38.99 38.97 38.98 38.91 38.79 38.82 38.96 39.01 39 38.95 38.87 38.83 38.82 38.85 38.74 38.67 38.66 38.76 38.74 38.58 38.55 38.6 38.68 38.66 38.66 38.64 38.66 38.63 38.61 38.57 38.64 38.73 38.7 38.69 38.61 38.63 38.59 38.58 38.66 38.67 38.68 38.73 38.74
39.03 39.05 39.03 39.03 39.01 38.98 38.95 38.93 38.95 38.94 38.93 38.94 38.94 38.87 38.84 38.87 38.86 38.84 38.89 38.94 38.93 38.82 38.79 38.77 38.78 38.79 38.78 38.81 38.94 38.95 38.89 38.83 38.77 38.88 39.01 38.98 38.99 38.95 38.88 38.85 38.95 38.94 38.87 38.88 38.82 38.76 38.75 38.74 38.69 38.66 38.65 38.68 38.7 38.65 38.64 38.68 38.66 38.62 38.63 38.62 38.68 38.68 38.65 38.59 38.62 38.7 38.67 38.61 38.57 38.6 38.62 38.62 38.67 38.68 38.7 38.78 38.82
39.01 39.05 39.03 39.03 39.03 38.98 38.93 38.88 38.91 38.98 38.99 38.96 38.93 38.9 38.9 38.91 38.91 38.88 38.93 38.99 38.96 38.87 38.86 38.82 38.82 38.81 38.83 38.88 38.89 38.99 38.97 38.93 38.89 38.8 38.9 38.89 38.92 38.93 38.95 38.91 38.91 38.92 38.91 38.88 38.8 38.76 38.75 38.7 38.6 38.6 38.62 38.61 38.69 38.72 38.7 38.71 38.6 38.57 38.6 38.63 38.67 38.71 38.7 38.69 38.67 38.72 38.71 38.58 38.54 38.56 38.63 38.68 38.68 38.62 38.67 38.8 38.85
39.02 39.08 39.07 39.05 39.05 38.98 38.91 38.83 38.87 38.99 38.98 38.96 38.93 38.89 38.89 38.92 38.92 38.89 38.92 38.95 38.94 38.91 38.88 38.83 38.86 38.83 38.91 38.9 38.84 38.9 38.93 38.89 38.91 38.89 38.96 38.94 38.95 38.93 38.95 38.94 38.91 38.98 38.96 38.93 38.81 38.81 38.81 38.74 38.61 38.59 38.6 38.64 38.69 38.71 38.68 38.68 38.58 38.58 38.59 38.6 38.64 38.7 38.73 38.75 38.74 38.78 38.75 38.65 38.6 38.62 38.64 38.72 38.73 38.72 38.78 38.84 38.84
39.03 39.07 39.08 39.06 39.03 39.01 38.92 38.87 38.86 38.93 38.96 38.97 38.95 38.9 38.87 38.87 38.88 38.88 38.89 38.92 38.92 38.93 38.9 38.87 38.82 38.72 38.81 38.88 38.86 38.88 38.9 38.86 38.94 38.95 38.97 38.94 38.94 38.9 38.97 38.96 38.95 38.98 38.95 38.94 38.88 38.92 38.91 38.8 38.66 38.6 38.62 38.68 38.67 38.66 38.67 38.67 38.61 38.59 38.62 38.6 38.67 38.7 38.72 38.69 38.65 38.69 38.72 38.66 38.66 38.64 38.62 38.69 38.7 38.7 38.78 38.9 38.91
39.02 39.05 39.05 39.04 38.99 38.98 38.97 39.01 38.95 38.93 38.99 39.02 38.96 38.87 38.9 38.92 38.96 38.95 38.91 38.88 38.91 38.9 38.91 38.87 38.81 38.73 38.72 38.74 38.86 38.9 38.89 38.86 38.96 39 38.97 38.92 38.87 38.84 38.92 38.95 38.96 38.93 38.92 38.96 38.94 38.97 38.97 38.86 38.68 38.58 38.59 38.63 38.65 38.65 38.66 38.7 38.64 38.64 38.64 38.65 38.73 38.7 38.74 38.64 38.58 38.58 38.67 38.66 38.65 38.65 38.66 38.72 38.75 38.78 38.8 38.86 38.91
39.04 39.02 39.03 38.96 38.97 38.97 39 38.98 38.99 38.93 38.95 38.96 38.92 38.87 38.87 38.89 38.9 38.93 38.96 38.92 38.92 38.92 38.88 38.84 38.8 38.77 38.73 38.71 38.82 38.85 38.83 38.84 38.95 38.98 38.93 38.89 38.83 38.81 38.85 38.9 38.94 38.91 38.91 38.99 38.95 38.91 38.92 38.86 38.71 38.63 38.61 38.62 38.7 38.73 38.71 38.68 38.62 38.66 38.69 38.75 38.78 38.72 38.74 38.67 38.66 38.65 38.67 38.67 38.64 38.66 38.74 38.74 38.72 38.78 38.83 38.93 38.97
39.06 39.03 38.98 38.96 38.95 38.98 39.05 39.05 39.02 38.95 38.94 38.96 38.93 38.91 38.85 38.87 38.88 38.94 38.97 38.91 38.91 38.92 38.89 38.86 38.8 38.78 38.74 38.75 38.84 38.83 38.81 38.82 38.89 38.93 38.91 38.88 38.86 38.85 38.87 38.91 38.95 38.93 38.92 38.96 38.91 38.88 38.87 38.89 38.76 38.71 38.69 38.57 38.66 38.77 38.75 38.7 38.62 38.62 38.69 38.81 38.72 38.63 38.62 38.63 38.73 38.73 38.72 38.73 38.78 38.76 38.74 38.76 38.77 38.82 38.96 39.04 39.03
39.01 39 38.93 38.97 38.94 39 39.01 39.03 39.01 38.94 38.94 38.97 38.93 38.95 38.93 38.94 38.9 38.93 38.96 38.94 38.92 38.9 38.91 38.89 38.83 38.81 38.77 38.79 38.87 38.88 38.86 38.85 38.87 38.91 38.91 38.9 38.91 38.92 38.91 38.93 38.96 38.97 38.93 38.88 38.85 38.85 38.84 38.83 38.83 38.76 38.78 38.76 38.69 38.7 38.69 38.67 38.61 38.57 38.65 38.73 38.65 38.59 38.57 38.6 38.68 38.66 38.7 38.69 38.73 38.73 38.72 38.83 38.88 38.91 39.07 39.13 39.14
39.04 39.07 39.03 38.99 38.95 38.96 38.97 39.02 39.05 38.98 38.94 38.94 38.95 38.96 38.96 38.95 38.93 38.95 38.97 38.98 38.95 38.9 38.91 38.89 38.88 38.86 38.81 38.8 38.85 38.91 38.93 38.89 38.9 38.92 38.9 38.85 38.88 38.94 38.91 38.9 38.96 38.94 38.89 38.88 38.87 38.91 38.94 38.89 38.82 38.73 38.7 38.72 38.67 38.67 38.7 38.67 38.57 38.54 38.62 38.65 38.58 38.53 38.55 38.57 38.58 38.55 38.61 38.61 38.65 38.69 38.75 38.91 38.94 39.01 39.14 39.24 39.29
39.03 39.07 39.07 39.03 38.97 38.94 38.96 38.99 39.01 38.99 38.97 38.93 38.92 38.95 38.97 38.95 38.94 38.98 38.98 38.95 38.95 38.9 38.88 38.88 38.9 38.88 38.82 38.79 38.77 38.85 38.88 38.85 38.88 38.9 38.9 38.77 38.78 38.91 38.95 38.97 39.05 38.99 38.95 38.89 38.91 38.97 38.96 38.91 38.82 38.69 38.66 38.71 38.69 38.66 38.7 38.66 38.6 38.58 38.62 38.6 38.55 38.52 38.54 38.57 38.55 38.51 38.57 38.62 38.66 38.73 38.82 38.99 39.02 39.15 39.27 39.4 39.45
38.98 39.02 39.01 39.02 38.99 38.95 38.96 38.97 38.98 38.98 38.97 38.93 38.87 38.92 38.95 38.94 38.9 38.93 38.95 38.92 38.94 38.87 38.83 38.84 38.9 38.87 38.83 38.73 38.73 38.73 38.78 38.84 38.86 38.86 38.82 38.75 38.77 38.89 38.87 38.92 38.98 38.97 38.97 38.95 38.93 38.9 38.88 38.93 38.83 38.7 38.66 38.67 38.63 38.63 38.67 38.6 38.58 38.55 38.56 38.58 38.57 38.53 38.55 38.59 38.59 38.55 38.65 38.7 38.72 38.83 38.91 39.1 39.2 39.35 39.45 39.57 39.62
38.95 38.97 38.97 38.98 39.02 39 38.97 38.96 38.96 38.98 38.95 38.92 38.88 38.91 38.91 38.88 38.85 38.89 38.92 38.9 38.93 38.89 38.89 38.9 38.93 38.89 38.81 38.71 38.74 38.78 38.84 38.91 38.86 38.86 38.83 38.79 38.81 38.86 38.85 38.93 38.93 38.93 38.94 38.97 38.97 38.89 38.84 38.87 38.83 38.75 38.63 38.63 38.62 38.6 38.64 38.56 38.56 38.53 38.51 38.56 38.57 38.54 38.56 38.61 38.62 38.61 38.74 38.83 38.85 38.93 39.03 39.22 39.35 39.46 39.57 39.65 39.72
38.96 38.96 38.99 38.94 38.99 39.02 38.99 38.96 38.97 38.98 38.94 38.93 38.94 38.95 38.9 38.87 38.86 38.89 38.88 38.87 38.89 38.88 38.84 38.87 38.88 38.89 38.82 38.73 38.77 38.84 38.88 38.89 38.83 38.86 38.84 38.77 38.78 38.85 38.87 38.93 38.89 38.87 38.88 38.89 38.87 38.83 38.81 38.84 38.81 38.76 38.63 38.61 38.65 38.61 38.62 38.56 38.57 38.55 38.52 38.54 38.54 38.56 38.58 38.62 38.61 38.67 38.79 38.97 39.03 39.08 39.19 39.37 39.4 39.5 39.64 39.73 39.77
