slabs/74.grd
DSAA
631 301
646410 647040
4946900 4947200
32.02 42.8
[rows 170 to 203 of 301, columns 539 to 615 of 631]
40.58 40.58 40.57 40.57 40.56 40.64 40.72 40.7 40.63 40.6 40.59 40.56 40.53 40.61 40.73 40.68 40.59 40.57 40.59 40.61 40.61 40.64 40.64 40.63 40.65 40.65 40.64 40.68 40.7 40.75 40.72 40.67 40.71 40.77 40.79 40.82 40.8 40.7 40.72 40.77 40.85 40.82 40.82 40.83 40.8 40.81 40.82 40.84 40.8 40.75 40.68 40.69 40.67 40.7 40.86 40.79 40.7 40.75 40.85 40.77 40.71 40.75 40.77 40.77 40.78 40.65 40.56 40.52 40.53 40.51 40.49 40.44 40.43 40.49 40.58 40.65 40.65
40.53 40.55 40.52 40.53 40.54 40.59 40.62 40.6 40.51 40.5 40.49 40.5 40.53 40.63 40.67 40.63 40.53 40.54 40.57 40.61 40.62 40.66 40.66 40.63 40.65 40.67 40.65 40.66 40.7 40.72 40.69 40.65 40.63 40.76 40.76 40.79 40.77 40.72 40.74 40.82 40.86 40.85 40.82 40.81 40.79 40.81 40.83 40.8 40.78 40.74 40.65 40.68 40.69 40.69 40.81 40.84 40.78 40.77 40.8 40.86 40.79 40.79 40.74 40.75 40.73 40.65 40.59 40.54 40.55 40.52 40.45 40.43 40.43 40.47 40.53 40.62 40.64
40.46 40.51 40.51 40.51 40.5 40.48 40.52 40.52 40.53 40.57 40.55 40.56 40.57 40.58 40.59 40.6 40.5 40.52 40.56 40.62 40.61 40.64 40.66 40.63 40.66 40.67 40.64 40.64 40.7 40.71 40.67 40.67 40.64 40.75 40.74 40.77 40.77 40.77 40.79 40.83 40.84 40.82 40.79 40.79 40.73 40.76 40.8 40.78 40.81 40.79 40.7 40.7 40.72 40.73 40.81 40.92 40.85 40.8 40.75 40.82 40.8 40.78 40.72 40.68 40.68 40.67 40.72 40.59 40.58 40.52 40.43 40.38 40.38 40.42 40.49 40.56 40.62
40.42 40.48 40.49 40.48 40.44 40.47 40.55 40.59 40.61 40.64 40.63 40.61 40.58 40.57 40.59 40.58 40.5 40.5 40.54 40.61 40.63 40.63 40.65 40.64 40.67 40.69 40.66 40.67 40.7 40.71 40.68 40.69 40.7 40.74 40.74 40.77 40.8 40.82 40.85 40.81 40.81 40.77 40.75 40.77 40.67 40.69 40.74 40.79 40.78 40.76 40.72 40.76 40.78 40.78 40.84 40.85 40.81 40.72 40.74 40.78 40.79 40.78 40.72 40.7 40.7 40.71 40.75 40.69 40.65 40.52 40.42 40.38 40.37 40.37 40.45 40.55 40.6
40.41 40.49 40.52 40.53 40.53 40.56 40.62 40.71 40.67 40.67 40.66 40.63 40.57 40.58 40.61 40.61 40.54 40.44 40.51 40.62 40.66 40.62 40.66 40.66 40.69 40.69 40.68 40.7 40.73 40.74 40.73 40.72 40.74 40.73 40.77 40.79 40.84 40.87 40.87 40.77 40.79 40.76 40.76 40.73 40.62 40.66 40.75 40.84 40.76 40.75 40.73 40.78 40.82 40.81 40.83 40.84 40.8 40.71 40.68 40.75 40.79 40.8 40.75 40.72 40.7 40.7 40.78 40.74 40.66 40.53 40.42 40.4 40.38 40.36 40.41 40.47 40.57
40.48 40.55 40.59 40.65 40.66 40.68 40.72 40.77 40.73 40.71 40.69 40.63 40.59 40.59 40.61 40.65 40.58 40.45 40.5 40.62 40.64 40.61 40.65 40.7 40.71 40.67 40.66 40.7 40.76 40.77 40.78 40.77 40.76 40.76 40.79 40.8 40.88 40.89 40.86 40.69 40.76 40.76 40.78 40.67 40.64 40.7 40.79 40.88 40.79 40.79 40.77 40.79 40.8 40.8 40.83 40.87 40.86 40.81 40.68 40.7 40.72 40.73 40.75 40.72 40.7 40.66 40.77 40.72 40.63 40.54 40.46 40.43 40.42 40.39 40.39 40.41 40.52
40.46 40.52 40.55 40.63 40.7 40.75 40.76 40.79 40.79 40.74 40.71 40.65 40.61 40.6 40.63 40.66 40.59 40.49 40.5 40.56 40.6 40.62 40.64 40.72 40.73 40.68 40.66 40.69 40.73 40.75 40.78 40.77 40.75 40.74 40.76 40.79 40.8 40.84 40.82 40.74 40.8 40.81 40.78 40.67 40.69 40.71 40.8 40.88 40.88 40.87 40.82 40.75 40.78 40.82 40.84 40.85 40.87 40.83 40.66 40.66 40.66 40.7 40.77 40.71 40.7 40.65 40.71 40.67 40.6 40.55 40.5 40.47 40.47 40.44 40.41 40.41 40.46
40.48 40.53 40.54 40.6 40.73 40.78 40.78 40.78 40.81 40.78 40.74 40.67 40.64 40.62 40.66 40.69 40.61 40.57 40.53 40.5 40.57 40.6 40.62 40.72 40.74 40.72 40.68 40.68 40.71 40.73 40.78 40.73 40.68 40.68 40.73 40.75 40.71 40.76 40.81 40.82 40.83 40.82 40.74 40.7 40.72 40.74 40.8 40.84 40.86 40.88 40.87 40.77 40.79 40.83 40.81 40.82 40.85 40.82 40.68 40.64 40.63 40.7 40.78 40.72 40.7 40.68 40.66 40.64 40.61 40.58 40.54 40.53 40.49 40.47 40.41 40.41 40.45
40.55 40.61 40.61 40.61 40.79 40.8 40.79 40.75 40.77 40.79 40.74 40.67 40.69 40.66 40.68 40.71 40.67 40.66 40.58 40.49 40.55 40.57 40.61 40.67 40.69 40.7 40.7 40.72 40.72 40.75 40.79 40.7 40.69 40.71 40.72 40.74 40.72 40.75 40.79 40.82 40.76 40.78 40.73 40.75 40.76 40.74 40.76 40.81 40.84 40.87 40.91 40.84 40.84 40.84 40.77 40.78 40.8 40.79 40.77 40.65 40.64 40.7 40.75 40.73 40.72 40.68 40.65 40.64 40.64 40.62 40.6 40.56 40.5 40.48 40.43 40.44 40.48
40.7 40.8 40.78 40.8 40.85 40.78 40.79 40.72 40.75 40.78 40.73 40.68 40.71 40.7 40.67 40.67 40.68 40.66 40.57 40.47 40.53 40.56 40.61 40.62 40.69 40.72 40.74 40.71 40.7 40.71 40.71 40.67 40.65 40.7 40.77 40.75 40.78 40.81 40.77 40.79 40.75 40.76 40.75 40.78 40.77 40.73 40.76 40.77 40.8 40.85 40.9 40.88 40.86 40.85 40.8 40.8 40.78 40.77 40.8 40.69 40.68 40.7 40.71 40.72 40.71 40.68 40.71 40.71 40.67 40.62 40.59 40.59 40.56 40.54 40.49 40.49 40.53
40.84 40.89 40.9 40.97 40.89 40.77 40.77 40.7 40.77 40.8 40.76 40.69 40.68 40.7 40.68 40.67 40.66 40.66 40.59 40.49 40.49 40.53 40.6 40.65 40.7 40.71 40.72 40.73 40.72 40.71 40.66 40.64 40.65 40.71 40.78 40.73 40.75 40.81 40.78 40.8 40.77 40.74 40.74 40.76 40.74 40.74 40.78 40.73 40.75 40.77 40.84 40.86 40.83 40.86 40.84 40.84 40.8 40.77 40.77 40.71 40.69 40.68 40.69 40.71 40.72 40.71 40.79 40.81 40.68 40.57 40.55 40.58 40.61 40.56 40.4 40.43 40.5
40.88 40.85 40.9 41.01 40.93 40.8 40.78 40.72 40.76 40.79 40.77 40.74 40.7 40.71 40.67 40.64 40.65 40.66 40.61 40.53 40.46 40.51 40.6 40.65 40.73 40.73 40.7 40.72 40.71 40.7 40.66 40.69 40.72 40.75 40.75 40.72 40.73 40.77 40.82 40.82 40.79 40.72 40.69 40.72 40.71 40.74 40.79 40.74 40.74 40.7 40.77 40.82 40.79 40.83 40.8 40.79 40.74 40.75 40.74 40.71 40.69 40.67 40.67 40.72 40.76 40.73 40.78 40.79 40.67 40.57 40.56 40.58 40.59 40.49 40.45 40.43 40.39
40.84 40.82 40.89 41.01 40.99 40.89 40.85 40.78 40.75 40.77 40.82 40.82 40.76 40.75 40.7 40.67 40.66 40.66 40.65 40.53 40.52 40.52 40.58 40.66 40.74 40.77 40.72 40.71 40.68 40.71 40.69 40.74 40.75 40.76 40.74 40.74 40.73 40.74 40.79 40.8 40.77 40.71 40.68 40.69 40.71 40.74 40.75 40.76 40.76 40.72 40.74 40.76 40.75 40.77 40.76 40.72 40.69 40.69 40.67 40.69 40.74 40.66 40.65 40.69 40.77 40.77 40.82 40.83 40.76 40.62 40.59 40.59 40.58 40.51 40.49 40.43 40.4
40.78 40.81 40.89 41.02 41 40.98 40.94 40.84 40.77 40.78 40.81 40.82 40.8 40.79 40.76 40.72 40.64 40.66 40.7 40.61 40.58 40.56 40.59 40.65 40.69 40.74 40.75 40.7 40.69 40.73 40.72 40.77 40.75 40.74 40.75 40.73 40.74 40.75 40.78 40.76 40.75 40.73 40.7 40.68 40.71 40.73 40.69 40.73 40.73 40.73 40.74 40.74 40.76 40.73 40.72 40.7 40.67 40.67 40.68 40.73 40.81 40.68 40.7 40.7 40.75 40.82 40.81 40.8 40.74 40.63 40.63 40.61 40.58 40.54 40.49 40.42 40.43
40.74 40.8 40.89 41.03 41.03 41.01 40.96 40.86 40.8 40.8 40.84 40.85 40.83 40.82 40.81 40.77 40.69 40.69 40.7 40.63 40.58 40.57 40.59 40.62 40.64 40.68 40.73 40.65 40.68 40.72 40.7 40.74 40.73 40.73 40.76 40.75 40.77 40.79 40.8 40.79 40.78 40.77 40.72 40.67 40.68 40.72 40.74 40.75 40.7 40.71 40.75 40.74 40.73 40.73 40.73 40.7 40.69 40.7 40.69 40.71 40.75 40.71 40.75 40.72 40.71 40.82 40.74 40.71 40.66 40.64 40.64 40.61 40.56 40.55 40.51 40.43 40.43
40.7 40.76 40.89 40.99 41.02 41 40.93 40.83 40.8 40.82 40.87 40.88 40.83 40.82 40.8 40.78 40.73 40.72 40.71 40.64 40.59 40.57 40.55 40.58 40.59 40.63 40.65 40.6 40.63 40.69 40.66 40.66 40.7 40.74 40.76 40.8 40.8 40.8 40.82 40.83 40.82 40.83 40.71 40.66 40.68 40.76 40.77 40.75 40.67 40.66 40.76 40.71 40.67 40.65 40.68 40.69 40.69 40.66 40.69 40.69 40.72 40.74 40.76 40.71 40.73 40.78 40.67 40.68 40.65 40.62 40.62 40.58 40.53 40.52 40.5 40.46 40.41
40.7 40.75 40.84 40.86 40.87 40.85 40.77 40.74 40.78 40.83 40.92 40.88 40.82 40.81 40.81 40.81 40.76 40.75 40.76 40.67 40.64 40.6 40.53 40.55 40.56 40.59 40.61 40.59 40.61 40.66 40.67 40.67 40.7 40.73 40.76 40.8 40.79 40.8 40.83 40.89 40.9 40.9 40.71 40.7 40.74 40.83 40.83 40.8 40.73 40.72 40.75 40.71 40.66 40.64 40.66 40.68 40.7 40.65 40.69 40.67 40.69 40.77 40.76 40.73 40.73 40.72 40.68 40.72 40.7 40.64 40.62 40.57 40.5 40.49 40.5 40.47 40.4
40.71 40.74 40.81 40.8 40.73 40.71 40.67 40.71 40.77 40.83 40.94 40.91 40.87 40.88 40.88 40.85 40.79 40.78 40.8 40.71 40.69 40.65 40.57 40.58 40.57 40.57 40.6 40.61 40.62 40.67 40.72 40.72 40.71 40.76 40.74 40.8 40.8 40.78 40.88 40.9 40.93 40.9 40.71 40.7 40.73 40.78 40.76 40.75 40.73 40.71 40.73 40.71 40.68 40.67 40.66 40.69 40.72 40.69 40.69 40.69 40.68 40.73 40.73 40.72 40.71 40.68 40.7 40.75 40.72 40.66 40.65 40.58 40.48 40.52 40.52 40.47 40.37
40.71 40.73 40.78 40.79 40.7 40.67 40.66 40.67 40.73 40.76 40.85 40.87 40.9 40.92 40.95 40.88 40.83 40.8 40.79 40.72 40.71 40.66 40.63 40.62 40.6 40.57 40.62 40.64 40.65 40.66 40.73 40.71 40.72 40.82 40.78 40.74 40.75 40.77 40.85 40.87 40.92 40.89 40.75 40.73 40.74 40.79 40.77 40.74 40.72 40.72 40.73 40.72 40.69 40.66 40.68 40.69 40.74 40.73 40.73 40.73 40.68 40.68 40.7 40.71 40.69 40.68 40.69 40.74 40.72 40.68 40.66 40.58 40.51 40.53 40.53 40.5 40.39
40.72 40.72 40.75 40.76 40.74 40.7 40.69 40.64 40.67 40.69 40.72 40.79 40.86 40.88 40.91 40.87 40.85 40.81 40.76 40.71 40.7 40.69 40.65 40.59 40.6 40.57 40.6 40.65 40.66 40.66 40.72 40.75 40.74 40.81 40.81 40.74 40.75 40.78 40.83 40.84 40.87 40.88 40.82 40.8 40.78 40.82 40.75 40.75 40.72 40.74 40.74 40.72 40.68 40.66 40.71 40.69 40.73 40.72 40.74 40.73 40.68 40.7 40.73 40.71 40.68 40.68 40.69 40.73 40.76 40.73 40.68 40.55 40.57 40.47 40.48 40.47 40.39
40.73 40.73 40.73 40.75 40.79 40.75 40.7 40.66 40.67 40.7 40.72 40.82 40.84 40.86 40.88 40.87 40.84 40.78 40.73 40.69 40.69 40.67 40.64 40.6 40.61 40.58 40.6 40.67 40.65 40.64 40.69 40.71 40.73 40.75 40.8 40.77 40.77 40.79 40.81 40.81 40.84 40.88 40.87 40.85 40.83 40.81 40.74 40.76 40.7 40.71 40.75 40.73 40.68 40.71 40.74 40.7 40.69 40.7 40.7 40.71 40.73 40.75 40.74 40.68 40.66 40.65 40.67 40.7 40.76 40.71 40.65 40.56 40.53 40.47 40.49 40.52 40.47
40.74 40.75 40.73 40.76 40.8 40.75 40.69 40.69 40.71 40.77 40.8 40.85 40.86 40.87 40.89 40.89 40.84 40.76 40.71 40.71 40.71 40.65 40.63 40.6 40.58 40.57 40.6 40.7 40.69 40.66 40.64 40.67 40.74 40.74 40.75 40.77 40.79 40.78 40.81 40.8 40.81 40.87 40.88 40.87 40.85 40.81 40.76 40.77 40.7 40.69 40.75 40.75 40.73 40.71 40.73 40.69 40.68 40.7 40.7 40.75 40.81 40.73 40.71 40.67 40.64 40.59 40.62 40.66 40.69 40.68 40.64 40.55 40.51 40.56 40.57 40.56 40.54
40.75 40.74 40.73 40.75 40.76 40.74 40.74 40.7 40.72 40.82 40.88 40.86 40.84 40.89 40.94 40.92 40.83 40.72 40.7 40.72 40.72 40.65 40.64 40.61 40.59 40.58 40.58 40.67 40.7 40.72 40.68 40.7 40.75 40.75 40.73 40.77 40.8 40.81 40.84 40.82 40.82 40.89 40.86 40.85 40.85 40.83 40.78 40.79 40.74 40.72 40.75 40.75 40.74 40.71 40.7 40.72 40.71 40.73 40.75 40.8 40.82 40.71 40.69 40.66 40.63 40.59 40.6 40.61 40.62 40.62 40.6 40.55 40.55 40.58 40.58 40.56 40.57
40.74 40.73 40.78 40.78 40.78 40.78 40.73 40.68 40.68 40.74 40.85 40.84 40.86 40.99 41 40.96 40.86 40.72 40.68 40.69 40.7 40.67 40.66 40.6 40.62 40.61 40.62 40.64 40.69 40.75 40.74 40.75 40.73 40.72 40.74 40.76 40.78 40.83 40.86 40.83 40.85 40.88 40.84 40.82 40.85 40.82 40.8 40.79 40.77 40.79 40.78 40.76 40.73 40.69 40.69 40.74 40.72 40.75 40.78 40.82 40.75 40.63 40.65 40.66 40.63 40.62 40.61 40.62 40.58 40.57 40.57 40.54 40.56 40.56 40.55 40.58 40.6
40.81 40.79 40.78 40.82 40.82 40.79 40.73 40.69 40.68 40.66 40.76 40.8 40.86 41 41.01 40.99 40.91 40.76 40.7 40.67 40.66 40.65 40.66 40.62 40.64 40.67 40.68 40.66 40.67 40.73 40.77 40.77 40.74 40.71 40.75 40.75 40.75 40.79 40.81 40.81 40.81 40.82 40.86 40.83 40.85 40.86 40.83 40.8 40.79 40.83 40.8 40.75 40.74 40.7 40.74 40.75 40.68 40.68 40.71 40.7 40.63 40.63 40.64 40.66 40.62 40.61 40.61 40.63 40.63 40.6 40.55 40.52 40.54 40.55 40.58 40.6 40.62
40.77 40.77 40.76 40.8 40.81 40.79 40.74 40.71 40.69 40.66 40.73 40.82 40.9 41.02 40.99 40.97 40.92 40.79 40.71 40.7 40.67 40.68 40.67 40.67 40.69 40.73 40.7 40.68 40.67 40.69 40.75 40.78 40.78 40.74 40.76 40.75 40.74 40.78 40.79 40.8 40.78 40.8 40.87 40.88 40.88 40.85 40.84 40.83 40.8 40.82 40.8 40.76 40.74 40.74 40.75 40.71 40.62 40.6 40.61 40.6 40.59 40.62 40.65 40.65 40.6 40.59 40.58 40.58 40.63 40.59 40.53 40.54 40.54 40.57 40.6 40.6 40.65
40.75 40.73 40.73 40.78 40.81 40.8 40.76 40.72 40.7 40.67 40.76 40.88 40.94 41 40.96 40.94 40.89 40.81 40.74 40.74 40.72 40.76 40.7 40.7 40.74 40.79 40.72 40.73 40.69 40.68 40.73 40.75 40.78 40.77 40.82 40.79 40.77 40.8 40.79 40.82 40.8 40.8 40.83 40.9 40.87 40.84 40.85 40.84 40.8 40.83 40.82 40.76 40.74 40.72 40.71 40.63 40.57 40.56 40.57 40.57 40.57 40.59 40.62 40.64 40.59 40.57 40.58 40.56 40.58 40.55 40.53 40.56 40.57 40.58 40.59 40.61 40.66
40.77 40.75 40.74 40.78 40.81 40.81 40.77 40.74 40.72 40.68 40.76 40.89 40.91 40.91 40.9 40.88 40.84 40.8 40.78 40.77 40.76 40.8 40.72 40.71 40.76 40.87 40.8 40.81 40.73 40.68 40.71 40.72 40.77 40.77 40.82 40.8 40.77 40.79 40.81 40.8 40.8 40.82 40.85 40.84 40.76 40.81 40.83 40.82 40.77 40.76 40.77 40.75 40.69 40.66 40.64 40.6 40.57 40.56 40.56 40.54 40.54 40.55 40.58 40.62 40.61 40.6 40.62 40.58 40.55 40.54 40.54 40.57 40.59 40.59 40.6 40.63 40.66
40.77 40.77 40.74 40.79 40.8 40.81 40.79 40.77 40.73 40.67 40.68 40.76 40.8 40.83 40.81 40.82 40.8 40.77 40.8 40.78 40.77 40.78 40.74 40.74 40.77 40.85 40.86 40.88 40.82 40.76 40.69 40.7 40.72 40.74 40.76 40.75 40.72 40.73 40.75 40.73 40.74 40.79 40.81 40.79 40.69 40.74 40.79 40.8 40.71 40.7 40.72 40.71 40.64 40.62 40.61 40.61 40.59 40.57 40.56 40.52 40.52 40.52 40.57 40.61 40.66 40.67 40.67 40.64 40.59 40.57 40.54 40.56 40.57 40.59 40.61 40.61 40.65
40.78 40.78 40.73 40.79 40.83 40.86 40.81 40.78 40.73 40.68 40.61 40.62 40.7 40.79 40.77 40.79 40.82 40.76 40.8 40.78 40.76 40.75 40.73 40.75 40.77 40.88 41.04 41.02 40.95 40.87 40.77 40.72 40.71 40.73 40.74 40.73 40.68 40.73 40.74 40.72 40.72 40.71 40.72 40.7 40.64 40.67 40.71 40.72 40.66 40.67 40.68 40.66 40.6 40.61 40.63 40.63 40.59 40.58 40.55 40.53 40.52 40.54 40.62 40.67 40.74 40.74 40.68 40.63 40.61 40.59 40.53 40.54 40.57 40.58 40.6 40.61 40.65
40.8 40.79 40.73 40.76 40.84 40.9 40.79 40.77 40.75 40.72 40.62 40.62 40.65 40.69 40.73 40.76 40.81 40.76 40.79 40.79 40.79 40.72 40.75 40.77 40.79 40.92 41.05 41.07 41.08 40.96 40.89 40.76 40.75 40.75 40.76 40.77 40.76 40.85 40.84 40.78 40.71 40.69 40.68 40.65 40.62 40.64 40.66 40.65 40.64 40.65 40.66 40.63 40.59 40.61 40.64 40.65 40.6 40.6 40.59 40.58 40.56 40.59 40.69 40.78 40.82 40.77 40.67 40.62 40.6 40.59 40.56 40.53 40.55 40.57 40.6 40.62 40.65
40.81 40.79 40.75 40.74 40.82 40.87 40.76 40.77 40.78 40.73 40.62 40.6 40.59 40.65 40.71 40.72 40.75 40.73 40.78 40.75 40.74 40.75 40.83 40.81 40.8 40.9 41 41.06 41.1 40.91 40.9 40.85 40.82 40.78 40.78 40.83 40.91 40.97 40.93 40.84 40.74 40.72 40.71 40.68 40.67 40.67 40.66 40.65 40.65 40.64 40.64 40.62 40.6 40.61 40.61 40.67 40.65 40.65 40.67 40.69 40.65 40.69 40.79 40.89 40.87 40.79 40.66 40.6 40.57 40.56 40.52 40.56 40.58 40.59 40.61 40.61 40.63
40.79 40.8 40.78 40.78 40.82 40.84 40.78 40.79 40.81 40.73 40.62 40.59 40.57 40.69 40.79 40.8 40.77 40.68 40.77 40.78 40.78 40.77 40.82 40.79 40.79 40.88 40.93 41.03 41.05 40.89 40.9 40.91 40.88 40.84 40.82 40.87 40.96 40.95 40.92 40.85 40.76 40.74 40.77 40.75 40.77 40.74 40.71 40.67 40.67 40.66 40.65 40.64 40.62 40.61 40.6 40.72 40.77 40.77 40.79 40.78 40.77 40.81 40.85 40.82 40.84 40.77 40.63 40.57 40.53 40.51 40.5 40.53 40.55 40.6 40.6 40.61 40.63
40.78 40.82 40.79 40.78 40.82 40.82 40.83 40.84 40.85 40.75 40.65 40.61 40.58 40.75 40.89 40.87 40.79 40.73 40.75 40.8 40.84 40.81 40.8 40.74 40.76 40.85 40.89 41 41.01 40.9 40.9 40.9 40.89 40.88 40.86 40.9 40.92 40.88 40.86 40.82 40.75 40.75 40.8 40.82 40.83 40.79 40.74 40.7 40.68 40.68 40.69 40.7 40.68 40.66 40.67 40.79 40.88 40.88 40.88 40.84 40.85 40.85 40.84 40.81 40.83 40.75 40.6 40.54 40.53 40.49 40.49 40.51 40.54 40.59 40.59 40.59 40.62
