slabs/75.grd
DSAA
631 301
646410 647040
4947200 4947500
31.8 44.43
[rows 140 to 174 of 300, columns 546 to 623 of 631]
41.07 41.08 41.1 41.1 41.09 41.09 41.1 41.09 41.07 41.05 41.04 41.01 41.03 41.07 41.04 41.03 41.02 40.99 41 41 40.99 40.97 40.99 41.05 41.16 41.38 41.48 41.48 41.48 41.48 41.44 41.35 41.3 41.23 41.23 41.24 41.28 41.33 41.34 41.37 41.41 41.38 41.38 41.38 41.37 41.35 41.29 41.29 41.28 41.28 41.27 41.24 41.17 41.12 41.1 41.1 41.12 41.15 41.15 41.14 41.15 41.18 41.21 41.21 41.09 41.02 40.99 40.97 40.83 40.57 40.42 40.2 40.42 40.51 40.51 40.53 40.6 40.66
41.04 41.06 41.09 41.12 41.13 41.13 41.09 41.11 41.08 41.05 41.01 40.99 41.01 41.05 41.02 41.02 41.01 41.01 41.02 41 40.99 40.97 40.99 41.01 41.1 41.36 41.47 41.47 41.46 41.47 41.46 41.42 41.39 41.37 41.37 41.37 41.4 41.43 41.42 41.42 41.4 41.4 41.38 41.39 41.37 41.29 41.24 41.24 41.21 41.17 41.14 41.14 41.09 41.05 41.08 41.1 41.17 41.21 41.21 41.2 41.19 41.21 41.26 41.26 41.09 40.98 40.95 40.94 40.82 40.58 40.45 40.19 40.41 40.54 40.53 40.55 40.59 40.61
41.02 41.03 41.09 41.13 41.12 41.13 41.1 41.12 41.11 41.07 41.02 41.03 41.03 41.03 41.04 41.02 41.01 41.02 41.03 40.99 40.98 40.97 40.98 40.99 41.07 41.34 41.46 41.45 41.46 41.48 41.46 41.45 41.44 41.46 41.43 41.43 41.43 41.45 41.42 41.42 41.41 41.43 41.39 41.37 41.34 41.24 41.18 41.17 41.15 41.12 41.1 41.12 41.08 41.07 41.08 41.12 41.18 41.22 41.2 41.2 41.19 41.24 41.29 41.29 41.12 40.99 40.94 40.92 40.88 40.68 40.59 40.48 40.53 40.56 40.51 40.51 40.51 40.52
41.05 41.05 41.1 41.12 41.1 41.11 41.1 41.11 41.11 41.08 41.04 41.04 41.05 41.04 41.06 41.04 41.03 41.02 41.03 40.99 40.99 40.98 41.01 41.04 41.12 41.32 41.44 41.43 41.46 41.47 41.44 41.44 41.45 41.45 41.42 41.42 41.41 41.45 41.42 41.4 41.41 41.38 41.35 41.29 41.2 41.17 41.15 41.13 41.12 41.17 41.19 41.2 41.14 41.11 41.12 41.17 41.2 41.22 41.22 41.22 41.21 41.23 41.27 41.27 41.14 41.01 40.98 40.94 40.94 40.84 40.77 40.73 40.66 40.61 40.49 40.45 40.44 40.44
41.15 41.08 41.09 41.13 41.12 41.11 41.11 41.11 41.1 41.08 41.07 41.04 41.05 41.05 41.06 41.05 41.04 41.02 41.02 41.01 41.04 41.07 41.12 41.14 41.23 41.34 41.42 41.43 41.47 41.44 41.45 41.45 41.46 41.43 41.42 41.43 41.45 41.49 41.43 41.39 41.32 41.22 41.22 41.18 41.13 41.12 41.14 41.14 41.2 41.26 41.27 41.27 41.18 41.17 41.18 41.23 41.26 41.21 41.22 41.25 41.22 41.17 41.22 41.25 41.16 41.12 41.08 40.96 40.98 40.95 40.89 40.8 40.72 40.65 40.43 40.43 40.44 40.44
41.21 41.12 41.09 41.1 41.12 41.14 41.13 41.11 41.11 41.11 41.1 41.06 41.07 41.07 41.06 41.05 41.05 41.04 41.05 41.05 41.12 41.22 41.26 41.27 41.35 41.42 41.44 41.44 41.45 41.44 41.47 41.45 41.43 41.41 41.42 41.46 41.52 41.51 41.41 41.31 41.19 41.16 41.15 41.15 41.13 41.16 41.16 41.17 41.2 41.26 41.29 41.31 41.22 41.25 41.26 41.29 41.29 41.2 41.21 41.27 41.21 41.13 41.17 41.21 41.19 41.24 41.15 40.97 41 40.98 40.93 40.83 40.7 40.6 40.31 40.4 40.45 40.45
41.23 41.15 41.1 41.08 41.1 41.15 41.15 41.14 41.15 41.13 41.11 41.1 41.1 41.09 41.08 41.08 41.08 41.1 41.14 41.15 41.25 41.32 41.35 41.36 41.42 41.46 41.46 41.45 41.43 41.43 41.46 41.44 41.41 41.42 41.42 41.44 41.46 41.39 41.34 41.26 41.2 41.18 41.19 41.19 41.21 41.22 41.21 41.2 41.2 41.26 41.29 41.31 41.27 41.28 41.29 41.33 41.24 41.18 41.19 41.25 41.19 41.13 41.15 41.16 41.16 41.21 41.16 40.96 40.96 40.97 40.94 40.84 40.65 40.52 40.2 40.32 40.46 40.44
41.25 41.17 41.13 41.11 41.11 41.13 41.15 41.19 41.19 41.15 41.15 41.14 41.12 41.1 41.14 41.15 41.17 41.24 41.3 41.31 41.38 41.4 41.39 41.39 41.41 41.4 41.43 41.44 41.42 41.4 41.43 41.42 41.39 41.4 41.4 41.39 41.37 41.34 41.32 41.26 41.29 41.25 41.26 41.25 41.26 41.28 41.26 41.22 41.2 41.27 41.28 41.28 41.25 41.22 41.25 41.27 41.17 41.18 41.19 41.22 41.2 41.17 41.18 41.16 41.13 41.16 41.18 40.97 40.89 40.91 40.94 40.86 40.61 40.49 40.14 40.27 40.48 40.44
41.32 41.23 41.18 41.16 41.14 41.14 41.15 41.2 41.2 41.17 41.2 41.19 41.18 41.18 41.25 41.26 41.32 41.38 41.42 41.41 41.4 41.42 41.43 41.39 41.36 41.35 41.39 41.42 41.41 41.36 41.36 41.37 41.36 41.38 41.36 41.35 41.35 41.35 41.36 41.36 41.4 41.34 41.31 41.26 41.22 41.27 41.25 41.23 41.24 41.26 41.25 41.22 41.21 41.19 41.19 41.2 41.2 41.23 41.22 41.27 41.28 41.25 41.21 41.18 41.21 41.24 41.22 41.01 40.89 40.9 40.94 40.9 40.74 40.57 40.18 40.14 40.35 40.4
41.42 41.33 41.25 41.2 41.18 41.16 41.19 41.19 41.22 41.23 41.26 41.27 41.29 41.34 41.38 41.39 41.42 41.43 41.46 41.45 41.43 41.41 41.37 41.35 41.29 41.29 41.39 41.44 41.43 41.34 41.31 41.33 41.34 41.37 41.34 41.32 41.34 41.37 41.39 41.43 41.44 41.35 41.3 41.24 41.21 41.24 41.23 41.24 41.28 41.25 41.21 41.16 41.2 41.22 41.2 41.2 41.24 41.25 41.25 41.39 41.46 41.37 41.23 41.23 41.25 41.27 41.26 41.1 40.96 40.95 40.97 40.92 40.83 40.65 40.25 40.03 40.18 40.3
41.47 41.41 41.34 41.29 41.26 41.2 41.22 41.23 41.29 41.31 41.37 41.37 41.39 41.42 41.46 41.47 41.49 41.46 41.45 41.42 41.37 41.34 41.29 41.28 41.23 41.24 41.35 41.4 41.38 41.32 41.3 41.32 41.34 41.35 41.33 41.31 41.34 41.41 41.43 41.46 41.42 41.34 41.3 41.24 41.25 41.24 41.26 41.27 41.3 41.29 41.22 41.13 41.16 41.17 41.17 41.18 41.22 41.24 41.31 41.47 41.53 41.42 41.23 41.21 41.21 41.23 41.26 41.18 41.05 41 40.95 40.94 40.86 40.69 40.33 40.03 40.06 40.2
41.5 41.49 41.43 41.39 41.34 41.26 41.3 41.3 41.38 41.43 41.45 41.44 41.44 41.46 41.48 41.48 41.47 41.44 41.38 41.34 41.28 41.25 41.21 41.21 41.19 41.23 41.31 41.33 41.32 41.3 41.3 41.35 41.36 41.36 41.36 41.33 41.35 41.42 41.44 41.43 41.37 41.32 41.3 41.25 41.28 41.29 41.32 41.32 41.33 41.34 41.28 41.16 41.15 41.17 41.18 41.2 41.2 41.24 41.3 41.46 41.39 41.3 41.24 41.23 41.25 41.25 41.29 41.22 41.09 41.02 40.93 40.92 40.81 40.64 40.34 40.09 40.06 40.11
41.5 41.54 41.5 41.48 41.42 41.39 41.41 41.43 41.49 41.5 41.49 41.47 41.48 41.47 41.47 41.46 41.41 41.37 41.29 41.26 41.2 41.18 41.15 41.16 41.18 41.23 41.25 41.26 41.27 41.27 41.28 41.36 41.4 41.42 41.42 41.38 41.38 41.42 41.42 41.37 41.33 41.31 41.29 41.24 41.31 41.33 41.37 41.37 41.32 41.31 41.28 41.27 41.22 41.21 41.16 41.21 41.27 41.28 41.29 41.35 41.3 41.26 41.27 41.25 41.19 41.21 41.26 41.2 41.13 41.06 40.94 40.9 40.8 40.59 40.36 40.21 40.18 40.05
41.52 41.53 41.51 41.51 41.5 41.5 41.5 41.5 41.51 41.52 41.5 41.48 41.46 41.44 41.43 41.41 41.35 41.28 41.21 41.2 41.14 41.14 41.1 41.13 41.17 41.21 41.21 41.24 41.24 41.25 41.26 41.35 41.45 41.47 41.46 41.41 41.39 41.41 41.39 41.31 41.31 41.31 41.29 41.27 41.31 41.32 41.34 41.36 41.36 41.34 41.3 41.32 41.28 41.23 41.13 41.16 41.25 41.26 41.26 41.25 41.29 41.28 41.3 41.26 41.16 41.18 41.21 41.2 41.17 41.11 40.97 40.91 40.84 40.66 40.5 40.39 40.31 40.05
41.53 41.51 41.49 41.48 41.48 41.51 41.53 41.52 41.53 41.52 41.48 41.46 41.41 41.37 41.36 41.33 41.27 41.19 41.16 41.15 41.1 41.11 41.09 41.13 41.18 41.19 41.22 41.28 41.24 41.21 41.24 41.33 41.4 41.48 41.48 41.44 41.4 41.43 41.43 41.36 41.34 41.34 41.3 41.27 41.28 41.28 41.3 41.33 41.37 41.36 41.34 41.29 41.28 41.23 41.15 41.2 41.22 41.25 41.26 41.25 41.27 41.26 41.28 41.29 41.22 41.21 41.19 41.19 41.18 41.19 41.1 40.96 40.91 40.81 40.67 40.55 40.41 40.12
41.52 41.5 41.49 41.48 41.47 41.54 41.56 41.52 41.5 41.49 41.46 41.42 41.3 41.27 41.26 41.23 41.18 41.13 41.13 41.12 41.11 41.11 41.14 41.19 41.2 41.19 41.23 41.33 41.26 41.15 41.18 41.26 41.31 41.42 41.44 41.44 41.41 41.45 41.48 41.42 41.34 41.32 41.3 41.26 41.24 41.26 41.3 41.33 41.33 41.34 41.34 41.3 41.26 41.22 41.17 41.22 41.19 41.22 41.26 41.27 41.25 41.24 41.25 41.3 41.28 41.24 41.22 41.19 41.21 41.29 41.3 41.04 41 40.91 40.79 40.64 40.51 40.28
41.55 41.53 41.52 41.52 41.52 41.59 41.54 41.47 41.39 41.38 41.36 41.31 41.21 41.19 41.19 41.15 41.13 41.12 41.11 41.11 41.15 41.16 41.21 41.28 41.23 41.18 41.22 41.31 41.27 41.2 41.19 41.23 41.27 41.32 41.35 41.37 41.39 41.42 41.46 41.44 41.36 41.34 41.34 41.3 41.26 41.26 41.3 41.34 41.27 41.28 41.33 41.3 41.25 41.2 41.14 41.17 41.16 41.19 41.27 41.27 41.24 41.19 41.2 41.24 41.27 41.28 41.25 41.26 41.29 41.36 41.35 41.12 41.05 40.97 40.91 40.77 40.66 40.59
41.61 41.58 41.58 41.59 41.6 41.6 41.44 41.38 41.29 41.25 41.23 41.2 41.17 41.16 41.15 41.13 41.1 41.1 41.09 41.11 41.22 41.24 41.26 41.31 41.24 41.18 41.22 41.29 41.28 41.23 41.22 41.25 41.33 41.32 41.31 41.32 41.33 41.33 41.35 41.37 41.36 41.34 41.34 41.32 41.28 41.28 41.3 41.33 41.23 41.24 41.33 41.28 41.23 41.19 41.15 41.17 41.17 41.18 41.28 41.28 41.25 41.17 41.16 41.23 41.31 41.37 41.3 41.31 41.32 41.34 41.26 41.12 41.07 40.99 41.03 40.96 40.91 40.81
41.68 41.64 41.65 41.65 41.62 41.54 41.32 41.3 41.22 41.17 41.18 41.16 41.11 41.11 41.12 41.13 41.07 41.08 41.08 41.14 41.29 41.25 41.25 41.23 41.18 41.19 41.22 41.29 41.35 41.29 41.27 41.26 41.34 41.33 41.28 41.28 41.27 41.27 41.3 41.32 41.35 41.34 41.3 41.31 41.31 41.3 41.32 41.31 41.25 41.26 41.32 41.27 41.21 41.17 41.19 41.21 41.19 41.17 41.25 41.31 41.28 41.23 41.23 41.31 41.37 41.39 41.32 41.31 41.28 41.24 41.19 41.15 41.13 41.04 41.08 41.02 40.98 40.88
41.73 41.67 41.64 41.6 41.52 41.42 41.31 41.28 41.21 41.17 41.18 41.16 41.06 41.06 41.09 41.12 41.08 41.07 41.08 41.15 41.33 41.34 41.31 41.26 41.21 41.22 41.26 41.37 41.48 41.35 41.29 41.26 41.31 41.31 41.28 41.26 41.23 41.23 41.28 41.3 41.34 41.33 41.29 41.31 41.34 41.35 41.35 41.32 41.3 41.29 41.3 41.27 41.23 41.17 41.19 41.22 41.21 41.17 41.21 41.29 41.29 41.29 41.29 41.31 41.32 41.33 41.28 41.26 41.23 41.16 41.19 41.18 41.16 41.08 41.04 41.02 40.99 40.86
41.73 41.6 41.55 41.46 41.38 41.36 41.34 41.29 41.24 41.23 41.21 41.2 41.1 41.05 41.07 41.1 41.07 41.08 41.12 41.23 41.34 41.35 41.3 41.26 41.25 41.3 41.36 41.39 41.43 41.38 41.32 41.29 41.31 41.32 41.3 41.27 41.24 41.25 41.25 41.26 41.29 41.29 41.31 41.33 41.35 41.39 41.41 41.36 41.32 41.29 41.26 41.26 41.25 41.2 41.19 41.2 41.21 41.18 41.19 41.27 41.3 41.32 41.28 41.27 41.25 41.26 41.3 41.29 41.25 41.17 41.19 41.21 41.2 41.08 41.03 41.04 41 40.83
41.73 41.52 41.48 41.41 41.38 41.39 41.38 41.32 41.26 41.28 41.26 41.23 41.19 41.11 41.09 41.08 41.08 41.08 41.12 41.26 41.34 41.35 41.32 41.25 41.27 41.32 41.4 41.31 41.32 41.33 41.34 41.32 41.33 41.34 41.3 41.29 41.26 41.26 41.22 41.21 41.22 41.25 41.3 41.33 41.34 41.41 41.44 41.37 41.33 41.27 41.19 41.18 41.19 41.19 41.2 41.17 41.21 41.23 41.22 41.28 41.26 41.21 41.21 41.25 41.24 41.24 41.29 41.34 41.28 41.2 41.2 41.22 41.22 41.11 41.01 41.04 41.03 40.87
41.79 41.49 41.46 41.41 41.41 41.42 41.42 41.35 41.29 41.3 41.25 41.19 41.15 41.08 41.08 41.07 41.12 41.1 41.14 41.27 41.33 41.32 41.28 41.27 41.29 41.32 41.34 41.21 41.22 41.26 41.33 41.33 41.33 41.33 41.3 41.27 41.24 41.24 41.18 41.17 41.19 41.22 41.28 41.32 41.37 41.42 41.41 41.33 41.29 41.22 41.19 41.2 41.19 41.21 41.21 41.16 41.2 41.33 41.35 41.33 41.28 41.22 41.2 41.24 41.24 41.23 41.27 41.3 41.26 41.26 41.24 41.24 41.22 41.16 41.09 41.08 41.08 40.96
41.9 41.6 41.53 41.45 41.44 41.45 41.45 41.38 41.35 41.27 41.2 41.17 41.15 41.1 41.09 41.11 41.2 41.18 41.18 41.27 41.31 41.28 41.27 41.29 41.3 41.31 41.28 41.2 41.17 41.22 41.32 41.3 41.29 41.3 41.28 41.24 41.21 41.21 41.17 41.11 41.15 41.2 41.29 41.32 41.36 41.43 41.42 41.33 41.29 41.22 41.24 41.21 41.2 41.21 41.22 41.22 41.26 41.41 41.48 41.43 41.37 41.3 41.26 41.24 41.26 41.28 41.28 41.28 41.25 41.29 41.28 41.24 41.21 41.23 41.21 41.16 41.11 41.04
42.1 41.82 41.7 41.55 41.52 41.5 41.47 41.41 41.4 41.31 41.2 41.16 41.16 41.14 41.15 41.2 41.31 41.32 41.27 41.26 41.26 41.27 41.31 41.32 41.31 41.3 41.29 41.24 41.17 41.22 41.3 41.24 41.2 41.24 41.22 41.21 41.21 41.2 41.18 41.12 41.13 41.16 41.3 41.3 41.32 41.39 41.39 41.36 41.33 41.26 41.26 41.22 41.19 41.21 41.21 41.23 41.29 41.44 41.47 41.37 41.34 41.3 41.29 41.27 41.28 41.32 41.29 41.29 41.27 41.27 41.25 41.21 41.18 41.24 41.25 41.2 41.11 41.06
42.31 41.99 41.84 41.62 41.55 41.52 41.48 41.44 41.41 41.33 41.24 41.15 41.13 41.16 41.25 41.33 41.37 41.4 41.35 41.25 41.24 41.27 41.32 41.34 41.33 41.32 41.32 41.27 41.2 41.21 41.25 41.18 41.14 41.18 41.21 41.19 41.23 41.21 41.23 41.29 41.25 41.15 41.25 41.31 41.29 41.33 41.37 41.35 41.32 41.28 41.27 41.19 41.16 41.18 41.2 41.21 41.27 41.36 41.35 41.27 41.25 41.26 41.29 41.29 41.29 41.3 41.28 41.28 41.28 41.22 41.2 41.2 41.16 41.21 41.2 41.17 41.1 41.05
42.45 42.14 41.99 41.7 41.58 41.55 41.52 41.48 41.44 41.37 41.31 41.15 41.12 41.18 41.33 41.4 41.37 41.4 41.37 41.28 41.27 41.27 41.27 41.33 41.31 41.32 41.32 41.26 41.21 41.17 41.18 41.16 41.15 41.15 41.15 41.13 41.15 41.18 41.3 41.37 41.32 41.2 41.27 41.3 41.29 41.29 41.31 41.31 41.3 41.29 41.25 41.16 41.15 41.16 41.18 41.2 41.24 41.28 41.26 41.23 41.22 41.25 41.27 41.26 41.28 41.29 41.27 41.26 41.26 41.22 41.19 41.2 41.18 41.19 41.18 41.15 41.12 41.04
42.6 42.31 42.2 41.88 41.63 41.61 41.58 41.51 41.48 41.44 41.4 41.25 41.16 41.2 41.35 41.39 41.38 41.41 41.41 41.33 41.27 41.27 41.27 41.27 41.23 41.25 41.28 41.27 41.21 41.14 41.09 41.12 41.14 41.16 41.13 41.13 41.14 41.18 41.28 41.32 41.3 41.23 41.28 41.25 41.26 41.29 41.27 41.3 41.31 41.28 41.23 41.19 41.17 41.16 41.18 41.19 41.22 41.23 41.22 41.22 41.25 41.26 41.24 41.23 41.25 41.29 41.26 41.23 41.22 41.22 41.17 41.17 41.17 41.17 41.17 41.13 41.1 41.04
42.67 42.52 42.42 42.05 41.71 41.69 41.63 41.54 41.47 41.49 41.5 41.43 41.23 41.22 41.34 41.42 41.39 41.39 41.39 41.38 41.3 41.27 41.29 41.29 41.28 41.27 41.28 41.33 41.23 41.14 41.07 41.11 41.13 41.14 41.13 41.16 41.18 41.23 41.26 41.28 41.29 41.27 41.28 41.24 41.23 41.28 41.25 41.26 41.29 41.26 41.22 41.22 41.21 41.18 41.23 41.22 41.2 41.2 41.21 41.23 41.28 41.28 41.22 41.22 41.23 41.25 41.2 41.17 41.15 41.22 41.18 41.19 41.18 41.17 41.15 41.11 41.09 41.06
42.71 42.66 42.53 42.18 41.83 41.79 41.63 41.56 41.45 41.47 41.52 41.51 41.32 41.25 41.33 41.41 41.37 41.38 41.4 41.43 41.39 41.34 41.36 41.36 41.34 41.31 41.32 41.32 41.3 41.24 41.15 41.1 41.1 41.12 41.17 41.22 41.25 41.3 41.27 41.26 41.28 41.27 41.27 41.31 41.29 41.27 41.24 41.23 41.26 41.25 41.22 41.23 41.23 41.23 41.32 41.29 41.23 41.19 41.2 41.23 41.28 41.29 41.26 41.28 41.28 41.21 41.15 41.17 41.19 41.23 41.2 41.21 41.24 41.19 41.17 41.15 41.16 41.14
42.8 42.72 42.59 42.36 41.98 41.89 41.64 41.55 41.46 41.47 41.48 41.46 41.34 41.28 41.28 41.38 41.35 41.35 41.36 41.38 41.41 41.38 41.39 41.42 41.4 41.35 41.38 41.35 41.35 41.33 41.27 41.13 41.1 41.13 41.21 41.24 41.26 41.3 41.25 41.27 41.27 41.25 41.28 41.36 41.34 41.29 41.28 41.26 41.25 41.26 41.24 41.23 41.21 41.26 41.33 41.32 41.26 41.19 41.18 41.21 41.23 41.23 41.23 41.28 41.32 41.24 41.19 41.2 41.19 41.24 41.23 41.21 41.22 41.21 41.21 41.24 41.25 41.2
42.83 42.77 42.63 42.43 42.09 42 41.74 41.55 41.49 41.47 41.43 41.38 41.33 41.3 41.27 41.33 41.37 41.37 41.4 41.38 41.39 41.35 41.41 41.47 41.45 41.37 41.37 41.37 41.38 41.37 41.33 41.23 41.21 41.21 41.21 41.2 41.21 41.25 41.22 41.27 41.28 41.26 41.29 41.34 41.33 41.32 41.34 41.33 41.28 41.25 41.24 41.23 41.21 41.25 41.28 41.29 41.26 41.21 41.21 41.21 41.2 41.2 41.18 41.23 41.31 41.24 41.2 41.2 41.16 41.18 41.17 41.16 41.19 41.2 41.22 41.28 41.27 41.21
42.81 42.77 42.67 42.43 42.16 42.08 41.81 41.54 41.51 41.49 41.44 41.39 41.32 41.3 41.24 41.28 41.35 41.39 41.43 41.4 41.39 41.35 41.41 41.45 41.44 41.39 41.39 41.39 41.37 41.35 41.32 41.31 41.31 41.29 41.22 41.17 41.19 41.23 41.22 41.25 41.28 41.28 41.34 41.34 41.35 41.32 41.36 41.38 41.36 41.27 41.24 41.21 41.18 41.19 41.21 41.23 41.26 41.19 41.15 41.15 41.13 41.16 41.18 41.19 41.2 41.18 41.18 41.23 41.2 41.13 41.13 41.16 41.2 41.23 41.24 41.23 41.2 41.16
42.72 42.74 42.72 42.64 42.47 42.33 41.93 41.54 41.51 41.52 41.48 41.42 41.39 41.35 41.22 41.24 41.31 41.4 41.45 41.41 41.4 41.35 41.36 41.42 41.41 41.39 41.41 41.37 41.35 41.31 41.29 41.28 41.31 41.3 41.28 41.22 41.2 41.23 41.24 41.27 41.31 41.32 41.36 41.36 41.36 41.35 41.43 41.44 41.4 41.3 41.21 41.19 41.15 41.18 41.17 41.19 41.28 41.23 41.17 41.14 41.1 41.1 41.11 41.14 41.15 41.14 41.17 41.24 41.21 41.1 41.14 41.26 41.35 41.34 41.3 41.17 41.14 41.13
42.67 42.72 42.76 42.73 42.67 42.54 42.13 41.61 41.54 41.55 41.49 41.41 41.42 41.4 41.25 41.26 41.31 41.4 41.43 41.41 41.41 41.35 41.35 41.43 41.42 41.4 41.4 41.37 41.34 41.32 41.27 41.25 41.28 41.29 41.31 41.25 41.2 41.24 41.25 41.25 41.32 41.36 41.36 41.37 41.39 41.42 41.46 41.45 41.41 41.32 41.22 41.21 41.2 41.21 41.19 41.19 41.27 41.24 41.19 41.15 41.12 41.09 41.1 41.11 41.14 41.13 41.15 41.17 41.14 41.1 41.17 41.35 41.47 41.43 41.33 41.16 41.16 41.15
