slabs/75.grd
DSAA
631 301
646410 647040
4947200 4947500
31.8 44.43
[rows 245 to 279 of 300, columns 390 to 467 of 631]
38.87 38.85 38.76 38.78 38.81 38.8 38.76 38.8 38.85 38.87 38.86 38.84 38.81 38.85 38.82 38.83 38.84 38.79 38.75 38.68 38.66 38.8 38.8 38.83 38.95 39 39.01 39.03 39.04 39.04 39.02 39.01 39 38.96 39.01 39.07 39.04 39.02 39.02 39.04 39.02 39.03 39.02 39.04 39.09 39.07 39.09 39.06 39.1 39.15 39.16 39.2 39.26 39.24 39.18 39.14 39.14 39.16 39.2 39.21 39.22 39.21 39.19 39.15 39.25 39.26 39.27 39.23 39.2 39.18 39.16 39.16 39.18 39.2 39.19 39.13 39.14 39.21
38.81 38.84 38.87 38.84 38.79 38.79 38.77 38.79 38.82 38.87 38.85 38.85 38.82 38.83 38.82 38.86 38.86 38.8 38.8 38.73 38.61 38.74 38.78 38.81 38.91 38.95 38.99 39.04 39.03 39.03 39.01 38.98 39.01 38.95 38.98 39.05 39.09 39.05 39.04 39.06 39.08 39.12 39.14 39.09 39.08 39.08 39.08 39.06 39.08 39.1 39.13 39.17 39.21 39.24 39.22 39.2 39.16 39.17 39.21 39.19 39.21 39.22 39.22 39.14 39.19 39.22 39.26 39.22 39.19 39.18 39.21 39.15 39.18 39.23 39.18 39.09 39.1 39.22
38.77 38.84 38.91 38.86 38.77 38.78 38.77 38.79 38.83 38.87 38.85 38.85 38.85 38.83 38.82 38.87 38.89 38.84 38.82 38.77 38.63 38.66 38.74 38.83 38.91 38.95 38.99 39.05 39.01 39 38.99 38.94 38.99 38.97 38.99 39.04 39.01 39.09 39.08 39.07 39.1 39.08 39.1 39.12 39.12 39.1 39.09 39.08 39.07 39.09 39.13 39.14 39.18 39.22 39.26 39.23 39.21 39.19 39.2 39.18 39.2 39.23 39.23 39.12 39.17 39.2 39.23 39.23 39.21 39.22 39.24 39.13 39.15 39.23 39.23 39.09 39.11 39.24
38.75 38.81 38.85 38.83 38.76 38.77 38.81 38.81 38.83 38.93 38.9 38.86 38.88 38.85 38.83 38.85 38.87 38.86 38.83 38.79 38.69 38.59 38.64 38.81 38.89 38.93 38.96 39.02 39 38.97 38.96 38.94 38.97 38.99 39.01 39.01 39 39.06 39.04 39.07 39.07 39.05 39.08 39.12 39.12 39.1 39.08 39.07 39.06 39.08 39.11 39.14 39.13 39.18 39.24 39.21 39.22 39.18 39.15 39.15 39.18 39.23 39.24 39.13 39.21 39.21 39.21 39.21 39.23 39.25 39.27 39.18 39.17 39.22 39.28 39.15 39.13 39.2
38.75 38.79 38.77 38.8 38.8 38.78 38.85 38.83 38.83 38.96 38.97 38.92 38.91 38.87 38.85 38.85 38.87 38.89 38.86 38.83 38.77 38.64 38.65 38.77 38.78 38.88 38.93 39 39.01 38.99 38.99 38.98 38.95 39.01 39.03 39.03 39.01 39.05 39.04 39.04 39.05 39.05 39.07 39.13 39.11 39.09 39.07 39.05 39.06 39.08 39.11 39.15 39.1 39.15 39.21 39.19 39.2 39.14 39.08 39.13 39.19 39.21 39.24 39.19 39.21 39.2 39.21 39.2 39.21 39.25 39.31 39.27 39.23 39.21 39.29 39.16 39.13 39.13
38.77 38.83 38.76 38.79 38.83 38.8 38.82 38.83 38.84 38.92 39.03 38.98 38.92 38.88 38.88 38.87 38.88 38.89 38.87 38.83 38.78 38.65 38.66 38.74 38.79 38.89 38.92 38.97 39.03 39.01 39.04 39.01 38.93 39.03 39.06 39.05 39.02 39.05 39.06 39 39.03 39.04 39.05 39.12 39.1 39.08 39.05 39.03 39.08 39.09 39.08 39.13 39.08 39.13 39.21 39.18 39.16 39.1 39.09 39.18 39.21 39.2 39.23 39.18 39.2 39.2 39.22 39.21 39.22 39.26 39.32 39.26 39.25 39.21 39.26 39.2 39.15 39.11
38.77 38.86 38.77 38.78 38.82 38.81 38.77 38.81 38.85 38.92 39 38.97 38.89 38.87 38.88 38.85 38.89 38.89 38.88 38.82 38.79 38.71 38.67 38.69 38.82 38.83 38.88 38.94 39.03 39.03 39.04 39.02 38.97 39.01 39.05 39.04 39.04 39.06 39.09 39.04 39.01 39.02 39.03 39.08 39.11 39.1 39.05 39.03 39.09 39.09 39.05 39.12 39.1 39.13 39.22 39.2 39.14 39.11 39.19 39.23 39.22 39.19 39.2 39.22 39.23 39.22 39.2 39.22 39.26 39.31 39.32 39.28 39.27 39.22 39.28 39.24 39.19 39.14
38.73 38.83 38.77 38.77 38.84 38.82 38.79 38.81 38.86 38.85 38.87 38.95 38.92 38.89 38.89 38.85 38.86 38.92 38.91 38.81 38.8 38.79 38.69 38.64 38.78 38.8 38.86 38.91 39 39.04 39.06 39.05 39.01 39.02 39.05 39.04 39.04 39.06 39.09 39.07 38.99 39 39.01 39.03 39.08 39.12 39.08 39.05 39.06 39.07 39.05 39.11 39.12 39.14 39.18 39.19 39.17 39.13 39.21 39.22 39.19 39.15 39.18 39.24 39.23 39.2 39.19 39.23 39.27 39.32 39.3 39.31 39.3 39.23 39.24 39.25 39.22 39.14
38.73 38.79 38.82 38.78 38.88 38.85 38.84 38.82 38.86 38.8 38.82 38.93 38.89 38.81 38.84 38.84 38.81 38.88 38.92 38.85 38.8 38.85 38.76 38.61 38.72 38.78 38.86 38.9 38.95 39 39.06 39.03 39.01 39.02 39.02 39.05 39.02 39.04 39.09 39.08 39.04 39.02 39.01 39.01 39.02 39.07 39.11 39.07 39.06 39.07 39.05 39.05 39.05 39.08 39.09 39.18 39.19 39.16 39.2 39.27 39.24 39.16 39.19 39.21 39.2 39.18 39.18 39.21 39.25 39.31 39.29 39.3 39.31 39.26 39.16 39.2 39.25 39.16
38.75 38.77 38.83 38.81 38.85 38.83 38.84 38.83 38.83 38.78 38.8 38.9 38.9 38.8 38.82 38.84 38.81 38.85 38.9 38.88 38.79 38.85 38.81 38.63 38.66 38.71 38.83 38.88 38.88 38.92 39.01 39.02 38.99 39 38.99 39.05 39.02 39.05 39.1 39.1 39.13 39.09 39.03 39.03 39.01 39.03 39.11 39.09 39.06 39.07 39.07 39.04 39.04 39.05 39.12 39.19 39.2 39.18 39.17 39.23 39.21 39.16 39.2 39.16 39.16 39.16 39.2 39.2 39.23 39.32 39.3 39.3 39.29 39.27 39.19 39.21 39.25 39.21
38.77 38.74 38.79 38.83 38.82 38.8 38.85 38.85 38.85 38.81 38.81 38.87 38.92 38.86 38.83 38.83 38.85 38.86 38.88 38.87 38.8 38.82 38.82 38.72 38.64 38.66 38.78 38.85 38.84 38.87 38.95 39.01 38.99 39 39.01 39.03 39.02 39.05 39.07 39.07 39.13 39.13 39.08 39.06 39.03 39.02 39.06 39.07 39.05 39.08 39.08 39.07 39.07 39.08 39.12 39.13 39.16 39.21 39.17 39.24 39.22 39.17 39.2 39.18 39.17 39.19 39.25 39.21 39.2 39.27 39.3 39.29 39.28 39.27 39.26 39.23 39.24 39.26
38.75 38.73 38.76 38.81 38.81 38.81 38.87 38.86 38.85 38.83 38.82 38.87 38.94 38.91 38.84 38.8 38.86 38.87 38.85 38.87 38.86 38.84 38.8 38.8 38.69 38.69 38.73 38.8 38.83 38.84 38.91 39.02 39.01 39.03 39.04 39.01 38.96 39.04 39.07 39.07 39.07 39.09 39.07 39.07 39.04 39.03 39.05 39.07 39.05 39.06 39.05 39.11 39.09 39.1 39.13 39.12 39.13 39.21 39.21 39.19 39.19 39.19 39.19 39.21 39.21 39.24 39.28 39.25 39.21 39.21 39.28 39.28 39.28 39.26 39.26 39.23 39.23 39.27
38.72 38.75 38.77 38.83 38.83 38.81 38.85 38.86 38.81 38.83 38.84 38.88 38.9 38.88 38.83 38.78 38.82 38.84 38.81 38.86 38.95 38.91 38.8 38.79 38.74 38.7 38.69 38.76 38.84 38.84 38.92 39.08 39.04 39.05 39.08 39.02 38.96 39 39.03 39 39.04 39.04 39.02 38.98 38.98 39 39.08 39.1 39.06 39.04 39.05 39.11 39.1 39.11 39.14 39.07 39.09 39.18 39.23 39.14 39.15 39.17 39.19 39.21 39.24 39.27 39.29 39.28 39.22 39.21 39.24 39.25 39.28 39.24 39.24 39.21 39.21 39.26
38.75 38.81 38.81 38.85 38.88 38.82 38.82 38.85 38.79 38.81 38.85 38.89 38.86 38.86 38.84 38.81 38.77 38.78 38.78 38.8 38.97 38.96 38.85 38.76 38.77 38.7 38.66 38.81 38.87 38.84 38.91 39.05 39.05 39.07 39.14 39.05 38.95 38.96 38.98 38.98 38.98 38.97 39.02 38.95 38.95 38.98 39.01 39.06 39.07 39.04 39.02 39.08 39.07 39.07 39.11 39.05 39.09 39.16 39.23 39.17 39.15 39.16 39.19 39.19 39.22 39.26 39.31 39.28 39.18 39.2 39.19 39.24 39.28 39.22 39.24 39.23 39.23 39.2
38.8 38.87 38.85 38.82 38.86 38.79 38.79 38.81 38.81 38.81 38.82 38.89 38.89 38.89 38.88 38.85 38.74 38.76 38.79 38.72 38.89 38.89 38.85 38.77 38.77 38.71 38.63 38.76 38.85 38.83 38.86 39.01 39.06 39.07 39.17 39.1 39.04 38.97 38.98 38.97 38.97 38.98 39.05 38.95 38.95 38.97 39 39.07 39.1 39.07 39 39.06 39.05 39.05 39.09 39.09 39.11 39.14 39.21 39.21 39.17 39.18 39.19 39.18 39.2 39.27 39.31 39.27 39.18 39.21 39.19 39.25 39.28 39.23 39.22 39.25 39.22 39.15
38.78 38.86 38.86 38.76 38.79 38.78 38.78 38.77 38.83 38.83 38.81 38.88 38.91 38.88 38.87 38.91 38.81 38.79 38.81 38.76 38.86 38.84 38.8 38.76 38.77 38.72 38.63 38.72 38.82 38.85 38.85 38.96 39.06 39.08 39.17 39.15 39.09 38.98 39 38.99 39 39.01 39.06 38.99 38.97 38.95 38.99 39.06 39.08 39.07 38.99 39.04 39.04 39.07 39.09 39.11 39.12 39.11 39.19 39.19 39.18 39.17 39.16 39.17 39.2 39.26 39.24 39.25 39.23 39.23 39.18 39.2 39.27 39.27 39.23 39.25 39.25 39.18
38.75 38.79 38.8 38.73 38.75 38.78 38.81 38.8 38.86 38.85 38.83 38.85 38.87 38.87 38.87 38.95 38.88 38.83 38.82 38.86 38.84 38.83 38.85 38.8 38.78 38.75 38.66 38.68 38.78 38.82 38.86 38.9 38.97 39.06 39.12 39.13 39.08 38.99 38.99 39.01 39.02 39.03 39.08 39.05 39.03 38.97 38.97 39.03 39.03 39.04 39.01 39.04 39.05 39.09 39.08 39.09 39.12 39.11 39.15 39.15 39.13 39.12 39.12 39.14 39.19 39.22 39.24 39.23 39.23 39.21 39.2 39.2 39.24 39.23 39.23 39.24 39.25 39.2
38.77 38.77 38.78 38.74 38.72 38.75 38.85 38.84 38.88 38.88 38.85 38.8 38.81 38.82 38.83 38.87 38.86 38.83 38.8 38.88 38.84 38.83 38.87 38.88 38.84 38.82 38.73 38.65 38.7 38.77 38.84 38.88 38.92 39.02 39.06 39.08 39.06 39.01 38.97 39.01 39.02 39.04 39.1 39.07 39.05 38.99 38.99 39.03 39.01 39.05 39.07 39.05 39.04 39.07 39.04 39.05 39.13 39.13 39.1 39.11 39.14 39.17 39.13 39.13 39.16 39.18 39.21 39.21 39.26 39.23 39.19 39.19 39.22 39.24 39.24 39.24 39.26 39.24
38.77 38.78 38.8 38.82 38.78 38.79 38.9 38.88 38.88 38.89 38.88 38.83 38.78 38.78 38.81 38.82 38.84 38.84 38.78 38.88 38.82 38.78 38.83 38.91 38.86 38.81 38.79 38.68 38.67 38.73 38.85 38.89 38.9 38.98 39.04 39.04 39.06 39.06 38.99 38.99 39.01 39.06 39.08 39.03 39.04 39.02 39 38.98 38.99 39.06 39.07 39.04 39.01 39.02 39 39.03 39.09 39.12 39.06 39.1 39.14 39.2 39.17 39.18 39.17 39.19 39.19 39.21 39.26 39.24 39.16 39.16 39.19 39.22 39.23 39.24 39.24 39.26
38.78 38.77 38.77 38.83 38.83 38.79 38.85 38.9 38.84 38.86 38.85 38.8 38.77 38.77 38.79 38.81 38.89 38.89 38.83 38.86 38.83 38.77 38.81 38.92 38.87 38.82 38.85 38.75 38.71 38.7 38.83 38.9 38.89 38.95 39.02 39.06 39.07 39.07 39.01 38.97 38.98 39.06 39.04 39.05 39.08 39.06 38.96 38.97 38.99 39 39.03 39.03 39.03 39.01 39.04 39.05 39.05 39.09 39.1 39.11 39.14 39.19 39.18 39.18 39.17 39.19 39.16 39.18 39.25 39.24 39.18 39.15 39.17 39.21 39.21 39.26 39.22 39.27
38.77 38.75 38.74 38.81 38.89 38.82 38.79 38.87 38.85 38.84 38.81 38.81 38.78 38.78 38.81 38.85 38.93 38.95 38.88 38.83 38.83 38.81 38.79 38.86 38.84 38.86 38.88 38.81 38.76 38.66 38.75 38.92 38.9 38.95 38.98 39.07 39.09 39.07 39 38.97 38.98 39.05 39.06 39.05 39.05 39.08 39 38.99 39 38.94 38.95 38.97 39.04 39.01 38.99 39 39.03 39.1 39.14 39.12 39.15 39.18 39.16 39.17 39.17 39.14 39.12 39.14 39.22 39.24 39.21 39.17 39.19 39.19 39.19 39.25 39.21 39.24
38.72 38.74 38.73 38.77 38.88 38.87 38.8 38.84 38.81 38.82 38.82 38.87 38.81 38.8 38.82 38.84 38.87 38.92 38.92 38.86 38.85 38.86 38.8 38.8 38.84 38.88 38.86 38.82 38.79 38.65 38.69 38.88 38.92 38.94 38.93 39.06 39.09 39.05 39.04 39.01 39 39.02 39.07 39.07 39.08 39.11 39.05 39.03 39.02 38.99 38.98 38.98 39 39 38.98 39.01 39.04 39.06 39.14 39.12 39.12 39.17 39.15 39.17 39.15 39.12 39.11 39.14 39.18 39.22 39.21 39.2 39.21 39.15 39.15 39.21 39.22 39.2
38.71 38.74 38.76 38.77 38.84 38.85 38.81 38.83 38.86 38.84 38.83 38.9 38.84 38.81 38.8 38.85 38.84 38.86 38.93 38.87 38.85 38.87 38.84 38.82 38.89 38.94 38.84 38.83 38.83 38.67 38.63 38.77 38.86 38.88 38.92 39 39.05 39.01 39.06 39.05 39 38.99 39.05 39.07 39.08 39.08 39.07 39.05 39.02 39 39.01 39.01 39.02 39 38.99 39.02 39.04 39.06 39.12 39.09 39.05 39.13 39.14 39.18 39.12 39.14 39.15 39.17 39.16 39.21 39.2 39.2 39.21 39.17 39.15 39.19 39.25 39.22
38.69 38.71 38.76 38.76 38.77 38.8 38.83 38.84 38.86 38.82 38.8 38.85 38.86 38.82 38.8 38.89 38.88 38.85 38.84 38.83 38.82 38.82 38.84 38.81 38.88 38.97 38.84 38.85 38.87 38.75 38.6 38.7 38.79 38.91 38.92 38.96 39.02 39.01 39.05 39.05 38.99 38.97 39.02 39.06 39.07 39.06 39.05 39.03 39.01 39.01 39 39.02 39.05 39.07 38.99 39.02 39.01 39.04 39.06 39.03 39.01 39.1 39.14 39.19 39.12 39.16 39.18 39.19 39.18 39.23 39.22 39.22 39.2 39.15 39.13 39.17 39.27 39.28
38.69 38.68 38.71 38.72 38.72 38.76 38.85 38.81 38.79 38.77 38.78 38.79 38.82 38.79 38.75 38.86 38.86 38.83 38.79 38.82 38.83 38.82 38.84 38.78 38.82 38.93 38.89 38.8 38.82 38.8 38.64 38.65 38.74 38.88 38.86 38.91 39.02 39.05 39.07 39.07 39.04 38.98 38.99 39.04 39.03 39 39 38.99 38.97 39 38.98 39 39.06 39.1 39.03 39.01 38.97 38.98 38.98 38.98 39.01 39.1 39.13 39.19 39.18 39.18 39.2 39.19 39.17 39.2 39.22 39.24 39.21 39.13 39.12 39.15 39.23 39.24
38.71 38.67 38.67 38.68 38.69 38.74 38.85 38.77 38.75 38.74 38.77 38.77 38.77 38.77 38.73 38.8 38.83 38.84 38.8 38.87 38.88 38.86 38.86 38.8 38.8 38.86 38.9 38.83 38.81 38.8 38.7 38.67 38.68 38.85 38.89 38.89 38.97 39.06 39.09 39.08 39.03 38.96 38.97 39.01 39.02 38.99 39.01 38.99 38.95 38.99 38.99 38.99 39.06 39.07 39.06 38.99 38.97 38.97 38.96 38.93 39.01 39.07 39.11 39.18 39.22 39.21 39.21 39.17 39.16 39.15 39.17 39.21 39.18 39.12 39.14 39.15 39.21 39.21
38.73 38.7 38.68 38.69 38.7 38.71 38.83 38.79 38.75 38.73 38.78 38.76 38.75 38.77 38.77 38.76 38.81 38.83 38.77 38.91 38.93 38.88 38.82 38.83 38.82 38.86 38.82 38.82 38.82 38.81 38.77 38.7 38.65 38.83 38.95 38.92 38.94 39.01 39.06 39.06 39.02 38.97 38.94 38.95 39.01 39 39.03 39.01 38.99 39.02 39.02 39.01 39.05 39.05 39.04 38.98 38.97 39.04 39.03 38.97 39.04 39.11 39.11 39.15 39.2 39.21 39.2 39.14 39.14 39.17 39.17 39.19 39.18 39.18 39.19 39.16 39.18 39.2
38.72 38.75 38.71 38.72 38.72 38.7 38.8 38.84 38.8 38.74 38.79 38.78 38.73 38.76 38.82 38.73 38.78 38.83 38.78 38.89 38.93 38.88 38.8 38.87 38.86 38.82 38.83 38.85 38.85 38.81 38.79 38.72 38.63 38.76 38.93 38.9 38.92 38.94 39 39.01 39.01 38.99 38.95 38.93 38.99 38.99 39 38.98 39 39.04 39.03 39.02 39.05 39.03 39.03 39.01 38.95 39.08 39.06 39.02 39.06 39.12 39.12 39.14 39.17 39.22 39.18 39.12 39.1 39.16 39.14 39.16 39.19 39.21 39.22 39.19 39.16 39.18
38.71 38.78 38.76 38.76 38.75 38.73 38.78 38.89 38.85 38.79 38.76 38.77 38.74 38.76 38.86 38.77 38.76 38.79 38.81 38.84 38.85 38.84 38.79 38.83 38.88 38.81 38.85 38.87 38.86 38.81 38.8 38.76 38.65 38.68 38.83 38.83 38.91 38.91 38.94 38.97 39 38.99 39 38.97 38.96 38.97 38.97 38.96 38.97 39.01 39.02 39.02 39.01 39.02 39.06 39.12 39.03 39.03 39.05 39.05 39.06 39.14 39.14 39.11 39.16 39.18 39.15 39.13 39.13 39.14 39.13 39.17 39.2 39.21 39.21 39.19 39.14 39.14
38.72 38.77 38.77 38.75 38.72 38.71 38.76 38.81 38.82 38.83 38.74 38.73 38.71 38.71 38.84 38.83 38.78 38.75 38.78 38.78 38.8 38.82 38.8 38.81 38.87 38.84 38.87 38.88 38.87 38.82 38.79 38.78 38.7 38.62 38.73 38.78 38.88 38.87 38.88 38.94 39 39.03 39.06 39 38.88 38.94 38.94 38.95 38.97 39 39.01 39.02 39.02 39.05 39.08 39.15 39.13 39.01 39.03 39.05 39.03 39.13 39.11 39.1 39.15 39.17 39.17 39.18 39.14 39.12 39.14 39.18 39.14 39.16 39.19 39.15 39.13 39.11
38.72 38.75 38.73 38.73 38.71 38.73 38.72 38.79 38.84 38.84 38.73 38.72 38.7 38.69 38.85 38.86 38.78 38.71 38.75 38.76 38.79 38.82 38.82 38.82 38.82 38.88 38.87 38.89 38.88 38.84 38.78 38.78 38.77 38.62 38.69 38.74 38.81 38.81 38.83 38.91 39.01 39.08 39.07 38.97 38.86 38.9 38.93 38.95 38.98 39.06 39.07 39 39.02 39.02 39.04 39.13 39.16 39 39.02 39.06 39.03 39.08 39.06 39.11 39.1 39.11 39.16 39.19 39.16 39.14 39.17 39.18 39.13 39.14 39.16 39.13 39.13 39.11
38.69 38.68 38.65 38.73 38.71 38.73 38.71 38.73 38.79 38.85 38.74 38.72 38.7 38.71 38.77 38.77 38.73 38.7 38.72 38.72 38.78 38.82 38.84 38.84 38.77 38.86 38.85 38.84 38.86 38.84 38.81 38.79 38.82 38.7 38.64 38.7 38.81 38.82 38.84 38.9 38.98 39.06 39.05 38.98 38.91 38.92 38.95 38.97 38.99 39.06 39.1 39.06 39.01 39.01 39.01 39.09 39.14 39.03 39.03 39.05 39.07 39.07 39.06 39.13 39.09 39.08 39.13 39.15 39.18 39.17 39.18 39.16 39.17 39.15 39.15 39.16 39.15 39.14
38.67 38.65 38.66 38.73 38.72 38.72 38.7 38.7 38.75 38.87 38.78 38.75 38.71 38.78 38.72 38.7 38.68 38.7 38.67 38.69 38.75 38.8 38.83 38.84 38.79 38.79 38.82 38.82 38.81 38.84 38.82 38.78 38.79 38.75 38.63 38.62 38.74 38.81 38.83 38.88 38.94 39.02 39.03 38.99 38.93 38.9 38.92 39 39.02 39.03 39.09 39.13 39.06 39.04 39.01 39.02 39.07 39.05 39.03 39.04 39.08 39.07 39.04 39.08 39.12 39.09 39.11 39.14 39.2 39.19 39.12 39.14 39.15 39.15 39.17 39.17 39.14 39.17
38.67 38.65 38.69 38.76 38.76 38.73 38.68 38.67 38.7 38.79 38.75 38.74 38.71 38.8 38.75 38.72 38.7 38.73 38.68 38.7 38.74 38.82 38.8 38.82 38.82 38.74 38.78 38.81 38.81 38.9 38.9 38.82 38.76 38.81 38.73 38.6 38.7 38.76 38.78 38.84 38.92 39.02 39.04 39.03 38.95 38.87 38.89 39.01 39.03 39.01 39.08 39.14 39.06 39.01 38.99 38.99 39.03 39.05 39.06 39.05 39.04 39.06 39.02 39.02 39.11 39.07 39.09 39.17 39.22 39.2 39.12 39.16 39.17 39.16 39.17 39.15 39.17 39.19
38.67 38.68 38.7 38.78 38.8 38.74 38.68 38.68 38.68 38.69 38.7 38.72 38.71 38.73 38.77 38.74 38.72 38.82 38.73 38.71 38.74 38.84 38.77 38.78 38.84 38.78 38.77 38.81 38.82 38.89 38.91 38.88 38.77 38.8 38.74 38.6 38.66 38.76 38.78 38.84 38.88 39.03 39.02 39.01 38.98 38.91 38.9 38.97 39.01 39.01 39.05 39.09 39.01 38.97 38.97 38.98 39.02 39.05 39.1 39.08 39 39.05 39.07 39.06 39.04 39.02 39.07 39.21 39.22 39.2 39.18 39.21 39.18 39.15 39.18 39.19 39.18 39.17
