slabs/75.grd
DSAA
631 301
646410 647040
4947200 4947500
31.8 44.43
[rows 70 to 104 of 300, columns 390 to 467 of 631]
38.78 38.83 38.85 38.81 38.81 38.86 38.94 38.97 39.07 39.16 39.2 39.18 39.09 39.04 39.19 39.21 39.19 39.14 39.11 39.12 39.18 39.22 39.2 39.19 39.19 39.21 39.28 39.3 39.31 39.31 39.27 39.22 39.25 39.22 39.24 39.3 39.32 39.29 39.3 39.29 39.32 39.35 39.34 39.26 39.24 39.26 39.27 39.32 39.4 39.44 39.45 39.49 39.44 39.47 39.54 39.53 39.44 39.44 39.5 39.6 39.6 39.6 39.61 39.67 39.65 39.64 39.65 39.69 39.78 39.78 39.76 39.81 39.78 39.76 39.76 39.71 39.7 39.74
38.82 38.83 38.81 38.81 38.83 38.85 38.96 38.99 39.07 39.17 39.25 39.22 39.12 39.02 39.14 39.16 39.18 39.16 39.18 39.18 39.18 39.23 39.2 39.19 39.13 39.14 39.19 39.28 39.31 39.3 39.27 39.25 39.29 39.24 39.24 39.3 39.31 39.26 39.28 39.28 39.31 39.34 39.35 39.29 39.23 39.28 39.29 39.31 39.41 39.44 39.46 39.47 39.42 39.45 39.53 39.56 39.46 39.46 39.51 39.59 39.6 39.62 39.66 39.64 39.63 39.64 39.69 39.69 39.74 39.73 39.7 39.73 39.73 39.75 39.78 39.73 39.72 39.72
38.83 38.81 38.78 38.8 38.87 38.85 38.97 39 39.08 39.14 39.22 39.2 39.15 39.13 39.15 39.16 39.18 39.17 39.2 39.21 39.22 39.22 39.21 39.2 39.14 39.1 39.14 39.27 39.29 39.27 39.26 39.25 39.28 39.22 39.23 39.27 39.32 39.28 39.27 39.26 39.3 39.34 39.36 39.33 39.27 39.31 39.32 39.29 39.38 39.42 39.46 39.46 39.43 39.46 39.54 39.54 39.46 39.45 39.5 39.53 39.54 39.59 39.68 39.64 39.62 39.63 39.63 39.58 39.69 39.72 39.72 39.73 39.73 39.74 39.75 39.74 39.75 39.73
38.82 38.76 38.76 38.8 38.9 38.92 38.95 38.99 39.11 39.15 39.2 39.17 39.17 39.18 39.2 39.2 39.19 39.17 39.19 39.19 39.19 39.17 39.18 39.21 39.18 39.12 39.17 39.27 39.27 39.26 39.24 39.23 39.24 39.15 39.19 39.24 39.32 39.31 39.29 39.26 39.31 39.34 39.34 39.34 39.32 39.33 39.31 39.29 39.35 39.4 39.48 39.49 39.48 39.49 39.49 39.51 39.49 39.47 39.47 39.47 39.5 39.55 39.66 39.66 39.62 39.62 39.63 39.61 39.65 39.7 39.73 39.74 39.75 39.76 39.74 39.72 39.73 39.75
38.8 38.73 38.71 38.78 38.89 38.91 38.96 39 39.11 39.16 39.18 39.17 39.14 39.18 39.22 39.19 39.15 39.19 39.19 39.15 39.17 39.17 39.18 39.19 39.23 39.16 39.19 39.26 39.26 39.25 39.23 39.24 39.25 39.14 39.18 39.23 39.3 39.33 39.31 39.3 39.32 39.32 39.34 39.38 39.38 39.38 39.34 39.32 39.37 39.41 39.49 39.51 39.5 39.51 39.51 39.5 39.54 39.51 39.46 39.45 39.47 39.49 39.57 39.67 39.68 39.66 39.62 39.62 39.63 39.68 39.75 39.76 39.77 39.77 39.75 39.7 39.71 39.75
38.75 38.72 38.73 38.78 38.87 38.98 39.01 39.03 39.08 39.18 39.25 39.23 39.18 39.18 39.2 39.16 39.16 39.21 39.17 39.14 39.16 39.19 39.19 39.18 39.23 39.17 39.19 39.23 39.26 39.25 39.24 39.27 39.29 39.23 39.23 39.24 39.3 39.35 39.31 39.3 39.32 39.31 39.32 39.4 39.39 39.4 39.36 39.38 39.43 39.43 39.46 39.5 39.5 39.5 39.46 39.49 39.55 39.53 39.47 39.48 39.48 39.5 39.56 39.67 39.69 39.68 39.64 39.61 39.61 39.64 39.76 39.82 39.79 39.75 39.74 39.72 39.72 39.73
38.74 38.73 38.72 38.78 38.87 39.04 39.06 39.06 39.06 39.12 39.25 39.24 39.19 39.16 39.16 39.14 39.17 39.19 39.15 39.16 39.2 39.2 39.19 39.22 39.23 39.17 39.17 39.17 39.23 39.24 39.24 39.29 39.33 39.31 39.28 39.29 39.32 39.35 39.36 39.33 39.31 39.32 39.35 39.37 39.37 39.37 39.36 39.35 39.39 39.41 39.46 39.51 39.45 39.45 39.44 39.44 39.49 39.5 39.48 39.48 39.49 39.5 39.55 39.62 39.65 39.68 39.67 39.62 39.62 39.63 39.73 39.83 39.8 39.72 39.7 39.72 39.73 39.74
38.72 38.71 38.69 38.74 38.88 39.08 39.11 39.09 39.06 39.1 39.18 39.21 39.15 39.14 39.15 39.16 39.17 39.14 39.13 39.17 39.24 39.21 39.2 39.22 39.24 39.18 39.15 39.13 39.19 39.22 39.23 39.32 39.36 39.33 39.28 39.31 39.3 39.34 39.37 39.37 39.32 39.32 39.34 39.35 39.3 39.3 39.33 39.33 39.4 39.42 39.44 39.49 39.41 39.4 39.41 39.4 39.45 39.51 39.52 39.51 39.51 39.51 39.53 39.59 39.62 39.68 39.67 39.63 39.64 39.66 39.71 39.8 39.8 39.71 39.66 39.68 39.71 39.72
38.74 38.71 38.7 38.75 38.9 39.08 39.1 39.11 39.07 39.09 39.11 39.15 39.12 39.12 39.13 39.17 39.17 39.11 39.12 39.12 39.2 39.2 39.18 39.19 39.2 39.2 39.18 39.15 39.17 39.21 39.25 39.33 39.34 39.33 39.3 39.28 39.25 39.27 39.31 39.38 39.33 39.3 39.3 39.32 39.33 39.31 39.31 39.34 39.38 39.41 39.44 39.47 39.42 39.4 39.41 39.42 39.46 39.53 39.54 39.53 39.53 39.52 39.54 39.56 39.58 39.64 39.64 39.61 39.62 39.65 39.72 39.77 39.77 39.73 39.68 39.68 39.71 39.67
38.76 38.75 38.79 38.86 38.93 39.05 39.08 39.11 39.06 39.05 39.06 39.09 39.1 39.1 39.1 39.15 39.2 39.11 39.1 39.09 39.14 39.18 39.16 39.15 39.2 39.22 39.23 39.18 39.13 39.16 39.22 39.29 39.32 39.33 39.31 39.24 39.19 39.22 39.28 39.35 39.33 39.31 39.3 39.29 39.29 39.3 39.33 39.35 39.37 39.4 39.4 39.41 39.4 39.42 39.46 39.46 39.5 39.54 39.54 39.52 39.52 39.53 39.53 39.5 39.52 39.59 39.63 39.62 39.61 39.61 39.68 39.69 39.71 39.79 39.73 39.72 39.71 39.68
38.74 38.78 38.84 38.93 38.96 39.06 39.09 39.1 39.06 39.04 39.02 39.04 39.1 39.09 39.1 39.13 39.19 39.09 39.09 39.09 39.12 39.12 39.13 39.15 39.17 39.18 39.2 39.21 39.17 39.17 39.21 39.29 39.3 39.32 39.31 39.27 39.25 39.28 39.3 39.33 39.32 39.32 39.31 39.26 39.27 39.31 39.34 39.36 39.35 39.37 39.34 39.36 39.35 39.42 39.47 39.49 39.5 39.52 39.55 39.53 39.54 39.53 39.5 39.46 39.5 39.58 39.66 39.69 39.63 39.61 39.63 39.62 39.67 39.8 39.71 39.72 39.75 39.75
38.72 38.79 38.84 38.94 38.98 39.07 39.09 39.09 39.09 39.06 39.03 39.02 39.09 39.12 39.12 39.1 39.12 39.07 39.07 39.08 39.13 39.16 39.19 39.16 39.15 39.14 39.15 39.2 39.2 39.19 39.22 39.27 39.28 39.3 39.33 39.31 39.29 39.31 39.29 39.29 39.31 39.35 39.35 39.29 39.27 39.28 39.31 39.35 39.34 39.34 39.32 39.34 39.35 39.39 39.42 39.49 39.49 39.49 39.52 39.53 39.55 39.51 39.49 39.45 39.51 39.58 39.64 39.64 39.6 39.63 39.63 39.66 39.73 39.8 39.77 39.76 39.76 39.8
38.76 38.8 38.86 38.96 39.01 39.07 39.08 39.09 39.09 39.04 39.06 39.08 39.07 39.09 39.08 39.07 39.06 39.03 39.1 39.1 39.12 39.14 39.19 39.17 39.17 39.17 39.18 39.23 39.25 39.2 39.21 39.26 39.26 39.3 39.34 39.33 39.3 39.31 39.24 39.26 39.31 39.37 39.37 39.3 39.29 39.26 39.3 39.35 39.34 39.34 39.33 39.34 39.34 39.35 39.41 39.45 39.46 39.45 39.47 39.48 39.52 39.53 39.49 39.44 39.48 39.57 39.61 39.62 39.64 39.64 39.64 39.65 39.66 39.75 39.78 39.76 39.72 39.79
38.78 38.81 38.87 38.98 39.04 39.03 39.04 39.07 39.07 39.03 39.03 39.07 39.11 39.08 39.08 39.07 39.02 39.05 39.16 39.19 39.14 39.16 39.2 39.2 39.18 39.17 39.18 39.27 39.27 39.23 39.21 39.22 39.26 39.28 39.33 39.34 39.33 39.3 39.2 39.2 39.26 39.33 39.35 39.29 39.29 39.29 39.34 39.37 39.36 39.34 39.29 39.35 39.32 39.33 39.42 39.48 39.45 39.45 39.51 39.53 39.53 39.52 39.5 39.48 39.49 39.56 39.57 39.59 39.65 39.65 39.61 39.61 39.63 39.7 39.77 39.75 39.71 39.77
38.76 38.84 38.87 39.01 39.09 39.04 39.05 39.11 39.11 39.07 39.05 39.06 39.09 39.08 39.09 39.07 39.02 39.07 39.2 39.24 39.16 39.17 39.19 39.21 39.2 39.19 39.18 39.25 39.26 39.25 39.23 39.19 39.26 39.28 39.32 39.35 39.35 39.3 39.17 39.11 39.15 39.28 39.33 39.31 39.28 39.27 39.31 39.38 39.38 39.4 39.33 39.37 39.34 39.36 39.42 39.47 39.44 39.43 39.49 39.53 39.55 39.54 39.52 39.5 39.51 39.53 39.52 39.53 39.64 39.63 39.58 39.57 39.62 39.68 39.74 39.75 39.76 39.75
38.75 38.88 38.92 39.02 39.11 39.14 39.11 39.12 39.11 39.1 39.07 39.01 39 39.03 39.09 39.09 39.06 39.09 39.21 39.22 39.16 39.16 39.15 39.17 39.19 39.17 39.18 39.23 39.24 39.26 39.26 39.19 39.25 39.28 39.33 39.34 39.34 39.31 39.2 39.14 39.17 39.27 39.36 39.36 39.33 39.28 39.31 39.36 39.36 39.37 39.34 39.35 39.32 39.34 39.4 39.45 39.45 39.44 39.45 39.5 39.55 39.53 39.51 39.48 39.48 39.51 39.52 39.53 39.58 39.61 39.58 39.58 39.6 39.66 39.71 39.74 39.77 39.72
38.77 38.86 38.89 38.98 39.09 39.14 39.11 39.08 39.08 39.08 39.06 39.02 38.99 39.01 39.05 39.08 39.09 39.11 39.18 39.17 39.14 39.13 39.12 39.15 39.18 39.15 39.19 39.25 39.23 39.24 39.26 39.17 39.22 39.28 39.31 39.31 39.34 39.35 39.26 39.25 39.26 39.27 39.36 39.41 39.37 39.3 39.3 39.29 39.32 39.35 39.35 39.36 39.33 39.34 39.38 39.4 39.4 39.38 39.42 39.47 39.55 39.53 39.53 39.49 39.46 39.48 39.57 39.57 39.54 39.58 39.6 39.59 39.58 39.63 39.67 39.71 39.72 39.68
38.83 38.9 38.93 39.01 39.1 39.12 39.1 39.05 39.05 39.05 39.06 39.04 39.02 39.01 39.01 39.04 39.09 39.11 39.14 39.13 39.13 39.12 39.13 39.17 39.19 39.17 39.21 39.22 39.21 39.24 39.24 39.21 39.21 39.28 39.31 39.33 39.34 39.33 39.23 39.25 39.25 39.24 39.31 39.4 39.38 39.3 39.24 39.19 39.24 39.3 39.33 39.34 39.34 39.36 39.38 39.38 39.39 39.39 39.43 39.47 39.54 39.54 39.53 39.51 39.47 39.48 39.59 39.59 39.53 39.57 39.6 39.6 39.59 39.63 39.63 39.65 39.67 39.67
38.91 38.95 38.96 39 39.08 39.09 39.09 39.02 39 39.01 39.04 39.06 39.04 39.03 39.01 38.98 39.04 39.08 39.13 39.12 39.13 39.13 39.18 39.18 39.18 39.19 39.23 39.17 39.18 39.21 39.22 39.24 39.22 39.24 39.3 39.3 39.32 39.33 39.27 39.25 39.24 39.21 39.29 39.37 39.38 39.34 39.24 39.16 39.21 39.28 39.31 39.32 39.31 39.36 39.36 39.36 39.38 39.43 39.45 39.47 39.51 39.52 39.52 39.51 39.47 39.51 39.59 39.58 39.51 39.57 39.62 39.62 39.61 39.6 39.6 39.61 39.63 39.66
38.92 38.94 38.99 38.99 39.05 39.06 39.08 39.03 38.99 38.99 39 39.05 39.05 39.04 39 38.95 38.96 39.03 39.12 39.14 39.15 39.15 39.2 39.19 39.2 39.23 39.23 39.17 39.16 39.17 39.2 39.21 39.22 39.23 39.27 39.28 39.3 39.31 39.28 39.27 39.27 39.24 39.2 39.29 39.33 39.35 39.26 39.23 39.25 39.3 39.31 39.31 39.32 39.33 39.32 39.32 39.32 39.41 39.46 39.47 39.49 39.49 39.5 39.5 39.47 39.51 39.59 39.57 39.51 39.54 39.6 39.61 39.61 39.56 39.55 39.57 39.63 39.68
38.92 38.95 39.02 39.03 39.07 39.08 39.08 39.06 39.02 39 38.97 39.02 39.05 39.04 39.02 38.97 38.91 39.01 39.16 39.2 39.21 39.21 39.2 39.18 39.21 39.26 39.26 39.21 39.18 39.18 39.18 39.17 39.2 39.24 39.31 39.29 39.29 39.33 39.34 39.32 39.3 39.26 39.17 39.23 39.31 39.36 39.31 39.33 39.32 39.3 39.33 39.33 39.33 39.32 39.31 39.29 39.28 39.34 39.43 39.45 39.51 39.51 39.51 39.51 39.48 39.46 39.53 39.54 39.53 39.53 39.51 39.53 39.57 39.53 39.51 39.55 39.62 39.67
38.96 38.99 39.04 39.07 39.09 39.1 39.1 39.05 39.01 39 38.97 39.01 39.05 39.03 39.02 39.02 38.98 39.03 39.16 39.15 39.16 39.19 39.19 39.17 39.18 39.25 39.25 39.2 39.16 39.16 39.17 39.15 39.21 39.24 39.29 39.3 39.3 39.34 39.37 39.34 39.32 39.25 39.2 39.22 39.3 39.39 39.38 39.4 39.37 39.3 39.35 39.35 39.37 39.34 39.32 39.31 39.29 39.32 39.37 39.41 39.51 39.51 39.52 39.54 39.52 39.44 39.46 39.52 39.54 39.57 39.56 39.56 39.56 39.49 39.52 39.58 39.58 39.59
38.97 39 39.04 39.06 39.09 39.1 39.1 39.07 39.03 39.01 38.95 39.02 39.09 39.07 39.07 39.05 39.03 39.04 39.14 39.15 39.16 39.19 39.16 39.12 39.14 39.2 39.24 39.2 39.16 39.18 39.19 39.18 39.23 39.24 39.24 39.3 39.3 39.33 39.36 39.36 39.35 39.26 39.24 39.25 39.3 39.36 39.41 39.41 39.37 39.34 39.33 39.35 39.41 39.33 39.3 39.3 39.29 39.33 39.36 39.39 39.45 39.45 39.5 39.53 39.55 39.49 39.49 39.51 39.57 39.63 39.61 39.57 39.56 39.51 39.53 39.58 39.56 39.57
38.96 38.99 39.02 39.04 39.04 39.08 39.11 39.09 39.04 39 38.98 39.04 39.05 39.06 39.08 39.06 39.06 39.07 39.12 39.13 39.14 39.16 39.13 39.11 39.14 39.21 39.27 39.23 39.2 39.21 39.19 39.22 39.25 39.25 39.2 39.25 39.27 39.29 39.33 39.34 39.36 39.3 39.27 39.27 39.3 39.33 39.39 39.4 39.34 39.32 39.3 39.32 39.37 39.35 39.32 39.3 39.28 39.34 39.4 39.46 39.52 39.5 39.51 39.53 39.54 39.49 39.49 39.52 39.6 39.61 39.59 39.56 39.55 39.54 39.53 39.54 39.57 39.59
38.93 38.96 38.99 38.97 38.98 39.02 39.07 39.08 39.05 39.03 39 38.99 38.99 39.02 39.07 39.09 39.09 39.12 39.12 39.12 39.14 39.17 39.16 39.17 39.18 39.22 39.27 39.26 39.24 39.23 39.21 39.23 39.25 39.24 39.21 39.22 39.23 39.26 39.28 39.31 39.34 39.3 39.25 39.26 39.27 39.29 39.36 39.38 39.36 39.31 39.29 39.31 39.35 39.4 39.39 39.35 39.34 39.36 39.38 39.46 39.48 39.45 39.46 39.49 39.52 39.54 39.51 39.53 39.58 39.6 39.58 39.56 39.54 39.52 39.52 39.52 39.56 39.61
38.9 38.95 39.01 39.01 39.09 39.09 39.09 39.07 39.05 39.06 39.04 39.02 39.01 39 39.08 39.11 39.1 39.09 39.07 39.08 39.14 39.21 39.19 39.2 39.2 39.21 39.24 39.27 39.26 39.22 39.22 39.21 39.23 39.21 39.25 39.24 39.22 39.25 39.27 39.29 39.33 39.27 39.21 39.2 39.22 39.25 39.28 39.32 39.4 39.34 39.32 39.32 39.39 39.43 39.39 39.31 39.33 39.41 39.41 39.43 39.49 39.48 39.48 39.51 39.56 39.54 39.53 39.55 39.59 39.59 39.58 39.56 39.56 39.52 39.53 39.53 39.56 39.61
38.9 38.94 39.01 39.04 39.13 39.13 39.11 39.08 39.07 39.06 39.06 39.07 39.04 39.03 39.09 39.13 39.1 39.08 39.05 39.05 39.12 39.23 39.19 39.19 39.2 39.2 39.2 39.23 39.27 39.19 39.17 39.17 39.22 39.25 39.26 39.27 39.26 39.27 39.25 39.27 39.36 39.31 39.22 39.19 39.2 39.23 39.28 39.32 39.41 39.34 39.31 39.31 39.35 39.37 39.34 39.3 39.29 39.39 39.4 39.42 39.47 39.47 39.46 39.52 39.6 39.54 39.55 39.56 39.62 39.59 39.58 39.58 39.57 39.55 39.55 39.52 39.53 39.58
38.89 38.94 39.02 39.06 39.1 39.12 39.09 39.06 39.06 39.06 39.08 39.09 39.05 39.03 39.08 39.12 39.12 39.13 39.1 39.08 39.12 39.2 39.18 39.2 39.19 39.16 39.15 39.2 39.27 39.2 39.13 39.15 39.22 39.24 39.24 39.26 39.26 39.27 39.23 39.26 39.33 39.37 39.27 39.24 39.21 39.22 39.28 39.32 39.36 39.34 39.34 39.34 39.33 39.36 39.35 39.32 39.28 39.33 39.36 39.39 39.43 39.46 39.47 39.51 39.58 39.55 39.56 39.54 39.59 39.58 39.57 39.58 39.57 39.57 39.54 39.5 39.47 39.54
38.83 38.86 38.98 39.03 39.06 39.11 39.06 39.04 39.05 39.07 39.09 39.07 39.03 39.03 39.06 39.13 39.14 39.15 39.13 39.12 39.12 39.13 39.16 39.17 39.15 39.11 39.13 39.16 39.24 39.24 39.2 39.21 39.25 39.26 39.27 39.26 39.27 39.25 39.21 39.24 39.33 39.37 39.31 39.28 39.25 39.21 39.24 39.33 39.35 39.34 39.36 39.34 39.27 39.3 39.32 39.31 39.27 39.28 39.34 39.39 39.41 39.47 39.49 39.48 39.48 39.51 39.54 39.51 39.52 39.54 39.55 39.58 39.6 39.59 39.54 39.51 39.49 39.56
38.83 38.85 38.94 39.01 39.04 39.08 39.01 39.01 39.02 39.05 39.08 39.05 39.03 39.05 39.07 39.13 39.15 39.15 39.09 39.09 39.08 39.11 39.17 39.17 39.15 39.16 39.17 39.16 39.18 39.23 39.26 39.27 39.29 39.25 39.27 39.26 39.25 39.2 39.2 39.24 39.33 39.36 39.34 39.33 39.31 39.24 39.24 39.31 39.34 39.36 39.36 39.35 39.27 39.27 39.29 39.3 39.28 39.3 39.35 39.4 39.41 39.45 39.48 39.49 39.41 39.46 39.51 39.48 39.53 39.53 39.55 39.58 39.57 39.59 39.57 39.57 39.51 39.54
38.88 38.88 38.94 39.03 39.05 39.03 38.97 38.97 39.01 39.05 39.07 39.07 39.07 39.08 39.06 39.09 39.13 39.15 39.11 39.1 39.08 39.1 39.18 39.19 39.19 39.2 39.22 39.21 39.22 39.24 39.28 39.28 39.26 39.22 39.24 39.23 39.23 39.19 39.2 39.2 39.31 39.36 39.37 39.38 39.34 39.26 39.23 39.27 39.37 39.39 39.39 39.36 39.33 39.3 39.3 39.32 39.33 39.36 39.38 39.39 39.41 39.42 39.46 39.52 39.47 39.48 39.5 39.48 39.54 39.57 39.6 39.55 39.6 39.6 39.58 39.58 39.57 39.57
38.92 38.89 38.96 39.03 39.03 39 39 39 39.03 39.07 39.08 39.08 39.09 39.1 39.04 39.03 39.1 39.17 39.14 39.1 39.04 39.04 39.12 39.14 39.16 39.17 39.22 39.22 39.22 39.25 39.3 39.3 39.26 39.18 39.18 39.2 39.23 39.23 39.23 39.23 39.3 39.35 39.34 39.37 39.34 39.29 39.24 39.23 39.36 39.39 39.4 39.39 39.37 39.32 39.32 39.34 39.37 39.41 39.38 39.35 39.38 39.4 39.45 39.51 39.47 39.47 39.46 39.44 39.5 39.54 39.59 39.53 39.52 39.52 39.54 39.57 39.58 39.58
38.91 38.92 38.93 38.98 39 38.99 39.03 39.06 39.07 39.09 39.06 39.1 39.11 39.1 39.05 39.03 39.05 39.14 39.13 39.1 39.02 39.02 39.1 39.11 39.13 39.15 39.17 39.18 39.19 39.23 39.29 39.3 39.25 39.15 39.15 39.18 39.23 39.26 39.26 39.27 39.29 39.33 39.31 39.33 39.34 39.34 39.29 39.25 39.3 39.31 39.34 39.39 39.4 39.35 39.33 39.34 39.37 39.39 39.37 39.31 39.33 39.36 39.42 39.48 39.52 39.53 39.51 39.5 39.52 39.54 39.59 39.57 39.54 39.53 39.56 39.62 39.6 39.56
38.92 38.92 38.95 38.94 38.97 39.02 39.02 39.04 39.04 39.08 39.09 39.09 39.1 39.08 39.06 39.06 39.03 39.11 39.13 39.12 39.06 39.03 39.07 39.08 39.1 39.12 39.14 39.12 39.15 39.21 39.27 39.29 39.25 39.17 39.17 39.19 39.24 39.28 39.29 39.27 39.26 39.3 39.3 39.31 39.34 39.37 39.34 39.31 39.28 39.26 39.29 39.33 39.36 39.33 39.31 39.27 39.31 39.34 39.39 39.34 39.3 39.31 39.36 39.45 39.5 39.52 39.55 39.54 39.53 39.54 39.59 39.59 39.55 39.54 39.56 39.62 39.58 39.55
38.94 38.92 38.95 38.95 38.94 38.97 38.97 38.98 38.98 39.01 39.06 39.08 39.13 39.09 39.05 39.07 39.07 39.08 39.15 39.14 39.11 39.04 39.05 39.06 39.1 39.1 39.12 39.14 39.16 39.22 39.26 39.29 39.28 39.21 39.21 39.2 39.24 39.29 39.29 39.27 39.22 39.25 39.27 39.32 39.37 39.4 39.39 39.36 39.31 39.31 39.31 39.33 39.37 39.34 39.31 39.28 39.32 39.33 39.35 39.34 39.31 39.32 39.37 39.43 39.48 39.5 39.54 39.51 39.52 39.53 39.58 39.58 39.57 39.56 39.55 39.58 39.54 39.55
