slabs/75.grd
DSAA
631 301
646410 647040
4947200 4947500
31.8 44.43
[rows 245 to 279 of 300, columns 78 to 155 of 631]
38.82 38.83 38.84 38.83 38.83 38.8 38.76 38.75 38.74 38.74 38.74 38.74 38.74 38.73 38.71 38.7 38.69 38.68 38.7 38.72 38.73 38.74 38.74 38.72 38.72 38.7 38.67 38.67 38.68 38.67 38.63 38.61 38.56 38.43 38.2 38.01 38.07 38.26 38.46 38.6 38.73 38.75 38.75 38.77 38.82 38.86 38.88 38.88 38.87 38.86 38.85 38.86 38.87 38.87 38.89 38.89 38.88 38.87 38.89 38.91 38.92 38.92 38.92 38.92 38.9 38.88 38.9 38.92 38.91 38.89 38.88 38.88 38.88 38.89 38.88 38.86 38.83 38.81
38.79 38.81 38.83 38.82 38.81 38.8 38.77 38.75 38.73 38.73 38.75 38.75 38.75 38.73 38.72 38.71 38.7 38.7 38.72 38.73 38.73 38.73 38.71 38.7 38.69 38.67 38.65 38.65 38.65 38.62 38.53 38.49 38.4 38.28 38.22 38.21 38.37 38.56 38.69 38.72 38.76 38.78 38.77 38.79 38.83 38.87 38.88 38.88 38.87 38.86 38.85 38.86 38.86 38.84 38.85 38.87 38.89 38.88 38.9 38.91 38.92 38.94 38.94 38.93 38.9 38.87 38.89 38.91 38.9 38.89 38.88 38.86 38.86 38.86 38.85 38.85 38.85 38.84
38.82 38.82 38.81 38.8 38.8 38.78 38.75 38.75 38.74 38.73 38.73 38.74 38.74 38.72 38.71 38.71 38.71 38.72 38.72 38.72 38.71 38.68 38.68 38.68 38.66 38.64 38.63 38.63 38.62 38.48 38.23 38.15 38.19 38.33 38.48 38.6 38.7 38.72 38.74 38.76 38.77 38.78 38.78 38.8 38.83 38.87 38.88 38.87 38.85 38.85 38.86 38.86 38.83 38.82 38.84 38.87 38.9 38.9 38.91 38.93 38.93 38.95 38.95 38.93 38.89 38.87 38.88 38.89 38.88 38.87 38.86 38.85 38.86 38.84 38.84 38.85 38.88 38.87
38.84 38.82 38.8 38.79 38.79 38.77 38.75 38.75 38.75 38.74 38.74 38.73 38.73 38.71 38.71 38.72 38.72 38.72 38.71 38.69 38.67 38.64 38.64 38.63 38.6 38.59 38.62 38.65 38.63 38.4 38.07 38.04 38.26 38.53 38.62 38.66 38.71 38.74 38.76 38.78 38.79 38.79 38.81 38.82 38.84 38.86 38.86 38.85 38.83 38.82 38.83 38.84 38.83 38.84 38.85 38.88 38.89 38.89 38.9 38.92 38.93 38.93 38.93 38.93 38.91 38.9 38.9 38.9 38.89 38.88 38.87 38.85 38.86 38.86 38.86 38.87 38.88 38.88
38.84 38.82 38.81 38.8 38.79 38.77 38.76 38.75 38.76 38.75 38.74 38.73 38.72 38.72 38.73 38.73 38.72 38.7 38.67 38.66 38.64 38.62 38.6 38.59 38.55 38.52 38.56 38.64 38.69 38.58 38.41 38.44 38.58 38.65 38.68 38.71 38.75 38.78 38.81 38.81 38.81 38.82 38.83 38.84 38.86 38.84 38.83 38.84 38.83 38.8 38.82 38.86 38.85 38.85 38.86 38.88 38.89 38.89 38.89 38.9 38.92 38.93 38.92 38.93 38.93 38.93 38.91 38.89 38.89 38.88 38.88 38.86 38.85 38.87 38.88 38.88 38.89 38.87
38.83 38.82 38.8 38.79 38.78 38.77 38.77 38.76 38.76 38.74 38.73 38.73 38.72 38.72 38.71 38.7 38.68 38.65 38.62 38.61 38.61 38.6 38.57 38.55 38.45 38.31 38.28 38.47 38.74 38.75 38.71 38.7 38.7 38.7 38.73 38.75 38.78 38.82 38.85 38.85 38.84 38.85 38.86 38.86 38.84 38.82 38.81 38.83 38.83 38.81 38.82 38.87 38.87 38.86 38.87 38.88 38.88 38.89 38.89 38.9 38.92 38.93 38.93 38.93 38.92 38.91 38.9 38.88 38.88 38.88 38.88 38.88 38.86 38.86 38.86 38.88 38.9 38.89
38.82 38.81 38.79 38.78 38.78 38.77 38.77 38.76 38.75 38.73 38.72 38.72 38.71 38.68 38.65 38.63 38.61 38.59 38.58 38.59 38.59 38.56 38.51 38.43 38.18 37.95 37.96 38.29 38.73 38.74 38.71 38.71 38.73 38.75 38.77 38.78 38.8 38.83 38.87 38.87 38.85 38.85 38.86 38.85 38.82 38.81 38.81 38.82 38.82 38.83 38.83 38.86 38.87 38.85 38.86 38.88 38.88 38.87 38.88 38.9 38.92 38.93 38.93 38.93 38.92 38.9 38.9 38.89 38.89 38.9 38.9 38.87 38.85 38.84 38.84 38.87 38.89 38.89
38.81 38.8 38.79 38.77 38.77 38.77 38.77 38.76 38.75 38.74 38.72 38.69 38.68 38.65 38.61 38.59 38.57 38.56 38.56 38.57 38.58 38.52 38.39 38.2 37.9 37.91 38.14 38.41 38.72 38.72 38.71 38.73 38.75 38.77 38.8 38.81 38.83 38.86 38.89 38.89 38.86 38.83 38.82 38.82 38.81 38.81 38.81 38.82 38.83 38.85 38.84 38.85 38.86 38.85 38.86 38.87 38.87 38.88 38.87 38.89 38.92 38.94 38.94 38.94 38.94 38.92 38.91 38.89 38.88 38.9 38.9 38.88 38.85 38.84 38.85 38.85 38.85 38.86
38.81 38.79 38.78 38.76 38.76 38.77 38.76 38.76 38.76 38.75 38.7 38.67 38.65 38.61 38.58 38.57 38.55 38.54 38.56 38.56 38.54 38.37 38.13 37.99 37.94 38.23 38.53 38.62 38.71 38.73 38.75 38.74 38.75 38.79 38.81 38.83 38.85 38.87 38.88 38.89 38.86 38.84 38.82 38.8 38.8 38.79 38.8 38.82 38.84 38.85 38.84 38.85 38.86 38.87 38.86 38.84 38.87 38.91 38.9 38.89 38.91 38.91 38.92 38.94 38.94 38.94 38.92 38.89 38.88 38.88 38.89 38.89 38.88 38.87 38.85 38.85 38.85 38.86
38.8 38.78 38.76 38.74 38.74 38.75 38.75 38.74 38.75 38.73 38.67 38.64 38.62 38.58 38.56 38.55 38.55 38.55 38.57 38.54 38.37 38.12 37.96 38.02 38.27 38.54 38.68 38.69 38.7 38.74 38.77 38.76 38.77 38.8 38.82 38.84 38.86 38.87 38.87 38.85 38.84 38.84 38.83 38.82 38.81 38.79 38.8 38.82 38.84 38.84 38.84 38.84 38.85 38.87 38.86 38.85 38.87 38.91 38.9 38.89 38.89 38.87 38.88 38.92 38.94 38.94 38.93 38.91 38.89 38.87 38.86 38.87 38.88 38.87 38.86 38.86 38.88 38.87
38.81 38.79 38.77 38.75 38.74 38.73 38.75 38.74 38.73 38.69 38.65 38.63 38.6 38.57 38.57 38.55 38.55 38.55 38.51 38.42 38.18 38.08 38.18 38.33 38.57 38.67 38.69 38.69 38.7 38.74 38.78 38.79 38.8 38.82 38.83 38.84 38.86 38.87 38.85 38.83 38.84 38.84 38.84 38.83 38.82 38.81 38.81 38.83 38.84 38.83 38.84 38.85 38.85 38.84 38.86 38.87 38.88 38.9 38.91 38.91 38.88 38.86 38.86 38.91 38.93 38.92 38.91 38.9 38.88 38.88 38.87 38.87 38.88 38.88 38.86 38.85 38.88 38.87
38.81 38.8 38.78 38.79 38.76 38.73 38.74 38.72 38.67 38.63 38.61 38.6 38.58 38.55 38.55 38.54 38.52 38.43 38.31 38.25 38.21 38.32 38.5 38.59 38.69 38.71 38.71 38.72 38.73 38.77 38.79 38.8 38.82 38.83 38.82 38.83 38.85 38.85 38.85 38.83 38.83 38.85 38.85 38.84 38.83 38.82 38.83 38.84 38.84 38.83 38.84 38.86 38.86 38.84 38.86 38.87 38.88 38.9 38.93 38.92 38.91 38.88 38.87 38.9 38.92 38.91 38.91 38.9 38.88 38.88 38.89 38.87 38.87 38.87 38.86 38.86 38.86 38.86
38.8 38.8 38.79 38.78 38.76 38.73 38.72 38.7 38.63 38.59 38.57 38.57 38.56 38.53 38.51 38.47 38.36 38.23 38.17 38.25 38.44 38.58 38.66 38.68 38.71 38.74 38.74 38.74 38.77 38.8 38.82 38.82 38.82 38.83 38.82 38.83 38.84 38.83 38.83 38.83 38.83 38.84 38.84 38.83 38.84 38.85 38.86 38.85 38.83 38.84 38.86 38.86 38.85 38.86 38.87 38.86 38.86 38.89 38.92 38.91 38.91 38.9 38.88 38.9 38.89 38.9 38.91 38.92 38.9 38.91 38.9 38.88 38.87 38.86 38.85 38.86 38.85 38.85
38.82 38.81 38.8 38.78 38.75 38.7 38.69 38.66 38.6 38.57 38.54 38.53 38.52 38.48 38.43 38.33 38.17 38.19 38.31 38.45 38.64 38.7 38.71 38.73 38.75 38.77 38.77 38.78 38.8 38.82 38.83 38.84 38.82 38.83 38.83 38.83 38.84 38.85 38.85 38.84 38.85 38.85 38.85 38.85 38.86 38.87 38.86 38.84 38.82 38.84 38.88 38.87 38.85 38.85 38.86 38.87 38.87 38.88 38.91 38.92 38.92 38.9 38.89 38.9 38.88 38.88 38.9 38.92 38.91 38.91 38.9 38.88 38.87 38.87 38.85 38.85 38.84 38.83
38.82 38.79 38.78 38.77 38.72 38.67 38.65 38.62 38.58 38.55 38.52 38.5 38.46 38.37 38.28 38.22 38.21 38.4 38.57 38.65 38.72 38.73 38.75 38.76 38.77 38.79 38.8 38.81 38.82 38.81 38.81 38.82 38.82 38.86 38.85 38.84 38.85 38.87 38.86 38.84 38.83 38.83 38.84 38.85 38.84 38.83 38.84 38.84 38.86 38.87 38.88 38.88 38.87 38.85 38.85 38.87 38.87 38.88 38.9 38.91 38.92 38.91 38.9 38.89 38.88 38.89 38.9 38.91 38.9 38.89 38.9 38.89 38.88 38.87 38.87 38.86 38.84 38.82
38.82 38.78 38.75 38.73 38.7 38.66 38.63 38.6 38.55 38.49 38.44 38.43 38.37 38.31 38.34 38.38 38.5 38.62 38.69 38.7 38.71 38.71 38.73 38.78 38.79 38.8 38.81 38.83 38.83 38.82 38.82 38.82 38.84 38.87 38.86 38.86 38.87 38.85 38.85 38.84 38.81 38.81 38.83 38.85 38.83 38.83 38.85 38.85 38.87 38.88 38.88 38.87 38.87 38.86 38.85 38.86 38.86 38.87 38.87 38.88 38.89 38.9 38.9 38.9 38.9 38.9 38.91 38.92 38.9 38.88 38.88 38.89 38.89 38.88 38.87 38.86 38.85 38.84
38.79 38.75 38.71 38.68 38.66 38.63 38.59 38.56 38.47 38.3 38.17 38.22 38.34 38.45 38.57 38.64 38.7 38.71 38.71 38.71 38.7 38.72 38.74 38.8 38.83 38.84 38.84 38.84 38.85 38.84 38.83 38.82 38.84 38.85 38.85 38.86 38.87 38.87 38.86 38.84 38.83 38.84 38.86 38.86 38.85 38.85 38.84 38.83 38.84 38.85 38.87 38.87 38.86 38.85 38.85 38.85 38.85 38.85 38.86 38.87 38.88 38.88 38.89 38.91 38.92 38.91 38.91 38.92 38.91 38.88 38.86 38.86 38.87 38.88 38.88 38.87 38.86 38.85
38.73 38.68 38.65 38.63 38.6 38.56 38.51 38.44 38.26 38.08 38.02 38.17 38.48 38.63 38.65 38.68 38.72 38.72 38.72 38.73 38.75 38.8 38.81 38.84 38.86 38.87 38.85 38.83 38.84 38.84 38.83 38.82 38.83 38.84 38.85 38.86 38.86 38.87 38.86 38.85 38.86 38.86 38.86 38.86 38.85 38.84 38.84 38.83 38.82 38.83 38.85 38.85 38.84 38.84 38.84 38.85 38.84 38.85 38.88 38.89 38.9 38.88 38.89 38.9 38.91 38.92 38.92 38.91 38.9 38.89 38.86 38.84 38.84 38.86 38.87 38.88 38.86 38.85
38.65 38.61 38.59 38.57 38.54 38.44 38.33 38.19 38 38.09 38.3 38.45 38.63 38.65 38.66 38.71 38.73 38.73 38.73 38.75 38.8 38.84 38.86 38.88 38.87 38.87 38.84 38.81 38.83 38.83 38.83 38.83 38.84 38.84 38.86 38.87 38.85 38.86 38.86 38.86 38.87 38.86 38.85 38.84 38.83 38.83 38.85 38.84 38.84 38.84 38.84 38.83 38.82 38.82 38.84 38.85 38.83 38.84 38.87 38.88 38.88 38.88 38.86 38.88 38.89 38.91 38.93 38.93 38.91 38.88 38.87 38.84 38.84 38.85 38.87 38.87 38.86 38.84
38.59 38.56 38.55 38.53 38.44 38.2 37.97 37.95 38.06 38.35 38.56 38.61 38.65 38.66 38.67 38.7 38.73 38.75 38.75 38.78 38.83 38.86 38.87 38.87 38.86 38.85 38.83 38.82 38.83 38.83 38.84 38.84 38.85 38.86 38.88 38.88 38.87 38.87 38.86 38.86 38.86 38.85 38.84 38.83 38.84 38.85 38.87 38.84 38.81 38.83 38.84 38.83 38.82 38.83 38.85 38.87 38.85 38.84 38.85 38.87 38.88 38.87 38.84 38.85 38.85 38.86 38.89 38.92 38.91 38.88 38.87 38.86 38.85 38.84 38.85 38.86 38.86 38.85
38.57 38.52 38.5 38.43 38.24 37.93 37.8 38.07 38.41 38.56 38.61 38.66 38.68 38.69 38.7 38.72 38.75 38.77 38.78 38.8 38.84 38.85 38.84 38.83 38.83 38.84 38.83 38.83 38.85 38.85 38.85 38.85 38.85 38.85 38.88 38.89 38.88 38.88 38.87 38.87 38.85 38.85 38.85 38.85 38.85 38.86 38.87 38.83 38.79 38.81 38.84 38.85 38.84 38.83 38.86 38.89 38.89 38.87 38.86 38.89 38.89 38.87 38.86 38.86 38.87 38.88 38.87 38.88 38.88 38.87 38.87 38.87 38.86 38.85 38.85 38.86 38.87 38.86
38.52 38.47 38.4 38.25 38.09 38.02 38.13 38.43 38.6 38.63 38.65 38.68 38.7 38.7 38.71 38.75 38.77 38.79 38.8 38.82 38.83 38.82 38.82 38.81 38.82 38.84 38.83 38.84 38.86 38.86 38.85 38.86 38.86 38.86 38.87 38.89 38.87 38.88 38.89 38.88 38.87 38.87 38.86 38.86 38.87 38.85 38.84 38.84 38.83 38.83 38.85 38.88 38.87 38.84 38.85 38.87 38.88 38.89 38.87 38.86 38.87 38.88 38.87 38.87 38.88 38.9 38.9 38.88 38.88 38.88 38.87 38.87 38.88 38.87 38.86 38.86 38.86 38.85
38.43 38.35 38.24 38.13 38.24 38.39 38.48 38.59 38.64 38.68 38.68 38.68 38.71 38.72 38.74 38.78 38.81 38.81 38.81 38.81 38.8 38.8 38.8 38.81 38.83 38.84 38.83 38.84 38.86 38.86 38.87 38.89 38.9 38.89 38.88 38.87 38.86 38.88 38.89 38.88 38.88 38.87 38.86 38.86 38.86 38.85 38.84 38.85 38.84 38.83 38.86 38.89 38.87 38.85 38.85 38.85 38.86 38.87 38.87 38.86 38.88 38.9 38.9 38.9 38.9 38.9 38.91 38.91 38.9 38.88 38.88 38.87 38.89 38.89 38.87 38.86 38.85 38.84
38.26 38.14 38.12 38.23 38.47 38.6 38.62 38.63 38.67 38.69 38.69 38.69 38.73 38.74 38.77 38.81 38.82 38.82 38.8 38.78 38.79 38.8 38.81 38.83 38.85 38.86 38.85 38.86 38.87 38.87 38.88 38.91 38.92 38.92 38.89 38.86 38.88 38.89 38.9 38.89 38.87 38.87 38.86 38.84 38.84 38.84 38.84 38.84 38.83 38.82 38.84 38.85 38.85 38.85 38.86 38.85 38.84 38.85 38.87 38.88 38.88 38.88 38.89 38.9 38.9 38.88 38.89 38.91 38.91 38.89 38.88 38.89 38.89 38.89 38.89 38.87 38.85 38.85
38.12 38.14 38.25 38.44 38.59 38.64 38.65 38.66 38.68 38.69 38.7 38.72 38.76 38.76 38.78 38.8 38.8 38.8 38.79 38.79 38.8 38.81 38.83 38.85 38.87 38.87 38.87 38.88 38.89 38.89 38.88 38.9 38.92 38.92 38.9 38.88 38.87 38.88 38.89 38.87 38.86 38.87 38.87 38.85 38.85 38.84 38.83 38.84 38.84 38.83 38.83 38.84 38.85 38.86 38.86 38.85 38.84 38.83 38.84 38.88 38.87 38.86 38.87 38.88 38.88 38.88 38.87 38.89 38.89 38.88 38.88 38.88 38.89 38.88 38.89 38.88 38.86 38.85
38.19 38.37 38.46 38.57 38.63 38.65 38.66 38.67 38.69 38.72 38.73 38.76 38.78 38.78 38.78 38.78 38.76 38.77 38.79 38.79 38.79 38.81 38.84 38.84 38.86 38.87 38.88 38.88 38.88 38.89 38.9 38.89 38.88 38.89 38.9 38.89 38.89 38.88 38.87 38.87 38.87 38.87 38.88 38.89 38.88 38.85 38.84 38.84 38.84 38.85 38.84 38.84 38.84 38.87 38.88 38.86 38.85 38.84 38.85 38.86 38.87 38.86 38.86 38.87 38.88 38.9 38.88 38.87 38.88 38.88 38.86 38.87 38.89 38.88 38.87 38.87 38.87 38.85
38.41 38.56 38.59 38.61 38.64 38.66 38.67 38.69 38.73 38.78 38.78 38.78 38.79 38.79 38.79 38.77 38.75 38.76 38.79 38.79 38.79 38.81 38.83 38.83 38.85 38.86 38.89 38.89 38.86 38.88 38.91 38.89 38.86 38.88 38.9 38.9 38.9 38.9 38.88 38.87 38.87 38.87 38.88 38.89 38.88 38.87 38.86 38.84 38.84 38.85 38.85 38.84 38.84 38.86 38.88 38.87 38.86 38.86 38.86 38.86 38.85 38.84 38.84 38.85 38.87 38.88 38.88 38.88 38.89 38.89 38.87 38.86 38.87 38.88 38.86 38.87 38.87 38.87
38.56 38.6 38.6 38.63 38.67 38.68 38.71 38.75 38.78 38.81 38.8 38.78 38.76 38.76 38.78 38.79 38.76 38.76 38.79 38.8 38.8 38.8 38.81 38.84 38.85 38.86 38.88 38.88 38.86 38.87 38.9 38.89 38.87 38.89 38.92 38.91 38.91 38.9 38.89 38.88 38.88 38.87 38.88 38.88 38.89 38.9 38.88 38.86 38.85 38.85 38.86 38.86 38.85 38.86 38.87 38.87 38.87 38.87 38.86 38.85 38.85 38.84 38.82 38.82 38.84 38.86 38.87 38.87 38.87 38.87 38.86 38.85 38.86 38.87 38.87 38.88 38.88 38.87
38.61 38.62 38.63 38.67 38.71 38.72 38.76 38.81 38.82 38.82 38.8 38.76 38.74 38.74 38.78 38.79 38.77 38.77 38.78 38.79 38.8 38.81 38.82 38.83 38.84 38.85 38.86 38.86 38.86 38.88 38.9 38.89 38.88 38.9 38.92 38.91 38.91 38.91 38.9 38.9 38.89 38.88 38.9 38.9 38.91 38.91 38.89 38.86 38.86 38.86 38.85 38.85 38.86 38.86 38.87 38.87 38.87 38.87 38.87 38.86 38.86 38.86 38.84 38.85 38.86 38.87 38.87 38.87 38.87 38.87 38.86 38.86 38.87 38.88 38.88 38.89 38.89 38.87
38.66 38.67 38.69 38.74 38.76 38.75 38.77 38.8 38.79 38.8 38.8 38.79 38.77 38.77 38.78 38.79 38.79 38.79 38.8 38.81 38.83 38.84 38.84 38.84 38.83 38.84 38.86 38.87 38.87 38.88 38.91 38.9 38.89 38.9 38.92 38.92 38.92 38.93 38.91 38.89 38.89 38.9 38.91 38.91 38.91 38.91 38.88 38.85 38.85 38.86 38.85 38.85 38.85 38.87 38.87 38.87 38.86 38.85 38.86 38.86 38.87 38.88 38.88 38.88 38.87 38.86 38.87 38.87 38.88 38.87 38.87 38.88 38.88 38.87 38.87 38.88 38.89 38.88
38.71 38.72 38.74 38.78 38.79 38.79 38.79 38.78 38.75 38.75 38.78 38.82 38.83 38.83 38.82 38.81 38.83 38.82 38.82 38.83 38.83 38.84 38.85 38.84 38.84 38.84 38.86 38.89 38.89 38.89 38.9 38.91 38.9 38.91 38.93 38.93 38.94 38.94 38.92 38.88 38.89 38.91 38.91 38.9 38.9 38.9 38.88 38.86 38.86 38.86 38.87 38.87 38.85 38.86 38.87 38.87 38.86 38.84 38.85 38.85 38.86 38.88 38.87 38.87 38.86 38.84 38.86 38.87 38.87 38.87 38.87 38.87 38.87 38.85 38.86 38.87 38.88 38.88
38.75 38.77 38.78 38.8 38.81 38.82 38.82 38.8 38.78 38.77 38.78 38.82 38.85 38.86 38.84 38.83 38.84 38.83 38.82 38.82 38.84 38.84 38.83 38.84 38.84 38.85 38.86 38.88 38.89 38.89 38.88 38.89 38.9 38.92 38.93 38.93 38.93 38.93 38.92 38.89 38.9 38.91 38.92 38.94 38.93 38.9 38.87 38.86 38.86 38.86 38.86 38.85 38.85 38.85 38.85 38.85 38.84 38.83 38.84 38.84 38.85 38.85 38.84 38.85 38.86 38.85 38.86 38.86 38.87 38.89 38.89 38.88 38.86 38.83 38.84 38.87 38.87 38.87
38.8 38.81 38.82 38.82 38.82 38.82 38.82 38.81 38.8 38.8 38.79 38.83 38.87 38.86 38.85 38.85 38.85 38.83 38.8 38.81 38.84 38.84 38.83 38.82 38.84 38.86 38.86 38.86 38.87 38.88 38.88 38.89 38.9 38.92 38.92 38.94 38.94 38.93 38.92 38.91 38.91 38.92 38.92 38.93 38.92 38.9 38.87 38.87 38.88 38.87 38.85 38.85 38.85 38.85 38.84 38.83 38.82 38.82 38.84 38.85 38.85 38.84 38.84 38.85 38.85 38.84 38.86 38.87 38.87 38.89 38.89 38.89 38.87 38.85 38.85 38.86 38.86 38.87
38.85 38.85 38.83 38.82 38.81 38.81 38.81 38.82 38.81 38.81 38.82 38.85 38.87 38.87 38.87 38.87 38.86 38.84 38.81 38.81 38.83 38.84 38.84 38.83 38.85 38.87 38.87 38.86 38.86 38.88 38.89 38.91 38.92 38.92 38.92 38.93 38.94 38.93 38.91 38.92 38.92 38.92 38.91 38.9 38.89 38.91 38.9 38.91 38.9 38.88 38.88 38.88 38.87 38.85 38.85 38.85 38.84 38.84 38.85 38.86 38.87 38.86 38.85 38.85 38.85 38.84 38.86 38.88 38.88 38.87 38.87 38.88 38.89 38.88 38.87 38.86 38.86 38.87
38.87 38.86 38.83 38.82 38.83 38.82 38.82 38.82 38.82 38.83 38.85 38.85 38.86 38.88 38.89 38.87 38.88 38.88 38.85 38.85 38.84 38.83 38.83 38.83 38.85 38.88 38.88 38.86 38.87 38.89 38.9 38.91 38.92 38.93 38.92 38.9 38.91 38.93 38.92 38.92 38.91 38.91 38.91 38.9 38.89 38.9 38.91 38.92 38.91 38.88 38.88 38.89 38.88 38.86 38.86 38.86 38.85 38.84 38.85 38.87 38.88 38.88 38.87 38.85 38.86 38.87 38.88 38.9 38.89 38.86 38.85 38.87 38.89 38.89 38.89 38.87 38.86 38.86
