slabs/76.grd
DSAA
631 301
646410 647040
4947500 4947800
31.59 44.83
[rows 34 to 67 of 301, columns 468 to 545 of 631]
39.06 39.02 39 39.07 39.11 39.17 39.13 39.07 39.05 39.12 39.16 39.12 39.09 39.13 39.08 39.1 39.13 39.1 39.15 39.17 39.18 39.13 39.19 39.21 39.19 39.16 39.16 39.13 39.13 39.22 39.21 39.17 39.11 39.01 39.07 39.07 39.08 39.22 39.22 39.22 39.23 39.21 39.17 39.08 39.02 39.03 39.05 39.06 39.07 39.11 39.11 39.12 39.19 39.22 39.28 39.4 39.54 39.64 39.7 39.75 39.79 39.79 39.79 39.82 39.81 39.73 39.58 39.51 39.46 39.38 39.31 39.44 39.51 39.57 39.84 40.21 40.5 40.72
39.06 39.02 39.02 39.03 39.07 39.15 39.09 39.07 39.04 39.1 39.21 39.13 39.09 39.13 39.11 39.1 39.14 39.14 39.09 39.13 39.17 39.1 39.17 39.2 39.2 39.19 39.2 39.13 39.09 39.16 39.18 39.11 39.07 39.02 39.05 39.06 39.09 39.13 39.12 39.13 39.14 39.11 39.09 39.03 39 39.02 39.03 39.06 39.09 39.12 39.14 39.15 39.23 39.35 39.4 39.53 39.66 39.72 39.73 39.77 39.78 39.78 39.79 39.87 39.78 39.66 39.44 39.38 39.39 39.43 39.54 39.62 39.68 39.82 40.21 40.62 40.91 41.14
39.05 39.04 39.02 39.02 39.06 39.14 39.12 39.11 39.11 39.11 39.16 39.14 39.09 39.11 39.17 39.13 39.13 39.16 39.15 39.17 39.14 39.14 39.15 39.15 39.16 39.18 39.19 39.12 39.08 39.12 39.14 39.08 39.05 39.05 39.06 39.06 39.07 39.07 39.06 39.04 39.04 39.01 39 38.98 39 39.01 39.04 39.1 39.14 39.18 39.21 39.25 39.36 39.45 39.51 39.62 39.69 39.7 39.74 39.77 39.8 39.81 39.82 39.76 39.62 39.51 39.32 39.34 39.43 39.51 39.7 39.86 40 40.21 40.66 41.06 41.33 41.58
39 39.07 39.05 39.03 39.04 39.14 39.17 39.16 39.17 39.13 39.1 39.1 39.07 39.08 39.15 39.15 39.13 39.17 39.21 39.2 39.15 39.18 39.13 39.1 39.09 39.12 39.16 39.11 39.04 39.06 39.12 39.1 39.03 39.02 39.04 39.06 39.04 39.04 39.01 38.99 38.97 38.94 38.95 38.97 39.03 39.04 39.07 39.14 39.22 39.26 39.3 39.39 39.5 39.53 39.61 39.66 39.71 39.71 39.72 39.76 39.85 39.81 39.67 39.54 39.39 39.38 39.4 39.5 39.63 39.7 39.92 40.21 40.39 40.69 41.18 41.54 41.74 42.11
39 39.05 39.09 39.04 38.97 39.07 39.14 39.16 39.15 39.14 39.1 39.11 39.09 39.09 39.16 39.16 39.14 39.17 39.2 39.18 39.14 39.14 39.07 39.04 39.03 39.1 39.14 39.1 39.02 39.07 39.12 39.09 39 38.99 39 39.03 39.02 38.98 38.96 38.96 38.93 38.93 38.95 38.99 39.09 39.11 39.13 39.22 39.27 39.34 39.45 39.54 39.6 39.6 39.64 39.66 39.72 39.73 39.7 39.73 39.79 39.69 39.43 39.31 39.39 39.43 39.57 39.72 39.9 40 40.18 40.61 40.77 41.28 41.84 42.22 42.38 42.84
39.02 39.05 39.09 39.05 39 39 39.08 39.1 39.13 39.13 39.11 39.12 39.12 39.13 39.21 39.18 39.15 39.13 39.17 39.13 39.1 39.06 39.04 39.03 39.02 39.12 39.13 39.07 38.99 39.08 39.07 39.03 38.98 38.99 38.97 38.96 38.98 38.96 38.94 38.96 38.93 38.96 39 39.06 39.15 39.2 39.24 39.3 39.33 39.4 39.54 39.56 39.58 39.59 39.65 39.67 39.71 39.71 39.63 39.57 39.56 39.49 39.32 39.34 39.53 39.57 39.77 39.99 40.29 40.61 40.88 41.22 41.33 41.9 42.45 42.91 43.06 43.48
39.04 39.02 39.11 39.08 39.02 38.97 39.05 39.08 39.11 39.13 39.12 39.13 39.15 39.19 39.21 39.16 39.14 39.09 39.11 39.07 39.07 38.98 39.02 39.04 39.02 39.1 39.09 38.99 38.92 38.96 38.95 38.95 38.94 38.91 38.92 38.91 38.92 38.96 38.95 38.97 39.02 39.02 39.06 39.14 39.19 39.22 39.31 39.45 39.47 39.49 39.55 39.55 39.58 39.6 39.65 39.72 39.71 39.64 39.48 39.44 39.32 39.4 39.43 39.52 39.79 39.94 40.23 40.54 40.83 41.31 41.67 41.92 42.02 42.47 42.94 43.39 43.47 43.72
39.04 39 39.08 39.05 38.98 38.94 39.03 39.05 39.1 39.12 39.13 39.13 39.15 39.17 39.13 39.1 39.13 39.07 39.05 39.01 39.03 38.96 38.98 39 38.98 39.01 39 38.92 38.89 38.87 38.87 38.88 38.88 38.88 38.88 38.92 38.93 38.99 38.99 39.01 39.05 39.08 39.14 39.24 39.25 39.3 39.41 39.48 39.52 39.53 39.56 39.57 39.61 39.59 39.61 39.67 39.59 39.5 39.32 39.43 39.41 39.55 39.73 39.84 40.07 40.4 40.83 41.22 41.38 41.83 42.12 42.43 42.58 42.98 43.42 43.73 43.74 43.81
39.04 39 39.03 39.01 39 38.96 39 39.01 39.07 39.09 39.11 39.11 39.08 39.06 39.05 39.06 39.12 39.08 39.04 38.97 39 38.99 38.95 38.91 38.95 38.97 38.96 38.91 38.91 38.85 38.85 38.85 38.84 38.9 38.91 38.95 38.97 39.01 39.01 39.06 39.11 39.14 39.23 39.34 39.33 39.38 39.46 39.5 39.53 39.55 39.56 39.57 39.56 39.48 39.4 39.35 39.36 39.34 39.29 39.51 39.62 39.81 40.11 40.29 40.38 40.79 41.32 41.73 41.86 42.29 42.63 42.91 43.07 43.32 43.63 43.82 43.77 43.74
39.05 38.97 38.97 39 39.06 39 38.93 38.97 39.03 39.01 39.04 39.07 39.04 39 39.03 39.05 39.06 39.07 39.04 38.98 39.02 39 38.95 38.91 38.92 38.9 38.91 38.9 38.89 38.82 38.83 38.84 38.86 38.9 38.92 38.96 39.01 39.04 39.08 39.12 39.18 39.2 39.31 39.42 39.41 39.43 39.48 39.52 39.52 39.55 39.52 39.46 39.39 39.29 39.2 39.22 39.3 39.34 39.43 39.67 39.78 40.09 40.47 40.73 40.84 41.26 41.91 42.21 42.34 42.81 43.18 43.42 43.51 43.63 43.7 43.81 43.77 43.74
39.04 38.96 38.93 38.99 39.08 38.99 38.89 38.96 39.02 38.92 38.95 39.01 39.06 39.01 39.02 39.02 39 38.99 38.98 38.96 39.01 39.01 38.96 38.9 38.88 38.87 38.85 38.84 38.84 38.83 38.82 38.83 38.86 38.87 38.91 38.97 39.05 39.09 39.18 39.2 39.24 39.28 39.37 39.45 39.45 39.46 39.49 39.51 39.49 39.5 39.45 39.29 39.21 39.2 39.26 39.41 39.46 39.55 39.69 40.03 40.16 40.48 40.79 41.18 41.33 41.77 42.36 42.67 42.83 43.33 43.65 43.75 43.77 43.77 43.74 43.79 43.79 43.82
39.01 38.97 38.92 38.95 39.01 38.98 38.91 38.98 39.02 38.94 38.93 38.97 39.03 39 39.01 39.02 38.92 38.86 38.88 38.94 38.96 38.97 38.95 38.89 38.85 38.85 38.83 38.82 38.83 38.85 38.84 38.87 38.88 38.89 38.94 39.07 39.17 39.19 39.27 39.3 39.32 39.35 39.39 39.43 39.47 39.47 39.46 39.43 39.43 39.42 39.39 39.24 39.19 39.28 39.43 39.48 39.57 39.86 40.1 40.5 40.6 40.87 41.14 41.66 41.85 42.29 42.79 43.18 43.32 43.66 43.81 43.76 43.78 43.79 43.78 43.78 43.8 43.82
39.01 38.97 38.87 38.9 38.97 38.98 38.98 39 39 38.92 38.92 38.92 38.95 38.97 39 39.02 38.86 38.83 38.85 38.88 38.92 38.94 38.93 38.84 38.83 38.82 38.81 38.8 38.84 38.86 38.89 38.95 38.95 38.98 39.07 39.19 39.28 39.27 39.32 39.35 39.36 39.39 39.41 39.41 39.46 39.46 39.41 39.33 39.33 39.32 39.39 39.34 39.33 39.45 39.61 39.79 39.89 40.26 40.62 40.93 41.06 41.37 41.74 42.12 42.32 42.81 43.26 43.52 43.65 43.84 43.8 43.77 43.79 43.82 43.81 43.8 43.81 43.84
38.99 39 38.86 38.86 38.97 38.97 38.97 38.95 38.97 38.97 38.98 38.92 38.92 38.9 38.94 38.97 38.89 38.82 38.83 38.85 38.84 38.88 38.86 38.83 38.82 38.81 38.82 38.83 38.87 38.92 39.02 39.06 39.03 39.07 39.17 39.26 39.3 39.3 39.31 39.34 39.38 39.42 39.46 39.46 39.39 39.4 39.35 39.29 39.29 39.29 39.49 39.49 39.52 39.69 39.92 40.19 40.29 40.61 41.01 41.32 41.47 41.89 42.29 42.63 42.85 43.29 43.64 43.72 43.79 43.81 43.77 43.76 43.78 43.84 43.86 43.86 43.86 43.89
38.94 38.98 38.93 38.84 38.95 38.95 38.93 38.94 38.97 38.99 39 38.92 38.87 38.87 38.87 38.9 38.84 38.79 38.8 38.81 38.81 38.86 38.85 38.84 38.82 38.84 38.87 38.92 38.94 39 39.1 39.12 39.13 39.15 39.21 39.28 39.3 39.3 39.3 39.37 39.44 39.49 39.55 39.47 39.31 39.27 39.29 39.37 39.42 39.53 39.57 39.64 39.73 40.03 40.34 40.63 40.72 41.06 41.48 41.77 41.93 42.38 42.81 43.26 43.4 43.64 43.79 43.78 43.8 43.76 43.78 43.79 43.8 43.85 43.86 43.88 43.92 43.93
38.97 38.92 38.9 38.86 38.92 38.95 38.93 38.95 38.97 38.97 38.98 38.9 38.86 38.87 38.84 38.83 38.78 38.76 38.76 38.77 38.79 38.82 38.82 38.83 38.85 38.88 38.91 38.99 39.02 39.04 39.08 39.14 39.21 39.22 39.24 39.28 39.3 39.3 39.34 39.49 39.58 39.57 39.5 39.38 39.3 39.24 39.37 39.53 39.6 39.72 39.75 39.95 40.09 40.55 40.89 41.1 41.22 41.63 42.08 42.3 42.46 42.86 43.34 43.73 43.78 43.76 43.77 43.77 43.8 43.78 43.84 43.86 43.86 43.85 43.84 43.87 43.95 43.95
38.92 38.86 38.86 38.86 38.88 38.87 38.86 38.89 38.9 38.89 38.88 38.84 38.83 38.84 38.82 38.79 38.77 38.74 38.74 38.74 38.76 38.77 38.8 38.84 38.89 38.9 38.94 39.02 39.07 39.1 39.16 39.22 39.21 39.23 39.26 39.31 39.33 39.32 39.39 39.59 39.54 39.42 39.26 39.21 39.19 39.32 39.58 39.72 39.79 39.93 40.09 40.35 40.52 40.93 41.38 41.65 41.83 42.19 42.56 42.83 43.01 43.35 43.72 43.87 43.88 43.79 43.8 43.8 43.82 43.84 43.91 43.92 43.93 43.86 43.83 43.88 43.93 43.93
38.84 38.83 38.83 38.82 38.79 38.81 38.8 38.8 38.8 38.8 38.79 38.78 38.8 38.78 38.76 38.76 38.75 38.74 38.73 38.74 38.77 38.8 38.86 38.9 38.92 38.93 38.98 39.07 39.12 39.15 39.17 39.23 39.23 39.25 39.29 39.36 39.35 39.3 39.3 39.4 39.33 39.18 39.16 39.27 39.31 39.5 39.74 39.88 39.97 40.21 40.51 40.78 40.99 41.4 41.88 42.16 42.35 42.71 43.04 43.53 43.61 43.73 43.87 43.86 43.86 43.84 43.89 43.88 43.84 43.88 43.96 43.97 43.96 43.89 43.87 43.89 43.93 43.89
38.77 38.76 38.76 38.76 38.73 38.76 38.73 38.69 38.7 38.72 38.73 38.73 38.76 38.72 38.7 38.74 38.74 38.76 38.78 38.82 38.86 38.88 38.93 38.95 38.98 38.99 39.03 39.11 39.12 39.14 39.18 39.21 39.26 39.27 39.35 39.39 39.36 39.25 39.21 39.12 39.1 39.17 39.41 39.51 39.54 39.73 39.98 40.22 40.36 40.68 41.07 41.35 41.6 42.03 42.58 42.78 42.96 43.33 43.61 43.96 43.93 43.89 43.87 43.86 43.88 43.87 43.91 43.91 43.9 43.93 43.98 44 43.98 43.93 43.93 43.94 43.97 43.91
38.69 38.7 38.7 38.71 38.7 38.7 38.68 38.64 38.65 38.67 38.7 38.71 38.72 38.7 38.69 38.74 38.77 38.8 38.84 38.92 38.92 38.93 38.96 38.98 39.07 39.09 39.13 39.12 39.14 39.15 39.18 39.2 39.27 39.31 39.4 39.37 39.31 39.13 39.12 39.1 39.17 39.36 39.63 39.79 39.89 40.13 40.54 40.77 41.05 41.5 41.89 42.11 42.36 42.77 43.24 43.36 43.51 43.82 43.95 43.9 43.85 43.88 43.84 43.84 43.88 43.89 43.92 43.93 43.95 43.97 43.98 44 43.95 43.91 43.97 43.98 44 44
38.65 38.66 38.67 38.69 38.68 38.67 38.66 38.66 38.63 38.64 38.68 38.71 38.72 38.71 38.71 38.73 38.81 38.85 38.88 38.91 38.96 38.97 39.03 39.08 39.08 39.11 39.15 39.13 39.14 39.18 39.2 39.23 39.24 39.28 39.29 39.23 39.2 39.07 39.12 39.27 39.4 39.67 39.92 40.22 40.5 40.86 41.36 41.58 41.86 42.28 42.69 42.82 43.06 43.41 43.68 43.69 43.73 43.88 43.91 43.86 43.81 43.88 43.87 43.86 43.88 43.93 43.91 43.93 43.96 43.97 43.92 43.93 43.97 43.91 43.93 43.97 43.98 43.97
38.66 38.66 38.68 38.68 38.67 38.67 38.66 38.65 38.61 38.62 38.66 38.73 38.75 38.74 38.76 38.77 38.85 38.88 38.91 38.99 39.04 39.04 39.07 39.13 39.12 39.14 39.16 39.15 39.16 39.24 39.2 39.19 39.16 39.12 39.15 39.14 39.17 39.21 39.31 39.75 39.89 40.23 40.54 40.9 41.24 41.72 42.15 42.42 42.53 42.81 43.21 43.29 43.57 43.79 43.95 43.91 43.83 43.85 43.87 43.86 43.89 43.93 43.92 43.89 43.89 43.96 43.93 43.94 43.95 43.94 43.95 43.93 44 43.94 43.95 43.98 43.97 43.95
38.68 38.69 38.7 38.68 38.67 38.66 38.68 38.66 38.67 38.67 38.69 38.77 38.77 38.77 38.83 38.82 38.88 38.92 38.95 39.01 39.06 39.05 39.09 39.11 39.11 39.14 39.17 39.2 39.22 39.26 39.17 39.11 39.08 39.04 39.27 39.36 39.44 39.66 39.91 40.44 40.55 40.91 41.28 41.63 41.87 42.38 42.78 42.96 43.09 43.33 43.67 43.73 43.96 44.01 44.01 43.96 43.87 43.91 43.93 43.9 43.92 43.93 43.95 43.91 43.9 43.96 43.97 43.96 43.92 43.96 44.02 43.99 44.01 43.99 43.98 43.96 43.99 43.98
38.69 38.69 38.72 38.68 38.71 38.69 38.74 38.76 38.76 38.75 38.72 38.75 38.8 38.83 38.9 38.93 38.93 38.96 38.97 39.02 39.06 39.06 39.08 39.09 39.1 39.16 39.19 39.21 39.2 39.13 39.16 39.19 39.2 39.26 39.6 39.77 39.92 40.27 40.68 41.09 41.19 41.49 41.9 42.18 42.42 42.94 43.3 43.38 43.58 43.78 44.06 44.05 44.02 43.96 43.93 43.93 43.89 43.92 43.92 43.93 43.94 43.92 43.95 43.93 43.9 43.94 43.98 44 43.94 43.98 44.04 44.05 44.06 44.06 44.04 43.97 44.01 44.04
38.68 38.7 38.74 38.66 38.67 38.68 38.71 38.81 38.76 38.78 38.79 38.82 38.87 38.9 38.94 38.97 38.96 38.99 39 39.02 39.05 39.05 39.09 39.12 39.11 39.09 39.04 39 39.03 39.05 39.33 39.48 39.54 39.71 39.95 40.13 40.37 40.85 41.29 41.7 41.84 42.02 42.48 42.58 42.9 43.37 43.62 43.7 43.9 44.04 44.06 44.04 43.94 43.92 43.9 43.93 43.92 43.91 43.94 43.98 43.99 43.92 43.94 43.95 43.92 43.94 43.97 44 43.99 44 44.04 44.06 44.05 44.07 44.06 44 44.02 44.07
38.69 38.7 38.72 38.71 38.73 38.73 38.73 38.77 38.78 38.81 38.83 38.87 38.91 38.91 38.95 38.98 38.98 39 39.02 39.03 39.07 39.1 39.13 39.04 39.01 38.93 38.88 38.82 38.91 39.19 39.63 39.8 39.88 40.11 40.35 40.52 40.8 41.45 42 42.28 42.39 42.48 42.86 42.97 43.29 43.64 43.85 43.9 43.98 44.04 43.94 43.94 43.93 43.96 43.94 43.95 43.94 43.92 43.97 43.99 43.99 43.92 43.93 43.94 43.94 43.98 44 44.02 44.06 44.06 44.06 44.07 44.03 44.05 44.07 44.06 44.04 44.07
38.71 38.71 38.71 38.76 38.79 38.76 38.73 38.78 38.84 38.86 38.88 38.91 38.93 38.92 38.94 38.96 38.96 39 39.05 39.08 39.09 39.09 39.02 38.85 38.83 38.87 38.93 38.91 39.01 39.39 39.84 40.04 40.15 40.43 40.78 41.02 41.36 41.99 42.49 42.65 42.91 42.98 43.22 43.36 43.65 43.87 43.99 43.99 43.97 44 43.93 43.93 43.93 43.96 43.95 43.97 43.96 43.96 43.99 44.01 44.01 43.98 43.95 43.94 43.98 44 44.03 44.05 44.09 44.08 44.07 44.06 44.05 44.06 44.1 44.1 44.04 44.07
38.69 38.69 38.71 38.74 38.76 38.75 38.76 38.8 38.85 38.87 38.89 38.9 38.91 38.92 38.93 38.97 38.98 39.03 39.08 39.06 39.02 38.91 38.75 38.8 38.86 39.01 39.04 39 39.15 39.63 40.12 40.43 40.55 40.85 41.24 41.39 41.94 42.51 42.88 43.02 43.31 43.46 43.7 43.82 43.96 43.95 44.04 44.02 43.97 43.98 43.96 43.96 43.97 43.95 43.96 43.98 43.98 44 44.01 44.03 44.01 44.02 44 44 44.03 44.01 44.04 44.1 44.07 44.07 44.07 44.08 44.08 44.1 44.11 44.08 44.04 44.05
38.7 38.71 38.74 38.75 38.76 38.77 38.79 38.8 38.83 38.86 38.88 38.87 38.89 38.93 38.97 39.05 39.05 39.05 38.97 38.84 38.85 38.76 38.74 38.97 39.08 39.18 39.16 39.16 39.42 39.99 40.46 40.75 40.98 41.33 41.75 41.9 42.41 42.85 43.19 43.34 43.64 43.83 43.99 44.05 44.08 43.99 43.98 43.99 44 43.98 43.99 43.99 43.99 44 44.01 44.01 44 44.07 44.05 44.04 44.02 44.02 44.03 44.06 44.06 44.05 44.08 44.15 44.08 44.08 44.09 44.11 44.15 44.16 44.14 44.09 44.06 44.06
38.71 38.73 38.75 38.77 38.77 38.78 38.81 38.81 38.82 38.85 38.88 38.89 38.92 38.96 38.99 39.04 39 38.92 38.81 38.67 38.75 38.92 39.09 39.22 39.31 39.41 39.44 39.51 39.83 40.45 40.83 41.04 41.5 41.91 42.24 42.42 42.93 43.29 43.58 43.7 43.93 44.06 44.08 44.07 44.05 44.01 43.98 44 44.02 44 44.03 44.03 44.02 44.02 44.04 44.07 44.04 44.13 44.11 44.07 44.06 44 44.03 44.08 44.08 44.1 44.11 44.14 44.09 44.06 44.1 44.1 44.15 44.13 44.14 44.14 44.12 44.12
38.71 38.72 38.73 38.76 38.77 38.77 38.79 38.8 38.82 38.86 38.91 38.93 38.96 38.94 38.85 38.84 38.81 38.79 38.92 38.95 39.07 39.23 39.4 39.62 39.69 39.93 40.04 40.14 40.49 41 41.38 41.55 42.03 42.56 42.93 43.13 43.58 43.78 43.91 43.98 44.08 44.08 44.03 44.02 44.02 44.02 44.02 44.02 44.03 44.04 44.06 44.08 44.07 44.02 44.06 44.11 44.11 44.16 44.15 44.1 44.08 43.99 44.04 44.11 44.11 44.16 44.12 44.11 44.07 44.08 44.11 44.13 44.13 44.13 44.15 44.19 44.15 44.15
38.72 38.71 38.71 38.74 38.73 38.74 38.76 38.77 38.81 38.88 38.94 38.88 38.87 38.76 38.59 38.64 38.72 38.97 39.24 39.42 39.5 39.65 39.84 40.04 40.18 40.48 40.7 40.79 41.12 41.53 41.87 42.01 42.51 43.06 43.4 43.6 43.91 44.01 44.04 44.05 44.07 44.01 44.01 44.01 44.04 44.04 44.05 44.04 44.06 44.05 44.06 44.08 44.07 44.07 44.11 44.11 44.1 44.15 44.13 44.1 44.05 44.08 44.09 44.12 44.14 44.18 44.14 44.09 44.14 44.15 44.18 44.15 44.18 44.16 44.15 44.13 44.07 44.09
38.72 38.71 38.7 38.68 38.68 38.69 38.79 38.85 38.87 38.84 38.78 38.64 38.62 38.66 38.7 38.8 38.92 39.24 39.49 39.69 39.79 39.97 40.28 40.4 40.74 41.07 41.32 41.44 41.82 42.25 42.44 42.53 42.94 43.42 43.73 43.85 43.99 44.04 44.05 44.02 44.02 44.01 44.05 44.05 44.06 44.06 44.08 44.1 44.1 44.04 44.06 44.08 44.07 44.09 44.12 44.11 44.05 44.17 44.14 44.09 44.1 44.09 44.09 44.11 44.15 44.15 44.15 44.14 44.14 44.16 44.2 44.16 44.15 44.13 44.11 44.1 44.1 44.12
38.71 38.68 38.59 38.6 38.6 38.62 38.77 38.82 38.8 38.64 38.51 38.53 38.58 38.79 38.96 39.09 39.22 39.6 39.9 39.98 40.12 40.41 40.81 40.91 41.31 41.72 41.99 42.16 42.68 43.25 43.22 43.24 43.43 43.74 43.93 43.98 44 44.03 44.06 44.04 44.02 44.08 44.06 44.07 44.09 44.08 44.1 44.13 44.1 44.08 44.1 44.14 44.1 44.11 44.11 44.08 44.06 44.18 44.15 44.1 44.12 44.12 44.15 44.13 44.17 44.16 44.18 44.17 44.17 44.18 44.15 44.11 44.1 44.09 44.1 44.14 44.19 44.19
