slabs/76.grd
DSAA
631 301
646410 647040
4947500 4947800
31.59 44.83
[rows 136 to 169 of 301, columns 78 to 155 of 631]
39.62 39.59 39.58 39.57 39.57 39.55 39.52 39.52 39.51 39.51 39.52 39.52 39.52 39.53 39.52 39.51 39.51 39.53 39.54 39.52 39.51 39.52 39.52 39.5 39.5 39.54 39.55 39.55 39.54 39.54 39.54 39.53 39.53 39.54 39.53 39.53 39.52 39.52 39.53 39.54 39.54 39.53 39.52 39.5 39.49 39.49 39.49 39.5 39.52 39.53 39.53 39.55 39.57 39.57 39.59 39.64 39.66 39.67 39.69 39.68 39.68 39.69 39.71 39.73 39.75 39.77 39.78 39.81 39.79 39.75 39.71 39.68 39.65 39.61 39.6 39.6 39.57 39.54
39.6 39.59 39.57 39.56 39.55 39.54 39.53 39.51 39.5 39.49 39.49 39.49 39.49 39.51 39.53 39.52 39.5 39.5 39.51 39.51 39.5 39.52 39.52 39.5 39.5 39.52 39.53 39.53 39.52 39.53 39.53 39.52 39.52 39.53 39.53 39.52 39.53 39.54 39.55 39.55 39.53 39.52 39.52 39.51 39.5 39.5 39.5 39.5 39.5 39.51 39.51 39.52 39.55 39.55 39.57 39.6 39.62 39.64 39.68 39.69 39.68 39.68 39.68 39.68 39.72 39.77 39.79 39.81 39.8 39.78 39.74 39.71 39.67 39.61 39.61 39.6 39.58 39.56
39.58 39.57 39.56 39.55 39.54 39.54 39.54 39.53 39.51 39.49 39.48 39.47 39.47 39.47 39.49 39.51 39.5 39.49 39.49 39.5 39.5 39.51 39.5 39.49 39.49 39.49 39.5 39.51 39.51 39.53 39.53 39.53 39.53 39.51 39.52 39.53 39.52 39.52 39.54 39.54 39.52 39.52 39.52 39.5 39.5 39.52 39.52 39.51 39.51 39.51 39.49 39.49 39.53 39.54 39.56 39.58 39.6 39.6 39.64 39.68 39.68 39.66 39.66 39.66 39.68 39.73 39.77 39.78 39.79 39.8 39.78 39.75 39.72 39.66 39.64 39.63 39.61 39.58
39.57 39.54 39.53 39.54 39.53 39.53 39.54 39.53 39.52 39.5 39.48 39.47 39.46 39.45 39.45 39.48 39.5 39.5 39.5 39.5 39.5 39.49 39.49 39.49 39.48 39.48 39.49 39.51 39.52 39.53 39.53 39.53 39.54 39.54 39.53 39.53 39.52 39.52 39.53 39.54 39.54 39.54 39.53 39.51 39.49 39.51 39.53 39.51 39.51 39.5 39.49 39.49 39.52 39.52 39.54 39.56 39.57 39.57 39.59 39.64 39.65 39.63 39.65 39.67 39.67 39.69 39.71 39.72 39.75 39.78 39.77 39.76 39.75 39.73 39.69 39.66 39.63 39.58
39.56 39.52 39.51 39.52 39.53 39.53 39.51 39.5 39.51 39.51 39.49 39.47 39.46 39.44 39.44 39.46 39.48 39.48 39.49 39.5 39.5 39.49 39.49 39.49 39.49 39.49 39.5 39.52 39.53 39.53 39.51 39.51 39.54 39.55 39.52 39.5 39.51 39.51 39.52 39.52 39.51 39.52 39.53 39.51 39.49 39.5 39.52 39.52 39.53 39.52 39.5 39.5 39.5 39.5 39.51 39.53 39.55 39.56 39.56 39.59 39.59 39.59 39.63 39.65 39.67 39.68 39.68 39.67 39.69 39.7 39.72 39.74 39.75 39.75 39.72 39.69 39.65 39.6
39.56 39.54 39.54 39.52 39.51 39.51 39.49 39.49 39.5 39.49 39.48 39.47 39.46 39.45 39.46 39.47 39.46 39.46 39.46 39.48 39.49 39.51 39.5 39.48 39.48 39.49 39.5 39.51 39.52 39.51 39.49 39.5 39.52 39.52 39.5 39.49 39.5 39.51 39.51 39.51 39.5 39.51 39.51 39.51 39.5 39.51 39.52 39.53 39.53 39.53 39.51 39.49 39.5 39.49 39.49 39.51 39.53 39.55 39.54 39.56 39.55 39.55 39.59 39.61 39.63 39.67 39.69 39.69 39.67 39.65 39.68 39.71 39.73 39.74 39.75 39.75 39.7 39.64
39.56 39.56 39.55 39.52 39.49 39.48 39.48 39.49 39.5 39.49 39.47 39.45 39.46 39.46 39.47 39.46 39.45 39.45 39.44 39.44 39.47 39.51 39.51 39.5 39.49 39.5 39.49 39.5 39.51 39.5 39.49 39.5 39.5 39.5 39.51 39.51 39.51 39.51 39.52 39.51 39.52 39.51 39.5 39.51 39.53 39.53 39.51 39.51 39.51 39.51 39.5 39.49 39.5 39.5 39.48 39.49 39.5 39.52 39.53 39.55 39.54 39.53 39.55 39.58 39.6 39.64 39.67 39.68 39.67 39.65 39.66 39.68 39.7 39.73 39.75 39.75 39.73 39.68
39.53 39.53 39.53 39.51 39.49 39.5 39.49 39.49 39.49 39.51 39.48 39.45 39.46 39.47 39.47 39.46 39.45 39.46 39.46 39.45 39.45 39.48 39.5 39.5 39.51 39.5 39.48 39.47 39.48 39.49 39.5 39.5 39.5 39.5 39.52 39.53 39.52 39.52 39.52 39.52 39.53 39.52 39.5 39.5 39.52 39.53 39.52 39.52 39.52 39.5 39.49 39.5 39.52 39.51 39.49 39.49 39.49 39.49 39.51 39.53 39.53 39.53 39.53 39.55 39.57 39.61 39.64 39.64 39.65 39.65 39.65 39.65 39.67 39.7 39.72 39.75 39.76 39.72
39.51 39.5 39.5 39.51 39.52 39.53 39.52 39.48 39.46 39.48 39.48 39.47 39.46 39.47 39.46 39.45 39.44 39.45 39.46 39.47 39.47 39.47 39.49 39.5 39.5 39.5 39.48 39.47 39.46 39.47 39.5 39.5 39.5 39.5 39.51 39.51 39.51 39.52 39.52 39.52 39.53 39.52 39.49 39.48 39.5 39.52 39.53 39.54 39.53 39.51 39.52 39.52 39.53 39.52 39.5 39.48 39.48 39.47 39.47 39.48 39.51 39.54 39.55 39.54 39.55 39.57 39.59 39.61 39.63 39.65 39.65 39.65 39.65 39.66 39.69 39.73 39.77 39.74
39.51 39.49 39.48 39.48 39.51 39.51 39.51 39.5 39.47 39.46 39.46 39.47 39.48 39.48 39.46 39.43 39.42 39.43 39.45 39.47 39.47 39.47 39.48 39.48 39.49 39.49 39.5 39.48 39.46 39.46 39.48 39.5 39.5 39.5 39.5 39.49 39.5 39.5 39.5 39.49 39.5 39.51 39.48 39.48 39.5 39.52 39.52 39.53 39.52 39.51 39.52 39.52 39.51 39.51 39.51 39.5 39.49 39.48 39.46 39.44 39.47 39.51 39.53 39.53 39.52 39.54 39.55 39.57 39.6 39.64 39.65 39.66 39.67 39.65 39.65 39.68 39.73 39.74
39.5 39.49 39.47 39.45 39.47 39.47 39.48 39.5 39.5 39.48 39.48 39.48 39.49 39.48 39.46 39.44 39.43 39.44 39.46 39.46 39.46 39.46 39.47 39.46 39.47 39.48 39.49 39.49 39.47 39.46 39.48 39.49 39.5 39.51 39.5 39.48 39.49 39.49 39.49 39.47 39.48 39.5 39.5 39.49 39.5 39.52 39.51 39.52 39.51 39.5 39.5 39.51 39.5 39.5 39.51 39.51 39.51 39.49 39.47 39.47 39.47 39.49 39.5 39.49 39.48 39.51 39.52 39.53 39.57 39.61 39.62 39.65 39.68 39.66 39.64 39.64 39.68 39.71
39.48 39.49 39.47 39.46 39.46 39.46 39.46 39.46 39.48 39.49 39.49 39.48 39.48 39.47 39.47 39.46 39.46 39.46 39.45 39.45 39.45 39.46 39.46 39.46 39.46 39.46 39.46 39.47 39.46 39.46 39.48 39.49 39.49 39.49 39.49 39.48 39.48 39.5 39.5 39.48 39.48 39.5 39.51 39.51 39.51 39.51 39.51 39.51 39.52 39.52 39.51 39.52 39.51 39.51 39.5 39.51 39.51 39.49 39.48 39.48 39.49 39.49 39.48 39.47 39.48 39.48 39.49 39.5 39.54 39.57 39.58 39.61 39.64 39.65 39.65 39.64 39.64 39.64
39.47 39.47 39.47 39.47 39.47 39.47 39.45 39.44 39.46 39.48 39.49 39.48 39.47 39.47 39.47 39.47 39.47 39.46 39.45 39.45 39.46 39.46 39.46 39.46 39.45 39.45 39.44 39.44 39.45 39.46 39.49 39.5 39.49 39.5 39.5 39.49 39.49 39.5 39.49 39.47 39.47 39.49 39.51 39.52 39.52 39.52 39.5 39.5 39.51 39.52 39.51 39.51 39.51 39.51 39.51 39.52 39.52 39.5 39.49 39.49 39.5 39.5 39.48 39.48 39.48 39.47 39.46 39.47 39.5 39.52 39.53 39.54 39.57 39.61 39.64 39.64 39.62 39.6
39.47 39.46 39.47 39.48 39.47 39.46 39.45 39.43 39.43 39.45 39.49 39.48 39.48 39.48 39.47 39.45 39.45 39.45 39.45 39.44 39.44 39.44 39.44 39.46 39.47 39.45 39.44 39.44 39.45 39.45 39.47 39.49 39.51 39.52 39.51 39.5 39.5 39.5 39.49 39.48 39.48 39.49 39.5 39.51 39.53 39.53 39.51 39.5 39.51 39.52 39.51 39.51 39.51 39.51 39.52 39.53 39.52 39.49 39.49 39.5 39.51 39.51 39.49 39.48 39.48 39.46 39.43 39.44 39.46 39.48 39.5 39.5 39.51 39.55 39.6 39.62 39.61 39.61
39.48 39.47 39.47 39.46 39.46 39.46 39.46 39.45 39.42 39.43 39.46 39.47 39.47 39.46 39.45 39.45 39.44 39.45 39.46 39.45 39.44 39.43 39.43 39.45 39.46 39.46 39.45 39.44 39.45 39.45 39.46 39.47 39.49 39.51 39.52 39.51 39.5 39.49 39.49 39.48 39.49 39.5 39.5 39.5 39.52 39.54 39.54 39.54 39.54 39.52 39.52 39.52 39.52 39.51 39.51 39.51 39.51 39.5 39.49 39.5 39.52 39.53 39.51 39.5 39.49 39.47 39.45 39.44 39.44 39.47 39.48 39.48 39.49 39.5 39.53 39.57 39.59 39.61
39.46 39.46 39.47 39.46 39.46 39.47 39.48 39.48 39.48 39.46 39.45 39.46 39.46 39.44 39.44 39.46 39.47 39.46 39.45 39.46 39.48 39.48 39.46 39.43 39.42 39.45 39.47 39.45 39.45 39.46 39.46 39.46 39.46 39.48 39.51 39.52 39.51 39.49 39.48 39.46 39.47 39.49 39.5 39.51 39.51 39.53 39.54 39.55 39.54 39.52 39.51 39.52 39.52 39.51 39.5 39.5 39.5 39.51 39.52 39.52 39.53 39.53 39.53 39.53 39.51 39.49 39.48 39.47 39.46 39.47 39.46 39.46 39.48 39.5 39.51 39.53 39.55 39.58
39.44 39.44 39.45 39.45 39.45 39.46 39.47 39.49 39.5 39.49 39.47 39.46 39.46 39.45 39.44 39.45 39.48 39.47 39.45 39.46 39.47 39.47 39.48 39.45 39.43 39.43 39.45 39.45 39.45 39.46 39.45 39.43 39.45 39.47 39.49 39.52 39.51 39.49 39.48 39.48 39.48 39.48 39.48 39.49 39.5 39.51 39.52 39.52 39.53 39.51 39.5 39.51 39.5 39.51 39.51 39.51 39.49 39.49 39.52 39.53 39.53 39.52 39.51 39.52 39.51 39.5 39.5 39.48 39.47 39.47 39.46 39.44 39.47 39.49 39.49 39.49 39.51 39.52
39.44 39.44 39.45 39.44 39.44 39.44 39.45 39.46 39.46 39.47 39.48 39.47 39.45 39.45 39.45 39.45 39.46 39.47 39.48 39.49 39.47 39.45 39.48 39.48 39.46 39.44 39.44 39.44 39.44 39.45 39.45 39.44 39.45 39.47 39.49 39.5 39.5 39.49 39.49 39.5 39.5 39.48 39.47 39.48 39.5 39.5 39.5 39.5 39.5 39.51 39.52 39.52 39.5 39.52 39.53 39.53 39.51 39.49 39.49 39.5 39.52 39.51 39.5 39.51 39.51 39.51 39.51 39.49 39.47 39.46 39.45 39.43 39.45 39.48 39.48 39.47 39.47 39.47
39.43 39.44 39.45 39.46 39.45 39.46 39.46 39.46 39.44 39.46 39.48 39.46 39.45 39.45 39.46 39.46 39.45 39.46 39.48 39.5 39.48 39.46 39.48 39.48 39.47 39.45 39.45 39.45 39.45 39.44 39.45 39.46 39.46 39.47 39.48 39.48 39.49 39.49 39.5 39.5 39.49 39.49 39.49 39.49 39.51 39.5 39.49 39.49 39.49 39.49 39.52 39.52 39.52 39.52 39.52 39.51 39.51 39.51 39.51 39.5 39.5 39.5 39.51 39.51 39.52 39.52 39.51 39.5 39.47 39.46 39.46 39.44 39.44 39.45 39.45 39.45 39.46 39.46
39.43 39.42 39.42 39.45 39.46 39.47 39.47 39.47 39.48 39.47 39.47 39.45 39.43 39.45 39.46 39.46 39.45 39.46 39.47 39.47 39.46 39.46 39.48 39.47 39.47 39.46 39.48 39.48 39.47 39.44 39.45 39.47 39.46 39.45 39.47 39.48 39.48 39.48 39.49 39.49 39.48 39.49 39.49 39.5 39.51 39.5 39.49 39.49 39.49 39.49 39.49 39.5 39.51 39.52 39.51 39.5 39.49 39.51 39.53 39.52 39.5 39.48 39.49 39.52 39.52 39.52 39.52 39.51 39.49 39.48 39.47 39.46 39.45 39.43 39.43 39.44 39.45 39.46
39.44 39.43 39.42 39.43 39.44 39.46 39.47 39.47 39.49 39.48 39.46 39.44 39.44 39.46 39.47 39.46 39.46 39.45 39.47 39.47 39.47 39.47 39.48 39.49 39.48 39.47 39.47 39.49 39.48 39.45 39.43 39.45 39.45 39.44 39.46 39.47 39.46 39.46 39.47 39.47 39.48 39.5 39.51 39.5 39.5 39.5 39.5 39.5 39.49 39.5 39.5 39.49 39.49 39.51 39.51 39.51 39.5 39.49 39.5 39.51 39.51 39.48 39.49 39.51 39.52 39.51 39.52 39.52 39.5 39.49 39.49 39.49 39.48 39.46 39.43 39.41 39.43 39.44
39.42 39.42 39.42 39.41 39.42 39.44 39.47 39.49 39.49 39.48 39.47 39.45 39.45 39.46 39.46 39.47 39.47 39.46 39.48 39.49 39.49 39.48 39.49 39.51 39.5 39.47 39.46 39.45 39.46 39.47 39.47 39.46 39.46 39.45 39.46 39.46 39.46 39.45 39.46 39.47 39.47 39.48 39.5 39.5 39.49 39.49 39.5 39.5 39.49 39.49 39.49 39.48 39.49 39.51 39.52 39.51 39.5 39.49 39.49 39.52 39.52 39.51 39.5 39.49 39.51 39.5 39.51 39.51 39.5 39.5 39.5 39.51 39.52 39.5 39.46 39.42 39.43 39.43
39.4 39.4 39.41 39.42 39.42 39.43 39.46 39.48 39.48 39.48 39.47 39.47 39.46 39.47 39.46 39.46 39.47 39.47 39.48 39.49 39.49 39.49 39.49 39.51 39.49 39.48 39.47 39.45 39.46 39.49 39.51 39.5 39.48 39.46 39.45 39.46 39.47 39.46 39.45 39.45 39.46 39.45 39.44 39.46 39.49 39.5 39.51 39.5 39.49 39.49 39.49 39.48 39.49 39.52 39.52 39.51 39.51 39.49 39.5 39.52 39.52 39.52 39.51 39.49 39.49 39.5 39.5 39.49 39.49 39.5 39.51 39.52 39.52 39.51 39.49 39.47 39.45 39.44
39.38 39.38 39.39 39.42 39.42 39.43 39.44 39.46 39.48 39.48 39.46 39.47 39.47 39.47 39.47 39.46 39.48 39.5 39.48 39.48 39.48 39.48 39.5 39.49 39.48 39.48 39.5 39.5 39.49 39.47 39.47 39.49 39.51 39.49 39.45 39.45 39.44 39.46 39.47 39.47 39.46 39.45 39.44 39.45 39.48 39.51 39.51 39.51 39.5 39.51 39.5 39.49 39.5 39.53 39.53 39.52 39.51 39.49 39.49 39.52 39.52 39.51 39.51 39.51 39.5 39.5 39.5 39.49 39.49 39.5 39.5 39.51 39.51 39.5 39.49 39.48 39.45 39.45
39.36 39.37 39.39 39.4 39.41 39.42 39.44 39.46 39.47 39.48 39.47 39.48 39.48 39.49 39.48 39.48 39.5 39.51 39.48 39.47 39.47 39.49 39.5 39.5 39.49 39.5 39.52 39.5 39.48 39.48 39.48 39.48 39.5 39.5 39.47 39.45 39.44 39.46 39.49 39.49 39.48 39.46 39.47 39.47 39.47 39.49 39.51 39.52 39.51 39.52 39.52 39.5 39.49 39.51 39.51 39.52 39.51 39.5 39.5 39.51 39.51 39.51 39.51 39.52 39.52 39.54 39.52 39.49 39.5 39.5 39.5 39.5 39.49 39.49 39.48 39.48 39.47 39.46
39.34 39.36 39.39 39.39 39.39 39.42 39.44 39.45 39.46 39.47 39.47 39.46 39.48 39.5 39.49 39.49 39.5 39.51 39.5 39.48 39.47 39.5 39.52 39.52 39.52 39.52 39.51 39.49 39.48 39.51 39.53 39.51 39.48 39.49 39.5 39.48 39.46 39.45 39.45 39.47 39.48 39.47 39.47 39.46 39.46 39.47 39.49 39.51 39.52 39.53 39.52 39.51 39.49 39.48 39.48 39.5 39.51 39.53 39.53 39.51 39.51 39.52 39.52 39.51 39.52 39.54 39.53 39.5 39.49 39.48 39.48 39.48 39.46 39.46 39.47 39.48 39.48 39.47
39.35 39.35 39.37 39.37 39.37 39.4 39.43 39.43 39.44 39.46 39.44 39.44 39.45 39.48 39.5 39.5 39.5 39.51 39.52 39.51 39.49 39.5 39.51 39.51 39.5 39.49 39.49 39.48 39.48 39.5 39.51 39.51 39.49 39.48 39.5 39.5 39.48 39.46 39.44 39.45 39.47 39.49 39.47 39.45 39.46 39.48 39.48 39.49 39.5 39.51 39.51 39.52 39.51 39.49 39.49 39.49 39.5 39.53 39.53 39.52 39.52 39.52 39.52 39.52 39.51 39.52 39.51 39.49 39.48 39.48 39.48 39.47 39.45 39.45 39.46 39.47 39.46 39.46
39.34 39.35 39.36 39.36 39.35 39.37 39.41 39.42 39.43 39.44 39.45 39.46 39.44 39.44 39.48 39.5 39.51 39.5 39.5 39.5 39.5 39.49 39.48 39.48 39.48 39.48 39.49 39.49 39.5 39.51 39.51 39.5 39.5 39.49 39.5 39.49 39.48 39.49 39.47 39.45 39.46 39.5 39.49 39.46 39.46 39.48 39.49 39.48 39.48 39.48 39.49 39.52 39.53 39.51 39.5 39.49 39.49 39.5 39.51 39.52 39.53 39.52 39.51 39.51 39.52 39.52 39.51 39.49 39.49 39.49 39.49 39.48 39.47 39.46 39.45 39.45 39.45 39.46
39.33 39.34 39.37 39.39 39.37 39.35 39.37 39.38 39.4 39.43 39.46 39.47 39.45 39.44 39.45 39.47 39.49 39.49 39.48 39.49 39.51 39.49 39.48 39.48 39.48 39.5 39.51 39.5 39.49 39.52 39.53 39.51 39.5 39.51 39.51 39.49 39.48 39.51 39.5 39.47 39.46 39.49 39.49 39.47 39.46 39.48 39.49 39.48 39.47 39.47 39.48 39.5 39.51 39.52 39.5 39.48 39.48 39.48 39.49 39.52 39.53 39.53 39.51 39.49 39.5 39.51 39.51 39.5 39.49 39.49 39.48 39.49 39.49 39.48 39.45 39.45 39.47 39.47
39.35 39.33 39.34 39.37 39.38 39.36 39.35 39.35 39.39 39.44 39.45 39.44 39.44 39.45 39.46 39.47 39.48 39.48 39.49 39.49 39.49 39.48 39.49 39.49 39.48 39.49 39.51 39.5 39.49 39.52 39.54 39.52 39.5 39.51 39.5 39.5 39.49 39.5 39.5 39.47 39.46 39.48 39.48 39.46 39.45 39.48 39.49 39.48 39.46 39.46 39.47 39.47 39.47 39.49 39.49 39.48 39.46 39.46 39.48 39.52 39.53 39.53 39.52 39.5 39.49 39.49 39.49 39.5 39.5 39.5 39.49 39.49 39.5 39.48 39.46 39.46 39.47 39.47
39.35 39.33 39.32 39.33 39.34 39.36 39.36 39.35 39.38 39.42 39.42 39.42 39.42 39.44 39.46 39.47 39.47 39.48 39.5 39.49 39.47 39.47 39.49 39.49 39.48 39.49 39.51 39.51 39.5 39.5 39.51 39.51 39.5 39.52 39.51 39.51 39.49 39.47 39.47 39.47 39.47 39.47 39.48 39.47 39.46 39.46 39.48 39.48 39.47 39.47 39.47 39.46 39.46 39.48 39.49 39.49 39.47 39.48 39.5 39.51 39.52 39.52 39.52 39.51 39.49 39.48 39.47 39.47 39.5 39.51 39.5 39.47 39.48 39.47 39.46 39.45 39.45 39.46
39.35 39.32 39.32 39.32 39.32 39.33 39.35 39.36 39.38 39.39 39.39 39.41 39.42 39.43 39.45 39.46 39.47 39.47 39.49 39.49 39.47 39.47 39.48 39.49 39.5 39.5 39.51 39.52 39.5 39.49 39.48 39.48 39.49 39.51 39.52 39.52 39.49 39.43 39.45 39.48 39.47 39.47 39.48 39.49 39.49 39.47 39.48 39.49 39.49 39.49 39.49 39.47 39.46 39.46 39.48 39.49 39.49 39.5 39.52 39.51 39.51 39.51 39.51 39.51 39.5 39.48 39.46 39.46 39.48 39.5 39.49 39.47 39.48 39.47 39.46 39.45 39.44 39.45
39.33 39.33 39.31 39.32 39.32 39.31 39.32 39.33 39.35 39.37 39.37 39.38 39.4 39.43 39.45 39.46 39.47 39.47 39.47 39.47 39.47 39.49 39.5 39.5 39.5 39.5 39.5 39.5 39.5 39.49 39.48 39.48 39.5 39.5 39.51 39.52 39.49 39.46 39.46 39.48 39.48 39.48 39.48 39.49 39.5 39.5 39.49 39.47 39.47 39.48 39.48 39.47 39.45 39.45 39.46 39.48 39.48 39.49 39.52 39.51 39.51 39.51 39.5 39.5 39.5 39.49 39.47 39.46 39.47 39.48 39.48 39.46 39.46 39.47 39.46 39.45 39.45 39.46
39.32 39.33 39.33 39.33 39.34 39.32 39.32 39.31 39.33 39.35 39.35 39.35 39.37 39.41 39.43 39.43 39.45 39.45 39.45 39.45 39.46 39.48 39.5 39.5 39.5 39.5 39.49 39.49 39.51 39.5 39.49 39.48 39.5 39.51 39.51 39.52 39.51 39.5 39.49 39.47 39.48 39.49 39.49 39.48 39.49 39.5 39.49 39.47 39.46 39.47 39.47 39.47 39.45 39.45 39.47 39.48 39.47 39.48 39.5 39.5 39.5 39.5 39.49 39.49 39.49 39.49 39.48 39.47 39.48 39.48 39.46 39.43 39.43 39.45 39.45 39.45 39.46 39.47
