slabs/76.grd
DSAA
631 301
646410 647040
4947500 4947800
31.59 44.83
[rows 170 to 203 of 301, columns 156 to 233 of 631]
39.45 39.45 39.45 39.43 39.41 39.39 39.39 39.41 39.41 39.4 39.41 39.41 39.41 39.4 39.39 39.37 39.35 39.34 39.33 39.34 39.36 39.36 39.36 39.38 39.4 39.43 39.47 39.47 39.45 39.47 39.49 39.48 39.47 39.48 39.5 39.51 39.52 39.52 39.47 39.42 39.4 39.36 39.32 39.29 39.28 39.27 39.26 39.26 39.27 39.27 39.24 39.21 39.21 39.2 39.19 39.2 39.2 39.21 39.22 39.22 39.22 39.22 39.24 39.24 39.24 39.26 39.25 39.23 39.21 39.2 39.17 39.18 39.18 39.17 39.18 39.16 39.13 39.12
39.45 39.43 39.43 39.43 39.42 39.4 39.39 39.39 39.41 39.41 39.41 39.42 39.42 39.41 39.39 39.37 39.36 39.36 39.34 39.33 39.34 39.35 39.35 39.36 39.37 39.39 39.4 39.4 39.41 39.43 39.46 39.47 39.46 39.45 39.45 39.46 39.48 39.5 39.48 39.45 39.44 39.4 39.34 39.3 39.28 39.27 39.27 39.27 39.27 39.27 39.25 39.22 39.21 39.2 39.21 39.21 39.2 39.2 39.2 39.21 39.22 39.22 39.22 39.22 39.23 39.25 39.26 39.24 39.21 39.19 39.16 39.17 39.17 39.16 39.16 39.15 39.12 39.11
39.46 39.42 39.42 39.43 39.43 39.42 39.4 39.4 39.41 39.41 39.39 39.4 39.4 39.41 39.4 39.38 39.37 39.37 39.35 39.33 39.32 39.32 39.33 39.35 39.37 39.36 39.35 39.34 39.35 39.38 39.42 39.44 39.44 39.43 39.43 39.43 39.44 39.48 39.5 39.49 39.46 39.4 39.36 39.34 39.31 39.27 39.27 39.27 39.27 39.26 39.25 39.22 39.2 39.19 39.2 39.19 39.2 39.21 39.2 39.21 39.24 39.24 39.22 39.21 39.21 39.22 39.24 39.23 39.2 39.19 39.18 39.17 39.16 39.16 39.15 39.13 39.11 39.11
39.45 39.44 39.45 39.45 39.44 39.43 39.41 39.41 39.41 39.4 39.38 39.38 39.38 39.39 39.4 39.4 39.39 39.37 39.37 39.33 39.3 39.31 39.31 39.31 39.34 39.34 39.34 39.32 39.32 39.35 39.38 39.38 39.4 39.42 39.43 39.43 39.43 39.44 39.48 39.5 39.47 39.43 39.39 39.37 39.33 39.28 39.25 39.25 39.26 39.26 39.25 39.23 39.22 39.2 39.19 39.19 39.21 39.22 39.21 39.21 39.23 39.24 39.22 39.21 39.19 39.19 39.21 39.2 39.19 39.18 39.17 39.16 39.14 39.13 39.14 39.14 39.12 39.11
39.44 39.44 39.45 39.45 39.45 39.43 39.41 39.41 39.41 39.41 39.39 39.37 39.37 39.37 39.38 39.4 39.39 39.38 39.38 39.36 39.33 39.33 39.32 39.31 39.31 39.31 39.31 39.3 39.3 39.34 39.35 39.33 39.36 39.4 39.43 39.45 39.43 39.42 39.45 39.48 39.47 39.45 39.42 39.41 39.38 39.31 39.26 39.25 39.25 39.26 39.25 39.25 39.24 39.22 39.21 39.2 39.22 39.23 39.22 39.2 39.2 39.21 39.21 39.2 39.19 39.18 39.17 39.17 39.16 39.16 39.15 39.14 39.12 39.1 39.13 39.15 39.12 39.12
39.44 39.44 39.44 39.44 39.44 39.42 39.4 39.4 39.4 39.41 39.4 39.38 39.37 39.37 39.38 39.38 39.38 39.37 39.36 39.36 39.37 39.37 39.34 39.32 39.31 39.31 39.3 39.29 39.29 39.32 39.32 39.31 39.33 39.37 39.41 39.45 39.43 39.41 39.44 39.45 39.45 39.44 39.42 39.42 39.41 39.35 39.31 39.28 39.26 39.25 39.26 39.25 39.24 39.23 39.23 39.23 39.22 39.22 39.21 39.19 39.17 39.19 39.2 39.2 39.2 39.19 39.15 39.14 39.14 39.14 39.14 39.13 39.1 39.1 39.12 39.13 39.11 39.12
39.45 39.44 39.43 39.43 39.41 39.4 39.39 39.4 39.4 39.4 39.41 39.41 39.4 39.39 39.37 39.37 39.37 39.36 39.35 39.35 39.37 39.38 39.35 39.32 39.32 39.32 39.3 39.29 39.29 39.31 39.31 39.29 39.3 39.34 39.38 39.41 39.4 39.4 39.43 39.45 39.45 39.44 39.41 39.41 39.42 39.39 39.37 39.35 39.3 39.26 39.26 39.25 39.22 39.22 39.23 39.23 39.21 39.2 39.19 39.19 39.18 39.18 39.18 39.17 39.17 39.17 39.16 39.15 39.13 39.12 39.11 39.12 39.11 39.1 39.12 39.14 39.12 39.12
39.45 39.45 39.44 39.43 39.41 39.4 39.39 39.4 39.41 39.41 39.41 39.42 39.42 39.41 39.38 39.37 39.38 39.36 39.36 39.36 39.36 39.37 39.36 39.34 39.32 39.31 39.3 39.3 39.3 39.29 39.28 39.27 39.28 39.31 39.34 39.36 39.37 39.4 39.42 39.44 39.45 39.43 39.4 39.41 39.43 39.41 39.41 39.4 39.36 39.31 39.28 39.27 39.23 39.22 39.22 39.22 39.21 39.2 39.21 39.21 39.2 39.18 39.18 39.16 39.15 39.16 39.15 39.14 39.13 39.12 39.11 39.11 39.13 39.12 39.12 39.12 39.12 39.13
39.45 39.45 39.45 39.45 39.44 39.41 39.38 39.39 39.39 39.39 39.39 39.38 39.4 39.4 39.39 39.38 39.36 39.34 39.36 39.37 39.36 39.35 39.34 39.33 39.32 39.3 39.3 39.3 39.3 39.28 39.25 39.25 39.26 39.28 39.29 39.32 39.33 39.36 39.4 39.42 39.42 39.42 39.41 39.42 39.42 39.39 39.38 39.39 39.41 39.37 39.33 39.31 39.26 39.23 39.22 39.23 39.22 39.2 39.22 39.24 39.21 39.18 39.18 39.19 39.19 39.17 39.15 39.14 39.13 39.13 39.13 39.14 39.15 39.15 39.14 39.13 39.13 39.13
39.45 39.45 39.45 39.45 39.45 39.41 39.38 39.39 39.38 39.38 39.38 39.38 39.37 39.37 39.38 39.38 39.35 39.32 39.34 39.36 39.36 39.36 39.34 39.33 39.32 39.3 39.3 39.3 39.3 39.29 39.25 39.24 39.24 39.25 39.26 39.28 39.29 39.31 39.34 39.35 39.37 39.4 39.42 39.41 39.39 39.37 39.34 39.35 39.39 39.39 39.37 39.34 39.3 39.25 39.23 39.23 39.21 39.19 39.21 39.23 39.21 39.18 39.17 39.18 39.19 39.19 39.18 39.16 39.15 39.15 39.16 39.17 39.17 39.17 39.17 39.17 39.18 39.19
39.43 39.44 39.45 39.45 39.46 39.43 39.39 39.39 39.38 39.37 39.38 39.39 39.37 39.35 39.35 39.35 39.34 39.31 39.33 39.34 39.35 39.35 39.34 39.33 39.32 39.3 39.3 39.31 39.3 39.29 39.28 39.26 39.24 39.22 39.23 39.25 39.27 39.27 39.26 39.27 39.31 39.36 39.4 39.4 39.39 39.39 39.38 39.36 39.34 39.36 39.37 39.36 39.33 39.28 39.25 39.23 39.2 39.2 39.2 39.21 39.19 39.17 39.18 39.19 39.19 39.19 39.2 39.19 39.18 39.19 39.2 39.21 39.21 39.21 39.22 39.23 39.24 39.26
39.43 39.43 39.45 39.46 39.45 39.44 39.42 39.4 39.39 39.38 39.37 39.37 39.37 39.36 39.34 39.33 39.33 39.32 39.33 39.33 39.33 39.33 39.33 39.33 39.31 39.3 39.31 39.31 39.3 39.3 39.3 39.29 39.25 39.23 39.22 39.23 39.24 39.24 39.23 39.24 39.26 39.31 39.35 39.37 39.38 39.38 39.38 39.37 39.33 39.32 39.33 39.34 39.34 39.31 39.29 39.28 39.24 39.21 39.21 39.2 39.2 39.19 39.19 39.21 39.21 39.21 39.22 39.21 39.2 39.21 39.23 39.25 39.26 39.27 39.28 39.28 39.27 39.28
39.44 39.44 39.44 39.44 39.43 39.43 39.43 39.4 39.4 39.39 39.37 39.35 39.36 39.36 39.35 39.35 39.35 39.35 39.34 39.34 39.32 39.31 39.32 39.33 39.31 39.3 39.31 39.3 39.3 39.31 39.32 39.3 39.27 39.24 39.23 39.23 39.23 39.23 39.22 39.22 39.23 39.25 39.28 39.31 39.35 39.35 39.34 39.35 39.35 39.34 39.33 39.31 39.32 39.32 39.32 39.32 39.29 39.27 39.26 39.23 39.22 39.22 39.23 39.24 39.24 39.25 39.25 39.25 39.25 39.26 39.29 39.32 39.32 39.32 39.32 39.3 39.27 39.3
39.43 39.43 39.43 39.41 39.41 39.42 39.42 39.42 39.42 39.39 39.37 39.36 39.36 39.35 39.35 39.36 39.36 39.35 39.34 39.33 39.31 39.3 39.32 39.32 39.3 39.31 39.32 39.3 39.28 39.31 39.32 39.32 39.29 39.24 39.22 39.22 39.23 39.24 39.23 39.22 39.22 39.22 39.22 39.25 39.3 39.31 39.3 39.32 39.34 39.35 39.33 39.31 39.3 39.31 39.32 39.33 39.32 39.32 39.31 39.28 39.27 39.29 39.29 39.28 39.28 39.29 39.31 39.31 39.32 39.34 39.36 39.37 39.37 39.37 39.35 39.31 39.29 39.34
39.43 39.42 39.42 39.4 39.4 39.4 39.41 39.43 39.42 39.38 39.37 39.38 39.36 39.34 39.35 39.34 39.33 39.32 39.32 39.31 39.3 39.3 39.32 39.32 39.29 39.29 39.3 39.29 39.28 39.29 39.29 39.29 39.3 39.27 39.24 39.24 39.23 39.21 39.2 39.21 39.21 39.2 39.2 39.22 39.25 39.25 39.25 39.27 39.3 39.31 39.32 39.32 39.29 39.29 39.3 39.33 39.34 39.35 39.35 39.33 39.33 39.36 39.36 39.34 39.33 39.33 39.35 39.36 39.37 39.38 39.38 39.41 39.44 39.45 39.43 39.38 39.35 39.36
39.44 39.42 39.4 39.4 39.41 39.42 39.41 39.43 39.41 39.37 39.38 39.39 39.38 39.35 39.35 39.35 39.34 39.32 39.31 39.3 39.28 39.29 39.3 39.3 39.29 39.28 39.28 39.28 39.28 39.28 39.27 39.26 39.27 39.28 39.27 39.26 39.24 39.21 39.2 39.19 39.19 39.2 39.21 39.22 39.21 39.21 39.22 39.23 39.24 39.25 39.28 39.3 39.29 39.28 39.28 39.31 39.36 39.37 39.37 39.36 39.38 39.41 39.4 39.38 39.36 39.35 39.36 39.36 39.36 39.38 39.45 39.53 39.57 39.56 39.5 39.42 39.37 39.31
39.43 39.41 39.4 39.41 39.43 39.43 39.42 39.44 39.42 39.37 39.37 39.37 39.37 39.36 39.36 39.36 39.35 39.34 39.31 39.29 39.29 39.3 39.29 39.29 39.27 39.28 39.28 39.26 39.25 39.26 39.27 39.25 39.24 39.25 39.25 39.26 39.25 39.22 39.2 39.18 39.17 39.18 39.2 39.19 39.16 39.16 39.18 39.2 39.2 39.2 39.22 39.25 39.27 39.29 39.29 39.32 39.36 39.38 39.39 39.41 39.42 39.42 39.41 39.38 39.36 39.35 39.35 39.36 39.38 39.45 39.58 39.63 39.61 39.57 39.46 39.31 39.23 39.14
39.41 39.4 39.39 39.42 39.41 39.4 39.41 39.43 39.42 39.39 39.37 39.35 39.34 39.35 39.36 39.36 39.34 39.33 39.3 39.3 39.3 39.31 39.3 39.29 39.27 39.26 39.27 39.26 39.25 39.25 39.25 39.24 39.23 39.24 39.23 39.25 39.25 39.21 39.19 39.16 39.15 39.15 39.16 39.16 39.13 39.13 39.14 39.16 39.16 39.16 39.19 39.23 39.27 39.3 39.32 39.34 39.35 39.37 39.41 39.43 39.43 39.42 39.39 39.38 39.38 39.37 39.39 39.46 39.5 39.55 39.61 39.54 39.47 39.4 39.26 39.15 39.11 39.1
39.4 39.4 39.39 39.39 39.38 39.38 39.4 39.4 39.4 39.4 39.4 39.38 39.35 39.34 39.35 39.35 39.34 39.33 39.31 39.31 39.3 39.3 39.3 39.29 39.26 39.24 39.26 39.26 39.25 39.24 39.23 39.22 39.21 39.21 39.21 39.23 39.22 39.19 39.16 39.14 39.14 39.13 39.13 39.13 39.13 39.14 39.14 39.13 39.14 39.18 39.2 39.24 39.27 39.29 39.32 39.34 39.35 39.36 39.4 39.42 39.41 39.41 39.4 39.4 39.4 39.43 39.51 39.58 39.58 39.54 39.46 39.34 39.25 39.19 39.12 39.16 39.22 39.31
39.39 39.39 39.41 39.41 39.39 39.39 39.4 39.39 39.38 39.37 39.36 39.36 39.35 39.31 39.31 39.32 39.32 39.32 39.31 39.31 39.3 39.28 39.28 39.27 39.24 39.23 39.25 39.24 39.24 39.23 39.22 39.21 39.2 39.2 39.2 39.2 39.18 39.15 39.14 39.13 39.13 39.12 39.12 39.13 39.15 39.15 39.16 39.15 39.17 39.21 39.21 39.24 39.27 39.28 39.32 39.35 39.36 39.37 39.38 39.39 39.42 39.43 39.43 39.44 39.45 39.47 39.51 39.49 39.43 39.36 39.24 39.13 39.07 39.1 39.22 39.37 39.5 39.66
39.4 39.39 39.42 39.43 39.41 39.4 39.4 39.4 39.37 39.35 39.34 39.35 39.35 39.32 39.32 39.32 39.31 39.31 39.31 39.31 39.3 39.28 39.27 39.25 39.24 39.23 39.23 39.23 39.22 39.21 39.2 39.2 39.2 39.19 39.18 39.16 39.15 39.14 39.14 39.15 39.16 39.15 39.14 39.15 39.16 39.17 39.18 39.2 39.22 39.24 39.23 39.24 39.27 39.29 39.32 39.36 39.37 39.37 39.37 39.41 39.46 39.48 39.47 39.43 39.42 39.42 39.38 39.27 39.2 39.17 39.13 39.13 39.15 39.25 39.46 39.64 39.83 40.05
39.41 39.4 39.4 39.4 39.38 39.38 39.39 39.39 39.37 39.35 39.34 39.34 39.34 39.33 39.32 39.32 39.31 39.29 39.29 39.29 39.29 39.27 39.26 39.24 39.23 39.23 39.21 39.2 39.2 39.18 39.17 39.16 39.17 39.18 39.17 39.15 39.15 39.16 39.15 39.15 39.19 39.19 39.18 39.18 39.19 39.2 39.21 39.23 39.26 39.28 39.27 39.26 39.28 39.3 39.33 39.35 39.36 39.36 39.39 39.47 39.54 39.54 39.46 39.32 39.25 39.25 39.2 39.13 39.12 39.17 39.3 39.43 39.51 39.64 39.83 40.04 40.34 40.61
39.43 39.41 39.41 39.39 39.36 39.36 39.36 39.36 39.35 39.34 39.33 39.33 39.32 39.31 39.3 39.31 39.32 39.28 39.27 39.27 39.26 39.26 39.25 39.22 39.21 39.2 39.19 39.17 39.15 39.14 39.13 39.13 39.15 39.16 39.16 39.15 39.13 39.14 39.14 39.16 39.19 39.22 39.22 39.23 39.25 39.25 39.25 39.27 39.29 39.31 39.32 39.31 39.31 39.32 39.34 39.33 39.31 39.31 39.39 39.49 39.54 39.52 39.41 39.22 39.11 39.14 39.2 39.24 39.31 39.45 39.7 39.92 40.04 40.25 40.47 40.73 40.98 41.24
39.43 39.42 39.41 39.4 39.38 39.37 39.35 39.35 39.35 39.34 39.33 39.32 39.31 39.3 39.29 39.3 39.31 39.29 39.27 39.25 39.23 39.23 39.23 39.2 39.18 39.16 39.16 39.15 39.11 39.09 39.1 39.13 39.14 39.13 39.14 39.14 39.14 39.15 39.16 39.18 39.21 39.23 39.25 39.28 39.28 39.28 39.28 39.29 39.3 39.31 39.32 39.32 39.32 39.33 39.37 39.34 39.28 39.28 39.36 39.45 39.44 39.45 39.39 39.25 39.19 39.32 39.54 39.64 39.74 39.94 40.19 40.42 40.58 40.85 41.16 41.43 41.56 41.8
39.44 39.41 39.4 39.4 39.4 39.39 39.37 39.35 39.34 39.33 39.32 39.3 39.28 39.28 39.28 39.28 39.29 39.28 39.27 39.25 39.23 39.21 39.2 39.18 39.17 39.14 39.13 39.13 39.11 39.1 39.1 39.12 39.15 39.14 39.14 39.15 39.17 39.19 39.19 39.21 39.24 39.25 39.27 39.3 39.3 39.31 39.32 39.3 39.29 39.29 39.29 39.31 39.32 39.37 39.46 39.39 39.25 39.23 39.32 39.38 39.31 39.37 39.49 39.51 39.53 39.7 39.99 40.15 40.25 40.46 40.71 40.92 41.06 41.33 41.67 41.94 42.11 42.43
39.43 39.4 39.37 39.38 39.39 39.39 39.38 39.34 39.32 39.32 39.3 39.28 39.27 39.28 39.27 39.25 39.25 39.26 39.25 39.25 39.23 39.2 39.18 39.16 39.15 39.13 39.12 39.1 39.12 39.14 39.13 39.13 39.15 39.17 39.17 39.18 39.2 39.22 39.23 39.26 39.28 39.28 39.3 39.31 39.3 39.3 39.31 39.3 39.3 39.3 39.31 39.35 39.36 39.44 39.55 39.39 39.15 39.14 39.28 39.43 39.4 39.46 39.65 39.78 39.84 40.02 40.34 40.55 40.68 40.94 41.24 41.44 41.61 41.89 42.19 42.42 42.62 42.97
39.41 39.4 39.37 39.37 39.38 39.37 39.35 39.33 39.33 39.33 39.31 39.29 39.27 39.28 39.27 39.24 39.24 39.24 39.24 39.22 39.19 39.18 39.17 39.15 39.13 39.13 39.12 39.11 39.13 39.14 39.14 39.14 39.16 39.19 39.2 39.22 39.24 39.25 39.28 39.3 39.3 39.3 39.3 39.3 39.28 39.29 39.32 39.35 39.37 39.37 39.41 39.44 39.43 39.43 39.4 39.25 39.11 39.17 39.38 39.57 39.61 39.67 39.84 39.99 40.11 40.41 40.77 40.97 41.14 41.5 41.8 41.96 42.14 42.43 42.67 42.86 43.05 43.38
39.42 39.41 39.39 39.38 39.38 39.35 39.33 39.32 39.32 39.33 39.32 39.29 39.27 39.25 39.25 39.23 39.21 39.21 39.22 39.2 39.16 39.15 39.16 39.15 39.14 39.14 39.13 39.13 39.14 39.15 39.16 39.17 39.18 39.2 39.23 39.25 39.27 39.29 39.32 39.31 39.29 39.29 39.29 39.3 39.3 39.33 39.41 39.48 39.47 39.45 39.41 39.37 39.35 39.3 39.22 39.24 39.32 39.46 39.66 39.76 39.82 39.96 40.21 40.45 40.61 40.9 41.27 41.53 41.71 42.04 42.34 42.52 42.66 42.93 43.17 43.33 43.49 43.74
39.44 39.42 39.4 39.39 39.37 39.36 39.34 39.32 39.31 39.32 39.31 39.28 39.27 39.26 39.26 39.24 39.2 39.18 39.19 39.19 39.17 39.15 39.16 39.17 39.16 39.14 39.14 39.15 39.16 39.18 39.19 39.2 39.21 39.22 39.24 39.27 39.3 39.31 39.33 39.31 39.28 39.31 39.35 39.4 39.44 39.48 39.56 39.54 39.44 39.33 39.16 39.11 39.17 39.28 39.41 39.53 39.61 39.77 39.94 40.06 40.18 40.39 40.7 41.01 41.14 41.39 41.78 42.06 42.22 42.53 42.85 43.07 43.15 43.34 43.59 43.75 43.84 43.93
39.43 39.42 39.42 39.41 39.37 39.35 39.35 39.33 39.32 39.32 39.31 39.28 39.29 39.29 39.26 39.21 39.18 39.17 39.18 39.19 39.18 39.17 39.17 39.18 39.17 39.16 39.16 39.17 39.19 39.2 39.22 39.22 39.22 39.23 39.25 39.28 39.29 39.3 39.32 39.35 39.38 39.42 39.47 39.49 39.51 39.56 39.57 39.36 39.13 38.99 38.92 39.05 39.22 39.5 39.68 39.74 39.85 40.08 40.23 40.35 40.52 40.83 41.19 41.52 41.66 41.93 42.3 42.57 42.73 43.03 43.32 43.5 43.54 43.65 43.83 43.93 43.97 43.93
39.4 39.4 39.41 39.41 39.38 39.35 39.34 39.33 39.34 39.33 39.3 39.27 39.28 39.28 39.25 39.19 39.17 39.18 39.18 39.18 39.18 39.19 39.19 39.19 39.19 39.19 39.2 39.22 39.24 39.24 39.25 39.25 39.25 39.24 39.25 39.29 39.32 39.33 39.37 39.47 39.54 39.54 39.51 39.41 39.34 39.35 39.3 39.08 38.81 38.75 38.98 39.28 39.48 39.79 39.94 39.96 40.14 40.48 40.7 40.84 41.01 41.35 41.75 42.06 42.21 42.51 42.84 43.06 43.19 43.45 43.68 43.79 43.8 43.83 43.92 43.94 43.91 43.87
39.39 39.39 39.39 39.39 39.37 39.36 39.34 39.32 39.32 39.32 39.29 39.24 39.24 39.25 39.24 39.2 39.18 39.19 39.2 39.19 39.18 39.2 39.22 39.22 39.23 39.23 39.25 39.27 39.29 39.27 39.25 39.28 39.31 39.32 39.31 39.34 39.39 39.43 39.49 39.58 39.65 39.6 39.43 39.25 39.17 39.12 39.04 38.94 38.78 38.81 39.26 39.53 39.73 40.07 40.29 40.39 40.55 40.9 41.24 41.45 41.63 41.97 42.35 42.61 42.76 43.06 43.35 43.51 43.57 43.74 43.9 43.93 43.91 43.88 43.92 43.91 43.88 43.88
39.4 39.41 39.41 39.38 39.36 39.34 39.33 39.3 39.29 39.29 39.27 39.24 39.21 39.21 39.21 39.21 39.2 39.21 39.21 39.22 39.21 39.22 39.25 39.26 39.28 39.29 39.3 39.31 39.31 39.28 39.24 39.33 39.46 39.49 39.48 39.46 39.49 39.51 39.54 39.59 39.61 39.48 39.28 39.13 39.1 39.13 39.13 39.07 39.02 39.25 39.71 39.87 40.06 40.45 40.73 40.88 41.01 41.34 41.78 42.06 42.22 42.55 42.87 43.08 43.22 43.47 43.7 43.79 43.82 43.87 43.91 43.89 43.89 43.87 43.88 43.89 43.91 43.92
39.39 39.41 39.41 39.38 39.33 39.31 39.31 39.29 39.27 39.25 39.24 39.23 39.2 39.18 39.2 39.22 39.22 39.22 39.24 39.25 39.26 39.27 39.29 39.31 39.31 39.32 39.33 39.32 39.29 39.29 39.33 39.44 39.56 39.61 39.62 39.58 39.58 39.54 39.46 39.43 39.38 39.27 39.22 39.21 39.26 39.4 39.49 39.48 39.58 39.92 40.23 40.33 40.52 40.92 41.25 41.41 41.54 41.84 42.25 42.55 42.74 43.03 43.29 43.45 43.58 43.71 43.83 43.84 43.84 43.85 43.82 43.8 43.85 43.86 43.86 43.89 43.93 43.94
