slabs/76.grd
DSAA
631 301
646410 647040
4947500 4947800
31.59 44.83
[rows 0 to 33 of 301, columns 546 to 623 of 631]
39.51 39.55 39.51 39.54 39.55 39.52 39.52 39.55 39.54 39.58 39.56 39.53 39.54 39.47 39.5 39.52 39.47 39.46 39.45 39.42 39.42 39.42 39.42 39.43 39.48 39.5 39.57 39.73 39.82 39.88 40.01 40.06 40.2 40.22 40.3 40.33 40.38 40.39 40.42 40.49 40.29 40.25 40.28 40.29 40.47 40.58 40.8 41.12 41.23 41.45 41.79 42.09 42.26 42.74 43.28 43.54 43.65 43.88 43.9 43.83 43.82 43.84 43.82 43.85 43.82 43.83 43.85 43.86 43.87 43.92 43.91 43.87 43.92 44.01 43.99 43.98 43.95 43.96
39.45 39.48 39.51 39.55 39.51 39.5 39.49 39.46 39.47 39.53 39.52 39.5 39.53 39.44 39.46 39.49 39.46 39.43 39.41 39.39 39.4 39.41 39.42 39.45 39.54 39.58 39.71 39.89 39.96 39.99 40.08 40.14 40.24 40.25 40.28 40.29 40.35 40.39 40.4 40.4 40.13 40.1 40.18 40.34 40.58 40.72 40.95 41.14 41.29 41.78 42.19 42.49 42.72 43.26 43.74 43.85 43.88 43.93 43.87 43.87 43.86 43.86 43.89 43.88 43.83 43.79 43.85 43.85 43.86 43.91 43.99 43.97 43.96 43.98 43.98 43.98 43.97 43.98
39.44 39.45 39.48 39.56 39.51 39.47 39.47 39.43 39.45 39.52 39.5 39.46 39.48 39.42 39.43 39.47 39.43 39.39 39.39 39.38 39.44 39.45 39.46 39.52 39.69 39.76 39.87 40 40.05 40.07 40.13 40.19 40.24 40.24 40.25 40.29 40.37 40.37 40.28 40.18 40.01 40.06 40.26 40.49 40.67 40.86 41.14 41.37 41.59 42.24 42.74 43.07 43.24 43.59 43.84 43.86 43.86 43.86 43.85 43.92 43.88 43.83 43.87 43.86 43.83 43.8 43.85 43.84 43.86 43.93 44.03 44.02 43.98 43.97 43.99 43.98 43.98 44
39.44 39.41 39.43 39.48 39.49 39.45 39.45 39.41 39.43 39.5 39.47 39.43 39.44 39.39 39.4 39.41 39.38 39.37 39.39 39.41 39.51 39.53 39.58 39.67 39.83 39.92 39.98 40.05 40.09 40.11 40.15 40.18 40.21 40.23 40.26 40.27 40.3 40.23 40.04 40.02 40.05 40.22 40.45 40.64 40.73 41.05 41.45 41.84 42.05 42.69 43.25 43.53 43.62 43.79 43.86 43.84 43.83 43.83 43.85 43.91 43.88 43.84 43.88 43.89 43.86 43.85 43.88 43.88 43.9 43.99 44.01 44.01 44 43.97 43.97 43.97 43.98 43.99
39.45 39.38 39.39 39.44 39.5 39.45 39.42 39.39 39.42 39.43 39.42 39.43 39.4 39.38 39.38 39.37 39.38 39.4 39.45 39.5 39.62 39.64 39.73 39.84 39.91 39.97 40.04 40.08 40.07 40.11 40.14 40.16 40.19 40.21 40.23 40.16 40.07 39.98 39.93 40.13 40.18 40.44 40.72 40.88 41.04 41.44 41.92 42.39 42.58 43.09 43.62 43.86 43.85 43.86 43.87 43.83 43.83 43.82 43.83 43.87 43.88 43.87 43.91 43.92 43.93 43.91 43.96 43.95 43.93 44.04 44.02 44.02 44.02 43.96 43.95 43.98 43.99 43.94
39.44 39.36 39.36 39.39 39.44 39.43 39.4 39.39 39.41 39.36 39.36 39.39 39.38 39.38 39.38 39.4 39.41 39.46 39.55 39.6 39.72 39.74 39.82 39.93 39.98 40.02 40.04 40.07 40.05 40.09 40.12 40.15 40.2 40.2 40.08 39.9 39.91 39.98 40.17 40.39 40.45 40.67 41.02 41.42 41.58 41.95 42.42 42.95 43.17 43.44 43.75 43.95 43.92 43.87 43.86 43.84 43.84 43.84 43.83 43.86 43.9 43.87 43.93 43.95 43.97 43.96 44 43.98 43.94 44.04 44.02 44.02 44.03 43.95 43.96 43.99 43.99 43.97
39.42 39.38 39.36 39.36 39.4 39.41 39.38 39.36 39.39 39.34 39.31 39.33 39.36 39.36 39.39 39.47 39.5 39.54 39.64 39.68 39.78 39.82 39.9 40 39.98 40 40.01 40.05 40.08 40.08 40.12 40.14 40.1 40.04 39.95 39.87 39.98 40.24 40.46 40.7 40.78 41.04 41.53 41.89 42.03 42.48 43.05 43.5 43.66 43.72 43.76 43.9 43.89 43.85 43.86 43.86 43.85 43.87 43.89 43.9 43.89 43.89 43.96 43.97 43.98 43.98 43.99 43.99 44 44.04 44 44.03 44.05 43.98 43.97 43.99 44 44.01
39.44 39.39 39.38 39.37 39.38 39.37 39.35 39.34 39.38 39.35 39.29 39.32 39.36 39.38 39.45 39.55 39.6 39.63 39.74 39.83 39.87 39.9 39.97 39.99 39.97 39.98 39.99 40.01 40.06 40.08 40.12 40 39.96 39.88 39.94 40.03 40.16 40.46 40.75 41.04 41.17 41.55 42.03 42.34 42.55 43.06 43.59 43.82 43.88 43.82 43.8 43.86 43.85 43.83 43.85 43.85 43.86 43.88 43.95 43.94 43.89 43.93 43.99 43.99 43.98 43.97 44.03 44.02 44.01 44.02 44.05 44.04 44.03 44.01 44.04 44.04 44.03 44.06
39.45 39.39 39.38 39.38 39.36 39.33 39.33 39.34 39.37 39.35 39.31 39.37 39.41 39.46 39.54 39.64 39.71 39.72 39.8 39.93 39.94 39.96 39.99 40 39.98 39.98 39.99 40.01 39.99 39.95 39.89 39.84 39.86 39.93 40.14 40.3 40.42 40.76 41.08 41.47 41.67 42.15 42.6 42.9 43.2 43.58 43.82 43.87 43.85 43.79 43.83 43.85 43.84 43.82 43.85 43.84 43.85 43.86 43.91 43.92 43.94 43.95 43.97 43.96 43.96 44 44.07 44.06 44.02 44 44.04 44.03 44.06 44.02 44.03 44.05 44.03 44.08
39.43 39.4 39.36 39.36 39.32 39.3 39.28 39.28 39.32 39.32 39.34 39.41 39.45 39.53 39.64 39.68 39.77 39.81 39.9 39.95 39.93 39.95 39.97 39.98 39.94 39.92 39.96 39.99 39.91 39.74 39.69 39.87 39.91 40.08 40.42 40.69 40.8 41.18 41.6 42.07 42.47 43.06 43.39 43.59 43.75 43.81 43.85 43.83 43.79 43.78 43.84 43.84 43.84 43.86 43.86 43.86 43.87 43.91 43.89 43.91 43.93 43.96 43.97 43.95 43.95 43.99 44.04 44.05 43.98 43.97 44.03 44.04 44.08 44.06 44.06 44.05 44.05 44.09
39.42 39.4 39.35 39.33 39.28 39.26 39.26 39.3 39.36 39.35 39.4 39.48 39.54 39.6 39.69 39.73 39.85 39.87 39.95 39.95 39.97 39.99 39.98 39.93 39.91 39.87 39.83 39.89 39.79 39.7 39.82 40.01 40.08 40.33 40.75 41.31 41.47 41.92 42.39 42.85 43.26 43.74 43.91 43.98 43.92 43.8 43.85 43.84 43.81 43.82 43.88 43.86 43.8 43.86 43.85 43.85 43.87 43.95 43.96 43.93 43.92 43.99 44.01 43.99 44 43.97 44.03 44.03 43.99 43.94 43.99 44.06 44.08 44.08 44.07 43.97 44.03 44.07
39.39 39.35 39.3 39.28 39.23 39.25 39.32 39.4 39.41 39.4 39.49 39.6 39.63 39.69 39.77 39.83 39.9 39.89 39.94 39.96 39.98 39.98 39.96 39.88 39.86 39.8 39.7 39.79 39.79 39.86 40.23 40.45 40.58 40.97 41.4 41.95 42.19 42.75 43.15 43.53 43.68 43.79 43.83 43.84 43.83 43.8 43.84 43.84 43.83 43.8 43.83 43.83 43.81 43.83 43.87 43.87 43.86 43.96 43.98 43.96 43.96 44.01 44.04 44 44.03 44 44.01 44.02 43.99 44 44.02 44.05 44.06 44.05 44.04 43.96 44.06 44.07
39.32 39.3 39.26 39.27 39.3 39.31 39.34 39.41 39.46 39.48 39.57 39.66 39.73 39.78 39.87 39.87 39.91 39.9 39.92 39.96 39.95 39.91 39.86 39.81 39.77 39.73 39.73 39.89 40.01 40.28 40.73 41.07 41.26 41.74 42.2 42.5 42.75 43.35 43.58 43.76 43.83 43.82 43.79 43.82 43.83 43.85 43.87 43.84 43.81 43.83 43.83 43.84 43.83 43.81 43.88 43.89 43.87 44 43.91 43.95 43.98 44.02 44.06 44.04 44.04 44.01 44.01 44.04 44 44.05 44.06 44.04 44.04 44.07 44.04 44.04 44.1 44.07
39.27 39.29 39.28 39.31 39.37 39.37 39.38 39.47 39.53 39.57 39.64 39.69 39.8 39.83 39.9 39.89 39.89 39.88 39.9 39.9 39.86 39.73 39.71 39.74 39.75 39.82 39.97 40.25 40.42 40.82 41.23 41.59 41.79 42.23 42.76 43.07 43.27 43.75 43.81 43.8 43.83 43.84 43.84 43.83 43.8 43.84 43.88 43.85 43.79 43.83 43.84 43.86 43.86 43.83 43.9 43.89 43.9 44.02 43.94 43.97 44 44.03 44.05 44.05 44.03 44.01 44.03 44.04 44.03 44.09 44.09 44.08 44.1 44.09 44.06 44.1 44.14 44.1
39.28 39.3 39.29 39.32 39.37 39.41 39.46 39.57 39.63 39.66 39.73 39.77 39.82 39.85 39.87 39.88 39.87 39.84 39.8 39.75 39.7 39.59 39.67 39.77 39.85 40.09 40.35 40.66 40.86 41.28 41.77 42.05 42.28 42.76 43.28 43.49 43.61 43.86 43.89 43.86 43.82 43.81 43.82 43.83 43.82 43.85 43.83 43.84 43.8 43.83 43.83 43.86 43.89 43.9 43.91 43.92 43.93 44.01 44 43.99 44.02 44.05 44.04 44.02 44.05 44.03 44.05 44.07 44.06 44.09 44.09 44.12 44.16 44.11 44.07 44.05 44.2 44.16
39.29 39.3 39.31 39.36 39.38 39.46 39.59 39.66 39.7 39.74 39.82 39.85 39.85 39.85 39.85 39.91 39.86 39.73 39.63 39.55 39.57 39.61 39.77 39.9 40.01 40.38 40.78 41.06 41.29 41.74 42.26 42.48 42.83 43.33 43.73 43.74 43.77 43.82 43.81 43.79 43.74 43.73 43.8 43.81 43.8 43.85 43.85 43.85 43.82 43.82 43.84 43.86 43.91 43.94 43.93 43.94 43.96 43.95 43.98 44.01 44.03 44.06 44.05 44.02 44.06 44.08 44.09 44.1 44.07 44.1 44.1 44.1 44.15 44.14 44.09 43.99 44.17 44.14
39.29 39.34 39.37 39.44 39.48 39.59 39.74 39.78 39.79 39.8 39.84 39.88 39.86 39.84 39.85 39.92 39.8 39.57 39.54 39.52 39.59 39.73 39.87 40.07 40.28 40.76 41.22 41.48 41.73 42.2 42.7 42.86 43.37 43.78 43.86 43.84 43.79 43.8 43.76 43.74 43.72 43.74 43.78 43.78 43.83 43.84 43.85 43.87 43.87 43.84 43.87 43.88 43.91 43.94 43.94 43.95 43.97 43.93 43.96 44.02 44.04 44.01 44.02 44.03 44.05 44.11 44.1 44.1 44.07 44.16 44.15 44.1 44.09 44.1 44.08 44.05 44.09 44.1
39.36 39.45 39.49 39.57 39.62 39.79 39.86 39.88 39.87 39.82 39.82 39.86 39.85 39.86 39.77 39.76 39.64 39.48 39.64 39.75 39.78 39.93 40.16 40.46 40.7 41.22 41.67 41.77 42.18 42.68 43.23 43.36 43.65 43.9 43.86 43.84 43.77 43.75 43.72 43.73 43.73 43.8 43.77 43.78 43.84 43.8 43.84 43.88 43.91 43.89 43.89 43.9 43.9 43.95 43.94 43.97 43.98 43.98 44 44.03 44.04 43.95 43.97 44.04 44.06 44.1 44.09 44.12 44.1 44.12 44.08 44.05 44.04 44.1 44.09 44.11 44.11 44.12
39.47 39.57 39.64 39.72 39.77 39.92 39.9 39.89 39.88 39.85 39.83 39.78 39.79 39.79 39.58 39.51 39.51 39.64 39.87 39.93 40.01 40.3 40.71 41.01 41.25 41.74 42.13 42.28 42.71 43.16 43.62 43.69 43.8 43.83 43.77 43.79 43.79 43.75 43.7 43.72 43.76 43.8 43.79 43.79 43.83 43.82 43.86 43.9 43.92 43.91 43.89 43.88 43.92 43.99 43.97 44 44 44.03 44.03 44.02 44.02 43.95 43.97 44.06 44.07 44.05 44.03 44.09 44.11 44.08 44.02 44.05 44.09 44.09 44.09 44.16 44.13 44.13
39.57 39.66 39.77 39.86 39.89 39.94 39.92 39.9 39.89 39.88 39.81 39.64 39.63 39.6 39.45 39.5 39.61 39.84 40.13 40.26 40.42 40.79 41.14 41.3 41.7 42.24 42.6 42.8 43.26 43.58 43.77 43.79 43.79 43.79 43.74 43.75 43.8 43.79 43.74 43.76 43.82 43.84 43.82 43.82 43.83 43.88 43.89 43.91 43.92 43.91 43.88 43.89 43.98 44.04 44.04 44.04 44.02 44.03 44.02 44 44.01 44.03 44.05 44.08 44.06 44.05 44.04 44.09 44.1 44.09 44.07 44.09 44.08 44.09 44.12 44.18 44.15 44.14
39.71 39.79 39.88 39.94 39.93 39.93 39.93 39.92 39.93 39.89 39.73 39.57 39.51 39.47 39.52 39.65 39.77 40.09 40.39 40.52 40.87 41.25 41.57 41.73 42.22 42.78 43.05 43.25 43.63 43.74 43.78 43.77 43.75 43.8 43.77 43.75 43.79 43.84 43.82 43.8 43.84 43.89 43.87 43.88 43.87 43.92 43.91 43.91 43.92 43.91 43.9 43.91 43.97 44.03 44.03 44.02 44.03 44.08 44.04 43.99 44 44.1 44.1 44.11 44.08 44.11 44.07 44.05 44.04 44.05 44.1 44.14 44.08 44.12 44.15 44.15 44.13 44.15
39.83 39.88 39.92 39.92 39.91 39.92 39.96 39.98 39.95 39.79 39.56 39.52 39.52 39.54 39.62 39.8 40.03 40.44 40.72 40.87 41.32 41.69 42.02 42.23 42.78 43.31 43.45 43.59 43.79 43.77 43.78 43.77 43.77 43.82 43.82 43.8 43.83 43.83 43.84 43.8 43.82 43.87 43.89 43.89 43.88 43.93 43.93 43.93 43.92 43.92 43.91 43.92 43.96 44 44.01 44.02 44.02 44.03 44.04 44.04 44.01 44.06 44.09 44.13 44.08 44.09 44.04 44.02 44.07 44.09 44.14 44.15 44.14 44.16 44.14 44.14 44.14 44.16
39.89 39.89 39.93 39.9 39.93 39.96 39.97 39.88 39.76 39.52 39.41 39.51 39.6 39.69 39.86 40.02 40.43 40.88 41.12 41.28 41.82 42.21 42.54 42.74 43.27 43.68 43.7 43.74 43.79 43.74 43.76 43.77 43.81 43.83 43.83 43.83 43.88 43.86 43.85 43.83 43.83 43.88 43.88 43.88 43.89 43.91 43.91 43.96 43.95 43.97 43.96 43.97 43.96 43.99 43.99 44.01 44.02 44.02 44.06 44.08 44 44.03 44.11 44.13 44.04 44.04 44.04 44.05 44.13 44.13 44.16 44.16 44.16 44.16 44.17 44.2 44.18 44.18
39.91 39.9 39.9 39.91 39.92 39.92 39.82 39.61 39.52 39.43 39.54 39.61 39.78 40.04 40.25 40.45 40.91 41.39 41.67 41.82 42.52 42.96 43.14 43.25 43.59 43.81 43.78 43.75 43.76 43.69 43.71 43.74 43.8 43.79 43.79 43.81 43.9 43.88 43.89 43.88 43.84 43.9 43.91 43.89 43.88 43.89 43.92 43.98 44 44 44 44.02 44.05 44.05 44.03 43.99 44.02 44.03 44.08 44.13 44.07 44.07 44.09 44.07 44.03 44.04 44.07 44.1 44.16 44.16 44.19 44.17 44.17 44.17 44.2 44.23 44.23 44.22
39.91 39.89 39.86 39.85 39.86 39.71 39.54 39.45 39.49 39.57 39.83 39.88 40.14 40.5 40.77 41.16 41.63 42.1 42.47 42.61 43.18 43.53 43.59 43.6 43.7 43.76 43.78 43.77 43.76 43.72 43.71 43.73 43.77 43.74 43.76 43.82 43.84 43.8 43.85 43.88 43.83 43.91 43.9 43.86 43.87 43.91 43.93 43.97 43.98 44 44 44.01 44.05 44.1 44.05 44.03 44 44.03 44.1 44.12 44.1 44.11 44.08 44.05 44.08 44.1 44.12 44.15 44.17 44.19 44.24 44.2 44.22 44.22 44.17 44.21 44.23 44.22
39.91 39.85 39.73 39.67 39.68 39.47 39.46 39.51 39.7 39.8 40.25 40.33 40.68 41.12 41.5 41.89 42.38 42.8 43.23 43.35 43.53 43.67 43.71 43.7 43.68 43.71 43.79 43.8 43.75 43.78 43.77 43.77 43.8 43.79 43.82 43.83 43.81 43.83 43.84 43.88 43.88 43.88 43.9 43.88 43.89 43.92 43.95 43.99 43.95 43.97 44 43.99 44.01 44.05 44.05 44.04 43.99 44.03 44.09 44.07 44.11 44.12 44.1 44.1 44.12 44.14 44.15 44.16 44.2 44.2 44.25 44.26 44.27 44.23 44.15 44.21 44.21 44.19
39.9 39.75 39.6 39.54 39.51 39.53 39.7 39.82 40.08 40.23 40.66 40.82 41.24 41.76 42.25 42.43 42.89 43.27 43.6 43.66 43.69 43.67 43.69 43.69 43.68 43.71 43.77 43.81 43.73 43.77 43.77 43.77 43.85 43.82 43.84 43.86 43.87 43.82 43.81 43.86 43.9 43.9 43.9 43.94 43.94 43.89 43.92 43.97 43.93 43.94 43.98 44 43.99 44.01 44.04 44.04 44.01 44.02 44.04 44.05 44.12 44.13 44.11 44.13 44.11 44.13 44.15 44.17 44.21 44.2 44.2 44.26 44.27 44.23 44.2 44.23 44.24 44.22
39.71 39.59 39.62 39.6 39.59 39.81 40.02 40.17 40.53 40.85 41.08 41.3 41.74 42.25 42.77 42.96 43.36 43.62 43.74 43.73 43.71 43.68 43.69 43.69 43.7 43.78 43.79 43.84 43.74 43.79 43.8 43.85 43.88 43.87 43.89 43.89 43.93 43.88 43.86 43.87 43.93 43.92 43.92 43.98 43.96 43.91 43.94 43.96 43.95 43.95 44 44.03 44.01 44.03 44.04 44.06 44.02 44.01 44.03 44.08 44.15 44.16 44.13 44.1 44.13 44.14 44.14 44.16 44.16 44.19 44.17 44.19 44.21 44.21 44.27 44.28 44.29 44.25
39.48 39.52 39.78 39.81 39.91 40.14 40.35 40.53 40.98 41.44 41.73 41.88 42.29 42.77 43.21 43.41 43.69 43.76 43.73 43.7 43.67 43.65 43.65 43.71 43.76 43.79 43.81 43.84 43.75 43.84 43.84 43.86 43.88 43.93 43.94 43.91 43.91 43.89 43.88 43.9 43.97 43.91 43.92 43.97 43.93 43.91 43.98 43.99 43.98 44 44.04 44.08 44.06 44.05 44.05 44.05 44.04 44.03 44.08 44.12 44.19 44.18 44.15 44.1 44.14 44.18 44.17 44.11 44.15 44.23 44.17 44.16 44.19 44.22 44.29 44.26 44.26 44.25
39.5 39.69 39.97 40.06 40.3 40.57 40.83 41.04 41.51 41.98 42.47 42.5 42.82 43.29 43.62 43.68 43.77 43.73 43.72 43.72 43.72 43.68 43.69 43.74 43.77 43.78 43.8 43.81 43.77 43.8 43.84 43.87 43.89 43.97 43.96 43.91 43.88 43.88 43.88 43.93 43.94 43.92 43.96 43.98 43.93 43.93 44 44.02 43.97 44.01 44.07 44.08 44.03 44.02 44.03 44.04 44.06 44.07 44.11 44.14 44.13 44.16 44.14 44.06 44.08 44.15 44.23 44.14 44.18 44.21 44.17 44.19 44.2 44.23 44.27 44.26 44.26 44.27
39.75 39.99 40.18 40.34 40.71 40.98 41.29 41.48 41.99 42.5 42.98 43.03 43.22 43.59 43.69 43.72 43.71 43.72 43.72 43.73 43.74 43.74 43.75 43.77 43.79 43.78 43.79 43.82 43.83 43.78 43.84 43.86 43.87 43.95 43.95 43.92 43.9 43.92 43.94 43.94 43.9 43.95 44.02 44.01 43.98 43.99 44.03 44.05 43.93 43.98 44.07 44.03 43.96 43.98 44.02 44.03 44.05 44.08 44.15 44.16 44.12 44.14 44.06 44.04 44.08 44.14 44.19 44.2 44.21 44.2 44.19 44.17 44.2 44.23 44.24 44.21 44.24 44.27
39.99 40.32 40.5 40.66 41.14 41.49 41.78 41.99 42.48 42.99 43.29 43.33 43.41 43.59 43.65 43.7 43.7 43.74 43.73 43.74 43.75 43.77 43.76 43.78 43.82 43.85 43.84 43.86 43.89 43.83 43.87 43.89 43.86 43.92 43.93 43.95 43.95 43.98 44.02 43.95 43.96 43.99 44.05 44.03 44 44.01 44.04 44.07 43.95 43.98 44.02 43.96 43.96 44 44.06 44.08 44.05 44.06 44.15 44.2 44.19 44.19 44.11 44.11 44.14 44.17 44.18 44.21 44.2 44.19 44.21 44.2 44.22 44.25 44.26 44.21 44.23 44.25
40.28 40.72 40.94 41.1 41.51 42 42.29 42.53 42.97 43.36 43.46 43.54 43.57 43.68 43.7 43.71 43.69 43.73 43.73 43.74 43.77 43.79 43.78 43.8 43.85 43.9 43.89 43.9 43.91 43.88 43.91 43.93 43.9 43.91 43.92 43.97 43.97 43.98 44.01 43.96 44.03 44.05 44.08 44.08 44.04 44.02 44.05 44.04 44.06 44.05 44 43.99 44.05 44.06 44.03 44.06 44.09 44.08 44.08 44.18 44.19 44.2 44.18 44.16 44.16 44.16 44.19 44.2 44.2 44.23 44.27 44.26 44.28 44.27 44.29 44.27 44.26 44.27
40.69 41.09 41.35 41.54 41.92 42.45 42.76 42.99 43.26 43.46 43.53 43.64 43.66 43.69 43.71 43.73 43.71 43.75 43.76 43.76 43.81 43.82 43.81 43.81 43.89 43.92 43.9 43.9 43.91 43.91 43.92 43.92 43.92 43.92 43.93 43.97 43.95 43.96 43.98 43.99 44.05 44.08 44.09 44.07 44.11 44.05 44.03 44.04 44.08 44.07 44.05 44.08 44.1 44.08 44.05 44.05 44.09 44.13 44.1 44.13 44.15 44.16 44.19 44.17 44.17 44.18 44.2 44.19 44.22 44.27 44.31 44.32 44.34 44.31 44.31 44.3 44.3 44.29
