slabs/77.grd
DSAA
631 301
646410 647040
4947800 4948100
31.01 44.3
[rows 102 to 135 of 300, columns 546 to 623 of 631]
38.79 38.81 38.84 38.83 38.84 38.85 38.82 38.87 38.86 38.83 38.82 38.79 38.78 38.76 38.73 38.69 38.66 38.58 38.58 38.51 38.49 38.44 38.39 38.36 38.3 38.23 38.23 38.2 38.15 38.09 38.08 38.07 38.03 37.98 38 37.99 37.98 37.97 37.94 37.92 37.9 37.89 37.83 37.87 38.11 38.44 38.67 38.86 39.05 38.88 38.7 38.33 38.33 38.44 37.85 36.69 36.24 35.88 35.56 34.84 34.21 33.68 33.45 32.87 32.42 32.07 31.85 31.59 31.53 31.52 31.49 31.46 31.44 31.44 31.41 31.41 31.42 31.42
38.83 38.84 38.8 38.78 38.8 38.85 38.84 38.84 38.83 38.81 38.79 38.77 38.77 38.74 38.71 38.66 38.65 38.59 38.57 38.52 38.49 38.43 38.4 38.37 38.3 38.23 38.21 38.2 38.15 38.1 38.06 38.04 38.02 37.97 37.99 37.98 37.99 37.95 37.93 37.91 37.86 37.88 37.86 37.94 38.24 38.58 38.71 38.97 39.06 38.82 38.61 38.11 37.76 37.8 37.28 36.52 36.19 35.8 35.48 34.78 34.17 33.72 33.46 32.84 32.28 31.86 31.72 31.59 31.53 31.51 31.45 31.38 31.32 31.32 31.3 31.3 31.31 31.31
38.83 38.82 38.79 38.77 38.8 38.85 38.82 38.83 38.82 38.81 38.78 38.79 38.78 38.7 38.69 38.67 38.64 38.6 38.56 38.53 38.48 38.42 38.38 38.36 38.3 38.23 38.2 38.18 38.16 38.11 38.05 38.03 38.02 38 38 37.99 37.98 37.93 37.92 37.9 37.86 37.81 37.82 37.96 38.29 38.69 38.82 39.03 39.06 38.78 38.56 38.01 37.51 37.23 36.87 36.4 36.09 35.71 35.4 34.76 34.1 33.69 33.32 32.64 32.06 31.77 31.67 31.61 31.55 31.52 31.46 31.39 31.33 31.31 31.24 31.21 31.2 31.21
38.82 38.79 38.8 38.81 38.82 38.85 38.81 38.81 38.8 38.79 38.79 38.8 38.78 38.69 38.67 38.67 38.63 38.58 38.54 38.51 38.44 38.41 38.36 38.35 38.3 38.25 38.21 38.17 38.13 38.1 38.04 38.02 37.97 37.94 37.95 37.98 37.99 37.94 37.91 37.87 37.84 37.83 37.85 38.02 38.35 38.75 38.86 39.03 39.05 38.72 38.48 37.92 37.37 36.92 36.62 36.25 35.95 35.58 35.25 34.65 33.97 33.62 33.08 32.37 31.86 31.8 31.68 31.62 31.57 31.54 31.47 31.4 31.35 31.32 31.25 31.18 31.13 31.12
38.81 38.8 38.81 38.82 38.83 38.83 38.8 38.8 38.79 38.78 38.8 38.81 38.77 38.71 38.68 38.67 38.62 38.55 38.5 38.47 38.43 38.4 38.34 38.33 38.27 38.24 38.24 38.2 38.12 38.07 38.05 38.02 37.98 37.96 37.97 37.99 37.99 37.92 37.91 37.87 37.84 37.81 37.87 38.09 38.42 38.74 38.84 39.01 39.04 38.63 38.31 37.69 37.09 36.7 36.47 36.12 35.84 35.54 35.07 34.46 33.85 33.64 32.96 32.22 31.8 31.78 31.73 31.68 31.63 31.61 31.54 31.48 31.42 31.38 31.31 31.24 31.19 31.15
38.83 38.82 38.83 38.82 38.82 38.81 38.79 38.79 38.79 38.79 38.81 38.79 38.76 38.73 38.7 38.67 38.59 38.52 38.52 38.5 38.46 38.38 38.33 38.32 38.3 38.24 38.21 38.18 38.11 38.07 38.04 38.02 37.97 37.99 37.99 38 37.99 37.91 37.91 37.88 37.85 37.83 37.93 38.19 38.5 38.74 38.82 38.97 39 38.5 38.12 37.43 36.82 36.49 36.33 36.03 35.76 35.54 34.9 34.27 33.7 33.49 32.85 32.08 31.82 31.83 31.84 31.82 31.8 31.78 31.74 31.69 31.63 31.6 31.54 31.47 31.43 31.38
38.84 38.83 38.81 38.82 38.83 38.82 38.82 38.8 38.77 38.76 38.76 38.77 38.76 38.74 38.65 38.62 38.56 38.57 38.52 38.49 38.43 38.38 38.35 38.32 38.29 38.24 38.16 38.14 38.1 38.06 38.05 38.02 37.97 37.99 37.99 38 37.98 37.91 37.9 37.87 37.85 37.91 38.04 38.33 38.6 38.75 38.81 38.95 38.95 38.42 38.03 37.32 36.73 36.45 36.16 35.85 35.63 35.39 34.71 33.99 33.49 33.25 32.63 31.91 31.82 31.83 31.87 31.9 31.92 31.91 31.88 31.85 31.82 31.8 31.76 31.72 31.7 31.65
38.82 38.8 38.77 38.78 38.82 38.83 38.82 38.81 38.78 38.78 38.78 38.79 38.77 38.72 38.62 38.61 38.58 38.56 38.54 38.51 38.43 38.38 38.35 38.31 38.27 38.22 38.15 38.13 38.11 38.05 38.04 38.01 37.97 37.98 37.98 37.98 37.94 37.91 37.89 37.86 37.87 38.01 38.15 38.43 38.67 38.77 38.83 38.97 38.96 38.53 38.01 37.27 36.66 36.49 35.99 35.62 35.49 35.24 34.54 33.81 33.2 32.95 32.37 31.84 31.81 31.83 31.86 31.9 31.94 31.95 31.97 31.98 31.97 31.95 31.92 31.89 31.88 31.84
38.82 38.79 38.81 38.8 38.83 38.83 38.8 38.8 38.81 38.79 38.79 38.8 38.75 38.69 38.64 38.63 38.56 38.52 38.5 38.5 38.45 38.35 38.33 38.3 38.26 38.2 38.15 38.12 38.1 38.03 38.02 38.01 37.98 37.98 37.98 37.97 37.93 37.92 37.9 37.84 37.89 38.06 38.19 38.45 38.67 38.78 38.85 38.99 39 38.74 38.01 37.32 36.73 36.51 35.97 35.53 35.37 35.09 34.39 33.71 33.11 32.82 32.23 31.8 31.81 31.83 31.86 31.9 31.93 31.95 31.99 32.02 32.02 32.04 32.04 32.03 32.01 31.99
38.81 38.82 38.85 38.84 38.84 38.82 38.81 38.82 38.81 38.77 38.76 38.75 38.73 38.67 38.63 38.61 38.56 38.5 38.48 38.48 38.42 38.32 38.3 38.25 38.2 38.17 38.13 38.1 38.07 38.01 38.01 37.99 37.98 37.97 37.96 37.96 37.94 37.93 37.91 37.86 37.92 38.04 38.18 38.43 38.61 38.73 38.84 38.99 39 38.76 38.11 37.55 36.97 36.64 36.02 35.59 35.26 34.98 34.3 33.62 33.03 32.73 32.16 31.78 31.8 31.82 31.86 31.9 31.92 31.94 31.98 32.01 32.02 32.06 32.08 32.1 32.1 32.11
38.83 38.86 38.85 38.83 38.82 38.83 38.83 38.82 38.81 38.78 38.74 38.73 38.73 38.68 38.65 38.61 38.56 38.49 38.46 38.44 38.37 38.29 38.26 38.19 38.16 38.13 38.11 38.08 38.04 38.02 38 37.98 37.95 37.96 37.95 37.95 37.93 37.93 37.91 37.88 37.96 38.05 38.21 38.41 38.55 38.61 38.79 38.97 39 38.82 38.34 37.78 37.19 36.74 35.93 35.49 35.15 34.88 34.21 33.53 32.98 32.66 32.1 31.76 31.79 31.81 31.84 31.87 31.87 31.87 31.89 31.93 31.94 31.99 32.03 32.07 32.08 32.13
38.86 38.83 38.84 38.84 38.84 38.84 38.84 38.83 38.8 38.77 38.74 38.74 38.73 38.68 38.65 38.6 38.55 38.47 38.44 38.39 38.33 38.25 38.23 38.17 38.14 38.12 38.11 38.05 38.01 38 37.98 37.96 37.93 37.95 37.96 37.94 37.92 37.92 37.89 37.88 37.96 38.03 38.27 38.43 38.52 38.59 38.76 38.91 38.9 38.78 38.37 37.79 37.29 36.76 35.79 35.31 34.94 34.68 34.06 33.43 32.94 32.58 32.03 31.78 31.8 31.78 31.76 31.75 31.75 31.71 31.74 31.79 31.81 31.86 31.91 31.95 31.97 32.01
38.83 38.83 38.85 38.85 38.85 38.85 38.82 38.81 38.79 38.78 38.77 38.76 38.71 38.64 38.62 38.58 38.51 38.43 38.41 38.35 38.28 38.22 38.23 38.19 38.13 38.09 38.08 38.03 37.97 37.95 37.94 37.94 37.92 37.97 37.97 37.95 37.93 37.89 37.87 37.88 37.99 38.09 38.36 38.43 38.53 38.58 38.73 38.79 38.77 38.65 38.17 37.57 37.07 36.61 35.61 35.02 34.64 34.39 33.81 33.25 32.86 32.41 31.97 31.84 31.83 31.78 31.72 31.67 31.64 31.59 31.61 31.63 31.64 31.69 31.78 31.82 31.84 31.88
38.81 38.83 38.86 38.85 38.84 38.83 38.81 38.8 38.8 38.79 38.78 38.75 38.66 38.6 38.6 38.56 38.47 38.37 38.36 38.31 38.22 38.2 38.21 38.17 38.13 38.07 38.04 37.99 37.96 37.96 37.94 37.93 37.95 37.95 37.96 37.96 37.9 37.88 37.86 37.91 38.05 38.17 38.46 38.49 38.57 38.61 38.68 38.62 38.56 38.4 37.86 37.24 36.72 36.33 35.34 34.58 34.23 33.93 33.35 32.88 32.63 32.18 31.91 31.86 31.85 31.81 31.75 31.7 31.67 31.62 31.56 31.51 31.49 31.51 31.59 31.62 31.66 31.73
38.82 38.83 38.86 38.85 38.84 38.82 38.82 38.81 38.8 38.76 38.74 38.7 38.61 38.6 38.58 38.51 38.43 38.36 38.34 38.31 38.22 38.2 38.19 38.14 38.08 38.03 38.01 37.97 37.96 37.9 37.92 37.94 37.96 37.96 37.98 37.95 37.91 37.88 37.87 37.97 38.15 38.28 38.57 38.64 38.67 38.69 38.66 38.48 38.33 38.12 37.5 36.85 36.37 35.96 35 34.23 33.94 33.43 32.82 32.43 32.32 32 31.84 31.83 31.83 31.81 31.77 31.73 31.7 31.65 31.59 31.54 31.51 31.45 31.4 31.37 31.41 31.52
38.84 38.84 38.84 38.84 38.84 38.8 38.81 38.82 38.79 38.72 38.71 38.65 38.59 38.57 38.54 38.46 38.4 38.39 38.36 38.31 38.23 38.21 38.17 38.12 38.06 38.02 38.01 37.97 37.97 37.89 37.92 37.94 37.96 37.97 37.97 37.94 37.89 37.87 37.87 37.99 38.21 38.35 38.63 38.8 38.74 38.72 38.61 38.39 38.18 37.92 37.24 36.6 36.24 35.64 34.72 34.08 33.85 33.09 32.43 32.12 32.08 31.93 31.81 31.79 31.78 31.77 31.76 31.74 31.72 31.67 31.61 31.57 31.54 31.48 31.42 31.39 31.36 31.34
38.83 38.84 38.82 38.83 38.82 38.78 38.79 38.79 38.76 38.69 38.68 38.63 38.58 38.51 38.49 38.42 38.39 38.34 38.33 38.27 38.19 38.17 38.15 38.08 38.05 38 37.98 37.98 37.96 37.92 37.91 37.94 37.97 37.98 37.97 37.92 37.88 37.85 37.88 38.03 38.29 38.42 38.69 38.82 38.68 38.61 38.44 38.22 38.03 37.74 37.11 36.53 36.28 35.46 34.57 33.92 33.66 32.83 32.13 31.98 32 31.96 31.89 31.82 31.79 31.74 31.72 31.71 31.7 31.68 31.63 31.59 31.56 31.5 31.45 31.43 31.37 31.34
38.81 38.83 38.82 38.82 38.81 38.79 38.78 38.76 38.7 38.65 38.65 38.6 38.56 38.46 38.44 38.4 38.37 38.32 38.29 38.23 38.17 38.15 38.12 38.06 38.01 37.98 37.96 37.97 37.92 37.93 37.92 37.95 37.98 37.98 37.96 37.91 37.88 37.86 37.91 38.13 38.37 38.48 38.7 38.62 38.46 38.35 38.12 37.92 37.79 37.51 36.95 36.42 36.13 35.28 34.47 33.85 33.54 32.67 32.07 31.97 32 32.02 31.97 31.92 31.9 31.83 31.76 31.71 31.68 31.65 31.63 31.62 31.57 31.53 31.48 31.46 31.4 31.38
38.81 38.79 38.81 38.83 38.79 38.73 38.73 38.72 38.71 38.64 38.64 38.61 38.55 38.47 38.44 38.39 38.32 38.28 38.25 38.21 38.18 38.16 38.12 38.04 37.98 37.97 37.95 37.95 37.9 37.92 37.94 37.96 37.97 37.96 37.92 37.9 37.88 37.87 37.98 38.26 38.42 38.51 38.55 38.36 38.23 38.06 37.82 37.62 37.54 37.26 36.75 36.26 35.95 35.09 34.42 33.83 33.51 32.71 32.24 31.98 32 32.02 32 31.98 31.97 31.92 31.85 31.8 31.76 31.7 31.65 31.63 31.58 31.54 31.51 31.49 31.43 31.49
38.84 38.8 38.81 38.8 38.76 38.71 38.71 38.72 38.68 38.62 38.61 38.59 38.52 38.48 38.45 38.4 38.31 38.29 38.23 38.19 38.18 38.16 38.11 38.04 37.98 37.97 37.96 37.93 37.91 37.92 37.95 37.95 37.95 37.95 37.91 37.89 37.87 37.9 38.06 38.36 38.46 38.51 38.38 38.15 38.06 37.81 37.55 37.33 37.24 37 36.54 36.07 35.75 34.94 34.32 33.68 33.35 32.65 32.22 31.97 31.99 32 32 31.99 31.98 31.96 31.94 31.91 31.85 31.78 31.73 31.71 31.64 31.59 31.59 31.56 31.52 31.83
38.83 38.81 38.8 38.76 38.74 38.72 38.7 38.69 38.65 38.61 38.6 38.56 38.51 38.46 38.41 38.36 38.3 38.29 38.22 38.17 38.16 38.12 38.07 38.06 38 37.99 37.96 37.92 37.92 37.92 37.95 37.95 37.93 37.93 37.9 37.87 37.86 37.94 38.16 38.45 38.52 38.52 38.23 37.93 37.84 37.56 37.31 37.1 37 36.73 36.25 35.78 35.5 34.8 34.06 33.48 33.16 32.6 32.19 31.99 31.98 31.99 31.98 31.98 31.97 31.96 31.95 31.94 31.91 31.87 31.84 31.83 31.76 31.7 31.69 31.66 31.63 32.23
38.81 38.77 38.76 38.77 38.74 38.71 38.68 38.64 38.61 38.59 38.58 38.54 38.49 38.45 38.39 38.32 38.31 38.28 38.19 38.14 38.11 38.08 38.04 38.06 38 37.98 37.95 37.91 37.91 37.91 37.93 37.93 37.93 37.91 37.87 37.84 37.87 37.98 38.24 38.54 38.56 38.42 38.08 37.73 37.63 37.35 37.09 36.87 36.75 36.47 35.98 35.54 35.29 34.69 33.91 33.32 32.97 32.56 32.17 32.05 31.98 31.97 31.97 31.96 31.95 31.94 31.93 31.93 31.92 31.91 31.9 31.9 31.86 31.83 31.77 31.74 31.72 32.38
38.78 38.76 38.75 38.73 38.72 38.7 38.66 38.6 38.59 38.57 38.53 38.49 38.46 38.43 38.35 38.29 38.3 38.25 38.16 38.11 38.09 38.08 38.04 38.02 37.98 37.97 37.93 37.91 37.9 37.89 37.91 37.92 37.92 37.88 37.85 37.83 37.86 37.99 38.3 38.58 38.51 38.26 37.92 37.56 37.43 37.14 36.87 36.66 36.53 36.18 35.68 35.27 35.02 34.48 33.77 33.2 32.84 32.5 32.13 32.06 31.96 31.95 31.94 31.94 31.92 31.91 31.9 31.9 31.9 31.88 31.88 31.88 31.87 31.86 31.83 31.81 31.8 32.4
38.77 38.73 38.72 38.71 38.7 38.69 38.66 38.59 38.57 38.55 38.49 38.45 38.42 38.39 38.31 38.25 38.25 38.22 38.17 38.1 38.11 38.08 38.04 37.99 37.95 37.96 37.91 37.89 37.88 37.87 37.89 37.96 37.93 37.9 37.84 37.82 37.86 38.04 38.35 38.56 38.41 38.09 37.77 37.43 37.25 36.92 36.66 36.45 36.3 35.84 35.32 34.95 34.67 34.19 33.6 33.17 32.68 32.33 32 31.98 31.93 31.91 31.89 31.89 31.87 31.86 31.85 31.84 31.83 31.82 31.82 31.82 31.81 31.81 31.81 31.8 31.82 32.37
38.76 38.71 38.71 38.71 38.68 38.67 38.65 38.59 38.55 38.54 38.48 38.44 38.38 38.36 38.28 38.22 38.22 38.21 38.19 38.09 38.09 38.05 38.04 37.99 37.92 37.94 37.88 37.88 37.87 37.88 37.88 37.95 37.94 37.89 37.85 37.79 37.85 38.07 38.39 38.53 38.31 37.89 37.61 37.31 37.08 36.69 36.41 36.18 35.98 35.44 34.81 34.56 34.19 33.78 33.31 33.01 32.43 32.05 31.83 31.86 31.9 31.9 31.87 31.85 31.81 31.79 31.76 31.75 31.72 31.7 31.68 31.68 31.68 31.67 31.66 31.66 31.71 32.47
38.74 38.71 38.7 38.68 38.65 38.65 38.63 38.6 38.55 38.54 38.51 38.43 38.36 38.33 38.26 38.2 38.17 38.16 38.13 38.07 38.05 38.03 38 37.95 37.9 37.89 37.87 37.85 37.85 37.87 37.89 37.92 37.91 37.86 37.84 37.8 37.85 38.11 38.41 38.47 38.22 37.71 37.43 37.16 36.92 36.41 36.06 35.76 35.46 34.91 34.33 34.17 33.7 33.32 32.93 32.67 32.12 31.77 31.71 31.74 31.83 31.9 31.93 31.91 31.87 31.82 31.77 31.74 31.68 31.61 31.58 31.56 31.55 31.53 31.53 31.51 31.64 32.62
38.73 38.72 38.68 38.63 38.62 38.62 38.61 38.6 38.57 38.55 38.48 38.39 38.35 38.33 38.28 38.21 38.16 38.13 38.12 38.07 37.99 37.99 37.96 37.9 37.89 37.86 37.86 37.85 37.86 37.87 37.9 37.89 37.89 37.84 37.83 37.86 37.92 38.2 38.41 38.43 38.16 37.6 37.17 36.96 36.72 36.17 35.71 35.4 34.94 34.39 34.02 33.86 33.39 32.95 32.61 32.34 31.8 31.54 31.61 31.65 31.74 31.82 31.9 31.89 31.9 31.87 31.85 31.82 31.77 31.72 31.69 31.63 31.58 31.53 31.51 31.47 31.71 32.74
38.72 38.71 38.67 38.63 38.61 38.62 38.59 38.57 38.54 38.51 38.42 38.38 38.36 38.33 38.27 38.21 38.13 38.12 38.1 38.04 37.99 37.97 37.93 37.88 37.88 37.86 37.86 37.86 37.87 37.89 37.89 37.9 37.88 37.83 37.82 37.93 38.08 38.44 38.52 38.47 38.24 37.7 37.1 36.92 36.59 36.08 35.53 35.31 34.68 34.16 33.84 33.7 33.23 32.75 32.33 32.04 31.52 31.44 31.51 31.56 31.65 31.73 31.8 31.83 31.91 31.85 31.88 31.86 31.84 31.8 31.77 31.71 31.66 31.61 31.58 31.54 31.88 32.77
38.66 38.67 38.67 38.65 38.64 38.64 38.59 38.53 38.5 38.48 38.43 38.37 38.33 38.3 38.24 38.19 38.14 38.13 38.08 38 37.98 37.96 37.92 37.87 37.86 37.85 37.84 37.86 37.88 37.9 37.9 37.92 37.9 37.84 37.85 37.98 38.25 38.69 38.72 38.62 38.49 37.96 37.32 37.15 36.62 36.05 35.53 35.29 34.67 34.17 33.87 33.68 33.21 32.64 32.02 31.72 31.32 31.35 31.42 31.46 31.55 31.64 31.69 31.75 31.83 31.88 31.89 31.85 31.84 31.85 31.83 31.79 31.75 31.7 31.67 31.64 32.01 32.74
38.62 38.65 38.68 38.67 38.63 38.63 38.55 38.49 38.49 38.47 38.41 38.35 38.3 38.27 38.22 38.17 38.16 38.11 38.05 37.99 37.97 37.93 37.9 37.87 37.85 37.83 37.84 37.86 37.87 37.9 37.9 37.92 37.9 37.86 37.91 38.07 38.38 38.77 38.87 38.79 38.63 38.13 37.51 37.29 36.69 36.05 35.6 35.38 34.84 34.34 33.96 33.74 33.18 32.41 31.78 31.48 31.2 31.26 31.32 31.37 31.46 31.54 31.57 31.66 31.74 31.82 31.84 31.88 31.84 31.81 31.83 31.84 31.8 31.76 31.77 31.77 32.24 32.84
38.62 38.64 38.68 38.67 38.61 38.59 38.53 38.49 38.46 38.45 38.36 38.33 38.3 38.27 38.2 38.16 38.14 38.08 38.01 37.97 37.94 37.9 37.88 37.85 37.84 37.82 37.85 37.88 37.88 37.9 37.87 37.9 37.88 37.87 37.95 38.17 38.51 38.83 38.93 38.83 38.51 38.12 37.64 37.39 36.74 36.09 35.67 35.43 34.93 34.43 34.06 33.78 33.05 32.27 31.69 31.43 31.2 31.21 31.25 31.29 31.37 31.44 31.47 31.56 31.64 31.72 31.75 31.84 31.86 31.82 31.85 31.86 31.78 31.75 31.78 31.85 32.53 33.11
38.67 38.66 38.65 38.65 38.6 38.58 38.52 38.48 38.44 38.42 38.36 38.34 38.32 38.26 38.18 38.14 38.11 38.04 37.98 37.96 37.93 37.88 37.86 37.83 37.82 37.82 37.86 37.89 37.88 37.89 37.86 37.89 37.87 37.86 37.95 38.14 38.59 38.86 38.77 38.64 38.3 37.95 37.57 37.35 36.76 36.11 35.73 35.46 34.93 34.49 34.07 33.67 32.85 32.16 31.66 31.42 31.22 31.23 31.24 31.26 31.31 31.35 31.39 31.46 31.5 31.57 31.61 31.7 31.79 31.81 31.84 31.86 31.79 31.75 31.74 31.89 32.8 33.43
38.68 38.67 38.63 38.64 38.59 38.57 38.52 38.47 38.45 38.41 38.37 38.34 38.31 38.24 38.15 38.11 38.09 38.01 37.97 37.95 37.92 37.87 37.84 37.82 37.82 37.83 37.86 37.89 37.89 37.88 37.87 37.88 37.87 37.9 37.99 38.21 38.67 38.87 38.64 38.5 38.14 37.79 37.49 37.3 36.78 36.17 35.82 35.52 34.91 34.4 33.94 33.5 32.6 32.11 31.8 31.44 31.26 31.26 31.26 31.28 31.31 31.34 31.35 31.4 31.41 31.46 31.49 31.56 31.65 31.71 31.76 31.84 31.87 31.83 31.78 32.06 33.2 33.7
38.67 38.66 38.64 38.61 38.6 38.56 38.51 38.45 38.44 38.39 38.32 38.29 38.26 38.19 38.12 38.07 38.05 37.98 37.95 37.92 37.92 37.89 37.85 37.85 37.83 37.84 37.86 37.87 37.88 37.88 37.89 37.9 37.88 37.92 38.08 38.27 38.68 38.82 38.63 38.48 38.12 37.78 37.5 37.37 36.88 36.36 36.03 35.66 34.93 34.34 33.87 33.36 32.42 32.05 31.89 31.52 31.31 31.3 31.3 31.33 31.35 31.37 31.37 31.39 31.42 31.44 31.46 31.51 31.57 31.64 31.67 31.75 31.84 31.89 31.91 32.43 33.43 33.67
