slabs/77.grd
DSAA
631 301
646410 647040
4947800 4948100
31.01 44.3
[rows 238 to 271 of 300, columns 0 to 77 of 631]
38.68 38.68 38.67 38.68 38.69 38.67 38.65 38.64 38.67 38.68 38.68 38.68 38.68 38.69 38.67 38.66 38.67 38.7 38.7 38.69 38.7 38.72 38.71 38.69 38.69 38.68 38.67 38.66 38.66 38.65 38.63 38.62 38.61 38.61 38.61 38.59 38.58 38.58 38.58 38.59 38.6 38.6 38.59 38.57 38.58 38.57 38.58 38.59 38.58 38.57 38.57 38.58 38.58 38.59 38.58 38.58 38.59 38.59 38.6 38.63 38.64 38.64 38.65 38.68 38.69 38.67 38.65 38.64 38.65 38.63 38.55 38.46 38.38 38.24 38.14 38.11 38.13 38.26
38.67 38.67 38.67 38.67 38.69 38.69 38.66 38.62 38.63 38.66 38.67 38.68 38.67 38.68 38.67 38.64 38.64 38.65 38.66 38.68 38.69 38.7 38.69 38.69 38.7 38.7 38.69 38.68 38.66 38.66 38.66 38.65 38.63 38.63 38.64 38.62 38.6 38.6 38.6 38.6 38.61 38.6 38.6 38.59 38.59 38.59 38.58 38.58 38.58 38.58 38.58 38.59 38.6 38.6 38.6 38.59 38.6 38.61 38.61 38.62 38.62 38.63 38.63 38.64 38.66 38.69 38.67 38.64 38.65 38.64 38.62 38.59 38.53 38.41 38.3 38.2 38.08 38.12
38.66 38.67 38.67 38.65 38.66 38.67 38.66 38.64 38.62 38.62 38.64 38.66 38.66 38.67 38.65 38.63 38.63 38.64 38.65 38.67 38.68 38.68 38.67 38.68 38.7 38.69 38.68 38.67 38.66 38.67 38.67 38.66 38.66 38.64 38.64 38.63 38.62 38.63 38.62 38.61 38.62 38.62 38.61 38.6 38.61 38.61 38.58 38.58 38.59 38.59 38.58 38.57 38.58 38.6 38.59 38.58 38.59 38.6 38.61 38.62 38.62 38.61 38.61 38.61 38.63 38.66 38.67 38.67 38.68 38.66 38.65 38.64 38.61 38.54 38.47 38.38 38.2 38.08
38.66 38.65 38.66 38.66 38.65 38.65 38.65 38.64 38.63 38.63 38.62 38.63 38.64 38.65 38.64 38.64 38.64 38.65 38.65 38.65 38.65 38.66 38.67 38.67 38.67 38.67 38.67 38.66 38.67 38.67 38.67 38.67 38.67 38.65 38.62 38.63 38.63 38.63 38.63 38.63 38.65 38.65 38.63 38.6 38.61 38.61 38.59 38.6 38.6 38.6 38.6 38.6 38.59 38.58 38.59 38.59 38.59 38.57 38.58 38.61 38.61 38.61 38.61 38.6 38.61 38.64 38.65 38.66 38.68 38.68 38.67 38.66 38.64 38.61 38.57 38.52 38.37 38.17
38.67 38.66 38.66 38.65 38.65 38.65 38.65 38.65 38.65 38.66 38.65 38.63 38.63 38.64 38.64 38.65 38.65 38.65 38.65 38.64 38.63 38.65 38.67 38.66 38.65 38.65 38.67 38.68 38.68 38.68 38.68 38.68 38.69 38.67 38.64 38.63 38.64 38.64 38.63 38.63 38.64 38.64 38.64 38.64 38.62 38.6 38.61 38.61 38.62 38.62 38.62 38.64 38.62 38.59 38.59 38.61 38.6 38.57 38.57 38.59 38.59 38.6 38.61 38.6 38.61 38.63 38.64 38.65 38.66 38.68 38.68 38.67 38.65 38.65 38.64 38.61 38.53 38.4
38.67 38.67 38.67 38.64 38.63 38.65 38.65 38.64 38.65 38.68 38.67 38.65 38.64 38.63 38.64 38.65 38.66 38.65 38.65 38.65 38.65 38.66 38.67 38.67 38.66 38.67 38.68 38.69 38.7 38.69 38.69 38.71 38.73 38.72 38.68 38.67 38.67 38.66 38.65 38.64 38.63 38.63 38.65 38.67 38.65 38.62 38.61 38.61 38.62 38.63 38.63 38.62 38.61 38.6 38.6 38.61 38.61 38.59 38.58 38.59 38.58 38.59 38.61 38.61 38.61 38.63 38.65 38.64 38.63 38.66 38.67 38.66 38.68 38.69 38.69 38.66 38.61 38.58
38.66 38.67 38.67 38.65 38.64 38.64 38.63 38.63 38.63 38.65 38.65 38.64 38.64 38.63 38.62 38.64 38.65 38.64 38.64 38.66 38.67 38.67 38.66 38.65 38.65 38.67 38.68 38.69 38.71 38.7 38.69 38.72 38.74 38.73 38.72 38.71 38.69 38.66 38.65 38.66 38.66 38.66 38.67 38.67 38.66 38.64 38.61 38.61 38.62 38.63 38.63 38.6 38.6 38.6 38.61 38.61 38.62 38.61 38.6 38.6 38.6 38.58 38.58 38.6 38.63 38.63 38.63 38.63 38.62 38.63 38.64 38.64 38.67 38.7 38.71 38.68 38.63 38.61
38.66 38.65 38.66 38.66 38.66 38.64 38.63 38.62 38.63 38.63 38.62 38.61 38.62 38.62 38.62 38.63 38.63 38.61 38.62 38.65 38.67 38.66 38.66 38.65 38.64 38.65 38.67 38.69 38.72 38.71 38.69 38.69 38.69 38.71 38.72 38.71 38.71 38.69 38.66 38.68 38.68 38.67 38.66 38.65 38.65 38.64 38.63 38.63 38.62 38.63 38.64 38.63 38.61 38.6 38.6 38.61 38.63 38.62 38.62 38.62 38.62 38.59 38.57 38.58 38.62 38.63 38.62 38.62 38.62 38.62 38.63 38.63 38.64 38.67 38.71 38.69 38.64 38.62
38.67 38.65 38.64 38.66 38.67 38.67 38.64 38.62 38.64 38.63 38.61 38.61 38.61 38.61 38.6 38.62 38.63 38.62 38.61 38.64 38.64 38.65 38.66 38.66 38.66 38.67 38.67 38.68 38.7 38.71 38.69 38.66 38.66 38.7 38.72 38.72 38.72 38.71 38.69 38.69 38.68 38.66 38.66 38.66 38.65 38.63 38.63 38.63 38.63 38.63 38.63 38.63 38.62 38.61 38.59 38.6 38.62 38.62 38.62 38.62 38.62 38.6 38.58 38.59 38.59 38.59 38.59 38.61 38.61 38.61 38.61 38.61 38.63 38.67 38.69 38.68 38.66 38.64
38.67 38.66 38.65 38.65 38.67 38.67 38.65 38.65 38.67 38.65 38.62 38.63 38.63 38.62 38.6 38.61 38.65 38.65 38.64 38.63 38.62 38.62 38.64 38.66 38.66 38.68 38.69 38.68 38.67 38.69 38.71 38.69 38.68 38.7 38.72 38.73 38.73 38.72 38.72 38.71 38.69 38.67 38.66 38.67 38.66 38.64 38.62 38.61 38.62 38.65 38.63 38.62 38.62 38.62 38.62 38.62 38.62 38.62 38.61 38.61 38.62 38.6 38.58 38.59 38.59 38.58 38.57 38.58 38.6 38.59 38.6 38.61 38.64 38.67 38.66 38.64 38.65 38.65
38.65 38.65 38.65 38.64 38.66 38.66 38.65 38.67 38.69 38.68 38.64 38.63 38.64 38.63 38.62 38.62 38.63 38.64 38.65 38.63 38.62 38.61 38.62 38.65 38.67 38.68 38.68 38.67 38.67 38.68 38.7 38.72 38.71 38.71 38.7 38.71 38.72 38.73 38.73 38.73 38.71 38.69 38.68 38.69 38.67 38.65 38.66 38.63 38.63 38.64 38.63 38.63 38.64 38.62 38.62 38.62 38.61 38.6 38.57 38.59 38.62 38.61 38.6 38.6 38.6 38.6 38.6 38.59 38.57 38.58 38.59 38.6 38.61 38.62 38.62 38.61 38.61 38.62
38.64 38.66 38.66 38.64 38.64 38.64 38.64 38.66 38.67 38.67 38.65 38.64 38.62 38.62 38.64 38.64 38.62 38.62 38.63 38.63 38.62 38.62 38.62 38.63 38.65 38.66 38.67 38.67 38.67 38.68 38.68 38.7 38.72 38.71 38.69 38.7 38.7 38.72 38.72 38.72 38.71 38.71 38.7 38.7 38.69 38.68 38.68 38.67 38.64 38.64 38.64 38.65 38.64 38.61 38.6 38.6 38.61 38.59 38.57 38.58 38.6 38.61 38.62 38.61 38.61 38.61 38.61 38.59 38.57 38.56 38.57 38.58 38.59 38.58 38.58 38.59 38.59 38.6
38.65 38.66 38.67 38.65 38.63 38.62 38.64 38.65 38.66 38.65 38.65 38.65 38.64 38.63 38.64 38.64 38.64 38.63 38.61 38.61 38.62 38.63 38.62 38.63 38.63 38.64 38.66 38.67 38.67 38.66 38.66 38.68 38.7 38.7 38.7 38.71 38.7 38.7 38.7 38.71 38.72 38.73 38.72 38.71 38.71 38.7 38.68 38.67 38.66 38.67 38.67 38.66 38.64 38.63 38.62 38.62 38.61 38.61 38.61 38.6 38.6 38.6 38.62 38.63 38.63 38.62 38.61 38.59 38.58 38.58 38.58 38.58 38.58 38.59 38.58 38.58 38.6 38.61
38.65 38.64 38.63 38.64 38.63 38.63 38.63 38.64 38.65 38.64 38.64 38.64 38.65 38.64 38.63 38.63 38.63 38.63 38.61 38.61 38.61 38.61 38.62 38.64 38.63 38.63 38.66 38.68 38.67 38.64 38.64 38.67 38.68 38.68 38.69 38.71 38.71 38.71 38.71 38.71 38.71 38.73 38.74 38.73 38.73 38.72 38.7 38.68 38.68 38.68 38.68 38.66 38.64 38.63 38.63 38.62 38.6 38.59 38.6 38.62 38.62 38.6 38.6 38.61 38.62 38.62 38.6 38.58 38.59 38.59 38.58 38.58 38.58 38.59 38.58 38.57 38.6 38.62
38.66 38.65 38.63 38.62 38.62 38.63 38.64 38.63 38.62 38.62 38.64 38.64 38.63 38.64 38.64 38.64 38.64 38.63 38.63 38.63 38.62 38.61 38.62 38.64 38.63 38.62 38.64 38.66 38.66 38.64 38.65 38.66 38.67 38.67 38.67 38.67 38.7 38.72 38.72 38.72 38.71 38.71 38.74 38.75 38.74 38.73 38.74 38.72 38.7 38.69 38.68 38.66 38.63 38.62 38.61 38.6 38.6 38.6 38.59 38.61 38.63 38.61 38.6 38.58 38.59 38.6 38.6 38.59 38.58 38.58 38.58 38.58 38.57 38.57 38.57 38.57 38.58 38.61
38.66 38.66 38.65 38.63 38.62 38.63 38.65 38.63 38.61 38.62 38.63 38.63 38.63 38.63 38.63 38.64 38.64 38.63 38.63 38.63 38.62 38.62 38.63 38.63 38.62 38.62 38.63 38.63 38.63 38.64 38.64 38.64 38.66 38.68 38.66 38.65 38.67 38.69 38.7 38.71 38.71 38.7 38.71 38.73 38.74 38.74 38.75 38.75 38.73 38.7 38.67 38.66 38.65 38.63 38.62 38.61 38.6 38.6 38.6 38.62 38.62 38.61 38.6 38.58 38.58 38.58 38.6 38.6 38.58 38.58 38.59 38.59 38.59 38.58 38.57 38.55 38.56 38.57
38.65 38.65 38.66 38.66 38.65 38.65 38.65 38.65 38.64 38.63 38.62 38.62 38.64 38.64 38.62 38.61 38.62 38.62 38.63 38.63 38.62 38.62 38.62 38.6 38.59 38.6 38.63 38.64 38.64 38.63 38.62 38.62 38.64 38.66 38.66 38.67 38.67 38.67 38.69 38.7 38.7 38.7 38.72 38.72 38.73 38.72 38.72 38.73 38.73 38.7 38.67 38.67 38.65 38.63 38.63 38.63 38.61 38.62 38.62 38.63 38.62 38.6 38.6 38.59 38.58 38.57 38.59 38.6 38.58 38.58 38.58 38.58 38.59 38.6 38.59 38.57 38.56 38.56
38.65 38.64 38.64 38.66 38.66 38.64 38.63 38.65 38.65 38.63 38.62 38.63 38.65 38.64 38.63 38.61 38.61 38.62 38.63 38.64 38.63 38.63 38.62 38.59 38.59 38.6 38.62 38.64 38.64 38.64 38.63 38.62 38.62 38.63 38.64 38.66 38.67 38.67 38.67 38.68 38.68 38.7 38.72 38.73 38.73 38.72 38.7 38.72 38.72 38.71 38.71 38.7 38.67 38.64 38.65 38.64 38.62 38.63 38.63 38.62 38.62 38.61 38.6 38.6 38.58 38.57 38.59 38.58 38.58 38.58 38.57 38.56 38.57 38.57 38.58 38.59 38.6 38.58
38.66 38.63 38.62 38.63 38.64 38.64 38.63 38.63 38.63 38.63 38.64 38.66 38.66 38.64 38.64 38.63 38.63 38.63 38.63 38.63 38.63 38.64 38.63 38.61 38.61 38.61 38.61 38.61 38.61 38.64 38.65 38.63 38.59 38.61 38.62 38.64 38.66 38.67 38.67 38.66 38.66 38.69 38.71 38.72 38.73 38.72 38.7 38.71 38.72 38.73 38.73 38.72 38.69 38.67 38.66 38.64 38.63 38.65 38.64 38.61 38.61 38.62 38.61 38.6 38.58 38.56 38.57 38.58 38.58 38.57 38.55 38.54 38.56 38.56 38.55 38.57 38.59 38.58
38.66 38.64 38.62 38.61 38.62 38.64 38.64 38.63 38.63 38.64 38.65 38.67 38.67 38.66 38.64 38.6 38.61 38.63 38.64 38.64 38.63 38.63 38.64 38.64 38.62 38.61 38.61 38.6 38.6 38.61 38.62 38.61 38.6 38.61 38.61 38.62 38.65 38.67 38.67 38.66 38.66 38.68 38.69 38.69 38.71 38.72 38.71 38.71 38.71 38.72 38.72 38.72 38.71 38.7 38.68 38.65 38.64 38.66 38.65 38.63 38.61 38.6 38.6 38.6 38.58 38.56 38.56 38.57 38.58 38.58 38.56 38.55 38.55 38.55 38.56 38.56 38.55 38.55
38.67 38.65 38.64 38.62 38.61 38.62 38.63 38.63 38.64 38.67 38.66 38.65 38.65 38.66 38.64 38.61 38.6 38.61 38.64 38.65 38.65 38.64 38.64 38.64 38.63 38.61 38.61 38.61 38.6 38.59 38.59 38.6 38.62 38.63 38.63 38.62 38.63 38.65 38.65 38.65 38.66 38.68 38.69 38.68 38.69 38.7 38.71 38.71 38.7 38.7 38.71 38.71 38.71 38.71 38.7 38.67 38.66 38.66 38.64 38.63 38.61 38.6 38.59 38.58 38.57 38.57 38.58 38.56 38.56 38.57 38.57 38.55 38.55 38.54 38.57 38.56 38.52 38.53
38.66 38.67 38.67 38.65 38.62 38.61 38.63 38.63 38.63 38.64 38.64 38.63 38.63 38.63 38.66 38.66 38.64 38.62 38.63 38.63 38.64 38.64 38.63 38.64 38.64 38.62 38.62 38.62 38.61 38.59 38.58 38.59 38.61 38.64 38.65 38.64 38.62 38.62 38.63 38.64 38.66 38.68 38.68 38.67 38.67 38.67 38.67 38.7 38.72 38.71 38.7 38.69 38.7 38.72 38.71 38.69 38.7 38.68 38.67 38.65 38.63 38.62 38.61 38.59 38.57 38.57 38.59 38.58 38.57 38.57 38.57 38.56 38.55 38.54 38.55 38.56 38.54 38.53
38.65 38.65 38.67 38.67 38.64 38.62 38.62 38.61 38.61 38.62 38.62 38.61 38.61 38.61 38.64 38.66 38.66 38.64 38.63 38.62 38.63 38.64 38.64 38.64 38.64 38.64 38.64 38.63 38.62 38.6 38.59 38.59 38.59 38.62 38.64 38.64 38.62 38.61 38.61 38.62 38.64 38.64 38.64 38.66 38.65 38.65 38.65 38.68 38.71 38.71 38.71 38.71 38.71 38.72 38.72 38.72 38.72 38.71 38.7 38.68 38.65 38.65 38.62 38.6 38.6 38.6 38.59 38.59 38.59 38.59 38.57 38.55 38.55 38.54 38.53 38.54 38.53 38.53
38.64 38.62 38.65 38.66 38.65 38.62 38.61 38.61 38.62 38.62 38.61 38.6 38.6 38.61 38.62 38.64 38.64 38.65 38.65 38.63 38.62 38.62 38.64 38.64 38.64 38.65 38.65 38.64 38.63 38.62 38.62 38.61 38.6 38.61 38.6 38.61 38.61 38.6 38.61 38.62 38.61 38.6 38.61 38.64 38.65 38.66 38.65 38.65 38.68 38.68 38.69 38.73 38.73 38.71 38.71 38.73 38.72 38.71 38.7 38.69 38.67 38.65 38.62 38.6 38.6 38.59 38.58 38.58 38.59 38.58 38.56 38.55 38.52 38.52 38.53 38.53 38.52 38.52
38.67 38.64 38.65 38.66 38.65 38.63 38.62 38.62 38.62 38.62 38.61 38.61 38.62 38.62 38.61 38.61 38.62 38.64 38.64 38.63 38.61 38.6 38.62 38.63 38.65 38.65 38.64 38.63 38.63 38.64 38.65 38.64 38.62 38.61 38.59 38.59 38.59 38.59 38.61 38.63 38.63 38.61 38.6 38.62 38.66 38.66 38.65 38.66 38.67 38.66 38.68 38.71 38.73 38.73 38.71 38.7 38.7 38.71 38.71 38.7 38.69 38.67 38.63 38.61 38.6 38.58 38.57 38.57 38.58 38.56 38.55 38.55 38.53 38.52 38.53 38.54 38.53 38.52
38.68 38.65 38.65 38.65 38.65 38.65 38.65 38.64 38.63 38.61 38.6 38.61 38.63 38.61 38.6 38.59 38.59 38.62 38.63 38.62 38.61 38.61 38.62 38.63 38.64 38.63 38.61 38.61 38.6 38.6 38.62 38.64 38.62 38.6 38.59 38.59 38.6 38.6 38.59 38.6 38.62 38.62 38.61 38.61 38.63 38.64 38.65 38.66 38.66 38.66 38.66 38.68 38.69 38.7 38.7 38.69 38.69 38.7 38.71 38.71 38.7 38.68 38.65 38.63 38.62 38.61 38.58 38.57 38.56 38.55 38.54 38.55 38.55 38.54 38.53 38.53 38.53 38.53
38.68 38.65 38.65 38.64 38.65 38.66 38.66 38.65 38.63 38.61 38.61 38.62 38.62 38.61 38.6 38.59 38.59 38.61 38.61 38.62 38.63 38.63 38.62 38.62 38.63 38.63 38.61 38.61 38.59 38.57 38.59 38.62 38.61 38.61 38.6 38.58 38.59 38.59 38.58 38.57 38.59 38.63 38.63 38.62 38.6 38.61 38.63 38.66 38.65 38.64 38.64 38.66 38.68 38.68 38.69 38.69 38.69 38.7 38.71 38.71 38.69 38.68 38.65 38.65 38.65 38.64 38.61 38.58 38.55 38.55 38.55 38.54 38.54 38.54 38.54 38.53 38.53 38.52
38.68 38.66 38.66 38.65 38.65 38.65 38.65 38.65 38.64 38.62 38.63 38.62 38.61 38.61 38.61 38.6 38.61 38.6 38.6 38.6 38.61 38.61 38.61 38.62 38.64 38.64 38.63 38.62 38.6 38.59 38.6 38.61 38.61 38.63 38.63 38.61 38.59 38.59 38.59 38.58 38.58 38.62 38.62 38.62 38.6 38.59 38.61 38.64 38.65 38.65 38.64 38.65 38.65 38.66 38.66 38.67 38.68 38.69 38.71 38.71 38.69 38.67 38.66 38.65 38.65 38.65 38.62 38.59 38.56 38.55 38.55 38.55 38.55 38.54 38.53 38.53 38.54 38.53
38.68 38.67 38.66 38.66 38.64 38.65 38.65 38.65 38.64 38.63 38.63 38.62 38.61 38.62 38.61 38.61 38.6 38.6 38.6 38.59 38.58 38.58 38.59 38.61 38.64 38.64 38.63 38.62 38.61 38.6 38.6 38.59 38.6 38.62 38.63 38.62 38.61 38.61 38.61 38.59 38.58 38.59 38.6 38.61 38.62 38.61 38.61 38.62 38.63 38.65 38.65 38.64 38.64 38.64 38.64 38.64 38.64 38.65 38.69 38.71 38.69 38.67 38.66 38.66 38.66 38.66 38.64 38.6 38.58 38.57 38.55 38.55 38.54 38.54 38.53 38.5 38.52 38.53
38.67 38.67 38.66 38.66 38.65 38.64 38.65 38.65 38.63 38.63 38.63 38.62 38.61 38.61 38.61 38.6 38.6 38.6 38.6 38.6 38.59 38.59 38.58 38.59 38.62 38.63 38.62 38.61 38.62 38.62 38.61 38.6 38.6 38.61 38.62 38.62 38.62 38.63 38.61 38.59 38.58 38.58 38.59 38.61 38.62 38.62 38.62 38.62 38.62 38.63 38.64 38.62 38.64 38.64 38.62 38.62 38.62 38.63 38.65 38.68 38.69 38.68 38.67 38.68 38.68 38.67 38.65 38.63 38.62 38.6 38.58 38.55 38.54 38.54 38.53 38.52 38.51 38.51
38.69 38.67 38.66 38.66 38.66 38.64 38.62 38.63 38.64 38.64 38.65 38.63 38.61 38.62 38.62 38.61 38.6 38.62 38.61 38.59 38.59 38.6 38.6 38.59 38.6 38.61 38.61 38.6 38.62 38.63 38.61 38.59 38.59 38.6 38.6 38.61 38.62 38.61 38.6 38.59 38.58 38.59 38.59 38.6 38.59 38.59 38.6 38.62 38.61 38.61 38.61 38.61 38.63 38.63 38.63 38.63 38.64 38.63 38.62 38.65 38.68 38.68 38.68 38.68 38.68 38.67 38.64 38.63 38.62 38.6 38.59 38.57 38.55 38.53 38.52 38.52 38.51 38.5
38.71 38.68 38.66 38.65 38.65 38.65 38.66 38.65 38.64 38.64 38.64 38.64 38.62 38.62 38.63 38.62 38.61 38.62 38.61 38.6 38.59 38.6 38.59 38.58 38.59 38.6 38.6 38.6 38.61 38.63 38.61 38.59 38.59 38.61 38.61 38.62 38.63 38.62 38.59 38.59 38.59 38.58 38.57 38.58 38.57 38.57 38.58 38.59 38.6 38.6 38.61 38.61 38.63 38.63 38.64 38.64 38.64 38.63 38.61 38.61 38.63 38.65 38.66 38.66 38.65 38.65 38.65 38.62 38.61 38.59 38.59 38.58 38.56 38.53 38.52 38.52 38.51 38.5
38.71 38.7 38.67 38.66 38.66 38.67 38.7 38.68 38.65 38.63 38.63 38.63 38.62 38.62 38.61 38.61 38.6 38.59 38.6 38.61 38.6 38.6 38.58 38.57 38.59 38.59 38.59 38.58 38.6 38.62 38.61 38.61 38.61 38.62 38.62 38.62 38.63 38.62 38.59 38.59 38.6 38.59 38.58 38.58 38.59 38.59 38.58 38.57 38.56 38.58 38.61 38.63 38.63 38.62 38.61 38.62 38.63 38.64 38.6 38.58 38.6 38.63 38.63 38.65 38.64 38.63 38.64 38.63 38.62 38.6 38.59 38.59 38.57 38.54 38.52 38.52 38.51 38.5
38.71 38.69 38.67 38.67 38.67 38.67 38.66 38.66 38.65 38.63 38.62 38.61 38.62 38.62 38.62 38.61 38.61 38.59 38.6 38.62 38.61 38.61 38.59 38.57 38.58 38.57 38.57 38.58 38.59 38.62 38.61 38.59 38.59 38.61 38.62 38.62 38.62 38.62 38.6 38.58 38.59 38.59 38.59 38.59 38.6 38.59 38.57 38.56 38.54 38.56 38.59 38.62 38.64 38.63 38.6 38.58 38.6 38.63 38.61 38.57 38.59 38.62 38.61 38.61 38.61 38.62 38.64 38.64 38.62 38.6 38.59 38.6 38.59 38.56 38.53 38.52 38.51 38.5
