slabs/77.grd
DSAA
631 301
646410 647040
4947800 4948100
31.01 44.3
[rows 0 to 33 of 300, columns 546 to 623 of 631]
38.81 38.82 38.78 38.81 38.82 38.85 38.82 38.81 38.8 38.81 38.82 38.81 38.8 38.81 38.79 38.8 38.77 38.77 38.77 38.77 38.77 38.77 38.78 38.77 38.73 38.74 38.73 38.74 38.74 38.7 38.69 38.7 38.7 38.69 38.69 38.7 38.72 38.67 38.66 38.65 38.68 38.67 38.67 38.65 38.61 38.6 38.59 38.58 38.56 38.54 38.54 38.55 38.53 38.52 38.49 38.5 38.51 38.46 38.46 38.43 38.44 38.41 38.41 38.41 38.41 38.41 38.42 38.39 38.41 38.4 38.36 38.34 38.31 38.31 38.31 38.32 38.33 38.35
38.82 38.84 38.81 38.82 38.83 38.83 38.78 38.79 38.81 38.83 38.81 38.84 38.81 38.8 38.8 38.79 38.76 38.75 38.76 38.77 38.77 38.75 38.76 38.76 38.74 38.76 38.74 38.74 38.73 38.71 38.69 38.7 38.7 38.7 38.68 38.71 38.73 38.66 38.66 38.67 38.68 38.7 38.69 38.64 38.59 38.6 38.59 38.57 38.57 38.53 38.54 38.54 38.48 38.49 38.48 38.49 38.47 38.44 38.45 38.43 38.44 38.44 38.43 38.43 38.42 38.43 38.43 38.39 38.38 38.38 38.35 38.33 38.33 38.33 38.32 38.35 38.37 38.4
38.85 38.84 38.82 38.79 38.79 38.8 38.81 38.82 38.82 38.83 38.8 38.8 38.79 38.78 38.78 38.77 38.74 38.75 38.76 38.76 38.76 38.74 38.75 38.75 38.75 38.74 38.73 38.73 38.72 38.73 38.7 38.71 38.73 38.74 38.7 38.7 38.7 38.69 38.69 38.69 38.65 38.68 38.67 38.65 38.61 38.61 38.61 38.59 38.55 38.53 38.51 38.51 38.5 38.52 38.5 38.48 38.47 38.46 38.46 38.45 38.46 38.46 38.45 38.44 38.41 38.41 38.4 38.34 38.35 38.36 38.36 38.34 38.35 38.35 38.33 38.37 38.39 38.4
38.86 38.85 38.8 38.81 38.82 38.82 38.82 38.82 38.8 38.83 38.8 38.79 38.78 38.78 38.76 38.76 38.76 38.76 38.76 38.76 38.76 38.74 38.72 38.74 38.73 38.73 38.73 38.73 38.72 38.74 38.71 38.71 38.75 38.73 38.72 38.7 38.71 38.71 38.71 38.66 38.67 38.69 38.68 38.64 38.6 38.59 38.6 38.61 38.58 38.55 38.54 38.49 38.5 38.5 38.48 38.47 38.5 38.49 38.47 38.47 38.47 38.46 38.45 38.41 38.4 38.4 38.39 38.33 38.34 38.35 38.36 38.33 38.34 38.35 38.34 38.38 38.39 38.4
38.84 38.81 38.82 38.83 38.85 38.84 38.83 38.82 38.78 38.83 38.82 38.81 38.79 38.77 38.76 38.76 38.77 38.78 38.77 38.78 38.77 38.73 38.7 38.74 38.74 38.74 38.74 38.74 38.73 38.76 38.75 38.73 38.73 38.69 38.7 38.71 38.72 38.71 38.71 38.67 38.7 38.71 38.69 38.65 38.62 38.6 38.59 38.59 38.58 38.57 38.54 38.5 38.51 38.49 38.46 38.47 38.51 38.49 38.45 38.47 38.45 38.45 38.44 38.4 38.4 38.4 38.41 38.38 38.35 38.36 38.34 38.31 38.31 38.32 38.33 38.36 38.37 38.39
38.81 38.82 38.84 38.84 38.84 38.83 38.81 38.81 38.78 38.81 38.82 38.81 38.8 38.77 38.77 38.77 38.77 38.78 38.78 38.78 38.76 38.73 38.71 38.76 38.75 38.73 38.73 38.74 38.74 38.74 38.73 38.72 38.73 38.74 38.74 38.72 38.71 38.69 38.69 38.68 38.67 38.69 38.69 38.64 38.63 38.6 38.58 38.57 38.57 38.56 38.54 38.51 38.5 38.5 38.47 38.47 38.49 38.47 38.44 38.46 38.44 38.44 38.44 38.42 38.4 38.41 38.42 38.39 38.35 38.35 38.32 38.31 38.3 38.3 38.32 38.35 38.35 38.36
38.82 38.83 38.83 38.83 38.82 38.81 38.79 38.8 38.78 38.81 38.79 38.79 38.79 38.79 38.76 38.78 38.79 38.77 38.76 38.77 38.76 38.74 38.72 38.74 38.73 38.74 38.74 38.73 38.72 38.73 38.73 38.73 38.75 38.73 38.73 38.7 38.73 38.69 38.69 38.66 38.65 38.66 38.67 38.63 38.62 38.61 38.57 38.56 38.55 38.55 38.55 38.53 38.51 38.5 38.48 38.47 38.46 38.45 38.44 38.45 38.43 38.44 38.44 38.41 38.39 38.4 38.41 38.39 38.36 38.34 38.31 38.3 38.3 38.29 38.34 38.36 38.33 38.3
38.86 38.84 38.81 38.81 38.82 38.8 38.8 38.8 38.78 38.82 38.78 38.77 38.79 38.8 38.78 38.78 38.76 38.75 38.75 38.75 38.74 38.73 38.72 38.75 38.73 38.73 38.73 38.72 38.71 38.75 38.76 38.74 38.73 38.71 38.7 38.71 38.71 38.67 38.68 38.67 38.68 38.67 38.66 38.62 38.61 38.6 38.56 38.56 38.55 38.56 38.55 38.53 38.53 38.51 38.49 38.46 38.46 38.46 38.47 38.45 38.44 38.44 38.44 38.43 38.41 38.43 38.41 38.37 38.37 38.33 38.33 38.34 38.32 38.33 38.35 38.34 38.32 38.29
38.88 38.84 38.82 38.81 38.81 38.81 38.82 38.81 38.79 38.77 38.77 38.77 38.79 38.81 38.8 38.75 38.72 38.76 38.77 38.76 38.72 38.75 38.74 38.73 38.73 38.68 38.69 38.73 38.75 38.76 38.75 38.72 38.71 38.71 38.72 38.72 38.67 38.65 38.67 38.68 38.68 38.67 38.66 38.64 38.61 38.6 38.58 38.57 38.56 38.56 38.54 38.52 38.55 38.52 38.49 38.47 38.46 38.45 38.48 38.45 38.46 38.45 38.45 38.47 38.45 38.43 38.39 38.34 38.35 38.35 38.35 38.34 38.34 38.34 38.33 38.33 38.33 38.31
38.87 38.86 38.84 38.83 38.82 38.82 38.8 38.8 38.78 38.76 38.77 38.78 38.78 38.77 38.74 38.74 38.74 38.75 38.75 38.76 38.76 38.77 38.76 38.71 38.73 38.7 38.71 38.74 38.74 38.74 38.74 38.72 38.73 38.71 38.72 38.71 38.68 38.66 38.67 38.67 38.66 38.66 38.66 38.66 38.61 38.61 38.59 38.58 38.55 38.55 38.54 38.5 38.55 38.52 38.47 38.43 38.45 38.46 38.46 38.43 38.46 38.47 38.45 38.45 38.43 38.38 38.37 38.39 38.38 38.35 38.36 38.31 38.32 38.32 38.32 38.33 38.31 38.29
38.85 38.87 38.84 38.84 38.84 38.81 38.82 38.82 38.78 38.79 38.85 38.8 38.77 38.75 38.74 38.74 38.76 38.73 38.73 38.75 38.75 38.77 38.76 38.72 38.75 38.72 38.73 38.73 38.72 38.72 38.73 38.73 38.72 38.7 38.71 38.7 38.68 38.66 38.67 38.65 38.65 38.66 38.68 38.64 38.62 38.61 38.57 38.56 38.53 38.53 38.54 38.53 38.52 38.49 38.47 38.44 38.48 38.47 38.5 38.48 38.47 38.46 38.43 38.43 38.42 38.41 38.41 38.42 38.37 38.33 38.33 38.29 38.3 38.32 38.31 38.31 38.29 38.26
38.84 38.85 38.84 38.83 38.81 38.8 38.85 38.84 38.82 38.81 38.81 38.77 38.8 38.77 38.76 38.75 38.75 38.75 38.74 38.73 38.73 38.77 38.75 38.73 38.76 38.72 38.71 38.71 38.71 38.72 38.71 38.73 38.71 38.71 38.71 38.71 38.66 38.65 38.66 38.65 38.64 38.65 38.67 38.64 38.64 38.61 38.56 38.59 38.55 38.55 38.55 38.51 38.52 38.49 38.46 38.48 38.46 38.46 38.47 38.48 38.47 38.46 38.44 38.42 38.42 38.44 38.41 38.38 38.35 38.34 38.33 38.3 38.3 38.31 38.33 38.3 38.29 38.25
38.86 38.86 38.88 38.87 38.84 38.83 38.86 38.85 38.83 38.79 38.8 38.8 38.81 38.78 38.76 38.73 38.75 38.74 38.74 38.72 38.72 38.75 38.76 38.74 38.75 38.7 38.7 38.7 38.69 38.69 38.69 38.73 38.73 38.72 38.7 38.69 38.65 38.66 38.65 38.64 38.64 38.66 38.66 38.65 38.62 38.61 38.56 38.58 38.54 38.56 38.54 38.5 38.52 38.51 38.46 38.48 38.48 38.47 38.44 38.42 38.43 38.45 38.43 38.43 38.42 38.42 38.39 38.34 38.33 38.35 38.33 38.32 38.32 38.3 38.32 38.29 38.28 38.23
38.88 38.82 38.87 38.86 38.85 38.86 38.85 38.82 38.82 38.78 38.79 38.82 38.79 38.76 38.75 38.73 38.76 38.72 38.73 38.74 38.73 38.73 38.74 38.73 38.73 38.72 38.72 38.7 38.68 38.68 38.69 38.74 38.72 38.71 38.69 38.68 38.66 38.65 38.64 38.67 38.65 38.65 38.64 38.61 38.6 38.6 38.59 38.56 38.55 38.54 38.53 38.53 38.53 38.52 38.5 38.49 38.49 38.46 38.42 38.41 38.42 38.45 38.43 38.42 38.42 38.39 38.36 38.32 38.31 38.33 38.34 38.35 38.33 38.3 38.3 38.29 38.25 38.19
38.88 38.85 38.86 38.87 38.87 38.86 38.84 38.81 38.83 38.81 38.8 38.8 38.76 38.75 38.74 38.75 38.76 38.75 38.75 38.75 38.73 38.71 38.7 38.71 38.74 38.74 38.73 38.7 38.7 38.71 38.71 38.71 38.67 38.68 38.7 38.69 38.67 38.68 38.66 38.69 38.65 38.64 38.64 38.59 38.58 38.57 38.54 38.55 38.54 38.52 38.53 38.53 38.52 38.52 38.5 38.48 38.47 38.43 38.42 38.44 38.45 38.45 38.44 38.43 38.42 38.37 38.35 38.34 38.32 38.31 38.34 38.36 38.33 38.28 38.29 38.27 38.22 38.17
38.89 38.88 38.86 38.85 38.86 38.85 38.84 38.81 38.83 38.83 38.82 38.78 38.73 38.73 38.73 38.76 38.74 38.77 38.76 38.72 38.72 38.71 38.7 38.7 38.71 38.73 38.72 38.71 38.69 38.68 38.68 38.69 38.71 38.69 38.68 38.72 38.7 38.7 38.7 38.69 38.64 38.63 38.62 38.57 38.56 38.55 38.54 38.54 38.54 38.54 38.52 38.51 38.52 38.52 38.5 38.47 38.47 38.44 38.44 38.47 38.47 38.43 38.43 38.43 38.41 38.36 38.36 38.35 38.34 38.31 38.35 38.35 38.32 38.28 38.24 38.23 38.21 38.17
38.91 38.9 38.87 38.86 38.86 38.84 38.83 38.81 38.83 38.82 38.81 38.78 38.72 38.74 38.76 38.78 38.73 38.72 38.72 38.69 38.72 38.72 38.72 38.7 38.71 38.72 38.73 38.69 38.71 38.71 38.71 38.74 38.7 38.69 38.68 38.71 38.72 38.71 38.67 38.67 38.63 38.62 38.6 38.56 38.55 38.54 38.56 38.56 38.56 38.54 38.51 38.49 38.49 38.5 38.49 38.48 38.47 38.45 38.45 38.48 38.46 38.41 38.42 38.41 38.4 38.36 38.34 38.34 38.33 38.33 38.36 38.36 38.3 38.27 38.26 38.23 38.19 38.16
38.92 38.91 38.89 38.89 38.87 38.83 38.82 38.81 38.81 38.8 38.8 38.79 38.77 38.78 38.79 38.78 38.74 38.7 38.72 38.72 38.72 38.7 38.7 38.72 38.74 38.73 38.7 38.69 38.7 38.74 38.73 38.73 38.72 38.72 38.69 38.72 38.71 38.68 38.65 38.64 38.63 38.62 38.6 38.57 38.56 38.56 38.57 38.57 38.56 38.52 38.49 38.45 38.47 38.47 38.46 38.46 38.46 38.44 38.45 38.47 38.44 38.42 38.41 38.39 38.39 38.37 38.33 38.32 38.32 38.33 38.34 38.33 38.29 38.27 38.28 38.23 38.18 38.22
38.94 38.9 38.9 38.89 38.85 38.85 38.83 38.81 38.8 38.78 38.8 38.82 38.78 38.78 38.77 38.76 38.74 38.74 38.73 38.7 38.74 38.72 38.72 38.73 38.69 38.69 38.69 38.69 38.72 38.72 38.72 38.71 38.74 38.74 38.7 38.69 38.68 38.67 38.64 38.63 38.63 38.62 38.6 38.6 38.59 38.57 38.55 38.55 38.54 38.51 38.47 38.44 38.45 38.46 38.42 38.43 38.44 38.45 38.45 38.46 38.43 38.45 38.42 38.4 38.38 38.36 38.34 38.33 38.33 38.36 38.38 38.34 38.27 38.25 38.23 38.21 38.19 38.26
38.95 38.89 38.9 38.9 38.87 38.84 38.83 38.81 38.82 38.82 38.83 38.84 38.77 38.78 38.78 38.76 38.75 38.73 38.7 38.71 38.73 38.73 38.72 38.72 38.69 38.7 38.72 38.72 38.71 38.7 38.7 38.73 38.74 38.73 38.69 38.67 38.67 38.65 38.63 38.63 38.62 38.62 38.59 38.61 38.59 38.57 38.54 38.52 38.51 38.5 38.47 38.47 38.47 38.46 38.42 38.4 38.4 38.44 38.44 38.44 38.44 38.44 38.43 38.41 38.37 38.34 38.34 38.33 38.34 38.37 38.35 38.33 38.27 38.26 38.21 38.18 38.19 38.29
38.92 38.9 38.93 38.94 38.87 38.83 38.83 38.84 38.86 38.86 38.83 38.81 38.8 38.8 38.8 38.78 38.72 38.72 38.72 38.73 38.73 38.72 38.7 38.73 38.71 38.71 38.71 38.69 38.69 38.69 38.71 38.72 38.73 38.72 38.67 38.66 38.66 38.63 38.63 38.63 38.63 38.63 38.59 38.58 38.57 38.56 38.52 38.5 38.49 38.49 38.49 38.48 38.46 38.43 38.41 38.41 38.41 38.43 38.46 38.44 38.43 38.43 38.42 38.41 38.38 38.32 38.32 38.33 38.33 38.34 38.33 38.32 38.29 38.26 38.19 38.17 38.2 38.34
38.94 38.92 38.91 38.91 38.91 38.88 38.89 38.88 38.87 38.87 38.82 38.81 38.79 38.79 38.8 38.75 38.71 38.71 38.73 38.77 38.75 38.72 38.71 38.75 38.74 38.71 38.7 38.69 38.69 38.69 38.71 38.7 38.71 38.71 38.65 38.64 38.64 38.63 38.65 38.65 38.63 38.62 38.57 38.57 38.57 38.54 38.51 38.49 38.5 38.48 38.47 38.49 38.47 38.44 38.45 38.44 38.41 38.44 38.46 38.44 38.41 38.4 38.41 38.4 38.38 38.35 38.32 38.33 38.34 38.33 38.31 38.29 38.28 38.24 38.17 38.18 38.27 38.42
38.96 38.91 38.93 38.91 38.94 38.92 38.91 38.88 38.86 38.86 38.84 38.82 38.79 38.78 38.78 38.75 38.77 38.75 38.74 38.77 38.75 38.73 38.71 38.75 38.75 38.72 38.7 38.71 38.71 38.71 38.69 38.69 38.68 38.68 38.64 38.67 38.66 38.66 38.65 38.66 38.62 38.59 38.57 38.52 38.55 38.53 38.52 38.5 38.49 38.48 38.46 38.46 38.44 38.45 38.45 38.43 38.41 38.41 38.43 38.43 38.42 38.4 38.41 38.39 38.38 38.35 38.34 38.34 38.35 38.34 38.3 38.28 38.25 38.18 38.15 38.19 38.36 38.53
38.96 38.92 38.93 38.92 38.93 38.92 38.9 38.87 38.87 38.86 38.84 38.83 38.81 38.79 38.78 38.79 38.78 38.77 38.76 38.76 38.76 38.74 38.73 38.73 38.73 38.72 38.71 38.72 38.72 38.73 38.7 38.67 38.65 38.65 38.67 38.71 38.7 38.67 38.63 38.66 38.64 38.6 38.59 38.53 38.54 38.53 38.49 38.48 38.46 38.44 38.44 38.44 38.45 38.44 38.45 38.44 38.42 38.4 38.41 38.42 38.41 38.4 38.4 38.4 38.38 38.35 38.37 38.37 38.35 38.33 38.29 38.27 38.2 38.15 38.15 38.22 38.42 38.57
38.96 38.95 38.95 38.94 38.93 38.93 38.89 38.86 38.88 38.87 38.83 38.84 38.83 38.81 38.79 38.8 38.77 38.77 38.78 38.78 38.78 38.76 38.74 38.74 38.71 38.69 38.71 38.71 38.71 38.72 38.68 38.66 38.65 38.67 38.69 38.67 38.67 38.66 38.62 38.64 38.63 38.58 38.56 38.53 38.52 38.52 38.47 38.47 38.48 38.44 38.42 38.43 38.44 38.41 38.4 38.41 38.4 38.42 38.41 38.41 38.39 38.38 38.41 38.39 38.38 38.35 38.39 38.4 38.36 38.32 38.3 38.26 38.16 38.18 38.19 38.26 38.44 38.57
38.99 38.99 38.97 38.93 38.94 38.94 38.89 38.88 38.89 38.88 38.84 38.84 38.84 38.83 38.79 38.79 38.8 38.77 38.78 38.78 38.78 38.77 38.74 38.72 38.69 38.67 38.71 38.72 38.71 38.7 38.66 38.67 38.66 38.66 38.67 38.68 38.66 38.64 38.62 38.62 38.61 38.57 38.56 38.54 38.5 38.5 38.46 38.47 38.47 38.44 38.43 38.43 38.42 38.39 38.38 38.39 38.4 38.41 38.38 38.39 38.37 38.36 38.4 38.37 38.37 38.35 38.38 38.38 38.36 38.3 38.28 38.23 38.15 38.23 38.22 38.31 38.45 38.61
38.98 38.99 38.98 38.93 38.93 38.92 38.91 38.9 38.91 38.9 38.86 38.86 38.84 38.84 38.81 38.81 38.82 38.79 38.8 38.8 38.79 38.76 38.7 38.7 38.72 38.73 38.7 38.72 38.69 38.68 38.65 38.66 38.64 38.65 38.63 38.67 38.66 38.61 38.59 38.6 38.6 38.56 38.54 38.53 38.49 38.51 38.48 38.47 38.45 38.43 38.42 38.41 38.39 38.38 38.4 38.4 38.41 38.39 38.36 38.36 38.36 38.37 38.38 38.35 38.37 38.36 38.37 38.35 38.35 38.29 38.27 38.23 38.18 38.2 38.22 38.33 38.51 38.66
38.96 38.98 38.99 38.95 38.91 38.91 38.92 38.91 38.91 38.9 38.85 38.87 38.84 38.84 38.81 38.82 38.83 38.83 38.83 38.79 38.77 38.73 38.73 38.72 38.74 38.73 38.69 38.71 38.68 38.67 38.65 38.69 38.65 38.67 38.63 38.65 38.64 38.6 38.57 38.57 38.58 38.54 38.52 38.51 38.5 38.5 38.47 38.45 38.43 38.41 38.39 38.38 38.37 38.37 38.41 38.42 38.4 38.38 38.37 38.38 38.36 38.37 38.36 38.34 38.38 38.37 38.36 38.36 38.32 38.27 38.25 38.19 38.16 38.16 38.22 38.35 38.45 38.65
38.97 38.97 38.99 38.96 38.92 38.92 38.93 38.92 38.87 38.87 38.86 38.88 38.88 38.86 38.84 38.8 38.82 38.84 38.79 38.77 38.76 38.71 38.71 38.68 38.7 38.74 38.7 38.7 38.67 38.66 38.67 38.68 38.66 38.66 38.62 38.63 38.62 38.6 38.56 38.55 38.55 38.53 38.51 38.49 38.48 38.47 38.43 38.41 38.4 38.38 38.37 38.37 38.38 38.37 38.41 38.41 38.4 38.38 38.37 38.39 38.34 38.32 38.32 38.32 38.35 38.34 38.35 38.32 38.28 38.25 38.24 38.18 38.16 38.21 38.28 38.44 38.51 38.58
38.98 38.97 38.98 38.98 38.94 38.94 38.93 38.9 38.91 38.92 38.91 38.86 38.87 38.87 38.87 38.83 38.83 38.82 38.8 38.79 38.77 38.72 38.69 38.72 38.72 38.74 38.72 38.71 38.69 38.66 38.66 38.67 38.68 38.65 38.62 38.61 38.59 38.59 38.55 38.54 38.54 38.53 38.5 38.48 38.46 38.44 38.39 38.4 38.39 38.36 38.38 38.38 38.37 38.36 38.39 38.4 38.39 38.36 38.35 38.34 38.31 38.33 38.32 38.31 38.36 38.36 38.37 38.33 38.29 38.23 38.2 38.16 38.15 38.27 38.4 38.58 38.59 38.45
39 39 38.98 39 38.96 38.95 38.94 38.92 38.92 38.91 38.89 38.87 38.87 38.86 38.87 38.83 38.84 38.81 38.77 38.78 38.77 38.75 38.73 38.77 38.76 38.74 38.72 38.73 38.71 38.67 38.67 38.67 38.66 38.62 38.61 38.59 38.57 38.58 38.55 38.55 38.53 38.5 38.49 38.46 38.45 38.4 38.37 38.38 38.4 38.38 38.39 38.38 38.36 38.37 38.37 38.39 38.36 38.33 38.35 38.33 38.32 38.31 38.31 38.33 38.37 38.36 38.35 38.32 38.28 38.21 38.17 38.16 38.18 38.33 38.5 38.69 38.69 38.57
39.03 39.02 38.98 38.99 38.98 38.96 38.96 38.94 38.94 38.92 38.91 38.9 38.89 38.88 38.86 38.84 38.83 38.8 38.75 38.8 38.8 38.8 38.77 38.79 38.78 38.75 38.72 38.74 38.73 38.7 38.69 38.68 38.63 38.59 38.6 38.58 38.56 38.58 38.56 38.54 38.48 38.44 38.43 38.44 38.43 38.39 38.38 38.39 38.38 38.4 38.4 38.4 38.38 38.38 38.37 38.34 38.32 38.32 38.34 38.35 38.33 38.33 38.33 38.35 38.35 38.34 38.33 38.3 38.25 38.2 38.15 38.17 38.22 38.34 38.58 38.8 38.84 38.82
39.03 39.01 38.98 39 39 39 38.97 38.94 38.94 38.92 38.9 38.92 38.9 38.87 38.86 38.84 38.82 38.8 38.81 38.84 38.83 38.83 38.77 38.78 38.79 38.77 38.73 38.73 38.72 38.73 38.69 38.67 38.62 38.6 38.6 38.59 38.58 38.55 38.54 38.53 38.47 38.41 38.41 38.43 38.4 38.4 38.41 38.39 38.34 38.4 38.4 38.39 38.38 38.33 38.33 38.3 38.33 38.34 38.34 38.33 38.31 38.31 38.32 38.35 38.35 38.33 38.31 38.29 38.23 38.19 38.13 38.18 38.33 38.43 38.7 38.89 38.96 38.99
39.02 39 39.01 38.99 38.99 38.99 38.98 38.93 38.94 38.94 38.91 38.93 38.91 38.88 38.86 38.84 38.85 38.84 38.85 38.86 38.85 38.83 38.79 38.78 38.78 38.77 38.75 38.73 38.72 38.72 38.67 38.65 38.61 38.61 38.59 38.58 38.56 38.51 38.52 38.5 38.49 38.42 38.41 38.43 38.44 38.41 38.4 38.39 38.37 38.38 38.38 38.36 38.34 38.34 38.33 38.31 38.31 38.34 38.32 38.32 38.31 38.28 38.31 38.35 38.34 38.31 38.29 38.25 38.19 38.17 38.13 38.22 38.46 38.55 38.81 38.95 39.01 39.03
