slabs/78.grd
DSAA
631 301
646410 647040
4948100 4948400
30.34 41.3
[rows 204 to 237 of 301, columns 234 to 311 of 631]
37.4 37.39 37.5 37.55 37.56 37.56 37.6 37.69 37.83 38.1 38.33 38.49 38.58 38.65 38.65 38.62 38.57 38.56 38.56 38.55 38.52 38.48 38.44 38.44 38.46 38.49 38.53 38.51 38.48 38.46 38.44 38.44 38.44 38.45 38.47 38.48 38.5 38.52 38.56 38.6 38.56 38.52 38.53 38.42 38.1 37.9 37.93 37.89 37.4 36.93 36.66 36.06 35.31 34.75 34.31 33.47 32.8 32.3 31.96 31.68 31.59 31.41 31.18 31.17 31.14 31.06 30.88 30.78 30.79 30.79 30.75 30.76 30.81 30.78 30.71 30.67 30.67 30.71
37.41 37.39 37.45 37.5 37.52 37.58 37.67 37.77 37.93 38.16 38.31 38.43 38.59 38.67 38.65 38.6 38.52 38.49 38.51 38.5 38.46 38.44 38.41 38.42 38.44 38.45 38.46 38.46 38.44 38.41 38.4 38.39 38.39 38.39 38.4 38.41 38.41 38.42 38.45 38.5 38.49 38.48 38.52 38.55 38.44 38.37 38.43 38.44 38.11 37.68 37.37 36.76 36.09 35.56 35.04 34.16 33.56 33.14 32.64 32.31 32.06 31.82 31.49 31.44 31.43 31.3 31.01 30.89 30.9 30.89 30.83 30.88 30.95 30.9 30.78 30.71 30.7 30.69
37.41 37.4 37.43 37.47 37.51 37.65 37.8 37.91 38.09 38.27 38.36 38.41 38.53 38.64 38.65 38.58 38.43 38.41 38.44 38.44 38.44 38.42 38.42 38.44 38.47 38.46 38.45 38.44 38.44 38.42 38.41 38.4 38.39 38.37 38.37 38.36 38.36 38.36 38.37 38.39 38.41 38.42 38.48 38.59 38.61 38.6 38.63 38.66 38.53 38.28 37.92 37.2 36.62 36.21 35.62 34.84 34.3 33.97 33.44 32.98 32.54 32.3 31.96 31.86 32.01 31.85 31.38 31.09 31.06 31.03 30.94 30.94 30.99 30.95 30.86 30.8 30.81 30.77
37.38 37.39 37.42 37.45 37.54 37.78 37.99 38.1 38.29 38.43 38.48 38.46 38.43 38.48 38.5 38.46 38.38 38.38 38.43 38.44 38.46 38.48 38.49 38.5 38.52 38.52 38.5 38.49 38.48 38.47 38.45 38.43 38.4 38.38 38.37 38.36 38.35 38.34 38.33 38.34 38.35 38.36 38.41 38.53 38.62 38.63 38.65 38.69 38.69 38.59 38.29 37.64 37.13 36.81 36.25 35.63 35.13 34.81 34.36 33.99 33.58 33.32 32.92 32.72 32.73 32.47 31.85 31.39 31.27 31.21 31.08 31 31 30.96 30.91 30.9 30.88 30.81
37.37 37.42 37.46 37.48 37.62 37.97 38.2 38.31 38.47 38.5 38.45 38.39 38.33 38.35 38.38 38.38 38.38 38.39 38.43 38.45 38.49 38.53 38.56 38.55 38.55 38.56 38.55 38.54 38.54 38.53 38.51 38.46 38.41 38.38 38.38 38.38 38.37 38.36 38.34 38.32 38.29 38.28 38.31 38.39 38.49 38.54 38.57 38.64 38.68 38.66 38.51 38.1 37.73 37.48 37.13 36.82 36.42 36.12 35.57 35.02 34.57 34.34 34.03 33.83 33.64 33.26 32.48 31.86 31.62 31.49 31.31 31.25 31.2 31.08 30.99 30.99 30.95 30.86
37.38 37.48 37.55 37.64 37.86 38.14 38.3 38.37 38.44 38.4 38.32 38.29 38.26 38.31 38.38 38.38 38.39 38.4 38.43 38.46 38.52 38.55 38.57 38.56 38.57 38.57 38.57 38.57 38.57 38.56 38.55 38.51 38.47 38.43 38.42 38.42 38.41 38.4 38.38 38.33 38.28 38.25 38.25 38.28 38.33 38.36 38.42 38.53 38.63 38.64 38.57 38.43 38.28 38.17 38.03 37.84 37.55 37.28 36.63 35.88 35.42 35.28 35.13 34.96 34.69 34.28 33.38 32.63 32.26 31.88 31.66 31.62 31.54 31.34 31.18 31.12 31.05 30.94
37.46 37.57 37.72 37.85 38.1 38.29 38.36 38.36 38.34 38.31 38.26 38.25 38.25 38.32 38.39 38.39 38.4 38.43 38.46 38.48 38.53 38.55 38.56 38.56 38.58 38.58 38.58 38.58 38.58 38.56 38.56 38.55 38.53 38.53 38.51 38.47 38.43 38.41 38.39 38.33 38.3 38.28 38.27 38.25 38.24 38.23 38.24 38.29 38.38 38.42 38.45 38.45 38.45 38.45 38.45 38.38 38.23 38.03 37.49 36.86 36.56 36.48 36.33 36.08 35.78 35.28 34.36 33.57 33.12 32.49 32.15 32.03 31.93 31.73 31.5 31.31 31.18 31
37.56 37.68 37.85 37.98 38.23 38.35 38.36 38.33 38.29 38.28 38.25 38.25 38.28 38.34 38.39 38.39 38.41 38.45 38.47 38.5 38.54 38.56 38.57 38.57 38.58 38.58 38.58 38.58 38.57 38.54 38.54 38.55 38.55 38.56 38.55 38.51 38.47 38.44 38.41 38.37 38.35 38.35 38.33 38.29 38.25 38.23 38.2 38.18 38.17 38.22 38.3 38.34 38.39 38.43 38.53 38.58 38.53 38.42 38.12 37.77 37.63 37.57 37.38 37.09 36.79 36.18 35.28 34.51 34.08 33.4 32.9 32.59 32.44 32.18 31.88 31.59 31.38 31.09
37.69 37.8 37.93 38.06 38.26 38.32 38.29 38.27 38.24 38.25 38.26 38.27 38.31 38.35 38.38 38.4 38.43 38.46 38.48 38.51 38.54 38.56 38.57 38.58 38.58 38.58 38.58 38.58 38.56 38.53 38.52 38.53 38.52 38.52 38.52 38.5 38.49 38.48 38.46 38.43 38.41 38.41 38.39 38.33 38.3 38.29 38.27 38.23 38.19 38.19 38.23 38.27 38.31 38.36 38.46 38.52 38.51 38.48 38.39 38.29 38.24 38.17 38.01 37.78 37.52 36.96 36.2 35.54 35.13 34.46 33.87 33.43 33.16 32.74 32.39 32.12 31.82 31.32
37.79 37.9 38.03 38.13 38.25 38.26 38.24 38.23 38.21 38.22 38.25 38.29 38.33 38.37 38.39 38.42 38.46 38.48 38.49 38.5 38.53 38.53 38.55 38.57 38.58 38.57 38.57 38.56 38.54 38.52 38.5 38.51 38.51 38.5 38.5 38.49 38.49 38.49 38.48 38.47 38.45 38.45 38.45 38.41 38.37 38.36 38.32 38.26 38.25 38.24 38.22 38.22 38.23 38.26 38.31 38.36 38.37 38.41 38.43 38.44 38.42 38.35 38.26 38.13 37.96 37.63 37.15 36.66 36.24 35.52 34.91 34.45 34.14 33.65 33.35 33.1 32.66 31.82
37.89 37.97 38.15 38.21 38.25 38.24 38.23 38.22 38.21 38.22 38.25 38.3 38.34 38.37 38.39 38.42 38.46 38.49 38.48 38.48 38.52 38.51 38.52 38.55 38.57 38.59 38.57 38.53 38.5 38.5 38.48 38.47 38.46 38.47 38.48 38.49 38.49 38.49 38.48 38.47 38.45 38.46 38.48 38.47 38.45 38.43 38.37 38.33 38.34 38.32 38.26 38.21 38.19 38.2 38.21 38.22 38.25 38.3 38.36 38.39 38.39 38.39 38.36 38.3 38.23 38.12 37.93 37.66 37.3 36.58 35.97 35.58 35.31 35.05 35.12 34.97 34.56 33.62
38.01 38.07 38.26 38.29 38.27 38.22 38.22 38.23 38.24 38.25 38.27 38.31 38.36 38.39 38.41 38.44 38.47 38.5 38.48 38.49 38.52 38.52 38.52 38.53 38.56 38.59 38.56 38.52 38.49 38.48 38.46 38.45 38.43 38.43 38.45 38.47 38.48 38.48 38.48 38.47 38.45 38.46 38.48 38.48 38.49 38.47 38.44 38.42 38.42 38.4 38.33 38.25 38.2 38.18 38.16 38.15 38.17 38.22 38.25 38.29 38.31 38.35 38.38 38.37 38.37 38.39 38.34 38.23 38.04 37.68 37.4 37.19 36.99 36.75 36.73 36.56 36.18 35.4
38.11 38.15 38.31 38.31 38.25 38.21 38.2 38.21 38.23 38.26 38.27 38.31 38.38 38.42 38.43 38.47 38.49 38.5 38.51 38.51 38.52 38.51 38.52 38.53 38.54 38.56 38.55 38.51 38.5 38.48 38.46 38.45 38.43 38.43 38.44 38.46 38.46 38.46 38.46 38.46 38.46 38.46 38.47 38.48 38.48 38.48 38.48 38.48 38.46 38.44 38.38 38.3 38.25 38.2 38.16 38.14 38.16 38.18 38.18 38.2 38.21 38.26 38.31 38.32 38.3 38.34 38.31 38.27 38.27 38.3 38.31 38.23 38.05 37.79 37.59 37.38 36.95 36.39
38.15 38.18 38.26 38.29 38.23 38.2 38.19 38.2 38.24 38.26 38.27 38.33 38.43 38.47 38.48 38.5 38.52 38.53 38.53 38.53 38.53 38.53 38.53 38.54 38.54 38.54 38.53 38.52 38.52 38.5 38.46 38.45 38.44 38.44 38.44 38.44 38.46 38.46 38.45 38.45 38.45 38.45 38.46 38.47 38.46 38.46 38.48 38.49 38.47 38.44 38.41 38.36 38.32 38.28 38.23 38.2 38.2 38.19 38.17 38.19 38.18 38.18 38.19 38.2 38.18 38.2 38.18 38.16 38.23 38.35 38.44 38.4 38.27 38.12 38.01 37.87 37.55 37.19
38.17 38.17 38.2 38.24 38.22 38.2 38.2 38.23 38.26 38.27 38.29 38.36 38.46 38.51 38.52 38.53 38.54 38.54 38.53 38.53 38.54 38.55 38.54 38.53 38.54 38.53 38.52 38.53 38.52 38.51 38.47 38.44 38.44 38.44 38.42 38.44 38.47 38.46 38.45 38.44 38.43 38.43 38.44 38.45 38.44 38.43 38.44 38.46 38.45 38.42 38.39 38.38 38.36 38.33 38.32 38.31 38.29 38.25 38.24 38.26 38.22 38.15 38.11 38.09 38.1 38.1 38.09 38.09 38.17 38.27 38.35 38.34 38.29 38.25 38.2 38.15 38.02 37.82
38.14 38.15 38.17 38.2 38.2 38.18 38.2 38.25 38.25 38.26 38.29 38.37 38.44 38.47 38.48 38.5 38.51 38.52 38.54 38.55 38.56 38.56 38.55 38.54 38.54 38.53 38.52 38.52 38.5 38.5 38.48 38.44 38.45 38.44 38.42 38.43 38.45 38.45 38.45 38.44 38.43 38.43 38.43 38.44 38.43 38.4 38.4 38.42 38.42 38.4 38.36 38.34 38.32 38.31 38.32 38.33 38.33 38.33 38.31 38.29 38.25 38.18 38.12 38.09 38.07 38.07 38.05 38.06 38.1 38.18 38.25 38.26 38.26 38.28 38.26 38.27 38.27 38.21
38.13 38.19 38.21 38.21 38.18 38.16 38.19 38.24 38.24 38.25 38.29 38.37 38.42 38.44 38.45 38.48 38.49 38.51 38.55 38.58 38.58 38.57 38.56 38.55 38.53 38.52 38.51 38.51 38.5 38.49 38.47 38.46 38.45 38.45 38.43 38.42 38.42 38.43 38.45 38.46 38.45 38.43 38.43 38.43 38.41 38.38 38.38 38.38 38.38 38.38 38.35 38.33 38.31 38.29 38.29 38.29 38.3 38.32 38.32 38.31 38.28 38.22 38.19 38.15 38.1 38.07 38.06 38.05 38.05 38.1 38.15 38.17 38.21 38.25 38.27 38.29 38.35 38.35
38.17 38.25 38.24 38.2 38.16 38.15 38.18 38.22 38.23 38.25 38.29 38.37 38.43 38.46 38.48 38.5 38.52 38.53 38.55 38.58 38.57 38.56 38.55 38.54 38.51 38.51 38.51 38.5 38.49 38.48 38.47 38.45 38.44 38.43 38.41 38.4 38.4 38.42 38.45 38.45 38.43 38.42 38.42 38.42 38.41 38.39 38.37 38.36 38.36 38.36 38.36 38.35 38.33 38.3 38.28 38.29 38.29 38.29 38.3 38.29 38.28 38.26 38.25 38.23 38.16 38.11 38.1 38.08 38.06 38.07 38.09 38.1 38.15 38.21 38.25 38.25 38.29 38.3
38.19 38.22 38.21 38.17 38.15 38.16 38.19 38.23 38.22 38.24 38.29 38.37 38.43 38.47 38.5 38.51 38.52 38.53 38.54 38.54 38.53 38.53 38.53 38.52 38.5 38.5 38.5 38.49 38.48 38.48 38.46 38.44 38.43 38.41 38.4 38.4 38.4 38.4 38.41 38.41 38.41 38.42 38.43 38.43 38.43 38.41 38.38 38.36 38.34 38.34 38.35 38.34 38.33 38.31 38.3 38.3 38.29 38.27 38.25 38.25 38.25 38.26 38.27 38.27 38.25 38.2 38.18 38.16 38.12 38.1 38.1 38.1 38.11 38.14 38.16 38.15 38.16 38.16
38.18 38.2 38.18 38.16 38.16 38.19 38.22 38.25 38.24 38.25 38.3 38.37 38.42 38.46 38.5 38.51 38.51 38.51 38.51 38.49 38.49 38.49 38.49 38.5 38.5 38.5 38.49 38.49 38.48 38.48 38.47 38.45 38.43 38.42 38.39 38.38 38.39 38.39 38.39 38.4 38.4 38.41 38.42 38.43 38.42 38.39 38.38 38.37 38.35 38.33 38.35 38.33 38.33 38.31 38.31 38.31 38.28 38.25 38.23 38.23 38.24 38.25 38.27 38.28 38.3 38.28 38.27 38.25 38.21 38.19 38.18 38.16 38.12 38.1 38.1 38.08 38.05 38.03
38.17 38.19 38.17 38.15 38.17 38.21 38.24 38.25 38.25 38.27 38.33 38.38 38.42 38.44 38.48 38.51 38.5 38.5 38.5 38.48 38.46 38.46 38.46 38.48 38.49 38.48 38.48 38.48 38.47 38.45 38.44 38.43 38.41 38.41 38.41 38.39 38.38 38.37 38.37 38.38 38.38 38.38 38.38 38.39 38.38 38.36 38.37 38.39 38.37 38.34 38.35 38.34 38.32 38.31 38.31 38.31 38.28 38.25 38.23 38.23 38.23 38.25 38.26 38.27 38.29 38.31 38.32 38.32 38.31 38.28 38.26 38.23 38.17 38.13 38.14 38.1 38.03 38
38.19 38.18 38.16 38.15 38.17 38.2 38.24 38.25 38.25 38.28 38.35 38.39 38.41 38.42 38.45 38.5 38.51 38.5 38.48 38.47 38.43 38.43 38.43 38.44 38.44 38.45 38.46 38.44 38.43 38.41 38.41 38.42 38.4 38.38 38.4 38.39 38.37 38.35 38.35 38.35 38.35 38.35 38.35 38.36 38.35 38.36 38.38 38.39 38.37 38.34 38.33 38.33 38.32 38.3 38.29 38.29 38.28 38.26 38.24 38.23 38.23 38.25 38.26 38.27 38.28 38.29 38.3 38.31 38.32 38.31 38.3 38.31 38.29 38.23 38.23 38.16 38.08 38.04
38.2 38.18 38.14 38.14 38.15 38.18 38.22 38.23 38.24 38.28 38.34 38.37 38.38 38.4 38.43 38.47 38.49 38.49 38.47 38.46 38.45 38.44 38.42 38.41 38.41 38.44 38.44 38.41 38.4 38.39 38.4 38.4 38.38 38.36 38.39 38.39 38.38 38.36 38.35 38.34 38.34 38.33 38.33 38.34 38.34 38.34 38.36 38.37 38.36 38.33 38.31 38.31 38.32 38.29 38.27 38.27 38.27 38.26 38.25 38.23 38.23 38.25 38.28 38.29 38.28 38.26 38.25 38.26 38.28 38.28 38.29 38.32 38.31 38.27 38.26 38.22 38.15 38.1
38.19 38.16 38.11 38.1 38.11 38.13 38.18 38.21 38.21 38.25 38.33 38.35 38.35 38.38 38.42 38.44 38.46 38.46 38.46 38.45 38.45 38.45 38.42 38.41 38.41 38.43 38.42 38.39 38.38 38.37 38.37 38.37 38.37 38.37 38.39 38.39 38.38 38.36 38.34 38.33 38.33 38.32 38.32 38.32 38.33 38.32 38.32 38.33 38.35 38.32 38.3 38.3 38.29 38.28 38.26 38.26 38.26 38.26 38.24 38.24 38.23 38.22 38.21 38.25 38.28 38.26 38.24 38.23 38.24 38.26 38.26 38.27 38.26 38.25 38.24 38.22 38.19 38.17
38.17 38.14 38.09 38.07 38.08 38.1 38.14 38.15 38.17 38.22 38.32 38.37 38.38 38.39 38.42 38.42 38.44 38.45 38.44 38.42 38.42 38.44 38.43 38.4 38.4 38.41 38.41 38.38 38.38 38.38 38.37 38.36 38.37 38.37 38.37 38.36 38.36 38.35 38.34 38.31 38.31 38.31 38.31 38.31 38.32 38.32 38.31 38.32 38.32 38.29 38.28 38.27 38.25 38.24 38.22 38.23 38.26 38.26 38.25 38.25 38.24 38.23 38.22 38.25 38.27 38.26 38.24 38.21 38.22 38.25 38.25 38.23 38.24 38.24 38.23 38.21 38.2 38.21
38.13 38.09 38.02 38 38.04 38.07 38.1 38.11 38.14 38.2 38.31 38.38 38.41 38.42 38.43 38.45 38.46 38.45 38.43 38.41 38.41 38.42 38.41 38.38 38.38 38.39 38.4 38.39 38.39 38.38 38.37 38.36 38.36 38.35 38.34 38.33 38.33 38.35 38.38 38.35 38.31 38.3 38.31 38.32 38.32 38.32 38.31 38.3 38.28 38.27 38.24 38.24 38.23 38.23 38.21 38.22 38.25 38.26 38.26 38.25 38.24 38.25 38.27 38.27 38.26 38.25 38.24 38.21 38.21 38.23 38.23 38.23 38.23 38.22 38.21 38.19 38.21 38.22
38.07 38.04 37.98 37.97 38.01 38.05 38.09 38.12 38.15 38.2 38.3 38.36 38.39 38.4 38.43 38.47 38.48 38.46 38.43 38.41 38.4 38.41 38.39 38.36 38.36 38.37 38.38 38.38 38.37 38.36 38.36 38.35 38.35 38.35 38.34 38.33 38.34 38.35 38.38 38.37 38.3 38.29 38.31 38.31 38.29 38.31 38.32 38.29 38.25 38.25 38.24 38.24 38.22 38.21 38.22 38.22 38.22 38.22 38.24 38.25 38.24 38.25 38.26 38.26 38.25 38.24 38.24 38.23 38.22 38.22 38.23 38.23 38.22 38.22 38.21 38.2 38.21 38.22
38.05 38.02 37.96 37.97 38.03 38.06 38.1 38.13 38.18 38.21 38.28 38.33 38.35 38.36 38.41 38.46 38.47 38.47 38.44 38.41 38.4 38.4 38.37 38.35 38.35 38.35 38.35 38.36 38.35 38.34 38.33 38.33 38.35 38.35 38.33 38.33 38.33 38.33 38.36 38.34 38.28 38.27 38.27 38.27 38.28 38.28 38.29 38.28 38.24 38.23 38.26 38.25 38.22 38.21 38.22 38.23 38.23 38.23 38.24 38.26 38.24 38.23 38.24 38.24 38.23 38.23 38.24 38.23 38.24 38.25 38.24 38.23 38.22 38.23 38.23 38.22 38.22 38.23
38.03 38 37.96 37.99 38.05 38.07 38.1 38.11 38.16 38.21 38.26 38.31 38.32 38.35 38.39 38.42 38.44 38.46 38.44 38.41 38.39 38.38 38.36 38.34 38.34 38.33 38.34 38.34 38.34 38.33 38.32 38.32 38.33 38.33 38.31 38.31 38.31 38.29 38.29 38.29 38.27 38.26 38.23 38.25 38.27 38.25 38.25 38.26 38.25 38.24 38.26 38.25 38.23 38.22 38.23 38.26 38.26 38.26 38.26 38.25 38.23 38.23 38.23 38.23 38.23 38.23 38.23 38.23 38.25 38.27 38.26 38.24 38.22 38.24 38.24 38.23 38.21 38.22
37.99 37.98 37.97 38 38.06 38.09 38.1 38.1 38.13 38.2 38.25 38.28 38.3 38.33 38.36 38.39 38.41 38.44 38.43 38.41 38.39 38.36 38.36 38.35 38.35 38.33 38.3 38.29 38.31 38.32 38.31 38.31 38.31 38.31 38.3 38.29 38.28 38.27 38.27 38.28 38.28 38.25 38.23 38.24 38.24 38.24 38.24 38.24 38.24 38.23 38.24 38.24 38.23 38.22 38.23 38.25 38.26 38.25 38.25 38.23 38.22 38.24 38.24 38.24 38.25 38.24 38.23 38.23 38.25 38.27 38.28 38.27 38.24 38.25 38.24 38.24 38.23 38.22
37.99 37.97 37.97 37.99 38.05 38.12 38.1 38.08 38.11 38.19 38.24 38.26 38.27 38.31 38.34 38.36 38.38 38.4 38.4 38.4 38.38 38.35 38.35 38.34 38.34 38.33 38.31 38.3 38.29 38.31 38.31 38.31 38.3 38.31 38.3 38.3 38.29 38.28 38.29 38.29 38.29 38.25 38.22 38.21 38.22 38.23 38.23 38.23 38.22 38.22 38.22 38.22 38.23 38.23 38.22 38.24 38.25 38.23 38.24 38.23 38.22 38.23 38.23 38.24 38.25 38.25 38.23 38.22 38.25 38.27 38.26 38.26 38.25 38.25 38.23 38.23 38.24 38.25
38.01 37.96 37.96 37.97 38.04 38.14 38.1 38.07 38.1 38.18 38.23 38.24 38.25 38.29 38.32 38.34 38.34 38.36 38.39 38.39 38.36 38.33 38.32 38.32 38.33 38.33 38.34 38.32 38.29 38.29 38.29 38.3 38.3 38.29 38.29 38.3 38.29 38.29 38.3 38.29 38.29 38.27 38.22 38.21 38.2 38.21 38.21 38.21 38.21 38.21 38.2 38.19 38.21 38.21 38.22 38.23 38.25 38.24 38.25 38.24 38.21 38.21 38.21 38.23 38.24 38.23 38.22 38.22 38.26 38.26 38.23 38.23 38.25 38.24 38.22 38.21 38.22 38.23
37.99 37.96 37.95 37.98 38.04 38.14 38.11 38.08 38.11 38.17 38.22 38.24 38.26 38.28 38.3 38.31 38.32 38.34 38.36 38.36 38.35 38.31 38.3 38.3 38.31 38.31 38.31 38.3 38.27 38.28 38.28 38.28 38.29 38.3 38.3 38.3 38.3 38.3 38.29 38.28 38.28 38.27 38.24 38.22 38.2 38.2 38.2 38.18 38.18 38.2 38.19 38.17 38.19 38.2 38.21 38.22 38.24 38.24 38.24 38.24 38.21 38.18 38.19 38.21 38.21 38.21 38.21 38.22 38.25 38.26 38.25 38.24 38.24 38.24 38.22 38.21 38.21 38.22
37.96 37.97 37.97 37.99 38.04 38.11 38.09 38.09 38.11 38.17 38.21 38.22 38.23 38.25 38.28 38.32 38.32 38.33 38.33 38.34 38.33 38.31 38.3 38.3 38.3 38.31 38.29 38.28 38.26 38.26 38.27 38.26 38.26 38.29 38.28 38.28 38.29 38.29 38.27 38.27 38.27 38.27 38.26 38.24 38.21 38.21 38.21 38.2 38.17 38.18 38.18 38.16 38.18 38.2 38.19 38.19 38.21 38.21 38.21 38.22 38.21 38.2 38.22 38.23 38.21 38.2 38.2 38.21 38.23 38.25 38.26 38.25 38.26 38.25 38.23 38.21 38.21 38.22
