slabs/78.grd
DSAA
631 301
646410 647040
4948100 4948400
30.34 41.3
[rows 0 to 33 of 301, columns 546 to 623 of 631]
38.15 38.15 38.17 38.17 38.23 38.22 38.26 38.3 38.33 38.33 38.35 38.4 38.43 38.44 38.46 38.51 38.56 38.44 38.02 37.57 37.44 37.47 37.85 38.14 38.07 37.95 37.58 37.16 36.84 36.55 36.2 35.75 35.59 35.07 34.6 33.95 33.64 32.83 32.07 31.83 31.79 31.73 31.73 31.73 31.74 31.74 31.74 31.75 31.74 31.72 31.69 31.67 31.66 31.65 31.64 31.63 31.71 32.44 33.52 34.02 35.29 36.27 37.04 37.53 38.46 38.74 38.51 38.37 38.28 38.27 38.25 38.27 38.32 38.36 38.33 38.35 38.35 38.32
38.13 38.12 38.13 38.13 38.15 38.16 38.22 38.25 38.3 38.31 38.31 38.35 38.39 38.39 38.41 38.47 38.5 38.46 38.25 37.98 37.89 37.83 37.91 38.23 38.16 38.01 37.51 36.98 36.7 36.26 35.89 35.6 35.47 35.07 34.58 33.95 33.62 32.81 32.01 31.81 31.77 31.74 31.75 31.75 31.76 31.76 31.77 31.77 31.77 31.77 31.75 31.74 31.71 31.69 31.67 31.66 31.7 32.4 33.41 33.96 35.27 36.3 37.19 37.67 38.56 38.78 38.54 38.38 38.27 38.29 38.26 38.29 38.32 38.34 38.32 38.31 38.28 38.26
38.06 38.07 38.09 38.12 38.14 38.15 38.18 38.22 38.27 38.28 38.26 38.27 38.32 38.33 38.35 38.38 38.45 38.44 38.35 38.31 38.36 38.38 38.4 38.58 38.53 38.4 37.8 37.15 36.88 36.24 35.87 35.76 35.65 35.21 34.63 34.03 33.69 32.85 31.97 31.78 31.77 31.76 31.77 31.77 31.78 31.78 31.78 31.79 31.79 31.79 31.8 31.79 31.76 31.74 31.72 31.71 31.73 32.44 33.31 33.92 35.3 36.44 37.32 37.8 38.64 38.82 38.6 38.4 38.24 38.26 38.24 38.24 38.3 38.33 38.32 38.27 38.23 38.24
38.04 38.05 38.07 38.1 38.11 38.12 38.14 38.19 38.22 38.22 38.22 38.23 38.27 38.28 38.31 38.31 38.37 38.37 38.35 38.46 38.61 38.74 38.9 38.95 38.95 38.92 38.37 37.68 37.33 36.48 36.13 36.02 35.85 35.29 34.72 34.19 33.81 32.88 31.94 31.77 31.78 31.78 31.78 31.79 31.79 31.8 31.8 31.8 31.8 31.81 31.82 31.81 31.82 31.8 31.78 31.76 31.79 32.5 33.29 33.94 35.4 36.63 37.47 37.98 38.72 38.82 38.59 38.36 38.21 38.2 38.18 38.17 38.27 38.31 38.3 38.25 38.22 38.22
38.03 38.04 38.05 38.07 38.07 38.09 38.11 38.16 38.19 38.16 38.17 38.2 38.24 38.25 38.27 38.28 38.27 38.29 38.35 38.44 38.57 38.78 39.05 39.2 39.22 39.24 38.77 37.98 37.57 36.77 36.43 36.25 36.01 35.36 34.79 34.25 33.8 32.82 31.9 31.79 31.79 31.8 31.8 31.8 31.81 31.81 31.81 31.82 31.82 31.83 31.83 31.84 31.84 31.84 31.83 31.82 31.84 32.43 33.3 33.98 35.57 36.83 37.54 38.11 38.74 38.71 38.51 38.3 38.2 38.15 38.12 38.14 38.25 38.31 38.29 38.22 38.19 38.21
38.04 38.03 38.03 38.02 38.02 38.05 38.08 38.11 38.13 38.11 38.14 38.18 38.21 38.21 38.24 38.27 38.25 38.29 38.37 38.39 38.48 38.75 39.11 39.31 39.33 39.28 38.91 38.12 37.75 37.08 36.71 36.37 36.08 35.4 34.81 34.23 33.75 32.75 31.84 31.79 31.8 31.81 31.82 31.82 31.83 31.83 31.83 31.84 31.85 31.85 31.86 31.86 31.87 31.88 31.88 31.88 31.92 32.3 33.15 33.88 35.53 36.87 37.38 38.16 38.68 38.59 38.5 38.29 38.23 38.15 38.12 38.14 38.23 38.3 38.27 38.2 38.16 38.2
38.06 38.05 38.03 38.01 38.01 38.02 38.06 38.06 38.08 38.09 38.13 38.14 38.15 38.17 38.22 38.26 38.26 38.27 38.34 38.36 38.43 38.66 38.98 39.22 39.26 39.23 38.9 38.23 37.93 37.34 36.81 36.36 36.08 35.44 34.82 34.25 33.68 32.66 31.81 31.78 31.78 31.81 31.83 31.83 31.84 31.85 31.86 31.87 31.88 31.88 31.89 31.89 31.9 31.91 31.91 31.92 32.01 32.22 32.75 33.61 35.2 36.67 37.09 38.14 38.63 38.58 38.5 38.27 38.21 38.17 38.15 38.14 38.24 38.28 38.27 38.2 38.16 38.21
38.07 38.07 38.06 38.04 38.03 38.03 38.03 38.05 38.07 38.07 38.08 38.11 38.12 38.15 38.22 38.24 38.25 38.27 38.34 38.37 38.42 38.57 38.85 39.02 39.11 39.14 38.91 38.33 37.97 37.3 36.75 36.37 36.04 35.44 34.81 34.44 33.6 32.54 31.78 31.76 31.74 31.78 31.81 31.8 31.83 31.86 31.87 31.88 31.91 31.91 31.91 31.92 31.92 31.93 31.93 31.94 32.07 32.22 32.46 33.45 35.01 36.46 36.95 38.06 38.59 38.56 38.46 38.23 38.15 38.12 38.11 38.13 38.23 38.25 38.23 38.2 38.16 38.21
38.06 38.08 38.08 38.07 38.04 38.03 38.02 38.02 38.02 38.05 38.06 38.07 38.09 38.12 38.16 38.25 38.25 38.26 38.29 38.35 38.37 38.48 38.74 38.87 38.96 38.99 38.74 38.27 37.88 37.21 36.67 36.43 35.93 35.36 34.69 34.4 33.45 32.39 31.74 31.71 31.69 31.72 31.75 31.75 31.79 31.83 31.86 31.88 31.91 31.92 31.93 31.94 31.94 31.95 31.96 31.98 32.15 32.36 32.57 33.46 34.95 36.35 36.85 38.09 38.64 38.64 38.49 38.23 38.15 38.16 38.12 38.1 38.21 38.23 38.22 38.19 38.15 38.16
38.07 38.08 38.08 38.09 38.02 38.01 38.04 38 38.01 38.04 38.05 38.02 38.05 38.1 38.12 38.21 38.21 38.22 38.26 38.34 38.35 38.46 38.71 38.84 38.9 38.85 38.54 38.12 37.81 37.23 36.67 36.45 35.8 35.08 34.4 34.1 33.22 32.23 31.69 31.65 31.63 31.67 31.7 31.72 31.76 31.8 31.82 31.84 31.88 31.92 31.93 31.95 31.96 31.97 31.98 32.04 32.22 32.4 32.66 33.71 35.18 36.45 36.92 38.08 38.66 38.65 38.49 38.21 38.12 38.12 38.09 38.07 38.18 38.21 38.21 38.18 38.16 38.16
38.08 38.07 38.06 38.09 38.06 38.04 38.03 37.98 38.01 38.05 38.04 38.01 38.02 38.05 38.1 38.19 38.18 38.19 38.23 38.32 38.32 38.45 38.68 38.79 38.83 38.68 38.4 38.16 37.87 37.37 36.8 36.54 35.74 34.79 34.09 33.77 32.97 32.12 31.66 31.62 31.6 31.64 31.66 31.68 31.72 31.76 31.79 31.81 31.85 31.88 31.89 31.93 31.97 31.99 31.99 32.07 32.22 32.34 32.7 33.99 35.49 36.58 37 37.98 38.67 38.59 38.46 38.21 38.11 38.15 38.1 38.07 38.15 38.18 38.21 38.18 38.17 38.16
38.07 38.06 38.07 38.04 38.04 38.06 38.03 38.03 38.02 38.03 38.03 38.03 38.03 38.05 38.09 38.15 38.16 38.19 38.21 38.31 38.31 38.43 38.62 38.68 38.7 38.51 38.31 38.22 37.97 37.54 36.98 36.65 35.68 34.63 33.91 33.56 32.81 32.08 31.64 31.58 31.56 31.6 31.63 31.65 31.69 31.72 31.75 31.77 31.81 31.84 31.86 31.9 31.94 31.97 31.98 32 32.06 32.31 32.75 34.12 35.78 36.69 37.11 38 38.65 38.54 38.41 38.19 38.13 38.15 38.1 38.06 38.13 38.15 38.21 38.2 38.18 38.17
38.07 38.07 38.06 38.03 38.03 38.06 38.03 38.03 38.01 38.01 38.01 38.02 38.01 38.05 38.08 38.11 38.15 38.19 38.2 38.28 38.3 38.4 38.57 38.61 38.58 38.39 38.24 38.17 37.99 37.64 37.04 36.63 35.55 34.46 33.76 33.41 32.71 32.06 31.61 31.55 31.53 31.56 31.59 31.61 31.65 31.68 31.71 31.74 31.78 31.82 31.83 31.88 31.92 31.96 31.97 31.9 31.83 32.33 32.84 34.33 36.07 36.79 37.21 38.11 38.61 38.48 38.32 38.13 38.13 38.13 38.1 38.06 38.11 38.15 38.22 38.23 38.21 38.21
38.05 38.05 38.08 38.06 38.06 38.06 38.05 38.02 38.01 38 37.99 38.01 38 38.02 38.04 38.06 38.11 38.15 38.19 38.23 38.3 38.39 38.56 38.58 38.52 38.34 38.18 38.12 37.94 37.64 37 36.53 35.41 34.32 33.64 33.33 32.7 32.07 31.58 31.51 31.49 31.52 31.55 31.58 31.62 31.66 31.68 31.72 31.76 31.8 31.82 31.86 31.91 31.95 31.97 31.91 31.75 32.62 33.28 34.74 36.24 36.83 37.28 38.11 38.54 38.44 38.23 38.07 38.12 38.13 38.1 38.06 38.11 38.15 38.24 38.23 38.24 38.23
38.08 38.07 38.08 38.08 38.06 38.04 38.04 38.04 38.02 37.98 37.98 38.02 38 37.98 38.01 38.03 38.06 38.1 38.17 38.2 38.29 38.39 38.52 38.5 38.41 38.26 38.12 38.05 37.81 37.35 36.74 36.29 35.25 34.19 33.54 33.26 32.64 32.02 31.61 31.49 31.46 31.5 31.52 31.56 31.61 31.65 31.66 31.71 31.75 31.79 31.81 31.85 31.9 31.93 31.96 32.01 32.07 33.27 34.11 35.38 36.41 36.82 37.44 38.13 38.49 38.43 38.18 38.04 38.11 38.13 38.08 38.07 38.13 38.17 38.23 38.21 38.2 38.23
38.11 38.1 38.08 38.08 38.08 38.04 38.03 38.06 38.03 37.98 37.97 38.01 37.99 37.96 38.02 38.01 38.04 38.1 38.15 38.18 38.26 38.34 38.44 38.38 38.27 38.14 38.05 37.97 37.59 36.82 36.18 35.81 35 34.09 33.57 33.2 32.56 31.99 31.76 31.5 31.49 31.5 31.52 31.56 31.59 31.63 31.65 31.7 31.74 31.78 31.8 31.84 31.89 31.92 31.96 32.13 32.69 33.85 34.75 35.84 36.53 36.81 37.65 38.26 38.51 38.46 38.21 38.04 38.11 38.11 38.07 38.07 38.14 38.2 38.24 38.26 38.19 38.24
38.13 38.12 38.1 38.1 38.11 38.06 38.04 38.05 38.03 37.99 37.96 38 37.98 37.97 38 38 38.05 38.1 38.13 38.16 38.23 38.35 38.41 38.36 38.27 38.17 38.08 37.92 37.46 36.67 36.05 35.63 34.78 34.01 33.72 33.1 32.46 31.91 31.77 31.57 31.57 31.57 31.59 31.6 31.61 31.65 31.66 31.7 31.74 31.76 31.78 31.82 31.87 31.9 31.95 32.22 33.11 33.87 34.88 35.92 36.5 36.8 37.68 38.37 38.56 38.5 38.21 38.05 38.15 38.13 38.08 38.05 38.12 38.19 38.23 38.21 38.2 38.22
38.13 38.13 38.12 38.11 38.1 38.07 38.02 38.03 38.03 38 37.99 37.98 37.94 37.98 37.99 38 38.02 38.09 38.13 38.14 38.23 38.4 38.44 38.4 38.32 38.2 38.02 37.79 37.28 36.57 36 35.5 34.65 33.99 33.73 33.01 32.36 31.84 31.78 31.68 31.68 31.68 31.71 31.73 31.73 31.73 31.74 31.76 31.77 31.79 31.79 31.82 31.85 31.88 31.94 32.18 33.04 33.53 34.88 35.99 36.53 36.82 37.66 38.36 38.51 38.44 38.16 38.05 38.1 38.09 38.07 38.04 38.08 38.14 38.21 38.17 38.19 38.2
38.12 38.12 38.1 38.09 38.08 38.06 38.03 38.01 38.01 37.99 38 37.98 37.94 37.96 37.97 37.98 38.01 38.08 38.11 38.16 38.26 38.38 38.46 38.44 38.36 38.19 37.9 37.62 37.09 36.51 36.13 35.38 34.53 33.98 33.72 32.95 32.25 31.82 31.84 31.83 31.84 31.83 31.85 31.87 31.87 31.87 31.86 31.86 31.86 31.86 31.86 31.85 31.88 31.89 31.93 32.05 32.9 33.43 34.8 36.01 36.53 36.89 37.7 38.2 38.4 38.37 38.15 38.09 38.09 38.1 38.06 38.08 38.12 38.16 38.2 38.19 38.18 38.18
38.12 38.11 38.11 38.07 38.08 38.06 38.05 38.03 38 37.99 37.96 37.96 37.95 37.96 37.98 37.98 38.02 38.08 38.1 38.13 38.23 38.37 38.45 38.46 38.37 38.08 37.86 37.42 36.89 36.4 36.1 35.25 34.45 33.97 33.72 32.92 32.13 31.9 31.95 31.97 31.98 31.97 31.97 31.97 31.97 31.97 31.96 31.96 31.96 31.96 31.95 31.95 31.95 31.94 31.94 32 32.9 33.46 34.83 36.01 36.57 36.97 37.86 38.26 38.38 38.35 38.15 38.08 38.07 38.09 38.07 38.07 38.1 38.16 38.19 38.17 38.17 38.18
38.11 38.08 38.1 38.09 38.1 38.06 38.05 38.05 38.03 37.99 37.98 37.97 37.96 37.96 37.97 37.98 38 38.08 38.12 38.14 38.24 38.35 38.45 38.48 38.31 37.91 37.74 37.21 36.61 36.17 35.89 35.09 34.4 33.98 33.73 32.91 32.07 32.04 32.05 32.07 32.09 32.08 32.07 32.07 32.07 32.07 32.06 32.06 32.06 32.05 32.05 32.03 32.02 32 31.99 32.12 32.98 33.54 34.85 35.93 36.54 37.02 37.96 38.35 38.39 38.34 38.13 38.06 38.08 38.09 38.09 38.04 38.08 38.13 38.16 38.16 38.16 38.18
38.12 38.09 38.11 38.09 38.09 38.06 38.09 38.06 38.01 38 37.97 37.98 37.98 37.94 37.95 37.97 38.01 38.08 38.11 38.14 38.24 38.36 38.42 38.5 38.21 37.73 37.52 36.95 36.35 35.93 35.67 34.97 34.4 34.04 33.75 32.91 32.16 32.15 32.16 32.17 32.18 32.18 32.18 32.18 32.17 32.16 32.16 32.15 32.14 32.13 32.11 32.1 32.09 32.07 32.08 32.47 33.1 33.61 34.74 35.8 36.51 37.07 38.06 38.45 38.41 38.32 38.09 38.05 38.07 38.1 38.09 38.04 38.09 38.13 38.13 38.15 38.14 38.18
38.1 38.1 38.09 38.08 38.07 38.05 38.05 38.04 38.02 37.99 37.98 37.97 37.96 37.94 37.96 37.97 38.02 38.07 38.09 38.15 38.24 38.36 38.41 38.51 38.18 37.67 37.42 36.8 36.24 35.79 35.54 34.98 34.53 34.15 33.77 32.91 32.31 32.29 32.27 32.27 32.28 32.28 32.28 32.27 32.25 32.25 32.23 32.21 32.2 32.19 32.17 32.15 32.13 32.12 32.13 32.55 33 33.42 34.49 35.66 36.4 37.05 38.13 38.54 38.48 38.31 38.08 38.07 38.08 38.14 38.1 38.05 38.09 38.13 38.12 38.13 38.13 38.18
38.12 38.13 38.11 38.09 38.07 38.05 38.04 38.03 38.02 38 37.96 37.95 37.95 37.94 37.96 37.98 38.03 38.05 38.07 38.15 38.22 38.36 38.42 38.54 38.27 37.78 37.52 36.89 36.26 35.78 35.51 35.11 34.8 34.22 33.82 32.96 32.42 32.39 32.36 32.36 32.35 32.34 32.32 32.3 32.28 32.27 32.24 32.22 32.2 32.19 32.15 32.11 32.08 32.06 32.05 32.38 32.8 33.18 34.24 35.28 35.8 36.79 38.05 38.56 38.53 38.35 38.09 38.08 38.1 38.13 38.1 38.02 38.06 38.12 38.12 38.11 38.12 38.17
38.13 38.12 38.08 38.07 38.06 38.03 38.03 38.01 38.01 37.98 37.94 37.94 37.94 37.93 37.94 37.98 38.01 38.03 38.06 38.13 38.22 38.36 38.43 38.55 38.35 37.91 37.65 37.03 36.41 35.91 35.65 35.28 34.87 34.42 33.9 33.04 32.52 32.49 32.43 32.37 32.32 32.3 32.26 32.2 32.16 32.15 32.1 32.05 32.02 32 31.96 31.92 31.88 31.84 31.82 32.05 32.46 32.87 33.83 34.55 34.9 36.23 37.84 38.53 38.52 38.38 38.1 38.05 38.06 38.07 38.06 37.99 38.03 38.1 38.09 38.07 38.09 38.15
38.12 38.11 38.07 38.08 38.09 38.06 38.05 38.01 38 37.96 37.95 37.92 37.92 37.94 37.94 37.95 38 38 38.05 38.14 38.24 38.33 38.39 38.52 38.35 37.98 37.75 37.18 36.6 36.06 35.82 35.42 35 34.72 33.94 33.09 32.51 32.46 32.35 32.29 32.27 32.26 32.23 32.15 32.08 32.05 31.96 31.87 31.81 31.79 31.73 31.69 31.63 31.55 31.49 31.56 31.88 32.57 33.49 34.04 34.32 35.67 37.66 38.45 38.47 38.34 38.06 38 38.02 38.07 38.04 38.01 38.04 38.08 38.08 38.05 38.07 38.13
38.09 38.12 38.09 38.09 38.1 38.08 38.06 38.01 37.99 37.98 37.95 37.91 37.91 37.95 37.95 37.96 38 38.01 38.06 38.15 38.23 38.3 38.36 38.49 38.32 37.95 37.72 37.23 36.8 36.4 36.06 35.56 35.1 34.83 34.02 33.18 32.51 32.4 32.22 32.21 32.2 32.2 32.17 32.13 32.07 32.03 31.93 31.84 31.79 31.74 31.66 31.58 31.53 31.42 31.31 31.23 31.45 32.41 33.44 34.03 34.24 35.52 37.58 38.34 38.38 38.27 38.04 38.01 38.02 38.03 38.01 38.02 38.05 38.06 38.07 38.09 38.1 38.13
38.07 38.1 38.08 38.07 38.07 38.07 38.03 37.98 37.98 37.98 37.97 37.94 37.93 37.93 37.95 37.98 38.01 38.01 38.07 38.15 38.23 38.33 38.37 38.49 38.4 38.11 37.88 37.44 37.05 36.82 36.25 35.64 35.17 34.9 34.11 33.27 32.59 32.39 32.09 32.12 32.11 32.11 32.07 32.05 32.03 32.01 31.95 31.9 31.86 31.81 31.71 31.62 31.58 31.47 31.37 31.28 31.46 32.35 33.39 34.02 34.26 35.49 37.33 38.28 38.31 38.24 38.06 38.01 38.03 38.02 38.02 38.01 38.04 38.06 38.07 38.07 38.08 38.13
38.08 38.08 38.07 38.06 38.04 38.05 38.03 38 37.97 37.97 37.97 37.96 37.94 37.95 37.95 37.96 38 37.99 38.07 38.16 38.22 38.28 38.35 38.5 38.61 38.51 38.25 37.77 37.3 37.03 36.31 35.69 35.23 34.97 34.2 33.37 32.7 32.43 32.02 32 31.99 31.99 31.96 31.94 31.93 31.92 31.92 31.91 31.88 31.84 31.76 31.67 31.63 31.53 31.43 31.34 31.53 32.37 33.36 33.99 34.28 35.18 36.87 38.22 38.26 38.23 38.08 38.04 38.06 38.01 38.03 38.03 38.06 38.08 38.09 38.07 38.06 38.11
38.09 38.06 38.06 38.04 38.04 38.03 38.03 38.02 37.97 37.99 37.98 37.96 37.97 37.96 37.97 37.98 38.01 38.02 38.06 38.14 38.23 38.27 38.34 38.53 38.68 38.72 38.7 38.19 37.47 37.12 36.34 35.77 35.32 35.08 34.32 33.47 32.79 32.49 31.97 31.88 31.88 31.88 31.87 31.86 31.86 31.85 31.84 31.83 31.83 31.82 31.79 31.72 31.68 31.58 31.48 31.4 31.64 32.46 33.38 33.95 34.26 35.21 36.97 38.1 38.24 38.26 38.1 38.09 38.09 38.1 38.05 38.05 38.07 38.1 38.09 38.07 38.06 38.07
38.07 38.06 38.07 38.03 38.06 38.06 38.05 38.02 38.01 37.97 37.97 37.94 37.93 37.94 37.94 37.95 37.99 38.02 38.06 38.13 38.23 38.26 38.35 38.51 38.67 38.75 38.87 38.35 37.49 37.14 36.42 35.86 35.41 35.18 34.41 33.52 32.84 32.51 31.91 31.79 31.79 31.79 31.8 31.8 31.8 31.79 31.77 31.76 31.75 31.74 31.74 31.73 31.7 31.63 31.53 31.5 31.76 32.55 33.4 33.99 34.37 35.48 37.09 37.97 38.29 38.32 38.15 38.12 38.1 38.13 38.1 38.06 38.07 38.11 38.1 38.08 38.05 38.07
38.06 38.07 38.06 38.03 38.05 38.05 38.04 38.03 38 37.98 37.96 37.93 37.93 37.93 37.94 37.95 37.97 38 38.06 38.14 38.2 38.24 38.36 38.48 38.63 38.68 38.68 38.15 37.4 37.09 36.45 35.85 35.37 35.1 34.39 33.51 32.87 32.52 31.87 31.67 31.68 31.7 31.72 31.74 31.74 31.73 31.72 31.71 31.7 31.69 31.68 31.66 31.65 31.63 31.58 31.61 31.92 32.62 33.38 34 34.46 35.8 37.26 37.76 38.36 38.33 38.13 38.1 38.08 38.14 38.13 38.08 38.06 38.12 38.12 38.09 38.04 38.08
38.06 38.06 38.06 38.04 38.05 38 38.01 38.03 37.97 37.98 37.96 37.93 37.94 37.94 37.95 37.96 37.96 37.98 38.06 38.13 38.18 38.23 38.35 38.45 38.55 38.57 38.42 37.85 37.31 37 36.36 35.67 35.14 34.87 34.28 33.47 32.99 32.5 31.86 31.54 31.55 31.56 31.59 31.6 31.62 31.63 31.65 31.66 31.67 31.67 31.66 31.64 31.63 31.62 31.6 31.68 32.04 32.74 33.4 33.93 34.5 35.97 37.43 37.79 38.38 38.3 38.12 38.08 38.04 38.11 38.13 38.09 38.06 38.12 38.13 38.11 38.06 38.07
38.08 38.06 38.06 38.04 38.04 37.99 38 38.03 37.98 37.96 37.95 37.94 37.94 37.95 37.95 37.98 37.96 37.98 38.02 38.1 38.19 38.23 38.33 38.39 38.47 38.48 38.29 37.73 37.31 36.94 36.3 35.56 35 34.71 34.11 33.44 33.22 32.49 31.85 31.47 31.45 31.43 31.45 31.47 31.48 31.5 31.53 31.54 31.55 31.57 31.59 31.59 31.6 31.6 31.6 31.57 32 32.79 33.37 33.74 34.59 36.1 37.57 37.89 38.36 38.29 38.12 38.07 38.02 38.07 38.13 38.1 38.06 38.1 38.13 38.12 38.08 38.09
