slabs/78.grd
DSAA
631 301
646410 647040
4948100 4948400
30.34 41.3
[rows 68 to 101 of 301, columns 546 to 623 of 631]
38.06 38.06 38.06 38.06 38.05 38.05 38.03 37.99 37.99 37.98 37.97 37.98 37.97 37.97 37.97 37.95 37.97 37.98 37.96 37.97 37.99 38 38.04 38.09 38.14 38.18 38.25 38.28 38.22 37.94 36.96 35.6 34.72 34.3 33.57 32.99 32.74 32.52 32.27 31.97 31.8 31.54 31.51 31.55 31.51 31.42 31.39 31.37 31.36 31.32 31.3 31.28 31.26 31.24 31.21 31.2 31.21 31.4 31.88 32.39 33.42 34.2 34.73 35.1 36.03 37.03 37.63 37.73 37.87 38.01 38.16 38.21 38.26 38.23 38.19 38.13 38.05 38.05
38.06 38.05 38.06 38.06 38.05 38.02 38.01 38.01 38 37.98 37.97 37.97 37.97 37.97 37.96 37.95 37.97 37.97 37.97 37.98 37.98 38.01 38.05 38.09 38.14 38.16 38.23 38.27 38.16 37.9 37 35.89 35.28 34.54 33.58 32.96 32.79 32.57 32.41 32.15 31.96 31.61 31.5 31.46 31.44 31.41 31.38 31.35 31.34 31.31 31.28 31.26 31.25 31.22 31.21 31.22 31.25 31.43 31.85 32.32 33.34 34.1 34.63 35.01 35.95 36.97 37.61 37.7 37.82 37.96 38.12 38.2 38.31 38.31 38.26 38.17 38.04 38.02
38.07 38.05 38.05 38.05 38.04 38.01 38 38 37.98 37.98 37.98 37.97 37.96 37.96 37.95 37.95 37.98 37.98 37.98 37.99 37.99 38.01 38.06 38.08 38.14 38.15 38.22 38.27 38.19 37.96 37.19 36.37 35.9 34.83 33.71 33.02 32.84 32.59 32.47 32.31 32.1 31.72 31.54 31.44 31.43 31.39 31.36 31.33 31.32 31.29 31.27 31.25 31.24 31.23 31.25 31.27 31.32 31.49 31.86 32.3 33.26 34 34.53 34.92 35.87 36.85 37.52 37.61 37.75 37.87 38.07 38.17 38.32 38.35 38.3 38.16 38.03 38
38.07 38.04 38.04 38.03 38.02 38.01 38 37.99 37.96 37.97 37.99 37.97 37.96 37.96 37.95 37.96 37.96 37.97 37.98 37.98 38 38.02 38.05 38.08 38.12 38.15 38.23 38.27 38.27 38.12 37.56 36.91 36.36 35.12 34.05 33.3 33.04 32.63 32.45 32.28 32.1 31.77 31.58 31.44 31.42 31.37 31.34 31.32 31.3 31.27 31.25 31.24 31.24 31.27 31.31 31.34 31.39 31.52 31.8 32.22 33.15 33.87 34.39 34.81 35.8 36.72 37.31 37.41 37.63 37.79 38 38.12 38.31 38.35 38.29 38.11 38.01 38.01
38.05 38.05 38.05 38.03 38.01 38.01 38.01 38 37.98 37.98 37.98 37.99 37.99 37.98 37.96 37.96 37.95 37.96 37.97 37.97 38.01 38.04 38.07 38.08 38.09 38.13 38.21 38.24 38.27 38.28 38.05 37.61 36.97 35.51 34.35 33.58 33.23 32.68 32.43 32.15 32.01 31.76 31.61 31.46 31.42 31.35 31.33 31.32 31.29 31.26 31.25 31.26 31.29 31.34 31.38 31.4 31.45 31.53 31.7 32.1 32.99 33.7 34.22 34.65 35.63 36.46 36.9 37.04 37.44 37.71 37.86 38.04 38.29 38.38 38.31 38.12 38.01 37.99
38.05 38.05 38.05 38.03 38.01 38 38 38 37.98 37.97 37.97 37.99 38 37.98 37.97 37.97 37.97 37.97 37.98 37.98 38.01 38.04 38.08 38.08 38.08 38.11 38.18 38.21 38.26 38.38 38.44 38.26 37.52 35.83 34.53 33.75 33.39 32.75 32.4 32.08 31.93 31.71 31.62 31.5 31.42 31.33 31.31 31.3 31.28 31.27 31.28 31.3 31.35 31.39 31.44 31.44 31.46 31.47 31.57 31.96 32.83 33.52 34.01 34.37 35.18 35.9 36.25 36.67 37.27 37.69 37.79 37.98 38.25 38.41 38.37 38.2 38.03 37.97
38.06 38.06 38.04 38.01 38 38 37.98 37.97 37.96 37.96 37.97 37.98 37.98 37.96 37.97 37.98 37.97 37.98 38 38 38.01 38.03 38.07 38.07 38.07 38.11 38.18 38.21 38.25 38.37 38.48 38.35 37.63 36.04 34.77 33.9 33.53 32.83 32.38 32.1 31.87 31.65 31.6 31.53 31.42 31.32 31.29 31.29 31.28 31.3 31.33 31.34 31.37 31.39 31.41 31.41 31.39 31.36 31.41 31.78 32.61 33.31 33.73 34.04 34.74 35.38 35.71 36.45 37.19 37.72 37.82 37.97 38.21 38.42 38.38 38.24 38.07 37.99
38.06 38.05 38.02 38 37.99 37.99 37.98 37.96 37.96 37.96 37.96 37.97 37.97 37.96 37.96 37.98 37.98 38 38.01 38 38 38.03 38.05 38.07 38.07 38.1 38.15 38.2 38.24 38.35 38.46 38.33 37.72 36.35 35.08 34.14 33.73 32.96 32.49 32.25 31.85 31.59 31.54 31.5 31.4 31.3 31.28 31.28 31.3 31.33 31.34 31.33 31.32 31.32 31.32 31.31 31.3 31.28 31.32 31.57 32.25 32.95 33.31 33.83 34.64 35.26 35.58 36.35 37.14 37.67 37.78 37.96 38.19 38.39 38.36 38.23 38.08 38.03
38.06 38.04 38.01 38.01 37.99 37.99 37.97 37.97 37.97 37.96 37.95 37.95 37.96 37.95 37.96 37.99 37.99 38 38 37.98 37.99 38.02 38.05 38.06 38.06 38.07 38.12 38.19 38.23 38.33 38.43 38.33 37.84 36.66 35.46 34.57 33.99 33.17 32.65 32.39 31.87 31.53 31.46 31.44 31.38 31.3 31.27 31.27 31.28 31.29 31.29 31.27 31.25 31.24 31.24 31.25 31.26 31.29 31.34 31.47 31.91 32.55 32.9 33.73 34.67 35.31 35.64 36.47 37.26 37.72 37.81 38 38.22 38.33 38.29 38.18 38.06 38.04
38.04 38.03 38.01 38.01 38 38 37.99 37.96 37.95 37.96 37.95 37.94 37.95 37.95 37.96 37.98 37.98 37.99 38 37.98 37.99 38.01 38.04 38.05 38.05 38.05 38.12 38.19 38.21 38.3 38.4 38.37 37.95 36.9 35.9 35.2 34.24 33.39 32.84 32.55 31.94 31.52 31.46 31.45 31.41 31.32 31.26 31.24 31.24 31.24 31.24 31.24 31.23 31.23 31.23 31.25 31.32 31.38 31.41 31.49 31.75 32.25 32.67 33.64 34.61 35.34 35.73 36.63 37.4 37.78 37.87 38.05 38.22 38.26 38.22 38.12 38.03 38.02
38.01 38.01 38.01 38.01 38 38 37.99 37.94 37.94 37.96 37.95 37.94 37.94 37.95 37.95 37.97 37.97 37.98 37.99 38 38 38.01 38.01 38.02 38.03 38.05 38.12 38.18 38.2 38.27 38.37 38.38 38.07 37.13 36.28 35.71 34.52 33.7 33.12 32.79 32.12 31.67 31.56 31.55 31.48 31.36 31.26 31.24 31.22 31.22 31.22 31.22 31.22 31.24 31.26 31.31 31.4 31.46 31.48 31.54 31.67 31.94 32.37 33.38 34.37 35.2 35.67 36.68 37.49 37.86 37.92 38.05 38.16 38.2 38.16 38.08 38.01 38.01
38 38 38 38.02 38.02 37.99 37.95 37.92 37.93 37.96 37.95 37.95 37.94 37.94 37.95 37.96 37.96 37.98 37.98 37.99 37.99 37.99 37.99 38 38.01 38.04 38.11 38.16 38.19 38.26 38.35 38.39 38.24 37.44 36.58 36.03 34.88 34.07 33.46 33.08 32.37 31.95 31.72 31.66 31.53 31.4 31.29 31.26 31.21 31.2 31.2 31.21 31.24 31.28 31.32 31.39 31.45 31.49 31.52 31.57 31.64 31.75 32.12 33.09 34.19 35.07 35.55 36.59 37.44 37.84 37.91 38.04 38.12 38.16 38.15 38.11 38.06 38.04
38.02 38.01 38.01 38.02 38.01 37.98 37.95 37.92 37.92 37.93 37.93 37.93 37.93 37.93 37.94 37.96 37.97 37.98 37.97 37.97 37.97 37.97 37.97 37.98 38 38.02 38.08 38.12 38.16 38.25 38.33 38.38 38.3 37.57 36.63 36.17 35.17 34.35 33.77 33.35 32.56 32.18 31.95 31.82 31.59 31.44 31.33 31.28 31.2 31.19 31.2 31.24 31.29 31.33 31.36 31.42 31.47 31.51 31.53 31.58 31.63 31.7 32.01 32.92 34.07 34.97 35.43 36.43 37.22 37.63 37.8 38.01 38.09 38.13 38.17 38.13 38.1 38.06
38.01 38.02 38.03 38.02 38 37.97 37.96 37.94 37.93 37.92 37.91 37.9 37.91 37.93 37.94 37.97 37.98 37.98 37.96 37.95 37.95 37.96 37.96 37.97 38 38.02 38.06 38.08 38.12 38.2 38.29 38.32 38.17 37.35 36.41 36.08 35.29 34.53 34 33.54 32.7 32.36 32.2 32 31.64 31.45 31.36 31.28 31.2 31.19 31.21 31.26 31.31 31.35 31.37 31.42 31.47 31.5 31.52 31.57 31.62 31.68 31.96 32.81 33.96 34.87 35.34 36.29 36.95 37.28 37.64 37.9 37.98 38.04 38.13 38.1 38.08 38.07
38.01 38.01 38.01 38.01 37.99 37.96 37.96 37.94 37.94 37.92 37.91 37.91 37.92 37.94 37.96 37.96 37.96 37.96 37.95 37.94 37.94 37.95 37.96 37.97 38 38.02 38.05 38.07 38.11 38.17 38.24 38.26 38.05 37.23 36.41 36.08 35.33 34.59 34 33.57 32.76 32.41 32.32 32.08 31.62 31.42 31.36 31.24 31.18 31.19 31.21 31.26 31.31 31.34 31.36 31.41 31.45 31.49 31.51 31.56 31.61 31.66 31.9 32.68 33.79 34.66 35.22 36.18 36.79 37 37.44 37.77 37.84 37.91 38.04 38.07 38.09 38.09
38.03 38 37.98 38 37.99 37.95 37.94 37.92 37.92 37.91 37.9 37.91 37.92 37.94 37.94 37.94 37.95 37.94 37.93 37.93 37.94 37.95 37.96 37.98 38 38.02 38.05 38.07 38.11 38.15 38.21 38.22 38.04 37.4 36.68 36.24 35.31 34.58 34.06 33.51 32.67 32.34 32.3 32.07 31.58 31.35 31.29 31.19 31.16 31.18 31.2 31.25 31.29 31.33 31.35 31.4 31.44 31.47 31.5 31.55 31.6 31.64 31.81 32.51 33.47 34.15 35.02 36.01 36.63 36.81 37.2 37.61 37.81 37.87 37.97 38.04 38.08 38.07
38.03 38.01 37.98 37.99 37.98 37.94 37.92 37.91 37.91 37.9 37.89 37.91 37.92 37.93 37.92 37.94 37.95 37.94 37.95 37.95 37.95 37.95 37.96 37.98 38.01 38.02 38.03 38.04 38.08 38.14 38.2 38.23 38.12 37.6 36.93 36.41 35.35 34.63 34.22 33.38 32.52 32.22 32.19 31.99 31.54 31.27 31.21 31.14 31.14 31.17 31.19 31.23 31.28 31.31 31.34 31.38 31.43 31.46 31.48 31.53 31.57 31.6 31.75 32.37 33.16 33.66 34.81 35.77 36.3 36.47 36.89 37.44 37.83 37.87 37.92 37.98 38.03 38.05
38.01 38 37.99 37.98 37.97 37.93 37.92 37.91 37.91 37.89 37.89 37.91 37.92 37.93 37.94 37.95 37.95 37.96 37.97 37.96 37.94 37.93 37.95 37.97 37.99 38.01 38.02 38.03 38.07 38.13 38.2 38.24 38.24 37.9 37.35 36.68 35.52 34.74 34.31 33.3 32.44 32.15 32.09 31.86 31.48 31.19 31.14 31.1 31.13 31.15 31.17 31.22 31.26 31.29 31.32 31.37 31.4 31.43 31.46 31.51 31.55 31.57 31.73 32.3 33.03 33.51 34.6 35.48 35.86 36.05 36.6 37.32 37.76 37.81 37.88 37.96 38.05 38.08
38 38 37.99 37.97 37.96 37.94 37.91 37.9 37.89 37.88 37.88 37.89 37.91 37.94 37.96 37.95 37.94 37.95 37.96 37.95 37.93 37.92 37.93 37.95 37.96 37.98 38 38.02 38.06 38.11 38.17 38.25 38.35 38.25 37.89 37.02 35.77 34.93 34.46 33.38 32.51 32.17 32.06 31.75 31.4 31.11 31.08 31.08 31.11 31.14 31.16 31.2 31.24 31.28 31.3 31.35 31.38 31.4 31.45 31.5 31.54 31.56 31.69 32.17 32.87 33.33 34.37 35.21 35.52 35.76 36.4 37.14 37.56 37.63 37.78 37.93 38.02 38.07
38 38.01 37.98 37.95 37.94 37.91 37.91 37.9 37.88 37.87 37.87 37.88 37.93 37.94 37.93 37.92 37.92 37.93 37.93 37.94 37.93 37.92 37.92 37.93 37.93 37.95 37.96 38 38.05 38.08 38.13 38.25 38.41 38.45 38.22 37.34 36.06 35.26 34.76 33.62 32.73 32.34 32.24 31.8 31.34 31.05 31.04 31.06 31.1 31.12 31.14 31.18 31.23 31.26 31.29 31.34 31.37 31.39 31.44 31.49 31.53 31.55 31.62 32 32.72 33.14 34.11 34.96 35.35 35.6 36.25 36.95 37.36 37.47 37.69 37.85 37.94 38.06
38.01 38.01 37.98 37.93 37.91 37.89 37.9 37.9 37.87 37.86 37.87 37.89 37.93 37.93 37.92 37.93 37.93 37.92 37.92 37.92 37.92 37.92 37.91 37.92 37.93 37.95 37.95 37.97 38.02 38.06 38.11 38.24 38.43 38.52 38.35 37.6 36.48 35.86 35.26 33.93 33.03 32.61 32.49 31.96 31.36 31.02 31 31.02 31.07 31.09 31.12 31.17 31.21 31.23 31.27 31.32 31.35 31.37 31.41 31.45 31.49 31.5 31.53 31.85 32.59 32.95 33.83 34.72 35.26 35.52 36.13 36.73 37.13 37.35 37.62 37.79 37.89 38.06
38.03 37.98 37.95 37.94 37.92 37.89 37.88 37.88 37.87 37.87 37.89 37.89 37.91 37.91 37.93 37.93 37.92 37.92 37.91 37.9 37.9 37.9 37.9 37.91 37.91 37.92 37.92 37.93 37.99 38.05 38.1 38.23 38.44 38.59 38.44 37.86 37.01 36.43 35.7 34.18 33.28 32.82 32.61 32.09 31.46 31.03 30.99 30.97 31.02 31.05 31.11 31.16 31.19 31.21 31.25 31.27 31.29 31.3 31.33 31.36 31.39 31.4 31.43 31.68 32.31 32.74 33.66 34.48 35.07 35.42 35.99 36.47 36.81 37.25 37.52 37.71 37.82 38.02
37.98 37.95 37.93 37.92 37.9 37.89 37.87 37.87 37.88 37.88 37.9 37.91 37.91 37.92 37.92 37.91 37.91 37.91 37.92 37.91 37.9 37.88 37.89 37.89 37.9 37.89 37.89 37.91 37.98 38.03 38.08 38.22 38.43 38.62 38.5 38.08 37.41 36.74 35.95 34.39 33.5 33.02 32.78 32.24 31.7 31.27 31.02 30.94 31 31.04 31.12 31.18 31.2 31.21 31.22 31.23 31.24 31.25 31.28 31.3 31.32 31.33 31.35 31.52 31.98 32.55 33.63 34.3 34.71 35.23 35.81 36.24 36.54 37.14 37.46 37.64 37.76 37.99
37.97 37.95 37.93 37.91 37.9 37.91 37.9 37.89 37.88 37.87 37.9 37.91 37.92 37.91 37.91 37.9 37.89 37.91 37.93 37.93 37.91 37.88 37.88 37.88 37.89 37.91 37.9 37.9 37.96 38.02 38.07 38.22 38.44 38.65 38.55 38.16 37.56 37.03 36.27 34.73 33.81 33.39 32.99 32.4 31.97 31.67 31.15 30.98 31.04 31.08 31.17 31.23 31.24 31.25 31.25 31.26 31.27 31.28 31.29 31.3 31.32 31.32 31.32 31.41 31.72 32.39 33.55 34.16 34.42 35 35.6 36.04 36.35 37.01 37.43 37.6 37.74 37.99
37.97 37.95 37.93 37.93 37.93 37.94 37.91 37.9 37.88 37.87 37.89 37.9 37.92 37.9 37.89 37.89 37.89 37.91 37.93 37.92 37.89 37.89 37.89 37.88 37.88 37.91 37.91 37.91 37.96 38.02 38.07 38.2 38.47 38.71 38.62 38.27 37.72 37.21 36.48 35.01 34.15 33.83 33.21 32.55 32.12 31.86 31.33 31.1 31.1 31.14 31.23 31.29 31.3 31.3 31.3 31.31 31.32 31.33 31.34 31.35 31.35 31.34 31.33 31.35 31.54 32.19 33.27 33.9 34.18 34.79 35.4 35.88 36.2 36.9 37.42 37.62 37.76 38.02
37.98 37.94 37.93 37.94 37.95 37.93 37.91 37.9 37.88 37.87 37.87 37.88 37.9 37.87 37.87 37.87 37.87 37.91 37.91 37.89 37.87 37.87 37.88 37.88 37.88 37.88 37.9 37.93 37.97 38.01 38.05 38.19 38.45 38.67 38.63 38.43 38.02 37.51 36.59 35.14 34.38 34.08 33.4 32.75 32.33 32.07 31.55 31.28 31.2 31.22 31.29 31.34 31.35 31.35 31.36 31.37 31.38 31.38 31.38 31.37 31.37 31.35 31.33 31.32 31.43 31.96 32.91 33.62 33.94 34.65 35.33 35.85 36.16 36.86 37.43 37.7 37.83 38.04
37.98 37.95 37.95 37.95 37.94 37.92 37.91 37.9 37.87 37.87 37.85 37.87 37.88 37.84 37.85 37.85 37.85 37.9 37.9 37.88 37.86 37.84 37.85 37.87 37.88 37.87 37.89 37.92 37.95 38 38.04 38.17 38.41 38.58 38.62 38.5 38.26 37.84 36.68 35.28 34.56 34.23 33.52 32.93 32.52 32.27 31.77 31.49 31.37 31.35 31.36 31.39 31.4 31.4 31.41 31.41 31.41 31.4 31.39 31.38 31.37 31.35 31.34 31.33 31.4 31.79 32.71 33.52 33.83 34.56 35.33 35.91 36.18 36.81 37.39 37.68 37.78 37.98
37.99 37.97 37.96 37.95 37.93 37.91 37.9 37.89 37.88 37.89 37.87 37.87 37.87 37.86 37.86 37.87 37.86 37.87 37.88 37.87 37.85 37.84 37.85 37.87 37.89 37.89 37.89 37.89 37.93 38.01 38.04 38.16 38.34 38.48 38.62 38.47 38.23 37.88 36.77 35.45 34.68 34.33 33.61 33.03 32.6 32.38 31.97 31.73 31.6 31.55 31.46 31.46 31.46 31.45 31.44 31.43 31.42 31.4 31.38 31.37 31.37 31.35 31.34 31.33 31.39 31.74 32.58 33.39 33.7 34.42 35.24 35.9 36.16 36.73 37.25 37.55 37.65 37.86
38 37.99 37.97 37.95 37.92 37.9 37.89 37.89 37.89 37.89 37.89 37.88 37.86 37.87 37.88 37.87 37.86 37.85 37.86 37.88 37.87 37.84 37.84 37.86 37.88 37.87 37.87 37.88 37.92 37.99 38.03 38.15 38.31 38.44 38.63 38.49 38.24 37.91 36.87 35.61 34.83 34.48 33.76 33.13 32.64 32.47 32.17 31.99 31.87 31.79 31.64 31.55 31.52 31.47 31.45 31.43 31.42 31.4 31.38 31.37 31.37 31.35 31.34 31.33 31.39 31.72 32.48 33.2 33.52 34.28 35.11 35.74 36.02 36.58 37.04 37.3 37.52 37.8
38 37.99 37.95 37.94 37.91 37.89 37.9 37.9 37.86 37.85 37.86 37.87 37.85 37.86 37.86 37.87 37.89 37.87 37.87 37.88 37.87 37.84 37.85 37.85 37.86 37.87 37.87 37.88 37.91 37.96 38.02 38.13 38.29 38.42 38.62 38.57 38.39 38.13 37.19 35.92 35.08 34.73 33.98 33.32 32.83 32.69 32.42 32.23 32.09 32 31.78 31.57 31.52 31.46 31.44 31.42 31.42 31.41 31.39 31.39 31.39 31.39 31.38 31.38 31.47 31.84 32.48 33.04 33.35 34.12 34.9 35.42 35.78 36.33 36.73 36.96 37.37 37.73
37.96 37.94 37.91 37.92 37.91 37.89 37.89 37.89 37.87 37.86 37.86 37.86 37.85 37.84 37.86 37.88 37.9 37.9 37.89 37.88 37.88 37.86 37.85 37.86 37.85 37.86 37.87 37.89 37.91 37.95 38.02 38.12 38.28 38.4 38.62 38.68 38.66 38.61 37.98 36.76 35.68 35.19 34.22 33.53 33.09 32.92 32.62 32.4 32.27 32.08 31.73 31.39 31.37 31.41 31.42 31.42 31.42 31.42 31.42 31.42 31.42 31.44 31.45 31.46 31.57 31.97 32.46 32.82 33.21 33.93 34.57 34.92 35.44 35.95 36.36 36.6 37.1 37.49
37.94 37.92 37.92 37.93 37.91 37.88 37.87 37.87 37.88 37.88 37.87 37.86 37.86 37.86 37.87 37.88 37.89 37.91 37.9 37.88 37.89 37.87 37.85 37.86 37.85 37.86 37.88 37.89 37.91 37.95 38.02 38.11 38.25 38.37 38.62 38.78 38.9 38.99 38.72 37.68 36.42 35.68 34.41 33.68 33.31 32.97 32.64 32.49 32.39 32.09 31.65 31.28 31.27 31.33 31.4 31.4 31.4 31.4 31.41 31.41 31.42 31.43 31.43 31.45 31.55 31.89 32.26 32.54 33.1 33.74 34.25 34.52 35.06 35.51 35.9 36.14 36.62 37.02
37.95 37.94 37.94 37.93 37.91 37.88 37.88 37.88 37.88 37.88 37.86 37.85 37.86 37.86 37.87 37.89 37.9 37.9 37.89 37.88 37.87 37.87 37.85 37.85 37.85 37.85 37.88 37.88 37.89 37.93 38.01 38.11 38.24 38.36 38.6 38.82 39 39.07 38.95 38.16 37.12 35.88 34.56 33.87 33.55 32.95 32.56 32.43 32.34 32.05 31.7 31.42 31.35 31.29 31.33 31.34 31.35 31.35 31.36 31.36 31.37 31.38 31.38 31.39 31.47 31.74 32.1 32.38 33 33.57 34.05 34.29 34.77 35.16 35.51 35.69 36.05 36.36
37.94 37.93 37.93 37.92 37.9 37.87 37.88 37.89 37.89 37.86 37.86 37.85 37.85 37.85 37.86 37.88 37.89 37.89 37.88 37.87 37.86 37.86 37.86 37.85 37.84 37.85 37.86 37.87 37.88 37.92 38.01 38.12 38.26 38.38 38.61 38.79 39 39.13 39.09 38.55 37.79 35.98 34.68 34.01 33.66 32.96 32.51 32.35 32.27 32.02 31.68 31.43 31.36 31.27 31.27 31.28 31.28 31.29 31.3 31.3 31.31 31.32 31.34 31.34 31.38 31.56 31.87 32.14 32.77 33.36 33.86 34.06 34.47 34.86 35.18 35.32 35.58 35.79
