slabs/78.grd
DSAA
631 301
646410 647040
4948100 4948400
30.34 41.3
[rows 170 to 203 of 301, columns 312 to 389 of 631]
36.87 36.87 36.82 1.70141e38 36.78 36.76 36.73 36.7 36.74 36.74 36.71 36.65 36.62 36.58 36.59 36.6 36.56 36.53 36.52 36.48 36.42 36.37 36.35 36.36 36.4 36.42 36.45 36.42 36.44 36.44 36.41 36.34 36.3 36.34 36.47 36.59 36.66 36.68 36.76 36.94 37.17 37.27 37.44 37.52 37.56 37.63 37.73 37.76 37.65 37.52 37.8 38.26 38.37 38.53 38.53 38.49 38.46 38.38 38.3 38.23 38.19 38.1 38.04 38.03 38.04 38.03 37.94 37.86 37.82 37.76 37.74 37.73 37.7 37.71 37.74 37.74 37.73 37.74
36.91 36.91 36.87 1.70141e38 36.83 36.82 36.81 36.77 36.74 36.75 36.72 36.68 36.66 36.62 36.62 36.61 36.55 36.52 36.5 36.46 36.41 36.36 36.32 36.39 36.49 36.51 36.5 36.44 36.41 36.39 36.38 36.36 36.31 36.32 36.39 36.53 36.63 36.65 36.73 36.88 37.1 37.21 37.35 37.39 37.41 37.45 37.57 37.65 37.59 37.49 37.73 38.13 38.22 38.35 38.44 38.43 38.41 38.33 38.25 38.17 38.11 38.02 38 38.06 38.09 38.12 38.11 38.04 37.95 37.82 37.76 37.74 37.71 37.71 37.73 37.73 37.71 37.71
36.93 36.92 36.91 1.70141e38 36.83 36.83 36.84 36.83 36.76 36.75 36.74 36.73 36.72 36.69 36.69 36.65 36.59 36.56 36.51 36.47 36.43 36.39 36.38 36.5 36.56 36.55 36.51 36.44 36.42 36.4 36.38 36.4 36.37 36.39 36.42 36.5 36.6 36.63 36.7 36.81 36.99 37.12 37.27 37.31 37.28 37.24 37.32 37.38 37.38 37.4 37.61 37.9 37.98 38.13 38.28 38.27 38.28 38.25 38.16 38.09 38.03 37.96 37.97 38.07 38.14 38.14 38.18 38.18 38.11 37.95 37.82 37.78 37.73 37.72 37.7 37.7 37.7 37.7
36.98 37.02 37.01 1.70141e38 36.86 36.88 36.87 36.85 36.78 36.73 36.74 36.76 36.76 36.75 36.74 36.69 36.65 36.63 36.57 36.49 36.45 36.45 36.51 36.63 36.61 36.57 36.49 36.48 36.49 36.48 36.47 36.47 36.47 36.49 36.51 36.52 36.58 36.61 36.66 36.71 36.81 36.98 37.18 37.25 37.17 37 37.03 37.09 37.14 37.27 37.46 37.64 37.71 37.89 38.03 38.06 38.1 38.14 38.08 38.01 37.97 37.92 37.97 38.04 38.17 38.18 38.2 38.22 38.23 38.1 37.94 37.88 37.78 37.72 37.69 37.68 37.68 37.7
37.03 37.1 37.09 1.70141e38 36.9 36.9 36.9 36.88 36.78 36.69 36.74 36.8 36.8 36.8 36.76 36.71 36.68 36.68 36.63 36.54 36.49 36.51 36.59 36.68 36.63 36.58 36.51 36.51 36.51 36.53 36.55 36.53 36.53 36.55 36.55 36.54 36.56 36.58 36.63 36.64 36.69 36.85 37.07 37.16 37.03 36.78 36.81 36.92 37 37.21 37.39 37.47 37.56 37.75 37.85 37.9 37.94 38.02 38.03 37.98 37.92 37.9 38 38.07 38.18 38.19 38.23 38.24 38.23 38.18 38.09 38.03 37.88 37.74 37.68 37.69 37.68 37.69
37.02 37.09 37.1 1.70141e38 36.93 36.89 36.91 36.9 36.82 36.73 36.77 36.82 36.81 36.8 36.77 36.74 36.72 36.71 36.65 36.55 36.51 36.52 36.58 36.64 36.62 36.59 36.55 36.51 36.52 36.55 36.59 36.51 36.47 36.48 36.5 36.48 36.5 36.58 36.64 36.66 36.69 36.79 36.94 37.02 36.9 36.73 36.82 36.94 37.02 37.23 37.45 37.53 37.61 37.74 37.78 37.79 37.82 37.88 37.93 37.92 37.88 37.91 38.04 38.11 38.22 38.3 38.4 38.33 38.2 38.21 38.21 38.15 37.97 37.78 37.68 37.69 37.69 37.68
36.99 37.04 37.05 37.04 36.99 36.93 36.92 36.88 36.83 36.81 36.83 36.84 36.81 36.82 36.83 36.83 36.8 36.77 36.67 36.54 36.47 36.48 36.51 36.56 36.59 36.59 36.58 36.53 36.53 36.58 36.61 36.48 36.4 36.33 36.36 36.37 36.43 36.65 36.71 36.73 36.74 36.78 36.84 36.88 36.86 36.91 37.06 37.09 37.13 37.29 37.53 37.64 37.66 37.7 37.7 37.71 37.74 37.77 37.8 37.81 37.84 37.92 38.07 38.16 38.36 38.56 38.69 38.54 38.27 38.23 38.22 38.17 37.99 37.81 37.73 37.72 37.7 37.69
36.94 36.96 36.94 36.97 36.96 36.94 36.93 36.88 36.84 36.85 36.87 36.87 36.85 36.86 36.9 36.91 36.86 36.81 36.69 36.55 36.46 36.44 36.44 36.53 36.6 36.62 36.63 36.59 36.59 36.63 36.64 36.52 36.44 36.29 36.24 36.28 36.41 36.71 36.77 36.76 36.75 36.77 36.81 36.84 36.91 37.08 37.2 37.22 37.24 37.35 37.54 37.59 37.59 37.63 37.64 37.65 37.68 37.7 37.72 37.74 37.78 37.92 38.1 38.23 38.54 38.78 38.9 38.74 38.42 38.27 38.19 38.15 38.01 37.86 37.82 37.79 37.74 37.71
36.88 36.86 36.82 36.83 36.86 36.88 36.94 36.95 36.91 36.9 36.89 36.89 36.9 36.91 36.93 36.9 36.83 36.79 36.67 36.56 36.45 36.43 36.45 36.57 36.65 36.68 36.7 36.68 36.69 36.72 36.71 36.63 36.56 36.4 36.34 36.42 36.54 36.74 36.75 36.73 36.72 36.73 36.82 36.91 36.98 37.12 37.21 37.24 37.27 37.38 37.53 37.55 37.57 37.62 37.64 37.65 37.66 37.67 37.68 37.69 37.73 37.91 38.15 38.31 38.64 38.89 38.99 38.85 38.56 38.36 38.21 38.18 38.09 37.97 37.95 37.94 37.89 37.81
36.79 36.76 36.71 36.74 36.78 36.82 36.94 37.04 37.02 36.98 36.93 36.93 36.97 36.96 36.91 36.82 36.72 36.69 36.62 36.52 36.41 36.49 36.58 36.66 36.71 36.74 36.75 36.73 36.74 36.79 36.8 36.76 36.69 36.56 36.58 36.71 36.73 36.76 36.74 36.73 36.73 36.75 36.86 36.97 37.02 37.13 37.22 37.26 37.34 37.42 37.51 37.53 37.57 37.65 37.69 37.69 37.68 37.66 37.66 37.65 37.69 37.91 38.18 38.33 38.65 38.86 38.93 38.83 38.61 38.43 38.27 38.23 38.18 38.1 38.08 38.1 38.12 38.01
36.65 36.64 1.70141e38 36.66 36.7 36.74 36.9 37.07 37.09 37.05 36.97 36.97 37.01 36.96 36.82 36.65 36.51 36.51 36.49 36.47 36.42 36.59 36.73 36.76 36.78 36.8 36.78 36.74 36.75 36.79 36.82 36.81 36.76 36.67 36.69 36.74 36.75 36.77 36.77 36.8 36.83 36.9 36.97 37.02 37.05 37.14 37.22 37.3 37.45 37.5 37.54 37.54 37.59 37.69 37.73 37.73 37.71 37.68 37.65 37.63 37.65 37.87 38.11 38.28 38.54 38.66 38.7 38.68 38.52 38.38 38.3 38.29 38.25 38.2 38.18 38.2 38.28 38.23
36.45 36.48 1.70141e38 36.57 36.61 36.66 36.81 37 37.05 37.04 37 36.96 36.91 36.81 36.58 36.36 36.26 36.31 36.36 36.44 36.5 36.66 36.81 36.83 36.84 36.85 36.82 36.8 36.79 36.8 36.81 36.79 36.78 36.74 36.72 36.74 36.75 36.79 36.83 36.88 36.97 37.07 37.08 37.08 37.09 37.17 37.22 37.31 37.48 37.57 37.64 37.63 37.65 37.71 37.74 37.74 37.73 37.67 37.63 37.6 37.59 37.73 37.91 38.13 38.34 38.43 38.48 38.57 38.5 38.38 38.37 38.37 38.35 38.29 38.26 38.25 38.31 38.33
36.13 36.2 1.70141e38 36.44 36.51 36.57 36.71 36.86 36.96 36.98 36.98 36.87 36.72 36.6 36.3 36.07 36.09 36.22 36.39 36.54 36.58 36.71 36.89 36.97 36.95 36.88 36.83 36.87 36.86 36.85 36.84 36.79 36.81 36.81 36.78 36.79 36.81 36.84 36.88 36.94 37.09 37.22 37.21 37.2 37.19 37.22 37.23 37.31 37.48 37.62 37.72 37.72 37.7 37.7 37.73 37.74 37.72 37.64 37.6 37.56 37.54 37.61 37.7 37.94 38.15 38.3 38.38 38.53 38.57 38.53 38.5 38.46 38.44 38.39 38.34 38.26 38.25 38.3
35.67 35.64 1.70141e38 36.14 36.3 36.4 36.58 36.74 36.87 36.91 36.88 36.73 36.6 36.43 36.17 35.97 36.04 36.3 36.56 36.73 36.73 36.78 36.93 37.01 36.98 36.89 36.86 36.9 36.9 36.92 36.92 36.86 36.88 36.91 36.88 36.88 36.9 36.92 36.94 36.99 37.15 37.28 37.27 37.27 37.26 37.25 37.24 37.32 37.51 37.65 37.75 37.76 37.73 37.67 37.7 37.73 37.75 37.65 37.6 37.55 37.56 37.61 37.67 37.85 38.04 38.21 38.3 38.45 38.48 38.47 38.48 38.49 38.48 38.43 38.39 38.3 38.24 38.25
35.12 35.15 1.70141e38 35.75 35.99 36.13 36.42 36.61 36.72 36.74 36.65 36.52 36.45 36.25 36.06 35.99 36.12 36.48 36.76 36.88 36.87 36.87 36.98 37.01 36.98 36.93 36.93 36.96 36.96 37 37.03 37 37.02 37.04 37.02 37.02 37.02 37.02 37.02 37.04 37.14 37.24 37.24 37.27 37.31 37.29 37.28 37.36 37.54 37.68 37.78 37.78 37.76 37.67 37.69 37.77 37.81 37.75 37.71 37.67 37.73 37.78 37.81 37.91 38.03 38.19 38.27 38.39 38.37 38.36 38.37 38.39 38.43 38.43 38.41 38.36 38.3 38.28
34.68 34.82 1.70141e38 35.39 35.63 35.81 36.15 36.33 36.38 36.4 36.29 36.2 36.14 36.02 35.96 36.05 36.22 36.62 36.93 37.02 36.99 37.01 37.09 37.08 37.06 37.02 37.05 37.08 37.08 37.1 37.1 37.11 37.13 37.14 37.11 37.12 37.14 37.12 37.1 37.11 37.17 37.23 37.25 37.31 37.38 37.31 37.3 37.38 37.54 37.69 37.8 37.8 37.75 37.66 37.69 37.8 37.86 37.88 37.87 37.91 38.01 38.05 38.05 38.05 38.06 38.19 38.24 38.31 38.28 38.25 38.26 38.29 38.36 38.39 38.39 38.38 38.39 38.38
34.33 34.47 1.70141e38 34.99 35.17 35.39 35.71 35.89 35.94 35.98 35.91 35.84 35.81 35.78 35.89 36.08 36.26 36.68 37.02 37.11 37.12 37.18 37.27 37.25 37.2 37.14 37.16 37.18 37.19 37.17 37.15 37.17 37.2 37.19 37.14 37.16 37.19 37.19 37.2 37.22 37.27 37.31 37.32 37.38 37.42 37.32 37.29 37.35 37.5 37.65 37.75 37.78 37.71 37.61 37.64 37.79 37.9 37.91 37.94 38.06 38.19 38.21 38.18 38.12 38.09 38.18 38.2 38.22 38.2 38.17 38.18 38.22 38.3 38.34 38.38 38.42 38.47 38.46
33.91 34.11 1.70141e38 34.61 34.72 34.99 35.25 35.44 35.5 35.56 35.54 35.55 35.58 35.68 35.91 36.14 36.29 36.68 37.03 37.18 37.22 37.34 37.44 37.45 37.4 37.28 37.24 37.24 37.25 37.22 37.22 37.26 37.27 37.21 37.15 37.16 37.2 37.24 37.28 37.31 37.37 37.39 37.4 37.41 37.43 37.39 37.36 37.37 37.45 37.57 37.65 37.78 37.74 37.68 37.72 37.88 37.99 37.93 37.96 38.1 38.23 38.21 38.18 38.11 38.09 38.14 38.14 38.14 38.12 38.1 38.11 38.18 38.25 38.29 38.37 38.44 38.52 38.5
33.47 33.77 1.70141e38 34.25 34.36 34.62 34.87 35.06 35.12 35.15 35.17 35.33 35.42 35.66 35.94 36.17 36.31 36.63 36.95 37.11 37.18 37.34 37.49 37.54 37.56 37.47 37.38 37.36 37.32 37.29 37.31 37.33 37.31 37.21 37.14 37.16 37.23 37.28 37.32 37.36 37.45 37.49 37.47 37.47 37.49 37.51 37.5 37.46 37.46 37.53 37.62 37.79 37.81 37.83 37.87 37.99 38.06 38.02 38.02 38.11 38.21 38.17 38.14 38.07 38.04 38.07 38.07 38.06 38.06 38.06 38.09 38.15 38.2 38.24 38.31 38.37 38.47 38.47
33.08 33.44 1.70141e38 33.88 33.99 34.26 34.5 34.69 34.73 34.73 34.81 35.11 35.26 35.59 35.89 36.08 36.17 36.46 36.7 36.79 36.86 37.08 37.32 37.41 37.55 37.59 37.56 37.53 37.44 37.37 37.37 37.37 37.34 37.26 37.19 37.21 37.29 37.34 37.34 37.38 37.46 37.52 37.5 37.52 37.55 37.57 37.58 37.57 37.55 37.58 37.64 37.78 37.86 37.95 37.98 38.04 38.05 38.04 38.03 38.08 38.16 38.13 38.09 38.02 37.97 38 38.02 38.02 38.03 38.07 38.13 38.15 38.14 38.18 38.26 38.34 38.45 38.45
32.77 33.11 1.70141e38 33.46 33.58 33.87 34.11 34.29 34.32 34.35 34.49 34.8 35 35.38 35.65 35.73 35.73 36.03 36.23 36.28 36.38 36.68 37 37.13 37.35 37.5 37.63 37.61 37.52 37.41 37.45 37.45 37.45 37.4 37.34 37.32 37.38 37.45 37.43 37.45 37.49 37.52 37.52 37.54 37.57 37.59 37.61 37.66 37.66 37.71 37.73 37.77 37.86 37.95 37.95 37.94 37.93 37.93 37.95 38.01 38.06 38.05 38.02 37.96 37.92 37.92 37.95 37.98 38.01 38.07 38.16 38.15 38.12 38.16 38.28 38.44 38.57 38.52
32.51 32.79 1.70141e38 33.07 33.19 33.48 33.7 33.86 33.92 34.04 34.2 34.35 34.54 34.87 35.06 35.11 35.22 35.55 35.76 35.82 35.98 36.32 36.64 36.8 37.06 37.24 37.5 37.53 37.48 37.42 37.52 37.56 37.58 37.52 37.46 37.45 37.52 37.6 37.61 37.64 37.67 37.64 37.61 37.56 37.57 37.6 37.64 37.71 37.77 37.84 37.81 37.77 37.81 37.86 37.85 37.81 37.79 37.79 37.82 37.9 37.93 37.94 37.95 37.91 37.87 37.85 37.86 37.9 37.95 38 38.08 38.09 38.1 38.16 38.29 38.49 38.68 38.57
32.28 32.49 1.70141e38 32.77 32.88 33.09 33.25 33.4 33.49 33.7 33.85 33.89 34.09 34.31 34.43 34.57 34.9 35.24 35.47 35.55 35.71 35.93 36.19 36.37 36.69 36.89 37.12 37.19 37.26 37.34 37.48 37.54 37.6 37.55 37.55 37.61 37.68 37.73 37.77 37.85 37.83 37.75 37.7 37.61 37.59 37.61 37.65 37.73 37.81 37.9 37.86 37.76 37.77 37.79 37.78 37.76 37.73 37.73 37.76 37.85 37.9 37.94 37.99 37.95 37.88 37.87 37.84 37.85 37.89 37.94 38.02 38.04 38.02 38.1 38.3 38.57 38.8 38.64
32.02 32.16 1.70141e38 32.46 32.55 32.71 32.8 32.95 33.06 33.32 33.49 33.59 33.83 34.06 34.18 34.28 34.55 34.87 35.15 35.27 35.46 35.59 35.73 35.92 36.29 36.5 36.61 36.69 36.87 37.11 37.28 37.43 37.56 37.57 37.61 37.73 37.82 37.85 37.91 38 37.89 37.73 37.69 37.62 37.58 37.6 37.63 37.71 37.78 37.86 37.87 37.79 37.77 37.78 37.78 37.77 37.77 37.78 37.85 37.95 38.04 38.08 38.15 38.1 37.98 37.97 37.93 37.9 37.91 37.95 38.02 38.03 37.99 38.06 38.27 38.58 38.78 38.64
31.63 31.79 1.70141e38 32.13 32.24 32.4 32.5 32.59 32.74 33 33.21 33.3 33.52 33.79 33.95 34 34.16 34.42 34.68 34.83 35.1 35.25 35.37 35.53 35.87 36.09 36.14 36.22 36.44 36.74 36.92 37.2 37.42 37.53 37.58 37.72 37.82 37.84 37.89 37.97 37.86 37.68 37.63 37.54 37.53 37.54 37.61 37.74 37.82 37.86 37.88 37.84 37.8 37.81 37.81 37.83 37.86 37.88 37.94 38.04 38.11 38.16 38.24 38.17 38 38.02 38.04 38 37.97 37.97 37.99 38.02 38.02 38.05 38.21 38.47 38.6 38.59
31.33 31.5 1.70141e38 31.84 32 32.17 32.28 32.35 32.5 32.69 32.84 32.93 33.14 33.42 33.61 33.63 33.72 33.94 34.15 34.31 34.62 34.83 34.99 35.13 35.43 35.63 35.68 35.77 36.01 36.3 36.45 36.76 37.03 37.23 37.3 37.44 37.55 37.57 37.63 37.71 37.67 37.63 37.55 37.42 37.41 37.45 37.55 37.75 37.87 37.89 37.88 37.85 37.83 37.82 37.81 37.83 37.87 37.88 37.93 38.02 38.08 38.12 38.17 38.07 37.92 37.97 38.08 38.09 38.04 38.03 38.01 38.03 38.04 38.05 38.16 38.36 38.46 38.56
31.16 31.32 1.70141e38 31.51 31.69 31.89 32.05 32.13 32.29 32.42 32.51 32.59 32.79 33 33.18 33.21 33.3 33.51 33.66 33.79 34.08 34.37 34.55 34.72 34.99 35.18 35.24 35.37 35.57 35.79 35.89 36.13 36.43 36.66 36.72 36.79 36.92 37.07 37.13 37.25 37.33 37.44 37.39 37.26 37.27 37.33 37.42 37.64 37.8 37.81 37.79 37.75 37.73 37.73 37.7 37.67 37.68 37.74 37.87 37.97 38.02 38.05 38.08 37.99 37.87 37.95 38.1 38.14 38.11 38.1 38.07 38.07 38.07 38.04 38.09 38.23 38.31 38.46
31.02 31.18 1.70141e38 31.32 31.44 31.61 31.78 31.89 32.09 32.24 32.33 32.39 32.52 32.66 32.79 32.82 32.94 33.12 33.21 33.31 33.57 33.87 34.03 34.26 34.52 34.71 34.75 34.92 35.06 35.2 35.2 35.29 35.58 35.75 35.85 36.01 36.24 36.49 36.6 36.79 36.95 37.08 37.1 37.06 37.05 37.1 37.18 37.41 37.64 37.65 37.59 37.5 37.46 37.46 37.47 37.5 37.59 37.68 37.84 37.92 37.94 37.95 37.97 37.95 37.92 38.04 38.18 38.19 38.18 38.17 38.12 38.07 38.05 38.01 38.01 38.08 38.16 38.31
30.94 31.05 1.70141e38 31.22 31.29 31.42 31.56 31.67 31.9 32.06 32.18 32.23 32.35 32.44 32.52 32.54 32.64 32.77 32.83 32.95 33.17 33.36 33.47 33.71 33.96 34.11 34 34.17 34.32 34.46 34.44 34.5 34.73 34.82 35 35.39 35.74 36 36.16 36.42 36.53 36.61 36.66 36.7 36.73 36.75 36.84 37.08 37.32 37.32 37.25 37.18 37.18 37.18 37.22 37.35 37.52 37.61 37.76 37.78 37.76 37.76 37.79 37.86 37.93 38.14 38.24 38.22 38.21 38.19 38.08 37.98 37.96 37.92 37.92 37.97 38.03 38.11
30.92 30.96 1.70141e38 31.09 31.17 31.29 31.38 31.47 31.66 31.82 31.95 32.03 32.19 32.31 32.35 32.38 32.45 32.52 32.57 32.7 32.82 32.85 32.9 33.04 33.23 33.35 33.26 33.46 33.62 33.76 33.85 34.04 34.18 34.23 34.4 34.8 35.18 35.42 35.67 35.92 35.99 36.02 36.1 36.18 36.28 36.33 36.46 36.68 36.86 36.88 36.88 36.85 36.85 36.86 36.93 37.12 37.31 37.41 37.54 37.53 37.51 37.52 37.56 37.68 37.77 37.97 38.1 38.13 38.13 38.02 37.81 37.69 37.7 37.74 37.8 37.87 37.9 37.92
30.91 30.91 1.70141e38 30.98 31.07 31.16 31.24 31.3 31.45 31.57 31.68 31.76 31.97 32.14 32.19 32.24 32.29 32.34 32.37 32.45 32.48 32.47 32.47 32.48 32.58 32.72 32.83 33.06 33.23 33.33 33.43 33.62 33.69 33.69 33.79 34.1 34.48 34.68 35.05 35.29 35.39 35.44 35.53 35.63 35.77 35.84 36.01 36.2 36.33 36.38 36.44 36.46 36.45 36.48 36.6 36.8 36.96 37.06 37.2 37.19 37.12 37.17 37.24 37.35 37.36 37.36 37.49 37.66 37.7 37.61 37.37 37.31 37.37 37.49 37.6 37.68 37.72 37.76
30.88 30.85 1.70141e38 30.9 30.97 31.02 31.08 31.14 31.27 31.36 31.4 31.45 31.64 31.81 31.89 32.03 32.13 32.19 32.21 32.25 32.27 32.29 32.29 32.29 32.31 32.36 32.42 32.6 32.8 32.91 33 33.16 33.22 33.22 33.25 33.46 33.77 33.96 34.33 34.59 34.75 34.82 34.94 35.08 35.24 35.32 35.48 35.61 35.71 35.76 35.88 35.99 36.02 36.09 36.21 36.29 36.37 36.5 36.67 36.61 36.38 36.49 36.61 36.74 36.71 36.62 36.7 36.9 36.98 37.01 36.88 36.94 37.03 37.19 37.23 37.24 37.29 37.39
30.84 30.8 1.70141e38 30.84 30.86 30.9 30.93 30.99 31.09 31.15 31.14 31.15 31.32 31.44 31.53 31.74 31.91 32.01 32.05 32.13 32.16 32.19 32.21 32.23 32.21 32.16 32.18 32.26 32.4 32.47 32.55 32.7 32.73 32.74 32.77 32.95 33.18 33.33 33.64 33.88 34.06 34.15 34.33 34.49 34.63 34.7 34.83 34.93 35.01 35.03 35.14 35.33 35.44 35.55 35.56 35.28 35.3 35.52 35.76 35.68 35.49 35.64 35.81 35.94 36 36.06 36.12 36.21 36.26 36.27 36.22 36.35 36.5 36.7 36.7 36.64 36.63 36.7
30.87 30.84 1.70141e38 30.77 30.73 30.85 30.88 30.91 30.95 30.97 30.95 30.93 31.02 31.14 31.22 31.44 31.66 31.77 31.81 31.91 32 32.07 32.07 32.1 32.12 32.11 32.1 32.09 32.09 32.11 32.15 32.27 32.29 32.29 32.33 32.52 32.69 32.79 32.99 33.19 33.37 33.48 33.69 33.84 33.93 33.91 34.01 34.12 34.18 34.11 34.1 34.31 34.44 34.58 34.5 34.05 34.06 34.38 34.73 34.76 34.82 34.96 35.13 35.24 35.33 35.46 35.47 35.45 35.48 35.48 35.46 35.59 35.78 36.02 36.04 36.03 36 35.99
