slabs/79.grd
DSAA
631 301
646410 647040
4948400 4948700
29.53 43.01
[rows 204 to 237 of 301, columns 156 to 233 of 631]
40.5 40.53 40.54 40.56 40.62 40.66 40.67 40.68 40.65 40.58 40.55 40.55 40.54 40.55 40.55 40.55 40.56 40.57 40.55 40.53 40.51 40.49 40.45 40.39 40.36 40.34 40.22 39.96 39.9 40.06 40.13 40.22 40.26 40.28 40.26 40.26 40.31 40.33 40.35 40.36 40.38 40.38 40.36 40.35 40.34 40.35 40.37 40.4 40.44 40.45 40.44 40.44 40.46 40.5 40.59 40.65 40.67 40.67 40.68 40.67 40.65 40.62 40.57 40.53 40.48 40.39 40.42 40.45 40.46 40.47 40.45 40.42 40.41 40.4 40.39 40.37 40.37 40.37
40.5 40.53 40.53 40.55 40.6 40.66 40.71 40.7 40.68 40.63 40.61 40.57 40.57 40.59 40.57 40.55 40.56 40.58 40.57 40.54 40.52 40.5 40.46 40.4 40.38 40.37 40.27 39.98 39.83 39.96 40.08 40.23 40.27 40.29 40.28 40.27 40.3 40.33 40.35 40.35 40.39 40.4 40.38 40.35 40.34 40.35 40.36 40.37 40.38 40.41 40.44 40.42 40.42 40.46 40.56 40.66 40.68 40.7 40.7 40.67 40.65 40.61 40.56 40.52 40.47 40.4 40.41 40.43 40.45 40.47 40.46 40.44 40.43 40.41 40.39 40.37 40.37 40.38
40.51 40.54 40.57 40.58 40.63 40.69 40.74 40.73 40.69 40.67 40.65 40.61 40.58 40.58 40.57 40.55 40.56 40.57 40.56 40.55 40.53 40.5 40.47 40.41 40.39 40.39 40.31 40.04 39.81 39.91 40.07 40.22 40.24 40.26 40.27 40.26 40.3 40.33 40.35 40.36 40.38 40.38 40.38 40.35 40.33 40.33 40.34 40.34 40.35 40.4 40.44 40.43 40.43 40.46 40.55 40.62 40.65 40.68 40.69 40.67 40.65 40.6 40.54 40.49 40.47 40.43 40.44 40.44 40.44 40.46 40.45 40.43 40.43 40.42 40.4 40.38 40.38 40.39
40.51 40.54 40.56 40.59 40.65 40.72 40.74 40.72 40.69 40.66 40.66 40.62 40.59 40.58 40.57 40.56 40.56 40.55 40.56 40.56 40.54 40.51 40.47 40.42 40.38 40.38 40.32 40.06 39.78 39.87 40.11 40.21 40.21 40.22 40.25 40.26 40.3 40.32 40.35 40.35 40.35 40.35 40.37 40.36 40.34 40.34 40.34 40.35 40.37 40.4 40.42 40.42 40.44 40.48 40.54 40.6 40.62 40.65 40.67 40.69 40.66 40.59 40.53 40.47 40.46 40.45 40.45 40.44 40.45 40.45 40.43 40.4 40.41 40.41 40.4 40.39 40.39 40.37
40.52 40.55 40.56 40.57 40.64 40.71 40.71 40.69 40.67 40.67 40.66 40.63 40.6 40.6 40.59 40.58 40.57 40.57 40.58 40.58 40.56 40.52 40.49 40.42 40.39 40.36 40.32 40.12 39.83 39.87 40.1 40.22 40.24 40.23 40.22 40.26 40.29 40.32 40.37 40.36 40.34 40.35 40.36 40.37 40.36 40.35 40.35 40.34 40.36 40.38 40.4 40.42 40.43 40.46 40.52 40.59 40.61 40.64 40.67 40.7 40.67 40.6 40.53 40.48 40.48 40.46 40.43 40.42 40.43 40.44 40.41 40.37 40.39 40.4 40.39 40.41 40.4 40.36
40.54 40.56 40.56 40.57 40.62 40.67 40.68 40.67 40.66 40.66 40.65 40.61 40.6 40.6 40.61 40.61 40.6 40.59 40.6 40.6 40.56 40.53 40.49 40.43 40.42 40.39 40.33 40.22 40.06 40 40.05 40.19 40.26 40.24 40.2 40.25 40.29 40.32 40.38 40.37 40.34 40.34 40.35 40.37 40.37 40.37 40.36 40.35 40.35 40.37 40.39 40.41 40.41 40.43 40.48 40.56 40.59 40.64 40.66 40.69 40.67 40.61 40.56 40.52 40.5 40.46 40.4 40.38 40.4 40.41 40.38 40.36 40.38 40.39 40.4 40.42 40.42 40.39
40.55 40.55 40.56 40.58 40.61 40.64 40.65 40.65 40.66 40.65 40.64 40.62 40.6 40.59 40.59 40.6 40.61 40.61 40.61 40.61 40.58 40.54 40.5 40.45 40.41 40.39 40.34 40.27 40.2 40.07 39.95 40.13 40.27 40.24 40.2 40.26 40.31 40.32 40.36 40.38 40.36 40.34 40.35 40.37 40.37 40.37 40.38 40.36 40.35 40.36 40.38 40.39 40.4 40.41 40.45 40.53 40.57 40.62 40.63 40.65 40.64 40.62 40.6 40.56 40.53 40.48 40.42 40.4 40.39 40.38 40.38 40.38 40.4 40.41 40.41 40.43 40.44 40.4
40.56 40.54 40.55 40.58 40.6 40.62 40.63 40.64 40.67 40.66 40.64 40.61 40.6 40.6 40.6 40.6 40.61 40.62 40.62 40.6 40.59 40.57 40.53 40.47 40.42 40.38 40.32 40.26 40.21 40.02 39.84 40.07 40.25 40.23 40.2 40.27 40.33 40.33 40.35 40.38 40.38 40.36 40.34 40.35 40.35 40.36 40.37 40.36 40.36 40.36 40.38 40.4 40.4 40.41 40.43 40.49 40.54 40.6 40.63 40.65 40.65 40.64 40.61 40.58 40.54 40.48 40.46 40.42 40.37 40.38 40.39 40.4 40.42 40.43 40.41 40.42 40.43 40.39
40.57 40.54 40.55 40.58 40.6 40.61 40.62 40.64 40.68 40.67 40.64 40.6 40.6 40.61 40.62 40.63 40.62 40.63 40.62 40.6 40.59 40.59 40.55 40.47 40.42 40.38 40.3 40.25 40.21 40.02 39.82 40.02 40.19 40.2 40.22 40.25 40.29 40.31 40.34 40.35 40.36 40.37 40.33 40.34 40.34 40.35 40.34 40.35 40.36 40.36 40.38 40.42 40.42 40.4 40.4 40.44 40.49 40.6 40.65 40.66 40.66 40.65 40.63 40.59 40.53 40.46 40.43 40.4 40.36 40.38 40.4 40.39 40.4 40.41 40.4 40.41 40.42 40.36
40.57 40.56 40.56 40.58 40.6 40.59 40.6 40.65 40.68 40.68 40.65 40.61 40.64 40.64 40.63 40.63 40.62 40.62 40.62 40.59 40.58 40.58 40.54 40.46 40.4 40.36 40.3 40.26 40.24 40.08 39.86 39.96 40.13 40.17 40.22 40.21 40.22 40.27 40.32 40.33 40.36 40.38 40.34 40.36 40.36 40.33 40.31 40.32 40.34 40.36 40.36 40.41 40.42 40.41 40.42 40.43 40.46 40.57 40.61 40.63 40.65 40.63 40.62 40.59 40.51 40.45 40.4 40.39 40.38 40.39 40.4 40.39 40.38 40.39 40.38 40.39 40.41 40.36
40.57 40.58 40.58 40.59 40.62 40.61 40.62 40.65 40.68 40.69 40.68 40.67 40.68 40.67 40.63 40.62 40.61 40.61 40.61 40.59 40.58 40.57 40.53 40.46 40.4 40.37 40.31 40.27 40.26 40.14 39.89 39.83 39.99 40.12 40.19 40.18 40.19 40.24 40.28 40.32 40.35 40.37 40.36 40.39 40.38 40.35 40.3 40.3 40.32 40.33 40.32 40.34 40.36 40.41 40.41 40.37 40.41 40.53 40.58 40.61 40.62 40.59 40.57 40.56 40.53 40.45 40.39 40.39 40.38 40.38 40.4 40.39 40.38 40.39 40.39 40.39 40.4 40.37
40.59 40.6 40.59 40.58 40.61 40.62 40.64 40.66 40.67 40.68 40.7 40.71 40.69 40.67 40.64 40.64 40.65 40.64 40.62 40.6 40.59 40.57 40.52 40.46 40.42 40.4 40.33 40.28 40.28 40.2 39.92 39.67 39.78 40.05 40.18 40.18 40.19 40.23 40.26 40.29 40.32 40.35 40.36 40.39 40.4 40.39 40.35 40.34 40.33 40.31 40.31 40.31 40.34 40.38 40.38 40.35 40.4 40.5 40.56 40.58 40.59 40.58 40.57 40.57 40.55 40.48 40.41 40.39 40.37 40.37 40.39 40.39 40.4 40.41 40.41 40.4 40.39 40.39
40.59 40.6 40.57 40.56 40.6 40.62 40.64 40.67 40.68 40.69 40.71 40.72 40.68 40.67 40.68 40.68 40.69 40.67 40.64 40.62 40.58 40.56 40.51 40.46 40.44 40.41 40.34 40.29 40.29 40.23 39.97 39.62 39.68 40.01 40.19 40.23 40.23 40.24 40.26 40.29 40.3 40.32 40.33 40.32 40.34 40.37 40.36 40.33 40.3 40.28 40.3 40.3 40.29 40.34 40.39 40.38 40.4 40.46 40.52 40.53 40.57 40.6 40.61 40.6 40.57 40.5 40.43 40.4 40.36 40.36 40.38 40.39 40.41 40.42 40.42 40.4 40.38 40.39
40.61 40.63 40.6 40.58 40.62 40.64 40.66 40.67 40.69 40.7 40.73 40.72 40.68 40.68 40.68 40.68 40.69 40.67 40.65 40.63 40.59 40.56 40.51 40.47 40.45 40.4 40.32 40.28 40.27 40.22 40.01 39.74 39.76 39.99 40.19 40.22 40.23 40.23 40.23 40.24 40.26 40.29 40.31 40.28 40.29 40.33 40.35 40.32 40.3 40.28 40.3 40.28 40.24 40.31 40.39 40.39 40.38 40.43 40.48 40.51 40.56 40.59 40.61 40.6 40.56 40.51 40.44 40.4 40.35 40.34 40.36 40.38 40.42 40.42 40.41 40.39 40.4 40.4
40.62 40.65 40.64 40.62 40.63 40.65 40.67 40.67 40.68 40.7 40.73 40.72 40.69 40.69 40.67 40.66 40.67 40.66 40.64 40.62 40.61 40.58 40.52 40.49 40.46 40.4 40.32 40.27 40.25 40.2 40.08 39.94 39.85 39.87 40.11 40.18 40.2 40.21 40.21 40.21 40.23 40.27 40.3 40.29 40.3 40.32 40.33 40.32 40.31 40.28 40.28 40.26 40.26 40.34 40.38 40.38 40.37 40.41 40.46 40.5 40.55 40.58 40.61 40.59 40.56 40.52 40.47 40.43 40.36 40.34 40.35 40.38 40.4 40.4 40.4 40.39 40.41 40.44
40.63 40.64 40.65 40.65 40.63 40.64 40.66 40.67 40.68 40.7 40.73 40.73 40.7 40.7 40.68 40.66 40.67 40.66 40.63 40.6 40.6 40.6 40.55 40.51 40.47 40.4 40.33 40.29 40.26 40.21 40.15 40.09 39.93 39.82 40.05 40.17 40.17 40.18 40.21 40.22 40.23 40.26 40.3 40.3 40.3 40.31 40.31 40.31 40.3 40.27 40.25 40.25 40.29 40.35 40.38 40.36 40.34 40.38 40.44 40.48 40.54 40.57 40.61 40.6 40.56 40.54 40.51 40.45 40.37 40.33 40.34 40.37 40.4 40.41 40.41 40.41 40.43 40.45
40.64 40.64 40.65 40.65 40.63 40.64 40.66 40.67 40.68 40.7 40.73 40.74 40.72 40.71 40.7 40.66 40.65 40.65 40.64 40.59 40.59 40.6 40.56 40.52 40.49 40.41 40.33 40.3 40.27 40.23 40.19 40.15 39.99 39.82 40.01 40.18 40.17 40.18 40.22 40.23 40.23 40.25 40.28 40.29 40.3 40.33 40.33 40.33 40.32 40.29 40.27 40.27 40.3 40.35 40.38 40.35 40.31 40.34 40.4 40.47 40.54 40.56 40.58 40.57 40.56 40.55 40.52 40.45 40.36 40.33 40.34 40.36 40.38 40.41 40.42 40.44 40.44 40.45
40.62 40.63 40.65 40.67 40.67 40.67 40.67 40.68 40.68 40.69 40.71 40.74 40.73 40.72 40.69 40.66 40.65 40.65 40.64 40.61 40.61 40.59 40.53 40.5 40.49 40.44 40.36 40.31 40.28 40.24 40.2 40.15 39.99 39.79 39.95 40.16 40.17 40.19 40.21 40.22 40.23 40.24 40.27 40.29 40.32 40.35 40.37 40.37 40.35 40.33 40.33 40.32 40.32 40.36 40.39 40.36 40.32 40.33 40.37 40.44 40.53 40.54 40.55 40.55 40.54 40.53 40.51 40.45 40.38 40.36 40.36 40.38 40.4 40.42 40.42 40.42 40.43 40.46
40.6 40.62 40.66 40.69 40.69 40.68 40.68 40.69 40.69 40.69 40.69 40.69 40.7 40.7 40.66 40.65 40.66 40.66 40.66 40.65 40.63 40.58 40.51 40.49 40.48 40.46 40.41 40.35 40.32 40.26 40.22 40.17 40.02 39.8 39.86 40.05 40.17 40.2 40.19 40.2 40.23 40.25 40.29 40.31 40.34 40.37 40.4 40.39 40.36 40.35 40.36 40.36 40.35 40.36 40.37 40.37 40.36 40.35 40.37 40.42 40.49 40.52 40.54 40.55 40.52 40.51 40.5 40.48 40.43 40.4 40.39 40.39 40.41 40.42 40.42 40.41 40.41 40.42
40.6 40.63 40.66 40.68 40.7 40.68 40.67 40.7 40.71 40.71 40.69 40.69 40.7 40.71 40.67 40.65 40.66 40.67 40.67 40.66 40.64 40.6 40.54 40.52 40.5 40.46 40.42 40.39 40.35 40.27 40.22 40.19 40.08 39.84 39.75 39.91 40.17 40.21 40.2 40.2 40.22 40.26 40.31 40.33 40.34 40.35 40.38 40.37 40.35 40.34 40.35 40.36 40.35 40.35 40.34 40.35 40.36 40.35 40.35 40.39 40.47 40.5 40.51 40.53 40.54 40.54 40.53 40.49 40.46 40.41 40.38 40.36 40.38 40.39 40.4 40.4 40.39 40.4
40.62 40.65 40.67 40.68 40.68 40.67 40.67 40.7 40.72 40.72 40.71 40.7 40.71 40.71 40.67 40.66 40.65 40.65 40.67 40.67 40.65 40.61 40.57 40.55 40.52 40.46 40.42 40.39 40.35 40.26 40.2 40.19 40.13 39.93 39.75 39.87 40.13 40.18 40.2 40.2 40.21 40.26 40.3 40.31 40.31 40.32 40.34 40.33 40.32 40.32 40.33 40.34 40.33 40.33 40.32 40.35 40.37 40.37 40.37 40.39 40.46 40.5 40.5 40.53 40.56 40.56 40.54 40.49 40.45 40.4 40.38 40.34 40.35 40.38 40.39 40.39 40.39 40.39
40.63 40.66 40.7 40.7 40.68 40.65 40.66 40.68 40.71 40.73 40.72 40.7 40.71 40.7 40.67 40.66 40.65 40.64 40.67 40.69 40.67 40.62 40.58 40.56 40.53 40.48 40.44 40.4 40.35 40.27 40.21 40.2 40.17 40.02 39.86 39.92 40.08 40.16 40.19 40.21 40.23 40.26 40.28 40.29 40.3 40.31 40.31 40.33 40.36 40.37 40.36 40.35 40.34 40.35 40.35 40.37 40.39 40.39 40.38 40.4 40.44 40.47 40.49 40.53 40.56 40.57 40.55 40.5 40.45 40.42 40.39 40.35 40.34 40.38 40.4 40.41 40.4 40.4
40.64 40.66 40.71 40.73 40.7 40.65 40.68 40.7 40.72 40.74 40.72 40.72 40.71 40.7 40.69 40.65 40.64 40.65 40.67 40.68 40.67 40.62 40.6 40.58 40.55 40.49 40.45 40.42 40.36 40.3 40.24 40.22 40.18 40.04 39.85 39.86 40.01 40.17 40.22 40.23 40.24 40.26 40.27 40.28 40.29 40.31 40.3 40.33 40.38 40.38 40.37 40.37 40.36 40.36 40.36 40.37 40.4 40.38 40.38 40.38 40.41 40.45 40.48 40.53 40.56 40.57 40.55 40.51 40.49 40.46 40.41 40.35 40.33 40.35 40.4 40.42 40.41 40.4
40.62 40.66 40.69 40.7 40.68 40.65 40.68 40.7 40.71 40.73 40.71 40.72 40.71 40.71 40.7 40.65 40.65 40.66 40.66 40.67 40.65 40.63 40.62 40.6 40.54 40.48 40.44 40.42 40.37 40.31 40.25 40.23 40.21 40.09 39.88 39.82 39.93 40.16 40.22 40.22 40.24 40.27 40.28 40.28 40.29 40.32 40.32 40.33 40.34 40.34 40.36 40.38 40.35 40.35 40.35 40.36 40.4 40.39 40.37 40.35 40.39 40.45 40.48 40.53 40.55 40.55 40.53 40.52 40.53 40.5 40.42 40.36 40.32 40.34 40.38 40.4 40.4 40.38
40.59 40.66 40.68 40.67 40.66 40.65 40.68 40.68 40.69 40.71 40.72 40.72 40.72 40.72 40.7 40.65 40.66 40.66 40.66 40.66 40.65 40.63 40.63 40.6 40.52 40.47 40.45 40.43 40.39 40.33 40.31 40.26 40.22 40.15 40 39.87 39.84 40.1 40.21 40.21 40.24 40.27 40.28 40.27 40.3 40.33 40.34 40.33 40.33 40.34 40.36 40.38 40.35 40.34 40.33 40.34 40.38 40.38 40.36 40.34 40.37 40.43 40.47 40.52 40.55 40.54 40.52 40.52 40.54 40.52 40.45 40.39 40.36 40.36 40.38 40.38 40.38 40.37
40.59 40.65 40.68 40.68 40.66 40.65 40.67 40.67 40.68 40.72 40.73 40.71 40.71 40.72 40.71 40.68 40.68 40.68 40.69 40.68 40.65 40.64 40.63 40.6 40.53 40.49 40.49 40.46 40.4 40.36 40.34 40.3 40.25 40.18 40.07 39.89 39.76 40.02 40.2 40.22 40.23 40.25 40.26 40.27 40.3 40.32 40.32 40.33 40.34 40.36 40.37 40.37 40.35 40.33 40.32 40.34 40.36 40.37 40.36 40.33 40.34 40.39 40.44 40.52 40.55 40.54 40.53 40.53 40.55 40.53 40.47 40.42 40.41 40.4 40.39 40.39 40.4 40.38
40.58 40.64 40.68 40.69 40.68 40.66 40.67 40.66 40.67 40.72 40.75 40.72 40.73 40.73 40.72 40.72 40.72 40.7 40.71 40.68 40.65 40.65 40.65 40.61 40.53 40.49 40.5 40.47 40.42 40.38 40.36 40.33 40.26 40.2 40.12 39.92 39.72 39.89 40.08 40.19 40.22 40.23 40.24 40.27 40.29 40.31 40.32 40.33 40.34 40.35 40.37 40.37 40.35 40.33 40.33 40.34 40.35 40.35 40.36 40.35 40.34 40.36 40.43 40.5 40.53 40.53 40.54 40.55 40.55 40.52 40.47 40.42 40.4 40.4 40.39 40.39 40.39 40.38
40.59 40.63 40.67 40.7 40.69 40.67 40.67 40.66 40.67 40.72 40.75 40.71 40.73 40.74 40.73 40.74 40.74 40.7 40.67 40.67 40.66 40.65 40.66 40.63 40.56 40.52 40.5 40.48 40.44 40.39 40.35 40.32 40.25 40.2 40.17 39.99 39.73 39.77 39.94 40.16 40.21 40.2 40.22 40.25 40.27 40.3 40.32 40.34 40.34 40.36 40.37 40.37 40.35 40.34 40.33 40.33 40.34 40.34 40.35 40.35 40.33 40.35 40.41 40.48 40.51 40.52 40.53 40.53 40.53 40.51 40.46 40.4 40.37 40.37 40.37 40.37 40.39 40.38
40.61 40.63 40.66 40.68 40.69 40.68 40.66 40.66 40.67 40.71 40.75 40.74 40.72 40.72 40.71 40.73 40.74 40.69 40.64 40.65 40.66 40.66 40.65 40.63 40.59 40.56 40.53 40.5 40.45 40.4 40.35 40.31 40.24 40.21 40.2 40.05 39.76 39.65 39.82 40.12 40.19 40.18 40.2 40.24 40.26 40.29 40.32 40.34 40.35 40.37 40.37 40.37 40.36 40.34 40.34 40.34 40.35 40.34 40.35 40.34 40.28 40.31 40.38 40.44 40.49 40.51 40.53 40.52 40.53 40.53 40.49 40.43 40.39 40.38 40.36 40.36 40.37 40.38
40.61 40.62 40.64 40.66 40.68 40.69 40.67 40.66 40.68 40.73 40.77 40.77 40.74 40.72 40.71 40.73 40.74 40.7 40.66 40.65 40.65 40.65 40.64 40.62 40.59 40.56 40.52 40.49 40.45 40.4 40.36 40.33 40.26 40.23 40.22 40.13 39.82 39.57 39.69 40.02 40.16 40.18 40.2 40.24 40.25 40.27 40.3 40.33 40.35 40.37 40.37 40.37 40.37 40.35 40.34 40.34 40.34 40.34 40.35 40.34 40.29 40.31 40.37 40.42 40.47 40.49 40.51 40.53 40.55 40.54 40.52 40.46 40.41 40.39 40.36 40.34 40.34 40.36
40.57 40.57 40.6 40.64 40.65 40.67 40.67 40.67 40.7 40.72 40.74 40.75 40.74 40.71 40.71 40.72 40.72 40.68 40.67 40.66 40.65 40.63 40.63 40.62 40.59 40.56 40.52 40.49 40.45 40.41 40.39 40.35 40.3 40.26 40.25 40.19 39.94 39.64 39.68 39.92 40.14 40.2 40.21 40.24 40.24 40.22 40.26 40.32 40.34 40.34 40.33 40.34 40.35 40.35 40.35 40.33 40.3 40.3 40.32 40.33 40.32 40.33 40.36 40.39 40.44 40.46 40.5 40.52 40.53 40.52 40.51 40.46 40.41 40.39 40.36 40.33 40.32 40.34
40.59 40.58 40.59 40.62 40.64 40.66 40.68 40.69 40.7 40.72 40.72 40.73 40.73 40.7 40.7 40.71 40.69 40.66 40.66 40.66 40.65 40.63 40.62 40.62 40.6 40.56 40.54 40.51 40.47 40.45 40.42 40.37 40.34 40.3 40.27 40.21 40.05 39.83 39.78 39.88 40.12 40.2 40.2 40.22 40.23 40.21 40.25 40.31 40.34 40.33 40.31 40.32 40.33 40.34 40.34 40.32 40.29 40.28 40.29 40.31 40.33 40.33 40.33 40.37 40.44 40.46 40.5 40.52 40.53 40.53 40.5 40.45 40.42 40.39 40.36 40.33 40.31 40.31
40.61 40.59 40.59 40.6 40.64 40.68 40.7 40.69 40.69 40.71 40.72 40.72 40.71 40.7 40.71 40.71 40.69 40.66 40.66 40.65 40.64 40.63 40.62 40.63 40.61 40.57 40.56 40.52 40.47 40.45 40.43 40.39 40.36 40.32 40.27 40.2 40.1 39.93 39.82 39.86 40.14 40.22 40.21 40.19 40.2 40.22 40.27 40.29 40.3 40.3 40.31 40.32 40.33 40.33 40.33 40.32 40.31 40.29 40.28 40.3 40.33 40.32 40.31 40.35 40.43 40.46 40.51 40.54 40.56 40.55 40.51 40.47 40.44 40.38 40.35 40.36 40.34 40.32
40.58 40.58 40.57 40.59 40.65 40.69 40.7 40.69 40.68 40.7 40.71 40.71 40.71 40.7 40.71 40.7 40.69 40.68 40.66 40.64 40.63 40.63 40.64 40.65 40.63 40.58 40.57 40.53 40.47 40.45 40.44 40.41 40.36 40.33 40.27 40.21 40.17 40.05 39.89 39.83 40.07 40.18 40.22 40.2 40.2 40.22 40.26 40.27 40.29 40.29 40.3 40.32 40.33 40.33 40.33 40.31 40.3 40.29 40.28 40.3 40.35 40.33 40.29 40.32 40.4 40.46 40.52 40.55 40.56 40.56 40.54 40.52 40.48 40.4 40.35 40.35 40.35 40.36
