slabs/79.grd
DSAA
631 301
646410 647040
4948400 4948700
29.53 43.01
[rows 102 to 135 of 301, columns 546 to 623 of 631]
38.53 38.51 38.46 38.42 38.42 38.43 38.43 38.46 38.56 38.64 38.69 38.69 38.67 38.64 38.65 38.65 38.64 38.65 38.66 38.67 38.68 38.69 38.71 38.71 38.72 38.72 38.7 38.7 38.69 38.68 38.68 38.67 38.67 38.71 38.72 38.74 38.74 38.73 38.74 38.75 38.79 38.84 38.84 38.79 38.7 38.66 38.66 38.65 38.63 38.64 38.63 38.6 38.58 38.57 38.54 38.53 38.54 38.51 38.47 38.45 38.4 38.4 38.41 38.4 38.37 38.37 38.34 38.3 38.28 38.3 38.31 38.28 38.24 38.18 38.1 38.06 38.07 38.15
38.53 38.52 38.49 38.46 38.43 38.43 38.44 38.47 38.54 38.61 38.67 38.68 38.68 38.65 38.65 38.65 38.64 38.64 38.64 38.65 38.67 38.68 38.71 38.7 38.71 38.73 38.73 38.73 38.71 38.69 38.69 38.68 38.68 38.71 38.71 38.73 38.75 38.73 38.73 38.73 38.77 38.83 38.84 38.81 38.71 38.67 38.66 38.66 38.65 38.65 38.63 38.6 38.58 38.57 38.53 38.53 38.55 38.52 38.48 38.45 38.4 38.4 38.4 38.4 38.39 38.38 38.36 38.32 38.29 38.3 38.31 38.3 38.26 38.17 38.09 38.05 38.08 38.15
38.54 38.53 38.52 38.49 38.44 38.44 38.45 38.47 38.52 38.57 38.64 38.66 38.67 38.64 38.63 38.63 38.63 38.64 38.64 38.65 38.67 38.69 38.7 38.7 38.72 38.74 38.74 38.72 38.71 38.69 38.69 38.69 38.67 38.7 38.69 38.7 38.73 38.75 38.73 38.71 38.75 38.82 38.85 38.83 38.75 38.71 38.67 38.66 38.67 38.65 38.61 38.61 38.6 38.59 38.55 38.53 38.53 38.52 38.49 38.45 38.42 38.42 38.41 38.4 38.39 38.38 38.36 38.33 38.32 38.31 38.31 38.3 38.27 38.19 38.1 38.05 38.06 38.11
38.53 38.54 38.54 38.52 38.47 38.44 38.45 38.46 38.5 38.55 38.64 38.66 38.66 38.63 38.62 38.62 38.64 38.67 38.67 38.66 38.66 38.67 38.68 38.69 38.72 38.74 38.73 38.72 38.7 38.68 38.69 38.68 38.66 38.68 38.68 38.7 38.73 38.76 38.74 38.74 38.76 38.81 38.84 38.86 38.81 38.77 38.69 38.67 38.65 38.64 38.61 38.6 38.6 38.6 38.56 38.53 38.52 38.52 38.5 38.45 38.45 38.44 38.42 38.39 38.39 38.38 38.34 38.32 38.31 38.29 38.28 38.31 38.29 38.22 38.12 38.06 38.05 38.07
38.52 38.55 38.56 38.54 38.48 38.45 38.44 38.45 38.49 38.54 38.62 38.64 38.66 38.64 38.63 38.62 38.64 38.66 38.66 38.66 38.66 38.66 38.67 38.69 38.71 38.72 38.72 38.72 38.72 38.7 38.69 38.69 38.67 38.67 38.67 38.69 38.73 38.75 38.75 38.75 38.77 38.79 38.83 38.87 38.86 38.81 38.73 38.68 38.64 38.64 38.62 38.61 38.61 38.6 38.56 38.53 38.53 38.53 38.51 38.45 38.45 38.44 38.42 38.39 38.39 38.39 38.35 38.32 38.31 38.29 38.27 38.31 38.3 38.24 38.14 38.08 38.06 38.06
38.53 38.54 38.54 38.53 38.48 38.43 38.44 38.45 38.48 38.51 38.56 38.61 38.67 38.65 38.64 38.63 38.63 38.64 38.65 38.65 38.65 38.66 38.66 38.67 38.68 38.7 38.71 38.73 38.73 38.72 38.71 38.7 38.68 38.67 38.68 38.69 38.72 38.74 38.74 38.74 38.73 38.75 38.8 38.86 38.89 38.85 38.75 38.69 38.65 38.64 38.63 38.63 38.63 38.61 38.58 38.54 38.5 38.51 38.52 38.48 38.47 38.45 38.43 38.4 38.4 38.39 38.34 38.34 38.33 38.3 38.28 38.31 38.3 38.26 38.18 38.11 38.09 38.07
38.53 38.53 38.52 38.53 38.51 38.45 38.44 38.45 38.47 38.49 38.52 38.59 38.66 38.65 38.64 38.63 38.62 38.64 38.64 38.65 38.64 38.65 38.66 38.66 38.67 38.7 38.72 38.73 38.74 38.74 38.73 38.7 38.68 38.68 38.71 38.72 38.71 38.71 38.73 38.73 38.71 38.73 38.78 38.84 38.9 38.86 38.76 38.69 38.66 38.64 38.61 38.62 38.65 38.62 38.58 38.55 38.49 38.5 38.51 38.48 38.47 38.44 38.42 38.39 38.39 38.37 38.34 38.34 38.34 38.32 38.29 38.31 38.3 38.27 38.2 38.13 38.11 38.08
38.5 38.51 38.53 38.54 38.53 38.49 38.47 38.46 38.46 38.48 38.51 38.58 38.64 38.66 38.66 38.64 38.63 38.63 38.63 38.64 38.64 38.65 38.66 38.67 38.67 38.69 38.71 38.74 38.74 38.75 38.74 38.7 38.68 38.69 38.72 38.7 38.68 38.68 38.69 38.71 38.73 38.73 38.76 38.79 38.87 38.85 38.78 38.69 38.67 38.66 38.64 38.63 38.65 38.64 38.6 38.58 38.54 38.5 38.5 38.48 38.46 38.42 38.41 38.39 38.38 38.37 38.34 38.34 38.34 38.32 38.3 38.3 38.3 38.27 38.22 38.17 38.13 38.07
38.51 38.52 38.54 38.54 38.54 38.51 38.49 38.45 38.46 38.48 38.5 38.56 38.62 38.66 38.66 38.64 38.63 38.61 38.62 38.64 38.64 38.66 38.66 38.67 38.67 38.67 38.69 38.72 38.74 38.73 38.72 38.7 38.68 38.69 38.7 38.69 38.69 38.68 38.69 38.71 38.73 38.74 38.75 38.78 38.83 38.84 38.79 38.7 38.69 38.67 38.65 38.63 38.64 38.64 38.6 38.57 38.54 38.51 38.5 38.49 38.47 38.43 38.41 38.38 38.38 38.38 38.36 38.35 38.34 38.31 38.29 38.3 38.3 38.28 38.24 38.21 38.14 38.06
38.52 38.53 38.54 38.55 38.53 38.5 38.48 38.44 38.46 38.48 38.49 38.53 38.6 38.65 38.65 38.64 38.62 38.58 38.6 38.64 38.64 38.64 38.64 38.66 38.67 38.66 38.67 38.71 38.74 38.73 38.71 38.71 38.68 38.69 38.7 38.69 38.71 38.71 38.7 38.72 38.72 38.72 38.75 38.79 38.82 38.84 38.82 38.73 38.71 38.68 38.65 38.63 38.63 38.63 38.61 38.58 38.55 38.52 38.52 38.51 38.49 38.45 38.43 38.39 38.39 38.39 38.38 38.37 38.35 38.31 38.29 38.29 38.29 38.28 38.23 38.22 38.16 38.08
38.53 38.53 38.55 38.57 38.55 38.51 38.49 38.46 38.45 38.47 38.48 38.51 38.58 38.64 38.64 38.65 38.61 38.58 38.6 38.64 38.66 38.64 38.64 38.64 38.65 38.66 38.69 38.73 38.76 38.75 38.74 38.73 38.71 38.71 38.7 38.69 38.69 38.69 38.69 38.72 38.73 38.74 38.77 38.79 38.82 38.85 38.85 38.75 38.73 38.68 38.63 38.62 38.62 38.62 38.61 38.6 38.57 38.52 38.52 38.54 38.52 38.48 38.44 38.4 38.39 38.39 38.4 38.4 38.38 38.33 38.29 38.27 38.26 38.26 38.23 38.22 38.18 38.09
38.53 38.53 38.55 38.58 38.57 38.56 38.53 38.47 38.45 38.45 38.46 38.49 38.55 38.63 38.64 38.65 38.62 38.61 38.62 38.64 38.66 38.65 38.63 38.64 38.63 38.66 38.7 38.73 38.75 38.75 38.75 38.74 38.72 38.7 38.68 38.69 38.69 38.69 38.7 38.71 38.73 38.74 38.75 38.76 38.78 38.85 38.86 38.78 38.74 38.69 38.65 38.64 38.63 38.62 38.62 38.62 38.59 38.53 38.51 38.53 38.53 38.5 38.43 38.4 38.38 38.38 38.41 38.42 38.39 38.33 38.28 38.26 38.25 38.26 38.26 38.25 38.19 38.11
38.52 38.53 38.54 38.56 38.59 38.59 38.56 38.49 38.44 38.44 38.45 38.47 38.53 38.61 38.64 38.65 38.63 38.63 38.62 38.62 38.63 38.63 38.62 38.64 38.64 38.65 38.69 38.71 38.72 38.73 38.75 38.75 38.72 38.7 38.68 38.67 38.66 38.68 38.69 38.7 38.73 38.73 38.73 38.75 38.77 38.84 38.88 38.81 38.77 38.69 38.65 38.65 38.64 38.63 38.63 38.63 38.6 38.53 38.5 38.49 38.51 38.5 38.44 38.41 38.4 38.39 38.39 38.39 38.38 38.34 38.31 38.29 38.28 38.29 38.28 38.27 38.21 38.14
38.51 38.53 38.52 38.53 38.57 38.56 38.55 38.51 38.46 38.44 38.45 38.46 38.51 38.58 38.61 38.65 38.65 38.64 38.61 38.6 38.59 38.61 38.62 38.64 38.65 38.65 38.67 38.68 38.68 38.7 38.74 38.74 38.73 38.72 38.69 38.67 38.66 38.67 38.68 38.68 38.7 38.7 38.7 38.74 38.76 38.83 38.88 38.85 38.8 38.7 38.65 38.66 38.66 38.64 38.63 38.63 38.6 38.55 38.52 38.5 38.51 38.51 38.46 38.44 38.41 38.4 38.37 38.38 38.38 38.34 38.31 38.31 38.29 38.29 38.28 38.27 38.23 38.16
38.51 38.52 38.52 38.53 38.56 38.56 38.55 38.52 38.47 38.44 38.44 38.45 38.49 38.54 38.58 38.63 38.65 38.64 38.62 38.62 38.64 38.64 38.63 38.63 38.64 38.65 38.66 38.67 38.68 38.7 38.75 38.75 38.75 38.73 38.7 38.68 38.67 38.68 38.68 38.67 38.68 38.7 38.69 38.72 38.74 38.8 38.87 38.89 38.84 38.73 38.68 38.67 38.67 38.65 38.63 38.63 38.61 38.57 38.53 38.52 38.52 38.51 38.47 38.45 38.41 38.39 38.36 38.36 38.36 38.34 38.32 38.31 38.29 38.27 38.28 38.28 38.25 38.19
38.51 38.52 38.52 38.52 38.55 38.58 38.57 38.55 38.49 38.43 38.42 38.45 38.49 38.51 38.55 38.6 38.63 38.62 38.62 38.63 38.65 38.65 38.64 38.63 38.63 38.64 38.66 38.67 38.69 38.71 38.75 38.76 38.77 38.74 38.7 38.69 38.69 38.68 38.67 38.68 38.69 38.72 38.7 38.69 38.72 38.77 38.84 38.9 38.85 38.75 38.7 38.68 38.67 38.64 38.61 38.62 38.61 38.58 38.54 38.53 38.53 38.51 38.49 38.47 38.42 38.39 38.36 38.35 38.35 38.35 38.33 38.31 38.28 38.26 38.28 38.28 38.24 38.2
38.5 38.52 38.51 38.52 38.54 38.57 38.57 38.56 38.51 38.47 38.42 38.45 38.49 38.5 38.54 38.6 38.64 38.63 38.61 38.62 38.62 38.63 38.63 38.62 38.61 38.63 38.66 38.66 38.67 38.7 38.74 38.75 38.76 38.75 38.71 38.69 38.69 38.68 38.67 38.68 38.69 38.71 38.7 38.69 38.7 38.74 38.8 38.83 38.83 38.77 38.71 38.69 38.68 38.64 38.6 38.6 38.62 38.61 38.56 38.55 38.53 38.51 38.51 38.48 38.43 38.39 38.36 38.36 38.35 38.36 38.32 38.31 38.28 38.25 38.27 38.26 38.23 38.21
38.51 38.5 38.5 38.51 38.52 38.55 38.56 38.56 38.54 38.5 38.43 38.45 38.47 38.47 38.51 38.57 38.62 38.62 38.61 38.61 38.6 38.6 38.62 38.62 38.61 38.62 38.64 38.67 38.68 38.69 38.72 38.73 38.73 38.73 38.7 38.67 38.67 38.68 38.68 38.67 38.68 38.69 38.69 38.71 38.72 38.74 38.78 38.82 38.83 38.79 38.71 38.68 38.69 38.66 38.62 38.62 38.62 38.6 38.57 38.55 38.52 38.51 38.51 38.49 38.44 38.4 38.37 38.37 38.37 38.36 38.34 38.32 38.29 38.26 38.26 38.26 38.24 38.23
38.52 38.49 38.48 38.48 38.49 38.51 38.56 38.57 38.56 38.53 38.45 38.43 38.44 38.45 38.49 38.56 38.62 38.62 38.61 38.59 38.59 38.59 38.61 38.64 38.65 38.64 38.64 38.67 38.68 38.68 38.71 38.73 38.72 38.7 38.68 38.66 38.67 38.68 38.67 38.67 38.68 38.7 38.7 38.7 38.71 38.73 38.76 38.8 38.83 38.81 38.71 38.69 38.68 38.64 38.62 38.62 38.63 38.62 38.6 38.58 38.55 38.52 38.51 38.48 38.44 38.41 38.39 38.38 38.37 38.36 38.35 38.33 38.3 38.3 38.28 38.25 38.25 38.24
38.53 38.52 38.49 38.48 38.49 38.51 38.55 38.57 38.58 38.55 38.47 38.42 38.42 38.43 38.46 38.53 38.6 38.6 38.6 38.58 38.58 38.59 38.61 38.63 38.66 38.65 38.64 38.65 38.65 38.66 38.7 38.72 38.72 38.7 38.68 38.64 38.66 38.67 38.65 38.65 38.66 38.68 38.68 38.68 38.69 38.71 38.73 38.76 38.83 38.84 38.76 38.72 38.67 38.62 38.6 38.61 38.62 38.62 38.6 38.59 38.56 38.52 38.52 38.49 38.44 38.42 38.42 38.4 38.36 38.35 38.35 38.33 38.31 38.3 38.29 38.25 38.25 38.24
38.52 38.52 38.51 38.51 38.52 38.52 38.53 38.56 38.59 38.57 38.5 38.43 38.44 38.43 38.43 38.48 38.55 38.57 38.59 38.58 38.58 38.59 38.62 38.62 38.61 38.61 38.62 38.63 38.64 38.67 38.71 38.73 38.72 38.71 38.69 38.65 38.66 38.68 38.67 38.64 38.66 38.68 38.66 38.66 38.67 38.7 38.71 38.74 38.82 38.86 38.79 38.75 38.68 38.63 38.62 38.62 38.62 38.62 38.61 38.6 38.56 38.53 38.54 38.51 38.46 38.44 38.44 38.41 38.37 38.36 38.36 38.33 38.29 38.27 38.27 38.26 38.25 38.25
38.51 38.51 38.51 38.52 38.53 38.52 38.52 38.54 38.59 38.6 38.54 38.45 38.43 38.43 38.43 38.45 38.5 38.55 38.6 38.6 38.6 38.6 38.61 38.62 38.61 38.61 38.61 38.62 38.64 38.67 38.7 38.72 38.71 38.71 38.69 38.67 38.67 38.68 38.68 38.68 38.69 38.7 38.68 38.68 38.7 38.7 38.71 38.73 38.78 38.85 38.83 38.78 38.69 38.65 38.64 38.63 38.62 38.63 38.62 38.61 38.58 38.54 38.55 38.53 38.5 38.46 38.44 38.41 38.38 38.38 38.38 38.35 38.3 38.29 38.29 38.28 38.25 38.25
38.49 38.49 38.5 38.5 38.51 38.51 38.51 38.53 38.57 38.59 38.55 38.47 38.41 38.42 38.43 38.43 38.45 38.52 38.6 38.61 38.6 38.59 38.59 38.6 38.61 38.62 38.61 38.63 38.64 38.67 38.69 38.71 38.71 38.7 38.69 38.68 38.68 38.68 38.7 38.7 38.69 38.7 38.69 38.7 38.71 38.71 38.71 38.72 38.76 38.84 38.85 38.8 38.7 38.66 38.65 38.63 38.61 38.62 38.63 38.61 38.57 38.54 38.54 38.52 38.49 38.47 38.45 38.42 38.4 38.39 38.38 38.36 38.35 38.34 38.32 38.28 38.25 38.24
38.49 38.48 38.47 38.47 38.49 38.49 38.5 38.53 38.57 38.58 38.56 38.5 38.46 38.43 38.41 38.4 38.41 38.47 38.56 38.6 38.59 38.57 38.59 38.6 38.6 38.6 38.61 38.64 38.65 38.68 38.7 38.7 38.7 38.7 38.69 38.68 38.67 38.67 38.69 38.69 38.69 38.7 38.69 38.69 38.69 38.71 38.71 38.71 38.75 38.83 38.86 38.81 38.72 38.66 38.63 38.64 38.61 38.59 38.61 38.61 38.57 38.54 38.53 38.5 38.48 38.47 38.45 38.41 38.38 38.36 38.36 38.37 38.36 38.34 38.32 38.27 38.24 38.24
38.51 38.48 38.45 38.46 38.49 38.5 38.51 38.53 38.56 38.58 38.57 38.53 38.5 38.44 38.41 38.39 38.4 38.46 38.53 38.57 38.58 38.59 38.6 38.61 38.6 38.6 38.61 38.63 38.65 38.68 38.7 38.69 38.7 38.71 38.69 38.68 38.68 38.67 38.65 38.66 38.68 38.68 38.69 38.69 38.68 38.7 38.7 38.71 38.73 38.79 38.85 38.83 38.75 38.65 38.63 38.64 38.63 38.6 38.6 38.6 38.57 38.56 38.54 38.5 38.5 38.48 38.45 38.4 38.38 38.36 38.36 38.35 38.34 38.33 38.32 38.28 38.24 38.25
38.51 38.5 38.47 38.48 38.5 38.51 38.52 38.51 38.53 38.56 38.56 38.53 38.5 38.45 38.41 38.38 38.4 38.45 38.51 38.57 38.58 38.58 38.6 38.62 38.61 38.61 38.62 38.61 38.62 38.66 38.68 38.69 38.7 38.71 38.69 38.69 38.69 38.68 38.65 38.66 38.67 38.66 38.67 38.68 38.68 38.68 38.69 38.7 38.73 38.77 38.83 38.83 38.77 38.68 38.67 38.66 38.65 38.62 38.61 38.59 38.57 38.56 38.54 38.52 38.5 38.49 38.47 38.42 38.4 38.37 38.37 38.36 38.34 38.35 38.34 38.29 38.22 38.23
38.5 38.49 38.47 38.48 38.49 38.48 38.5 38.5 38.51 38.55 38.56 38.55 38.53 38.47 38.41 38.38 38.39 38.44 38.5 38.56 38.56 38.56 38.59 38.62 38.61 38.6 38.61 38.6 38.61 38.63 38.65 38.67 38.7 38.7 38.7 38.69 38.69 38.7 38.68 38.68 38.66 38.64 38.64 38.65 38.67 38.68 38.66 38.68 38.73 38.76 38.8 38.83 38.79 38.72 38.7 38.68 38.65 38.62 38.61 38.6 38.59 38.58 38.56 38.53 38.51 38.5 38.48 38.44 38.41 38.38 38.38 38.37 38.34 38.35 38.35 38.31 38.23 38.23
38.48 38.46 38.46 38.48 38.47 38.46 38.47 38.49 38.5 38.53 38.56 38.58 38.56 38.48 38.41 38.38 38.39 38.43 38.47 38.51 38.53 38.56 38.58 38.61 38.6 38.59 38.6 38.6 38.59 38.61 38.62 38.65 38.68 38.68 38.67 38.67 38.68 38.7 38.67 38.67 38.66 38.64 38.64 38.65 38.67 38.68 38.66 38.68 38.71 38.73 38.76 38.81 38.8 38.74 38.72 38.69 38.64 38.63 38.62 38.61 38.59 38.58 38.57 38.55 38.53 38.51 38.5 38.46 38.43 38.41 38.4 38.38 38.35 38.35 38.36 38.32 38.27 38.26
38.48 38.45 38.46 38.46 38.46 38.47 38.49 38.5 38.5 38.52 38.55 38.58 38.57 38.5 38.42 38.39 38.39 38.41 38.43 38.47 38.51 38.56 38.57 38.58 38.59 38.6 38.59 38.58 38.58 38.6 38.61 38.62 38.64 38.66 38.66 38.66 38.68 38.68 38.65 38.65 38.65 38.65 38.66 38.66 38.67 38.68 38.67 38.68 38.72 38.73 38.75 38.79 38.81 38.76 38.74 38.69 38.65 38.63 38.62 38.6 38.6 38.58 38.58 38.57 38.53 38.52 38.51 38.47 38.45 38.44 38.41 38.38 38.36 38.37 38.36 38.33 38.29 38.27
38.48 38.47 38.48 38.45 38.46 38.48 38.49 38.5 38.5 38.51 38.53 38.56 38.55 38.51 38.42 38.37 38.38 38.39 38.39 38.44 38.5 38.55 38.54 38.54 38.56 38.59 38.58 38.58 38.58 38.59 38.6 38.59 38.6 38.66 38.67 38.67 38.67 38.67 38.66 38.64 38.63 38.63 38.64 38.64 38.64 38.66 38.66 38.69 38.72 38.73 38.74 38.77 38.82 38.79 38.76 38.7 38.66 38.63 38.62 38.61 38.62 38.6 38.6 38.58 38.54 38.53 38.52 38.48 38.46 38.45 38.42 38.38 38.36 38.37 38.37 38.34 38.31 38.29
38.47 38.48 38.48 38.46 38.46 38.47 38.48 38.51 38.51 38.51 38.54 38.56 38.56 38.52 38.44 38.39 38.39 38.38 38.39 38.42 38.48 38.53 38.53 38.53 38.54 38.56 38.57 38.58 38.6 38.6 38.6 38.6 38.61 38.66 38.66 38.67 38.68 38.68 38.68 38.66 38.63 38.63 38.63 38.62 38.64 38.65 38.66 38.69 38.72 38.72 38.72 38.76 38.82 38.82 38.78 38.71 38.67 38.64 38.63 38.62 38.61 38.61 38.6 38.58 38.55 38.54 38.53 38.5 38.47 38.45 38.42 38.39 38.37 38.37 38.36 38.34 38.32 38.31
38.48 38.49 38.48 38.47 38.46 38.47 38.49 38.52 38.51 38.5 38.53 38.56 38.57 38.55 38.48 38.43 38.4 38.38 38.39 38.4 38.45 38.51 38.54 38.54 38.55 38.54 38.56 38.57 38.6 38.61 38.6 38.6 38.61 38.65 38.66 38.67 38.69 38.68 38.68 38.67 38.64 38.64 38.63 38.63 38.65 38.66 38.67 38.7 38.71 38.71 38.71 38.74 38.81 38.84 38.81 38.73 38.67 38.66 38.65 38.61 38.58 38.58 38.58 38.58 38.55 38.55 38.54 38.51 38.5 38.47 38.41 38.38 38.37 38.36 38.33 38.32 38.34 38.32
38.48 38.49 38.47 38.46 38.46 38.47 38.49 38.49 38.49 38.48 38.49 38.52 38.55 38.55 38.49 38.45 38.39 38.36 38.34 38.36 38.42 38.5 38.54 38.54 38.53 38.55 38.56 38.57 38.57 38.59 38.58 38.59 38.61 38.63 38.64 38.67 38.7 38.67 38.67 38.66 38.64 38.63 38.63 38.64 38.67 38.67 38.68 38.69 38.71 38.71 38.71 38.73 38.8 38.85 38.83 38.76 38.69 38.68 38.66 38.63 38.61 38.59 38.58 38.57 38.56 38.56 38.54 38.5 38.49 38.47 38.42 38.38 38.36 38.35 38.34 38.33 38.34 38.32
38.46 38.47 38.47 38.45 38.45 38.47 38.49 38.48 38.48 38.48 38.49 38.51 38.54 38.54 38.51 38.48 38.41 38.36 38.34 38.35 38.41 38.5 38.56 38.55 38.54 38.55 38.55 38.56 38.58 38.59 38.58 38.59 38.6 38.6 38.62 38.67 38.69 38.67 38.68 38.68 38.65 38.65 38.64 38.64 38.66 38.67 38.67 38.68 38.71 38.71 38.72 38.73 38.77 38.82 38.83 38.78 38.71 38.69 38.66 38.64 38.63 38.62 38.59 38.57 38.58 38.57 38.53 38.49 38.46 38.44 38.41 38.39 38.36 38.35 38.34 38.34 38.34 38.31
