slabs/79.grd
DSAA
631 301
646410 647040
4948400 4948700
29.53 43.01
[rows 204 to 237 of 301, columns 78 to 155 of 631]
40.21 40.25 40.3 40.28 40.27 40.25 40.21 40.18 40.18 40.17 40.16 40.15 40.11 39.99 39.73 39.44 39.61 39.97 40.11 40.14 40.16 40.21 40.28 40.3 40.28 40.27 40.29 40.3 40.32 40.31 40.3 40.3 40.32 40.38 40.41 40.42 40.45 40.51 40.56 40.56 40.52 40.48 40.46 40.46 40.47 40.46 40.45 40.44 40.43 40.41 40.4 40.39 40.37 40.33 40.33 40.34 40.36 40.37 40.29 39.99 39.81 40.01 40.1 40.16 40.19 40.27 40.29 40.31 40.31 40.32 40.33 40.35 40.37 40.39 40.43 40.47 40.48 40.49
40.21 40.24 40.29 40.27 40.27 40.25 40.21 40.18 40.17 40.16 40.15 40.13 40.1 40.01 39.79 39.52 39.62 39.93 40.14 40.17 40.16 40.2 40.29 40.3 40.28 40.28 40.3 40.31 40.34 40.33 40.33 40.32 40.31 40.36 40.41 40.42 40.46 40.52 40.59 40.58 40.54 40.49 40.47 40.46 40.45 40.44 40.44 40.44 40.44 40.42 40.42 40.4 40.35 40.33 40.32 40.33 40.36 40.36 40.31 40.05 39.79 39.86 39.97 40.11 40.16 40.24 40.26 40.28 40.29 40.29 40.3 40.33 40.37 40.4 40.44 40.47 40.47 40.48
40.23 40.24 40.27 40.27 40.27 40.25 40.22 40.19 40.17 40.16 40.13 40.1 40.08 40.04 39.89 39.65 39.66 39.87 40.12 40.14 40.12 40.17 40.24 40.26 40.28 40.27 40.27 40.29 40.33 40.34 40.34 40.33 40.32 40.36 40.4 40.42 40.44 40.48 40.55 40.55 40.54 40.5 40.47 40.44 40.42 40.43 40.43 40.43 40.43 40.41 40.41 40.39 40.34 40.32 40.31 40.3 40.34 40.34 40.31 40.1 39.78 39.73 39.84 40.05 40.15 40.2 40.25 40.26 40.26 40.27 40.31 40.34 40.35 40.38 40.44 40.47 40.47 40.48
40.25 40.22 40.25 40.27 40.27 40.25 40.22 40.19 40.17 40.16 40.14 40.1 40.08 40.06 39.93 39.7 39.63 39.73 40 40.07 40.11 40.14 40.18 40.23 40.29 40.27 40.26 40.28 40.32 40.34 40.34 40.34 40.34 40.36 40.37 40.38 40.36 40.35 40.41 40.5 40.53 40.5 40.47 40.43 40.42 40.44 40.43 40.43 40.43 40.42 40.41 40.37 40.33 40.34 40.31 40.28 40.31 40.32 40.31 40.16 39.9 39.78 39.77 40.01 40.15 40.18 40.21 40.23 40.26 40.27 40.31 40.35 40.36 40.38 40.43 40.46 40.48 40.5
40.26 40.2 40.22 40.25 40.26 40.25 40.22 40.19 40.18 40.17 40.16 40.13 40.11 40.05 39.97 39.82 39.65 39.63 39.85 39.98 40.1 40.11 40.16 40.22 40.29 40.28 40.27 40.28 40.32 40.33 40.33 40.31 40.31 40.35 40.34 40.31 40.24 40.2 40.28 40.46 40.54 40.5 40.48 40.45 40.43 40.46 40.45 40.43 40.43 40.42 40.4 40.36 40.33 40.33 40.31 40.27 40.28 40.32 40.33 40.27 40.15 39.97 39.78 39.98 40.13 40.17 40.23 40.24 40.27 40.28 40.29 40.35 40.39 40.41 40.45 40.48 40.5 40.51
40.26 40.16 40.16 40.21 40.24 40.24 40.18 40.15 40.14 40.16 40.19 40.17 40.1 40.02 39.98 39.93 39.72 39.57 39.71 39.89 40.09 40.11 40.15 40.2 40.28 40.27 40.24 40.26 40.3 40.33 40.33 40.3 40.29 40.34 40.33 40.26 40.2 40.18 40.26 40.44 40.55 40.53 40.51 40.46 40.41 40.43 40.43 40.42 40.41 40.4 40.39 40.37 40.34 40.34 40.31 40.26 40.26 40.28 40.3 40.31 40.28 40.09 39.78 39.87 40.06 40.14 40.23 40.27 40.28 40.29 40.31 40.35 40.39 40.43 40.49 40.51 40.51 40.51
40.25 40.15 40.13 40.16 40.2 40.22 40.16 40.13 40.14 40.15 40.18 40.17 40.1 40.01 39.97 39.95 39.78 39.55 39.6 39.8 40.08 40.12 40.14 40.18 40.25 40.25 40.23 40.25 40.29 40.32 40.33 40.31 40.3 40.34 40.33 40.28 40.28 40.31 40.34 40.44 40.54 40.56 40.53 40.45 40.41 40.42 40.42 40.42 40.41 40.4 40.4 40.38 40.36 40.34 40.3 40.26 40.26 40.27 40.29 40.29 40.26 40.1 39.78 39.79 40.02 40.11 40.22 40.27 40.29 40.31 40.33 40.35 40.39 40.43 40.5 40.52 40.51 40.53
40.24 40.13 40.11 40.14 40.18 40.2 40.17 40.15 40.14 40.14 40.14 40.15 40.12 40.03 40.01 39.99 39.85 39.58 39.48 39.69 40.04 40.1 40.11 40.15 40.22 40.25 40.26 40.27 40.28 40.28 40.3 40.31 40.3 40.33 40.33 40.33 40.37 40.4 40.42 40.46 40.52 40.54 40.53 40.47 40.42 40.41 40.42 40.41 40.41 40.41 40.4 40.38 40.37 40.34 40.31 40.28 40.24 40.25 40.29 40.3 40.3 40.19 39.91 39.82 40 40.11 40.24 40.29 40.32 40.33 40.36 40.38 40.4 40.43 40.49 40.52 40.52 40.54
40.2 40.12 40.09 40.13 40.18 40.2 40.19 40.17 40.14 40.13 40.13 40.14 40.12 40.06 40.03 40.02 39.9 39.61 39.39 39.59 39.97 40.06 40.07 40.12 40.2 40.25 40.25 40.26 40.29 40.28 40.29 40.3 40.29 40.3 40.31 40.33 40.38 40.42 40.41 40.42 40.48 40.51 40.5 40.47 40.4 40.38 40.39 40.4 40.42 40.41 40.38 40.38 40.38 40.36 40.34 40.32 40.27 40.27 40.28 40.31 40.34 40.29 40.02 39.81 39.97 40.09 40.25 40.3 40.33 40.35 40.39 40.42 40.44 40.45 40.49 40.51 40.52 40.56
40.14 40.11 40.08 40.11 40.17 40.19 40.18 40.16 40.12 40.12 40.12 40.12 40.1 40.07 40.04 40.02 39.93 39.7 39.44 39.57 39.89 40.04 40.05 40.1 40.2 40.24 40.24 40.24 40.28 40.29 40.29 40.3 40.29 40.27 40.26 40.28 40.34 40.39 40.39 40.39 40.43 40.47 40.48 40.45 40.39 40.37 40.38 40.39 40.4 40.38 40.36 40.38 40.39 40.37 40.34 40.34 40.32 40.3 40.27 40.31 40.34 40.29 40.02 39.78 39.93 40.07 40.25 40.31 40.34 40.36 40.41 40.45 40.46 40.46 40.49 40.52 40.54 40.57
40.14 40.1 40.07 40.09 40.15 40.16 40.15 40.14 40.11 40.11 40.1 40.1 40.09 40.07 40.05 40.02 39.96 39.82 39.58 39.58 39.81 40.03 40.05 40.09 40.18 40.23 40.22 40.22 40.24 40.27 40.28 40.29 40.28 40.25 40.23 40.25 40.31 40.36 40.37 40.35 40.36 40.42 40.44 40.42 40.38 40.38 40.39 40.39 40.38 40.37 40.37 40.39 40.41 40.38 40.33 40.33 40.34 40.32 40.3 40.31 40.29 40.26 40.06 39.81 39.88 40.03 40.25 40.32 40.34 40.36 40.42 40.46 40.46 40.47 40.5 40.52 40.54 40.56
40.16 40.1 40.08 40.08 40.11 40.14 40.14 40.13 40.11 40.11 40.11 40.09 40.08 40.07 40.04 40 39.94 39.9 39.72 39.56 39.75 40.02 40.05 40.06 40.15 40.21 40.2 40.22 40.23 40.25 40.25 40.27 40.27 40.22 40.21 40.21 40.28 40.34 40.35 40.35 40.34 40.36 40.31 40.3 40.37 40.39 40.4 40.4 40.39 40.39 40.39 40.4 40.4 40.38 40.34 40.33 40.34 40.34 40.33 40.31 40.26 40.27 40.16 39.92 39.87 40 40.26 40.32 40.33 40.36 40.41 40.44 40.46 40.49 40.51 40.51 40.53 40.56
40.18 40.12 40.11 40.08 40.06 40.11 40.13 40.12 40.12 40.12 40.12 40.08 40.05 40.06 40.04 40 39.94 39.91 39.78 39.54 39.66 39.94 39.99 40.02 40.1 40.19 40.18 40.2 40.21 40.23 40.24 40.26 40.26 40.23 40.22 40.21 40.25 40.29 40.33 40.34 40.33 40.29 40.2 40.23 40.37 40.4 40.39 40.4 40.39 40.4 40.41 40.41 40.41 40.39 40.35 40.35 40.37 40.36 40.35 40.33 40.31 40.33 40.27 40.08 39.97 40 40.26 40.34 40.34 40.35 40.4 40.43 40.46 40.51 40.52 40.52 40.54 40.57
40.21 40.17 40.14 40.08 40.03 40.09 40.13 40.13 40.12 40.11 40.1 40.07 40.03 40.06 40.05 40.01 39.97 39.95 39.83 39.54 39.52 39.8 39.92 40.03 40.07 40.13 40.16 40.19 40.21 40.23 40.24 40.24 40.25 40.26 40.24 40.23 40.25 40.27 40.32 40.33 40.29 40.24 40.2 40.31 40.41 40.41 40.39 40.39 40.38 40.4 40.41 40.41 40.4 40.39 40.37 40.36 40.39 40.39 40.39 40.38 40.37 40.38 40.35 40.26 40.09 39.95 40.18 40.35 40.35 40.36 40.4 40.43 40.46 40.5 40.52 40.54 40.55 40.58
40.21 40.18 40.15 40.08 40.02 40.08 40.12 40.13 40.12 40.1 40.1 40.1 40.08 40.09 40.07 40.01 39.95 39.92 39.84 39.58 39.44 39.65 39.84 40.04 40.05 40.09 40.14 40.2 40.22 40.23 40.22 40.21 40.24 40.26 40.25 40.22 40.22 40.25 40.32 40.35 40.31 40.27 40.29 40.42 40.45 40.43 40.39 40.39 40.38 40.38 40.4 40.39 40.36 40.38 40.4 40.39 40.4 40.41 40.42 40.41 40.39 40.41 40.41 40.37 40.19 39.95 40.12 40.33 40.36 40.38 40.41 40.45 40.47 40.51 40.52 40.52 40.54 40.58
40.18 40.14 40.12 40.08 40.04 40.08 40.12 40.13 40.13 40.1 40.1 40.12 40.1 40.11 40.09 40.03 39.95 39.9 39.86 39.67 39.47 39.54 39.75 40 40.03 40.07 40.13 40.2 40.21 40.21 40.2 40.21 40.25 40.26 40.24 40.2 40.2 40.22 40.3 40.37 40.36 40.36 40.4 40.46 40.48 40.45 40.41 40.4 40.39 40.38 40.39 40.4 40.39 40.39 40.42 40.44 40.44 40.46 40.45 40.44 40.42 40.43 40.43 40.4 40.26 39.99 40.05 40.3 40.35 40.38 40.42 40.45 40.47 40.5 40.49 40.48 40.52 40.59
40.16 40.13 40.11 40.09 40.05 40.05 40.09 40.13 40.12 40.11 40.1 40.1 40.09 40.08 40.07 40.04 39.96 39.9 39.89 39.77 39.51 39.43 39.64 39.95 40.02 40.04 40.1 40.19 40.2 40.2 40.2 40.23 40.27 40.26 40.24 40.23 40.22 40.23 40.29 40.36 40.38 40.41 40.44 40.45 40.49 40.47 40.41 40.39 40.38 40.37 40.39 40.43 40.43 40.43 40.45 40.47 40.46 40.45 40.44 40.45 40.44 40.41 40.41 40.41 40.32 40.08 40 40.23 40.3 40.37 40.4 40.45 40.47 40.49 40.47 40.47 40.52 40.59
40.17 40.12 40.12 40.1 40.04 40.01 40.03 40.09 40.11 40.13 40.12 40.09 40.07 40.04 40.05 40.04 39.96 39.9 39.9 39.81 39.56 39.38 39.57 39.9 40.01 40.01 40.07 40.16 40.19 40.19 40.2 40.24 40.25 40.25 40.26 40.27 40.27 40.26 40.28 40.35 40.39 40.42 40.44 40.44 40.46 40.46 40.42 40.38 40.37 40.38 40.4 40.43 40.44 40.46 40.47 40.46 40.44 40.4 40.4 40.45 40.43 40.4 40.41 40.45 40.41 40.18 39.97 40.1 40.22 40.36 40.38 40.42 40.46 40.5 40.5 40.5 40.54 40.59
40.18 40.12 40.12 40.11 40.05 39.99 40 40.06 40.11 40.15 40.13 40.09 40.06 40.04 40.04 40.04 39.99 39.95 39.93 39.86 39.68 39.5 39.57 39.82 39.98 39.99 40.03 40.12 40.16 40.17 40.19 40.24 40.26 40.27 40.28 40.29 40.29 40.29 40.3 40.35 40.38 40.42 40.42 40.41 40.43 40.45 40.45 40.4 40.39 40.4 40.4 40.43 40.44 40.45 40.46 40.46 40.45 40.41 40.41 40.45 40.44 40.42 40.42 40.47 40.45 40.24 39.96 39.99 40.15 40.35 40.38 40.41 40.47 40.51 40.52 40.52 40.55 40.59
40.21 40.15 40.14 40.12 40.07 40.02 40.01 40.05 40.11 40.14 40.13 40.09 40.07 40.05 40.06 40.06 40.03 39.99 39.98 39.92 39.83 39.7 39.6 39.72 39.92 39.97 40.01 40.08 40.14 40.16 40.19 40.25 40.28 40.29 40.3 40.28 40.28 40.28 40.3 40.34 40.38 40.41 40.4 40.39 40.41 40.45 40.45 40.42 40.41 40.4 40.42 40.44 40.44 40.45 40.46 40.46 40.46 40.45 40.45 40.47 40.46 40.44 40.43 40.45 40.45 40.31 40.04 39.99 40.12 40.35 40.41 40.43 40.48 40.51 40.5 40.51 40.54 40.57
40.24 40.18 40.16 40.13 40.08 40.03 40.02 40.04 40.1 40.12 40.12 40.09 40.08 40.08 40.08 40.09 40.07 40.02 39.99 39.94 39.9 39.8 39.6 39.66 39.89 39.95 40.02 40.07 40.12 40.16 40.21 40.23 40.26 40.27 40.28 40.27 40.27 40.26 40.27 40.32 40.37 40.4 40.41 40.41 40.42 40.45 40.44 40.43 40.41 40.4 40.44 40.45 40.45 40.46 40.46 40.44 40.45 40.48 40.49 40.49 40.48 40.46 40.44 40.44 40.46 40.36 40.14 40.04 40.08 40.33 40.41 40.43 40.47 40.5 40.49 40.51 40.55 40.59
40.26 40.2 40.18 40.13 40.09 40.04 40.02 40.03 40.09 40.13 40.12 40.1 40.08 40.1 40.1 40.11 40.11 40.06 39.99 39.96 39.96 39.87 39.65 39.64 39.86 39.96 40.06 40.1 40.14 40.18 40.23 40.23 40.23 40.25 40.28 40.29 40.28 40.28 40.29 40.33 40.37 40.41 40.44 40.45 40.46 40.46 40.44 40.45 40.44 40.41 40.43 40.46 40.47 40.48 40.48 40.46 40.47 40.49 40.49 40.5 40.49 40.47 40.45 40.45 40.46 40.37 40.18 40.03 40.01 40.3 40.4 40.42 40.45 40.49 40.52 40.54 40.56 40.6
40.27 40.21 40.19 40.15 40.12 40.09 40.05 40.02 40.08 40.13 40.13 40.1 40.08 40.08 40.09 40.1 40.11 40.08 40.02 39.99 39.99 39.95 39.76 39.62 39.75 39.91 40.1 40.15 40.17 40.19 40.24 40.25 40.25 40.27 40.3 40.3 40.29 40.29 40.32 40.36 40.38 40.42 40.46 40.47 40.48 40.48 40.46 40.47 40.46 40.42 40.44 40.46 40.47 40.48 40.5 40.51 40.51 40.49 40.48 40.49 40.5 40.47 40.45 40.44 40.43 40.4 40.3 40.1 39.98 40.26 40.38 40.4 40.43 40.48 40.52 40.54 40.57 40.6
40.28 40.22 40.2 40.17 40.13 40.11 40.08 40.04 40.07 40.11 40.11 40.1 40.07 40.07 40.07 40.09 40.1 40.1 40.06 40.03 40.01 40.01 39.89 39.65 39.62 39.82 40.11 40.18 40.22 40.23 40.26 40.28 40.28 40.3 40.32 40.32 40.3 40.29 40.32 40.35 40.37 40.41 40.45 40.44 40.46 40.48 40.49 40.49 40.47 40.44 40.46 40.48 40.48 40.49 40.5 40.51 40.52 40.49 40.46 40.47 40.48 40.47 40.44 40.42 40.41 40.42 40.42 40.26 40.05 40.21 40.39 40.41 40.44 40.48 40.51 40.52 40.56 40.58
40.27 40.25 40.23 40.18 40.14 40.12 40.09 40.06 40.06 40.07 40.1 40.12 40.12 40.1 40.08 40.11 40.11 40.12 40.11 40.07 40.06 40.06 39.96 39.67 39.51 39.73 40.07 40.16 40.2 40.24 40.27 40.29 40.29 40.29 40.31 40.33 40.32 40.29 40.3 40.32 40.34 40.4 40.43 40.43 40.44 40.47 40.49 40.51 40.48 40.45 40.47 40.49 40.48 40.49 40.5 40.5 40.51 40.49 40.45 40.45 40.48 40.47 40.43 40.43 40.43 40.45 40.47 40.34 40.07 40.1 40.38 40.42 40.46 40.48 40.5 40.51 40.54 40.56
40.24 40.26 40.23 40.17 40.14 40.12 40.1 40.06 40.03 40.04 40.1 40.13 40.14 40.12 40.1 40.11 40.13 40.14 40.14 40.1 40.09 40.08 39.97 39.67 39.44 39.66 40.03 40.14 40.16 40.21 40.26 40.3 40.29 40.28 40.3 40.3 40.31 40.3 40.29 40.3 40.33 40.39 40.43 40.46 40.46 40.47 40.5 40.52 40.5 40.48 40.49 40.49 40.47 40.49 40.49 40.51 40.52 40.5 40.47 40.46 40.46 40.46 40.43 40.44 40.45 40.48 40.49 40.37 40.07 40.02 40.3 40.37 40.46 40.48 40.5 40.52 40.54 40.56
40.22 40.23 40.23 40.2 40.17 40.14 40.1 40.05 40 40.03 40.11 40.16 40.15 40.15 40.15 40.14 40.14 40.16 40.17 40.12 40.09 40.08 39.98 39.72 39.51 39.65 40.01 40.15 40.15 40.18 40.25 40.29 40.29 40.29 40.28 40.28 40.29 40.31 40.32 40.34 40.35 40.38 40.42 40.46 40.46 40.47 40.5 40.51 40.49 40.49 40.5 40.5 40.48 40.49 40.51 40.52 40.52 40.5 40.46 40.44 40.45 40.47 40.46 40.44 40.43 40.46 40.48 40.39 40.1 39.88 40.07 40.31 40.44 40.45 40.48 40.53 40.56 40.56
40.2 40.21 40.24 40.2 40.15 40.14 40.12 40.09 40.04 40.05 40.12 40.18 40.19 40.19 40.19 40.17 40.13 40.15 40.18 40.16 40.12 40.1 40 39.82 39.66 39.67 39.98 40.16 40.17 40.18 40.24 40.29 40.3 40.3 40.28 40.29 40.29 40.31 40.34 40.39 40.37 40.36 40.4 40.45 40.45 40.45 40.46 40.47 40.48 40.49 40.5 40.49 40.47 40.48 40.51 40.52 40.52 40.5 40.47 40.46 40.47 40.49 40.49 40.45 40.41 40.43 40.45 40.41 40.16 39.85 39.94 40.26 40.43 40.45 40.47 40.52 40.56 40.58
40.16 40.17 40.2 40.21 40.17 40.15 40.14 40.13 40.08 40.08 40.13 40.2 40.22 40.22 40.21 40.17 40.13 40.15 40.19 40.2 40.17 40.13 40.04 39.92 39.8 39.7 39.93 40.17 40.19 40.19 40.24 40.29 40.31 40.3 40.28 40.28 40.29 40.3 40.32 40.35 40.34 40.34 40.4 40.43 40.45 40.44 40.42 40.43 40.47 40.5 40.49 40.49 40.45 40.39 40.41 40.46 40.53 40.52 40.51 40.5 40.49 40.5 40.51 40.47 40.42 40.42 40.43 40.44 40.26 40.01 40 40.19 40.43 40.46 40.48 40.52 40.56 40.6
40.15 40.17 40.21 40.23 40.19 40.17 40.15 40.15 40.12 40.11 40.14 40.21 40.24 40.23 40.22 40.18 40.16 40.17 40.21 40.21 40.2 40.15 40.07 40.02 39.94 39.8 39.9 40.14 40.18 40.2 40.23 40.28 40.3 40.3 40.27 40.27 40.27 40.29 40.32 40.32 40.32 40.34 40.37 40.4 40.44 40.43 40.39 40.41 40.47 40.51 40.51 40.5 40.43 40.33 40.34 40.42 40.53 40.54 40.54 40.53 40.5 40.5 40.52 40.5 40.45 40.43 40.44 40.45 40.33 40.14 40.04 40.11 40.4 40.45 40.47 40.52 40.56 40.6
40.15 40.19 40.24 40.25 40.21 40.19 40.17 40.18 40.17 40.15 40.15 40.19 40.22 40.24 40.23 40.21 40.2 40.2 40.22 40.23 40.23 40.17 40.1 40.09 40.03 39.86 39.86 40.1 40.15 40.17 40.19 40.25 40.27 40.3 40.28 40.25 40.25 40.29 40.33 40.32 40.3 40.32 40.35 40.38 40.42 40.42 40.39 40.41 40.47 40.51 40.52 40.52 40.48 40.41 40.41 40.46 40.54 40.55 40.56 40.54 40.51 40.49 40.51 40.51 40.49 40.46 40.45 40.44 40.34 40.16 40.04 40.06 40.36 40.45 40.47 40.5 40.54 40.57
40.15 40.18 40.23 40.27 40.26 40.23 40.19 40.19 40.19 40.17 40.15 40.14 40.17 40.23 40.24 40.23 40.22 40.21 40.22 40.27 40.26 40.19 40.13 40.13 40.08 39.9 39.76 39.87 39.97 40.07 40.13 40.19 40.23 40.28 40.26 40.24 40.25 40.3 40.34 40.33 40.3 40.31 40.35 40.37 40.41 40.42 40.4 40.42 40.46 40.5 40.51 40.53 40.54 40.52 40.51 40.51 40.53 40.55 40.55 40.54 40.51 40.5 40.51 40.51 40.49 40.48 40.47 40.45 40.37 40.21 40.09 40.06 40.31 40.45 40.46 40.47 40.52 40.6
40.15 40.17 40.21 40.26 40.3 40.26 40.22 40.21 40.2 40.19 40.17 40.15 40.17 40.24 40.27 40.26 40.25 40.23 40.25 40.29 40.28 40.23 40.17 40.15 40.13 39.99 39.76 39.7 39.81 39.99 40.09 40.14 40.19 40.25 40.25 40.24 40.24 40.29 40.33 40.33 40.32 40.31 40.32 40.34 40.38 40.4 40.39 40.41 40.45 40.5 40.52 40.53 40.55 40.55 40.53 40.52 40.53 40.56 40.55 40.53 40.51 40.5 40.5 40.51 40.49 40.47 40.46 40.44 40.4 40.31 40.16 40.02 40.21 40.42 40.44 40.46 40.52 40.59
40.16 40.17 40.19 40.24 40.3 40.28 40.24 40.23 40.22 40.22 40.2 40.19 40.21 40.26 40.28 40.28 40.27 40.25 40.25 40.26 40.27 40.24 40.18 40.13 40.13 40.06 39.85 39.69 39.77 39.94 40.04 40.1 40.18 40.23 40.25 40.24 40.25 40.29 40.32 40.33 40.33 40.31 40.31 40.32 40.37 40.4 40.4 40.4 40.44 40.51 40.54 40.54 40.54 40.55 40.54 40.53 40.54 40.56 40.56 40.55 40.53 40.51 40.51 40.5 40.49 40.47 40.43 40.39 40.38 40.35 40.22 40.03 40.15 40.41 40.43 40.46 40.49 40.53
