slabs/79.grd
DSAA
631 301
646410 647040
4948400 4948700
29.53 43.01
[rows 34 to 67 of 301, columns 312 to 389 of 631]
38.15 38.15 38.14 38.15 38.15 38.13 38.1 38.1 38.11 38.13 38.15 38.15 38.13 38.11 38.12 38.12 38.12 38.13 38.1 38.12 38.14 38.15 38.14 38.15 38.17 38.19 38.21 38.22 38.23 38.23 38.23 38.25 38.24 38.23 38.22 38.2 38.21 38.23 38.24 38.24 38.23 38.22 38.21 38.19 38.17 38.17 38.17 38.17 38.14 38.11 38.11 38.08 38.05 38.03 38 37.98 37.97 37.96 37.94 37.95 37.97 37.97 37.98 38.02 38.05 38.06 38.09 38.11 38.13 38.15 38.16 38.14 38.12 38.15 38.17 38.17 38.17 38.19
38.14 38.13 38.13 38.14 38.15 38.15 38.13 38.11 38.12 38.14 38.13 38.13 38.11 38.09 38.11 38.12 38.14 38.14 38.1 38.11 38.12 38.14 38.13 38.14 38.15 38.17 38.19 38.21 38.21 38.22 38.23 38.24 38.24 38.25 38.23 38.18 38.19 38.2 38.2 38.21 38.24 38.26 38.23 38.18 38.15 38.15 38.15 38.15 38.15 38.12 38.09 38.07 38.03 38.01 37.98 37.96 37.95 37.94 37.93 37.95 37.98 37.98 38 38.05 38.08 38.08 38.08 38.11 38.12 38.13 38.16 38.15 38.15 38.17 38.18 38.19 38.19 38.2
38.16 38.13 38.13 38.14 38.16 38.16 38.15 38.14 38.14 38.15 38.13 38.12 38.09 38.08 38.1 38.11 38.14 38.13 38.1 38.1 38.1 38.13 38.13 38.13 38.14 38.18 38.19 38.2 38.2 38.21 38.21 38.22 38.23 38.24 38.22 38.18 38.17 38.17 38.17 38.18 38.22 38.25 38.22 38.16 38.13 38.13 38.12 38.12 38.12 38.1 38.06 38.04 38.01 37.99 37.97 37.95 37.95 37.94 37.95 37.97 37.99 38.01 38.04 38.05 38.08 38.08 38.07 38.09 38.1 38.12 38.15 38.17 38.18 38.19 38.19 38.21 38.21 38.21
38.16 38.14 38.14 38.14 38.15 38.14 38.15 38.16 38.16 38.15 38.13 38.12 38.1 38.1 38.1 38.11 38.13 38.12 38.09 38.09 38.09 38.12 38.13 38.13 38.15 38.18 38.19 38.2 38.19 38.19 38.19 38.21 38.22 38.21 38.2 38.17 38.16 38.14 38.14 38.16 38.18 38.18 38.15 38.11 38.1 38.09 38.08 38.08 38.06 38.06 38.05 38.01 37.97 37.96 37.94 37.94 37.96 37.95 37.96 37.99 37.98 38.01 38.06 38.06 38.07 38.07 38.07 38.08 38.09 38.12 38.16 38.19 38.2 38.21 38.22 38.24 38.23 38.23
38.15 38.14 38.14 38.15 38.15 38.14 38.14 38.15 38.16 38.15 38.12 38.11 38.1 38.11 38.11 38.12 38.12 38.11 38.09 38.08 38.08 38.1 38.11 38.13 38.15 38.18 38.19 38.19 38.17 38.18 38.18 38.18 38.18 38.17 38.16 38.15 38.15 38.12 38.13 38.13 38.12 38.11 38.09 38.07 38.08 38.07 38.05 38.05 38.03 38.03 38.02 37.99 37.94 37.94 37.94 37.95 37.95 37.96 37.99 38.01 38.01 38.04 38.07 38.07 38.07 38.06 38.06 38.07 38.08 38.12 38.18 38.2 38.2 38.22 38.24 38.26 38.25 38.24
38.16 38.15 38.15 38.16 38.16 38.16 38.15 38.15 38.16 38.15 38.12 38.12 38.12 38.13 38.14 38.13 38.12 38.1 38.1 38.08 38.07 38.1 38.1 38.12 38.14 38.16 38.17 38.18 38.16 38.16 38.17 38.16 38.13 38.11 38.13 38.15 38.15 38.13 38.12 38.09 38.07 38.06 38.06 38.04 38.03 38.03 38.02 38.03 38.01 38 37.97 37.96 37.93 37.94 37.94 37.95 37.96 37.97 38 38.04 38.06 38.08 38.09 38.08 38.08 38.06 38.05 38.05 38.08 38.14 38.18 38.2 38.2 38.22 38.25 38.27 38.27 38.27
38.17 38.18 38.18 38.18 38.18 38.17 38.16 38.16 38.16 38.15 38.13 38.13 38.13 38.14 38.14 38.12 38.11 38.11 38.1 38.08 38.07 38.09 38.11 38.12 38.14 38.15 38.15 38.17 38.16 38.14 38.15 38.15 38.13 38.12 38.14 38.16 38.14 38.12 38.09 38.06 38.04 38.04 38.03 38.01 37.99 37.99 38 38.01 38.01 37.98 37.95 37.96 37.95 37.95 37.95 37.96 37.99 38.01 38.04 38.07 38.09 38.1 38.09 38.09 38.09 38.07 38.06 38.05 38.09 38.16 38.18 38.18 38.19 38.23 38.25 38.26 38.27 38.29
38.19 38.19 38.19 38.19 38.18 38.17 38.16 38.17 38.17 38.15 38.14 38.15 38.14 38.12 38.12 38.11 38.1 38.12 38.11 38.09 38.06 38.08 38.1 38.12 38.14 38.14 38.14 38.14 38.15 38.14 38.14 38.12 38.13 38.14 38.15 38.13 38.11 38.09 38.06 38.04 38.03 38.02 37.99 37.99 37.97 37.97 37.97 37.98 37.99 37.98 37.96 37.97 37.97 37.97 37.97 37.98 38 38.04 38.08 38.1 38.09 38.08 38.08 38.1 38.1 38.1 38.09 38.08 38.1 38.15 38.18 38.17 38.18 38.22 38.24 38.24 38.26 38.29
38.19 38.19 38.17 38.17 38.17 38.17 38.17 38.17 38.17 38.16 38.16 38.16 38.15 38.12 38.12 38.12 38.11 38.12 38.13 38.11 38.08 38.1 38.1 38.1 38.13 38.13 38.12 38.12 38.14 38.13 38.12 38.1 38.12 38.13 38.14 38.11 38.1 38.08 38.04 38.02 38.03 38 37.96 37.95 37.96 37.96 37.96 37.96 37.97 37.98 38 38.01 38.01 38.01 38.01 38.03 38.04 38.07 38.1 38.11 38.09 38.06 38.06 38.08 38.09 38.12 38.12 38.1 38.12 38.16 38.19 38.19 38.19 38.22 38.25 38.25 38.26 38.27
38.17 38.17 38.15 38.15 38.16 38.16 38.16 38.16 38.17 38.16 38.16 38.16 38.15 38.14 38.14 38.14 38.13 38.14 38.14 38.13 38.12 38.11 38.1 38.1 38.11 38.12 38.12 38.12 38.14 38.13 38.11 38.11 38.12 38.13 38.12 38.09 38.08 38.06 38.01 38 38.02 38 37.95 37.93 37.95 37.95 37.96 37.98 38 38.02 38.04 38.05 38.06 38.06 38.05 38.06 38.07 38.09 38.11 38.11 38.09 38.07 38.09 38.09 38.1 38.12 38.14 38.13 38.14 38.16 38.19 38.2 38.2 38.2 38.22 38.24 38.27 38.28
38.14 38.13 38.12 38.14 38.17 38.18 38.17 38.16 38.18 38.17 38.17 38.16 38.15 38.16 38.16 38.14 38.13 38.12 38.13 38.14 38.13 38.1 38.11 38.1 38.08 38.08 38.08 38.09 38.12 38.13 38.12 38.11 38.11 38.11 38.09 38.06 38.04 38.03 38 37.97 37.99 37.99 37.96 37.94 37.96 37.97 38 38.05 38.07 38.06 38.06 38.08 38.09 38.08 38.06 38.06 38.06 38.07 38.1 38.11 38.1 38.09 38.11 38.11 38.11 38.12 38.17 38.19 38.18 38.17 38.17 38.18 38.2 38.2 38.22 38.23 38.27 38.28
38.12 38.11 38.12 38.13 38.17 38.19 38.18 38.17 38.18 38.16 38.16 38.16 38.15 38.17 38.16 38.15 38.14 38.13 38.13 38.13 38.13 38.11 38.11 38.1 38.06 38.06 38.05 38.06 38.1 38.11 38.11 38.09 38.09 38.07 38.04 38.02 38 38 37.98 37.94 37.95 37.95 37.96 37.97 37.99 38.01 38.05 38.11 38.11 38.1 38.08 38.08 38.08 38.08 38.06 38.05 38.05 38.04 38.07 38.1 38.09 38.08 38.09 38.11 38.11 38.13 38.17 38.21 38.2 38.18 38.16 38.17 38.19 38.21 38.22 38.23 38.26 38.29
38.1 38.1 38.1 38.11 38.14 38.15 38.14 38.16 38.17 38.17 38.17 38.16 38.14 38.13 38.15 38.17 38.16 38.15 38.14 38.13 38.13 38.12 38.1 38.07 38.06 38.05 38.03 38.04 38.07 38.08 38.07 38.05 38.05 38.03 37.99 37.99 37.98 37.97 37.95 37.94 37.93 37.94 37.96 38 38.01 38.05 38.09 38.13 38.15 38.17 38.12 38.09 38.09 38.08 38.06 38.03 38.03 38.02 38.04 38.08 38.09 38.1 38.1 38.11 38.12 38.14 38.17 38.19 38.19 38.17 38.17 38.17 38.19 38.22 38.21 38.22 38.27 38.31
38.08 38.08 38.08 38.09 38.13 38.15 38.16 38.15 38.15 38.17 38.17 38.15 38.13 38.11 38.13 38.15 38.15 38.14 38.13 38.13 38.12 38.11 38.08 38.06 38.07 38.06 38.03 38.02 38.01 38.02 38.01 38 38.01 37.99 37.96 37.96 37.97 37.95 37.94 37.93 37.93 37.95 37.99 38.02 38.04 38.08 38.13 38.15 38.17 38.19 38.15 38.12 38.11 38.09 38.06 38.02 38.02 38.01 38.02 38.05 38.08 38.12 38.12 38.12 38.13 38.15 38.18 38.19 38.19 38.17 38.16 38.16 38.18 38.21 38.2 38.21 38.26 38.31
38.09 38.07 38.07 38.09 38.11 38.14 38.15 38.14 38.12 38.13 38.14 38.14 38.11 38.08 38.1 38.13 38.14 38.13 38.12 38.11 38.1 38.09 38.07 38.06 38.07 38.06 38.03 38 37.98 37.98 37.98 37.97 37.97 37.97 37.96 37.95 37.96 37.95 37.93 37.92 37.93 37.97 38.02 38.04 38.06 38.1 38.13 38.15 38.16 38.19 38.16 38.11 38.11 38.08 38.04 38.01 38.01 38 38.01 38.04 38.08 38.12 38.11 38.12 38.13 38.16 38.19 38.19 38.2 38.18 38.16 38.16 38.18 38.2 38.22 38.22 38.25 38.3
38.09 38.08 38.07 38.08 38.1 38.13 38.14 38.13 38.1 38.1 38.11 38.12 38.1 38.09 38.08 38.11 38.13 38.12 38.1 38.08 38.07 38.07 38.04 38.03 38.04 38.03 38.01 37.99 37.98 37.98 37.97 37.97 37.96 37.96 37.96 37.94 37.94 37.94 37.93 37.94 37.96 38.01 38.06 38.08 38.09 38.11 38.14 38.14 38.14 38.15 38.14 38.1 38.1 38.09 38.04 38.03 38.04 38.01 38.01 38.04 38.07 38.11 38.12 38.13 38.13 38.14 38.16 38.18 38.21 38.19 38.19 38.19 38.2 38.21 38.23 38.23 38.26 38.3
38.11 38.1 38.09 38.08 38.1 38.13 38.13 38.12 38.1 38.1 38.1 38.1 38.1 38.09 38.08 38.07 38.08 38.08 38.07 38.05 38.04 38.04 38.01 37.98 37.98 37.99 37.99 37.98 37.96 37.96 37.96 37.97 37.97 37.98 37.97 37.96 37.95 37.94 37.94 37.95 37.98 38.03 38.07 38.09 38.1 38.11 38.14 38.13 38.12 38.11 38.1 38.09 38.09 38.09 38.05 38.05 38.05 38.02 38.02 38.03 38.07 38.1 38.13 38.13 38.14 38.13 38.14 38.16 38.19 38.19 38.2 38.2 38.21 38.22 38.22 38.24 38.27 38.3
38.13 38.14 38.12 38.1 38.12 38.14 38.14 38.12 38.12 38.13 38.11 38.11 38.09 38.07 38.05 38.03 38.01 38.03 38.04 38.03 38.03 38.01 37.97 37.95 37.93 37.95 37.96 37.95 37.94 37.95 37.95 37.98 37.98 37.98 37.98 37.98 37.97 37.96 37.97 37.99 38.01 38.05 38.08 38.1 38.1 38.12 38.12 38.11 38.1 38.08 38.07 38.07 38.08 38.09 38.07 38.06 38.05 38.02 38.03 38.04 38.06 38.09 38.12 38.13 38.15 38.15 38.16 38.16 38.17 38.19 38.2 38.2 38.22 38.23 38.24 38.27 38.29 38.3
38.13 38.13 38.13 38.11 38.13 38.14 38.15 38.14 38.16 38.16 38.13 38.13 38.11 38.09 38.05 38.02 38 38 38.01 38.01 38.01 37.99 37.94 37.93 37.91 37.92 37.93 37.91 37.92 37.95 37.96 37.98 37.98 37.97 37.98 38 37.98 37.97 37.99 38.02 38.03 38.06 38.09 38.09 38.1 38.11 38.09 38.08 38.08 38.06 38.04 38.05 38.08 38.09 38.09 38.08 38.07 38.03 38.02 38.03 38.04 38.07 38.1 38.13 38.16 38.16 38.16 38.17 38.2 38.22 38.22 38.21 38.22 38.24 38.25 38.29 38.31 38.32
38.08 38.09 38.1 38.12 38.13 38.14 38.14 38.13 38.14 38.13 38.11 38.13 38.13 38.12 38.08 38.04 38 37.99 37.99 38 38 37.99 37.94 37.92 37.91 37.91 37.91 37.91 37.92 37.94 37.96 37.97 37.97 37.97 37.98 38.01 37.99 37.98 38 38.01 38.03 38.07 38.09 38.07 38.08 38.08 38.06 38.06 38.06 38.06 38.04 38.04 38.07 38.09 38.09 38.09 38.08 38.04 38.02 38.03 38.04 38.07 38.11 38.13 38.17 38.17 38.14 38.16 38.21 38.24 38.25 38.25 38.24 38.24 38.25 38.28 38.31 38.33
38.04 38.04 38.07 38.11 38.11 38.11 38.11 38.09 38.07 38.08 38.09 38.09 38.09 38.09 38.08 38.05 38 37.99 37.97 37.97 37.97 37.97 37.94 37.92 37.92 37.93 37.91 37.91 37.92 37.94 37.95 37.97 37.97 37.98 38 38.02 38.01 38.01 38.02 38.01 38.03 38.07 38.08 38.05 38.04 38.04 38.03 38.04 38.07 38.07 38.05 38.05 38.06 38.07 38.07 38.09 38.09 38.07 38.04 38.04 38.06 38.07 38.1 38.13 38.18 38.19 38.17 38.18 38.2 38.24 38.25 38.26 38.26 38.26 38.27 38.29 38.32 38.34
38.03 38.03 38.04 38.08 38.09 38.09 38.09 38.08 38.05 38.06 38.07 38.07 38.07 38.06 38.06 38.06 38.01 38 37.97 37.95 37.95 37.95 37.92 37.92 37.92 37.93 37.92 37.92 37.92 37.94 37.96 37.97 37.99 38.02 38.03 38.03 38.04 38.04 38.03 38.02 38.03 38.03 38.05 38.03 38.01 38.02 38.01 38.03 38.07 38.09 38.08 38.06 38.05 38.08 38.08 38.09 38.1 38.09 38.06 38.06 38.08 38.09 38.11 38.13 38.17 38.19 38.2 38.21 38.21 38.23 38.24 38.27 38.29 38.29 38.29 38.29 38.32 38.35
38.01 38.01 38.01 38.05 38.1 38.09 38.08 38.08 38.07 38.06 38.04 38.03 38.03 38.03 38.03 38.04 38.01 38 37.97 37.94 37.93 37.92 37.91 37.92 37.92 37.91 37.91 37.92 37.93 37.95 38 38.01 38.02 38.06 38.08 38.05 38.05 38.05 38.04 38.03 38.01 38 38.01 38.01 38.02 38.02 38.01 38.03 38.07 38.07 38.08 38.08 38.08 38.08 38.09 38.09 38.1 38.09 38.06 38.07 38.09 38.11 38.12 38.12 38.16 38.21 38.23 38.24 38.21 38.22 38.23 38.27 38.3 38.33 38.31 38.31 38.33 38.36
37.97 37.98 37.99 38.02 38.07 38.06 38.06 38.06 38.06 38.05 38.03 38.01 38 38 38 38.01 38 37.98 37.96 37.93 37.92 37.9 37.89 37.9 37.89 37.87 37.9 37.92 37.94 37.98 38.03 38.06 38.07 38.09 38.1 38.06 38.06 38.05 38.03 38.02 38 37.97 37.98 38 38.03 38.04 38.02 38.04 38.06 38.05 38.07 38.09 38.1 38.07 38.07 38.08 38.11 38.13 38.1 38.09 38.09 38.1 38.11 38.1 38.14 38.22 38.24 38.25 38.23 38.23 38.24 38.27 38.3 38.34 38.33 38.33 38.34 38.37
37.94 37.94 37.96 37.98 38.01 38.01 38.01 38.02 38.04 38.02 38 37.99 37.98 37.98 37.96 37.97 37.97 37.95 37.93 37.9 37.89 37.87 37.85 37.86 37.84 37.84 37.9 37.93 37.97 38.03 38.06 38.08 38.08 38.09 38.08 38.05 38.05 38.03 38 37.99 37.99 37.96 37.98 37.99 38.02 38.04 38.04 38.04 38.05 38.05 38.08 38.11 38.12 38.08 38.05 38.07 38.1 38.13 38.13 38.12 38.1 38.1 38.1 38.11 38.16 38.2 38.22 38.25 38.25 38.25 38.26 38.27 38.31 38.34 38.34 38.34 38.34 38.34
37.93 37.94 37.94 37.94 37.95 37.96 37.97 37.97 38 37.98 37.96 37.96 37.96 37.95 37.94 37.94 37.94 37.91 37.88 37.84 37.84 37.82 37.81 37.83 37.83 37.87 37.93 37.98 38.01 38.06 38.08 38.09 38.09 38.08 38.05 38.04 38.02 38.01 37.99 37.98 37.98 37.96 37.96 37.97 38 38.04 38.03 38.04 38.05 38.06 38.08 38.1 38.13 38.1 38.09 38.09 38.09 38.11 38.13 38.13 38.12 38.1 38.11 38.14 38.18 38.19 38.22 38.26 38.27 38.27 38.27 38.29 38.33 38.36 38.36 38.36 38.35 38.33
37.92 37.92 37.93 37.92 37.91 37.91 37.93 37.93 37.93 37.92 37.92 37.91 37.91 37.92 37.93 37.92 37.91 37.87 37.82 37.78 37.79 37.79 37.8 37.84 37.86 37.91 37.97 38.01 38.03 38.07 38.09 38.09 38.09 38.06 38.04 38.02 37.99 37.99 37.99 37.99 37.98 37.97 37.96 37.97 38 38.04 38.06 38.05 38.06 38.06 38.07 38.1 38.14 38.13 38.12 38.12 38.11 38.13 38.15 38.17 38.15 38.11 38.12 38.16 38.2 38.21 38.22 38.26 38.29 38.3 38.3 38.31 38.34 38.35 38.37 38.38 38.37 38.38
37.92 37.92 37.92 37.91 37.9 37.88 37.88 37.88 37.87 37.85 37.86 37.87 37.87 37.9 37.91 37.9 37.88 37.83 37.78 37.77 37.78 37.8 37.82 37.86 37.89 37.94 37.99 38 38.03 38.08 38.1 38.09 38.06 38.04 38.02 38.01 38 37.99 38.01 38 37.99 37.98 37.98 37.98 38 38.02 38.05 38.05 38.05 38.07 38.09 38.12 38.13 38.13 38.13 38.14 38.14 38.16 38.18 38.2 38.18 38.15 38.15 38.18 38.22 38.24 38.23 38.24 38.28 38.31 38.31 38.32 38.33 38.35 38.38 38.39 38.4 38.4
37.95 37.93 37.91 37.9 37.89 37.87 37.86 37.85 37.84 37.82 37.83 37.85 37.85 37.87 37.88 37.85 37.84 37.81 37.77 37.76 37.78 37.82 37.86 37.89 37.93 37.97 38 38.02 38.05 38.08 38.09 38.08 38.05 38.03 38.01 38.01 37.99 37.98 38 37.99 37.98 37.99 37.99 37.99 38 38.02 38.03 38.04 38.06 38.09 38.1 38.12 38.12 38.12 38.14 38.16 38.17 38.2 38.2 38.2 38.2 38.21 38.19 38.18 38.21 38.25 38.24 38.25 38.29 38.31 38.33 38.33 38.33 38.35 38.39 38.4 38.41 38.42
37.97 37.94 37.92 37.9 37.89 37.86 37.85 37.84 37.83 37.83 37.83 37.84 37.84 37.83 37.82 37.8 37.79 37.79 37.79 37.79 37.8 37.86 37.9 37.92 37.95 38 38.01 38.03 38.05 38.05 38.05 38.05 38.04 38.03 38.01 38 37.98 37.97 37.99 37.99 37.99 37.99 38 38 38 38.02 38.02 38.05 38.08 38.09 38.11 38.13 38.13 38.13 38.16 38.21 38.2 38.24 38.23 38.21 38.21 38.22 38.21 38.18 38.2 38.23 38.23 38.26 38.31 38.33 38.34 38.33 38.33 38.34 38.38 38.4 38.41 38.42
37.98 37.95 37.93 37.9 37.9 37.88 37.86 37.84 37.83 37.83 37.83 37.81 37.81 37.79 37.77 37.77 37.77 37.8 37.82 37.83 37.85 37.89 37.93 37.94 37.97 38.01 38.02 38.02 38.03 38.02 38.02 38.01 38.01 38.02 38.03 38.01 37.98 37.97 37.99 37.99 37.99 37.99 37.99 38.01 38.02 38.02 38.03 38.06 38.09 38.1 38.11 38.14 38.16 38.16 38.18 38.22 38.21 38.23 38.23 38.22 38.22 38.24 38.23 38.22 38.2 38.21 38.22 38.26 38.32 38.35 38.37 38.35 38.34 38.36 38.39 38.41 38.42 38.42
37.99 37.95 37.9 37.87 37.87 37.87 37.86 37.84 37.82 37.81 37.81 37.78 37.77 37.76 37.74 37.75 37.78 37.82 37.84 37.86 37.9 37.92 37.93 37.95 37.98 38 38.02 38.02 38.01 38.01 38.02 38.01 38 38.03 38.05 38.03 38 38 38 38.01 38 37.98 37.99 38.03 38.03 38.04 38.05 38.08 38.09 38.08 38.1 38.14 38.17 38.18 38.19 38.21 38.23 38.23 38.24 38.25 38.25 38.26 38.25 38.23 38.18 38.19 38.22 38.25 38.31 38.35 38.38 38.37 38.36 38.37 38.39 38.41 38.42 38.42
38 37.93 37.88 37.84 37.85 37.85 37.84 37.82 37.81 37.79 37.78 37.77 37.76 37.76 37.76 37.77 37.8 37.84 37.87 37.9 37.94 37.93 37.93 37.94 37.97 38 38 38 38 38.01 38.03 38.02 38.01 38.04 38.06 38.05 38.04 38.03 38.04 38.05 38.03 38 38.01 38.05 38.04 38.05 38.07 38.09 38.1 38.09 38.11 38.15 38.18 38.2 38.2 38.22 38.25 38.27 38.27 38.27 38.25 38.25 38.27 38.24 38.2 38.21 38.23 38.26 38.31 38.34 38.37 38.37 38.37 38.37 38.38 38.4 38.43 38.43
38.02 37.93 37.87 37.83 37.83 37.84 37.82 37.79 37.79 37.79 37.8 37.8 37.79 37.8 37.81 37.81 37.85 37.88 37.92 37.94 37.97 37.96 37.94 37.95 37.97 37.99 37.98 37.98 37.98 38 38.04 38.03 38.03 38.04 38.05 38.06 38.07 38.07 38.07 38.07 38.06 38.04 38.04 38.05 38.06 38.09 38.09 38.1 38.13 38.15 38.16 38.17 38.2 38.23 38.22 38.22 38.24 38.26 38.29 38.27 38.24 38.25 38.26 38.25 38.24 38.24 38.24 38.26 38.3 38.33 38.36 38.37 38.38 38.38 38.38 38.42 38.45 38.45
