slabs/8.grd
DSAA
631 301
642000 642630
4948100 4948400
44.58 48.26
[rows 0 to 33 of 300, columns 78 to 155 of 631]
47.05 47.04 47.05 47.06 47.07 47.08 47.1 47.1 47.09 47.11 47.12 47.12 47.13 47.14 47.15 47.17 47.16 47.16 47.17 47.18 47.18 47.19 47.21 47.22 47.23 47.26 47.28 47.29 47.3 47.32 47.34 47.34 47.35 47.36 47.35 47.35 47.37 47.38 47.38 47.38 47.39 47.41 47.42 47.42 47.4 47.37 47.36 47.36 47.36 47.35 47.34 47.35 47.36 47.36 47.36 47.36 47.37 47.38 47.38 47.37 47.36 47.34 47.33 47.34 47.37 47.38 47.37 47.34 47.34 47.34 47.34 47.32 47.3 47.3 47.3 47.28 47.24 47.22
47.04 47.04 47.05 47.07 47.08 47.09 47.1 47.1 47.1 47.11 47.12 47.13 47.13 47.14 47.15 47.16 47.15 47.15 47.15 47.15 47.17 47.2 47.21 47.22 47.23 47.25 47.27 47.27 47.29 47.31 47.34 47.35 47.35 47.34 47.34 47.35 47.36 47.39 47.41 47.4 47.4 47.41 47.41 47.41 47.39 47.37 47.36 47.36 47.36 47.34 47.33 47.34 47.35 47.35 47.36 47.36 47.37 47.38 47.38 47.36 47.35 47.34 47.33 47.35 47.36 47.36 47.35 47.32 47.32 47.33 47.32 47.3 47.3 47.31 47.28 47.25 47.22 47.21
47.03 47.04 47.05 47.07 47.09 47.09 47.09 47.09 47.09 47.11 47.12 47.13 47.14 47.15 47.16 47.17 47.17 47.16 47.15 47.16 47.18 47.2 47.21 47.23 47.25 47.27 47.27 47.27 47.29 47.31 47.33 47.34 47.34 47.34 47.34 47.35 47.36 47.39 47.41 47.42 47.42 47.41 47.41 47.4 47.39 47.37 47.37 47.36 47.36 47.35 47.33 47.34 47.34 47.34 47.35 47.37 47.36 47.36 47.36 47.35 47.34 47.34 47.34 47.36 47.36 47.35 47.34 47.32 47.29 47.29 47.29 47.29 47.29 47.29 47.28 47.25 47.23 47.18
47.02 47.04 47.06 47.08 47.09 47.09 47.09 47.1 47.11 47.12 47.14 47.16 47.15 47.13 47.15 47.18 47.17 47.15 47.16 47.18 47.18 47.18 47.19 47.21 47.22 47.25 47.27 47.26 47.27 47.3 47.32 47.32 47.33 47.34 47.33 47.34 47.36 47.39 47.41 47.42 47.42 47.41 47.41 47.4 47.38 47.37 47.35 47.34 47.34 47.35 47.36 47.34 47.34 47.35 47.35 47.34 47.34 47.34 47.34 47.34 47.34 47.36 47.36 47.36 47.35 47.33 47.34 47.33 47.31 47.3 47.3 47.3 47.29 47.28 47.25 47.2 47.18 47.13
47.03 47.05 47.07 47.08 47.09 47.09 47.1 47.11 47.12 47.14 47.15 47.16 47.15 47.14 47.15 47.16 47.16 47.15 47.16 47.17 47.17 47.17 47.18 47.2 47.21 47.24 47.26 47.25 47.27 47.3 47.31 47.31 47.31 47.33 47.34 47.35 47.37 47.4 47.42 47.42 47.41 47.39 47.39 47.39 47.38 47.35 47.33 47.33 47.32 47.33 47.34 47.34 47.34 47.35 47.34 47.34 47.34 47.35 47.34 47.34 47.36 47.37 47.36 47.35 47.34 47.33 47.33 47.32 47.32 47.32 47.31 47.3 47.29 47.27 47.22 47.17 47.14 47.1
47.03 47.07 47.1 47.11 47.09 47.09 47.1 47.1 47.13 47.14 47.13 47.13 47.12 47.14 47.16 47.16 47.16 47.17 47.17 47.17 47.17 47.17 47.18 47.18 47.2 47.22 47.24 47.24 47.26 47.28 47.3 47.3 47.31 47.34 47.36 47.37 47.39 47.41 47.43 47.42 47.4 47.38 47.37 47.37 47.35 47.33 47.32 47.32 47.32 47.33 47.33 47.33 47.32 47.33 47.31 47.32 47.33 47.32 47.32 47.34 47.34 47.33 47.32 47.32 47.32 47.32 47.31 47.31 47.32 47.31 47.29 47.28 47.27 47.24 47.18 47.13 47.11 47.08
47.06 47.07 47.07 47.07 47.07 47.08 47.11 47.13 47.13 47.14 47.15 47.15 47.14 47.14 47.16 47.16 47.16 47.17 47.17 47.16 47.16 47.17 47.18 47.18 47.19 47.2 47.21 47.22 47.24 47.27 47.29 47.3 47.33 47.36 47.37 47.38 47.4 47.41 47.42 47.4 47.39 47.38 47.37 47.36 47.33 47.31 47.32 47.32 47.32 47.33 47.34 47.32 47.31 47.31 47.31 47.31 47.32 47.33 47.33 47.32 47.32 47.3 47.29 47.3 47.31 47.32 47.31 47.31 47.32 47.3 47.28 47.26 47.24 47.2 47.14 47.11 47.09 47.1
47.07 47.08 47.09 47.09 47.08 47.09 47.11 47.12 47.12 47.13 47.14 47.14 47.14 47.14 47.15 47.15 47.16 47.16 47.16 47.16 47.16 47.16 47.17 47.17 47.18 47.19 47.2 47.22 47.24 47.26 47.28 47.3 47.34 47.37 47.39 47.4 47.4 47.4 47.41 47.4 47.37 47.36 47.36 47.35 47.34 47.34 47.34 47.36 47.35 47.34 47.33 47.31 47.3 47.31 47.31 47.31 47.32 47.32 47.32 47.31 47.3 47.29 47.29 47.3 47.31 47.31 47.3 47.29 47.3 47.28 47.26 47.23 47.19 47.16 47.13 47.12 47.12 47.15
47.08 47.08 47.11 47.12 47.11 47.09 47.1 47.1 47.11 47.12 47.13 47.13 47.14 47.15 47.15 47.15 47.15 47.16 47.16 47.15 47.15 47.16 47.17 47.17 47.17 47.19 47.22 47.23 47.25 47.26 47.27 47.3 47.33 47.36 47.39 47.4 47.39 47.37 47.38 47.38 47.36 47.35 47.35 47.35 47.34 47.32 47.33 47.35 47.34 47.32 47.31 47.3 47.3 47.3 47.3 47.31 47.31 47.31 47.3 47.3 47.3 47.29 47.29 47.3 47.3 47.3 47.28 47.27 47.28 47.28 47.25 47.2 47.16 47.15 47.14 47.16 47.19 47.2
47.07 47.09 47.11 47.12 47.11 47.09 47.09 47.09 47.1 47.12 47.13 47.13 47.14 47.15 47.15 47.15 47.15 47.16 47.17 47.16 47.15 47.17 47.18 47.18 47.16 47.18 47.21 47.22 47.25 47.27 47.28 47.3 47.32 47.35 47.37 47.39 47.39 47.38 47.37 47.37 47.36 47.35 47.35 47.34 47.33 47.31 47.32 47.33 47.32 47.31 47.31 47.31 47.32 47.33 47.32 47.31 47.29 47.3 47.3 47.28 47.28 47.28 47.29 47.29 47.28 47.28 47.27 47.27 47.27 47.27 47.24 47.19 47.16 47.14 47.17 47.22 47.25 47.23
47.08 47.1 47.12 47.12 47.1 47.09 47.09 47.09 47.1 47.12 47.14 47.13 47.13 47.14 47.14 47.14 47.15 47.15 47.15 47.16 47.17 47.17 47.18 47.17 47.17 47.19 47.21 47.22 47.23 47.26 47.28 47.29 47.31 47.34 47.34 47.37 47.37 47.35 47.35 47.36 47.36 47.36 47.35 47.34 47.33 47.32 47.32 47.32 47.31 47.31 47.31 47.32 47.32 47.32 47.31 47.29 47.27 47.28 47.29 47.28 47.27 47.27 47.28 47.28 47.27 47.27 47.27 47.26 47.26 47.25 47.21 47.17 47.14 47.14 47.16 47.22 47.26 47.24
47.09 47.11 47.11 47.1 47.1 47.1 47.1 47.1 47.09 47.11 47.14 47.14 47.14 47.15 47.15 47.15 47.15 47.14 47.14 47.17 47.18 47.17 47.17 47.17 47.16 47.18 47.21 47.22 47.24 47.25 47.28 47.29 47.3 47.31 47.32 47.34 47.34 47.34 47.35 47.36 47.36 47.36 47.35 47.34 47.34 47.33 47.32 47.31 47.31 47.31 47.3 47.31 47.31 47.3 47.29 47.28 47.26 47.27 47.29 47.29 47.29 47.28 47.28 47.28 47.27 47.27 47.27 47.25 47.24 47.24 47.23 47.2 47.16 47.15 47.15 47.16 47.22 47.25
47.09 47.09 47.08 47.09 47.09 47.1 47.11 47.12 47.12 47.11 47.12 47.13 47.14 47.15 47.15 47.16 47.17 47.17 47.18 47.19 47.18 47.16 47.17 47.17 47.17 47.18 47.18 47.21 47.23 47.23 47.24 47.27 47.3 47.31 47.32 47.32 47.31 47.32 47.33 47.34 47.34 47.35 47.36 47.34 47.33 47.33 47.31 47.3 47.31 47.31 47.3 47.3 47.29 47.3 47.29 47.27 47.27 47.28 47.29 47.3 47.3 47.28 47.26 47.26 47.26 47.26 47.26 47.26 47.26 47.25 47.26 47.24 47.21 47.19 47.14 47.12 47.16 47.21
47.09 47.09 47.08 47.08 47.09 47.1 47.11 47.11 47.11 47.11 47.11 47.12 47.13 47.14 47.15 47.15 47.16 47.17 47.17 47.17 47.17 47.17 47.18 47.17 47.17 47.18 47.2 47.22 47.23 47.24 47.24 47.26 47.28 47.29 47.3 47.3 47.31 47.31 47.31 47.31 47.33 47.35 47.35 47.34 47.33 47.32 47.31 47.3 47.3 47.3 47.3 47.28 47.27 47.27 47.27 47.27 47.27 47.27 47.27 47.28 47.28 47.27 47.26 47.27 47.27 47.26 47.25 47.24 47.24 47.26 47.28 47.26 47.23 47.19 47.14 47.11 47.11 47.14
47.08 47.09 47.08 47.08 47.09 47.1 47.1 47.1 47.11 47.11 47.11 47.13 47.14 47.16 47.18 47.17 47.15 47.15 47.16 47.17 47.16 47.17 47.17 47.18 47.18 47.18 47.2 47.22 47.23 47.24 47.25 47.26 47.26 47.26 47.27 47.29 47.3 47.3 47.31 47.31 47.33 47.35 47.35 47.34 47.34 47.34 47.34 47.32 47.3 47.3 47.29 47.28 47.26 47.27 47.28 47.28 47.29 47.27 47.25 47.25 47.26 47.26 47.25 47.25 47.24 47.25 47.26 47.25 47.23 47.25 47.26 47.24 47.22 47.18 47.14 47.11 47.09 47.08
47.1 47.11 47.09 47.1 47.11 47.11 47.09 47.08 47.09 47.11 47.12 47.13 47.13 47.14 47.16 47.15 47.15 47.17 47.18 47.17 47.16 47.17 47.17 47.18 47.19 47.19 47.2 47.22 47.23 47.23 47.24 47.25 47.24 47.24 47.25 47.28 47.29 47.28 47.29 47.3 47.33 47.34 47.35 47.34 47.33 47.33 47.33 47.32 47.31 47.29 47.28 47.26 47.24 47.25 47.26 47.27 47.28 47.26 47.25 47.25 47.24 47.24 47.24 47.25 47.26 47.25 47.23 47.21 47.2 47.22 47.23 47.23 47.21 47.17 47.13 47.1 47.08 47.04
47.1 47.11 47.1 47.12 47.14 47.12 47.1 47.09 47.1 47.12 47.13 47.14 47.14 47.13 47.13 47.13 47.15 47.15 47.16 47.17 47.16 47.17 47.18 47.2 47.2 47.21 47.22 47.24 47.23 47.23 47.23 47.22 47.22 47.22 47.24 47.26 47.28 47.28 47.29 47.3 47.31 47.32 47.32 47.33 47.32 47.31 47.32 47.31 47.3 47.3 47.28 47.26 47.26 47.26 47.26 47.24 47.24 47.21 47.2 47.22 47.24 47.24 47.24 47.25 47.25 47.23 47.2 47.19 47.2 47.21 47.22 47.22 47.2 47.15 47.1 47.08 47.06 47.02
47.11 47.11 47.1 47.11 47.12 47.12 47.12 47.12 47.12 47.13 47.14 47.15 47.14 47.13 47.12 47.13 47.13 47.13 47.14 47.16 47.18 47.19 47.19 47.21 47.22 47.23 47.24 47.24 47.23 47.22 47.21 47.2 47.21 47.22 47.24 47.25 47.27 47.29 47.3 47.29 47.29 47.29 47.29 47.3 47.31 47.31 47.31 47.31 47.31 47.29 47.28 47.27 47.28 47.28 47.24 47.22 47.23 47.21 47.19 47.2 47.22 47.23 47.23 47.23 47.23 47.22 47.2 47.2 47.19 47.2 47.2 47.2 47.17 47.12 47.08 47.07 47.06 47
47.09 47.11 47.12 47.12 47.12 47.11 47.12 47.12 47.12 47.13 47.14 47.15 47.14 47.13 47.13 47.13 47.13 47.13 47.14 47.16 47.18 47.2 47.2 47.21 47.23 47.23 47.23 47.22 47.21 47.2 47.19 47.18 47.19 47.2 47.21 47.24 47.27 47.28 47.29 47.31 47.32 47.31 47.31 47.31 47.33 47.33 47.31 47.28 47.28 47.27 47.27 47.27 47.27 47.25 47.22 47.21 47.2 47.2 47.19 47.19 47.2 47.21 47.2 47.21 47.21 47.2 47.2 47.21 47.2 47.18 47.17 47.17 47.14 47.1 47.08 47.08 47.05 46.99
47.09 47.11 47.12 47.13 47.12 47.12 47.14 47.15 47.13 47.14 47.14 47.14 47.14 47.13 47.14 47.13 47.13 47.14 47.15 47.17 47.19 47.2 47.22 47.22 47.22 47.23 47.22 47.2 47.19 47.18 47.18 47.18 47.19 47.2 47.21 47.24 47.25 47.25 47.26 47.28 47.28 47.28 47.29 47.31 47.32 47.31 47.28 47.27 47.27 47.27 47.26 47.25 47.24 47.23 47.22 47.21 47.2 47.19 47.2 47.2 47.2 47.2 47.19 47.19 47.19 47.19 47.2 47.22 47.19 47.16 47.14 47.14 47.13 47.12 47.1 47.08 47.04 46.97
47.09 47.09 47.09 47.1 47.12 47.13 47.14 47.15 47.13 47.13 47.13 47.14 47.14 47.14 47.14 47.14 47.14 47.15 47.16 47.19 47.2 47.2 47.21 47.21 47.21 47.22 47.21 47.2 47.19 47.19 47.18 47.18 47.19 47.21 47.22 47.23 47.23 47.22 47.23 47.24 47.25 47.26 47.29 47.3 47.3 47.3 47.29 47.28 47.27 47.27 47.26 47.24 47.23 47.22 47.21 47.2 47.19 47.2 47.2 47.2 47.2 47.19 47.19 47.19 47.18 47.18 47.19 47.2 47.17 47.14 47.12 47.11 47.11 47.12 47.1 47.08 47.03 46.97
47.09 47.09 47.09 47.09 47.1 47.11 47.12 47.13 47.13 47.13 47.12 47.12 47.13 47.13 47.13 47.12 47.13 47.13 47.15 47.18 47.19 47.18 47.19 47.21 47.21 47.21 47.19 47.19 47.21 47.19 47.18 47.19 47.2 47.2 47.19 47.21 47.21 47.22 47.23 47.24 47.25 47.26 47.28 47.28 47.28 47.3 47.29 47.28 47.27 47.27 47.25 47.24 47.22 47.21 47.19 47.18 47.2 47.21 47.2 47.19 47.17 47.17 47.17 47.16 47.16 47.16 47.17 47.17 47.14 47.12 47.11 47.11 47.1 47.11 47.12 47.09 47.04 46.99
47.1 47.1 47.09 47.09 47.09 47.09 47.12 47.14 47.13 47.12 47.12 47.12 47.11 47.11 47.12 47.13 47.14 47.15 47.17 47.19 47.19 47.19 47.19 47.2 47.2 47.19 47.18 47.18 47.2 47.18 47.16 47.17 47.19 47.19 47.19 47.19 47.19 47.21 47.24 47.25 47.25 47.26 47.28 47.28 47.28 47.28 47.27 47.27 47.27 47.26 47.25 47.23 47.23 47.21 47.19 47.19 47.2 47.2 47.18 47.17 47.17 47.15 47.15 47.17 47.17 47.17 47.16 47.14 47.11 47.1 47.1 47.09 47.09 47.11 47.11 47.09 47.04 47
47.1 47.1 47.1 47.1 47.1 47.1 47.1 47.12 47.12 47.11 47.11 47.11 47.11 47.13 47.12 47.13 47.15 47.16 47.18 47.18 47.17 47.18 47.17 47.16 47.17 47.17 47.17 47.18 47.2 47.18 47.16 47.15 47.16 47.17 47.18 47.19 47.19 47.2 47.21 47.22 47.23 47.25 47.27 47.28 47.28 47.27 47.26 47.27 47.26 47.25 47.24 47.23 47.23 47.21 47.2 47.21 47.21 47.18 47.16 47.17 47.16 47.15 47.14 47.14 47.15 47.16 47.14 47.13 47.12 47.1 47.1 47.1 47.1 47.09 47.08 47.07 47.04 46.99
47.1 47.11 47.11 47.11 47.1 47.11 47.12 47.12 47.12 47.11 47.1 47.11 47.11 47.11 47.13 47.15 47.15 47.14 47.16 47.17 47.17 47.17 47.16 47.15 47.14 47.15 47.17 47.17 47.18 47.18 47.16 47.15 47.16 47.16 47.17 47.18 47.19 47.18 47.18 47.2 47.22 47.23 47.25 47.26 47.28 47.27 47.26 47.26 47.26 47.25 47.24 47.23 47.22 47.21 47.2 47.21 47.19 47.16 47.15 47.17 47.16 47.14 47.12 47.11 47.13 47.13 47.11 47.11 47.1 47.1 47.12 47.11 47.09 47.07 47.05 47.03 47.01 46.99
47.1 47.1 47.11 47.11 47.1 47.11 47.12 47.11 47.11 47.11 47.1 47.1 47.12 47.13 47.14 47.16 47.17 47.16 47.15 47.16 47.15 47.14 47.13 47.13 47.12 47.14 47.16 47.16 47.17 47.16 47.14 47.14 47.15 47.16 47.17 47.18 47.18 47.18 47.18 47.2 47.22 47.23 47.23 47.23 47.23 47.24 47.24 47.24 47.23 47.23 47.24 47.24 47.22 47.2 47.2 47.2 47.18 47.16 47.15 47.15 47.14 47.13 47.12 47.1 47.09 47.1 47.1 47.1 47.09 47.09 47.1 47.08 47.06 47.03 47.01 46.99 46.99 47.01
47.1 47.1 47.11 47.11 47.11 47.12 47.11 47.11 47.13 47.15 47.14 47.13 47.14 47.15 47.16 47.16 47.15 47.15 47.15 47.14 47.13 47.13 47.13 47.13 47.13 47.15 47.15 47.15 47.15 47.14 47.13 47.13 47.13 47.15 47.17 47.18 47.18 47.17 47.18 47.19 47.2 47.22 47.23 47.23 47.24 47.24 47.25 47.25 47.25 47.24 47.24 47.24 47.24 47.22 47.2 47.19 47.17 47.16 47.15 47.15 47.13 47.11 47.1 47.08 47.07 47.07 47.07 47.07 47.07 47.07 47.08 47.06 47.03 47 46.98 46.98 46.99 47.02
47.1 47.09 47.09 47.11 47.12 47.12 47.11 47.11 47.13 47.13 47.14 47.15 47.16 47.17 47.17 47.17 47.16 47.15 47.14 47.12 47.11 47.12 47.13 47.14 47.15 47.17 47.16 47.14 47.13 47.12 47.13 47.14 47.14 47.16 47.17 47.18 47.16 47.15 47.17 47.18 47.19 47.21 47.21 47.21 47.21 47.22 47.23 47.23 47.24 47.24 47.24 47.25 47.24 47.21 47.19 47.17 47.16 47.14 47.14 47.13 47.11 47.09 47.07 47.06 47.05 47.04 47.04 47.04 47.05 47.05 47.05 47.03 47 46.98 46.97 46.97 46.99 47.02
47.1 47.09 47.09 47.1 47.11 47.11 47.11 47.13 47.15 47.15 47.14 47.15 47.16 47.17 47.17 47.17 47.16 47.15 47.13 47.12 47.1 47.11 47.13 47.15 47.15 47.15 47.14 47.12 47.1 47.11 47.13 47.14 47.14 47.15 47.15 47.14 47.13 47.14 47.16 47.17 47.17 47.19 47.2 47.2 47.19 47.19 47.22 47.22 47.24 47.24 47.23 47.22 47.21 47.19 47.18 47.17 47.15 47.14 47.13 47.11 47.09 47.08 47.06 47.06 47.05 47.03 47.03 47.04 47.03 47.01 46.99 46.97 46.95 46.95 46.95 46.95 46.97 47
47.1 47.1 47.09 47.1 47.12 47.13 47.13 47.15 47.17 47.17 47.16 47.15 47.16 47.17 47.17 47.15 47.14 47.13 47.13 47.12 47.11 47.12 47.14 47.15 47.13 47.13 47.13 47.14 47.13 47.13 47.14 47.15 47.16 47.15 47.14 47.12 47.12 47.13 47.15 47.16 47.17 47.18 47.18 47.18 47.18 47.19 47.2 47.2 47.22 47.22 47.22 47.22 47.19 47.17 47.17 47.16 47.14 47.12 47.11 47.09 47.07 47.06 47.04 47.03 47.04 47.04 47.04 47.03 47 46.97 46.94 46.93 46.94 46.96 46.95 46.94 46.95 46.96
47.1 47.1 47.09 47.11 47.13 47.14 47.15 47.15 47.15 47.16 47.16 47.16 47.16 47.17 47.16 47.13 47.11 47.11 47.11 47.11 47.11 47.12 47.13 47.12 47.11 47.12 47.13 47.14 47.14 47.14 47.14 47.16 47.16 47.15 47.13 47.13 47.13 47.13 47.14 47.16 47.16 47.15 47.14 47.13 47.16 47.18 47.19 47.2 47.2 47.2 47.2 47.2 47.18 47.17 47.16 47.15 47.14 47.12 47.1 47.08 47.07 47.05 47.03 47.02 47.02 47.02 47.02 47 46.96 46.92 46.91 46.92 46.95 46.96 46.95 46.94 46.94 46.93
47.09 47.1 47.09 47.11 47.13 47.15 47.16 47.16 47.16 47.16 47.15 47.15 47.15 47.15 47.14 47.12 47.12 47.11 47.11 47.11 47.12 47.12 47.11 47.12 47.13 47.12 47.12 47.13 47.13 47.14 47.15 47.15 47.15 47.14 47.12 47.12 47.12 47.12 47.12 47.13 47.13 47.13 47.12 47.12 47.15 47.18 47.19 47.19 47.2 47.2 47.2 47.19 47.18 47.16 47.15 47.15 47.13 47.1 47.09 47.08 47.07 47.04 47.03 47.03 47.02 47.01 46.99 46.96 46.91 46.91 46.93 46.94 46.95 46.96 46.95 46.93 46.93 46.93
47.09 47.09 47.1 47.1 47.11 47.13 47.15 47.17 47.17 47.15 47.14 47.14 47.13 47.13 47.12 47.12 47.13 47.11 47.09 47.1 47.1 47.1 47.09 47.09 47.1 47.1 47.1 47.12 47.13 47.14 47.13 47.13 47.12 47.11 47.1 47.1 47.1 47.11 47.11 47.1 47.11 47.12 47.13 47.14 47.15 47.16 47.17 47.17 47.17 47.19 47.2 47.19 47.17 47.16 47.14 47.13 47.11 47.08 47.06 47.07 47.07 47.05 47.05 47.04 47.01 46.98 46.96 46.92 46.88 46.88 46.91 46.94 46.95 46.95 46.93 46.93 46.94 46.92
47.09 47.09 47.11 47.1 47.08 47.11 47.15 47.15 47.14 47.13 47.14 47.13 47.11 47.12 47.13 47.13 47.12 47.1 47.09 47.1 47.09 47.09 47.09 47.09 47.09 47.09 47.1 47.11 47.11 47.11 47.12 47.12 47.11 47.1 47.1 47.09 47.09 47.09 47.1 47.1 47.11 47.12 47.14 47.15 47.16 47.15 47.14 47.15 47.16 47.17 47.18 47.16 47.15 47.14 47.13 47.12 47.1 47.08 47.08 47.07 47.05 47.03 47.03 47.02 46.99 46.96 46.94 46.92 46.91 46.9 46.92 46.93 46.91 46.9 46.9 46.91 46.91 46.9
