slabs/8.grd
DSAA
631 301
642000 642630
4948100 4948400
44.58 48.26
[rows 136 to 169 of 300, columns 78 to 155 of 631]
46.54 46.54 46.54 46.55 46.56 46.57 46.59 46.61 46.61 46.62 46.63 46.63 46.64 46.65 46.67 46.68 46.69 46.68 46.68 46.67 46.67 46.68 46.69 46.69 46.69 46.67 46.69 46.71 46.69 46.67 46.65 46.64 46.64 46.63 46.61 46.6 46.58 46.57 46.57 46.57 46.56 46.56 46.56 46.57 46.58 46.59 46.57 46.56 46.56 46.55 46.54 46.55 46.53 46.52 46.51 46.5 46.48 46.46 46.43 46.44 46.45 46.43 46.43 46.44 46.46 46.46 46.46 46.47 46.49 46.5 46.49 46.51 46.53 46.51 46.49 46.49 46.49 46.49
46.55 46.58 46.55 46.54 46.56 46.56 46.59 46.62 46.62 46.62 46.63 46.64 46.64 46.64 46.66 46.68 46.68 46.68 46.68 46.68 46.68 46.68 46.69 46.69 46.7 46.68 46.68 46.7 46.69 46.66 46.64 46.64 46.63 46.62 46.6 46.58 46.59 46.58 46.56 46.55 46.55 46.54 46.54 46.55 46.54 46.55 46.55 46.56 46.55 46.52 46.51 46.5 46.5 46.5 46.49 46.48 46.45 46.44 46.44 46.45 46.44 46.42 46.41 46.41 46.44 46.46 46.46 46.46 46.47 46.49 46.49 46.5 46.51 46.49 46.48 46.49 46.49 46.49
46.52 46.54 46.53 46.54 46.56 46.56 46.58 46.61 46.62 46.63 46.65 46.66 46.64 46.65 46.66 46.66 46.66 46.66 46.67 46.69 46.69 46.69 46.7 46.7 46.7 46.7 46.69 46.69 46.66 46.64 46.64 46.64 46.62 46.59 46.6 46.59 46.6 46.59 46.56 46.55 46.55 46.53 46.53 46.54 46.53 46.52 46.51 46.51 46.5 46.5 46.5 46.5 46.49 46.47 46.46 46.45 46.45 46.44 46.45 46.44 46.42 46.41 46.41 46.4 46.42 46.45 46.46 46.45 46.45 46.47 46.48 46.48 46.47 46.46 46.47 46.49 46.48 46.46
46.51 46.5 46.5 46.53 46.56 46.57 46.58 46.6 46.6 46.63 46.67 46.66 46.64 46.65 46.66 46.66 46.66 46.66 46.67 46.69 46.7 46.7 46.7 46.69 46.68 46.67 46.66 46.65 46.66 46.66 46.64 46.65 46.65 46.63 46.6 46.57 46.58 46.57 46.56 46.55 46.54 46.53 46.52 46.52 46.52 46.51 46.51 46.5 46.49 46.49 46.5 46.5 46.49 46.46 46.45 46.45 46.45 46.44 46.43 46.43 46.42 46.41 46.42 46.41 46.41 46.42 46.43 46.44 46.45 46.45 46.46 46.46 46.47 46.47 46.47 46.48 46.45 46.43
46.5 46.5 46.51 46.54 46.57 46.58 46.58 46.59 46.6 46.64 46.66 46.65 46.64 46.65 46.66 46.66 46.67 46.67 46.67 46.69 46.71 46.72 46.71 46.69 46.67 46.66 46.67 46.67 46.67 46.65 46.63 46.62 46.62 46.61 46.58 46.57 46.57 46.55 46.53 46.52 46.52 46.51 46.51 46.5 46.5 46.5 46.5 46.49 46.49 46.49 46.49 46.49 46.48 46.46 46.45 46.45 46.43 46.42 46.41 46.42 46.41 46.4 46.4 46.39 46.39 46.4 46.39 46.4 46.42 46.43 46.43 46.45 46.45 46.45 46.45 46.45 46.45 46.45
46.51 46.51 46.53 46.55 46.57 46.58 46.59 46.6 46.62 46.63 46.64 46.66 46.66 46.65 46.65 46.67 46.67 46.67 46.67 46.68 46.7 46.7 46.69 46.67 46.68 46.68 46.67 46.67 46.66 46.66 46.64 46.62 46.61 46.6 46.59 46.58 46.56 46.54 46.53 46.54 46.53 46.5 46.48 46.48 46.47 46.48 46.49 46.48 46.48 46.48 46.47 46.47 46.46 46.46 46.45 46.43 46.41 46.41 46.41 46.4 46.39 46.38 46.38 46.37 46.38 46.39 46.37 46.39 46.42 46.42 46.41 46.43 46.44 46.43 46.43 46.43 46.43 46.44
46.52 46.52 46.54 46.55 46.55 46.56 46.58 46.61 46.62 46.62 46.62 46.66 46.69 46.67 46.66 46.66 46.66 46.67 46.69 46.7 46.7 46.69 46.68 46.68 46.69 46.68 46.66 46.67 46.66 46.65 46.63 46.6 46.59 46.59 46.58 46.57 46.55 46.53 46.53 46.54 46.53 46.5 46.48 46.48 46.47 46.48 46.48 46.47 46.47 46.47 46.47 46.46 46.45 46.45 46.44 46.42 46.41 46.41 46.41 46.39 46.37 46.35 46.34 46.35 46.37 46.37 46.37 46.37 46.37 46.38 46.39 46.4 46.42 46.42 46.42 46.42 46.41 46.39
46.53 46.53 46.54 46.55 46.54 46.55 46.56 46.59 46.6 46.62 46.62 46.64 46.65 46.66 46.66 46.65 46.66 46.67 46.68 46.7 46.68 46.67 46.67 46.67 46.68 46.68 46.65 46.64 46.64 46.64 46.62 46.6 46.59 46.58 46.56 46.55 46.55 46.55 46.54 46.53 46.52 46.5 46.49 46.48 46.48 46.47 46.48 46.47 46.45 46.46 46.47 46.46 46.44 46.43 46.42 46.42 46.42 46.41 46.38 46.36 46.35 46.35 46.34 46.34 46.35 46.35 46.35 46.34 46.33 46.33 46.36 46.37 46.37 46.38 46.38 46.39 46.4 46.4
46.54 46.54 46.54 46.54 46.54 46.55 46.58 46.58 46.57 46.6 46.62 46.61 46.62 46.63 46.63 46.64 46.65 46.65 46.65 46.65 46.65 46.66 46.67 46.67 46.67 46.66 46.63 46.62 46.63 46.64 46.61 46.59 46.58 46.57 46.56 46.55 46.55 46.55 46.54 46.52 46.51 46.49 46.48 46.48 46.48 46.48 46.48 46.48 46.47 46.47 46.46 46.46 46.44 46.41 46.4 46.4 46.39 46.39 46.38 46.37 46.35 46.35 46.34 46.33 46.32 46.32 46.33 46.32 46.32 46.33 46.33 46.34 46.34 46.35 46.35 46.36 46.38 46.39
46.52 46.52 46.52 46.52 46.52 46.54 46.56 46.58 46.6 46.61 46.61 46.59 46.61 46.62 46.62 46.62 46.63 46.65 46.65 46.64 46.64 46.65 46.67 46.67 46.66 46.64 46.63 46.61 46.62 46.63 46.61 46.58 46.56 46.57 46.57 46.57 46.55 46.52 46.5 46.5 46.5 46.48 46.46 46.46 46.46 46.45 46.44 46.46 46.47 46.44 46.43 46.43 46.42 46.4 46.39 46.39 46.38 46.37 46.36 46.36 46.35 46.33 46.32 46.3 46.29 46.3 46.3 46.3 46.29 46.3 46.3 46.31 46.32 46.32 46.34 46.35 46.35 46.37
46.53 46.53 46.52 46.52 46.52 46.54 46.56 46.57 46.58 46.59 46.6 46.61 46.62 46.61 46.61 46.63 46.64 46.65 46.65 46.65 46.64 46.65 46.66 46.66 46.65 46.63 46.62 46.61 46.62 46.62 46.62 46.6 46.58 46.57 46.58 46.57 46.55 46.52 46.51 46.52 46.5 46.47 46.46 46.45 46.43 46.44 46.46 46.47 46.47 46.45 46.44 46.44 46.42 46.4 46.4 46.4 46.37 46.35 46.34 46.34 46.32 46.3 46.3 46.29 46.28 46.28 46.28 46.29 46.29 46.28 46.28 46.28 46.31 46.32 46.32 46.33 46.34 46.36
46.54 46.54 46.55 46.59 46.57 46.56 46.56 46.56 46.57 46.58 46.6 46.6 46.6 46.6 46.61 46.63 46.64 46.63 46.64 46.64 46.63 46.63 46.64 46.64 46.63 46.63 46.62 46.61 46.61 46.61 46.61 46.61 46.6 46.57 46.56 46.55 46.53 46.53 46.54 46.53 46.5 46.47 46.45 46.45 46.45 46.43 46.42 46.43 46.43 46.41 46.41 46.41 46.39 46.37 46.37 46.38 46.37 46.34 46.33 46.32 46.29 46.27 46.28 46.29 46.28 46.27 46.27 46.28 46.27 46.26 46.26 46.28 46.31 46.32 46.3 46.31 46.33 46.35
46.52 46.52 46.54 46.58 46.58 46.56 46.56 46.56 46.56 46.57 46.58 46.57 46.57 46.58 46.62 46.63 46.62 46.62 46.63 46.63 46.61 46.62 46.63 46.63 46.63 46.63 46.63 46.62 46.6 46.6 46.6 46.6 46.58 46.55 46.55 46.55 46.54 46.54 46.56 46.53 46.49 46.46 46.45 46.45 46.44 46.42 46.41 46.4 46.4 46.4 46.38 46.38 46.38 46.37 46.37 46.38 46.37 46.34 46.33 46.31 46.28 46.26 46.26 46.26 46.25 46.24 46.24 46.24 46.23 46.23 46.24 46.27 46.3 46.3 46.29 46.31 46.32 46.34
46.52 46.53 46.55 46.55 46.56 46.56 46.56 46.57 46.58 46.58 46.57 46.56 46.56 46.57 46.59 46.6 46.6 46.61 46.63 46.62 46.62 46.63 46.64 46.63 46.62 46.63 46.65 46.63 46.6 46.61 46.62 46.61 46.58 46.55 46.54 46.53 46.53 46.52 46.52 46.5 46.49 46.47 46.44 46.44 46.41 46.39 46.39 46.39 46.38 46.37 46.37 46.37 46.37 46.38 46.38 46.36 46.35 46.34 46.32 46.29 46.27 46.26 46.24 46.24 46.23 46.22 46.22 46.23 46.22 46.22 46.23 46.25 46.26 46.26 46.27 46.31 46.33 46.33
46.54 46.54 46.54 46.53 46.53 46.56 46.57 46.57 46.58 46.58 46.58 46.59 46.58 46.57 46.57 46.58 46.59 46.61 46.63 46.62 46.63 46.63 46.63 46.63 46.62 46.62 46.64 46.63 46.63 46.62 46.58 46.58 46.57 46.56 46.57 46.56 46.54 46.52 46.51 46.5 46.49 46.48 46.46 46.43 46.4 46.38 46.39 46.38 46.37 46.37 46.37 46.36 46.36 46.38 46.38 46.36 46.34 46.32 46.3 46.28 46.27 46.26 46.25 46.25 46.24 46.22 46.22 46.22 46.22 46.22 46.23 46.23 46.25 46.25 46.27 46.3 46.31 46.3
46.54 46.54 46.52 46.5 46.52 46.57 46.57 46.56 46.55 46.57 46.59 46.59 46.58 46.58 46.6 46.62 46.61 46.6 46.61 46.6 46.59 46.62 46.63 46.63 46.62 46.62 46.6 46.6 46.61 46.6 46.57 46.57 46.57 46.56 46.55 46.55 46.56 46.54 46.51 46.5 46.48 46.48 46.46 46.42 46.4 46.4 46.41 46.39 46.37 46.37 46.37 46.36 46.36 46.35 46.36 46.36 46.33 46.31 46.29 46.28 46.28 46.27 46.26 46.25 46.24 46.22 46.22 46.21 46.2 46.21 46.21 46.21 46.22 46.23 46.23 46.26 46.28 46.28
46.53 46.53 46.52 46.5 46.52 46.55 46.56 46.56 46.57 46.57 46.56 46.56 46.56 46.59 46.61 46.62 46.6 46.59 46.61 46.6 46.59 46.59 46.6 46.61 46.63 46.62 46.59 46.59 46.6 46.61 46.61 46.58 46.58 46.55 46.53 46.53 46.54 46.52 46.51 46.48 46.47 46.48 46.46 46.41 46.41 46.42 46.41 46.39 46.38 46.37 46.37 46.37 46.36 46.35 46.34 46.34 46.33 46.3 46.3 46.3 46.28 46.27 46.24 46.22 46.23 46.23 46.22 46.2 46.19 46.21 46.21 46.19 46.21 46.2 46.21 46.25 46.27 46.26
46.54 46.54 46.52 46.52 46.53 46.55 46.56 46.58 46.59 46.57 46.55 46.54 46.56 46.57 46.56 46.56 46.56 46.57 46.58 46.58 46.6 46.6 46.6 46.61 46.62 46.61 46.6 46.6 46.59 46.59 46.59 46.57 46.56 46.55 46.53 46.53 46.53 46.51 46.49 46.47 46.47 46.49 46.47 46.42 46.41 46.41 46.4 46.39 46.38 46.36 46.37 46.37 46.36 46.34 46.33 46.33 46.31 46.3 46.31 46.3 46.26 46.25 46.24 46.22 46.22 46.24 46.23 46.21 46.19 46.2 46.21 46.21 46.23 46.22 46.23 46.25 46.26 46.25
46.54 46.55 46.52 46.51 46.54 46.6 46.59 46.56 46.56 46.55 46.55 46.54 46.54 46.55 46.56 46.56 46.55 46.55 46.55 46.56 46.59 46.59 46.6 46.61 46.61 46.6 46.6 46.6 46.59 46.57 46.56 46.56 46.55 46.54 46.53 46.53 46.52 46.52 46.5 46.47 46.47 46.46 46.44 46.42 46.41 46.4 46.39 46.38 46.36 46.35 46.35 46.36 46.34 46.31 46.31 46.31 46.3 46.31 46.31 46.27 46.25 46.24 46.23 46.22 46.21 46.21 46.2 46.18 46.17 46.18 46.19 46.2 46.21 46.2 46.22 46.23 46.21 46.23
46.53 46.52 46.5 46.49 46.53 46.57 46.57 46.55 46.53 46.55 46.56 46.54 46.53 46.54 46.54 46.54 46.55 46.55 46.55 46.57 46.58 46.57 46.58 46.59 46.59 46.58 46.59 46.58 46.58 46.57 46.56 46.56 46.55 46.52 46.51 46.51 46.51 46.51 46.51 46.49 46.46 46.44 46.43 46.42 46.41 46.39 46.37 46.36 46.35 46.34 46.35 46.33 46.3 46.29 46.31 46.32 46.31 46.28 46.26 46.25 46.24 46.22 46.21 46.19 46.17 46.18 46.18 46.17 46.17 46.18 46.19 46.19 46.19 46.18 46.19 46.2 46.2 46.22
46.52 46.51 46.51 46.51 46.53 46.54 46.56 46.57 46.55 46.54 46.54 46.52 46.52 46.53 46.53 46.53 46.54 46.55 46.55 46.55 46.56 46.55 46.55 46.57 46.58 46.57 46.57 46.58 46.57 46.56 46.56 46.57 46.54 46.52 46.5 46.49 46.49 46.5 46.49 46.46 46.43 46.42 46.42 46.41 46.41 46.41 46.39 46.37 46.35 46.35 46.34 46.32 46.31 46.3 46.3 46.3 46.29 46.27 46.26 46.26 46.25 46.22 46.2 46.19 46.18 46.18 46.18 46.17 46.17 46.18 46.19 46.19 46.18 46.18 46.18 46.19 46.2 46.22
46.48 46.5 46.52 46.52 46.53 46.53 46.53 46.53 46.52 46.51 46.52 46.51 46.51 46.52 46.53 46.53 46.54 46.54 46.52 46.53 46.55 46.55 46.55 46.56 46.56 46.55 46.57 46.58 46.57 46.55 46.56 46.55 46.53 46.51 46.5 46.49 46.48 46.47 46.47 46.46 46.45 46.46 46.44 46.41 46.38 46.35 46.36 46.36 46.34 46.32 46.31 46.3 46.29 46.28 46.28 46.27 46.27 46.27 46.26 46.25 46.24 46.22 46.21 46.2 46.19 46.18 46.18 46.17 46.17 46.18 46.19 46.17 46.17 46.18 46.18 46.19 46.19 46.2
46.48 46.49 46.48 46.5 46.52 46.52 46.51 46.5 46.49 46.49 46.51 46.51 46.51 46.52 46.53 46.53 46.54 46.53 46.53 46.53 46.55 46.57 46.57 46.56 46.55 46.55 46.57 46.58 46.56 46.55 46.55 46.55 46.53 46.52 46.53 46.51 46.49 46.49 46.48 46.48 46.46 46.45 46.44 46.41 46.38 46.37 46.37 46.35 46.31 46.31 46.3 46.28 46.26 46.26 46.25 46.25 46.25 46.24 46.24 46.24 46.23 46.23 46.23 46.21 46.19 46.19 46.19 46.18 46.16 46.17 46.17 46.16 46.16 46.17 46.18 46.19 46.19 46.19
46.48 46.49 46.49 46.5 46.51 46.51 46.5 46.49 46.49 46.49 46.5 46.49 46.49 46.52 46.54 46.53 46.52 46.54 46.55 46.54 46.55 46.57 46.56 46.56 46.56 46.55 46.57 46.59 46.56 46.53 46.54 46.54 46.53 46.51 46.51 46.5 46.48 46.47 46.48 46.47 46.43 46.4 46.4 46.39 46.37 46.37 46.36 46.34 46.34 46.32 46.29 46.27 46.26 46.26 46.24 46.24 46.24 46.25 46.24 46.23 46.23 46.23 46.23 46.21 46.2 46.2 46.19 46.19 46.17 46.16 46.17 46.17 46.17 46.17 46.18 46.2 46.2 46.21
46.48 46.49 46.5 46.49 46.49 46.5 46.49 46.49 46.49 46.49 46.49 46.49 46.49 46.52 46.55 46.53 46.51 46.52 46.52 46.52 46.54 46.54 46.56 46.57 46.56 46.56 46.55 46.55 46.55 46.54 46.54 46.55 46.54 46.53 46.52 46.5 46.48 46.47 46.47 46.46 46.44 46.43 46.42 46.39 46.36 46.36 46.36 46.34 46.33 46.31 46.28 46.27 46.26 46.25 46.25 46.25 46.25 46.25 46.25 46.23 46.23 46.23 46.22 46.21 46.21 46.2 46.18 46.18 46.18 46.17 46.16 46.16 46.18 46.18 46.18 46.19 46.2 46.22
46.49 46.49 46.49 46.49 46.49 46.5 46.49 46.49 46.5 46.5 46.49 46.49 46.5 46.5 46.49 46.5 46.51 46.51 46.51 46.5 46.51 46.51 46.54 46.56 46.56 46.55 46.55 46.53 46.53 46.54 46.53 46.52 46.52 46.51 46.51 46.5 46.48 46.48 46.47 46.46 46.45 46.44 46.42 46.39 46.37 46.36 46.34 46.33 46.32 46.31 46.29 46.28 46.27 46.26 46.25 46.25 46.25 46.25 46.24 46.24 46.23 46.23 46.23 46.24 46.22 46.2 46.18 46.17 46.19 46.2 46.18 46.17 46.18 46.18 46.21 46.25 46.24 46.22
46.49 46.49 46.47 46.47 46.49 46.5 46.5 46.49 46.49 46.51 46.54 46.51 46.48 46.48 46.47 46.48 46.49 46.49 46.51 46.52 46.51 46.51 46.53 46.53 46.52 46.53 46.53 46.53 46.53 46.52 46.5 46.49 46.5 46.49 46.49 46.49 46.48 46.48 46.47 46.45 46.43 46.42 46.4 46.39 46.38 46.36 46.33 46.33 46.33 46.32 46.31 46.29 46.27 46.26 46.23 46.22 46.24 46.24 46.24 46.25 46.24 46.23 46.24 46.24 46.21 46.18 46.17 46.17 46.18 46.18 46.18 46.17 46.17 46.18 46.21 46.23 46.2 46.16
46.46 46.47 46.48 46.47 46.47 46.49 46.48 46.47 46.47 46.48 46.51 46.5 46.48 46.48 46.49 46.48 46.49 46.51 46.51 46.51 46.5 46.49 46.5 46.5 46.49 46.5 46.5 46.51 46.51 46.49 46.49 46.49 46.5 46.49 46.48 46.48 46.48 46.48 46.47 46.45 46.42 46.41 46.4 46.39 46.38 46.36 46.34 46.32 46.32 46.31 46.31 46.28 46.26 46.25 46.24 46.22 46.21 46.22 46.22 46.23 46.25 46.23 46.2 46.21 46.21 46.19 46.18 46.19 46.17 46.16 46.16 46.17 46.18 46.18 46.16 46.15 46.15 46.11
46.45 46.47 46.5 46.48 46.45 46.46 46.46 46.46 46.46 46.46 46.48 46.5 46.48 46.49 46.5 46.48 46.47 46.49 46.5 46.51 46.49 46.48 46.48 46.49 46.49 46.49 46.5 46.5 46.49 46.48 46.49 46.49 46.5 46.5 46.49 46.48 46.48 46.47 46.45 46.44 46.44 46.43 46.4 46.38 46.37 46.36 46.36 46.33 46.3 46.29 46.27 46.25 46.24 46.24 46.24 46.23 46.21 46.21 46.23 46.26 46.26 46.23 46.19 46.18 46.19 46.18 46.19 46.19 46.18 46.18 46.18 46.17 46.17 46.14 46.11 46.09 46.1 46.06
46.42 46.46 46.48 46.46 46.44 46.45 46.46 46.46 46.46 46.45 46.49 46.51 46.49 46.5 46.48 46.44 46.45 46.48 46.47 46.46 46.46 46.47 46.47 46.47 46.47 46.47 46.47 46.49 46.49 46.48 46.47 46.49 46.49 46.49 46.48 46.46 46.46 46.45 46.45 46.44 46.44 46.43 46.38 46.36 46.35 46.35 46.34 46.3 46.28 46.28 46.26 46.25 46.26 46.25 46.22 46.21 46.21 46.21 46.21 46.23 46.22 46.21 46.21 46.19 46.19 46.18 46.19 46.19 46.21 46.2 46.17 46.14 46.13 46.1 46.06 46.04 46.03 46.03
46.42 46.43 46.44 46.44 46.46 46.46 46.45 46.45 46.46 46.45 46.47 46.49 46.48 46.48 46.46 46.45 46.45 46.47 46.46 46.44 46.44 46.44 46.45 46.46 46.46 46.45 46.46 46.49 46.49 46.47 46.47 46.48 46.49 46.48 46.46 46.45 46.45 46.45 46.45 46.44 46.44 46.41 46.37 46.35 46.35 46.35 46.32 46.29 46.29 46.29 46.27 46.26 46.26 46.24 46.22 46.21 46.2 46.2 46.18 46.17 46.19 46.22 46.23 46.22 46.21 46.2 46.2 46.19 46.2 46.19 46.15 46.12 46.1 46.05 46.01 46 46.01 46.05
46.42 46.43 46.43 46.41 46.42 46.42 46.42 46.43 46.45 46.46 46.46 46.47 46.47 46.47 46.46 46.45 46.45 46.46 46.46 46.45 46.43 46.42 46.43 46.45 46.45 46.45 46.46 46.47 46.48 46.47 46.47 46.48 46.48 46.47 46.45 46.45 46.46 46.45 46.43 46.41 46.4 46.39 46.37 46.35 46.34 46.34 46.31 46.28 46.27 46.25 46.25 46.26 46.25 46.23 46.22 46.22 46.21 46.19 46.18 46.16 46.18 46.21 46.22 46.22 46.21 46.2 46.2 46.19 46.19 46.16 46.13 46.1 46.06 46.02 45.99 46.01 46.05 46.11
46.4 46.41 46.41 46.41 46.42 46.43 46.43 46.43 46.45 46.47 46.46 46.45 46.47 46.47 46.46 46.44 46.43 46.45 46.45 46.45 46.43 46.41 46.43 46.45 46.45 46.45 46.45 46.46 46.47 46.46 46.46 46.48 46.48 46.46 46.45 46.45 46.44 46.42 46.39 46.37 46.37 46.38 46.38 46.35 46.35 46.33 46.32 46.31 46.3 46.27 46.25 46.25 46.22 46.2 46.21 46.21 46.21 46.2 46.19 46.18 46.18 46.2 46.22 46.23 46.22 46.2 46.19 46.18 46.16 46.13 46.08 46.06 46.03 46.02 46.03 46.06 46.12 46.23
46.4 46.4 46.4 46.4 46.42 46.44 46.44 46.43 46.44 46.47 46.46 46.44 46.45 46.45 46.46 46.44 46.43 46.44 46.45 46.44 46.43 46.42 46.43 46.44 46.43 46.42 46.43 46.46 46.48 46.46 46.44 46.44 46.43 46.42 46.42 46.43 46.42 46.42 46.41 46.39 46.38 46.37 46.36 46.36 46.36 46.33 46.31 46.32 46.3 46.27 46.25 46.25 46.23 46.22 46.22 46.21 46.2 46.2 46.2 46.2 46.2 46.21 46.24 46.25 46.23 46.19 46.17 46.15 46.13 46.09 46.03 46.01 46.03 46.07 46.09 46.11 46.24 46.45
