slabs/8.grd
DSAA
631 301
642000 642630
4948100 4948400
44.58 48.26
[rows 0 to 33 of 300, columns 0 to 77 of 631]
46.9 46.89 46.9 46.94 46.96 46.97 46.96 46.96 46.97 46.96 46.97 46.97 46.97 46.98 46.97 46.95 46.94 46.95 46.93 46.88 46.85 46.86 46.87 46.86 46.84 46.85 46.88 46.91 46.92 46.92 46.85 46.71 46.6 46.53 46.51 46.56 46.6 46.63 46.66 46.67 46.67 46.69 46.69 46.7 46.73 46.74 46.77 46.78 46.8 46.83 46.84 46.85 46.86 46.86 46.86 46.86 46.88 46.91 46.93 46.95 46.96 46.97 46.97 46.97 46.97 46.98 46.98 46.99 46.99 46.99 47 47.02 47.02 47.01 47.01 47.01 47.02 47.04
46.91 46.89 46.89 46.92 46.94 46.95 46.96 46.96 46.97 46.98 46.98 46.97 46.93 46.91 46.91 46.91 46.92 46.92 46.87 46.86 46.88 46.87 46.85 46.85 46.83 46.85 46.89 46.92 46.94 46.91 46.77 46.58 46.49 46.49 46.53 46.6 46.63 46.66 46.68 46.67 46.67 46.68 46.69 46.7 46.71 46.74 46.78 46.8 46.81 46.83 46.85 46.86 46.86 46.86 46.88 46.9 46.92 46.93 46.94 46.93 46.94 46.96 46.97 46.97 46.97 46.98 46.98 46.98 47 47.01 47 47.01 47.01 47.02 47.03 47.02 47.02 47.03
46.92 46.9 46.9 46.93 46.95 46.96 46.96 46.97 46.96 46.94 46.95 46.94 46.92 46.91 46.91 46.92 46.92 46.91 46.85 46.83 46.86 46.87 46.87 46.87 46.86 46.86 46.89 46.91 46.9 46.82 46.64 46.53 46.53 46.54 46.57 46.61 46.64 46.65 46.66 46.66 46.67 46.69 46.69 46.68 46.71 46.74 46.77 46.8 46.82 46.84 46.85 46.86 46.86 46.88 46.91 46.9 46.92 46.94 46.95 46.95 46.95 46.96 46.96 46.95 46.97 46.99 47 47.01 47.01 47.02 47.01 47 47.01 47.02 47.04 47.04 47.03 47.03
46.93 46.95 46.94 46.92 46.93 46.96 46.97 46.98 46.98 46.97 46.95 46.94 46.94 46.96 46.95 46.94 46.92 46.9 46.87 46.85 46.84 46.87 46.89 46.87 46.87 46.86 46.88 46.86 46.79 46.65 46.51 46.53 46.58 46.57 46.58 46.63 46.65 46.65 46.65 46.66 46.68 46.69 46.7 46.71 46.72 46.75 46.77 46.78 46.8 46.82 46.85 46.87 46.86 46.88 46.91 46.91 46.92 46.94 46.95 46.96 46.96 46.96 46.95 46.95 46.97 46.99 47.01 47.01 47.01 47.02 47.03 47.02 47.01 47.03 47.04 47.04 47.05 47.04
46.94 46.97 46.95 46.93 46.92 46.93 46.94 46.96 46.98 46.99 46.97 46.94 46.93 46.95 46.94 46.92 46.9 46.9 46.89 46.87 46.86 46.88 46.88 46.86 46.85 46.85 46.82 46.71 46.62 46.53 46.5 46.55 46.59 46.59 46.61 46.63 46.63 46.61 46.63 46.66 46.66 46.68 46.7 46.71 46.72 46.73 46.76 46.78 46.79 46.8 46.84 46.87 46.88 46.89 46.91 46.91 46.93 46.94 46.95 46.96 46.96 46.95 46.95 46.95 46.97 46.99 47 47.01 47 47.01 47.02 47.02 47.02 47.03 47.04 47.04 47.05 47.04
46.93 46.94 46.95 46.93 46.92 46.92 46.94 46.96 46.96 46.96 46.95 46.92 46.9 46.89 46.88 46.87 46.88 46.86 46.86 46.88 46.87 46.88 46.88 46.87 46.87 46.8 46.69 46.56 46.48 46.49 46.52 46.55 46.59 46.62 46.64 46.64 46.64 46.63 46.63 46.64 46.64 46.67 46.7 46.71 46.72 46.73 46.76 46.77 46.78 46.8 46.85 46.87 46.89 46.91 46.91 46.91 46.93 46.95 46.95 46.96 46.96 46.95 46.96 46.96 46.98 47 47.01 47.01 47 46.99 47 47.02 47.03 47.03 47.04 47.03 47.02 47.02
46.92 46.93 46.94 46.93 46.93 46.92 46.95 46.96 46.94 46.93 46.91 46.89 46.87 46.85 46.86 46.87 46.86 46.82 46.83 46.88 46.89 46.9 46.9 46.9 46.92 46.78 46.58 46.51 46.5 46.52 46.56 46.6 46.6 46.6 46.61 46.62 46.62 46.62 46.63 46.65 46.64 46.66 46.69 46.7 46.7 46.72 46.75 46.77 46.78 46.81 46.83 46.86 46.88 46.89 46.9 46.92 46.94 46.95 46.95 46.95 46.96 46.97 46.97 46.98 47 47 47.01 47.02 47.01 47 47.01 47.01 47.03 47.04 47.03 47.02 47.02 47.04
46.91 46.93 46.93 46.93 46.93 46.93 46.93 46.93 46.92 46.9 46.88 46.85 46.82 46.79 46.84 46.91 46.9 46.87 46.87 46.89 46.89 46.9 46.93 46.9 46.84 46.69 46.54 46.52 46.53 46.57 46.59 46.6 46.6 46.6 46.6 46.6 46.6 46.61 46.63 46.65 46.65 46.67 46.69 46.7 46.7 46.72 46.76 46.78 46.79 46.81 46.82 46.85 46.87 46.87 46.88 46.91 46.94 46.95 46.95 46.95 46.96 46.97 46.98 47 47.01 46.99 46.98 47 47 47 47.01 47.03 47.03 47.02 47.04 47.05 47.05 47.06
46.91 46.92 46.93 46.93 46.9 46.93 46.95 46.92 46.91 46.9 46.87 46.82 46.78 46.8 46.87 46.94 46.97 46.94 46.91 46.91 46.89 46.9 46.89 46.85 46.71 46.58 46.55 46.57 46.58 46.59 46.59 46.59 46.6 46.6 46.6 46.59 46.6 46.62 46.62 46.62 46.64 46.66 46.67 46.67 46.69 46.72 46.76 46.78 46.8 46.81 46.81 46.84 46.87 46.88 46.89 46.91 46.94 46.95 46.96 46.96 46.96 46.97 46.97 46.98 46.99 46.99 46.99 47 47.01 47 47.01 47.03 47.04 47.03 47.04 47.05 47.07 47.08
46.92 46.93 46.94 46.92 46.91 46.91 46.92 46.92 46.91 46.9 46.87 46.81 46.77 46.8 46.89 46.94 46.94 46.93 46.92 46.92 46.92 46.83 46.69 46.63 46.57 46.54 46.58 46.6 46.6 46.59 46.6 46.59 46.6 46.61 46.6 46.6 46.61 46.62 46.61 46.6 46.63 46.65 46.65 46.65 46.68 46.72 46.74 46.76 46.79 46.81 46.81 46.84 46.87 46.89 46.89 46.9 46.92 46.94 46.95 46.96 46.97 46.99 46.99 46.99 46.99 47 47 47 47.02 47.03 47.01 47.02 47.05 47.05 47.05 47.05 47.06 47.07
46.92 46.94 46.96 46.93 46.9 46.91 46.93 46.92 46.91 46.88 46.82 46.79 46.78 46.83 46.9 46.92 46.93 46.93 46.91 46.87 46.78 46.63 46.54 46.52 46.53 46.55 46.58 46.61 46.6 46.6 46.6 46.6 46.6 46.61 46.61 46.61 46.62 46.63 46.63 46.63 46.64 46.65 46.65 46.67 46.69 46.72 46.74 46.76 46.78 46.81 46.83 46.85 46.87 46.89 46.9 46.9 46.92 46.94 46.94 46.96 46.99 47.01 47 46.99 47 47.03 47.04 47.03 47.03 47.03 47.01 47.02 47.05 47.05 47.05 47.07 47.07 47.07
46.93 46.95 46.96 46.96 46.95 46.93 46.92 46.92 46.91 46.84 46.79 46.81 46.84 46.87 46.91 46.94 46.94 46.92 46.83 46.73 46.62 46.51 46.51 46.53 46.54 46.57 46.59 46.59 46.59 46.58 46.59 46.61 46.61 46.61 46.62 46.62 46.61 46.62 46.64 46.65 46.64 46.65 46.67 46.68 46.68 46.71 46.74 46.76 46.77 46.82 46.85 46.87 46.89 46.9 46.91 46.92 46.93 46.95 46.96 46.97 46.99 47.01 47.01 47 47.01 47.03 47.05 47.05 47.02 47.01 47.02 47.04 47.06 47.06 47.07 47.09 47.09 47.08
46.92 46.94 46.93 46.92 46.93 46.92 46.88 46.82 46.78 46.8 46.84 46.87 46.88 46.88 46.89 46.91 46.92 46.86 46.69 46.56 46.5 46.49 46.53 46.57 46.57 46.58 46.59 46.59 46.58 46.58 46.59 46.6 46.61 46.64 46.64 46.63 46.63 46.63 46.64 46.64 46.64 46.65 46.65 46.66 46.67 46.69 46.72 46.74 46.77 46.8 46.82 46.83 46.85 46.89 46.93 46.92 46.93 46.96 46.98 46.97 46.97 46.99 47 47 47.01 47.02 47.03 47.03 47.02 47.03 47.04 47.05 47.07 47.08 47.09 47.1 47.09 47.09
46.83 46.88 46.92 46.88 46.87 46.86 46.84 46.77 46.72 46.8 46.89 46.91 46.91 46.9 46.89 46.88 46.84 46.72 46.56 46.47 46.47 46.5 46.55 46.59 46.59 46.59 46.6 46.6 46.59 46.59 46.6 46.61 46.62 46.63 46.63 46.63 46.63 46.63 46.64 46.64 46.65 46.65 46.65 46.67 46.69 46.7 46.7 46.72 46.75 46.79 46.79 46.81 46.85 46.89 46.92 46.93 46.95 46.97 46.98 46.98 46.98 46.98 47 47.01 47.01 47.01 47.02 47.02 47.03 47.04 47.04 47.06 47.08 47.09 47.09 47.09 47.09 47.09
46.88 46.88 46.87 46.82 46.77 46.78 46.82 46.81 46.78 46.84 46.91 46.92 46.91 46.91 46.87 46.83 46.7 46.55 46.49 46.47 46.49 46.53 46.57 46.59 46.6 46.6 46.6 46.61 46.6 46.6 46.62 46.63 46.63 46.63 46.63 46.65 46.65 46.63 46.63 46.63 46.62 46.61 46.61 46.64 46.67 46.7 46.72 46.72 46.74 46.77 46.77 46.8 46.85 46.88 46.9 46.91 46.94 46.95 46.96 46.98 46.99 46.99 47.01 47.02 47.01 47.01 47.01 47.02 47.03 47.04 47.04 47.06 47.08 47.08 47.08 47.08 47.08 47.07
46.88 46.86 46.84 46.77 46.71 46.74 46.83 46.89 46.87 46.88 46.91 46.91 46.9 46.87 46.76 46.68 46.57 46.47 46.48 46.49 46.51 46.56 46.59 46.59 46.59 46.59 46.59 46.61 46.61 46.62 46.64 46.65 46.65 46.63 46.62 46.62 46.63 46.63 46.63 46.63 46.62 46.63 46.64 46.65 46.67 46.7 46.71 46.72 46.74 46.76 46.77 46.8 46.83 46.86 46.87 46.89 46.92 46.94 46.95 46.97 46.99 46.99 47.01 47.03 47.02 47.02 47.02 47.03 47.05 47.06 47.06 47.06 47.06 47.07 47.08 47.09 47.09 47.08
46.86 46.83 46.82 46.79 46.73 46.77 46.87 46.93 46.91 46.9 46.91 46.89 46.88 46.79 46.59 46.47 46.46 46.48 46.5 46.52 46.54 46.58 46.58 46.56 46.57 46.59 46.61 46.6 46.61 46.63 46.63 46.63 46.64 46.63 46.61 46.61 46.62 46.62 46.63 46.63 46.63 46.64 46.66 46.66 46.68 46.7 46.71 46.73 46.74 46.76 46.78 46.8 46.83 46.85 46.87 46.88 46.91 46.94 46.95 46.96 46.97 46.98 47 47.02 47.03 47.03 47.04 47.04 47.04 47.04 47.06 47.06 47.05 47.07 47.1 47.09 47.08 47.08
46.83 46.82 46.81 46.8 46.78 46.82 46.89 46.91 46.91 46.9 46.92 46.91 46.85 46.65 46.46 46.41 46.45 46.5 46.53 46.55 46.57 46.59 46.59 46.58 46.58 46.59 46.59 46.6 46.61 46.61 46.61 46.62 46.63 46.63 46.63 46.63 46.62 46.61 46.61 46.61 46.62 46.63 46.65 46.66 46.68 46.7 46.72 46.72 46.74 46.76 46.77 46.8 46.83 46.85 46.87 46.88 46.9 46.93 46.95 46.95 46.96 46.97 46.98 47 47.02 47.02 47.03 47.04 47.05 47.06 47.06 47.06 47.07 47.08 47.08 47.08 47.07 47.08
46.82 46.83 46.83 46.8 46.81 46.85 46.87 46.89 46.91 46.91 46.91 46.88 46.72 46.52 46.44 46.44 46.48 46.53 46.54 46.54 46.56 46.6 46.6 46.6 46.59 46.59 46.59 46.6 46.62 46.62 46.62 46.62 46.62 46.62 46.63 46.62 46.6 46.6 46.6 46.6 46.62 46.63 46.64 46.65 46.67 46.69 46.71 46.72 46.74 46.76 46.77 46.79 46.82 46.84 46.86 46.88 46.91 46.93 46.94 46.94 46.96 46.97 46.98 47.01 47.03 47.04 47.04 47.04 47.05 47.06 47.07 47.07 47.07 47.06 47.06 47.09 47.11 47.1
46.84 46.86 46.88 46.88 46.87 46.88 46.88 46.89 46.91 46.86 46.73 46.65 46.53 46.45 46.47 46.5 46.53 46.56 46.56 46.54 46.54 46.57 46.58 46.58 46.58 46.59 46.59 46.61 46.62 46.62 46.62 46.62 46.61 46.6 46.6 46.59 46.6 46.6 46.6 46.6 46.63 46.65 46.65 46.66 46.67 46.68 46.7 46.72 46.74 46.75 46.75 46.77 46.8 46.81 46.83 46.86 46.9 46.93 46.94 46.96 46.98 47 47.01 47.01 47.03 47.05 47.05 47.05 47.04 47.05 47.07 47.06 47.05 47.05 47.07 47.09 47.1 47.1
46.86 46.85 46.86 46.88 46.9 46.9 46.9 46.91 46.88 46.75 46.57 46.47 46.45 46.47 46.5 46.52 46.52 46.53 46.55 46.54 46.55 46.57 46.58 46.58 46.58 46.59 46.59 46.6 46.61 46.61 46.61 46.61 46.61 46.59 46.57 46.58 46.6 46.61 46.6 46.61 46.63 46.65 46.65 46.66 46.68 46.68 46.69 46.71 46.73 46.73 46.75 46.77 46.79 46.79 46.81 46.86 46.9 46.92 46.93 46.94 46.97 46.99 47 47.01 47.01 47.02 47.04 47.05 47.05 47.06 47.07 47.08 47.08 47.07 47.08 47.09 47.09 47.09
46.8 46.87 46.9 46.91 46.9 46.88 46.85 46.81 46.71 46.56 46.46 46.43 46.45 46.49 46.5 46.51 46.51 46.52 46.54 46.54 46.55 46.57 46.59 46.6 46.6 46.59 46.59 46.6 46.6 46.6 46.61 46.61 46.6 46.58 46.57 46.58 46.6 46.61 46.61 46.61 46.63 46.65 46.64 46.65 46.67 46.67 46.68 46.71 46.73 46.73 46.75 46.78 46.79 46.8 46.83 46.88 46.9 46.9 46.92 46.95 46.97 46.99 47 47 47 47.01 47.04 47.05 47.06 47.06 47.06 47.08 47.09 47.08 47.08 47.09 47.09 47.09
46.84 46.86 46.87 46.85 46.84 46.82 46.68 46.56 46.5 46.47 46.46 46.45 46.48 46.49 46.49 46.5 46.51 46.52 46.54 46.54 46.55 46.58 46.6 46.6 46.6 46.59 46.6 46.6 46.59 46.6 46.61 46.6 46.59 46.59 46.59 46.6 46.6 46.59 46.6 46.62 46.63 46.64 46.64 46.65 46.67 46.67 46.68 46.71 46.73 46.74 46.75 46.78 46.79 46.79 46.81 46.86 46.89 46.9 46.91 46.93 46.95 46.97 46.99 47.01 47.01 47.01 47.03 47.05 47.05 47.05 47.06 47.08 47.09 47.09 47.09 47.1 47.1 47.1
46.83 46.86 46.87 46.86 46.84 46.73 46.54 46.44 46.44 46.46 46.47 46.48 46.48 46.49 46.48 46.49 46.49 46.5 46.52 46.54 46.56 46.59 46.61 46.6 46.6 46.6 46.6 46.6 46.6 46.61 46.61 46.6 46.59 46.58 46.6 46.6 46.59 46.6 46.61 46.62 46.63 46.66 46.67 46.67 46.67 46.68 46.68 46.7 46.72 46.74 46.74 46.76 46.79 46.81 46.82 46.84 46.86 46.88 46.9 46.93 46.95 46.96 46.99 47 47.01 47.02 47.03 47.04 47.05 47.06 47.07 47.09 47.09 47.1 47.1 47.1 47.1 47.1
46.84 46.87 46.87 46.85 46.76 46.58 46.44 46.42 46.44 46.46 46.48 46.49 46.49 46.49 46.48 46.47 46.47 46.49 46.51 46.54 46.57 46.59 46.62 46.6 46.59 46.59 46.59 46.6 46.61 46.62 46.6 46.59 46.6 46.6 46.61 46.6 46.6 46.6 46.62 46.62 46.63 46.66 46.67 46.68 46.68 46.68 46.69 46.7 46.72 46.73 46.73 46.75 46.78 46.79 46.81 46.84 46.86 46.88 46.9 46.91 46.93 46.95 46.98 46.99 47.01 47.02 47.03 47.05 47.07 47.07 47.07 47.08 47.09 47.1 47.1 47.1 47.09 47.1
46.86 46.86 46.86 46.81 46.64 46.46 46.41 46.43 46.46 46.48 46.48 46.49 46.5 46.48 46.46 46.45 46.47 46.49 46.51 46.54 46.56 46.58 46.59 46.59 46.59 46.59 46.6 46.61 46.6 46.59 46.6 46.6 46.6 46.62 46.61 46.6 46.6 46.6 46.61 46.62 46.64 46.65 46.65 46.67 46.68 46.68 46.69 46.7 46.71 46.72 46.73 46.75 46.77 46.79 46.81 46.83 46.85 46.87 46.9 46.9 46.9 46.94 46.98 46.99 47 47.01 47.03 47.05 47.06 47.07 47.08 47.09 47.09 47.09 47.09 47.09 47.09 47.09
46.87 46.82 46.78 46.7 46.53 46.42 46.43 46.45 46.47 46.48 46.48 46.48 46.47 46.46 46.45 46.46 46.47 46.5 46.52 46.54 46.55 46.56 46.57 46.57 46.59 46.6 46.61 46.61 46.61 46.6 46.6 46.6 46.6 46.6 46.59 46.6 46.6 46.6 46.6 46.61 46.62 46.63 46.64 46.66 46.67 46.67 46.68 46.69 46.7 46.71 46.72 46.74 46.76 46.79 46.82 46.83 46.83 46.85 46.89 46.9 46.89 46.93 46.98 47 47.01 47.01 47.03 47.04 47.03 47.04 47.07 47.1 47.09 47.09 47.09 47.09 47.09 47.1
46.81 46.69 46.6 46.53 46.44 46.42 46.44 46.46 46.48 46.48 46.46 46.46 46.45 46.43 46.43 46.44 46.47 46.5 46.51 46.52 46.53 46.54 46.54 46.56 46.6 46.62 46.61 46.59 46.61 46.62 46.62 46.61 46.61 46.62 46.61 46.61 46.62 46.61 46.62 46.62 46.63 46.65 46.64 46.66 46.67 46.67 46.67 46.68 46.69 46.7 46.71 46.74 46.76 46.79 46.82 46.83 46.83 46.85 46.87 46.89 46.91 46.93 46.97 47 47.01 47.01 47.02 47.03 47.03 47.04 47.07 47.09 47.08 47.09 47.09 47.07 47.09 47.1
46.69 46.53 46.43 46.41 46.42 46.45 46.46 46.47 46.48 46.46 46.45 46.44 46.43 46.42 46.42 46.44 46.45 46.47 46.49 46.51 46.53 46.54 46.54 46.57 46.58 46.59 46.61 46.61 46.62 46.67 46.65 46.61 46.62 46.63 46.63 46.63 46.62 46.62 46.63 46.64 46.64 46.65 46.65 46.66 46.67 46.68 46.67 46.68 46.7 46.7 46.71 46.75 46.78 46.79 46.81 46.83 46.84 46.85 46.86 46.9 46.93 46.94 46.97 47 47 47.01 47.02 47.03 47.04 47.06 47.06 47.06 47.07 47.08 47.08 47.08 47.1 47.1
46.55 46.43 46.41 46.41 46.43 46.45 46.46 46.45 46.44 46.44 46.42 46.42 46.41 46.42 46.42 46.43 46.44 46.46 46.48 46.49 46.52 46.54 46.55 46.56 46.58 46.6 46.62 46.62 46.63 46.66 46.65 46.62 46.63 46.64 46.64 46.63 46.63 46.63 46.63 46.64 46.64 46.65 46.65 46.65 46.66 46.67 46.68 46.69 46.69 46.7 46.71 46.74 46.76 46.77 46.79 46.82 46.84 46.84 46.85 46.89 46.91 46.91 46.94 46.97 46.98 46.98 46.99 47.01 47.02 47.04 47.05 47.06 47.07 47.07 47.08 47.11 47.1 47.09
46.43 46.42 46.44 46.45 46.45 46.46 46.45 46.44 46.42 46.43 46.43 46.41 46.41 46.42 46.43 46.44 46.45 46.47 46.48 46.49 46.52 46.54 46.55 46.56 46.58 46.6 46.62 46.62 46.63 46.65 46.64 46.63 46.64 46.65 46.64 46.63 46.63 46.63 46.63 46.63 46.64 46.65 46.64 46.65 46.66 46.65 46.66 46.66 46.67 46.68 46.71 46.74 46.75 46.75 46.77 46.8 46.82 46.82 46.85 46.9 46.92 46.91 46.92 46.92 46.94 46.96 46.98 47 47.01 47.02 47.04 47.06 47.07 47.07 47.09 47.1 47.1 47.09
46.4 46.43 46.45 46.46 46.45 46.43 46.42 46.42 46.41 46.4 46.41 46.41 46.41 46.41 46.42 46.43 46.44 46.45 46.46 46.49 46.52 46.53 46.54 46.56 46.58 46.59 46.61 46.62 46.63 46.65 46.64 46.64 46.64 46.63 46.64 46.63 46.63 46.63 46.62 46.62 46.63 46.63 46.63 46.65 46.67 46.66 46.65 46.66 46.67 46.69 46.71 46.73 46.75 46.75 46.77 46.79 46.8 46.81 46.84 46.87 46.88 46.88 46.89 46.91 46.93 46.96 46.98 47 47.01 47.03 47.04 47.06 47.06 47.07 47.09 47.09 47.09 47.09
46.43 46.44 46.45 46.44 46.42 46.41 46.4 46.39 46.39 46.4 46.4 46.41 46.42 46.41 46.41 46.41 46.43 46.45 46.46 46.49 46.51 46.52 46.54 46.57 46.59 46.61 46.62 46.63 46.63 46.63 46.63 46.64 46.63 46.63 46.64 46.63 46.62 46.63 46.64 46.64 46.65 46.65 46.64 46.66 46.68 46.68 46.67 46.67 46.68 46.69 46.72 46.74 46.75 46.74 46.75 46.77 46.79 46.81 46.84 46.84 46.85 46.86 46.88 46.91 46.93 46.95 46.96 46.98 47.01 47.03 47.04 47.06 47.07 47.07 47.08 47.09 47.09 47.09
46.43 46.42 46.42 46.42 46.42 46.4 46.39 46.39 46.39 46.4 46.4 46.4 46.42 46.43 46.43 46.42 46.43 46.45 46.46 46.47 46.51 46.52 46.54 46.57 46.61 46.63 46.62 46.62 46.6 46.6 46.63 46.64 46.65 46.64 46.63 46.62 46.61 46.62 46.63 46.62 46.63 46.62 46.62 46.65 46.67 46.66 46.66 46.67 46.68 46.69 46.72 46.74 46.73 46.74 46.76 46.77 46.78 46.8 46.82 46.83 46.84 46.86 46.88 46.91 46.93 46.95 46.96 46.98 47 47.03 47.05 47.05 47.07 47.07 47.06 47.07 47.09 47.1
