slabs/8.grd
DSAA
631 301
642000 642630
4948100 4948400
44.58 48.26
[rows 204 to 237 of 300, columns 156 to 233 of 631]
46.62 46.64 46.71 46.78 46.8 46.8 46.79 46.77 46.77 46.81 46.84 46.83 46.79 46.62 46.51 46.52 46.61 46.83 46.99 47.01 47 46.96 46.9 46.9 46.9 46.88 46.84 46.83 46.85 46.84 46.72 46.62 46.7 46.7 46.59 46.61 46.69 46.72 46.7 46.72 46.76 46.78 46.78 46.74 46.68 46.63 46.61 46.59 46.63 46.67 46.68 46.66 46.65 46.7 46.73 46.77 46.84 46.87 46.88 46.85 46.77 46.7 46.7 46.65 46.57 46.53 46.59 46.7 46.74 46.71 46.83 46.95 46.94 46.93 46.9 46.93 46.97 46.97
46.69 46.73 46.77 46.78 46.8 46.81 46.81 46.78 46.77 46.77 46.78 46.78 46.76 46.64 46.59 46.64 46.72 46.87 46.97 46.98 46.96 46.9 46.86 46.89 46.91 46.88 46.79 46.73 46.73 46.72 46.66 46.59 46.64 46.72 46.72 46.72 46.73 46.74 46.76 46.77 46.78 46.73 46.68 46.67 46.64 46.56 46.52 46.54 46.63 46.69 46.69 46.65 46.64 46.68 46.73 46.8 46.85 46.86 46.86 46.8 46.68 46.59 46.61 46.63 46.63 46.64 46.64 46.72 46.83 46.86 46.9 46.92 46.87 46.85 46.88 46.94 46.97 46.94
46.77 46.8 46.79 46.76 46.76 46.8 46.82 46.8 46.8 46.73 46.69 46.74 46.76 46.75 46.77 46.82 46.85 46.89 46.93 46.94 46.94 46.92 46.88 46.86 46.89 46.89 46.79 46.7 46.63 46.58 46.59 46.61 46.68 46.75 46.78 46.77 46.75 46.75 46.77 46.78 46.75 46.68 46.65 46.65 46.62 46.55 46.5 46.54 46.62 46.67 46.68 46.66 46.66 46.7 46.74 46.81 46.82 46.8 46.78 46.74 46.61 46.5 46.53 46.59 46.63 46.67 46.72 46.8 46.88 46.9 46.9 46.89 46.88 46.87 46.9 46.91 46.87 46.84
46.81 46.81 46.78 46.76 46.75 46.79 46.82 46.82 46.8 46.76 46.77 46.8 46.8 46.84 46.9 46.91 46.89 46.87 46.9 46.93 46.94 46.92 46.88 46.87 46.86 46.8 46.72 46.64 46.58 46.61 46.65 46.71 46.75 46.77 46.79 46.79 46.77 46.73 46.7 46.69 46.64 46.61 46.65 46.66 46.62 46.55 46.52 46.56 46.6 46.61 46.66 46.68 46.69 46.73 46.76 46.79 46.76 46.73 46.71 46.66 46.54 46.44 46.52 46.57 46.56 46.61 46.69 46.8 46.88 46.91 46.9 46.9 46.91 46.89 46.84 46.81 46.77 46.75
46.83 46.81 46.78 46.76 46.73 46.74 46.77 46.76 46.79 46.84 46.88 46.91 46.86 46.85 46.87 46.85 46.83 46.82 46.85 46.87 46.9 46.91 46.93 46.86 46.79 46.73 46.67 46.62 46.61 46.68 46.73 46.75 46.78 46.79 46.81 46.81 46.78 46.71 46.63 46.58 46.5 46.53 46.62 46.65 46.6 46.55 46.55 46.59 46.6 46.6 46.66 46.73 46.76 46.78 46.79 46.77 46.72 46.66 46.66 46.58 46.49 46.48 46.57 46.63 46.63 46.64 46.7 46.82 46.86 46.87 46.91 46.93 46.92 46.88 46.81 46.74 46.69 46.64
46.85 46.83 46.76 46.72 46.67 46.65 46.68 46.73 46.82 46.88 46.89 46.9 46.86 46.8 46.78 46.79 46.81 46.81 46.81 46.81 46.83 46.85 46.88 46.79 46.69 46.67 46.65 46.64 46.67 46.75 46.79 46.78 46.79 46.82 46.83 46.81 46.77 46.68 46.61 46.52 46.42 46.47 46.56 46.63 46.61 46.55 46.57 46.62 46.67 46.7 46.72 46.76 46.79 46.79 46.76 46.72 46.66 46.58 46.58 46.53 46.46 46.49 46.56 46.66 46.74 46.76 46.76 46.78 46.8 46.85 46.9 46.9 46.87 46.84 46.78 46.69 46.61 46.51
46.87 46.82 46.74 46.68 46.61 46.64 46.69 46.76 46.89 46.94 46.93 46.91 46.87 46.81 46.79 46.81 46.82 46.84 46.84 46.8 46.75 46.72 46.72 46.66 46.6 46.64 46.67 46.69 46.75 46.82 46.85 46.82 46.81 46.83 46.83 46.78 46.71 46.66 46.64 46.51 46.41 46.45 46.54 46.61 46.62 46.61 46.63 46.67 46.73 46.77 46.78 46.78 46.79 46.77 46.72 46.61 46.53 46.53 46.54 46.53 46.56 46.62 46.67 46.76 46.83 46.81 46.8 46.8 46.79 46.83 46.86 46.84 46.83 46.78 46.69 46.57 46.48 46.41
46.84 46.78 46.7 46.67 46.64 46.71 46.81 46.86 46.9 46.93 46.91 46.88 46.85 46.82 46.82 46.83 46.83 46.83 46.84 46.77 46.66 46.6 46.57 46.54 46.57 46.68 46.73 46.75 46.82 46.89 46.91 46.85 46.8 46.81 46.8 46.72 46.65 46.68 46.7 46.57 46.49 46.54 46.61 46.64 46.62 46.62 46.67 46.75 46.79 46.8 46.79 46.75 46.72 46.67 46.66 46.65 46.62 46.64 46.63 46.62 46.66 46.71 46.76 46.83 46.87 46.84 46.83 46.82 46.79 46.8 46.81 46.8 46.78 46.69 46.55 46.42 46.36 46.33
46.71 46.65 46.59 46.6 46.66 46.81 46.9 46.9 46.88 46.88 46.88 46.86 46.82 46.81 46.83 46.83 46.82 46.8 46.79 46.68 46.57 46.57 46.56 46.56 46.66 46.77 46.78 46.78 46.84 46.9 46.91 46.86 46.79 46.73 46.68 46.63 46.64 46.71 46.74 46.68 46.6 46.57 46.59 46.62 46.66 46.71 46.77 46.8 46.78 46.76 46.7 46.63 46.63 46.63 46.65 46.69 46.71 46.73 46.73 46.73 46.75 46.77 46.8 46.86 46.88 46.87 46.84 46.81 46.79 46.77 46.75 46.72 46.67 46.56 46.4 46.33 46.32 46.31
46.59 46.57 46.59 46.63 46.73 46.87 46.9 46.88 46.87 46.87 46.88 46.84 46.79 46.78 46.8 46.81 46.8 46.77 46.75 46.64 46.55 46.63 46.72 46.74 46.78 46.8 46.78 46.79 46.84 46.86 46.85 46.83 46.76 46.67 46.64 46.61 46.63 46.68 46.71 46.7 46.62 46.55 46.56 46.65 46.74 46.77 46.77 46.73 46.64 46.6 46.59 46.59 46.61 46.62 46.67 46.72 46.76 46.79 46.8 46.81 46.83 46.84 46.86 46.89 46.9 46.88 46.83 46.8 46.8 46.76 46.67 46.58 46.51 46.43 46.33 46.3 46.31 46.3
46.61 46.61 46.66 46.71 46.77 46.85 46.86 46.86 46.87 46.86 46.86 46.8 46.73 46.75 46.77 46.77 46.74 46.73 46.75 46.66 46.58 46.68 46.79 46.81 46.83 46.83 46.82 46.84 46.87 46.84 46.8 46.76 46.69 46.64 46.64 46.64 46.65 46.67 46.65 46.64 46.68 46.7 46.68 46.71 46.75 46.75 46.73 46.66 46.53 46.46 46.48 46.56 46.62 46.64 46.7 46.77 46.82 46.82 46.83 46.86 46.89 46.9 46.9 46.89 46.88 46.85 46.79 46.76 46.77 46.7 46.54 46.41 46.36 46.33 46.3 46.27 46.3 46.33
46.73 46.73 46.75 46.79 46.79 46.8 46.83 46.86 46.87 46.85 46.81 46.76 46.71 46.72 46.76 46.72 46.64 46.66 46.71 46.69 46.68 46.75 46.8 46.81 46.84 46.87 46.87 46.86 46.83 46.79 46.74 46.69 46.66 46.64 46.67 46.68 46.66 46.66 46.67 46.68 46.74 46.8 46.78 46.74 46.7 46.7 46.68 46.63 46.56 46.51 46.47 46.52 46.62 46.67 46.71 46.79 46.85 46.84 46.84 46.88 46.91 46.9 46.88 46.84 46.8 46.77 46.74 46.7 46.67 46.61 46.4 46.29 46.3 46.29 46.29 46.29 46.31 46.33
46.85 46.86 46.84 46.85 46.81 46.78 46.82 46.86 46.88 46.84 46.77 46.72 46.67 46.62 46.6 46.62 46.67 46.71 46.72 46.72 46.73 46.77 46.81 46.83 46.85 46.86 46.86 46.81 46.72 46.67 46.64 46.67 46.72 46.73 46.7 46.66 46.64 46.66 46.7 46.73 46.78 46.83 46.79 46.68 46.6 46.6 46.62 46.63 46.61 46.62 46.57 46.58 46.68 46.71 46.73 46.78 46.83 46.85 46.86 46.85 46.84 46.83 46.84 46.81 46.77 46.72 46.66 46.59 46.53 46.48 46.34 46.24 46.26 46.28 46.31 46.34 46.34 46.35
46.9 46.9 46.88 46.88 46.81 46.76 46.8 46.83 46.85 46.81 46.74 46.64 46.57 46.6 46.62 46.65 46.68 46.73 46.76 46.74 46.75 46.8 46.82 46.81 46.75 46.71 46.69 46.64 46.63 46.64 46.64 46.68 46.74 46.74 46.7 46.67 46.68 46.71 46.74 46.76 46.77 46.78 46.71 46.57 46.49 46.51 46.57 46.6 46.6 46.63 46.67 46.71 46.75 46.76 46.77 46.81 46.84 46.85 46.85 46.8 46.75 46.75 46.78 46.78 46.76 46.69 46.55 46.45 46.36 46.29 46.26 46.25 46.26 46.29 46.35 46.39 46.38 46.26
46.88 46.87 46.9 46.89 46.81 46.76 46.77 46.78 46.81 46.77 46.69 46.59 46.5 46.56 46.66 46.7 46.71 46.71 46.73 46.77 46.81 46.83 46.8 46.73 46.66 46.6 46.58 46.58 46.63 46.68 46.68 46.69 46.71 46.69 46.69 46.72 46.75 46.77 46.78 46.77 46.73 46.71 46.61 46.47 46.44 46.51 46.58 46.6 46.6 46.64 46.71 46.73 46.73 46.75 46.79 46.83 46.87 46.85 46.8 46.77 46.75 46.76 46.74 46.73 46.76 46.65 46.44 46.31 46.26 46.22 46.22 46.24 46.26 46.29 46.28 46.25 46.22 46.13
46.84 46.84 46.89 46.89 46.82 46.76 46.76 46.77 46.75 46.7 46.67 46.63 46.58 46.64 46.71 46.71 46.73 46.75 46.77 46.77 46.74 46.73 46.68 46.63 46.59 46.57 46.55 46.58 46.66 46.7 46.71 46.71 46.7 46.69 46.71 46.77 46.81 46.8 46.79 46.73 46.68 46.67 46.56 46.44 46.43 46.5 46.57 46.63 46.68 46.71 46.75 46.77 46.75 46.78 46.83 46.85 46.84 46.81 46.76 46.72 46.68 46.68 46.63 46.57 46.54 46.4 46.26 46.22 46.21 46.21 46.21 46.23 46.24 46.23 46.12 46.03 46.05 46.09
46.81 46.87 46.93 46.92 46.81 46.69 46.64 46.64 46.6 46.57 46.59 46.68 46.75 46.73 46.69 46.71 46.76 46.81 46.8 46.73 46.64 46.58 46.54 46.54 46.56 46.56 46.54 46.57 46.63 46.67 46.69 46.69 46.71 46.74 46.76 46.8 46.82 46.81 46.76 46.66 46.59 46.59 46.55 46.45 46.38 46.44 46.58 46.67 46.71 46.74 46.77 46.8 46.81 46.84 46.85 46.82 46.79 46.73 46.65 46.57 46.53 46.51 46.45 46.38 46.33 46.25 46.2 46.21 46.21 46.22 46.21 46.19 46.2 46.16 46.05 45.97 46.03 46.11
46.77 46.82 46.91 46.92 46.78 46.61 46.53 46.59 46.63 46.64 46.67 46.74 46.8 46.76 46.68 46.7 46.76 46.78 46.76 46.69 46.57 46.48 46.45 46.49 46.54 46.55 46.55 46.55 46.58 46.62 46.64 46.68 46.74 46.79 46.8 46.8 46.8 46.76 46.68 46.58 46.52 46.5 46.52 46.52 46.49 46.54 46.65 46.72 46.75 46.79 46.8 46.81 46.83 46.83 46.77 46.75 46.77 46.68 46.55 46.46 46.41 46.39 46.31 46.24 46.2 46.17 46.18 46.19 46.21 46.22 46.2 46.2 46.18 46.13 46.08 46.06 46.08 46.13
46.79 46.82 46.87 46.88 46.79 46.65 46.59 46.64 46.72 46.75 46.77 46.79 46.8 46.79 46.75 46.74 46.74 46.71 46.68 46.65 46.55 46.44 46.42 46.48 46.53 46.53 46.53 46.51 46.53 46.59 46.65 46.73 46.8 46.83 46.79 46.75 46.73 46.72 46.65 46.52 46.44 46.42 46.5 46.6 46.59 46.62 46.68 46.75 46.78 46.8 46.82 46.81 46.79 46.78 46.7 46.62 46.67 46.63 46.5 46.46 46.41 46.34 46.23 46.14 46.09 46.11 46.17 46.18 46.22 46.24 46.23 46.23 46.19 46.14 46.13 46.14 46.13 46.15
46.76 46.78 46.84 46.85 46.81 46.74 46.71 46.74 46.78 46.78 46.79 46.81 46.84 46.86 46.82 46.77 46.71 46.65 46.6 46.63 46.58 46.46 46.44 46.49 46.51 46.48 46.48 46.46 46.51 46.6 46.68 46.74 46.75 46.74 46.68 46.58 46.52 46.63 46.67 46.52 46.43 46.46 46.56 46.66 46.68 46.71 46.75 46.75 46.76 46.78 46.79 46.79 46.8 46.76 46.68 46.63 46.68 46.62 46.5 46.49 46.45 46.35 46.18 46.06 46.03 46.1 46.19 46.19 46.23 46.25 46.23 46.23 46.22 46.21 46.19 46.18 46.16 46.16
46.61 46.65 46.76 46.8 46.81 46.8 46.81 46.83 46.82 46.78 46.78 46.82 46.87 46.88 46.83 46.72 46.65 46.61 46.57 46.62 46.63 46.56 46.53 46.54 46.49 46.43 46.46 46.52 46.55 46.6 46.68 46.71 46.67 46.63 46.55 46.45 46.4 46.51 46.62 46.58 46.54 46.55 46.63 46.71 46.72 46.74 46.76 46.77 46.76 46.75 46.74 46.77 46.79 46.76 46.71 46.71 46.75 46.69 46.59 46.57 46.49 46.37 46.2 46.07 46.07 46.14 46.2 46.19 46.2 46.22 46.22 46.22 46.24 46.25 46.24 46.23 46.19 46.17
46.51 46.55 46.62 46.69 46.78 46.82 46.87 46.9 46.85 46.82 46.8 46.83 46.85 46.82 46.79 46.68 46.62 46.63 46.61 46.63 46.64 46.62 46.61 46.56 46.48 46.43 46.47 46.57 46.65 46.64 46.63 46.6 46.51 46.47 46.44 46.44 46.49 46.56 46.62 46.62 46.6 46.64 46.71 46.74 46.75 46.75 46.76 46.74 46.72 46.72 46.7 46.68 46.7 46.74 46.76 46.79 46.81 46.8 46.74 46.69 46.57 46.43 46.26 46.13 46.12 46.14 46.17 46.18 46.18 46.19 46.2 46.23 46.26 46.27 46.28 46.27 46.21 46.18
46.55 46.56 46.56 46.63 46.74 46.79 46.88 46.92 46.87 46.84 46.83 46.84 46.8 46.75 46.73 46.69 46.66 46.66 46.64 46.6 46.6 46.61 46.59 46.51 46.42 46.45 46.57 46.62 46.6 46.53 46.44 46.39 46.37 46.37 46.43 46.55 46.63 46.65 46.66 46.67 46.68 46.71 46.74 46.75 46.77 46.75 46.72 46.69 46.69 46.7 46.63 46.56 46.57 46.7 46.81 46.84 46.84 46.85 46.83 46.79 46.69 46.49 46.24 46.08 46.06 46.1 46.16 46.2 46.2 46.21 46.24 46.25 46.25 46.27 46.29 46.29 46.23 46.19
46.63 46.64 46.64 46.66 46.7 46.73 46.8 46.87 46.85 46.83 46.81 46.8 46.75 46.69 46.69 46.65 46.59 46.59 46.6 46.59 46.57 46.56 46.56 46.61 46.63 46.63 46.64 46.58 46.49 46.41 46.33 46.3 46.3 46.37 46.5 46.6 46.64 46.66 46.69 46.72 46.72 46.72 46.72 46.74 46.75 46.7 46.66 46.65 46.66 46.65 46.55 46.47 46.51 46.69 46.82 46.84 46.85 46.86 46.84 46.81 46.73 46.5 46.24 46.12 46.12 46.15 46.16 46.2 46.22 46.21 46.23 46.23 46.23 46.22 46.23 46.24 46.22 46.19
46.69 46.7 46.71 46.7 46.72 46.77 46.79 46.82 46.8 46.76 46.74 46.74 46.69 46.63 46.6 46.58 46.58 46.59 46.59 46.56 46.55 46.59 46.65 46.7 46.71 46.68 46.59 46.48 46.4 46.37 46.34 46.33 46.35 46.43 46.54 46.59 46.61 46.65 46.7 46.71 46.71 46.72 46.7 46.69 46.67 46.61 46.58 46.59 46.61 46.59 46.51 46.48 46.61 46.77 46.82 46.86 46.86 46.85 46.82 46.79 46.69 46.46 46.28 46.23 46.22 46.19 46.17 46.19 46.2 46.21 46.25 46.25 46.22 46.19 46.2 46.22 46.22 46.2
46.72 46.77 46.74 46.7 46.74 46.8 46.79 46.75 46.66 46.59 46.62 46.66 46.66 46.65 46.63 46.61 46.6 46.6 46.61 46.62 46.63 46.67 46.71 46.71 46.69 46.64 46.54 46.45 46.4 46.39 46.39 46.41 46.43 46.47 46.52 46.58 46.64 46.67 46.7 46.7 46.7 46.69 46.65 46.61 46.59 46.54 46.53 46.57 46.6 46.62 46.62 46.64 46.72 46.8 46.83 46.85 46.83 46.8 46.79 46.81 46.68 46.42 46.27 46.28 46.35 46.35 46.3 46.25 46.21 46.23 46.28 46.28 46.22 46.19 46.2 46.22 46.23 46.2
46.75 46.79 46.79 46.78 46.79 46.79 46.72 46.62 46.56 46.53 46.61 46.67 46.65 46.64 46.63 46.64 46.65 46.64 46.66 46.68 46.67 46.7 46.69 46.62 46.58 46.56 46.5 46.45 46.43 46.42 46.42 46.44 46.46 46.47 46.51 46.6 46.67 46.7 46.72 46.71 46.67 46.62 46.57 46.53 46.52 46.49 46.51 46.57 46.65 46.72 46.75 46.75 46.79 46.83 46.83 46.83 46.82 46.76 46.7 46.59 46.51 46.48 46.41 46.45 46.53 46.51 46.44 46.36 46.26 46.26 46.3 46.29 46.24 46.23 46.26 46.26 46.25 46.21
46.78 46.83 46.81 46.77 46.7 46.62 46.56 46.53 46.57 46.61 46.66 46.66 46.61 46.58 46.59 46.64 46.69 46.72 46.74 46.72 46.68 46.64 46.57 46.51 46.5 46.47 46.46 46.46 46.44 46.43 46.43 46.43 46.45 46.48 46.56 46.65 46.68 46.7 46.71 46.69 46.63 46.58 46.57 46.59 46.58 46.56 46.58 46.61 46.67 46.75 46.78 46.78 46.8 46.82 46.81 46.8 46.71 46.65 46.67 46.59 46.52 46.57 46.6 46.66 46.72 46.65 46.58 46.49 46.35 46.3 46.3 46.28 46.23 46.26 46.31 46.29 46.24 46.21
46.77 46.77 46.73 46.67 46.59 46.5 46.49 46.52 46.58 46.65 46.68 46.63 46.57 46.56 46.57 46.65 46.73 46.78 46.79 46.72 46.64 46.51 46.41 46.46 46.51 46.46 46.45 46.49 46.48 46.45 46.42 46.41 46.46 46.55 46.61 46.65 46.66 46.67 46.64 46.59 46.55 46.54 46.57 46.58 46.6 46.63 46.66 46.67 46.69 46.72 46.76 46.76 46.77 46.78 46.78 46.79 46.72 46.63 46.62 46.64 46.66 46.7 46.74 46.77 46.82 46.78 46.71 46.61 46.45 46.32 46.27 46.24 46.21 46.25 46.29 46.24 46.18 46.18
46.71 46.69 46.64 46.61 46.58 46.5 46.5 46.58 46.61 46.64 46.64 46.6 46.57 46.6 46.64 46.7 46.76 46.79 46.77 46.64 46.52 46.41 46.37 46.45 46.52 46.52 46.51 46.49 46.47 46.46 46.46 46.48 46.55 46.61 46.61 46.6 46.62 46.61 46.55 46.49 46.51 46.56 46.64 46.67 46.69 46.73 46.75 46.75 46.76 46.76 46.75 46.72 46.67 46.67 46.68 46.72 46.74 46.69 46.66 46.7 46.75 46.77 46.79 46.8 46.84 46.84 46.8 46.69 46.49 46.3 46.2 46.19 46.2 46.23 46.23 46.15 46.09 46.12
46.63 46.63 46.6 46.58 46.58 46.52 46.53 46.61 46.62 46.62 46.61 46.61 46.63 46.69 46.74 46.73 46.74 46.72 46.66 46.55 46.49 46.43 46.39 46.44 46.5 46.52 46.52 46.49 46.51 46.55 46.54 46.51 46.52 46.56 46.56 46.52 46.5 46.51 46.51 46.5 46.5 46.56 46.66 46.69 46.72 46.76 46.78 46.77 46.76 46.75 46.75 46.66 46.55 46.56 46.59 46.6 46.66 46.72 46.74 46.76 46.78 46.79 46.81 46.82 46.84 46.84 46.83 46.72 46.52 46.32 46.2 46.18 46.19 46.2 46.19 46.09 46.02 46.06
46.57 46.6 46.6 46.57 46.56 46.55 46.56 46.59 46.6 46.61 46.62 46.67 46.72 46.75 46.75 46.67 46.62 46.58 46.48 46.47 46.52 46.5 46.48 46.49 46.51 46.52 46.54 46.55 46.56 46.61 46.62 46.6 46.58 46.56 46.48 46.41 46.39 46.46 46.56 46.59 46.6 46.66 46.71 46.74 46.77 46.78 46.76 46.76 46.77 46.75 46.74 46.61 46.48 46.55 46.62 46.61 46.65 46.73 46.75 46.77 46.79 46.82 46.84 46.83 46.82 46.83 46.83 46.76 46.6 46.45 46.3 46.17 46.16 46.2 46.17 46.09 46.07 46.12
46.56 46.59 46.6 46.57 46.56 46.58 46.58 46.59 46.63 46.64 46.68 46.73 46.76 46.76 46.67 46.6 46.6 46.58 46.47 46.44 46.49 46.55 46.58 46.55 46.53 46.52 46.57 46.62 46.65 46.66 46.64 46.61 46.6 46.54 46.45 46.4 46.39 46.46 46.59 46.66 46.69 46.75 46.79 46.8 46.81 46.79 46.75 46.78 46.79 46.75 46.7 46.56 46.47 46.59 46.7 46.73 46.75 46.76 46.74 46.74 46.78 46.83 46.83 46.81 46.8 46.84 46.87 46.84 46.7 46.55 46.38 46.18 46.12 46.17 46.16 46.1 46.11 46.16
46.57 46.58 46.57 46.57 46.58 46.58 46.58 46.63 46.69 46.69 46.71 46.73 46.71 46.66 46.58 46.56 46.61 46.6 46.58 46.58 46.6 46.61 46.62 46.62 46.59 46.6 46.66 46.7 46.71 46.7 46.65 46.61 46.57 46.51 46.48 46.48 46.48 46.51 46.61 46.68 46.7 46.75 46.81 46.82 46.82 46.79 46.78 46.79 46.76 46.67 46.61 46.52 46.48 46.61 46.71 46.74 46.77 46.78 46.77 46.76 46.78 46.81 46.82 46.82 46.84 46.88 46.89 46.88 46.79 46.67 46.49 46.24 46.09 46.08 46.13 46.18 46.19 46.19
