slabs/80.grd
DSAA
631 301
646410 647040
4948700 4949000
29.35 47.94
[rows 136 to 169 of 300, columns 468 to 545 of 631]
39.03 38.98 38.96 38.95 38.92 38.92 38.94 38.95 38.95 38.95 38.96 38.97 38.94 38.95 38.96 38.98 38.98 38.98 39.01 39.05 39.03 39 38.99 38.95 38.86 38.81 38.84 38.91 38.96 38.97 38.94 38.85 38.77 38.75 38.73 38.74 38.77 38.76 38.72 38.69 38.7 38.7 38.7 38.68 38.68 38.68 38.7 38.74 38.77 38.73 38.63 38.54 38.51 38.48 38.47 38.47 38.47 38.47 38.47 38.48 38.51 38.55 38.55 38.54 38.53 38.51 38.46 38.42 38.42 38.43 38.44 38.44 38.45 38.46 38.49 38.53 38.55 38.56
39.1 39.02 38.99 38.96 38.94 38.93 38.95 38.99 38.98 38.95 38.96 38.97 38.94 38.95 38.97 38.98 38.95 38.94 38.94 38.97 39.05 39.09 39.06 38.99 38.92 38.87 38.9 38.96 38.98 38.99 38.96 38.86 38.79 38.77 38.76 38.79 38.81 38.79 38.73 38.72 38.73 38.73 38.72 38.71 38.71 38.72 38.74 38.77 38.78 38.74 38.64 38.55 38.51 38.48 38.47 38.47 38.47 38.47 38.48 38.51 38.52 38.54 38.54 38.53 38.52 38.5 38.45 38.42 38.44 38.45 38.45 38.46 38.47 38.46 38.48 38.5 38.55 38.62
39.18 39.11 39.08 39.02 38.99 38.97 38.99 39.04 39.01 38.96 38.96 38.97 38.93 38.94 38.94 38.92 38.88 38.86 38.87 38.92 39.06 39.21 39.15 39.06 39.02 38.98 38.99 39 38.96 38.97 38.96 38.86 38.81 38.8 38.8 38.83 38.83 38.8 38.76 38.75 38.76 38.75 38.75 38.75 38.75 38.75 38.78 38.81 38.8 38.74 38.65 38.55 38.52 38.48 38.49 38.48 38.48 38.49 38.49 38.51 38.52 38.54 38.53 38.52 38.52 38.5 38.45 38.44 38.45 38.46 38.46 38.47 38.47 38.45 38.48 38.5 38.56 38.61
39.23 39.19 39.15 39.08 39.06 39.03 39.05 39.08 39.03 38.96 38.97 38.99 38.95 38.92 38.89 38.86 38.85 38.84 38.88 38.98 39.11 39.21 39.16 39.08 39.06 39.05 39.01 38.97 38.92 38.93 38.94 38.87 38.84 38.83 38.84 38.87 38.84 38.82 38.78 38.78 38.79 38.79 38.79 38.8 38.8 38.79 38.81 38.83 38.82 38.75 38.66 38.56 38.54 38.51 38.52 38.53 38.53 38.53 38.52 38.51 38.52 38.53 38.52 38.53 38.53 38.5 38.46 38.46 38.46 38.47 38.5 38.48 38.44 38.45 38.48 38.51 38.58 38.61
39.25 39.23 39.19 39.13 39.12 39.09 39.09 39.09 39.05 39.01 39.01 39.01 38.99 38.93 38.91 38.86 38.85 38.86 38.92 39.03 39.11 39.12 39.08 39.05 39.03 39.02 39 38.94 38.9 38.89 38.89 38.87 38.87 38.86 38.87 38.88 38.84 38.82 38.8 38.81 38.82 38.82 38.83 38.85 38.85 38.83 38.85 38.85 38.83 38.77 38.67 38.58 38.56 38.54 38.56 38.59 38.59 38.58 38.55 38.52 38.52 38.52 38.52 38.53 38.53 38.5 38.47 38.47 38.47 38.49 38.54 38.5 38.42 38.45 38.5 38.53 38.59 38.61
39.25 39.28 39.25 39.18 39.15 39.12 39.1 39.07 39.07 39.06 39.05 39.03 39.01 38.95 38.92 38.87 38.86 38.89 38.95 39.01 39.03 39.03 39.01 39.01 38.99 39 39.02 38.98 38.93 38.9 38.87 38.89 38.9 38.88 38.86 38.85 38.83 38.83 38.84 38.85 38.85 38.86 38.88 38.89 38.89 38.89 38.89 38.89 38.87 38.8 38.69 38.58 38.57 38.58 38.61 38.64 38.63 38.61 38.58 38.55 38.54 38.53 38.51 38.51 38.49 38.49 38.48 38.48 38.49 38.51 38.52 38.47 38.41 38.46 38.52 38.55 38.59 38.6
39.25 39.3 39.28 39.23 39.17 39.14 39.12 39.1 39.09 39.07 39.05 39.03 39.04 38.99 38.94 38.91 38.9 38.91 38.94 38.98 38.99 38.98 38.96 38.95 38.94 38.97 39 38.99 38.97 38.94 38.9 38.91 38.9 38.89 38.86 38.83 38.82 38.83 38.88 38.9 38.89 38.92 38.97 38.94 38.93 38.93 38.94 38.95 38.91 38.82 38.7 38.59 38.59 38.61 38.66 38.67 38.66 38.64 38.62 38.6 38.58 38.56 38.52 38.49 38.44 38.47 38.51 38.51 38.52 38.53 38.49 38.44 38.41 38.48 38.55 38.57 38.59 38.59
39.23 39.26 39.25 39.22 39.18 39.16 39.14 39.13 39.12 39.09 39.06 39.05 39.07 39.04 38.96 38.92 38.92 38.92 38.93 38.98 39.01 38.99 38.94 38.91 38.92 38.93 38.96 38.98 38.98 38.96 38.92 38.93 38.9 38.9 38.88 38.85 38.85 38.85 38.91 38.94 38.93 38.99 39.08 39.05 39.01 38.96 38.97 38.98 38.94 38.84 38.71 38.61 38.62 38.66 38.71 38.7 38.69 38.68 38.65 38.64 38.62 38.59 38.54 38.5 38.45 38.51 38.56 38.57 38.57 38.55 38.45 38.42 38.41 38.51 38.58 38.58 38.59 38.59
39.2 39.22 39.2 39.16 39.17 39.2 39.17 39.13 39.11 39.1 39.08 39.07 39.09 39.07 38.99 38.93 38.91 38.92 38.94 38.97 38.98 38.96 38.91 38.91 38.96 38.95 38.94 38.96 38.99 38.96 38.92 38.91 38.9 38.91 38.9 38.9 38.89 38.89 38.9 38.92 38.95 39.05 39.15 39.16 39.1 39 39.01 39 38.96 38.86 38.72 38.63 38.66 38.72 38.75 38.74 38.72 38.71 38.69 38.68 38.66 38.61 38.55 38.52 38.5 38.57 38.62 38.63 38.64 38.59 38.47 38.44 38.44 38.53 38.58 38.58 38.58 38.58
39.16 39.17 39.16 39.15 39.18 39.2 39.2 39.16 39.13 39.11 39.1 39.08 39.09 39.08 39.02 38.96 38.92 38.93 38.95 38.96 38.95 38.94 38.91 38.95 39.03 39 38.99 39.01 39.04 39.02 38.96 38.9 38.9 38.91 38.93 38.93 38.93 38.92 38.9 38.88 38.91 39.03 39.13 39.19 39.13 39.02 38.98 38.95 38.93 38.86 38.73 38.68 38.72 38.78 38.77 38.77 38.76 38.75 38.73 38.72 38.69 38.63 38.56 38.55 38.56 38.64 38.67 38.68 38.69 38.64 38.55 38.52 38.5 38.56 38.59 38.57 38.57 38.57
39.13 39.14 39.15 39.14 39.18 39.2 39.22 39.18 39.14 39.13 39.11 39.1 39.1 39.09 39.04 38.98 38.96 38.96 38.97 38.97 38.97 38.96 38.95 38.97 39.02 39.01 39.06 39.12 39.12 39.11 39.06 38.99 38.96 38.93 38.93 38.94 38.94 38.94 38.94 38.92 38.92 38.96 39.05 39.14 39.1 39 38.89 38.85 38.89 38.9 38.8 38.77 38.8 38.82 38.79 38.8 38.8 38.78 38.77 38.76 38.72 38.65 38.58 38.59 38.64 38.7 38.73 38.74 38.73 38.68 38.63 38.61 38.59 38.6 38.6 38.57 38.57 38.57
39.11 39.12 39.14 39.14 39.16 39.18 39.22 39.18 39.13 39.13 39.14 39.14 39.13 39.12 39.07 39.03 39 39 39 39.01 39 39 38.99 38.97 38.98 38.99 39.03 39.11 39.12 39.12 39.16 39.13 39.07 38.97 38.94 38.94 38.94 38.94 38.95 38.95 38.94 38.93 38.96 39.02 39.02 38.96 38.86 38.85 38.93 38.99 38.94 38.92 38.9 38.85 38.82 38.83 38.84 38.82 38.81 38.79 38.74 38.67 38.64 38.67 38.73 38.77 38.8 38.8 38.77 38.7 38.67 38.65 38.65 38.63 38.62 38.59 38.6 38.61
39.1 39.1 39.12 39.14 39.17 39.19 39.22 39.18 39.13 39.13 39.15 39.18 39.18 39.17 39.12 39.06 39.02 39.02 39.03 39.03 39.02 39.01 39.01 38.99 38.98 38.96 38.97 39 39.01 39.07 39.16 39.15 39.11 39.03 39 38.96 38.95 38.93 38.92 38.94 38.93 38.9 38.91 38.93 38.94 38.93 38.88 38.88 38.94 39 38.99 38.98 38.95 38.88 38.86 38.87 38.87 38.85 38.83 38.83 38.78 38.73 38.73 38.76 38.82 38.84 38.85 38.85 38.79 38.72 38.71 38.69 38.67 38.65 38.64 38.63 38.64 38.66
39.09 39.09 39.11 39.15 39.19 39.2 39.22 39.2 39.15 39.15 39.16 39.21 39.23 39.21 39.15 39.07 39.02 39.02 39.02 39.03 39.02 39.01 39.01 39.03 39.02 38.99 38.99 38.99 38.99 38.99 39.03 39.05 39.05 39.04 39.02 38.98 38.97 38.94 38.91 38.91 38.9 38.89 38.89 38.9 38.91 38.92 38.91 38.91 38.92 38.94 38.94 38.94 38.94 38.9 38.9 38.89 38.88 38.86 38.82 38.84 38.83 38.81 38.82 38.84 38.87 38.88 38.89 38.88 38.8 38.75 38.74 38.72 38.7 38.67 38.66 38.66 38.68 38.69
39.08 39.08 39.12 39.17 39.2 39.21 39.22 39.21 39.17 39.17 39.17 39.2 39.24 39.22 39.16 39.12 39.06 39.04 39.02 39.02 39.02 39.02 39.04 39.06 39.06 39.03 39.03 39.04 39.01 38.97 38.96 38.97 38.98 39.01 39.01 38.97 38.96 38.93 38.92 38.91 38.9 38.89 38.89 38.9 38.92 38.91 38.91 38.9 38.89 38.88 38.88 38.9 38.91 38.92 38.92 38.9 38.87 38.84 38.8 38.83 38.86 38.86 38.87 38.89 38.9 38.92 38.93 38.9 38.82 38.77 38.77 38.75 38.71 38.69 38.68 38.69 38.71 38.7
39.06 39.07 39.13 39.2 39.23 39.22 39.22 39.23 39.19 39.19 39.19 39.2 39.23 39.21 39.19 39.14 39.11 39.06 39.03 39.02 39.03 39.05 39.07 39.09 39.09 39.08 39.07 39.07 39.04 38.99 38.97 38.97 38.97 38.99 39 38.96 38.94 38.92 38.92 38.91 38.91 38.91 38.9 38.9 38.9 38.9 38.89 38.88 38.86 38.87 38.89 38.89 38.89 38.91 38.92 38.9 38.86 38.83 38.82 38.84 38.86 38.89 38.89 38.91 38.94 38.97 38.97 38.92 38.84 38.81 38.8 38.77 38.73 38.71 38.71 38.73 38.73 38.72
39.06 39.08 39.13 39.21 39.24 39.23 39.22 39.22 39.22 39.22 39.22 39.21 39.21 39.19 39.18 39.13 39.11 39.05 39.02 39.02 39.04 39.07 39.09 39.11 39.11 39.1 39.1 39.09 39.07 39.04 39.03 39.03 39.01 39 39 38.98 38.95 38.93 38.92 38.91 38.91 38.91 38.9 38.9 38.9 38.9 38.88 38.88 38.87 38.88 38.89 38.89 38.87 38.89 38.91 38.88 38.85 38.86 38.86 38.87 38.86 38.87 38.88 38.89 38.94 38.98 38.97 38.92 38.86 38.84 38.83 38.78 38.74 38.73 38.74 38.76 38.76 38.74
39.08 39.09 39.13 39.19 39.23 39.23 39.22 39.22 39.21 39.22 39.22 39.23 39.22 39.2 39.2 39.15 39.12 39.06 39.04 39.05 39.06 39.07 39.1 39.12 39.12 39.11 39.11 39.09 39.09 39.09 39.1 39.09 39.05 39.02 39.01 39.01 38.98 38.96 38.95 38.93 38.91 38.91 38.9 38.91 38.91 38.9 38.89 38.88 38.88 38.89 38.89 38.88 38.86 38.87 38.88 38.88 38.9 38.94 38.94 38.92 38.89 38.86 38.87 38.88 38.9 38.92 38.91 38.9 38.89 38.87 38.84 38.8 38.77 38.77 38.78 38.8 38.78 38.77
39.09 39.1 39.13 39.18 39.21 39.21 39.22 39.21 39.21 39.21 39.2 39.22 39.21 39.2 39.21 39.17 39.13 39.07 39.06 39.07 39.07 39.08 39.11 39.13 39.12 39.12 39.12 39.11 39.1 39.12 39.14 39.12 39.08 39.06 39.04 39.04 39.01 38.99 38.97 38.96 38.94 38.94 38.92 38.92 38.92 38.9 38.9 38.9 38.89 38.9 38.88 38.87 38.84 38.82 38.83 38.86 38.93 39 39 38.97 38.93 38.89 38.89 38.88 38.87 38.87 38.87 38.88 38.89 38.88 38.86 38.82 38.8 38.8 38.83 38.83 38.81 38.8
39.1 39.1 39.13 39.19 39.2 39.2 39.2 39.2 39.2 39.19 39.19 39.21 39.2 39.19 39.22 39.19 39.14 39.06 39.06 39.09 39.08 39.09 39.12 39.14 39.14 39.13 39.13 39.12 39.11 39.12 39.14 39.12 39.1 39.09 39.08 39.06 39.03 39 38.98 38.98 38.98 38.98 38.96 38.96 38.94 38.91 38.92 38.92 38.9 38.92 38.91 38.88 38.82 38.78 38.79 38.82 38.9 38.99 39 38.99 38.96 38.93 38.91 38.88 38.85 38.85 38.84 38.85 38.88 38.88 38.86 38.84 38.83 38.85 38.88 38.86 38.84 38.83
39.11 39.11 39.13 39.19 39.2 39.2 39.21 39.21 39.2 39.19 39.18 39.21 39.19 39.18 39.22 39.19 39.14 39.07 39.08 39.11 39.09 39.12 39.12 39.14 39.13 39.14 39.14 39.13 39.12 39.12 39.13 39.13 39.14 39.14 39.1 39.09 39.06 39.04 39.01 39 39 39.01 39 38.99 38.95 38.91 38.91 38.92 38.92 38.93 38.92 38.88 38.84 38.8 38.78 38.79 38.86 38.95 38.96 38.96 38.95 38.94 38.92 38.87 38.83 38.84 38.83 38.83 38.85 38.87 38.89 38.92 38.92 38.92 38.92 38.88 38.87 38.85
39.12 39.11 39.13 39.17 39.18 39.2 39.21 39.22 39.21 39.19 39.17 39.18 39.18 39.19 39.22 39.19 39.16 39.12 39.16 39.16 39.12 39.14 39.14 39.13 39.12 39.14 39.12 39.12 39.12 39.12 39.11 39.14 39.2 39.22 39.18 39.15 39.09 39.05 39.03 39.01 39.03 39.05 39.03 39.01 38.97 38.95 38.94 38.93 38.92 38.92 38.91 38.88 38.86 38.81 38.79 38.79 38.84 38.88 38.88 38.88 38.88 38.91 38.89 38.85 38.84 38.85 38.83 38.82 38.84 38.87 38.96 39.05 39.05 39.02 38.95 38.9 38.88 38.85
39.15 39.12 39.14 39.13 39.15 39.18 39.2 39.22 39.21 39.2 39.18 39.17 39.18 39.21 39.23 39.21 39.2 39.21 39.27 39.24 39.16 39.15 39.17 39.16 39.14 39.14 39.12 39.13 39.14 39.13 39.12 39.13 39.16 39.21 39.25 39.2 39.1 39.04 39.04 39.05 39.08 39.08 39.06 39.02 38.99 38.98 38.97 38.94 38.92 38.91 38.9 38.87 38.85 38.81 38.8 38.8 38.83 38.82 38.8 38.78 38.79 38.82 38.81 38.81 38.85 38.85 38.82 38.82 38.85 38.88 39 39.14 39.13 39.09 38.99 38.94 38.94 38.91
39.22 39.15 39.15 39.13 39.15 39.19 39.19 39.19 39.19 39.2 39.2 39.2 39.21 39.23 39.24 39.24 39.25 39.28 39.32 39.27 39.17 39.17 39.22 39.21 39.19 39.18 39.19 39.18 39.17 39.16 39.14 39.13 39.11 39.14 39.19 39.17 39.1 39.06 39.07 39.11 39.13 39.11 39.08 39.04 39.02 39.02 38.99 38.95 38.93 38.92 38.9 38.87 38.83 38.81 38.82 38.82 38.83 38.82 38.78 38.74 38.76 38.75 38.76 38.8 38.81 38.81 38.8 38.8 38.85 38.86 38.95 39.11 39.12 39.08 39.03 39.02 39.04 39
39.38 39.22 39.17 39.15 39.17 39.19 39.19 39.18 39.19 39.21 39.24 39.25 39.24 39.25 39.24 39.26 39.32 39.35 39.3 39.24 39.17 39.2 39.26 39.25 39.23 39.21 39.22 39.21 39.19 39.17 39.17 39.16 39.14 39.13 39.14 39.14 39.11 39.08 39.1 39.15 39.17 39.13 39.1 39.05 39.03 39.02 39 38.96 38.95 38.93 38.92 38.9 38.85 38.82 38.84 38.86 38.85 38.84 38.8 38.76 38.77 38.78 38.81 38.85 38.82 38.81 38.78 38.78 38.82 38.83 38.88 39.03 39.11 39.07 39.01 39.01 39.04 38.98
39.69 39.31 39.22 39.2 39.2 39.19 39.19 39.18 39.2 39.25 39.3 39.3 39.27 39.26 39.24 39.26 39.33 39.36 39.28 39.25 39.21 39.23 39.27 39.26 39.25 39.23 39.22 39.21 39.2 39.2 39.2 39.2 39.16 39.14 39.13 39.13 39.14 39.11 39.12 39.15 39.18 39.15 39.12 39.07 39.04 39.02 39.01 38.98 38.97 38.95 38.96 38.96 38.91 38.85 38.86 38.86 38.87 38.86 38.83 38.79 38.79 38.8 38.85 38.89 38.86 38.83 38.79 38.78 38.79 38.79 38.82 38.91 39 38.98 38.92 38.91 38.93 38.9
40.06 39.4 39.25 39.24 39.23 39.2 39.18 39.17 39.2 39.3 39.4 39.4 39.36 39.31 39.28 39.28 39.3 39.32 39.28 39.27 39.26 39.25 39.27 39.27 39.29 39.29 39.26 39.25 39.23 39.22 39.24 39.26 39.2 39.16 39.15 39.14 39.16 39.16 39.15 39.15 39.15 39.15 39.14 39.09 39.05 39.03 39.02 39 39.01 38.98 38.99 38.99 38.95 38.91 38.89 38.86 38.86 38.87 38.85 38.82 38.82 38.84 38.88 38.92 38.9 38.86 38.8 38.78 38.79 38.78 38.76 38.81 38.88 38.88 38.87 38.86 38.87 38.86
40.29 39.51 39.28 39.25 39.23 39.2 39.17 39.17 39.22 39.36 39.46 39.46 39.43 39.36 39.3 39.3 39.29 39.3 39.28 39.29 39.29 39.27 39.27 39.28 39.32 39.37 39.34 39.31 39.28 39.27 39.3 39.33 39.24 39.2 39.19 39.18 39.19 39.19 39.18 39.15 39.13 39.13 39.12 39.11 39.08 39.05 39.04 39.03 39.04 39.02 39.01 38.99 38.96 38.94 38.92 38.89 38.87 38.87 38.85 38.83 38.84 38.85 38.86 38.88 38.87 38.86 38.81 38.78 38.78 38.78 38.76 38.77 38.8 38.83 38.86 38.87 38.87 38.87
40.54 39.73 39.33 39.27 39.23 39.22 39.19 39.19 39.23 39.36 39.42 39.42 39.41 39.36 39.29 39.29 39.29 39.28 39.26 39.26 39.28 39.28 39.27 39.29 39.32 39.37 39.36 39.32 39.3 39.34 39.35 39.34 39.27 39.23 39.23 39.22 39.2 39.2 39.19 39.18 39.15 39.12 39.12 39.12 39.1 39.1 39.08 39.06 39.07 39.07 39.03 38.98 38.94 38.93 38.92 38.91 38.89 38.88 38.85 38.83 38.85 38.85 38.85 38.85 38.85 38.84 38.82 38.8 38.81 38.81 38.79 38.78 38.78 38.82 38.87 38.9 38.9 38.86
40.8 39.99 39.41 39.31 39.24 39.23 39.21 39.21 39.23 39.32 39.36 39.37 39.37 39.35 39.28 39.28 39.29 39.26 39.24 39.25 39.27 39.28 39.28 39.29 39.29 39.32 39.33 39.3 39.3 39.36 39.35 39.31 39.27 39.26 39.26 39.23 39.2 39.21 39.22 39.22 39.21 39.16 39.15 39.13 39.12 39.13 39.11 39.1 39.09 39.07 39.04 38.99 38.94 38.94 38.94 38.92 38.91 38.9 38.89 38.87 38.88 38.86 38.84 38.84 38.84 38.84 38.84 38.83 38.83 38.84 38.82 38.8 38.79 38.82 38.89 38.95 38.92 38.82
40.92 40.15 39.5 39.38 39.25 39.25 39.24 39.22 39.22 39.29 39.33 39.33 39.33 39.3 39.28 39.29 39.29 39.26 39.23 39.25 39.29 39.3 39.3 39.28 39.29 39.32 39.32 39.32 39.31 39.32 39.32 39.29 39.26 39.25 39.25 39.23 39.22 39.24 39.24 39.23 39.22 39.17 39.15 39.15 39.14 39.14 39.13 39.11 39.1 39.09 39.05 38.99 38.95 38.96 38.96 38.94 38.94 38.93 38.92 38.91 38.92 38.89 38.85 38.85 38.85 38.85 38.85 38.84 38.84 38.84 38.83 38.8 38.8 38.83 38.89 38.94 38.92 38.84
41.02 40.37 39.7 39.52 39.28 39.26 39.26 39.23 39.21 39.27 39.31 39.31 39.3 39.27 39.26 39.27 39.27 39.25 39.23 39.26 39.29 39.3 39.3 39.28 39.29 39.33 39.32 39.32 39.32 39.31 39.3 39.27 39.25 39.23 39.23 39.23 39.25 39.27 39.26 39.23 39.22 39.2 39.17 39.18 39.15 39.15 39.14 39.11 39.08 39.07 39.05 39.01 38.97 38.97 38.97 38.96 38.98 38.96 38.93 38.92 38.93 38.92 38.89 38.87 38.87 38.87 38.87 38.87 38.87 38.85 38.84 38.79 38.82 38.87 38.86 38.84 38.87 38.88
41.14 40.62 39.99 39.72 39.34 39.28 39.27 39.24 39.22 39.26 39.29 39.3 39.3 39.26 39.23 39.23 39.25 39.24 39.24 39.26 39.28 39.29 39.29 39.29 39.29 39.32 39.31 39.29 39.31 39.34 39.33 39.28 39.24 39.22 39.22 39.23 39.24 39.26 39.25 39.23 39.21 39.2 39.18 39.18 39.17 39.16 39.14 39.11 39.07 39.06 39.04 39.01 38.99 38.99 38.99 38.98 39 38.97 38.93 38.93 38.93 38.93 38.91 38.88 38.88 38.89 38.88 38.88 38.88 38.88 38.86 38.81 38.83 38.88 38.87 38.81 38.83 38.86
41.24 40.84 40.29 39.97 39.45 39.32 39.28 39.25 39.22 39.23 39.27 39.29 39.3 39.26 39.25 39.23 39.25 39.25 39.24 39.25 39.28 39.28 39.28 39.3 39.32 39.32 39.31 39.3 39.29 39.32 39.31 39.27 39.24 39.23 39.22 39.22 39.21 39.23 39.25 39.22 39.19 39.19 39.19 39.17 39.18 39.17 39.15 39.12 39.1 39.09 39.05 39.02 39.03 39.02 39 38.99 38.99 38.97 38.94 38.94 38.94 38.94 38.91 38.89 38.89 38.88 38.87 38.86 38.86 38.89 38.89 38.85 38.86 38.88 38.86 38.84 38.86 38.9
