slabs/80.grd
DSAA
631 301
646410 647040
4948700 4949000
29.35 47.94
[rows 102 to 135 of 300, columns 468 to 545 of 631]
38.66 38.54 38.53 38.53 38.55 38.58 38.59 38.62 38.61 38.56 38.55 38.55 38.62 38.66 38.63 38.54 38.48 38.44 38.4 38.33 38.25 38.13 38.11 38.1 38.11 38.09 38.05 37.91 37.75 37.68 37.62 37.43 37.09 36.82 36.28 35.84 35.47 35.23 34.72 34.33 34.17 33.96 33.47 32.96 32.63 32.66 32.27 31.86 31.55 31.32 30.87 30.6 30.44 30.16 30.07 30.04 30.03 30.03 29.99 29.8 29.73 29.65 29.69 29.73 29.76 29.81 29.75 29.73 29.77 29.84 29.88 29.89 29.89 29.91 29.94 29.97 29.99 30.01
38.67 38.52 38.53 38.52 38.53 38.55 38.57 38.62 38.62 38.56 38.55 38.54 38.55 38.55 38.53 38.49 38.49 38.45 38.41 38.33 38.25 38.16 38.14 38.13 38.16 38.15 38.12 38.08 37.99 37.94 37.84 37.7 37.43 37.21 36.74 36.36 36.04 35.84 35.44 35.14 35 34.82 34.4 33.92 33.46 33.25 32.81 32.38 32.11 31.81 31.37 31.01 30.81 30.43 30.21 30.07 30.05 30.05 30 29.81 29.75 29.7 29.78 29.85 29.87 29.91 29.85 29.78 29.78 29.81 29.83 29.84 29.84 29.86 29.88 29.9 29.93 29.97
38.63 38.55 38.53 38.52 38.53 38.54 38.57 38.62 38.62 38.6 38.56 38.52 38.51 38.5 38.49 38.48 38.48 38.45 38.42 38.35 38.29 38.24 38.22 38.2 38.22 38.21 38.18 38.18 38.15 38.12 38.05 37.94 37.74 37.6 37.24 36.89 36.66 36.49 36.12 35.76 35.46 35.29 34.95 34.58 34.21 33.87 33.37 32.95 32.73 32.31 31.9 31.54 31.33 30.9 30.57 30.31 30.21 30.09 30 29.83 29.79 29.79 29.9 29.98 29.99 30 29.96 29.91 29.83 29.77 29.77 29.78 29.79 29.81 29.84 29.87 29.92 29.98
38.61 38.59 38.58 38.58 38.58 38.6 38.61 38.62 38.62 38.64 38.6 38.52 38.48 38.48 38.47 38.46 38.47 38.48 38.44 38.37 38.34 38.32 38.3 38.28 38.27 38.27 38.24 38.23 38.24 38.23 38.2 38.15 38.07 37.99 37.72 37.42 37.3 37.16 36.78 36.29 35.91 35.78 35.47 35.17 34.94 34.42 33.9 33.48 33.27 32.82 32.39 32.07 31.87 31.41 31.01 30.7 30.54 30.26 30.08 29.91 29.88 29.89 30.01 30.07 30.06 30.04 30.02 29.97 29.85 29.75 29.73 29.74 29.77 29.8 29.84 29.87 29.94 30
38.65 38.68 38.67 38.63 38.6 38.62 38.62 38.61 38.62 38.66 38.61 38.52 38.48 38.47 38.46 38.45 38.44 38.46 38.44 38.37 38.38 38.37 38.35 38.34 38.32 38.31 38.28 38.25 38.27 38.27 38.23 38.19 38.18 38.13 37.99 37.86 37.78 37.67 37.31 36.79 36.42 36.26 36 35.67 35.43 34.91 34.42 34.05 33.84 33.37 32.93 32.61 32.4 31.93 31.49 31.2 31.02 30.64 30.34 30.14 30.05 30.01 30.07 30.08 30.05 30.03 30.02 29.97 29.85 29.78 29.78 29.8 29.81 29.82 29.85 29.88 29.95 29.96
38.68 38.72 38.71 38.66 38.62 38.65 38.63 38.61 38.62 38.64 38.6 38.53 38.48 38.47 38.46 38.44 38.41 38.42 38.41 38.38 38.37 38.38 38.37 38.35 38.34 38.33 38.29 38.24 38.25 38.28 38.28 38.22 38.21 38.18 38.14 38.13 38.06 37.94 37.62 37.17 36.95 36.66 36.37 36.09 35.86 35.39 34.96 34.63 34.4 33.9 33.45 33.12 32.93 32.47 32 31.71 31.53 31.12 30.79 30.6 30.38 30.21 30.16 30.12 30.06 30.02 30.02 29.98 29.89 29.86 29.9 29.9 29.89 29.85 29.86 29.89 29.94 29.91
38.7 38.71 38.7 38.68 38.66 38.68 38.64 38.6 38.64 38.63 38.6 38.55 38.51 38.48 38.44 38.43 38.43 38.43 38.41 38.4 38.37 38.39 38.41 38.34 38.31 38.32 38.29 38.25 38.26 38.29 38.3 38.23 38.22 38.2 38.18 38.22 38.19 38.08 37.86 37.5 37.33 37 36.67 36.44 36.26 35.85 35.45 35.14 34.92 34.43 33.96 33.65 33.47 33.05 32.59 32.31 32.08 31.68 31.37 31.24 30.97 30.67 30.53 30.43 30.23 30.09 30.03 30.02 29.98 29.96 29.99 29.98 29.95 29.89 29.84 29.87 29.91 29.88
38.7 38.7 38.7 38.7 38.7 38.68 38.64 38.64 38.68 38.65 38.61 38.56 38.53 38.5 38.44 38.44 38.48 38.48 38.46 38.42 38.37 38.41 38.43 38.34 38.3 38.32 38.33 38.29 38.27 38.29 38.3 38.24 38.22 38.22 38.21 38.22 38.21 38.15 38.04 37.85 37.71 37.37 37.06 36.89 36.73 36.34 35.92 35.61 35.45 35.07 34.63 34.33 34.12 33.7 33.36 33.28 32.9 32.45 32.11 31.96 31.63 31.28 31.11 30.94 30.58 30.3 30.1 30.08 30.05 30.05 30.05 30.04 30 29.89 29.77 29.82 29.88 29.84
38.71 38.7 38.7 38.72 38.73 38.69 38.65 38.69 38.7 38.68 38.62 38.56 38.52 38.5 38.48 38.49 38.52 38.52 38.5 38.44 38.38 38.39 38.41 38.36 38.34 38.36 38.38 38.35 38.3 38.3 38.29 38.23 38.23 38.24 38.25 38.25 38.23 38.2 38.17 38.1 38.01 37.79 37.54 37.38 37.24 36.89 36.47 36.18 36.11 35.94 35.66 35.41 35.03 34.53 34.23 34.23 33.79 33.29 32.88 32.66 32.21 31.84 31.57 31.35 30.94 30.62 30.35 30.29 30.18 30.12 30.12 30.09 30.02 29.89 29.79 29.81 29.88 29.87
38.7 38.7 38.72 38.75 38.75 38.72 38.68 38.7 38.69 38.67 38.62 38.56 38.53 38.52 38.51 38.53 38.55 38.53 38.48 38.41 38.36 38.36 38.37 38.36 38.37 38.39 38.42 38.4 38.37 38.33 38.3 38.22 38.23 38.26 38.28 38.28 38.27 38.26 38.25 38.2 38.16 38.06 37.91 37.77 37.71 37.53 37.23 36.98 36.91 36.77 36.59 36.42 35.92 35.3 34.91 34.74 34.37 33.95 33.5 33.28 32.83 32.39 32.04 31.8 31.36 31.05 30.79 30.69 30.44 30.24 30.2 30.13 30.04 29.95 29.89 29.86 29.9 29.91
38.7 38.73 38.75 38.76 38.73 38.71 38.7 38.71 38.68 38.66 38.62 38.58 38.56 38.55 38.54 38.53 38.5 38.49 38.44 38.39 38.36 38.37 38.37 38.36 38.37 38.4 38.42 38.42 38.39 38.34 38.31 38.22 38.25 38.31 38.31 38.32 38.31 38.3 38.28 38.23 38.21 38.18 38.12 38.06 38.07 38.05 37.92 37.76 37.55 37.25 37.04 36.9 36.49 35.91 35.49 35.26 34.85 34.5 34.11 33.88 33.37 32.89 32.56 32.35 31.93 31.57 31.26 31.14 30.79 30.49 30.37 30.18 30.08 30.01 29.98 29.92 29.93 29.95
38.72 38.74 38.77 38.78 38.73 38.71 38.71 38.71 38.68 38.66 38.62 38.61 38.59 38.58 38.56 38.53 38.49 38.47 38.42 38.39 38.38 38.39 38.39 38.38 38.38 38.39 38.41 38.41 38.39 38.34 38.31 38.24 38.28 38.35 38.37 38.42 38.38 38.33 38.3 38.26 38.26 38.26 38.24 38.22 38.21 38.22 38.2 38.11 37.85 37.57 37.39 37.3 37.05 36.64 36.21 35.91 35.34 34.94 34.61 34.42 33.95 33.45 33.1 32.92 32.57 32.2 31.87 31.63 31.24 30.94 30.76 30.4 30.22 30.11 30.07 30 29.97 29.97
38.75 38.77 38.79 38.79 38.72 38.72 38.73 38.71 38.68 38.66 38.63 38.63 38.61 38.6 38.59 38.54 38.5 38.47 38.44 38.43 38.43 38.43 38.42 38.41 38.41 38.41 38.42 38.4 38.38 38.34 38.32 38.32 38.34 38.36 38.43 38.51 38.46 38.39 38.38 38.36 38.32 38.27 38.24 38.22 38.22 38.25 38.24 38.18 38.02 37.85 37.7 37.6 37.38 37.13 36.86 36.57 35.96 35.45 35.04 34.9 34.55 34.11 33.78 33.56 33.18 32.84 32.6 32.21 31.77 31.5 31.29 30.86 30.54 30.36 30.32 30.15 30.05 30
38.77 38.79 38.81 38.78 38.73 38.73 38.74 38.7 38.67 38.66 38.66 38.66 38.64 38.64 38.61 38.56 38.53 38.49 38.47 38.47 38.48 38.49 38.46 38.42 38.43 38.44 38.42 38.41 38.4 38.37 38.35 38.41 38.4 38.38 38.43 38.47 38.46 38.48 38.54 38.52 38.4 38.28 38.24 38.23 38.24 38.25 38.24 38.21 38.14 38.08 38 37.89 37.69 37.5 37.28 37.08 36.62 36.07 35.59 35.42 35.05 34.68 34.47 34.17 33.75 33.37 33.2 32.79 32.33 32.07 31.89 31.48 31.04 30.8 30.86 30.58 30.31 30.14
38.77 38.79 38.82 38.78 38.74 38.75 38.74 38.7 38.67 38.68 38.69 38.7 38.68 38.66 38.62 38.58 38.55 38.52 38.51 38.51 38.53 38.54 38.5 38.45 38.46 38.47 38.43 38.45 38.45 38.42 38.39 38.41 38.41 38.4 38.43 38.44 38.46 38.54 38.64 38.61 38.48 38.37 38.31 38.29 38.27 38.29 38.29 38.26 38.2 38.19 38.19 38.13 37.98 37.81 37.63 37.5 37.14 36.63 36.25 36.01 35.51 35.14 35 34.7 34.33 33.96 33.77 33.37 33 32.84 32.67 32.28 31.79 31.43 31.46 31.11 30.71 30.39
38.78 38.8 38.81 38.78 38.77 38.77 38.74 38.7 38.69 38.7 38.73 38.73 38.71 38.68 38.63 38.6 38.59 38.57 38.56 38.55 38.57 38.58 38.52 38.49 38.5 38.49 38.45 38.45 38.47 38.47 38.43 38.41 38.42 38.45 38.49 38.5 38.51 38.58 38.67 38.65 38.56 38.5 38.46 38.41 38.33 38.32 38.32 38.28 38.2 38.2 38.24 38.21 38.15 38.04 37.94 37.81 37.49 37.12 36.95 36.7 36.12 35.73 35.55 35.26 35.05 34.77 34.58 34.18 33.85 33.7 33.5 33.07 32.57 32.11 31.94 31.54 31.12 30.83
38.8 38.81 38.81 38.79 38.81 38.8 38.76 38.72 38.71 38.73 38.78 38.77 38.75 38.7 38.65 38.63 38.62 38.62 38.61 38.61 38.62 38.59 38.52 38.53 38.53 38.5 38.46 38.48 38.5 38.48 38.41 38.44 38.5 38.53 38.53 38.54 38.57 38.64 38.68 38.66 38.6 38.54 38.53 38.49 38.4 38.36 38.33 38.29 38.22 38.21 38.21 38.21 38.22 38.19 38.14 38.03 37.79 37.58 37.55 37.39 36.97 36.63 36.42 36.05 35.83 35.54 35.36 34.99 34.65 34.42 34.17 33.64 33.12 32.73 32.55 32.07 31.64 31.44
38.83 38.83 38.81 38.82 38.86 38.85 38.81 38.77 38.76 38.77 38.79 38.79 38.77 38.72 38.67 38.66 38.66 38.65 38.64 38.65 38.65 38.6 38.54 38.56 38.54 38.5 38.48 38.5 38.51 38.48 38.4 38.45 38.57 38.58 38.53 38.54 38.6 38.66 38.67 38.64 38.57 38.52 38.51 38.49 38.43 38.37 38.34 38.32 38.27 38.24 38.23 38.22 38.23 38.23 38.21 38.16 38.09 38.02 38 37.91 37.69 37.46 37.28 36.88 36.48 36.1 35.9 35.49 35.19 35.1 34.85 34.28 33.77 33.46 33.19 32.66 32.18 31.99
38.86 38.84 38.83 38.86 38.89 38.88 38.85 38.83 38.81 38.78 38.78 38.77 38.76 38.72 38.7 38.7 38.69 38.68 38.67 38.68 38.67 38.61 38.56 38.58 38.56 38.51 38.5 38.52 38.53 38.48 38.42 38.48 38.6 38.61 38.57 38.58 38.62 38.66 38.65 38.62 38.55 38.5 38.45 38.44 38.4 38.37 38.36 38.37 38.36 38.34 38.36 38.3 38.25 38.23 38.22 38.24 38.29 38.32 38.28 38.18 38.04 37.89 37.76 37.43 37.02 36.69 36.51 36.13 35.79 35.68 35.46 34.94 34.43 34.2 33.78 33.26 32.81 32.62
38.87 38.85 38.87 38.9 38.91 38.9 38.86 38.83 38.82 38.79 38.77 38.75 38.74 38.72 38.73 38.75 38.73 38.71 38.7 38.71 38.68 38.61 38.58 38.6 38.57 38.53 38.53 38.55 38.54 38.48 38.46 38.51 38.61 38.6 38.59 38.59 38.63 38.66 38.66 38.62 38.54 38.49 38.4 38.4 38.4 38.41 38.41 38.46 38.54 38.55 38.55 38.44 38.37 38.3 38.28 38.27 38.32 38.36 38.31 38.24 38.24 38.19 38.1 37.83 37.5 37.32 37.19 36.84 36.46 36.31 35.98 35.47 35.03 34.79 34.29 33.82 33.45 33.26
38.89 38.86 38.89 38.91 38.91 38.9 38.86 38.83 38.83 38.81 38.78 38.77 38.75 38.73 38.75 38.79 38.76 38.72 38.73 38.73 38.69 38.61 38.6 38.6 38.58 38.55 38.57 38.58 38.55 38.48 38.5 38.54 38.61 38.59 38.58 38.59 38.63 38.66 38.65 38.61 38.53 38.49 38.42 38.39 38.44 38.44 38.45 38.52 38.65 38.68 38.61 38.47 38.44 38.39 38.38 38.33 38.28 38.28 38.26 38.24 38.29 38.3 38.23 38.07 37.92 37.83 37.68 37.39 37.1 36.92 36.48 35.95 35.52 35.26 34.76 34.35 34.02 33.83
38.89 38.88 38.91 38.93 38.92 38.9 38.87 38.84 38.83 38.82 38.8 38.79 38.77 38.76 38.79 38.78 38.77 38.75 38.76 38.75 38.7 38.62 38.62 38.62 38.58 38.58 38.61 38.61 38.55 38.48 38.53 38.56 38.6 38.58 38.57 38.6 38.63 38.63 38.6 38.57 38.52 38.5 38.45 38.39 38.43 38.43 38.42 38.46 38.55 38.6 38.54 38.39 38.35 38.43 38.45 38.42 38.29 38.29 38.29 38.29 38.32 38.3 38.29 38.24 38.19 38.12 37.95 37.78 37.65 37.47 36.99 36.43 35.97 35.73 35.27 34.92 34.63 34.45
38.89 38.9 38.93 38.96 38.94 38.91 38.88 38.86 38.84 38.82 38.81 38.8 38.79 38.79 38.81 38.79 38.77 38.78 38.79 38.78 38.71 38.64 38.64 38.63 38.6 38.61 38.65 38.63 38.54 38.49 38.56 38.57 38.59 38.57 38.58 38.6 38.61 38.6 38.56 38.53 38.5 38.47 38.43 38.39 38.42 38.41 38.4 38.4 38.47 38.56 38.54 38.43 38.34 38.4 38.43 38.42 38.34 38.38 38.37 38.35 38.33 38.32 38.34 38.39 38.37 38.29 38.14 38.04 37.97 37.83 37.42 36.91 36.49 36.31 35.92 35.58 35.32 35.14
38.9 38.92 38.95 38.97 38.95 38.91 38.89 38.86 38.85 38.84 38.83 38.82 38.81 38.83 38.84 38.82 38.8 38.81 38.82 38.8 38.72 38.65 38.64 38.63 38.63 38.66 38.67 38.63 38.55 38.52 38.58 38.58 38.57 38.56 38.57 38.59 38.59 38.59 38.56 38.51 38.49 38.42 38.42 38.43 38.44 38.42 38.4 38.4 38.47 38.54 38.56 38.52 38.4 38.38 38.39 38.38 38.4 38.48 38.48 38.41 38.33 38.32 38.35 38.47 38.48 38.42 38.31 38.25 38.17 38.06 37.74 37.38 37.12 37.02 36.74 36.39 36.14 35.98
38.9 38.92 38.94 38.97 38.95 38.92 38.89 38.87 38.87 38.87 38.86 38.84 38.84 38.85 38.86 38.85 38.83 38.84 38.83 38.81 38.74 38.68 38.65 38.65 38.68 38.7 38.66 38.63 38.56 38.55 38.58 38.58 38.57 38.55 38.56 38.58 38.57 38.55 38.54 38.51 38.48 38.43 38.43 38.46 38.45 38.42 38.4 38.41 38.5 38.57 38.6 38.6 38.47 38.36 38.34 38.34 38.39 38.46 38.52 38.46 38.36 38.34 38.39 38.51 38.51 38.48 38.44 38.44 38.38 38.28 38.02 37.84 37.74 37.68 37.47 37.14 36.92 36.82
38.89 38.88 38.9 38.96 38.95 38.93 38.91 38.89 38.88 38.89 38.88 38.87 38.86 38.87 38.87 38.87 38.87 38.87 38.84 38.81 38.75 38.71 38.69 38.71 38.74 38.72 38.66 38.66 38.64 38.63 38.64 38.59 38.57 38.55 38.55 38.56 38.55 38.52 38.51 38.5 38.47 38.45 38.46 38.48 38.46 38.42 38.41 38.43 38.53 38.6 38.63 38.62 38.48 38.38 38.32 38.34 38.38 38.41 38.46 38.46 38.42 38.43 38.47 38.52 38.49 38.47 38.48 38.5 38.49 38.41 38.22 38.15 38.11 38.05 37.86 37.61 37.46 37.34
38.9 38.86 38.87 38.93 38.93 38.92 38.92 38.91 38.9 38.91 38.9 38.89 38.9 38.91 38.9 38.9 38.91 38.89 38.84 38.82 38.77 38.75 38.73 38.75 38.78 38.73 38.68 38.7 38.73 38.76 38.73 38.62 38.55 38.54 38.54 38.54 38.53 38.51 38.51 38.51 38.49 38.49 38.5 38.5 38.47 38.42 38.42 38.46 38.56 38.63 38.65 38.59 38.45 38.38 38.31 38.33 38.37 38.37 38.38 38.4 38.41 38.45 38.52 38.53 38.48 38.47 38.46 38.48 38.49 38.44 38.33 38.26 38.24 38.22 38.14 38.01 37.94 37.78
38.91 38.89 38.87 38.89 38.91 38.92 38.94 38.92 38.9 38.93 38.93 38.92 38.92 38.94 38.94 38.94 38.93 38.89 38.85 38.83 38.79 38.78 38.78 38.8 38.8 38.74 38.73 38.72 38.75 38.79 38.75 38.63 38.55 38.54 38.54 38.52 38.52 38.51 38.52 38.52 38.51 38.53 38.53 38.52 38.47 38.42 38.42 38.49 38.58 38.63 38.66 38.56 38.41 38.37 38.33 38.34 38.36 38.37 38.39 38.37 38.35 38.4 38.52 38.55 38.48 38.46 38.45 38.47 38.5 38.47 38.39 38.32 38.31 38.3 38.3 38.31 38.29 38.18
38.91 38.92 38.91 38.9 38.91 38.93 38.94 38.93 38.9 38.91 38.93 38.93 38.93 38.95 38.96 38.96 38.94 38.91 38.87 38.85 38.82 38.81 38.83 38.85 38.82 38.76 38.74 38.74 38.77 38.78 38.74 38.63 38.57 38.55 38.54 38.52 38.52 38.53 38.53 38.53 38.54 38.56 38.55 38.53 38.49 38.45 38.44 38.53 38.61 38.64 38.64 38.51 38.4 38.38 38.37 38.37 38.39 38.41 38.44 38.42 38.37 38.42 38.52 38.52 38.43 38.41 38.4 38.41 38.48 38.51 38.45 38.35 38.34 38.35 38.42 38.51 38.52 38.44
38.92 38.93 38.95 38.93 38.91 38.94 38.93 38.93 38.9 38.87 38.89 38.9 38.93 38.96 38.97 38.97 38.96 38.92 38.89 38.87 38.85 38.86 38.88 38.88 38.83 38.78 38.76 38.75 38.78 38.78 38.74 38.65 38.61 38.59 38.57 38.54 38.53 38.56 38.55 38.56 38.57 38.58 38.57 38.54 38.49 38.47 38.49 38.59 38.65 38.66 38.61 38.48 38.42 38.41 38.4 38.4 38.42 38.44 38.45 38.42 38.38 38.43 38.53 38.53 38.46 38.44 38.37 38.34 38.4 38.51 38.5 38.41 38.39 38.41 38.51 38.59 38.63 38.57
38.94 38.94 38.96 38.94 38.94 38.95 38.94 38.93 38.89 38.89 38.89 38.9 38.92 38.94 38.96 38.97 38.97 38.96 38.93 38.89 38.89 38.91 38.92 38.91 38.84 38.79 38.77 38.77 38.81 38.77 38.74 38.69 38.65 38.63 38.6 38.57 38.56 38.59 38.59 38.59 38.59 38.59 38.58 38.54 38.48 38.48 38.55 38.64 38.69 38.67 38.59 38.48 38.45 38.44 38.42 38.42 38.44 38.45 38.45 38.42 38.4 38.46 38.55 38.56 38.54 38.5 38.41 38.35 38.38 38.47 38.48 38.45 38.43 38.46 38.51 38.54 38.59 38.56
38.95 38.95 38.93 38.94 38.96 38.95 38.94 38.93 38.92 38.92 38.94 38.92 38.9 38.92 38.94 38.95 38.97 38.99 38.97 38.94 38.95 38.97 38.96 38.92 38.84 38.78 38.78 38.79 38.82 38.77 38.77 38.74 38.69 38.64 38.63 38.61 38.62 38.63 38.63 38.62 38.61 38.61 38.6 38.58 38.53 38.53 38.59 38.67 38.72 38.68 38.57 38.5 38.47 38.45 38.43 38.44 38.46 38.46 38.45 38.43 38.44 38.5 38.56 38.56 38.56 38.53 38.46 38.41 38.39 38.38 38.41 38.44 38.43 38.45 38.48 38.5 38.54 38.52
38.96 38.97 38.95 38.94 38.93 38.93 38.95 38.95 38.95 38.95 38.96 38.93 38.9 38.91 38.92 38.95 38.97 38.99 39 39.01 39 39 38.99 38.93 38.84 38.78 38.78 38.82 38.83 38.81 38.83 38.8 38.73 38.67 38.66 38.66 38.68 38.68 38.68 38.65 38.64 38.63 38.63 38.63 38.61 38.61 38.62 38.69 38.73 38.68 38.57 38.51 38.48 38.47 38.45 38.46 38.46 38.46 38.46 38.43 38.46 38.53 38.56 38.56 38.55 38.52 38.48 38.42 38.4 38.38 38.4 38.42 38.43 38.44 38.47 38.54 38.55 38.51
38.99 38.99 38.99 38.96 38.92 38.92 38.94 38.95 38.95 38.96 38.96 38.94 38.92 38.92 38.93 38.95 38.97 38.99 39.02 39.06 39.01 38.99 38.98 38.93 38.85 38.79 38.81 38.86 38.89 38.9 38.91 38.84 38.75 38.71 38.7 38.7 38.73 38.73 38.7 38.67 38.67 38.67 38.67 38.65 38.64 38.64 38.66 38.71 38.74 38.69 38.59 38.52 38.5 38.48 38.46 38.47 38.47 38.47 38.46 38.45 38.48 38.54 38.56 38.55 38.54 38.51 38.47 38.42 38.41 38.41 38.43 38.42 38.43 38.45 38.49 38.57 38.56 38.52
