slabs/80.grd
DSAA
631 301
646410 647040
4948700 4949000
29.35 47.94
[rows 238 to 271 of 300, columns 156 to 233 of 631]
39.65 39.67 39.7 39.72 39.74 39.74 39.74 39.74 39.74 39.75 39.76 39.77 39.78 39.82 39.83 39.85 39.85 39.87 39.9 39.94 39.94 39.94 39.95 39.96 39.97 40.02 40.07 40.1 40.13 40.19 40.23 40.24 40.25 40.25 40.24 40.25 40.28 40.31 40.31 40.32 40.36 40.39 40.39 40.4 40.43 40.47 40.49 40.5 40.53 40.56 40.59 40.58 40.57 40.56 40.57 40.58 40.57 40.54 40.56 40.58 40.54 40.5 40.49 40.46 40.43 40.41 40.41 40.4 40.37 40.36 40.37 40.37 40.33 40.31 40.3 40.28 40.27 40.28
39.64 39.69 39.74 39.76 39.76 39.76 39.75 39.73 39.74 39.76 39.76 39.77 39.79 39.81 39.83 39.84 39.86 39.88 39.9 39.92 39.93 39.93 39.95 39.97 39.98 40.02 40.06 40.08 40.12 40.18 40.22 40.25 40.27 40.26 40.24 40.24 40.26 40.28 40.28 40.29 40.32 40.35 40.37 40.38 40.4 40.44 40.46 40.47 40.49 40.52 40.55 40.56 40.55 40.54 40.55 40.55 40.53 40.51 40.53 40.56 40.53 40.49 40.46 40.43 40.43 40.4 40.4 40.39 40.38 40.39 40.37 40.34 40.29 40.27 40.27 40.26 40.24 40.24
39.63 39.7 39.77 39.78 39.77 39.77 39.74 39.71 39.72 39.75 39.76 39.78 39.79 39.8 39.83 39.84 39.85 39.89 39.91 39.91 39.92 39.92 39.95 39.99 40.01 40.03 40.05 40.07 40.11 40.16 40.2 40.24 40.28 40.25 40.24 40.23 40.25 40.28 40.3 40.3 40.3 40.32 40.35 40.36 40.38 40.41 40.44 40.45 40.47 40.49 40.51 40.53 40.54 40.56 40.56 40.53 40.52 40.51 40.51 40.53 40.53 40.47 40.43 40.41 40.41 40.37 40.37 40.37 40.36 40.37 40.35 40.31 40.28 40.27 40.27 40.25 40.21 40.2
39.59 39.69 39.77 39.77 39.76 39.74 39.72 39.7 39.72 39.75 39.77 39.78 39.78 39.79 39.82 39.84 39.84 39.87 39.91 39.92 39.92 39.92 39.94 39.99 40.03 40.05 40.07 40.08 40.12 40.17 40.2 40.22 40.24 40.22 40.23 40.23 40.24 40.27 40.31 40.31 40.3 40.31 40.33 40.34 40.37 40.4 40.42 40.44 40.46 40.49 40.5 40.52 40.54 40.56 40.54 40.52 40.52 40.51 40.52 40.53 40.5 40.45 40.44 40.4 40.38 40.36 40.37 40.36 40.34 40.34 40.32 40.3 40.27 40.27 40.27 40.24 40.21 40.2
39.46 39.64 39.75 39.75 39.74 39.71 39.7 39.7 39.72 39.76 39.78 39.78 39.78 39.79 39.83 39.85 39.85 39.86 39.9 39.91 39.91 39.91 39.91 39.95 40.03 40.06 40.08 40.1 40.16 40.2 40.22 40.21 40.18 40.18 40.18 40.2 40.23 40.25 40.29 40.3 40.3 40.31 40.32 40.33 40.36 40.39 40.41 40.43 40.45 40.48 40.5 40.53 40.52 40.53 40.52 40.51 40.53 40.55 40.54 40.5 40.46 40.45 40.45 40.41 40.38 40.37 40.36 40.34 40.33 40.32 40.3 40.27 40.25 40.25 40.25 40.23 40.22 40.2
39.33 39.59 39.7 39.68 39.69 39.71 39.71 39.7 39.71 39.73 39.75 39.77 39.79 39.81 39.84 39.86 39.86 39.87 39.88 39.89 39.9 39.89 39.88 39.93 40.04 40.08 40.09 40.12 40.16 40.2 40.21 40.19 40.15 40.15 40.15 40.18 40.22 40.26 40.29 40.29 40.29 40.29 40.29 40.32 40.35 40.38 40.39 40.42 40.44 40.47 40.5 40.53 40.51 40.52 40.52 40.52 40.52 40.52 40.52 40.49 40.45 40.44 40.43 40.41 40.38 40.36 40.34 40.3 40.29 40.29 40.27 40.25 40.24 40.24 40.23 40.21 40.19 40.19
39.29 39.55 39.68 39.64 39.65 39.69 39.72 39.72 39.72 39.72 39.75 39.77 39.78 39.81 39.82 39.83 39.83 39.87 39.88 39.88 39.88 39.88 39.89 39.93 40.04 40.09 40.09 40.11 40.15 40.16 40.16 40.15 40.14 40.15 40.16 40.18 40.22 40.27 40.29 40.29 40.25 40.21 40.23 40.3 40.35 40.38 40.39 40.4 40.42 40.45 40.47 40.48 40.48 40.51 40.51 40.5 40.5 40.49 40.5 40.49 40.44 40.42 40.42 40.42 40.39 40.36 40.31 40.27 40.26 40.26 40.25 40.24 40.25 40.24 40.22 40.18 40.15 40.17
39.33 39.5 39.68 39.68 39.67 39.68 39.72 39.75 39.74 39.75 39.77 39.78 39.78 39.79 39.82 39.82 39.82 39.86 39.89 39.89 39.88 39.89 39.9 39.94 40.03 40.1 40.1 40.11 40.13 40.11 40.1 40.1 40.11 40.14 40.16 40.18 40.21 40.23 40.25 40.26 40.22 40.18 40.23 40.28 40.33 40.37 40.38 40.39 40.4 40.42 40.44 40.45 40.48 40.51 40.51 40.49 40.48 40.47 40.47 40.46 40.42 40.41 40.41 40.42 40.41 40.37 40.31 40.26 40.25 40.25 40.25 40.24 40.23 40.23 40.21 40.17 40.15 40.16
39.36 39.43 39.67 39.72 39.69 39.67 39.72 39.76 39.75 39.75 39.76 39.78 39.78 39.8 39.83 39.84 39.84 39.86 39.88 39.89 39.89 39.89 39.92 39.95 40.03 40.1 40.12 40.11 40.09 40.06 40.07 40.09 40.11 40.12 40.14 40.19 40.21 40.21 40.23 40.26 40.24 40.22 40.25 40.27 40.31 40.34 40.35 40.37 40.38 40.41 40.43 40.45 40.48 40.49 40.48 40.48 40.48 40.46 40.44 40.42 40.41 40.4 40.39 40.4 40.39 40.37 40.31 40.26 40.24 40.25 40.26 40.23 40.21 40.22 40.21 40.19 40.19 40.18
39.38 39.36 39.61 39.69 39.67 39.66 39.7 39.74 39.75 39.75 39.75 39.76 39.78 39.81 39.85 39.86 39.86 39.86 39.87 39.88 39.88 39.89 39.92 39.94 39.99 40.07 40.09 40.07 40.05 40.04 40.08 40.09 40.11 40.13 40.15 40.19 40.2 40.21 40.23 40.25 40.24 40.23 40.24 40.27 40.3 40.32 40.33 40.34 40.38 40.41 40.43 40.45 40.46 40.45 40.44 40.47 40.48 40.46 40.43 40.41 40.41 40.39 40.36 40.35 40.36 40.34 40.3 40.25 40.24 40.26 40.28 40.23 40.21 40.21 40.21 40.2 40.19 40.19
39.45 39.31 39.54 39.63 39.63 39.66 39.7 39.72 39.75 39.77 39.77 39.77 39.8 39.83 39.85 39.86 39.85 39.85 39.88 39.87 39.87 39.89 39.92 39.92 39.96 40 40.01 40.01 40.02 40.04 40.06 40.07 40.1 40.15 40.17 40.17 40.18 40.19 40.21 40.22 40.23 40.23 40.24 40.27 40.31 40.32 40.33 40.34 40.37 40.41 40.43 40.44 40.42 40.42 40.43 40.45 40.46 40.46 40.45 40.43 40.41 40.38 40.32 40.31 40.34 40.32 40.28 40.24 40.23 40.26 40.28 40.23 40.2 40.2 40.18 40.17 40.16 40.15
39.54 39.29 39.45 39.58 39.63 39.67 39.71 39.73 39.77 39.81 39.8 39.8 39.81 39.84 39.85 39.85 39.85 39.86 39.88 39.89 39.9 39.91 39.92 39.93 39.95 39.98 39.99 40.02 40.04 40.06 40.05 40.05 40.09 40.14 40.15 40.15 40.17 40.18 40.19 40.22 40.24 40.24 40.25 40.27 40.3 40.32 40.33 40.35 40.37 40.39 40.42 40.42 40.39 40.4 40.44 40.44 40.42 40.43 40.44 40.42 40.38 40.34 40.28 40.28 40.3 40.29 40.26 40.22 40.21 40.22 40.24 40.2 40.16 40.15 40.14 40.16 40.14 40.12
39.6 39.27 39.37 39.52 39.66 39.68 39.7 39.73 39.79 39.82 39.81 39.82 39.83 39.83 39.82 39.84 39.86 39.87 39.88 39.89 39.91 39.94 39.94 39.93 39.95 39.97 39.99 40 40.03 40.06 40.07 40.08 40.12 40.12 40.12 40.14 40.17 40.18 40.19 40.21 40.23 40.25 40.26 40.27 40.28 40.31 40.32 40.34 40.37 40.38 40.39 40.4 40.38 40.39 40.42 40.41 40.4 40.41 40.42 40.39 40.36 40.34 40.31 40.28 40.25 40.26 40.25 40.21 40.21 40.2 40.18 40.16 40.13 40.13 40.12 40.11 40.1 40.1
39.67 39.3 39.33 39.47 39.66 39.72 39.71 39.73 39.79 39.82 39.82 39.83 39.84 39.84 39.86 39.88 39.91 39.91 39.9 39.9 39.91 39.94 39.94 39.93 39.95 39.97 39.97 39.97 40.02 40.06 40.07 40.1 40.13 40.12 40.12 40.13 40.16 40.19 40.19 40.2 40.21 40.23 40.24 40.26 40.28 40.3 40.32 40.33 40.35 40.36 40.38 40.39 40.38 40.39 40.4 40.42 40.42 40.42 40.42 40.39 40.36 40.35 40.33 40.3 40.26 40.26 40.24 40.22 40.21 40.2 40.17 40.15 40.14 40.13 40.11 40.08 40.08 40.08
39.75 39.34 39.25 39.4 39.66 39.76 39.73 39.73 39.76 39.79 39.8 39.81 39.82 39.84 39.88 39.89 39.92 39.93 39.93 39.93 39.93 39.94 39.94 39.95 39.97 39.99 39.99 40 40.04 40.06 40.08 40.11 40.14 40.14 40.13 40.13 40.15 40.19 40.2 40.21 40.22 40.23 40.23 40.26 40.3 40.31 40.31 40.33 40.34 40.36 40.39 40.39 40.37 40.38 40.41 40.43 40.44 40.43 40.41 40.4 40.38 40.37 40.34 40.3 40.28 40.28 40.24 40.22 40.22 40.21 40.17 40.15 40.15 40.14 40.11 40.1 40.1 40.09
39.87 39.36 39.15 39.3 39.59 39.74 39.72 39.71 39.72 39.75 39.76 39.79 39.83 39.84 39.86 39.87 39.88 39.9 39.91 39.94 39.94 39.93 39.94 39.96 39.98 39.99 40.01 40.04 40.07 40.07 40.09 40.11 40.13 40.13 40.13 40.13 40.15 40.19 40.2 40.21 40.24 40.25 40.26 40.28 40.3 40.3 40.3 40.33 40.35 40.36 40.39 40.4 40.4 40.41 40.42 40.44 40.44 40.43 40.4 40.39 40.38 40.38 40.35 40.33 40.32 40.3 40.26 40.23 40.23 40.21 40.18 40.15 40.15 40.14 40.12 40.1 40.1 40.08
40.07 39.52 39.22 39.28 39.48 39.66 39.69 39.69 39.7 39.75 39.79 39.8 39.82 39.84 39.86 39.88 39.87 39.88 39.9 39.93 39.92 39.91 39.92 39.95 39.99 40.01 40.02 40.06 40.09 40.1 40.1 40.11 40.11 40.13 40.13 40.13 40.16 40.18 40.19 40.22 40.26 40.27 40.29 40.29 40.29 40.29 40.31 40.34 40.37 40.39 40.4 40.41 40.42 40.42 40.42 40.43 40.43 40.42 40.41 40.39 40.39 40.37 40.35 40.34 40.33 40.3 40.26 40.23 40.21 40.19 40.19 40.17 40.16 40.14 40.13 40.11 40.1 40.08
40.24 39.64 39.29 39.26 39.38 39.6 39.67 39.68 39.72 39.77 39.8 39.8 39.81 39.84 39.86 39.89 39.89 39.9 39.91 39.94 39.93 39.91 39.92 39.96 40.01 40.05 40.07 40.11 40.15 40.16 40.15 40.15 40.14 40.15 40.15 40.14 40.18 40.18 40.18 40.21 40.27 40.28 40.28 40.28 40.27 40.28 40.31 40.35 40.38 40.41 40.43 40.41 40.41 40.43 40.45 40.46 40.45 40.42 40.4 40.39 40.4 40.41 40.36 40.32 40.31 40.28 40.25 40.23 40.21 40.2 40.22 40.23 40.19 40.14 40.13 40.11 40.1 40.1
40.35 39.72 39.35 39.28 39.36 39.58 39.65 39.68 39.73 39.78 39.79 39.81 39.83 39.86 39.87 39.9 39.91 39.91 39.92 39.94 39.95 39.94 39.95 39.99 40.05 40.11 40.13 40.17 40.22 40.24 40.23 40.19 40.18 40.18 40.17 40.16 40.18 40.17 40.17 40.21 40.26 40.27 40.29 40.31 40.34 40.33 40.32 40.34 40.37 40.42 40.45 40.41 40.41 40.44 40.5 40.55 40.53 40.45 40.4 40.39 40.42 40.46 40.38 40.32 40.31 40.29 40.27 40.24 40.22 40.21 40.25 40.27 40.23 40.16 40.12 40.1 40.1 40.11
40.48 39.84 39.45 39.35 39.36 39.58 39.65 39.7 39.75 39.78 39.79 39.82 39.86 39.87 39.88 39.91 39.93 39.93 39.93 39.93 39.94 39.96 39.98 40.02 40.08 40.13 40.16 40.2 40.22 40.23 40.21 40.18 40.18 40.18 40.16 40.16 40.17 40.16 40.16 40.2 40.23 40.25 40.29 40.35 40.42 40.39 40.33 40.33 40.37 40.42 40.45 40.41 40.41 40.44 40.52 40.61 40.58 40.48 40.42 40.4 40.44 40.48 40.38 40.31 40.31 40.32 40.31 40.26 40.24 40.2 40.22 40.27 40.25 40.17 40.12 40.11 40.11 40.11
40.63 40.04 39.67 39.39 39.3 39.52 39.63 39.72 39.76 39.78 39.8 39.83 39.86 39.87 39.88 39.9 39.94 39.96 39.95 39.93 39.94 39.97 40 40.06 40.1 40.14 40.18 40.22 40.21 40.2 40.17 40.16 40.17 40.17 40.16 40.14 40.15 40.16 40.17 40.2 40.22 40.24 40.28 40.36 40.45 40.41 40.34 40.32 40.37 40.43 40.45 40.4 40.4 40.44 40.52 40.6 40.58 40.48 40.43 40.42 40.46 40.49 40.38 40.31 40.32 40.37 40.39 40.34 40.27 40.2 40.2 40.24 40.27 40.2 40.15 40.14 40.13 40.13
40.78 40.26 39.94 39.44 39.23 39.41 39.56 39.71 39.76 39.78 39.79 39.82 39.84 39.86 39.87 39.9 39.95 39.99 40 39.99 40 40.01 40.03 40.09 40.14 40.17 40.21 40.23 40.23 40.21 40.19 40.18 40.18 40.18 40.16 40.14 40.14 40.16 40.2 40.2 40.2 40.23 40.29 40.37 40.44 40.42 40.35 40.32 40.36 40.45 40.48 40.42 40.41 40.44 40.52 40.58 40.56 40.48 40.44 40.44 40.49 40.5 40.37 40.31 40.33 40.4 40.46 40.41 40.3 40.22 40.2 40.25 40.3 40.21 40.16 40.14 40.15 40.18
40.9 40.41 40.1 39.52 39.22 39.32 39.48 39.69 39.75 39.77 39.79 39.82 39.85 39.89 39.89 39.9 39.95 40 40.01 40.03 40.04 40.04 40.07 40.14 40.19 40.2 40.22 40.24 40.24 40.23 40.22 40.21 40.2 40.19 40.17 40.14 40.13 40.16 40.21 40.22 40.19 40.22 40.29 40.36 40.42 40.42 40.35 40.34 40.37 40.46 40.52 40.46 40.43 40.44 40.52 40.58 40.55 40.47 40.44 40.47 40.5 40.49 40.38 40.33 40.34 40.41 40.5 40.43 40.28 40.22 40.22 40.26 40.28 40.18 40.14 40.14 40.16 40.2
40.99 40.52 40.2 39.61 39.3 39.32 39.45 39.67 39.77 39.79 39.8 39.84 39.88 39.91 39.92 39.93 39.96 39.98 40 40.02 40.03 40.04 40.08 40.15 40.19 40.21 40.23 40.24 40.23 40.22 40.22 40.22 40.22 40.22 40.19 40.15 40.14 40.16 40.22 40.25 40.21 40.21 40.27 40.35 40.4 40.42 40.35 40.34 40.37 40.47 40.53 40.47 40.44 40.43 40.53 40.6 40.57 40.48 40.43 40.45 40.49 40.5 40.41 40.36 40.33 40.41 40.53 40.45 40.28 40.22 40.22 40.25 40.26 40.17 40.13 40.14 40.17 40.19
41.1 40.65 40.31 39.7 39.33 39.24 39.38 39.66 39.8 39.82 39.82 39.85 39.88 39.89 39.91 39.94 39.96 39.97 40 40.01 40.01 40.04 40.1 40.16 40.19 40.21 40.24 40.25 40.25 40.23 40.22 40.22 40.23 40.22 40.19 40.15 40.14 40.17 40.24 40.28 40.24 40.21 40.26 40.33 40.38 40.4 40.34 40.33 40.37 40.48 40.52 40.45 40.43 40.45 40.55 40.66 40.62 40.5 40.43 40.42 40.47 40.5 40.43 40.37 40.33 40.42 40.55 40.49 40.31 40.22 40.21 40.24 40.26 40.18 40.13 40.14 40.17 40.17
41.19 40.79 40.46 39.85 39.35 39.09 39.25 39.6 39.79 39.82 39.83 39.85 39.88 39.88 39.9 39.94 39.96 39.97 40.01 40.01 40.02 40.05 40.14 40.2 40.22 40.23 40.25 40.27 40.26 40.26 40.24 40.22 40.23 40.22 40.18 40.14 40.13 40.18 40.27 40.29 40.25 40.21 40.27 40.34 40.37 40.38 40.32 40.34 40.39 40.51 40.52 40.43 40.42 40.48 40.6 40.7 40.63 40.49 40.43 40.43 40.5 40.53 40.43 40.37 40.33 40.4 40.53 40.49 40.33 40.22 40.19 40.23 40.26 40.18 40.13 40.14 40.17 40.18
41.3 40.99 40.65 39.98 39.41 39.09 39.21 39.52 39.74 39.8 39.83 39.84 39.87 39.88 39.9 39.93 39.95 39.97 40.01 40.03 40.05 40.08 40.17 40.24 40.26 40.27 40.28 40.27 40.27 40.27 40.27 40.24 40.25 40.23 40.19 40.14 40.13 40.19 40.28 40.29 40.25 40.2 40.27 40.34 40.38 40.38 40.33 40.36 40.41 40.51 40.53 40.45 40.44 40.49 40.59 40.65 40.6 40.45 40.41 40.42 40.49 40.5 40.4 40.36 40.32 40.38 40.49 40.44 40.31 40.22 40.19 40.24 40.27 40.18 40.15 40.14 40.17 40.22
41.39 41.14 40.78 40.07 39.49 39.15 39.21 39.46 39.7 39.79 39.86 39.86 39.88 39.89 39.9 39.92 39.96 39.98 40.02 40.05 40.08 40.11 40.19 40.26 40.28 40.29 40.29 40.28 40.28 40.28 40.28 40.28 40.27 40.25 40.2 40.14 40.14 40.19 40.28 40.29 40.25 40.19 40.24 40.32 40.37 40.4 40.33 40.33 40.38 40.47 40.53 40.49 40.46 40.49 40.58 40.61 40.58 40.45 40.4 40.41 40.47 40.47 40.39 40.35 40.32 40.38 40.44 40.39 40.28 40.23 40.21 40.25 40.27 40.19 40.16 40.14 40.16 40.23
41.41 41.2 40.86 40.18 39.64 39.32 39.18 39.36 39.66 39.77 39.88 39.87 39.89 39.9 39.91 39.94 39.99 40 40.02 40.05 40.07 40.11 40.19 40.25 40.26 40.27 40.27 40.28 40.28 40.28 40.28 40.28 40.27 40.24 40.19 40.15 40.14 40.18 40.26 40.28 40.24 40.2 40.26 40.33 40.39 40.41 40.32 40.31 40.35 40.45 40.52 40.49 40.43 40.47 40.56 40.59 40.57 40.47 40.41 40.42 40.47 40.48 40.4 40.36 40.34 40.39 40.43 40.38 40.28 40.23 40.2 40.24 40.26 40.19 40.15 40.11 40.14 40.22
41.42 41.24 40.89 40.31 39.84 39.54 39.18 39.28 39.58 39.71 39.84 39.85 39.86 39.89 39.93 39.96 39.99 39.99 40.02 40.04 40.05 40.08 40.16 40.23 40.24 40.24 40.26 40.26 40.27 40.28 40.28 40.26 40.26 40.21 40.15 40.12 40.13 40.18 40.26 40.29 40.24 40.2 40.28 40.38 40.41 40.39 40.32 40.32 40.37 40.46 40.5 40.46 40.41 40.46 40.52 40.56 40.56 40.46 40.42 40.42 40.46 40.48 40.41 40.37 40.34 40.4 40.45 40.4 40.3 40.24 40.22 40.25 40.27 40.2 40.15 40.11 40.15 40.23
41.43 41.29 40.91 40.41 39.98 39.68 39.25 39.25 39.49 39.61 39.76 39.82 39.84 39.88 39.95 39.98 39.97 39.98 40.01 40.03 40.04 40.06 40.14 40.21 40.22 40.23 40.24 40.24 40.25 40.26 40.27 40.27 40.27 40.23 40.17 40.14 40.14 40.18 40.24 40.27 40.23 40.2 40.26 40.34 40.39 40.36 40.31 40.32 40.38 40.47 40.5 40.46 40.42 40.48 40.54 40.56 40.53 40.44 40.41 40.43 40.47 40.47 40.4 40.36 40.32 40.38 40.44 40.41 40.3 40.23 40.23 40.27 40.28 40.19 40.13 40.09 40.16 40.23
41.45 41.35 41.03 40.53 40.07 39.78 39.32 39.24 39.41 39.52 39.69 39.81 39.86 39.89 39.94 39.95 39.94 39.96 39.99 40.02 40.03 40.07 40.14 40.18 40.19 40.2 40.21 40.22 40.23 40.24 40.25 40.26 40.26 40.24 40.18 40.14 40.15 40.19 40.23 40.23 40.21 40.2 40.23 40.28 40.36 40.34 40.31 40.32 40.37 40.47 40.52 40.49 40.45 40.52 40.6 40.59 40.53 40.45 40.42 40.44 40.48 40.47 40.39 40.34 40.32 40.36 40.4 40.39 40.28 40.22 40.23 40.27 40.27 40.16 40.12 40.11 40.15 40.23
41.44 41.41 41.19 40.66 40.15 39.86 39.36 39.17 39.31 39.42 39.61 39.77 39.85 39.86 39.89 39.92 39.92 39.95 39.99 40.01 40.03 40.09 40.17 40.19 40.19 40.2 40.21 40.22 40.23 40.24 40.25 40.26 40.26 40.23 40.17 40.14 40.15 40.2 40.26 40.25 40.23 40.22 40.23 40.27 40.37 40.36 40.31 40.32 40.37 40.47 40.55 40.52 40.46 40.52 40.61 40.61 40.54 40.45 40.43 40.46 40.5 40.49 40.42 40.34 40.33 40.37 40.4 40.38 40.29 40.25 40.24 40.27 40.28 40.18 40.15 40.12 40.15 40.23
41.45 41.45 41.29 40.74 40.22 39.92 39.38 39.11 39.18 39.3 39.52 39.7 39.8 39.82 39.87 39.92 39.94 39.96 40 40.03 40.05 40.12 40.2 40.2 40.2 40.21 40.22 40.22 40.23 40.24 40.25 40.25 40.25 40.22 40.17 40.14 40.14 40.19 40.27 40.27 40.25 40.22 40.23 40.28 40.38 40.37 40.3 40.31 40.38 40.48 40.55 40.51 40.45 40.48 40.54 40.56 40.52 40.44 40.43 40.47 40.52 40.51 40.45 40.35 40.32 40.34 40.38 40.38 40.28 40.24 40.24 40.28 40.28 40.21 40.16 40.11 40.16 40.2
