slabs/80.grd
DSAA
631 301
646410 647040
4948700 4949000
29.35 47.94
[rows 238 to 271 of 300, columns 78 to 155 of 631]
39.76 39.77 39.78 39.82 39.86 39.9 39.92 39.94 39.96 39.96 39.99 40.05 40.07 40.1 40.28 40.58 40.63 40.48 40.37 40.26 40.3 40.36 40.49 40.6 40.6 40.38 39.88 39.47 39.26 39.31 39.69 40.35 40.81 41.02 41.26 41.25 41.23 41.25 41.28 41.3 41.33 41.34 41.34 41.34 41.36 41.38 41.35 41.31 41.28 41.19 41.09 41.03 41.06 41.15 41.26 41.33 41.35 41.38 41.41 41.41 41.44 41.49 41.53 41.56 41.58 41.6 41.61 41.62 41.61 41.61 41.62 41.4 40.75 40.05 39.62 39.43 39.3 39.52
39.77 39.77 39.79 39.85 39.87 39.88 39.9 39.93 39.94 39.95 39.98 40.05 40.07 40.08 40.24 40.54 40.64 40.52 40.35 40.24 40.26 40.32 40.49 40.65 40.7 40.5 39.98 39.56 39.34 39.31 39.56 40.22 40.7 40.93 41.22 41.24 41.22 41.23 41.25 41.27 41.3 41.33 41.34 41.31 41.33 41.37 41.36 41.31 41.28 41.19 41.09 41.03 41.06 41.11 41.21 41.29 41.31 41.34 41.37 41.37 41.4 41.47 41.52 41.55 41.58 41.59 41.6 41.61 41.6 41.6 41.62 41.46 40.89 40.18 39.75 39.51 39.28 39.47
39.76 39.78 39.8 39.85 39.87 39.87 39.88 39.91 39.94 39.96 39.99 40.05 40.08 40.09 40.24 40.57 40.71 40.61 40.38 40.26 40.24 40.31 40.49 40.67 40.76 40.6 40.14 39.67 39.42 39.32 39.46 40.09 40.59 40.83 41.16 41.22 41.2 41.21 41.24 41.26 41.28 41.31 41.33 41.32 41.34 41.38 41.36 41.33 41.29 41.21 41.1 41.05 41.05 41.09 41.18 41.25 41.27 41.32 41.36 41.37 41.41 41.48 41.54 41.56 41.58 41.59 41.59 41.58 41.57 41.6 41.64 41.51 41.01 40.3 39.86 39.59 39.28 39.43
39.76 39.78 39.79 39.83 39.86 39.87 39.88 39.9 39.93 39.96 39.99 40.04 40.06 40.08 40.26 40.63 40.81 40.72 40.47 40.29 40.25 40.3 40.47 40.65 40.74 40.65 40.28 39.78 39.48 39.35 39.39 39.93 40.4 40.7 41.07 41.2 41.2 41.21 41.24 41.26 41.26 41.29 41.33 41.33 41.33 41.34 41.35 41.32 41.3 41.22 41.12 41.05 41.04 41.08 41.19 41.23 41.28 41.33 41.36 41.38 41.43 41.49 41.54 41.56 41.57 41.57 41.57 41.57 41.57 41.59 41.65 41.55 41.11 40.42 39.97 39.67 39.31 39.4
39.76 39.77 39.78 39.82 39.85 39.86 39.87 39.89 39.9 39.93 39.97 40.02 40.04 40.06 40.25 40.63 40.82 40.74 40.49 40.28 40.23 40.28 40.43 40.6 40.67 40.64 40.4 39.87 39.51 39.36 39.34 39.69 40.06 40.57 41 41.18 41.2 41.2 41.22 41.29 41.27 41.26 41.32 41.32 41.31 41.33 41.35 41.32 41.29 41.23 41.12 41.04 41.04 41.08 41.14 41.18 41.26 41.32 41.32 41.35 41.41 41.45 41.49 41.53 41.56 41.55 41.55 41.57 41.58 41.59 41.63 41.56 41.21 40.59 40.14 39.79 39.38 39.33
39.75 39.77 39.78 39.82 39.85 39.85 39.85 39.88 39.89 39.91 39.95 40 40.02 40.04 40.21 40.53 40.69 40.63 40.44 40.26 40.22 40.26 40.4 40.57 40.61 40.62 40.44 39.96 39.57 39.4 39.3 39.44 39.68 40.32 40.84 41.11 41.16 41.19 41.22 41.27 41.26 41.25 41.31 41.31 41.31 41.33 41.34 41.32 41.31 41.25 41.17 41.09 41.06 41.06 41.07 41.12 41.22 41.27 41.27 41.32 41.39 41.41 41.44 41.47 41.53 41.54 41.54 41.56 41.6 41.6 41.61 41.58 41.31 40.83 40.45 39.93 39.45 39.23
39.74 39.78 39.79 39.82 39.85 39.84 39.84 39.88 39.9 39.91 39.94 39.99 40.02 40.04 40.17 40.41 40.56 40.53 40.41 40.27 40.24 40.26 40.37 40.52 40.6 40.62 40.47 40.11 39.82 39.52 39.3 39.25 39.46 40.09 40.68 41.04 41.12 41.18 41.22 41.23 41.24 41.25 41.28 41.31 41.31 41.32 41.34 41.34 41.33 41.27 41.21 41.16 41.08 41.04 41.04 41.09 41.19 41.23 41.24 41.29 41.37 41.4 41.41 41.45 41.52 41.54 41.53 41.54 41.57 41.58 41.58 41.59 41.41 41.05 40.71 40.1 39.58 39.24
39.74 39.77 39.79 39.81 39.84 39.84 39.85 39.87 39.88 39.89 39.94 40 40.04 40.06 40.15 40.39 40.61 40.57 40.44 40.29 40.21 40.22 40.29 40.41 40.53 40.66 40.54 40.26 40.02 39.61 39.34 39.17 39.37 39.97 40.59 40.98 41.08 41.18 41.22 41.21 41.24 41.26 41.25 41.3 41.3 41.32 41.35 41.36 41.34 41.28 41.23 41.18 41.08 41.03 41.02 41.07 41.18 41.22 41.23 41.27 41.35 41.39 41.42 41.45 41.5 41.51 41.48 41.5 41.53 41.54 41.55 41.6 41.54 41.32 40.99 40.32 39.74 39.35
39.73 39.75 39.78 39.81 39.82 39.83 39.85 39.85 39.85 39.87 39.93 39.99 40.03 40.05 40.13 40.41 40.72 40.66 40.5 40.35 40.22 40.21 40.25 40.33 40.44 40.63 40.58 40.36 40.09 39.65 39.38 39.17 39.32 39.86 40.51 40.9 41.03 41.18 41.21 41.21 41.24 41.25 41.25 41.28 41.29 41.31 41.33 41.35 41.34 41.28 41.23 41.18 41.08 41.02 40.99 41.05 41.17 41.22 41.26 41.28 41.31 41.37 41.42 41.43 41.47 41.47 41.45 41.5 41.54 41.54 41.55 41.6 41.61 41.52 41.21 40.49 39.86 39.45
39.73 39.74 39.77 39.8 39.81 39.82 39.83 39.84 39.85 39.87 39.92 39.96 39.99 40.01 40.05 40.22 40.49 40.54 40.57 40.49 40.35 40.22 40.23 40.29 40.39 40.57 40.57 40.45 40.17 39.7 39.41 39.19 39.31 39.76 40.39 40.82 40.98 41.17 41.21 41.22 41.24 41.24 41.24 41.26 41.29 41.3 41.31 41.32 41.33 41.28 41.23 41.18 41.08 41.02 41 41.05 41.15 41.24 41.32 41.32 41.32 41.34 41.4 41.41 41.41 41.4 41.41 41.47 41.51 41.54 41.56 41.6 41.61 41.61 41.32 40.61 39.95 39.53
39.73 39.75 39.77 39.79 39.79 39.8 39.82 39.84 39.85 39.86 39.9 39.93 39.96 39.98 39.98 40.01 40.17 40.41 40.61 40.59 40.46 40.25 40.21 40.26 40.35 40.51 40.55 40.49 40.25 39.79 39.49 39.28 39.35 39.68 40.26 40.73 40.91 41.15 41.21 41.22 41.24 41.22 41.2 41.23 41.3 41.3 41.29 41.31 41.31 41.27 41.25 41.19 41.08 41 40.98 41.02 41.1 41.2 41.27 41.29 41.3 41.31 41.36 41.4 41.39 41.37 41.4 41.46 41.5 41.51 41.54 41.59 41.61 41.64 41.38 40.73 40.08 39.66
39.72 39.74 39.77 39.79 39.8 39.8 39.82 39.84 39.84 39.87 39.9 39.91 39.94 39.97 39.98 39.98 40.07 40.36 40.63 40.66 40.54 40.3 40.21 40.24 40.31 40.45 40.53 40.46 40.26 39.87 39.6 39.44 39.44 39.6 40.08 40.53 40.83 41.12 41.2 41.21 41.23 41.22 41.19 41.22 41.29 41.28 41.27 41.29 41.29 41.26 41.25 41.22 41.11 41.02 40.99 41 41.07 41.16 41.2 41.24 41.27 41.3 41.33 41.38 41.4 41.41 41.43 41.48 41.5 41.5 41.53 41.58 41.61 41.63 41.43 40.87 40.22 39.8
39.7 39.72 39.75 39.78 39.8 39.8 39.82 39.84 39.85 39.87 39.9 39.91 39.93 39.96 39.99 40 40.08 40.37 40.64 40.68 40.56 40.32 40.21 40.23 40.29 40.43 40.5 40.45 40.27 39.92 39.71 39.6 39.51 39.54 39.85 40.24 40.76 41.09 41.17 41.18 41.2 41.2 41.18 41.21 41.27 41.27 41.26 41.28 41.29 41.28 41.26 41.22 41.14 41.03 40.94 40.96 41.04 41.13 41.18 41.25 41.28 41.31 41.34 41.37 41.39 41.43 41.45 41.47 41.49 41.51 41.53 41.57 41.6 41.61 41.48 41.01 40.37 39.97
39.67 39.69 39.73 39.76 39.78 39.78 39.8 39.84 39.85 39.86 39.88 39.91 39.92 39.95 40 40.02 40.1 40.4 40.61 40.53 40.44 40.28 40.19 40.2 40.28 40.41 40.48 40.49 40.33 39.99 39.78 39.7 39.57 39.52 39.69 40.03 40.68 41.05 41.16 41.16 41.16 41.16 41.16 41.2 41.26 41.26 41.25 41.25 41.27 41.29 41.27 41.24 41.16 41.06 40.95 40.9 40.98 41.09 41.14 41.22 41.26 41.27 41.31 41.37 41.39 41.42 41.43 41.46 41.48 41.49 41.51 41.54 41.58 41.59 41.51 41.12 40.56 40.2
39.67 39.68 39.72 39.74 39.76 39.77 39.78 39.8 39.82 39.86 39.87 39.9 39.91 39.94 40 40.03 40.08 40.36 40.59 40.43 40.35 40.25 40.17 40.18 40.24 40.37 40.48 40.52 40.4 40.08 39.82 39.74 39.6 39.5 39.57 39.89 40.54 40.96 41.16 41.17 41.17 41.18 41.18 41.21 41.26 41.26 41.23 41.24 41.28 41.29 41.28 41.26 41.18 41.1 41.02 40.92 40.96 41.06 41.1 41.17 41.21 41.22 41.26 41.34 41.38 41.4 41.42 41.46 41.48 41.48 41.49 41.5 41.53 41.56 41.52 41.19 40.71 40.37
39.66 39.67 39.7 39.73 39.74 39.75 39.77 39.77 39.8 39.85 39.88 39.91 39.92 39.95 39.99 40 40.01 40.27 40.66 40.63 40.52 40.32 40.17 40.16 40.2 40.35 40.52 40.58 40.52 40.2 39.89 39.79 39.63 39.46 39.43 39.72 40.39 40.9 41.17 41.18 41.17 41.18 41.18 41.2 41.24 41.25 41.25 41.28 41.32 41.32 41.3 41.27 41.21 41.13 41.07 40.98 40.98 41.03 41.07 41.13 41.19 41.21 41.25 41.32 41.36 41.39 41.42 41.47 41.48 41.48 41.49 41.5 41.51 41.53 41.52 41.26 40.85 40.51
39.65 39.65 39.68 39.71 39.73 39.74 39.77 39.8 39.81 39.84 39.88 39.91 39.93 39.96 39.97 39.96 39.97 40.23 40.7 40.8 40.71 40.46 40.23 40.18 40.2 40.35 40.55 40.68 40.71 40.4 40.1 39.91 39.64 39.51 39.48 39.71 40.29 40.86 41.14 41.16 41.14 41.15 41.17 41.18 41.2 41.23 41.26 41.3 41.34 41.34 41.32 41.26 41.21 41.16 41.11 41.02 40.99 41 41.04 41.11 41.19 41.23 41.25 41.31 41.37 41.4 41.42 41.46 41.48 41.49 41.5 41.5 41.5 41.52 41.54 41.38 41.08 40.74
39.64 39.65 39.67 39.7 39.71 39.74 39.78 39.81 39.82 39.84 39.87 39.9 39.91 39.93 39.95 39.96 39.98 40.22 40.66 40.8 40.78 40.58 40.36 40.24 40.16 40.32 40.56 40.7 40.74 40.5 40.27 40.02 39.65 39.53 39.49 39.67 40.2 40.78 41.1 41.13 41.14 41.14 41.17 41.19 41.19 41.21 41.24 41.29 41.33 41.33 41.32 41.26 41.21 41.18 41.12 41.02 40.97 40.98 41.02 41.1 41.19 41.25 41.26 41.31 41.37 41.41 41.42 41.45 41.48 41.49 41.5 41.46 41.42 41.46 41.55 41.46 41.23 40.91
39.64 39.65 39.67 39.68 39.7 39.74 39.78 39.8 39.81 39.83 39.87 39.89 39.89 39.89 39.92 39.95 39.97 40.15 40.48 40.71 40.85 40.62 40.43 40.3 40.15 40.25 40.44 40.56 40.65 40.51 40.35 40.12 39.73 39.54 39.45 39.6 40.09 40.68 41.02 41.09 41.15 41.14 41.17 41.18 41.18 41.22 41.23 41.26 41.29 41.3 41.3 41.27 41.21 41.19 41.14 41.04 40.96 40.96 40.99 41.09 41.2 41.25 41.27 41.28 41.32 41.36 41.41 41.43 41.44 41.45 41.47 41.45 41.43 41.46 41.54 41.49 41.34 41.03
39.63 39.65 39.66 39.68 39.7 39.74 39.77 39.78 39.78 39.8 39.85 39.88 39.88 39.89 39.91 39.92 39.95 40.05 40.2 40.49 40.83 40.63 40.45 40.32 40.16 40.2 40.3 40.42 40.6 40.56 40.43 40.22 39.84 39.6 39.49 39.58 39.98 40.51 40.81 41 41.13 41.14 41.16 41.17 41.16 41.19 41.21 41.24 41.26 41.28 41.29 41.27 41.22 41.2 41.17 41.08 41 40.98 41.01 41.09 41.13 41.17 41.24 41.26 41.28 41.32 41.38 41.41 41.42 41.44 41.47 41.49 41.49 41.51 41.54 41.52 41.46 41.16
39.63 39.64 39.66 39.68 39.7 39.73 39.76 39.77 39.78 39.81 39.85 39.86 39.88 39.9 39.91 39.92 39.94 39.99 40.05 40.34 40.75 40.64 40.49 40.35 40.19 40.19 40.24 40.35 40.55 40.59 40.5 40.29 39.89 39.67 39.56 39.57 39.85 40.29 40.56 40.92 41.11 41.13 41.14 41.16 41.15 41.17 41.19 41.23 41.27 41.3 41.3 41.29 41.24 41.2 41.18 41.1 41.02 41 41 41.03 41.05 41.1 41.21 41.27 41.3 41.33 41.37 41.41 41.44 41.46 41.48 41.49 41.5 41.51 41.54 41.55 41.53 41.26
39.62 39.64 39.66 39.68 39.7 39.73 39.75 39.76 39.77 39.8 39.83 39.85 39.87 39.9 39.89 39.91 39.94 39.96 40 40.23 40.65 40.69 40.56 40.43 40.23 40.18 40.21 40.3 40.49 40.58 40.54 40.34 39.94 39.74 39.67 39.57 39.76 40.14 40.42 40.88 41.11 41.12 41.12 41.14 41.17 41.2 41.21 41.24 41.29 41.32 41.32 41.31 41.26 41.23 41.19 41.11 41.06 41.02 40.96 40.98 41.03 41.08 41.19 41.26 41.3 41.33 41.37 41.4 41.44 41.45 41.45 41.46 41.47 41.49 41.51 41.53 41.54 41.34
39.64 39.66 39.68 39.69 39.7 39.71 39.73 39.74 39.77 39.79 39.81 39.82 39.85 39.88 39.88 39.9 39.94 39.96 39.96 40.11 40.52 40.74 40.62 40.48 40.25 40.16 40.16 40.25 40.43 40.55 40.57 40.41 40.04 39.81 39.74 39.63 39.74 40.06 40.34 40.84 41.09 41.1 41.1 41.13 41.2 41.24 41.23 41.22 41.27 41.29 41.3 41.3 41.25 41.23 41.18 41.11 41.07 41.02 40.94 40.98 41.05 41.08 41.16 41.24 41.28 41.31 41.37 41.39 41.4 41.41 41.42 41.43 41.45 41.47 41.49 41.49 41.5 41.38
39.66 39.68 39.69 39.69 39.69 39.69 39.69 39.71 39.76 39.79 39.8 39.81 39.83 39.84 39.84 39.85 39.91 39.95 39.95 40.09 40.49 40.74 40.63 40.49 40.26 40.14 40.13 40.22 40.4 40.54 40.59 40.48 40.11 39.84 39.77 39.66 39.72 39.96 40.24 40.75 41.04 41.08 41.09 41.11 41.15 41.18 41.18 41.19 41.22 41.23 41.27 41.27 41.24 41.22 41.17 41.1 41.05 41 40.93 40.98 41.04 41.06 41.13 41.22 41.27 41.31 41.37 41.37 41.37 41.38 41.4 41.43 41.46 41.47 41.48 41.48 41.5 41.41
39.65 39.67 39.67 39.67 39.68 39.68 39.69 39.7 39.75 39.78 39.79 39.8 39.81 39.78 39.74 39.77 39.87 39.94 39.94 40.1 40.52 40.76 40.64 40.49 40.26 40.14 40.13 40.21 40.39 40.54 40.57 40.47 40.15 39.88 39.81 39.67 39.61 39.76 40.03 40.59 40.96 41.07 41.06 41.07 41.11 41.12 41.13 41.17 41.18 41.2 41.25 41.27 41.27 41.25 41.19 41.11 41.05 41 40.93 40.97 41.02 41.05 41.11 41.19 41.24 41.29 41.36 41.37 41.36 41.35 41.39 41.46 41.47 41.46 41.46 41.46 41.49 41.45
39.63 39.65 39.66 39.67 39.68 39.69 39.7 39.72 39.75 39.76 39.77 39.78 39.78 39.71 39.62 39.68 39.83 39.93 39.93 40.05 40.45 40.77 40.72 40.56 40.29 40.14 40.12 40.18 40.34 40.5 40.54 40.5 40.24 39.97 39.85 39.65 39.54 39.65 39.91 40.45 40.88 41.04 41.05 41.07 41.09 41.1 41.13 41.16 41.16 41.19 41.26 41.31 41.31 41.28 41.21 41.13 41.07 41.01 40.93 40.94 41.03 41.06 41.11 41.17 41.23 41.27 41.33 41.35 41.34 41.33 41.38 41.46 41.47 41.46 41.43 41.42 41.46 41.45
39.63 39.63 39.65 39.66 39.68 39.69 39.71 39.73 39.75 39.75 39.77 39.78 39.76 39.65 39.53 39.6 39.79 39.93 39.93 40 40.36 40.78 40.8 40.66 40.39 40.17 40.13 40.14 40.27 40.45 40.51 40.52 40.27 39.98 39.85 39.64 39.5 39.5 39.77 40.34 40.76 40.94 41.04 41.05 41.05 41.08 41.15 41.17 41.17 41.19 41.24 41.31 41.32 41.28 41.22 41.15 41.09 41.03 40.92 40.93 41.02 41.05 41.1 41.17 41.22 41.25 41.29 41.33 41.32 41.33 41.39 41.43 41.45 41.45 41.4 41.4 41.46 41.46
39.64 39.63 39.63 39.65 39.68 39.69 39.7 39.72 39.74 39.76 39.78 39.78 39.75 39.63 39.48 39.49 39.7 39.94 39.95 39.98 40.32 40.7 40.7 40.75 40.51 40.25 40.18 40.14 40.21 40.33 40.42 40.49 40.3 40.03 39.88 39.65 39.45 39.34 39.63 40.22 40.63 40.82 41.01 41.02 41.05 41.09 41.14 41.17 41.18 41.18 41.2 41.26 41.29 41.27 41.21 41.14 41.1 41.04 40.94 40.91 40.96 41 41.09 41.14 41.17 41.2 41.25 41.28 41.3 41.34 41.38 41.37 41.38 41.4 41.39 41.38 41.44 41.48
39.64 39.62 39.61 39.63 39.67 39.69 39.7 39.7 39.73 39.77 39.78 39.78 39.76 39.7 39.56 39.41 39.58 39.88 39.9 39.91 40.12 40.4 40.55 40.79 40.58 40.34 40.23 40.13 40.17 40.25 40.37 40.53 40.44 40.2 40 39.68 39.51 39.38 39.54 40.1 40.52 40.73 40.98 41.02 41.07 41.08 41.11 41.14 41.17 41.17 41.19 41.23 41.26 41.25 41.2 41.13 41.09 41.04 40.94 40.89 40.9 40.95 41.05 41.09 41.12 41.17 41.21 41.22 41.26 41.33 41.36 41.36 41.36 41.4 41.42 41.4 41.43 41.48
39.63 39.63 39.63 39.64 39.66 39.68 39.71 39.7 39.72 39.75 39.75 39.76 39.75 39.73 39.65 39.55 39.69 39.86 39.87 39.86 39.98 40.23 40.5 40.74 40.49 40.29 40.2 40.11 40.15 40.23 40.37 40.6 40.6 40.41 40.13 39.78 39.67 39.53 39.5 39.96 40.39 40.63 40.95 41.03 41.05 41.07 41.09 41.12 41.15 41.17 41.2 41.23 41.2 41.2 41.19 41.14 41.11 41.06 40.95 40.88 40.86 40.87 40.95 40.99 41.06 41.17 41.22 41.24 41.26 41.31 41.36 41.39 41.4 41.41 41.42 41.41 41.42 41.44
39.64 39.65 39.66 39.65 39.65 39.67 39.69 39.7 39.7 39.71 39.7 39.71 39.73 39.72 39.7 39.7 39.79 39.83 39.85 39.85 39.89 40.02 40.29 40.53 40.31 40.19 40.15 40.12 40.14 40.19 40.34 40.57 40.62 40.51 40.22 39.88 39.75 39.61 39.47 39.85 40.27 40.53 40.92 41.01 41.01 41.05 41.1 41.12 41.16 41.18 41.21 41.22 41.16 41.17 41.18 41.17 41.13 41.06 40.97 40.9 40.86 40.83 40.89 40.94 41.02 41.16 41.22 41.26 41.27 41.3 41.35 41.39 41.4 41.41 41.42 41.43 41.42 41.42
39.65 39.66 39.67 39.66 39.67 39.68 39.69 39.7 39.71 39.71 39.7 39.71 39.71 39.71 39.71 39.73 39.76 39.79 39.81 39.83 39.79 39.79 40.03 40.33 40.24 40.18 40.16 40.15 40.14 40.15 40.26 40.44 40.49 40.46 40.25 39.9 39.71 39.58 39.46 39.75 40.15 40.43 40.87 41.02 41.01 41.04 41.09 41.11 41.16 41.18 41.2 41.19 41.16 41.18 41.17 41.16 41.13 41.07 40.98 40.9 40.86 40.82 40.88 40.94 41.01 41.13 41.2 41.25 41.27 41.31 41.34 41.36 41.39 41.43 41.44 41.45 41.43 41.42
39.66 39.67 39.68 39.68 39.68 39.7 39.7 39.71 39.74 39.76 39.76 39.75 39.71 39.69 39.71 39.72 39.74 39.77 39.8 39.81 39.77 39.74 39.92 40.21 40.24 40.2 40.18 40.15 40.14 40.13 40.19 40.32 40.38 40.37 40.23 39.93 39.71 39.62 39.5 39.67 40.02 40.31 40.77 40.98 40.99 41.01 41.05 41.11 41.16 41.17 41.18 41.17 41.18 41.19 41.17 41.14 41.12 41.08 40.97 40.9 40.86 40.82 40.88 40.94 40.99 41.1 41.19 41.23 41.25 41.3 41.32 41.34 41.38 41.43 41.44 41.44 41.43 41.44
39.66 39.63 39.63 39.65 39.7 39.74 39.74 39.76 39.78 39.81 39.81 39.78 39.73 39.73 39.74 39.75 39.76 39.79 39.81 39.81 39.78 39.76 39.88 40.11 40.21 40.19 40.17 40.14 40.12 40.11 40.16 40.28 40.33 40.33 40.25 40.01 39.77 39.67 39.51 39.59 39.9 40.15 40.62 40.93 41.01 41.01 41.03 41.08 41.12 41.14 41.15 41.15 41.15 41.18 41.18 41.15 41.13 41.06 40.96 40.9 40.86 40.82 40.87 40.91 40.95 41.07 41.19 41.22 41.24 41.28 41.31 41.32 41.36 41.4 41.4 41.41 41.43 41.45
