slabs/81.grd
DSAA
631 301
647040 647670
4946000 4946300
38.45 41.4
[rows 90 to 119 of 300, columns 66 to 131 of 631]
40.6 40.59 40.59 40.58 40.57 40.55 40.57 40.57 40.58 40.57 40.55 40.55 40.51 40.48 40.45 40.45 40.45 40.44 40.41 40.38 40.38 40.35 40.3 40.29 40.24 40.18 40.15 40.14 40.18 40.15 39.98 39.56 39.33 39.34 39.53 39.87 39.95 39.82 39.76 39.68 39.63 39.57 39.56 39.59 39.69 39.77 39.83 39.9 39.93 39.94 39.95 39.89 39.92 39.94 39.94 39.95 39.94 39.92 39.92 39.93 39.96 40 40.06 40.15 40.13 40.11
40.59 40.58 40.58 40.59 40.57 40.57 40.58 40.57 40.57 40.58 40.56 40.55 40.53 40.5 40.47 40.47 40.47 40.47 40.46 40.41 40.42 40.4 40.37 40.35 40.32 40.25 40.22 40.18 40.17 40.07 39.82 39.25 38.9 38.92 38.99 39.13 39.68 39.96 39.89 39.73 39.63 39.6 39.59 39.61 39.69 39.75 39.81 39.89 39.93 39.95 39.95 39.92 39.92 39.92 39.92 39.95 39.97 39.94 39.9 39.93 39.99 40.04 40.09 40.14 40.15 40.14
40.58 40.59 40.57 40.58 40.57 40.56 40.55 40.55 40.54 40.56 40.58 40.58 40.56 40.53 40.5 40.49 40.45 40.44 40.43 40.42 40.41 40.42 40.42 40.39 40.36 40.32 40.25 40.17 40.13 40.1 39.82 39.1 38.85 38.88 38.87 38.94 39.59 39.9 39.92 39.8 39.66 39.61 39.58 39.6 39.68 39.76 39.81 39.89 39.93 39.95 39.94 39.96 39.95 39.93 39.9 39.97 39.98 39.94 39.92 39.96 40.02 40.09 40.12 40.13 40.15 40.16
40.56 40.59 40.56 40.56 40.57 40.56 40.55 40.56 40.55 40.55 40.58 40.59 40.58 40.56 40.53 40.53 40.5 40.47 40.48 40.46 40.45 40.43 40.4 40.37 40.37 40.36 40.3 40.2 40.08 40 39.82 39.16 39.06 38.94 38.89 38.91 39.32 39.69 39.91 39.83 39.69 39.63 39.59 39.59 39.68 39.75 39.83 39.91 39.92 39.92 39.93 39.94 39.95 39.93 39.9 39.93 39.93 39.95 39.98 40.01 40.06 40.1 40.13 40.12 40.13 40.1
40.55 40.57 40.54 40.53 40.58 40.6 40.6 40.6 40.58 40.57 40.6 40.6 40.62 40.58 40.52 40.48 40.49 40.47 40.47 40.48 40.47 40.45 40.43 40.38 40.35 40.34 40.29 40.15 40.02 39.96 39.92 39.57 39.27 39.04 38.92 38.87 39.04 39.45 39.83 39.84 39.71 39.66 39.63 39.6 39.67 39.71 39.81 39.9 39.9 39.89 39.92 39.92 39.92 39.93 39.92 39.93 39.94 39.93 39.95 40.01 40.07 40.09 40.12 40.1 40.09 40.07
40.54 40.54 40.56 40.56 40.59 40.6 40.61 40.62 40.62 40.62 40.62 40.62 40.63 40.56 40.51 40.47 40.48 40.48 40.47 40.5 40.48 40.45 40.42 40.35 40.29 40.24 40.2 40.09 39.98 39.91 39.94 39.9 39.44 39.22 39.07 38.88 38.85 39.16 39.62 39.84 39.76 39.68 39.65 39.61 39.65 39.69 39.79 39.89 39.91 39.94 39.93 39.94 39.94 39.91 39.88 39.92 39.91 39.89 39.91 39.95 39.98 40.03 40.08 40.07 40.06 40.05
40.56 40.54 40.53 40.57 40.61 40.63 40.62 40.63 40.64 40.63 40.61 40.59 40.6 40.55 40.53 40.5 40.49 40.5 40.49 40.52 40.49 40.44 40.39 40.3 40.2 40.15 40.09 40.03 39.94 39.86 39.85 39.89 39.63 39.45 39.29 38.94 38.75 38.88 39.33 39.83 39.86 39.75 39.68 39.65 39.67 39.7 39.77 39.87 39.93 39.97 39.97 39.95 39.93 39.92 39.92 39.98 39.96 39.94 39.95 39.98 40.01 40.03 40.07 40.1 40.12 40.09
40.54 40.57 40.61 40.6 40.61 40.62 40.62 40.63 40.64 40.64 40.64 40.62 40.61 40.58 40.56 40.54 40.51 40.48 40.49 40.5 40.45 40.4 40.36 40.25 40.14 40.09 40.03 39.97 39.9 39.84 39.78 39.77 39.76 39.63 39.41 39.04 38.87 38.82 39.06 39.71 39.94 39.85 39.71 39.68 39.68 39.69 39.76 39.87 39.94 39.98 39.99 39.96 39.96 39.95 39.95 39.96 39.95 39.93 39.98 40.01 40.04 40.07 40.06 40.08 40.1 40.09
40.56 40.57 40.6 40.6 40.61 40.63 40.63 40.62 40.63 40.62 40.63 40.62 40.6 40.58 40.56 40.54 40.52 40.49 40.48 40.45 40.38 40.36 40.3 40.2 40.1 40.04 39.99 39.93 39.85 39.8 39.74 39.73 39.69 39.65 39.61 39.44 39.31 39 38.72 39.33 39.84 39.9 39.77 39.68 39.65 39.67 39.74 39.86 39.95 40.01 40 39.97 39.99 39.97 39.95 39.96 39.95 39.96 40.01 40.05 40.06 40.1 40.08 40.07 40.08 40.09
40.59 40.58 40.55 40.56 40.59 40.59 40.59 40.6 40.62 40.62 40.61 40.6 40.58 40.57 40.55 40.53 40.52 40.5 40.47 40.39 40.31 40.28 40.23 40.13 40.03 39.98 39.94 39.9 39.85 39.81 39.75 39.71 39.71 39.69 39.74 39.75 39.58 39.24 38.53 39 39.71 39.85 39.81 39.72 39.66 39.66 39.71 39.84 39.91 40 40.04 40 40.02 40 39.99 39.98 39.98 40.01 40.04 40.06 40.06 40.08 40.08 40.05 40.07 40.1
40.59 40.58 40.55 40.54 40.56 40.57 40.56 40.58 40.6 40.6 40.59 40.58 40.57 40.56 40.55 40.54 40.53 40.5 40.45 40.36 40.27 40.22 40.16 40.05 39.96 39.93 39.89 39.85 39.81 39.79 39.75 39.71 39.68 39.69 39.75 39.79 39.72 39.53 38.97 39.26 39.54 39.76 39.82 39.72 39.68 39.68 39.73 39.82 39.89 39.97 40.04 40.04 40.06 40.03 40.02 40.01 39.99 40.02 40.06 40.07 40.05 40.06 40.06 40.03 40.05 40.08
40.61 40.59 40.57 40.55 40.55 40.56 40.56 40.57 40.58 40.57 40.57 40.57 40.55 40.56 40.57 40.58 40.52 40.48 40.43 40.36 40.24 40.17 40.08 40 39.95 39.91 39.87 39.82 39.8 39.81 39.76 39.71 39.69 39.68 39.77 39.79 39.75 39.68 39.37 39.16 39.12 39.46 39.77 39.76 39.7 39.67 39.72 39.81 39.88 39.94 40.03 40.06 40.07 40.04 40.01 40.01 40.01 40.03 40.07 40.09 40.07 40.04 40.05 40.04 40.06 40.05
40.63 40.61 40.58 40.57 40.55 40.54 40.54 40.55 40.56 40.55 40.56 40.58 40.56 40.56 40.58 40.58 40.51 40.47 40.42 40.33 40.19 40.11 40.06 39.96 39.93 39.92 39.86 39.81 39.76 39.74 39.73 39.69 39.66 39.68 39.78 39.78 39.75 39.76 39.54 39.1 38.92 39.26 39.69 39.78 39.73 39.68 39.72 39.81 39.86 39.95 40.04 40.05 40.04 40.02 40 40.02 40.03 40.06 40.08 40.1 40.09 40.04 40.02 40.02 40.05 40.05
40.64 40.62 40.6 40.58 40.55 40.53 40.52 40.52 40.5 40.49 40.51 40.55 40.58 40.56 40.58 40.58 40.54 40.49 40.45 40.31 40.19 40.11 40.07 39.99 39.93 39.9 39.85 39.76 39.71 39.69 39.68 39.67 39.68 39.68 39.71 39.74 39.76 39.82 39.72 39.25 38.99 39.07 39.52 39.76 39.76 39.74 39.76 39.8 39.85 39.98 40.05 40.05 40.03 40.03 40 40.01 40.02 40.02 40.03 40.06 40.12 40.07 40.05 40.06 40.06 40.05
40.64 40.63 40.62 40.6 40.57 40.54 40.53 40.51 40.5 40.51 40.5 40.53 40.56 40.57 40.58 40.56 40.49 40.45 40.42 40.32 40.24 40.19 40.11 40.03 39.98 39.94 39.86 39.78 39.7 39.68 39.67 39.67 39.68 39.68 39.69 39.72 39.75 39.83 39.88 39.59 39.35 39.03 39.31 39.67 39.74 39.78 39.79 39.8 39.84 39.96 40.06 40.06 40.04 40.05 40.02 40.02 40.01 40.02 40.02 40.05 40.12 40.09 40.03 40.05 40.08 40.1
40.64 40.63 40.63 40.62 40.6 40.57 40.56 40.52 40.52 40.51 40.51 40.49 40.53 40.55 40.55 40.55 40.5 40.47 40.42 40.32 40.26 40.2 40.11 40.03 39.97 39.94 39.9 39.83 39.76 39.72 39.69 39.68 39.69 39.73 39.72 39.74 39.78 39.83 39.93 39.9 39.8 39.31 39.16 39.5 39.67 39.76 39.81 39.82 39.84 39.92 40.04 40.11 40.1 40.04 40.01 40 40.04 40.05 40.05 40.06 40.08 40.06 40.06 40.06 40.05 40.05
40.65 40.67 40.67 40.64 40.6 40.57 40.53 40.5 40.5 40.5 40.52 40.51 40.52 40.52 40.52 40.51 40.49 40.46 40.4 40.31 40.23 40.18 40.1 40.03 39.98 39.95 39.91 39.86 39.81 39.78 39.72 39.71 39.73 39.76 39.75 39.78 39.82 39.9 39.95 39.99 39.93 39.58 39.05 39.28 39.57 39.74 39.83 39.89 39.88 39.91 40 40.05 40.06 40.06 40.04 40.01 40.03 40.1 40.08 40.05 40.05 40.06 40.06 40.06 40.04 40.07
40.65 40.65 40.66 40.64 40.59 40.59 40.56 40.53 40.49 40.48 40.49 40.5 40.49 40.48 40.46 40.45 40.45 40.43 40.37 40.3 40.23 40.2 40.11 40.03 40 39.97 39.92 39.87 39.85 39.83 39.77 39.74 39.74 39.77 39.76 39.78 39.79 39.88 39.89 39.96 39.94 39.56 38.99 39.21 39.57 39.8 39.84 39.85 39.87 39.92 40.01 40.04 40.04 40.08 40.06 40.04 40.03 40.07 40.09 40.08 40.05 40.12 40.13 40.12 40.07 40.1
40.63 40.64 40.65 40.63 40.61 40.58 40.55 40.53 40.48 40.46 40.45 40.46 40.45 40.45 40.42 40.4 40.4 40.41 40.35 40.29 40.26 40.25 40.15 40.05 40.01 39.97 39.94 39.9 39.9 39.88 39.83 39.77 39.75 39.77 39.79 39.8 39.76 39.78 39.85 39.88 39.88 39.76 39.23 39.03 39.2 39.71 39.82 39.83 39.86 39.92 40.01 40.05 40.04 40.1 40.11 40.09 40.08 40.09 40.08 40.07 40.05 40.11 40.14 40.14 40.08 40.11
40.64 40.66 40.64 40.65 40.62 40.59 40.56 40.54 40.51 40.49 40.45 40.43 40.43 40.44 40.41 40.38 40.37 40.38 40.35 40.29 40.27 40.27 40.19 40.1 40.04 39.99 39.94 39.92 39.93 39.91 39.9 39.83 39.81 39.78 39.82 39.85 39.82 39.78 39.84 39.84 39.83 39.8 39.39 38.96 39.16 39.63 39.8 39.84 39.86 39.94 40.03 40.05 40.07 40.09 40.12 40.11 40.11 40.09 40.07 40.06 40.05 40.07 40.11 40.12 40.09 40.11
40.63 40.63 40.62 40.64 40.61 40.59 40.57 40.55 40.53 40.53 40.48 40.45 40.43 40.43 40.4 40.38 40.37 40.36 40.34 40.28 40.26 40.24 40.18 40.09 40.04 39.97 39.94 39.92 39.94 39.92 39.88 39.85 39.83 39.83 39.83 39.85 39.84 39.77 39.78 39.77 39.74 39.77 39.51 38.96 39.06 39.55 39.81 39.87 39.86 39.9 39.96 40.01 40.07 40.09 40.12 40.12 40.12 40.09 40.06 40.06 40.03 40.06 40.08 40.08 40.07 40.11
40.6 40.61 40.61 40.61 40.59 40.58 40.58 40.56 40.55 40.54 40.52 40.47 40.44 40.42 40.4 40.39 40.41 40.37 40.32 40.26 40.24 40.21 40.14 40.09 40.06 40 39.97 39.94 39.94 39.94 39.89 39.86 39.84 39.84 39.86 39.85 39.83 39.78 39.78 39.77 39.74 39.76 39.7 39.44 39.2 39.27 39.62 39.78 39.84 39.87 39.9 39.98 40.05 40.09 40.13 40.13 40.1 40.07 40.04 40.05 40.03 40.03 40.04 40.06 40.08 40.11
40.6 40.61 40.62 40.59 40.59 40.59 40.59 40.58 40.59 40.59 40.56 40.49 40.45 40.42 40.41 40.4 40.42 40.35 40.3 40.27 40.24 40.21 40.16 40.1 40.06 40.02 39.97 39.93 39.93 39.91 39.89 39.9 39.88 39.88 39.89 39.88 39.85 39.8 39.75 39.7 39.71 39.76 39.83 39.79 39.41 39.09 39.36 39.63 39.81 39.86 39.9 39.95 40.04 40.08 40.12 40.11 40.07 40.05 40.04 40.06 40.07 40.02 39.99 40.01 40.1 40.1
40.61 40.6 40.6 40.58 40.59 40.61 40.63 40.62 40.65 40.61 40.57 40.51 40.45 40.41 40.41 40.43 40.4 40.37 40.29 40.29 40.27 40.24 40.2 40.12 40.07 39.99 39.95 39.93 39.93 39.92 39.89 39.91 39.92 39.93 39.91 39.88 39.85 39.81 39.73 39.67 39.66 39.73 39.85 39.86 39.58 39.12 39.2 39.52 39.79 39.85 39.87 39.92 40.06 40.09 40.09 40.1 40.08 40.07 40.07 40.09 40.09 40.09 40.06 40.04 40.1 40.14
40.61 40.6 40.59 40.59 40.6 40.62 40.61 40.64 40.66 40.65 40.59 40.51 40.47 40.4 40.39 40.4 40.39 40.36 40.32 40.28 40.25 40.23 40.2 40.12 40.07 39.99 39.95 39.89 39.87 39.9 39.88 39.9 39.9 39.91 39.89 39.87 39.84 39.82 39.75 39.7 39.63 39.7 39.82 39.84 39.62 39.18 39.12 39.44 39.76 39.83 39.84 39.91 40.07 40.08 40.05 40.08 40.1 40.14 40.12 40.09 40.11 40.11 40.1 40.07 40.1 40.12
40.63 40.63 40.6 40.58 40.57 40.62 40.64 40.65 40.64 40.65 40.62 40.56 40.52 40.47 40.41 40.39 40.38 40.38 40.35 40.33 40.3 40.27 40.21 40.14 40.08 39.99 39.92 39.86 39.82 39.84 39.86 39.87 39.85 39.86 39.87 39.86 39.84 39.82 39.78 39.72 39.63 39.68 39.77 39.8 39.52 39.15 39 39.26 39.69 39.82 39.83 39.9 40 40.08 40.08 40.08 40.11 40.11 40.11 40.09 40.11 40.12 40.1 40.08 40.1 40.09
40.62 40.64 40.63 40.6 40.58 40.62 40.66 40.66 40.65 40.63 40.6 40.57 40.55 40.49 40.46 40.45 40.42 40.44 40.42 40.4 40.37 40.31 40.24 40.17 40.09 39.97 39.89 39.85 39.81 39.79 39.83 39.84 39.85 39.83 39.85 39.84 39.82 39.8 39.75 39.7 39.62 39.64 39.71 39.75 39.54 39.21 38.99 39.15 39.63 39.82 39.85 39.87 39.91 40.05 40.11 40.12 40.12 40.11 40.11 40.13 40.1 40.08 40.06 40.04 40.07 40.11
40.59 40.61 40.61 40.62 40.63 40.65 40.67 40.69 40.67 40.65 40.58 40.57 40.56 40.54 40.51 40.52 40.5 40.47 40.44 40.42 40.38 40.3 40.24 40.19 40.11 39.99 39.89 39.84 39.8 39.78 39.81 39.84 39.86 39.84 39.84 39.82 39.79 39.77 39.74 39.72 39.63 39.62 39.64 39.7 39.6 39.3 39.1 39.03 39.4 39.74 39.86 39.87 39.93 40.04 40.09 40.13 40.1 40.12 40.13 40.12 40.09 40.07 40.07 40.04 40.06 40.1
40.58 40.58 40.59 40.62 40.63 40.65 40.66 40.67 40.67 40.65 40.61 40.61 40.59 40.57 40.54 40.54 40.53 40.5 40.44 40.42 40.37 40.29 40.23 40.2 40.13 40.04 39.92 39.85 39.8 39.79 39.77 39.8 39.83 39.81 39.79 39.77 39.74 39.72 39.72 39.69 39.61 39.59 39.62 39.65 39.65 39.45 39.33 39.15 39.16 39.61 39.82 39.86 39.9 40 40.07 40.13 40.07 40.09 40.1 40.09 40.07 40.08 40.07 40.06 40.08 40.12
40.57 40.56 40.57 40.62 40.63 40.61 40.62 40.64 40.64 40.64 40.64 40.62 40.59 40.56 40.53 40.53 40.53 40.51 40.46 40.43 40.39 40.32 40.25 40.22 40.17 40.05 39.96 39.92 39.84 39.78 39.77 39.8 39.82 39.81 39.77 39.75 39.74 39.73 39.71 39.68 39.64 39.62 39.62 39.63 39.64 39.58 39.51 39.23 39.06 39.37 39.6 39.81 39.89 39.95 40.02 40.1 40.1 40.11 40.12 40.11 40.08 40.08 40.09 40.1 40.11 40.12
