slabs/81.grd
DSAA
631 301
647040 647670
4946000 4946300
38.45 41.4
[rows 210 to 239 of 300, columns 198 to 263 of 631]
39.74 39.79 39.78 39.78 39.8 39.8 39.78 39.81 39.8 39.78 39.8 39.76 39.75 39.71 39.64 39.61 39.6 39.64 39.67 39.67 39.71 39.71 39.74 39.77 39.82 39.85 39.87 39.86 39.83 39.73 39.6 39.51 39.51 39.61 39.66 39.69 39.74 39.78 39.8 39.82 39.85 39.87 39.89 39.91 39.96 39.94 39.95 39.98 40.02 40.06 40.06 40.08 40.07 40.04 40.03 40.01 39.97 39.95 39.97 39.95 39.92 39.89 39.83 39.75 39.73 39.76
39.71 39.73 39.77 39.8 39.81 39.8 39.79 39.81 39.81 39.79 39.79 39.76 39.75 39.72 39.66 39.63 39.64 39.66 39.66 39.67 39.69 39.68 39.71 39.75 39.82 39.87 39.88 39.85 39.82 39.75 39.65 39.54 39.49 39.59 39.68 39.72 39.76 39.78 39.81 39.8 39.82 39.88 39.91 39.94 39.95 39.98 40 39.99 40.01 40.05 40.03 40.05 40.07 40.06 40.05 40.03 40.01 40 40.02 39.98 39.92 39.87 39.84 39.77 39.72 39.72
39.71 39.7 39.75 39.79 39.8 39.8 39.82 39.82 39.82 39.81 39.8 39.79 39.79 39.74 39.68 39.63 39.64 39.65 39.66 39.68 39.67 39.68 39.7 39.71 39.75 39.8 39.83 39.84 39.81 39.73 39.67 39.59 39.52 39.54 39.63 39.72 39.74 39.75 39.81 39.81 39.79 39.87 39.91 39.94 39.94 39.97 40 40.01 40.02 39.99 40 40.05 40.08 40.08 40.06 40.07 40.01 40.02 40.02 39.97 39.93 39.88 39.85 39.79 39.72 39.7
39.72 39.66 39.73 39.77 39.77 39.78 39.81 39.82 39.84 39.84 39.85 39.85 39.83 39.77 39.68 39.59 39.59 39.62 39.66 39.66 39.63 39.64 39.68 39.7 39.71 39.77 39.8 39.82 39.85 39.78 39.72 39.64 39.49 39.49 39.6 39.71 39.76 39.75 39.74 39.76 39.79 39.86 39.91 39.95 39.98 39.96 39.95 39.96 40.01 39.99 39.99 40.05 40.08 40.1 40.09 40.07 40 39.99 39.95 39.91 39.94 39.92 39.89 39.86 39.78 39.76
39.72 39.65 39.71 39.76 39.76 39.77 39.79 39.8 39.81 39.83 39.85 39.86 39.83 39.79 39.68 39.61 39.59 39.58 39.58 39.59 39.61 39.65 39.67 39.68 39.72 39.75 39.77 39.8 39.81 39.79 39.76 39.68 39.54 39.5 39.55 39.67 39.76 39.76 39.76 39.76 39.82 39.87 39.91 39.96 39.96 39.93 39.91 39.93 39.97 39.96 39.97 40.03 40.05 40.08 40.1 40.05 40 39.96 39.93 39.86 39.92 39.95 39.93 39.89 39.85 39.82
39.75 39.66 39.66 39.74 39.76 39.77 39.77 39.77 39.78 39.8 39.82 39.83 39.79 39.78 39.69 39.65 39.6 39.56 39.54 39.56 39.6 39.65 39.66 39.64 39.64 39.72 39.78 39.81 39.82 39.77 39.74 39.71 39.59 39.48 39.47 39.59 39.71 39.74 39.76 39.77 39.8 39.82 39.86 39.94 39.93 39.9 39.9 39.92 39.94 39.92 39.91 39.96 40 40.04 40.07 40.01 39.97 39.94 39.93 39.91 39.91 39.92 39.93 39.95 39.91 39.83
39.79 39.67 39.65 39.7 39.76 39.79 39.78 39.76 39.77 39.79 39.79 39.8 39.77 39.76 39.73 39.66 39.62 39.59 39.6 39.62 39.68 39.71 39.74 39.73 39.7 39.73 39.76 39.78 39.79 39.79 39.77 39.74 39.65 39.53 39.46 39.51 39.64 39.71 39.74 39.78 39.79 39.79 39.81 39.89 39.9 39.88 39.89 39.9 39.92 39.89 39.87 39.88 39.94 39.99 40.04 40.01 39.97 39.96 39.95 39.94 39.97 39.94 39.91 39.93 39.93 39.87
39.81 39.69 39.61 39.66 39.74 39.77 39.82 39.83 39.82 39.78 39.76 39.78 39.75 39.71 39.71 39.7 39.66 39.61 39.59 39.61 39.7 39.75 39.77 39.78 39.76 39.77 39.76 39.74 39.76 39.78 39.76 39.73 39.66 39.59 39.51 39.47 39.59 39.69 39.73 39.81 39.79 39.77 39.79 39.85 39.9 39.91 39.92 39.92 39.9 39.88 39.88 39.9 39.95 39.98 40.01 40.04 40.05 40.03 40 39.96 39.97 39.95 39.96 39.97 39.95 39.9
39.83 39.75 39.64 39.6 39.68 39.75 39.77 39.77 39.79 39.79 39.8 39.81 39.78 39.71 39.7 39.7 39.66 39.62 39.6 39.59 39.66 39.7 39.72 39.74 39.77 39.75 39.76 39.76 39.75 39.74 39.74 39.73 39.69 39.64 39.56 39.43 39.54 39.66 39.71 39.8 39.79 39.77 39.79 39.83 39.93 39.98 39.97 39.93 39.88 39.86 39.88 39.96 40.01 40.03 40.02 40.03 40.06 40.04 39.95 39.94 39.93 39.95 39.95 39.97 39.95 39.92
39.84 39.75 39.66 39.6 39.65 39.74 39.75 39.76 39.77 39.78 39.81 39.81 39.77 39.74 39.71 39.71 39.7 39.67 39.64 39.62 39.63 39.68 39.72 39.74 39.77 39.74 39.76 39.79 39.76 39.72 39.73 39.76 39.75 39.7 39.61 39.42 39.53 39.62 39.68 39.75 39.8 39.8 39.81 39.84 39.96 40.01 39.99 39.87 39.85 39.86 39.87 39.95 40.01 40.05 40.07 40.06 40.06 40.03 39.96 39.92 39.94 39.96 39.92 39.96 39.94 39.9
39.83 39.76 39.69 39.62 39.61 39.71 39.71 39.74 39.72 39.72 39.75 39.76 39.72 39.72 39.71 39.72 39.7 39.68 39.67 39.65 39.62 39.66 39.71 39.76 39.77 39.75 39.76 39.81 39.79 39.74 39.74 39.78 39.76 39.73 39.64 39.46 39.47 39.57 39.65 39.71 39.8 39.83 39.84 39.86 39.94 39.97 39.94 39.87 39.88 39.89 39.9 39.95 39.99 40.03 40.05 40.07 40.06 40.03 39.98 39.97 39.99 39.99 39.93 39.94 39.92 39.89
39.85 39.81 39.73 39.66 39.58 39.69 39.73 39.75 39.74 39.74 39.74 39.73 39.71 39.71 39.74 39.74 39.71 39.69 39.69 39.66 39.63 39.65 39.68 39.73 39.77 39.77 39.76 39.83 39.85 39.77 39.79 39.79 39.77 39.75 39.68 39.49 39.41 39.52 39.62 39.69 39.79 39.82 39.83 39.85 39.89 39.9 39.92 39.86 39.84 39.85 39.9 39.93 39.99 40.03 40.03 40.03 40.03 40.02 39.99 39.98 40 40.02 39.98 39.96 39.96 39.92
39.85 39.87 39.81 39.75 39.64 39.62 39.69 39.72 39.74 39.77 39.76 39.74 39.73 39.72 39.74 39.75 39.74 39.72 39.71 39.65 39.65 39.66 39.68 39.68 39.76 39.82 39.83 39.82 39.81 39.78 39.79 39.78 39.78 39.8 39.78 39.6 39.46 39.51 39.62 39.71 39.74 39.77 39.84 39.81 39.83 39.84 39.87 39.84 39.82 39.84 39.87 39.92 39.98 40.01 39.99 39.97 39.99 40 39.99 39.98 39.98 40.01 40.03 40 39.96 39.92
39.86 39.87 39.83 39.8 39.72 39.59 39.65 39.69 39.71 39.75 39.75 39.76 39.76 39.74 39.72 39.71 39.75 39.74 39.72 39.66 39.68 39.63 39.65 39.69 39.77 39.82 39.85 39.81 39.78 39.78 39.79 39.83 39.85 39.82 39.77 39.65 39.52 39.52 39.59 39.7 39.72 39.74 39.81 39.82 39.82 39.81 39.82 39.79 39.78 39.81 39.85 39.92 39.97 39.99 39.98 39.96 39.97 39.98 40 40 39.98 39.99 40.03 40 39.93 39.88
39.87 39.83 39.81 39.81 39.76 39.64 39.64 39.68 39.7 39.74 39.75 39.76 39.78 39.76 39.73 39.71 39.73 39.72 39.7 39.68 39.72 39.74 39.71 39.72 39.73 39.76 39.8 39.74 39.74 39.74 39.74 39.77 39.83 39.83 39.76 39.67 39.58 39.51 39.55 39.68 39.69 39.71 39.76 39.79 39.79 39.77 39.76 39.75 39.76 39.81 39.87 39.9 39.94 39.96 39.99 39.98 39.97 40 40.02 40.02 39.99 39.99 40 39.99 39.96 39.91
39.89 39.84 39.81 39.82 39.78 39.65 39.59 39.66 39.73 39.75 39.75 39.74 39.78 39.78 39.76 39.75 39.76 39.76 39.7 39.65 39.67 39.71 39.74 39.76 39.78 39.81 39.83 39.73 39.75 39.74 39.74 39.75 39.82 39.84 39.78 39.72 39.65 39.56 39.5 39.6 39.65 39.68 39.7 39.75 39.78 39.77 39.76 39.78 39.8 39.84 39.9 39.89 39.91 39.93 39.99 39.98 39.97 40.01 40.01 39.98 39.98 40.02 39.97 39.96 39.95 39.92
39.91 39.85 39.83 39.82 39.81 39.66 39.53 39.67 39.73 39.71 39.72 39.77 39.8 39.79 39.78 39.79 39.85 39.84 39.79 39.7 39.65 39.68 39.72 39.74 39.77 39.8 39.8 39.79 39.78 39.77 39.77 39.77 39.78 39.8 39.78 39.75 39.7 39.63 39.5 39.54 39.63 39.66 39.67 39.74 39.77 39.77 39.77 39.81 39.84 39.85 39.88 39.88 39.88 39.91 39.96 39.97 39.98 40.03 40.02 39.97 39.97 40.01 39.95 39.91 39.9 39.89
39.92 39.89 39.86 39.87 39.84 39.75 39.66 39.68 39.75 39.73 39.73 39.77 39.77 39.75 39.78 39.81 39.82 39.83 39.81 39.78 39.71 39.7 39.73 39.71 39.73 39.77 39.79 39.78 39.77 39.78 39.77 39.78 39.79 39.8 39.78 39.76 39.74 39.67 39.56 39.56 39.63 39.66 39.65 39.71 39.75 39.74 39.75 39.79 39.82 39.87 39.88 39.87 39.87 39.88 39.94 39.94 39.96 40.02 39.99 39.95 39.95 39.94 39.91 39.88 39.91 39.94
39.95 39.95 39.95 39.95 39.85 39.83 39.75 39.56 39.72 39.79 39.8 39.78 39.81 39.82 39.83 39.83 39.78 39.76 39.77 39.78 39.76 39.74 39.75 39.74 39.73 39.76 39.81 39.76 39.74 39.76 39.77 39.78 39.81 39.8 39.81 39.78 39.75 39.68 39.61 39.54 39.57 39.6 39.63 39.72 39.76 39.78 39.78 39.81 39.84 39.87 39.91 39.89 39.86 39.82 39.84 39.84 39.88 39.91 39.96 39.94 39.92 39.94 39.91 39.88 39.9 39.92
39.99 39.98 39.98 40.03 39.96 39.87 39.79 39.59 39.7 39.77 39.78 39.8 39.85 39.86 39.84 39.85 39.8 39.8 39.79 39.78 39.76 39.76 39.77 39.77 39.76 39.77 39.83 39.77 39.74 39.74 39.77 39.79 39.82 39.82 39.83 39.79 39.73 39.7 39.61 39.46 39.45 39.52 39.63 39.72 39.75 39.82 39.83 39.8 39.81 39.87 39.86 39.85 39.86 39.83 39.82 39.85 39.88 39.88 39.91 39.93 39.95 39.91 39.9 39.88 39.9 39.92
39.95 39.95 39.96 40 39.93 39.87 39.78 39.57 39.59 39.69 39.74 39.75 39.76 39.78 39.79 39.8 39.79 39.8 39.8 39.76 39.74 39.75 39.77 39.77 39.77 39.76 39.83 39.81 39.78 39.74 39.77 39.82 39.84 39.86 39.86 39.82 39.76 39.73 39.6 39.46 39.42 39.53 39.64 39.7 39.77 39.78 39.8 39.8 39.81 39.86 39.88 39.89 39.88 39.85 39.82 39.85 39.88 39.9 39.94 39.95 39.98 39.92 39.91 39.9 39.89 39.9
39.9 39.89 39.9 39.9 39.86 39.8 39.74 39.61 39.53 39.56 39.59 39.64 39.68 39.7 39.72 39.73 39.73 39.73 39.73 39.68 39.69 39.7 39.74 39.76 39.75 39.76 39.81 39.8 39.78 39.75 39.8 39.84 39.85 39.85 39.84 39.83 39.81 39.78 39.67 39.51 39.41 39.45 39.58 39.67 39.75 39.79 39.78 39.75 39.77 39.82 39.84 39.85 39.85 39.85 39.86 39.85 39.86 39.88 39.93 39.98 40.01 39.94 39.88 39.88 39.91 39.88
39.8 39.77 39.77 39.77 39.77 39.74 39.7 39.63 39.47 39.41 39.43 39.53 39.63 39.68 39.69 39.65 39.64 39.64 39.63 39.6 39.6 39.62 39.68 39.72 39.75 39.79 39.81 39.79 39.77 39.76 39.78 39.81 39.82 39.82 39.82 39.81 39.82 39.82 39.73 39.61 39.5 39.45 39.57 39.64 39.72 39.77 39.77 39.75 39.76 39.78 39.8 39.81 39.81 39.82 39.84 39.85 39.83 39.85 39.92 39.97 40.01 39.96 39.88 39.88 39.93 39.88
39.72 39.68 39.69 39.71 39.72 39.69 39.66 39.6 39.42 39.33 39.37 39.5 39.63 39.69 39.65 39.59 39.58 39.56 39.56 39.59 39.55 39.56 39.6 39.65 39.7 39.77 39.81 39.81 39.8 39.75 39.75 39.77 39.79 39.82 39.84 39.81 39.82 39.8 39.72 39.64 39.54 39.43 39.55 39.64 39.71 39.73 39.75 39.75 39.76 39.76 39.77 39.77 39.77 39.78 39.83 39.86 39.83 39.84 39.88 39.91 39.99 40 39.93 39.91 39.89 39.88
39.63 39.63 39.68 39.71 39.68 39.65 39.64 39.57 39.45 39.37 39.4 39.54 39.67 39.71 39.62 39.52 39.5 39.49 39.53 39.6 39.58 39.61 39.58 39.62 39.62 39.69 39.76 39.79 39.79 39.78 39.77 39.76 39.77 39.79 39.81 39.77 39.81 39.82 39.74 39.68 39.61 39.47 39.47 39.57 39.64 39.67 39.72 39.74 39.74 39.76 39.78 39.77 39.76 39.76 39.8 39.84 39.81 39.81 39.84 39.87 39.94 39.96 39.93 39.9 39.86 39.85
39.54 39.57 39.62 39.65 39.6 39.6 39.61 39.54 39.48 39.42 39.43 39.54 39.64 39.68 39.64 39.48 39.42 39.44 39.53 39.63 39.63 39.68 39.64 39.59 39.63 39.65 39.68 39.71 39.75 39.78 39.79 39.75 39.73 39.76 39.8 39.79 39.86 39.89 39.76 39.69 39.65 39.52 39.43 39.48 39.56 39.63 39.68 39.7 39.71 39.72 39.77 39.8 39.78 39.76 39.75 39.77 39.8 39.82 39.84 39.9 39.92 39.9 39.93 39.92 39.85 39.85
39.51 39.54 39.57 39.53 39.48 39.5 39.54 39.51 39.48 39.43 39.38 39.48 39.63 39.66 39.64 39.48 39.37 39.43 39.55 39.65 39.69 39.71 39.72 39.66 39.65 39.63 39.65 39.64 39.7 39.78 39.75 39.71 39.73 39.73 39.78 39.8 39.83 39.87 39.77 39.7 39.67 39.57 39.46 39.44 39.52 39.61 39.63 39.64 39.68 39.69 39.74 39.77 39.76 39.75 39.75 39.74 39.78 39.82 39.84 39.89 39.94 39.88 39.89 39.9 39.88 39.86
39.6 39.59 39.58 39.51 39.46 39.46 39.49 39.42 39.38 39.36 39.39 39.47 39.54 39.6 39.6 39.44 39.36 39.35 39.45 39.63 39.69 39.71 39.75 39.71 39.67 39.66 39.62 39.58 39.64 39.71 39.71 39.71 39.74 39.72 39.78 39.81 39.82 39.84 39.79 39.75 39.67 39.58 39.47 39.41 39.47 39.59 39.6 39.62 39.68 39.7 39.7 39.7 39.7 39.74 39.74 39.75 39.77 39.81 39.84 39.88 39.93 39.91 39.91 39.9 39.88 39.82
39.75 39.73 39.66 39.69 39.61 39.58 39.53 39.51 39.47 39.43 39.41 39.43 39.48 39.59 39.52 39.47 39.46 39.45 39.44 39.56 39.63 39.62 39.61 39.6 39.63 39.67 39.61 39.58 39.61 39.66 39.7 39.74 39.76 39.74 39.77 39.8 39.82 39.83 39.79 39.76 39.69 39.58 39.46 39.37 39.4 39.53 39.57 39.59 39.65 39.67 39.66 39.66 39.65 39.67 39.71 39.7 39.72 39.8 39.82 39.84 39.87 39.89 39.86 39.87 39.88 39.87
39.8 39.8 39.76 39.77 39.76 39.74 39.68 39.63 39.64 39.6 39.46 39.48 39.5 39.61 39.54 39.53 39.56 39.55 39.5 39.5 39.49 39.46 39.45 39.44 39.54 39.68 39.64 39.59 39.61 39.68 39.73 39.76 39.79 39.77 39.74 39.75 39.76 39.78 39.78 39.79 39.7 39.59 39.49 39.41 39.38 39.48 39.59 39.63 39.67 39.7 39.7 39.67 39.68 39.7 39.71 39.71 39.72 39.77 39.79 39.84 39.87 39.85 39.83 39.84 39.87 39.91
