slabs/81.grd
DSAA
631 301
647040 647670
4946000 4946300
38.45 41.4
[rows 240 to 269 of 300, columns 0 to 65 of 631]
40.6 40.5 40.42 40.35 40.23 40.23 40.26 40.28 40.26 40.26 40.28 40.29 40.21 40.18 40.21 40.22 40.21 40.26 40.3 40.29 40.21 40.18 40.18 40.17 40.15 40.16 40.18 40.22 40.2 40.16 40.17 40.16 40.13 40.06 40.06 40.12 40.13 40.15 40.18 40.14 40.1 40.15 40.16 40.14 40.13 40.15 40.19 40.18 40.19 40.16 40.16 40.17 40.16 40.15 40.17 40.18 40.14 40.08 39.99 39.96 39.96 39.97 40.04 40.12 40.16 40.13
40.63 40.54 40.47 40.41 40.28 40.21 40.27 40.3 40.29 40.26 40.24 40.22 40.19 40.21 40.23 40.23 40.18 40.23 40.27 40.28 40.2 40.19 40.22 40.21 40.19 40.16 40.17 40.19 40.17 40.12 40.14 40.13 40.1 40.05 40.06 40.12 40.15 40.12 40.14 40.12 40.11 40.12 40.14 40.14 40.13 40.16 40.18 40.22 40.24 40.21 40.18 40.14 40.14 40.11 40.12 40.12 40.09 40.03 39.99 39.94 39.94 39.96 40.03 40.1 40.18 40.18
40.6 40.53 40.5 40.46 40.34 40.24 40.29 40.31 40.27 40.23 40.22 40.2 40.18 40.2 40.19 40.18 40.15 40.18 40.21 40.22 40.2 40.2 40.22 40.2 40.2 40.19 40.19 40.17 40.16 40.12 40.13 40.16 40.11 40.1 40.13 40.13 40.12 40.14 40.17 40.16 40.1 40.07 40.11 40.1 40.11 40.13 40.16 40.19 40.2 40.19 40.21 40.11 40.11 40.08 40.11 40.11 40.08 40.04 39.96 39.92 39.93 39.95 40.01 40.05 40.11 40.13
40.62 40.57 40.53 40.49 40.38 40.31 40.33 40.31 40.24 40.23 40.21 40.2 40.19 40.17 40.17 40.16 40.16 40.16 40.19 40.18 40.21 40.23 40.21 40.17 40.16 40.16 40.15 40.14 40.11 40.1 40.1 40.14 40.17 40.17 40.15 40.11 40.14 40.17 40.19 40.17 40.14 40.12 40.11 40.09 40.11 40.11 40.14 40.14 40.14 40.13 40.18 40.12 40.08 40.07 40.07 40.09 40.08 40.06 39.96 39.92 39.94 39.94 39.98 40 40.03 40.07
40.64 40.61 40.56 40.49 40.38 40.35 40.38 40.32 40.24 40.23 40.21 40.2 40.2 40.19 40.19 40.2 40.21 40.19 40.2 40.15 40.22 40.24 40.21 40.17 40.11 40.09 40.15 40.19 40.14 40.16 40.13 40.17 40.17 40.16 40.13 40.09 40.11 40.13 40.15 40.13 40.13 40.16 40.12 40.08 40.09 40.12 40.13 40.12 40.12 40.13 40.15 40.13 40.09 40.08 40.05 40.07 40.06 40.07 39.98 39.95 39.95 39.94 39.97 39.99 40.01 40.07
40.65 40.62 40.57 40.47 40.39 40.37 40.4 40.32 40.24 40.22 40.21 40.23 40.26 40.24 40.2 40.17 40.19 40.18 40.21 40.2 40.24 40.24 40.21 40.15 40.15 40.12 40.16 40.17 40.15 40.15 40.17 40.21 40.21 40.23 40.18 40.12 40.14 40.13 40.18 40.17 40.18 40.17 40.11 40.07 40.08 40.11 40.12 40.15 40.15 40.17 40.14 40.13 40.12 40.11 40.09 40.09 40.06 40.06 40.03 40.02 39.99 39.97 39.98 40 40.01 40.07
40.63 40.6 40.53 40.48 40.43 40.42 40.41 40.32 40.24 40.21 40.21 40.24 40.26 40.25 40.23 40.21 40.18 40.16 40.2 40.22 40.22 40.21 40.2 40.15 40.14 40.16 40.15 40.13 40.13 40.15 40.2 40.24 40.24 40.25 40.2 40.18 40.2 40.18 40.19 40.2 40.19 40.17 40.13 40.11 40.09 40.11 40.15 40.18 40.16 40.16 40.14 40.16 40.16 40.14 40.14 40.15 40.11 40.05 40.05 40.08 40.05 39.99 39.96 39.98 39.99 40.04
40.6 40.58 40.56 40.51 40.44 40.47 40.44 40.3 40.21 40.22 40.26 40.28 40.31 40.3 40.27 40.26 40.19 40.18 40.22 40.23 40.22 40.2 40.2 40.18 40.15 40.13 40.12 40.11 40.12 40.14 40.18 40.23 40.28 40.26 40.17 40.19 40.2 40.19 40.17 40.18 40.18 40.17 40.15 40.17 40.16 40.15 40.17 40.19 40.17 40.14 40.17 40.19 40.17 40.14 40.13 40.11 40.11 40.12 40.09 40.1 40.06 40.03 39.98 39.96 39.99 40.04
40.66 40.61 40.58 40.5 40.45 40.45 40.41 40.21 40.2 40.32 40.31 40.28 40.3 40.3 40.31 40.26 40.21 40.18 40.23 40.18 40.21 40.19 40.17 40.19 40.12 40.12 40.16 40.16 40.14 40.14 40.13 40.19 40.26 40.25 40.16 40.16 40.15 40.16 40.17 40.17 40.18 40.21 40.16 40.16 40.21 40.17 40.15 40.18 40.19 40.18 40.14 40.15 40.16 40.14 40.15 40.16 40.13 40.06 40.05 40.14 40.12 40.07 40 39.99 40.04 40.08
40.65 40.61 40.59 40.51 40.44 40.45 40.38 40.18 40.19 40.28 40.31 40.32 40.31 40.29 40.31 40.31 40.24 40.18 40.16 40.19 40.21 40.19 40.18 40.2 40.15 40.16 40.21 40.24 40.18 40.15 40.12 40.14 40.19 40.21 40.17 40.14 40.12 40.14 40.16 40.15 40.15 40.21 40.15 40.12 40.17 40.18 40.12 40.17 40.2 40.2 40.16 40.11 40.11 40.15 40.16 40.17 40.12 40.05 40.02 40.05 40.05 40.02 39.99 39.99 40.02 40.09
40.66 40.64 40.64 40.6 40.51 40.43 40.4 40.24 40.14 40.21 40.27 40.34 40.31 40.3 40.32 40.27 40.23 40.2 40.17 40.2 40.2 40.22 40.21 40.23 40.21 40.21 40.23 40.26 40.22 40.17 40.13 40.13 40.16 40.16 40.17 40.15 40.13 40.15 40.16 40.15 40.13 40.15 40.13 40.11 40.1 40.1 40.09 40.12 40.15 40.1 40.07 40.05 40.08 40.17 40.2 40.17 40.12 40.04 40.01 40.02 40.01 39.97 39.98 39.97 39.99 40.07
40.66 40.62 40.63 40.61 40.52 40.42 40.4 40.3 40.16 40.17 40.24 40.27 40.31 40.31 40.33 40.27 40.23 40.21 40.22 40.21 40.19 40.21 40.23 40.23 40.21 40.22 40.21 40.25 40.23 40.18 40.13 40.15 40.17 40.14 40.12 40.16 40.17 40.15 40.17 40.13 40.11 40.13 40.16 40.14 40.14 40.13 40.08 40.08 40.11 40.08 40.09 40.08 40.12 40.22 40.21 40.16 40.13 40.06 40.03 40.04 40.04 40.02 39.99 39.97 39.97 40.04
40.64 40.61 40.63 40.62 40.56 40.48 40.41 40.33 40.21 40.17 40.21 40.23 40.3 40.32 40.32 40.3 40.25 40.22 40.23 40.2 40.18 40.2 40.23 40.22 40.21 40.22 40.2 40.26 40.21 40.17 40.12 40.16 40.19 40.15 40.14 40.17 40.19 40.14 40.16 40.18 40.15 40.13 40.1 40.03 40.05 40.09 40.08 40.06 40.08 40.05 40.1 40.14 40.14 40.21 40.15 40.11 40.11 40.09 40.05 40.06 40.1 40.07 40.02 39.99 39.97 40.01
40.61 40.61 40.65 40.67 40.59 40.5 40.42 40.36 40.25 40.17 40.16 40.19 40.26 40.3 40.28 40.3 40.28 40.26 40.23 40.21 40.18 40.19 40.23 40.27 40.25 40.23 40.19 40.26 40.26 40.2 40.08 40.16 40.25 40.21 40.15 40.16 40.13 40.12 40.14 40.16 40.14 40.11 40.08 40.05 40.03 40.09 40.08 40.06 40.08 40.09 40.11 40.14 40.16 40.18 40.12 40.1 40.1 40.13 40.12 40.1 40.13 40.11 40.05 40.01 39.98 39.98
40.61 40.61 40.63 40.7 40.63 40.54 40.46 40.42 40.31 40.22 40.15 40.19 40.23 40.27 40.27 40.29 40.31 40.31 40.26 40.26 40.22 40.2 40.22 40.27 40.32 40.3 40.24 40.26 40.25 40.25 40.18 40.18 40.21 40.2 40.16 40.14 40.13 40.11 40.12 40.15 40.16 40.15 40.11 40.09 40.07 40.1 40.09 40.09 40.09 40.11 40.11 40.13 40.16 40.15 40.12 40.13 40.13 40.16 40.18 40.15 40.14 40.14 40.08 40.01 39.98 39.96
40.61 40.6 40.61 40.66 40.66 40.6 40.53 40.47 40.39 40.31 40.21 40.24 40.24 40.3 40.32 40.28 40.27 40.29 40.26 40.31 40.28 40.25 40.26 40.33 40.39 40.36 40.28 40.27 40.24 40.21 40.21 40.17 40.18 40.21 40.18 40.17 40.18 40.16 40.2 40.22 40.2 40.17 40.12 40.13 40.14 40.16 40.1 40.09 40.09 40.09 40.1 40.13 40.16 40.13 40.1 40.12 40.13 40.19 40.17 40.15 40.11 40.09 40.07 40.03 40 39.93
40.62 40.63 40.61 40.63 40.63 40.61 40.59 40.48 40.39 40.34 40.21 40.19 40.26 40.29 40.33 40.34 40.3 40.3 40.25 40.25 40.26 40.24 40.25 40.33 40.42 40.47 40.42 40.32 40.24 40.19 40.16 40.12 40.14 40.19 40.2 40.2 40.2 40.17 40.24 40.29 40.23 40.19 40.13 40.15 40.18 40.21 40.12 40.08 40.06 40.08 40.09 40.12 40.15 40.13 40.13 40.11 40.1 40.13 40.16 40.16 40.12 40.1 40.12 40.08 40.03 40
40.65 40.68 40.65 40.63 40.64 40.63 40.61 40.53 40.46 40.42 40.26 40.16 40.22 40.27 40.33 40.28 40.24 40.25 40.24 40.25 40.24 40.25 40.23 40.3 40.33 40.41 40.39 40.3 40.28 40.23 40.15 40.1 40.11 40.14 40.17 40.2 40.17 40.14 40.24 40.32 40.25 40.21 40.17 40.18 40.2 40.19 40.13 40.09 40.06 40.06 40.09 40.11 40.14 40.13 40.16 40.18 40.18 40.16 40.12 40.12 40.13 40.09 40.11 40.08 40.02 40
40.64 40.66 40.65 40.65 40.64 40.64 40.65 40.56 40.52 40.51 40.34 40.2 40.22 40.26 40.39 40.33 40.27 40.27 40.28 40.25 40.24 40.25 40.23 40.27 40.27 40.3 40.31 40.28 40.3 40.29 40.21 40.14 40.12 40.14 40.16 40.17 40.14 40.17 40.24 40.32 40.28 40.23 40.21 40.23 40.2 40.15 40.14 40.1 40.08 40.09 40.09 40.1 40.14 40.14 40.13 40.15 40.18 40.19 40.16 40.12 40.09 40.11 40.15 40.08 40 39.98
40.57 40.6 40.68 40.72 40.73 40.71 40.69 40.63 40.59 40.52 40.34 40.22 40.23 40.27 40.35 40.31 40.27 40.26 40.26 40.24 40.25 40.28 40.24 40.25 40.26 40.28 40.28 40.28 40.3 40.33 40.26 40.21 40.18 40.2 40.17 40.14 40.14 40.19 40.23 40.3 40.29 40.21 40.19 40.21 40.17 40.11 40.13 40.12 40.11 40.1 40.12 40.1 40.12 40.17 40.18 40.18 40.21 40.2 40.2 40.18 40.15 40.12 40.13 40.09 40.05 40
40.6 40.57 40.65 40.69 40.71 40.72 40.71 40.65 40.6 40.5 40.34 40.23 40.21 40.25 40.3 40.33 40.31 40.28 40.26 40.25 40.27 40.28 40.26 40.25 40.27 40.3 40.31 40.31 40.3 40.32 40.25 40.21 40.23 40.24 40.17 40.14 40.13 40.16 40.19 40.24 40.2 40.16 40.14 40.15 40.15 40.1 40.13 40.16 40.16 40.13 40.16 40.14 40.16 40.22 40.23 40.2 40.22 40.23 40.22 40.2 40.16 40.1 40.09 40.09 40.05 40
40.64 40.66 40.68 40.69 40.67 40.66 40.68 40.65 40.61 40.5 40.42 40.36 40.28 40.24 40.28 40.33 40.35 40.3 40.28 40.23 40.24 40.23 40.25 40.27 40.26 40.3 40.35 40.34 40.28 40.27 40.24 40.21 40.22 40.2 40.18 40.16 40.16 40.17 40.16 40.14 40.09 40.11 40.15 40.14 40.15 40.17 40.14 40.15 40.17 40.15 40.14 40.13 40.15 40.18 40.2 40.19 40.21 40.23 40.23 40.21 40.14 40.14 40.12 40.08 40.06 40.02
40.63 40.64 40.65 40.65 40.62 40.62 40.62 40.6 40.57 40.51 40.47 40.44 40.37 40.27 40.27 40.31 40.34 40.33 40.31 40.22 40.21 40.19 40.24 40.28 40.25 40.33 40.38 40.34 40.3 40.19 40.22 40.24 40.18 40.15 40.13 40.13 40.14 40.17 40.22 40.2 40.15 40.13 40.15 40.15 40.21 40.17 40.12 40.14 40.15 40.18 40.19 40.17 40.14 40.15 40.15 40.13 40.16 40.21 40.21 40.21 40.15 40.16 40.14 40.07 40.08 40.07
40.66 40.63 40.6 40.62 40.6 40.58 40.6 40.59 40.56 40.51 40.47 40.45 40.41 40.28 40.26 40.28 40.32 40.35 40.32 40.28 40.25 40.22 40.25 40.28 40.31 40.34 40.36 40.33 40.31 40.23 40.22 40.19 40.17 40.15 40.12 40.11 40.11 40.15 40.19 40.17 40.15 40.15 40.17 40.16 40.22 40.17 40.13 40.14 40.15 40.18 40.2 40.17 40.14 40.13 40.12 40.13 40.17 40.2 40.22 40.21 40.17 40.14 40.14 40.1 40.09 40.11
40.67 40.63 40.6 40.62 40.6 40.56 40.58 40.57 40.55 40.52 40.47 40.44 40.39 40.26 40.28 40.27 40.3 40.32 40.3 40.31 40.3 40.24 40.25 40.28 40.33 40.33 40.33 40.32 40.34 40.29 40.21 40.17 40.15 40.15 40.15 40.15 40.14 40.19 40.21 40.18 40.17 40.14 40.15 40.17 40.22 40.21 40.18 40.16 40.14 40.15 40.15 40.14 40.13 40.14 40.14 40.17 40.2 40.23 40.25 40.21 40.2 40.17 40.17 40.18 40.1 40.08
40.63 40.59 40.61 40.61 40.61 40.59 40.57 40.53 40.54 40.56 40.48 40.4 40.37 40.3 40.29 40.28 40.31 40.35 40.33 40.32 40.3 40.25 40.22 40.24 40.25 40.29 40.31 40.33 40.35 40.27 40.18 40.16 40.16 40.18 40.16 40.14 40.13 40.16 40.2 40.2 40.22 40.16 40.15 40.16 40.22 40.25 40.23 40.19 40.15 40.14 40.12 40.13 40.14 40.15 40.18 40.21 40.21 40.24 40.23 40.21 40.25 40.22 40.2 40.2 40.08 40.01
40.6 40.56 40.62 40.61 40.63 40.63 40.6 40.58 40.59 40.57 40.46 40.38 40.38 40.31 40.25 40.26 40.31 40.35 40.32 40.34 40.32 40.28 40.25 40.22 40.21 40.27 40.33 40.33 40.29 40.24 40.21 40.17 40.16 40.2 40.18 40.17 40.14 40.16 40.2 40.22 40.22 40.19 40.16 40.15 40.22 40.27 40.25 40.2 40.17 40.16 40.15 40.13 40.15 40.15 40.19 40.24 40.21 40.23 40.25 40.28 40.31 40.23 40.18 40.15 40.1 40.08
40.65 40.65 40.65 40.63 40.65 40.67 40.59 40.61 40.59 40.58 40.43 40.37 40.37 40.33 40.22 40.23 40.27 40.36 40.35 40.34 40.3 40.26 40.25 40.28 40.28 40.27 40.31 40.28 40.28 40.23 40.22 40.2 40.17 40.19 40.16 40.16 40.13 40.16 40.19 40.21 40.19 40.17 40.15 40.13 40.21 40.27 40.25 40.2 40.17 40.15 40.15 40.15 40.14 40.13 40.17 40.22 40.21 40.2 40.24 40.27 40.23 40.19 40.16 40.16 40.1 40.07
40.68 40.66 40.68 40.65 40.65 40.67 40.61 40.62 40.62 40.58 40.51 40.41 40.38 40.35 40.21 40.22 40.29 40.33 40.33 40.35 40.32 40.26 40.23 40.3 40.31 40.25 40.26 40.23 40.27 40.25 40.21 40.2 40.17 40.16 40.11 40.11 40.13 40.15 40.17 40.18 40.16 40.13 40.11 40.11 40.19 40.27 40.27 40.23 40.17 40.15 40.17 40.19 40.19 40.16 40.2 40.22 40.23 40.22 40.25 40.24 40.21 40.2 40.18 40.2 40.14 40.09
40.67 40.67 40.65 40.64 40.66 40.67 40.65 40.64 40.64 40.57 40.53 40.44 40.41 40.37 40.23 40.19 40.24 40.29 40.33 40.35 40.33 40.28 40.26 40.29 40.3 40.25 40.22 40.22 40.24 40.22 40.19 40.2 40.17 40.15 40.13 40.11 40.13 40.11 40.12 40.13 40.16 40.12 40.14 40.16 40.19 40.23 40.25 40.23 40.16 40.16 40.19 40.14 40.12 40.14 40.17 40.21 40.23 40.26 40.29 40.24 40.23 40.21 40.23 40.26 40.2 40.16
