slabs/81.grd
DSAA
631 301
647040 647670
4946000 4946300
38.45 41.4
[rows 210 to 239 of 300, columns 396 to 461 of 631]
40.53 40.67 40.72 40.87 40.93 40.94 41.01 41.04 41.01 40.99 40.95 40.88 40.88 40.88 40.85 40.82 40.84 40.86 40.87 40.9 40.91 40.89 40.88 40.82 40.78 40.75 40.72 40.73 40.76 40.78 40.81 40.85 40.89 40.92 40.98 41.03 41.01 40.96 40.93 40.9 40.9 40.92 40.95 40.94 40.95 40.96 40.98 40.99 40.99 40.97 40.95 40.94 40.94 40.92 40.91 40.91 40.91 40.9 40.9 40.9 40.91 40.93 40.95 40.97 40.99 40.96
40.63 40.71 40.72 40.91 41.04 41.1 41.13 41.02 40.98 40.96 40.9 40.86 40.86 40.86 40.85 40.84 40.86 40.86 40.87 40.9 40.91 40.89 40.88 40.84 40.79 40.73 40.68 40.73 40.76 40.8 40.82 40.85 40.88 40.91 40.98 40.98 40.97 40.98 40.93 40.9 40.9 40.93 40.94 40.92 40.93 40.95 40.97 40.98 40.99 40.99 40.97 40.95 40.95 40.94 40.93 40.93 40.92 40.91 40.91 40.9 40.89 40.91 40.93 40.95 40.97 40.98
40.7 40.77 40.78 40.92 41.09 41.18 41.22 41.03 40.96 40.93 40.87 40.85 40.83 40.84 40.86 40.9 40.91 40.9 40.88 40.9 40.89 40.87 40.85 40.82 40.76 40.72 40.73 40.81 40.82 40.8 40.85 40.87 40.87 40.95 40.99 40.94 40.91 40.93 40.9 40.91 40.92 40.91 40.91 40.91 40.92 40.94 40.96 40.97 40.97 40.99 40.98 40.98 40.97 40.95 40.94 40.94 40.93 40.92 40.92 40.91 40.9 40.9 40.92 40.94 40.96 40.98
40.76 40.81 40.86 40.95 41.07 41.11 41.17 41.02 40.97 40.93 40.87 40.84 40.81 40.79 40.84 40.89 40.93 40.93 40.9 40.88 40.88 40.88 40.82 40.78 40.77 40.74 40.73 40.79 40.83 40.82 40.85 40.92 40.95 40.99 40.98 40.91 40.91 40.91 40.89 40.92 40.95 40.94 40.94 40.92 40.91 40.92 40.94 40.95 40.96 40.97 40.99 41 40.99 40.97 40.95 40.95 40.94 40.93 40.93 40.92 40.91 40.9 40.91 40.92 40.94 40.97
40.78 40.81 40.89 40.99 41.07 41.06 41.08 41.02 40.99 40.94 40.85 40.82 40.81 40.82 40.86 40.92 40.94 40.92 40.9 40.9 40.92 40.87 40.86 40.81 40.74 40.71 40.74 40.75 40.78 40.82 40.91 40.92 40.95 40.99 40.96 40.91 40.92 40.86 40.9 40.94 40.97 41 40.99 40.96 40.92 40.9 40.92 40.93 40.95 40.96 40.98 40.98 41 40.99 40.97 40.96 40.95 40.94 40.94 40.93 40.92 40.91 40.9 40.91 40.93 40.96
40.77 40.79 40.9 41.01 41.07 41.07 41.05 41.02 40.98 40.92 40.86 40.82 40.85 40.86 40.9 40.93 40.91 40.94 40.92 40.9 40.88 40.87 40.83 40.78 40.74 40.71 40.74 40.76 40.76 40.84 40.91 40.94 40.96 40.98 40.93 40.89 40.9 40.86 40.91 40.94 40.98 41.02 41.02 41 40.96 40.91 40.91 40.92 40.93 40.95 40.97 40.97 40.98 41 40.99 40.98 40.96 40.95 40.95 40.94 40.93 40.92 40.91 40.9 40.92 40.94
40.8 40.84 40.89 41.04 41.09 41.07 41.04 40.98 40.93 40.89 40.86 40.84 40.82 40.85 40.91 40.91 40.89 40.9 40.92 40.9 40.88 40.84 40.82 40.79 40.76 40.74 40.78 40.79 40.8 40.85 40.91 40.94 40.96 40.97 40.9 40.87 40.87 40.88 40.91 40.93 41.01 41.03 41.03 41.02 41 40.94 40.91 40.91 40.92 40.94 40.96 40.96 40.98 40.99 41.01 40.99 40.97 40.96 40.96 40.95 40.94 40.94 40.93 40.91 40.91 40.93
40.85 40.86 40.85 41.05 41.08 41.04 40.96 40.94 40.91 40.87 40.85 40.84 40.83 40.86 40.88 40.91 40.88 40.87 40.89 40.87 40.88 40.84 40.82 40.78 40.76 40.78 40.81 40.8 40.83 40.87 40.93 40.93 40.95 40.95 40.91 40.88 40.87 40.9 40.91 40.92 41 41.04 41.03 41.03 41.02 40.99 40.93 40.91 40.92 40.93 40.95 40.95 40.97 40.99 40.99 41 41 40.98 40.97 40.96 40.95 40.94 40.94 40.93 40.92 40.92
40.84 40.86 40.9 41.01 41 40.96 40.93 40.9 40.86 40.82 40.83 40.82 40.81 40.85 40.9 40.91 40.89 40.89 40.88 40.85 40.85 40.82 40.81 40.81 40.81 40.81 40.82 40.82 40.84 40.9 40.94 40.95 40.95 40.92 40.92 40.91 40.88 40.91 40.92 40.95 41.02 41.05 41.04 41.03 41.03 41.01 40.99 40.95 40.92 40.92 40.93 40.94 40.96 40.98 40.99 41 41.01 40.99 40.98 40.97 40.96 40.95 40.95 40.94 40.92 40.92
40.91 40.91 40.97 41.02 40.97 40.95 40.92 40.9 40.86 40.82 40.79 40.82 40.82 40.86 40.9 40.92 40.92 40.9 40.89 40.85 40.84 40.81 40.83 40.85 40.86 40.86 40.84 40.84 40.86 40.9 40.94 40.94 40.94 40.93 40.91 40.89 40.88 40.92 40.97 41.05 41.06 41.05 41.05 41.04 41.03 41.03 41.02 41 40.93 40.91 40.92 40.93 40.95 40.97 40.98 40.99 41 41 40.99 40.98 40.97 40.96 40.96 40.95 40.95 40.94
40.94 40.97 41.06 41.05 40.95 40.92 40.9 40.87 40.82 40.81 40.78 40.83 40.86 40.88 40.9 40.91 40.93 40.91 40.89 40.85 40.82 40.82 40.87 40.88 40.88 40.91 40.89 40.87 40.9 40.94 40.94 40.92 40.93 40.96 40.92 40.89 40.91 40.93 41.01 41.05 41.07 41.06 41.05 41.05 41.04 41.03 41.03 41.01 40.97 40.92 40.91 40.92 40.94 40.95 40.96 40.98 40.99 41 41 41 40.99 40.98 40.98 40.96 40.96 40.95
40.87 40.94 41.04 40.96 40.89 40.88 40.86 40.83 40.78 40.76 40.77 40.83 40.86 40.89 40.9 40.9 40.91 40.91 40.87 40.83 40.8 40.86 40.93 40.93 40.92 40.94 40.93 40.92 40.96 41 40.97 40.93 40.92 40.93 40.9 40.88 40.9 40.98 41.06 41.08 41.07 41.06 41.06 41.05 41.05 41.03 41.03 41.02 41 40.95 40.92 40.91 40.92 40.94 40.95 40.96 40.98 40.99 40.99 41 41.01 41 40.99 40.97 40.97 40.96
40.85 40.92 41 40.88 40.82 40.84 40.84 40.82 40.79 40.74 40.76 40.8 40.84 40.88 40.88 40.9 40.89 40.88 40.83 40.81 40.81 40.89 40.95 40.97 40.95 40.95 40.94 40.95 40.98 41.04 40.97 40.9 40.89 40.91 40.88 40.87 40.9 41 41.06 41.08 41.07 41.07 41.07 41.06 41.05 41.04 41.03 41.03 41.02 41 40.98 40.96 40.92 40.92 40.93 40.94 40.96 40.98 40.98 40.99 41.01 41.01 41 40.98 40.98 40.97
40.9 40.94 40.96 40.84 40.79 40.81 40.87 40.85 40.82 40.77 40.76 40.79 40.83 40.89 40.9 40.91 40.91 40.87 40.8 40.78 40.82 40.91 40.94 40.95 40.97 40.96 40.97 40.95 40.98 40.96 40.97 40.95 40.92 40.89 40.86 40.85 40.85 41 41.05 41.06 41.07 41.07 41.06 41.06 41.05 41.05 41.04 41.04 41.03 41.02 41.01 40.99 40.94 40.91 40.92 40.93 40.95 40.97 40.97 40.98 41 41.01 41.02 41 40.99 40.98
40.96 40.95 40.92 40.85 40.79 40.76 40.83 40.83 40.8 40.77 40.76 40.79 40.84 40.88 40.88 40.87 40.88 40.83 40.79 40.77 40.85 40.94 40.96 40.95 40.92 40.93 40.96 40.98 41 40.98 40.95 40.95 40.94 40.91 40.87 40.88 40.91 40.99 41.02 41.03 41.05 41.06 41.06 41.06 41.06 41.06 41.05 41.04 41.04 41.03 41.02 41.01 40.98 40.94 40.92 40.92 40.94 40.96 40.96 40.98 40.99 41 41.01 41.02 41 40.99
40.95 40.93 40.88 40.86 40.86 40.69 40.69 40.76 40.75 40.72 40.77 40.8 40.84 40.89 40.86 40.83 40.85 40.83 40.81 40.83 40.9 40.98 40.97 40.95 40.92 40.91 40.97 40.99 40.99 40.98 40.98 40.97 40.89 40.9 40.88 40.89 40.94 40.97 41 41.01 41.03 41.05 41.06 41.06 41.06 41.06 41.06 41.05 41.04 41.04 41.03 41.02 41 40.98 40.95 40.92 40.93 40.95 40.95 40.97 40.98 40.99 40.99 41.01 41.01 41
40.92 40.9 40.84 40.81 40.86 40.73 40.68 40.74 40.73 40.72 40.8 40.82 40.81 40.82 40.84 40.84 40.83 40.8 40.83 40.89 40.94 40.98 40.99 40.97 40.94 40.93 40.96 40.98 40.97 40.96 40.93 40.91 40.85 40.88 40.88 40.9 40.94 40.96 40.98 40.99 41.01 41.03 41.05 41.06 41.06 41.06 41.06 41.06 41.05 41.04 41.04 41.03 41.02 41 40.98 40.92 40.92 40.93 40.94 40.96 40.97 40.98 40.99 41 41.02 41.02
40.91 40.91 40.83 40.78 40.78 40.74 40.77 40.78 40.74 40.75 40.81 40.84 40.88 40.88 40.84 40.81 40.81 40.8 40.85 40.89 40.96 40.97 40.99 40.95 40.94 40.97 40.98 40.97 40.96 40.94 40.9 40.87 40.86 40.88 40.91 40.91 40.93 40.95 40.96 40.97 40.99 41.01 41.02 41.04 41.06 41.05 41.06 41.06 41.06 41.05 41.04 41.04 41.03 41.02 41 40.98 40.92 40.92 40.93 40.95 40.96 40.97 40.98 40.99 41.01 41.02
40.89 40.87 40.83 40.74 40.74 40.8 40.83 40.81 40.7 40.74 40.78 40.83 40.89 40.92 40.86 40.84 40.81 40.78 40.78 40.85 40.94 40.97 40.99 40.94 40.94 40.97 40.99 40.96 40.93 40.93 40.89 40.87 40.88 40.89 40.91 40.9 40.91 40.93 40.94 40.95 40.97 40.99 41 41.02 41.04 41.05 41.05 41.06 41.06 41.06 41.05 41.04 41.03 41.03 41.01 40.99 40.96 40.92 40.92 40.94 40.95 40.96 40.97 40.98 40.99 41.01
40.88 40.85 40.79 40.72 40.78 40.85 40.86 40.83 40.72 40.73 40.81 40.85 40.88 40.9 40.86 40.83 40.8 40.76 40.73 40.81 40.93 40.98 40.98 40.95 40.94 40.98 40.99 40.96 40.92 40.9 40.87 40.86 40.89 40.9 40.9 40.89 40.9 40.91 40.92 40.94 40.96 40.97 40.98 41 41.02 41.04 41.05 41.04 41.06 41.06 41.06 41.05 41.04 41.04 41.02 41.01 40.99 40.96 40.93 40.93 40.94 40.95 40.95 40.97 40.98 40.99
40.91 40.86 40.78 40.73 40.81 40.85 40.85 40.8 40.76 40.79 40.82 40.85 40.87 40.88 40.85 40.82 40.8 40.78 40.78 40.84 40.95 40.98 40.96 40.94 40.95 40.98 40.98 40.95 40.91 40.88 40.85 40.88 40.89 40.89 40.89 40.89 40.89 40.9 40.9 40.92 40.94 40.95 40.96 40.98 41 41.02 41.03 41.04 41.05 41.07 41.06 41.05 41.04 41.04 41.03 41.01 41 40.99 40.97 40.95 40.93 40.93 40.94 40.95 40.96 40.97
40.91 40.78 40.79 40.78 40.84 40.8 40.78 40.76 40.76 40.81 40.85 40.85 40.86 40.87 40.83 40.82 40.81 40.83 40.85 40.87 40.94 40.96 40.94 40.93 40.95 40.97 40.97 40.93 40.9 40.89 40.88 40.91 40.93 40.94 40.91 40.88 40.89 40.89 40.89 40.9 40.92 40.93 40.95 40.97 40.99 41 41.02 41.04 41.04 41.04 41.06 41.06 41.05 41.04 41.04 41.03 41.02 41.02 41 40.98 40.95 40.92 40.93 40.95 40.96 40.96
40.84 40.75 40.76 40.78 40.8 40.73 40.73 40.74 40.73 40.8 40.85 40.85 40.85 40.84 40.8 40.81 40.83 40.82 40.82 40.84 40.94 40.95 40.91 40.91 40.96 40.98 40.96 40.94 40.92 40.93 40.91 40.89 40.9 40.88 40.87 40.88 40.88 40.88 40.89 40.89 40.9 40.91 40.93 40.95 40.97 40.98 40.99 41.01 41.03 41.03 41.04 41.04 41.06 41.05 41.05 41.04 41.03 41.03 41.01 40.99 40.98 40.95 40.92 40.94 40.95 40.96
40.8 40.75 40.72 40.74 40.72 40.7 40.72 40.75 40.73 40.8 40.84 40.84 40.84 40.81 40.79 40.81 40.84 40.84 40.84 40.88 41 40.99 40.94 40.92 40.95 40.94 40.93 40.94 40.92 40.9 40.9 40.88 40.96 40.97 40.92 40.88 40.88 40.88 40.88 40.89 40.89 40.89 40.9 40.92 40.94 40.95 40.96 40.98 41 41.02 41.03 41.03 41.04 41.05 41.05 41.05 41.04 41.03 41.02 41.01 40.99 40.98 40.94 40.93 40.94 40.95
40.78 40.74 40.71 40.71 40.69 40.72 40.74 40.75 40.77 40.79 40.83 40.85 40.8 40.8 40.77 40.8 40.84 40.85 40.85 40.92 41.02 40.99 40.95 40.91 40.96 40.94 40.9 40.9 40.9 40.92 40.91 40.93 40.96 40.98 40.97 40.93 40.88 40.88 40.88 40.88 40.88 40.88 40.89 40.89 40.91 40.93 40.94 40.96 40.98 41 41.02 41.02 41.02 41.04 41.05 41.05 41.05 41.04 41.03 41.02 41.01 40.99 40.97 40.93 40.93 40.94
40.76 40.72 40.71 40.71 40.71 40.73 40.76 40.78 40.77 40.82 40.85 40.85 40.82 40.78 40.76 40.79 40.83 40.86 40.86 40.94 41 40.98 40.97 40.95 40.94 40.92 40.9 40.94 40.91 40.9 40.89 40.92 40.92 40.93 40.95 40.94 40.92 40.93 40.92 40.88 40.88 40.88 40.88 40.88 40.9 40.91 40.92 40.94 40.95 40.97 40.99 41.02 41.02 41.02 41.04 41.06 41.05 41.05 41.04 41.03 41.02 41 40.98 40.96 40.93 40.93
40.73 40.7 40.7 40.7 40.7 40.72 40.74 40.79 40.8 40.85 40.84 40.8 40.8 40.77 40.75 40.77 40.83 40.88 40.91 40.93 40.91 40.89 40.94 40.98 40.95 40.93 40.93 40.95 40.92 40.89 40.9 40.89 40.89 40.9 40.91 40.92 40.94 40.95 40.96 40.92 40.9 40.88 40.87 40.88 40.88 40.89 40.9 40.92 40.93 40.95 40.97 41 41.02 41.02 41.01 41.04 41.06 41.05 41.05 41.03 41.03 41.02 41 40.97 40.95 40.93
40.72 40.71 40.72 40.72 40.73 40.72 40.73 40.73 40.78 40.81 40.84 40.79 40.79 40.77 40.76 40.74 40.81 40.9 40.94 40.93 40.93 40.93 40.92 40.93 40.93 40.93 40.92 40.92 40.89 40.9 40.9 40.88 40.88 40.88 40.88 40.9 40.92 40.93 40.94 40.96 40.94 40.91 40.88 40.88 40.88 40.88 40.89 40.91 40.91 40.93 40.95 40.97 41 41.02 41.01 41.02 41.04 41.05 41.05 41.04 41.04 41.03 41.01 40.99 40.98 40.96
40.71 40.73 40.7 40.68 40.73 40.76 40.76 40.77 40.79 40.81 40.81 40.8 40.75 40.75 40.73 40.72 40.75 40.79 40.81 40.87 40.93 40.91 40.88 40.89 40.92 40.92 40.9 40.88 40.9 40.92 40.9 40.88 40.88 40.87 40.87 40.88 40.89 40.9 40.91 40.93 40.94 40.95 40.9 40.88 40.88 40.88 40.88 40.89 40.9 40.91 40.93 40.95 40.98 41 41.01 41.01 41 41.02 41.05 41.05 41.04 41.04 41.02 41.01 41 40.98
40.71 40.73 40.72 40.7 40.7 40.74 40.77 40.79 40.78 40.81 40.8 40.77 40.73 40.69 40.7 40.72 40.72 40.73 40.75 40.84 40.91 40.9 40.89 40.89 40.91 40.92 40.9 40.88 40.9 40.92 40.91 40.89 40.89 40.88 40.88 40.88 40.87 40.88 40.88 40.9 40.91 40.92 40.94 40.93 40.88 40.87 40.88 40.88 40.88 40.9 40.91 40.93 40.95 40.97 41 41.01 41.01 41.01 41.03 41.05 41.05 41.05 41.03 41.02 41.01 41
