slabs/82.grd
DSAA
631 301
647040 647670
4946300 4946600
37.92 45.2
[rows 0 to 33 of 301, columns 156 to 233 of 631]
40.31 40.32 40.31 40.38 40.49 40.58 40.64 40.65 40.65 40.64 40.63 40.62 40.64 40.66 40.71 40.77 40.74 40.69 40.67 40.7 40.67 40.6 40.48 40.45 40.41 40.36 40.36 40.44 40.5 40.53 40.57 40.61 40.62 40.65 40.68 40.61 40.55 40.4 39.78 39.14 38.99 39.45 40.1 40.24 40.27 40.34 40.33 40.3 40.31 40.36 40.38 40.4 40.42 40.44 40.47 40.51 40.53 40.58 40.66 40.66 40.63 40.61 40.58 40.56 40.52 40.48 40.48 40.48 40.41 40.39 40.4 40.41 40.35 40.29 40.26 40.3 40.32 40.29
40.3 40.28 40.3 40.36 40.45 40.53 40.59 40.65 40.63 40.63 40.63 40.64 40.64 40.66 40.67 40.72 40.75 40.71 40.72 40.69 40.66 40.59 40.47 40.42 40.39 40.35 40.32 40.39 40.44 40.52 40.52 40.54 40.55 40.67 40.67 40.64 40.61 40.52 39.96 39.4 39.08 39.32 39.91 40.21 40.27 40.36 40.36 40.34 40.37 40.4 40.39 40.38 40.35 40.41 40.48 40.54 40.56 40.57 40.66 40.65 40.59 40.61 40.59 40.55 40.49 40.47 40.45 40.46 40.43 40.42 40.46 40.46 40.39 40.29 40.29 40.32 40.32 40.31
40.28 40.23 40.27 40.35 40.45 40.51 40.58 40.66 40.64 40.62 40.63 40.65 40.66 40.65 40.64 40.64 40.72 40.73 40.75 40.68 40.64 40.62 40.53 40.45 40.4 40.36 40.27 40.36 40.42 40.5 40.55 40.59 40.63 40.66 40.7 40.68 40.64 40.55 40.14 39.67 39.25 39.18 39.67 39.93 40.18 40.35 40.4 40.4 40.41 40.44 40.43 40.39 40.35 40.44 40.5 40.53 40.56 40.58 40.64 40.62 40.57 40.56 40.56 40.52 40.48 40.48 40.48 40.47 40.47 40.5 40.51 40.48 40.34 40.31 40.31 40.34 40.3 40.28
40.26 40.2 40.24 40.34 40.44 40.49 40.53 40.65 40.69 40.67 40.68 40.71 40.71 40.67 40.67 40.61 40.68 40.79 40.79 40.69 40.66 40.68 40.57 40.46 40.44 40.39 40.29 40.32 40.38 40.47 40.53 40.61 40.63 40.65 40.67 40.73 40.68 40.55 40.38 40.06 39.65 39.17 39.33 39.59 39.98 40.32 40.4 40.42 40.41 40.46 40.48 40.42 40.38 40.46 40.52 40.52 40.54 40.57 40.54 40.55 40.56 40.51 40.51 40.48 40.49 40.5 40.53 40.48 40.43 40.47 40.49 40.46 40.37 40.34 40.33 40.34 40.33 40.32
40.27 40.22 40.25 40.3 40.42 40.48 40.52 40.62 40.66 40.69 40.71 40.79 40.78 40.68 40.65 40.67 40.71 40.84 40.77 40.67 40.63 40.65 40.58 40.48 40.44 40.38 40.27 40.29 40.36 40.42 40.52 40.59 40.61 40.59 40.6 40.66 40.67 40.58 40.54 40.34 39.96 39.27 39.08 39.3 39.76 40.23 40.38 40.41 40.44 40.46 40.48 40.45 40.41 40.48 40.56 40.54 40.52 40.54 40.51 40.51 40.55 40.52 40.5 40.48 40.45 40.5 40.53 40.46 40.4 40.4 40.43 40.43 40.37 40.34 40.35 40.36 40.34 40.36
40.31 40.28 40.25 40.28 40.39 40.47 40.54 40.59 40.66 40.7 40.71 40.77 40.79 40.73 40.69 40.63 40.69 40.79 40.73 40.67 40.67 40.65 40.63 40.56 40.5 40.41 40.32 40.3 40.31 40.35 40.45 40.52 40.53 40.54 40.55 40.59 40.62 40.61 40.59 40.47 40.12 39.45 39.1 39.14 39.59 40.09 40.34 40.4 40.46 40.44 40.42 40.4 40.42 40.47 40.54 40.52 40.49 40.52 40.5 40.49 40.52 40.56 40.54 40.49 40.41 40.42 40.48 40.48 40.41 40.36 40.38 40.4 40.37 40.34 40.34 40.31 40.3 40.33
40.36 40.29 40.25 40.3 40.36 40.47 40.55 40.59 40.59 40.63 40.68 40.72 40.74 40.72 40.7 40.66 40.68 40.69 40.74 40.79 40.78 40.71 40.65 40.61 40.55 40.4 40.34 40.31 40.28 40.35 40.41 40.44 40.47 40.53 40.55 40.57 40.59 40.64 40.59 40.52 40.27 39.71 39.3 39.14 39.42 40 40.29 40.37 40.46 40.44 40.41 40.4 40.38 40.4 40.47 40.51 40.49 40.53 40.56 40.55 40.49 40.46 40.49 40.48 40.43 40.49 40.52 40.51 40.44 40.39 40.39 40.38 40.36 40.33 40.32 40.28 40.31 40.34
40.33 40.29 40.25 40.31 40.33 40.42 40.55 40.59 40.57 40.59 40.66 40.69 40.71 40.71 40.72 40.66 40.68 40.69 40.83 40.83 40.8 40.74 40.64 40.6 40.56 40.44 40.41 40.36 40.28 40.36 40.4 40.43 40.47 40.53 40.56 40.54 40.55 40.62 40.59 40.54 40.43 39.93 39.54 39.27 39.32 39.93 40.27 40.38 40.47 40.42 40.4 40.4 40.39 40.42 40.45 40.5 40.5 40.52 40.54 40.54 40.49 40.45 40.43 40.48 40.49 40.52 40.52 40.52 40.52 40.48 40.45 40.42 40.35 40.32 40.31 40.3 40.35 40.35
40.35 40.32 40.27 40.31 40.35 40.39 40.52 40.58 40.57 40.58 40.64 40.68 40.72 40.68 40.7 40.68 40.68 40.7 40.8 40.78 40.74 40.68 40.61 40.56 40.53 40.49 40.45 40.39 40.31 40.35 40.38 40.41 40.49 40.55 40.55 40.5 40.51 40.57 40.59 40.61 40.54 40.13 39.72 39.4 39.24 39.74 40.11 40.32 40.42 40.46 40.46 40.46 40.43 40.39 40.42 40.45 40.5 40.49 40.49 40.47 40.44 40.45 40.5 40.53 40.57 40.57 40.55 40.52 40.58 40.57 40.5 40.42 40.34 40.32 40.33 40.31 40.35 40.34
40.39 40.32 40.28 40.3 40.34 40.38 40.51 40.58 40.57 40.56 40.62 40.65 40.68 40.68 40.7 40.73 40.7 40.69 40.72 40.7 40.68 40.62 40.58 40.56 40.53 40.46 40.4 40.36 40.32 40.33 40.37 40.39 40.47 40.58 40.57 40.54 40.54 40.61 40.59 40.6 40.55 40.33 40.01 39.55 39.23 39.66 40.03 40.27 40.37 40.44 40.48 40.45 40.42 40.38 40.4 40.39 40.43 40.45 40.45 40.44 40.44 40.5 40.56 40.54 40.55 40.54 40.56 40.5 40.56 40.59 40.53 40.44 40.37 40.37 40.36 40.31 40.33 40.34
40.41 40.35 40.3 40.31 40.33 40.37 40.46 40.54 40.57 40.58 40.62 40.65 40.68 40.72 40.71 40.73 40.71 40.68 40.68 40.66 40.66 40.64 40.59 40.56 40.54 40.46 40.38 40.34 40.31 40.29 40.36 40.39 40.44 40.56 40.55 40.56 40.55 40.58 40.61 40.63 40.58 40.44 40.22 39.83 39.29 39.48 39.86 40.14 40.35 40.41 40.47 40.45 40.39 40.36 40.38 40.39 40.41 40.43 40.44 40.45 40.47 40.55 40.58 40.53 40.51 40.53 40.54 40.49 40.52 40.55 40.54 40.47 40.42 40.41 40.38 40.35 40.32 40.35
40.46 40.42 40.35 40.33 40.31 40.34 40.43 40.48 40.53 40.6 40.64 40.67 40.7 40.76 40.74 40.71 40.69 40.68 40.69 40.7 40.68 40.65 40.61 40.54 40.55 40.49 40.39 40.34 40.34 40.27 40.33 40.37 40.43 40.54 40.57 40.58 40.57 40.55 40.54 40.56 40.56 40.46 40.3 39.93 39.38 39.32 39.63 39.85 40.24 40.35 40.39 40.39 40.38 40.35 40.35 40.39 40.41 40.4 40.41 40.45 40.47 40.56 40.58 40.52 40.53 40.57 40.55 40.51 40.5 40.51 40.5 40.42 40.39 40.41 40.39 40.34 40.32 40.37
40.48 40.46 40.37 40.33 40.29 40.3 40.4 40.47 40.51 40.61 40.65 40.67 40.7 40.76 40.76 40.75 40.71 40.69 40.71 40.73 40.73 40.71 40.68 40.59 40.58 40.51 40.38 40.34 40.36 40.3 40.28 40.36 40.43 40.5 40.51 40.55 40.6 40.55 40.49 40.49 40.49 40.41 40.31 40.12 39.61 39.19 39.18 39.52 40.13 40.31 40.32 40.34 40.35 40.34 40.32 40.39 40.38 40.37 40.38 40.43 40.42 40.53 40.55 40.52 40.52 40.53 40.52 40.51 40.48 40.45 40.39 40.4 40.4 40.41 40.39 40.31 40.31 40.34
40.51 40.47 40.37 40.34 40.28 40.3 40.36 40.46 40.52 40.61 40.64 40.68 40.73 40.74 40.79 40.81 40.76 40.71 40.67 40.68 40.79 40.8 40.71 40.6 40.62 40.48 40.45 40.43 40.36 40.34 40.28 40.37 40.44 40.49 40.53 40.58 40.63 40.55 40.5 40.48 40.47 40.42 40.39 40.28 39.84 39.27 39 39.35 40 40.28 40.3 40.32 40.31 40.34 40.32 40.38 40.37 40.36 40.38 40.39 40.39 40.44 40.45 40.49 40.48 40.48 40.5 40.49 40.45 40.46 40.47 40.43 40.41 40.43 40.4 40.35 40.31 40.3
40.53 40.45 40.39 40.38 40.32 40.31 40.36 40.44 40.52 40.64 40.68 40.72 40.77 40.75 40.77 40.78 40.8 40.77 40.7 40.67 40.74 40.76 40.68 40.58 40.51 40.49 40.46 40.44 40.37 40.35 40.32 40.34 40.43 40.52 40.57 40.58 40.6 40.53 40.51 40.52 40.53 40.49 40.51 40.42 40.07 39.53 39.23 39.35 39.81 40.19 40.28 40.31 40.34 40.35 40.34 40.34 40.35 40.32 40.34 40.38 40.36 40.37 40.37 40.37 40.38 40.38 40.47 40.45 40.43 40.42 40.46 40.47 40.39 40.4 40.36 40.32 40.3 40.3
40.5 40.42 40.41 40.42 40.37 40.33 40.36 40.42 40.5 40.63 40.69 40.75 40.79 40.8 40.8 40.82 40.84 40.79 40.71 40.66 40.68 40.66 40.63 40.57 40.5 40.48 40.46 40.41 40.35 40.38 40.37 40.35 40.41 40.53 40.6 40.57 40.58 40.53 40.54 40.53 40.56 40.54 40.55 40.53 40.27 39.82 39.51 39.32 39.62 40.04 40.22 40.28 40.31 40.32 40.34 40.35 40.36 40.31 40.33 40.4 40.37 40.36 40.38 40.44 40.44 40.42 40.49 40.52 40.52 40.49 40.46 40.45 40.39 40.36 40.38 40.32 40.31 40.32
40.48 40.43 40.42 40.36 40.34 40.32 40.33 40.34 40.46 40.61 40.7 40.72 40.75 40.73 40.73 40.76 40.81 40.78 40.73 40.69 40.69 40.67 40.62 40.58 40.51 40.48 40.48 40.44 40.38 40.39 40.37 40.34 40.4 40.52 40.59 40.56 40.57 40.56 40.58 40.51 40.52 40.52 40.53 40.52 40.38 40.14 39.74 39.21 39.41 39.77 40.05 40.2 40.3 40.33 40.35 40.34 40.35 40.36 40.39 40.43 40.4 40.37 40.38 40.43 40.45 40.44 40.45 40.5 40.53 40.51 40.47 40.44 40.42 40.35 40.35 40.33 40.34 40.33
40.5 40.47 40.43 40.41 40.37 40.32 40.33 40.32 40.4 40.53 40.62 40.65 40.75 40.82 40.84 40.85 40.82 40.74 40.66 40.64 40.67 40.68 40.61 40.58 40.52 40.48 40.49 40.48 40.46 40.39 40.36 40.32 40.38 40.48 40.53 40.53 40.59 40.6 40.57 40.51 40.48 40.53 40.54 40.58 40.5 40.37 40 39.35 39.38 39.66 39.99 40.19 40.29 40.3 40.36 40.37 40.35 40.32 40.35 40.39 40.37 40.38 40.38 40.46 40.47 40.47 40.47 40.48 40.5 40.5 40.46 40.46 40.45 40.4 40.35 40.34 40.32 40.32
40.55 40.48 40.49 40.47 40.41 40.34 40.32 40.35 40.37 40.47 40.54 40.6 40.76 40.77 40.8 40.79 40.77 40.7 40.63 40.62 40.65 40.67 40.62 40.61 40.54 40.49 40.47 40.5 40.51 40.41 40.37 40.33 40.34 40.41 40.48 40.58 40.68 40.61 40.52 40.49 40.45 40.49 40.56 40.62 40.59 40.49 40.12 39.52 39.39 39.63 39.92 40.18 40.26 40.3 40.33 40.37 40.36 40.35 40.32 40.38 40.38 40.38 40.42 40.52 40.53 40.51 40.48 40.49 40.49 40.5 40.48 40.5 40.49 40.46 40.38 40.35 40.3 40.32
40.57 40.5 40.48 40.46 40.4 40.35 40.32 40.37 40.37 40.46 40.55 40.58 40.7 40.72 40.72 40.71 40.7 40.69 40.66 40.63 40.62 40.65 40.62 40.62 40.57 40.49 40.47 40.5 40.49 40.45 40.39 40.34 40.34 40.33 40.41 40.51 40.58 40.59 40.53 40.53 40.45 40.43 40.5 40.6 40.59 40.52 40.26 39.77 39.28 39.36 39.75 40.15 40.24 40.31 40.33 40.36 40.37 40.39 40.36 40.37 40.4 40.41 40.47 40.56 40.57 40.55 40.5 40.51 40.5 40.5 40.5 40.52 40.49 40.45 40.39 40.36 40.31 40.32
40.54 40.54 40.52 40.5 40.44 40.37 40.33 40.33 40.36 40.45 40.53 40.57 40.65 40.7 40.69 40.68 40.68 40.71 40.68 40.66 40.6 40.61 40.59 40.61 40.62 40.55 40.51 40.51 40.5 40.46 40.43 40.36 40.32 40.31 40.39 40.4 40.47 40.49 40.49 40.54 40.49 40.44 40.47 40.59 40.59 40.51 40.38 39.96 39.35 39.17 39.56 40.01 40.16 40.24 40.29 40.35 40.35 40.38 40.36 40.36 40.39 40.45 40.54 40.57 40.6 40.58 40.5 40.48 40.49 40.49 40.5 40.5 40.46 40.43 40.37 40.39 40.35 40.31
40.49 40.52 40.55 40.53 40.48 40.42 40.33 40.29 40.34 40.43 40.52 40.57 40.63 40.65 40.68 40.66 40.7 40.72 40.7 40.7 40.66 40.61 40.6 40.61 40.64 40.59 40.56 40.48 40.51 40.48 40.45 40.36 40.34 40.32 40.35 40.38 40.44 40.45 40.56 40.64 40.56 40.48 40.46 40.54 40.53 40.49 40.37 40.12 39.57 39.2 39.2 39.73 39.98 40.14 40.24 40.3 40.31 40.32 40.33 40.32 40.34 40.47 40.58 40.57 40.6 40.59 40.5 40.47 40.47 40.52 40.53 40.53 40.5 40.46 40.38 40.41 40.39 40.29
40.48 40.51 40.56 40.54 40.49 40.46 40.35 40.29 40.33 40.43 40.5 40.57 40.6 40.61 40.66 40.64 40.71 40.75 40.74 40.76 40.7 40.64 40.67 40.66 40.68 40.66 40.61 40.55 40.51 40.5 40.43 40.34 40.28 40.3 40.34 40.4 40.42 40.42 40.61 40.73 40.64 40.54 40.5 40.52 40.5 40.46 40.41 40.29 39.89 39.47 39.05 39.43 39.83 40.07 40.22 40.25 40.28 40.29 40.32 40.31 40.32 40.46 40.56 40.55 40.56 40.53 40.49 40.5 40.51 40.52 40.59 40.61 40.59 40.56 40.43 40.37 40.37 40.34
40.49 40.53 40.58 40.54 40.5 40.49 40.41 40.34 40.35 40.39 40.42 40.54 40.67 40.61 40.62 40.6 40.67 40.75 40.8 40.81 40.74 40.69 40.7 40.68 40.68 40.66 40.62 40.56 40.52 40.49 40.44 40.39 40.33 40.28 40.3 40.33 40.41 40.44 40.51 40.57 40.53 40.48 40.46 40.47 40.46 40.43 40.4 40.31 40.07 39.73 39.19 39.24 39.66 39.99 40.2 40.23 40.28 40.31 40.34 40.34 40.31 40.42 40.54 40.52 40.49 40.48 40.46 40.47 40.47 40.5 40.53 40.57 40.57 40.58 40.48 40.36 40.36 40.35
40.51 40.54 40.59 40.56 40.53 40.5 40.46 40.4 40.35 40.36 40.39 40.53 40.62 40.65 40.64 40.62 40.6 40.69 40.75 40.7 40.65 40.66 40.67 40.65 40.68 40.66 40.63 40.62 40.55 40.52 40.49 40.48 40.39 40.34 40.33 40.32 40.45 40.48 40.43 40.44 40.44 40.42 40.41 40.42 40.43 40.42 40.37 40.27 40.12 39.9 39.36 39.15 39.45 39.85 40.19 40.23 40.26 40.29 40.32 40.33 40.29 40.36 40.46 40.46 40.45 40.44 40.45 40.47 40.45 40.48 40.53 40.54 40.53 40.51 40.47 40.4 40.39 40.4
40.52 40.55 40.59 40.58 40.53 40.46 40.44 40.42 40.35 40.35 40.38 40.48 40.57 40.62 40.64 40.66 40.63 40.67 40.7 40.66 40.62 40.62 40.64 40.64 40.66 40.68 40.66 40.63 40.57 40.55 40.52 40.52 40.4 40.35 40.32 40.32 40.42 40.44 40.4 40.42 40.44 40.45 40.43 40.43 40.47 40.47 40.42 40.36 40.29 40.13 39.56 39.14 39.32 39.69 40.15 40.23 40.25 40.3 40.32 40.31 40.27 40.39 40.44 40.45 40.45 40.4 40.41 40.45 40.43 40.45 40.49 40.51 40.49 40.48 40.5 40.45 40.41 40.41
40.54 40.55 40.53 40.52 40.49 40.48 40.5 40.46 40.38 40.36 40.39 40.4 40.54 40.64 40.68 40.71 40.7 40.73 40.72 40.7 40.61 40.61 40.61 40.62 40.64 40.65 40.64 40.62 40.55 40.52 40.48 40.47 40.38 40.32 40.27 40.27 40.33 40.36 40.38 40.41 40.46 40.49 40.47 40.48 40.52 40.5 40.45 40.42 40.39 40.26 39.82 39.27 39.15 39.53 40.09 40.2 40.18 40.23 40.33 40.39 40.4 40.42 40.44 40.45 40.45 40.4 40.39 40.36 40.38 40.45 40.49 40.5 40.47 40.48 40.48 40.42 40.4 40.37
40.53 40.52 40.56 40.55 40.49 40.49 40.47 40.43 40.39 40.41 40.44 40.4 40.52 40.66 40.7 40.69 40.69 40.71 40.72 40.72 40.62 40.59 40.58 40.6 40.62 40.62 40.63 40.62 40.55 40.5 40.41 40.39 40.36 40.33 40.27 40.23 40.29 40.34 40.38 40.41 40.51 40.55 40.48 40.47 40.51 40.5 40.45 40.42 40.42 40.31 40.03 39.34 38.93 39.36 39.93 40.17 40.22 40.23 40.29 40.38 40.39 40.39 40.41 40.4 40.4 40.43 40.4 40.36 40.35 40.42 40.49 40.51 40.48 40.48 40.48 40.43 40.4 40.37
40.51 40.54 40.58 40.55 40.47 40.5 40.51 40.5 40.46 40.43 40.43 40.42 40.47 40.56 40.59 40.62 40.63 40.64 40.69 40.69 40.61 40.56 40.56 40.59 40.58 40.59 40.61 40.61 40.59 40.54 40.43 40.37 40.37 40.34 40.3 40.22 40.25 40.31 40.41 40.44 40.54 40.57 40.45 40.54 40.52 40.5 40.48 40.42 40.43 40.36 40.08 39.54 39.09 39.29 39.75 40.13 40.21 40.24 40.28 40.34 40.37 40.38 40.35 40.34 40.36 40.43 40.42 40.39 40.36 40.39 40.46 40.49 40.47 40.47 40.5 40.48 40.43 40.37
40.51 40.53 40.55 40.53 40.5 40.5 40.51 40.53 40.5 40.44 40.4 40.42 40.41 40.43 40.49 40.55 40.58 40.59 40.65 40.63 40.6 40.57 40.55 40.58 40.56 40.55 40.58 40.57 40.6 40.58 40.5 40.45 40.42 40.35 40.27 40.24 40.28 40.3 40.36 40.49 40.52 40.49 40.44 40.49 40.5 40.5 40.52 40.5 40.49 40.37 40.09 39.82 39.48 39.21 39.62 40.06 40.14 40.21 40.26 40.3 40.33 40.35 40.34 40.33 40.35 40.42 40.45 40.43 40.38 40.38 40.44 40.47 40.47 40.45 40.47 40.46 40.41 40.32
40.51 40.55 40.56 40.57 40.5 40.49 40.5 40.5 40.48 40.45 40.38 40.38 40.39 40.39 40.44 40.51 40.58 40.6 40.62 40.61 40.6 40.58 40.56 40.58 40.56 40.54 40.59 40.58 40.6 40.61 40.51 40.44 40.43 40.41 40.33 40.33 40.34 40.37 40.43 40.47 40.46 40.48 40.48 40.52 40.57 40.56 40.58 40.51 40.44 40.42 40.23 40.03 39.77 39.3 39.37 39.73 39.98 40.16 40.22 40.28 40.29 40.34 40.38 40.36 40.36 40.42 40.45 40.45 40.42 40.39 40.43 40.45 40.46 40.43 40.4 40.36 40.33 40.28
40.55 40.64 40.66 40.63 40.53 40.47 40.46 40.46 40.45 40.45 40.37 40.34 40.36 40.39 40.43 40.51 40.58 40.6 40.62 40.63 40.61 40.6 40.57 40.58 40.6 40.62 40.61 40.6 40.62 40.61 40.57 40.47 40.44 40.43 40.32 40.33 40.32 40.37 40.44 40.47 40.44 40.49 40.51 40.51 40.56 40.57 40.54 40.47 40.42 40.42 40.31 40.18 39.97 39.45 39.16 39.41 39.77 40.1 40.2 40.24 40.25 40.31 40.39 40.37 40.38 40.4 40.44 40.44 40.46 40.43 40.41 40.4 40.36 40.39 40.38 40.31 40.27 40.33
40.56 40.65 40.65 40.61 40.57 40.48 40.45 40.44 40.44 40.46 40.4 40.32 40.33 40.39 40.43 40.49 40.52 40.56 40.59 40.6 40.59 40.59 40.55 40.57 40.64 40.67 40.62 40.59 40.59 40.58 40.56 40.53 40.54 40.51 40.39 40.34 40.28 40.3 40.4 40.46 40.44 40.45 40.48 40.5 40.53 40.57 40.5 40.46 40.41 40.43 40.36 40.29 40.16 39.66 39.16 39.27 39.6 40.01 40.19 40.19 40.21 40.23 40.33 40.33 40.38 40.4 40.44 40.48 40.46 40.42 40.36 40.35 40.38 40.4 40.4 40.32 40.27 40.36
40.52 40.56 40.56 40.57 40.59 40.53 40.48 40.44 40.43 40.42 40.41 40.33 40.36 40.4 40.43 40.46 40.48 40.5 40.53 40.58 40.66 40.66 40.6 40.57 40.58 40.63 40.6 40.63 40.59 40.56 40.57 40.55 40.52 40.46 40.43 40.35 40.28 40.26 40.32 40.41 40.42 40.41 40.47 40.49 40.54 40.57 40.5 40.48 40.44 40.47 40.43 40.37 40.32 39.85 39.3 39.23 39.49 39.88 40.14 40.15 40.19 40.2 40.26 40.3 40.37 40.44 40.47 40.5 40.47 40.39 40.34 40.33 40.38 40.36 40.35 40.35 40.36 40.41
