slabs/82.grd
DSAA
631 301
647040 647670
4946300 4946600
37.92 45.2
[rows 0 to 33 of 301, columns 312 to 389 of 631]
39.37 39.45 39.45 39.5 39.53 39.56 39.58 39.61 39.66 39.65 39.64 39.64 39.65 39.64 39.63 39.63 39.59 39.57 39.56 39.56 39.58 39.58 39.56 39.54 39.54 39.54 39.56 39.6 39.58 39.59 39.57 39.53 39.58 39.62 39.59 39.53 39.54 39.54 39.55 39.57 39.59 39.56 39.59 39.56 39.49 39.47 39.44 39.39 39.43 39.61 40.12 40.54 40.75 40.76 40.69 40.65 40.65 40.62 40.58 40.56 40.54 40.53 40.59 40.66 40.68 40.68 40.69 40.66 40.66 40.61 40.58 40.59 40.59 40.55 40.57 40.63 40.69 40.78
39.36 39.43 39.47 39.5 39.52 39.55 39.55 39.59 39.65 39.66 39.65 39.63 39.64 39.64 39.62 39.63 39.61 39.61 39.62 39.59 39.58 39.6 39.57 39.55 39.56 39.54 39.56 39.58 39.58 39.55 39.55 39.57 39.57 39.59 39.59 39.55 39.53 39.52 39.55 39.55 39.56 39.55 39.59 39.55 39.48 39.48 39.44 39.41 39.51 39.76 40.32 40.65 40.8 40.74 40.68 40.63 40.62 40.6 40.56 40.57 40.56 40.56 40.6 40.68 40.71 40.72 40.71 40.66 40.63 40.59 40.58 40.58 40.59 40.59 40.59 40.65 40.72 40.79
39.35 39.4 39.48 39.48 39.5 39.53 39.55 39.58 39.61 39.65 39.67 39.64 39.63 39.62 39.62 39.67 39.62 39.59 39.6 39.58 39.58 39.56 39.54 39.55 39.57 39.56 39.57 39.56 39.54 39.52 39.54 39.56 39.55 39.56 39.54 39.52 39.52 39.5 39.54 39.57 39.56 39.56 39.58 39.55 39.47 39.47 39.46 39.41 39.63 39.97 40.51 40.71 40.79 40.73 40.68 40.61 40.63 40.6 40.53 40.57 40.59 40.59 40.65 40.68 40.68 40.71 40.68 40.66 40.63 40.59 40.6 40.66 40.64 40.62 40.63 40.67 40.76 40.81
39.36 39.39 39.46 39.47 39.46 39.52 39.57 39.59 39.61 39.61 39.6 39.61 39.64 39.61 39.59 39.62 39.61 39.59 39.59 39.58 39.56 39.55 39.55 39.53 39.56 39.57 39.56 39.55 39.54 39.53 39.55 39.55 39.55 39.55 39.5 39.48 39.5 39.5 39.53 39.58 39.6 39.6 39.57 39.54 39.46 39.47 39.47 39.49 39.85 40.2 40.63 40.77 40.76 40.72 40.64 40.59 40.64 40.6 40.57 40.58 40.58 40.59 40.6 40.62 40.62 40.65 40.65 40.63 40.63 40.59 40.56 40.58 40.6 40.62 40.65 40.7 40.79 40.83
39.36 39.39 39.41 39.43 39.42 39.46 39.5 39.52 39.56 39.62 39.61 39.62 39.64 39.61 39.61 39.63 39.63 39.61 39.58 39.59 39.55 39.54 39.56 39.56 39.58 39.59 39.58 39.56 39.58 39.56 39.57 39.59 39.57 39.52 39.49 39.47 39.48 39.5 39.54 39.6 39.64 39.63 39.57 39.53 39.45 39.48 39.54 39.77 40.19 40.43 40.71 40.77 40.74 40.68 40.6 40.58 40.6 40.58 40.58 40.61 40.6 40.6 40.65 40.69 40.67 40.67 40.63 40.63 40.61 40.59 40.6 40.6 40.64 40.61 40.68 40.76 40.82 40.85
39.3 39.34 39.39 39.45 39.44 39.47 39.51 39.56 39.58 39.6 39.62 39.63 39.64 39.6 39.58 39.59 39.57 39.59 39.57 39.56 39.55 39.56 39.57 39.57 39.6 39.57 39.59 39.59 39.58 39.58 39.57 39.62 39.57 39.49 39.48 39.47 39.48 39.51 39.56 39.63 39.64 39.6 39.55 39.51 39.48 39.51 39.71 40.02 40.35 40.59 40.79 40.77 40.72 40.64 40.61 40.6 40.62 40.6 40.6 40.62 40.62 40.64 40.68 40.71 40.69 40.66 40.59 40.61 40.61 40.6 40.63 40.64 40.68 40.64 40.72 40.8 40.84 40.85
39.24 39.33 39.38 39.39 39.41 39.44 39.48 39.52 39.54 39.58 39.58 39.6 39.62 39.61 39.59 39.59 39.58 39.59 39.6 39.57 39.58 39.59 39.59 39.57 39.59 39.55 39.58 39.59 39.55 39.56 39.57 39.56 39.53 39.49 39.44 39.46 39.49 39.53 39.56 39.57 39.58 39.55 39.47 39.45 39.48 39.52 39.76 40.19 40.49 40.71 40.81 40.75 40.7 40.65 40.62 40.59 40.59 40.59 40.59 40.61 40.63 40.64 40.65 40.67 40.66 40.63 40.61 40.61 40.61 40.62 40.64 40.66 40.69 40.68 40.76 40.81 40.85 40.86
39.24 39.3 39.33 39.39 39.41 39.43 39.47 39.51 39.52 39.53 39.52 39.56 39.58 39.6 39.61 39.6 39.61 39.62 39.62 39.59 39.61 39.61 39.63 39.61 39.59 39.57 39.55 39.54 39.52 39.52 39.5 39.47 39.47 39.46 39.43 39.48 39.52 39.55 39.57 39.57 39.58 39.54 39.47 39.44 39.47 39.54 39.84 40.3 40.53 40.75 40.8 40.76 40.7 40.62 40.59 40.61 40.6 40.58 40.57 40.59 40.62 40.62 40.62 40.64 40.64 40.61 40.62 40.61 40.59 40.62 40.65 40.66 40.7 40.72 40.77 40.81 40.84 40.88
39.25 39.28 39.32 39.36 39.38 39.4 39.44 39.48 39.5 39.5 39.52 39.55 39.57 39.59 39.61 39.6 39.6 39.62 39.61 39.61 39.62 39.62 39.64 39.62 39.55 39.51 39.51 39.47 39.43 39.44 39.43 39.41 39.41 39.42 39.46 39.49 39.51 39.55 39.59 39.54 39.51 39.5 39.45 39.46 39.56 39.64 39.89 40.36 40.6 40.8 40.78 40.73 40.66 40.6 40.59 40.61 40.59 40.58 40.59 40.62 40.64 40.63 40.6 40.63 40.66 40.6 40.59 40.58 40.59 40.62 40.64 40.64 40.72 40.77 40.79 40.8 40.81 40.89
39.24 39.27 39.3 39.33 39.35 39.37 39.4 39.46 39.46 39.48 39.51 39.53 39.56 39.58 39.58 39.58 39.59 39.6 39.59 39.61 39.6 39.61 39.62 39.55 39.49 39.48 39.43 39.41 39.4 39.39 39.35 39.43 39.49 39.46 39.51 39.5 39.5 39.57 39.59 39.55 39.51 39.49 39.43 39.47 39.54 39.73 40.08 40.49 40.7 40.79 40.72 40.68 40.64 40.6 40.59 40.59 40.58 40.59 40.62 40.63 40.64 40.65 40.61 40.63 40.67 40.62 40.6 40.58 40.59 40.62 40.64 40.65 40.74 40.8 40.81 40.8 40.83 40.9
39.25 39.27 39.29 39.31 39.34 39.35 39.39 39.42 39.43 39.47 39.49 39.51 39.53 39.55 39.54 39.56 39.58 39.57 39.54 39.56 39.56 39.56 39.53 39.47 39.42 39.42 39.37 39.36 39.36 39.39 39.42 39.49 39.53 39.51 39.5 39.52 39.52 39.58 39.56 39.52 39.46 39.47 39.4 39.39 39.48 39.91 40.33 40.6 40.76 40.74 40.66 40.65 40.62 40.61 40.6 40.59 40.59 40.59 40.61 40.6 40.62 40.64 40.63 40.65 40.65 40.64 40.65 40.64 40.62 40.64 40.68 40.67 40.76 40.8 40.77 40.79 40.84 40.89
39.25 39.26 39.29 39.31 39.34 39.33 39.38 39.38 39.42 39.44 39.49 39.52 39.51 39.53 39.54 39.55 39.56 39.56 39.56 39.5 39.5 39.47 39.38 39.38 39.37 39.39 39.36 39.39 39.43 39.47 39.46 39.51 39.53 39.51 39.51 39.5 39.5 39.54 39.53 39.5 39.46 39.46 39.42 39.36 39.53 40.1 40.53 40.7 40.76 40.69 40.64 40.62 40.61 40.62 40.61 40.59 40.58 40.58 40.6 40.59 40.61 40.63 40.63 40.64 40.65 40.64 40.66 40.65 40.63 40.66 40.68 40.66 40.75 40.79 40.78 40.81 40.88 40.92
39.24 39.26 39.29 39.31 39.34 39.35 39.37 39.4 39.42 39.4 39.44 39.48 39.49 39.47 39.5 39.49 39.48 39.46 39.44 39.41 39.42 39.38 39.37 39.37 39.37 39.38 39.37 39.41 39.44 39.47 39.51 39.49 39.48 39.49 39.53 39.53 39.54 39.54 39.5 39.49 39.46 39.43 39.43 39.42 39.69 40.24 40.64 40.75 40.75 40.64 40.62 40.59 40.6 40.58 40.55 40.56 40.56 40.59 40.6 40.61 40.64 40.63 40.64 40.65 40.64 40.64 40.65 40.66 40.66 40.68 40.69 40.7 40.78 40.8 40.79 40.83 40.91 40.94
39.24 39.26 39.29 39.35 39.37 39.36 39.36 39.37 39.41 39.41 39.39 39.42 39.43 39.43 39.45 39.42 39.38 39.39 39.4 39.42 39.43 39.37 39.36 39.4 39.4 39.39 39.41 39.42 39.42 39.43 39.47 39.47 39.49 39.5 39.56 39.61 39.62 39.57 39.48 39.49 39.46 39.42 39.46 39.54 39.88 40.4 40.71 40.74 40.72 40.62 40.58 40.57 40.58 40.56 40.53 40.55 40.58 40.6 40.63 40.66 40.63 40.63 40.64 40.65 40.65 40.63 40.64 40.64 40.67 40.69 40.7 40.71 40.77 40.79 40.81 40.84 40.93 40.96
39.26 39.27 39.29 39.31 39.32 39.34 39.35 39.36 39.33 39.36 39.37 39.38 39.35 39.36 39.4 39.37 39.33 39.34 39.39 39.41 39.4 39.4 39.45 39.48 39.46 39.43 39.44 39.42 39.4 39.4 39.44 39.47 39.49 39.53 39.61 39.68 39.67 39.58 39.47 39.47 39.44 39.42 39.53 39.7 40.08 40.54 40.73 40.72 40.67 40.62 40.58 40.57 40.55 40.51 40.53 40.55 40.59 40.62 40.63 40.62 40.62 40.64 40.65 40.66 40.66 40.62 40.58 40.57 40.66 40.71 40.72 40.75 40.76 40.78 40.82 40.86 40.93 40.96
39.26 39.26 39.28 39.25 39.27 39.29 39.31 39.32 39.34 39.33 39.31 39.31 39.3 39.32 39.38 39.34 39.32 39.34 39.44 39.46 39.44 39.45 39.51 39.54 39.48 39.46 39.45 39.43 39.41 39.42 39.46 39.48 39.49 39.56 39.63 39.66 39.67 39.54 39.45 39.45 39.42 39.41 39.62 39.89 40.27 40.55 40.69 40.68 40.6 40.56 40.53 40.57 40.55 40.51 40.55 40.56 40.64 40.63 40.61 40.63 40.64 40.61 40.59 40.63 40.64 40.54 40.48 40.46 40.52 40.69 40.73 40.77 40.77 40.81 40.84 40.88 40.9 40.94
39.29 39.28 39.28 39.24 39.24 39.25 39.27 39.24 39.26 39.26 39.27 39.27 39.28 39.34 39.39 39.38 39.37 39.41 39.48 39.5 39.48 39.47 39.51 39.55 39.49 39.48 39.46 39.46 39.45 39.46 39.49 39.51 39.54 39.59 39.61 39.62 39.61 39.53 39.45 39.44 39.41 39.45 39.8 40.12 40.44 40.63 40.67 40.66 40.59 40.55 40.52 40.54 40.51 40.48 40.54 40.56 40.59 40.64 40.64 40.65 40.65 40.61 40.58 40.58 40.55 40.49 40.5 40.5 40.51 40.7 40.74 40.79 40.81 40.84 40.86 40.89 40.9 40.93
39.3 39.28 39.24 39.2 39.21 39.22 39.2 39.22 39.21 39.24 39.28 39.33 39.38 39.41 39.43 39.46 39.44 39.46 39.5 39.51 39.49 39.5 39.52 39.56 39.53 39.53 39.5 39.49 39.49 39.49 39.49 39.53 39.55 39.61 39.66 39.68 39.62 39.52 39.46 39.41 39.4 39.56 40.04 40.35 40.59 40.72 40.68 40.64 40.6 40.56 40.53 40.52 40.49 40.51 40.55 40.58 40.56 40.62 40.64 40.63 40.63 40.6 40.59 40.57 40.56 40.54 40.57 40.61 40.62 40.73 40.75 40.79 40.83 40.86 40.88 40.89 40.91 40.94
39.27 39.24 39.21 39.18 39.19 39.2 39.16 39.2 39.21 39.26 39.34 39.4 39.44 39.47 39.48 39.49 39.47 39.45 39.51 39.5 39.52 39.54 39.56 39.58 39.58 39.56 39.51 39.5 39.53 39.52 39.51 39.54 39.57 39.65 39.67 39.68 39.64 39.52 39.45 39.39 39.35 39.6 40.2 40.53 40.66 40.69 40.65 40.63 40.61 40.57 40.54 40.51 40.48 40.51 40.55 40.6 40.59 40.62 40.63 40.62 40.62 40.59 40.57 40.59 40.6 40.6 40.59 40.68 40.72 40.76 40.76 40.79 40.84 40.87 40.89 40.92 40.94 40.97
39.21 39.2 39.19 39.18 39.21 39.21 39.18 39.23 39.26 39.3 39.36 39.39 39.42 39.49 39.48 39.46 39.46 39.44 39.51 39.5 39.51 39.52 39.58 39.58 39.61 39.51 39.52 39.53 39.55 39.54 39.57 39.62 39.6 39.63 39.64 39.62 39.57 39.51 39.44 39.36 39.3 39.69 40.23 40.51 40.7 40.69 40.64 40.6 40.55 40.53 40.53 40.5 40.47 40.51 40.55 40.61 40.61 40.63 40.63 40.61 40.61 40.57 40.55 40.57 40.59 40.6 40.58 40.7 40.77 40.78 40.77 40.81 40.84 40.85 40.88 40.93 40.94 40.96
39.25 39.24 39.23 39.22 39.23 39.22 39.23 39.26 39.3 39.33 39.33 39.37 39.41 39.46 39.5 39.49 39.48 39.47 39.5 39.51 39.53 39.55 39.62 39.6 39.63 39.55 39.53 39.59 39.57 39.57 39.61 39.64 39.61 39.57 39.57 39.53 39.48 39.46 39.41 39.36 39.3 39.88 40.36 40.57 40.7 40.63 40.58 40.55 40.5 40.48 40.5 40.48 40.45 40.48 40.56 40.6 40.61 40.63 40.63 40.6 40.58 40.55 40.55 40.55 40.58 40.61 40.6 40.67 40.75 40.77 40.78 40.85 40.86 40.88 40.91 40.98 40.99 40.99
39.32 39.31 39.29 39.26 39.23 39.23 39.24 39.28 39.32 39.33 39.35 39.41 39.44 39.47 39.51 39.53 39.53 39.49 39.49 39.48 39.51 39.61 39.63 39.6 39.62 39.54 39.52 39.53 39.51 39.54 39.57 39.58 39.59 39.61 39.54 39.47 39.44 39.42 39.4 39.39 39.57 40.23 40.56 40.65 40.68 40.6 40.56 40.52 40.48 40.48 40.5 40.5 40.48 40.51 40.6 40.62 40.62 40.64 40.65 40.61 40.57 40.52 40.53 40.55 40.57 40.61 40.64 40.71 40.77 40.83 40.82 40.81 40.85 40.87 40.91 40.97 40.99 41.02
39.36 39.35 39.31 39.28 39.26 39.25 39.24 39.3 39.34 39.33 39.35 39.36 39.4 39.45 39.46 39.5 39.51 39.51 39.47 39.49 39.5 39.57 39.56 39.57 39.62 39.55 39.55 39.52 39.51 39.49 39.53 39.55 39.55 39.56 39.52 39.48 39.44 39.45 39.44 39.44 39.82 40.44 40.7 40.71 40.66 40.59 40.55 40.52 40.5 40.52 40.55 40.57 40.58 40.59 40.63 40.66 40.63 40.63 40.63 40.6 40.57 40.58 40.55 40.54 40.54 40.56 40.61 40.73 40.8 40.83 40.83 40.82 40.87 40.91 40.94 40.99 41.02 41.03
39.41 39.39 39.34 39.3 39.29 39.27 39.22 39.26 39.3 39.33 39.32 39.34 39.37 39.44 39.49 39.52 39.52 39.47 39.49 39.51 39.49 39.55 39.57 39.56 39.58 39.56 39.52 39.49 39.47 39.47 39.49 39.51 39.51 39.51 39.48 39.47 39.43 39.47 39.48 39.55 39.91 40.44 40.72 40.71 40.63 40.53 40.47 40.46 40.51 40.54 40.58 40.61 40.63 40.61 40.61 40.64 40.62 40.6 40.59 40.57 40.54 40.54 40.55 40.56 40.59 40.64 40.68 40.76 40.8 40.83 40.83 40.86 40.87 40.92 40.95 40.97 41.03 41.05
39.4 39.36 39.34 39.33 39.36 39.32 39.27 39.26 39.29 39.33 39.38 39.36 39.38 39.45 39.48 39.5 39.5 39.49 39.52 39.53 39.5 39.52 39.52 39.47 39.47 39.5 39.46 39.43 39.43 39.46 39.49 39.51 39.51 39.47 39.45 39.44 39.4 39.44 39.54 39.73 40.04 40.47 40.64 40.62 40.57 40.48 40.39 40.34 40.44 40.54 40.53 40.57 40.64 40.63 40.63 40.65 40.52 40.5 40.49 40.53 40.53 40.53 40.54 40.56 40.6 40.66 40.69 40.75 40.8 40.83 40.83 40.9 40.92 40.94 40.95 40.98 41.03 41.05
39.43 39.4 39.37 39.34 39.32 39.27 39.25 39.26 39.28 39.31 39.37 39.35 39.37 39.43 39.45 39.48 39.49 39.47 39.49 39.51 39.5 39.47 39.43 39.41 39.42 39.4 39.4 39.4 39.42 39.46 39.5 39.54 39.51 39.42 39.41 39.4 39.36 39.39 39.61 39.95 40.37 40.63 40.65 40.59 40.52 40.46 40.38 40.29 40.4 40.59 40.62 40.59 40.62 40.65 40.66 40.64 40.51 40.47 40.45 40.45 40.51 40.52 40.52 40.56 40.65 40.69 40.72 40.76 40.78 40.8 40.83 40.9 40.92 40.94 40.95 41.01 41.04 41.04
39.47 39.41 39.38 39.41 39.36 39.25 39.25 39.27 39.3 39.32 39.34 39.35 39.36 39.36 39.38 39.42 39.43 39.42 39.46 39.48 39.48 39.44 39.4 39.39 39.39 39.37 39.37 39.4 39.41 39.46 39.52 39.55 39.49 39.39 39.37 39.36 39.32 39.4 39.72 40.14 40.61 40.69 40.66 40.58 40.49 40.44 40.39 40.42 40.44 40.54 40.57 40.62 40.62 40.63 40.64 40.6 40.56 40.54 40.48 40.37 40.44 40.51 40.52 40.56 40.67 40.71 40.74 40.77 40.78 40.81 40.84 40.9 40.91 40.93 40.96 41.02 41.04 41.04
39.48 39.44 39.41 39.43 39.41 39.35 39.28 39.26 39.28 39.29 39.31 39.31 39.31 39.32 39.34 39.37 39.39 39.38 39.44 39.44 39.43 39.4 39.4 39.37 39.35 39.39 39.38 39.4 39.42 39.47 39.53 39.52 39.49 39.42 39.38 39.4 39.39 39.58 39.97 40.35 40.67 40.73 40.66 40.59 40.54 40.48 40.5 40.51 40.5 40.52 40.55 40.62 40.6 40.62 40.63 40.6 40.58 40.57 40.51 40.45 40.48 40.54 40.55 40.59 40.69 40.73 40.75 40.79 40.81 40.83 40.86 40.91 40.91 40.93 40.97 41.02 41.03 41.04
39.51 39.48 39.45 39.45 39.42 39.36 39.3 39.27 39.27 39.3 39.3 39.27 39.26 39.3 39.34 39.36 39.38 39.36 39.41 39.4 39.38 39.36 39.39 39.37 39.36 39.42 39.4 39.42 39.44 39.5 39.52 39.53 39.5 39.45 39.39 39.44 39.63 40 40.31 40.53 40.71 40.7 40.63 40.63 40.6 40.56 40.53 40.46 40.51 40.51 40.54 40.61 40.6 40.61 40.63 40.64 40.62 40.61 40.58 40.57 40.57 40.58 40.59 40.64 40.71 40.74 40.77 40.83 40.83 40.84 40.86 40.91 40.92 40.94 41.01 41.03 41.03 41.03
39.53 39.49 39.45 39.43 39.4 39.36 39.34 39.31 39.27 39.31 39.32 39.28 39.25 39.28 39.33 39.35 39.34 39.34 39.4 39.4 39.38 39.4 39.4 39.39 39.39 39.43 39.43 39.45 39.48 39.55 39.55 39.53 39.5 39.43 39.4 39.39 39.71 40.12 40.38 40.63 40.74 40.69 40.6 40.57 40.59 40.57 40.52 40.47 40.51 40.52 40.54 40.59 40.6 40.59 40.61 40.66 40.68 40.67 40.65 40.63 40.62 40.62 40.64 40.67 40.7 40.74 40.78 40.82 40.84 40.84 40.86 40.91 40.92 40.97 41.02 41.02 41.03 41.03
39.52 39.48 39.44 39.42 39.39 39.36 39.34 39.31 39.28 39.3 39.36 39.32 39.29 39.28 39.31 39.3 39.32 39.35 39.44 39.44 39.42 39.43 39.42 39.45 39.45 39.48 39.51 39.54 39.56 39.57 39.55 39.54 39.47 39.42 39.42 39.4 39.71 40.13 40.37 40.63 40.72 40.66 40.58 40.54 40.56 40.54 40.49 40.47 40.53 40.55 40.55 40.58 40.6 40.59 40.6 40.64 40.68 40.69 40.68 40.64 40.63 40.65 40.67 40.68 40.7 40.77 40.79 40.8 40.82 40.82 40.86 40.91 40.99 41.05 41.05 41.03 41.02 41.03
39.5 39.46 39.44 39.42 39.38 39.34 39.29 39.28 39.28 39.29 39.36 39.31 39.3 39.29 39.31 39.34 39.33 39.37 39.42 39.41 39.44 39.49 39.48 39.52 39.52 39.51 39.55 39.57 39.6 39.6 39.57 39.54 39.47 39.4 39.39 39.4 39.8 40.28 40.54 40.69 40.7 40.63 40.56 40.53 40.52 40.51 40.48 40.47 40.54 40.57 40.58 40.58 40.61 40.6 40.61 40.63 40.62 40.62 40.6 40.59 40.62 40.66 40.69 40.72 40.7 40.78 40.8 40.83 40.82 40.85 40.9 40.91 40.98 41.04 41.07 41.04 41.01 41.02
39.48 39.46 39.46 39.44 39.39 39.34 39.29 39.28 39.25 39.29 39.35 39.31 39.31 39.31 39.32 39.36 39.36 39.38 39.38 39.41 39.54 39.57 39.53 39.59 39.58 39.55 39.61 39.63 39.61 39.62 39.59 39.54 39.43 39.41 39.42 39.6 40.08 40.48 40.68 40.68 40.64 40.6 40.55 40.5 40.5 40.49 40.49 40.5 40.54 40.58 40.59 40.61 40.61 40.61 40.61 40.62 40.58 40.56 40.53 40.55 40.62 40.65 40.68 40.73 40.73 40.79 40.84 40.86 40.84 40.88 40.9 40.93 40.97 41.01 41.05 41.05 41.03 41.02
39.47 39.49 39.5 39.45 39.42 39.38 39.36 39.35 39.27 39.29 39.34 39.33 39.32 39.32 39.36 39.42 39.44 39.46 39.46 39.49 39.54 39.56 39.55 39.55 39.56 39.58 39.63 39.63 39.6 39.57 39.53 39.45 39.38 39.4 39.5 39.84 40.36 40.64 40.72 40.62 40.58 40.57 40.54 40.46 40.45 40.48 40.51 40.54 40.57 40.59 40.6 40.65 40.64 40.62 40.57 40.55 40.53 40.52 40.53 40.58 40.67 40.63 40.68 40.73 40.74 40.74 40.8 40.84 40.86 40.9 40.89 40.92 40.95 40.98 41.02 41.04 41.05 41.04
