slabs/82.grd
DSAA
631 301
647040 647670
4946300 4946600
37.92 45.2
[rows 136 to 169 of 301, columns 234 to 311 of 631]
40.19 40.16 40.09 40.01 39.95 39.95 39.95 39.82 39.8 39.79 39.76 39.73 39.73 39.81 39.9 39.92 39.89 39.81 39.78 39.85 39.8 39.53 39.02 38.68 39.07 39.65 39.7 39.62 39.54 39.49 39.38 39.3 39.22 39.16 39.23 39.22 39.26 39.27 39.24 39.16 39.2 39.31 39.32 39.31 39.32 39.27 39.23 39.22 39.25 39.25 39.3 39.31 39.31 39.32 39.33 39.34 39.34 39.37 39.4 39.4 39.44 39.43 39.41 39.37 39.33 39.3 39.36 39.34 39.65 40.09 40.32 40.47 40.37 40.33 40.33 40.31 40.33 40.31
40.16 40.14 40.13 40.02 39.98 39.95 39.91 39.8 39.83 39.84 39.78 39.76 39.79 39.82 39.9 39.88 39.86 39.81 39.8 39.83 39.84 39.77 39.17 38.66 38.89 39.56 39.71 39.64 39.57 39.47 39.37 39.31 39.23 39.15 39.24 39.22 39.32 39.36 39.31 39.28 39.31 39.4 39.4 39.38 39.4 39.36 39.36 39.33 39.33 39.31 39.36 39.34 39.31 39.27 39.28 39.27 39.26 39.23 39.26 39.29 39.36 39.42 39.39 39.35 39.32 39.28 39.32 39.24 39.82 40.19 40.37 40.46 40.35 40.31 40.3 40.33 40.31 40.29
40.13 40.1 40.12 40.04 40.02 39.98 39.86 39.81 39.85 39.9 39.89 39.85 39.79 39.81 39.94 39.94 39.85 39.74 39.73 39.81 39.87 39.81 39.31 38.84 38.8 39.4 39.69 39.66 39.59 39.46 39.36 39.33 39.3 39.19 39.2 39.24 39.36 39.43 39.42 39.43 39.45 39.47 39.46 39.46 39.46 39.47 39.49 39.49 39.53 39.54 39.54 39.54 39.5 39.46 39.45 39.36 39.24 39.08 39.12 39.18 39.25 39.36 39.35 39.34 39.36 39.37 39.32 39.51 40 40.31 40.45 40.45 40.36 40.31 40.3 40.33 40.3 40.27
40.1 40.1 40.09 40.02 39.99 39.98 39.91 39.9 39.88 39.92 39.91 39.88 39.8 39.77 39.89 39.92 39.9 39.79 39.77 39.79 39.84 39.73 39.43 39.07 38.83 39.2 39.61 39.66 39.59 39.49 39.36 39.33 39.34 39.21 39.19 39.26 39.34 39.4 39.43 39.43 39.43 39.43 39.43 39.44 39.43 39.46 39.49 39.53 39.56 39.62 39.61 39.62 39.65 39.68 39.7 39.63 39.49 39.36 39.31 39.24 39.22 39.31 39.32 39.36 39.37 39.33 39.31 39.72 40.17 40.38 40.43 40.45 40.36 40.32 40.3 40.36 40.31 40.29
40.06 40.08 40.09 40.02 39.97 39.96 39.95 39.98 39.92 39.93 39.9 39.88 39.83 39.77 39.85 39.92 39.91 39.86 39.8 39.8 39.8 39.72 39.56 39.36 39 38.95 39.29 39.49 39.59 39.52 39.39 39.34 39.3 39.21 39.2 39.26 39.33 39.38 39.42 39.41 39.38 39.4 39.42 39.42 39.44 39.46 39.48 39.52 39.56 39.63 39.63 39.66 39.72 39.75 39.76 39.67 39.58 39.47 39.42 39.36 39.35 39.36 39.34 39.39 39.37 39.35 39.38 39.93 40.3 40.42 40.42 40.39 40.34 40.33 40.32 40.34 40.32 40.31
39.96 39.99 40.03 40.05 40.05 40.07 40 39.96 39.94 39.92 39.9 39.89 39.79 39.78 39.86 39.9 39.93 39.93 39.86 39.84 39.77 39.73 39.66 39.6 39.25 38.8 38.97 39.3 39.58 39.56 39.44 39.35 39.27 39.2 39.19 39.24 39.32 39.39 39.41 39.39 39.36 39.39 39.41 39.43 39.44 39.46 39.45 39.53 39.61 39.62 39.66 39.69 39.75 39.75 39.73 39.65 39.6 39.54 39.48 39.42 39.38 39.39 39.38 39.39 39.37 39.38 39.64 40.17 40.4 40.41 40.39 40.35 40.31 40.32 40.32 40.31 40.32 40.33
39.95 40.05 40.1 40.06 40.06 40.1 40.03 39.96 39.94 39.92 39.88 39.78 39.71 39.8 39.83 39.86 39.9 39.95 39.88 39.9 39.78 39.71 39.7 39.72 39.47 38.85 38.79 39.14 39.57 39.61 39.51 39.37 39.26 39.19 39.16 39.21 39.3 39.36 39.37 39.38 39.37 39.4 39.43 39.44 39.46 39.45 39.48 39.55 39.59 39.65 39.68 39.71 39.69 39.69 39.66 39.63 39.57 39.55 39.51 39.42 39.4 39.43 39.42 39.4 39.44 39.54 39.9 40.32 40.44 40.4 40.36 40.32 40.3 40.29 40.28 40.31 40.35 40.35
39.93 40.04 40.1 40.04 40.04 40.05 40.01 39.97 39.93 39.93 39.84 39.73 39.67 39.77 39.77 39.81 39.88 39.95 39.89 39.9 39.83 39.72 39.71 39.72 39.59 39.02 38.7 38.97 39.53 39.64 39.56 39.42 39.22 39.15 39.13 39.18 39.28 39.35 39.36 39.42 39.44 39.43 39.43 39.43 39.47 39.49 39.51 39.54 39.6 39.65 39.66 39.71 39.66 39.63 39.6 39.6 39.56 39.57 39.54 39.44 39.45 39.46 39.43 39.4 39.49 39.71 40.08 40.39 40.43 40.4 40.35 40.32 40.28 40.26 40.26 40.31 40.39 40.38
39.94 40.02 40.09 40.07 40.03 39.98 39.98 39.96 39.88 39.86 39.78 39.73 39.67 39.71 39.73 39.78 39.87 39.95 39.92 39.9 39.86 39.75 39.73 39.7 39.69 39.21 38.82 38.82 39.37 39.62 39.62 39.53 39.25 39.17 39.17 39.21 39.32 39.4 39.42 39.44 39.5 39.52 39.52 39.5 39.5 39.53 39.52 39.53 39.57 39.61 39.66 39.7 39.67 39.64 39.61 39.62 39.56 39.56 39.55 39.49 39.48 39.45 39.41 39.38 39.53 39.82 40.23 40.45 40.42 40.38 40.34 40.31 40.25 40.25 40.27 40.31 40.38 40.39
39.91 39.99 40.02 40.03 39.98 39.94 39.94 39.98 39.89 39.79 39.74 39.74 39.69 39.69 39.73 39.77 39.84 39.92 39.96 39.95 39.86 39.74 39.71 39.72 39.72 39.38 38.95 38.7 39.13 39.54 39.62 39.57 39.34 39.21 39.22 39.24 39.37 39.44 39.45 39.48 39.52 39.48 39.51 39.51 39.52 39.54 39.54 39.53 39.59 39.64 39.68 39.67 39.67 39.66 39.65 39.66 39.59 39.54 39.55 39.53 39.5 39.44 39.4 39.4 39.62 39.94 40.32 40.46 40.43 40.37 40.33 40.27 40.21 40.25 40.28 40.32 40.36 40.36
39.88 39.97 39.97 39.96 39.94 39.93 39.91 40.01 39.94 39.8 39.75 39.74 39.7 39.67 39.73 39.75 39.78 39.86 39.98 39.93 39.84 39.78 39.72 39.69 39.69 39.52 39.09 38.65 38.86 39.43 39.6 39.57 39.41 39.23 39.19 39.23 39.4 39.51 39.52 39.55 39.57 39.53 39.51 39.52 39.51 39.52 39.55 39.57 39.61 39.64 39.67 39.66 39.69 39.69 39.68 39.69 39.61 39.56 39.57 39.56 39.5 39.44 39.39 39.46 39.8 40.12 40.4 40.45 40.39 40.35 40.36 40.29 40.29 40.31 40.32 40.35 40.34 40.39
39.88 39.97 39.97 39.94 39.96 39.95 39.93 40 39.96 39.85 39.79 39.73 39.69 39.65 39.72 39.75 39.78 39.87 39.93 39.92 39.83 39.79 39.71 39.68 39.66 39.56 39.37 39.01 38.87 39.3 39.57 39.57 39.45 39.26 39.2 39.27 39.35 39.44 39.47 39.57 39.58 39.56 39.53 39.52 39.53 39.52 39.55 39.62 39.61 39.62 39.66 39.68 39.7 39.71 39.69 39.67 39.62 39.61 39.62 39.56 39.47 39.43 39.42 39.63 40.01 40.25 40.41 40.41 40.37 40.33 40.32 40.29 40.31 40.28 40.33 40.37 40.39 40.42
39.91 39.99 39.98 39.94 39.95 39.97 39.96 39.97 39.97 39.86 39.76 39.72 39.71 39.65 39.63 39.72 39.77 39.82 39.91 39.92 39.83 39.79 39.72 39.67 39.68 39.65 39.59 39.23 38.76 39.02 39.36 39.55 39.51 39.38 39.3 39.26 39.31 39.38 39.43 39.54 39.58 39.56 39.56 39.53 39.54 39.51 39.54 39.63 39.63 39.66 39.7 39.68 39.69 39.69 39.71 39.7 39.68 39.66 39.66 39.59 39.48 39.44 39.47 39.84 40.2 40.36 40.43 40.4 40.32 40.31 40.29 40.3 40.31 40.28 40.31 40.38 40.41 40.43
39.91 40 40 39.98 39.95 39.94 39.95 39.9 39.86 39.83 39.75 39.73 39.73 39.7 39.65 39.69 39.79 39.86 39.94 39.91 39.86 39.82 39.77 39.73 39.69 39.68 39.66 39.41 38.92 38.77 39 39.45 39.54 39.45 39.38 39.21 39.28 39.38 39.46 39.52 39.59 39.58 39.58 39.55 39.52 39.49 39.51 39.62 39.64 39.67 39.69 39.67 39.67 39.67 39.69 39.66 39.69 39.7 39.63 39.58 39.47 39.45 39.51 39.99 40.33 40.44 40.45 40.37 40.33 40.31 40.3 40.28 40.31 40.27 40.31 40.35 40.38 40.42
39.91 40.01 40.02 40.01 40 39.98 39.95 39.92 39.84 39.81 39.78 39.76 39.7 39.7 39.66 39.69 39.87 39.86 39.92 39.9 39.86 39.78 39.78 39.78 39.7 39.72 39.7 39.56 39.15 38.77 38.8 39.31 39.53 39.49 39.39 39.17 39.25 39.39 39.48 39.52 39.57 39.58 39.58 39.56 39.52 39.49 39.51 39.63 39.65 39.68 39.68 39.68 39.69 39.69 39.68 39.67 39.69 39.7 39.62 39.54 39.47 39.45 39.64 40.13 40.36 40.45 40.45 40.36 40.34 40.32 40.29 40.28 40.3 40.28 40.34 40.36 40.38 40.41
39.91 40 40.04 40.06 40.06 40.02 39.99 39.94 39.86 39.85 39.79 39.78 39.74 39.7 39.68 39.71 39.81 39.8 39.8 39.86 39.84 39.8 39.78 39.77 39.71 39.72 39.7 39.66 39.31 38.94 38.74 39.14 39.47 39.5 39.4 39.21 39.2 39.33 39.44 39.52 39.53 39.56 39.56 39.57 39.53 39.49 39.5 39.58 39.57 39.63 39.64 39.68 39.66 39.66 39.66 39.68 39.68 39.67 39.64 39.54 39.51 39.49 39.8 40.27 40.42 40.46 40.4 40.37 40.34 40.32 40.29 40.27 40.29 40.3 40.35 40.38 40.4 40.43
39.85 39.97 40.02 40.06 40.1 39.97 39.9 39.87 39.87 39.87 39.82 39.83 39.72 39.73 39.72 39.76 39.79 39.8 39.78 39.8 39.83 39.85 39.81 39.78 39.75 39.7 39.7 39.67 39.4 39.11 38.75 38.91 39.34 39.49 39.43 39.25 39.15 39.24 39.36 39.46 39.54 39.55 39.55 39.53 39.54 39.49 39.48 39.51 39.54 39.59 39.58 39.61 39.62 39.65 39.69 39.66 39.67 39.68 39.63 39.54 39.55 39.7 40.11 40.44 40.48 40.45 40.4 40.37 40.34 40.3 40.28 40.26 40.28 40.31 40.35 40.38 40.4 40.43
39.86 39.91 39.96 40.05 40.07 39.93 39.89 39.89 39.89 39.84 39.82 39.81 39.74 39.75 39.74 39.79 39.81 39.8 39.8 39.75 39.8 39.82 39.81 39.81 39.78 39.72 39.73 39.64 39.46 39.25 38.91 38.74 39.2 39.47 39.45 39.31 39.17 39.15 39.27 39.42 39.51 39.54 39.55 39.51 39.49 39.47 39.47 39.47 39.5 39.52 39.55 39.59 39.61 39.66 39.67 39.66 39.65 39.64 39.59 39.55 39.63 39.92 40.34 40.55 40.53 40.47 40.43 40.39 40.36 40.28 40.25 40.27 40.28 40.31 40.36 40.39 40.39 40.41
39.85 39.85 39.9 39.99 40.01 39.99 39.96 39.91 39.85 39.82 39.79 39.76 39.76 39.78 39.74 39.77 39.81 39.8 39.8 39.72 39.76 39.75 39.76 39.8 39.75 39.72 39.69 39.63 39.46 39.31 39.09 38.71 39.12 39.42 39.43 39.35 39.22 39.14 39.24 39.41 39.5 39.51 39.49 39.51 39.49 39.47 39.48 39.49 39.47 39.49 39.46 39.54 39.58 39.6 39.61 39.61 39.63 39.6 39.55 39.55 39.65 40.03 40.42 40.55 40.53 40.48 40.43 40.4 40.38 40.29 40.25 40.27 40.27 40.33 40.37 40.38 40.39 40.37
39.85 39.84 39.88 39.92 40 40.02 40 39.94 39.87 39.84 39.79 39.76 39.77 39.83 39.78 39.76 39.84 39.84 39.83 39.73 39.75 39.77 39.75 39.77 39.71 39.73 39.68 39.64 39.53 39.36 39.11 38.8 39.02 39.29 39.41 39.34 39.22 39.14 39.21 39.38 39.46 39.5 39.5 39.48 39.46 39.44 39.46 39.49 39.49 39.47 39.45 39.5 39.54 39.53 39.55 39.58 39.62 39.58 39.5 39.53 39.7 40.1 40.46 40.51 40.49 40.45 40.41 40.37 40.39 40.36 40.27 40.27 40.31 40.35 40.37 40.39 40.4 40.4
39.88 39.84 39.84 39.86 39.98 40.01 40.01 39.98 39.91 39.86 39.83 39.77 39.76 39.82 39.83 39.75 39.84 39.85 39.79 39.74 39.78 39.8 39.77 39.77 39.74 39.74 39.7 39.64 39.64 39.48 39.26 38.88 38.76 39.02 39.39 39.4 39.26 39.18 39.17 39.33 39.43 39.48 39.53 39.5 39.46 39.44 39.49 39.52 39.5 39.5 39.47 39.49 39.53 39.52 39.56 39.6 39.63 39.58 39.51 39.6 39.86 40.24 40.49 40.49 40.45 40.43 40.4 40.37 40.41 40.34 40.25 40.22 40.3 40.36 40.38 40.38 40.4 40.38
39.91 39.83 39.78 39.81 39.92 39.98 39.99 39.95 39.86 39.81 39.83 39.77 39.79 39.81 39.8 39.74 39.84 39.85 39.82 39.8 39.8 39.82 39.78 39.72 39.74 39.74 39.71 39.63 39.66 39.6 39.4 39.02 38.69 38.81 39.27 39.4 39.31 39.22 39.18 39.25 39.35 39.43 39.56 39.51 39.47 39.47 39.55 39.57 39.53 39.52 39.47 39.5 39.54 39.54 39.61 39.63 39.62 39.63 39.65 39.75 40.08 40.42 40.48 40.44 40.42 40.44 40.4 40.38 40.41 40.25 40.25 40.29 40.33 40.36 40.38 40.4 40.39 40.37
39.94 39.84 39.79 39.79 39.87 39.95 39.95 39.92 39.84 39.78 39.78 39.8 39.83 39.8 39.78 39.73 39.8 39.8 39.8 39.81 39.84 39.84 39.82 39.76 39.75 39.73 39.73 39.64 39.67 39.65 39.49 39.18 38.84 38.7 39.02 39.34 39.37 39.28 39.22 39.23 39.27 39.38 39.54 39.53 39.47 39.48 39.55 39.59 39.57 39.5 39.47 39.51 39.54 39.52 39.6 39.59 39.58 39.74 39.94 40 40.26 40.51 40.47 40.45 40.41 40.38 40.39 40.42 40.41 40.31 40.31 40.32 40.35 40.39 40.38 40.39 40.38 40.35
39.97 39.87 39.81 39.78 39.87 39.89 39.92 39.91 39.88 39.87 39.81 39.77 39.75 39.74 39.76 39.76 39.79 39.81 39.83 39.78 39.82 39.8 39.77 39.75 39.75 39.75 39.74 39.68 39.69 39.68 39.63 39.38 39.04 38.68 38.74 39.21 39.38 39.33 39.25 39.23 39.26 39.35 39.49 39.54 39.5 39.48 39.51 39.58 39.55 39.51 39.51 39.52 39.55 39.53 39.54 39.59 39.63 39.84 40.09 40.27 40.38 40.46 40.45 40.41 40.38 40.37 40.37 40.42 40.37 40.26 40.3 40.3 40.35 40.39 40.4 40.37 40.35 40.33
40.02 39.93 39.85 39.82 39.89 39.92 39.93 39.97 39.92 39.87 39.8 39.77 39.77 39.78 39.78 39.74 39.75 39.77 39.78 39.8 39.77 39.77 39.77 39.76 39.72 39.76 39.74 39.73 39.71 39.69 39.71 39.53 39.21 38.75 38.57 39.03 39.32 39.34 39.26 39.23 39.27 39.34 39.46 39.55 39.54 39.49 39.5 39.54 39.51 39.49 39.47 39.46 39.5 39.55 39.54 39.55 39.64 39.9 40.2 40.36 40.42 40.41 40.41 40.4 40.39 40.37 40.37 40.38 40.31 40.27 40.29 40.32 40.34 40.39 40.38 40.37 40.34 40.33
39.98 39.93 39.88 39.85 39.81 39.88 39.96 40.01 39.89 39.85 39.84 39.83 39.87 39.9 39.79 39.69 39.69 39.75 39.79 39.78 39.77 39.8 39.81 39.78 39.72 39.74 39.72 39.74 39.74 39.7 39.71 39.59 39.37 38.9 38.52 38.87 39.2 39.31 39.27 39.26 39.3 39.33 39.43 39.54 39.55 39.47 39.47 39.48 39.49 39.5 39.49 39.52 39.51 39.6 39.59 39.61 39.55 39.87 40.26 40.43 40.44 40.41 40.39 40.39 40.39 40.38 40.4 40.33 40.27 40.31 40.32 40.35 40.33 40.38 40.36 40.36 40.34 40.33
39.99 39.91 39.84 39.85 39.78 39.84 39.93 39.99 39.92 39.88 39.87 39.88 39.89 39.91 39.84 39.72 39.69 39.76 39.81 39.78 39.84 39.84 39.81 39.77 39.73 39.72 39.69 39.73 39.78 39.72 39.71 39.64 39.52 39.1 38.57 38.75 39.09 39.27 39.28 39.24 39.26 39.29 39.39 39.48 39.49 39.51 39.49 39.52 39.53 39.54 39.56 39.56 39.57 39.63 39.62 39.58 39.52 39.85 40.29 40.44 40.42 40.41 40.39 40.39 40.37 40.38 40.39 40.31 40.26 40.32 40.32 40.35 40.34 40.37 40.35 40.34 40.34 40.32
40 39.94 39.91 39.84 39.78 39.8 39.86 39.95 39.93 39.89 39.85 39.84 39.85 39.86 39.83 39.75 39.73 39.78 39.82 39.81 39.88 39.87 39.79 39.75 39.72 39.74 39.69 39.74 39.76 39.74 39.68 39.65 39.61 39.24 38.7 38.7 38.92 39.25 39.29 39.16 39.19 39.28 39.36 39.44 39.48 39.54 39.52 39.49 39.55 39.56 39.57 39.58 39.59 39.64 39.64 39.61 39.64 40.04 40.41 40.49 40.42 40.42 40.4 40.39 40.37 40.34 40.33 40.29 40.28 40.31 40.32 40.35 40.38 40.36 40.37 40.34 40.32 40.33
40.02 39.97 39.92 39.87 39.84 39.83 39.84 39.97 39.95 39.93 39.85 39.83 39.81 39.81 39.8 39.75 39.77 39.8 39.84 39.85 39.83 39.87 39.82 39.76 39.72 39.72 39.68 39.7 39.71 39.71 39.69 39.68 39.65 39.42 38.86 38.6 38.68 39.09 39.32 39.21 39.18 39.28 39.35 39.42 39.48 39.51 39.51 39.56 39.61 39.61 39.61 39.62 39.61 39.66 39.67 39.66 39.84 40.28 40.51 40.51 40.41 40.41 40.42 40.39 40.39 40.3 40.27 40.26 40.3 40.33 40.35 40.35 40.38 40.34 40.31 40.33 40.31 40.34
40.04 39.99 39.91 39.87 39.85 39.85 39.84 39.96 40.01 39.99 39.88 39.84 39.8 39.77 39.79 39.77 39.78 39.79 39.87 39.85 39.79 39.79 39.75 39.76 39.76 39.74 39.73 39.73 39.74 39.73 39.71 39.71 39.68 39.52 39.01 38.67 38.68 38.98 39.28 39.29 39.22 39.26 39.37 39.42 39.46 39.54 39.59 39.66 39.69 39.69 39.67 39.67 39.65 39.7 39.73 39.71 40.04 40.46 40.55 40.49 40.4 40.41 40.42 40.38 40.34 40.27 40.25 40.29 40.29 40.32 40.34 40.36 40.38 40.31 40.31 40.36 40.33 40.4
40.07 39.99 39.95 39.86 39.83 39.84 39.85 39.91 40.04 40.03 39.91 39.83 39.8 39.74 39.75 39.76 39.77 39.8 39.83 39.8 39.79 39.8 39.77 39.76 39.78 39.74 39.74 39.68 39.68 39.71 39.71 39.67 39.69 39.69 39.2 38.78 38.66 38.83 39.19 39.31 39.31 39.31 39.42 39.47 39.52 39.57 39.66 39.7 39.73 39.74 39.7 39.68 39.65 39.73 39.75 39.81 40.25 40.54 40.54 40.48 40.4 40.42 40.4 40.35 40.2 40.2 40.24 40.29 40.33 40.35 40.35 40.38 40.38 40.34 40.3 40.33 40.35 40.42
40.09 40.01 39.97 39.88 39.85 39.85 39.84 39.87 40 40.03 39.95 39.9 39.83 39.75 39.73 39.7 39.69 39.77 39.78 39.83 39.8 39.79 39.85 39.84 39.78 39.74 39.74 39.71 39.66 39.67 39.7 39.7 39.7 39.69 39.35 38.95 38.8 38.66 38.98 39.2 39.3 39.37 39.47 39.52 39.58 39.64 39.69 39.71 39.75 39.77 39.72 39.69 39.65 39.73 39.74 39.94 40.42 40.54 40.5 40.45 40.42 40.43 40.39 40.32 40.24 40.23 40.29 40.33 40.32 40.35 40.34 40.4 40.36 40.32 40.3 40.32 40.4 40.42
40.14 40.08 40 39.93 39.86 39.84 39.82 39.82 39.83 39.93 39.95 39.91 39.83 39.76 39.72 39.69 39.67 39.73 39.74 39.81 39.83 39.81 39.79 39.78 39.74 39.71 39.7 39.7 39.67 39.69 39.68 39.66 39.69 39.69 39.5 39.26 38.97 38.53 38.76 39.05 39.27 39.43 39.52 39.57 39.65 39.73 39.73 39.73 39.81 39.8 39.79 39.73 39.68 39.76 39.81 40.06 40.44 40.5 40.47 40.41 40.42 40.36 40.32 40.32 40.27 40.26 40.3 40.33 40.34 40.4 40.38 40.38 40.36 40.32 40.31 40.3 40.41 40.42
40.21 40.15 40.08 39.95 39.83 39.81 39.82 39.79 39.77 39.82 39.86 39.85 39.84 39.86 39.76 39.68 39.67 39.73 39.73 39.76 39.8 39.83 39.81 39.8 39.75 39.74 39.69 39.67 39.68 39.7 39.67 39.67 39.68 39.68 39.61 39.5 39.11 38.55 38.62 38.9 39.22 39.47 39.57 39.62 39.71 39.79 39.79 39.78 39.81 39.8 39.8 39.75 39.71 39.81 39.92 40.24 40.49 40.48 40.47 40.42 40.4 40.34 40.3 40.27 40.25 40.28 40.31 40.33 40.37 40.4 40.37 40.34 40.35 40.33 40.33 40.36 40.43 40.42
