slabs/82.grd
DSAA
631 301
647040 647670
4946300 4946600
37.92 45.2
[rows 68 to 101 of 301, columns 390 to 467 of 631]
40.9 40.9 40.9 40.9 40.9 40.9 40.91 40.91 40.92 40.92 40.92 40.93 40.95 40.96 40.98 40.96 40.92 40.9 40.85 40.84 40.84 40.85 40.81 40.83 40.81 40.84 40.91 40.86 40.79 40.74 40.68 40.66 40.68 40.7 40.69 40.66 40.63 40.64 40.62 40.63 40.63 40.65 40.65 40.71 40.72 40.7 40.67 40.64 40.63 40.61 40.6 40.58 40.57 40.56 40.57 40.59 40.61 40.64 40.67 40.67 40.68 40.69 40.71 40.72 40.73 40.73 40.73 40.73 40.74 40.74 40.74 40.74 40.75 40.75 40.75 40.75 40.76 40.76
40.9 40.9 40.9 40.9 40.9 40.89 40.89 40.9 40.91 40.91 40.92 40.92 40.93 40.95 40.96 40.96 40.92 40.88 40.84 40.84 40.8 40.8 40.78 40.78 40.77 40.75 40.85 40.87 40.8 40.73 40.69 40.65 40.65 40.67 40.65 40.65 40.64 40.66 40.64 40.66 40.67 40.64 40.66 40.72 40.73 40.71 40.68 40.65 40.64 40.62 40.61 40.6 40.58 40.57 40.56 40.58 40.6 40.64 40.67 40.67 40.68 40.69 40.71 40.72 40.73 40.73 40.74 40.74 40.74 40.74 40.75 40.75 40.75 40.75 40.75 40.75 40.76 40.76
40.9 40.9 40.9 40.9 40.9 40.9 40.9 40.89 40.9 40.9 40.91 40.91 40.92 40.92 40.93 40.89 40.85 40.82 40.81 40.78 40.74 40.75 40.72 40.72 40.73 40.7 40.81 40.85 40.79 40.71 40.67 40.65 40.63 40.65 40.63 40.62 40.67 40.68 40.69 40.67 40.66 40.64 40.66 40.69 40.72 40.72 40.7 40.67 40.65 40.63 40.62 40.61 40.6 40.58 40.57 40.58 40.6 40.64 40.67 40.68 40.68 40.7 40.71 40.72 40.73 40.74 40.74 40.74 40.74 40.75 40.75 40.75 40.75 40.75 40.75 40.76 40.76 40.76
40.9 40.9 40.9 40.9 40.9 40.9 40.9 40.9 40.9 40.89 40.89 40.9 40.9 40.89 40.89 40.84 40.81 40.8 40.77 40.75 40.72 40.73 40.68 40.66 40.69 40.67 40.76 40.78 40.73 40.67 40.64 40.63 40.62 40.62 40.65 40.69 40.72 40.72 40.7 40.68 40.67 40.65 40.65 40.67 40.71 40.73 40.71 40.68 40.66 40.64 40.63 40.62 40.61 40.59 40.58 40.58 40.6 40.63 40.67 40.68 40.69 40.7 40.71 40.72 40.74 40.74 40.74 40.74 40.75 40.75 40.75 40.75 40.75 40.76 40.76 40.76 40.76 40.77
40.9 40.9 40.9 40.9 40.9 40.9 40.9 40.9 40.9 40.9 40.89 40.89 40.87 40.88 40.86 40.82 40.81 40.77 40.73 40.72 40.69 40.71 40.69 40.65 40.62 40.63 40.63 40.66 40.62 40.6 40.58 40.61 40.63 40.61 40.66 40.7 40.72 40.73 40.71 40.69 40.67 40.65 40.65 40.66 40.69 40.74 40.72 40.69 40.67 40.65 40.63 40.63 40.63 40.61 40.6 40.59 40.6 40.63 40.67 40.68 40.69 40.7 40.71 40.73 40.74 40.74 40.74 40.75 40.75 40.75 40.75 40.76 40.76 40.76 40.76 40.76 40.77 40.77
40.89 40.89 40.88 40.9 40.9 40.9 40.9 40.9 40.9 40.9 40.9 40.88 40.85 40.86 40.82 40.78 40.78 40.72 40.67 40.66 40.66 40.65 40.65 40.62 40.57 40.6 40.57 40.6 40.63 40.61 40.6 40.63 40.63 40.63 40.67 40.71 40.72 40.72 40.71 40.7 40.68 40.66 40.64 40.65 40.67 40.73 40.72 40.71 40.69 40.67 40.64 40.65 40.64 40.62 40.61 40.61 40.6 40.63 40.66 40.68 40.69 40.7 40.72 40.73 40.74 40.75 40.75 40.75 40.75 40.75 40.76 40.76 40.76 40.76 40.76 40.77 40.77 40.77
40.88 40.88 40.88 40.9 40.9 40.9 40.9 40.9 40.9 40.9 40.9 40.87 40.84 40.81 40.77 40.73 40.73 40.67 40.64 40.65 40.63 40.6 40.62 40.6 40.59 40.6 40.59 40.63 40.62 40.6 40.62 40.64 40.62 40.64 40.68 40.72 40.72 40.72 40.72 40.71 40.69 40.67 40.65 40.64 40.65 40.7 40.73 40.73 40.71 40.68 40.65 40.66 40.66 40.64 40.62 40.62 40.6 40.63 40.66 40.68 40.7 40.71 40.72 40.73 40.75 40.75 40.75 40.75 40.76 40.76 40.76 40.76 40.76 40.77 40.77 40.77 40.77 40.77
40.87 40.87 40.88 40.89 40.88 40.89 40.9 40.9 40.9 40.9 40.9 40.83 40.79 40.78 40.74 40.7 40.73 40.7 40.63 40.6 40.61 40.6 40.59 40.6 40.63 40.61 40.62 40.64 40.62 40.6 40.63 40.63 40.62 40.65 40.7 40.72 40.72 40.72 40.72 40.72 40.7 40.68 40.66 40.65 40.64 40.67 40.72 40.74 40.72 40.7 40.67 40.66 40.66 40.65 40.64 40.63 40.61 40.64 40.66 40.68 40.7 40.71 40.72 40.74 40.75 40.75 40.75 40.76 40.76 40.76 40.76 40.76 40.77 40.77 40.77 40.77 40.78 40.78
40.87 40.87 40.87 40.87 40.87 40.88 40.89 40.9 40.9 40.9 40.89 40.79 40.76 40.74 40.67 40.66 40.65 40.64 40.62 40.63 40.61 40.59 40.62 40.63 40.62 40.6 40.64 40.63 40.61 40.61 40.63 40.62 40.64 40.68 40.71 40.71 40.71 40.72 40.72 40.72 40.72 40.7 40.67 40.65 40.64 40.66 40.69 40.72 40.73 40.71 40.68 40.66 40.67 40.66 40.65 40.64 40.62 40.64 40.66 40.68 40.71 40.71 40.72 40.74 40.75 40.76 40.76 40.76 40.76 40.76 40.77 40.77 40.77 40.77 40.77 40.78 40.78 40.78
40.86 40.87 40.87 40.87 40.87 40.87 40.87 40.88 40.89 40.9 40.81 40.75 40.72 40.71 40.7 40.66 40.59 40.62 40.64 40.64 40.63 40.61 40.63 40.62 40.61 40.62 40.64 40.62 40.61 40.63 40.62 40.62 40.65 40.69 40.71 40.71 40.71 40.71 40.72 40.72 40.72 40.7 40.68 40.67 40.65 40.65 40.68 40.71 40.74 40.72 40.69 40.67 40.66 40.67 40.66 40.65 40.63 40.63 40.65 40.68 40.71 40.71 40.72 40.74 40.76 40.76 40.76 40.76 40.76 40.77 40.77 40.77 40.77 40.78 40.78 40.78 40.79 40.79
40.86 40.86 40.86 40.86 40.86 40.87 40.87 40.87 40.87 40.87 40.83 40.75 40.7 40.68 40.69 40.66 40.63 40.62 40.64 40.65 40.63 40.63 40.63 40.61 40.62 40.65 40.63 40.61 40.62 40.63 40.62 40.64 40.67 40.7 40.71 40.71 40.71 40.71 40.71 40.71 40.71 40.71 40.69 40.68 40.66 40.64 40.66 40.69 40.74 40.73 40.7 40.68 40.66 40.68 40.67 40.66 40.65 40.64 40.65 40.68 40.71 40.72 40.73 40.74 40.76 40.76 40.76 40.77 40.77 40.77 40.77 40.78 40.78 40.78 40.78 40.79 40.79 40.79
40.85 40.86 40.86 40.86 40.86 40.86 40.86 40.86 40.87 40.83 40.78 40.7 40.67 40.68 40.64 40.63 40.64 40.64 40.66 40.64 40.63 40.63 40.61 40.6 40.63 40.66 40.63 40.61 40.63 40.61 40.63 40.66 40.69 40.71 40.71 40.71 40.71 40.71 40.71 40.71 40.71 40.71 40.7 40.69 40.67 40.64 40.65 40.67 40.74 40.73 40.71 40.69 40.67 40.68 40.68 40.67 40.66 40.65 40.65 40.68 40.71 40.72 40.73 40.74 40.76 40.77 40.77 40.77 40.77 40.78 40.78 40.78 40.78 40.78 40.78 40.79 40.79 40.79
40.82 40.84 40.86 40.86 40.86 40.86 40.86 40.86 40.86 40.8 40.73 40.68 40.66 40.66 40.61 40.58 40.59 40.65 40.66 40.64 40.65 40.63 40.61 40.62 40.65 40.66 40.63 40.62 40.63 40.61 40.64 40.67 40.7 40.71 40.71 40.71 40.71 40.71 40.71 40.71 40.71 40.71 40.7 40.69 40.67 40.65 40.63 40.65 40.71 40.74 40.73 40.71 40.68 40.68 40.69 40.68 40.67 40.66 40.65 40.67 40.71 40.73 40.73 40.74 40.76 40.77 40.77 40.77 40.78 40.78 40.78 40.78 40.79 40.79 40.79 40.79 40.79 40.79
40.79 40.8 40.82 40.84 40.85 40.86 40.86 40.86 40.8 40.72 40.67 40.63 40.63 40.62 40.61 40.59 40.58 40.62 40.66 40.64 40.66 40.63 40.62 40.64 40.67 40.66 40.63 40.63 40.61 40.63 40.66 40.68 40.7 40.7 40.7 40.7 40.71 40.71 40.71 40.71 40.71 40.71 40.71 40.7 40.68 40.66 40.64 40.65 40.69 40.74 40.74 40.72 40.69 40.67 40.69 40.69 40.69 40.67 40.67 40.67 40.7 40.73 40.73 40.75 40.76 40.77 40.77 40.78 40.78 40.78 40.78 40.78 40.79 40.79 40.79 40.79 40.8 40.8
40.77 40.77 40.79 40.8 40.81 40.82 40.84 40.85 40.78 40.7 40.67 40.61 40.6 40.58 40.6 40.61 40.58 40.6 40.65 40.66 40.64 40.61 40.64 40.67 40.68 40.65 40.63 40.65 40.62 40.63 40.66 40.68 40.7 40.7 40.7 40.7 40.7 40.7 40.7 40.7 40.7 40.7 40.7 40.7 40.69 40.67 40.65 40.64 40.68 40.72 40.75 40.73 40.71 40.69 40.69 40.7 40.7 40.69 40.68 40.67 40.7 40.73 40.74 40.75 40.77 40.78 40.78 40.78 40.78 40.78 40.79 40.79 40.79 40.79 40.79 40.8 40.8 40.8
40.8 40.8 40.79 40.77 40.77 40.79 40.8 40.8 40.76 40.68 40.67 40.63 40.6 40.58 40.59 40.62 40.58 40.59 40.63 40.66 40.64 40.61 40.65 40.69 40.68 40.65 40.63 40.62 40.63 40.64 40.67 40.69 40.7 40.7 40.7 40.7 40.7 40.7 40.7 40.7 40.7 40.7 40.7 40.7 40.69 40.67 40.66 40.65 40.66 40.69 40.72 40.74 40.72 40.7 40.69 40.69 40.71 40.7 40.69 40.67 40.7 40.73 40.74 40.75 40.77 40.78 40.78 40.78 40.78 40.79 40.79 40.79 40.79 40.79 40.8 40.8 40.8 40.8
40.83 40.82 40.81 40.79 40.78 40.77 40.77 40.76 40.73 40.65 40.66 40.64 40.61 40.62 40.61 40.63 40.6 40.57 40.62 40.65 40.62 40.63 40.67 40.69 40.68 40.63 40.64 40.62 40.63 40.66 40.69 40.7 40.7 40.7 40.7 40.7 40.7 40.7 40.7 40.7 40.7 40.7 40.7 40.7 40.7 40.68 40.67 40.66 40.64 40.66 40.69 40.74 40.73 40.71 40.69 40.69 40.71 40.71 40.71 40.69 40.71 40.73 40.75 40.75 40.77 40.78 40.78 40.79 40.79 40.79 40.79 40.79 40.8 40.8 40.8 40.8 40.8 40.81
40.83 40.83 40.82 40.81 40.81 40.79 40.77 40.75 40.73 40.65 40.64 40.65 40.61 40.59 40.61 40.58 40.55 40.56 40.6 40.63 40.61 40.65 40.7 40.7 40.67 40.64 40.62 40.62 40.63 40.66 40.69 40.69 40.69 40.7 40.7 40.7 40.7 40.69 40.69 40.69 40.69 40.69 40.7 40.7 40.69 40.69 40.68 40.67 40.65 40.65 40.67 40.73 40.74 40.72 40.7 40.69 40.71 40.72 40.72 40.7 40.71 40.73 40.75 40.76 40.78 40.79 40.79 40.79 40.79 40.79 40.8 40.8 40.8 40.8 40.8 40.81 40.81 40.81
40.83 40.83 40.82 40.82 40.81 40.81 40.78 40.72 40.68 40.6 40.6 40.62 40.59 40.64 40.62 40.58 40.54 40.54 40.56 40.6 40.63 40.66 40.7 40.7 40.66 40.64 40.6 40.62 40.63 40.67 40.69 40.69 40.69 40.69 40.69 40.69 40.69 40.69 40.69 40.69 40.69 40.69 40.69 40.69 40.69 40.69 40.69 40.67 40.65 40.64 40.66 40.71 40.75 40.73 40.72 40.69 40.71 40.73 40.72 40.71 40.71 40.72 40.74 40.76 40.78 40.79 40.79 40.79 40.79 40.8 40.8 40.8 40.8 40.8 40.81 40.81 40.81 40.81
40.84 40.83 40.82 40.82 40.81 40.81 40.76 40.7 40.62 40.63 40.58 40.59 40.65 40.63 40.61 40.58 40.54 40.53 40.55 40.62 40.65 40.69 40.71 40.69 40.64 40.62 40.62 40.63 40.66 40.69 40.69 40.69 40.69 40.69 40.69 40.69 40.69 40.69 40.69 40.69 40.69 40.69 40.69 40.69 40.69 40.69 40.69 40.67 40.66 40.64 40.65 40.69 40.74 40.75 40.73 40.7 40.71 40.73 40.73 40.72 40.71 40.72 40.75 40.76 40.77 40.78 40.79 40.8 40.8 40.8 40.8 40.8 40.81 40.81 40.81 40.81 40.82 40.82
40.84 40.83 40.83 40.82 40.82 40.81 40.73 40.69 40.66 40.6 40.58 40.6 40.62 40.59 40.57 40.58 40.54 40.53 40.55 40.6 40.65 40.71 40.7 40.67 40.63 40.62 40.64 40.64 40.67 40.69 40.69 40.69 40.69 40.69 40.69 40.69 40.69 40.69 40.69 40.69 40.69 40.69 40.69 40.69 40.69 40.69 40.69 40.68 40.66 40.65 40.65 40.68 40.73 40.75 40.73 40.71 40.7 40.72 40.74 40.73 40.72 40.72 40.75 40.77 40.78 40.79 40.8 40.8 40.8 40.8 40.8 40.81 40.81 40.81 40.82 40.82 40.82 40.82
40.84 40.84 40.83 40.83 40.82 40.79 40.72 40.69 40.65 40.61 40.6 40.6 40.58 40.58 40.57 40.57 40.55 40.57 40.58 40.59 40.61 40.71 40.7 40.66 40.6 40.63 40.64 40.65 40.67 40.68 40.68 40.69 40.69 40.69 40.69 40.69 40.69 40.69 40.69 40.69 40.69 40.69 40.69 40.69 40.69 40.69 40.69 40.69 40.67 40.66 40.64 40.66 40.71 40.74 40.75 40.73 40.7 40.71 40.73 40.74 40.73 40.72 40.74 40.77 40.78 40.79 40.8 40.8 40.81 40.81 40.81 40.81 40.81 40.81 40.82 40.82 40.82 40.82
40.85 40.84 40.84 40.83 40.82 40.78 40.69 40.66 40.65 40.58 40.61 40.6 40.6 40.62 40.61 40.59 40.58 40.6 40.57 40.58 40.58 40.68 40.68 40.65 40.61 40.64 40.63 40.66 40.68 40.68 40.68 40.68 40.68 40.68 40.68 40.68 40.68 40.68 40.68 40.68 40.68 40.68 40.68 40.68 40.69 40.69 40.69 40.69 40.67 40.66 40.65 40.66 40.7 40.73 40.75 40.73 40.71 40.71 40.73 40.75 40.75 40.74 40.74 40.77 40.78 40.79 40.81 40.81 40.81 40.81 40.81 40.82 40.82 40.82 40.82 40.82 40.82 40.83
40.85 40.84 40.84 40.84 40.82 40.76 40.67 40.62 40.61 40.59 40.61 40.6 40.6 40.61 40.61 40.6 40.62 40.6 40.55 40.56 40.57 40.64 40.66 40.62 40.62 40.65 40.64 40.67 40.68 40.68 40.68 40.68 40.68 40.68 40.68 40.68 40.68 40.68 40.68 40.68 40.68 40.68 40.68 40.68 40.68 40.68 40.68 40.68 40.68 40.67 40.65 40.65 40.67 40.7 40.74 40.74 40.73 40.72 40.72 40.75 40.76 40.76 40.75 40.77 40.78 40.8 40.81 40.81 40.81 40.81 40.81 40.82 40.82 40.82 40.82 40.83 40.83 40.83
40.87 40.87 40.86 40.83 40.79 40.71 40.65 40.61 40.6 40.62 40.64 40.62 40.6 40.57 40.59 40.6 40.64 40.61 40.56 40.58 40.59 40.61 40.64 40.6 40.64 40.65 40.65 40.67 40.68 40.68 40.68 40.68 40.68 40.68 40.68 40.68 40.68 40.68 40.68 40.68 40.68 40.68 40.68 40.68 40.68 40.68 40.68 40.68 40.68 40.68 40.66 40.65 40.65 40.67 40.71 40.75 40.75 40.73 40.72 40.74 40.77 40.77 40.75 40.77 40.79 40.8 40.81 40.81 40.81 40.82 40.82 40.82 40.82 40.82 40.83 40.83 40.83 40.83
40.87 40.88 40.87 40.82 40.75 40.66 40.62 40.6 40.59 40.61 40.62 40.6 40.62 40.57 40.59 40.58 40.64 40.63 40.62 40.6 40.59 40.6 40.61 40.61 40.65 40.64 40.65 40.67 40.67 40.68 40.68 40.68 40.68 40.68 40.68 40.68 40.68 40.68 40.68 40.68 40.68 40.68 40.68 40.68 40.68 40.68 40.68 40.68 40.68 40.68 40.67 40.65 40.64 40.66 40.69 40.74 40.75 40.73 40.71 40.74 40.76 40.77 40.76 40.77 40.79 40.8 40.81 40.81 40.82 40.82 40.82 40.82 40.83 40.83 40.83 40.83 40.83 40.84
40.87 40.86 40.83 40.79 40.71 40.64 40.61 40.58 40.56 40.58 40.59 40.59 40.64 40.62 40.62 40.59 40.65 40.65 40.63 40.61 40.57 40.59 40.6 40.63 40.66 40.64 40.65 40.67 40.67 40.67 40.67 40.67 40.67 40.67 40.67 40.67 40.67 40.67 40.67 40.67 40.67 40.68 40.67 40.67 40.67 40.67 40.67 40.67 40.67 40.67 40.67 40.66 40.64 40.65 40.68 40.73 40.75 40.74 40.72 40.74 40.76 40.78 40.77 40.77 40.79 40.8 40.82 40.82 40.82 40.82 40.82 40.83 40.83 40.83 40.83 40.83 40.84 40.84
40.87 40.85 40.77 40.74 40.67 40.62 40.61 40.59 40.57 40.58 40.61 40.62 40.62 40.63 40.65 40.64 40.61 40.66 40.66 40.63 40.63 40.56 40.58 40.65 40.64 40.65 40.66 40.67 40.67 40.67 40.67 40.67 40.67 40.67 40.67 40.67 40.67 40.67 40.67 40.67 40.67 40.67 40.67 40.67 40.67 40.67 40.67 40.67 40.67 40.67 40.67 40.67 40.65 40.64 40.66 40.71 40.74 40.75 40.73 40.73 40.75 40.77 40.78 40.78 40.79 40.81 40.82 40.82 40.82 40.83 40.83 40.83 40.83 40.83 40.84 40.84 40.84 40.84
40.87 40.83 40.75 40.71 40.62 40.58 40.58 40.59 40.57 40.57 40.6 40.63 40.59 40.58 40.57 40.6 40.59 40.61 40.62 40.64 40.65 40.58 40.59 40.66 40.64 40.66 40.67 40.67 40.67 40.67 40.67 40.67 40.67 40.67 40.67 40.67 40.67 40.67 40.67 40.67 40.67 40.67 40.67 40.67 40.67 40.67 40.67 40.67 40.67 40.67 40.67 40.67 40.66 40.65 40.66 40.7 40.73 40.75 40.74 40.73 40.75 40.77 40.79 40.78 40.79 40.81 40.82 40.82 40.83 40.83 40.83 40.83 40.83 40.84 40.84 40.84 40.84 40.85
40.87 40.79 40.76 40.71 40.6 40.57 40.55 40.57 40.59 40.58 40.61 40.64 40.59 40.6 40.61 40.59 40.59 40.6 40.61 40.64 40.61 40.58 40.59 40.62 40.64 40.66 40.67 40.66 40.66 40.66 40.66 40.66 40.66 40.66 40.66 40.66 40.66 40.67 40.67 40.67 40.67 40.67 40.67 40.67 40.67 40.67 40.67 40.67 40.67 40.67 40.67 40.67 40.67 40.66 40.64 40.68 40.71 40.74 40.75 40.73 40.74 40.76 40.79 40.8 40.79 40.81 40.82 40.83 40.83 40.83 40.83 40.84 40.84 40.84 40.84 40.84 40.84 40.84
40.86 40.75 40.72 40.67 40.6 40.54 40.51 40.55 40.61 40.62 40.61 40.61 40.6 40.58 40.59 40.59 40.59 40.56 40.53 40.6 40.59 40.57 40.55 40.58 40.64 40.66 40.66 40.66 40.66 40.66 40.66 40.66 40.66 40.66 40.66 40.66 40.66 40.66 40.66 40.67 40.67 40.67 40.67 40.67 40.67 40.67 40.67 40.67 40.67 40.67 40.67 40.67 40.67 40.66 40.64 40.66 40.69 40.73 40.75 40.74 40.73 40.75 40.78 40.81 40.8 40.82 40.83 40.83 40.83 40.84 40.84 40.84 40.84 40.85 40.85 40.85 40.84 40.82
40.82 40.74 40.66 40.64 40.63 40.59 40.55 40.54 40.55 40.62 40.63 40.62 40.64 40.59 40.59 40.62 40.62 40.59 40.56 40.59 40.58 40.57 40.56 40.59 40.63 40.66 40.66 40.66 40.66 40.66 40.66 40.66 40.66 40.66 40.66 40.66 40.66 40.66 40.66 40.66 40.66 40.66 40.66 40.66 40.66 40.66 40.66 40.66 40.66 40.66 40.66 40.66 40.67 40.67 40.65 40.65 40.67 40.72 40.75 40.76 40.74 40.75 40.77 40.8 40.81 40.81 40.83 40.84 40.84 40.84 40.84 40.84 40.84 40.85 40.85 40.84 40.83 40.81
40.76 40.7 40.66 40.59 40.6 40.63 40.61 40.62 40.6 40.61 40.63 40.63 40.63 40.61 40.63 40.61 40.59 40.57 40.57 40.59 40.59 40.59 40.58 40.6 40.62 40.65 40.66 40.66 40.66 40.66 40.66 40.66 40.66 40.66 40.66 40.66 40.66 40.66 40.66 40.66 40.66 40.66 40.66 40.66 40.66 40.66 40.66 40.66 40.66 40.66 40.66 40.66 40.66 40.66 40.66 40.64 40.66 40.7 40.73 40.75 40.74 40.74 40.77 40.79 40.81 40.82 40.83 40.84 40.84 40.84 40.85 40.85 40.85 40.85 40.84 40.83 40.82 40.8
40.74 40.68 40.65 40.6 40.61 40.64 40.64 40.63 40.65 40.63 40.62 40.65 40.65 40.61 40.65 40.64 40.59 40.56 40.56 40.58 40.58 40.59 40.57 40.59 40.6 40.64 40.67 40.66 40.66 40.66 40.66 40.66 40.66 40.66 40.66 40.66 40.66 40.66 40.66 40.66 40.66 40.66 40.66 40.66 40.66 40.66 40.66 40.66 40.66 40.66 40.66 40.66 40.66 40.66 40.66 40.65 40.65 40.67 40.72 40.74 40.74 40.75 40.77 40.78 40.8 40.83 40.84 40.84 40.84 40.84 40.85 40.85 40.85 40.84 40.83 40.82 40.81 40.79
