slabs/83.grd
DSAA
631 301
647040 647670
4946600 4946900
34.65 46.51
[rows 34 to 67 of 300, columns 156 to 233 of 631]
40.12 40.16 40.17 40.19 40.21 40.19 40.17 40.14 40.14 40.09 40.07 40.04 40.06 40.16 40.31 40.52 40.77 40.81 40.81 40.78 40.78 40.75 40.73 40.75 40.74 40.72 40.7 40.65 40.57 40.4 40.41 40.43 40.36 40.3 40.25 40.18 40.15 40.14 40.15 40.13 40.13 40.15 40.16 40.11 40.12 40.1 40.11 40.09 40.07 40.06 40.09 40.11 40.09 40.06 40.05 40.08 40.09 40.06 40.04 40.02 40.02 40 39.95 39.86 39.65 39.35 38.84 38.81 39.16 39.5 39.77 40.09 40.28 40.32 40.34 40.33 40.31 40.29
40.07 40.15 40.16 40.18 40.2 40.2 40.22 40.2 40.17 40.08 40.06 40.08 40.07 40.12 40.16 40.33 40.7 40.74 40.76 40.75 40.7 40.63 40.59 40.62 40.57 40.5 40.46 40.38 40.31 40.22 40.25 40.25 40.18 40.16 40.16 40.14 40.13 40.12 40.14 40.13 40.14 40.14 40.14 40.13 40.14 40.13 40.11 40.09 40.09 40.09 40.09 40.07 40.08 40.06 40.09 40.08 40.11 40.12 40.14 40.04 40.02 40 39.97 39.99 39.93 39.65 39.18 38.85 38.84 39.13 39.5 39.81 40.1 40.26 40.3 40.31 40.31 40.32
40.01 40.1 40.15 40.17 40.17 40.21 40.22 40.21 40.19 40.13 40.1 40.09 40.1 40.12 40.12 40.23 40.54 40.71 40.75 40.67 40.54 40.42 40.36 40.38 40.3 40.27 40.24 40.16 40.16 40.13 40.15 40.15 40.12 40.12 40.13 40.13 40.13 40.13 40.14 40.13 40.13 40.11 40.12 40.15 40.14 40.14 40.12 40.12 40.12 40.11 40.09 40.09 40.09 40.1 40.11 40.14 40.13 40.15 40.15 40.04 40.01 40 39.97 39.99 39.96 39.8 39.48 39.17 39.07 39.02 39.11 39.44 39.79 40.04 40.21 40.28 40.28 40.29
40.03 40.09 40.12 40.1 40.11 40.15 40.17 40.18 40.16 40.14 40.11 40.09 40.1 40.12 40.11 40.17 40.39 40.51 40.53 40.47 40.35 40.26 40.18 40.19 40.15 40.16 40.15 40.12 40.13 40.12 40.1 40.11 40.12 40.1 40.11 40.11 40.11 40.12 40.1 40.12 40.14 40.11 40.13 40.16 40.14 40.14 40.15 40.13 40.11 40.13 40.11 40.09 40.11 40.13 40.12 40.15 40.13 40.14 40.14 40.07 39.99 39.99 39.97 39.99 39.96 39.89 39.76 39.62 39.51 39.19 38.97 39.13 39.44 39.81 40.11 40.24 40.24 40.23
40.01 40.09 40.11 40.08 40.09 40.13 40.14 40.15 40.18 40.16 40.13 40.09 40.1 40.13 40.13 40.13 40.25 40.26 40.26 40.24 40.17 40.16 40.11 40.13 40.13 40.13 40.14 40.12 40.11 40.15 40.11 40.09 40.14 40.13 40.13 40.11 40.1 40.12 40.1 40.11 40.09 40.11 40.14 40.16 40.15 40.15 40.13 40.16 40.14 40.16 40.18 40.13 40.12 40.14 40.15 40.15 40.13 40.15 40.13 40.13 40.04 40.02 40 40 39.97 39.94 39.91 39.85 39.78 39.41 39.08 38.99 39.19 39.61 40.03 40.23 40.25 40.22
39.95 40.06 40.09 40.08 40.07 40.08 40.09 40.09 40.15 40.18 40.15 40.09 40.1 40.12 40.13 40.11 40.15 40.13 40.13 40.11 40.08 40.1 40.09 40.12 40.14 40.12 40.14 40.12 40.12 40.16 40.12 40.1 40.11 40.13 40.11 40.12 40.11 40.13 40.12 40.09 40.09 40.11 40.12 40.15 40.16 40.13 40.13 40.15 40.16 40.15 40.14 40.13 40.11 40.12 40.14 40.16 40.16 40.16 40.16 40.16 40.07 40.05 40.02 39.99 39.97 39.94 39.92 39.89 39.84 39.57 39.22 38.98 39.01 39.35 39.92 40.21 40.24 40.22
39.88 40.01 40.06 40.08 40.05 40.04 40.04 40.02 40.09 40.16 40.13 40.08 40.07 40.09 40.09 40.11 40.11 40.1 40.12 40.1 40.11 40.1 40.09 40.1 40.13 40.11 40.12 40.07 40.09 40.08 40.1 40.11 40.11 40.13 40.09 40.1 40.12 40.11 40.12 40.08 40.1 40.11 40.09 40.12 40.14 40.11 40.13 40.14 40.16 40.15 40.14 40.16 40.14 40.13 40.15 40.18 40.2 40.18 40.2 40.19 40.12 40.04 40.01 39.98 39.96 39.92 39.92 39.92 39.88 39.75 39.41 39.04 38.93 39.1 39.62 39.9 40.09 40.19
39.8 39.98 40.04 40.06 40.03 40.02 40.02 40.02 40.04 40.1 40.09 40.06 40.04 40.05 40.07 40.08 40.09 40.1 40.08 40.09 40.08 40.06 40.09 40.08 40.11 40.1 40.09 40.09 40.08 40.1 40.1 40.11 40.13 40.1 40.06 40.11 40.14 40.15 40.16 40.13 40.11 40.11 40.1 40.12 40.11 40.11 40.12 40.12 40.15 40.16 40.16 40.18 40.18 40.17 40.17 40.2 40.23 40.2 40.22 40.24 40.19 40.02 39.98 39.97 39.94 39.91 39.92 39.94 39.92 39.84 39.61 39.31 39.07 38.82 39.33 39.67 39.94 40.11
39.71 39.94 40.01 40.02 40.02 40.01 39.99 40.01 40.03 40.04 40.06 40.04 40.02 40.04 40.05 40.05 40.08 40.07 40.08 40.07 40.07 40.05 40.1 40.12 40.11 40.1 40.08 40.13 40.1 40.08 40.04 40.08 40.12 40.09 40.12 40.13 40.12 40.14 40.16 40.13 40.13 40.11 40.14 40.15 40.13 40.12 40.1 40.12 40.16 40.18 40.17 40.2 40.21 40.2 40.2 40.23 40.23 40.22 40.25 40.23 40.18 40.06 40 39.95 39.92 39.93 39.91 39.9 39.9 39.86 39.77 39.55 39.36 39.1 39.04 39.32 39.68 40.04
39.74 39.93 39.98 39.98 40 39.98 39.96 39.99 40.03 40.05 40.06 40.03 40.01 40.01 40.02 40.04 40.03 40.02 40.03 40.05 40.06 40.07 40.1 40.12 40.1 40.1 40.11 40.12 40.13 40.11 40.09 40.12 40.14 40.12 40.16 40.14 40.12 40.13 40.14 40.11 40.13 40.12 40.16 40.17 40.16 40.14 40.13 40.17 40.2 40.19 40.2 40.22 40.2 40.23 40.21 40.23 40.24 40.26 40.28 40.26 40.24 40.14 40.09 40.04 39.99 39.93 39.94 39.93 39.92 39.89 39.84 39.78 39.71 39.37 39.01 39 39.31 39.88
39.89 39.95 39.96 39.95 39.97 39.95 39.93 39.96 40.01 40.02 40 40 40.01 40.02 40.03 40.02 40.03 40.03 40.05 40.07 40.08 40.08 40.11 40.13 40.14 40.13 40.13 40.12 40.15 40.13 40.12 40.14 40.12 40.12 40.14 40.13 40.13 40.12 40.12 40.1 40.13 40.13 40.16 40.17 40.17 40.17 40.18 40.21 40.24 40.2 40.22 40.23 40.24 40.26 40.22 40.23 40.24 40.25 40.28 40.29 40.29 40.23 40.15 40.09 40.04 39.97 39.94 39.94 39.93 39.89 39.87 39.84 39.81 39.64 39.27 38.97 38.99 39.57
39.88 39.91 39.92 39.94 39.95 39.97 39.96 39.94 39.99 40 39.98 40.02 40.02 40 40.02 39.99 40.01 40.07 40.07 40.05 40.07 40.08 40.11 40.19 40.27 40.27 40.19 40.16 40.16 40.14 40.13 40.13 40.11 40.11 40.11 40.13 40.14 40.12 40.13 40.13 40.16 40.14 40.19 40.18 40.19 40.2 40.19 40.21 40.23 40.22 40.23 40.23 40.23 40.26 40.27 40.29 40.29 40.31 40.31 40.31 40.33 40.32 40.22 40.14 40.05 39.97 39.94 39.94 39.92 39.85 39.83 39.84 39.82 39.76 39.5 39.22 38.96 39.12
39.88 39.87 39.89 39.92 39.92 39.94 39.94 39.95 39.98 40 39.98 40.01 40.01 40.01 40.03 40 40.03 40.04 40.02 40.03 40.05 40.07 40.1 40.17 40.26 40.3 40.21 40.18 40.16 40.14 40.13 40.13 40.12 40.13 40.12 40.13 40.13 40.16 40.16 40.17 40.18 40.17 40.2 40.19 40.2 40.23 40.19 40.23 40.24 40.21 40.24 40.27 40.28 40.3 40.34 40.37 40.35 40.32 40.28 40.28 40.32 40.36 40.31 40.23 40.13 39.99 39.92 39.92 39.9 39.87 39.85 39.84 39.85 39.81 39.67 39.5 39.14 38.85
39.88 39.88 39.89 39.92 39.94 39.94 39.95 39.94 39.96 39.96 39.97 40.01 40.01 40.02 40 39.98 39.97 39.97 39.99 40.02 40.04 40.06 40.09 40.12 40.16 40.22 40.2 40.17 40.15 40.13 40.15 40.17 40.16 40.16 40.17 40.16 40.16 40.18 40.19 40.18 40.17 40.21 40.2 40.18 40.19 40.25 40.24 40.27 40.26 40.29 40.33 40.36 40.38 40.37 40.35 40.34 40.32 40.29 40.26 40.24 40.24 40.29 40.3 40.2 40.08 39.99 39.94 39.91 39.89 39.9 39.92 39.89 39.9 39.9 39.83 39.73 39.42 38.95
39.88 39.87 39.88 39.91 39.95 39.97 39.98 39.98 39.97 39.98 39.99 40.01 40.01 40.01 39.99 39.95 39.93 39.95 39.98 40.02 40.04 40.06 40.09 40.12 40.14 40.16 40.2 40.18 40.16 40.15 40.15 40.18 40.22 40.21 40.21 40.19 40.18 40.2 40.22 40.25 40.23 40.2 40.23 40.23 40.24 40.26 40.3 40.32 40.29 40.32 40.36 40.38 40.4 40.37 40.35 40.32 40.29 40.26 40.22 40.19 40.17 40.17 40.17 40.12 40.06 40.02 39.98 39.95 39.93 39.9 39.93 39.94 39.97 39.97 39.95 39.88 39.67 39.25
39.81 39.78 39.82 39.9 39.93 39.94 39.96 39.98 40 40.01 40.02 40.01 40.01 40 39.99 39.96 39.93 39.96 39.99 40.02 40.04 40.06 40.09 40.12 40.15 40.16 40.23 40.24 40.19 40.17 40.17 40.19 40.22 40.23 40.22 40.21 40.2 40.19 40.23 40.23 40.24 40.23 40.23 40.26 40.26 40.27 40.29 40.29 40.29 40.3 40.31 40.33 40.35 40.32 40.33 40.32 40.3 40.25 40.19 40.16 40.13 40.1 40.08 40.06 40.08 40.03 39.98 39.96 39.96 39.92 39.93 39.96 40.01 39.98 39.96 39.9 39.76 39.53
39.82 39.82 39.85 39.88 39.91 39.93 39.96 39.99 40.01 40.03 40.03 40.02 40.02 40.01 39.98 39.95 39.94 39.97 40 40.04 40.05 40.07 40.1 40.13 40.15 40.17 40.21 40.23 40.2 40.19 40.18 40.19 40.22 40.26 40.26 40.24 40.23 40.21 40.23 40.25 40.27 40.28 40.28 40.29 40.28 40.27 40.28 40.28 40.29 40.28 40.28 40.28 40.3 40.27 40.27 40.29 40.31 40.28 40.22 40.18 40.12 40.08 40.05 40.04 40.06 39.99 39.94 39.94 39.96 39.97 39.97 40 40.03 39.99 39.96 39.94 39.86 39.69
39.84 39.88 39.9 39.88 39.91 39.95 39.98 39.99 40.01 40.03 40.04 40.04 40.04 40.02 39.98 39.96 39.94 39.97 40.02 40.05 40.07 40.08 40.11 40.14 40.16 40.17 40.19 40.19 40.2 40.2 40.21 40.2 40.21 40.27 40.27 40.25 40.25 40.23 40.26 40.27 40.29 40.3 40.3 40.3 40.29 40.27 40.28 40.29 40.29 40.28 40.27 40.27 40.26 40.24 40.24 40.24 40.26 40.28 40.26 40.22 40.14 40.07 40.03 40.01 40.02 39.96 39.92 39.95 39.97 40 40.01 40.03 40.02 40.02 40.01 39.98 39.94 39.85
39.84 39.87 39.9 39.91 39.94 39.97 39.99 39.99 40.02 40.03 40.06 40.05 40.05 40.03 39.99 39.96 39.94 39.99 40.03 40.06 40.08 40.1 40.13 40.15 40.16 40.18 40.2 40.19 40.2 40.23 40.25 40.24 40.26 40.29 40.27 40.25 40.26 40.26 40.28 40.29 40.3 40.31 40.3 40.3 40.29 40.28 40.29 40.3 40.29 40.27 40.27 40.27 40.26 40.25 40.24 40.22 40.22 40.23 40.24 40.25 40.18 40.08 40.03 40 39.99 39.93 39.9 39.95 40.01 40.03 40.02 40.02 40.09 40.14 40.11 40.03 39.97 39.92
39.84 39.85 39.88 39.92 39.97 39.98 39.97 40 40.03 40.04 40.07 40.07 40.07 40.05 39.99 39.96 39.95 39.99 40.04 40.08 40.09 40.11 40.14 40.16 40.17 40.2 40.22 40.23 40.22 40.24 40.27 40.3 40.31 40.3 40.28 40.27 40.27 40.28 40.3 40.31 40.32 40.3 40.3 40.3 40.29 40.28 40.29 40.29 40.28 40.27 40.27 40.27 40.26 40.25 40.24 40.24 40.22 40.19 40.2 40.22 40.22 40.14 40.07 40 39.95 39.92 39.89 39.98 40.07 40.08 40.08 40.08 40.1 40.12 40.14 40.12 40.04 39.99
39.84 39.84 39.89 39.91 39.96 39.95 39.98 40.01 40.03 40.04 40.07 40.08 40.08 40.06 39.99 39.96 39.95 39.99 40.05 40.09 40.1 40.12 40.15 40.17 40.19 40.21 40.24 40.25 40.25 40.26 40.28 40.31 40.33 40.32 40.3 40.28 40.28 40.29 40.31 40.32 40.32 40.3 40.3 40.3 40.29 40.28 40.28 40.29 40.28 40.27 40.27 40.26 40.26 40.24 40.24 40.24 40.23 40.21 40.18 40.16 40.19 40.19 40.15 40.08 39.98 40.02 40.05 40.11 40.12 40.11 40.11 40.1 40.1 40.1 40.12 40.15 40.12 40.08
39.83 39.84 39.89 39.88 39.91 39.95 39.98 40.01 40.04 40.05 40.08 40.09 40.09 40.07 40.02 39.97 39.95 40 40.07 40.09 40.11 40.14 40.17 40.18 40.2 40.23 40.26 40.27 40.27 40.27 40.29 40.31 40.34 40.33 40.31 40.3 40.29 40.3 40.32 40.33 40.33 40.3 40.3 40.3 40.29 40.28 40.28 40.28 40.27 40.27 40.27 40.26 40.25 40.24 40.23 40.23 40.23 40.22 40.21 40.19 40.15 40.15 40.16 40.14 40.04 40.02 40.09 40.18 40.17 40.14 40.15 40.12 40.1 40.09 40.09 40.11 40.12 40.11
39.81 39.83 39.89 39.9 39.93 39.97 40 40.02 40.04 40.06 40.09 40.1 40.1 40.09 40.04 39.97 39.96 40.01 40.08 40.12 40.13 40.15 40.17 40.2 40.22 40.25 40.27 40.28 40.28 40.28 40.29 40.31 40.34 40.34 40.32 40.31 40.3 40.31 40.33 40.34 40.33 40.3 40.3 40.3 40.29 40.28 40.28 40.28 40.27 40.27 40.27 40.26 40.24 40.24 40.23 40.23 40.22 40.22 40.22 40.2 40.18 40.14 40.11 40.11 40.1 40.07 40.11 40.19 40.17 40.12 40.12 40.1 40.08 40.07 40.06 40.08 40.1 40.11
39.81 39.83 39.88 39.91 39.94 39.97 40 40.03 40.04 40.06 40.09 40.11 40.11 40.09 40.07 40.01 39.98 40.02 40.1 40.13 40.14 40.14 40.18 40.22 40.24 40.26 40.28 40.28 40.28 40.29 40.29 40.31 40.35 40.34 40.32 40.32 40.31 40.33 40.34 40.34 40.33 40.3 40.3 40.3 40.28 40.28 40.28 40.28 40.27 40.26 40.26 40.26 40.24 40.24 40.23 40.23 40.22 40.21 40.21 40.2 40.19 40.17 40.15 40.14 40.12 40.1 40.12 40.17 40.16 40.08 40.08 40.08 40.08 40.06 40.06 40.06 40.08 40.1
39.82 39.81 39.86 39.9 39.93 39.96 40 40.03 40.05 40.07 40.1 40.12 40.13 40.12 40.09 40.06 40.02 40.04 40.11 40.11 40.12 40.15 40.21 40.24 40.26 40.27 40.29 40.29 40.29 40.3 40.3 40.31 40.35 40.35 40.33 40.33 40.32 40.34 40.34 40.34 40.33 40.3 40.3 40.3 40.28 40.28 40.28 40.28 40.27 40.26 40.26 40.25 40.24 40.23 40.23 40.23 40.22 40.21 40.2 40.2 40.19 40.19 40.17 40.17 40.15 40.12 40.13 40.18 40.17 40.09 40.07 40.07 40.09 40.06 40.07 40.07 40.07 40.08
39.83 39.82 39.88 39.92 39.93 39.95 40.01 40.05 40.06 40.09 40.11 40.14 40.15 40.12 40.09 40.08 40.07 40.08 40.12 40.11 40.13 40.2 40.24 40.25 40.27 40.28 40.29 40.29 40.3 40.3 40.31 40.32 40.34 40.36 40.34 40.34 40.33 40.34 40.34 40.34 40.33 40.31 40.3 40.3 40.28 40.28 40.28 40.28 40.27 40.26 40.26 40.25 40.24 40.23 40.23 40.22 40.21 40.21 40.2 40.2 40.19 40.19 40.18 40.17 40.16 40.14 40.15 40.21 40.18 40.12 40.09 40.09 40.09 40.06 40.08 40.1 40.09 40.07
39.86 39.87 39.89 39.93 39.95 39.98 40.02 40.05 40.06 40.08 40.11 40.14 40.17 40.13 40.09 40.08 40.11 40.12 40.14 40.13 40.18 40.22 40.25 40.26 40.27 40.29 40.3 40.3 40.31 40.31 40.32 40.32 40.34 40.36 40.34 40.34 40.34 40.36 40.36 40.35 40.33 40.31 40.3 40.3 40.28 40.28 40.28 40.27 40.26 40.25 40.25 40.25 40.24 40.23 40.23 40.22 40.21 40.2 40.2 40.2 40.18 40.18 40.18 40.16 40.16 40.16 40.15 40.2 40.18 40.13 40.1 40.12 40.11 40.06 40.07 40.09 40.11 40.09
39.89 39.88 39.89 39.92 39.94 39.97 39.99 40.01 40.03 40.06 40.1 40.13 40.16 40.15 40.1 40.09 40.13 40.15 40.17 40.2 40.21 40.24 40.26 40.27 40.28 40.3 40.3 40.3 40.31 40.32 40.33 40.33 40.34 40.37 40.35 40.35 40.35 40.36 40.37 40.35 40.33 40.31 40.3 40.29 40.28 40.28 40.28 40.27 40.26 40.25 40.25 40.24 40.23 40.23 40.22 40.22 40.2 40.2 40.2 40.19 40.18 40.17 40.17 40.16 40.17 40.16 40.18 40.18 40.17 40.12 40.12 40.14 40.11 40.08 40.09 40.09 40.09 40.08
39.91 39.88 39.89 39.92 39.9 39.9 39.93 39.96 39.98 40.03 40.08 40.11 40.14 40.17 40.14 40.13 40.18 40.19 40.19 40.24 40.23 40.25 40.27 40.28 40.29 40.31 40.31 40.31 40.32 40.33 40.33 40.33 40.35 40.38 40.36 40.36 40.36 40.37 40.37 40.35 40.33 40.31 40.3 40.29 40.28 40.28 40.27 40.27 40.25 40.25 40.25 40.24 40.23 40.23 40.22 40.22 40.2 40.2 40.2 40.19 40.18 40.17 40.17 40.17 40.19 40.2 40.21 40.19 40.17 40.13 40.12 40.14 40.1 40.09 40.08 40.1 40.09 40.09
39.94 39.91 39.9 39.94 39.9 39.87 39.88 39.92 39.95 40 40.05 40.08 40.12 40.16 40.15 40.13 40.16 40.15 40.18 40.23 40.21 40.25 40.27 40.28 40.3 40.31 40.31 40.32 40.32 40.33 40.34 40.34 40.35 40.38 40.38 40.37 40.38 40.37 40.37 40.35 40.33 40.31 40.3 40.29 40.28 40.28 40.27 40.26 40.25 40.24 40.24 40.23 40.23 40.23 40.22 40.21 40.2 40.2 40.19 40.19 40.17 40.18 40.17 40.2 40.23 40.24 40.24 40.19 40.16 40.14 40.13 40.14 40.12 40.11 40.11 40.1 40.07 40.07
39.96 39.92 39.93 40 39.95 39.9 39.87 39.89 39.93 39.98 40.03 40.07 40.1 40.16 40.18 40.18 40.14 40.13 40.15 40.22 40.18 40.25 40.28 40.29 40.31 40.32 40.32 40.33 40.33 40.34 40.35 40.36 40.36 40.39 40.39 40.38 40.39 40.38 40.37 40.35 40.33 40.31 40.3 40.29 40.28 40.28 40.27 40.26 40.25 40.24 40.24 40.23 40.23 40.22 40.22 40.2 40.2 40.2 40.19 40.18 40.18 40.19 40.21 40.23 40.24 40.23 40.23 40.21 40.17 40.16 40.15 40.16 40.14 40.11 40.11 40.07 40.05 40.07
39.97 39.92 39.93 40 39.93 39.88 39.85 39.88 39.91 39.96 40.03 40.07 40.12 40.15 40.16 40.16 40.14 40.15 40.15 40.21 40.18 40.22 40.28 40.31 40.32 40.33 40.34 40.34 40.35 40.35 40.36 40.37 40.37 40.39 40.4 40.39 40.4 40.38 40.37 40.36 40.33 40.32 40.31 40.29 40.28 40.28 40.27 40.26 40.24 40.24 40.24 40.23 40.22 40.22 40.22 40.2 40.2 40.2 40.19 40.19 40.21 40.22 40.24 40.23 40.23 40.24 40.27 40.22 40.15 40.15 40.16 40.16 40.15 40.13 40.1 40.06 40.05 40.07
40 39.98 39.92 39.89 39.9 39.88 39.85 39.89 39.94 40 40.06 40.08 40.11 40.14 40.16 40.17 40.14 40.16 40.16 40.16 40.19 40.2 40.21 40.28 40.32 40.34 40.35 40.35 40.36 40.36 40.37 40.37 40.38 40.39 40.41 40.4 40.4 40.39 40.37 40.36 40.33 40.32 40.31 40.29 40.28 40.28 40.26 40.26 40.24 40.24 40.24 40.23 40.22 40.22 40.21 40.2 40.2 40.2 40.19 40.22 40.24 40.24 40.23 40.25 40.27 40.29 40.32 40.31 40.26 40.19 40.14 40.15 40.17 40.14 40.1 40.07 40.06 40.07
40.01 39.98 39.94 39.9 39.91 39.87 39.84 39.9 39.97 40.02 40.07 40.09 40.12 40.16 40.21 40.19 40.15 40.16 40.18 40.16 40.19 40.2 40.19 40.26 40.33 40.35 40.35 40.36 40.37 40.37 40.38 40.38 40.39 40.4 40.41 40.41 40.4 40.39 40.37 40.36 40.33 40.32 40.31 40.29 40.28 40.28 40.26 40.26 40.24 40.24 40.23 40.22 40.22 40.22 40.21 40.2 40.2 40.2 40.22 40.24 40.23 40.24 40.26 40.3 40.31 40.32 40.33 40.33 40.32 40.23 40.14 40.14 40.16 40.14 40.11 40.08 40.06 40.07
