slabs/83.grd
DSAA
631 301
647040 647670
4946600 4946900
34.65 46.51
[rows 238 to 271 of 300, columns 546 to 623 of 631]
40.49 40.47 40.42 40.36 40.33 40.31 40.28 40.26 40.24 40.23 40.25 40.26 40.22 40.22 40.12 40.13 40.14 40.11 40.07 40.08 40.06 40.06 40.11 40.03 39.84 39.57 39.16 38.91 38.85 39.07 39.19 39.18 39.26 39.33 39.31 39.3 39.26 39.23 39.21 39.22 39.2 39.15 39.18 39.19 39.14 39.14 39.14 39.16 39.15 39.14 39.11 39.15 39.17 39.22 39.24 39.24 39.2 39.14 39.14 39.13 39.13 39.14 39.13 39.12 39.11 39.04 39.05 39.1 39.15 39.18 39.2 39.23 39.27 39.31 39.29 39.31 39.41 39.51
40.51 40.47 40.39 40.35 40.32 40.31 40.28 40.24 40.22 40.22 40.28 40.29 40.24 40.19 40.12 40.13 40.14 40.13 40.09 40.08 40.05 40.01 40.07 39.97 39.77 39.5 39.16 38.88 38.86 39.12 39.18 39.21 39.26 39.25 39.21 39.23 39.23 39.18 39.21 39.19 39.16 39.14 39.15 39.12 39.12 39.12 39.13 39.15 39.16 39.13 39.1 39.15 39.17 39.2 39.2 39.17 39.13 39.11 39.13 39.15 39.14 39.1 39.07 39.06 39.04 39.02 39.06 39.12 39.18 39.22 39.24 39.27 39.31 39.35 39.33 39.31 39.37 39.44
40.51 40.45 40.32 40.31 40.3 40.3 40.27 40.24 40.22 40.21 40.27 40.29 40.24 40.18 40.14 40.1 40.1 40.11 40.06 40.06 40.08 40.01 40.05 39.85 39.6 39.33 39.11 38.94 38.98 39.2 39.22 39.22 39.25 39.29 39.22 39.17 39.21 39.2 39.17 39.16 39.15 39.16 39.12 39.09 39.11 39.11 39.11 39.13 39.12 39.11 39.12 39.15 39.15 39.17 39.16 39.13 39.11 39.14 39.17 39.2 39.2 39.08 39.03 39.01 38.98 39.02 39.08 39.15 39.22 39.25 39.27 39.31 39.35 39.38 39.35 39.31 39.36 39.39
40.48 40.41 40.29 40.28 40.28 40.27 40.27 40.24 40.23 40.2 40.21 40.23 40.2 40.18 40.12 40.07 40.05 40.06 40.1 40.11 40.08 40.01 39.92 39.57 39.29 39.17 39.1 39.08 39.07 39.17 39.26 39.25 39.26 39.28 39.21 39.14 39.19 39.16 39.13 39.13 39.13 39.11 39.09 39.09 39.09 39.09 39.09 39.1 39.08 39.1 39.13 39.13 39.12 39.15 39.15 39.14 39.14 39.17 39.2 39.24 39.27 39.12 39.02 38.97 38.95 39.03 39.09 39.16 39.26 39.29 39.31 39.35 39.39 39.41 39.37 39.32 39.34 39.37
40.42 40.39 40.31 40.25 40.27 40.28 40.25 40.2 40.22 40.21 40.15 40.17 40.16 40.16 40.16 40.1 40.07 40.07 40.08 40.09 40.06 39.86 39.45 39.1 38.94 38.99 39.02 39.05 39.13 39.22 39.27 39.29 39.26 39.22 39.2 39.18 39.15 39.11 39.12 39.11 39.07 39.06 39.08 39.09 39.08 39.09 39.09 39.08 39.08 39.1 39.13 39.13 39.15 39.18 39.19 39.19 39.2 39.2 39.23 39.27 39.32 39.21 39.1 38.97 38.96 39.02 39.07 39.17 39.28 39.3 39.33 39.38 39.42 39.43 39.39 39.36 39.36 39.37
40.36 40.37 40.3 40.21 40.25 40.3 40.26 40.21 40.24 40.23 40.25 40.19 40.15 40.15 40.15 40.14 40.12 40.09 40.05 40.05 40.05 39.84 39.32 38.92 38.86 38.96 39.03 39.07 39.14 39.25 39.28 39.28 39.24 39.19 39.15 39.15 39.1 39.06 39.08 39.08 39.06 39.05 39.08 39.09 39.1 39.13 39.12 39.1 39.1 39.11 39.13 39.16 39.21 39.23 39.23 39.23 39.24 39.25 39.26 39.29 39.37 39.34 39.25 39.13 38.99 39.02 39.08 39.19 39.3 39.32 39.34 39.37 39.41 39.43 39.38 39.41 39.39 39.38
40.32 40.32 40.31 40.28 40.27 40.3 40.27 40.26 40.26 40.21 40.22 40.24 40.19 40.11 40.11 40.12 40.11 40.09 40.06 40.04 40.03 39.9 39.42 39.05 38.96 39.02 39.11 39.15 39.17 39.23 39.26 39.26 39.21 39.17 39.09 39.1 39.07 39.05 39.06 39.07 39.08 39.07 39.1 39.11 39.14 39.15 39.14 39.11 39.12 39.12 39.16 39.17 39.23 39.27 39.27 39.28 39.28 39.27 39.27 39.29 39.38 39.37 39.26 39.11 39.01 39.05 39.1 39.21 39.32 39.36 39.36 39.38 39.39 39.41 39.38 39.44 39.42 39.41
40.28 40.27 40.32 40.32 40.34 40.31 40.2 40.18 40.2 40.23 40.21 40.22 40.24 40.12 40.07 40.09 40.11 40.08 40.07 40.07 40.04 39.88 39.43 39.17 39.08 39.07 39.15 39.2 39.19 39.21 39.26 39.25 39.2 39.15 39.08 39.08 39.06 39.05 39.06 39.07 39.07 39.08 39.13 39.13 39.15 39.13 39.11 39.09 39.08 39.09 39.11 39.14 39.19 39.24 39.27 39.31 39.25 39.18 39.21 39.27 39.38 39.34 39.27 39.14 39.09 39.15 39.2 39.28 39.36 39.4 39.41 39.43 39.41 39.42 39.39 39.43 39.41 39.4
40.28 40.31 40.32 40.29 40.33 40.28 40.23 40.24 40.22 40.24 40.22 40.18 40.2 40.16 40.07 40.08 40.08 40.06 40.06 40.07 40.01 39.77 39.38 39.16 39.04 39.05 39.15 39.2 39.18 39.19 39.22 39.23 39.19 39.14 39.09 39.07 39.04 39.07 39.09 39.08 39.07 39.1 39.13 39.14 39.13 39.15 39.17 39.06 39.04 39.12 39.17 39.21 39.25 39.28 39.31 39.34 39.3 39.26 39.29 39.36 39.43 39.39 39.32 39.2 39.19 39.31 39.39 39.42 39.42 39.43 39.44 39.44 39.42 39.41 39.38 39.39 39.39 39.37
40.25 40.3 40.32 40.29 40.29 40.26 40.23 40.24 40.25 40.28 40.23 40.17 40.17 40.11 40.06 40.07 40.07 40.08 40.12 40.1 39.96 39.69 39.35 39.18 39.03 39.08 39.18 39.2 39.14 39.13 39.14 39.15 39.14 39.11 39.08 39.05 39.02 39.1 39.12 39.09 39.06 39.1 39.12 39.14 39.08 39.15 39.18 39.14 39.09 39.14 39.19 39.24 39.29 39.32 39.34 39.37 39.32 39.31 39.35 39.42 39.51 39.5 39.43 39.28 39.33 39.46 39.48 39.46 39.43 39.44 39.44 39.41 39.41 39.39 39.37 39.37 39.41 39.39
40.31 40.29 40.3 40.28 40.27 40.24 40.23 40.25 40.18 40.22 40.18 40.14 40.15 40.12 40.08 40.08 40.1 40.12 40.15 40.11 39.91 39.61 39.29 39.24 39.18 39.2 39.2 39.17 39.08 39.07 39.06 39.06 39.07 39.07 39.06 39.05 39.07 39.17 39.18 39.15 39.15 39.15 39.14 39.14 39.13 39.22 39.24 39.19 39.13 39.17 39.22 39.28 39.32 39.35 39.37 39.39 39.38 39.41 39.41 39.44 39.51 39.52 39.48 39.36 39.4 39.48 39.47 39.44 39.42 39.45 39.44 39.41 39.39 39.38 39.38 39.4 39.44 39.43
40.35 40.33 40.3 40.26 40.27 40.23 40.25 40.27 40.19 40.19 40.17 40.14 40.13 40.13 40.11 40.12 40.1 40.09 40.08 39.98 39.78 39.45 39.23 39.21 39.26 39.26 39.2 39.14 39.03 39.08 39.12 39.11 39.06 39.07 39.1 39.1 39.16 39.24 39.25 39.24 39.26 39.24 39.2 39.14 39.17 39.32 39.35 39.3 39.22 39.21 39.26 39.34 39.39 39.41 39.43 39.43 39.45 39.48 39.46 39.44 39.47 39.5 39.5 39.43 39.41 39.43 39.44 39.42 39.42 39.45 39.42 39.38 39.36 39.35 39.4 39.38 39.42 39.43
40.31 40.31 40.29 40.25 40.25 40.23 40.26 40.27 40.25 40.21 40.19 40.19 40.16 40.13 40.12 40.14 40.08 40.05 39.98 39.8 39.49 39.24 39.16 39.13 39.23 39.24 39.25 39.2 39.07 39.1 39.16 39.16 39.08 39.04 39.07 39.1 39.18 39.29 39.3 39.32 39.42 39.41 39.36 39.35 39.37 39.48 39.54 39.51 39.37 39.34 39.35 39.39 39.43 39.46 39.48 39.48 39.49 39.52 39.49 39.44 39.45 39.48 39.5 39.49 39.46 39.44 39.39 39.4 39.4 39.41 39.4 39.35 39.32 39.31 39.33 39.28 39.27 39.31
40.28 40.3 40.27 40.24 40.25 40.26 40.26 40.26 40.26 40.21 40.17 40.18 40.16 40.16 40.12 40.12 40.11 40.07 40 39.79 39.43 39.06 39.05 39.18 39.26 39.25 39.24 39.28 39.28 39.24 39.22 39.2 39.09 39.07 39.1 39.13 39.21 39.27 39.31 39.43 39.6 39.58 39.52 39.56 39.61 39.68 39.7 39.67 39.51 39.47 39.46 39.45 39.48 39.5 39.51 39.52 39.51 39.52 39.48 39.44 39.45 39.45 39.47 39.48 39.47 39.47 39.43 39.41 39.38 39.36 39.37 39.28 39.26 39.26 39.22 39.18 39.15 39.18
40.29 40.29 40.25 40.26 40.29 40.28 40.22 40.21 40.2 40.17 40.12 40.09 40.12 40.14 40.11 40.11 40.08 39.97 39.94 39.8 39.37 39.05 39.11 39.2 39.29 39.38 39.4 39.4 39.37 39.28 39.21 39.19 39.13 39.15 39.16 39.19 39.37 39.4 39.44 39.57 39.67 39.61 39.58 39.63 39.71 39.75 39.74 39.72 39.6 39.55 39.54 39.53 39.53 39.55 39.54 39.56 39.52 39.52 39.46 39.43 39.45 39.46 39.49 39.47 39.44 39.44 39.42 39.39 39.39 39.36 39.36 39.24 39.16 39.16 39.14 39.13 39.14 39.18
40.31 40.27 40.26 40.28 40.29 40.25 40.19 40.16 40.15 40.13 40.12 40.11 40.15 40.14 40.07 40.02 39.95 39.87 39.84 39.79 39.41 39.13 39.19 39.26 39.31 39.41 39.43 39.4 39.35 39.26 39.18 39.2 39.2 39.25 39.26 39.33 39.51 39.53 39.55 39.62 39.64 39.58 39.59 39.61 39.7 39.71 39.69 39.68 39.63 39.6 39.59 39.58 39.59 39.61 39.59 39.57 39.54 39.53 39.51 39.49 39.48 39.48 39.51 39.44 39.45 39.48 39.43 39.37 39.36 39.36 39.32 39.27 39.19 39.13 39.1 39.08 39.07 39.13
40.32 40.27 40.28 40.28 40.3 40.3 40.26 40.23 40.2 40.16 40.1 40.09 40.15 40.14 40.07 40 39.89 39.81 39.74 39.69 39.33 39.2 39.27 39.32 39.38 39.47 39.46 39.41 39.34 39.28 39.24 39.24 39.26 39.31 39.37 39.47 39.57 39.57 39.56 39.59 39.61 39.59 39.6 39.59 39.63 39.64 39.61 39.6 39.58 39.59 39.57 39.59 39.58 39.61 39.59 39.56 39.55 39.54 39.51 39.48 39.44 39.43 39.49 39.43 39.44 39.46 39.45 39.38 39.33 39.29 39.22 39.19 39.15 39.12 39.1 39.11 39.1 39.13
40.32 40.3 40.31 40.31 40.29 40.23 40.25 40.26 40.23 40.16 40.14 40.14 40.16 40.13 40.03 39.94 39.83 39.69 39.57 39.46 39.17 39.2 39.29 39.35 39.44 39.51 39.5 39.43 39.38 39.35 39.33 39.29 39.31 39.38 39.47 39.53 39.59 39.58 39.57 39.6 39.62 39.6 39.61 39.59 39.57 39.57 39.59 39.61 39.59 39.57 39.59 39.6 39.62 39.61 39.58 39.54 39.51 39.49 39.49 39.47 39.46 39.43 39.44 39.39 39.42 39.46 39.47 39.4 39.35 39.27 39.16 39.12 39.12 39.11 39.1 39.13 39.15 39.19
40.31 40.31 40.32 40.33 40.32 40.29 40.26 40.24 40.19 40.17 40.19 40.16 40.15 40.09 39.98 39.87 39.75 39.53 39.38 39.25 39.17 39.24 39.29 39.33 39.43 39.5 39.5 39.47 39.44 39.43 39.41 39.36 39.41 39.48 39.55 39.57 39.6 39.6 39.59 39.59 39.59 39.58 39.59 39.59 39.61 39.63 39.62 39.6 39.59 39.59 39.61 39.59 39.6 39.59 39.56 39.51 39.51 39.49 39.46 39.46 39.45 39.43 39.42 39.4 39.45 39.47 39.51 39.41 39.35 39.29 39.18 39.13 39.14 39.16 39.13 39.15 39.17 39.23
40.32 40.26 40.23 40.24 40.24 40.26 40.27 40.25 40.18 40.18 40.19 40.15 40.14 40.06 39.93 39.8 39.67 39.48 39.37 39.26 39.28 39.3 39.31 39.32 39.38 39.43 39.46 39.49 39.5 39.5 39.5 39.46 39.5 39.54 39.59 39.58 39.6 39.61 39.62 39.6 39.59 39.6 39.62 39.61 39.63 39.65 39.65 39.66 39.67 39.66 39.61 39.61 39.58 39.58 39.54 39.51 39.52 39.53 39.5 39.46 39.45 39.43 39.42 39.4 39.42 39.47 39.51 39.43 39.37 39.32 39.2 39.15 39.16 39.19 39.19 39.2 39.2 39.23
40.27 40.25 40.23 40.22 40.23 40.23 40.25 40.24 40.22 40.2 40.17 40.15 40.18 40.04 39.88 39.75 39.59 39.45 39.4 39.36 39.36 39.35 39.34 39.34 39.37 39.42 39.44 39.47 39.55 39.59 39.57 39.54 39.54 39.56 39.57 39.55 39.57 39.59 39.62 39.62 39.63 39.65 39.64 39.64 39.66 39.66 39.63 39.59 39.61 39.63 39.59 39.57 39.55 39.56 39.56 39.52 39.51 39.54 39.52 39.5 39.47 39.45 39.42 39.39 39.39 39.47 39.51 39.48 39.43 39.34 39.21 39.16 39.15 39.18 39.24 39.27 39.25 39.25
40.25 40.27 40.28 40.27 40.25 40.24 40.26 40.24 40.25 40.22 40.18 40.18 40.2 39.99 39.8 39.69 39.52 39.37 39.36 39.38 39.39 39.39 39.38 39.37 39.43 39.52 39.51 39.49 39.58 39.62 39.57 39.54 39.55 39.57 39.58 39.57 39.62 39.62 39.65 39.65 39.67 39.69 39.67 39.68 39.68 39.66 39.63 39.6 39.61 39.59 39.55 39.55 39.56 39.57 39.57 39.54 39.51 39.52 39.51 39.51 39.48 39.45 39.42 39.39 39.37 39.43 39.5 39.51 39.46 39.35 39.23 39.17 39.16 39.22 39.28 39.33 39.27 39.31
40.27 40.29 40.3 40.31 40.3 40.27 40.27 40.23 40.23 40.2 40.17 40.19 40.15 39.88 39.7 39.58 39.45 39.34 39.34 39.37 39.41 39.42 39.42 39.45 39.54 39.61 39.64 39.58 39.56 39.59 39.57 39.58 39.56 39.58 39.62 39.66 39.67 39.67 39.66 39.67 39.67 39.67 39.68 39.66 39.65 39.64 39.61 39.64 39.68 39.62 39.57 39.55 39.57 39.59 39.57 39.54 39.52 39.51 39.52 39.5 39.47 39.44 39.41 39.39 39.36 39.36 39.42 39.45 39.42 39.38 39.24 39.2 39.2 39.29 39.33 39.39 39.42 39.46
40.3 40.29 40.32 40.34 40.32 40.28 40.26 40.23 40.24 40.21 40.16 40.17 40.05 39.78 39.65 39.47 39.4 39.4 39.36 39.39 39.46 39.48 39.51 39.57 39.63 39.65 39.65 39.64 39.59 39.6 39.59 39.6 39.63 39.64 39.65 39.69 39.68 39.67 39.68 39.7 39.69 39.67 39.65 39.64 39.63 39.62 39.62 39.67 39.7 39.64 39.57 39.55 39.58 39.62 39.58 39.54 39.51 39.52 39.54 39.5 39.47 39.45 39.42 39.4 39.37 39.35 39.41 39.43 39.43 39.36 39.26 39.24 39.24 39.27 39.32 39.35 39.38 39.47
40.31 40.29 40.31 40.31 40.29 40.27 40.26 40.26 40.28 40.25 40.22 40.14 39.91 39.72 39.63 39.47 39.37 39.34 39.32 39.38 39.5 39.6 39.61 39.6 39.64 39.65 39.62 39.61 39.64 39.64 39.63 39.67 39.71 39.7 39.68 39.7 39.69 39.68 39.69 39.69 39.68 39.66 39.65 39.68 39.68 39.65 39.65 39.68 39.66 39.62 39.53 39.52 39.57 39.63 39.61 39.56 39.51 39.5 39.51 39.49 39.48 39.45 39.43 39.4 39.35 39.32 39.4 39.46 39.5 39.35 39.28 39.28 39.24 39.24 39.31 39.34 39.35 39.37
40.31 40.29 40.29 40.28 40.28 40.29 40.27 40.27 40.24 40.22 40.2 40.01 39.77 39.65 39.61 39.52 39.46 39.44 39.42 39.54 39.66 39.72 39.7 39.66 39.67 39.65 39.61 39.64 39.69 39.7 39.68 39.73 39.73 39.72 39.71 39.73 39.71 39.69 39.7 39.68 39.66 39.66 39.69 39.73 39.77 39.71 39.71 39.72 39.65 39.59 39.53 39.5 39.54 39.63 39.63 39.66 39.6 39.51 39.49 39.47 39.47 39.43 39.42 39.4 39.37 39.34 39.43 39.5 39.5 39.41 39.33 39.29 39.24 39.21 39.29 39.32 39.35 39.34
40.29 40.3 40.29 40.32 40.3 40.28 40.27 40.27 40.23 40.21 40.16 39.87 39.69 39.64 39.59 39.57 39.59 39.66 39.66 39.74 39.8 39.8 39.78 39.74 39.71 39.7 39.73 39.75 39.75 39.73 39.71 39.73 39.71 39.72 39.73 39.73 39.71 39.69 39.69 39.69 39.68 39.69 39.74 39.8 39.82 39.78 39.81 39.79 39.69 39.59 39.54 39.54 39.56 39.62 39.66 39.67 39.62 39.5 39.47 39.46 39.48 39.45 39.43 39.42 39.4 39.37 39.39 39.46 39.56 39.52 39.4 39.35 39.28 39.25 39.26 39.27 39.35 39.33
40.3 40.29 40.3 40.31 40.27 40.26 40.26 40.22 40.25 40.27 40.11 39.73 39.65 39.63 39.62 39.64 39.69 39.78 39.79 39.82 39.84 39.83 39.8 39.79 39.78 39.76 39.77 39.78 39.78 39.75 39.72 39.72 39.71 39.71 39.73 39.71 39.71 39.7 39.68 39.7 39.73 39.71 39.77 39.89 39.91 39.89 39.91 39.82 39.73 39.6 39.55 39.56 39.56 39.63 39.65 39.61 39.58 39.55 39.51 39.48 39.47 39.46 39.47 39.46 39.39 39.37 39.4 39.42 39.54 39.55 39.48 39.42 39.33 39.26 39.23 39.25 39.35 39.34
40.33 40.36 40.34 40.32 40.31 40.3 40.29 40.26 40.27 40.27 40.07 39.71 39.64 39.66 39.68 39.66 39.75 39.87 39.88 39.84 39.8 39.81 39.79 39.81 39.83 39.8 39.72 39.73 39.76 39.74 39.71 39.72 39.74 39.71 39.69 39.71 39.72 39.73 39.71 39.69 39.71 39.71 39.74 39.94 40.01 40.06 40.05 39.85 39.75 39.63 39.55 39.54 39.55 39.55 39.57 39.57 39.57 39.58 39.49 39.41 39.44 39.46 39.45 39.45 39.43 39.41 39.41 39.39 39.46 39.52 39.51 39.47 39.39 39.28 39.25 39.28 39.34 39.36
40.32 40.36 40.34 40.32 40.3 40.28 40.25 40.26 40.23 40.17 39.95 39.75 39.81 39.82 39.82 39.77 39.83 39.9 39.89 39.84 39.8 39.79 39.8 39.82 39.81 39.78 39.71 39.72 39.74 39.73 39.7 39.73 39.76 39.71 39.67 39.71 39.72 39.74 39.71 39.68 39.69 39.68 39.74 39.83 39.94 40.1 40.11 39.97 39.81 39.62 39.5 39.46 39.47 39.49 39.52 39.54 39.55 39.54 39.43 39.4 39.41 39.42 39.45 39.46 39.44 39.41 39.41 39.39 39.41 39.49 39.54 39.52 39.45 39.34 39.29 39.29 39.31 39.36
40.35 40.33 40.31 40.31 40.31 40.31 40.29 40.23 39.97 39.75 39.5 39.71 39.97 39.99 39.97 39.89 39.89 39.88 39.87 39.85 39.83 39.8 39.8 39.81 39.77 39.76 39.73 39.76 39.77 39.74 39.71 39.7 39.73 39.73 39.74 39.74 39.72 39.71 39.68 39.66 39.66 39.64 39.67 39.76 39.9 40.05 40.05 39.9 39.72 39.59 39.48 39.45 39.45 39.48 39.47 39.48 39.48 39.45 39.38 39.37 39.37 39.39 39.41 39.44 39.42 39.4 39.42 39.41 39.4 39.46 39.54 39.55 39.47 39.39 39.3 39.29 39.3 39.32
40.36 40.34 40.32 40.32 40.34 40.33 40.31 40.11 39.64 39.33 39.16 39.68 40 40.05 40.01 39.92 39.89 39.88 39.85 39.85 39.82 39.79 39.76 39.78 39.75 39.75 39.73 39.75 39.75 39.74 39.7 39.61 39.56 39.55 39.59 39.68 39.74 39.7 39.67 39.69 39.69 39.65 39.63 39.66 39.78 39.88 39.87 39.79 39.66 39.52 39.46 39.46 39.46 39.49 39.46 39.44 39.44 39.38 39.33 39.31 39.33 39.36 39.37 39.4 39.41 39.42 39.43 39.41 39.38 39.4 39.5 39.53 39.45 39.41 39.37 39.34 39.3 39.25
40.36 40.34 40.32 40.32 40.35 40.34 40.32 39.99 39.45 39.13 39.14 39.7 39.97 40 39.96 39.9 39.85 39.86 39.83 39.81 39.78 39.77 39.74 39.75 39.72 39.72 39.72 39.73 39.72 39.71 39.68 39.56 39.48 39.47 39.53 39.6 39.65 39.64 39.64 39.66 39.68 39.65 39.64 39.63 39.64 39.65 39.65 39.63 39.59 39.53 39.46 39.45 39.48 39.51 39.49 39.46 39.46 39.35 39.28 39.28 39.31 39.34 39.35 39.37 39.4 39.42 39.44 39.42 39.4 39.33 39.37 39.46 39.42 39.41 39.37 39.32 39.3 39.31
40.35 40.34 40.34 40.34 40.36 40.35 40.32 39.95 39.46 39.13 39.28 39.77 39.92 39.94 39.9 39.87 39.8 39.81 39.82 39.78 39.74 39.73 39.68 39.66 39.67 39.66 39.62 39.67 39.69 39.69 39.65 39.54 39.5 39.46 39.48 39.54 39.58 39.6 39.61 39.62 39.64 39.62 39.65 39.65 39.61 39.57 39.57 39.58 39.57 39.54 39.48 39.45 39.47 39.51 39.53 39.49 39.49 39.36 39.27 39.28 39.3 39.32 39.34 39.36 39.39 39.42 39.45 39.43 39.41 39.34 39.3 39.37 39.45 39.47 39.48 39.36 39.31 39.37
