slabs/83.grd
DSAA
631 301
647040 647670
4946600 4946900
34.65 46.51
[rows 68 to 101 of 300, columns 234 to 311 of 631]
40.03 40.02 40.04 40.02 40 39.98 39.97 39.94 39.88 39.84 39.83 39.81 39.71 39.62 39.36 38.93 38.81 39 39.4 39.88 40.16 40.22 40.24 40.22 40.22 40.24 40.35 40.43 40.44 40.41 40.38 40.36 40.35 40.33 40.32 40.29 40.27 40.26 40.27 40.34 40.43 40.46 40.41 40.33 40.25 40.12 40.07 40.03 40.01 40.01 40.01 39.98 39.96 39.95 39.95 39.91 39.91 39.91 39.92 39.94 39.93 39.9 39.88 39.87 39.86 39.86 39.86 39.88 39.86 39.84 39.85 39.86 39.87 39.86 39.85 39.87 39.87 39.86
40.05 40.05 40.07 40.04 40.01 39.98 39.97 39.93 39.9 39.86 39.85 39.8 39.77 39.74 39.48 39.12 38.83 38.79 39.09 39.62 40.05 40.17 40.23 40.23 40.22 40.23 40.27 40.33 40.4 40.4 40.38 40.37 40.39 40.34 40.32 40.27 40.27 40.26 40.24 40.25 40.36 40.4 40.38 40.35 40.29 40.18 40.1 40.03 40.02 40.02 39.99 39.98 39.96 39.96 39.96 39.93 39.92 39.94 39.9 39.92 39.93 39.9 39.87 39.84 39.86 39.88 39.9 39.91 39.88 39.85 39.83 39.86 39.88 39.88 39.87 39.87 39.86 39.85
40.09 40.08 40.08 40.06 40.01 40.01 40 39.99 39.93 39.9 39.87 39.82 39.8 39.75 39.6 39.31 39.1 38.92 38.93 39.13 39.56 39.83 40.16 40.25 40.23 40.23 40.22 40.25 40.32 40.37 40.38 40.38 40.39 40.35 40.32 40.28 40.27 40.27 40.24 40.21 40.25 40.34 40.38 40.38 40.33 40.28 40.18 40.09 40.04 40.04 40 39.99 39.97 39.98 39.96 39.94 39.92 39.93 39.91 39.93 39.93 39.91 39.88 39.86 39.88 39.86 39.88 39.91 39.88 39.85 39.83 39.85 39.89 39.87 39.88 39.86 39.86 39.87
40.11 40.1 40.08 40.05 40.03 40.02 40.01 40 39.95 39.91 39.91 39.87 39.85 39.82 39.76 39.57 39.47 39.25 38.95 38.83 39.12 39.42 39.93 40.2 40.23 40.21 40.22 40.23 40.25 40.34 40.4 40.42 40.4 40.38 40.33 40.3 40.29 40.28 40.24 40.22 40.22 40.28 40.37 40.41 40.41 40.41 40.27 40.12 40.03 40.03 40 40 39.99 39.97 39.97 39.95 39.92 39.92 39.91 39.94 39.91 39.91 39.91 39.89 39.86 39.87 39.88 39.91 39.87 39.85 39.84 39.85 39.88 39.86 39.87 39.85 39.86 39.87
40.13 40.1 40.09 40.06 40.03 40.01 39.99 39.99 39.97 39.95 39.95 39.93 39.88 39.87 39.84 39.74 39.67 39.51 39.12 38.85 38.84 39.06 39.57 40.01 40.18 40.22 40.24 40.22 40.22 40.33 40.42 40.45 40.42 40.38 40.35 40.33 40.32 40.32 40.3 40.27 40.25 40.24 40.33 40.4 40.46 40.49 40.29 40.17 40.09 40.02 39.99 39.98 40 39.99 39.98 39.96 39.95 39.95 39.94 39.94 39.92 39.93 39.92 39.9 39.88 39.9 39.9 39.91 39.88 39.86 39.84 39.85 39.87 39.85 39.86 39.86 39.84 39.86
40.1 40.07 40.07 40.05 40.06 40.05 40 39.98 39.98 39.97 39.97 39.94 39.91 39.89 39.85 39.79 39.73 39.64 39.34 38.98 38.73 38.77 39.2 39.74 40.06 40.16 40.23 40.21 40.23 40.26 40.38 40.41 40.4 40.43 40.42 40.38 40.35 40.35 40.34 40.35 40.3 40.29 40.27 40.25 40.36 40.45 40.36 40.26 40.21 40.15 40.08 40.01 40 40.02 40 39.98 39.98 39.98 39.98 39.96 39.92 39.91 39.91 39.91 39.9 39.91 39.92 39.9 39.9 39.88 39.85 39.87 39.87 39.85 39.86 39.84 39.86 39.86
40.1 40.07 40.07 40.07 40.08 40.08 40.05 40.02 39.99 39.97 39.96 39.93 39.91 39.89 39.88 39.83 39.78 39.71 39.52 39.14 38.87 38.65 38.89 39.45 39.83 40.03 40.18 40.21 40.2 40.22 40.24 40.31 40.39 40.42 40.4 40.36 40.33 40.34 40.35 40.36 40.32 40.25 40.29 40.28 40.3 40.38 40.41 40.38 40.37 40.31 40.18 40.09 40.03 40.01 40 39.99 40 39.99 40.01 39.98 39.93 39.9 39.92 39.92 39.89 39.91 39.91 39.89 39.87 39.89 39.88 39.9 39.87 39.86 39.84 39.85 39.87 39.85
40.11 40.09 40.08 40.09 40.08 40.07 40.07 40.03 39.99 39.96 39.93 39.9 39.9 39.9 39.93 39.88 39.83 39.76 39.65 39.35 39.13 38.81 38.77 39.18 39.6 39.89 40.11 40.19 40.21 40.2 40.21 40.27 40.34 40.41 40.41 40.35 40.34 40.38 40.36 40.35 40.3 40.26 40.28 40.26 40.26 40.31 40.35 40.39 40.43 40.38 40.26 40.19 40.1 40.03 40.02 40 40.02 40 40.02 39.98 39.95 39.92 39.93 39.92 39.9 39.92 39.91 39.89 39.89 39.89 39.88 39.88 39.87 39.88 39.86 39.85 39.87 39.87
40.13 40.12 40.1 40.1 40.09 40.06 40.04 40 39.96 39.95 39.9 39.89 39.9 39.89 39.92 39.9 39.87 39.83 39.74 39.55 39.36 39.05 38.75 38.92 39.2 39.56 39.97 40.18 40.2 40.17 40.19 40.23 40.29 40.36 40.41 40.39 40.39 40.41 40.37 40.34 40.33 40.34 40.31 40.28 40.28 40.29 40.31 40.32 40.38 40.41 40.34 40.27 40.2 40.12 40.09 40.04 40.04 40.02 40 39.96 39.98 39.95 39.93 39.91 39.9 39.92 39.91 39.9 39.9 39.9 39.9 39.9 39.9 39.88 39.88 39.86 39.87 39.87
40.14 40.12 40.12 40.12 40.1 40.06 40.01 39.96 39.93 39.94 39.91 39.91 39.89 39.87 39.88 39.88 39.87 39.85 39.83 39.73 39.65 39.42 38.94 38.76 38.8 39.14 39.72 40.15 40.23 40.17 40.19 40.21 40.22 40.28 40.34 40.37 40.4 40.39 40.38 40.37 40.36 40.35 40.33 40.3 40.3 40.31 40.3 40.27 40.33 40.39 40.37 40.35 40.31 40.24 40.21 40.11 40.06 40.02 39.98 39.95 39.98 39.94 39.91 39.91 39.92 39.9 39.89 39.92 39.9 39.88 39.89 39.91 39.9 39.89 39.87 39.87 39.87 39.88
40.11 40.09 40.11 40.11 40.09 40.05 39.97 39.94 39.96 39.96 39.92 39.91 39.89 39.88 39.85 39.85 39.86 39.89 39.86 39.81 39.74 39.52 39.14 38.85 38.7 38.81 39.47 39.95 40.07 40.16 40.19 40.19 40.19 40.21 40.24 40.31 40.39 40.4 40.39 40.4 40.38 40.36 40.33 40.32 40.31 40.31 40.33 40.32 40.33 40.33 40.33 40.37 40.4 40.35 40.27 40.18 40.07 40.02 39.98 39.96 39.95 39.94 39.94 39.92 39.93 39.92 39.9 39.93 39.92 39.92 39.91 39.91 39.91 39.9 39.88 39.88 39.86 39.88
40.12 40.13 40.11 40.08 40.08 40.04 39.99 39.97 39.98 39.95 40.04 40.01 39.96 39.91 39.85 39.83 39.83 39.86 39.87 39.84 39.79 39.65 39.41 39.24 39.1 38.86 39.03 39.44 39.71 40.09 40.17 40.19 40.2 40.18 40.17 40.24 40.34 40.38 40.42 40.41 40.41 40.38 40.36 40.37 40.36 40.31 40.37 40.34 40.34 40.28 40.24 40.3 40.4 40.43 40.37 40.28 40.18 40.06 39.99 39.97 39.97 39.97 39.95 39.93 39.92 39.94 39.92 39.93 39.92 39.91 39.91 39.92 39.92 39.9 39.9 39.89 39.89 39.91
40.11 40.09 40.09 40.07 40.06 40.04 39.99 39.96 39.95 39.96 40.02 40.08 40.08 39.96 39.85 39.84 39.82 39.84 39.84 39.83 39.81 39.78 39.62 39.53 39.43 39.07 38.82 39 39.36 39.91 40.12 40.16 40.17 40.17 40.15 40.17 40.24 40.36 40.45 40.45 40.43 40.37 40.38 40.36 40.36 40.31 40.34 40.32 40.31 40.32 40.28 40.33 40.38 40.41 40.44 40.34 40.27 40.16 40.09 40.03 39.96 39.97 39.95 39.97 39.97 39.95 39.93 39.96 39.93 39.92 39.92 39.94 39.94 39.93 39.91 39.91 39.91 39.91
40.14 40.11 40.09 40.09 40.08 40.05 40.01 39.97 39.96 39.95 39.97 39.99 39.99 39.92 39.86 39.84 39.83 39.84 39.83 39.83 39.84 39.82 39.71 39.63 39.56 39.26 38.91 38.85 39.08 39.64 39.98 40.06 40.1 40.18 40.16 40.13 40.17 40.4 40.51 40.47 40.46 40.39 40.39 40.38 40.35 40.37 40.4 40.35 40.31 40.28 40.25 40.27 40.28 40.36 40.44 40.43 40.37 40.25 40.2 40.1 40.03 39.99 39.99 39.99 40 39.97 39.96 39.99 39.95 39.95 39.95 39.95 39.95 39.96 39.94 39.91 39.9 39.9
40.13 40.12 40.12 40.09 40.07 40.05 40.01 39.97 39.98 39.93 39.91 39.91 39.9 39.87 39.86 39.86 39.85 39.84 39.83 39.84 39.85 39.83 39.75 39.7 39.63 39.44 39.09 38.86 38.85 39.3 39.67 39.88 40.08 40.15 40.16 40.14 40.16 40.33 40.57 40.57 40.5 40.42 40.42 40.41 40.38 40.37 40.39 40.36 40.3 40.29 40.28 40.29 40.27 40.33 40.4 40.43 40.41 40.35 40.32 40.24 40.16 40.1 40.1 40.06 40.02 40 39.97 39.98 39.95 39.96 39.97 39.97 39.95 39.95 39.96 39.92 39.92 39.93
40.12 40.14 40.12 40.08 40.07 40.06 40.03 39.98 39.99 39.93 39.89 39.87 39.87 39.87 39.85 39.88 39.87 39.85 39.82 39.82 39.83 39.84 39.79 39.78 39.71 39.61 39.32 39.04 38.74 38.95 39.25 39.63 40.03 40.11 40.14 40.14 40.13 40.21 40.56 40.62 40.57 40.46 40.4 40.4 40.43 40.39 40.36 40.34 40.35 40.33 40.31 40.34 40.31 40.33 40.33 40.34 40.34 40.33 40.36 40.35 40.27 40.21 40.21 40.15 40.09 40.05 40 39.98 39.96 39.98 39.98 40 39.97 39.96 39.96 39.95 39.95 39.97
40.12 40.14 40.11 40.08 40.08 40.06 40.03 39.99 39.98 39.94 39.9 39.87 39.87 39.88 39.84 39.87 39.86 39.85 39.82 39.79 39.81 39.84 39.81 39.81 39.76 39.68 39.54 39.35 39.07 38.87 38.97 39.34 39.91 40.07 40.1 40.12 40.13 40.15 40.26 40.47 40.6 40.55 40.44 40.41 40.43 40.38 40.35 40.36 40.4 40.39 40.38 40.35 40.33 40.34 40.32 40.31 40.27 40.25 40.31 40.37 40.3 40.27 40.31 40.26 40.19 40.14 40.09 40.02 40 40 39.98 39.97 40 40.01 39.98 39.99 39.97 39.96
40.12 40.13 40.1 40.08 40.07 40.06 40.03 40 39.98 39.95 39.91 39.88 39.87 39.88 39.84 39.82 39.81 39.86 39.82 39.77 39.8 39.81 39.79 39.81 39.8 39.72 39.64 39.53 39.27 38.87 38.66 38.96 39.51 39.98 40.09 40.12 40.14 40.12 40.11 40.28 40.48 40.56 40.53 40.53 40.46 40.38 40.36 40.39 40.43 40.44 40.42 40.37 40.35 40.34 40.33 40.33 40.25 40.24 40.26 40.31 40.29 40.31 40.37 40.34 40.29 40.24 40.19 40.13 40.07 40.06 40.02 40 40.03 40.02 40.03 40.01 39.96 39.98
40.12 40.13 40.1 40.09 40.07 40.06 40.03 40.01 39.98 39.94 39.91 39.9 39.88 39.9 39.85 39.8 39.79 39.82 39.8 39.8 39.79 39.8 39.8 39.79 39.77 39.75 39.69 39.66 39.48 39.03 38.74 38.79 39.29 39.78 39.97 40.08 40.11 40.09 40.09 40.15 40.26 40.39 40.48 40.54 40.51 40.43 40.41 40.41 40.45 40.45 40.44 40.39 40.35 40.34 40.34 40.35 40.28 40.27 40.26 40.24 40.24 40.27 40.34 40.38 40.38 40.33 40.29 40.22 40.18 40.16 40.14 40.05 40.03 40.04 40.03 39.98 39.99 40.01
40.12 40.11 40.09 40.08 40.07 40.08 40.03 40.01 39.99 39.94 39.94 39.89 39.87 39.89 39.86 39.82 39.83 39.83 39.81 39.83 39.81 39.81 39.77 39.75 39.76 39.75 39.72 39.7 39.57 39.19 38.97 38.86 39.01 39.28 39.6 39.88 40.04 40.08 40.09 40.11 40.13 40.21 40.34 40.46 40.51 40.48 40.47 40.42 40.44 40.43 40.44 40.4 40.36 40.35 40.34 40.37 40.3 40.27 40.27 40.28 40.26 40.25 40.28 40.34 40.39 40.41 40.39 40.33 40.3 40.24 40.25 40.18 40.12 40.08 40.06 40.01 40 40
40.12 40.09 40.08 40.08 40.07 40.07 40.04 40.02 40 39.94 39.96 39.93 39.91 39.88 39.85 39.83 39.81 39.81 39.81 39.81 39.79 39.81 39.79 39.77 39.76 39.77 39.77 39.74 39.66 39.47 39.32 39.13 38.89 38.89 39.17 39.61 39.95 40.09 40.09 40.09 40.11 40.13 40.21 40.38 40.46 40.48 40.5 40.48 40.42 40.4 40.4 40.42 40.4 40.41 40.37 40.36 40.29 40.28 40.31 40.33 40.29 40.26 40.25 40.21 40.26 40.34 40.42 40.4 40.36 40.34 40.37 40.28 40.22 40.17 40.11 40.05 40.04 40.05
40.15 40.05 40.08 40.09 40.07 40.06 40.04 40.02 40.03 40.01 39.97 39.96 39.94 39.89 39.87 39.85 39.82 39.8 39.8 39.81 39.78 39.8 39.81 39.79 39.76 39.78 39.79 39.76 39.71 39.62 39.53 39.37 39 38.82 38.89 39.26 39.78 40.05 40.08 40.07 40.1 40.12 40.14 40.29 40.42 40.45 40.48 40.51 40.48 40.45 40.44 40.41 40.4 40.41 40.39 40.39 40.33 40.32 40.37 40.34 40.29 40.29 40.29 40.22 40.22 40.25 40.3 40.37 40.39 40.4 40.45 40.37 40.34 40.31 40.26 40.19 40.17 40.18
40.12 40.09 40.09 40.07 40.07 40.07 40.04 40.01 40.02 40.01 39.98 39.97 39.93 39.89 39.87 39.87 39.85 39.82 39.82 39.8 39.78 39.76 39.76 39.77 39.75 39.78 39.79 39.76 39.72 39.65 39.59 39.5 39.2 38.94 38.82 38.97 39.5 39.85 39.98 40.03 40.1 40.11 40.1 40.19 40.37 40.39 40.44 40.5 40.53 40.53 40.48 40.45 40.42 40.41 40.4 40.39 40.38 40.36 40.36 40.34 40.31 40.33 40.31 40.24 40.23 40.24 40.27 40.3 40.28 40.32 40.37 40.35 40.39 40.39 40.37 40.31 40.31 40.32
40.13 40.1 40.09 40.07 40.08 40.06 40.03 40.01 40.02 40 39.98 39.96 39.92 39.88 39.87 39.86 39.86 39.83 39.81 39.79 39.78 39.76 39.75 39.76 39.76 39.77 39.77 39.75 39.72 39.69 39.67 39.6 39.38 39.14 38.94 38.93 39.17 39.52 39.8 39.99 40.08 40.11 40.1 40.14 40.28 40.29 40.35 40.43 40.53 40.6 40.58 40.49 40.44 40.45 40.44 40.41 40.41 40.39 40.37 40.35 40.33 40.34 40.31 40.27 40.25 40.26 40.28 40.25 40.22 40.26 40.27 40.27 40.31 40.37 40.37 40.38 40.41 40.43
40.14 40.12 40.09 40.09 40.08 40.06 40.03 40.02 39.99 40 39.97 39.95 39.92 39.87 39.89 39.87 39.85 39.82 39.8 39.79 39.78 39.78 39.78 39.77 39.77 39.74 39.73 39.75 39.72 39.73 39.73 39.64 39.55 39.39 39.19 38.84 38.83 39.18 39.55 39.96 40.07 40.09 40.12 40.13 40.12 40.16 40.27 40.4 40.47 40.54 40.55 40.52 40.48 40.47 40.47 40.43 40.41 40.42 40.39 40.37 40.37 40.35 40.34 40.32 40.31 40.31 40.29 40.25 40.26 40.27 40.24 40.22 40.21 40.27 40.28 40.33 40.41 40.46
40.16 40.12 40.09 40.1 40.08 40.05 40.03 40.02 39.99 39.98 39.95 39.93 39.9 39.87 39.9 39.88 39.84 39.82 39.79 39.81 39.78 39.77 39.76 39.78 39.79 39.74 39.73 39.73 39.72 39.71 39.72 39.68 39.6 39.53 39.44 38.87 38.84 38.97 39.27 39.77 40.1 40.13 40.13 40.11 40.06 40.07 40.2 40.36 40.38 40.42 40.48 40.5 40.48 40.48 40.56 40.51 40.46 40.45 40.39 40.39 40.4 40.38 40.39 40.36 40.35 40.36 40.31 40.29 40.32 40.29 40.27 40.25 40.21 40.21 40.22 40.2 40.29 40.36
40.16 40.13 40.11 40.11 40.1 40.05 40.03 40.01 39.99 39.97 39.95 39.92 39.9 39.88 39.9 39.87 39.83 39.81 39.78 39.79 39.76 39.72 39.73 39.76 39.77 39.74 39.73 39.69 39.68 39.7 39.68 39.65 39.6 39.61 39.58 39.22 38.88 38.85 39.02 39.51 39.94 40.06 40.09 40.1 40.07 40.04 40.12 40.27 40.33 40.35 40.37 40.37 40.38 40.42 40.51 40.54 40.51 40.49 40.46 40.42 40.4 40.4 40.39 40.37 40.36 40.37 40.36 40.33 40.35 40.34 40.32 40.29 40.27 40.26 40.26 40.23 40.26 40.23
40.17 40.15 40.13 40.13 40.13 40.06 40.02 40 39.97 39.97 39.96 39.94 39.91 39.91 39.91 39.88 39.85 39.81 39.78 39.76 39.74 39.7 39.71 39.74 39.73 39.75 39.72 39.69 39.7 39.71 39.69 39.67 39.61 39.59 39.56 39.38 39.05 38.85 38.85 39.23 39.71 39.94 40.04 40.03 40.01 40.01 40.07 40.16 40.25 40.3 40.29 40.26 40.27 40.31 40.36 40.46 40.5 40.52 40.56 40.45 40.4 40.42 40.4 40.4 40.4 40.42 40.42 40.37 40.36 40.37 40.32 40.32 40.32 40.31 40.3 40.3 40.28 40.22
40.18 40.16 40.15 40.14 40.12 40.07 40.03 40.01 39.98 39.97 39.96 39.94 39.91 39.91 39.91 39.88 39.86 39.84 39.82 39.82 39.81 39.74 39.71 39.74 39.74 39.72 39.72 39.7 39.7 39.7 39.7 39.71 39.68 39.66 39.6 39.48 39.23 39 38.88 38.94 39.12 39.42 39.8 39.94 39.99 40.01 40.07 40.11 40.16 40.22 40.24 40.22 40.23 40.24 40.25 40.33 40.38 40.46 40.57 40.49 40.45 40.45 40.43 40.42 40.42 40.47 40.44 40.4 40.38 40.38 40.37 40.34 40.33 40.32 40.3 40.24 40.26 40.22
40.2 40.17 40.14 40.13 40.11 40.06 40.05 40.03 39.99 39.95 39.93 39.94 39.91 39.89 39.9 39.86 39.92 39.98 40.04 40.09 40.06 39.94 39.83 39.75 39.75 39.72 39.71 39.73 39.7 39.69 39.69 39.7 39.68 39.68 39.66 39.59 39.43 39.28 39.07 38.84 38.77 38.96 39.49 39.88 40.03 40.06 40.09 40.11 40.1 40.13 40.18 40.2 40.22 40.22 40.2 40.23 40.23 40.31 40.43 40.45 40.47 40.44 40.42 40.44 40.43 40.45 40.44 40.39 40.38 40.36 40.39 40.34 40.34 40.36 40.32 40.3 40.3 40.3
40.18 40.16 40.14 40.13 40.11 40.07 40.06 40.01 39.98 39.95 39.92 39.9 39.9 39.88 39.9 39.99 40.12 40.27 40.37 40.45 40.4 40.27 40.07 39.83 39.74 39.71 39.69 39.72 39.7 39.69 39.7 39.69 39.69 39.7 39.69 39.65 39.58 39.5 39.27 38.94 38.79 38.78 39.15 39.71 39.99 40.09 40.1 40.1 40.12 40.12 40.15 40.18 40.2 40.17 40.23 40.25 40.26 40.29 40.29 40.27 40.35 40.42 40.42 40.44 40.42 40.44 40.44 40.43 40.4 40.4 40.39 40.35 40.36 40.35 40.35 40.36 40.35 40.35
40.14 40.14 40.12 40.13 40.1 40.02 39.98 39.97 39.97 39.93 39.91 39.9 39.93 40.01 40.07 40.2 40.43 40.58 40.63 40.66 40.6 40.51 40.34 40.13 39.9 39.77 39.7 39.71 39.69 39.7 39.7 39.68 39.68 39.69 39.7 39.67 39.64 39.59 39.44 39.11 38.91 38.73 38.84 39.39 39.79 40.03 40.09 40.12 40.11 40.12 40.15 40.17 40.19 40.2 40.22 40.2 40.17 40.17 40.2 40.19 40.21 40.29 40.38 40.46 40.46 40.42 40.44 40.42 40.4 40.41 40.4 40.37 40.37 40.36 40.36 40.38 40.38 40.38
40.16 40.13 40.12 40.09 40.05 40.01 39.98 39.96 39.9 39.9 39.91 40.02 40.14 40.26 40.37 40.51 40.63 40.7 40.58 40.45 40.44 40.45 40.42 40.33 40.1 39.89 39.77 39.7 39.68 39.7 39.71 39.67 39.66 39.68 39.7 39.69 39.67 39.64 39.56 39.29 39.1 38.88 38.73 39.13 39.55 39.88 40.07 40.08 40.08 40.11 40.14 40.13 40.09 40.15 40.19 40.21 40.19 40.13 40.14 40.17 40.15 40.2 40.31 40.43 40.5 40.42 40.44 40.41 40.38 40.4 40.4 40.39 40.4 40.37 40.37 40.38 40.38 40.41
40.14 40.11 40.09 40.06 40.01 39.97 39.94 39.9 39.87 39.96 40.06 40.26 40.41 40.54 40.56 40.48 40.34 40.25 40.11 39.96 40.05 40.19 40.32 40.39 40.26 40.05 39.87 39.73 39.68 39.7 39.73 39.69 39.69 39.71 39.7 39.7 39.7 39.67 39.61 39.46 39.37 39.16 38.82 38.92 39.26 39.61 40.04 40.11 40.11 40.12 40.14 40.15 40.16 40.18 40.19 40.19 40.17 40.12 40.13 40.16 40.16 40.17 40.24 40.32 40.42 40.47 40.53 40.48 40.4 40.39 40.4 40.42 40.4 40.38 40.39 40.4 40.4 40.43
