slabs/83.grd
DSAA
631 301
647040 647670
4946600 4946900
34.65 46.51
[rows 136 to 169 of 300, columns 390 to 467 of 631]
39.73 39.78 39.81 39.82 39.86 39.91 39.93 39.95 39.9 39.83 39.84 39.84 39.88 39.87 39.88 39.85 39.8 39.82 39.86 39.84 39.88 39.84 39.77 39.79 39.81 39.82 39.78 39.77 39.71 39.65 39.65 39.64 39.6 39.62 39.63 39.66 39.65 39.63 39.62 39.63 39.66 39.59 39.55 39.51 39.51 39.49 39.47 39.43 39.46 39.53 39.5 39.44 39.44 39.47 39.48 39.49 39.46 39.42 39.38 39.35 39.4 39.44 39.42 39.21 39.09 39.07 38.94 38.96 38.99 39.16 39.36 39.41 39.36 39.32 39.24 39.23 39.24 39.22
39.7 39.76 39.79 39.83 39.85 39.88 39.91 39.93 39.93 39.86 39.85 39.85 39.91 39.89 39.85 39.82 39.79 39.84 39.85 39.83 39.84 39.81 39.8 39.78 39.79 39.75 39.72 39.73 39.65 39.62 39.62 39.61 39.58 39.6 39.63 39.66 39.67 39.66 39.64 39.65 39.63 39.57 39.54 39.5 39.46 39.45 39.45 39.46 39.47 39.49 39.48 39.45 39.49 39.49 39.48 39.45 39.43 39.44 39.42 39.41 39.43 39.41 39.23 39.06 39.14 39.21 39.14 39.19 39.18 39.26 39.39 39.4 39.32 39.26 39.23 39.21 39.19 39.19
39.74 39.8 39.79 39.79 39.81 39.87 39.9 39.91 39.88 39.85 39.86 39.88 39.88 39.85 39.81 39.77 39.74 39.83 39.82 39.83 39.81 39.79 39.78 39.75 39.72 39.7 39.69 39.69 39.67 39.66 39.65 39.64 39.63 39.62 39.64 39.66 39.69 39.69 39.67 39.64 39.59 39.55 39.55 39.54 39.47 39.46 39.49 39.49 39.48 39.48 39.52 39.52 39.52 39.49 39.48 39.51 39.47 39.43 39.38 39.34 39.17 39.08 39.06 39.25 39.39 39.49 39.46 39.46 39.4 39.39 39.37 39.25 39.14 39.15 39.16 39.18 39.18 39.21
39.76 39.79 39.76 39.76 39.77 39.82 39.87 39.91 39.89 39.85 39.86 39.88 39.92 39.85 39.76 39.73 39.72 39.78 39.8 39.82 39.82 39.8 39.77 39.74 39.71 39.71 39.7 39.68 39.71 39.7 39.68 39.7 39.69 39.68 39.66 39.68 39.66 39.64 39.67 39.65 39.58 39.55 39.55 39.52 39.53 39.49 39.5 39.52 39.55 39.56 39.54 39.52 39.53 39.51 39.47 39.47 39.43 39.38 39.26 39.15 39.07 39.11 39.48 39.69 39.68 39.68 39.62 39.58 39.53 39.49 39.34 39.15 39.02 39.05 39.09 39.12 39.14 39.21
39.78 39.76 39.71 39.7 39.73 39.8 39.86 39.9 39.88 39.88 39.87 39.88 39.87 39.82 39.75 39.74 39.76 39.78 39.79 39.8 39.82 39.82 39.8 39.75 39.72 39.71 39.7 39.68 39.71 39.72 39.72 39.75 39.75 39.77 39.7 39.64 39.63 39.63 39.67 39.65 39.63 39.61 39.57 39.53 39.55 39.55 39.53 39.52 39.54 39.53 39.55 39.53 39.49 39.47 39.34 39.27 39.23 39.29 39.38 39.48 39.52 39.6 39.88 39.99 39.94 39.85 39.69 39.6 39.55 39.52 39.36 39.21 39.11 39.04 39.07 39.11 39.11 39.14
39.79 39.73 39.71 39.67 39.69 39.77 39.81 39.82 39.83 39.86 39.84 39.83 39.81 39.79 39.8 39.79 39.81 39.83 39.81 39.8 39.8 39.8 39.81 39.76 39.73 39.72 39.72 39.7 39.74 39.75 39.73 39.76 39.77 39.76 39.71 39.63 39.59 39.64 39.7 39.65 39.6 39.58 39.57 39.58 39.55 39.54 39.57 39.54 39.53 39.5 39.48 39.44 39.14 39.12 39.2 39.28 39.33 39.45 39.6 39.79 39.92 39.99 40.05 40.1 40.1 40.03 39.83 39.7 39.62 39.57 39.45 39.34 39.29 39.13 39.13 39.16 39.13 39.11
39.79 39.76 39.72 39.68 39.68 39.74 39.78 39.79 39.81 39.83 39.81 39.81 39.84 39.82 39.84 39.84 39.84 39.84 39.81 39.84 39.83 39.79 39.78 39.79 39.76 39.74 39.73 39.73 39.77 39.75 39.75 39.78 39.79 39.73 39.68 39.66 39.64 39.66 39.66 39.6 39.56 39.59 39.59 39.61 39.62 39.59 39.62 39.54 39.45 39.31 39.13 39.07 38.98 39.07 39.28 39.46 39.57 39.69 39.79 39.92 40.06 40.14 40.17 40.17 40.17 40.16 40.04 39.96 39.89 39.77 39.63 39.5 39.41 39.24 39.18 39.15 39.11 39.14
39.77 39.76 39.71 39.67 39.65 39.72 39.77 39.8 39.81 39.83 39.84 39.82 39.84 39.84 39.87 39.86 39.83 39.83 39.81 39.84 39.87 39.8 39.75 39.8 39.81 39.8 39.79 39.76 39.77 39.74 39.72 39.72 39.73 39.67 39.66 39.7 39.64 39.64 39.64 39.58 39.56 39.59 39.63 39.59 39.59 39.57 39.56 39.36 39.24 39.13 39.01 39.05 39.17 39.33 39.52 39.69 39.76 39.87 40 40.07 40.15 40.23 40.27 40.23 40.2 40.2 40.21 40.2 40.19 40.08 39.86 39.62 39.46 39.35 39.22 39.13 39.11 39.16
39.76 39.75 39.7 39.66 39.63 39.71 39.76 39.8 39.81 39.82 39.83 39.82 39.81 39.85 39.91 39.88 39.82 39.81 39.81 39.83 39.84 39.83 39.81 39.8 39.83 39.81 39.82 39.77 39.74 39.73 39.72 39.69 39.66 39.64 39.63 39.7 39.67 39.63 39.62 39.63 39.61 39.63 39.63 39.56 39.5 39.47 39.41 39.2 39.16 39.22 39.28 39.41 39.51 39.61 39.77 39.92 39.99 40.06 40.16 40.17 40.19 40.22 40.23 40.21 40.2 40.21 40.25 40.24 40.25 40.23 40.13 39.95 39.73 39.53 39.3 39.16 39.09 39.07
39.8 39.77 39.74 39.69 39.65 39.71 39.75 39.79 39.83 39.79 39.8 39.8 39.81 39.84 39.85 39.82 39.76 39.75 39.75 39.79 39.85 39.87 39.84 39.86 39.89 39.85 39.81 39.74 39.75 39.78 39.76 39.7 39.67 39.64 39.65 39.67 39.66 39.6 39.59 39.62 39.62 39.59 39.52 39.41 39.25 39.29 39.29 39.28 39.39 39.53 39.61 39.71 39.8 39.84 39.94 40.07 40.14 40.15 40.19 40.23 40.22 40.15 40.17 40.19 40.2 40.18 40.2 40.21 40.23 40.22 40.25 40.19 40.06 39.76 39.46 39.34 39.23 39.1
39.83 39.78 39.74 39.71 39.66 39.72 39.75 39.78 39.78 39.78 39.76 39.78 39.78 39.77 39.78 39.78 39.73 39.71 39.73 39.77 39.82 39.84 39.82 39.87 39.89 39.85 39.79 39.73 39.72 39.74 39.71 39.69 39.68 39.67 39.68 39.66 39.66 39.58 39.52 39.48 39.49 39.38 39.23 39.16 39.06 39.22 39.31 39.53 39.68 39.77 39.9 39.96 39.99 40.03 40.12 40.17 40.19 40.21 40.2 40.25 40.23 40.16 40.17 40.19 40.2 40.21 40.2 40.2 40.22 40.2 40.26 40.33 40.29 40.02 39.72 39.57 39.46 39.34
39.81 39.73 39.7 39.72 39.7 39.66 39.66 39.71 39.74 39.78 39.8 39.83 39.8 39.76 39.74 39.76 39.73 39.7 39.72 39.79 39.77 39.78 39.81 39.78 39.8 39.79 39.77 39.74 39.72 39.73 39.68 39.7 39.7 39.7 39.72 39.68 39.68 39.55 39.42 39.29 39.25 39.1 38.99 39.14 39.3 39.4 39.5 39.66 39.77 39.88 40.05 40.06 40.07 40.13 40.16 40.2 40.24 40.26 40.21 40.24 40.22 40.2 40.21 40.19 40.19 40.22 40.21 40.18 40.2 40.19 40.22 40.27 40.27 40.16 40.03 39.92 39.75 39.55
39.89 39.76 39.71 39.73 39.7 39.65 39.6 39.67 39.72 39.78 39.83 39.86 39.84 39.81 39.78 39.74 39.72 39.72 39.74 39.79 39.75 39.73 39.79 39.74 39.76 39.78 39.76 39.73 39.74 39.76 39.69 39.74 39.73 39.75 39.74 39.63 39.62 39.51 39.34 39.23 39.11 39.01 39.25 39.48 39.61 39.57 39.65 39.81 39.91 40.04 40.18 40.18 40.14 40.1 40.14 40.23 40.23 40.22 40.24 40.23 40.2 40.18 40.2 40.23 40.21 40.22 40.22 40.21 40.21 40.22 40.22 40.25 40.24 40.22 40.23 40.18 40.03 39.76
39.95 39.87 39.83 39.76 39.73 39.7 39.64 39.69 39.74 39.8 39.83 39.84 39.83 39.8 39.8 39.76 39.73 39.73 39.71 39.77 39.76 39.72 39.78 39.76 39.77 39.79 39.75 39.73 39.73 39.73 39.71 39.73 39.73 39.72 39.67 39.5 39.51 39.49 39.41 39.43 39.41 39.37 39.55 39.74 39.72 39.69 39.8 39.92 40.01 40.16 40.18 40.13 40.14 40.12 40.15 40.22 40.26 40.24 40.21 40.19 40.19 40.17 40.22 40.25 40.23 40.23 40.24 40.26 40.24 40.24 40.26 40.27 40.25 40.25 40.27 40.26 40.24 40
39.95 39.92 39.84 39.77 39.74 39.67 39.64 39.66 39.73 39.77 39.8 39.79 39.81 39.8 39.84 39.78 39.75 39.74 39.74 39.78 39.79 39.77 39.81 39.79 39.77 39.77 39.74 39.72 39.69 39.69 39.69 39.66 39.67 39.62 39.55 39.37 39.37 39.51 39.61 39.61 39.66 39.72 39.85 39.87 39.81 39.81 39.93 40.06 40.14 40.17 40.15 40.13 40.14 40.13 40.15 40.18 40.23 40.21 40.21 40.22 40.22 40.2 40.22 40.25 40.23 40.24 40.26 40.27 40.26 40.26 40.27 40.27 40.25 40.26 40.26 40.26 40.29 40.2
39.96 39.9 39.84 39.79 39.77 39.72 39.67 39.69 39.74 39.77 39.8 39.79 39.81 39.83 39.86 39.81 39.78 39.78 39.81 39.81 39.8 39.81 39.84 39.82 39.82 39.79 39.74 39.72 39.69 39.66 39.58 39.52 39.58 39.54 39.55 39.43 39.51 39.62 39.75 39.86 39.88 39.88 39.95 39.95 39.9 39.94 40.07 40.17 40.17 40.13 40.1 40.09 40.11 40.12 40.16 40.18 40.2 40.2 40.23 40.22 40.22 40.2 40.23 40.24 40.22 40.25 40.24 40.25 40.25 40.27 40.27 40.26 40.25 40.25 40.23 40.22 40.25 40.28
39.99 39.92 39.87 39.83 39.8 39.77 39.72 39.72 39.73 39.75 39.79 39.83 39.84 39.85 39.87 39.84 39.8 39.81 39.82 39.79 39.79 39.78 39.81 39.84 39.83 39.83 39.78 39.73 39.67 39.54 39.4 39.22 39.24 39.4 39.53 39.58 39.62 39.67 39.72 39.8 39.86 39.97 40.02 40.02 40.01 40.08 40.15 40.18 40.18 40.14 40.12 40.1 40.12 40.14 40.19 40.19 40.19 40.2 40.23 40.22 40.2 40.22 40.24 40.24 40.22 40.25 40.23 40.23 40.24 40.26 40.28 40.26 40.27 40.24 40.23 40.26 40.21 40.22
40.01 39.96 39.93 39.88 39.82 39.79 39.76 39.74 39.7 39.71 39.75 39.84 39.89 39.87 39.85 39.8 39.78 39.81 39.82 39.77 39.77 39.79 39.81 39.85 39.84 39.78 39.67 39.55 39.39 39.2 39.23 39.33 39.4 39.52 39.59 39.64 39.69 39.73 39.74 39.8 39.89 40.03 40.07 40.08 40.08 40.18 40.23 40.25 40.24 40.21 40.17 40.17 40.17 40.19 40.22 40.2 40.2 40.2 40.22 40.25 40.2 40.23 40.24 40.25 40.22 40.25 40.25 40.24 40.25 40.25 40.25 40.26 40.27 40.25 40.25 40.26 40.23 40.21
40.01 39.99 39.96 39.91 39.83 39.79 39.76 39.77 39.7 39.68 39.7 39.83 39.93 39.91 39.86 39.78 39.79 39.81 39.77 39.81 39.81 39.8 39.81 39.79 39.7 39.59 39.45 39.37 39.35 39.35 39.43 39.56 39.63 39.7 39.69 39.72 39.77 39.85 39.82 39.85 39.93 40.09 40.13 40.12 40.14 40.22 40.25 40.27 40.3 40.25 40.22 40.22 40.21 40.23 40.22 40.2 40.2 40.23 40.22 40.24 40.23 40.23 40.21 40.21 40.23 40.28 40.3 40.27 40.28 40.26 40.26 40.26 40.28 40.27 40.25 40.23 40.21 40.19
39.99 39.99 39.96 39.91 39.84 39.8 39.75 39.76 39.68 39.65 39.67 39.82 39.92 39.95 39.86 39.79 39.78 39.78 39.78 39.8 39.85 39.84 39.76 39.6 39.48 39.32 39.28 39.43 39.53 39.59 39.64 39.71 39.86 40 39.9 39.87 39.9 39.95 39.93 39.93 39.97 40.09 40.12 40.13 40.15 40.22 40.23 40.23 40.28 40.24 40.23 40.25 40.23 40.21 40.2 40.22 40.21 40.24 40.24 40.25 40.27 40.26 40.24 40.27 40.25 40.25 40.27 40.27 40.26 40.29 40.3 40.28 40.28 40.29 40.29 40.28 40.21 40.22
40.01 39.99 39.94 39.9 39.87 39.87 39.78 39.78 39.74 39.67 39.64 39.76 39.85 39.89 39.82 39.78 39.8 39.8 39.8 39.74 39.72 39.68 39.47 39.32 39.28 39.24 39.43 39.7 39.89 39.95 39.98 39.99 40.07 40.18 40.11 40.07 40.09 40.05 40.02 39.99 40 40.04 40.08 40.11 40.14 40.2 40.22 40.2 40.23 40.22 40.25 40.28 40.24 40.17 40.19 40.21 40.23 40.25 40.25 40.23 40.27 40.28 40.24 40.26 40.3 40.28 40.3 40.31 40.32 40.32 40.33 40.31 40.29 40.29 40.28 40.28 40.26 40.25
40.03 40.01 39.94 39.89 39.87 39.84 39.8 39.77 39.76 39.72 39.65 39.7 39.75 39.8 39.83 39.85 39.82 39.75 39.66 39.52 39.52 39.51 39.4 39.57 39.7 39.7 39.81 40.03 40.17 40.24 40.26 40.27 40.28 40.29 40.25 40.23 40.22 40.16 40.07 40.01 40 40.01 40.07 40.1 40.13 40.18 40.22 40.22 40.24 40.26 40.28 40.28 40.21 40.19 40.21 40.23 40.24 40.24 40.23 40.23 40.3 40.28 40.27 40.26 40.29 40.31 40.31 40.33 40.36 40.36 40.34 40.34 40.32 40.33 40.31 40.32 40.29 40.29
40.07 40.01 39.96 39.92 39.88 39.83 39.77 39.72 39.71 39.72 39.68 39.68 39.7 39.75 39.8 39.8 39.73 39.59 39.38 39.48 39.65 39.7 39.69 39.88 40.02 40.11 40.18 40.28 40.37 40.41 40.42 40.44 40.45 40.42 40.35 40.29 40.24 40.21 40.09 40.01 39.98 39.97 40.05 40.09 40.12 40.18 40.22 40.23 40.26 40.24 40.21 40.21 40.2 40.23 40.26 40.23 40.21 40.23 40.23 40.21 40.27 40.29 40.3 40.29 40.32 40.3 40.31 40.34 40.38 40.39 40.37 40.36 40.34 40.37 40.37 40.34 40.32 40.3
40.06 40.02 39.98 39.93 39.88 39.83 39.76 39.68 39.7 39.73 39.71 39.66 39.67 39.64 39.6 39.54 39.49 39.51 39.49 39.69 39.85 39.9 39.95 40.05 40.13 40.39 40.49 40.52 40.53 40.52 40.53 40.56 40.55 40.49 40.41 40.36 40.3 40.22 40.06 39.99 39.94 39.97 40.06 40.06 40.1 40.16 40.21 40.25 40.31 40.3 40.22 40.2 40.23 40.24 40.23 40.23 40.23 40.24 40.24 40.23 40.29 40.29 40.32 40.31 40.33 40.31 40.33 40.37 40.39 40.39 40.39 40.38 40.36 40.37 40.39 40.34 40.33 40.31
40.09 40.06 39.97 39.93 39.92 39.87 39.76 39.72 39.71 39.73 39.71 39.67 39.67 39.64 39.6 39.51 39.46 39.58 39.76 39.89 39.93 39.96 40.04 40.2 40.3 40.7 40.77 40.7 40.6 40.54 40.57 40.63 40.62 40.52 40.43 40.37 40.32 40.23 40.05 39.99 39.96 40 40.05 40.05 40.09 40.17 40.22 40.26 40.31 40.24 40.2 40.19 40.22 40.23 40.22 40.25 40.26 40.29 40.29 40.27 40.29 40.3 40.32 40.31 40.33 40.33 40.34 40.37 40.39 40.4 40.4 40.39 40.38 40.38 40.39 40.35 40.36 40.34
40.08 40.04 39.94 39.92 39.96 39.96 39.89 39.81 39.79 39.8 39.78 39.74 39.7 39.74 39.75 39.72 39.69 39.75 39.9 39.95 39.95 40.02 40.2 40.41 40.52 40.9 40.88 40.76 40.58 40.49 40.58 40.68 40.68 40.57 40.44 40.36 40.32 40.21 40.01 39.98 39.96 40.03 40.11 40.1 40.12 40.2 40.24 40.27 40.26 40.22 40.2 40.19 40.21 40.21 40.22 40.25 40.27 40.29 40.31 40.3 40.29 40.31 40.31 40.32 40.34 40.36 40.35 40.37 40.41 40.42 40.41 40.4 40.4 40.42 40.41 40.38 40.39 40.37
40.03 39.99 39.94 39.94 39.97 40.02 40.01 39.94 39.9 39.92 39.93 39.86 39.76 39.76 39.81 39.87 39.86 39.88 39.97 39.96 39.98 40.09 40.36 40.61 40.73 40.95 40.85 40.71 40.52 40.31 40.43 40.58 40.68 40.61 40.48 40.41 40.32 40.15 40.02 39.98 39.95 40.02 40.06 40.11 40.16 40.2 40.24 40.24 40.21 40.2 40.2 40.2 40.19 40.19 40.22 40.25 40.26 40.28 40.31 40.31 40.32 40.33 40.32 40.33 40.36 40.41 40.4 40.4 40.44 40.44 40.44 40.43 40.44 40.41 40.42 40.41 40.39 40.37
40.01 40 40.01 39.99 39.99 40.05 40.06 40.04 39.99 40 40.04 40.03 39.87 39.62 39.71 39.84 39.89 39.93 39.95 39.94 40 40.15 40.52 40.77 40.92 41.06 40.81 40.59 40.37 40.19 40.31 40.44 40.61 40.57 40.45 40.36 40.16 40.05 39.99 39.98 39.98 40.04 40.09 40.13 40.18 40.22 40.24 40.22 40.19 40.19 40.21 40.23 40.19 40.2 40.22 40.25 40.26 40.29 40.31 40.34 40.37 40.36 40.34 40.34 40.38 40.42 40.43 40.46 40.46 40.46 40.46 40.47 40.47 40.47 40.45 40.42 40.41 40.4
40.02 40.04 40.05 40.02 40.02 40.06 40.05 40.04 40.05 40.06 40.12 40.14 39.96 39.44 39.51 39.76 39.83 39.89 39.96 40 40.05 40.26 40.52 40.67 40.83 41 40.67 40.47 40.26 40.14 40.18 40.29 40.43 40.38 40.3 40.22 40.06 40.04 40.02 40.03 40.05 40.09 40.12 40.14 40.22 40.23 40.23 40.22 40.19 40.18 40.2 40.22 40.18 40.2 40.23 40.26 40.26 40.32 40.33 40.34 40.36 40.38 40.36 40.41 40.4 40.43 40.45 40.47 40.47 40.46 40.46 40.46 40.47 40.47 40.46 40.47 40.46 40.45
40.03 40.04 40.02 40.02 40.05 40.05 40.03 40.01 40.03 40.07 40.1 40.1 39.93 39.52 39.6 39.77 39.84 39.88 39.98 40.08 40.12 40.21 40.33 40.4 40.62 40.65 40.43 40.27 40.17 40.09 40.1 40.14 40.19 40.16 40.15 40.11 40.04 40.06 40.05 40.08 40.09 40.13 40.14 40.15 40.23 40.21 40.2 40.22 40.19 40.2 40.19 40.19 40.2 40.21 40.24 40.28 40.28 40.31 40.33 40.33 40.36 40.39 40.38 40.4 40.43 40.44 40.46 40.47 40.47 40.46 40.46 40.46 40.46 40.46 40.46 40.46 40.46 40.45
40.06 40.02 40.03 40.02 40.06 40.06 40.09 40.07 40.07 40.03 40.04 40.02 39.92 39.68 39.75 39.81 39.83 39.9 40.02 40.09 40.14 40.22 40.25 40.25 40.34 40.33 40.21 40.13 40.12 40.12 40.11 40.09 40.07 40.08 40.07 40.07 40.06 40.07 40.07 40.09 40.12 40.18 40.2 40.2 40.22 40.2 40.2 40.23 40.21 40.21 40.21 40.23 40.26 40.27 40.3 40.31 40.33 40.33 40.33 40.36 40.41 40.4 40.38 40.42 40.45 40.46 40.46 40.46 40.46 40.46 40.46 40.46 40.46 40.46 40.45 40.46 40.48 40.5
40.11 40.06 40.05 40.06 40.08 40.04 40.11 40.09 40.03 40.06 40.01 39.94 39.95 39.9 39.86 39.85 39.84 39.89 40.01 40.1 40.13 40.19 40.19 40.17 40.17 40.18 40.14 40.1 40.13 40.19 40.19 40.16 40.09 40.09 40.09 40.07 40.07 40.06 40.08 40.09 40.13 40.19 40.23 40.24 40.22 40.24 40.26 40.26 40.23 40.23 40.23 40.24 40.28 40.28 40.3 40.31 40.35 40.37 40.37 40.38 40.44 40.43 40.41 40.43 40.46 40.47 40.47 40.47 40.47 40.47 40.47 40.46 40.46 40.45 40.45 40.45 40.47 40.51
40.11 40.1 40.07 40.05 40.03 40.05 40.13 40.11 40.05 40.06 39.99 39.93 39.95 39.95 39.86 39.83 39.8 39.92 40.1 40.15 40.13 40.19 40.24 40.21 40.16 40.18 40.16 40.13 40.16 40.25 40.27 40.27 40.15 40.1 40.12 40.09 40.06 40.06 40.07 40.08 40.11 40.15 40.19 40.21 40.23 40.24 40.25 40.22 40.23 40.26 40.27 40.3 40.31 40.3 40.3 40.33 40.37 40.37 40.4 40.41 40.42 40.42 40.43 40.46 40.48 40.48 40.48 40.47 40.47 40.47 40.46 40.46 40.45 40.45 40.44 40.44 40.45 40.48
40.12 40.11 40.04 40 40.03 40.05 40.07 40.06 40.03 40.02 39.99 39.95 39.95 40.05 40.02 39.97 39.94 39.99 40.09 40.14 40.15 40.21 40.27 40.24 40.2 40.2 40.17 40.15 40.19 40.27 40.29 40.29 40.19 40.1 40.09 40.08 40.08 40.11 40.12 40.1 40.1 40.16 40.2 40.23 40.21 40.23 40.22 40.24 40.24 40.27 40.26 40.28 40.31 40.3 40.29 40.36 40.38 40.39 40.42 40.38 40.38 40.41 40.41 40.45 40.48 40.48 40.47 40.47 40.46 40.46 40.46 40.45 40.45 40.45 40.44 40.44 40.43 40.46
