slabs/84.grd
DSAA
631 301
647040 647670
4946900 4947200
27.87 44.93
[rows 34 to 67 of 300, columns 150 to 224 of 631]
34.26 34.24 34.24 34.23 34.21 34.21 34.21 34.19 34.18 34.18 34.17 34.16 34.13 34.14 34.14 34.12 34.13 34.1 34.06 34.08 34.09 34.08 34.07 34.13 34.47 34.94 35.19 35.68 36.56 37.32 38.42 39.37 39.59 39.62 39.62 39.64 39.68 39.7 39.76 39.8 39.86 39.91 39.91 39.92 39.94 39.96 39.93 39.88 39.84 39.77 39.68 39.64 39.63 39.62 39.64 39.61 39.55 39.56 39.59 39.51 39.51 39.52 39.54 39.58 39.6 39.57 39.54 39.55 39.57 39.57 39.56 39.56 39.56 39.62 39.67
34.48 34.26 34.23 34.22 34.21 34.2 34.21 34.22 34.16 34.17 34.16 34.17 34.17 34.15 34.13 34.11 34.11 34.09 34.1 34.09 34.08 34.08 34.07 34.08 34.14 34.27 34.37 34.53 34.98 35.72 37.25 38.97 39.4 39.44 39.45 39.51 39.59 39.64 39.72 39.8 39.86 39.9 39.89 39.91 39.89 39.91 39.9 39.82 39.83 39.78 39.7 39.66 39.65 39.61 39.53 39.49 39.45 39.49 39.57 39.51 39.46 39.47 39.48 39.51 39.54 39.54 39.5 39.48 39.51 39.55 39.55 39.57 39.56 39.63 39.62
35.25 34.46 34.26 34.22 34.21 34.19 34.19 34.19 34.16 34.15 34.15 34.14 34.17 34.15 34.14 34.12 34.1 34.09 34.11 34.09 34.08 34.06 34.05 34.06 34.06 34.07 34.09 34.06 34.14 34.46 35.47 37.24 38.25 38.6 38.86 39.35 39.55 39.61 39.71 39.81 39.89 39.9 39.9 39.89 39.87 39.9 39.84 39.8 39.81 39.77 39.74 39.7 39.66 39.62 39.57 39.53 39.58 39.58 39.56 39.48 39.42 39.42 39.44 39.46 39.5 39.53 39.52 39.5 39.52 39.55 39.56 39.59 39.6 39.63 39.62
36.68 35.41 34.53 34.3 34.23 34.2 34.22 34.19 34.16 34.15 34.14 34.13 34.14 34.15 34.15 34.13 34.12 34.1 34.11 34.09 34.08 34.06 34.05 34.04 34.07 34.1 34.07 34.05 34.03 34.01 34.15 35 36.14 36.69 37.33 38.95 39.46 39.56 39.71 39.8 39.95 39.97 39.99 39.92 39.86 39.87 39.85 39.8 39.76 39.74 39.74 39.71 39.67 39.61 39.59 39.52 39.54 39.57 39.56 39.49 39.44 39.4 39.42 39.45 39.47 39.51 39.52 39.51 39.54 39.55 39.58 39.6 39.62 39.65 39.67
38.06 36.81 35.96 35.31 34.42 34.25 34.23 34.2 34.16 34.15 34.12 34.13 34.12 34.15 34.15 34.13 34.12 34.11 34.09 34.08 34.08 34.08 34.06 34.03 34.08 34.13 34.06 34.03 34.01 34 34 34.02 34.42 34.68 35.29 37.81 38.94 39.23 39.53 39.73 39.96 40.03 40.04 39.93 39.9 39.9 39.8 39.77 39.74 39.73 39.76 39.74 39.71 39.68 39.63 39.58 39.56 39.57 39.56 39.52 39.48 39.45 39.43 39.45 39.43 39.49 39.5 39.52 39.55 39.57 39.6 39.62 39.64 39.68 39.71
39.38 38.34 37.7 36.93 36.13 35.48 35 34.79 34.31 34.19 34.14 34.13 34.13 34.15 34.13 34.13 34.1 34.1 34.08 34.09 34.08 34.1 34.08 34.05 34.08 34.11 34.05 34.02 34.03 34.02 34 34 33.98 33.97 34.01 35.39 36.93 37.82 38.96 39.47 39.7 39.93 40.01 39.9 39.84 39.83 39.8 39.76 39.73 39.74 39.76 39.75 39.74 39.73 39.69 39.63 39.61 39.59 39.57 39.58 39.53 39.48 39.45 39.46 39.45 39.49 39.52 39.55 39.57 39.6 39.62 39.66 39.68 39.71 39.74
39.87 39.58 39.37 39.07 38.77 37.84 36.86 36.03 35.28 34.84 34.45 34.18 34.15 34.14 34.12 34.11 34.1 34.1 34.09 34.1 34.08 34.11 34.08 34.06 34.09 34.08 34.05 34.06 34.06 34.04 34.01 34.01 34 33.98 33.96 34.04 34.33 35.39 36.77 38.07 38.92 39.35 39.69 39.74 39.77 39.76 39.79 39.76 39.74 39.74 39.77 39.77 39.76 39.76 39.76 39.74 39.71 39.66 39.57 39.56 39.54 39.48 39.46 39.48 39.5 39.52 39.55 39.58 39.6 39.64 39.66 39.7 39.71 39.76 39.78
39.93 39.94 39.95 39.99 39.99 39.5 38.71 37.44 36.8 36.29 35.59 34.79 34.4 34.19 34.13 34.07 34.1 34.1 34.09 34.08 34.07 34.09 34.05 34.07 34.09 34.06 34.07 34.05 34.04 34.03 34.03 34.01 34.02 34.01 33.97 33.97 33.99 34.16 34.79 36.19 37.18 37.74 39.13 39.52 39.62 39.59 39.6 39.68 39.7 39.72 39.78 39.78 39.77 39.78 39.79 39.8 39.78 39.73 39.58 39.57 39.56 39.52 39.51 39.5 39.54 39.56 39.58 39.6 39.63 39.67 39.71 39.73 39.77 39.83 39.85
39.93 39.9 39.92 39.95 39.97 39.95 39.67 38.72 38.4 38.15 37.44 36.1 35.22 34.61 34.28 34.08 34.08 34.07 34.09 34.1 34.07 34.05 34.03 34.06 34.07 34.03 34.03 34 34.01 34.01 33.99 34.01 33.99 33.98 33.98 33.96 33.97 33.95 34.07 34.62 35.35 35.25 35.91 37.19 37.9 37.83 38.73 39.48 39.64 39.74 39.8 39.8 39.78 39.82 39.8 39.78 39.79 39.77 39.66 39.68 39.67 39.63 39.59 39.57 39.61 39.64 39.66 39.66 39.69 39.72 39.73 39.76 39.78 39.82 39.86
39.96 39.92 39.91 39.92 39.91 39.92 39.92 39.67 39.67 39.64 38.97 37.53 36.62 35.87 34.96 34.27 34.11 34.08 34.09 34.08 34.07 34.06 34.05 34.09 34.1 34.06 34.04 34.01 33.98 34 34.01 34 33.99 33.97 33.95 33.96 33.98 33.94 33.95 34.04 34.27 34.04 34.06 34.96 35.7 35.86 37.85 39.24 39.5 39.68 39.76 39.78 39.76 39.85 39.82 39.77 39.77 39.77 39.77 39.77 39.77 39.79 39.71 39.68 39.68 39.69 39.71 39.71 39.75 39.78 39.82 39.82 39.84 39.9 39.89
39.98 39.94 39.92 39.91 39.89 39.91 39.9 39.91 39.97 40.01 39.87 38.98 38.02 37.23 36.3 35.06 34.35 34.13 34.07 34.06 34.09 34.07 34.08 34.09 34.05 34.03 34.04 34.02 34.01 34 33.98 33.98 33.99 33.97 33.96 33.95 33.95 33.93 33.95 33.95 33.93 33.91 33.91 34.05 34.33 34.63 36.42 37.9 38.52 39.15 39.59 39.68 39.68 39.77 39.79 39.74 39.73 39.74 39.76 39.79 39.76 39.78 39.75 39.72 39.72 39.72 39.77 39.78 39.81 39.89 39.92 39.9 39.87 39.87 39.87
39.99 39.96 39.98 39.94 39.91 39.91 39.9 39.89 39.92 39.94 39.98 39.97 39.34 38.65 37.68 36.56 35.61 35.03 34.33 34.11 34.07 34.08 34.07 34.1 34.04 34.02 34.03 34 34.01 34.01 33.99 33.98 33.98 33.97 33.95 33.94 33.93 33.94 33.94 33.93 33.93 33.92 33.91 33.91 33.91 33.9 34.34 35.19 36.34 37.77 38.96 39.41 39.55 39.63 39.64 39.62 39.61 39.68 39.73 39.75 39.74 39.73 39.72 39.75 39.76 39.73 39.76 39.81 39.87 39.9 39.94 39.92 39.86 39.86 39.85
40.02 40 39.97 39.96 39.94 39.92 39.9 39.88 39.89 39.85 39.87 39.95 39.91 39.83 39 38 37.32 36.68 35.47 34.93 34.36 34.58 34.24 34.1 34.04 34.02 34.02 33.99 34.01 34 34 33.98 33.97 33.96 33.95 33.95 33.93 33.94 33.93 33.93 33.94 33.96 33.94 33.93 33.93 33.91 33.91 33.89 34.59 35.59 37.11 38.64 39.26 39.51 39.53 39.5 39.47 39.56 39.64 39.68 39.69 39.72 39.73 39.72 39.69 39.76 39.82 39.89 39.93 39.93 39.94 39.93 39.86 39.84 39.82
40.06 40.04 39.97 39.94 39.96 39.94 39.92 39.89 39.87 39.86 39.84 39.88 39.92 39.96 39.77 39.38 39.04 39 38.54 37.78 36.62 36.19 35.11 34.45 34.13 34.06 34.01 33.99 33.98 33.97 33.99 33.98 33.97 33.97 33.97 33.95 33.93 33.94 33.93 33.92 33.93 33.94 33.95 33.95 33.92 33.9 33.92 33.93 33.89 33.89 34.81 35.95 37.42 38.92 39.44 39.48 39.47 39.5 39.56 39.59 39.62 39.63 39.67 39.7 39.73 39.77 39.8 39.78 39.82 39.87 39.91 39.94 39.87 39.84 39.85
40.09 40.07 40.02 39.95 39.94 39.93 39.95 39.94 39.92 39.9 39.86 39.86 39.87 39.9 39.93 39.9 39.83 39.98 40.06 39.62 38.69 37.85 36.51 35.78 35 34.56 34.14 34.02 33.97 33.97 33.98 33.99 33.98 33.96 33.97 33.96 33.95 33.96 33.94 33.93 33.92 33.93 33.93 33.92 33.91 33.92 33.9 33.85 33.85 33.84 33.99 34.19 34.75 36.49 38.58 39.31 39.38 39.43 39.51 39.57 39.6 39.6 39.61 39.63 39.73 39.77 39.8 39.76 39.74 39.76 39.82 39.87 39.83 39.83 39.86
40.02 40.07 40.08 39.98 39.96 39.96 39.98 39.97 39.96 39.95 39.93 39.93 39.93 39.91 39.89 39.9 39.93 39.95 39.98 39.92 39.59 39.09 38.09 37.86 37.05 36.14 35.03 34.49 34.19 34.01 33.97 33.97 33.98 33.95 33.94 33.95 33.94 33.92 33.94 33.93 33.89 33.91 33.94 33.93 33.92 33.91 33.91 33.91 33.88 33.87 33.87 33.88 33.97 34.65 35.83 36.89 36.84 37.55 38.68 39.25 39.51 39.57 39.58 39.59 39.72 39.75 39.77 39.78 39.74 39.72 39.75 39.75 39.76 39.78 39.8
40 40.04 40.02 39.99 39.96 39.96 39.99 40.01 39.99 39.98 40 39.99 39.99 39.97 39.92 39.89 39.91 39.91 39.92 39.98 40.01 39.92 39.47 39.5 39.29 38.57 37.12 36 35 34.27 34.01 33.96 33.98 33.96 33.95 33.94 33.95 33.93 33.93 33.92 33.92 33.92 33.94 33.92 33.91 33.88 33.86 33.88 33.88 33.86 33.85 33.85 33.85 33.95 34.19 34.66 34.56 35.23 36.72 37.8 38.77 39.42 39.54 39.58 39.72 39.69 39.7 39.71 39.72 39.75 39.76 39.69 39.7 39.73 39.77
39.98 39.99 39.96 39.99 39.98 39.97 40.03 40.06 39.99 40 40 39.98 39.99 40 39.97 39.93 39.91 39.9 39.9 39.94 39.95 39.99 40.02 40.11 40.17 40.08 39.04 37.92 36.91 35.53 34.25 34.01 33.97 33.94 33.93 33.94 33.93 33.92 33.92 33.91 33.92 33.93 33.93 33.92 33.92 33.89 33.88 33.88 33.88 33.86 33.84 33.84 33.84 33.85 33.83 33.83 33.81 34 34.72 35.52 36.97 38.46 39.03 39.41 39.63 39.56 39.63 39.65 39.67 39.71 39.73 39.71 39.69 39.69 39.71
39.97 39.96 39.95 39.97 39.99 39.98 40.03 40.05 40 40 39.98 39.96 39.96 39.97 39.97 39.98 39.96 39.94 39.88 39.87 39.88 39.89 39.98 40.01 40.04 40.08 40.04 39.64 38.95 37.41 35.62 34.75 34.43 34.04 33.95 33.94 33.94 33.95 33.94 33.92 33.9 33.92 33.94 33.92 33.91 33.88 33.87 33.88 33.88 33.87 33.84 33.84 33.84 33.85 33.84 33.84 33.81 33.81 33.81 33.9 34.82 36.36 37.4 38.47 39 39.02 39.48 39.58 39.63 39.66 39.68 39.69 39.67 39.67 39.67
39.97 39.98 39.97 39.95 39.95 39.95 39.96 39.98 40 39.99 39.97 39.97 39.99 39.99 39.96 39.98 39.95 39.95 39.93 39.91 39.9 39.87 39.91 39.93 39.94 39.96 40.05 40.03 39.94 39.71 38.23 37.28 36.18 34.85 34.13 34.02 34.01 33.96 33.94 33.94 33.92 33.92 33.92 33.92 33.9 33.88 33.86 33.86 33.86 33.85 33.83 33.83 33.85 33.84 33.84 33.83 33.82 33.82 33.81 33.8 33.82 34.34 34.98 35.89 36.91 37.6 39.06 39.45 39.55 39.61 39.64 39.64 39.66 39.69 39.66
39.98 39.99 39.98 39.95 39.96 39.96 39.94 39.96 39.99 39.97 39.96 39.96 39.96 39.97 39.96 39.95 39.92 39.97 39.97 39.98 39.96 39.91 39.88 39.88 39.88 39.9 39.96 40 40.04 40.13 39.76 39.41 38.89 37.42 36.05 35.45 35.18 34.45 34.02 33.95 33.93 33.92 33.92 33.92 33.9 33.88 33.88 33.86 33.85 33.83 33.82 33.82 33.85 33.83 33.81 33.8 33.85 33.83 33.83 33.81 33.78 33.75 33.75 33.75 34.76 35.79 37.18 38.29 38.74 39.2 39.48 39.61 39.65 39.69 39.7
40 39.99 39.97 39.95 39.96 39.97 39.97 39.96 39.97 39.96 39.94 39.97 39.95 39.96 39.99 39.99 39.97 39.95 39.93 39.96 39.97 39.94 39.91 39.89 39.87 39.85 39.88 39.89 39.9 39.95 40.04 40.04 40.04 39.39 38.13 37.46 37.02 35.52 34.6 34.2 33.97 33.92 33.94 33.91 33.9 33.89 33.89 33.87 33.86 33.86 33.87 33.84 33.82 33.83 33.83 33.81 33.8 33.81 33.82 33.8 33.78 33.75 33.74 33.72 33.86 34.12 35.11 36.22 37.07 38.68 39.22 39.39 39.57 39.68 39.72
40.01 40 39.99 39.97 39.98 39.97 39.98 39.96 39.95 39.93 39.95 40 39.96 39.95 40 40.02 39.99 39.96 39.95 39.95 39.95 39.94 39.91 39.91 39.9 39.88 39.85 39.84 39.83 39.85 39.89 39.91 39.94 39.95 39.4 39.12 38.65 37.02 36.19 35.51 34.59 34.01 33.93 33.91 33.89 33.88 33.87 33.86 33.88 33.86 33.87 33.85 33.83 33.85 33.83 33.82 33.81 33.79 33.79 33.79 33.76 33.74 33.74 33.73 33.72 33.74 34.03 34.46 35.44 36.83 36.75 37.62 38.66 39.46 39.63
40 39.99 39.98 39.96 39.94 39.96 39.94 39.95 39.94 39.93 39.92 39.91 39.9 39.9 39.93 39.95 39.95 39.98 39.99 39.97 39.95 39.89 39.9 39.9 39.91 39.9 39.86 39.84 39.82 39.83 39.83 39.83 39.87 39.93 39.96 39.99 39.64 38.69 38.51 38.11 36.26 34.5 34.02 33.92 33.9 33.91 33.9 33.89 33.86 33.83 33.82 33.85 33.82 33.84 33.84 33.81 33.79 33.81 33.8 33.78 33.75 33.72 33.73 33.74 33.71 33.7 33.72 33.78 34.19 34.73 34.53 36.06 37.05 38.11 38.93
39.99 39.98 39.98 39.97 39.95 39.98 39.95 39.93 39.92 39.91 39.91 39.88 39.87 39.87 39.88 39.9 39.9 39.93 39.97 39.99 39.99 39.94 39.89 39.86 39.88 39.89 39.87 39.86 39.84 39.82 39.83 39.81 39.79 39.82 39.84 39.88 39.93 39.97 40.01 39.71 38 36.05 34.88 34.23 33.97 33.91 33.89 33.88 33.87 33.84 33.83 33.85 33.82 33.83 33.82 33.8 33.78 33.8 33.79 33.78 33.75 33.74 33.73 33.72 33.7 33.7 33.7 33.69 33.71 33.75 33.74 34.8 35.12 35.74 37.17
40.01 40 39.99 39.99 39.97 39.99 39.98 39.94 39.92 39.9 39.89 39.86 39.85 39.89 39.86 39.87 39.88 39.85 39.92 39.96 40.01 40.03 39.9 39.85 39.86 39.85 39.86 39.87 39.87 39.85 39.84 39.82 39.8 39.76 39.75 39.78 39.84 39.89 39.92 39.94 39.43 37.92 36.86 36.13 35.4 34.49 33.98 33.86 33.84 33.83 33.84 33.83 33.82 33.84 33.82 33.79 33.77 33.76 33.76 33.77 33.75 33.74 33.72 33.7 33.7 33.7 33.71 33.69 33.69 33.7 33.69 33.82 33.8 33.91 34.93
40.06 40.04 40.03 40.02 40 40 39.98 39.95 39.92 39.91 39.88 39.84 39.84 39.88 39.86 39.85 39.87 39.85 39.9 39.91 39.92 39.96 39.9 39.86 39.86 39.83 39.82 39.83 39.82 39.85 39.83 39.84 39.82 39.79 39.76 39.75 39.76 39.8 39.81 39.83 39.83 39.44 38.77 38.13 37.28 36.04 35 34.25 33.99 33.92 33.88 33.82 33.83 33.8 33.8 33.79 33.77 33.75 33.75 33.76 33.75 33.73 33.71 33.7 33.7 33.69 33.71 33.69 33.67 33.68 33.66 33.66 33.69 33.68 33.69
40.07 40.05 40.04 40.03 40.02 40.01 39.99 39.96 39.94 39.92 39.89 39.86 39.86 39.86 39.85 39.85 39.87 39.87 39.88 39.86 39.85 39.85 39.86 39.85 39.82 39.83 39.83 39.79 39.8 39.8 39.81 39.83 39.84 39.78 39.73 39.72 39.71 39.73 39.75 39.77 39.83 39.79 39.66 39.49 39.16 38.5 38.33 37.76 36.64 35.65 34.85 34.02 33.84 33.8 33.78 33.79 33.77 33.75 33.74 33.76 33.74 33.73 33.71 33.7 33.71 33.7 33.7 33.7 33.67 33.65 33.64 33.64 33.65 33.65 33.63
40.06 40.05 40.03 40.02 40.02 40.02 40.01 39.98 39.95 39.93 39.91 39.88 39.87 39.84 39.84 39.85 39.86 39.86 39.88 39.87 39.84 39.82 39.83 39.84 39.85 39.86 39.85 39.81 39.75 39.76 39.8 39.81 39.84 39.81 39.78 39.75 39.72 39.73 39.72 39.71 39.75 39.74 39.75 39.77 39.77 39.7 39.89 39.82 39.06 37.97 36.76 35.34 34.43 34.12 33.89 33.78 33.76 33.76 33.73 33.73 33.72 33.73 33.71 33.71 33.73 33.72 33.7 33.7 33.69 33.68 33.66 33.62 33.63 33.64 33.63
40.06 40.04 40.02 40.02 40.01 40.04 40.03 39.99 39.96 39.95 39.91 39.89 39.85 39.81 39.82 39.8 39.78 39.81 39.85 39.85 39.83 39.84 39.8 39.81 39.8 39.8 39.84 39.81 39.75 39.73 39.73 39.76 39.79 39.8 39.79 39.78 39.71 39.72 39.71 39.73 39.73 39.69 39.68 39.71 39.74 39.78 39.82 39.88 39.87 39.47 38.82 37.49 35.86 35.22 34.58 33.88 33.74 33.74 33.73 33.71 33.7 33.69 33.71 33.7 33.72 33.7 33.7 33.68 33.69 33.67 33.65 33.63 33.64 33.62 33.61
40.05 40.04 40.02 40.01 40 40.04 40.02 40 39.97 39.93 39.87 39.82 39.8 39.79 39.8 39.81 39.82 39.8 39.78 39.78 39.8 39.82 39.81 39.79 39.76 39.76 39.78 39.77 39.74 39.73 39.72 39.78 39.8 39.77 39.75 39.73 39.7 39.7 39.71 39.73 39.73 39.71 39.68 39.71 39.7 39.7 39.75 39.8 39.88 39.91 39.96 39.07 37.72 37.18 36.11 34.35 33.89 33.78 33.74 33.74 33.74 33.71 33.71 33.72 33.7 33.71 33.69 33.71 33.69 33.67 33.66 33.64 33.64 33.63 33.6
40.03 40.03 40.01 40 39.99 40.01 40.01 40.03 39.97 39.92 39.88 39.85 39.81 39.8 39.78 39.76 39.8 39.79 39.78 39.78 39.76 39.79 39.81 39.8 39.76 39.76 39.77 39.77 39.75 39.74 39.72 39.79 39.84 39.82 39.79 39.72 39.7 39.71 39.7 39.7 39.7 39.73 39.7 39.67 39.69 39.64 39.69 39.74 39.79 39.81 39.85 39.89 39.36 38.89 37.41 35.62 34.66 34.06 33.81 33.74 33.72 33.71 33.71 33.69 33.68 33.7 33.68 33.67 33.65 33.65 33.67 33.64 33.61 33.59 33.59
40 40.02 40.01 40 40.01 39.98 39.97 39.98 39.96 39.88 39.84 39.85 39.81 39.81 39.8 39.78 39.77 39.8 39.8 39.79 39.75 39.77 39.8 39.81 39.79 39.76 39.78 39.78 39.77 39.75 39.73 39.76 39.81 39.85 39.83 39.77 39.76 39.78 39.73 39.66 39.68 39.72 39.7 39.66 39.69 39.68 39.66 39.69 39.72 39.73 39.77 39.83 39.86 39.84 38.62 37.56 37.31 36.64 35.07 33.96 33.77 33.72 33.72 33.69 33.66 33.69 33.67 33.67 33.65 33.64 33.64 33.64 33.61 33.58 33.61
39.98 40 40 39.99 39.99 39.95 39.94 39.94 39.91 39.86 39.81 39.82 39.83 39.83 39.83 39.82 39.8 39.82 39.84 39.83 39.81 39.82 39.81 39.81 39.8 39.79 39.8 39.79 39.79 39.79 39.77 39.76 39.77 39.82 39.81 39.79 39.83 39.87 39.83 39.7 39.7 39.7 39.68 39.69 39.73 39.72 39.71 39.73 39.7 39.68 39.71 39.78 39.83 39.84 39.72 39.53 39.24 38.27 36.51 35.24 34.48 34.04 33.84 33.73 33.71 33.7 33.67 33.68 33.68 33.65 33.62 33.6 33.6 33.58 33.6
