slabs/84.grd
DSAA
631 301
647040 647670
4946900 4947200
27.87 44.93
[rows 204 to 237 of 300, columns 300 to 374 of 631]
39.58 39.58 39.64 39.64 39.6 39.59 39.58 39.57 39.6 39.61 39.59 39.61 39.62 39.61 39.59 39.6 39.59 39.57 39.63 39.62 39.59 39.61 39.55 39.55 39.52 39.6 39.66 39.67 39.58 39.52 39.51 39.47 39.51 39.47 39.47 39.49 39.53 39.59 39.59 39.6 39.58 39.55 39.57 39.59 39.57 39.55 39.57 39.59 39.58 39.58 39.59 39.62 39.7 39.7 39.7 39.63 39.65 39.66 39.72 39.67 39.82 39.85 39.9 39.84 39.76 39.75 39.73 39.71 39.72 39.74 39.75 39.79 39.9 40.37 41.02
39.58 39.55 39.59 39.59 39.59 39.6 39.57 39.57 39.6 39.57 39.59 39.61 39.61 39.63 39.61 39.6 39.58 39.54 39.61 39.6 39.57 39.58 39.53 39.55 39.56 39.61 39.64 39.7 39.6 39.56 39.53 39.47 39.5 39.48 39.49 39.54 39.57 39.61 39.63 39.64 39.61 39.56 39.56 39.59 39.57 39.56 39.58 39.62 39.61 39.62 39.62 39.66 39.71 39.7 39.7 39.61 39.66 39.68 39.73 39.76 39.85 39.9 39.94 39.89 39.79 39.77 39.78 39.74 39.72 39.74 39.8 39.98 40.18 40.87 41.3
39.58 39.53 39.56 39.56 39.59 39.6 39.6 39.58 39.59 39.58 39.57 39.56 39.58 39.6 39.62 39.62 39.61 39.59 39.62 39.63 39.59 39.55 39.57 39.6 39.59 39.61 39.63 39.69 39.58 39.55 39.52 39.5 39.53 39.53 39.53 39.56 39.57 39.6 39.6 39.61 39.6 39.58 39.59 39.6 39.6 39.58 39.59 39.61 39.61 39.63 39.68 39.69 39.7 39.7 39.71 39.65 39.73 39.73 39.76 39.79 39.85 39.88 39.9 39.86 39.79 39.76 39.77 39.75 39.73 39.78 40.02 40.42 40.67 41.23 41.37
39.54 39.52 39.55 39.55 39.56 39.58 39.63 39.59 39.58 39.58 39.55 39.54 39.55 39.58 39.63 39.62 39.63 39.63 39.63 39.65 39.62 39.57 39.61 39.63 39.59 39.59 39.59 39.63 39.56 39.53 39.52 39.55 39.57 39.54 39.57 39.57 39.57 39.55 39.55 39.58 39.61 39.58 39.57 39.64 39.61 39.59 39.57 39.61 39.63 39.65 39.71 39.7 39.66 39.67 39.68 39.68 39.71 39.73 39.78 39.81 39.8 39.8 39.88 39.82 39.78 39.74 39.77 39.76 39.77 39.85 40.39 40.97 41.11 41.32 41.41
39.52 39.54 39.59 39.58 39.56 39.6 39.66 39.59 39.58 39.57 39.57 39.55 39.55 39.59 39.6 39.6 39.61 39.63 39.63 39.63 39.63 39.61 39.63 39.65 39.61 39.57 39.55 39.55 39.5 39.48 39.51 39.56 39.55 39.53 39.57 39.56 39.55 39.54 39.53 39.55 39.56 39.56 39.56 39.59 39.59 39.58 39.59 39.63 39.68 39.69 39.73 39.71 39.68 39.69 39.68 39.66 39.66 39.66 39.73 39.76 39.72 39.73 39.91 39.81 39.78 39.74 39.8 39.78 39.81 40.01 40.79 41.28 41.29 41.35 41.45
39.53 39.58 39.6 39.59 39.57 39.59 39.6 39.56 39.58 39.57 39.59 39.58 39.55 39.57 39.58 39.59 39.63 39.64 39.61 39.59 39.64 39.62 39.63 39.65 39.65 39.57 39.57 39.55 39.53 39.5 39.53 39.54 39.55 39.54 39.57 39.54 39.52 39.53 39.53 39.53 39.53 39.55 39.58 39.61 39.59 39.59 39.61 39.67 39.7 39.71 39.73 39.72 39.69 39.72 39.73 39.69 39.65 39.63 39.63 39.63 39.62 39.71 39.92 39.83 39.8 39.76 39.8 39.81 39.91 40.37 41.21 41.33 41.33 41.37 41.49
39.53 39.57 39.57 39.57 39.58 39.54 39.53 39.55 39.61 39.59 39.6 39.6 39.56 39.56 39.57 39.59 39.65 39.65 39.63 39.59 39.6 39.66 39.66 39.71 39.71 39.6 39.58 39.58 39.59 39.57 39.57 39.53 39.57 39.56 39.55 39.57 39.55 39.53 39.51 39.51 39.54 39.57 39.62 39.65 39.63 39.65 39.67 39.69 39.71 39.72 39.7 39.7 39.69 39.73 39.75 39.77 39.73 39.66 39.59 39.63 39.63 39.75 39.89 39.83 39.82 39.83 39.84 39.86 40.09 40.75 41.3 41.34 41.35 41.38 41.44
39.52 39.53 39.55 39.54 39.57 39.56 39.55 39.58 39.63 39.61 39.61 39.63 39.6 39.58 39.59 39.57 39.64 39.66 39.65 39.63 39.64 39.68 39.68 39.69 39.71 39.6 39.59 39.57 39.6 39.54 39.56 39.52 39.52 39.51 39.52 39.59 39.59 39.55 39.5 39.53 39.58 39.6 39.63 39.66 39.67 39.71 39.73 39.72 39.7 39.7 39.65 39.69 39.68 39.7 39.73 39.81 39.79 39.72 39.65 39.83 39.85 39.84 39.81 39.79 39.8 39.81 39.89 40.02 40.39 41.12 41.33 41.42 41.44 41.42 41.47
39.52 39.52 39.54 39.52 39.57 39.55 39.57 39.61 39.63 39.65 39.65 39.64 39.66 39.58 39.59 39.58 39.6 39.6 39.6 39.63 39.64 39.66 39.66 39.67 39.68 39.63 39.61 39.6 39.64 39.6 39.59 39.53 39.52 39.51 39.53 39.59 39.57 39.56 39.52 39.57 39.6 39.62 39.65 39.7 39.7 39.73 39.77 39.75 39.69 39.65 39.6 39.66 39.65 39.64 39.75 39.83 39.78 39.72 39.72 39.92 39.93 39.85 39.79 39.82 39.81 39.83 40.12 40.56 40.94 41.32 41.39 41.44 41.47 41.47 41.47
39.53 39.5 39.5 39.51 39.59 39.58 39.57 39.61 39.67 39.69 39.65 39.6 39.64 39.62 39.61 39.62 39.62 39.63 39.61 39.61 39.62 39.64 39.68 39.69 39.65 39.64 39.61 39.62 39.66 39.65 39.62 39.56 39.56 39.56 39.53 39.56 39.53 39.55 39.57 39.6 39.61 39.64 39.71 39.77 39.73 39.72 39.78 39.77 39.72 39.65 39.63 39.65 39.65 39.67 39.82 39.81 39.76 39.71 39.77 39.94 39.91 39.82 39.79 39.79 39.82 39.94 40.53 41.07 41.25 41.36 41.41 41.44 41.48 41.49 41.49
39.55 39.51 39.52 39.51 39.57 39.6 39.58 39.6 39.69 39.69 39.65 39.62 39.59 39.63 39.62 39.63 39.61 39.65 39.63 39.6 39.61 39.62 39.67 39.69 39.64 39.65 39.64 39.64 39.66 39.65 39.63 39.61 39.59 39.59 39.54 39.53 39.55 39.57 39.62 39.64 39.62 39.65 39.74 39.8 39.72 39.74 39.83 39.82 39.78 39.69 39.68 39.67 39.67 39.69 39.84 39.76 39.78 39.83 39.88 39.91 39.86 39.79 39.81 39.79 39.85 40.18 41 41.31 41.39 41.42 41.44 41.46 41.49 41.48 41.5
39.56 39.52 39.52 39.51 39.54 39.61 39.59 39.6 39.66 39.66 39.64 39.64 39.6 39.64 39.62 39.62 39.63 39.64 39.63 39.6 39.62 39.63 39.65 39.7 39.66 39.67 39.68 39.72 39.7 39.68 39.62 39.62 39.6 39.62 39.59 39.53 39.6 39.62 39.67 39.66 39.65 39.67 39.77 39.79 39.76 39.76 39.85 39.85 39.82 39.75 39.69 39.64 39.66 39.75 39.82 39.75 39.78 39.87 39.9 39.86 39.83 39.82 39.84 39.85 39.99 40.59 41.27 41.35 41.41 41.46 41.49 41.49 41.5 41.5 41.52
39.58 39.56 39.54 39.51 39.52 39.62 39.6 39.6 39.68 39.65 39.64 39.64 39.66 39.66 39.64 39.63 39.66 39.66 39.64 39.61 39.61 39.63 39.65 39.69 39.7 39.7 39.72 39.78 39.72 39.7 39.64 39.62 39.64 39.66 39.63 39.58 39.63 39.66 39.71 39.68 39.68 39.72 39.85 39.86 39.84 39.84 39.9 39.89 39.83 39.74 39.68 39.65 39.65 39.73 39.81 39.77 39.8 39.89 39.89 39.84 39.83 39.87 39.88 39.94 40.26 41.07 41.4 41.4 41.43 41.48 41.52 41.51 41.51 41.53 41.56
39.56 39.55 39.53 39.5 39.51 39.58 39.58 39.61 39.68 39.64 39.64 39.65 39.68 39.67 39.67 39.68 39.68 39.68 39.67 39.63 39.62 39.63 39.64 39.67 39.72 39.72 39.73 39.77 39.7 39.67 39.66 39.65 39.66 39.65 39.64 39.63 39.71 39.71 39.8 39.77 39.76 39.8 39.92 39.88 39.88 39.88 39.87 39.82 39.78 39.71 39.65 39.63 39.62 39.66 39.74 39.75 39.81 39.9 39.86 39.83 39.85 39.93 40.02 40.18 40.75 41.35 41.47 41.46 41.48 41.49 41.5 41.49 41.53 41.55 41.56
39.54 39.55 39.55 39.52 39.5 39.52 39.53 39.6 39.62 39.6 39.63 39.66 39.66 39.66 39.69 39.7 39.7 39.69 39.65 39.64 39.66 39.66 39.66 39.68 39.67 39.7 39.74 39.74 39.71 39.69 39.66 39.68 39.67 39.67 39.69 39.7 39.72 39.73 39.87 39.87 39.83 39.82 39.88 39.88 39.9 39.9 39.83 39.75 39.71 39.65 39.55 39.53 39.51 39.53 39.64 39.74 39.85 39.88 39.86 39.85 39.89 39.98 40.31 40.59 41.22 41.39 41.47 41.47 41.5 41.5 41.49 41.5 41.57 41.57 41.59
39.55 39.57 39.58 39.57 39.5 39.49 39.51 39.56 39.56 39.58 39.62 39.65 39.66 39.66 39.68 39.68 39.7 39.67 39.63 39.64 39.67 39.69 39.7 39.69 39.65 39.68 39.71 39.73 39.7 39.72 39.68 39.66 39.67 39.72 39.78 39.77 39.8 39.79 39.91 39.87 39.83 39.84 39.85 39.89 39.88 39.89 39.78 39.68 39.63 39.55 39.36 39.36 39.38 39.48 39.68 39.79 39.88 39.86 39.89 39.88 39.92 40.1 40.72 40.96 41.34 41.41 41.47 41.48 41.51 41.5 41.57 41.55 41.55 41.55 41.55
39.56 39.57 39.6 39.59 39.53 39.52 39.51 39.53 39.57 39.6 39.62 39.63 39.66 39.64 39.63 39.71 39.68 39.66 39.64 39.62 39.68 39.72 39.71 39.67 39.71 39.7 39.67 39.72 39.74 39.75 39.73 39.73 39.71 39.74 39.86 39.83 39.85 39.83 39.88 39.88 39.84 39.84 39.83 39.87 39.85 39.81 39.68 39.57 39.54 39.47 39.3 39.32 39.39 39.6 39.82 39.85 39.89 39.88 39.9 39.9 40.01 40.39 41.1 41.24 41.4 41.45 41.5 41.5 41.49 41.43 41.52 41.55 41.6 41.56 41.54
39.58 39.56 39.58 39.56 39.57 39.55 39.53 39.54 39.58 39.6 39.58 39.61 39.64 39.62 39.62 39.7 39.65 39.66 39.67 39.61 39.6 39.66 39.7 39.71 39.72 39.71 39.71 39.71 39.72 39.75 39.75 39.74 39.73 39.78 39.88 39.83 39.84 39.84 39.86 39.86 39.82 39.77 39.77 39.81 39.78 39.7 39.59 39.5 39.51 39.48 39.43 39.45 39.54 39.73 39.87 39.87 39.9 39.91 39.94 39.95 40.17 40.84 41.38 41.42 41.47 41.47 41.47 41.5 41.52 41.46 41.47 41.54 41.63 41.58 41.57
39.59 39.56 39.57 39.55 39.6 39.58 39.56 39.55 39.55 39.55 39.58 39.63 39.61 39.61 39.61 39.67 39.62 39.63 39.63 39.62 39.67 39.69 39.72 39.69 39.7 39.74 39.74 39.75 39.76 39.77 39.74 39.74 39.75 39.82 39.88 39.82 39.84 39.86 39.88 39.83 39.79 39.72 39.73 39.75 39.69 39.6 39.54 39.51 39.52 39.53 39.54 39.58 39.63 39.75 39.87 39.89 39.92 39.94 40 40.04 40.5 41.2 41.45 41.44 41.5 41.51 41.56 41.55 41.55 41.53 41.54 41.58 41.64 41.61 41.6
39.63 39.61 39.58 39.55 39.59 39.58 39.56 39.54 39.53 39.54 39.59 39.66 39.65 39.65 39.67 39.65 39.64 39.64 39.65 39.66 39.72 39.72 39.73 39.71 39.73 39.77 39.78 39.8 39.82 39.81 39.8 39.82 39.82 39.87 39.88 39.89 39.88 39.92 39.9 39.84 39.79 39.71 39.71 39.69 39.56 39.47 39.47 39.47 39.47 39.5 39.6 39.71 39.81 39.84 39.9 39.92 39.93 39.96 40.12 40.29 40.96 41.4 41.47 41.45 41.52 41.53 41.59 41.55 41.55 41.61 41.61 41.62 41.64 41.64 41.64
39.66 39.64 39.6 39.56 39.58 39.58 39.56 39.56 39.52 39.53 39.56 39.6 39.63 39.64 39.66 39.65 39.66 39.66 39.65 39.66 39.71 39.75 39.79 39.76 39.77 39.8 39.8 39.86 39.89 39.88 39.87 39.93 39.92 39.94 39.89 39.94 39.9 39.94 39.87 39.83 39.8 39.74 39.59 39.54 39.41 39.42 39.4 39.4 39.39 39.46 39.67 39.78 39.92 39.92 39.96 39.96 39.98 40.05 40.46 40.76 41.3 41.47 41.52 41.51 41.53 41.54 41.56 41.54 41.57 41.63 41.63 41.63 41.64 41.67 41.67
39.63 39.63 39.62 39.59 39.59 39.59 39.58 39.55 39.53 39.53 39.57 39.62 39.65 39.66 39.67 39.66 39.67 39.69 39.67 39.7 39.72 39.74 39.79 39.79 39.79 39.83 39.86 39.93 39.97 39.94 39.87 39.94 39.97 39.97 39.86 39.93 39.86 39.88 39.82 39.78 39.75 39.63 39.43 39.39 39.36 39.45 39.43 39.4 39.37 39.53 39.75 39.85 39.94 40 40.03 40.01 40.02 40.22 40.86 41.11 41.42 41.48 41.51 41.55 41.56 41.56 41.57 41.56 41.58 41.63 41.63 41.66 41.68 41.7 41.69
39.61 39.62 39.61 39.59 39.61 39.61 39.61 39.54 39.55 39.54 39.59 39.65 39.65 39.65 39.64 39.67 39.68 39.69 39.7 39.76 39.77 39.77 39.79 39.82 39.83 39.89 39.89 39.95 39.98 39.94 39.85 39.91 39.97 39.94 39.8 39.87 39.82 39.79 39.77 39.76 39.66 39.48 39.38 39.39 39.4 39.45 39.49 39.49 39.59 39.67 39.81 39.9 39.99 40.05 40.02 40.03 40.09 40.49 41.19 41.34 41.46 41.53 41.52 41.55 41.59 41.57 41.6 41.6 41.61 41.62 41.64 41.69 41.73 41.73 41.71
39.63 39.63 39.62 39.61 39.62 39.62 39.64 39.56 39.58 39.57 39.59 39.62 39.62 39.64 39.64 39.69 39.7 39.71 39.74 39.8 39.81 39.83 39.88 39.88 39.89 39.93 39.87 39.88 39.92 39.9 39.9 39.96 39.96 39.88 39.75 39.77 39.74 39.67 39.61 39.61 39.52 39.43 39.4 39.42 39.46 39.49 39.55 39.64 39.86 39.89 39.95 39.98 40.02 40.07 40.06 40.14 40.33 40.81 41.22 41.44 41.47 41.56 41.56 41.57 41.63 41.59 41.63 41.66 41.67 41.65 41.65 41.69 41.74 41.74 41.73
39.63 39.63 39.62 39.65 39.64 39.64 39.66 39.62 39.61 39.58 39.59 39.59 39.61 39.68 39.71 39.74 39.74 39.75 39.78 39.83 39.84 39.87 39.94 39.94 39.93 39.93 39.88 39.85 39.86 39.85 39.89 39.89 39.88 39.84 39.79 39.8 39.7 39.52 39.46 39.44 39.4 39.4 39.38 39.42 39.49 39.52 39.71 39.85 40.03 39.99 40.02 40.03 40.07 40.11 40.15 40.48 40.9 41.21 41.32 41.49 41.5 41.56 41.57 41.61 41.66 41.64 41.67 41.71 41.71 41.71 41.7 41.7 41.71 41.71 41.72
39.62 39.63 39.64 39.69 39.68 39.67 39.67 39.66 39.64 39.61 39.6 39.61 39.64 39.72 39.78 39.78 39.77 39.75 39.8 39.82 39.82 39.88 39.93 39.94 39.92 39.89 39.84 39.79 39.79 39.81 39.83 39.81 39.82 39.84 39.85 39.78 39.57 39.36 39.34 39.36 39.32 39.32 39.36 39.42 39.5 39.61 39.84 39.97 40.08 40.01 40.03 40.07 40.13 40.19 40.34 40.91 41.38 41.5 41.53 41.54 41.55 41.58 41.6 41.63 41.67 41.65 41.67 41.7 41.73 41.75 41.74 41.73 41.68 41.69 41.7
39.65 39.65 39.67 39.72 39.71 39.7 39.69 39.67 39.67 39.65 39.62 39.64 39.65 39.71 39.76 39.76 39.75 39.73 39.76 39.79 39.8 39.82 39.82 39.86 39.87 39.84 39.83 39.8 39.77 39.76 39.8 39.8 39.78 39.74 39.7 39.58 39.35 39.29 39.33 39.36 39.34 39.29 39.37 39.45 39.57 39.71 39.93 40 40.07 40.04 40.06 40.12 40.18 40.35 40.64 41.25 41.47 41.51 41.55 41.58 41.58 41.61 41.64 41.67 41.66 41.64 41.65 41.67 41.71 41.78 41.78 41.74 41.74 41.73 41.73
39.69 39.69 39.7 39.74 39.73 39.72 39.73 39.7 39.73 39.72 39.64 39.65 39.66 39.71 39.73 39.72 39.73 39.73 39.69 39.74 39.77 39.81 39.82 39.84 39.83 39.83 39.78 39.79 39.78 39.79 39.76 39.72 39.65 39.54 39.52 39.42 39.29 39.31 39.37 39.43 39.54 39.56 39.69 39.77 39.85 39.87 39.99 40.04 40.07 40.09 40.1 40.17 40.28 40.64 40.97 41.47 41.48 41.52 41.55 41.56 41.58 41.58 41.62 41.69 41.69 41.68 41.69 41.7 41.69 41.71 41.74 41.75 41.78 41.78 41.81
39.69 39.7 39.71 39.75 39.74 39.73 39.74 39.71 39.75 39.78 39.63 39.67 39.67 39.69 39.71 39.7 39.72 39.73 39.71 39.72 39.76 39.8 39.77 39.78 39.77 39.79 39.8 39.8 39.78 39.81 39.61 39.55 39.48 39.41 39.46 39.42 39.37 39.39 39.51 39.62 39.88 39.94 40.07 40.11 40.1 40.04 40.05 40.09 40.1 40.12 40.15 40.3 40.55 41.05 41.26 41.53 41.53 41.55 41.57 41.57 41.66 41.67 41.65 41.66 41.65 41.65 41.71 41.75 41.73 41.73 41.75 41.79 41.8 41.79 41.81
39.7 39.72 39.74 39.74 39.75 39.73 39.73 39.7 39.72 39.72 39.66 39.66 39.67 39.69 39.71 39.73 39.76 39.75 39.72 39.73 39.76 39.8 39.74 39.75 39.78 39.78 39.78 39.74 39.65 39.7 39.52 39.53 39.54 39.4 39.47 39.5 39.55 39.64 39.83 39.95 40.15 40.13 40.13 40.1 40.07 40.1 40.11 40.11 40.12 40.22 40.26 40.56 41.04 41.33 41.43 41.56 41.62 41.6 41.59 41.62 41.7 41.68 41.68 41.66 41.66 41.66 41.72 41.76 41.75 41.75 41.78 41.81 41.8 41.79 41.8
39.75 39.74 39.73 39.71 39.72 39.74 39.73 39.7 39.69 39.68 39.65 39.66 39.67 39.68 39.69 39.7 39.74 39.77 39.69 39.72 39.79 39.78 39.71 39.7 39.75 39.74 39.62 39.58 39.52 39.58 39.55 39.63 39.75 39.49 39.46 39.56 39.76 39.95 40.11 40.18 40.2 40.12 40.09 40.08 40.08 40.11 40.12 40.13 40.18 40.37 40.44 40.87 41.49 41.5 41.53 41.58 41.62 41.6 41.59 41.66 41.65 41.6 41.64 41.68 41.71 41.7 41.73 41.77 41.78 41.79 41.81 41.8 41.78 41.78 41.81
39.73 39.72 39.71 39.72 39.71 39.71 39.7 39.67 39.68 39.67 39.66 39.65 39.68 39.69 39.69 39.7 39.71 39.7 39.64 39.65 39.71 39.58 39.52 39.52 39.58 39.6 39.5 39.49 39.5 39.56 39.62 39.67 39.85 39.65 39.57 39.67 39.94 40.08 40.11 40.14 40.1 40.11 40.12 40.16 40.11 40.13 40.14 40.17 40.28 40.5 40.67 41.14 41.53 41.55 41.54 41.6 41.66 41.63 41.63 41.7 41.66 41.63 41.64 41.67 41.72 41.71 41.71 41.76 41.78 41.78 41.79 41.79 41.77 41.76 41.84
39.7 39.69 39.66 39.68 39.67 39.68 39.68 39.65 39.66 39.66 39.65 39.65 39.65 39.66 39.67 39.66 39.61 39.49 39.51 39.46 39.48 39.38 39.33 39.35 39.43 39.43 39.47 39.48 39.51 39.59 39.77 39.81 39.95 39.87 39.86 39.92 40.1 40.13 40.11 40.08 40.07 40.11 40.15 40.15 40.15 40.17 40.18 40.26 40.42 40.66 40.96 41.42 41.55 41.57 41.59 41.65 41.69 41.67 41.66 41.69 41.69 41.68 41.65 41.68 41.72 41.73 41.75 41.77 41.77 41.76 41.74 41.79 41.8 41.79 41.86
39.68 39.67 39.61 39.64 39.64 39.66 39.66 39.64 39.65 39.66 39.67 39.66 39.6 39.53 39.54 39.49 39.38 39.29 39.39 39.3 39.28 39.34 39.25 39.32 39.43 39.4 39.4 39.46 39.59 39.77 40.04 40.07 40.07 40.03 40.04 40.11 40.12 40.1 40.1 40.07 40.1 40.13 40.14 40.13 40.16 40.2 40.21 40.33 40.55 40.87 41.19 41.53 41.58 41.59 41.6 41.65 41.65 41.66 41.67 41.69 41.71 41.7 41.69 41.75 41.75 41.77 41.82 41.79 41.79 41.77 41.74 41.82 41.86 41.87 41.86
