slabs/84.grd
DSAA
631 301
647040 647670
4946900 4947200
27.87 44.93
[rows 170 to 203 of 300, columns 75 to 149 of 631]
40.08 40.1 40.11 40.11 40.1 40.1 40.08 40.04 39.96 39.96 39.97 39.97 39.94 39.97 39.97 40.04 40.09 40.05 39.96 40.03 40.07 40.05 39.98 40.07 40.09 40.07 40 40.04 40.1 40.09 40.01 40.03 40.05 40.05 39.99 39.99 40 40 39.96 39.95 39.97 40.01 39.91 39.82 39.88 39.99 39.9 39.85 39.9 39.96 39.93 39.84 39.87 39.89 39.82 39.79 39.81 39.84 39.79 39.73 39.74 39.75 39.74 39.73 39.71 39.71 39.73 39.73 39.71 39.71 39.7 39.69 39.67 39.65 39.65
40.11 40.12 40.11 40.1 40.11 40.1 40.08 40.05 39.97 39.98 39.98 39.99 39.91 39.95 39.95 40.01 40.07 40.05 39.97 40.01 40.08 40.08 40.01 40.03 40.08 40.07 40.04 40.01 40.03 40.05 40.03 40 40.02 40.04 40 39.97 39.97 39.99 39.98 39.88 39.92 40.01 39.93 39.83 39.86 39.94 39.94 39.84 39.87 39.93 39.9 39.82 39.84 39.87 39.84 39.8 39.8 39.81 39.8 39.76 39.76 39.76 39.74 39.74 39.73 39.74 39.74 39.73 39.71 39.7 39.68 39.66 39.63 39.58 39.58
40.11 40.11 40.1 40.08 40.09 40.12 40.09 40.04 39.99 39.99 39.99 40 39.92 39.95 39.96 39.98 40.05 40.04 39.99 39.97 40.05 40.07 40.05 39.99 40.06 40.07 40.08 40 40.01 40.03 40.05 39.98 39.98 40 40 39.91 39.92 39.98 39.99 39.86 39.88 39.97 39.94 39.83 39.83 39.88 39.92 39.83 39.84 39.88 39.87 39.81 39.79 39.81 39.83 39.79 39.8 39.79 39.79 39.78 39.79 39.79 39.74 39.73 39.73 39.76 39.74 39.73 39.7 39.64 39.61 39.6 39.58 39.54 39.63
40.11 40.1 40.1 40.1 40.09 40.1 40.09 40.04 40.02 40 39.99 39.97 39.94 39.98 39.98 39.94 39.99 40.01 40 39.93 39.99 40.02 40.04 39.98 40.03 40.08 40.1 40.01 40.02 40.03 40.08 39.97 39.95 39.98 40 39.9 39.9 39.96 40.02 39.91 39.87 39.9 39.93 39.84 39.82 39.85 39.88 39.84 39.81 39.84 39.86 39.83 39.8 39.78 39.81 39.8 39.8 39.82 39.8 39.8 39.8 39.8 39.75 39.75 39.74 39.76 39.71 39.69 39.63 39.55 39.53 39.57 39.68 39.77 40.01
40.12 40.1 40.1 40.1 40.09 40.09 40.08 40.07 40.04 40.02 39.99 39.95 39.96 39.98 39.97 39.94 39.93 39.97 39.99 39.93 39.96 39.99 40.02 39.99 39.97 40.05 40.12 40.03 40.01 40.01 40.12 40.01 39.97 39.97 40.01 39.94 39.91 39.94 39.98 39.94 39.88 39.85 39.89 39.87 39.83 39.82 39.85 39.84 39.82 39.81 39.82 39.82 39.81 39.78 39.79 39.8 39.82 39.84 39.82 39.83 39.81 39.79 39.76 39.76 39.73 39.69 39.62 39.61 39.57 39.58 39.66 39.8 40.06 40.28 40.46
40.09 40.08 40.09 40.09 40.09 40.08 40.09 40.09 40.06 40.03 40 39.96 39.96 39.95 39.94 39.96 39.94 39.95 39.97 39.97 39.94 39.98 40.04 40.04 39.95 39.99 40.06 40.06 40.03 39.99 40.11 40.04 39.99 39.95 40.01 39.99 39.94 39.9 39.95 39.96 39.89 39.84 39.88 39.88 39.84 39.8 39.82 39.82 39.82 39.79 39.8 39.81 39.82 39.82 39.8 39.81 39.83 39.83 39.84 39.84 39.8 39.75 39.72 39.72 39.64 39.58 39.58 39.62 39.72 39.98 40.15 40.31 40.49 40.59 40.6
40.06 40.06 40.07 40.07 40.09 40.09 40.09 40.07 40.05 40.03 39.99 39.95 39.94 39.94 39.91 39.95 39.95 39.96 39.96 39.96 39.95 39.98 40.05 40.07 40.03 40 40.07 40.06 40.02 39.98 40.04 40.03 39.99 39.93 39.98 39.98 39.94 39.86 39.89 39.91 39.87 39.83 39.85 39.85 39.82 39.78 39.8 39.8 39.81 39.8 39.8 39.81 39.84 39.84 39.81 39.81 39.83 39.82 39.81 39.8 39.74 39.69 39.66 39.65 39.6 39.67 39.82 39.96 40.22 40.47 40.51 40.6 40.62 40.61 40.62
40.07 40.07 40.06 40.07 40.11 40.1 40.09 40.06 40.04 40.03 39.99 39.95 39.94 39.95 39.93 39.94 39.97 39.95 39.92 39.96 39.96 39.97 40.01 40.06 40.04 40 40.07 40.08 40.05 39.98 40 40.02 40 39.93 39.94 39.94 39.92 39.84 39.85 39.87 39.86 39.82 39.83 39.83 39.82 39.79 39.81 39.81 39.81 39.81 39.81 39.81 39.83 39.82 39.8 39.8 39.8 39.78 39.72 39.69 39.62 39.61 39.67 39.74 39.92 40.18 40.25 40.44 40.58 40.63 40.63 40.63 40.64 40.63 40.63
40.08 40.08 40.06 40.05 40.11 40.09 40.08 40.05 40.06 40.03 40 39.96 39.9 39.93 39.94 39.93 39.98 39.94 39.94 40 40 39.95 39.98 40.08 40.07 39.98 40.01 40.06 40.05 39.96 39.97 40.01 40 39.92 39.89 39.91 39.89 39.85 39.83 39.85 39.84 39.8 39.83 39.83 39.83 39.8 39.83 39.83 39.83 39.81 39.81 39.82 39.82 39.79 39.77 39.76 39.72 39.66 39.59 39.6 39.6 39.76 39.96 40.15 40.41 40.57 40.58 40.64 40.66 40.69 40.68 40.68 40.68 40.65 40.64
40.07 40.08 40.07 40.02 40.04 40.04 40.07 40.07 40.08 40.06 40.01 39.94 39.9 39.91 39.94 39.94 39.96 39.94 39.97 40.08 40.06 39.97 39.97 40.09 40.07 39.98 39.98 40.03 40.04 39.97 39.92 39.99 39.96 39.9 39.86 39.91 39.88 39.85 39.84 39.84 39.83 39.8 39.85 39.85 39.85 39.81 39.81 39.81 39.82 39.8 39.82 39.81 39.8 39.74 39.67 39.65 39.61 39.61 39.63 39.8 40.05 40.31 40.38 40.56 40.62 40.66 40.68 40.69 40.69 40.71 40.7 40.69 40.68 40.67 40.66
40.05 40.05 40.05 40.03 40.02 40.04 40.06 40.06 40.05 40.06 40.02 39.94 39.93 39.91 39.94 39.9 39.92 39.94 39.96 40.05 40.05 39.97 39.96 40.05 40.05 40 39.98 39.98 40 39.97 39.89 39.93 39.9 39.89 39.86 39.9 39.87 39.85 39.85 39.86 39.86 39.83 39.85 39.85 39.84 39.85 39.82 39.82 39.81 39.81 39.78 39.75 39.68 39.62 39.6 39.62 39.74 40 40.07 40.29 40.48 40.57 40.6 40.67 40.68 40.7 40.71 40.7 40.69 40.69 40.69 40.67 40.62 40.59 40.56
40.04 40.03 40.04 40.04 40.01 40.02 40.05 40.03 40.04 40.05 40.04 39.99 39.97 39.92 39.93 39.94 39.93 39.94 39.94 40 40.01 40 39.96 39.96 39.99 39.99 39.95 39.93 39.95 39.94 39.89 39.88 39.89 39.89 39.9 39.89 39.88 39.87 39.87 39.88 39.88 39.83 39.82 39.82 39.8 39.83 39.82 39.8 39.77 39.7 39.65 39.64 39.65 39.74 39.87 40 40.25 40.47 40.49 40.59 40.65 40.66 40.68 40.7 40.7 40.71 40.71 40.68 40.69 40.65 40.64 40.53 40.33 40.22 40.14
40.07 40.05 40.06 40.05 40.03 40.03 40.03 40.04 40.05 40.04 40.03 39.99 39.97 39.93 39.91 39.97 39.95 39.92 39.95 39.97 40 40.03 39.96 39.9 39.93 39.98 39.92 39.91 39.91 39.93 39.91 39.89 39.91 39.89 39.9 39.91 39.91 39.89 39.89 39.9 39.91 39.85 39.83 39.82 39.78 39.77 39.75 39.69 39.68 39.61 39.63 39.75 40 40.17 40.25 40.45 40.6 40.65 40.66 40.69 40.7 40.71 40.71 40.72 40.7 40.68 40.68 40.64 40.58 40.51 40.44 40.17 39.87 39.78 39.68
40.06 40.05 40.04 40.03 40.03 40.02 40.01 40.05 40.05 40.04 40.04 39.99 39.96 39.93 39.92 39.98 39.96 39.89 39.96 39.97 40 40.03 39.97 39.91 39.93 39.96 39.9 39.89 39.88 39.92 39.92 39.9 39.91 39.92 39.9 39.91 39.91 39.88 39.87 39.87 39.86 39.83 39.77 39.76 39.72 39.65 39.66 39.65 39.71 39.82 39.89 40.16 40.45 40.56 40.57 40.66 40.71 40.7 40.7 40.71 40.71 40.73 40.72 40.71 40.68 40.63 40.6 40.51 40.25 40.15 40.03 39.72 39.57 39.59 39.59
40.06 40.06 40.03 40.01 40.02 40.01 40.01 40.03 40.04 40.03 40.02 40.01 39.98 39.96 39.96 39.99 39.98 39.9 39.96 39.98 40 40.03 40 39.93 39.92 39.91 39.9 39.88 39.89 39.91 39.92 39.91 39.94 39.93 39.89 39.88 39.86 39.86 39.88 39.84 39.81 39.75 39.68 39.66 39.62 39.66 39.78 39.89 40.1 40.25 40.33 40.54 40.69 40.73 40.73 40.72 40.73 40.71 40.71 40.71 40.7 40.72 40.7 40.66 40.57 40.46 40.35 40.14 39.76 39.7 39.65 39.56 39.58 39.59 39.62
40.08 40.05 40.04 40.01 40 40.01 40.02 40.01 40.03 40.03 39.98 40.02 40.01 39.98 39.98 39.99 39.99 39.94 39.94 39.97 39.99 40.02 40 39.98 39.93 39.9 39.92 39.9 39.9 39.93 39.94 39.93 39.92 39.91 39.89 39.87 39.85 39.82 39.81 39.76 39.73 39.66 39.61 39.66 39.82 40 40.12 40.32 40.51 40.59 40.64 40.72 40.75 40.76 40.76 40.74 40.74 40.71 40.72 40.7 40.66 40.65 40.61 40.46 40.25 40.07 39.92 39.69 39.49 39.52 39.59 39.62 39.64 39.65 39.67
40.07 40.03 40.04 40.03 40 40.01 40.01 40 40.03 40.03 40 40.03 40 39.98 39.98 39.99 40 39.98 39.87 39.92 40.01 40.01 39.98 39.97 39.96 39.92 39.93 39.92 39.92 39.94 39.95 39.94 39.94 39.92 39.91 39.86 39.82 39.74 39.71 39.69 39.74 39.83 39.87 40.04 40.3 40.44 40.51 40.64 40.7 40.74 40.75 40.77 40.77 40.75 40.76 40.76 40.72 40.71 40.68 40.61 40.49 40.38 40.3 40.02 39.8 39.7 39.66 39.58 39.61 39.62 39.65 39.63 39.67 39.68 39.69
40.06 40.03 40.02 40.02 40 39.99 39.98 40.01 40.01 39.99 40.01 40.02 40 40.01 39.99 40.02 40.02 39.99 39.84 39.89 39.99 39.98 39.97 39.96 39.95 39.94 39.93 39.92 39.94 39.93 39.93 39.92 39.89 39.85 39.84 39.79 39.74 39.75 39.74 39.82 40.03 40.25 40.42 40.53 40.68 40.7 40.74 40.77 40.77 40.77 40.78 40.79 40.77 40.74 40.74 40.73 40.63 40.61 40.51 40.3 40.03 39.88 39.77 39.62 39.62 39.65 39.7 39.66 39.65 39.65 39.67 39.68 39.71 39.71 39.71
40.07 40.02 40 39.98 39.98 39.98 39.95 40.02 40.01 39.99 40.01 40.03 40.02 40.04 40.04 40.05 40.09 40.07 39.93 39.92 39.98 39.99 39.96 39.95 39.93 39.91 39.94 39.93 39.93 39.94 39.91 39.9 39.87 39.82 39.8 39.78 39.83 40.2 40.22 40.32 40.5 40.66 40.79 40.78 40.8 40.78 40.78 40.79 40.8 40.78 40.78 40.77 40.75 40.7 40.67 40.57 40.36 40.25 40.07 39.76 39.6 39.62 39.67 39.7 39.7 39.69 39.7 39.68 39.71 39.7 39.69 39.72 39.74 39.73 39.72
40.05 40.01 39.97 39.99 39.98 39.98 39.98 39.98 39.98 40 39.99 40 40.02 40.03 40.05 40.06 40.1 40.09 39.99 39.94 39.94 39.98 39.95 39.93 39.92 39.9 39.92 39.9 39.89 39.9 39.86 39.88 40.02 40.12 40.12 40.2 40.3 40.67 40.69 40.75 40.8 40.82 40.81 40.81 40.78 40.79 40.8 40.79 40.78 40.77 40.76 40.72 40.63 40.54 40.42 40.11 39.88 39.83 39.63 39.56 39.66 39.67 39.71 39.73 39.72 39.73 39.73 39.72 39.72 39.71 39.71 39.73 39.73 39.72 39.71
40.03 40 39.99 39.96 39.95 39.96 39.99 39.98 39.97 39.98 40.01 40.01 40.03 40.06 40.03 40.05 40.07 40.06 40.01 39.93 39.9 39.98 39.93 39.91 39.89 39.9 39.88 39.81 39.87 39.96 39.98 40.14 40.38 40.56 40.6 40.71 40.76 40.75 40.76 40.77 40.81 40.82 40.81 40.8 40.76 40.79 40.79 40.78 40.74 40.69 40.64 40.49 40.25 40.09 39.89 39.62 39.58 39.63 39.68 39.69 39.7 39.71 39.73 39.74 39.74 39.75 39.75 39.73 39.7 39.7 39.72 39.72 39.71 39.7 39.69
40.02 39.99 39.98 39.95 39.95 39.94 39.96 39.96 39.98 39.98 39.99 39.99 40.02 40.05 40.03 40.04 40.05 40.03 40 39.94 39.86 39.95 39.86 39.84 39.81 39.88 39.88 39.89 40.08 40.24 40.33 40.57 40.7 40.77 40.79 40.81 40.79 40.78 40.78 40.81 40.79 40.79 40.8 40.81 40.79 40.82 40.78 40.73 40.57 40.42 40.27 39.98 39.74 39.7 39.66 39.67 39.71 39.73 39.74 39.74 39.75 39.74 39.74 39.75 39.76 39.76 39.77 39.76 39.71 39.71 39.72 39.71 39.71 39.7 39.69
40.01 40 39.97 39.97 39.96 39.92 39.95 39.96 39.98 40 40 40 40 40.03 40.02 40.01 40.02 39.97 39.95 39.91 39.8 39.83 39.77 39.8 39.84 40.02 40.09 40.28 40.51 40.62 40.66 40.76 40.77 40.79 40.8 40.82 40.82 40.81 40.81 40.84 40.78 40.78 40.78 40.78 40.72 40.69 40.6 40.44 40.11 40.03 39.83 39.69 39.68 39.69 39.73 39.75 39.79 39.78 39.76 39.76 39.75 39.75 39.75 39.76 39.78 39.78 39.78 39.77 39.76 39.74 39.71 39.71 39.73 39.74 39.72
40 40 39.97 39.97 39.96 39.94 39.97 39.98 40 40.02 40.02 40.01 39.97 40 40 39.97 39.94 39.87 39.83 39.78 39.73 39.81 39.83 39.96 40.18 40.43 40.5 40.68 40.75 40.77 40.78 40.8 40.79 40.8 40.81 40.83 40.81 40.8 40.81 40.8 40.8 40.78 40.71 40.63 40.46 40.3 40.14 39.92 39.72 39.73 39.72 39.73 39.77 39.77 39.77 39.79 39.81 39.8 39.79 39.78 39.78 39.77 39.76 39.76 39.77 39.77 39.76 39.78 39.78 39.78 39.73 39.72 39.73 39.77 39.75
39.97 39.98 39.97 39.97 39.97 39.96 39.98 40 40.02 40.02 40.02 39.99 39.94 39.93 39.91 39.89 39.79 39.68 39.71 39.74 39.89 40.13 40.2 40.41 40.61 40.77 40.78 40.81 40.8 40.78 40.79 40.85 40.81 40.8 40.8 40.8 40.8 40.82 40.79 40.75 40.69 40.6 40.47 40.24 40.02 39.92 39.76 39.7 39.71 39.73 39.77 39.79 39.81 39.8 39.77 39.78 39.8 39.79 39.81 39.8 39.8 39.79 39.77 39.75 39.76 39.76 39.76 39.76 39.76 39.79 39.75 39.74 39.75 39.77 39.78
39.99 39.98 39.96 40 40 40 40 40.02 40.02 39.99 39.99 39.95 39.88 39.8 39.72 39.73 39.72 39.69 39.83 40.06 40.4 40.61 40.65 40.76 40.8 40.81 40.82 40.83 40.83 40.84 40.84 40.83 40.79 40.8 40.79 40.78 40.77 40.7 40.66 40.53 40.37 40.27 40.01 39.78 39.74 39.75 39.75 39.76 39.8 39.8 39.8 39.8 39.8 39.81 39.78 39.75 39.78 39.79 39.79 39.78 39.8 39.79 39.77 39.77 39.79 39.79 39.78 39.74 39.75 39.76 39.76 39.75 39.76 39.78 39.81
40.02 40.02 39.99 40.02 40.02 40.03 40.03 40.02 39.97 39.92 39.87 39.84 39.75 39.67 39.59 39.74 40.05 40.3 40.38 40.59 40.74 40.83 40.83 40.84 40.85 40.83 40.83 40.83 40.84 40.83 40.83 40.81 40.8 40.81 40.78 40.7 40.57 40.41 40.29 40.09 39.94 39.9 39.76 39.72 39.77 39.8 39.84 39.85 39.86 39.85 39.83 39.79 39.79 39.79 39.78 39.74 39.79 39.8 39.77 39.76 39.79 39.81 39.78 39.79 39.81 39.84 39.79 39.76 39.75 39.77 39.78 39.75 39.76 39.8 39.84
40.04 40.04 40.03 40.03 40.02 40 40 39.96 39.87 39.76 39.69 39.68 39.73 39.82 39.93 40.28 40.59 40.74 40.78 40.83 40.85 40.87 40.85 40.86 40.87 40.85 40.84 40.83 40.83 40.83 40.83 40.8 40.74 40.72 40.63 40.41 40.19 40.09 39.93 39.82 39.79 39.79 39.78 39.82 39.84 39.86 39.88 39.88 39.89 39.89 39.87 39.82 39.79 39.79 39.78 39.76 39.78 39.79 39.78 39.74 39.76 39.82 39.8 39.79 39.81 39.84 39.8 39.76 39.77 39.82 39.85 39.72 39.74 39.8 39.82
40.06 40.05 40.03 40.01 39.97 39.94 39.86 39.79 39.74 39.68 39.73 39.89 40.24 40.41 40.5 40.7 40.82 40.86 40.86 40.86 40.86 40.86 40.85 40.87 40.85 40.84 40.83 40.83 40.84 40.83 40.79 40.69 40.52 40.48 40.28 39.98 39.87 39.9 39.82 39.8 39.83 39.84 39.85 39.85 39.85 39.87 39.9 39.9 39.9 39.91 39.91 39.88 39.84 39.81 39.78 39.78 39.8 39.79 39.78 39.72 39.76 39.83 39.82 39.76 39.79 39.85 39.82 39.78 39.78 39.8 39.85 39.79 39.77 39.76 39.8
40.06 40 39.97 39.95 39.86 39.76 39.65 39.69 39.83 40.19 40.27 40.47 40.63 40.77 40.79 40.84 40.87 40.9 40.89 40.89 40.88 40.87 40.86 40.85 40.84 40.82 40.8 40.75 40.76 40.72 40.56 40.35 40.12 40.1 39.99 39.83 39.81 39.87 39.86 39.85 39.85 39.85 39.86 39.87 39.87 39.88 39.9 39.92 39.95 39.94 39.93 39.9 39.85 39.84 39.8 39.78 39.78 39.78 39.8 39.74 39.76 39.79 39.81 39.81 39.81 39.81 39.82 39.8 39.8 39.8 39.85 39.83 39.79 39.77 39.8
39.98 39.91 39.85 39.83 39.77 39.64 39.8 40.22 40.42 40.59 40.65 40.77 40.82 40.85 40.86 40.87 40.9 40.89 40.9 40.89 40.87 40.85 40.83 40.78 40.75 40.68 40.62 40.31 40.28 40.24 40.12 40.02 39.89 39.89 39.92 39.91 39.89 39.88 39.86 39.86 39.88 39.87 39.88 39.88 39.89 39.9 39.91 39.94 39.94 39.95 39.95 39.91 39.9 39.87 39.81 39.81 39.8 39.78 39.79 39.77 39.78 39.78 39.84 39.81 39.81 39.82 39.84 39.82 39.82 39.79 39.83 39.82 39.8 39.79 39.8
39.84 39.79 39.77 39.85 40.16 40.27 40.38 40.66 40.76 40.82 40.82 40.87 40.86 40.88 40.87 40.88 40.88 40.88 40.87 40.85 40.82 40.77 40.62 40.45 40.32 40.24 40.13 39.84 39.84 39.83 39.86 39.92 39.94 39.94 39.94 39.92 39.92 39.9 39.9 39.9 39.92 39.91 39.92 39.89 39.91 39.92 39.93 39.95 39.96 39.97 39.95 39.93 39.92 39.88 39.84 39.84 39.81 39.78 39.78 39.8 39.8 39.82 39.88 39.88 39.85 39.82 39.84 39.84 39.83 39.79 39.8 39.81 39.81 39.81 39.8
39.82 39.9 39.98 40.31 40.6 40.71 40.74 40.83 40.86 40.87 40.86 40.87 40.87 40.87 40.87 40.87 40.85 40.83 40.79 40.68 40.59 40.53 40.23 39.97 39.84 39.81 39.74 39.8 39.88 39.92 39.96 39.96 39.95 39.94 39.96 39.97 39.95 39.94 39.95 39.95 39.94 39.91 39.95 39.9 39.89 39.89 39.91 39.94 39.95 39.97 39.96 39.95 39.93 39.89 39.87 39.87 39.83 39.79 39.77 39.78 39.81 39.84 39.9 39.93 39.9 39.84 39.84 39.87 39.87 39.82 39.8 39.81 39.82 39.83 39.81
40.28 40.37 40.45 40.68 40.82 40.84 40.85 40.85 40.88 40.87 40.88 40.87 40.85 40.84 40.84 40.81 40.75 40.65 40.55 40.32 40.18 40.12 39.87 39.75 39.76 39.78 39.84 39.93 39.94 39.96 39.97 39.95 39.95 39.96 39.98 39.99 39.98 39.98 39.99 39.99 40 39.97 39.92 39.88 39.87 39.88 39.88 39.91 39.93 39.95 39.95 39.95 39.95 39.89 39.86 39.88 39.86 39.82 39.79 39.8 39.82 39.84 39.87 39.92 39.91 39.87 39.86 39.89 39.9 39.86 39.82 39.82 39.82 39.84 39.82
