slabs/84.grd
DSAA
631 301
647040 647670
4946900 4947200
27.87 44.93
[rows 170 to 203 of 300, columns 300 to 374 of 631]
39.69 39.71 39.65 39.67 39.74 39.75 39.66 39.67 39.71 39.76 39.73 39.75 39.76 39.73 39.81 39.79 39.74 39.72 39.69 39.76 39.82 39.83 39.91 39.87 39.79 39.76 39.77 39.74 39.74 39.79 39.75 39.71 39.73 39.66 39.68 39.7 39.64 39.63 39.64 39.65 39.66 39.69 39.68 39.71 39.71 39.72 39.7 39.71 39.73 39.75 39.78 39.65 39.65 39.64 39.68 39.72 39.71 39.7 39.68 39.74 39.7 39.68 39.57 39.59 39.69 39.73 39.77 39.83 39.84 39.82 39.81 39.8 39.77 39.68 39.52
39.71 39.69 39.69 39.71 39.77 39.77 39.72 39.72 39.71 39.78 39.82 39.78 39.74 39.77 39.78 39.76 39.72 39.69 39.72 39.78 39.81 39.83 39.85 39.85 39.8 39.77 39.77 39.75 39.73 39.78 39.75 39.72 39.72 39.66 39.69 39.71 39.64 39.63 39.63 39.66 39.64 39.65 39.66 39.67 39.64 39.67 39.66 39.66 39.66 39.69 39.69 39.63 39.62 39.6 39.59 39.62 39.65 39.64 39.59 39.6 39.56 39.54 39.47 39.44 39.57 39.64 39.78 39.9 39.89 39.84 39.79 39.78 39.77 39.7 39.48
39.73 39.72 39.72 39.75 39.78 39.78 39.77 39.78 39.78 39.79 39.75 39.73 39.72 39.71 39.72 39.74 39.73 39.7 39.7 39.77 39.83 39.84 39.86 39.86 39.79 39.76 39.75 39.73 39.72 39.77 39.74 39.74 39.74 39.7 39.7 39.68 39.66 39.64 39.64 39.67 39.68 39.68 39.66 39.64 39.6 39.63 39.65 39.64 39.64 39.67 39.67 39.63 39.6 39.59 39.59 39.54 39.6 39.59 39.52 39.51 39.47 39.48 39.48 39.45 39.49 39.58 39.79 39.85 39.84 39.84 39.8 39.76 39.75 39.7 39.48
39.71 39.7 39.69 39.72 39.76 39.8 39.8 39.79 39.75 39.75 39.76 39.72 39.7 39.7 39.73 39.74 39.71 39.71 39.72 39.77 39.81 39.83 39.83 39.81 39.79 39.77 39.74 39.72 39.7 39.76 39.75 39.76 39.75 39.73 39.72 39.68 39.66 39.65 39.65 39.68 39.73 39.72 39.69 39.65 39.63 39.65 39.67 39.65 39.65 39.64 39.63 39.65 39.59 39.6 39.58 39.52 39.57 39.56 39.51 39.45 39.46 39.5 39.5 39.46 39.49 39.62 39.75 39.77 39.78 39.79 39.78 39.73 39.71 39.65 39.45
39.69 39.68 39.67 39.69 39.74 39.76 39.75 39.74 39.7 39.74 39.78 39.74 39.72 39.74 39.74 39.71 39.71 39.69 39.7 39.76 39.8 39.79 39.78 39.77 39.78 39.78 39.76 39.74 39.74 39.77 39.76 39.74 39.72 39.73 39.73 39.73 39.65 39.64 39.66 39.72 39.73 39.7 39.67 39.65 39.6 39.63 39.69 39.64 39.62 39.62 39.6 39.62 39.61 39.61 39.56 39.49 39.53 39.53 39.52 39.44 39.45 39.49 39.48 39.44 39.49 39.6 39.69 39.71 39.72 39.75 39.73 39.7 39.69 39.59 39.41
39.71 39.66 39.67 39.7 39.75 39.78 39.74 39.73 39.68 39.72 39.74 39.73 39.73 39.73 39.72 39.69 39.7 39.67 39.68 39.74 39.77 39.78 39.76 39.75 39.79 39.78 39.78 39.76 39.77 39.74 39.73 39.71 39.71 39.71 39.71 39.71 39.64 39.63 39.66 39.7 39.69 39.66 39.64 39.62 39.62 39.64 39.71 39.67 39.63 39.62 39.6 39.6 39.62 39.59 39.54 39.5 39.5 39.52 39.54 39.47 39.47 39.48 39.45 39.4 39.43 39.53 39.61 39.65 39.66 39.69 39.62 39.62 39.6 39.51 39.4
39.77 39.68 39.69 39.69 39.71 39.72 39.72 39.73 39.68 39.7 39.71 39.72 39.75 39.71 39.71 39.71 39.68 39.66 39.66 39.71 39.75 39.78 39.77 39.76 39.79 39.77 39.78 39.76 39.75 39.7 39.73 39.72 39.73 39.72 39.69 39.68 39.67 39.65 39.67 39.67 39.7 39.69 39.67 39.64 39.65 39.66 39.63 39.62 39.61 39.6 39.57 39.59 39.62 39.59 39.55 39.53 39.52 39.53 39.52 39.49 39.48 39.46 39.43 39.37 39.39 39.45 39.53 39.57 39.57 39.57 39.51 39.49 39.48 39.43 39.4
39.76 39.7 39.71 39.73 39.71 39.69 39.7 39.7 39.67 39.69 39.71 39.73 39.75 39.7 39.72 39.71 39.66 39.65 39.65 39.7 39.75 39.77 39.77 39.74 39.78 39.79 39.77 39.78 39.75 39.75 39.76 39.76 39.76 39.73 39.69 39.69 39.74 39.71 39.68 39.64 39.67 39.7 39.69 39.68 39.62 39.63 39.61 39.57 39.57 39.58 39.55 39.6 39.6 39.58 39.58 39.54 39.53 39.52 39.49 39.49 39.47 39.44 39.44 39.37 39.37 39.39 39.45 39.47 39.46 39.45 39.43 39.4 39.41 39.39 39.39
39.72 39.71 39.71 39.73 39.73 39.68 39.68 39.67 39.66 39.69 39.69 39.71 39.75 39.72 39.71 39.7 39.69 39.68 39.66 39.72 39.75 39.76 39.76 39.75 39.78 39.77 39.76 39.78 39.8 39.8 39.79 39.79 39.8 39.76 39.7 39.68 39.74 39.72 39.7 39.65 39.67 39.7 39.67 39.66 39.64 39.65 39.61 39.57 39.56 39.58 39.55 39.58 39.57 39.57 39.57 39.51 39.48 39.49 39.47 39.47 39.45 39.41 39.44 39.39 39.38 39.36 39.39 39.4 39.4 39.39 39.39 39.38 39.39 39.38 39.36
39.71 39.71 39.72 39.75 39.73 39.67 39.67 39.66 39.67 39.67 39.67 39.68 39.72 39.71 39.69 39.7 39.73 39.7 39.68 39.72 39.73 39.74 39.74 39.72 39.72 39.74 39.75 39.8 39.87 39.85 39.81 39.75 39.74 39.7 39.64 39.64 39.7 39.68 39.66 39.66 39.68 39.69 39.67 39.65 39.66 39.65 39.63 39.57 39.58 39.6 39.58 39.53 39.54 39.56 39.51 39.45 39.44 39.47 39.49 39.44 39.43 39.37 39.44 39.43 39.42 39.37 39.38 39.36 39.37 39.36 39.39 39.41 39.43 39.37 39.35
39.74 39.68 39.7 39.75 39.7 39.68 39.67 39.67 39.68 39.65 39.66 39.67 39.66 39.64 39.66 39.71 39.72 39.71 39.68 39.69 39.75 39.74 39.71 39.68 39.67 39.69 39.73 39.81 39.86 39.85 39.77 39.7 39.67 39.66 39.65 39.66 39.73 39.73 39.68 39.64 39.65 39.66 39.66 39.66 39.66 39.64 39.61 39.58 39.59 39.59 39.57 39.5 39.52 39.55 39.47 39.44 39.44 39.45 39.48 39.42 39.4 39.35 39.44 39.49 39.48 39.42 39.36 39.39 39.45 39.4 39.45 39.47 39.45 39.38 39.37
39.76 39.67 39.68 39.69 39.67 39.69 39.68 39.66 39.67 39.67 39.66 39.65 39.66 39.63 39.68 39.72 39.7 39.71 39.7 39.67 39.72 39.72 39.72 39.71 39.69 39.7 39.73 39.76 39.77 39.77 39.77 39.69 39.68 39.66 39.66 39.67 39.69 39.71 39.68 39.63 39.63 39.64 39.64 39.63 39.64 39.62 39.56 39.58 39.58 39.54 39.51 39.49 39.49 39.5 39.46 39.46 39.45 39.41 39.44 39.46 39.42 39.35 39.4 39.47 39.49 39.4 39.36 39.38 39.49 39.48 39.52 39.49 39.43 39.39 39.37
39.76 39.7 39.7 39.67 39.67 39.7 39.69 39.68 39.7 39.71 39.67 39.64 39.67 39.66 39.74 39.75 39.66 39.68 39.71 39.68 39.68 39.69 39.7 39.68 39.68 39.7 39.72 39.73 39.71 39.72 39.73 39.67 39.66 39.65 39.67 39.64 39.62 39.64 39.65 39.61 39.61 39.65 39.62 39.57 39.59 39.58 39.54 39.53 39.53 39.53 39.46 39.47 39.46 39.43 39.43 39.38 39.4 39.38 39.38 39.41 39.39 39.35 39.37 39.41 39.43 39.35 39.45 39.45 39.47 39.54 39.52 39.47 39.4 39.35 39.36
39.78 39.73 39.72 39.69 39.72 39.75 39.73 39.74 39.74 39.68 39.65 39.65 39.65 39.66 39.72 39.74 39.67 39.66 39.67 39.63 39.69 39.68 39.67 39.67 39.7 39.71 39.71 39.69 39.66 39.66 39.69 39.68 39.68 39.66 39.66 39.59 39.58 39.6 39.62 39.59 39.6 39.62 39.58 39.54 39.58 39.59 39.55 39.5 39.51 39.52 39.46 39.45 39.42 39.39 39.39 39.35 39.36 39.38 39.39 39.39 39.38 39.34 39.37 39.35 39.35 39.43 39.47 39.45 39.45 39.54 39.56 39.51 39.4 39.32 39.31
39.76 39.74 39.71 39.68 39.75 39.73 39.71 39.71 39.73 39.71 39.67 39.66 39.63 39.64 39.69 39.71 39.65 39.65 39.65 39.63 39.65 39.65 39.65 39.73 39.74 39.72 39.69 39.64 39.63 39.65 39.69 39.68 39.7 39.67 39.64 39.58 39.58 39.57 39.61 39.6 39.59 39.57 39.56 39.54 39.57 39.6 39.54 39.52 39.5 39.46 39.43 39.45 39.42 39.37 39.4 39.4 39.43 39.45 39.45 39.45 39.41 39.35 39.34 39.35 39.38 39.48 39.46 39.46 39.49 39.56 39.62 39.57 39.45 39.35 39.29
39.78 39.71 39.71 39.69 39.71 39.74 39.7 39.7 39.72 39.68 39.65 39.64 39.65 39.65 39.7 39.71 39.65 39.63 39.64 39.65 39.64 39.64 39.64 39.74 39.72 39.7 39.65 39.59 39.6 39.65 39.68 39.66 39.68 39.65 39.63 39.58 39.57 39.55 39.59 39.61 39.6 39.56 39.55 39.51 39.54 39.56 39.5 39.5 39.49 39.49 39.43 39.46 39.44 39.4 39.47 39.48 39.5 39.47 39.47 39.44 39.44 39.36 39.36 39.38 39.42 39.46 39.44 39.47 39.53 39.58 39.65 39.62 39.56 39.45 39.38
39.82 39.76 39.75 39.71 39.69 39.69 39.67 39.7 39.7 39.69 39.66 39.62 39.63 39.63 39.68 39.68 39.66 39.63 39.65 39.64 39.67 39.66 39.64 39.71 39.66 39.65 39.64 39.57 39.57 39.62 39.66 39.63 39.65 39.65 39.62 39.57 39.56 39.55 39.56 39.56 39.57 39.55 39.55 39.52 39.53 39.52 39.49 39.47 39.44 39.46 39.43 39.44 39.45 39.45 39.54 39.52 39.49 39.5 39.46 39.42 39.42 39.38 39.42 39.43 39.46 39.45 39.42 39.46 39.54 39.55 39.61 39.62 39.63 39.57 39.52
39.77 39.77 39.78 39.72 39.7 39.67 39.64 39.65 39.64 39.65 39.66 39.62 39.64 39.62 39.63 39.64 39.66 39.65 39.67 39.62 39.67 39.67 39.64 39.71 39.66 39.63 39.65 39.57 39.59 39.6 39.61 39.55 39.57 39.65 39.65 39.59 39.56 39.53 39.57 39.56 39.55 39.55 39.54 39.49 39.48 39.49 39.51 39.46 39.44 39.44 39.44 39.46 39.48 39.48 39.56 39.54 39.49 39.49 39.42 39.39 39.39 39.39 39.51 39.49 39.51 39.46 39.42 39.46 39.53 39.52 39.54 39.57 39.62 39.61 39.61
39.75 39.76 39.78 39.7 39.7 39.68 39.63 39.64 39.58 39.61 39.65 39.63 39.65 39.63 39.6 39.65 39.67 39.68 39.69 39.65 39.65 39.64 39.63 39.69 39.67 39.62 39.63 39.6 39.61 39.62 39.6 39.57 39.55 39.58 39.64 39.56 39.54 39.54 39.54 39.53 39.52 39.54 39.49 39.47 39.46 39.45 39.46 39.45 39.43 39.46 39.46 39.48 39.51 39.5 39.56 39.56 39.52 39.43 39.38 39.35 39.38 39.41 39.55 39.54 39.56 39.48 39.45 39.47 39.55 39.53 39.51 39.51 39.56 39.63 39.65
39.76 39.77 39.77 39.71 39.69 39.68 39.65 39.66 39.57 39.59 39.64 39.62 39.63 39.62 39.6 39.65 39.68 39.7 39.69 39.68 39.66 39.62 39.6 39.64 39.63 39.6 39.58 39.6 39.6 39.62 39.69 39.66 39.62 39.59 39.57 39.51 39.51 39.56 39.51 39.51 39.49 39.49 39.48 39.45 39.45 39.45 39.46 39.47 39.44 39.5 39.5 39.54 39.53 39.55 39.52 39.53 39.47 39.38 39.38 39.37 39.4 39.46 39.54 39.55 39.56 39.53 39.51 39.51 39.55 39.58 39.54 39.47 39.53 39.66 39.69
39.77 39.75 39.73 39.73 39.68 39.67 39.66 39.66 39.59 39.6 39.61 39.63 39.61 39.61 39.61 39.61 39.61 39.64 39.67 39.66 39.65 39.65 39.62 39.64 39.64 39.62 39.56 39.56 39.56 39.58 39.66 39.59 39.56 39.56 39.55 39.55 39.53 39.56 39.54 39.53 39.48 39.48 39.5 39.47 39.44 39.47 39.5 39.49 39.49 39.53 39.53 39.57 39.53 39.55 39.45 39.45 39.37 39.4 39.42 39.41 39.43 39.51 39.55 39.58 39.6 39.59 39.57 39.56 39.58 39.61 39.58 39.5 39.61 39.77 39.74
39.72 39.7 39.67 39.73 39.66 39.69 39.69 39.66 39.65 39.65 39.59 39.66 39.65 39.63 39.61 39.59 39.59 39.61 39.66 39.64 39.63 39.61 39.65 39.6 39.58 39.58 39.6 39.54 39.51 39.53 39.6 39.54 39.52 39.53 39.54 39.57 39.57 39.54 39.53 39.52 39.5 39.51 39.51 39.49 39.45 39.48 39.5 39.5 39.55 39.57 39.49 39.5 39.48 39.47 39.41 39.38 39.35 39.43 39.4 39.41 39.46 39.52 39.53 39.59 39.65 39.65 39.63 39.61 39.62 39.64 39.62 39.6 39.69 39.76 39.75
39.69 39.7 39.65 39.73 39.66 39.71 39.73 39.68 39.69 39.67 39.62 39.68 39.68 39.68 39.63 39.6 39.59 39.58 39.61 39.63 39.64 39.6 39.61 39.57 39.55 39.55 39.64 39.55 39.53 39.5 39.55 39.52 39.52 39.55 39.57 39.58 39.58 39.52 39.52 39.51 39.52 39.52 39.49 39.48 39.47 39.5 39.5 39.51 39.58 39.59 39.4 39.42 39.45 39.41 39.4 39.35 39.39 39.44 39.42 39.46 39.5 39.54 39.54 39.59 39.63 39.64 39.65 39.66 39.7 39.69 39.68 39.69 39.74 39.73 39.71
39.73 39.72 39.68 39.67 39.65 39.69 39.72 39.67 39.67 39.62 39.6 39.62 39.62 39.65 39.65 39.58 39.56 39.55 39.56 39.63 39.65 39.61 39.56 39.54 39.53 39.51 39.62 39.57 39.54 39.5 39.54 39.53 39.51 39.54 39.6 39.59 39.59 39.55 39.52 39.51 39.54 39.48 39.48 39.48 39.48 39.55 39.54 39.5 39.52 39.52 39.44 39.41 39.4 39.39 39.42 39.38 39.39 39.42 39.43 39.52 39.55 39.56 39.57 39.57 39.58 39.62 39.64 39.7 39.81 39.72 39.71 39.73 39.78 39.71 39.67
39.69 39.67 39.68 39.63 39.66 39.66 39.7 39.64 39.66 39.63 39.61 39.61 39.62 39.63 39.62 39.57 39.56 39.54 39.54 39.6 39.63 39.6 39.56 39.56 39.53 39.49 39.58 39.53 39.53 39.49 39.52 39.53 39.5 39.54 39.6 39.6 39.58 39.6 39.52 39.51 39.53 39.48 39.5 39.49 39.47 39.58 39.55 39.49 39.45 39.5 39.51 39.44 39.37 39.37 39.38 39.4 39.38 39.42 39.45 39.54 39.63 39.61 39.62 39.6 39.59 39.64 39.68 39.75 39.83 39.77 39.75 39.74 39.74 39.69 39.64
39.71 39.68 39.66 39.63 39.64 39.65 39.66 39.68 39.68 39.68 39.66 39.65 39.63 39.61 39.57 39.61 39.58 39.55 39.54 39.55 39.58 39.61 39.58 39.63 39.58 39.53 39.56 39.51 39.49 39.47 39.51 39.52 39.52 39.57 39.54 39.54 39.56 39.61 39.54 39.52 39.51 39.5 39.49 39.48 39.45 39.53 39.5 39.48 39.44 39.38 39.43 39.44 39.37 39.36 39.38 39.44 39.47 39.51 39.53 39.57 39.61 39.62 39.63 39.63 39.61 39.67 39.71 39.77 39.78 39.75 39.73 39.73 39.68 39.66 39.65
39.69 39.68 39.67 39.61 39.61 39.61 39.64 39.7 39.68 39.69 39.7 39.63 39.62 39.61 39.55 39.6 39.6 39.54 39.51 39.51 39.53 39.56 39.57 39.64 39.6 39.55 39.51 39.5 39.48 39.48 39.52 39.51 39.52 39.53 39.49 39.49 39.59 39.64 39.52 39.54 39.51 39.51 39.49 39.49 39.44 39.45 39.45 39.47 39.44 39.36 39.39 39.43 39.42 39.39 39.4 39.47 39.54 39.56 39.57 39.59 39.58 39.6 39.63 39.69 39.71 39.8 39.81 39.75 39.73 39.71 39.71 39.7 39.62 39.65 39.67
39.67 39.67 39.66 39.61 39.59 39.59 39.64 39.68 39.65 39.66 39.68 39.61 39.61 39.63 39.58 39.62 39.61 39.53 39.5 39.5 39.5 39.49 39.53 39.55 39.55 39.5 39.47 39.45 39.46 39.47 39.52 39.52 39.53 39.52 39.57 39.59 39.61 39.64 39.57 39.57 39.52 39.47 39.53 39.54 39.47 39.46 39.47 39.5 39.48 39.4 39.42 39.44 39.46 39.44 39.43 39.5 39.56 39.56 39.58 39.59 39.59 39.61 39.66 39.83 39.97 39.98 39.93 39.77 39.73 39.71 39.72 39.71 39.63 39.65 39.69
39.67 39.69 39.67 39.63 39.61 39.6 39.64 39.62 39.62 39.63 39.64 39.61 39.62 39.65 39.62 39.63 39.61 39.54 39.52 39.53 39.53 39.5 39.5 39.49 39.48 39.47 39.46 39.44 39.45 39.43 39.52 39.56 39.58 39.63 39.7 39.69 39.61 39.62 39.56 39.52 39.5 39.49 39.51 39.53 39.49 39.52 39.5 39.52 39.55 39.48 39.47 39.46 39.48 39.47 39.48 39.56 39.61 39.58 39.6 39.58 39.6 39.62 39.67 39.92 40.15 40.09 39.97 39.81 39.76 39.73 39.71 39.74 39.71 39.71 39.71
39.68 39.71 39.65 39.63 39.63 39.6 39.64 39.6 39.59 39.6 39.63 39.61 39.6 39.61 39.6 39.56 39.58 39.55 39.54 39.55 39.57 39.53 39.49 39.47 39.47 39.51 39.46 39.47 39.49 39.49 39.54 39.57 39.58 39.61 39.66 39.65 39.56 39.59 39.58 39.54 39.52 39.55 39.53 39.51 39.5 39.54 39.51 39.5 39.53 39.49 39.49 39.48 39.49 39.5 39.54 39.6 39.67 39.59 39.62 39.64 39.6 39.61 39.66 39.91 40.08 40.04 39.91 39.78 39.79 39.77 39.71 39.71 39.7 39.7 39.73
39.68 39.69 39.63 39.61 39.62 39.62 39.62 39.61 39.59 39.59 39.62 39.59 39.58 39.58 39.55 39.53 39.56 39.56 39.55 39.56 39.58 39.56 39.55 39.52 39.48 39.46 39.48 39.43 39.44 39.51 39.61 39.61 39.62 39.62 39.59 39.59 39.53 39.56 39.57 39.56 39.51 39.56 39.53 39.5 39.5 39.5 39.49 39.5 39.46 39.49 39.49 39.48 39.51 39.55 39.59 39.61 39.66 39.57 39.63 39.69 39.66 39.64 39.68 39.9 39.93 39.9 39.81 39.73 39.78 39.76 39.72 39.7 39.73 39.72 39.86
39.65 39.66 39.65 39.63 39.6 39.63 39.61 39.6 39.61 39.61 39.58 39.57 39.57 39.58 39.54 39.55 39.62 39.62 39.62 39.61 39.56 39.56 39.62 39.57 39.49 39.45 39.48 39.47 39.46 39.52 39.56 39.56 39.59 39.59 39.56 39.54 39.48 39.52 39.54 39.57 39.54 39.56 39.55 39.52 39.5 39.5 39.52 39.5 39.45 39.52 39.51 39.49 39.54 39.56 39.61 39.66 39.64 39.6 39.63 39.69 39.71 39.68 39.73 39.91 39.79 39.78 39.76 39.75 39.77 39.75 39.72 39.72 39.75 39.77 40.36
39.6 39.65 39.65 39.65 39.61 39.61 39.59 39.59 39.59 39.62 39.56 39.56 39.58 39.6 39.58 39.59 39.62 39.57 39.59 39.6 39.58 39.6 39.67 39.6 39.49 39.49 39.53 39.53 39.48 39.53 39.53 39.51 39.54 39.55 39.53 39.5 39.48 39.53 39.54 39.56 39.56 39.54 39.55 39.54 39.51 39.55 39.54 39.5 39.49 39.53 39.54 39.56 39.6 39.59 39.62 39.68 39.65 39.64 39.65 39.7 39.7 39.66 39.7 39.84 39.69 39.71 39.75 39.79 39.73 39.71 39.73 39.73 39.77 39.84 40.62
39.57 39.59 39.64 39.65 39.6 39.59 39.58 39.57 39.58 39.6 39.61 39.6 39.59 39.59 39.56 39.59 39.63 39.59 39.62 39.62 39.59 39.6 39.64 39.59 39.5 39.55 39.62 39.61 39.52 39.51 39.51 39.49 39.52 39.5 39.48 39.47 39.51 39.56 39.56 39.55 39.56 39.53 39.55 39.57 39.55 39.55 39.54 39.54 39.54 39.55 39.56 39.61 39.66 39.67 39.67 39.66 39.64 39.66 39.71 39.64 39.71 39.74 39.79 39.8 39.71 39.71 39.7 39.72 39.71 39.73 39.74 39.75 39.81 40 40.73
