slabs/85.grd
DSAA
631 301
647040 647670
4947200 4947500
37.78 45.18
[rows 34 to 67 of 301, columns 468 to 545 of 631]
41.11 41.17 41.34 41.37 41.17 40.99 40.41 39.76 39.37 39.2 38.92 38.77 38.65 38.65 38.67 38.7 38.71 38.7 38.67 38.63 38.62 38.64 38.64 38.63 38.63 38.65 38.65 38.69 38.69 38.7 38.76 38.68 38.62 38.48 38.32 38.18 38.27 38.47 38.53 38.55 38.58 38.63 38.65 38.68 38.68 38.68 38.69 38.7 38.7 38.68 38.68 38.67 38.64 38.67 38.65 38.64 38.64 38.65 38.66 38.69 38.68 38.64 38.66 38.65 38.69 38.66 38.64 38.64 38.67 38.73 38.69 38.62 38.63 38.69 38.74 38.76 38.66 38.66
41.12 41.14 41.26 41.42 41.44 41.35 40.94 40.34 39.73 39.47 39.06 38.9 38.68 38.66 38.65 38.67 38.69 38.71 38.67 38.63 38.63 38.64 38.64 38.62 38.63 38.64 38.63 38.67 38.67 38.68 38.64 38.59 38.51 38.32 38.21 38.26 38.36 38.54 38.59 38.62 38.65 38.68 38.67 38.69 38.7 38.72 38.73 38.74 38.71 38.68 38.71 38.7 38.65 38.65 38.64 38.64 38.65 38.63 38.63 38.67 38.7 38.66 38.65 38.64 38.66 38.69 38.67 38.64 38.63 38.7 38.7 38.65 38.62 38.64 38.67 38.73 38.69 38.65
41.15 41.15 41.18 41.33 41.5 41.46 41.21 40.7 40.11 39.8 39.25 38.99 38.76 38.68 38.67 38.65 38.65 38.67 38.68 38.68 38.66 38.65 38.63 38.55 38.59 38.63 38.6 38.64 38.65 38.63 38.52 38.5 38.44 38.36 38.36 38.43 38.5 38.59 38.6 38.63 38.7 38.76 38.74 38.72 38.71 38.74 38.77 38.77 38.72 38.67 38.71 38.72 38.66 38.62 38.62 38.64 38.66 38.62 38.62 38.65 38.68 38.7 38.66 38.66 38.65 38.73 38.72 38.68 38.63 38.62 38.66 38.67 38.64 38.64 38.64 38.7 38.73 38.68
41.17 41.17 41.2 41.26 41.44 41.49 41.41 41 40.49 40.16 39.52 39.08 38.88 38.72 38.67 38.63 38.64 38.66 38.69 38.68 38.67 38.64 38.63 38.57 38.59 38.63 38.61 38.62 38.63 38.62 38.44 38.45 38.43 38.48 38.52 38.55 38.58 38.61 38.61 38.64 38.77 38.91 38.85 38.78 38.69 38.72 38.78 38.76 38.71 38.65 38.64 38.7 38.69 38.64 38.62 38.62 38.68 38.65 38.61 38.62 38.65 38.7 38.71 38.67 38.66 38.7 38.7 38.69 38.67 38.63 38.64 38.66 38.67 38.61 38.62 38.64 38.71 38.74
41.19 41.2 41.24 41.22 41.29 41.42 41.53 41.27 40.82 40.49 39.83 39.31 39.15 38.81 38.66 38.65 38.63 38.64 38.67 38.66 38.66 38.65 38.63 38.61 38.6 38.61 38.61 38.64 38.65 38.65 38.48 38.5 38.52 38.58 38.62 38.62 38.63 38.62 38.67 38.71 38.9 39.03 38.95 38.84 38.69 38.72 38.75 38.76 38.72 38.65 38.61 38.67 38.71 38.66 38.6 38.61 38.63 38.67 38.66 38.63 38.63 38.7 38.7 38.69 38.66 38.65 38.65 38.67 38.7 38.63 38.63 38.66 38.69 38.66 38.64 38.63 38.66 38.71
41.21 41.24 41.26 41.25 41.24 41.33 41.51 41.49 41.18 40.81 40.15 39.62 39.41 38.96 38.8 38.77 38.7 38.62 38.63 38.64 38.65 38.67 38.66 38.63 38.61 38.59 38.61 38.66 38.67 38.71 38.63 38.62 38.63 38.68 38.68 38.68 38.69 38.64 38.76 38.81 38.97 39.01 38.99 38.91 38.76 38.69 38.72 38.75 38.75 38.67 38.63 38.64 38.7 38.69 38.61 38.61 38.61 38.65 38.66 38.66 38.65 38.65 38.67 38.71 38.65 38.67 38.67 38.67 38.69 38.66 38.65 38.65 38.67 38.71 38.68 38.65 38.62 38.64
41.23 41.24 41.22 41.22 41.23 41.26 41.41 41.59 41.49 41.14 40.54 39.97 39.74 39.17 38.96 38.9 38.78 38.63 38.61 38.62 38.63 38.65 38.65 38.64 38.63 38.6 38.62 38.67 38.7 38.76 38.77 38.72 38.69 38.75 38.72 38.71 38.72 38.69 38.82 38.87 38.95 38.96 38.96 38.96 38.92 38.67 38.68 38.71 38.75 38.71 38.62 38.61 38.63 38.72 38.7 38.66 38.61 38.63 38.64 38.67 38.68 38.63 38.66 38.7 38.67 38.69 38.69 38.68 38.68 38.7 38.68 38.64 38.64 38.69 38.69 38.67 38.62 38.63
41.23 41.24 41.23 41.25 41.25 41.24 41.31 41.55 41.54 41.38 40.92 40.34 40.1 39.47 39.11 38.97 38.86 38.67 38.63 38.63 38.63 38.63 38.63 38.64 38.64 38.61 38.62 38.66 38.72 38.79 38.85 38.8 38.75 38.81 38.74 38.73 38.77 38.78 38.87 38.9 38.91 38.88 38.93 38.93 38.98 38.81 38.67 38.68 38.71 38.77 38.72 38.64 38.64 38.7 38.71 38.71 38.63 38.63 38.64 38.68 38.72 38.64 38.66 38.69 38.7 38.7 38.69 38.67 38.67 38.69 38.69 38.67 38.63 38.64 38.67 38.7 38.68 38.66
41.24 41.25 41.25 41.26 41.27 41.25 41.29 41.48 41.51 41.48 41.19 40.68 40.52 39.98 39.4 39.07 38.97 38.76 38.63 38.64 38.65 38.64 38.63 38.63 38.64 38.63 38.62 38.61 38.65 38.77 38.9 38.88 38.82 38.82 38.75 38.75 38.81 38.87 38.87 38.89 38.9 38.88 38.92 38.96 39 38.98 38.78 38.69 38.67 38.74 38.72 38.68 38.65 38.64 38.67 38.73 38.69 38.64 38.63 38.67 38.71 38.68 38.7 38.67 38.68 38.69 38.69 38.7 38.66 38.66 38.66 38.72 38.65 38.66 38.66 38.69 38.73 38.69
41.26 41.28 41.29 41.28 41.26 41.27 41.3 41.37 41.42 41.46 41.36 41.1 40.97 40.49 39.8 39.31 39.14 38.85 38.56 38.6 38.64 38.65 38.65 38.66 38.67 38.66 38.61 38.61 38.61 38.73 38.79 38.84 38.9 38.84 38.78 38.79 38.81 38.88 38.88 38.89 38.92 38.91 38.92 38.93 38.99 39.04 38.95 38.73 38.65 38.69 38.71 38.71 38.67 38.63 38.65 38.73 38.78 38.7 38.67 38.64 38.68 38.72 38.72 38.67 38.66 38.66 38.7 38.75 38.68 38.66 38.63 38.69 38.68 38.68 38.67 38.67 38.71 38.69
41.3 41.3 41.32 41.31 41.29 41.31 41.33 41.32 41.35 41.4 41.49 41.48 41.32 40.87 40.22 39.67 39.37 38.93 38.53 38.54 38.6 38.65 38.66 38.66 38.65 38.65 38.63 38.62 38.61 38.6 38.72 38.79 38.88 38.83 38.8 38.81 38.75 38.85 38.86 38.89 38.97 38.89 38.91 38.92 39 39.04 39.02 38.83 38.69 38.7 38.7 38.74 38.75 38.69 38.68 38.7 38.75 38.75 38.72 38.66 38.66 38.71 38.71 38.69 38.66 38.65 38.68 38.73 38.71 38.68 38.63 38.66 38.69 38.69 38.64 38.64 38.66 38.68
41.32 41.32 41.35 41.36 41.35 41.35 41.38 41.36 41.35 41.37 41.52 41.58 41.52 41.2 40.64 40.13 39.7 39.13 38.71 38.64 38.59 38.65 38.63 38.63 38.66 38.63 38.65 38.64 38.63 38.6 38.64 38.71 38.85 38.86 38.85 38.81 38.74 38.78 38.82 38.85 38.91 38.92 38.93 38.94 39 39.06 39.07 38.97 38.85 38.75 38.71 38.74 38.81 38.79 38.75 38.67 38.65 38.7 38.72 38.7 38.66 38.66 38.69 38.73 38.7 38.66 38.61 38.66 38.7 38.68 38.64 38.63 38.64 38.67 38.67 38.64 38.64 38.67
41.34 41.35 41.37 41.38 41.38 41.37 41.4 41.39 41.37 41.37 41.41 41.54 41.57 41.43 41 40.75 40.07 39.44 38.99 38.87 38.62 38.63 38.61 38.61 38.62 38.64 38.66 38.65 38.64 38.61 38.6 38.65 38.79 38.84 38.84 38.79 38.77 38.72 38.76 38.79 38.81 38.88 38.93 38.98 38.99 39.05 39.07 39.05 39 38.84 38.77 38.72 38.77 38.83 38.79 38.68 38.66 38.65 38.69 38.73 38.67 38.66 38.68 38.74 38.76 38.7 38.61 38.64 38.66 38.66 38.65 38.63 38.62 38.65 38.69 38.66 38.65 38.65
41.36 41.4 41.39 41.37 41.38 41.39 41.39 41.4 41.4 41.38 41.38 41.41 41.57 41.59 41.3 41.07 40.42 39.8 39.27 39.09 38.75 38.58 38.6 38.59 38.6 38.63 38.63 38.64 38.62 38.61 38.61 38.62 38.71 38.82 38.81 38.78 38.8 38.69 38.73 38.79 38.79 38.87 38.92 38.99 38.99 39.02 39.03 39.07 39.03 38.96 38.87 38.72 38.74 38.79 38.8 38.73 38.69 38.66 38.67 38.72 38.71 38.68 38.64 38.66 38.74 38.71 38.64 38.62 38.64 38.65 38.66 38.63 38.63 38.64 38.69 38.67 38.66 38.65
41.37 41.41 41.42 41.39 41.4 41.42 41.41 41.4 41.42 41.41 41.4 41.41 41.51 41.66 41.53 41.35 40.77 40.13 39.61 39.35 38.92 38.58 38.61 38.61 38.61 38.64 38.65 38.64 38.63 38.61 38.62 38.61 38.62 38.7 38.74 38.79 38.8 38.69 38.72 38.83 38.84 38.92 38.92 38.97 39.01 39.04 39.04 39.07 39.09 39.06 38.98 38.8 38.71 38.77 38.78 38.73 38.68 38.67 38.67 38.67 38.67 38.67 38.63 38.65 38.68 38.69 38.66 38.63 38.64 38.64 38.68 38.65 38.63 38.61 38.66 38.69 38.68 38.67
41.4 41.42 41.44 41.42 41.44 41.47 41.43 41.42 41.42 41.44 41.42 41.44 41.48 41.66 41.65 41.5 41.07 40.48 39.93 39.66 39.12 38.74 38.74 38.7 38.63 38.63 38.65 38.64 38.65 38.63 38.62 38.63 38.58 38.61 38.66 38.75 38.77 38.72 38.73 38.83 38.84 38.9 38.9 38.98 39.02 39.04 39.05 39.11 39.15 39.13 39.07 38.97 38.76 38.75 38.72 38.69 38.7 38.7 38.7 38.67 38.69 38.7 38.66 38.66 38.65 38.67 38.69 38.65 38.62 38.64 38.7 38.69 38.65 38.63 38.64 38.68 38.69 38.71
41.41 41.39 41.4 41.4 41.43 41.48 41.46 41.45 41.44 41.47 41.47 41.47 41.47 41.59 41.68 41.61 41.33 40.87 40.31 40 39.39 39 38.92 38.83 38.69 38.62 38.64 38.62 38.65 38.65 38.64 38.63 38.59 38.61 38.62 38.68 38.78 38.83 38.79 38.8 38.78 38.89 38.89 38.95 39.01 39 39.03 39.11 39.12 39.14 39.16 39.11 38.97 38.86 38.72 38.71 38.73 38.74 38.74 38.7 38.69 38.69 38.72 38.66 38.65 38.65 38.69 38.66 38.65 38.65 38.68 38.69 38.67 38.69 38.66 38.66 38.67 38.71
41.44 41.42 41.4 41.4 41.43 41.44 41.49 41.48 41.48 41.46 41.48 41.47 41.46 41.51 41.63 41.63 41.54 41.33 40.84 40.51 39.88 39.4 39.24 38.97 38.79 38.64 38.63 38.59 38.63 38.66 38.65 38.63 38.62 38.6 38.59 38.63 38.77 38.88 38.84 38.76 38.71 38.87 38.89 38.94 38.97 38.97 39.02 39.07 39.08 39.13 39.19 39.19 39.08 38.96 38.76 38.72 38.76 38.79 38.78 38.72 38.68 38.67 38.71 38.7 38.66 38.66 38.68 38.68 38.7 38.69 38.67 38.65 38.67 38.71 38.68 38.66 38.66 38.67
41.47 41.45 41.4 41.42 41.44 41.45 41.51 41.49 41.51 41.49 41.47 41.48 41.48 41.5 41.54 41.59 41.66 41.64 41.3 41.02 40.43 39.85 39.62 39.09 38.9 38.71 38.67 38.6 38.62 38.66 38.66 38.62 38.64 38.62 38.6 38.6 38.69 38.78 38.79 38.77 38.77 38.74 38.81 38.92 38.91 38.94 39.01 39.04 39.09 39.13 39.17 39.23 39.17 39.09 38.88 38.72 38.75 38.79 38.8 38.75 38.71 38.68 38.67 38.72 38.69 38.68 38.66 38.69 38.72 38.75 38.7 38.64 38.66 38.68 38.71 38.69 38.67 38.64
41.5 41.48 41.44 41.46 41.49 41.48 41.53 41.52 41.53 41.52 41.51 41.51 41.5 41.52 41.52 41.56 41.69 41.73 41.56 41.33 40.8 40.19 39.93 39.28 38.99 38.86 38.75 38.61 38.62 38.63 38.64 38.64 38.67 38.62 38.6 38.6 38.61 38.7 38.72 38.73 38.76 38.73 38.73 38.9 38.9 38.93 38.97 39 39.08 39.11 39.14 39.22 39.2 39.17 39.01 38.77 38.77 38.77 38.79 38.8 38.78 38.74 38.67 38.68 38.7 38.69 38.66 38.67 38.68 38.74 38.73 38.68 38.67 38.67 38.73 38.72 38.69 38.64
41.55 41.51 41.48 41.51 41.53 41.51 41.54 41.54 41.55 41.55 41.56 41.53 41.53 41.53 41.56 41.57 41.61 41.75 41.73 41.56 41.16 40.61 40.31 39.6 39.07 38.92 38.83 38.65 38.6 38.63 38.63 38.65 38.65 38.63 38.61 38.59 38.58 38.64 38.66 38.69 38.72 38.73 38.76 38.87 38.93 38.94 38.98 39.01 39.05 39.07 39.1 39.17 39.2 39.2 39.11 38.98 38.93 38.82 38.77 38.82 38.81 38.78 38.69 38.65 38.66 38.66 38.67 38.65 38.64 38.68 38.72 38.68 38.66 38.67 38.7 38.7 38.71 38.67
41.66 41.62 41.54 41.55 41.53 41.55 41.53 41.54 41.56 41.56 41.55 41.55 41.56 41.56 41.58 41.56 41.54 41.68 41.74 41.71 41.44 41.03 40.69 39.94 39.26 38.99 38.97 38.73 38.58 38.6 38.6 38.64 38.65 38.64 38.62 38.62 38.58 38.6 38.62 38.65 38.72 38.75 38.81 38.85 38.89 38.92 38.98 39 39 39.03 39.07 39.1 39.17 39.19 39.18 39.16 39.12 38.95 38.77 38.78 38.79 38.81 38.73 38.68 38.68 38.67 38.66 38.66 38.66 38.65 38.69 38.73 38.72 38.66 38.65 38.71 38.72 38.71
41.77 41.76 41.63 41.59 41.55 41.57 41.58 41.57 41.6 41.56 41.57 41.57 41.58 41.58 41.59 41.56 41.58 41.58 41.68 41.79 41.62 41.35 41.03 40.31 39.58 39.17 39.08 38.84 38.64 38.61 38.62 38.63 38.63 38.62 38.64 38.61 38.59 38.59 38.59 38.61 38.69 38.73 38.82 38.83 38.82 38.85 38.94 38.97 38.94 38.99 39.05 39.05 39.12 39.17 39.22 39.18 39.19 39.08 38.78 38.77 38.79 38.82 38.78 38.72 38.72 38.69 38.67 38.72 38.71 38.67 38.66 38.74 38.75 38.7 38.66 38.68 38.72 38.7
41.83 41.83 41.74 41.66 41.58 41.59 41.63 41.61 41.66 41.61 41.62 41.58 41.6 41.6 41.59 41.58 41.58 41.59 41.63 41.8 41.78 41.57 41.32 40.64 39.93 39.47 39.25 38.98 38.71 38.64 38.63 38.63 38.59 38.59 38.62 38.6 38.59 38.61 38.58 38.58 38.61 38.67 38.79 38.84 38.77 38.78 38.88 38.95 38.92 38.98 39.04 39.06 39.12 39.18 39.22 39.22 39.22 39.13 38.87 38.74 38.77 38.8 38.79 38.81 38.75 38.7 38.67 38.75 38.73 38.71 38.66 38.67 38.71 38.73 38.68 38.65 38.66 38.66
41.88 41.83 41.8 41.74 41.6 41.6 41.61 41.61 41.65 41.63 41.63 41.6 41.62 41.6 41.61 41.6 41.57 41.6 41.6 41.72 41.83 41.7 41.53 40.99 40.28 39.85 39.52 39.15 38.84 38.75 38.66 38.61 38.59 38.59 38.6 38.61 38.62 38.62 38.58 38.56 38.57 38.62 38.75 38.83 38.77 38.76 38.82 38.91 38.95 38.99 39.05 39.08 39.09 39.19 39.23 39.23 39.23 39.15 39.02 38.87 38.83 38.78 38.8 38.83 38.78 38.73 38.67 38.68 38.7 38.73 38.66 38.64 38.66 38.74 38.73 38.69 38.63 38.62
41.88 41.79 41.81 41.81 41.67 41.61 41.61 41.62 41.64 41.65 41.65 41.65 41.63 41.58 41.61 41.63 41.59 41.64 41.62 41.68 41.83 41.79 41.69 41.31 40.68 40.39 39.91 39.51 39.11 38.98 38.76 38.56 38.6 38.6 38.58 38.61 38.63 38.62 38.6 38.57 38.57 38.59 38.68 38.79 38.77 38.77 38.82 38.9 38.94 38.99 39.04 39.05 39.03 39.11 39.19 39.23 39.25 39.27 39.2 39.13 39.01 38.81 38.79 38.81 38.78 38.75 38.7 38.65 38.68 38.75 38.7 38.68 38.66 38.71 38.72 38.7 38.64 38.58
41.83 41.75 41.79 41.85 41.74 41.66 41.65 41.64 41.65 41.66 41.65 41.65 41.61 41.6 41.61 41.63 41.62 41.66 41.65 41.67 41.78 41.8 41.76 41.52 41.19 41.01 40.46 39.94 39.44 39.25 38.91 38.61 38.62 38.62 38.56 38.6 38.61 38.61 38.61 38.57 38.57 38.57 38.61 38.73 38.76 38.79 38.84 38.84 38.88 38.96 39.05 39.05 39.02 39.1 39.17 39.2 39.23 39.31 39.26 39.23 39.13 38.9 38.78 38.78 38.78 38.81 38.74 38.69 38.7 38.76 38.76 38.74 38.71 38.67 38.66 38.65 38.64 38.58
41.81 41.77 41.78 41.85 41.77 41.71 41.68 41.65 41.66 41.66 41.67 41.68 41.66 41.68 41.66 41.62 41.66 41.67 41.66 41.7 41.74 41.74 41.73 41.66 41.64 41.51 41 40.28 39.77 39.53 39.05 38.8 38.67 38.67 38.59 38.6 38.58 38.58 38.6 38.58 38.6 38.59 38.59 38.65 38.72 38.85 38.89 38.84 38.87 38.89 39.01 39.04 39.03 39.09 39.2 39.21 39.22 39.3 39.32 39.31 39.26 39.09 38.83 38.82 38.8 38.82 38.77 38.75 38.74 38.72 38.74 38.76 38.77 38.66 38.62 38.62 38.63 38.61
41.8 41.74 41.75 41.81 41.78 41.68 41.67 41.65 41.64 41.69 41.7 41.69 41.7 41.7 41.68 41.63 41.71 41.7 41.69 41.74 41.75 41.72 41.7 41.78 41.87 41.78 41.34 40.64 40.13 39.85 39.24 38.9 38.77 38.75 38.65 38.55 38.55 38.56 38.59 38.6 38.6 38.58 38.56 38.57 38.64 38.83 38.9 38.84 38.83 38.87 39.02 39.05 39.04 39.08 39.17 39.19 39.18 39.24 39.32 39.33 39.32 39.26 39.05 39 38.86 38.8 38.78 38.8 38.77 38.71 38.68 38.72 38.77 38.68 38.64 38.63 38.62 38.65
41.78 41.73 41.73 41.76 41.77 41.67 41.67 41.66 41.66 41.72 41.72 41.71 41.71 41.69 41.69 41.68 41.73 41.73 41.72 41.74 41.77 41.76 41.74 41.79 41.98 41.95 41.65 41.06 40.49 40.18 39.51 39.07 38.95 38.9 38.7 38.57 38.57 38.57 38.58 38.6 38.59 38.59 38.58 38.55 38.58 38.72 38.86 38.84 38.82 38.84 39 39.02 39.02 39.07 39.14 39.17 39.18 39.2 39.26 39.29 39.31 39.32 39.27 39.2 38.95 38.8 38.78 38.79 38.8 38.74 38.68 38.68 38.73 38.68 38.63 38.63 38.63 38.67
41.75 41.74 41.73 41.71 41.73 41.69 41.69 41.71 41.7 41.72 41.72 41.74 41.71 41.72 41.73 41.74 41.75 41.75 41.71 41.71 41.78 41.76 41.75 41.78 41.95 41.99 41.86 41.42 40.88 40.53 39.89 39.28 39.08 38.96 38.7 38.62 38.6 38.57 38.57 38.59 38.6 38.61 38.58 38.56 38.56 38.63 38.79 38.86 38.86 38.82 38.93 38.96 38.94 39.03 39.13 39.14 39.18 39.2 39.2 39.23 39.27 39.3 39.33 39.28 39.08 38.82 38.77 38.77 38.8 38.79 38.7 38.67 38.65 38.64 38.66 38.66 38.66 38.65
41.72 41.74 41.73 41.69 41.7 41.71 41.71 41.74 41.76 41.73 41.71 41.74 41.74 41.75 41.75 41.76 41.73 41.75 41.72 41.71 41.75 41.75 41.77 41.78 41.88 41.96 41.97 41.7 41.28 40.91 40.23 39.57 39.41 39.13 38.74 38.66 38.64 38.57 38.56 38.6 38.61 38.61 38.6 38.57 38.57 38.58 38.67 38.75 38.79 38.82 38.87 38.9 38.9 38.97 39.09 39.1 39.15 39.2 39.22 39.21 39.23 39.3 39.34 39.3 39.19 38.88 38.8 38.79 38.81 38.86 38.73 38.7 38.67 38.65 38.74 38.74 38.69 38.64
41.72 41.73 41.72 41.71 41.72 41.74 41.74 41.76 41.8 41.79 41.75 41.78 41.76 41.75 41.77 41.79 41.72 41.72 41.71 41.72 41.76 41.74 41.77 41.76 41.8 41.87 42.01 41.89 41.61 41.25 40.6 39.96 39.76 39.35 38.87 38.77 38.75 38.65 38.56 38.59 38.59 38.59 38.59 38.59 38.58 38.58 38.59 38.61 38.66 38.79 38.84 38.85 38.87 38.92 39.01 39.03 39.1 39.18 39.26 39.24 39.23 39.26 39.36 39.31 39.24 39.07 38.89 38.83 38.78 38.84 38.77 38.72 38.67 38.66 38.72 38.77 38.73 38.67
41.76 41.73 41.72 41.75 41.76 41.75 41.75 41.79 41.8 41.82 41.82 41.81 41.75 41.74 41.77 41.79 41.77 41.77 41.75 41.73 41.79 41.77 41.81 41.78 41.78 41.82 41.97 42.05 41.92 41.56 40.94 40.36 40.17 39.68 39.06 38.92 38.91 38.81 38.65 38.58 38.57 38.57 38.59 38.6 38.6 38.59 38.59 38.58 38.6 38.71 38.78 38.78 38.81 38.89 38.94 38.97 39.05 39.17 39.25 39.24 39.23 39.23 39.31 39.3 39.3 39.27 39.08 38.95 38.79 38.82 38.81 38.78 38.69 38.67 38.69 38.72 38.73 38.68
