slabs/85.grd
DSAA
631 301
647040 647670
4947200 4947500
37.78 45.18
[rows 170 to 203 of 301, columns 468 to 545 of 631]
43.32 43.12 42.22 39.91 39.27 39.33 39.32 39.36 39.4 39.4 39.43 39.47 39.47 39.48 39.52 39.59 39.67 39.68 39.77 39.82 39.79 39.8 39.77 39.73 39.73 39.73 39.73 39.72 39.71 39.73 39.75 39.7 39.7 39.71 39.74 39.76 39.75 39.7 39.69 39.71 39.73 39.78 39.81 39.77 39.74 39.71 39.72 39.75 39.76 39.77 39.74 39.76 39.77 39.77 39.75 39.74 39.74 39.72 39.74 39.75 39.73 39.71 39.75 39.74 39.73 39.73 39.74 39.73 39.7 39.69 39.7 39.69 39.68 39.69 39.68 39.7 39.71 39.71
43.35 43.35 43.09 41.22 39.7 39.55 39.33 39.37 39.39 39.4 39.42 39.47 39.49 39.5 39.55 39.61 39.7 39.71 39.77 39.78 39.8 39.81 39.76 39.73 39.74 39.74 39.74 39.71 39.72 39.77 39.83 39.78 39.75 39.74 39.8 39.78 39.78 39.74 39.69 39.71 39.72 39.77 39.8 39.8 39.76 39.72 39.73 39.75 39.77 39.79 39.76 39.76 39.76 39.76 39.75 39.74 39.73 39.72 39.76 39.75 39.76 39.72 39.76 39.75 39.73 39.74 39.76 39.74 39.71 39.69 39.73 39.72 39.71 39.71 39.71 39.72 39.74 39.74
43.39 43.38 43.32 42.43 41.26 40.45 39.36 39.35 39.36 39.38 39.41 39.45 39.48 39.5 39.59 39.67 39.73 39.76 39.8 39.79 39.81 39.8 39.75 39.74 39.74 39.74 39.73 39.72 39.75 39.83 39.89 39.86 39.81 39.78 39.82 39.79 39.78 39.77 39.73 39.71 39.72 39.75 39.79 39.8 39.78 39.75 39.74 39.75 39.77 39.8 39.77 39.77 39.75 39.76 39.73 39.74 39.75 39.74 39.78 39.76 39.75 39.73 39.76 39.76 39.74 39.74 39.75 39.73 39.71 39.7 39.73 39.71 39.71 39.72 39.72 39.74 39.76 39.75
43.42 43.4 43.35 43.12 42.23 41.13 39.43 39.31 39.34 39.35 39.39 39.44 39.47 39.49 39.6 39.71 39.75 39.78 39.8 39.8 39.79 39.79 39.75 39.77 39.76 39.72 39.71 39.67 39.73 39.87 39.93 39.89 39.83 39.82 39.83 39.81 39.8 39.79 39.77 39.74 39.73 39.74 39.78 39.8 39.8 39.77 39.75 39.76 39.77 39.8 39.75 39.76 39.75 39.75 39.74 39.76 39.77 39.77 39.78 39.77 39.75 39.74 39.75 39.75 39.74 39.74 39.75 39.74 39.73 39.72 39.72 39.73 39.73 39.73 39.73 39.75 39.76 39.75
43.41 43.41 43.39 43.35 42.77 41.5 39.49 39.28 39.32 39.33 39.38 39.43 39.46 39.48 39.58 39.68 39.72 39.76 39.8 39.81 39.81 39.82 39.76 39.77 39.76 39.71 39.71 39.69 39.77 39.91 39.99 39.92 39.89 39.86 39.85 39.83 39.82 39.81 39.79 39.78 39.75 39.74 39.77 39.78 39.8 39.78 39.76 39.77 39.77 39.76 39.74 39.75 39.76 39.78 39.77 39.77 39.77 39.78 39.77 39.75 39.76 39.75 39.74 39.74 39.75 39.75 39.73 39.73 39.74 39.74 39.74 39.75 39.77 39.77 39.76 39.74 39.74 39.74
43.4 43.41 43.41 43.37 43.09 41.41 39.32 39.25 39.29 39.32 39.37 39.42 39.45 39.47 39.57 39.64 39.65 39.7 39.76 39.78 39.79 39.81 39.76 39.76 39.76 39.73 39.71 39.73 39.82 39.94 39.99 39.95 39.92 39.89 39.86 39.84 39.83 39.82 39.81 39.8 39.78 39.76 39.76 39.77 39.79 39.77 39.76 39.76 39.76 39.75 39.76 39.77 39.77 39.8 39.79 39.79 39.77 39.78 39.75 39.73 39.76 39.76 39.76 39.74 39.75 39.75 39.74 39.73 39.75 39.77 39.76 39.76 39.77 39.75 39.74 39.72 39.72 39.73
43.35 43.35 43.36 43.33 42.64 40.73 39.03 39.19 39.27 39.29 39.35 39.41 39.43 39.47 39.55 39.6 39.62 39.66 39.72 39.78 39.8 39.8 39.79 39.78 39.77 39.76 39.72 39.76 39.83 39.96 39.99 39.98 39.94 39.9 39.86 39.85 39.84 39.83 39.82 39.82 39.8 39.78 39.79 39.78 39.78 39.77 39.75 39.75 39.76 39.76 39.78 39.79 39.78 39.81 39.8 39.8 39.79 39.78 39.75 39.74 39.76 39.78 39.78 39.76 39.79 39.75 39.76 39.79 39.76 39.82 39.8 39.78 39.76 39.73 39.73 39.7 39.71 39.72
43.02 42.85 42.8 43.08 41.73 40.3 39.09 39.12 39.24 39.26 39.31 39.38 39.4 39.46 39.52 39.57 39.58 39.62 39.72 39.79 39.78 39.79 39.78 39.77 39.76 39.74 39.73 39.77 39.83 39.96 39.98 39.96 39.91 39.87 39.84 39.83 39.81 39.81 39.83 39.82 39.79 39.8 39.82 39.8 39.77 39.78 39.76 39.78 39.8 39.75 39.77 39.78 39.76 39.81 39.8 39.8 39.78 39.77 39.78 39.76 39.74 39.8 39.8 39.78 39.79 39.76 39.76 39.79 39.78 39.87 39.87 39.82 39.77 39.74 39.73 39.72 39.73 39.72
41.96 41.34 41.01 41.97 40.64 39.83 39.21 39.18 39.17 39.24 39.27 39.32 39.34 39.41 39.44 39.51 39.54 39.62 39.74 39.82 39.81 39.8 39.8 39.79 39.79 39.75 39.74 39.78 39.84 39.96 39.98 39.92 39.84 39.81 39.82 39.8 39.79 39.8 39.81 39.81 39.77 39.78 39.8 39.79 39.77 39.77 39.79 39.79 39.8 39.74 39.77 39.77 39.75 39.79 39.79 39.79 39.77 39.79 39.8 39.79 39.77 39.79 39.8 39.8 39.78 39.77 39.78 39.84 39.88 39.94 39.91 39.84 39.77 39.75 39.75 39.74 39.74 39.73
40.48 39.66 39.12 39.9 39.36 39.26 39.18 39.2 39.21 39.26 39.28 39.25 39.27 39.33 39.38 39.47 39.52 39.66 39.81 39.88 39.87 39.82 39.8 39.81 39.82 39.77 39.76 39.79 39.86 39.96 39.97 39.92 39.82 39.78 39.8 39.79 39.81 39.82 39.81 39.8 39.78 39.76 39.77 39.79 39.79 39.77 39.78 39.79 39.81 39.77 39.82 39.8 39.8 39.82 39.81 39.8 39.79 39.79 39.8 39.79 39.78 39.81 39.82 39.82 39.81 39.82 39.82 39.89 39.9 39.92 39.89 39.8 39.75 39.74 39.75 39.74 39.74 39.73
39.97 39.31 38.99 39.03 39 39.11 39.17 39.18 39.19 39.23 39.25 39.23 39.23 39.26 39.34 39.45 39.55 39.73 39.87 39.94 39.92 39.84 39.79 39.81 39.81 39.79 39.78 39.8 39.85 39.93 39.96 39.96 39.89 39.8 39.77 39.79 39.83 39.83 39.81 39.81 39.8 39.78 39.79 39.8 39.8 39.81 39.82 39.8 39.79 39.8 39.81 39.82 39.82 39.82 39.81 39.79 39.83 39.84 39.83 39.81 39.8 39.81 39.81 39.82 39.84 39.85 39.85 39.89 39.86 39.84 39.82 39.77 39.73 39.73 39.74 39.73 39.73 39.72
40.23 39.17 39.08 39 39.02 39.12 39.17 39.18 39.18 39.19 39.19 39.21 39.2 39.22 39.33 39.52 39.7 39.88 39.97 39.99 39.96 39.87 39.8 39.8 39.79 39.8 39.8 39.8 39.81 39.89 39.95 39.98 39.97 39.82 39.77 39.79 39.8 39.79 39.75 39.77 39.8 39.79 39.8 39.78 39.77 39.82 39.8 39.79 39.81 39.8 39.8 39.81 39.8 39.84 39.83 39.81 39.85 39.83 39.83 39.81 39.85 39.84 39.83 39.83 39.84 39.85 39.83 39.83 39.81 39.79 39.78 39.76 39.75 39.75 39.74 39.74 39.72 39.71
39.95 39.19 39.17 39.15 39.14 39.16 39.15 39.15 39.15 39.14 39.14 39.16 39.18 39.26 39.45 39.68 39.85 39.98 40.04 40.01 39.99 39.9 39.81 39.81 39.79 39.8 39.83 39.82 39.81 39.83 39.97 39.97 39.98 39.83 39.76 39.77 39.79 39.8 39.79 39.79 39.79 39.82 39.82 39.8 39.81 39.82 39.82 39.8 39.82 39.81 39.81 39.8 39.78 39.83 39.82 39.82 39.84 39.84 39.84 39.83 39.91 39.89 39.89 39.84 39.83 39.83 39.79 39.78 39.79 39.79 39.78 39.76 39.77 39.77 39.76 39.75 39.75 39.72
39.62 39.24 39.21 39.18 39.16 39.15 39.11 39.11 39.11 39.09 39.11 39.12 39.19 39.35 39.61 39.8 39.89 39.97 40.02 40.01 40 39.94 39.81 39.81 39.82 39.8 39.81 39.81 39.81 39.81 39.9 39.92 39.95 39.88 39.79 39.79 39.79 39.77 39.76 39.79 39.82 39.83 39.82 39.8 39.82 39.8 39.81 39.81 39.83 39.82 39.82 39.81 39.79 39.83 39.84 39.85 39.83 39.88 39.89 39.9 39.94 39.92 39.92 39.84 39.81 39.8 39.78 39.79 39.79 39.78 39.77 39.77 39.78 39.77 39.75 39.77 39.74 39.73
39.43 39.22 39.19 39.15 39.13 39.12 39.08 39.07 39.07 39.09 39.13 39.16 39.25 39.44 39.66 39.8 39.88 39.94 39.97 39.98 39.99 39.94 39.83 39.83 39.85 39.82 39.8 39.81 39.84 39.83 39.82 39.85 39.87 39.85 39.81 39.82 39.83 39.81 39.75 39.79 39.81 39.82 39.81 39.8 39.83 39.82 39.82 39.81 39.82 39.82 39.8 39.81 39.83 39.86 39.88 39.9 39.85 39.9 39.95 39.95 39.91 39.91 39.89 39.84 39.81 39.8 39.78 39.82 39.82 39.8 39.77 39.76 39.77 39.76 39.74 39.73 39.73 39.74
39.31 39.18 39.14 39.13 39.11 39.09 39.04 39.02 39.04 39.14 39.21 39.26 39.36 39.5 39.65 39.71 39.86 39.94 39.93 39.96 39.99 39.93 39.87 39.85 39.87 39.85 39.81 39.83 39.83 39.84 39.81 39.83 39.82 39.81 39.82 39.83 39.83 39.84 39.8 39.8 39.8 39.8 39.8 39.82 39.83 39.84 39.84 39.84 39.82 39.81 39.81 39.83 39.88 39.9 39.9 39.93 39.89 39.91 39.96 39.91 39.87 39.88 39.83 39.83 39.85 39.83 39.78 39.79 39.83 39.81 39.77 39.71 39.76 39.75 39.76 39.74 39.75 39.73
39.22 39.16 39.13 39.12 39.1 39.07 39.02 39.01 39.07 39.21 39.34 39.38 39.46 39.55 39.66 39.73 39.88 39.91 39.92 39.94 39.95 39.9 39.9 39.88 39.86 39.89 39.86 39.85 39.82 39.85 39.83 39.83 39.82 39.8 39.81 39.84 39.85 39.87 39.85 39.81 39.82 39.81 39.81 39.84 39.85 39.85 39.85 39.86 39.84 39.82 39.83 39.83 39.89 39.92 39.91 39.92 39.91 39.9 39.94 39.87 39.84 39.84 39.82 39.82 39.82 39.8 39.79 39.81 39.77 39.78 39.8 39.76 39.75 39.76 39.77 39.75 39.75 39.73
39.19 39.15 39.13 39.13 39.1 39.09 39.04 39.07 39.17 39.32 39.43 39.46 39.54 39.63 39.71 39.76 39.9 39.94 39.96 39.96 39.95 39.91 39.91 39.88 39.84 39.87 39.86 39.85 39.84 39.87 39.87 39.86 39.84 39.82 39.83 39.85 39.86 39.88 39.87 39.84 39.84 39.83 39.84 39.85 39.87 39.86 39.85 39.85 39.86 39.88 39.86 39.8 39.88 39.92 39.92 39.92 39.89 39.9 39.9 39.86 39.83 39.84 39.84 39.83 39.82 39.82 39.79 39.82 39.81 39.81 39.8 39.77 39.76 39.76 39.76 39.76 39.74 39.76
39.18 39.13 39.09 39.11 39.11 39.07 39.07 39.11 39.24 39.38 39.5 39.53 39.61 39.69 39.77 39.81 39.93 40.01 40.01 40 39.96 39.92 39.91 39.9 39.85 39.85 39.86 39.87 39.87 39.89 39.89 39.88 39.86 39.84 39.85 39.85 39.86 39.88 39.87 39.87 39.84 39.83 39.84 39.86 39.88 39.87 39.86 39.87 39.88 39.89 39.87 39.85 39.9 39.91 39.93 39.94 39.87 39.87 39.86 39.88 39.88 39.87 39.83 39.82 39.84 39.82 39.8 39.84 39.79 39.79 39.81 39.8 39.78 39.79 39.78 39.76 39.76 39.78
39.17 39.13 39.1 39.1 39.09 39.09 39.12 39.17 39.32 39.45 39.55 39.6 39.7 39.76 39.83 39.86 39.98 40.06 40 39.97 39.93 39.91 39.91 39.91 39.88 39.87 39.9 39.9 39.91 39.9 39.9 39.89 39.86 39.86 39.86 39.87 39.87 39.87 39.87 39.86 39.84 39.84 39.83 39.87 39.89 39.88 39.88 39.9 39.91 39.91 39.92 39.95 39.95 39.94 39.93 39.94 39.85 39.86 39.85 39.88 39.88 39.87 39.83 39.85 39.82 39.81 39.83 39.86 39.81 39.8 39.8 39.8 39.8 39.81 39.81 39.8 39.79 39.78
39.2 39.18 39.14 39.14 39.12 39.15 39.2 39.26 39.39 39.52 39.61 39.66 39.77 39.85 39.9 39.94 40.03 40.08 39.96 39.94 39.92 39.93 39.93 39.94 39.93 39.92 39.94 39.92 39.94 39.9 39.89 39.89 39.88 39.88 39.87 39.88 39.9 39.89 39.88 39.88 39.89 39.9 39.88 39.89 39.88 39.89 39.91 39.97 40.01 40.01 40.03 40.03 39.94 39.93 39.9 39.88 39.86 39.86 39.86 39.86 39.86 39.86 39.84 39.84 39.78 39.8 39.84 39.83 39.83 39.83 39.82 39.8 39.81 39.82 39.82 39.83 39.81 39.77
39.22 39.23 39.22 39.24 39.23 39.23 39.35 39.38 39.48 39.59 39.68 39.74 39.86 39.95 39.99 40.05 40.11 40.1 40.02 39.99 39.95 39.95 39.95 39.96 39.96 39.94 39.93 39.91 39.95 39.88 39.88 39.87 39.88 39.89 39.88 39.88 39.9 39.91 39.88 39.87 39.91 39.9 39.91 39.92 39.91 39.92 39.96 40.03 40.1 40.07 40.03 40.02 39.95 39.92 39.89 39.89 39.88 39.87 39.88 39.87 39.88 39.86 39.84 39.83 39.79 39.81 39.83 39.82 39.84 39.85 39.84 39.83 39.83 39.82 39.82 39.82 39.81 39.78
39.32 39.36 39.38 39.39 39.35 39.38 39.55 39.58 39.64 39.72 39.81 39.92 40 40.08 40.1 40.13 40.15 40.12 40.1 40.08 39.98 39.95 39.95 39.96 39.95 39.93 39.93 39.93 39.94 39.88 39.88 39.87 39.88 39.9 39.92 39.93 39.9 39.93 39.92 39.9 39.94 39.93 39.94 39.96 39.97 39.98 39.99 39.99 40.05 40.01 39.97 39.97 39.92 39.9 39.89 39.89 39.89 39.88 39.88 39.88 39.89 39.86 39.85 39.84 39.84 39.85 39.85 39.84 39.85 39.84 39.85 39.85 39.85 39.84 39.82 39.82 39.81 39.78
39.49 39.55 39.58 39.59 39.58 39.65 39.84 39.86 39.91 39.96 40.03 40.11 40.15 40.16 40.18 40.17 40.13 40.1 40.08 40.07 39.99 39.98 39.97 39.95 39.91 39.92 39.93 39.94 39.9 39.85 39.88 39.9 39.93 39.94 39.95 39.94 39.95 39.93 39.92 39.92 39.91 39.92 39.96 40.02 40.03 40.04 40 39.95 39.97 39.95 39.93 39.93 39.91 39.9 39.91 39.88 39.88 39.88 39.88 39.88 39.88 39.85 39.85 39.83 39.84 39.87 39.86 39.87 39.87 39.84 39.86 39.87 39.86 39.87 39.83 39.78 39.78 39.77
39.71 39.86 39.91 39.92 39.94 39.98 40.07 40.1 40.15 40.19 40.21 40.22 40.19 40.15 40.16 40.16 40.1 40.08 40.06 40.03 39.99 39.99 39.97 39.95 39.93 39.94 39.94 39.94 39.91 39.91 39.91 39.92 39.95 39.97 39.98 39.97 40 39.98 39.95 39.97 39.93 39.93 39.96 40.05 40.06 40.04 39.98 39.94 39.94 39.93 39.93 39.91 39.89 39.91 39.92 39.89 39.89 39.89 39.88 39.88 39.88 39.85 39.86 39.84 39.84 39.88 39.89 39.91 39.89 39.85 39.89 39.86 39.84 39.85 39.86 39.82 39.82 39.78
40.01 40.16 40.19 40.21 40.23 40.21 40.16 40.18 40.23 40.25 40.25 40.24 40.16 40.15 40.13 40.11 40.08 40.04 40.04 40.02 40.02 39.98 39.96 39.94 39.95 39.96 39.95 39.94 39.95 39.95 39.96 39.95 39.96 39.97 39.97 39.98 39.99 39.99 40 40.01 39.9 39.9 39.94 40.03 40.02 39.99 39.94 39.95 39.93 39.94 39.95 39.92 39.9 39.91 39.91 39.91 39.9 39.91 39.89 39.9 39.88 39.87 39.89 39.89 39.9 39.92 39.91 39.91 39.91 39.89 39.86 39.87 39.85 39.84 39.85 39.82 39.82 39.81
40.27 40.33 40.29 40.28 40.29 40.27 40.2 40.22 40.24 40.22 40.22 40.21 40.16 40.13 40.11 40.06 40.05 40 40 40.01 40.01 39.97 39.97 39.96 39.94 39.97 39.97 39.98 40.02 40.03 40.02 39.96 39.96 39.97 39.98 39.99 40.01 40 40.03 40.05 39.86 39.84 39.9 40 39.97 39.95 39.95 39.95 39.94 39.95 39.97 39.93 39.92 39.91 39.9 39.92 39.91 39.92 39.91 39.94 39.91 39.89 39.9 39.9 39.91 39.93 39.9 39.91 39.92 39.91 39.87 39.88 39.87 39.87 39.84 39.86 39.82 39.76
40.35 40.39 40.32 40.24 40.23 40.22 40.23 40.22 40.2 40.18 40.18 40.17 40.15 40.11 40.08 40.03 40.03 40.02 40.02 40.01 39.99 39.98 39.97 39.96 39.94 39.95 39.98 40 40.08 40.09 40.07 40 40 40 40.02 40.11 40.14 40.12 40.1 40.07 39.86 39.84 39.89 39.97 39.95 39.95 40 39.98 39.96 39.96 39.96 39.92 39.92 39.93 39.93 39.92 39.94 39.94 39.94 39.96 39.95 39.91 39.93 39.89 39.93 39.96 39.88 39.89 39.9 39.91 39.88 39.87 39.87 39.89 39.84 39.83 39.76 39.64
40.37 40.39 40.33 40.19 40.2 40.17 40.18 40.18 40.16 40.15 40.15 40.14 40.13 40.1 40.06 40 40.02 40.03 40.01 39.99 39.98 39.97 39.96 39.96 39.96 39.96 39.99 40.01 40.11 40.12 40.12 40.11 40.08 40.08 40.12 40.24 40.26 40.23 40.14 40.03 39.92 39.92 39.93 39.96 39.94 39.95 39.98 40 39.98 39.98 39.96 39.93 39.93 39.97 39.96 39.96 39.96 39.96 39.98 39.94 39.94 39.93 39.95 39.94 39.95 39.96 39.9 39.91 39.93 39.92 39.89 39.88 39.89 39.94 39.78 39.74 39.62 39.48
40.32 40.31 40.26 40.18 40.21 40.18 40.16 40.16 40.15 40.13 40.13 40.12 40.11 40.08 40.05 40 40 40.02 40 39.98 39.97 39.96 39.95 39.96 39.97 39.97 39.97 40.04 40.14 40.16 40.17 40.18 40.15 40.16 40.2 40.25 40.24 40.19 40.09 39.99 39.97 39.98 39.97 39.98 39.96 39.95 39.93 40 40 39.99 39.98 39.95 39.95 39.97 39.98 39.96 39.96 39.99 39.97 39.97 39.97 39.97 39.95 39.93 39.94 39.96 39.94 39.94 39.94 39.88 39.84 39.83 39.83 39.89 39.59 39.53 39.4 39.31
40.27 40.26 40.24 40.22 40.22 40.22 40.18 40.15 40.16 40.12 40.1 40.09 40.08 40.04 40.03 40.01 40 40.01 40 39.97 39.97 39.98 39.97 39.97 39.98 39.98 39.97 40.07 40.15 40.17 40.18 40.17 40.17 40.17 40.15 40.14 40.19 40.14 40.05 39.98 39.97 39.98 39.97 39.98 39.98 39.98 39.96 39.99 39.98 39.98 39.97 39.98 39.98 39.99 39.97 39.96 39.98 40.03 40.02 40 40 39.99 39.95 39.94 39.94 39.97 39.96 39.95 39.86 39.62 39.55 39.6 39.67 39.66 39.37 39.32 39.17 39.06
40.24 40.22 40.21 40.22 40.19 40.21 40.17 40.13 40.15 40.09 40.07 40.04 40.05 40.02 40.02 40.03 39.99 39.99 40 40 40 40 39.98 39.99 39.99 39.99 39.98 40.07 40.14 40.15 40.16 40.15 40.14 40.11 40.05 40.02 40.11 40.07 40.03 40 39.99 39.99 39.98 40 40 40.01 40 39.99 39.99 39.98 39.95 39.96 39.97 39.98 40.01 40.03 40.03 40.04 40.03 40 40 39.99 39.98 39.98 40 40.04 39.97 39.93 39.76 39.38 39.25 39.32 39.43 39.38 39.21 39.15 38.96 38.72
40.22 40.19 40.19 40.18 40.16 40.19 40.16 40.12 40.13 40.08 40.06 40.03 40.02 40.01 40.01 40.01 39.97 39.97 39.99 40.03 40.02 40 39.99 39.99 39.98 39.99 39.99 40.08 40.15 40.17 40.15 40.11 40.09 40.05 40 39.98 40.02 40.02 40.02 40.01 39.99 39.98 39.98 40 40 39.99 40 40.01 40.01 39.99 39.97 39.96 39.97 40 40.08 40.1 40.09 40.06 40.04 40.03 40.02 40 40.04 40.04 40.06 40.1 39.97 39.91 39.7 39.37 39.13 39.14 39.17 39.17 38.99 38.89 38.67 38.38
40.19 40.17 40.17 40.16 40.15 40.13 40.13 40.1 40.1 40.08 40.08 40.03 40.01 39.99 39.98 39.98 39.99 39.98 39.99 40.01 40.01 39.99 39.99 39.99 39.98 39.99 39.98 40.09 40.17 40.19 40.15 40.06 40.03 40.02 39.98 39.96 39.99 40 40.01 40.01 40.01 40 39.98 39.99 39.99 40 40.02 40.04 40.03 40.02 40.01 40 40.02 40.06 40.16 40.16 40.14 40.1 40.07 40.06 40.06 40.06 40.09 40.09 40.09 40.09 39.99 39.92 39.7 39.41 39.03 38.97 38.91 38.88 38.71 38.6 38.36 38.2
