slabs/85.grd
DSAA
631 301
647040 647670
4947200 4947500
37.78 45.18
[rows 68 to 101 of 301, columns 312 to 389 of 631]
41.99 41.98 42.04 42.05 42.06 42.09 42.1 42.11 42.11 42.12 42.16 42.15 42.14 42.16 42.18 42.18 42.18 42.23 42.24 42.25 42.24 42.26 42.25 42.25 42.25 42.24 42.31 42.34 42.28 42.25 42.24 42.24 42.23 42.18 42.14 42.13 42.15 42.12 42.11 42.11 42.1 42.13 42.12 42.12 42.14 42.11 42.1 42.1 42.25 42.39 42.43 42.45 42.4 42.37 42.34 42.26 42.14 41.96 41.85 41.69 41.61 41.57 41.59 41.56 41.54 41.55 41.63 41.66 41.65 41.61 41.39 41.26 41.22 41.24 41.25 41.28 41.27 41.26
41.98 41.99 42.06 42.05 42.06 42.12 42.12 42.13 42.12 42.13 42.15 42.14 42.13 42.16 42.18 42.17 42.17 42.21 42.19 42.21 42.25 42.28 42.27 42.27 42.26 42.26 42.28 42.27 42.23 42.27 42.26 42.26 42.26 42.21 42.18 42.17 42.18 42.16 42.16 42.13 42.13 42.17 42.16 42.16 42.15 42.12 42.13 42.14 42.27 42.36 42.42 42.45 42.43 42.37 42.35 42.26 42.14 41.97 41.82 41.66 41.61 41.62 41.62 41.51 41.54 41.57 41.64 41.63 41.64 41.58 41.32 41.26 41.25 41.26 41.25 41.26 41.27 41.28
41.99 42.01 42.05 42.04 42.06 42.09 42.12 42.14 42.12 42.14 42.19 42.16 42.17 42.17 42.17 42.17 42.21 42.25 42.22 42.21 42.24 42.26 42.26 42.26 42.28 42.27 42.27 42.26 42.24 42.28 42.26 42.27 42.26 42.23 42.23 42.22 42.22 42.19 42.18 42.13 42.15 42.2 42.19 42.18 42.15 42.13 42.17 42.23 42.28 42.34 42.41 42.46 42.44 42.39 42.35 42.26 42.09 41.97 41.78 41.66 41.65 41.63 41.6 41.52 41.56 41.59 41.69 41.7 41.63 41.54 41.28 41.24 41.26 41.26 41.26 41.27 41.29 41.32
42.04 42.07 42.06 42.04 42.07 42.11 42.1 42.13 42.12 42.14 42.17 42.17 42.19 42.18 42.16 42.18 42.22 42.25 42.23 42.23 42.24 42.28 42.25 42.27 42.31 42.3 42.29 42.3 42.31 42.34 42.29 42.28 42.27 42.25 42.24 42.25 42.23 42.21 42.19 42.15 42.16 42.18 42.19 42.19 42.19 42.18 42.2 42.23 42.27 42.34 42.39 42.45 42.41 42.41 42.37 42.27 42.1 42.02 41.78 41.67 41.67 41.64 41.58 41.53 41.6 41.61 41.71 41.72 41.62 41.51 41.27 41.22 41.27 41.26 41.28 41.32 41.33 41.35
42.09 42.12 42.05 42.08 42.11 42.13 42.09 42.11 42.13 42.14 42.17 42.18 42.2 42.19 42.18 42.19 42.23 42.26 42.26 42.26 42.26 42.28 42.28 42.3 42.35 42.35 42.32 42.33 42.36 42.39 42.33 42.29 42.32 42.28 42.27 42.26 42.23 42.22 42.2 42.19 42.18 42.18 42.18 42.2 42.23 42.21 42.22 42.25 42.27 42.33 42.38 42.44 42.4 42.41 42.38 42.25 42.08 42 41.76 41.66 41.65 41.63 41.62 41.57 41.58 41.6 41.67 41.66 41.57 41.47 41.27 41.22 41.27 41.26 41.28 41.29 41.31 41.33
42.1 42.09 42.07 42.09 42.12 42.12 42.09 42.11 42.14 42.12 42.16 42.17 42.19 42.2 42.2 42.21 42.23 42.28 42.28 42.29 42.3 42.3 42.3 42.31 42.38 42.39 42.36 42.33 42.34 42.38 42.36 42.3 42.31 42.32 42.3 42.26 42.24 42.18 42.19 42.21 42.23 42.22 42.21 42.19 42.19 42.23 42.25 42.26 42.24 42.3 42.35 42.42 42.44 42.44 42.4 42.25 42.07 41.98 41.75 41.65 41.61 41.61 41.62 41.58 41.56 41.54 41.49 41.5 41.45 41.37 41.26 41.22 41.25 41.25 41.27 41.24 41.25 41.27
42.12 42.09 42.09 42.11 42.14 42.13 42.12 42.13 42.16 42.15 42.19 42.19 42.22 42.24 42.25 42.26 42.25 42.29 42.3 42.3 42.33 42.34 42.32 42.33 42.4 42.45 42.42 42.36 42.36 42.37 42.35 42.31 42.29 42.31 42.31 42.27 42.24 42.22 42.22 42.2 42.23 42.24 42.23 42.21 42.23 42.22 42.26 42.27 42.26 42.28 42.35 42.4 42.44 42.44 42.41 42.24 42.05 41.96 41.73 41.66 41.63 41.61 41.58 41.58 41.54 41.4 41.23 41.27 41.28 41.25 41.25 41.22 41.23 41.24 41.25 41.26 41.25 41.25
42.14 42.14 42.11 42.13 42.16 42.16 42.16 42.18 42.2 42.21 42.23 42.23 42.28 42.27 42.3 42.3 42.29 42.29 42.33 42.32 42.34 42.36 42.35 42.37 42.43 42.45 42.43 42.38 42.4 42.35 42.35 42.31 42.3 42.31 42.31 42.28 42.28 42.24 42.24 42.21 42.25 42.25 42.26 42.26 42.23 42.23 42.26 42.29 42.29 42.31 42.37 42.39 42.42 42.43 42.4 42.24 42.05 41.91 41.7 41.68 41.64 41.61 41.57 41.59 41.5 41.26 41.08 41.08 41.15 41.2 41.23 41.24 41.25 41.22 41.23 41.28 41.29 41.3
42.16 42.17 42.17 42.17 42.18 42.2 42.22 42.22 42.22 42.27 42.27 42.27 42.3 42.29 42.31 42.31 42.3 42.27 42.36 42.35 42.36 42.38 42.39 42.42 42.43 42.43 42.43 42.39 42.36 42.37 42.36 42.33 42.31 42.32 42.31 42.27 42.29 42.27 42.28 42.25 42.28 42.26 42.28 42.27 42.28 42.28 42.31 42.3 42.33 42.35 42.39 42.42 42.44 42.43 42.39 42.22 42.03 41.86 41.68 41.7 41.64 41.61 41.6 41.6 41.48 41.22 41.08 41.08 41.1 41.17 41.2 41.26 41.24 41.22 41.24 41.22 41.25 41.31
42.18 42.19 42.19 42.2 42.21 42.23 42.24 42.23 42.24 42.29 42.29 42.29 42.3 42.3 42.33 42.34 42.3 42.31 42.33 42.37 42.38 42.39 42.41 42.46 42.42 42.41 42.43 42.41 42.38 42.38 42.39 42.36 42.33 42.31 42.32 42.31 42.29 42.3 42.33 42.29 42.29 42.29 42.3 42.27 42.31 42.33 42.35 42.32 42.36 42.38 42.42 42.47 42.48 42.46 42.36 42.19 41.98 41.83 41.68 41.7 41.66 41.62 41.63 41.59 41.48 41.17 41.1 41.13 41.14 41.17 41.2 41.24 41.23 41.26 41.26 41.22 41.23 41.29
42.2 42.21 42.21 42.22 42.25 42.24 42.25 42.25 42.26 42.3 42.28 42.28 42.32 42.29 42.32 42.37 42.35 42.36 42.37 42.4 42.41 42.44 42.44 42.44 42.41 42.42 42.43 42.44 42.4 42.36 42.39 42.4 42.36 42.32 42.32 42.33 42.31 42.31 42.32 42.31 42.31 42.32 42.34 42.31 42.34 42.36 42.38 42.36 42.37 42.39 42.43 42.47 42.5 42.46 42.33 42.14 41.95 41.81 41.68 41.68 41.66 41.63 41.6 41.55 41.43 41.21 41.2 41.21 41.21 41.22 41.22 41.23 41.23 41.28 41.28 41.28 41.27 41.34
42.19 42.2 42.21 42.23 42.26 42.26 42.28 42.28 42.29 42.29 42.3 42.3 42.32 42.35 42.35 42.38 42.37 42.36 42.37 42.41 42.45 42.44 42.43 42.42 42.42 42.44 42.45 42.45 42.42 42.41 42.41 42.41 42.36 42.35 42.33 42.34 42.33 42.34 42.34 42.33 42.36 42.38 42.4 42.39 42.4 42.42 42.39 42.37 42.36 42.36 42.39 42.45 42.5 42.45 42.31 42.13 41.98 41.81 41.69 41.63 41.63 41.61 41.62 41.57 41.42 41.22 41.22 41.23 41.22 41.23 41.23 41.28 41.24 41.26 41.28 41.29 41.29 41.39
42.21 42.17 42.2 42.22 42.24 42.28 42.32 42.32 42.33 42.33 42.33 42.32 42.35 42.39 42.38 42.39 42.4 42.39 42.39 42.42 42.46 42.48 42.45 42.46 42.44 42.46 42.46 42.44 42.43 42.43 42.43 42.41 42.37 42.37 42.35 42.37 42.35 42.37 42.38 42.33 42.38 42.4 42.44 42.49 42.47 42.45 42.41 42.37 42.41 42.38 42.36 42.44 42.48 42.43 42.29 42.11 42.03 41.78 41.69 41.68 41.66 41.58 41.59 41.54 41.39 41.23 41.21 41.22 41.22 41.21 41.23 41.27 41.27 41.28 41.28 41.3 41.3 41.41
42.22 42.21 42.26 42.26 42.26 42.29 42.31 42.34 42.35 42.34 42.33 42.34 42.36 42.37 42.36 42.4 42.43 42.45 42.44 42.43 42.48 42.5 42.48 42.48 42.46 42.47 42.45 42.45 42.46 42.46 42.45 42.43 42.39 42.39 42.4 42.42 42.38 42.39 42.41 42.35 42.38 42.4 42.47 42.54 42.55 42.49 42.45 42.4 42.48 42.44 42.36 42.47 42.47 42.39 42.27 42.09 42.02 41.78 41.68 41.66 41.65 41.6 41.59 41.51 41.38 41.25 41.23 41.23 41.24 41.26 41.28 41.29 41.28 41.32 41.25 41.29 41.33 41.42
42.26 42.23 42.28 42.29 42.3 42.33 42.34 42.38 42.37 42.33 42.34 42.37 42.38 42.36 42.36 42.4 42.44 42.47 42.47 42.46 42.5 42.52 42.52 42.49 42.49 42.49 42.47 42.47 42.48 42.48 42.47 42.43 42.41 42.42 42.43 42.45 42.42 42.42 42.42 42.41 42.45 42.44 42.47 42.54 42.52 42.49 42.49 42.49 42.52 42.49 42.42 42.44 42.42 42.3 42.23 42.08 41.97 41.75 41.68 41.65 41.65 41.62 41.59 41.48 41.35 41.25 41.25 41.23 41.24 41.26 41.29 41.29 41.29 41.33 41.28 41.3 41.36 41.41
42.27 42.25 42.27 42.31 42.33 42.35 42.36 42.4 42.37 42.36 42.37 42.39 42.4 42.38 42.38 42.41 42.45 42.47 42.47 42.51 42.54 42.52 42.54 42.52 42.53 42.53 42.5 42.5 42.5 42.49 42.46 42.45 42.47 42.46 42.44 42.45 42.46 42.46 42.46 42.47 42.46 42.46 42.49 42.53 42.5 42.5 42.52 42.57 42.56 42.52 42.45 42.39 42.33 42.19 42.22 42.04 41.92 41.74 41.7 41.66 41.66 41.64 41.58 41.43 41.29 41.2 41.25 41.25 41.25 41.24 41.26 41.27 41.3 41.32 41.34 41.34 41.35 41.41
42.27 42.33 42.31 42.33 42.34 42.37 42.39 42.42 42.41 42.42 42.42 42.42 42.42 42.42 42.43 42.45 42.46 42.47 42.47 42.56 42.56 42.52 42.53 42.55 42.56 42.56 42.54 42.53 42.51 42.49 42.48 42.47 42.49 42.48 42.46 42.44 42.47 42.45 42.43 42.46 42.53 42.52 42.51 42.52 42.52 42.53 42.56 42.59 42.57 42.49 42.43 42.38 42.29 42.17 42.19 42.01 41.89 41.73 41.66 41.64 41.65 41.65 41.59 41.35 41.25 41.21 41.24 41.25 41.25 41.24 41.27 41.28 41.3 41.31 41.33 41.33 41.34 41.41
42.32 42.37 42.37 42.39 42.37 42.38 42.41 42.44 42.45 42.45 42.44 42.46 42.48 42.47 42.48 42.49 42.49 42.49 42.5 42.54 42.55 42.54 42.54 42.55 42.57 42.56 42.55 42.53 42.49 42.49 42.5 42.49 42.48 42.51 42.48 42.5 42.5 42.49 42.46 42.49 42.55 42.53 42.53 42.53 42.54 42.57 42.6 42.57 42.55 42.44 42.38 42.36 42.29 42.2 42.13 41.98 41.86 41.71 41.65 41.63 41.63 41.66 41.6 41.36 41.23 41.28 41.26 41.24 41.23 41.27 41.29 41.3 41.32 41.32 41.3 41.3 41.33 41.4
42.34 42.37 42.39 42.41 42.41 42.41 42.43 42.45 42.46 42.45 42.45 42.48 42.54 42.52 42.51 42.5 42.51 42.51 42.54 42.54 42.53 42.55 42.56 42.53 42.54 42.52 42.54 42.59 42.54 42.54 42.51 42.5 42.52 42.52 42.51 42.53 42.54 42.53 42.51 42.52 42.55 42.55 42.58 42.57 42.57 42.6 42.59 42.52 42.5 42.4 42.35 42.31 42.25 42.16 42.04 41.9 41.81 41.71 41.66 41.64 41.64 41.65 41.54 41.37 41.16 41.28 41.31 41.29 41.27 41.3 41.3 41.29 41.31 41.35 41.32 41.32 41.35 41.39
42.37 42.39 42.41 42.41 42.44 42.44 42.44 42.46 42.47 42.47 42.47 42.48 42.53 42.55 42.54 42.51 42.52 42.53 42.55 42.51 42.56 42.57 42.58 42.55 42.54 42.54 42.56 42.56 42.55 42.54 42.53 42.5 42.55 42.56 42.55 42.56 42.56 42.54 42.57 42.59 42.58 42.58 42.63 42.63 42.62 42.64 42.55 42.46 42.43 42.36 42.33 42.27 42.21 42.11 42 41.85 41.79 41.71 41.64 41.63 41.63 41.62 41.42 41.26 41.08 41.21 41.28 41.3 41.32 41.31 41.29 41.3 41.31 41.34 41.33 41.34 41.38 41.4
42.42 42.44 42.44 42.43 42.46 42.47 42.46 42.47 42.49 42.49 42.5 42.49 42.52 42.53 42.54 42.52 42.52 42.54 42.54 42.55 42.58 42.59 42.59 42.55 42.53 42.56 42.58 42.57 42.54 42.54 42.56 42.55 42.56 42.59 42.56 42.56 42.56 42.57 42.62 42.65 42.64 42.63 42.65 42.64 42.62 42.6 42.48 42.41 42.39 42.33 42.31 42.26 42.2 42.11 42.03 41.91 41.81 41.7 41.66 41.65 41.64 41.61 41.43 41.29 41.16 41.24 41.24 41.25 41.31 41.35 41.35 41.35 41.32 41.34 41.38 41.37 41.38 41.41
42.47 42.46 42.46 42.44 42.51 42.52 42.49 42.47 42.48 42.49 42.52 42.5 42.51 42.51 42.53 42.54 42.51 42.54 42.56 42.53 42.6 42.59 42.58 42.55 42.56 42.58 42.59 42.58 42.58 42.59 42.58 42.57 42.58 42.62 42.6 42.59 42.59 42.6 42.64 42.67 42.66 42.68 42.64 42.62 42.57 42.5 42.42 42.38 42.37 42.32 42.26 42.22 42.2 42.1 42.01 41.95 41.8 41.69 41.66 41.66 41.63 41.59 41.42 41.34 41.27 41.28 41.3 41.29 41.32 41.32 41.36 41.36 41.36 41.35 41.39 41.4 41.41 41.4
42.46 42.49 42.46 42.45 42.5 42.5 42.48 42.51 42.5 42.51 42.52 42.51 42.49 42.51 42.54 42.56 42.55 42.56 42.56 42.57 42.58 42.59 42.61 42.57 42.61 42.6 42.58 42.6 42.61 42.61 42.6 42.61 42.63 42.65 42.66 42.65 42.64 42.61 42.63 42.65 42.65 42.67 42.62 42.58 42.52 42.43 42.4 42.38 42.37 42.31 42.25 42.2 42.17 42.1 41.96 41.89 41.74 41.69 41.67 41.68 41.64 41.57 41.37 41.32 41.28 41.29 41.33 41.3 41.31 41.32 41.34 41.34 41.38 41.39 41.4 41.41 41.41 41.43
42.49 42.55 42.51 42.48 42.49 42.48 42.48 42.52 42.5 42.53 42.53 42.5 42.51 42.53 42.56 42.58 42.57 42.59 42.59 42.59 42.57 42.58 42.61 42.61 42.63 42.63 42.6 42.62 42.62 42.64 42.65 42.66 42.67 42.67 42.69 42.69 42.66 42.61 42.62 42.65 42.67 42.66 42.59 42.54 42.47 42.4 42.4 42.38 42.36 42.31 42.25 42.22 42.15 42.08 41.95 41.87 41.74 41.74 41.7 41.69 41.65 41.54 41.34 41.32 41.28 41.3 41.31 41.32 41.34 41.35 41.35 41.36 41.39 41.4 41.41 41.41 41.43 41.45
42.49 42.51 42.51 42.5 42.53 42.52 42.51 42.51 42.49 42.54 42.55 42.51 42.53 42.55 42.59 42.6 42.58 42.6 42.64 42.62 42.59 42.59 42.62 42.64 42.65 42.66 42.65 42.63 42.63 42.66 42.71 42.69 42.69 42.68 42.69 42.66 42.64 42.62 42.68 42.72 42.7 42.65 42.55 42.5 42.42 42.36 42.38 42.38 42.36 42.3 42.24 42.21 42.13 42.05 41.92 41.84 41.73 41.71 41.7 41.68 41.65 41.56 41.33 41.32 41.3 41.28 41.3 41.34 41.36 41.37 41.38 41.39 41.41 41.41 41.41 41.42 41.47 41.47
42.48 42.5 42.52 42.53 42.52 42.53 42.53 42.5 42.5 42.54 42.55 42.54 42.56 42.58 42.58 42.59 42.57 42.61 42.68 42.65 42.65 42.64 42.66 42.68 42.69 42.7 42.69 42.64 42.65 42.68 42.75 42.7 42.7 42.69 42.68 42.66 42.65 42.69 42.75 42.79 42.73 42.63 42.58 42.55 42.46 42.38 42.36 42.36 42.36 42.3 42.23 42.21 42.13 42.04 41.87 41.82 41.75 41.68 41.72 41.71 41.66 41.52 41.34 41.34 41.33 41.29 41.35 41.39 41.39 41.4 41.41 41.42 41.43 41.43 41.43 41.44 41.49 41.5
42.51 42.52 42.53 42.56 42.55 42.56 42.56 42.51 42.51 42.54 42.56 42.57 42.56 42.59 42.59 42.61 42.59 42.64 42.7 42.67 42.67 42.68 42.68 42.69 42.71 42.72 42.71 42.68 42.68 42.7 42.7 42.68 42.69 42.68 42.68 42.7 42.71 42.77 42.8 42.78 42.74 42.63 42.56 42.55 42.48 42.41 42.38 42.37 42.36 42.31 42.24 42.22 42.14 42.05 41.92 41.86 41.78 41.71 41.72 41.71 41.7 41.5 41.37 41.38 41.37 41.32 41.39 41.43 41.43 41.44 41.43 41.43 41.43 41.46 41.45 41.46 41.49 41.48
42.57 42.56 42.53 42.59 42.57 42.59 42.59 42.57 42.57 42.57 42.59 42.61 42.56 42.58 42.62 42.63 42.64 42.65 42.71 42.71 42.69 42.68 42.68 42.7 42.73 42.73 42.69 42.74 42.74 42.74 42.71 42.68 42.68 42.69 42.7 42.75 42.78 42.79 42.76 42.76 42.73 42.63 42.55 42.53 42.48 42.4 42.37 42.37 42.37 42.32 42.26 42.23 42.14 42.05 41.96 41.9 41.8 41.72 41.7 41.69 41.71 41.48 41.42 41.39 41.39 41.37 41.4 41.43 41.47 41.44 41.42 41.43 41.45 41.49 41.47 41.47 41.5 41.47
42.6 42.58 42.58 42.61 42.6 42.6 42.61 42.61 42.61 42.61 42.63 42.64 42.62 42.61 42.63 42.64 42.66 42.68 42.71 42.76 42.74 42.71 42.73 42.75 42.76 42.75 42.72 42.79 42.77 42.75 42.78 42.71 42.71 42.7 42.73 42.75 42.8 42.83 42.78 42.77 42.73 42.63 42.55 42.53 42.47 42.41 42.36 42.35 42.34 42.31 42.25 42.22 42.14 42.02 41.95 41.9 41.8 41.7 41.69 41.7 41.7 41.44 41.39 41.33 41.38 41.43 41.44 41.45 41.47 41.46 41.45 41.45 41.46 41.5 41.48 41.46 41.5 41.51
42.6 42.6 42.63 42.63 42.64 42.63 42.61 42.65 42.64 42.63 42.64 42.65 42.66 42.66 42.64 42.68 42.69 42.7 42.73 42.77 42.76 42.74 42.77 42.8 42.81 42.81 42.8 42.85 42.82 42.82 42.77 42.76 42.75 42.72 42.79 42.8 42.82 42.83 42.79 42.78 42.73 42.64 42.56 42.53 42.47 42.41 42.35 42.34 42.32 42.24 42.19 42.18 42.12 41.99 41.94 41.86 41.77 41.68 41.68 41.72 41.69 41.41 41.35 41.28 41.33 41.39 41.41 41.44 41.47 41.49 41.5 41.49 41.46 41.47 41.48 41.49 41.52 41.53
42.62 42.62 42.64 42.64 42.69 42.66 42.65 42.7 42.69 42.66 42.63 42.65 42.65 42.66 42.68 42.69 42.7 42.72 42.72 42.8 42.79 42.78 42.79 42.84 42.84 42.85 42.84 42.92 42.91 42.9 42.82 42.82 42.81 42.77 42.8 42.81 42.83 42.82 42.78 42.78 42.72 42.64 42.57 42.55 42.47 42.39 42.34 42.34 42.31 42.2 42.14 42.14 42.08 41.95 41.92 41.79 41.75 41.67 41.69 41.75 41.62 41.41 41.35 41.29 41.33 41.37 41.4 41.46 41.52 41.47 41.49 41.49 41.52 41.52 41.52 41.52 41.54 41.54
42.65 42.65 42.66 42.67 42.73 42.69 42.67 42.7 42.69 42.67 42.67 42.68 42.69 42.7 42.68 42.7 42.72 42.74 42.73 42.79 42.77 42.78 42.84 42.85 42.86 42.89 42.9 42.94 42.96 42.97 42.9 42.88 42.84 42.81 42.82 42.82 42.83 42.83 42.79 42.79 42.73 42.65 42.59 42.56 42.48 42.38 42.32 42.33 42.31 42.23 42.17 42.1 42.05 41.92 41.86 41.71 41.78 41.69 41.7 41.71 41.55 41.44 41.42 41.41 41.45 41.45 41.46 41.5 41.53 41.49 41.5 41.52 41.51 41.51 41.51 41.54 41.57 41.59
42.64 42.65 42.68 42.67 42.67 42.69 42.71 42.7 42.7 42.69 42.7 42.69 42.69 42.72 42.74 42.73 42.75 42.76 42.77 42.8 42.79 42.82 42.86 42.86 42.86 42.88 42.91 42.93 42.97 43.01 42.99 42.96 42.91 42.84 42.85 42.83 42.83 42.85 42.81 42.78 42.72 42.65 42.59 42.55 42.49 42.39 42.35 42.33 42.28 42.16 42.11 41.98 42.01 41.89 41.84 41.72 41.77 41.74 41.71 41.69 41.58 41.43 41.42 41.43 41.47 41.49 41.5 41.51 41.49 41.5 41.52 41.54 41.5 41.5 41.53 41.61 41.66 41.69
42.67 42.65 42.67 42.68 42.68 42.73 42.75 42.71 42.71 42.72 42.75 42.74 42.75 42.77 42.77 42.75 42.76 42.78 42.84 42.84 42.83 42.85 42.89 42.89 42.89 42.89 42.93 42.96 42.98 43.02 43.03 43.03 42.98 42.89 42.88 42.85 42.82 42.84 42.82 42.77 42.71 42.65 42.58 42.55 42.5 42.43 42.41 42.31 42.17 42.07 42.02 41.92 41.97 41.89 41.85 41.74 41.75 41.76 41.73 41.68 41.55 41.43 41.43 41.46 41.47 41.48 41.51 41.51 41.48 41.5 41.51 41.55 41.55 41.56 41.61 41.78 41.81 41.84
