slabs/85.grd
DSAA
631 301
647040 647670
4947200 4947500
37.78 45.18
[rows 136 to 169 of 301, columns 0 to 77 of 631]
42.54 42.59 42.59 42.61 42.65 42.64 42.62 42.62 42.66 42.67 42.69 42.66 42.67 42.68 42.72 42.76 42.74 42.75 42.75 42.79 42.79 42.78 42.77 42.8 42.81 42.84 42.86 42.85 42.87 42.84 42.84 42.83 42.84 42.84 42.85 42.85 42.85 42.81 42.81 42.81 42.81 42.78 42.82 42.79 42.78 42.77 42.75 42.71 42.71 42.74 42.75 42.76 42.75 42.74 42.74 42.73 42.72 42.73 42.88 42.95 43.04 43.01 42.97 42.91 42.78 42.81 42.83 42.83 42.79 42.82 42.81 42.81 42.81 42.86 42.85 42.81 42.79 42.83
42.47 42.6 42.59 42.6 42.66 42.65 42.64 42.64 42.64 42.67 42.69 42.7 42.68 42.68 42.71 42.76 42.75 42.75 42.75 42.79 42.78 42.77 42.75 42.82 42.8 42.81 42.85 42.84 42.86 42.86 42.82 42.81 42.83 42.85 42.81 42.82 42.82 42.79 42.79 42.8 42.8 42.78 42.8 42.81 42.79 42.77 42.75 42.73 42.75 42.78 42.77 42.76 42.74 42.77 42.77 42.76 42.74 42.74 42.82 42.93 43.06 43.07 43.04 42.99 42.89 42.9 42.88 42.85 42.83 42.9 42.89 42.87 42.87 42.91 42.9 42.85 42.78 42.8
42.43 42.57 42.59 42.59 42.63 42.64 42.66 42.66 42.63 42.66 42.69 42.73 42.69 42.69 42.71 42.77 42.76 42.74 42.77 42.78 42.76 42.77 42.75 42.81 42.81 42.79 42.84 42.84 42.85 42.86 42.83 42.84 42.86 42.86 42.83 42.84 42.83 42.77 42.77 42.8 42.81 42.78 42.78 42.81 42.78 42.78 42.77 42.75 42.77 42.81 42.78 42.77 42.74 42.76 42.74 42.75 42.74 42.73 42.74 42.87 43.04 43.08 43.07 43.04 42.97 42.9 42.88 42.84 42.89 42.98 42.96 42.92 42.92 42.94 42.93 42.85 42.77 42.78
42.32 42.43 42.61 42.61 42.64 42.64 42.64 42.67 42.67 42.66 42.66 42.72 42.71 42.71 42.72 42.76 42.76 42.76 42.77 42.77 42.76 42.79 42.8 42.81 42.81 42.79 42.81 42.84 42.86 42.89 42.9 42.9 42.89 42.86 42.84 42.87 42.87 42.79 42.77 42.78 42.8 42.78 42.78 42.8 42.79 42.79 42.79 42.78 42.8 42.82 42.78 42.77 42.75 42.75 42.73 42.75 42.76 42.73 42.72 42.81 42.98 43.04 43.05 43.02 42.95 42.84 42.85 42.83 42.92 43.02 43.01 42.96 42.96 42.96 42.93 42.84 42.78 42.76
42.12 42.23 42.51 42.63 42.66 42.65 42.62 42.66 42.69 42.67 42.66 42.72 42.73 42.72 42.73 42.76 42.78 42.78 42.77 42.78 42.78 42.79 42.83 42.83 42.82 42.81 42.78 42.82 42.85 42.9 42.91 42.9 42.88 42.87 42.92 42.94 42.92 42.84 42.82 42.8 42.79 42.79 42.8 42.8 42.8 42.79 42.8 42.8 42.82 42.79 42.77 42.78 42.76 42.76 42.75 42.76 42.78 42.73 42.74 42.77 42.88 42.9 42.99 42.97 42.88 42.81 42.82 42.83 42.93 43.03 43.03 42.99 42.99 42.98 42.94 42.82 42.76 42.74
41.72 41.92 42.38 42.63 42.65 42.63 42.64 42.68 42.69 42.7 42.69 42.72 42.73 42.72 42.74 42.78 42.78 42.79 42.79 42.76 42.77 42.78 42.85 42.85 42.83 42.84 42.81 42.82 42.83 42.84 42.92 42.91 42.89 42.91 42.93 42.93 42.91 42.9 42.86 42.83 42.82 42.81 42.81 42.82 42.8 42.81 42.8 42.8 42.8 42.76 42.79 42.81 42.79 42.77 42.75 42.77 42.78 42.73 42.74 42.73 42.75 42.69 42.84 42.88 42.84 42.82 42.82 42.84 42.88 42.98 43.01 43.06 43.02 43 42.95 42.83 42.79 42.82
41.28 41.6 42.29 42.55 42.6 42.59 42.65 42.71 42.72 42.74 42.69 42.66 42.68 42.68 42.73 42.73 42.74 42.75 42.77 42.75 42.76 42.77 42.8 42.84 42.83 42.83 42.82 42.83 42.84 42.84 42.91 42.89 42.87 42.9 42.88 42.9 42.9 42.93 42.88 42.86 42.84 42.84 42.83 42.83 42.82 42.84 42.82 42.8 42.8 42.78 42.8 42.81 42.83 42.78 42.73 42.76 42.77 42.74 42.74 42.74 42.67 42.56 42.61 42.74 42.8 42.81 42.82 42.85 42.85 42.91 42.98 43.05 43.03 43.02 43 42.95 42.97 43.02
41.05 41.38 42.09 42.4 42.55 42.57 42.64 42.66 42.69 42.73 42.74 42.74 42.73 42.72 42.71 42.69 42.7 42.73 42.72 42.75 42.75 42.76 42.78 42.8 42.8 42.82 42.81 42.85 42.84 42.86 42.94 42.88 42.86 42.87 42.87 42.88 42.89 42.91 42.86 42.85 42.84 42.82 42.85 42.84 42.83 42.86 42.83 42.82 42.83 42.8 42.81 42.81 42.82 42.8 42.76 42.77 42.74 42.73 42.75 42.75 42.69 42.63 42.67 42.73 42.77 42.8 42.83 42.92 42.97 42.97 43.03 43.08 43.06 43.05 43.05 43.08 43.13 43.16
40.86 41.14 41.81 42.28 42.45 42.56 42.65 42.63 42.63 42.67 42.7 42.71 42.72 42.74 42.74 42.74 42.74 42.75 42.72 42.76 42.77 42.77 42.77 42.79 42.81 42.84 42.84 42.85 42.86 42.88 42.93 42.88 42.87 42.88 42.89 42.89 42.9 42.87 42.85 42.85 42.84 42.8 42.84 42.84 42.82 42.83 42.8 42.81 42.82 42.82 42.84 42.82 42.79 42.8 42.8 42.77 42.74 42.75 42.77 42.74 42.72 42.74 42.71 42.71 42.76 42.78 42.83 42.98 43.08 43.05 43.08 43.11 43.12 43.11 43.13 43.16 43.21 43.22
40.78 40.96 41.52 42.13 42.27 42.5 42.65 42.63 42.63 42.65 42.68 42.67 42.68 42.71 42.76 42.76 42.75 42.75 42.71 42.76 42.78 42.78 42.75 42.79 42.81 42.83 42.87 42.87 42.88 42.89 42.9 42.88 42.89 42.9 42.91 42.9 42.88 42.89 42.86 42.86 42.86 42.81 42.85 42.86 42.85 42.83 42.8 42.81 42.8 42.8 42.81 42.81 42.8 42.78 42.77 42.75 42.75 42.76 42.76 42.74 42.75 42.77 42.75 42.7 42.75 42.77 42.82 42.98 43.08 43.04 43.07 43.12 43.14 43.16 43.17 43.19 43.22 43.22
40.71 40.8 41.29 41.86 42.03 42.47 42.68 42.66 42.65 42.67 42.68 42.67 42.67 42.68 42.74 42.74 42.72 42.72 42.7 42.75 42.77 42.78 42.76 42.79 42.82 42.79 42.87 42.87 42.89 42.92 42.9 42.89 42.9 42.92 42.9 42.89 42.86 42.88 42.85 42.85 42.86 42.84 42.87 42.87 42.87 42.86 42.87 42.87 42.82 42.8 42.8 42.81 42.8 42.77 42.77 42.76 42.74 42.76 42.75 42.72 42.73 42.75 42.74 42.69 42.73 42.73 42.78 42.89 42.97 42.95 42.94 43.04 43.1 43.13 43.15 43.16 43.19 43.21
40.66 40.71 41.11 41.66 41.89 42.46 42.72 42.71 42.7 42.69 42.69 42.69 42.7 42.69 42.72 42.73 42.71 42.67 42.69 42.76 42.75 42.78 42.77 42.8 42.84 42.79 42.85 42.85 42.89 42.93 42.93 42.94 42.93 42.91 42.9 42.89 42.87 42.89 42.91 42.9 42.88 42.86 42.89 42.89 42.86 42.87 42.89 42.89 42.84 42.83 42.81 42.82 42.83 42.82 42.81 42.76 42.74 42.74 42.75 42.74 42.71 42.72 42.71 42.69 42.69 42.67 42.7 42.74 42.78 42.81 42.82 42.92 42.99 43.02 43.08 43.11 43.15 43.18
40.67 40.71 41.01 41.46 41.72 42.39 42.72 42.75 42.73 42.72 42.7 42.71 42.72 42.74 42.75 42.73 42.71 42.67 42.7 42.76 42.76 42.78 42.79 42.81 42.84 42.84 42.83 42.84 42.87 42.9 42.89 42.92 42.96 42.91 42.91 42.91 42.93 42.94 42.93 42.93 42.9 42.89 42.91 42.91 42.89 42.89 42.89 42.88 42.83 42.84 42.82 42.84 42.85 42.86 42.84 42.8 42.77 42.73 42.75 42.75 42.73 42.7 42.67 42.66 42.62 42.61 42.6 42.61 42.65 42.7 42.76 42.81 42.87 42.9 42.99 43.03 43.1 43.12
40.71 40.75 41 41.34 41.55 42.18 42.59 42.77 42.75 42.74 42.72 42.72 42.71 42.74 42.76 42.74 42.73 42.72 42.74 42.76 42.78 42.79 42.82 42.83 42.84 42.82 42.81 42.82 42.88 42.88 42.84 42.88 42.98 42.92 42.91 42.93 42.94 42.96 42.95 42.95 42.92 42.91 42.92 42.93 42.91 42.91 42.91 42.9 42.84 42.83 42.82 42.85 42.84 42.85 42.83 42.82 42.78 42.76 42.78 42.76 42.77 42.75 42.71 42.67 42.65 42.64 42.58 42.55 42.63 42.66 42.75 42.8 42.82 42.84 42.9 42.92 42.99 43.02
40.76 40.8 41.03 41.28 41.4 41.81 42.38 42.74 42.75 42.76 42.73 42.72 42.71 42.7 42.72 42.74 42.74 42.76 42.77 42.78 42.81 42.78 42.81 42.82 42.81 42.81 42.81 42.82 42.88 42.88 42.87 42.88 42.94 42.93 42.93 42.95 42.95 42.97 42.97 42.96 42.94 42.92 42.93 42.94 42.92 42.92 42.93 42.89 42.85 42.85 42.84 42.85 42.86 42.84 42.82 42.81 42.77 42.81 42.8 42.75 42.8 42.8 42.79 42.75 42.79 42.78 42.71 42.63 42.63 42.66 42.74 42.78 42.82 42.84 42.88 42.86 42.88 42.94
40.8 40.83 40.94 41.1 41.14 41.47 42.17 42.64 42.71 42.76 42.73 42.73 42.73 42.71 42.72 42.72 42.69 42.74 42.75 42.76 42.8 42.79 42.78 42.8 42.82 42.84 42.84 42.84 42.87 42.88 42.91 42.93 42.95 42.95 42.96 42.98 42.97 42.98 42.98 42.96 42.94 42.92 42.93 42.93 42.92 42.93 42.94 42.88 42.88 42.89 42.87 42.86 42.86 42.84 42.83 42.8 42.77 42.82 42.81 42.73 42.79 42.78 42.77 42.76 42.77 42.79 42.81 42.78 42.69 42.7 42.76 42.78 42.82 42.84 42.86 42.84 42.85 42.88
40.76 40.81 40.82 40.86 40.9 41.33 42 42.5 42.65 42.76 42.74 42.75 42.75 42.73 42.73 42.72 42.68 42.7 42.79 42.78 42.79 42.78 42.76 42.77 42.82 42.84 42.87 42.85 42.85 42.87 42.94 42.96 42.97 42.95 42.97 43 42.98 42.97 42.97 42.94 42.93 42.91 42.92 42.94 42.94 42.94 42.94 42.87 42.91 42.91 42.9 42.87 42.84 42.85 42.87 42.82 42.8 42.82 42.83 42.77 42.79 42.78 42.76 42.8 42.72 42.74 42.78 42.8 42.8 42.8 42.82 42.8 42.81 42.82 42.85 42.84 42.87 42.88
40.65 40.76 40.86 40.89 40.92 41.3 41.95 42.35 42.6 42.76 42.77 42.77 42.78 42.76 42.76 42.75 42.74 42.76 42.75 42.76 42.77 42.77 42.76 42.77 42.83 42.84 42.86 42.87 42.86 42.87 42.92 42.95 42.99 42.96 42.96 42.98 42.99 42.99 42.98 42.94 42.93 42.93 42.94 42.96 42.96 42.95 42.93 42.89 42.9 42.88 42.87 42.85 42.84 42.88 42.91 42.88 42.86 42.87 42.87 42.81 42.81 42.8 42.8 42.82 42.77 42.74 42.74 42.75 42.78 42.8 42.86 42.85 42.76 42.79 42.83 42.85 42.88 42.88
40.6 40.76 40.87 40.91 40.92 41.27 41.84 42 42.42 42.73 42.81 42.81 42.8 42.78 42.78 42.77 42.78 42.77 42.79 42.79 42.78 42.78 42.77 42.8 42.83 42.82 42.84 42.86 42.87 42.87 42.9 42.93 42.98 42.98 42.95 42.95 42.96 43.01 43 42.98 42.97 42.99 42.98 42.95 42.94 42.93 42.91 42.92 42.91 42.82 42.84 42.87 42.82 42.85 42.89 42.85 42.88 42.88 42.82 42.81 42.81 42.8 42.78 42.78 42.78 42.76 42.73 42.74 42.77 42.79 42.86 42.83 42.72 42.73 42.8 42.86 42.88 42.89
40.58 40.75 40.88 40.9 40.92 41.23 41.66 41.8 42.19 42.65 42.85 42.84 42.83 42.81 42.8 42.77 42.75 42.75 42.81 42.81 42.78 42.78 42.77 42.79 42.83 42.81 42.83 42.86 42.85 42.87 42.88 42.91 42.95 42.96 42.95 42.95 42.93 43.01 43.01 43.01 43.02 43.03 43.01 42.96 42.94 42.94 42.92 42.91 42.92 42.89 42.89 42.87 42.9 42.89 42.86 42.86 42.86 42.84 42.82 42.82 42.82 42.82 42.81 42.81 42.8 42.79 42.76 42.78 42.77 42.8 42.84 42.79 42.73 42.7 42.77 42.85 42.87 42.89
40.57 40.72 40.86 40.88 40.89 41.12 41.39 41.51 41.93 42.56 42.83 42.84 42.85 42.82 42.78 42.75 42.74 42.76 42.79 42.8 42.79 42.8 42.8 42.8 42.83 42.82 42.83 42.86 42.86 42.87 42.9 42.92 42.91 42.93 42.93 42.98 42.97 42.99 42.98 43 43 43.01 43 42.95 42.94 42.94 42.93 42.95 42.93 42.93 42.9 42.85 42.87 42.87 42.85 42.86 42.85 42.85 42.84 42.84 42.83 42.84 42.84 42.83 42.81 42.79 42.78 42.8 42.79 42.8 42.83 42.76 42.74 42.72 42.78 42.84 42.86 42.88
40.5 40.65 40.82 40.85 40.84 40.92 41.08 41.19 41.63 42.39 42.73 42.8 42.84 42.8 42.76 42.75 42.75 42.77 42.77 42.78 42.79 42.82 42.82 42.8 42.81 42.82 42.82 42.85 42.89 42.89 42.91 42.93 42.92 42.9 42.9 42.96 42.99 42.94 42.92 42.96 42.98 42.98 42.97 42.94 42.94 42.95 42.96 42.98 42.92 42.92 42.89 42.87 42.88 42.88 42.88 42.88 42.86 42.87 42.88 42.84 42.81 42.82 42.85 42.84 42.81 42.77 42.77 42.78 42.8 42.81 42.83 42.78 42.77 42.77 42.79 42.84 42.85 42.85
40.47 40.59 40.79 40.79 40.78 40.85 40.93 40.99 41.35 42.12 42.6 42.73 42.83 42.75 42.74 42.75 42.74 42.76 42.77 42.79 42.81 42.82 42.81 42.78 42.79 42.83 42.84 42.87 42.91 42.91 42.92 42.91 42.94 42.88 42.9 42.95 42.98 42.92 42.88 42.92 42.96 42.98 42.99 42.99 42.96 42.97 43 43.01 42.97 42.95 42.92 42.89 42.9 42.89 42.89 42.89 42.87 42.86 42.87 42.87 42.84 42.82 42.83 42.85 42.82 42.78 42.79 42.79 42.8 42.81 42.83 42.82 42.83 42.84 42.82 42.85 42.83 42.83
40.46 40.57 40.73 40.73 40.75 40.83 40.89 40.92 41.09 41.79 42.38 42.59 42.82 42.73 42.73 42.74 42.73 42.73 42.74 42.77 42.82 42.82 42.81 42.81 42.81 42.82 42.85 42.88 42.89 42.91 42.92 42.91 42.93 42.89 42.9 42.93 42.95 42.91 42.88 42.93 42.97 42.98 42.98 42.99 42.97 42.98 42.99 43 42.99 42.97 42.94 42.93 42.93 42.91 42.89 42.86 42.85 42.84 42.86 42.89 42.87 42.85 42.83 42.85 42.85 42.83 42.84 42.82 42.81 42.79 42.82 42.87 42.89 42.91 42.9 42.87 42.85 42.84
40.46 40.55 40.65 40.66 40.72 40.81 40.86 40.87 40.93 41.45 42.07 42.38 42.74 42.7 42.71 42.74 42.75 42.7 42.72 42.76 42.78 42.78 42.79 42.84 42.86 42.83 42.84 42.84 42.9 42.93 42.91 42.88 42.89 42.89 42.89 42.91 42.93 42.92 42.93 42.95 42.98 42.99 42.99 43.01 42.99 43 42.98 42.99 42.98 42.96 42.94 42.95 42.95 42.93 42.88 42.84 42.84 42.85 42.89 42.89 42.88 42.88 42.86 42.84 42.85 42.85 42.87 42.84 42.84 42.77 42.8 42.93 43 43.03 42.95 42.93 42.91 42.92
40.5 40.53 40.59 40.62 40.7 40.78 40.8 40.84 40.94 41.24 41.68 42.13 42.49 42.59 42.63 42.72 42.76 42.73 42.74 42.78 42.77 42.79 42.8 42.82 42.85 42.79 42.81 42.88 42.93 42.94 42.91 42.85 42.85 42.86 42.89 42.9 42.93 42.92 42.95 42.96 42.98 43 43.01 43.03 43.02 43.01 42.96 42.96 42.95 42.95 42.96 42.98 42.95 42.93 42.88 42.84 42.86 42.87 42.91 42.88 42.89 42.9 42.87 42.84 42.84 42.85 42.87 42.82 42.83 42.79 42.82 42.96 43.06 43.18 43.15 43.1 43.03 42.97
40.51 40.53 40.59 40.61 40.68 40.77 40.76 40.87 41.04 41.22 41.35 41.84 42.23 42.5 42.57 42.7 42.74 42.73 42.76 42.79 42.77 42.79 42.81 42.83 42.88 42.82 42.83 42.86 42.91 42.9 42.87 42.84 42.84 42.86 42.92 42.95 42.94 42.93 42.96 42.97 43 43.02 43.02 43.01 43.01 43 42.94 42.95 42.95 42.97 43.01 43 42.95 42.93 42.88 42.85 42.85 42.87 42.9 42.87 42.89 42.9 42.83 42.84 42.84 42.84 42.83 42.81 42.83 42.83 42.82 43 43.1 43.21 43.24 43.23 43.21 43.12
40.46 40.52 40.59 40.6 40.65 40.74 40.78 40.9 41.03 41.2 41.28 41.65 42.21 42.49 42.56 42.67 42.71 42.7 42.73 42.78 42.76 42.77 42.78 42.81 42.87 42.84 42.84 42.86 42.9 42.88 42.84 42.87 42.91 42.92 42.97 42.97 42.93 42.92 42.95 42.99 43.01 43.03 43.03 43.01 43 42.99 42.97 42.98 42.98 42.98 43.01 43 42.99 42.94 42.88 42.89 42.89 42.88 42.87 42.86 42.88 42.89 42.85 42.87 42.87 42.85 42.86 42.82 42.83 42.81 42.84 43.01 43.12 43.24 43.31 43.31 43.31 43.26
40.34 40.5 40.54 40.54 40.56 40.64 40.69 40.83 41.01 41.17 41.23 41.47 42.15 42.47 42.57 42.68 42.73 42.71 42.73 42.77 42.79 42.79 42.79 42.81 42.86 42.86 42.85 42.86 42.87 42.88 42.85 42.89 42.94 42.94 42.96 42.97 42.95 42.93 42.96 43 42.99 43 43.02 43.02 43.01 43.01 43.03 43.01 42.99 42.97 42.99 42.99 43 42.98 42.92 42.92 42.92 42.91 42.87 42.92 42.92 42.92 42.88 42.89 42.87 42.87 42.85 42.84 42.81 42.82 42.82 42.92 43.06 43.25 43.35 43.35 43.36 43.34
40.19 40.38 40.42 40.49 40.48 40.55 40.61 40.78 40.93 41.04 41.1 41.28 42 42.49 42.63 42.74 42.72 42.74 42.74 42.75 42.8 42.81 42.81 42.84 42.85 42.86 42.87 42.86 42.85 42.87 42.86 42.9 42.92 42.92 42.95 42.96 42.97 42.98 42.98 42.99 42.95 42.98 43.03 43.01 43.02 43.01 43.04 43.03 43.01 42.99 43.01 42.99 43.02 43.01 42.96 42.97 42.97 42.95 42.9 42.93 42.92 42.92 42.9 42.91 42.9 42.91 42.85 42.86 42.83 42.81 42.84 42.85 42.98 43.23 43.35 43.35 43.4 43.4
40 40.19 40.28 40.43 40.44 40.48 40.54 40.68 40.82 40.92 40.98 41.14 41.79 42.32 42.49 42.65 42.67 42.71 42.74 42.76 42.78 42.79 42.82 42.87 42.88 42.86 42.86 42.85 42.86 42.86 42.87 42.94 42.92 42.94 42.97 42.97 42.98 43 43 43.01 42.95 42.96 43.02 43.03 43.01 42.99 43 43.03 43.04 43.01 43.01 43 43.01 42.97 42.98 42.99 42.98 42.94 42.92 42.9 42.91 42.94 42.91 42.92 42.92 42.91 42.87 42.87 42.85 42.85 42.85 42.84 42.91 43.12 43.3 43.32 43.42 43.45
39.92 40.04 40.16 40.39 40.44 40.44 40.5 40.62 40.74 40.84 40.89 41.02 41.5 42.03 42.19 42.42 42.56 42.62 42.72 42.77 42.78 42.79 42.82 42.88 42.9 42.89 42.86 42.87 42.87 42.88 42.9 42.94 42.94 42.95 42.96 42.95 42.99 42.98 42.93 42.99 42.97 42.98 43.06 43.04 43.03 43.02 43.01 43.04 43.04 43.02 43.02 42.98 42.98 42.94 42.98 42.98 42.94 42.9 42.92 42.93 42.92 42.95 42.92 42.93 42.94 42.92 42.89 42.88 42.88 42.89 42.85 42.84 42.86 43.02 43.21 43.27 43.39 43.47
39.99 39.99 40.14 40.36 40.43 40.44 40.48 40.61 40.73 40.82 40.85 40.89 41.11 41.58 41.78 42.1 42.38 42.47 42.65 42.74 42.79 42.81 42.84 42.87 42.91 42.92 42.9 42.89 42.89 42.89 42.91 42.93 42.93 42.94 42.95 42.96 42.99 43.01 42.97 42.99 42.97 42.97 43 43.01 43.02 43.03 43.01 43.02 43.01 43.01 43.01 42.98 42.97 42.96 42.97 42.97 42.94 42.92 42.95 42.95 42.94 42.94 42.92 42.93 42.95 42.94 42.9 42.91 42.92 42.89 42.85 42.84 42.85 42.96 43.07 43.18 43.35 43.46
40.08 40 40.14 40.33 40.41 40.43 40.46 40.61 40.67 40.72 40.74 40.75 40.81 41.09 41.43 41.84 42.25 42.36 42.6 42.71 42.78 42.81 42.87 42.87 42.89 42.9 42.88 42.88 42.91 42.91 42.89 42.91 42.94 42.91 42.96 42.98 43 43.01 43.02 43 42.99 42.96 42.97 42.99 43.02 43.06 43.02 43.01 43 43.01 43.01 43 42.99 42.98 42.96 42.94 42.94 42.95 42.97 42.97 42.96 42.95 42.93 42.93 42.93 42.95 42.93 42.93 42.94 42.89 42.88 42.86 42.86 42.85 42.96 43.1 43.3 43.4
