slabs/86.grd
DSAA
631 301
647040 647670
4947500 4947800
31.01 44.5
[rows 102 to 135 of 301, columns 234 to 311 of 631]
39.48 39.48 39.47 39.46 39.44 39.43 39.48 39.46 39.44 39.44 39.44 39.45 39.46 39.49 39.45 39.44 39.45 39.47 39.46 39.45 39.45 39.42 39.44 39.47 39.48 39.45 39.45 39.44 39.43 39.47 39.47 39.43 39.39 39.38 39.39 39.38 39.36 39.33 39.34 39.32 39.31 39.3 39.26 39.25 39.29 39.3 39.28 39.25 39.31 39.32 39.39 39.4 39.46 39.45 39.35 39.36 39.34 39.35 39.34 39.32 39.33 39.33 39.32 39.33 39.33 39.32 39.32 39.35 39.34 39.28 39.31 39.34 39.36 39.42 39.44 39.45 39.46 39.44
39.47 39.49 39.49 39.48 39.45 39.43 39.47 39.46 39.39 39.45 39.46 39.43 39.46 39.54 39.51 39.45 39.46 39.43 39.44 39.47 39.46 39.42 39.44 39.48 39.5 39.46 39.45 39.43 39.42 39.45 39.45 39.4 39.37 39.38 39.37 39.37 39.32 39.32 39.32 39.28 39.28 39.28 39.25 39.23 39.3 39.32 39.32 39.27 39.32 39.31 39.37 39.42 39.45 39.41 39.34 39.35 39.32 39.34 39.35 39.34 39.35 39.36 39.37 39.36 39.35 39.31 39.35 39.36 39.37 39.36 39.39 39.4 39.41 39.46 39.45 39.42 39.41 39.42
39.48 39.5 39.49 39.47 39.45 39.44 39.48 39.45 39.34 39.47 39.46 39.43 39.45 39.5 39.5 39.49 39.49 39.45 39.46 39.47 39.45 39.44 39.47 39.5 39.51 39.48 39.44 39.44 39.43 39.44 39.44 39.4 39.37 39.35 39.34 39.35 39.29 39.29 39.29 39.27 39.28 39.28 39.27 39.24 39.28 39.3 39.35 39.31 39.31 39.29 39.3 39.31 39.27 39.31 39.33 39.36 39.34 39.36 39.37 39.37 39.36 39.38 39.37 39.34 39.35 39.34 39.39 39.42 39.43 39.42 39.41 39.42 39.43 39.49 39.5 39.48 39.45 39.46
39.45 39.47 39.46 39.46 39.46 39.44 39.47 39.47 39.42 39.46 39.44 39.42 39.42 39.46 39.47 39.48 39.44 39.46 39.48 39.49 39.45 39.46 39.48 39.51 39.49 39.47 39.45 39.41 39.42 39.42 39.42 39.39 39.36 39.33 39.3 39.29 39.26 39.26 39.27 39.3 39.33 39.33 39.31 39.25 39.22 39.26 39.36 39.34 39.33 39.25 39.18 39.1 39.06 39.19 39.32 39.34 39.35 39.38 39.37 39.36 39.36 39.35 39.33 39.31 39.39 39.43 39.46 39.44 39.45 39.46 39.42 39.43 39.44 39.5 39.51 39.52 39.51 39.52
39.42 39.45 39.44 39.45 39.44 39.47 39.47 39.47 39.42 39.41 39.42 39.43 39.41 39.45 39.45 39.44 39.39 39.43 39.45 39.48 39.47 39.47 39.47 39.5 39.46 39.46 39.44 39.39 39.4 39.4 39.39 39.36 39.34 39.31 39.29 39.26 39.28 39.26 39.28 39.32 39.39 39.4 39.38 39.28 39.18 39.22 39.31 39.27 39.25 39.1 39 38.98 39.03 39.24 39.35 39.35 39.36 39.36 39.35 39.34 39.33 39.31 39.35 39.38 39.45 39.51 39.47 39.46 39.46 39.46 39.46 39.45 39.48 39.53 39.5 39.52 39.55 39.55
39.41 39.45 39.45 39.45 39.42 39.46 39.45 39.44 39.44 39.42 39.42 39.42 39.42 39.44 39.43 39.38 39.33 39.38 39.41 39.46 39.47 39.48 39.48 39.49 39.45 39.45 39.43 39.37 39.37 39.37 39.36 39.32 39.3 39.3 39.29 39.27 39.32 39.29 39.3 39.35 39.42 39.43 39.4 39.26 39.13 39.12 39.13 39.03 39 38.97 39.05 39.21 39.25 39.35 39.36 39.37 39.36 39.34 39.34 39.32 39.3 39.31 39.39 39.46 39.51 39.52 39.47 39.48 39.48 39.45 39.5 39.5 39.57 39.6 39.53 39.54 39.55 39.55
39.39 39.43 39.44 39.44 39.42 39.46 39.44 39.41 39.45 39.45 39.44 39.42 39.45 39.44 39.42 39.36 39.33 39.38 39.4 39.44 39.47 39.48 39.47 39.47 39.44 39.43 39.42 39.37 39.35 39.35 39.33 39.29 39.28 39.29 39.29 39.27 39.31 39.29 39.31 39.34 39.35 39.36 39.33 39.2 39.07 39.01 38.98 38.89 38.95 39.14 39.23 39.38 39.38 39.4 39.38 39.39 39.36 39.31 39.31 39.32 39.35 39.42 39.45 39.47 39.48 39.49 39.48 39.48 39.52 39.51 39.57 39.58 39.63 39.61 39.56 39.54 39.53 39.54
39.4 39.41 39.41 39.43 39.42 39.46 39.45 39.42 39.45 39.42 39.43 39.44 39.47 39.43 39.45 39.43 39.39 39.41 39.41 39.42 39.46 39.46 39.45 39.45 39.42 39.41 39.39 39.37 39.36 39.34 39.3 39.27 39.27 39.3 39.31 39.28 39.33 39.34 39.33 39.29 39.29 39.29 39.26 39.16 39.09 38.99 38.98 39.12 39.16 39.3 39.36 39.42 39.4 39.38 39.35 39.33 39.3 39.31 39.34 39.39 39.45 39.5 39.44 39.45 39.46 39.46 39.51 39.51 39.56 39.59 39.63 39.64 39.62 39.56 39.5 39.52 39.51 39.51
39.39 39.41 39.4 39.42 39.43 39.46 39.46 39.42 39.47 39.42 39.43 39.46 39.46 39.43 39.47 39.48 39.44 39.43 39.43 39.42 39.47 39.47 39.47 39.43 39.41 39.39 39.35 39.34 39.33 39.31 39.31 39.32 39.28 39.29 39.3 39.27 39.31 39.32 39.27 39.22 39.22 39.2 39.16 38.99 39.03 39.14 39.18 39.33 39.35 39.39 39.4 39.4 39.39 39.35 39.29 39.32 39.32 39.37 39.41 39.42 39.48 39.47 39.42 39.45 39.47 39.48 39.56 39.56 39.57 39.62 39.61 39.61 39.6 39.54 39.49 39.5 39.5 39.46
39.41 39.4 39.41 39.42 39.44 39.47 39.48 39.42 39.47 39.44 39.46 39.47 39.44 39.44 39.45 39.47 39.45 39.43 39.41 39.4 39.46 39.47 39.45 39.38 39.38 39.38 39.36 39.34 39.29 39.26 39.3 39.34 39.31 39.32 39.3 39.23 39.23 39.2 39.15 39.08 39.1 39.05 39.05 39.08 39.14 39.29 39.33 39.4 39.41 39.4 39.37 39.35 39.39 39.39 39.36 39.38 39.4 39.42 39.43 39.42 39.44 39.42 39.43 39.45 39.5 39.55 39.6 39.59 39.58 39.57 39.56 39.56 39.57 39.56 39.53 39.52 39.51 39.48
39.43 39.4 39.4 39.42 39.43 39.48 39.49 39.43 39.44 39.45 39.46 39.45 39.41 39.43 39.44 39.46 39.45 39.42 39.38 39.38 39.43 39.43 39.41 39.38 39.34 39.35 39.36 39.33 39.32 39.3 39.32 39.31 39.32 39.34 39.34 39.22 39.17 39.05 39 38.93 38.97 39.07 39.18 39.27 39.3 39.38 39.39 39.39 39.35 39.38 39.36 39.37 39.43 39.45 39.43 39.42 39.42 39.42 39.41 39.41 39.43 39.47 39.49 39.5 39.55 39.59 39.58 39.57 39.58 39.57 39.58 39.59 39.61 39.57 39.57 39.57 39.53 39.48
39.41 39.39 39.4 39.4 39.41 39.48 39.48 39.44 39.41 39.45 39.46 39.44 39.41 39.41 39.43 39.44 39.48 39.43 39.37 39.38 39.38 39.39 39.35 39.35 39.36 39.36 39.36 39.33 39.32 39.33 39.35 39.25 39.28 39.3 39.31 39.17 39.1 38.95 38.98 39.03 39.07 39.23 39.33 39.37 39.38 39.37 39.36 39.34 39.34 39.45 39.39 39.45 39.47 39.45 39.43 39.42 39.4 39.41 39.42 39.42 39.43 39.54 39.59 39.57 39.58 39.57 39.55 39.55 39.56 39.57 39.61 39.62 39.64 39.61 39.59 39.57 39.54 39.51
39.35 39.4 39.41 39.39 39.4 39.44 39.45 39.45 39.42 39.43 39.44 39.46 39.42 39.41 39.42 39.43 39.45 39.42 39.39 39.39 39.37 39.36 39.33 39.3 39.38 39.38 39.38 39.37 39.36 39.38 39.39 39.22 39.21 39.2 39.17 39.05 39.02 39.01 39.19 39.25 39.29 39.36 39.39 39.37 39.35 39.28 39.33 39.38 39.45 39.56 39.44 39.45 39.45 39.45 39.45 39.42 39.4 39.45 39.5 39.48 39.49 39.57 39.57 39.56 39.57 39.56 39.54 39.53 39.55 39.6 39.63 39.64 39.63 39.6 39.58 39.58 39.57 39.54
39.29 39.41 39.41 39.39 39.39 39.4 39.43 39.44 39.44 39.44 39.43 39.45 39.44 39.44 39.43 39.39 39.4 39.39 39.38 39.35 39.35 39.33 39.31 39.32 39.38 39.4 39.4 39.39 39.38 39.36 39.36 39.24 39.16 39.12 39.19 39.15 39.16 39.23 39.38 39.39 39.4 39.37 39.36 39.3 39.3 39.27 39.41 39.55 39.55 39.55 39.45 39.4 39.42 39.46 39.46 39.45 39.44 39.5 39.56 39.54 39.51 39.52 39.51 39.51 39.52 39.55 39.53 39.55 39.56 39.59 39.63 39.64 39.63 39.6 39.59 39.56 39.58 39.56
39.25 39.39 39.43 39.39 39.41 39.41 39.43 39.42 39.42 39.44 39.44 39.45 39.44 39.44 39.43 39.4 39.36 39.35 39.36 39.35 39.32 39.32 39.34 39.36 39.39 39.41 39.41 39.4 39.33 39.2 39.15 39.2 39.17 39.2 39.33 39.38 39.39 39.4 39.4 39.39 39.38 39.32 39.31 39.27 39.32 39.44 39.51 39.62 39.57 39.46 39.45 39.44 39.45 39.48 39.44 39.46 39.49 39.51 39.55 39.55 39.51 39.51 39.51 39.51 39.5 39.54 39.52 39.56 39.58 39.59 39.62 39.64 39.67 39.65 39.64 39.58 39.58 39.59
39.25 39.28 39.4 39.4 39.42 39.43 39.44 39.44 39.42 39.43 39.43 39.43 39.42 39.41 39.4 39.38 39.33 39.32 39.33 39.34 39.35 39.34 39.36 39.41 39.39 39.37 39.36 39.37 39.24 39.02 39.03 39.22 39.25 39.36 39.38 39.41 39.42 39.4 39.39 39.33 39.34 39.3 39.35 39.4 39.44 39.52 39.51 39.49 39.46 39.44 39.45 39.43 39.41 39.45 39.4 39.44 39.51 39.55 39.52 39.53 39.53 39.51 39.49 39.51 39.52 39.54 39.54 39.58 39.6 39.61 39.62 39.65 39.69 39.7 39.69 39.64 39.6 39.61
39.46 39.39 39.35 39.42 39.44 39.44 39.45 39.43 39.41 39.42 39.41 39.4 39.39 39.38 39.36 39.33 39.29 39.29 39.32 39.34 39.37 39.36 39.35 39.38 39.32 39.26 39.21 39.26 39.19 39.1 39.23 39.39 39.38 39.4 39.42 39.38 39.39 39.36 39.34 39.28 39.33 39.43 39.47 39.49 39.5 39.46 39.45 39.42 39.42 39.42 39.45 39.45 39.42 39.45 39.44 39.46 39.5 39.54 39.52 39.53 39.54 39.5 39.5 39.52 39.54 39.56 39.57 39.6 39.62 39.65 39.65 39.67 39.7 39.72 39.71 39.68 39.62 39.61
39.56 39.47 39.33 39.46 39.43 39.44 39.45 39.42 39.39 39.39 39.39 39.37 39.36 39.34 39.33 39.3 39.27 39.27 39.32 39.34 39.35 39.31 39.25 39.22 39.17 39.09 39.09 39.21 39.27 39.36 39.39 39.44 39.43 39.4 39.41 39.33 39.34 39.34 39.33 39.35 39.41 39.51 39.52 39.5 39.46 39.42 39.41 39.4 39.4 39.4 39.41 39.44 39.44 39.45 39.46 39.47 39.5 39.53 39.52 39.53 39.56 39.52 39.54 39.57 39.59 39.59 39.59 39.61 39.65 39.69 39.67 39.69 39.7 39.7 39.69 39.67 39.63 39.59
39.6 39.53 39.32 39.43 39.43 39.44 39.43 39.4 39.39 39.37 39.35 39.34 39.33 39.33 39.34 39.31 39.31 39.3 39.3 39.3 39.29 39.21 39.08 39.03 39.01 39.01 39.22 39.37 39.38 39.43 39.41 39.44 39.43 39.42 39.36 39.31 39.35 39.38 39.4 39.42 39.45 39.49 39.46 39.45 39.42 39.41 39.42 39.42 39.42 39.43 39.41 39.44 39.46 39.43 39.47 39.48 39.51 39.51 39.51 39.52 39.55 39.56 39.59 39.62 39.64 39.62 39.62 39.63 39.65 39.68 39.68 39.7 39.69 39.69 39.67 39.66 39.64 39.61
39.63 39.56 39.34 39.35 39.38 39.41 39.42 39.39 39.4 39.36 39.33 39.34 39.34 39.37 39.38 39.35 39.35 39.35 39.28 39.22 39.19 39.13 39 38.93 39.03 39.24 39.43 39.45 39.44 39.43 39.42 39.43 39.37 39.3 39.29 39.32 39.42 39.49 39.47 39.47 39.47 39.49 39.45 39.42 39.41 39.41 39.44 39.45 39.47 39.47 39.44 39.46 39.49 39.45 39.47 39.48 39.51 39.52 39.52 39.53 39.57 39.63 39.64 39.67 39.67 39.65 39.65 39.66 39.66 39.67 39.67 39.69 39.72 39.71 39.69 39.69 39.7 39.69
39.64 39.6 39.45 39.33 39.28 39.35 39.41 39.41 39.39 39.36 39.33 39.38 39.41 39.44 39.4 39.31 39.29 39.26 39.19 39.12 39.09 39.05 39.07 39.11 39.27 39.44 39.45 39.47 39.46 39.44 39.37 39.35 39.32 39.36 39.42 39.43 39.47 39.47 39.45 39.44 39.43 39.45 39.43 39.42 39.43 39.43 39.43 39.45 39.49 39.51 39.48 39.49 39.52 39.49 39.49 39.49 39.53 39.56 39.56 39.57 39.62 39.67 39.68 39.68 39.69 39.66 39.66 39.67 39.67 39.7 39.68 39.68 39.72 39.71 39.71 39.71 39.72 39.72
39.63 39.62 39.58 39.4 39.23 39.3 39.4 39.39 39.37 39.32 39.32 39.41 39.45 39.46 39.35 39.24 39.22 39.17 39.12 39.05 39.03 39.07 39.27 39.37 39.43 39.51 39.45 39.44 39.41 39.4 39.31 39.34 39.42 39.5 39.51 39.48 39.45 39.44 39.44 39.43 39.38 39.41 39.43 39.45 39.45 39.46 39.45 39.46 39.49 39.53 39.53 39.53 39.52 39.53 39.52 39.51 39.57 39.59 39.59 39.61 39.64 39.65 39.64 39.64 39.69 39.66 39.66 39.65 39.67 39.7 39.69 39.69 39.7 39.68 39.7 39.71 39.72 39.71
39.62 39.62 39.59 39.5 39.34 39.26 39.36 39.35 39.34 39.33 39.34 39.42 39.43 39.4 39.29 39.14 39.14 39.08 39.09 39.07 39.15 39.32 39.41 39.44 39.46 39.49 39.43 39.42 39.36 39.38 39.41 39.43 39.49 39.5 39.51 39.48 39.43 39.42 39.44 39.42 39.39 39.45 39.46 39.48 39.47 39.45 39.47 39.5 39.52 39.53 39.55 39.55 39.52 39.55 39.53 39.54 39.58 39.61 39.61 39.62 39.66 39.68 39.67 39.69 39.71 39.69 39.7 39.71 39.71 39.68 39.69 39.69 39.7 39.7 39.7 39.71 39.72 39.73
39.62 39.63 39.6 39.56 39.51 39.27 39.3 39.36 39.37 39.41 39.41 39.36 39.37 39.35 39.24 39.07 39.07 39.06 39.19 39.34 39.38 39.45 39.46 39.45 39.44 39.44 39.42 39.4 39.39 39.43 39.48 39.49 39.5 39.44 39.46 39.44 39.41 39.4 39.42 39.41 39.44 39.5 39.51 39.49 39.46 39.44 39.47 39.52 39.56 39.54 39.53 39.56 39.56 39.55 39.55 39.54 39.53 39.59 39.6 39.62 39.65 39.7 39.69 39.71 39.72 39.7 39.72 39.74 39.74 39.7 39.69 39.68 39.74 39.72 39.72 39.71 39.72 39.73
39.58 39.59 39.6 39.59 39.55 39.34 39.24 39.42 39.44 39.43 39.37 39.31 39.3 39.3 39.17 39.05 39.08 39.24 39.38 39.45 39.47 39.47 39.45 39.46 39.44 39.44 39.45 39.46 39.47 39.47 39.48 39.48 39.46 39.41 39.41 39.41 39.39 39.39 39.42 39.43 39.47 39.48 39.5 39.47 39.43 39.47 39.46 39.5 39.57 39.58 39.56 39.57 39.55 39.59 39.57 39.55 39.55 39.57 39.58 39.6 39.64 39.69 39.7 39.74 39.75 39.72 39.73 39.74 39.79 39.76 39.71 39.69 39.75 39.74 39.74 39.72 39.73 39.74
39.59 39.61 39.61 39.63 39.6 39.47 39.22 39.32 39.36 39.38 39.32 39.26 39.22 39.23 39.12 39.19 39.26 39.42 39.45 39.46 39.47 39.48 39.45 39.51 39.51 39.51 39.49 39.5 39.5 39.46 39.45 39.44 39.41 39.37 39.4 39.42 39.43 39.41 39.45 39.47 39.48 39.48 39.45 39.44 39.47 39.45 39.47 39.54 39.61 39.63 39.61 39.56 39.58 39.59 39.56 39.52 39.56 39.57 39.58 39.62 39.65 39.69 39.7 39.73 39.77 39.76 39.76 39.74 39.77 39.78 39.75 39.72 39.73 39.74 39.74 39.73 39.74 39.74
39.57 39.59 39.62 39.67 39.64 39.57 39.23 39.15 39.2 39.29 39.26 39.21 39.18 39.21 39.28 39.35 39.42 39.49 39.45 39.45 39.49 39.55 39.56 39.58 39.59 39.55 39.47 39.47 39.47 39.43 39.41 39.39 39.4 39.37 39.42 39.48 39.5 39.44 39.46 39.46 39.45 39.48 39.46 39.42 39.49 39.47 39.5 39.55 39.57 39.6 39.61 39.59 39.63 39.6 39.59 39.55 39.58 39.59 39.59 39.63 39.68 39.67 39.7 39.73 39.76 39.77 39.78 39.76 39.75 39.77 39.78 39.77 39.74 39.72 39.73 39.74 39.72 39.72
39.58 39.6 39.69 39.67 39.63 39.56 39.36 39.11 39.11 39.2 39.23 39.22 39.27 39.36 39.47 39.46 39.48 39.48 39.42 39.45 39.56 39.64 39.66 39.6 39.53 39.47 39.43 39.41 39.44 39.39 39.37 39.38 39.42 39.42 39.46 39.49 39.49 39.48 39.47 39.47 39.43 39.44 39.43 39.43 39.5 39.51 39.52 39.53 39.56 39.58 39.62 39.61 39.65 39.59 39.6 39.6 39.59 39.59 39.59 39.63 39.68 39.67 39.7 39.71 39.73 39.75 39.79 39.78 39.73 39.75 39.81 39.83 39.77 39.75 39.73 39.76 39.73 39.71
39.62 39.62 39.66 39.65 39.6 39.54 39.46 39.23 39.21 39.29 39.36 39.37 39.45 39.52 39.53 39.51 39.49 39.49 39.45 39.53 39.66 39.69 39.61 39.55 39.45 39.41 39.37 39.39 39.41 39.38 39.41 39.4 39.43 39.45 39.44 39.44 39.43 39.46 39.45 39.47 39.46 39.47 39.46 39.47 39.51 39.53 39.53 39.54 39.55 39.59 39.6 39.6 39.64 39.63 39.61 39.61 39.61 39.59 39.59 39.62 39.64 39.65 39.69 39.71 39.71 39.72 39.79 39.8 39.75 39.76 39.82 39.85 39.82 39.78 39.73 39.75 39.73 39.73
39.64 39.6 39.59 39.58 39.53 39.46 39.42 39.35 39.4 39.47 39.51 39.52 39.54 39.52 39.54 39.51 39.5 39.6 39.57 39.64 39.72 39.65 39.57 39.52 39.42 39.39 39.37 39.36 39.36 39.38 39.44 39.44 39.41 39.45 39.44 39.41 39.4 39.43 39.44 39.47 39.48 39.49 39.48 39.49 39.53 39.55 39.55 39.56 39.56 39.6 39.61 39.61 39.64 39.65 39.62 39.62 39.64 39.61 39.59 39.63 39.61 39.62 39.67 39.73 39.73 39.72 39.77 39.8 39.76 39.77 39.81 39.82 39.81 39.79 39.74 39.73 39.73 39.75
39.57 39.49 39.47 39.48 39.45 39.44 39.4 39.43 39.51 39.55 39.53 39.54 39.51 39.53 39.56 39.53 39.55 39.64 39.59 39.63 39.67 39.6 39.57 39.54 39.41 39.36 39.34 39.36 39.39 39.45 39.46 39.45 39.39 39.42 39.43 39.44 39.43 39.41 39.42 39.45 39.5 39.53 39.53 39.53 39.55 39.57 39.57 39.58 39.59 39.62 39.61 39.62 39.63 39.64 39.64 39.65 39.65 39.63 39.59 39.63 39.63 39.63 39.66 39.72 39.72 39.72 39.76 39.76 39.78 39.78 39.81 39.78 39.79 39.79 39.75 39.7 39.71 39.74
39.45 39.39 39.38 39.41 39.44 39.53 39.53 39.53 39.53 39.55 39.52 39.52 39.51 39.59 39.61 39.58 39.57 39.58 39.6 39.63 39.63 39.55 39.5 39.48 39.42 39.41 39.41 39.43 39.43 39.43 39.43 39.41 39.36 39.41 39.42 39.45 39.45 39.46 39.46 39.47 39.52 39.55 39.58 39.59 39.57 39.58 39.59 39.61 39.62 39.62 39.6 39.65 39.64 39.64 39.65 39.69 39.65 39.64 39.61 39.61 39.65 39.64 39.66 39.7 39.72 39.73 39.75 39.76 39.77 39.78 39.77 39.74 39.77 39.78 39.76 39.73 39.72 39.73
39.35 39.4 39.4 39.44 39.51 39.55 39.57 39.56 39.52 39.52 39.49 39.48 39.53 39.55 39.56 39.56 39.56 39.59 39.62 39.64 39.63 39.5 39.44 39.42 39.42 39.45 39.46 39.47 39.43 39.41 39.42 39.4 39.36 39.39 39.4 39.45 39.47 39.5 39.48 39.49 39.54 39.57 39.59 39.6 39.59 39.59 39.62 39.63 39.62 39.63 39.62 39.68 39.69 39.66 39.63 39.67 39.7 39.68 39.64 39.62 39.66 39.64 39.65 39.7 39.7 39.73 39.73 39.76 39.78 39.8 39.8 39.76 39.76 39.79 39.8 39.75 39.73 39.72
39.36 39.51 39.51 39.53 39.55 39.53 39.51 39.52 39.5 39.5 39.59 39.56 39.56 39.54 39.55 39.56 39.58 39.61 39.63 39.63 39.6 39.47 39.46 39.45 39.47 39.48 39.49 39.48 39.43 39.43 39.44 39.42 39.38 39.41 39.41 39.44 39.47 39.51 39.5 39.52 39.56 39.58 39.59 39.59 39.59 39.59 39.62 39.64 39.61 39.62 39.66 39.7 39.69 39.67 39.63 39.64 39.69 39.67 39.64 39.61 39.68 39.65 39.65 39.68 39.66 39.69 39.75 39.75 39.76 39.79 39.79 39.78 39.79 39.8 39.78 39.76 39.74 39.71
