slabs/86.grd
DSAA
631 301
647040 647670
4947500 4947800
31.01 44.5
[rows 170 to 203 of 301, columns 390 to 467 of 631]
39.48 39.46 39.46 39.45 39.44 39.44 39.43 39.4 39.39 39.37 39.34 39.35 39.33 39.29 39.28 39.31 39.31 39.28 39.35 39.34 39.34 39.35 39.35 39.32 39.28 39.31 39.28 39.27 39.24 39.28 39.26 39.24 39.22 39.19 39.11 39.11 39.14 39.1 39 39.03 39.06 39.08 39.06 39.07 39.09 39.07 39.05 39.02 39.06 39.05 39.04 39.03 39.02 39.02 39.01 38.99 38.97 38.91 38.89 38.87 38.84 38.8 38.81 38.84 38.84 38.88 38.89 38.91 38.82 38.71 38.68 38.7 38.7 38.71 38.68 38.67 38.67 38.67
39.48 39.48 39.45 39.43 39.43 39.43 39.42 39.42 39.41 39.4 39.35 39.33 39.32 39.28 39.25 39.28 39.3 39.28 39.32 39.32 39.33 39.35 39.32 39.34 39.32 39.31 39.3 39.28 39.25 39.25 39.25 39.23 39.21 39.21 39.12 39.11 39.09 39.09 39.02 39.03 39.04 39.08 39.07 39.09 39.11 39.1 39.09 39.04 39.04 39.03 39.02 39.01 38.99 38.99 38.98 38.96 38.95 38.9 38.89 38.87 38.86 38.85 38.83 38.88 38.92 38.91 38.89 38.83 38.72 38.7 38.73 38.72 38.71 38.73 38.69 38.64 38.65 38.66
39.47 39.49 39.46 39.42 39.43 39.41 39.39 39.42 39.4 39.39 39.36 39.31 39.3 39.25 39.23 39.24 39.28 39.29 39.26 39.27 39.31 39.34 39.31 39.33 39.32 39.29 39.3 39.29 39.26 39.23 39.24 39.22 39.2 39.2 39.13 39.11 39.06 39.08 39.06 39.04 39.03 39.06 39.07 39.1 39.11 39.13 39.11 39.07 39.05 38.99 38.99 38.97 38.93 38.93 38.93 38.93 38.9 38.9 38.91 38.9 38.86 38.87 38.87 38.85 38.89 38.88 38.86 38.75 38.68 38.69 38.73 38.74 38.75 38.75 38.69 38.62 38.65 38.66
39.45 39.46 39.48 39.42 39.42 39.42 39.38 39.45 39.43 39.37 39.32 39.31 39.3 39.28 39.25 39.24 39.26 39.27 39.27 39.28 39.29 39.31 39.28 39.3 39.33 39.3 39.31 39.29 39.27 39.23 39.23 39.23 39.19 39.2 39.15 39.12 39.08 39.07 39.08 39.05 39.04 39.03 39.04 39.07 39.08 39.11 39.11 39.07 39.06 38.97 38.97 38.95 38.91 38.9 38.9 38.88 38.89 38.92 38.91 38.93 38.87 38.89 38.87 38.84 38.81 38.8 38.8 38.78 38.75 38.74 38.77 38.8 38.9 38.87 38.72 38.62 38.66 38.65
39.46 39.44 39.5 39.41 39.4 39.38 39.41 39.43 39.42 39.36 39.28 39.31 39.31 39.31 39.29 39.28 39.25 39.26 39.31 39.29 39.26 39.27 39.26 39.28 39.32 39.31 39.3 39.29 39.26 39.24 39.22 39.22 39.17 39.2 39.17 39.14 39.1 39.07 39.1 39.06 39.02 38.99 39 39.04 39.07 39.1 39.09 39.07 39.02 38.94 38.95 38.94 38.9 38.89 38.89 38.89 38.91 38.92 38.92 38.92 38.87 38.89 38.85 38.81 38.79 38.78 38.76 38.78 38.8 38.83 38.92 38.94 39.01 38.97 38.77 38.64 38.64 38.63
39.48 39.47 39.45 39.42 39.4 39.37 39.38 39.42 39.39 39.37 39.3 39.3 39.33 39.34 39.27 39.27 39.25 39.26 39.29 39.27 39.24 39.26 39.25 39.27 39.29 39.29 39.3 39.28 39.25 39.24 39.21 39.21 39.16 39.18 39.16 39.14 39.13 39.1 39.09 39.06 39.03 38.98 38.99 39.02 39 39.05 39.05 39.05 39 38.92 38.9 38.9 38.89 38.9 38.9 38.89 38.92 38.92 38.89 38.89 38.88 38.87 38.81 38.77 38.78 38.77 38.75 38.86 38.95 38.99 39.08 38.98 38.98 38.96 38.82 38.74 38.63 38.63
39.45 39.45 39.41 39.41 39.42 39.39 39.35 39.4 39.38 39.4 39.33 39.32 39.32 39.33 39.29 39.27 39.25 39.25 39.24 39.23 39.24 39.25 39.26 39.26 39.26 39.26 39.29 39.26 39.23 39.23 39.21 39.21 39.17 39.15 39.15 39.13 39.13 39.09 39.07 39.01 39.02 38.99 38.99 38.97 39 39.02 39.02 39.03 38.98 38.93 38.92 38.93 38.89 38.88 38.88 38.89 38.91 38.9 38.87 38.86 38.83 38.82 38.77 38.75 38.76 38.76 38.79 39.01 39.11 39.12 39.12 38.95 38.92 38.91 38.86 38.86 38.69 38.67
39.44 39.48 39.45 39.39 39.42 39.4 39.36 39.38 39.39 39.39 39.35 39.34 39.3 39.3 39.3 39.28 39.25 39.23 39.2 39.19 39.22 39.25 39.26 39.25 39.24 39.23 39.26 39.24 39.21 39.21 39.19 39.2 39.18 39.15 39.15 39.12 39.12 39.1 39.08 39.02 38.99 38.98 38.97 38.96 38.99 38.98 38.97 38.99 38.92 38.88 38.94 38.98 38.9 38.89 38.89 38.86 38.88 38.87 38.85 38.84 38.8 38.79 38.76 38.76 38.74 38.75 38.84 39.08 39.14 39.12 39.07 39 38.98 38.94 38.91 38.87 38.76 38.7
39.44 39.46 39.44 39.4 39.41 39.39 39.38 39.38 39.39 39.35 39.37 39.34 39.3 39.28 39.28 39.28 39.27 39.24 39.2 39.19 39.2 39.22 39.23 39.23 39.24 39.2 39.21 39.21 39.18 39.2 39.2 39.19 39.17 39.14 39.13 39.09 39.1 39.11 39.07 39.02 38.98 38.95 38.96 38.97 38.97 38.96 38.95 38.95 38.92 38.89 38.95 38.99 38.85 38.86 38.88 38.84 38.87 38.86 38.83 38.8 38.79 38.79 38.78 38.8 38.79 38.81 38.88 39.03 39.09 39.07 39.05 39.06 39.06 39.02 38.94 38.87 38.84 38.74
39.42 39.44 39.43 39.42 39.41 39.39 39.4 39.39 39.38 39.33 39.37 39.33 39.29 39.28 39.25 39.26 39.28 39.24 39.22 39.2 39.2 39.2 39.2 39.22 39.26 39.18 39.19 39.2 39.15 39.19 39.2 39.17 39.19 39.18 39.16 39.11 39.1 39.08 39.06 39.02 39 38.98 38.96 38.95 38.96 38.95 38.93 38.94 38.94 38.94 38.95 38.99 38.87 38.87 38.87 38.84 38.85 38.84 38.81 38.78 38.81 38.83 38.86 38.91 38.89 38.91 38.95 39 39.09 39.08 39.03 39.02 39.03 39.04 38.97 38.93 38.89 38.8
39.41 39.42 39.41 39.42 39.43 39.41 39.41 39.4 39.38 39.34 39.33 39.31 39.3 39.27 39.24 39.27 39.28 39.27 39.23 39.21 39.18 39.18 39.19 39.21 39.25 39.2 39.19 39.19 39.15 39.18 39.19 39.19 39.18 39.16 39.16 39.1 39.11 39.09 39.08 39.02 38.99 39 38.97 38.93 38.95 38.94 38.95 38.98 38.96 38.96 38.94 38.99 38.9 38.88 38.86 38.84 38.8 38.8 38.81 38.82 38.86 38.91 38.99 38.99 38.97 38.97 39.01 38.98 39.04 39.08 39.07 39.01 39.04 39.08 39.01 38.96 38.94 38.86
39.39 39.41 39.4 39.43 39.44 39.43 39.38 39.39 39.37 39.34 39.32 39.33 39.33 39.3 39.23 39.27 39.26 39.23 39.23 39.22 39.17 39.14 39.15 39.18 39.21 39.21 39.19 39.15 39.14 39.19 39.2 39.18 39.18 39.17 39.15 39.08 39.1 39.07 39.05 39 38.97 38.99 38.96 38.93 38.96 38.97 38.99 39.03 38.98 38.95 38.92 38.96 38.88 38.85 38.82 38.82 38.8 38.79 38.82 38.91 38.94 38.99 39.02 38.99 38.97 38.93 39 38.99 39.01 39.09 39.11 39.01 39.01 39.05 39.05 39.03 39.01 38.91
39.41 39.41 39.41 39.44 39.44 39.42 39.37 39.38 39.35 39.33 39.34 39.34 39.31 39.31 39.23 39.24 39.22 39.23 39.21 39.19 39.19 39.17 39.18 39.17 39.19 39.2 39.2 39.17 39.16 39.18 39.19 39.17 39.16 39.15 39.12 39.07 39.08 39.04 39.02 38.99 38.98 38.99 38.96 38.95 38.98 38.99 39.01 39.04 39 38.96 38.9 38.91 38.85 38.82 38.8 38.78 38.79 38.81 38.88 39.01 39.02 39.05 39.09 39.06 39.05 38.99 39.03 39.04 39.06 39.11 39.13 39.01 38.99 39.02 39.07 39.1 39.06 38.94
39.43 39.43 39.42 39.43 39.44 39.44 39.4 39.38 39.35 39.33 39.33 39.32 39.28 39.33 39.28 39.26 39.22 39.22 39.22 39.17 39.17 39.16 39.16 39.16 39.18 39.2 39.22 39.21 39.18 39.18 39.18 39.17 39.14 39.12 39.1 39.08 39.06 39.03 39.02 38.99 38.99 39 38.98 38.97 38.98 38.99 38.97 38.99 38.99 38.96 38.89 38.87 38.8 38.8 38.79 38.76 38.83 38.85 38.9 39.04 39.06 39.11 39.16 39.11 39.09 39.02 39.02 39.05 39.07 39.14 39.16 39.08 39.03 39.01 39.13 39.13 39.07 38.95
39.42 39.42 39.42 39.43 39.42 39.45 39.39 39.36 39.38 39.3 39.31 39.3 39.28 39.29 39.28 39.27 39.24 39.22 39.22 39.18 39.12 39.15 39.15 39.16 39.17 39.18 39.2 39.22 39.19 39.15 39.16 39.16 39.12 39.11 39.09 39.1 39.04 39.03 39.01 39.02 39 39 39 38.97 38.98 38.97 38.91 38.92 38.9 38.89 38.89 38.85 38.78 38.79 38.81 38.87 38.97 39 39 39.13 39.13 39.15 39.16 39.17 39.13 39.03 39.04 39.06 39.08 39.16 39.18 39.17 39.1 39.01 39.11 39.1 39.03 38.98
39.4 39.44 39.38 39.42 39.43 39.4 39.35 39.34 39.35 39.35 39.34 39.29 39.27 39.25 39.25 39.24 39.22 39.21 39.21 39.18 39.11 39.14 39.14 39.13 39.15 39.16 39.18 39.2 39.17 39.12 39.15 39.14 39.11 39.1 39.09 39.1 39.05 39.04 39.02 39.05 39.03 39.04 39.03 38.99 39.01 38.96 38.89 38.89 38.88 38.87 38.83 38.82 38.84 38.84 38.9 38.93 38.98 39.03 39.04 39.16 39.17 39.16 39.12 39.2 39.14 39.05 39.1 39.08 39.12 39.18 39.2 39.17 39.15 39.07 39.08 39.05 39 39.02
39.38 39.43 39.39 39.38 39.38 39.36 39.34 39.33 39.35 39.35 39.34 39.28 39.28 39.24 39.24 39.23 39.21 39.22 39.21 39.18 39.15 39.12 39.12 39.11 39.13 39.14 39.17 39.18 39.14 39.12 39.14 39.12 39.11 39.11 39.1 39.09 39.07 39.06 39.03 39.04 39.04 39.04 39.03 39.05 39.06 39 38.91 38.91 38.9 38.9 38.86 38.94 38.99 38.94 38.98 39.02 39.05 39.08 39.11 39.16 39.17 39.16 39.17 39.21 39.18 39.11 39.15 39.11 39.13 39.16 39.18 39.15 39.17 39.13 39.09 39.05 39.03 39.05
39.39 39.41 39.39 39.36 39.34 39.34 39.33 39.33 39.34 39.33 39.33 39.27 39.27 39.27 39.28 39.26 39.19 39.23 39.23 39.22 39.17 39.12 39.11 39.11 39.12 39.13 39.16 39.14 39.14 39.14 39.14 39.11 39.14 39.14 39.13 39.09 39.11 39.08 39.04 39.03 39.02 39.02 39.04 39.02 38.99 38.97 38.92 38.88 38.88 38.92 38.97 39.06 39.08 39.05 39.09 39.13 39.14 39.14 39.17 39.17 39.18 39.17 39.21 39.23 39.23 39.2 39.18 39.15 39.15 39.14 39.17 39.16 39.17 39.15 39.1 39.08 39.07 39.06
39.39 39.38 39.38 39.37 39.34 39.32 39.31 39.3 39.32 39.31 39.32 39.29 39.25 39.29 39.31 39.27 39.21 39.22 39.24 39.25 39.17 39.15 39.14 39.12 39.12 39.13 39.15 39.14 39.18 39.17 39.17 39.18 39.15 39.16 39.16 39.11 39.09 39.07 39.03 39.03 39.04 39.03 39.01 38.99 38.99 38.94 38.9 38.9 38.93 39.02 39.1 39.14 39.16 39.17 39.17 39.22 39.2 39.18 39.17 39.19 39.19 39.18 39.19 39.25 39.26 39.26 39.22 39.2 39.19 39.15 39.16 39.16 39.18 39.17 39.12 39.1 39.05 39.05
39.39 39.36 39.38 39.4 39.38 39.3 39.3 39.28 39.3 39.31 39.31 39.28 39.24 39.26 39.28 39.26 39.25 39.22 39.23 39.25 39.19 39.18 39.16 39.11 39.1 39.13 39.15 39.16 39.18 39.17 39.17 39.15 39.13 39.15 39.17 39.14 39.08 39.06 39.05 39.05 39.06 39.04 39.03 39 38.99 38.92 38.94 39.07 39.09 39.16 39.19 39.2 39.23 39.25 39.21 39.28 39.24 39.19 39.19 39.2 39.2 39.17 39.18 39.23 39.24 39.26 39.24 39.23 39.2 39.18 39.14 39.14 39.16 39.19 39.15 39.12 39.06 39.06
39.37 39.36 39.36 39.39 39.38 39.32 39.31 39.28 39.26 39.29 39.3 39.26 39.23 39.27 39.25 39.26 39.27 39.22 39.24 39.23 39.17 39.18 39.16 39.12 39.08 39.11 39.13 39.14 39.15 39.14 39.14 39.17 39.15 39.16 39.15 39.09 39.03 39.06 39.06 39.06 39.04 39.03 39.01 38.99 38.98 38.94 39.03 39.25 39.28 39.3 39.27 39.26 39.28 39.27 39.24 39.27 39.25 39.2 39.25 39.22 39.21 39.18 39.2 39.22 39.23 39.27 39.22 39.23 39.23 39.22 39.17 39.18 39.18 39.23 39.19 39.16 39.1 39.06
39.36 39.34 39.34 39.36 39.34 39.33 39.3 39.27 39.26 39.26 39.26 39.25 39.25 39.26 39.27 39.26 39.25 39.23 39.22 39.22 39.13 39.13 39.12 39.11 39.09 39.1 39.12 39.14 39.14 39.15 39.18 39.19 39.15 39.14 39.09 39.03 39.01 39.03 39.03 39.03 39.01 39 39.02 39.07 39.08 39.08 39.14 39.32 39.36 39.38 39.32 39.32 39.32 39.28 39.27 39.28 39.27 39.22 39.26 39.22 39.21 39.19 39.15 39.16 39.19 39.25 39.21 39.22 39.28 39.22 39.19 39.19 39.2 39.22 39.2 39.17 39.11 39.12
39.36 39.34 39.34 39.35 39.31 39.33 39.3 39.26 39.23 39.22 39.24 39.24 39.26 39.24 39.25 39.24 39.26 39.24 39.2 39.19 39.18 39.16 39.11 39.11 39.11 39.09 39.09 39.16 39.18 39.19 39.22 39.2 39.11 39.1 39.05 39.02 39.01 39.01 39 39.01 39.01 39.04 39.09 39.2 39.22 39.23 39.21 39.29 39.33 39.37 39.36 39.36 39.35 39.31 39.24 39.29 39.27 39.24 39.24 39.21 39.2 39.17 39.16 39.16 39.19 39.25 39.24 39.26 39.31 39.24 39.23 39.23 39.23 39.23 39.23 39.21 39.14 39.13
39.34 39.35 39.34 39.33 39.33 39.28 39.28 39.28 39.23 39.23 39.23 39.25 39.25 39.25 39.24 39.22 39.23 39.22 39.17 39.18 39.19 39.16 39.12 39.11 39.11 39.11 39.11 39.2 39.22 39.22 39.19 39.12 39.06 39.06 39.04 39.03 39.03 39 39.04 39.05 39.06 39.17 39.21 39.25 39.28 39.29 39.21 39.26 39.31 39.38 39.4 39.36 39.35 39.37 39.25 39.25 39.26 39.27 39.21 39.22 39.24 39.19 39.19 39.18 39.19 39.24 39.26 39.29 39.35 39.27 39.29 39.27 39.25 39.27 39.27 39.26 39.19 39.13
39.32 39.31 39.31 39.31 39.3 39.28 39.27 39.3 39.24 39.23 39.22 39.2 39.2 39.2 39.19 39.2 39.22 39.19 39.15 39.16 39.17 39.15 39.11 39.1 39.11 39.12 39.14 39.21 39.21 39.18 39.13 39.05 39.04 39.04 39.03 39.02 39.01 39.04 39.13 39.16 39.16 39.27 39.31 39.31 39.34 39.34 39.26 39.27 39.31 39.39 39.36 39.38 39.35 39.35 39.28 39.27 39.24 39.25 39.2 39.23 39.27 39.21 39.2 39.2 39.18 39.21 39.27 39.3 39.35 39.32 39.33 39.3 39.26 39.3 39.29 39.27 39.23 39.16
39.31 39.29 39.3 39.31 39.29 39.3 39.27 39.28 39.23 39.22 39.21 39.2 39.18 39.18 39.17 39.18 39.21 39.19 39.16 39.18 39.17 39.17 39.14 39.13 39.13 39.14 39.17 39.18 39.15 39.1 39.06 39.03 39.03 39.01 38.98 38.98 38.99 39.07 39.2 39.25 39.27 39.39 39.38 39.36 39.37 39.34 39.31 39.3 39.31 39.38 39.36 39.36 39.37 39.35 39.31 39.29 39.22 39.26 39.21 39.22 39.26 39.23 39.19 39.22 39.23 39.24 39.27 39.29 39.34 39.37 39.36 39.34 39.3 39.31 39.29 39.26 39.24 39.21
39.31 39.29 39.3 39.33 39.3 39.29 39.25 39.23 39.21 39.22 39.21 39.2 39.18 39.18 39.16 39.15 39.2 39.19 39.2 39.24 39.23 39.2 39.17 39.15 39.15 39.16 39.16 39.14 39.1 39.06 39.04 39.03 39.02 38.99 38.97 39.03 39.06 39.13 39.23 39.28 39.32 39.43 39.36 39.38 39.4 39.33 39.3 39.33 39.34 39.37 39.37 39.36 39.35 39.31 39.27 39.28 39.23 39.23 39.21 39.23 39.23 39.22 39.22 39.25 39.25 39.26 39.23 39.26 39.31 39.37 39.36 39.36 39.35 39.3 39.29 39.25 39.26 39.24
39.33 39.31 39.31 39.33 39.31 39.28 39.24 39.22 39.23 39.23 39.22 39.21 39.2 39.21 39.19 39.16 39.2 39.2 39.23 39.28 39.29 39.23 39.17 39.16 39.15 39.15 39.11 39.11 39.09 39.08 39.08 39.06 39.02 38.99 39.04 39.16 39.22 39.29 39.3 39.32 39.34 39.39 39.35 39.42 39.42 39.35 39.26 39.27 39.3 39.32 39.35 39.34 39.33 39.33 39.31 39.31 39.25 39.22 39.21 39.22 39.2 39.23 39.23 39.26 39.27 39.25 39.21 39.24 39.29 39.34 39.34 39.35 39.36 39.33 39.3 39.24 39.28 39.28
39.35 39.33 39.28 39.31 39.29 39.27 39.25 39.24 39.24 39.24 39.22 39.22 39.22 39.23 39.23 39.21 39.23 39.22 39.26 39.27 39.28 39.22 39.15 39.16 39.16 39.14 39.06 39.06 39.07 39.06 39.02 39.05 39.04 39.07 39.12 39.22 39.29 39.42 39.41 39.4 39.37 39.35 39.34 39.39 39.39 39.36 39.28 39.26 39.26 39.29 39.33 39.31 39.3 39.35 39.33 39.32 39.31 39.25 39.2 39.21 39.22 39.25 39.25 39.26 39.26 39.23 39.23 39.26 39.27 39.33 39.34 39.35 39.37 39.35 39.32 39.25 39.26 39.26
39.34 39.32 39.28 39.28 39.25 39.26 39.25 39.24 39.23 39.22 39.22 39.21 39.24 39.24 39.26 39.26 39.28 39.27 39.31 39.24 39.22 39.2 39.19 39.14 39.14 39.1 39.06 39.04 39.05 39.08 39.04 39.06 39.08 39.12 39.22 39.33 39.38 39.45 39.42 39.4 39.36 39.33 39.31 39.35 39.38 39.36 39.33 39.28 39.25 39.27 39.3 39.3 39.31 39.36 39.35 39.33 39.36 39.3 39.24 39.22 39.24 39.26 39.27 39.26 39.25 39.22 39.25 39.28 39.27 39.35 39.34 39.35 39.38 39.35 39.32 39.27 39.25 39.22
39.32 39.31 39.29 39.26 39.24 39.26 39.24 39.22 39.21 39.21 39.24 39.2 39.25 39.25 39.28 39.29 39.3 39.3 39.3 39.24 39.21 39.22 39.25 39.1 39.1 39.1 39.08 39.05 39.08 39.16 39.22 39.23 39.26 39.31 39.34 39.44 39.46 39.47 39.41 39.38 39.33 39.33 39.31 39.31 39.36 39.35 39.35 39.3 39.28 39.27 39.26 39.28 39.32 39.34 39.37 39.38 39.38 39.34 39.32 39.27 39.24 39.28 39.27 39.26 39.27 39.24 39.27 39.3 39.28 39.36 39.35 39.32 39.37 39.35 39.32 39.28 39.24 39.25
39.27 39.28 39.28 39.24 39.26 39.26 39.25 39.21 39.19 39.2 39.26 39.22 39.24 39.27 39.28 39.27 39.27 39.29 39.28 39.29 39.25 39.21 39.17 39.12 39.1 39.1 39.08 39.1 39.16 39.26 39.34 39.39 39.41 39.43 39.43 39.49 39.5 39.44 39.4 39.39 39.32 39.33 39.29 39.28 39.3 39.36 39.38 39.36 39.35 39.28 39.25 39.27 39.31 39.32 39.37 39.4 39.38 39.39 39.37 39.29 39.25 39.3 39.31 39.3 39.29 39.26 39.29 39.27 39.25 39.33 39.32 39.31 39.35 39.37 39.34 39.27 39.24 39.29
39.25 39.25 39.26 39.19 39.22 39.22 39.22 39.21 39.19 39.21 39.26 39.28 39.28 39.29 39.29 39.26 39.25 39.25 39.25 39.26 39.23 39.17 39.13 39.07 39.05 39.07 39.19 39.27 39.32 39.37 39.42 39.43 39.43 39.43 39.45 39.49 39.51 39.42 39.37 39.38 39.35 39.32 39.3 39.27 39.25 39.37 39.4 39.4 39.38 39.29 39.3 39.29 39.33 39.32 39.34 39.38 39.41 39.43 39.41 39.34 39.28 39.29 39.29 39.33 39.32 39.27 39.27 39.27 39.2 39.24 39.25 39.28 39.32 39.38 39.35 39.29 39.3 39.32
39.24 39.24 39.24 39.2 39.2 39.2 39.2 39.23 39.22 39.26 39.29 39.34 39.33 39.32 39.3 39.23 39.23 39.24 39.22 39.21 39.18 39.14 39.09 39.08 39.08 39.16 39.31 39.41 39.44 39.45 39.44 39.43 39.41 39.38 39.41 39.42 39.45 39.41 39.35 39.37 39.37 39.32 39.32 39.3 39.28 39.34 39.39 39.37 39.35 39.32 39.36 39.32 39.31 39.31 39.31 39.37 39.44 39.4 39.41 39.38 39.31 39.29 39.3 39.29 39.29 39.27 39.25 39.24 39.22 39.22 39.24 39.25 39.29 39.37 39.36 39.32 39.36 39.35
