slabs/86.grd
DSAA
631 301
647040 647670
4947500 4947800
31.01 44.5
[rows 68 to 101 of 301, columns 468 to 545 of 631]
38.72 38.69 38.67 38.67 38.67 38.66 38.65 38.67 38.68 38.67 38.64 38.64 38.61 38.62 38.63 38.67 38.74 38.78 38.77 38.71 38.67 38.65 38.64 38.63 38.6 38.59 38.58 38.54 38.56 38.59 38.61 38.65 38.61 38.61 38.6 38.58 38.54 38.52 38.49 38.45 38.45 38.43 38.4 38.39 38.37 38.36 38.33 38.31 38.32 38.24 38.24 38.55 38.59 38.55 38.5 38.48 38.54 38.59 38.65 38.7 38.7 38.7 38.72 38.74 38.76 38.77 38.75 38.74 38.74 38.76 38.73 38.73 38.73 38.73 38.71 38.72 38.72 38.71
38.68 38.69 38.69 38.68 38.65 38.64 38.64 38.66 38.67 38.69 38.66 38.64 38.62 38.64 38.64 38.66 38.71 38.75 38.76 38.74 38.7 38.68 38.65 38.62 38.58 38.51 38.53 38.56 38.6 38.65 38.69 38.71 38.63 38.61 38.6 38.56 38.55 38.54 38.51 38.47 38.47 38.45 38.42 38.38 38.36 38.36 38.33 38.31 38.26 38.21 38.15 38.36 38.54 38.53 38.52 38.49 38.51 38.56 38.62 38.68 38.68 38.68 38.68 38.72 38.73 38.75 38.73 38.71 38.72 38.75 38.74 38.73 38.71 38.72 38.73 38.74 38.74 38.7
38.71 38.71 38.68 38.67 38.65 38.64 38.66 38.68 38.67 38.66 38.66 38.65 38.63 38.64 38.64 38.66 38.67 38.69 38.71 38.75 38.74 38.71 38.67 38.6 38.55 38.5 38.53 38.62 38.65 38.66 38.7 38.72 38.69 38.68 38.66 38.58 38.56 38.56 38.54 38.48 38.48 38.47 38.45 38.41 38.38 38.37 38.34 38.31 38.26 38.23 38.17 38.17 38.37 38.46 38.55 38.54 38.53 38.54 38.6 38.64 38.66 38.68 38.66 38.7 38.7 38.73 38.72 38.7 38.7 38.73 38.74 38.75 38.72 38.7 38.74 38.75 38.74 38.7
38.67 38.68 38.66 38.67 38.65 38.66 38.67 38.66 38.68 38.64 38.66 38.66 38.64 38.64 38.61 38.61 38.6 38.6 38.63 38.72 38.77 38.75 38.71 38.61 38.57 38.56 38.6 38.68 38.71 38.71 38.71 38.75 38.71 38.73 38.73 38.64 38.58 38.56 38.51 38.46 38.47 38.46 38.44 38.43 38.41 38.39 38.35 38.33 38.32 38.29 38.23 38.14 38.18 38.3 38.53 38.59 38.58 38.56 38.59 38.61 38.64 38.67 38.67 38.7 38.71 38.71 38.71 38.71 38.7 38.73 38.72 38.75 38.74 38.7 38.74 38.75 38.75 38.7
38.66 38.66 38.66 38.66 38.64 38.65 38.65 38.64 38.67 38.64 38.65 38.65 38.64 38.63 38.59 38.56 38.55 38.54 38.55 38.67 38.79 38.78 38.75 38.64 38.59 38.6 38.64 38.73 38.77 38.77 38.75 38.76 38.72 38.74 38.73 38.65 38.61 38.58 38.52 38.46 38.45 38.43 38.41 38.41 38.42 38.4 38.36 38.35 38.35 38.33 38.28 38.17 38.15 38.19 38.39 38.56 38.58 38.57 38.56 38.58 38.6 38.63 38.67 38.7 38.72 38.69 38.69 38.7 38.69 38.71 38.7 38.72 38.72 38.7 38.71 38.72 38.73 38.72
38.64 38.63 38.63 38.64 38.62 38.61 38.62 38.63 38.64 38.63 38.63 38.64 38.63 38.62 38.59 38.56 38.53 38.54 38.51 38.59 38.75 38.76 38.77 38.67 38.61 38.61 38.65 38.75 38.8 38.8 38.78 38.75 38.72 38.73 38.71 38.64 38.61 38.58 38.56 38.46 38.42 38.43 38.44 38.43 38.43 38.39 38.35 38.34 38.34 38.35 38.32 38.24 38.24 38.23 38.27 38.35 38.45 38.57 38.58 38.57 38.58 38.59 38.64 38.7 38.7 38.7 38.69 38.7 38.7 38.7 38.71 38.73 38.71 38.68 38.68 38.7 38.71 38.71
38.59 38.59 38.6 38.62 38.61 38.61 38.61 38.63 38.59 38.61 38.62 38.62 38.63 38.63 38.62 38.58 38.53 38.54 38.52 38.53 38.67 38.71 38.76 38.71 38.65 38.63 38.62 38.69 38.76 38.76 38.75 38.73 38.72 38.72 38.68 38.63 38.61 38.6 38.61 38.53 38.48 38.45 38.45 38.42 38.4 38.36 38.33 38.35 38.36 38.36 38.33 38.31 38.33 38.31 38.23 38.15 38.25 38.49 38.62 38.62 38.59 38.55 38.6 38.66 38.67 38.69 38.69 38.68 38.69 38.69 38.71 38.72 38.73 38.73 38.73 38.72 38.69 38.7
38.55 38.58 38.59 38.6 38.64 38.66 38.64 38.63 38.61 38.62 38.62 38.64 38.64 38.62 38.61 38.58 38.55 38.56 38.53 38.51 38.59 38.64 38.71 38.73 38.7 38.65 38.63 38.65 38.7 38.71 38.72 38.7 38.71 38.71 38.67 38.64 38.66 38.65 38.65 38.6 38.56 38.48 38.43 38.34 38.32 38.29 38.3 38.37 38.38 38.38 38.33 38.35 38.35 38.32 38.19 38.1 38.1 38.31 38.56 38.63 38.59 38.53 38.56 38.58 38.62 38.66 38.69 38.69 38.68 38.67 38.67 38.67 38.72 38.73 38.75 38.74 38.71 38.69
38.56 38.6 38.6 38.61 38.66 38.67 38.64 38.62 38.63 38.63 38.64 38.68 38.68 38.65 38.62 38.57 38.56 38.55 38.52 38.51 38.56 38.6 38.68 38.71 38.71 38.68 38.64 38.62 38.67 38.67 38.68 38.68 38.69 38.7 38.7 38.68 38.7 38.69 38.68 38.63 38.6 38.51 38.4 38.31 38.29 38.27 38.28 38.39 38.38 38.38 38.35 38.33 38.33 38.3 38.17 38.07 38.03 38.13 38.39 38.55 38.59 38.58 38.56 38.56 38.57 38.62 38.64 38.65 38.68 38.67 38.67 38.68 38.7 38.76 38.76 38.74 38.73 38.69
38.58 38.59 38.61 38.62 38.68 38.68 38.67 38.63 38.62 38.63 38.66 38.7 38.72 38.7 38.65 38.58 38.56 38.55 38.54 38.54 38.58 38.61 38.65 38.71 38.74 38.73 38.67 38.61 38.65 38.65 38.67 38.68 38.69 38.71 38.73 38.71 38.71 38.71 38.7 38.66 38.63 38.52 38.42 38.38 38.36 38.33 38.32 38.37 38.4 38.4 38.37 38.34 38.33 38.31 38.24 38.18 38.12 38.09 38.25 38.38 38.58 38.61 38.56 38.55 38.54 38.58 38.61 38.63 38.66 38.69 38.69 38.68 38.7 38.74 38.77 38.74 38.74 38.71
38.57 38.55 38.59 38.66 38.7 38.7 38.7 38.65 38.64 38.65 38.69 38.7 38.75 38.73 38.69 38.61 38.59 38.57 38.56 38.57 38.61 38.61 38.61 38.7 38.75 38.75 38.71 38.64 38.63 38.64 38.69 38.72 38.73 38.75 38.76 38.74 38.73 38.72 38.71 38.67 38.64 38.55 38.48 38.45 38.43 38.4 38.39 38.39 38.44 38.43 38.41 38.39 38.36 38.37 38.35 38.32 38.24 38.15 38.14 38.25 38.54 38.63 38.59 38.56 38.52 38.55 38.57 38.59 38.64 38.68 38.68 38.68 38.7 38.72 38.75 38.74 38.75 38.72
38.52 38.5 38.55 38.63 38.74 38.71 38.7 38.68 38.66 38.68 38.73 38.74 38.78 38.77 38.72 38.65 38.62 38.6 38.58 38.61 38.63 38.61 38.57 38.63 38.68 38.7 38.73 38.69 38.65 38.64 38.7 38.77 38.78 38.82 38.83 38.79 38.76 38.72 38.71 38.69 38.66 38.6 38.55 38.52 38.5 38.47 38.46 38.48 38.52 38.5 38.45 38.42 38.4 38.41 38.44 38.42 38.34 38.25 38.18 38.22 38.45 38.64 38.66 38.62 38.52 38.5 38.52 38.54 38.61 38.66 38.67 38.67 38.7 38.71 38.71 38.7 38.74 38.73
38.54 38.45 38.45 38.58 38.76 38.73 38.7 38.7 38.68 38.69 38.75 38.78 38.82 38.8 38.74 38.67 38.64 38.63 38.61 38.64 38.64 38.6 38.53 38.55 38.59 38.64 38.73 38.76 38.71 38.62 38.66 38.75 38.78 38.87 38.87 38.83 38.8 38.74 38.71 38.71 38.7 38.67 38.62 38.59 38.57 38.54 38.53 38.56 38.59 38.56 38.47 38.44 38.43 38.47 38.46 38.44 38.4 38.35 38.27 38.26 38.33 38.58 38.73 38.68 38.58 38.51 38.5 38.51 38.58 38.63 38.65 38.65 38.69 38.7 38.69 38.67 38.73 38.72
38.63 38.56 38.43 38.55 38.72 38.72 38.72 38.72 38.7 38.69 38.73 38.78 38.84 38.82 38.76 38.69 38.65 38.65 38.62 38.66 38.63 38.59 38.51 38.52 38.56 38.62 38.73 38.83 38.77 38.63 38.62 38.68 38.72 38.81 38.86 38.83 38.81 38.76 38.71 38.71 38.72 38.73 38.69 38.67 38.64 38.61 38.61 38.63 38.67 38.67 38.59 38.56 38.53 38.54 38.5 38.48 38.46 38.45 38.38 38.34 38.26 38.41 38.62 38.61 38.66 38.59 38.53 38.52 38.56 38.6 38.61 38.63 38.68 38.69 38.69 38.68 38.71 38.7
38.66 38.63 38.52 38.48 38.63 38.68 38.73 38.72 38.72 38.71 38.71 38.74 38.82 38.82 38.77 38.71 38.68 38.66 38.64 38.67 38.63 38.58 38.51 38.49 38.52 38.62 38.73 38.82 38.8 38.68 38.59 38.61 38.65 38.76 38.85 38.81 38.8 38.76 38.74 38.71 38.71 38.72 38.73 38.73 38.71 38.68 38.69 38.71 38.76 38.79 38.7 38.68 38.67 38.64 38.58 38.55 38.51 38.49 38.47 38.44 38.37 38.32 38.34 38.42 38.68 38.68 38.62 38.56 38.55 38.58 38.57 38.62 38.66 38.68 38.69 38.68 38.66 38.67
38.67 38.66 38.57 38.43 38.55 38.61 38.7 38.71 38.74 38.74 38.72 38.72 38.8 38.81 38.79 38.75 38.72 38.69 38.66 38.67 38.64 38.57 38.5 38.47 38.5 38.6 38.71 38.76 38.79 38.71 38.6 38.57 38.59 38.72 38.83 38.81 38.8 38.78 38.76 38.74 38.72 38.72 38.73 38.74 38.74 38.75 38.78 38.79 38.83 38.87 38.79 38.8 38.84 38.78 38.71 38.67 38.58 38.49 38.49 38.5 38.51 38.39 38.24 38.29 38.58 38.71 38.71 38.6 38.56 38.58 38.58 38.63 38.66 38.64 38.67 38.7 38.67 38.65
38.64 38.64 38.59 38.48 38.51 38.53 38.65 38.73 38.76 38.76 38.73 38.75 38.8 38.81 38.81 38.77 38.76 38.71 38.67 38.66 38.63 38.56 38.49 38.44 38.48 38.58 38.66 38.71 38.73 38.71 38.6 38.54 38.55 38.66 38.77 38.78 38.79 38.79 38.78 38.77 38.75 38.73 38.74 38.75 38.78 38.81 38.84 38.86 38.88 38.92 38.89 38.92 38.97 38.93 38.82 38.77 38.64 38.52 38.51 38.51 38.53 38.46 38.39 38.3 38.38 38.6 38.66 38.65 38.58 38.57 38.57 38.6 38.63 38.6 38.65 38.69 38.69 38.67
38.58 38.59 38.62 38.56 38.53 38.51 38.6 38.73 38.75 38.75 38.73 38.75 38.76 38.75 38.79 38.76 38.75 38.69 38.68 38.65 38.62 38.55 38.48 38.42 38.46 38.56 38.62 38.67 38.69 38.71 38.64 38.59 38.56 38.62 38.71 38.72 38.76 38.77 38.78 38.79 38.78 38.76 38.78 38.82 38.84 38.87 38.89 38.91 38.93 38.96 38.98 39 39.02 38.99 38.87 38.8 38.65 38.58 38.55 38.56 38.54 38.5 38.47 38.37 38.28 38.45 38.55 38.68 38.59 38.53 38.54 38.59 38.62 38.62 38.63 38.67 38.68 38.68
38.54 38.56 38.62 38.6 38.59 38.54 38.5 38.64 38.69 38.72 38.72 38.73 38.72 38.7 38.73 38.74 38.72 38.7 38.69 38.64 38.62 38.54 38.47 38.41 38.45 38.52 38.58 38.66 38.69 38.7 38.67 38.63 38.6 38.6 38.66 38.68 38.72 38.74 38.74 38.77 38.83 38.84 38.86 38.9 38.92 38.93 38.91 38.94 38.97 39 39.03 39.04 39.04 39.01 38.92 38.83 38.66 38.59 38.59 38.59 38.57 38.53 38.52 38.44 38.44 38.47 38.5 38.64 38.64 38.59 38.59 38.58 38.6 38.63 38.63 38.65 38.68 38.66
38.54 38.53 38.6 38.61 38.57 38.48 38.35 38.5 38.59 38.73 38.74 38.74 38.73 38.71 38.7 38.7 38.69 38.69 38.69 38.64 38.62 38.54 38.47 38.42 38.45 38.51 38.59 38.65 38.69 38.7 38.69 38.67 38.65 38.61 38.65 38.65 38.68 38.73 38.73 38.79 38.89 38.94 38.94 38.95 38.96 38.99 38.95 38.97 39.02 39.04 39.04 39.06 39.04 39.02 38.99 38.87 38.75 38.69 38.68 38.65 38.6 38.55 38.56 38.54 38.51 38.45 38.46 38.55 38.68 38.65 38.62 38.59 38.55 38.58 38.59 38.63 38.67 38.66
38.55 38.53 38.54 38.59 38.53 38.49 38.39 38.4 38.51 38.7 38.76 38.74 38.72 38.69 38.69 38.67 38.67 38.71 38.68 38.66 38.62 38.55 38.48 38.44 38.46 38.52 38.59 38.63 38.66 38.67 38.7 38.7 38.68 38.64 38.66 38.64 38.62 38.72 38.76 38.82 38.92 39 39 38.99 39 39.03 39.03 39.01 39.04 39.06 39.05 39.05 39.03 39.02 39.01 38.91 38.83 38.79 38.77 38.71 38.65 38.57 38.57 38.57 38.52 38.47 38.47 38.51 38.61 38.65 38.65 38.62 38.55 38.55 38.56 38.6 38.65 38.64
38.58 38.55 38.47 38.58 38.58 38.59 38.47 38.28 38.4 38.66 38.77 38.76 38.74 38.72 38.7 38.67 38.68 38.71 38.69 38.69 38.64 38.58 38.52 38.49 38.51 38.56 38.59 38.6 38.62 38.64 38.69 38.7 38.68 38.66 38.65 38.62 38.59 38.71 38.76 38.82 38.94 39.02 39.04 39.03 39.04 39.07 39.06 39.05 39.07 39.08 39.07 39.06 39.06 39.04 39.03 38.93 38.87 38.85 38.83 38.77 38.71 38.62 38.59 38.57 38.52 38.5 38.5 38.47 38.5 38.58 38.64 38.66 38.65 38.62 38.56 38.58 38.61 38.6
38.63 38.57 38.52 38.54 38.56 38.59 38.55 38.38 38.43 38.61 38.74 38.76 38.76 38.75 38.72 38.68 38.68 38.69 38.71 38.69 38.68 38.62 38.57 38.55 38.56 38.56 38.57 38.57 38.59 38.6 38.65 38.66 38.66 38.64 38.62 38.59 38.6 38.73 38.76 38.81 38.93 39.01 39.04 39.04 39.06 39.09 39.08 39.07 39.09 39.1 39.1 39.08 39.08 39.06 39.06 38.99 38.9 38.9 38.88 38.83 38.75 38.64 38.6 38.57 38.54 38.53 38.52 38.45 38.41 38.47 38.57 38.66 38.74 38.69 38.58 38.56 38.56 38.56
38.73 38.64 38.53 38.48 38.52 38.59 38.58 38.5 38.49 38.55 38.67 38.74 38.76 38.77 38.74 38.7 38.67 38.66 38.7 38.68 38.69 38.65 38.63 38.61 38.57 38.54 38.52 38.53 38.54 38.54 38.57 38.6 38.64 38.65 38.65 38.64 38.67 38.79 38.88 38.89 38.97 39.04 39.06 39.05 39.05 39.08 39.08 39.09 39.09 39.12 39.11 39.1 39.09 39.07 39.07 39.03 38.96 38.94 38.93 38.86 38.75 38.65 38.62 38.6 38.56 38.56 38.54 38.47 38.41 38.45 38.5 38.56 38.7 38.68 38.63 38.58 38.54 38.53
38.78 38.7 38.57 38.47 38.5 38.58 38.62 38.54 38.52 38.49 38.55 38.68 38.73 38.76 38.73 38.69 38.66 38.65 38.65 38.66 38.67 38.67 38.66 38.63 38.57 38.55 38.5 38.5 38.48 38.42 38.51 38.56 38.62 38.66 38.67 38.67 38.72 38.79 38.91 38.94 38.99 39.01 39.04 39.07 39.05 39.09 39.09 39.09 39.07 39.11 39.1 39.09 39.07 39.06 39.06 39.03 38.99 38.97 38.95 38.86 38.73 38.66 38.64 38.61 38.58 38.58 38.56 38.52 38.5 38.51 38.49 38.44 38.54 38.6 38.67 38.62 38.55 38.54
38.81 38.73 38.63 38.53 38.53 38.55 38.62 38.54 38.52 38.45 38.43 38.58 38.66 38.73 38.71 38.68 38.67 38.67 38.63 38.65 38.66 38.66 38.65 38.63 38.57 38.54 38.54 38.54 38.45 38.36 38.46 38.54 38.66 38.65 38.66 38.65 38.71 38.79 38.85 38.94 39.02 39.05 39.06 39.08 39.07 39.09 39.09 39.11 39.09 39.1 39.09 39.08 39.06 39.06 39.05 39.02 39.03 39 38.96 38.85 38.73 38.69 38.64 38.6 38.57 38.57 38.56 38.54 38.57 38.54 38.47 38.39 38.42 38.52 38.7 38.69 38.59 38.57
38.78 38.73 38.66 38.6 38.59 38.55 38.6 38.57 38.55 38.47 38.41 38.49 38.58 38.68 38.69 38.69 38.68 38.67 38.63 38.64 38.66 38.68 38.65 38.64 38.6 38.53 38.52 38.52 38.48 38.43 38.49 38.53 38.63 38.65 38.66 38.65 38.68 38.79 38.82 38.91 39.01 39.06 39.07 39.1 39.09 39.09 39.09 39.12 39.12 39.11 39.1 39.09 39.08 39.07 39.06 39.04 39.05 39.04 39.01 38.9 38.76 38.73 38.66 38.61 38.54 38.55 38.56 38.52 38.55 38.52 38.46 38.38 38.32 38.42 38.73 38.76 38.66 38.6
38.72 38.71 38.64 38.61 38.62 38.6 38.57 38.58 38.58 38.54 38.43 38.42 38.5 38.65 38.67 38.69 38.68 38.67 38.65 38.65 38.66 38.66 38.65 38.64 38.61 38.57 38.54 38.51 38.48 38.46 38.46 38.51 38.58 38.63 38.64 38.66 38.66 38.72 38.75 38.87 39 39.07 39.07 39.12 39.11 39.1 39.11 39.13 39.13 39.12 39.12 39.1 39.09 39.09 39.08 39.06 39.04 39.03 39.03 38.95 38.81 38.77 38.7 38.61 38.56 38.55 38.55 38.52 38.53 38.52 38.51 38.45 38.36 38.36 38.57 38.73 38.69 38.65
38.72 38.69 38.64 38.61 38.62 38.63 38.53 38.56 38.59 38.55 38.45 38.42 38.44 38.63 38.68 38.69 38.7 38.69 38.66 38.64 38.64 38.66 38.65 38.66 38.64 38.6 38.56 38.53 38.5 38.48 38.47 38.48 38.52 38.6 38.62 38.66 38.66 38.69 38.7 38.82 38.97 39.05 39.07 39.13 39.13 39.11 39.12 39.13 39.13 39.13 39.12 39.11 39.09 39.09 39.09 39.07 39.06 39.05 39.05 39 38.89 38.83 38.72 38.64 38.59 38.58 38.57 38.56 38.53 38.53 38.54 38.5 38.43 38.35 38.31 38.55 38.62 38.69
38.75 38.73 38.69 38.68 38.63 38.6 38.54 38.56 38.58 38.54 38.46 38.43 38.41 38.55 38.65 38.67 38.7 38.68 38.65 38.63 38.62 38.66 38.65 38.66 38.64 38.6 38.58 38.54 38.52 38.5 38.49 38.46 38.44 38.5 38.57 38.67 38.67 38.68 38.69 38.78 38.91 39.02 39.06 39.15 39.13 39.12 39.13 39.13 39.13 39.13 39.13 39.11 39.1 39.1 39.09 39.07 39.08 39.08 39.06 39 38.95 38.86 38.72 38.64 38.62 38.61 38.59 38.58 38.57 38.54 38.55 38.54 38.52 38.43 38.25 38.35 38.48 38.67
38.8 38.75 38.72 38.7 38.63 38.63 38.53 38.52 38.53 38.52 38.49 38.46 38.37 38.45 38.6 38.65 38.71 38.67 38.67 38.66 38.6 38.65 38.65 38.64 38.64 38.6 38.59 38.55 38.52 38.49 38.48 38.45 38.41 38.42 38.49 38.64 38.67 38.66 38.68 38.75 38.86 39.01 39.06 39.15 39.12 39.12 39.13 39.13 39.13 39.13 39.13 39.11 39.1 39.1 39.09 39.08 39.08 39.1 39.08 39.03 38.98 38.92 38.77 38.67 38.64 38.62 38.59 38.59 38.59 38.56 38.56 38.55 38.56 38.51 38.34 38.38 38.44 38.54
38.78 38.75 38.75 38.72 38.65 38.65 38.59 38.55 38.51 38.53 38.5 38.48 38.42 38.36 38.52 38.6 38.71 38.68 38.69 38.69 38.64 38.63 38.63 38.61 38.63 38.61 38.6 38.56 38.51 38.48 38.47 38.46 38.43 38.39 38.43 38.58 38.69 38.65 38.68 38.72 38.83 39.02 39.09 39.16 39.12 39.12 39.13 39.13 39.13 39.13 39.13 39.12 39.11 39.11 39.1 39.08 39.09 39.1 39.05 39.02 39.02 38.97 38.83 38.71 38.67 38.62 38.59 38.59 38.58 38.56 38.54 38.55 38.56 38.53 38.44 38.46 38.45 38.43
38.78 38.77 38.77 38.72 38.65 38.63 38.6 38.56 38.48 38.51 38.51 38.49 38.45 38.34 38.43 38.53 38.67 38.7 38.7 38.7 38.67 38.64 38.62 38.59 38.6 38.61 38.6 38.56 38.52 38.49 38.48 38.49 38.46 38.39 38.39 38.52 38.67 38.64 38.68 38.72 38.84 39 39.12 39.16 39.12 39.13 39.13 39.13 39.13 39.13 39.13 39.12 39.11 39.11 39.1 39.08 39.09 39.08 39.04 39.03 39 38.99 38.89 38.79 38.73 38.64 38.6 38.6 38.6 38.59 38.56 38.56 38.56 38.51 38.48 38.44 38.43 38.39
38.76 38.78 38.74 38.71 38.67 38.64 38.61 38.59 38.5 38.49 38.52 38.51 38.45 38.36 38.37 38.4 38.54 38.67 38.68 38.7 38.67 38.65 38.63 38.59 38.58 38.61 38.6 38.57 38.55 38.53 38.53 38.51 38.49 38.42 38.38 38.43 38.62 38.6 38.64 38.71 38.82 38.93 39.13 39.16 39.12 39.13 39.13 39.13 39.13 39.13 39.13 39.13 39.12 39.12 39.1 39.08 39.09 39.06 39.05 39.06 39.03 39.01 38.94 38.87 38.82 38.7 38.65 38.62 38.62 38.61 38.59 38.57 38.54 38.5 38.45 38.42 38.4 38.36
