slabs/87.grd
DSAA
631 301
647040 647670
4947800 4948100
30.72 42.38
[rows 0 to 33 of 301, columns 390 to 467 of 631]
39.51 39.51 39.49 39.5 39.5 39.5 39.48 39.48 39.5 39.5 39.51 39.49 39.54 39.51 39.48 39.46 39.53 39.53 39.56 39.55 39.55 39.57 39.6 39.61 39.6 39.57 39.54 39.52 39.52 39.55 39.52 39.51 39.51 39.51 39.5 39.47 39.52 39.53 39.55 39.47 39.49 39.52 39.48 39.44 39.51 39.56 39.65 39.62 39.64 39.71 39.74 39.71 39.7 39.76 39.69 39.7 39.7 39.75 39.79 39.76 39.72 39.72 39.64 39.65 39.67 39.74 39.79 39.81 39.8 39.76 39.75 39.8 39.8 39.78 39.79 39.81 39.82 39.85
39.51 39.49 39.48 39.52 39.49 39.5 39.46 39.48 39.5 39.5 39.51 39.51 39.51 39.5 39.47 39.48 39.52 39.54 39.59 39.54 39.57 39.56 39.59 39.6 39.6 39.57 39.57 39.53 39.54 39.54 39.53 39.52 39.52 39.5 39.49 39.48 39.52 39.54 39.56 39.5 39.51 39.54 39.5 39.45 39.47 39.49 39.6 39.63 39.68 39.69 39.74 39.72 39.71 39.76 39.71 39.72 39.73 39.72 39.77 39.74 39.75 39.73 39.69 39.65 39.66 39.7 39.78 39.84 39.79 39.74 39.78 39.8 39.78 39.77 39.78 39.8 39.84 39.87
39.5 39.48 39.49 39.54 39.52 39.5 39.46 39.5 39.5 39.51 39.51 39.52 39.49 39.51 39.49 39.53 39.53 39.55 39.59 39.59 39.58 39.58 39.6 39.62 39.62 39.61 39.59 39.55 39.55 39.56 39.53 39.54 39.52 39.48 39.49 39.53 39.54 39.52 39.54 39.55 39.54 39.52 39.53 39.49 39.46 39.45 39.54 39.59 39.68 39.65 39.69 39.72 39.75 39.75 39.71 39.7 39.72 39.72 39.71 39.73 39.74 39.77 39.73 39.67 39.69 39.66 39.78 39.83 39.82 39.78 39.8 39.81 39.8 39.8 39.79 39.78 39.82 39.82
39.5 39.49 39.51 39.55 39.53 39.49 39.46 39.47 39.5 39.51 39.52 39.5 39.47 39.48 39.52 39.55 39.54 39.53 39.57 39.61 39.6 39.59 39.61 39.64 39.64 39.63 39.6 39.57 39.57 39.59 39.55 39.52 39.53 39.51 39.53 39.54 39.55 39.51 39.54 39.57 39.56 39.51 39.55 39.54 39.5 39.45 39.48 39.52 39.62 39.63 39.66 39.7 39.77 39.75 39.73 39.69 39.7 39.73 39.67 39.74 39.78 39.74 39.7 39.7 39.69 39.73 39.76 39.8 39.82 39.82 39.81 39.79 39.79 39.79 39.8 39.78 39.78 39.78
39.41 39.44 39.51 39.52 39.53 39.49 39.47 39.47 39.47 39.48 39.51 39.49 39.47 39.49 39.53 39.56 39.55 39.52 39.58 39.6 39.61 39.59 39.63 39.62 39.63 39.63 39.59 39.59 39.58 39.58 39.57 39.5 39.54 39.55 39.57 39.51 39.55 39.56 39.58 39.56 39.56 39.57 39.53 39.54 39.53 39.46 39.45 39.48 39.59 39.66 39.63 39.68 39.76 39.74 39.73 39.72 39.69 39.72 39.69 39.73 39.75 39.72 39.71 39.73 39.71 39.7 39.72 39.76 39.82 39.84 39.81 39.77 39.77 39.77 39.77 39.8 39.76 39.77
39.38 39.41 39.46 39.53 39.47 39.46 39.47 39.49 39.45 39.49 39.5 39.51 39.49 39.5 39.53 39.55 39.56 39.56 39.59 39.59 39.6 39.6 39.63 39.63 39.63 39.64 39.59 39.61 39.6 39.57 39.55 39.51 39.51 39.55 39.53 39.53 39.55 39.6 39.57 39.56 39.55 39.61 39.54 39.56 39.56 39.49 39.47 39.47 39.56 39.68 39.69 39.7 39.72 39.73 39.72 39.7 39.67 39.74 39.73 39.73 39.76 39.75 39.74 39.72 39.72 39.68 39.7 39.73 39.8 39.83 39.82 39.79 39.73 39.76 39.75 39.78 39.76 39.75
39.38 39.41 39.45 39.53 39.5 39.48 39.51 39.49 39.45 39.48 39.51 39.52 39.5 39.51 39.53 39.53 39.56 39.57 39.59 39.59 39.6 39.61 39.61 39.64 39.63 39.64 39.61 39.63 39.62 39.57 39.55 39.52 39.52 39.55 39.52 39.54 39.55 39.57 39.52 39.55 39.58 39.6 39.6 39.59 39.56 39.53 39.54 39.52 39.56 39.7 39.73 39.72 39.7 39.73 39.72 39.72 39.72 39.72 39.72 39.74 39.76 39.77 39.76 39.72 39.7 39.75 39.75 39.73 39.73 39.81 39.83 39.82 39.74 39.76 39.75 39.74 39.76 39.73
39.4 39.42 39.44 39.52 39.52 39.49 39.5 39.49 39.46 39.46 39.5 39.52 39.51 39.52 39.53 39.53 39.55 39.56 39.6 39.6 39.62 39.61 39.61 39.6 39.61 39.63 39.64 39.65 39.65 39.6 39.56 39.55 39.58 39.57 39.52 39.52 39.53 39.53 39.52 39.52 39.58 39.56 39.64 39.61 39.56 39.55 39.54 39.51 39.54 39.68 39.71 39.71 39.71 39.69 39.69 39.72 39.74 39.71 39.7 39.72 39.73 39.75 39.75 39.76 39.71 39.85 39.82 39.75 39.69 39.74 39.8 39.82 39.81 39.75 39.78 39.8 39.74 39.75
39.41 39.45 39.43 39.5 39.5 39.49 39.49 39.49 39.48 39.48 39.49 39.54 39.53 39.54 39.52 39.54 39.55 39.57 39.62 39.59 39.6 39.6 39.59 39.6 39.6 39.62 39.63 39.63 39.66 39.64 39.55 39.56 39.61 39.55 39.52 39.52 39.52 39.56 39.54 39.53 39.54 39.55 39.62 39.61 39.57 39.56 39.54 39.53 39.52 39.6 39.68 39.7 39.72 39.68 39.67 39.72 39.74 39.75 39.72 39.7 39.72 39.71 39.73 39.78 39.74 39.87 39.84 39.76 39.72 39.71 39.74 39.8 39.8 39.76 39.79 39.82 39.76 39.75
39.42 39.45 39.45 39.48 39.49 39.49 39.49 39.51 39.5 39.51 39.49 39.54 39.54 39.53 39.52 39.55 39.56 39.57 39.59 39.57 39.6 39.62 39.63 39.63 39.61 39.6 39.58 39.6 39.65 39.67 39.59 39.59 39.59 39.56 39.55 39.57 39.57 39.59 39.53 39.54 39.56 39.55 39.57 39.56 39.54 39.56 39.57 39.57 39.54 39.55 39.61 39.66 39.74 39.7 39.7 39.73 39.74 39.76 39.74 39.72 39.73 39.7 39.72 39.77 39.75 39.83 39.78 39.72 39.73 39.7 39.7 39.78 39.78 39.77 39.78 39.79 39.71 39.72
39.43 39.43 39.48 39.49 39.51 39.5 39.51 39.5 39.5 39.5 39.48 39.52 39.54 39.51 39.55 39.54 39.56 39.56 39.61 39.59 39.61 39.64 39.68 39.63 39.63 39.62 39.63 39.64 39.65 39.66 39.61 39.61 39.62 39.56 39.61 39.61 39.62 39.57 39.55 39.55 39.56 39.56 39.56 39.54 39.52 39.58 39.59 39.59 39.56 39.54 39.55 39.6 39.73 39.72 39.74 39.75 39.74 39.71 39.72 39.72 39.69 39.74 39.74 39.73 39.74 39.76 39.74 39.73 39.74 39.68 39.7 39.76 39.8 39.78 39.76 39.72 39.67 39.68
39.43 39.43 39.49 39.52 39.52 39.5 39.53 39.51 39.52 39.5 39.49 39.51 39.52 39.52 39.54 39.58 39.58 39.58 39.63 39.61 39.61 39.65 39.68 39.66 39.67 39.63 39.6 39.62 39.66 39.64 39.6 39.61 39.63 39.57 39.59 39.59 39.6 39.57 39.58 39.57 39.56 39.58 39.56 39.54 39.53 39.62 39.61 39.61 39.57 39.55 39.52 39.55 39.68 39.71 39.75 39.77 39.76 39.65 39.67 39.69 39.68 39.68 39.68 39.68 39.74 39.68 39.7 39.73 39.69 39.69 39.7 39.73 39.76 39.77 39.78 39.74 39.7 39.69
39.41 39.45 39.51 39.53 39.52 39.49 39.54 39.54 39.53 39.53 39.52 39.53 39.54 39.58 39.54 39.6 39.58 39.61 39.58 39.6 39.62 39.63 39.65 39.66 39.66 39.65 39.57 39.6 39.65 39.67 39.62 39.63 39.64 39.6 39.57 39.57 39.59 39.58 39.6 39.58 39.56 39.57 39.56 39.57 39.59 39.6 39.6 39.6 39.59 39.55 39.52 39.51 39.62 39.65 39.69 39.76 39.76 39.68 39.67 39.69 39.69 39.6 39.65 39.69 39.74 39.72 39.71 39.75 39.7 39.71 39.71 39.74 39.77 39.78 39.77 39.74 39.75 39.73
39.42 39.47 39.49 39.52 39.52 39.49 39.53 39.5 39.5 39.52 39.53 39.53 39.53 39.56 39.55 39.52 39.54 39.58 39.58 39.61 39.63 39.61 39.61 39.64 39.65 39.68 39.62 39.63 39.63 39.69 39.66 39.65 39.68 39.63 39.58 39.58 39.6 39.58 39.59 39.58 39.59 39.56 39.57 39.59 39.66 39.58 39.59 39.58 39.58 39.58 39.54 39.49 39.56 39.61 39.67 39.74 39.73 39.72 39.71 39.71 39.69 39.64 39.63 39.69 39.74 39.74 39.7 39.74 39.73 39.73 39.74 39.73 39.77 39.77 39.77 39.78 39.79 39.76
39.47 39.5 39.51 39.52 39.51 39.48 39.49 39.52 39.53 39.52 39.52 39.5 39.51 39.53 39.54 39.54 39.55 39.56 39.62 39.62 39.63 39.61 39.61 39.62 39.64 39.69 39.67 39.65 39.63 39.65 39.65 39.65 39.68 39.63 39.6 39.6 39.6 39.57 39.58 39.6 39.61 39.6 39.6 39.6 39.64 39.59 39.6 39.59 39.61 39.63 39.58 39.5 39.5 39.56 39.63 39.73 39.7 39.73 39.74 39.72 39.7 39.67 39.64 39.66 39.71 39.73 39.73 39.73 39.73 39.72 39.72 39.72 39.74 39.75 39.78 39.79 39.78 39.75
39.47 39.46 39.49 39.5 39.51 39.55 39.49 39.55 39.54 39.54 39.51 39.49 39.49 39.53 39.55 39.55 39.57 39.58 39.62 39.61 39.62 39.62 39.63 39.63 39.63 39.69 39.67 39.67 39.64 39.62 39.6 39.62 39.63 39.63 39.63 39.63 39.61 39.58 39.58 39.6 39.57 39.57 39.58 39.59 39.59 39.55 39.55 39.59 39.62 39.61 39.61 39.55 39.51 39.52 39.59 39.65 39.64 39.66 39.69 39.68 39.69 39.69 39.69 39.65 39.72 39.75 39.79 39.75 39.72 39.7 39.69 39.73 39.72 39.73 39.77 39.77 39.74 39.7
39.43 39.44 39.5 39.47 39.48 39.55 39.51 39.52 39.51 39.56 39.53 39.52 39.5 39.53 39.52 39.53 39.57 39.59 39.6 39.6 39.61 39.61 39.63 39.65 39.64 39.68 39.68 39.69 39.66 39.63 39.6 39.61 39.64 39.65 39.65 39.66 39.61 39.56 39.55 39.58 39.59 39.55 39.57 39.59 39.57 39.55 39.55 39.56 39.6 39.58 39.59 39.56 39.53 39.5 39.56 39.65 39.61 39.62 39.65 39.66 39.7 39.71 39.71 39.65 39.69 39.71 39.76 39.77 39.72 39.69 39.69 39.71 39.7 39.72 39.76 39.78 39.74 39.68
39.46 39.46 39.53 39.47 39.48 39.51 39.52 39.5 39.51 39.55 39.57 39.56 39.54 39.52 39.53 39.54 39.57 39.6 39.59 39.6 39.63 39.6 39.64 39.64 39.64 39.64 39.68 39.68 39.68 39.64 39.64 39.65 39.65 39.65 39.65 39.66 39.62 39.58 39.57 39.55 39.62 39.57 39.58 39.57 39.54 39.58 39.56 39.54 39.6 39.58 39.58 39.57 39.52 39.51 39.55 39.64 39.6 39.62 39.63 39.65 39.7 39.69 39.7 39.66 39.64 39.65 39.7 39.75 39.74 39.71 39.69 39.68 39.7 39.71 39.73 39.76 39.76 39.7
39.48 39.52 39.53 39.51 39.51 39.51 39.52 39.52 39.52 39.52 39.56 39.57 39.56 39.55 39.57 39.57 39.56 39.59 39.58 39.59 39.61 39.61 39.62 39.63 39.64 39.61 39.63 39.67 39.65 39.64 39.64 39.67 39.65 39.63 39.64 39.68 39.62 39.6 39.6 39.6 39.57 39.6 39.6 39.57 39.55 39.59 39.57 39.55 39.59 39.58 39.56 39.55 39.53 39.52 39.52 39.55 39.58 39.61 39.65 39.66 39.68 39.66 39.7 39.67 39.65 39.65 39.67 39.7 39.75 39.73 39.69 39.67 39.66 39.66 39.7 39.69 39.71 39.68
39.48 39.52 39.52 39.53 39.53 39.5 39.52 39.54 39.54 39.51 39.52 39.54 39.55 39.56 39.57 39.56 39.54 39.57 39.57 39.58 39.57 39.63 39.63 39.64 39.64 39.63 39.63 39.68 39.65 39.67 39.67 39.65 39.65 39.68 39.66 39.67 39.62 39.6 39.6 39.6 39.54 39.62 39.61 39.56 39.55 39.58 39.6 39.59 39.6 39.59 39.58 39.54 39.55 39.54 39.5 39.48 39.54 39.61 39.7 39.71 39.68 39.66 39.7 39.69 39.69 39.67 39.64 39.7 39.74 39.76 39.71 39.69 39.68 39.67 39.68 39.69 39.71 39.7
39.46 39.49 39.51 39.51 39.53 39.51 39.54 39.55 39.56 39.54 39.54 39.54 39.56 39.52 39.57 39.54 39.56 39.57 39.56 39.6 39.6 39.61 39.62 39.59 39.62 39.65 39.65 39.67 39.69 39.7 39.67 39.62 39.69 39.68 39.68 39.65 39.62 39.62 39.62 39.59 39.56 39.59 39.6 39.57 39.57 39.59 39.61 39.6 39.57 39.57 39.57 39.53 39.55 39.54 39.49 39.46 39.5 39.58 39.68 39.74 39.7 39.68 39.69 39.71 39.68 39.65 39.62 39.68 39.7 39.75 39.69 39.68 39.67 39.65 39.62 39.63 39.66 39.7
39.46 39.47 39.5 39.5 39.52 39.57 39.55 39.57 39.57 39.57 39.56 39.57 39.56 39.51 39.53 39.52 39.56 39.54 39.57 39.6 39.61 39.59 39.61 39.6 39.62 39.63 39.64 39.65 39.68 39.67 39.67 39.62 39.7 39.7 39.7 39.65 39.62 39.63 39.64 39.59 39.56 39.55 39.58 39.59 39.6 39.62 39.59 39.56 39.52 39.54 39.55 39.53 39.52 39.52 39.51 39.47 39.46 39.49 39.59 39.69 39.73 39.7 39.69 39.71 39.7 39.64 39.61 39.69 39.71 39.76 39.73 39.71 39.69 39.67 39.6 39.61 39.63 39.67
39.47 39.46 39.49 39.51 39.52 39.58 39.54 39.55 39.54 39.51 39.53 39.56 39.56 39.56 39.54 39.53 39.54 39.54 39.55 39.58 39.55 39.58 39.6 39.62 39.63 39.64 39.65 39.65 39.65 39.67 39.66 39.62 39.66 39.68 39.68 39.65 39.61 39.62 39.65 39.6 39.55 39.55 39.57 39.58 39.6 39.61 39.58 39.55 39.54 39.55 39.59 39.55 39.54 39.55 39.55 39.5 39.46 39.43 39.5 39.66 39.73 39.68 39.65 39.66 39.66 39.63 39.66 39.64 39.67 39.71 39.7 39.69 39.7 39.68 39.65 39.6 39.63 39.67
39.49 39.49 39.5 39.52 39.54 39.54 39.59 39.55 39.58 39.53 39.52 39.54 39.59 39.6 39.58 39.55 39.55 39.56 39.56 39.57 39.54 39.57 39.59 39.62 39.61 39.64 39.64 39.63 39.63 39.65 39.63 39.63 39.65 39.64 39.64 39.64 39.62 39.63 39.65 39.61 39.58 39.58 39.59 39.55 39.57 39.57 39.58 39.56 39.59 39.57 39.59 39.54 39.56 39.56 39.56 39.49 39.41 39.4 39.47 39.62 39.65 39.65 39.63 39.64 39.64 39.64 39.65 39.66 39.64 39.65 39.66 39.67 39.69 39.71 39.68 39.62 39.64 39.65
39.48 39.5 39.52 39.51 39.53 39.52 39.58 39.56 39.61 39.56 39.55 39.54 39.58 39.58 39.58 39.55 39.57 39.55 39.56 39.58 39.57 39.59 39.6 39.6 39.61 39.63 39.62 39.62 39.62 39.62 39.61 39.64 39.67 39.63 39.65 39.67 39.63 39.63 39.64 39.64 39.61 39.6 39.58 39.55 39.53 39.54 39.56 39.54 39.57 39.57 39.56 39.55 39.55 39.56 39.52 39.53 39.48 39.45 39.46 39.55 39.61 39.68 39.65 39.62 39.62 39.62 39.64 39.64 39.62 39.64 39.66 39.68 39.68 39.71 39.68 39.63 39.63 39.63
39.46 39.5 39.55 39.55 39.54 39.55 39.55 39.56 39.56 39.59 39.59 39.58 39.59 39.57 39.58 39.58 39.59 39.56 39.57 39.59 39.62 39.61 39.6 39.58 39.61 39.64 39.62 39.61 39.6 39.6 39.63 39.65 39.68 39.66 39.64 39.68 39.65 39.63 39.61 39.67 39.61 39.63 39.6 39.62 39.53 39.53 39.53 39.55 39.54 39.53 39.54 39.58 39.54 39.54 39.51 39.55 39.53 39.49 39.44 39.5 39.59 39.7 39.68 39.6 39.59 39.62 39.61 39.59 39.6 39.62 39.64 39.66 39.65 39.67 39.67 39.64 39.62 39.6
39.47 39.5 39.53 39.56 39.56 39.57 39.56 39.55 39.55 39.6 39.6 39.61 39.57 39.59 39.58 39.59 39.58 39.54 39.57 39.58 39.61 39.62 39.59 39.56 39.59 39.63 39.61 39.6 39.58 39.61 39.64 39.64 39.67 39.65 39.63 39.62 39.65 39.65 39.63 39.68 39.63 39.62 39.59 39.59 39.53 39.53 39.54 39.57 39.54 39.51 39.55 39.56 39.55 39.52 39.51 39.51 39.52 39.5 39.44 39.43 39.53 39.66 39.66 39.59 39.57 39.58 39.58 39.57 39.59 39.59 39.63 39.64 39.62 39.64 39.65 39.66 39.64 39.59
39.44 39.47 39.51 39.56 39.54 39.56 39.57 39.55 39.57 39.58 39.58 39.6 39.57 39.57 39.56 39.58 39.6 39.53 39.57 39.57 39.57 39.6 39.58 39.55 39.56 39.58 39.61 39.63 39.58 39.6 39.64 39.64 39.7 39.68 39.64 39.59 39.65 39.64 39.62 39.59 39.66 39.62 39.6 39.56 39.54 39.51 39.54 39.58 39.55 39.51 39.54 39.54 39.55 39.51 39.49 39.5 39.51 39.5 39.44 39.4 39.44 39.53 39.6 39.58 39.55 39.54 39.56 39.56 39.58 39.6 39.64 39.64 39.63 39.64 39.63 39.64 39.65 39.61
39.4 39.46 39.49 39.54 39.52 39.54 39.56 39.56 39.56 39.56 39.56 39.59 39.6 39.55 39.56 39.59 39.59 39.54 39.56 39.57 39.57 39.58 39.58 39.57 39.55 39.56 39.64 39.63 39.62 39.62 39.63 39.64 39.69 39.67 39.63 39.59 39.64 39.65 39.6 39.6 39.67 39.64 39.61 39.58 39.56 39.54 39.55 39.56 39.54 39.52 39.51 39.5 39.53 39.51 39.48 39.52 39.51 39.51 39.46 39.4 39.4 39.41 39.54 39.58 39.56 39.55 39.54 39.54 39.56 39.6 39.63 39.62 39.63 39.61 39.6 39.61 39.68 39.65
39.43 39.45 39.48 39.5 39.53 39.54 39.55 39.57 39.53 39.56 39.55 39.59 39.61 39.57 39.57 39.6 39.56 39.56 39.56 39.58 39.56 39.56 39.58 39.59 39.57 39.57 39.6 39.63 39.62 39.62 39.6 39.64 39.65 39.67 39.62 39.59 39.59 39.63 39.62 39.63 39.63 39.61 39.56 39.59 39.57 39.55 39.52 39.54 39.53 39.54 39.51 39.49 39.52 39.5 39.49 39.5 39.52 39.5 39.47 39.42 39.42 39.39 39.5 39.56 39.56 39.53 39.52 39.52 39.54 39.56 39.6 39.59 39.6 39.6 39.55 39.56 39.69 39.73
39.47 39.47 39.48 39.47 39.54 39.54 39.56 39.56 39.52 39.54 39.55 39.58 39.61 39.57 39.57 39.59 39.61 39.59 39.57 39.63 39.58 39.56 39.57 39.59 39.58 39.59 39.57 39.61 39.6 39.6 39.58 39.65 39.66 39.67 39.63 39.6 39.56 39.6 39.63 39.63 39.62 39.59 39.54 39.58 39.57 39.56 39.49 39.53 39.52 39.55 39.52 39.49 39.5 39.48 39.5 39.49 39.5 39.48 39.45 39.47 39.46 39.39 39.43 39.5 39.53 39.53 39.53 39.5 39.5 39.52 39.64 39.59 39.57 39.62 39.57 39.58 39.69 39.77
39.48 39.5 39.47 39.45 39.51 39.52 39.54 39.55 39.54 39.54 39.53 39.58 39.64 39.59 39.57 39.55 39.61 39.58 39.55 39.6 39.62 39.59 39.56 39.58 39.61 39.61 39.56 39.6 39.64 39.62 39.62 39.64 39.67 39.66 39.67 39.59 39.58 39.59 39.62 39.6 39.6 39.58 39.56 39.57 39.57 39.59 39.49 39.54 39.52 39.53 39.5 39.47 39.48 39.45 39.47 39.49 39.47 39.48 39.45 39.45 39.43 39.37 39.34 39.36 39.47 39.61 39.59 39.52 39.44 39.5 39.57 39.57 39.59 39.62 39.58 39.6 39.66 39.78
39.49 39.5 39.47 39.42 39.49 39.53 39.53 39.54 39.57 39.57 39.55 39.6 39.63 39.63 39.6 39.6 39.55 39.56 39.55 39.57 39.59 39.59 39.58 39.59 39.65 39.6 39.54 39.58 39.62 39.6 39.63 39.61 39.63 39.63 39.67 39.6 39.59 39.59 39.61 39.58 39.59 39.58 39.57 39.56 39.55 39.57 39.51 39.55 39.52 39.5 39.47 39.48 39.47 39.43 39.46 39.46 39.45 39.5 39.45 39.45 39.43 39.38 39.36 39.36 39.41 39.55 39.58 39.53 39.45 39.49 39.52 39.55 39.58 39.62 39.58 39.59 39.65 39.78
39.5 39.51 39.51 39.43 39.48 39.51 39.53 39.52 39.53 39.55 39.58 39.63 39.58 39.58 39.59 39.59 39.56 39.57 39.56 39.55 39.57 39.59 39.6 39.63 39.63 39.58 39.55 39.59 39.59 39.58 39.59 39.6 39.6 39.6 39.65 39.61 39.6 39.6 39.63 39.57 39.58 39.57 39.55 39.55 39.55 39.54 39.51 39.53 39.52 39.46 39.44 39.47 39.47 39.45 39.48 39.46 39.47 39.48 39.46 39.45 39.44 39.4 39.35 39.35 39.35 39.46 39.55 39.51 39.46 39.48 39.5 39.53 39.6 39.65 39.6 39.59 39.62 39.68
