slabs/87.grd
DSAA
631 301
647040 647670
4947800 4948100
30.72 42.38
[rows 0 to 33 of 301, columns 234 to 311 of 631]
40.18 40.16 40.13 40.13 40.15 40.21 40.25 40.32 40.31 40.32 40.32 40.3 40.3 40.32 40.37 40.36 40.35 40.33 40.23 40.13 40.02 39.71 39.6 39.6 39.58 39.51 39.46 39.47 39.61 39.76 39.83 39.85 39.89 39.91 39.89 39.89 39.91 39.91 39.88 39.91 39.92 39.9 39.9 39.91 39.92 39.95 39.95 39.9 39.9 39.9 39.9 39.9 39.92 39.88 39.88 39.9 39.92 39.91 39.94 39.93 39.93 39.92 39.93 39.95 39.92 39.91 39.88 39.87 39.87 39.88 39.91 39.88 39.9 39.9 39.92 39.92 39.89 39.89
40.17 40.16 40.13 40.13 40.15 40.2 40.26 40.33 40.33 40.3 40.31 40.31 40.31 40.34 40.37 40.36 40.35 40.34 40.29 40.22 40.08 39.73 39.6 39.6 39.61 39.57 39.53 39.49 39.56 39.76 39.86 39.89 39.93 39.93 39.89 39.9 39.9 39.94 39.9 39.93 39.93 39.92 39.9 39.89 39.9 39.95 39.95 39.91 39.9 39.91 39.91 39.93 39.94 39.9 39.9 39.93 39.97 39.92 39.95 39.95 39.97 39.96 39.97 39.95 39.94 39.87 39.86 39.86 39.88 39.87 39.89 39.9 39.9 39.91 39.93 39.88 39.9 39.9
40.17 40.17 40.15 40.14 40.15 40.17 40.25 40.29 40.31 40.31 40.3 40.3 40.31 40.32 40.33 40.34 40.35 40.34 40.33 40.31 40.15 39.95 39.78 39.74 39.64 39.63 39.51 39.5 39.5 39.68 39.83 39.89 39.95 39.92 39.92 39.9 39.91 39.93 39.92 39.94 39.94 39.92 39.92 39.91 39.89 39.94 39.93 39.93 39.92 39.94 39.93 39.94 39.96 39.92 39.92 39.94 39.97 39.92 39.93 39.96 39.98 39.95 39.98 39.98 39.91 39.89 39.86 39.88 39.84 39.84 39.85 39.91 39.88 39.9 39.89 39.88 39.91 39.91
40.19 40.18 40.18 40.15 40.15 40.16 40.19 40.27 40.29 40.32 40.32 40.31 40.32 40.3 40.32 40.32 40.34 40.34 40.34 40.33 40.27 40.11 39.94 39.87 39.72 39.64 39.58 39.56 39.51 39.62 39.8 39.86 39.95 39.93 39.94 39.92 39.93 39.92 39.92 39.93 39.93 39.95 39.94 39.92 39.9 39.93 39.92 39.95 39.96 39.97 39.94 39.94 39.95 39.95 39.95 39.96 39.96 39.93 39.92 39.95 39.95 39.96 39.97 40 39.94 39.9 39.85 39.88 39.85 39.84 39.86 39.88 39.85 39.86 39.88 39.87 39.92 39.93
40.21 40.2 40.19 40.17 40.16 40.17 40.19 40.26 40.28 40.32 40.34 40.34 40.33 40.3 40.33 40.32 40.33 40.36 40.35 40.35 40.34 40.25 40.09 40.01 39.84 39.69 39.6 39.59 39.55 39.57 39.76 39.83 39.96 39.98 39.96 39.93 39.95 39.91 39.92 39.92 39.91 39.97 39.96 39.92 39.93 39.91 39.92 39.96 40 39.97 39.94 39.95 39.96 39.96 39.96 39.95 39.97 39.94 39.94 39.97 40 39.99 39.95 39.93 40.01 39.95 39.87 39.86 39.85 39.85 39.85 39.83 39.83 39.83 39.88 39.88 39.93 39.92
40.22 40.19 40.18 40.18 40.18 40.16 40.19 40.22 40.24 40.29 40.35 40.35 40.31 40.29 40.29 40.3 40.34 40.37 40.34 40.35 40.36 40.35 40.22 40.13 39.95 39.76 39.62 39.61 39.6 39.58 39.65 39.69 39.89 39.97 39.96 39.94 39.96 39.91 39.93 39.91 39.91 39.95 39.96 39.94 39.94 39.9 39.92 39.95 40.01 39.96 39.95 39.94 39.98 39.93 39.94 39.94 39.99 39.96 39.93 39.96 39.99 39.99 39.94 39.94 40 39.98 39.93 39.88 39.85 39.85 39.85 39.85 39.83 39.84 39.86 39.89 39.89 39.9
40.24 40.18 40.2 40.2 40.18 40.17 40.14 40.15 40.2 40.27 40.32 40.33 40.34 40.31 40.28 40.28 40.36 40.35 40.33 40.34 40.36 40.38 40.3 40.2 40 39.8 39.65 39.59 39.57 39.57 39.56 39.55 39.76 39.89 39.91 39.94 39.98 39.93 39.94 39.92 39.93 39.93 39.94 39.96 39.94 39.94 39.93 39.96 39.97 39.97 39.94 39.94 39.98 39.97 39.96 39.98 40 39.99 39.94 39.97 39.95 39.98 39.96 39.95 39.97 39.99 39.94 39.89 39.86 39.86 39.87 39.88 39.86 39.85 39.83 39.9 39.87 39.88
40.25 40.19 40.2 40.2 40.18 40.17 40.14 40.15 40.19 40.26 40.28 40.31 40.33 40.31 40.29 40.29 40.37 40.35 40.34 40.35 40.37 40.39 40.35 40.25 40.03 39.82 39.7 39.54 39.51 39.55 39.54 39.49 39.64 39.81 39.84 39.93 40.01 39.97 39.97 39.95 39.96 39.93 39.93 39.94 39.96 39.93 39.93 39.96 39.96 39.95 39.95 39.95 39.97 39.99 39.98 39.96 39.95 39.96 39.95 39.94 39.96 39.98 39.98 39.96 39.98 39.98 39.95 39.89 39.88 39.87 39.88 39.86 39.85 39.84 39.81 39.89 39.87 39.87
40.24 40.21 40.21 40.21 40.21 40.2 40.15 40.15 40.18 40.21 40.27 40.28 40.32 40.31 40.29 40.29 40.34 40.34 40.35 40.36 40.38 40.4 40.38 40.28 40.05 39.84 39.75 39.52 39.48 39.55 39.53 39.47 39.51 39.7 39.78 39.91 40.02 39.99 39.99 39.97 39.96 39.91 39.93 39.92 39.98 39.95 39.97 39.93 39.97 39.96 39.96 39.94 40 39.99 39.97 39.95 39.96 39.96 39.97 39.93 39.97 39.97 39.98 39.95 39.97 39.97 39.95 39.91 39.91 39.89 39.89 39.82 39.83 39.83 39.82 39.87 39.86 39.88
40.23 40.2 40.2 40.2 40.19 40.19 40.15 40.15 40.16 40.17 40.25 40.27 40.32 40.31 40.28 40.29 40.3 40.32 40.33 40.34 40.36 40.38 40.38 40.29 40.05 39.84 39.75 39.51 39.44 39.52 39.51 39.47 39.48 39.56 39.69 39.89 39.99 40 40 40 39.99 39.91 39.94 39.94 39.97 39.96 39.99 39.98 39.95 39.94 39.98 40 39.99 39.98 39.97 39.95 39.96 39.95 39.98 39.96 39.97 39.98 39.99 39.94 39.97 39.97 39.98 39.93 39.93 39.91 39.9 39.84 39.85 39.86 39.85 39.83 39.84 39.85
40.23 40.21 40.18 40.18 40.17 40.18 40.15 40.16 40.14 40.16 40.21 40.24 40.3 40.3 40.3 40.28 40.29 40.3 40.3 40.3 40.32 40.35 40.36 40.3 40.08 39.87 39.76 39.53 39.42 39.44 39.48 39.47 39.44 39.47 39.57 39.81 39.96 40.02 40.01 40 39.94 39.92 39.94 39.95 39.95 39.95 39.97 40.01 39.93 39.93 39.96 40.04 39.97 39.97 39.97 39.96 39.95 39.95 39.96 39.96 39.99 39.99 40.02 39.95 39.99 39.98 40 39.94 39.95 39.93 39.91 39.87 39.87 39.87 39.83 39.8 39.82 39.83
40.25 40.25 40.17 40.17 40.17 40.17 40.16 40.16 40.14 40.16 40.17 40.21 40.27 40.29 40.32 40.3 40.29 40.29 40.28 40.26 40.29 40.34 40.35 40.32 40.11 39.91 39.81 39.63 39.45 39.41 39.45 39.45 39.45 39.43 39.48 39.68 39.9 39.98 40.01 39.99 39.97 39.96 39.96 39.97 39.96 39.95 39.95 39.99 39.95 39.94 39.94 40.01 39.98 39.99 39.97 39.97 39.96 39.96 39.94 39.94 39.99 40 40.01 39.97 39.97 39.98 39.97 39.98 39.96 39.93 39.92 39.9 39.89 39.84 39.83 39.81 39.8 39.83
40.26 40.26 40.18 40.17 40.18 40.17 40.18 40.17 40.15 40.15 40.17 40.2 40.24 40.25 40.26 40.27 40.27 40.3 40.28 40.24 40.27 40.33 40.35 40.31 40.13 39.94 39.87 39.78 39.58 39.44 39.44 39.43 39.46 39.46 39.46 39.54 39.78 39.86 39.98 40.01 40.01 39.99 39.97 39.98 39.99 39.97 39.94 39.97 39.96 39.96 39.94 39.97 39.98 39.99 39.99 39.97 39.98 39.96 39.93 39.94 39.95 39.99 39.98 39.98 39.98 39.99 39.94 40 39.98 39.96 39.91 39.94 39.91 39.85 39.86 39.81 39.81 39.82
40.26 40.22 40.18 40.16 40.16 40.17 40.19 40.18 40.14 40.12 40.13 40.15 40.19 40.22 40.23 40.26 40.26 40.28 40.27 40.23 40.29 40.39 40.42 40.28 40.11 40.01 40 39.94 39.72 39.55 39.49 39.43 39.45 39.45 39.45 39.46 39.64 39.73 39.94 40.02 40.03 40.01 39.98 39.96 39.97 39.97 39.94 39.96 39.96 39.96 39.94 39.97 39.96 39.98 39.99 39.98 39.98 39.96 39.96 39.97 39.97 40 39.98 40.02 40 39.96 39.94 39.95 39.95 39.93 39.92 39.91 39.9 39.86 39.82 39.8 39.82 39.81
40.24 40.2 40.19 40.17 40.16 40.17 40.15 40.15 40.12 40.1 40.11 40.14 40.18 40.22 40.23 40.26 40.27 40.26 40.25 40.22 40.32 40.42 40.43 40.26 40.13 40.15 40.15 40.07 39.83 39.64 39.47 39.41 39.43 39.44 39.44 39.41 39.48 39.58 39.85 39.99 40.03 40.02 39.98 39.95 39.94 39.94 39.94 39.96 39.97 39.95 39.92 39.95 39.95 39.98 40.01 39.98 39.99 39.98 39.97 39.95 39.97 39.99 39.95 40.01 39.99 39.97 39.94 40.01 39.99 39.96 39.95 39.92 39.9 39.88 39.81 39.81 39.82 39.83
40.23 40.24 40.24 40.21 40.17 40.16 40.16 40.16 40.12 40.11 40.1 40.09 40.13 40.19 40.21 40.24 40.25 40.24 40.22 40.21 40.23 40.3 40.3 40.2 40.16 40.19 40.23 40.19 39.93 39.78 39.45 39.33 39.4 39.41 39.44 39.4 39.38 39.46 39.71 39.93 40.01 40.03 40 39.98 39.96 39.96 39.92 39.97 39.95 39.95 39.92 39.93 39.92 39.95 40.03 40 40.01 39.99 39.97 39.96 39.96 39.98 39.95 40 39.98 39.98 39.96 40.03 40 39.96 39.94 39.91 39.88 39.88 39.84 39.83 39.83 39.83
40.21 40.32 40.27 40.19 40.16 40.13 40.14 40.15 40.15 40.09 40.08 40.08 40.09 40.15 40.18 40.22 40.22 40.22 40.2 40.19 40.17 40.18 40.19 40.18 40.19 40.21 40.25 40.25 40.1 39.99 39.6 39.25 39.32 39.38 39.44 39.4 39.37 39.41 39.56 39.81 39.97 40.01 40 40 39.96 39.96 39.93 39.96 39.92 39.91 39.91 39.94 39.92 39.93 40 40.03 40.02 40.02 40.02 39.99 39.97 39.97 39.96 39.97 40 39.97 39.97 39.98 39.98 39.95 39.98 39.95 39.89 39.89 39.88 39.86 39.86 39.83
40.19 40.31 40.3 40.21 40.15 40.15 40.16 40.15 40.13 40.11 40.09 40.06 40.07 40.12 40.15 40.22 40.21 40.22 40.22 40.2 40.16 40.15 40.14 40.13 40.18 40.24 40.26 40.24 40.25 40.18 39.88 39.33 39.2 39.29 39.43 39.41 39.37 39.36 39.39 39.64 39.92 39.95 40.01 40 39.97 39.96 39.98 39.95 39.93 39.91 39.93 39.93 39.93 39.93 39.98 39.98 39.98 40.01 40.01 39.99 39.99 39.96 39.97 39.94 40 39.96 39.97 39.96 39.97 39.94 40.01 39.99 39.93 39.92 39.89 39.88 39.88 39.85
40.2 40.29 40.28 40.23 40.17 40.15 40.16 40.16 40.14 40.11 40.1 40.07 40.07 40.07 40.11 40.2 40.2 40.2 40.21 40.19 40.18 40.17 40.13 40.07 40.14 40.21 40.25 40.21 40.3 40.25 40.05 39.57 39.19 39.21 39.37 39.41 39.35 39.33 39.3 39.51 39.81 39.9 40.01 40.01 40 39.98 39.97 39.95 39.94 39.93 39.94 39.95 39.94 39.94 39.96 39.97 39.99 40 40.01 39.99 40 39.99 39.97 39.95 39.98 39.96 40 39.97 39.97 39.94 40 39.99 39.96 39.9 39.87 39.89 39.9 39.84
40.18 40.26 40.26 40.24 40.2 40.16 40.15 40.15 40.12 40.09 40.09 40.08 40.07 40.05 40.07 40.15 40.17 40.17 40.19 40.18 40.19 40.17 40.13 40.09 40.1 40.17 40.24 40.21 40.26 40.23 40.14 39.85 39.46 39.29 39.28 39.35 39.3 39.29 39.29 39.32 39.58 39.79 39.97 39.99 39.98 39.96 39.94 39.93 39.93 39.94 39.92 39.93 39.92 39.95 39.94 39.98 40 40 39.99 40.01 40.01 40.01 39.99 39.99 39.97 39.96 40.01 39.97 39.95 39.95 39.99 39.98 39.96 39.86 39.86 39.87 39.9 39.8
40.18 40.21 40.22 40.23 40.2 40.16 40.16 40.13 40.09 40.08 40.07 40.07 40.07 40.06 40.05 40.08 40.14 40.15 40.19 40.18 40.18 40.18 40.14 40.11 40.11 40.13 40.22 40.21 40.18 40.2 40.23 40.07 39.72 39.47 39.28 39.3 39.25 39.25 39.26 39.29 39.36 39.64 39.9 39.97 39.97 39.97 39.96 39.95 39.96 39.95 39.94 39.93 39.94 39.96 39.96 39.98 39.99 39.99 39.97 40.01 40.01 39.99 40 39.99 39.99 39.98 39.99 39.98 39.93 39.95 39.98 39.98 39.93 39.89 39.88 39.88 39.89 39.84
40.19 40.15 40.15 40.19 40.17 40.17 40.15 40.11 40.08 40.08 40.07 40.06 40.06 40.04 40.02 40.05 40.12 40.13 40.16 40.17 40.17 40.17 40.16 40.11 40.08 40.11 40.19 40.17 40.15 40.19 40.18 40.02 39.86 39.64 39.31 39.28 39.24 39.2 39.26 39.32 39.31 39.51 39.82 39.96 39.97 39.98 39.97 39.97 39.98 39.96 39.95 39.95 39.96 39.97 39.98 39.99 39.99 39.97 39.98 39.98 39.99 39.97 39.97 39.96 39.98 40.02 39.97 39.97 39.92 39.92 39.95 39.96 39.94 39.93 39.89 39.88 39.85 39.83
40.22 40.12 40.1 40.14 40.13 40.2 40.14 40.09 40.08 40.09 40.08 40.07 40.05 40.03 40 40.04 40.09 40.11 40.13 40.16 40.18 40.17 40.17 40.1 40.05 40.08 40.13 40.18 40.18 40.14 40.07 39.93 39.86 39.69 39.38 39.28 39.22 39.18 39.29 39.36 39.32 39.41 39.65 39.94 39.95 39.98 39.96 39.98 39.99 39.96 39.95 39.96 39.96 39.97 39.96 39.98 39.98 39.97 39.97 39.96 39.95 39.99 39.97 39.97 39.98 39.99 39.96 39.95 39.93 39.9 39.95 39.92 39.9 39.93 39.94 39.9 39.87 39.85
40.26 40.15 40.11 40.11 40.13 40.22 40.17 40.1 40.09 40.09 40.07 40.06 40.06 40.05 40.01 39.99 40.02 40.06 40.11 40.15 40.14 40.14 40.17 40.14 40.09 40.09 40.09 40.19 40.17 40.08 39.96 39.84 39.79 39.64 39.44 39.31 39.24 39.2 39.3 39.39 39.35 39.34 39.43 39.75 39.84 39.96 39.97 39.97 39.98 39.96 39.97 39.95 39.95 39.95 39.94 39.94 39.95 39.98 39.97 39.96 39.95 40.01 39.96 39.95 39.95 39.98 39.98 39.97 39.92 39.88 39.92 39.91 39.91 39.94 39.92 39.91 39.89 39.83
40.27 40.18 40.14 40.1 40.16 40.18 40.18 40.12 40.09 40.08 40.06 40.04 40.05 40.05 40 40 40.02 40.04 40.09 40.16 40.15 40.14 40.15 40.13 40.11 40.09 40.06 40.13 40.12 40.02 39.9 39.82 39.78 39.67 39.55 39.44 39.39 39.3 39.26 39.35 39.34 39.3 39.26 39.51 39.68 39.92 39.97 39.97 39.97 39.96 39.95 39.94 39.93 39.93 39.94 39.94 39.95 39.96 40.02 40 39.99 40 39.99 39.98 39.96 39.98 39.98 39.97 39.93 39.9 39.9 39.89 39.9 39.93 39.92 39.92 39.91 39.81
40.28 40.19 40.14 40.07 40.17 40.18 40.15 40.15 40.12 40.1 40.08 40.06 40.05 40.03 39.99 39.98 39.97 40.02 40.08 40.14 40.13 40.12 40.13 40.13 40.12 40.09 40.06 40.1 40.08 39.98 39.92 39.88 39.85 39.76 39.67 39.57 39.53 39.4 39.26 39.3 39.31 39.28 39.22 39.42 39.58 39.84 39.97 39.98 39.97 39.95 39.93 39.92 39.91 39.91 39.95 39.95 39.96 39.96 39.98 39.98 39.99 39.98 40.03 40 39.96 39.96 39.96 39.96 39.93 39.9 39.88 39.87 39.92 39.91 39.92 39.91 39.9 39.79
40.25 40.23 40.14 40.04 40.1 40.09 40.1 40.12 40.1 40.09 40.07 40.06 40.04 40.03 39.99 39.98 39.96 40 40.05 40.11 40.11 40.1 40.12 40.12 40.12 40.1 40.07 40.05 40.04 39.97 39.96 39.96 39.93 39.84 39.72 39.62 39.57 39.44 39.36 39.33 39.33 39.28 39.2 39.35 39.52 39.78 39.99 39.99 39.99 39.95 39.93 39.91 39.91 39.91 39.93 39.93 39.92 39.93 39.94 39.96 39.97 39.98 39.97 39.98 39.97 39.96 39.95 39.95 39.95 39.92 39.9 39.85 39.89 39.92 39.91 39.88 39.87 39.81
40.24 40.23 40.2 40.04 40.03 40.04 40.07 40.05 40.03 40.04 40.07 40.05 40.03 40.02 39.99 39.97 39.96 39.98 40 40.05 40.06 40.08 40.12 40.12 40.11 40.1 40.07 40.01 40 39.97 39.98 39.99 39.97 39.89 39.75 39.66 39.6 39.51 39.48 39.43 39.36 39.27 39.18 39.26 39.49 39.74 39.98 39.99 39.99 39.96 39.97 39.94 39.93 39.89 39.94 39.92 39.92 39.93 39.94 39.95 39.97 39.99 39.95 39.98 39.96 39.97 39.97 39.95 39.96 39.94 39.93 39.87 39.86 39.91 39.9 39.86 39.86 39.83
40.26 40.26 40.23 40.08 40.02 40.03 40.04 40 39.98 40.01 40.06 40.04 40.01 40.01 40 39.99 39.97 39.96 39.96 39.99 40 40.05 40.1 40.13 40.12 40.1 40.08 40.01 40.01 39.99 39.99 39.99 39.99 39.92 39.78 39.71 39.67 39.63 39.59 39.5 39.35 39.22 39.17 39.24 39.44 39.7 39.86 39.92 39.98 39.97 39.94 39.95 39.93 39.92 39.93 39.93 39.93 39.91 39.91 39.93 39.95 39.96 39.96 39.98 39.97 39.95 39.95 39.94 39.94 39.92 39.93 39.88 39.86 39.89 39.91 39.87 39.86 39.84
40.31 40.32 40.28 40.1 40.02 40.02 40.02 40.02 40 40.02 40.06 40.04 40.01 40 40 40 39.98 39.95 39.94 39.96 39.97 40.03 40.08 40.12 40.12 40.09 40.08 40.04 40.02 40 39.98 39.96 39.96 39.93 39.83 39.8 39.79 39.75 39.63 39.54 39.3 39.16 39.15 39.2 39.37 39.58 39.75 39.83 39.96 39.97 39.93 39.94 39.92 39.92 39.9 39.92 39.92 39.9 39.88 39.91 39.92 39.92 39.94 39.96 39.97 39.94 39.94 39.92 39.93 39.92 39.92 39.86 39.85 39.89 39.89 39.85 39.84 39.85
40.28 40.3 40.27 40.12 40.02 40.01 39.99 40.04 40.06 40.06 40.05 40.05 40.04 40.02 39.99 39.99 39.98 39.94 39.94 39.96 39.97 40 40.08 40.08 40.08 40.08 40.07 40.07 40.05 40.02 39.98 39.96 39.92 39.93 39.93 39.92 39.9 39.78 39.58 39.49 39.24 39.1 39.11 39.15 39.27 39.47 39.68 39.76 39.92 39.95 39.91 39.92 39.94 39.91 39.9 39.9 39.91 39.91 39.9 39.91 39.9 39.89 39.92 39.95 39.94 39.95 39.94 39.92 39.92 39.92 39.91 39.85 39.85 39.9 39.86 39.85 39.82 39.82
40.22 40.22 40.23 40.18 40.08 40.04 39.97 40.05 40.08 40.09 40.09 40.08 40.07 40.04 39.99 39.98 39.97 39.94 39.94 39.94 39.94 39.99 40.02 40.05 40.06 40.07 40.08 40.07 40.05 40.01 40 39.97 39.95 39.96 39.96 39.98 39.97 39.79 39.58 39.49 39.24 39.09 39.12 39.15 39.23 39.43 39.6 39.68 39.83 39.92 39.89 39.9 39.93 39.91 39.9 39.89 39.9 39.92 39.92 39.93 39.9 39.87 39.92 39.94 39.94 39.92 39.92 39.92 39.91 39.9 39.87 39.86 39.83 39.86 39.83 39.83 39.81 39.78
40.24 40.21 40.23 40.22 40.15 40.09 40 40.07 40.09 40.15 40.16 40.12 40.1 40.05 39.99 39.97 39.97 39.95 39.95 39.92 39.94 39.98 39.99 40.03 40.04 40.06 40.06 40.07 40.06 40 40.01 40 39.96 39.96 40.01 40.01 40 39.89 39.74 39.65 39.45 39.3 39.33 39.32 39.29 39.35 39.45 39.52 39.68 39.83 39.86 39.9 39.89 39.89 39.89 39.91 39.87 39.91 39.9 39.92 39.89 39.88 39.9 39.9 39.89 39.87 39.88 39.9 39.9 39.88 39.87 39.84 39.8 39.82 39.81 39.82 39.79 39.79
40.26 40.23 40.21 40.19 40.18 40.1 40.02 40.09 40.14 40.23 40.22 40.17 40.16 40.08 39.99 39.98 39.98 39.94 39.94 39.93 39.94 39.97 39.99 40.02 40.05 40.07 40.07 40.07 40.05 40 40 39.99 39.95 39.93 39.99 40 40.01 40 39.91 39.85 39.74 39.61 39.58 39.52 39.39 39.28 39.32 39.37 39.51 39.69 39.79 39.89 39.88 39.87 39.88 39.91 39.87 39.88 39.88 39.9 39.88 39.9 39.87 39.87 39.88 39.89 39.88 39.88 39.87 39.88 39.88 39.84 39.87 39.86 39.81 39.81 39.78 39.8
