slabs/87.grd
DSAA
631 301
647040 647670
4947800 4948100
30.72 42.38
[rows 136 to 169 of 301, columns 312 to 389 of 631]
39.87 39.9 39.88 39.85 39.85 39.84 39.86 39.84 39.84 39.78 39.83 39.86 39.95 39.96 39.93 39.9 39.88 39.82 39.89 39.87 39.82 39.79 39.77 39.73 39.7 39.66 39.68 39.75 39.83 39.83 39.83 39.87 39.86 39.9 39.92 39.93 39.86 39.84 39.86 39.9 39.91 39.92 39.93 39.94 39.96 39.97 39.98 39.99 39.98 40.01 39.98 39.91 39.86 39.84 39.79 39.76 39.78 39.77 39.75 39.77 39.77 39.76 39.69 39.63 39.65 39.63 39.59 39.61 39.61 39.59 39.6 39.61 39.6 39.63 39.64 39.58 39.58 39.58
39.89 39.89 39.87 39.85 39.86 39.84 39.82 39.85 39.85 39.79 39.82 39.84 39.88 39.93 39.92 39.91 39.87 39.85 39.86 39.86 39.8 39.78 39.78 39.78 39.72 39.67 39.68 39.76 39.82 39.81 39.84 39.88 39.9 39.93 39.94 39.92 39.87 39.88 39.9 39.94 39.91 39.92 39.93 39.94 39.96 39.96 39.98 39.99 40.01 40.01 40.01 39.93 39.86 39.85 39.82 39.82 39.87 39.84 39.74 39.72 39.74 39.73 39.66 39.64 39.6 39.61 39.58 39.6 39.6 39.6 39.61 39.58 39.58 39.6 39.6 39.56 39.56 39.57
39.9 39.86 39.83 39.83 39.86 39.87 39.86 39.85 39.87 39.87 39.84 39.82 39.82 39.84 39.89 39.9 39.83 39.84 39.84 39.85 39.8 39.78 39.78 39.75 39.73 39.69 39.69 39.76 39.81 39.83 39.85 39.89 39.92 39.95 39.94 39.9 39.89 39.93 39.95 39.99 39.93 39.93 39.94 39.95 39.97 39.97 39.98 39.99 40.01 40.01 40.02 39.99 39.9 39.88 39.85 39.87 39.86 39.81 39.69 39.66 39.71 39.72 39.66 39.64 39.62 39.6 39.58 39.57 39.59 39.62 39.6 39.6 39.59 39.57 39.56 39.56 39.55 39.57
39.91 39.81 39.83 39.85 39.89 39.9 39.91 39.86 39.84 39.88 39.87 39.85 39.84 39.82 39.84 39.86 39.84 39.83 39.81 39.79 39.8 39.77 39.73 39.69 39.77 39.74 39.73 39.76 39.77 39.84 39.86 39.91 39.93 39.96 39.92 39.91 39.94 39.96 39.99 40.03 39.96 39.95 39.94 39.95 39.97 39.97 39.98 40 40.01 40.02 40.03 40.04 39.96 39.95 39.89 39.83 39.78 39.75 39.64 39.65 39.66 39.7 39.7 39.66 39.65 39.61 39.59 39.57 39.59 39.61 39.6 39.59 39.58 39.56 39.55 39.56 39.56 39.57
39.92 39.86 39.84 39.86 39.91 39.94 39.87 39.83 39.81 39.83 39.82 39.82 39.83 39.84 39.84 39.84 39.82 39.83 39.8 39.78 39.8 39.78 39.76 39.72 39.81 39.77 39.78 39.77 39.74 39.82 39.86 39.93 39.95 39.96 39.9 39.93 39.96 39.98 40.02 40.06 40 39.97 39.94 39.96 39.98 39.98 39.99 40.01 40.02 40.02 40.03 40.05 40.03 39.98 39.91 39.84 39.83 39.81 39.63 39.62 39.64 39.71 39.74 39.67 39.64 39.6 39.61 39.58 39.58 39.61 39.61 39.57 39.57 39.55 39.55 39.58 39.58 39.57
39.94 39.9 39.86 39.86 39.87 39.9 39.84 39.82 39.83 39.82 39.81 39.8 39.8 39.83 39.84 39.85 39.83 39.85 39.81 39.82 39.84 39.84 39.85 39.85 39.86 39.79 39.79 39.77 39.74 39.8 39.9 39.97 39.97 39.94 39.91 39.96 39.99 40.01 40.06 40.1 40.05 40.01 39.96 39.97 39.98 39.98 39.99 40.01 40.02 40.03 40.04 40.07 40.08 40 39.9 39.84 39.85 39.83 39.65 39.58 39.61 39.68 39.71 39.67 39.64 39.59 39.62 39.57 39.56 39.58 39.6 39.56 39.57 39.55 39.55 39.58 39.59 39.58
39.92 39.89 39.89 39.84 39.84 39.86 39.84 39.84 39.86 39.84 39.84 39.81 39.82 39.86 39.88 39.9 39.9 39.89 39.85 39.87 39.9 39.91 39.94 39.97 39.92 39.78 39.74 39.73 39.76 39.81 39.96 40.01 39.91 39.91 39.93 39.99 40.02 40.03 40.08 40.13 40.1 40.05 39.97 39.97 39.98 39.99 40 40.02 40.02 40.03 40.05 40.08 40.09 40.01 39.89 39.84 39.83 39.79 39.69 39.58 39.61 39.66 39.7 39.67 39.66 39.6 39.6 39.57 39.55 39.55 39.56 39.58 39.58 39.54 39.56 39.56 39.57 39.58
39.89 39.89 39.89 39.83 39.83 39.86 39.85 39.85 39.88 39.86 39.88 39.83 39.83 39.9 39.92 39.92 39.98 39.93 39.91 39.92 39.95 39.97 39.99 40.01 39.97 39.82 39.72 39.76 39.83 39.86 39.94 39.94 39.89 39.91 39.97 40.01 40.04 40.06 40.11 40.16 40.15 40.09 39.99 39.98 39.99 39.99 40 40.02 40.02 40.04 40.06 40.07 40.08 40.01 39.87 39.82 39.81 39.75 39.69 39.62 39.61 39.64 39.69 39.69 39.67 39.62 39.59 39.59 39.58 39.55 39.55 39.58 39.56 39.53 39.54 39.54 39.55 39.55
39.9 39.91 39.9 39.85 39.86 39.88 39.86 39.84 39.88 39.92 39.9 39.83 39.84 39.87 39.88 39.9 39.97 39.94 39.92 39.96 40 40.02 40.01 40.02 40.03 40 39.89 39.84 39.88 39.89 39.94 39.91 39.93 39.95 40 40.04 40.08 40.1 40.14 40.19 40.19 40.13 40.03 39.98 39.99 40 40.01 40.02 40.03 40.04 40.06 40.04 40.07 40.03 39.9 39.86 39.85 39.75 39.69 39.66 39.62 39.6 39.66 39.69 39.67 39.63 39.59 39.61 39.6 39.56 39.55 39.56 39.56 39.55 39.5 39.51 39.54 39.54
39.93 39.9 39.9 39.87 39.89 39.87 39.87 39.81 39.86 39.93 39.87 39.85 39.87 39.81 39.83 39.9 39.95 39.94 39.94 39.99 40.04 40.05 40.02 39.99 39.99 39.99 39.97 39.87 39.9 39.92 39.96 39.96 39.96 39.98 40.03 40.07 40.11 40.13 40.18 40.22 40.23 40.18 40.06 39.99 40 40 40.02 40.03 40.03 40.05 40.04 40.01 40.05 40.05 39.96 39.94 39.9 39.79 39.73 39.67 39.61 39.56 39.63 39.67 39.66 39.63 39.59 39.59 39.57 39.55 39.52 39.55 39.6 39.55 39.52 39.52 39.52 39.53
39.95 39.91 39.9 39.87 39.89 39.86 39.87 39.83 39.85 39.86 39.83 39.84 39.84 39.81 39.83 39.94 39.97 39.97 39.98 40.03 40.09 40.09 40.03 39.94 39.89 39.9 39.92 39.86 39.91 39.92 39.94 39.98 39.95 39.99 40.06 40.1 40.14 40.16 40.21 40.25 40.27 40.23 40.11 40.02 40.03 40.01 40.02 40.03 40.04 40.04 40 39.98 40.03 40.07 40.02 39.96 39.92 39.86 39.81 39.68 39.63 39.55 39.61 39.64 39.66 39.65 39.59 39.58 39.54 39.54 39.5 39.52 39.55 39.51 39.52 39.52 39.51 39.53
39.95 39.96 39.92 39.87 39.87 39.87 39.88 39.9 39.88 39.84 39.83 39.84 39.8 39.81 39.86 39.95 39.99 39.99 39.98 40.06 40.13 40.12 40.03 39.92 39.87 39.89 39.92 39.86 39.87 39.91 39.95 40 39.97 40 40.08 40.13 40.16 40.18 40.24 40.29 40.31 40.29 40.18 40.08 40.07 40.02 40.03 40.04 40.05 40.02 39.98 39.95 40.01 40.07 40 39.95 39.92 39.96 39.83 39.7 39.64 39.56 39.58 39.62 39.68 39.67 39.59 39.59 39.56 39.55 39.5 39.51 39.53 39.52 39.51 39.51 39.52 39.52
39.91 39.95 39.91 39.89 39.86 39.88 39.86 39.87 39.87 39.81 39.82 39.84 39.84 39.84 39.89 39.94 40 39.97 39.92 40.01 40.1 40.07 40 39.95 39.9 39.9 39.94 39.88 39.83 39.88 39.93 40 40 40 40.09 40.16 40.19 40.23 40.28 40.34 40.35 40.34 40.25 40.15 40.11 40.03 40.04 40.05 40.04 40 39.96 39.94 39.96 40 39.95 39.92 39.93 39.96 39.79 39.73 39.65 39.57 39.55 39.58 39.65 39.67 39.62 39.6 39.56 39.6 39.52 39.51 39.51 39.51 39.5 39.5 39.5 39.51
39.94 39.95 39.92 39.91 39.9 39.85 39.86 39.88 39.84 39.84 39.86 39.89 39.9 39.9 39.9 39.94 40 39.96 39.93 40.01 40.03 40 39.97 39.98 39.93 39.92 39.94 39.89 39.84 39.84 39.86 39.95 39.98 40 40.09 40.16 40.2 40.27 40.32 40.37 40.38 40.39 40.29 40.21 40.15 40.05 40.04 40.04 40.02 40.01 39.98 39.9 39.87 39.89 39.9 39.92 39.94 39.91 39.84 39.79 39.7 39.59 39.5 39.54 39.63 39.66 39.65 39.63 39.58 39.65 39.55 39.52 39.51 39.51 39.52 39.52 39.48 39.48
39.9 39.96 39.96 39.93 39.88 39.82 39.82 39.9 39.87 39.86 39.87 39.88 39.89 39.89 39.91 39.92 39.99 39.99 39.94 40.03 40.02 39.99 39.95 39.98 39.94 39.94 39.94 39.91 39.87 39.82 39.79 39.88 39.92 40.01 40.1 40.13 40.17 40.26 40.34 40.4 40.42 40.43 40.34 40.25 40.2 40.08 40.06 40.07 40.06 40.11 40.07 39.81 39.78 39.8 39.88 39.92 39.97 39.9 39.87 39.82 39.72 39.62 39.54 39.56 39.62 39.65 39.66 39.63 39.56 39.61 39.53 39.51 39.5 39.49 39.51 39.5 39.46 39.47
39.94 39.95 39.96 39.94 39.92 39.89 39.86 39.9 39.9 39.89 39.86 39.9 39.92 39.89 39.9 39.92 39.98 39.98 39.97 40 40 39.97 39.93 39.97 39.96 39.96 39.93 39.9 39.87 39.83 39.76 39.83 39.87 39.98 40.06 40.11 40.12 40.2 40.32 40.4 40.42 40.47 40.39 40.3 40.24 40.12 40.09 40.16 40.19 40.13 39.99 39.89 39.78 39.78 39.85 39.88 39.91 39.88 39.85 39.81 39.72 39.64 39.57 39.56 39.6 39.66 39.68 39.63 39.55 39.54 39.53 39.51 39.48 39.47 39.47 39.48 39.46 39.48
39.91 39.92 39.97 39.93 39.97 39.94 39.89 39.9 39.91 39.89 39.87 39.91 39.94 39.89 39.88 39.91 39.97 39.97 40.02 39.96 39.95 39.97 39.92 39.96 39.97 39.95 39.93 39.86 39.85 39.83 39.8 39.82 39.83 39.91 39.95 40.02 40.04 40.14 40.26 40.33 40.38 40.47 40.42 40.31 40.23 40.1 40.02 40.01 40.03 39.91 39.84 39.84 39.82 39.82 39.84 39.85 39.83 39.81 39.82 39.79 39.73 39.69 39.59 39.57 39.58 39.65 39.7 39.65 39.56 39.53 39.54 39.52 39.47 39.45 39.45 39.47 39.48 39.46
39.87 39.89 39.96 39.94 39.96 39.95 39.87 39.89 39.9 39.91 39.9 39.9 39.91 39.87 39.87 39.87 39.95 39.97 40.02 39.95 39.94 40 40 39.98 39.97 39.96 39.96 39.88 39.86 39.86 39.87 39.84 39.83 39.89 39.92 40 40 40.06 40.18 40.25 40.3 40.38 40.37 40.25 40.15 40.07 39.95 39.94 39.89 39.77 39.74 39.75 39.77 39.82 39.8 39.81 39.77 39.74 39.76 39.74 39.73 39.72 39.6 39.58 39.55 39.61 39.69 39.65 39.57 39.54 39.53 39.52 39.5 39.44 39.45 39.47 39.49 39.46
39.86 39.89 39.95 39.95 39.96 39.97 39.89 39.91 39.92 39.93 39.9 39.85 39.85 39.85 39.86 39.88 39.89 39.91 39.93 39.94 39.95 40.03 40.12 40.04 40.03 40.04 40.04 39.92 39.9 39.88 39.86 39.87 39.87 39.87 39.91 39.99 39.98 40 40.09 40.14 40.19 40.26 40.26 40.19 40.06 40 39.92 39.92 39.84 39.76 39.71 39.71 39.7 39.76 39.72 39.72 39.72 39.71 39.71 39.71 39.71 39.7 39.62 39.58 39.52 39.57 39.63 39.62 39.58 39.53 39.51 39.53 39.52 39.42 39.43 39.46 39.51 39.47
39.88 39.89 39.94 39.97 40 39.99 39.94 39.93 39.94 39.95 39.89 39.85 39.84 39.84 39.87 39.9 39.84 39.85 39.89 39.93 39.95 40.02 40.1 40.09 40.08 40.09 40.07 39.89 39.91 39.94 39.86 39.89 39.9 39.89 39.89 39.92 39.9 39.91 39.97 40 40.07 40.14 40.13 40.07 39.97 39.92 39.85 39.87 39.82 39.78 39.69 39.68 39.63 39.66 39.62 39.63 39.68 39.68 39.67 39.69 39.68 39.7 39.65 39.59 39.52 39.53 39.55 39.58 39.55 39.52 39.49 39.46 39.46 39.44 39.45 39.47 39.5 39.45
39.89 39.9 39.92 40 40.04 39.99 39.97 39.98 39.96 39.94 39.92 39.93 39.9 39.87 39.85 39.89 39.89 39.89 39.91 39.94 39.96 40.02 40.08 39.95 39.99 40.06 40.02 39.95 39.96 39.97 39.87 39.91 39.93 39.91 39.88 39.85 39.85 39.86 39.88 39.9 39.95 40.01 39.99 39.94 39.86 39.82 39.78 39.79 39.75 39.75 39.68 39.69 39.64 39.6 39.57 39.57 39.65 39.67 39.66 39.65 39.65 39.69 39.67 39.62 39.52 39.52 39.53 39.57 39.58 39.53 39.51 39.46 39.46 39.46 39.45 39.44 39.43 39.43
39.89 39.9 39.91 39.99 40.04 40.01 39.97 39.97 39.94 39.91 39.88 39.95 39.95 39.92 39.86 39.85 39.89 39.92 39.92 39.94 39.94 40.01 40.02 39.98 40.01 40.04 40.03 39.93 39.94 39.97 39.92 39.95 39.94 39.9 39.91 39.87 39.84 39.84 39.84 39.83 39.86 39.87 39.83 39.81 39.77 39.75 39.73 39.73 39.69 39.7 39.73 39.76 39.75 39.66 39.6 39.6 39.66 39.67 39.66 39.62 39.6 39.65 39.64 39.65 39.58 39.5 39.51 39.55 39.61 39.54 39.51 39.45 39.44 39.45 39.45 39.43 39.41 39.41
39.91 39.9 39.9 39.99 40.03 40 39.96 39.93 39.92 39.9 39.89 39.86 39.91 39.93 39.89 39.89 39.9 39.91 39.9 39.9 39.91 39.98 40.02 40.06 40.06 40.01 40.01 39.9 39.93 39.96 39.96 39.96 39.92 39.87 39.91 39.88 39.83 39.83 39.84 39.81 39.81 39.77 39.72 39.73 39.74 39.76 39.72 39.71 39.71 39.77 39.81 39.85 39.89 39.8 39.74 39.69 39.67 39.67 39.65 39.64 39.64 39.62 39.62 39.64 39.61 39.5 39.51 39.52 39.62 39.57 39.53 39.45 39.43 39.5 39.48 39.43 39.41 39.41
39.92 39.88 39.86 39.96 40.01 40.03 40.01 39.95 39.95 39.94 39.91 39.92 39.93 39.95 39.94 39.88 39.9 39.92 39.91 39.94 39.94 39.99 40.01 40.07 40.07 40.03 39.96 39.88 39.9 39.92 39.93 39.91 39.87 39.86 39.88 39.87 39.84 39.85 39.85 39.82 39.79 39.75 39.73 39.75 39.78 39.79 39.78 39.76 39.77 39.9 39.94 39.97 40.03 39.92 39.87 39.73 39.66 39.67 39.67 39.69 39.69 39.61 39.6 39.59 39.59 39.49 39.49 39.51 39.56 39.57 39.53 39.47 39.45 39.55 39.51 39.43 39.42 39.41
39.9 39.87 39.86 39.92 39.97 40.05 40.03 39.97 39.94 39.95 39.95 39.94 39.95 39.94 39.95 39.87 39.88 39.89 39.9 39.92 39.94 39.99 39.97 40.06 40.06 40.07 39.97 39.92 39.91 39.91 39.88 39.87 39.84 39.83 39.86 39.87 39.87 39.87 39.86 39.83 39.78 39.75 39.79 39.81 39.87 39.83 39.84 39.84 39.83 39.91 39.94 40.03 40.05 39.95 39.91 39.79 39.72 39.73 39.74 39.71 39.67 39.57 39.58 39.57 39.56 39.51 39.5 39.51 39.53 39.55 39.55 39.48 39.44 39.51 39.47 39.42 39.43 39.4
39.91 39.9 39.92 39.92 39.94 40.03 40.04 40 39.97 39.98 39.93 39.9 39.95 39.98 39.93 39.88 39.87 39.85 39.86 39.88 39.9 39.93 39.92 40 40.04 40.06 39.95 39.95 39.96 39.97 39.9 39.87 39.82 39.8 39.82 39.86 39.89 39.88 39.85 39.82 39.79 39.76 39.84 39.85 39.91 39.89 39.86 39.86 39.88 39.99 40 40.05 40.09 40.02 39.96 39.83 39.81 39.83 39.81 39.77 39.72 39.61 39.6 39.58 39.53 39.53 39.51 39.49 39.48 39.51 39.56 39.51 39.44 39.45 39.43 39.44 39.42 39.4
39.93 39.91 39.9 39.9 39.93 40 40.05 39.99 39.99 39.97 39.92 39.91 39.98 40.01 39.91 39.9 39.88 39.85 39.87 39.88 39.88 39.89 39.91 39.94 40.01 40.02 39.91 39.91 39.95 40.01 39.92 39.89 39.85 39.82 39.82 39.84 39.9 39.84 39.77 39.77 39.76 39.78 39.84 39.88 39.89 39.83 39.83 39.85 39.89 39.99 40.01 40.07 40.09 40.02 39.99 39.9 39.93 39.91 39.87 39.85 39.84 39.69 39.65 39.6 39.56 39.55 39.5 39.47 39.45 39.47 39.55 39.54 39.46 39.45 39.45 39.45 39.44 39.41
39.9 39.9 39.87 39.88 39.91 39.99 40.05 40.01 40.01 39.95 39.91 39.92 39.96 39.97 39.9 39.9 39.88 39.88 39.89 39.88 39.86 39.9 39.93 39.94 39.99 40.01 39.97 39.97 39.98 40.07 39.98 39.93 39.87 39.85 39.84 39.85 39.9 39.78 39.73 39.75 39.79 39.83 39.84 39.86 39.87 39.81 39.82 39.88 39.89 39.91 39.94 39.99 39.99 39.91 39.94 39.94 39.98 39.96 39.93 39.91 39.9 39.79 39.73 39.65 39.61 39.59 39.53 39.46 39.45 39.46 39.52 39.52 39.48 39.46 39.44 39.46 39.48 39.43
39.92 39.93 39.87 39.88 39.9 39.98 40.04 40.03 40.02 39.95 39.92 39.91 39.91 39.89 39.9 39.9 39.91 39.9 39.87 39.85 39.81 39.86 39.9 39.94 39.99 40.05 40.04 40.05 40.07 40.17 40.08 40 39.88 39.86 39.87 39.9 39.91 39.79 39.78 39.83 39.86 39.85 39.85 39.89 39.92 39.84 39.85 39.91 39.87 39.88 39.89 39.9 39.91 39.88 39.96 39.99 40.01 39.99 39.98 39.96 39.88 39.85 39.77 39.74 39.65 39.66 39.58 39.47 39.43 39.43 39.48 39.51 39.5 39.48 39.44 39.46 39.46 39.43
39.93 39.93 39.89 39.85 39.86 39.93 40.04 40.05 40.02 39.98 39.95 39.9 39.9 39.87 39.92 39.92 39.93 39.89 39.88 39.86 39.81 39.8 39.91 39.96 40.04 40.06 40.07 40.08 40.06 40.11 40.1 40.05 39.99 39.92 39.93 39.95 39.93 39.86 39.88 39.92 39.87 39.85 39.86 39.94 39.93 39.88 39.89 39.9 39.88 39.85 39.85 39.85 39.87 39.95 40.01 40.03 40.02 39.99 39.99 39.95 39.85 39.83 39.77 39.84 39.75 39.74 39.64 39.5 39.44 39.43 39.45 39.53 39.5 39.49 39.45 39.41 39.42 39.42
39.93 39.91 39.88 39.84 39.83 39.88 40.01 40.05 40.03 39.96 39.94 39.92 39.9 39.87 39.94 39.93 39.91 39.87 39.84 39.84 39.79 39.82 39.95 39.97 39.98 40 40.01 40.04 40.06 39.99 40.08 40.09 40.06 39.98 39.98 39.99 40.01 39.99 40 39.94 39.84 39.88 39.89 39.98 39.92 39.88 39.9 39.89 39.86 39.81 39.81 39.84 39.87 39.96 39.98 40 39.97 39.96 39.96 39.9 39.77 39.77 39.8 39.89 39.82 39.8 39.72 39.55 39.42 39.42 39.42 39.51 39.5 39.48 39.44 39.42 39.43 39.44
39.95 39.92 39.86 39.88 39.86 39.89 39.98 40.03 40.03 39.93 39.92 39.92 39.91 39.86 39.93 39.91 39.9 39.86 39.82 39.83 39.84 39.86 39.86 39.92 39.98 39.97 39.96 40.02 40.09 39.96 40.05 40.11 40.07 40.01 39.99 39.99 40.05 40.04 40.02 39.95 39.89 39.92 39.94 40.02 39.91 39.86 39.89 39.87 39.84 39.78 39.79 39.86 39.87 39.91 39.92 39.96 39.93 39.92 39.95 39.88 39.67 39.69 39.81 39.9 39.83 39.81 39.78 39.64 39.45 39.43 39.42 39.46 39.49 39.48 39.44 39.42 39.44 39.43
39.95 39.9 39.89 39.91 39.92 39.91 39.95 39.99 40.05 39.98 39.96 39.94 39.91 39.85 39.88 39.86 39.87 39.86 39.81 39.82 39.83 39.89 39.9 39.91 39.93 39.96 39.98 40.05 40.09 39.98 40.01 40.07 40.01 39.99 39.94 39.93 39.99 39.97 39.93 39.95 39.99 39.98 40 40.06 39.9 39.85 39.86 39.84 39.82 39.76 39.77 39.86 39.87 39.88 39.91 39.92 39.87 39.89 39.96 39.84 39.7 39.72 39.81 39.87 39.8 39.76 39.74 39.7 39.52 39.46 39.4 39.45 39.5 39.51 39.45 39.41 39.42 39.42
39.96 39.88 39.93 39.94 39.93 39.88 39.94 39.95 40.01 39.96 39.94 39.95 39.9 39.87 39.87 39.85 39.84 39.88 39.85 39.86 39.86 39.93 39.95 39.9 39.87 39.92 39.96 40.03 40.02 39.97 39.97 39.99 39.96 39.94 39.89 39.86 39.85 39.83 39.81 39.9 40.01 40.02 40.02 40.03 39.88 39.82 39.82 39.83 39.77 39.78 39.8 39.87 39.89 39.86 39.81 39.82 39.9 39.93 39.97 39.89 39.82 39.82 39.83 39.87 39.8 39.73 39.72 39.72 39.56 39.48 39.4 39.43 39.47 39.5 39.48 39.42 39.4 39.4
