slabs/87.grd
DSAA
631 301
647040 647670
4947800 4948100
30.72 42.38
[rows 102 to 135 of 301, columns 78 to 155 of 631]
42.17 41.99 41.41 41.17 40.68 40.41 40.27 40.27 40.21 40.19 40.18 40.19 40.17 40.18 40.18 40.18 40.18 40.14 40.17 40.16 40.11 40.06 40.06 40.06 40.09 40.08 40.08 40.08 40.09 40.07 40.07 40.07 40.06 40.04 40.04 40.03 40.04 40.03 40.02 40.02 40.03 40.03 40.04 40.03 40.03 40.03 40.04 40.02 40.05 40.03 40.02 40 40 40.01 39.99 39.96 39.99 39.98 39.99 39.97 39.92 39.93 39.96 39.94 39.91 39.91 39.91 39.93 39.92 39.93 39.93 39.93 39.94 39.99 40.06 40.09 40.11 40.15
42.19 42.05 41.65 41.35 40.77 40.43 40.31 40.29 40.23 40.17 40.16 40.17 40.17 40.17 40.17 40.16 40.17 40.13 40.15 40.16 40.14 40.09 40.08 40.04 40.06 40.04 40.05 40.08 40.1 40.08 40.07 40.06 40.07 40.02 40.03 40.02 40.02 40.02 40.02 40.01 40.02 40.01 40.02 40.04 40.03 40.03 40.03 40.02 40.03 40.02 40.01 40 40.02 40.03 40.01 39.95 39.98 40 40 39.98 39.94 39.95 39.96 39.96 39.93 39.93 39.91 39.92 39.91 39.91 39.9 39.92 39.95 40.02 40.11 40.12 40.09 40.07
42.2 42.13 41.79 41.48 40.88 40.49 40.34 40.28 40.23 40.16 40.17 40.16 40.17 40.17 40.17 40.15 40.17 40.15 40.15 40.16 40.18 40.1 40.07 40.02 40.04 40.06 40.05 40.06 40.11 40.07 40.06 40.04 40.06 40.04 40.03 40.02 40.02 40 40 39.99 39.97 39.98 40.02 40.02 40.02 40.02 40.02 40.01 40.02 40.01 40.02 40.01 40.03 40.03 40.02 39.98 39.98 40.01 40.01 40 39.98 39.97 39.95 39.95 39.94 39.92 39.92 39.93 39.93 39.93 39.98 40.05 40.05 40.04 40.09 40.09 40.05 39.99
42.21 42.19 41.86 41.59 41.02 40.6 40.4 40.29 40.22 40.16 40.16 40.14 40.14 40.15 40.15 40.15 40.16 40.16 40.15 40.14 40.19 40.12 40.1 40.04 40.03 40.04 40.04 40.04 40.09 40.08 40.06 40.02 40.06 40.06 40.05 40.01 40.01 40 40 39.97 39.96 39.97 40.01 40 40 40.01 40.01 40.03 40.02 40.02 40.02 40.02 40.02 40.02 40.03 40.03 40.03 40.03 40.02 40 40 39.97 39.93 39.93 39.9 39.9 39.93 39.95 39.98 40.01 40.07 40.07 40.06 40.03 40.05 40.04 40 39.97
42.22 42.2 41.97 41.72 41.17 40.7 40.39 40.28 40.22 40.15 40.16 40.13 40.15 40.13 40.13 40.16 40.16 40.16 40.15 40.15 40.17 40.14 40.12 40.06 40.04 40.06 40.06 40.05 40.06 40.07 40.06 40.04 40.05 40.05 40.04 40 39.99 39.99 39.98 39.96 39.97 39.98 39.99 39.99 39.98 40 40.02 40.05 40.03 40.02 40.02 40.03 40.04 40.04 40.02 40.05 40.04 40.05 40.05 40.02 40.02 40 39.94 39.93 39.9 39.93 40.02 40.07 40.07 40.07 40.08 40.06 40.05 40.02 40.03 40.01 39.98 39.96
42.2 42.17 42 41.78 41.21 40.68 40.39 40.32 40.2 40.19 40.17 40.14 40.15 40.15 40.13 40.15 40.17 40.16 40.16 40.13 40.15 40.15 40.12 40.06 40.02 40.06 40.07 40.06 40.05 40.06 40.07 40.06 40.05 40.04 40.03 40 39.98 39.98 39.96 39.94 39.95 39.96 39.97 39.99 39.99 39.99 40 40.02 40.04 40.02 40.03 40.06 40.09 40.07 40.03 40.03 40.03 40.04 40.06 40.01 40.02 40.02 39.96 39.97 39.97 40 40.05 40.08 40.1 40.05 40.02 40.03 40.01 40 40.01 40 39.98 39.95
42.2 42.17 42.03 41.81 41.36 40.9 40.56 40.37 40.19 40.2 40.18 40.16 40.16 40.15 40.14 40.14 40.16 40.15 40.15 40.12 40.15 40.15 40.13 40.08 40.01 40.05 40.05 40.06 40.04 40.05 40.06 40.06 40.05 40.05 40.03 40 39.98 39.98 39.95 39.93 39.94 39.94 39.95 40 40.01 40 40.01 40.03 40.04 40.02 40.03 40.08 40.1 40.08 40.04 40.04 40.04 40.04 40.02 39.99 40 40.03 40.03 40.04 40.03 40.09 40.12 40.06 40.08 40.06 39.97 39.99 39.98 39.98 40 39.99 39.98 39.98
42.21 42.17 42.1 41.94 41.48 40.96 40.76 40.41 40.18 40.22 40.2 40.14 40.16 40.12 40.12 40.13 40.15 40.14 40.14 40.12 40.15 40.15 40.14 40.13 40.06 40.04 40.03 40.03 40.05 40.04 40.04 40.04 40.04 40.03 40.01 40 39.96 39.96 39.96 39.95 39.94 39.93 39.95 39.96 40.01 40 40.02 40.01 40.04 40.05 40.07 40.09 40.11 40.11 40.09 40.04 40.04 40.02 40.02 40 40.02 40.06 40.09 40.1 40.06 40.08 40.11 40.06 40.06 40.04 39.97 39.98 39.98 39.97 40.01 40 39.99 39.99
42.18 42.17 42.16 42.02 41.55 40.98 40.83 40.46 40.22 40.21 40.19 40.13 40.15 40.11 40.11 40.11 40.14 40.11 40.12 40.12 40.13 40.15 40.14 40.17 40.12 40.07 40.02 40 40.03 40.03 40.03 40.03 40.03 40.02 40 40 39.95 39.95 39.94 39.97 39.96 39.96 39.94 39.94 40.01 40.01 40.02 40.01 40.02 40.04 40.06 40.09 40.1 40.12 40.1 40.11 40.1 40.05 40.07 40.02 40.03 40.08 40.1 40.08 40.02 40 40.05 40.03 40.01 39.99 39.99 39.98 39.99 39.97 40.01 40 39.99 39.99
42.13 42.16 42.17 42.07 41.61 41.09 40.93 40.55 40.26 40.19 40.16 40.14 40.15 40.13 40.13 40.12 40.11 40.08 40.1 40.11 40.13 40.13 40.15 40.17 40.14 40.11 40.01 39.98 39.99 40 40.01 40.05 40.05 40.03 40 40 39.97 39.96 39.96 39.98 39.95 39.97 39.96 39.97 40.01 40.01 40.04 40.01 40.02 40.03 40.06 40.08 40.09 40.13 40.12 40.16 40.17 40.1 40.07 40.04 40.02 40.05 40.03 40 39.95 39.95 40 39.98 39.98 39.97 39.98 39.98 39.98 39.97 39.99 39.99 39.98 39.98
42.1 42.16 42.17 42.11 41.75 41.31 41.1 40.65 40.26 40.15 40.15 40.17 40.15 40.14 40.12 40.11 40.1 40.09 40.1 40.11 40.12 40.12 40.13 40.16 40.12 40.1 40 39.96 39.98 39.98 39.99 40.03 40.03 40.02 39.99 40 39.97 39.98 39.97 39.99 40 39.98 39.96 39.97 39.98 40.02 40.04 40.04 40.03 40.04 40.08 40.12 40.11 40.13 40.14 40.14 40.15 40.08 40.05 40.02 40 40 39.96 39.95 39.94 39.97 39.99 39.99 40 39.97 39.95 39.96 39.98 39.98 39.97 39.97 40 39.98
42.09 42.17 42.17 42.14 41.94 41.53 41.27 40.75 40.28 40.15 40.17 40.18 40.12 40.12 40.1 40.09 40.11 40.11 40.11 40.1 40.11 40.1 40.1 40.1 40.1 40.08 40 39.95 39.96 39.96 39.98 40 40.01 40.01 40 40 39.97 39.97 39.98 39.98 40 39.99 39.95 39.98 39.99 40.03 40.06 40.07 40.06 40.09 40.12 40.18 40.17 40.15 40.15 40.09 40.06 40.01 40.01 39.96 39.99 39.98 39.96 39.95 39.94 39.95 39.97 39.98 40 39.97 39.97 39.96 39.96 39.97 39.95 39.97 39.96 40
42.09 42.16 42.16 42.17 42.1 41.68 41.43 40.83 40.33 40.2 40.17 40.16 40.1 40.11 40.1 40.09 40.07 40.08 40.1 40.09 40.09 40.09 40.11 40.08 40.08 40.07 40.02 39.96 39.96 39.97 39.98 39.98 40 40 39.99 40.02 40 39.98 40 39.99 39.99 40 39.96 39.98 40.01 40.04 40.08 40.11 40.1 40.12 40.12 40.2 40.2 40.15 40.09 40.03 39.99 39.96 39.97 39.96 39.98 39.97 39.96 39.95 39.94 39.94 39.95 39.95 39.96 39.95 39.96 39.96 39.96 39.96 39.95 39.95 39.97 39.98
42.11 42.14 42.16 42.19 42.16 41.82 41.57 40.97 40.44 40.26 40.17 40.15 40.11 40.1 40.08 40.06 40.04 40.05 40.08 40.07 40.09 40.09 40.08 40.06 40.04 40.04 40.02 39.95 39.98 39.98 39.99 39.98 40.01 39.99 39.98 40 39.98 39.99 40.02 39.98 39.99 40.01 40.03 40.04 40.06 40.06 40.09 40.16 40.11 40.09 40.08 40.1 40.12 40.08 39.98 39.96 39.95 39.95 39.97 39.98 40 39.98 39.99 39.98 39.94 39.93 39.91 39.93 39.95 39.95 39.99 39.97 39.93 39.94 39.95 39.93 39.95 39.99
42.12 42.15 42.17 42.17 42.16 41.88 41.62 41.02 40.56 40.44 40.18 40.14 40.11 40.09 40.08 40.05 40.03 40.04 40.05 40.07 40.07 40.06 40.04 40.05 40.05 40.04 40.01 39.96 39.97 39.95 39.97 39.97 39.98 39.98 39.97 39.97 39.96 39.98 40.02 40.01 40.02 40.05 40.08 40.08 40.09 40.07 40.09 40.13 40.09 40.07 40.02 39.99 39.99 40 39.94 39.95 39.97 39.97 39.98 39.99 40 39.98 39.97 39.96 39.93 39.9 39.91 39.93 39.96 39.97 40 39.98 39.94 39.93 39.94 39.93 39.95 39.97
42.12 42.15 42.18 42.17 42.17 41.93 41.65 41.09 40.64 40.5 40.19 40.15 40.11 40.08 40.07 40.06 40.04 40.04 40.03 40.04 40.04 40.04 40.01 40 40.02 39.99 39.96 39.94 39.94 39.93 39.96 39.96 39.97 39.98 39.99 39.97 39.98 40.02 40.05 40.08 40.09 40.08 40.06 40.07 40.09 40.07 40.06 40.05 40.03 40.02 39.96 39.97 39.97 39.99 39.97 39.97 39.98 39.99 39.99 39.99 39.99 39.96 39.95 39.95 39.91 39.87 39.89 39.91 39.94 39.95 39.96 39.97 39.98 39.95 39.95 39.94 39.96 39.98
42.07 42.1 42.16 42.22 42.21 42.15 41.85 41.22 40.72 40.6 40.27 40.15 40.08 40.07 40.05 40.03 40.02 40.01 39.98 40 39.98 39.98 39.97 39.95 39.95 39.92 39.9 39.9 39.9 39.91 39.97 39.99 40 40.02 40.03 40.01 40.03 40.09 40.11 40.1 40.11 40.08 40.06 40.11 40.12 40.12 40.06 40.02 40 39.96 39.97 39.97 39.98 40 40 40 40.01 40 39.99 39.99 39.99 39.96 39.96 39.96 39.91 39.89 39.88 39.91 39.92 39.93 39.93 39.96 39.97 39.96 39.95 39.96 39.97 39.97
41.94 42.01 42.17 42.23 42.21 42.18 41.93 41.33 40.86 40.7 40.33 40.16 40.1 40.08 40.02 39.98 40 39.99 39.95 39.93 39.89 39.91 39.91 39.89 39.88 39.87 39.88 39.92 39.92 39.93 40 40.05 40.06 40.08 40.1 40.08 40.08 40.08 40.1 40.11 40.11 40.1 40.07 40.13 40.12 40.09 40.07 40.04 39.99 39.98 39.98 39.99 39.99 40.01 40.03 40.03 40.01 39.99 39.97 39.98 39.98 39.98 39.96 39.97 39.94 39.91 39.89 39.91 39.92 39.94 39.94 39.95 39.96 39.99 39.98 39.98 39.98 39.96
41.8 41.93 42.14 42.21 42.22 42.18 41.99 41.46 41.01 40.82 40.42 40.17 40.1 40.08 40.02 39.96 39.97 39.95 39.93 39.89 39.85 39.87 39.91 39.89 39.89 39.9 39.94 40.01 40.02 40.04 40.1 40.14 40.12 40.11 40.14 40.12 40.1 40.08 40.12 40.19 40.15 40.11 40.1 40.12 40.09 40.07 40.06 40.04 40.01 40.01 40.02 40.02 40 40.01 40.05 40.02 40 39.98 39.97 39.98 39.98 39.98 39.96 39.97 39.96 39.92 39.91 39.9 39.92 39.93 39.94 39.97 39.97 40.01 40 39.99 39.98 39.99
41.65 41.82 42.12 42.2 42.23 42.2 42.06 41.65 41.22 41.01 40.58 40.24 40.15 40.11 40.02 39.98 39.93 39.92 39.9 39.91 39.9 39.9 39.95 39.98 39.98 40.01 40.05 40.14 40.16 40.19 40.22 40.22 40.18 40.12 40.1 40.11 40.09 40.07 40.08 40.19 40.17 40.1 40.07 40.07 40.04 40.02 40.06 40.04 40.02 40.02 40.01 40.02 40.02 40.02 40.06 40.02 40 39.99 39.98 40 39.99 39.98 39.98 39.99 39.97 39.93 39.93 39.92 39.93 39.91 39.92 39.96 39.98 39.99 40 39.98 39.98 40.02
41.51 41.73 42.1 42.2 42.21 42.19 42.12 41.89 41.48 41.24 40.76 40.41 40.27 40.18 40.06 39.99 39.94 39.94 39.92 39.96 39.95 39.94 40 40.08 40.1 40.15 40.22 40.32 40.32 40.28 40.26 40.21 40.2 40.16 40.1 40.09 40.1 40.09 40.05 40.1 40.12 40.08 40.07 40.07 40.05 40.03 40.05 40.03 40.03 40.02 40.02 40.02 40.01 40.02 40.06 40.02 40.03 40 39.98 40.02 39.99 39.99 40 40 39.97 39.93 39.93 39.93 39.93 39.93 39.92 39.94 39.98 40 40.01 40 40.01 40.03
41.32 41.57 42 42.19 42.19 42.17 42.17 42.07 41.71 41.44 40.91 40.54 40.39 40.23 40.11 40.04 40.01 39.99 39.96 39.96 39.98 40.02 40.09 40.2 40.25 40.34 40.33 40.34 40.33 40.29 40.33 40.3 40.23 40.15 40.14 40.17 40.16 40.09 40.01 40.04 40.07 40.07 40.07 40.06 40.07 40.08 40.07 40.05 40.04 40 40.02 40.03 40.02 40.04 40.04 40.03 40.06 40.02 40 40.01 39.98 40.02 40.02 40.01 39.99 39.94 39.95 39.95 39.92 39.94 39.92 39.93 39.96 39.98 39.99 39.99 40 40.01
41.11 41.38 41.88 42.18 42.18 42.17 42.18 42.11 41.89 41.62 41.03 40.56 40.46 40.25 40.11 40.07 40.06 40.07 40.05 40.09 40.13 40.23 40.35 40.44 40.44 40.45 40.42 40.42 40.41 40.35 40.33 40.29 40.22 40.14 40.13 40.15 40.14 40.05 40.02 40.03 40.06 40.06 40.08 40.08 40.08 40.09 40.09 40.08 40.03 39.99 40.02 40.03 40.04 40.06 40.04 40.05 40.05 40.04 40.03 40.02 39.99 40.02 40.02 40.01 40.01 39.99 39.99 39.99 39.92 39.91 39.92 39.94 39.94 39.96 39.99 40.02 40.02 40
40.96 41.26 41.86 42.17 42.16 42.16 42.18 42.14 42.03 41.74 41.12 40.62 40.51 40.32 40.18 40.17 40.19 40.34 40.35 40.38 40.43 40.51 40.57 40.58 40.57 40.56 40.54 40.48 40.45 40.39 40.29 40.25 40.18 40.11 40.08 40.08 40.05 39.99 40.02 40.03 40.05 40.06 40.1 40.1 40.1 40.08 40.1 40.09 40.05 40.02 40.03 40.04 40.06 40.06 40.06 40.07 40.04 40.03 40.03 40.02 40 40 40.01 40.03 40.03 40.02 39.99 39.97 39.94 39.93 39.93 39.93 39.95 39.97 40 40.04 40.03 40.02
40.83 41.14 41.82 42.16 42.16 42.17 42.2 42.18 42.11 41.81 41.31 40.81 40.68 40.47 40.44 40.56 40.64 40.79 40.72 40.66 40.69 40.72 40.72 40.69 40.67 40.61 40.57 40.5 40.43 40.33 40.23 40.18 40.11 40.06 40.03 40.02 39.98 39.97 40 40.01 40.03 40.08 40.1 40.11 40.11 40.1 40.11 40.09 40.06 40.03 40.04 40.05 40.07 40.08 40.08 40.07 40.03 40.04 40.05 40.03 40.02 40.01 40.03 40.05 40.03 40.07 40.05 40.01 39.97 39.95 39.94 39.92 39.95 39.98 40 40.05 40.03 40.03
40.65 40.96 41.64 42.05 42.09 42.16 42.15 42.18 42.13 41.91 41.46 41.02 40.9 40.77 40.88 41.01 41.06 41.1 40.96 40.92 40.91 40.87 40.83 40.78 40.74 40.65 40.58 40.52 40.37 40.22 40.16 40.13 40.07 40.03 40 39.98 39.97 39.97 39.99 40.01 40.03 40.1 40.08 40.1 40.12 40.12 40.13 40.12 40.06 40.06 40.05 40.05 40.06 40.06 40.06 40.06 40.05 40.07 40.07 40.05 40.03 40.03 40.03 40.04 40.03 40.06 40.05 40 39.99 39.97 39.96 39.95 39.95 39.97 40 40.04 40.03 40.03
40.39 40.84 41.48 41.9 42 42.15 42.17 42.19 42.17 42.04 41.72 41.4 41.27 41.14 41.23 41.29 41.3 41.23 41.1 41.11 41.08 40.97 40.88 40.83 40.74 40.59 40.47 40.42 40.27 40.15 40.1 40.12 40.07 40.02 39.99 39.97 39.97 39.98 39.99 40.01 40.03 40.09 40.07 40.09 40.11 40.13 40.12 40.12 40.09 40.11 40.09 40.06 40.08 40.05 40.06 40.09 40.07 40.09 40.08 40.04 40.02 40.05 40.06 40.04 40.04 40.04 40.04 39.99 40 39.99 39.98 39.96 39.94 39.95 39.99 40.02 40.02 40.02
40.34 40.7 41.31 41.8 41.94 42.15 42.18 42.18 42.18 42.11 41.92 41.77 41.65 41.5 41.45 41.43 41.41 41.31 41.22 41.22 41.16 40.93 40.81 40.79 40.62 40.46 40.32 40.27 40.18 40.14 40.08 40.11 40.09 40.03 39.99 39.99 39.98 40 40 40.01 40.03 40.09 40.06 40.08 40.09 40.11 40.11 40.1 40.1 40.13 40.12 40.07 40.05 40.08 40.09 40.11 40.09 40.08 40.08 40.05 40.04 40.04 40.07 40.06 40.04 40.05 40.04 40.01 40.01 40.01 39.99 39.98 39.96 39.96 39.98 40 40 40.03
40.3 40.59 41.16 41.63 41.79 42.08 42.17 42.18 42.18 42.13 42.05 41.98 41.9 41.72 41.59 41.55 41.48 41.39 41.27 41.25 41.11 40.72 40.61 40.59 40.41 40.32 40.23 40.19 40.14 40.12 40.1 40.1 40.09 40.05 40.02 39.99 39.98 39.98 40.03 40.02 40.04 40.08 40.07 40.06 40.1 40.11 40.11 40.12 40.11 40.12 40.13 40.11 40.07 40.08 40.09 40.11 40.09 40.07 40.08 40.07 40.06 40.05 40.06 40.06 40.06 40.07 40.06 40.03 40.01 40.01 40.01 40.02 39.98 39.98 39.97 39.99 40.01 40.02
40.28 40.49 40.99 41.45 41.66 42 42.16 42.2 42.2 42.17 42.14 42.06 42 41.83 41.71 41.66 41.54 41.36 41.14 41.08 40.88 40.43 40.35 40.32 40.2 40.19 40.13 40.12 40.11 40.15 40.13 40.13 40.11 40.07 40.03 40.01 39.96 39.99 40.01 40.03 40.04 40.06 40.06 40.07 40.1 40.13 40.13 40.12 40.13 40.13 40.13 40.11 40.08 40.09 40.09 40.1 40.1 40.1 40.1 40.08 40.07 40.07 40.05 40.05 40.08 40.07 40.05 40.04 40.02 40.02 40.01 40.03 39.97 39.97 39.96 40 40 40.01
40.25 40.4 40.83 41.3 41.54 41.86 42.11 42.21 42.22 42.19 42.17 42.11 42.05 41.89 41.77 41.69 41.43 41.12 40.83 40.72 40.52 40.24 40.13 40.13 40.12 40.07 40.07 40.11 40.12 40.15 40.19 40.18 40.1 40.06 40.02 39.98 39.94 39.97 39.99 40.04 40.03 40.08 40.08 40.09 40.11 40.12 40.12 40.12 40.13 40.13 40.12 40.11 40.1 40.09 40.08 40.09 40.1 40.11 40.12 40.09 40.1 40.08 40.05 40.06 40.06 40.06 40.04 40.05 40.05 40.04 40.02 40.03 39.97 39.97 39.97 39.99 39.99 40.02
40.23 40.3 40.58 41.04 41.29 41.67 42.04 42.22 42.22 42.18 42.17 42.15 42.09 41.94 41.74 41.6 41.11 40.72 40.5 40.4 40.27 40.22 40.15 40.12 40.11 40.12 40.11 40.14 40.14 40.17 40.24 40.22 40.13 40.09 40.06 39.98 39.95 39.93 39.96 40.02 40.04 40.06 40.07 40.09 40.11 40.12 40.13 40.12 40.12 40.13 40.13 40.13 40.12 40.1 40.08 40.1 40.11 40.11 40.11 40.12 40.12 40.11 40.07 40.1 40.07 40.06 40.05 40.05 40.06 40.06 40.03 40.04 40 39.99 39.98 39.98 40.01 40.02
40.23 40.25 40.34 40.73 41.01 41.53 42 42.16 42.21 42.19 42.2 42.18 42.11 41.99 41.66 41.41 40.79 40.44 40.28 40.24 40.19 40.19 40.18 40.15 40.12 40.14 40.15 40.17 40.16 40.23 40.26 40.25 40.15 40.09 40.07 40.01 39.95 39.92 39.93 39.99 40.03 40.05 40.07 40.09 40.1 40.12 40.13 40.12 40.11 40.14 40.15 40.15 40.14 40.13 40.09 40.1 40.12 40.1 40.11 40.15 40.11 40.11 40.09 40.1 40.06 40.08 40.07 40.04 40.06 40.05 40.02 40.03 40.02 40.01 39.97 39.97 39.98 40.02
40.23 40.24 40.3 40.55 40.89 41.45 41.89 42 42.19 42.19 42.22 42.21 42.13 42.01 41.69 41.39 40.69 40.24 40.24 40.19 40.13 40.14 40.21 40.21 40.19 40.19 40.19 40.2 40.2 40.25 40.25 40.21 40.13 40.07 40.07 40.03 39.98 39.96 39.96 39.97 40 40.06 40.06 40.08 40.11 40.12 40.12 40.14 40.11 40.14 40.16 40.15 40.16 40.14 40.1 40.09 40.12 40.12 40.13 40.13 40.11 40.12 40.11 40.12 40.11 40.1 40.06 40.04 40.04 40.04 40.05 40.02 40.02 40.02 39.99 39.99 40 40.02
