slabs/88.grd
DSAA
631 301
647040 647670
4948100 4948400
32.99 42.24
[rows 68 to 101 of 301, columns 312 to 389 of 631]
39.55 39.56 39.54 39.54 39.54 39.54 39.5 39.43 39.41 39.36 39.32 39.37 39.37 39.33 39.34 39.35 39.37 39.42 39.43 39.4 39.37 39.34 39.35 39.36 39.35 39.34 39.33 39.34 39.33 39.35 39.34 39.35 39.34 39.32 39.37 39.39 39.39 39.38 39.37 39.37 39.36 39.34 39.36 39.36 39.37 39.35 39.32 39.34 39.33 39.33 39.31 39.29 39.27 39.29 39.3 39.32 39.32 39.28 39.28 39.27 39.28 39.3 39.28 39.27 39.29 39.31 39.3 39.29 39.3 39.3 39.29 39.27 39.27 39.27 39.28 39.32 39.3 39.28
1.70141e38 1.70141e38 1.70141e38 1.70141e38 1.70141e38 1.70141e38 1.70141e38 1.70141e38 1.70141e38 1.70141e38 1.70141e38 1.70141e38 1.70141e38 1.70141e38 1.70141e38 1.70141e38 1.70141e38 1.70141e38 1.70141e38 1.70141e38 1.70141e38 1.70141e38 39.33 39.34 39.34 39.35 39.34 39.33 39.34 39.41 39.39 39.38 39.35 39.31 39.35 39.37 39.39 39.38 39.39 39.38 39.36 39.36 39.35 39.37 39.39 39.35 39.36 39.37 39.35 39.35 39.33 39.29 39.29 39.31 39.31 39.34 39.35 39.31 39.29 39.29 39.29 39.32 39.3 39.28 39.28 39.31 39.3 39.31 39.28 39.31 39.29 39.28 39.26 39.27 39.29 39.34 39.31 39.31
39.55 39.51 39.48 39.48 39.48 39.47 39.48 39.48 39.45 39.38 39.34 39.29 39.29 39.32 1.70141e38 1.70141e38 1.70141e38 1.70141e38 1.70141e38 1.70141e38 1.70141e38 1.70141e38 1.70141e38 1.70141e38 1.70141e38 1.70141e38 1.70141e38 1.70141e38 1.70141e38 1.70141e38 1.70141e38 1.70141e38 1.70141e38 1.70141e38 1.70141e38 1.70141e38 1.70141e38 1.70141e38 1.70141e38 1.70141e38 1.70141e38 1.70141e38 1.70141e38 1.70141e38 1.70141e38 1.70141e38 1.70141e38 1.70141e38 1.70141e38 1.70141e38 1.70141e38 1.70141e38 1.70141e38 1.70141e38 1.70141e38 1.70141e38 1.70141e38 1.70141e38 1.70141e38 1.70141e38 1.70141e38 1.70141e38 1.70141e38 1.70141e38 1.70141e38 39.3 39.3 39.29 39.29 39.31 39.29 39.27 39.25 39.25 39.29 39.33 39.32 39.32
39.51 39.49 39.5 39.49 39.48 39.48 39.47 39.45 39.42 39.37 39.34 39.3 39.31 39.33 39.34 39.35 39.37 39.41 39.43 39.41 39.39 39.36 39.34 39.33 39.32 39.32 39.33 39.33 39.35 39.4 39.45 39.44 39.38 39.33 39.33 39.36 39.41 39.41 39.41 39.41 39.42 39.4 39.39 39.39 39.4 39.39 39.38 39.36 39.37 39.36 39.36 39.35 39.35 39.34 39.35 39.36 39.37 39.38 1.70141e38 1.70141e38 1.70141e38 1.70141e38 1.70141e38 1.70141e38 1.70141e38 1.70141e38 1.70141e38 1.70141e38 1.70141e38 1.70141e38 1.70141e38 1.70141e38 1.70141e38 1.70141e38 1.70141e38 1.70141e38 1.70141e38 1.70141e38
39.5 39.49 39.51 39.49 39.48 39.5 39.49 39.43 39.41 39.38 39.35 39.32 39.33 39.33 39.32 39.33 39.35 39.39 39.41 39.41 39.4 39.36 39.33 39.32 39.32 39.32 39.33 39.33 39.34 39.39 39.44 39.44 39.41 39.36 39.35 39.36 39.39 39.41 39.43 39.43 39.42 39.41 39.41 39.4 39.4 39.39 39.39 39.37 39.38 39.37 39.36 39.36 39.36 39.33 39.34 39.36 39.39 39.4 39.4 39.36 39.32 39.32 39.33 39.35 39.35 39.35 39.33 39.32 39.32 39.3 39.27 39.27 39.27 39.27 39.29 39.28 39.28 39.3
39.5 39.49 39.51 39.49 39.49 39.52 39.51 39.46 39.44 39.4 39.36 39.34 39.34 39.32 39.29 39.3 39.33 39.36 39.38 39.39 39.41 39.37 39.33 39.33 39.33 39.35 39.34 39.34 39.37 39.4 39.41 39.43 39.42 39.38 39.35 39.36 39.39 39.42 39.43 39.44 39.43 39.43 39.42 39.41 39.41 39.41 39.4 39.37 39.37 39.36 39.36 39.36 39.36 39.33 39.34 39.36 39.42 39.42 39.43 39.41 39.37 39.36 39.37 39.38 39.39 39.37 39.33 39.32 39.32 39.32 39.31 39.29 39.26 39.28 39.29 39.28 39.28 39.29
39.51 39.49 39.49 39.49 39.49 39.51 39.52 39.49 39.47 39.42 39.38 39.37 39.36 39.33 39.31 39.31 39.33 39.36 39.38 39.38 39.37 39.36 39.36 39.36 39.36 39.38 39.35 39.36 39.39 39.41 39.41 39.42 39.43 39.4 39.37 39.36 39.39 39.42 39.43 39.45 39.45 39.45 39.44 39.42 39.42 39.42 39.41 39.38 39.35 39.35 39.35 39.37 39.37 39.37 39.38 39.4 39.43 39.43 39.42 39.41 39.4 39.4 39.4 39.39 39.38 39.35 39.32 39.33 39.35 39.35 39.34 39.3 39.27 39.28 39.29 39.29 39.28 39.29
39.5 39.5 39.48 39.49 39.47 39.47 39.5 39.49 39.46 39.41 39.38 39.38 39.38 39.36 39.34 39.34 39.34 39.34 39.36 39.35 39.34 39.35 39.38 39.37 39.38 39.4 39.36 39.37 39.39 39.41 39.42 39.44 39.45 39.44 39.41 39.37 39.38 39.4 39.43 39.46 39.45 39.46 39.46 39.44 39.42 39.43 39.43 39.41 39.38 39.36 39.37 39.38 39.4 39.43 39.43 39.43 39.43 39.44 39.43 39.4 39.39 39.4 39.4 39.38 39.37 39.36 39.33 39.35 39.37 39.36 39.34 39.33 39.31 39.3 39.29 39.29 39.28 39.3
39.47 39.51 39.49 39.49 39.47 39.47 39.51 39.5 39.47 39.43 39.39 39.39 39.39 39.36 39.33 39.33 39.33 39.31 39.34 39.34 39.34 39.36 39.37 39.37 39.38 39.4 39.38 39.38 39.4 39.42 39.43 39.47 39.49 39.49 39.45 39.39 39.37 39.39 39.41 39.44 39.46 39.48 39.48 39.46 39.45 39.44 39.45 39.45 39.42 39.39 39.38 39.38 39.41 39.43 39.43 39.42 39.43 39.44 39.45 39.43 39.43 39.43 39.42 39.4 39.4 39.38 39.35 39.35 39.37 39.35 39.33 39.34 39.33 39.32 39.3 39.28 39.29 39.3
39.44 39.48 39.48 39.48 39.47 39.48 39.54 39.53 39.5 39.46 39.41 39.4 39.37 39.36 39.35 39.34 39.34 39.33 39.34 39.34 39.35 39.37 39.38 39.39 39.4 39.41 39.4 39.4 39.42 39.42 39.43 39.48 39.52 39.52 39.48 39.42 39.39 39.41 39.41 39.43 39.46 39.5 39.5 39.48 39.48 39.46 39.47 39.48 39.45 39.42 39.41 39.39 39.4 39.42 39.43 39.43 39.43 39.43 39.43 39.43 39.45 39.44 39.43 39.41 39.41 39.39 39.35 39.34 39.36 39.35 39.34 39.35 39.35 39.35 39.32 39.29 39.29 39.29
39.44 39.47 39.48 39.47 39.46 39.47 39.49 39.51 39.51 39.48 39.43 39.41 39.37 39.36 39.39 39.38 39.36 39.37 39.36 39.36 39.36 39.38 39.38 39.4 39.42 39.41 39.4 39.41 39.42 39.44 39.44 39.47 39.52 39.51 39.5 39.45 39.42 39.43 39.42 39.43 39.47 39.49 39.49 39.49 39.48 39.49 39.5 39.49 39.45 39.45 39.44 39.42 39.4 39.42 39.45 39.45 39.44 39.44 39.44 39.44 39.46 39.45 39.42 39.41 39.41 39.4 39.37 39.35 39.36 39.34 39.34 39.35 39.36 39.36 39.33 39.3 39.29 39.29
39.42 39.45 39.45 39.46 39.46 39.46 39.46 39.48 39.51 39.51 39.45 39.42 39.37 39.36 39.4 39.39 39.39 39.39 39.38 39.37 39.37 39.39 39.39 39.41 39.42 39.4 39.4 39.4 39.43 39.47 39.47 39.48 39.51 39.52 39.51 39.48 39.44 39.43 39.42 39.43 39.48 39.49 39.49 39.5 39.49 39.49 39.49 39.49 39.44 39.44 39.45 39.43 39.42 39.43 39.45 39.46 39.45 39.45 39.45 39.45 39.49 39.47 39.42 39.41 39.41 39.4 39.38 39.36 39.35 39.34 39.35 39.36 39.36 39.36 39.32 39.29 39.29 39.29
39.44 39.44 39.44 39.45 39.45 39.44 39.42 39.44 39.5 39.52 39.48 39.45 39.39 39.37 39.39 39.4 39.41 39.4 39.38 39.38 39.38 39.39 39.4 39.41 39.4 39.4 39.4 39.41 39.44 39.5 39.49 39.48 39.51 39.52 39.52 39.51 39.47 39.43 39.42 39.44 39.47 39.48 39.48 39.5 39.5 39.5 39.49 39.5 39.46 39.47 39.48 39.45 39.44 39.44 39.45 39.48 39.48 39.47 39.46 39.45 39.48 39.47 39.44 39.42 39.4 39.39 39.37 39.36 39.35 39.34 39.35 39.37 39.36 39.35 39.32 39.29 39.28 39.28
39.45 39.43 39.45 39.45 39.44 39.43 39.42 39.43 39.48 39.51 39.51 39.49 39.44 39.4 39.4 39.41 39.42 39.39 39.38 39.39 39.38 39.38 39.39 39.42 39.42 39.41 39.41 39.42 39.45 39.49 39.48 39.47 39.49 39.49 39.51 39.54 39.51 39.45 39.44 39.44 39.46 39.47 39.47 39.5 39.51 39.5 39.49 39.5 39.5 39.5 39.49 39.45 39.46 39.46 39.46 39.48 39.48 39.48 39.47 39.45 39.48 39.48 39.46 39.43 39.41 39.39 39.38 39.37 39.36 39.35 39.35 39.35 39.35 39.35 39.33 39.3 39.3 39.3
39.45 39.44 39.45 39.44 39.44 39.44 39.44 39.45 39.47 39.51 39.53 39.51 39.48 39.43 39.42 39.41 39.41 39.4 39.39 39.39 39.38 39.39 39.4 39.44 39.44 39.42 39.43 39.45 39.46 39.48 39.48 39.48 39.48 39.48 39.49 39.52 39.53 39.49 39.47 39.45 39.45 39.46 39.47 39.5 39.51 39.51 39.5 39.48 39.51 39.52 39.5 39.48 39.48 39.47 39.46 39.48 39.49 39.49 39.48 39.46 39.48 39.48 39.47 39.44 39.43 39.4 39.39 39.38 39.39 39.39 39.35 39.33 39.34 39.35 39.34 39.31 39.32 39.32
39.46 39.46 39.45 39.44 39.44 39.45 39.47 39.47 39.48 39.51 39.52 39.54 39.51 39.47 39.45 39.42 39.42 39.43 39.42 39.4 39.4 39.41 39.42 39.43 39.45 39.45 39.45 39.47 39.47 39.44 39.46 39.49 39.49 39.5 39.5 39.52 39.54 39.53 39.5 39.46 39.44 39.45 39.48 39.5 39.52 39.52 39.51 39.48 39.5 39.51 39.52 39.51 39.49 39.48 39.47 39.48 39.5 39.5 39.49 39.49 39.49 39.48 39.47 39.45 39.43 39.4 39.39 39.4 39.41 39.41 39.36 39.33 39.33 39.35 39.34 39.31 39.3 39.3
39.46 39.45 39.46 39.46 39.46 39.45 39.46 39.47 39.49 39.51 39.52 39.56 39.52 39.48 39.48 39.46 39.46 39.45 39.44 39.42 39.43 39.45 39.45 39.45 39.46 39.47 39.46 39.46 39.45 39.44 39.46 39.49 39.48 39.48 39.5 39.51 39.52 39.52 39.5 39.47 39.46 39.47 39.49 39.5 39.51 39.52 39.53 39.5 39.49 39.51 39.53 39.52 39.49 39.48 39.48 39.48 39.49 39.5 39.51 39.51 39.51 39.49 39.47 39.46 39.43 39.39 39.39 39.4 39.41 39.39 39.35 39.34 39.34 39.33 39.33 39.31 39.3 39.29
39.47 39.46 39.47 39.48 39.48 39.46 39.47 39.49 39.5 39.52 39.54 39.56 39.54 39.51 39.5 39.48 39.46 39.43 39.44 39.44 39.44 39.45 39.45 39.46 39.47 39.45 39.46 39.47 39.47 39.46 39.48 39.49 39.48 39.49 39.52 39.52 39.51 39.51 39.5 39.47 39.48 39.48 39.49 39.51 39.51 39.52 39.54 39.53 39.51 39.52 39.53 39.53 39.5 39.49 39.47 39.48 39.48 39.5 39.52 39.51 39.5 39.49 39.46 39.45 39.42 39.39 39.39 39.39 39.39 39.38 39.36 39.35 39.34 39.32 39.32 39.32 39.31 39.28
39.5 39.48 39.47 39.5 39.51 39.5 39.5 39.53 39.53 39.54 39.55 39.57 39.57 39.54 39.52 39.49 39.46 39.45 39.45 39.45 39.46 39.46 39.46 39.46 39.47 39.45 39.47 39.5 39.49 39.48 39.49 39.51 39.5 39.5 39.52 39.53 39.52 39.51 39.49 39.48 39.5 39.5 39.51 39.53 39.54 39.54 39.56 39.56 39.55 39.53 39.53 39.53 39.53 39.51 39.47 39.47 39.48 39.49 39.51 39.49 39.49 39.48 39.46 39.44 39.43 39.42 39.4 39.39 39.39 39.37 39.35 39.35 39.33 39.32 39.32 39.31 39.3 39.28
39.51 39.48 39.48 39.5 39.52 39.51 39.53 39.55 39.54 39.54 39.55 39.58 39.6 39.57 39.54 39.5 39.48 39.47 39.46 39.47 39.48 39.48 39.47 39.45 39.47 39.47 39.49 39.51 39.51 39.51 39.5 39.51 39.51 39.51 39.51 39.54 39.55 39.54 39.5 39.5 39.51 39.52 39.54 39.57 39.6 39.58 39.56 39.56 39.55 39.53 39.54 39.54 39.54 39.53 39.47 39.46 39.46 39.48 39.49 39.48 39.49 39.49 39.47 39.46 39.45 39.43 39.4 39.38 39.37 39.36 39.36 39.35 39.33 39.31 39.3 39.3 39.29 39.28
39.52 39.5 39.49 39.49 39.52 39.53 39.54 39.57 39.55 39.55 39.56 39.58 39.61 39.59 39.56 39.52 39.51 39.49 39.48 39.49 39.51 39.5 39.49 39.46 39.46 39.47 39.49 39.51 39.53 39.52 39.49 39.5 39.52 39.52 39.52 39.55 39.59 39.57 39.54 39.53 39.52 39.52 39.54 39.59 39.61 39.6 39.57 39.55 39.54 39.54 39.56 39.55 39.56 39.55 39.49 39.45 39.46 39.48 39.5 39.51 39.51 39.5 39.48 39.47 39.45 39.42 39.4 39.39 39.37 39.35 39.37 39.37 39.34 39.31 39.28 39.28 39.28 39.28
39.54 39.52 39.51 39.5 39.54 39.57 39.57 39.59 39.57 39.55 39.56 39.58 39.59 39.59 39.57 39.55 39.54 39.52 39.5 39.51 39.52 39.52 39.5 39.48 39.46 39.47 39.49 39.53 39.57 39.54 39.49 39.49 39.53 39.53 39.52 39.55 39.6 39.59 39.56 39.54 39.52 39.51 39.54 39.58 39.59 39.59 39.59 39.56 39.56 39.56 39.56 39.56 39.56 39.55 39.52 39.5 39.5 39.51 39.52 39.52 39.52 39.5 39.48 39.48 39.46 39.43 39.41 39.4 39.37 39.35 39.38 39.37 39.35 39.31 39.3 39.3 39.29 39.29
39.56 39.56 39.55 39.54 39.56 39.58 39.59 39.6 39.59 39.58 39.57 39.58 39.6 39.6 39.59 39.58 39.57 39.56 39.54 39.53 39.53 39.52 39.51 39.5 39.49 39.49 39.51 39.54 39.59 39.56 39.5 39.49 39.53 39.52 39.52 39.53 39.58 39.58 39.56 39.54 39.53 39.51 39.54 39.59 39.6 39.59 39.59 39.58 39.58 39.58 39.57 39.57 39.56 39.55 39.53 39.5 39.5 39.5 39.49 39.5 39.51 39.49 39.48 39.48 39.46 39.44 39.42 39.4 39.37 39.36 39.36 39.36 39.33 39.3 39.3 39.3 39.29 39.3
39.57 39.58 39.56 39.55 39.56 39.59 39.6 39.61 39.61 39.59 39.59 39.58 39.6 39.61 39.62 39.6 39.58 39.59 39.57 39.55 39.55 39.53 39.51 39.52 39.52 39.52 39.52 39.53 39.55 39.53 39.48 39.48 39.5 39.52 39.53 39.53 39.55 39.56 39.57 39.58 39.56 39.52 39.52 39.57 39.58 39.59 39.58 39.6 39.61 39.6 39.59 39.59 39.57 39.54 39.53 39.51 39.5 39.48 39.47 39.47 39.48 39.48 39.48 39.47 39.45 39.44 39.43 39.41 39.36 39.35 39.35 39.33 39.3 39.29 39.27 39.27 39.27 39.29
39.56 39.57 39.57 39.56 39.57 39.59 39.61 39.63 39.62 39.62 39.62 39.61 39.61 39.62 39.64 39.62 39.59 39.6 39.59 39.58 39.57 39.54 39.51 39.52 39.54 39.54 39.53 39.53 39.54 39.52 39.47 39.47 39.49 39.52 39.55 39.53 39.54 39.55 39.57 39.58 39.57 39.54 39.52 39.54 39.56 39.59 39.59 39.6 39.61 39.62 39.6 39.6 39.58 39.54 39.53 39.52 39.51 39.5 39.49 39.48 39.47 39.47 39.47 39.46 39.44 39.45 39.46 39.42 39.34 39.33 39.34 39.33 39.31 39.3 39.26 39.26 39.27 39.27
39.56 39.57 39.57 39.58 39.59 39.6 39.62 39.65 39.66 39.66 39.66 39.64 39.63 39.64 39.65 39.63 39.6 39.6 39.61 39.6 39.59 39.56 39.51 39.52 39.55 39.55 39.54 39.51 39.52 39.51 39.49 39.49 39.52 39.56 39.56 39.54 39.54 39.55 39.55 39.56 39.57 39.55 39.51 39.51 39.54 39.57 39.59 39.6 39.61 39.63 39.61 39.59 39.58 39.55 39.54 39.53 39.51 39.5 39.5 39.49 39.46 39.46 39.46 39.45 39.44 39.44 39.45 39.41 39.34 39.33 39.34 39.32 39.3 39.29 39.26 39.25 39.26 39.27
39.55 39.58 39.58 39.59 39.61 39.61 39.62 39.67 39.69 39.7 39.7 39.67 39.64 39.64 39.64 39.62 39.6 39.61 39.62 39.62 39.61 39.58 39.54 39.54 39.54 39.55 39.55 39.51 39.51 39.51 39.52 39.52 39.53 39.57 39.58 39.57 39.57 39.55 39.55 39.54 39.55 39.55 39.52 39.51 39.52 39.55 39.59 39.6 39.61 39.63 39.61 39.58 39.58 39.57 39.57 39.56 39.53 39.49 39.47 39.47 39.45 39.44 39.44 39.45 39.45 39.42 39.41 39.4 39.37 39.35 39.33 39.31 39.28 39.27 39.27 39.26 39.25 39.25
39.56 39.59 39.59 39.6 39.63 39.63 39.64 39.69 39.72 39.73 39.72 39.68 39.64 39.64 39.65 39.65 39.64 39.63 39.63 39.61 39.6 39.59 39.57 39.57 39.58 39.59 39.58 39.54 39.53 39.52 39.52 39.52 39.53 39.56 39.58 39.59 39.58 39.56 39.56 39.54 39.54 39.54 39.54 39.52 39.52 39.54 39.57 39.59 39.6 39.61 39.61 39.59 39.59 39.58 39.57 39.57 39.54 39.49 39.47 39.47 39.45 39.44 39.45 39.46 39.45 39.42 39.4 39.4 39.39 39.36 39.33 39.3 39.28 39.27 39.27 39.26 39.24 39.23
39.57 39.58 39.59 39.62 39.63 39.64 39.66 39.68 39.74 39.73 39.72 39.7 39.68 39.68 39.69 39.68 39.67 39.67 39.66 39.64 39.62 39.61 39.6 39.6 39.6 39.59 39.59 39.57 39.55 39.52 39.51 39.49 39.5 39.54 39.57 39.58 39.57 39.57 39.57 39.57 39.56 39.54 39.54 39.53 39.52 39.53 39.56 39.57 39.58 39.58 39.6 39.6 39.58 39.56 39.54 39.54 39.52 39.5 39.49 39.48 39.46 39.45 39.48 39.47 39.44 39.4 39.38 39.39 39.39 39.38 39.35 39.29 39.27 39.26 39.26 39.26 39.23 39.22
39.58 39.58 39.59 39.62 39.6 39.63 39.66 39.67 39.71 39.71 39.69 39.7 39.72 39.7 39.67 39.68 39.69 39.69 39.67 39.67 39.65 39.63 39.62 39.61 39.6 39.59 39.59 39.57 39.55 39.52 39.51 39.49 39.5 39.54 39.58 39.59 39.58 39.57 39.59 39.61 39.6 39.56 39.53 39.52 39.51 39.52 39.55 39.55 39.56 39.56 39.56 39.58 39.58 39.54 39.51 39.52 39.51 39.48 39.48 39.47 39.45 39.44 39.46 39.46 39.44 39.4 39.39 39.39 39.39 39.39 39.36 39.29 39.26 39.26 39.26 39.26 39.25 39.23
39.59 39.59 39.61 39.61 39.61 39.63 39.67 39.68 39.71 39.71 39.71 39.7 39.71 39.7 39.67 39.67 39.69 39.7 39.69 39.67 39.67 39.65 39.62 39.61 39.6 39.59 39.58 39.56 39.55 39.52 39.51 39.51 39.51 39.53 39.57 39.6 39.59 39.58 39.59 39.61 39.61 39.58 39.54 39.52 39.5 39.52 39.55 39.55 39.55 39.55 39.56 39.57 39.57 39.54 39.53 39.53 39.51 39.48 39.47 39.44 39.42 39.43 39.45 39.44 39.42 39.4 39.39 39.37 39.38 39.38 39.35 39.29 39.26 39.26 39.26 39.27 39.26 39.23
39.57 39.59 39.63 39.63 39.62 39.65 39.68 39.71 39.72 39.72 39.71 39.7 39.7 39.69 39.68 39.68 39.7 39.72 39.71 39.69 39.68 39.65 39.62 39.61 39.6 39.58 39.59 39.57 39.56 39.54 39.52 39.5 39.5 39.5 39.54 39.58 39.58 39.59 39.57 39.58 39.6 39.6 39.56 39.54 39.5 39.51 39.53 39.54 39.53 39.54 39.56 39.56 39.56 39.54 39.52 39.51 39.49 39.48 39.46 39.44 39.41 39.42 39.43 39.41 39.4 39.38 39.37 39.35 39.36 39.36 39.34 39.29 39.26 39.25 39.25 39.24 39.23 39.22
39.56 39.59 39.63 39.65 39.64 39.66 39.69 39.71 39.73 39.73 39.72 39.69 39.7 39.7 39.68 39.69 39.7 39.72 39.71 39.7 39.69 39.66 39.62 39.62 39.61 39.58 39.6 39.6 39.58 39.55 39.53 39.5 39.49 39.49 39.52 39.56 39.57 39.57 39.56 39.57 39.6 39.6 39.57 39.54 39.51 39.51 39.51 39.51 39.52 39.53 39.54 39.53 39.53 39.53 39.51 39.48 39.46 39.47 39.47 39.45 39.42 39.41 39.4 39.39 39.37 39.38 39.37 39.35 39.34 39.33 39.32 39.29 39.27 39.26 39.25 39.23 39.22 39.21
39.59 39.6 39.62 39.64 39.64 39.66 39.69 39.71 39.72 39.72 39.72 39.71 39.71 39.71 39.7 39.71 39.72 39.73 39.71 39.7 39.7 39.68 39.64 39.63 39.62 39.6 39.6 39.63 39.6 39.56 39.54 39.53 39.51 39.49 39.51 39.54 39.58 39.57 39.55 39.55 39.57 39.59 39.56 39.53 39.49 39.5 39.49 39.49 39.51 39.54 39.55 39.53 39.51 39.52 39.5 39.47 39.45 39.46 39.46 39.43 39.42 39.39 39.39 39.38 39.36 39.37 39.35 39.33 39.31 39.3 39.3 39.29 39.26 39.25 39.26 39.25 39.23 39.21
