slabs/88.grd
DSAA
631 301
647040 647670
4948100 4948400
32.99 42.24
[rows 136 to 169 of 301, columns 390 to 467 of 631]
38.77 38.78 38.79 38.79 38.78 38.73 38.71 38.72 38.72 38.7 38.71 38.71 38.68 38.66 38.72 38.74 38.75 38.72 38.72 38.73 38.76 38.76 38.78 38.8 38.79 38.75 38.75 38.77 38.8 38.8 38.77 38.71 38.67 38.66 38.66 38.67 38.69 38.68 38.67 38.66 38.65 38.66 38.67 38.72 38.75 38.77 38.74 38.7 38.68 38.68 38.67 38.65 38.65 38.63 38.61 38.6 38.6 38.6 38.57 38.51 38.49 38.5 38.56 38.61 38.64 38.65 38.63 38.64 38.69 38.71 38.71 38.69 38.68 38.68 38.65 38.64 38.64 38.65
38.77 38.8 38.81 38.79 38.76 38.73 38.72 38.74 38.74 38.72 38.74 38.72 38.69 38.68 38.71 38.74 38.76 38.73 38.72 38.72 38.76 38.78 38.79 38.8 38.79 38.79 38.78 38.77 38.79 38.79 38.75 38.68 38.67 38.68 38.67 38.66 38.67 38.68 38.68 38.66 38.67 38.68 38.7 38.73 38.76 38.77 38.74 38.7 38.67 38.66 38.65 38.65 38.66 38.65 38.61 38.6 38.62 38.62 38.6 38.53 38.5 38.51 38.56 38.6 38.63 38.63 38.64 38.63 38.65 38.67 38.69 38.71 38.71 38.67 38.62 38.62 38.64 38.66
38.76 38.79 38.82 38.79 38.76 38.75 38.75 38.77 38.76 38.73 38.72 38.71 38.7 38.69 38.69 38.72 38.74 38.74 38.74 38.74 38.77 38.81 38.8 38.78 38.79 38.81 38.79 38.78 38.8 38.8 38.76 38.68 38.67 38.69 38.68 38.67 38.67 38.69 38.68 38.68 38.7 38.71 38.71 38.72 38.73 38.73 38.72 38.69 38.67 38.66 38.64 38.65 38.65 38.64 38.61 38.6 38.62 38.63 38.62 38.57 38.5 38.51 38.55 38.57 38.59 38.62 38.65 38.65 38.65 38.66 38.68 38.71 38.7 38.66 38.64 38.65 38.66 38.67
38.73 38.76 38.8 38.79 38.77 38.76 38.77 38.77 38.77 38.72 38.7 38.7 38.71 38.72 38.71 38.71 38.72 38.74 38.74 38.75 38.77 38.78 38.77 38.75 38.8 38.83 38.82 38.8 38.81 38.81 38.78 38.72 38.68 38.7 38.7 38.69 38.7 38.7 38.68 38.69 38.71 38.71 38.7 38.69 38.7 38.7 38.7 38.7 38.69 38.67 38.66 38.67 38.65 38.65 38.63 38.61 38.62 38.61 38.6 38.58 38.51 38.5 38.52 38.58 38.59 38.61 38.64 38.68 38.68 38.67 38.68 38.68 38.69 38.67 38.65 38.66 38.67 38.68
38.73 38.73 38.75 38.77 38.77 38.76 38.76 38.76 38.76 38.74 38.73 38.71 38.74 38.74 38.74 38.72 38.71 38.72 38.73 38.74 38.75 38.75 38.75 38.76 38.79 38.84 38.83 38.8 38.81 38.83 38.81 38.76 38.71 38.71 38.72 38.71 38.69 38.69 38.68 38.67 38.7 38.69 38.7 38.68 38.68 38.69 38.71 38.74 38.74 38.71 38.69 38.69 38.66 38.65 38.64 38.65 38.65 38.62 38.57 38.56 38.54 38.51 38.52 38.58 38.59 38.61 38.63 38.66 38.66 38.67 38.68 38.67 38.68 38.69 38.66 38.66 38.67 38.7
38.73 38.72 38.74 38.76 38.78 38.78 38.78 38.79 38.79 38.77 38.75 38.73 38.75 38.74 38.72 38.7 38.7 38.7 38.72 38.74 38.74 38.74 38.76 38.77 38.79 38.82 38.82 38.8 38.8 38.82 38.81 38.79 38.76 38.75 38.76 38.73 38.69 38.68 38.66 38.66 38.68 38.68 38.71 38.7 38.69 38.71 38.76 38.78 38.79 38.75 38.69 38.68 38.68 38.66 38.65 38.66 38.66 38.63 38.6 38.6 38.59 38.55 38.53 38.55 38.57 38.61 38.63 38.62 38.63 38.65 38.69 38.69 38.69 38.69 38.69 38.68 38.68 38.7
38.74 38.72 38.75 38.75 38.79 38.83 38.82 38.82 38.81 38.78 38.76 38.74 38.75 38.76 38.73 38.69 38.68 38.69 38.71 38.74 38.73 38.72 38.75 38.78 38.79 38.81 38.82 38.8 38.78 38.8 38.8 38.79 38.79 38.79 38.78 38.74 38.72 38.7 38.66 38.64 38.66 38.67 38.67 38.69 38.72 38.74 38.77 38.77 38.78 38.75 38.7 38.7 38.72 38.69 38.64 38.63 38.63 38.63 38.61 38.59 38.59 38.57 38.53 38.53 38.55 38.61 38.64 38.62 38.63 38.65 38.69 38.7 38.69 38.68 38.7 38.69 38.7 38.71
38.76 38.75 38.77 38.78 38.79 38.83 38.82 38.82 38.84 38.81 38.79 38.76 38.75 38.76 38.74 38.7 38.68 38.69 38.71 38.74 38.71 38.7 38.74 38.8 38.8 38.83 38.85 38.82 38.78 38.79 38.8 38.8 38.79 38.79 38.77 38.75 38.76 38.74 38.69 38.65 38.66 38.66 38.67 38.68 38.69 38.71 38.75 38.78 38.76 38.73 38.71 38.71 38.71 38.69 38.62 38.6 38.6 38.61 38.6 38.57 38.57 38.56 38.53 38.53 38.56 38.62 38.67 38.64 38.63 38.63 38.67 38.69 38.69 38.68 38.69 38.68 38.71 38.71
38.76 38.76 38.77 38.79 38.78 38.78 38.78 38.81 38.85 38.82 38.8 38.77 38.75 38.76 38.75 38.71 38.69 38.71 38.72 38.74 38.72 38.71 38.72 38.76 38.78 38.82 38.86 38.83 38.82 38.81 38.8 38.81 38.82 38.8 38.78 38.78 38.78 38.76 38.72 38.69 38.66 38.67 38.66 38.66 38.67 38.7 38.76 38.83 38.81 38.74 38.72 38.72 38.71 38.66 38.62 38.62 38.62 38.61 38.61 38.59 38.58 38.55 38.53 38.52 38.55 38.62 38.68 38.64 38.62 38.61 38.65 38.67 38.7 38.7 38.69 38.69 38.72 38.71
38.75 38.73 38.74 38.78 38.8 38.78 38.79 38.83 38.83 38.81 38.79 38.78 38.77 38.77 38.76 38.73 38.7 38.7 38.71 38.73 38.75 38.74 38.72 38.72 38.76 38.79 38.84 38.85 38.85 38.85 38.82 38.8 38.82 38.81 38.79 38.78 38.75 38.74 38.73 38.71 38.66 38.66 38.66 38.67 38.7 38.71 38.75 38.8 38.79 38.75 38.74 38.74 38.71 38.65 38.64 38.67 38.67 38.65 38.64 38.63 38.6 38.56 38.53 38.52 38.54 38.6 38.65 38.62 38.63 38.61 38.61 38.63 38.69 38.71 38.69 38.7 38.72 38.72
38.76 38.74 38.74 38.78 38.81 38.81 38.82 38.83 38.81 38.83 38.81 38.78 38.77 38.77 38.76 38.73 38.71 38.7 38.71 38.75 38.8 38.79 38.73 38.73 38.75 38.78 38.84 38.87 38.85 38.84 38.83 38.81 38.82 38.81 38.79 38.76 38.76 38.76 38.75 38.72 38.67 38.66 38.66 38.68 38.69 38.7 38.72 38.75 38.77 38.78 38.74 38.7 38.68 38.65 38.66 38.7 38.7 38.68 38.67 38.64 38.6 38.56 38.53 38.53 38.54 38.58 38.61 38.61 38.63 38.63 38.6 38.62 38.67 38.71 38.71 38.71 38.71 38.72
38.78 38.77 38.77 38.77 38.8 38.82 38.83 38.83 38.83 38.87 38.85 38.82 38.79 38.77 38.75 38.73 38.72 38.72 38.75 38.78 38.81 38.79 38.74 38.75 38.75 38.77 38.82 38.86 38.85 38.85 38.84 38.82 38.83 38.82 38.81 38.79 38.77 38.76 38.74 38.72 38.69 38.67 38.67 38.68 38.68 38.68 38.7 38.72 38.75 38.78 38.73 38.68 38.67 38.65 38.66 38.68 38.69 38.7 38.67 38.62 38.6 38.58 38.57 38.56 38.53 38.56 38.6 38.61 38.64 38.64 38.63 38.64 38.67 38.71 38.73 38.72 38.71 38.71
38.78 38.79 38.77 38.77 38.79 38.81 38.81 38.83 38.85 38.9 38.89 38.86 38.82 38.79 38.76 38.74 38.71 38.72 38.75 38.76 38.77 38.78 38.79 38.77 38.76 38.76 38.8 38.88 38.85 38.84 38.83 38.84 38.84 38.85 38.84 38.82 38.78 38.77 38.73 38.7 38.69 38.67 38.68 38.68 38.69 38.7 38.69 38.7 38.73 38.77 38.75 38.71 38.68 38.65 38.64 38.64 38.67 38.7 38.67 38.62 38.61 38.59 38.62 38.6 38.53 38.54 38.6 38.61 38.63 38.64 38.63 38.64 38.66 38.7 38.74 38.73 38.72 38.72
38.77 38.78 38.76 38.77 38.79 38.8 38.8 38.79 38.81 38.88 38.86 38.84 38.82 38.8 38.76 38.75 38.74 38.74 38.74 38.74 38.71 38.74 38.77 38.77 38.76 38.75 38.78 38.86 38.87 38.83 38.8 38.84 38.85 38.85 38.83 38.83 38.81 38.79 38.75 38.69 38.68 38.67 38.68 38.7 38.7 38.7 38.7 38.71 38.72 38.75 38.77 38.71 38.68 38.63 38.63 38.63 38.66 38.67 38.63 38.62 38.61 38.6 38.63 38.6 38.54 38.54 38.59 38.59 38.6 38.64 38.64 38.64 38.67 38.71 38.74 38.73 38.72 38.72
38.79 38.79 38.78 38.77 38.79 38.8 38.8 38.78 38.77 38.8 38.81 38.82 38.81 38.8 38.77 38.76 38.77 38.75 38.72 38.7 38.67 38.71 38.77 38.76 38.77 38.75 38.75 38.82 38.88 38.83 38.79 38.82 38.82 38.83 38.81 38.81 38.81 38.79 38.74 38.69 38.68 38.68 38.67 38.68 38.68 38.69 38.68 38.7 38.72 38.75 38.75 38.7 38.68 38.64 38.63 38.64 38.67 38.65 38.6 38.59 38.6 38.6 38.63 38.61 38.57 38.54 38.56 38.57 38.59 38.61 38.63 38.65 38.69 38.72 38.72 38.73 38.72 38.72
38.83 38.81 38.8 38.78 38.8 38.81 38.8 38.78 38.76 38.77 38.79 38.81 38.79 38.79 38.76 38.75 38.76 38.74 38.71 38.68 38.68 38.71 38.76 38.76 38.78 38.76 38.75 38.8 38.85 38.83 38.79 38.77 38.79 38.82 38.81 38.8 38.8 38.78 38.74 38.72 38.71 38.69 38.66 38.65 38.66 38.68 38.69 38.7 38.73 38.78 38.76 38.72 38.69 38.64 38.62 38.65 38.7 38.67 38.62 38.62 38.6 38.59 38.62 38.61 38.57 38.53 38.52 38.54 38.58 38.62 38.65 38.67 38.69 38.72 38.72 38.73 38.74 38.75
38.81 38.8 38.79 38.77 38.79 38.8 38.8 38.79 38.77 38.78 38.81 38.82 38.8 38.78 38.75 38.74 38.76 38.74 38.71 38.69 38.69 38.71 38.74 38.75 38.77 38.77 38.77 38.78 38.81 38.81 38.79 38.75 38.77 38.82 38.81 38.79 38.79 38.78 38.76 38.74 38.72 38.68 38.65 38.65 38.67 38.71 38.74 38.72 38.75 38.77 38.75 38.74 38.7 38.63 38.61 38.65 38.7 38.69 38.69 38.66 38.61 38.6 38.62 38.61 38.57 38.51 38.48 38.52 38.58 38.63 38.64 38.66 38.68 38.7 38.72 38.73 38.76 38.76
38.78 38.8 38.79 38.76 38.77 38.78 38.8 38.8 38.79 38.8 38.82 38.84 38.81 38.79 38.76 38.74 38.75 38.74 38.72 38.68 38.67 38.68 38.72 38.73 38.75 38.75 38.75 38.76 38.77 38.79 38.78 38.76 38.77 38.8 38.81 38.8 38.79 38.76 38.74 38.74 38.73 38.68 38.64 38.63 38.66 38.7 38.71 38.68 38.7 38.72 38.73 38.72 38.7 38.64 38.62 38.64 38.68 38.69 38.7 38.66 38.61 38.62 38.61 38.6 38.56 38.51 38.49 38.52 38.58 38.62 38.62 38.66 38.67 38.68 38.7 38.73 38.76 38.74
38.78 38.79 38.79 38.76 38.74 38.75 38.77 38.79 38.8 38.81 38.84 38.84 38.83 38.81 38.77 38.75 38.72 38.72 38.72 38.68 38.67 38.67 38.71 38.73 38.73 38.72 38.72 38.74 38.77 38.8 38.81 38.8 38.79 38.8 38.81 38.8 38.78 38.73 38.73 38.76 38.75 38.73 38.72 38.67 38.64 38.66 38.68 38.69 38.71 38.71 38.71 38.72 38.72 38.69 38.62 38.63 38.66 38.68 38.7 38.66 38.62 38.61 38.61 38.6 38.58 38.54 38.53 38.52 38.55 38.59 38.59 38.65 38.68 38.66 38.68 38.72 38.74 38.71
38.78 38.79 38.8 38.75 38.73 38.73 38.75 38.78 38.81 38.82 38.85 38.84 38.84 38.83 38.8 38.78 38.71 38.72 38.72 38.68 38.67 38.69 38.73 38.73 38.72 38.7 38.72 38.77 38.8 38.83 38.82 38.8 38.79 38.79 38.82 38.8 38.77 38.72 38.73 38.75 38.76 38.75 38.76 38.72 38.65 38.65 38.69 38.71 38.72 38.72 38.72 38.73 38.75 38.71 38.63 38.63 38.66 38.69 38.72 38.69 38.63 38.62 38.63 38.63 38.61 38.57 38.55 38.51 38.53 38.57 38.57 38.63 38.66 38.68 38.69 38.72 38.73 38.72
38.81 38.82 38.81 38.76 38.73 38.73 38.75 38.79 38.8 38.82 38.85 38.86 38.84 38.83 38.82 38.79 38.73 38.7 38.72 38.68 38.68 38.7 38.72 38.68 38.7 38.73 38.75 38.79 38.81 38.83 38.81 38.79 38.78 38.78 38.81 38.79 38.77 38.74 38.74 38.76 38.76 38.73 38.74 38.72 38.67 38.64 38.68 38.7 38.72 38.71 38.71 38.72 38.74 38.7 38.62 38.64 38.68 38.72 38.71 38.69 38.65 38.63 38.64 38.63 38.61 38.59 38.55 38.5 38.52 38.54 38.57 38.62 38.64 38.69 38.7 38.73 38.74 38.73
38.83 38.82 38.8 38.77 38.78 38.76 38.76 38.77 38.78 38.79 38.84 38.86 38.84 38.84 38.82 38.77 38.74 38.7 38.72 38.69 38.68 38.67 38.66 38.64 38.67 38.74 38.77 38.78 38.79 38.82 38.84 38.82 38.79 38.77 38.78 38.79 38.79 38.77 38.74 38.74 38.74 38.73 38.74 38.73 38.68 38.64 38.66 38.69 38.72 38.71 38.71 38.72 38.73 38.7 38.64 38.68 38.72 38.73 38.69 38.68 38.65 38.63 38.62 38.6 38.59 38.61 38.57 38.5 38.5 38.52 38.55 38.61 38.65 38.69 38.69 38.71 38.74 38.74
38.84 38.81 38.75 38.75 38.8 38.78 38.74 38.74 38.76 38.78 38.82 38.82 38.84 38.86 38.85 38.79 38.76 38.72 38.72 38.7 38.68 38.66 38.63 38.62 38.67 38.73 38.75 38.78 38.79 38.81 38.82 38.8 38.78 38.76 38.78 38.79 38.82 38.78 38.72 38.71 38.72 38.74 38.73 38.71 38.65 38.63 38.66 38.68 38.71 38.7 38.73 38.74 38.74 38.73 38.72 38.73 38.72 38.72 38.71 38.67 38.62 38.62 38.61 38.58 38.58 38.61 38.58 38.52 38.49 38.51 38.54 38.62 38.65 38.69 38.69 38.71 38.72 38.72
38.83 38.8 38.75 38.74 38.79 38.77 38.75 38.75 38.76 38.78 38.79 38.79 38.81 38.87 38.87 38.82 38.78 38.72 38.72 38.74 38.73 38.7 38.63 38.62 38.67 38.73 38.77 38.8 38.79 38.8 38.8 38.78 38.76 38.75 38.77 38.8 38.83 38.79 38.73 38.72 38.72 38.72 38.7 38.67 38.63 38.63 38.67 38.67 38.67 38.67 38.71 38.72 38.75 38.76 38.77 38.75 38.69 38.69 38.69 38.68 38.61 38.61 38.6 38.59 38.6 38.6 38.57 38.51 38.48 38.5 38.54 38.6 38.63 38.67 38.68 38.7 38.72 38.72
38.81 38.8 38.79 38.78 38.78 38.76 38.78 38.82 38.82 38.8 38.78 38.78 38.8 38.85 38.87 38.82 38.78 38.72 38.69 38.71 38.71 38.69 38.64 38.66 38.68 38.73 38.76 38.77 38.78 38.8 38.82 38.8 38.75 38.74 38.75 38.78 38.83 38.83 38.79 38.77 38.75 38.74 38.71 38.68 38.62 38.62 38.69 38.67 38.64 38.64 38.65 38.69 38.73 38.74 38.75 38.76 38.7 38.68 38.7 38.7 38.64 38.62 38.63 38.62 38.61 38.6 38.57 38.51 38.47 38.48 38.53 38.6 38.62 38.63 38.65 38.7 38.73 38.73
38.78 38.78 38.79 38.8 38.77 38.73 38.76 38.83 38.82 38.79 38.78 38.77 38.79 38.83 38.85 38.8 38.78 38.73 38.69 38.68 38.7 38.69 38.65 38.67 38.68 38.69 38.71 38.73 38.77 38.81 38.85 38.82 38.77 38.75 38.75 38.76 38.81 38.85 38.85 38.82 38.78 38.76 38.75 38.71 38.65 38.63 38.67 38.67 38.65 38.63 38.64 38.66 38.71 38.75 38.76 38.75 38.7 38.69 38.7 38.7 38.66 38.64 38.63 38.62 38.6 38.59 38.58 38.53 38.47 38.46 38.51 38.6 38.63 38.63 38.65 38.69 38.72 38.71
38.76 38.75 38.77 38.82 38.8 38.73 38.72 38.78 38.78 38.78 38.79 38.76 38.77 38.81 38.83 38.83 38.81 38.78 38.73 38.69 38.71 38.68 38.63 38.64 38.67 38.68 38.68 38.71 38.76 38.8 38.84 38.82 38.79 38.78 38.78 38.77 38.77 38.81 38.84 38.82 38.78 38.75 38.73 38.73 38.69 38.65 38.67 38.68 38.66 38.63 38.63 38.64 38.7 38.76 38.76 38.73 38.67 38.67 38.69 38.72 38.68 38.62 38.62 38.62 38.6 38.58 38.57 38.53 38.49 38.48 38.5 38.58 38.62 38.63 38.64 38.68 38.69 38.69
38.77 38.75 38.78 38.83 38.81 38.75 38.71 38.74 38.75 38.76 38.79 38.78 38.8 38.81 38.82 38.86 38.85 38.81 38.74 38.7 38.71 38.67 38.61 38.62 38.67 38.71 38.71 38.72 38.74 38.76 38.8 38.79 38.79 38.78 38.79 38.77 38.75 38.77 38.79 38.78 38.78 38.79 38.75 38.73 38.7 38.68 38.68 38.68 38.66 38.65 38.65 38.65 38.7 38.73 38.74 38.73 38.69 38.7 38.7 38.7 38.67 38.62 38.61 38.61 38.61 38.59 38.57 38.53 38.51 38.5 38.49 38.54 38.59 38.6 38.62 38.66 38.67 38.68
38.78 38.76 38.78 38.8 38.8 38.77 38.73 38.71 38.72 38.74 38.77 38.8 38.82 38.82 38.79 38.83 38.83 38.81 38.73 38.7 38.7 38.68 38.64 38.64 38.68 38.72 38.72 38.73 38.73 38.72 38.75 38.77 38.79 38.78 38.78 38.76 38.74 38.75 38.78 38.79 38.79 38.8 38.78 38.74 38.73 38.7 38.69 38.68 38.69 38.68 38.67 38.65 38.68 38.72 38.74 38.75 38.7 38.68 38.67 38.68 38.69 38.63 38.61 38.61 38.64 38.61 38.57 38.53 38.51 38.5 38.49 38.53 38.58 38.59 38.6 38.65 38.67 38.67
38.79 38.76 38.78 38.78 38.79 38.78 38.74 38.7 38.7 38.71 38.75 38.8 38.81 38.81 38.77 38.78 38.81 38.8 38.74 38.72 38.71 38.68 38.65 38.66 38.68 38.7 38.71 38.72 38.71 38.71 38.72 38.75 38.8 38.79 38.77 38.75 38.74 38.76 38.78 38.79 38.79 38.79 38.78 38.76 38.74 38.69 38.68 38.69 38.71 38.67 38.66 38.64 38.66 38.71 38.73 38.74 38.69 38.64 38.63 38.66 38.71 38.66 38.61 38.62 38.64 38.61 38.57 38.55 38.54 38.51 38.48 38.51 38.58 38.58 38.6 38.64 38.65 38.66
38.76 38.76 38.8 38.81 38.8 38.77 38.74 38.72 38.72 38.72 38.74 38.8 38.8 38.8 38.78 38.78 38.81 38.79 38.75 38.73 38.71 38.68 38.65 38.66 38.67 38.69 38.73 38.73 38.73 38.72 38.72 38.72 38.76 38.8 38.8 38.77 38.73 38.76 38.77 38.77 38.76 38.77 38.76 38.76 38.74 38.7 38.68 38.68 38.7 38.67 38.66 38.65 38.66 38.68 38.7 38.72 38.69 38.64 38.62 38.64 38.72 38.7 38.64 38.62 38.62 38.59 38.58 38.58 38.59 38.55 38.49 38.48 38.53 38.54 38.58 38.63 38.64 38.63
38.76 38.76 38.79 38.79 38.79 38.77 38.74 38.73 38.74 38.75 38.77 38.8 38.79 38.79 38.8 38.81 38.81 38.8 38.76 38.73 38.7 38.68 38.66 38.67 38.68 38.7 38.74 38.73 38.7 38.69 38.69 38.72 38.76 38.78 38.79 38.78 38.74 38.76 38.76 38.76 38.75 38.75 38.76 38.76 38.75 38.71 38.7 38.68 38.69 38.69 38.67 38.66 38.65 38.65 38.67 38.7 38.71 38.69 38.65 38.64 38.69 38.7 38.66 38.61 38.61 38.61 38.59 38.57 38.57 38.56 38.5 38.48 38.5 38.52 38.57 38.6 38.63 38.63
38.78 38.74 38.74 38.74 38.75 38.76 38.73 38.72 38.74 38.75 38.76 38.77 38.78 38.79 38.82 38.83 38.82 38.8 38.78 38.75 38.7 38.67 38.67 38.68 38.7 38.72 38.74 38.71 38.68 38.69 38.7 38.72 38.76 38.8 38.81 38.81 38.77 38.78 38.77 38.75 38.76 38.77 38.78 38.78 38.74 38.71 38.7 38.69 38.67 38.66 38.65 38.66 38.64 38.63 38.65 38.69 38.72 38.71 38.68 38.68 38.69 38.69 38.67 38.61 38.61 38.61 38.59 38.57 38.56 38.55 38.5 38.47 38.45 38.5 38.57 38.6 38.61 38.59
38.8 38.74 38.73 38.74 38.74 38.74 38.71 38.71 38.74 38.74 38.73 38.75 38.8 38.79 38.78 38.79 38.8 38.81 38.81 38.78 38.72 38.67 38.67 38.67 38.68 38.69 38.72 38.73 38.73 38.74 38.72 38.7 38.77 38.84 38.84 38.82 38.79 38.81 38.79 38.77 38.79 38.83 38.8 38.76 38.71 38.68 38.69 38.69 38.68 38.65 38.61 38.63 38.63 38.65 38.68 38.68 38.69 38.69 38.68 38.69 38.7 38.7 38.66 38.61 38.61 38.6 38.59 38.58 38.6 38.58 38.52 38.47 38.45 38.48 38.55 38.58 38.58 38.58
