slabs/88.grd
DSAA
631 301
647040 647670
4948100 4948400
32.99 42.24
[rows 34 to 67 of 301, columns 390 to 467 of 631]
39.28 39.29 39.23 39.25 39.33 39.31 39.29 39.28 39.26 39.23 39.27 39.23 39.14 39.23 39.26 39.25 39.26 39.32 39.38 39.35 39.27 39.31 39.35 39.42 39.33 39.2 39.2 39.21 39.21 39.13 39.12 39.11 39.07 39.12 39.11 39.1 39.14 39.13 39.13 39.14 39.15 39.14 39.12 39.08 39.09 39.07 39.07 39.11 39.07 39.06 39.04 39.05 39.05 39.07 39.09 39.07 39.12 39.13 39.14 39.18 39.16 39.16 39.19 39.21 39.2 39.21 39.22 39.23 39.24 39.24 39.23 39.28 39.27 39.24 39.23 39.2 39.19 39.2
39.25 39.24 39.23 39.25 39.3 39.28 39.27 39.27 39.25 39.21 39.22 39.19 39.14 39.21 39.2 39.2 39.3 39.47 39.46 39.4 39.28 39.3 39.36 39.42 39.37 39.24 39.22 39.21 39.19 39.14 39.13 39.11 39.1 39.09 39.1 39.11 39.14 39.13 39.14 39.15 39.16 39.15 39.15 39.13 39.1 39.09 39.11 39.11 39.09 39.09 39.07 39.06 39.07 39.08 39.09 39.08 39.1 39.13 39.16 39.2 39.19 39.17 39.18 39.2 39.21 39.23 39.24 39.23 39.23 39.24 39.24 39.28 39.28 39.27 39.23 39.21 39.21 39.2
39.23 39.22 39.24 39.25 39.25 39.23 39.25 39.25 39.24 39.22 39.19 39.16 39.15 39.19 39.18 39.2 39.36 39.58 39.56 39.49 39.34 39.31 39.33 39.37 39.4 39.27 39.24 39.18 39.15 39.13 39.14 39.13 39.1 39.07 39.07 39.1 39.13 39.13 39.14 39.15 39.17 39.17 39.18 39.17 39.14 39.11 39.12 39.11 39.08 39.08 39.09 39.07 39.08 39.08 39.08 39.1 39.11 39.13 39.16 39.19 39.19 39.2 39.2 39.22 39.23 39.24 39.26 39.25 39.26 39.26 39.27 39.28 39.29 39.3 39.23 39.23 39.24 39.21
39.24 39.22 39.23 39.23 39.22 39.21 39.23 39.24 39.23 39.21 39.19 39.16 39.16 39.16 39.17 39.21 39.36 39.56 39.58 39.55 39.4 39.34 39.34 39.36 39.38 39.28 39.25 39.2 39.15 39.12 39.12 39.11 39.13 39.12 39.08 39.08 39.11 39.11 39.14 39.19 39.21 39.18 39.14 39.15 39.15 39.16 39.17 39.13 39.11 39.1 39.11 39.09 39.09 39.09 39.1 39.13 39.13 39.14 39.17 39.18 39.19 39.22 39.22 39.25 39.25 39.24 39.27 39.27 39.28 39.28 39.29 39.3 39.3 39.29 39.24 39.24 39.24 39.22
39.26 39.22 39.23 39.22 39.22 39.23 39.24 39.25 39.22 39.22 39.21 39.18 39.16 39.15 39.15 39.21 39.33 39.48 39.52 39.53 39.38 39.35 39.34 39.33 39.36 39.34 39.33 39.29 39.21 39.19 39.12 39.06 39.12 39.11 39.1 39.09 39.09 39.09 39.11 39.18 39.19 39.17 39.12 39.14 39.15 39.16 39.18 39.15 39.13 39.13 39.12 39.1 39.1 39.1 39.12 39.14 39.15 39.15 39.19 39.21 39.22 39.23 39.23 39.26 39.27 39.26 39.28 39.28 39.28 39.29 39.28 39.29 39.29 39.25 39.25 39.28 39.27 39.22
39.24 39.21 39.22 39.23 39.24 39.27 39.26 39.27 39.21 39.21 39.2 39.17 39.16 39.17 39.17 39.23 39.29 39.35 39.39 39.41 39.33 39.37 39.36 39.31 39.4 39.48 39.49 39.48 39.36 39.29 39.17 39.11 39.1 39.1 39.1 39.11 39.11 39.1 39.12 39.16 39.16 39.16 39.14 39.14 39.15 39.16 39.18 39.18 39.15 39.15 39.12 39.13 39.13 39.12 39.15 39.14 39.14 39.16 39.19 39.22 39.23 39.24 39.24 39.26 39.28 39.27 39.28 39.3 39.29 39.27 39.28 39.28 39.28 39.26 39.24 39.26 39.27 39.24
39.2 39.19 39.2 39.24 39.26 39.28 39.29 39.27 39.22 39.18 39.19 39.18 39.15 39.18 39.18 39.2 39.22 39.23 39.27 39.34 39.33 39.33 39.35 39.35 39.52 39.57 39.61 39.56 39.44 39.36 39.2 39.13 39.13 39.13 39.12 39.11 39.11 39.1 39.12 39.15 39.18 39.2 39.18 39.17 39.17 39.17 39.2 39.2 39.17 39.17 39.14 39.16 39.16 39.14 39.16 39.14 39.14 39.15 39.17 39.22 39.22 39.23 39.26 39.23 39.26 39.27 39.28 39.29 39.28 39.26 39.29 39.3 39.28 39.27 39.26 39.26 39.25 39.25
39.19 39.18 39.19 39.23 39.27 39.3 39.3 39.26 39.24 39.2 39.21 39.22 39.19 39.19 39.19 39.21 39.23 39.23 39.25 39.29 39.32 39.33 39.33 39.36 39.55 39.58 39.63 39.56 39.42 39.34 39.19 39.15 39.17 39.17 39.14 39.11 39.1 39.11 39.11 39.14 39.18 39.24 39.24 39.2 39.19 39.16 39.16 39.18 39.18 39.18 39.16 39.16 39.16 39.15 39.15 39.15 39.16 39.17 39.18 39.22 39.22 39.22 39.25 39.24 39.25 39.28 39.27 39.28 39.28 39.27 39.3 39.29 39.26 39.27 39.28 39.27 39.23 39.25
39.22 39.23 39.22 39.22 39.25 39.27 39.27 39.25 39.22 39.23 39.22 39.21 39.16 39.17 39.2 39.21 39.2 39.15 39.18 39.23 39.27 39.28 39.28 39.34 39.49 39.54 39.6 39.48 39.36 39.3 39.19 39.18 39.19 39.19 39.18 39.14 39.11 39.12 39.12 39.13 39.16 39.25 39.3 39.22 39.21 39.16 39.13 39.17 39.18 39.2 39.15 39.16 39.15 39.14 39.17 39.2 39.17 39.18 39.2 39.22 39.22 39.22 39.26 39.26 39.28 39.29 39.28 39.28 39.27 39.27 39.3 39.29 39.27 39.28 39.27 39.27 39.24 39.26
39.23 39.23 39.21 39.2 39.24 39.24 39.25 39.25 39.24 39.22 39.21 39.2 39.17 39.17 39.19 39.2 39.17 39.14 39.15 39.19 39.24 39.26 39.28 39.32 39.41 39.46 39.51 39.3 39.25 39.23 39.2 39.21 39.19 39.21 39.27 39.21 39.13 39.13 39.14 39.12 39.16 39.27 39.3 39.24 39.24 39.22 39.21 39.22 39.22 39.19 39.17 39.17 39.17 39.17 39.18 39.2 39.19 39.2 39.21 39.23 39.22 39.23 39.25 39.26 39.28 39.28 39.29 39.28 39.27 39.26 39.28 39.29 39.28 39.27 39.28 39.29 39.26 39.27
39.23 39.24 39.24 39.22 39.26 39.23 39.23 39.2 39.23 39.17 39.17 39.16 39.17 39.18 39.2 39.2 39.14 39.12 39.12 39.16 39.23 39.24 39.26 39.31 39.35 39.38 39.4 39.17 39.18 39.19 39.23 39.26 39.22 39.26 39.36 39.26 39.19 39.16 39.16 39.15 39.17 39.26 39.29 39.26 39.25 39.22 39.18 39.15 39.18 39.19 39.2 39.2 39.19 39.17 39.17 39.18 39.19 39.21 39.22 39.23 39.22 39.25 39.27 39.27 39.28 39.29 39.32 39.3 39.28 39.27 39.29 39.28 39.27 39.27 39.29 39.28 39.28 39.25
39.21 39.22 39.24 39.23 39.24 39.19 39.2 39.21 39.22 39.17 39.15 39.14 39.19 39.18 39.18 39.17 39.13 39.12 39.12 39.14 39.22 39.23 39.24 39.3 39.33 39.33 39.35 39.23 39.2 39.24 39.3 39.35 39.3 39.31 39.33 39.3 39.26 39.23 39.22 39.16 39.18 39.22 39.24 39.29 39.27 39.22 39.22 39.21 39.22 39.22 39.23 39.22 39.2 39.19 39.2 39.19 39.2 39.23 39.24 39.23 39.23 39.26 39.28 39.28 39.29 39.28 39.31 39.29 39.28 39.28 39.31 39.28 39.28 39.28 39.28 39.26 39.26 39.23
39.24 39.23 39.25 39.24 39.24 39.21 39.21 39.2 39.21 39.2 39.16 39.14 39.21 39.21 39.21 39.18 39.14 39.14 39.13 39.16 39.2 39.24 39.25 39.27 39.31 39.31 39.35 39.34 39.24 39.28 39.32 39.36 39.36 39.33 39.29 39.32 39.31 39.3 39.27 39.17 39.19 39.21 39.19 39.22 39.23 39.24 39.26 39.23 39.23 39.23 39.23 39.21 39.2 39.21 39.22 39.21 39.2 39.22 39.25 39.23 39.22 39.26 39.26 39.26 39.26 39.27 39.28 39.26 39.26 39.28 39.29 39.28 39.29 39.29 39.27 39.26 39.23 39.22
39.26 39.25 39.27 39.25 39.23 39.22 39.2 39.17 39.16 39.18 39.2 39.16 39.23 39.23 39.23 39.21 39.16 39.15 39.16 39.2 39.21 39.26 39.29 39.28 39.34 39.33 39.33 39.33 39.27 39.29 39.27 39.29 39.31 39.32 39.33 39.37 39.35 39.35 39.28 39.21 39.21 39.23 39.21 39.21 39.22 39.25 39.22 39.23 39.21 39.23 39.23 39.23 39.21 39.22 39.22 39.22 39.21 39.21 39.21 39.2 39.21 39.24 39.24 39.24 39.25 39.27 39.27 39.27 39.27 39.28 39.27 39.27 39.28 39.27 39.25 39.24 39.22 39.24
39.24 39.24 39.25 39.24 39.25 39.24 39.22 39.15 39.13 39.16 39.23 39.23 39.22 39.22 39.22 39.21 39.2 39.2 39.21 39.21 39.27 39.29 39.32 39.33 39.41 39.41 39.38 39.38 39.38 39.34 39.31 39.26 39.27 39.28 39.36 39.46 39.46 39.43 39.32 39.25 39.23 39.23 39.25 39.22 39.24 39.3 39.25 39.22 39.2 39.22 39.24 39.25 39.23 39.22 39.21 39.22 39.23 39.22 39.18 39.18 39.21 39.24 39.24 39.26 39.27 39.28 39.28 39.29 39.29 39.27 39.28 39.27 39.26 39.24 39.23 39.23 39.23 39.26
39.23 39.22 39.25 39.26 39.28 39.27 39.25 39.19 39.16 39.17 39.24 39.29 39.23 39.23 39.22 39.23 39.27 39.28 39.25 39.19 39.29 39.29 39.3 39.29 39.33 39.37 39.35 39.37 39.36 39.32 39.31 39.28 39.29 39.26 39.36 39.5 39.53 39.52 39.44 39.34 39.27 39.21 39.21 39.21 39.24 39.3 39.28 39.26 39.23 39.23 39.24 39.25 39.25 39.24 39.22 39.22 39.23 39.22 39.18 39.19 39.22 39.25 39.25 39.27 39.29 39.28 39.28 39.28 39.29 39.31 39.29 39.26 39.25 39.24 39.23 39.24 39.23 39.25
39.22 39.23 39.26 39.27 39.27 39.25 39.24 39.21 39.19 39.2 39.23 39.25 39.24 39.22 39.21 39.23 39.26 39.25 39.24 39.27 39.31 39.26 39.22 39.28 39.29 39.31 39.31 39.33 39.35 39.37 39.35 39.31 39.31 39.29 39.36 39.52 39.56 39.55 39.5 39.41 39.33 39.2 39.2 39.22 39.25 39.29 39.3 39.28 39.26 39.23 39.22 39.24 39.27 39.25 39.24 39.24 39.25 39.22 39.2 39.21 39.22 39.23 39.23 39.26 39.26 39.25 39.26 39.26 39.3 39.3 39.28 39.27 39.27 39.25 39.24 39.21 39.22 39.24
39.22 39.23 39.24 39.26 39.22 39.2 39.2 39.2 39.19 39.2 39.24 39.22 39.22 39.24 39.24 39.23 39.21 39.19 39.23 39.29 39.31 39.31 39.27 39.28 39.28 39.32 39.34 39.35 39.36 39.39 39.38 39.36 39.36 39.33 39.37 39.51 39.54 39.51 39.45 39.4 39.35 39.22 39.23 39.24 39.29 39.3 39.31 39.29 39.26 39.25 39.23 39.25 39.27 39.26 39.24 39.25 39.26 39.22 39.23 39.24 39.23 39.21 39.23 39.23 39.24 39.24 39.25 39.26 39.3 39.26 39.26 39.26 39.27 39.26 39.25 39.23 39.24 39.24
39.19 39.21 39.22 39.26 39.23 39.2 39.21 39.2 39.18 39.19 39.22 39.19 39.21 39.24 39.25 39.23 39.23 39.23 39.29 39.34 39.34 39.31 39.28 39.33 39.31 39.32 39.36 39.38 39.37 39.39 39.37 39.4 39.41 39.37 39.35 39.47 39.47 39.42 39.34 39.34 39.3 39.23 39.22 39.23 39.27 39.3 39.32 39.29 39.26 39.27 39.28 39.28 39.3 39.29 39.24 39.25 39.26 39.21 39.18 39.22 39.24 39.22 39.23 39.25 39.24 39.25 39.27 39.27 39.3 39.28 39.28 39.27 39.26 39.25 39.26 39.25 39.28 39.25
39.16 39.17 39.16 39.17 39.18 39.18 39.21 39.2 39.17 39.18 39.2 39.18 39.24 39.25 39.26 39.24 39.23 39.24 39.3 39.36 39.36 39.31 39.28 39.33 39.33 39.32 39.39 39.42 39.41 39.41 39.39 39.42 39.43 39.39 39.34 39.4 39.37 39.35 39.28 39.27 39.23 39.2 39.21 39.22 39.25 39.27 39.26 39.25 39.23 39.24 39.29 39.28 39.32 39.31 39.29 39.26 39.23 39.23 39.2 39.23 39.23 39.21 39.22 39.24 39.24 39.26 39.27 39.27 39.28 39.28 39.27 39.26 39.25 39.25 39.27 39.26 39.26 39.26
39.18 39.18 39.17 39.18 39.18 39.17 39.2 39.2 39.19 39.17 39.16 39.23 39.24 39.22 39.22 39.25 39.24 39.24 39.3 39.36 39.35 39.28 39.27 39.31 39.32 39.35 39.43 39.49 39.47 39.43 39.39 39.41 39.42 39.42 39.38 39.34 39.3 39.33 39.29 39.27 39.23 39.19 39.22 39.23 39.24 39.24 39.28 39.27 39.25 39.23 39.29 39.28 39.27 39.29 39.29 39.28 39.26 39.23 39.22 39.23 39.23 39.2 39.21 39.22 39.25 39.27 39.27 39.27 39.26 39.27 39.26 39.26 39.25 39.26 39.27 39.24 39.24 39.26
39.27 39.24 39.2 39.2 39.16 39.17 39.19 39.22 39.21 39.19 39.16 39.22 39.22 39.19 39.18 39.21 39.21 39.23 39.28 39.33 39.33 39.28 39.26 39.29 39.33 39.41 39.48 39.52 39.52 39.45 39.38 39.39 39.45 39.5 39.46 39.41 39.32 39.33 39.33 39.31 39.28 39.23 39.28 39.28 39.29 39.26 39.3 39.32 39.31 39.3 39.32 39.27 39.22 39.27 39.28 39.29 39.25 39.22 39.23 39.23 39.23 39.22 39.21 39.2 39.23 39.26 39.26 39.26 39.26 39.25 39.25 39.25 39.25 39.27 39.25 39.22 39.22 39.25
39.31 39.29 39.24 39.19 39.19 39.2 39.19 39.2 39.2 39.18 39.16 39.19 39.18 39.13 39.14 39.16 39.16 39.18 39.23 39.29 39.32 39.3 39.27 39.3 39.34 39.5 39.56 39.59 39.58 39.52 39.42 39.43 39.51 39.56 39.52 39.47 39.35 39.3 39.26 39.25 39.25 39.24 39.26 39.27 39.29 39.27 39.29 39.3 39.31 39.29 39.29 39.25 39.22 39.27 39.27 39.28 39.25 39.22 39.23 39.22 39.2 39.23 39.22 39.21 39.21 39.25 39.24 39.24 39.25 39.25 39.26 39.23 39.22 39.24 39.22 39.2 39.21 39.21
39.33 39.32 39.25 39.22 39.23 39.23 39.2 39.19 39.19 39.18 39.17 39.16 39.15 39.1 39.1 39.14 39.14 39.15 39.21 39.24 39.26 39.26 39.24 39.27 39.35 39.55 39.69 39.71 39.68 39.53 39.45 39.44 39.51 39.56 39.53 39.49 39.37 39.31 39.28 39.28 39.26 39.25 39.27 39.26 39.26 39.26 39.3 39.3 39.31 39.29 39.3 39.28 39.23 39.28 39.28 39.28 39.26 39.25 39.23 39.22 39.19 39.23 39.22 39.21 39.22 39.25 39.24 39.24 39.23 39.25 39.24 39.22 39.19 39.18 39.18 39.18 39.23 39.22
39.3 39.35 39.29 39.25 39.26 39.24 39.2 39.2 39.19 39.19 39.18 39.18 39.18 39.15 39.14 39.17 39.17 39.18 39.22 39.2 39.2 39.2 39.24 39.26 39.36 39.54 39.73 39.75 39.73 39.57 39.47 39.48 39.53 39.57 39.56 39.52 39.4 39.27 39.3 39.31 39.31 39.28 39.3 39.28 39.27 39.26 39.29 39.31 39.3 39.31 39.32 39.32 39.29 39.3 39.3 39.28 39.27 39.26 39.25 39.22 39.2 39.22 39.2 39.2 39.21 39.23 39.23 39.22 39.23 39.22 39.21 39.2 39.18 39.17 39.18 39.19 39.25 39.24
39.26 39.38 39.35 39.26 39.26 39.23 39.19 39.2 39.19 39.17 39.17 39.22 39.22 39.2 39.17 39.22 39.23 39.24 39.26 39.23 39.23 39.21 39.25 39.28 39.35 39.45 39.65 39.69 39.72 39.6 39.49 39.48 39.49 39.57 39.55 39.52 39.43 39.3 39.28 39.29 39.32 39.35 39.35 39.3 39.26 39.24 39.26 39.3 39.32 39.33 39.34 39.35 39.35 39.31 39.3 39.27 39.28 39.25 39.25 39.21 39.19 39.22 39.21 39.19 39.2 39.2 39.21 39.2 39.22 39.21 39.18 39.18 39.2 39.2 39.21 39.23 39.23 39.22
39.22 39.38 39.38 39.25 39.25 39.25 39.22 39.22 39.2 39.17 39.21 39.23 39.22 39.19 39.15 39.23 39.25 39.29 39.31 39.31 39.27 39.24 39.26 39.3 39.33 39.37 39.52 39.58 39.67 39.6 39.5 39.48 39.45 39.54 39.54 39.51 39.44 39.35 39.3 39.28 39.3 39.34 39.38 39.34 39.29 39.26 39.26 39.29 39.32 39.34 39.34 39.35 39.33 39.3 39.28 39.27 39.27 39.24 39.24 39.18 39.19 39.2 39.2 39.2 39.22 39.2 39.19 39.16 39.19 39.19 39.19 39.19 39.21 39.2 39.18 39.23 39.21 39.19
39.2 39.36 39.4 39.29 39.27 39.25 39.27 39.26 39.24 39.21 39.19 39.21 39.19 39.2 39.26 39.25 39.26 39.29 39.26 39.26 39.21 39.2 39.24 39.28 39.31 39.32 39.39 39.45 39.56 39.55 39.49 39.47 39.42 39.46 39.5 39.48 39.43 39.35 39.31 39.27 39.31 39.36 39.41 39.38 39.34 39.3 39.28 39.27 39.3 39.35 39.36 39.37 39.29 39.28 39.27 39.27 39.26 39.28 39.26 39.2 39.19 39.19 39.19 39.18 39.21 39.2 39.18 39.14 39.18 39.17 39.19 39.21 39.19 39.19 39.19 39.23 39.2 39.17
39.17 39.33 39.41 39.33 39.3 39.25 39.28 39.33 39.28 39.21 39.17 39.18 39.2 39.22 39.25 39.26 39.28 39.3 39.22 39.22 39.23 39.22 39.24 39.26 39.31 39.36 39.35 39.37 39.44 39.46 39.44 39.44 39.43 39.42 39.44 39.43 39.41 39.31 39.28 39.24 39.3 39.4 39.42 39.41 39.36 39.32 39.28 39.24 39.3 39.34 39.36 39.38 39.31 39.27 39.25 39.25 39.25 39.27 39.23 39.23 39.2 39.19 39.19 39.18 39.17 39.18 39.16 39.15 39.17 39.17 39.18 39.2 39.17 39.17 39.2 39.22 39.18 39.17
39.12 39.27 39.4 39.34 39.29 39.24 39.29 39.31 39.29 39.24 39.23 39.22 39.22 39.26 39.24 39.24 39.28 39.29 39.23 39.23 39.25 39.24 39.24 39.26 39.32 39.38 39.37 39.35 39.38 39.39 39.38 39.42 39.46 39.42 39.4 39.38 39.41 39.3 39.26 39.21 39.26 39.37 39.41 39.41 39.34 39.32 39.29 39.29 39.3 39.31 39.32 39.35 39.32 39.26 39.25 39.28 39.32 39.31 39.25 39.21 39.22 39.21 39.21 39.19 39.15 39.15 39.15 39.14 39.15 39.15 39.17 39.18 39.17 39.17 39.2 39.21 39.16 39.16
39.11 39.21 39.37 39.37 39.29 39.22 39.25 39.26 39.26 39.24 39.25 39.24 39.23 39.26 39.27 39.25 39.24 39.25 39.22 39.22 39.25 39.29 39.23 39.24 39.29 39.39 39.39 39.36 39.36 39.35 39.34 39.4 39.47 39.45 39.42 39.38 39.4 39.32 39.27 39.23 39.28 39.36 39.39 39.39 39.33 39.34 39.33 39.32 39.31 39.3 39.31 39.34 39.33 39.3 39.26 39.27 39.29 39.27 39.23 39.19 39.2 39.2 39.21 39.19 39.17 39.17 39.14 39.12 39.11 39.13 39.15 39.16 39.16 39.15 39.17 39.18 39.15 39.14
39.15 39.18 39.32 39.35 39.31 39.24 39.25 39.26 39.26 39.25 39.24 39.23 39.25 39.28 39.27 39.25 39.21 39.21 39.21 39.2 39.22 39.28 39.25 39.23 39.26 39.38 39.4 39.39 39.37 39.36 39.35 39.37 39.46 39.48 39.43 39.38 39.38 39.33 39.32 39.29 39.27 39.27 39.3 39.32 39.32 39.32 39.34 39.29 39.3 39.26 39.3 39.33 39.34 39.31 39.22 39.23 39.24 39.23 39.22 39.21 39.2 39.2 39.19 39.2 39.18 39.17 39.14 39.11 39.09 39.11 39.15 39.15 39.14 39.14 39.15 39.14 39.14 39.13
39.16 39.16 39.25 39.28 39.32 39.28 39.26 39.26 39.27 39.24 39.25 39.25 39.28 39.27 39.24 39.22 39.2 39.19 39.22 39.21 39.21 39.23 39.27 39.25 39.25 39.32 39.37 39.43 39.4 39.4 39.38 39.34 39.4 39.45 39.43 39.41 39.43 39.42 39.41 39.37 39.31 39.29 39.28 39.3 39.31 39.27 39.26 39.22 39.22 39.22 39.26 39.3 39.29 39.26 39.2 39.22 39.24 39.21 39.23 39.21 39.19 39.17 39.17 39.19 39.18 39.16 39.14 39.1 39.1 39.1 39.13 39.13 39.13 39.15 39.14 39.12 39.13 39.12
39.18 39.16 39.21 39.24 39.32 39.33 39.29 39.27 39.28 39.27 39.27 39.28 39.3 39.27 39.21 39.19 39.19 39.2 39.23 39.23 39.23 39.21 39.24 39.24 39.24 39.29 39.34 39.41 39.36 39.42 39.38 39.33 39.4 39.41 39.4 39.33 39.38 39.47 39.41 39.37 39.36 39.31 39.27 39.3 39.37 39.33 39.26 39.21 39.18 39.19 39.22 39.25 39.24 39.22 39.2 39.21 39.22 39.2 39.21 39.19 39.16 39.15 39.15 39.17 39.18 39.15 39.12 39.1 39.08 39.09 39.11 39.1 39.1 39.14 39.14 39.12 39.11 39.1
