slabs/88.grd
DSAA
631 301
647040 647670
4948100 4948400
32.99 42.24
[rows 204 to 237 of 301, columns 156 to 233 of 631]
39.75 39.75 39.72 39.56 39.53 39.49 39.49 39.48 39.47 39.49 39.57 39.59 39.6 39.58 39.61 39.69 39.96 40.35 40.69 40.93 41.46 41.83 41.99 42.04 42.13 42.16 42.15 42.15 42.15 42.12 42.09 41.96 41.65 41.32 41.16 40.81 40.39 40.04 39.91 39.6 39.34 39.26 39.24 39.2 39.16 39.14 39.14 39.14 39.15 39.16 39.15 39.16 39.2 39.22 39.23 39.25 39.28 39.29 39.3 39.32 39.35 39.36 39.39 39.43 39.46 39.47 39.47 39.43 39.35 39.35 39.34 39.3 39.31 39.3 39.29 39.26 39.24 39.25
39.74 39.75 39.7 39.55 39.53 39.5 39.5 39.5 39.52 39.56 39.61 39.61 39.6 39.63 39.74 39.88 40.26 40.77 41.21 41.42 41.83 42.05 42.13 42.14 42.15 42.14 42.12 42.13 42.09 41.99 41.9 41.59 41.16 40.83 40.66 40.25 39.86 39.56 39.48 39.32 39.23 39.22 39.2 39.17 39.15 39.15 39.15 39.17 39.18 39.18 39.16 39.16 39.2 39.21 39.23 39.26 39.3 39.3 39.3 39.32 39.36 39.36 39.38 39.41 39.44 39.46 39.47 39.43 39.38 39.37 39.33 39.3 39.31 39.3 39.28 39.25 39.25 39.25
39.7 39.67 39.64 39.57 39.53 39.5 39.52 39.54 39.59 39.61 39.58 39.57 39.59 39.76 40.03 40.24 40.74 41.26 41.67 41.81 42.03 42.09 42.12 42.13 42.14 42.12 42.1 42.03 41.87 41.65 41.51 41.12 40.66 40.35 40.17 39.77 39.49 39.34 39.3 39.24 39.2 39.19 39.19 39.17 39.17 39.16 39.18 39.2 39.19 39.19 39.19 39.19 39.22 39.22 39.23 39.25 39.27 39.27 39.28 39.31 39.34 39.36 39.38 39.41 39.43 39.44 39.45 39.44 39.41 39.38 39.34 39.31 39.29 39.29 39.29 39.28 39.27 39.24
39.68 39.63 39.59 39.59 39.56 39.5 39.53 39.55 39.6 39.6 39.59 39.61 39.73 40.06 40.48 40.74 41.3 41.7 41.95 42.02 42.12 42.11 42.1 42.11 42.11 42.07 41.99 41.78 41.5 41.17 41 40.61 40.2 39.92 39.77 39.46 39.31 39.25 39.24 39.23 39.2 39.2 39.2 39.2 39.21 39.21 39.23 39.25 39.23 39.23 39.22 39.22 39.25 39.25 39.25 39.24 39.26 39.26 39.28 39.31 39.32 39.34 39.37 39.4 39.42 39.43 39.45 39.45 39.42 39.38 39.34 39.31 39.3 39.3 39.29 39.29 39.27 39.24
39.72 39.68 39.59 39.58 39.56 39.53 39.56 39.6 39.63 39.62 39.66 39.72 39.98 40.49 41 41.24 41.72 41.97 42.06 42.08 42.1 42.1 42.09 42.1 42.08 41.93 41.8 41.45 41.04 40.67 40.51 40.14 39.8 39.58 39.49 39.31 39.24 39.21 39.21 39.22 39.23 39.23 39.22 39.22 39.23 39.26 39.3 39.3 39.29 39.28 39.26 39.25 39.25 39.25 39.24 39.24 39.25 39.26 39.28 39.31 39.34 39.34 39.35 39.37 39.42 39.42 39.45 39.46 39.44 39.39 39.35 39.33 39.32 39.3 39.3 39.29 39.28 39.25
39.72 39.71 39.63 39.59 39.53 39.52 39.61 39.64 39.66 39.64 39.73 39.87 40.31 40.9 41.36 41.56 41.93 42.1 42.11 42.09 42.08 42.08 42.08 42.08 41.97 41.67 41.47 41.02 40.55 40.19 40.05 39.76 39.51 39.36 39.32 39.24 39.21 39.22 39.23 39.25 39.24 39.24 39.24 39.23 39.25 39.28 39.32 39.31 39.3 39.29 39.28 39.28 39.26 39.26 39.25 39.23 39.24 39.24 39.26 39.29 39.31 39.32 39.34 39.36 39.4 39.41 39.44 39.46 39.44 39.4 39.36 39.33 39.32 39.31 39.31 39.29 39.28 39.26
39.69 39.66 39.64 39.6 39.5 39.51 39.65 39.66 39.66 39.68 39.79 40.03 40.62 41.22 41.57 41.77 42.03 42.14 42.13 42.1 42.07 42.06 42.05 41.95 41.64 41.17 40.95 40.48 40.06 39.77 39.64 39.46 39.33 39.24 39.24 39.24 39.25 39.26 39.28 39.28 39.26 39.26 39.25 39.25 39.28 39.29 39.32 39.3 39.29 39.28 39.27 39.27 39.27 39.27 39.26 39.24 39.26 39.25 39.26 39.28 39.28 39.3 39.33 39.36 39.37 39.39 39.42 39.45 39.44 39.4 39.36 39.31 39.31 39.31 39.3 39.28 39.28 39.26
39.69 39.62 39.6 39.57 39.52 39.54 39.65 39.64 39.64 39.74 39.93 40.23 40.89 41.43 41.67 41.95 42.09 42.13 42.12 42.08 42.02 41.96 41.88 41.6 41.07 40.46 40.26 39.87 39.61 39.45 39.36 39.28 39.25 39.23 39.25 39.29 39.31 39.3 39.3 39.3 39.28 39.27 39.25 39.26 39.28 39.29 39.3 39.28 39.28 39.28 39.28 39.28 39.26 39.26 39.24 39.22 39.25 39.25 39.25 39.27 39.27 39.29 39.33 39.35 39.36 39.38 39.42 39.43 39.43 39.4 39.36 39.3 39.31 39.3 39.28 39.27 39.27 39.26
39.67 39.62 39.61 39.58 39.54 39.56 39.61 39.6 39.63 39.81 40.09 40.49 41.16 41.61 41.81 42.11 42.14 42.12 42.1 42.03 41.84 41.6 41.41 40.92 40.35 39.85 39.7 39.44 39.32 39.27 39.25 39.24 39.27 39.28 39.29 39.32 39.33 39.33 39.32 39.33 39.31 39.28 39.26 39.28 39.27 39.29 39.31 39.29 39.27 39.27 39.27 39.29 39.28 39.27 39.24 39.22 39.23 39.23 39.25 39.26 39.27 39.29 39.32 39.35 39.35 39.37 39.41 39.42 39.42 39.41 39.37 39.35 39.33 39.3 39.28 39.27 39.26 39.25
39.63 39.61 39.59 39.58 39.56 39.58 39.6 39.6 39.67 39.86 40.16 40.76 41.42 41.83 41.98 42.19 42.15 42.1 42.06 41.91 41.52 41.06 40.81 40.25 39.82 39.54 39.48 39.34 39.25 39.22 39.23 39.27 39.3 39.3 39.31 39.32 39.35 39.35 39.35 39.35 39.32 39.29 39.25 39.26 39.27 39.29 39.32 39.31 39.3 39.29 39.28 39.31 39.3 39.28 39.26 39.25 39.23 39.22 39.25 39.27 39.27 39.28 39.31 39.33 39.34 39.35 39.39 39.41 39.42 39.42 39.4 39.38 39.35 39.29 39.27 39.25 39.25 39.25
39.58 39.58 39.57 39.57 39.57 39.59 39.59 39.61 39.73 39.94 40.26 41.04 41.67 42.05 42.12 42.17 42.13 42.08 41.99 41.68 41.14 40.65 40.41 39.94 39.6 39.4 39.35 39.26 39.22 39.22 39.25 39.3 39.31 39.32 39.34 39.34 39.35 39.34 39.34 39.35 39.34 39.31 39.27 39.27 39.28 39.29 39.31 39.31 39.31 39.3 39.3 39.31 39.3 39.28 39.28 39.26 39.25 39.23 39.24 39.26 39.26 39.28 39.29 39.31 39.32 39.34 39.36 39.4 39.41 39.42 39.41 39.38 39.35 39.28 39.25 39.24 39.24 39.24
39.57 39.58 39.59 39.59 39.57 39.57 39.58 39.63 39.83 40.18 40.52 41.28 41.85 42.17 42.17 42.14 42.11 42.06 41.9 41.43 40.79 40.35 40.12 39.68 39.43 39.32 39.27 39.22 39.21 39.22 39.26 39.31 39.33 39.34 39.36 39.35 39.34 39.34 39.33 39.34 39.33 39.3 39.28 39.3 39.31 39.31 39.31 39.31 39.31 39.31 39.31 39.3 39.29 39.29 39.29 39.27 39.26 39.25 39.24 39.23 39.25 39.28 39.28 39.29 39.31 39.34 39.36 39.4 39.41 39.42 39.42 39.41 39.37 39.28 39.25 39.25 39.25 39.25
39.57 39.55 39.59 39.65 39.59 39.53 39.56 39.67 39.96 40.43 40.77 41.47 41.95 42.19 42.18 42.13 42.08 42 41.8 41.2 40.56 40.16 39.85 39.49 39.33 39.28 39.21 39.21 39.22 39.24 39.28 39.33 39.35 39.36 39.36 39.36 39.35 39.35 39.33 39.32 39.32 39.29 39.27 39.3 39.31 39.3 39.31 39.32 39.32 39.32 39.32 39.28 39.28 39.3 39.29 39.27 39.27 39.25 39.24 39.24 39.25 39.26 39.27 39.25 39.28 39.32 39.35 39.38 39.4 39.42 39.43 39.42 39.37 39.29 39.24 39.25 39.26 39.25
39.57 39.53 39.57 39.67 39.62 39.52 39.55 39.7 40.05 40.52 40.89 41.65 42.08 42.19 42.18 42.12 42.03 41.94 41.66 40.96 40.36 40.08 39.63 39.4 39.31 39.26 39.19 39.21 39.23 39.25 39.29 39.34 39.37 39.36 39.35 39.36 39.36 39.35 39.33 39.32 39.3 39.29 39.27 39.27 39.28 39.29 39.3 39.3 39.31 39.33 39.32 39.3 39.3 39.3 39.29 39.29 39.27 39.25 39.24 39.25 39.24 39.24 39.25 39.23 39.25 39.3 39.33 39.34 39.37 39.41 39.43 39.42 39.37 39.28 39.24 39.24 39.25 39.23
39.6 39.53 39.56 39.62 39.6 39.53 39.56 39.73 40.12 40.62 41.01 41.78 42.16 42.19 42.17 42.11 42.03 41.92 41.56 40.79 40.17 39.91 39.48 39.35 39.29 39.24 39.18 39.22 39.24 39.25 39.29 39.34 39.37 39.37 39.36 39.35 39.35 39.35 39.34 39.32 39.31 39.3 39.28 39.27 39.27 39.28 39.28 39.29 39.3 39.32 39.33 39.31 39.31 39.3 39.28 39.29 39.27 39.24 39.25 39.24 39.23 39.24 39.24 39.25 39.26 39.28 39.32 39.32 39.35 39.4 39.41 39.41 39.37 39.28 39.22 39.22 39.23 39.23
39.63 39.54 39.55 39.58 39.6 39.57 39.6 39.76 40.19 40.73 41.14 41.89 42.18 42.2 42.17 42.11 42.04 41.91 41.44 40.66 40.06 39.81 39.39 39.28 39.24 39.2 39.17 39.21 39.25 39.26 39.28 39.32 39.35 39.36 39.36 39.35 39.35 39.34 39.34 39.34 39.33 39.31 39.29 39.29 39.29 39.27 39.27 39.29 39.3 39.31 39.31 39.3 39.31 39.32 39.29 39.27 39.26 39.24 39.23 39.21 39.22 39.24 39.24 39.24 39.26 39.27 39.29 39.3 39.33 39.39 39.42 39.41 39.37 39.29 39.21 39.21 39.21 39.22
39.66 39.6 39.59 39.61 39.63 39.58 39.61 39.81 40.31 40.87 41.27 41.98 42.21 42.2 42.16 42.1 42.03 41.88 41.35 40.56 39.98 39.73 39.33 39.23 39.18 39.17 39.16 39.2 39.26 39.27 39.28 39.29 39.31 39.34 39.36 39.36 39.36 39.34 39.33 39.35 39.34 39.31 39.29 39.3 39.29 39.26 39.27 39.3 39.3 39.3 39.3 39.29 39.3 39.32 39.3 39.27 39.26 39.24 39.2 39.2 39.21 39.22 39.21 39.22 39.24 39.27 39.28 39.28 39.31 39.37 39.4 39.4 39.37 39.29 39.22 39.21 39.2 39.21
39.65 39.61 39.61 39.62 39.62 39.6 39.64 39.87 40.36 40.92 41.44 42.08 42.24 42.21 42.13 42.09 42.04 41.86 41.27 40.48 39.87 39.65 39.31 39.21 39.15 39.14 39.16 39.21 39.26 39.28 39.3 39.29 39.3 39.33 39.35 39.38 39.37 39.33 39.33 39.34 39.34 39.32 39.31 39.32 39.3 39.26 39.27 39.29 39.29 39.29 39.3 39.29 39.31 39.34 39.31 39.28 39.27 39.24 39.2 39.19 39.2 39.21 39.2 39.2 39.23 39.25 39.27 39.27 39.29 39.34 39.38 39.39 39.38 39.31 39.24 39.22 39.19 39.2
39.61 39.62 39.61 39.61 39.63 39.63 39.67 39.89 40.29 40.74 41.52 42.1 42.23 42.2 42.13 42.08 42.05 41.85 41.22 40.38 39.75 39.58 39.33 39.24 39.14 39.13 39.15 39.22 39.26 39.3 39.33 39.32 39.32 39.34 39.36 39.39 39.37 39.33 39.32 39.33 39.32 39.31 39.31 39.32 39.3 39.27 39.26 39.26 39.27 39.28 39.29 39.28 39.3 39.33 39.32 39.3 39.28 39.25 39.2 39.19 39.2 39.21 39.19 39.2 39.23 39.24 39.25 39.26 39.28 39.31 39.37 39.39 39.4 39.35 39.3 39.24 39.18 39.19
39.58 39.58 39.58 39.6 39.66 39.66 39.69 39.9 40.26 40.63 41.49 42.07 42.18 42.17 42.12 42.08 42.03 41.82 41.15 40.28 39.66 39.54 39.35 39.27 39.14 39.13 39.14 39.21 39.25 39.31 39.34 39.34 39.34 39.35 39.37 39.39 39.38 39.35 39.33 39.31 39.31 39.31 39.3 39.3 39.29 39.27 39.24 39.24 39.26 39.27 39.28 39.27 39.28 39.31 39.33 39.31 39.28 39.26 39.22 39.2 39.2 39.2 39.21 39.21 39.23 39.23 39.23 39.25 39.26 39.29 39.33 39.37 39.4 39.38 39.34 39.26 39.17 39.16
39.57 39.56 39.56 39.6 39.68 39.69 39.7 39.89 40.26 40.61 41.43 42.03 42.14 42.12 42.09 42.08 42.04 41.78 41.06 40.24 39.69 39.57 39.35 39.28 39.19 39.13 39.13 39.19 39.23 39.32 39.35 39.34 39.34 39.35 39.35 39.36 39.37 39.37 39.34 39.31 39.32 39.31 39.29 39.29 39.29 39.28 39.24 39.23 39.24 39.26 39.28 39.28 39.28 39.3 39.32 39.32 39.3 39.27 39.23 39.22 39.2 39.19 39.21 39.21 39.22 39.22 39.22 39.23 39.24 39.25 39.29 39.35 39.39 39.39 39.36 39.25 39.17 39.16
39.6 39.6 39.6 39.61 39.68 39.69 39.7 39.84 40.18 40.52 41.35 41.98 42.14 42.11 42.06 42.07 42.07 41.78 41.06 40.31 39.81 39.63 39.38 39.31 39.25 39.13 39.12 39.19 39.24 39.33 39.37 39.35 39.36 39.35 39.34 39.34 39.34 39.35 39.34 39.32 39.32 39.32 39.3 39.3 39.3 39.29 39.26 39.24 39.23 39.26 39.27 39.27 39.28 39.3 39.3 39.31 39.31 39.27 39.23 39.23 39.21 39.19 39.19 39.19 39.2 39.22 39.23 39.23 39.23 39.23 39.26 39.33 39.4 39.42 39.38 39.27 39.17 39.15
39.65 39.66 39.68 39.66 39.65 39.66 39.69 39.81 40.06 40.41 41.25 41.92 42.14 42.12 42.07 42.05 42.06 41.83 41.2 40.52 40.08 39.71 39.42 39.31 39.25 39.13 39.13 39.2 39.25 39.35 39.37 39.35 39.36 39.37 39.34 39.34 39.34 39.34 39.35 39.35 39.34 39.32 39.3 39.3 39.31 39.3 39.27 39.25 39.23 39.26 39.26 39.25 39.26 39.29 39.28 39.29 39.3 39.28 39.24 39.24 39.22 39.2 39.19 39.19 39.21 39.24 39.25 39.24 39.23 39.23 39.26 39.32 39.38 39.4 39.38 39.3 39.18 39.13
39.64 39.67 39.74 39.71 39.63 39.64 39.68 39.8 40.01 40.34 41.13 41.84 42.11 42.1 42.08 42.06 42.07 41.89 41.34 40.74 40.4 39.78 39.43 39.3 39.25 39.15 39.13 39.2 39.25 39.35 39.38 39.37 39.38 39.38 39.35 39.35 39.34 39.34 39.34 39.35 39.35 39.32 39.29 39.28 39.29 39.29 39.26 39.25 39.24 39.24 39.25 39.25 39.26 39.28 39.26 39.28 39.3 39.27 39.24 39.24 39.21 39.2 39.2 39.2 39.22 39.24 39.24 39.23 39.23 39.23 39.26 39.33 39.38 39.38 39.37 39.31 39.19 39.14
39.6 39.64 39.73 39.73 39.66 39.66 39.7 39.81 39.97 40.27 41.04 41.81 42.12 42.1 42.08 42.06 42.05 41.93 41.44 40.85 40.52 39.86 39.44 39.3 39.26 39.16 39.11 39.16 39.22 39.32 39.39 39.41 39.4 39.38 39.36 39.33 39.33 39.33 39.32 39.33 39.33 39.31 39.29 39.28 39.26 39.26 39.25 39.25 39.23 39.22 39.26 39.26 39.27 39.27 39.25 39.26 39.29 39.26 39.25 39.23 39.2 39.2 39.2 39.2 39.22 39.22 39.21 39.21 39.24 39.25 39.26 39.3 39.35 39.38 39.37 39.33 39.22 39.14
39.63 39.65 39.71 39.75 39.73 39.72 39.74 39.82 39.92 40.2 40.96 41.78 42.07 42.1 42.07 42.06 42.05 41.95 41.54 40.98 40.65 39.97 39.5 39.32 39.28 39.17 39.09 39.12 39.18 39.29 39.37 39.41 39.4 39.37 39.35 39.32 39.31 39.33 39.32 39.32 39.31 39.31 39.3 39.29 39.25 39.25 39.25 39.25 39.23 39.21 39.24 39.25 39.27 39.26 39.25 39.26 39.28 39.28 39.28 39.25 39.2 39.18 39.18 39.19 39.21 39.2 39.2 39.2 39.24 39.25 39.25 39.28 39.33 39.37 39.37 39.34 39.25 39.16
39.68 39.7 39.74 39.75 39.73 39.71 39.71 39.79 39.85 40.12 40.87 41.68 41.93 42.11 42.08 42.08 42.07 41.97 41.65 41.16 40.82 40.12 39.62 39.34 39.3 39.19 39.09 39.12 39.16 39.26 39.34 39.37 39.39 39.36 39.35 39.33 39.31 39.33 39.33 39.32 39.31 39.3 39.28 39.28 39.25 39.25 39.26 39.25 39.24 39.21 39.22 39.23 39.25 39.25 39.24 39.25 39.28 39.3 39.29 39.26 39.2 39.18 39.18 39.18 39.19 39.2 39.2 39.2 39.22 39.24 39.24 39.26 39.31 39.35 39.36 39.35 39.29 39.22
39.71 39.69 39.7 39.73 39.73 39.7 39.68 39.77 39.81 40.04 40.7 41.46 41.74 42.09 42.09 42.11 42.09 42.01 41.77 41.35 41.03 40.32 39.75 39.39 39.34 39.22 39.11 39.11 39.13 39.23 39.31 39.34 39.38 39.35 39.33 39.32 39.31 39.32 39.31 39.31 39.31 39.3 39.27 39.27 39.26 39.25 39.25 39.24 39.24 39.21 39.2 39.22 39.23 39.23 39.24 39.25 39.27 39.29 39.28 39.26 39.21 39.18 39.18 39.18 39.19 39.19 39.19 39.2 39.22 39.23 39.23 39.25 39.3 39.33 39.34 39.35 39.32 39.27
39.71 39.68 39.66 39.7 39.73 39.72 39.7 39.77 39.8 39.97 40.52 41.22 41.55 42.05 42.1 42.1 42.09 42.05 41.86 41.53 41.27 40.55 39.88 39.5 39.41 39.26 39.15 39.11 39.11 39.2 39.29 39.32 39.36 39.35 39.31 39.31 39.31 39.31 39.32 39.32 39.33 39.31 39.29 39.28 39.26 39.24 39.23 39.23 39.22 39.22 39.21 39.21 39.22 39.22 39.23 39.25 39.27 39.29 39.28 39.25 39.23 39.19 39.19 39.18 39.18 39.18 39.18 39.19 39.21 39.21 39.21 39.23 39.26 39.28 39.31 39.34 39.33 39.28
39.74 39.68 39.65 39.71 39.73 39.73 39.71 39.76 39.78 39.91 40.36 40.99 41.36 41.98 42.1 42.07 42.07 42.06 41.94 41.73 41.5 40.77 40.04 39.71 39.46 39.29 39.19 39.15 39.1 39.18 39.28 39.3 39.35 39.36 39.32 39.34 39.34 39.31 39.32 39.32 39.32 39.31 39.31 39.29 39.26 39.23 39.22 39.21 39.2 39.21 39.21 39.21 39.22 39.22 39.22 39.24 39.26 39.29 39.28 39.25 39.24 39.2 39.19 39.16 39.15 39.16 39.16 39.17 39.18 39.17 39.18 39.2 39.23 39.25 39.29 39.34 39.35 39.3
39.8 39.68 39.67 39.72 39.73 39.73 39.72 39.74 39.77 39.88 40.19 40.69 41.08 41.82 42.07 42.06 42.07 42.06 42.01 41.93 41.67 40.95 40.25 39.97 39.52 39.35 39.23 39.18 39.11 39.16 39.26 39.29 39.34 39.35 39.33 39.34 39.33 39.3 39.31 39.31 39.31 39.31 39.32 39.29 39.26 39.23 39.22 39.2 39.19 39.19 39.19 39.21 39.22 39.22 39.22 39.23 39.24 39.26 39.26 39.25 39.23 39.2 39.18 39.16 39.14 39.15 39.15 39.14 39.15 39.15 39.17 39.18 39.2 39.22 39.27 39.32 39.33 39.31
39.85 39.71 39.71 39.73 39.74 39.73 39.72 39.73 39.76 39.84 40.01 40.37 40.76 41.56 42.01 42.06 42.08 42.08 42.04 42 41.76 41.13 40.46 40.12 39.56 39.41 39.32 39.25 39.14 39.13 39.22 39.27 39.33 39.34 39.33 39.33 39.31 39.3 39.3 39.31 39.32 39.32 39.31 39.29 39.27 39.22 39.21 39.2 39.19 39.18 39.18 39.2 39.22 39.21 39.21 39.22 39.22 39.21 39.22 39.24 39.23 39.19 39.18 39.16 39.15 39.16 39.15 39.14 39.15 39.15 39.16 39.15 39.17 39.19 39.26 39.3 39.3 39.29
39.86 39.75 39.73 39.73 39.74 39.75 39.76 39.77 39.76 39.77 39.87 40.15 40.52 41.37 41.97 42.06 42.08 42.1 42.06 42.01 41.82 41.32 40.68 40.3 39.66 39.45 39.38 39.31 39.17 39.12 39.17 39.22 39.31 39.33 39.33 39.32 39.3 39.3 39.31 39.31 39.32 39.31 39.3 39.29 39.27 39.23 39.22 39.21 39.21 39.17 39.18 39.19 39.2 39.2 39.2 39.21 39.21 39.19 39.2 39.23 39.23 39.2 39.17 39.14 39.15 39.14 39.12 39.13 39.14 39.14 39.13 39.15 39.16 39.18 39.24 39.28 39.29 39.29
39.83 39.75 39.73 39.74 39.74 39.75 39.79 39.8 39.77 39.75 39.8 39.96 40.32 41.16 41.86 42 42.1 42.1 42.07 42.04 41.9 41.47 40.89 40.5 39.75 39.44 39.38 39.33 39.19 39.11 39.13 39.18 39.28 39.33 39.33 39.32 39.3 39.3 39.31 39.31 39.31 39.3 39.29 39.29 39.27 39.25 39.24 39.22 39.21 39.16 39.17 39.18 39.18 39.21 39.21 39.2 39.2 39.19 39.21 39.23 39.21 39.21 39.18 39.14 39.13 39.13 39.12 39.11 39.11 39.11 39.11 39.14 39.14 39.15 39.19 39.25 39.28 39.28
