slabs/89.grd
DSAA
631 301
647040 647670
4948400 4948700
37.29 42.75
[rows 68 to 101 of 300, columns 312 to 389 of 631]
38.93 38.96 39.01 39.09 39.09 39.07 39.06 39.04 39.04 39.03 39.03 39.04 39.07 39.08 39.08 39.09 39.09 39.1 39.09 39.08 39.06 39.06 39.07 39.05 39.03 39.04 39.04 38.99 38.98 38.97 38.93 38.96 38.98 39 39.02 39.01 38.95 38.93 38.91 38.9 38.89 38.87 38.88 38.89 38.89 38.89 38.93 38.95 38.94 38.87 38.79 38.77 38.75 38.7 38.67 38.65 38.66 38.69 38.72 38.74 38.75 38.76 38.75 38.73 38.69 38.6 38.48 38.46 38.48 38.55 38.57 38.56 38.55 38.55 38.56 38.53 38.49 38.48
39.03 39.02 39.04 39.08 39.09 39.09 39.07 39.06 39.06 39.07 39.05 39.04 39.06 39.08 39.1 39.1 39.1 39.1 39.09 39.07 39.04 39.05 39.07 39.06 39.06 39.07 39.05 39 38.99 38.97 38.93 38.91 38.93 38.93 38.92 38.9 38.88 38.87 38.87 38.88 38.87 38.85 38.86 38.87 38.88 38.92 38.95 38.95 38.93 38.88 38.8 38.76 38.74 38.7 38.66 38.63 38.64 38.65 38.67 38.69 38.72 38.73 38.73 38.71 38.68 38.61 38.53 38.5 38.5 38.54 38.55 38.55 38.54 38.54 38.55 38.53 38.49 38.47
39.1 39.07 39.08 39.1 39.11 39.11 39.1 39.08 39.07 39.07 39.06 39.05 39.06 39.09 39.12 39.12 39.12 39.12 39.11 39.1 39.07 39.07 39.07 39.06 39.07 39.07 39.04 39 39 38.98 38.92 38.89 38.89 38.88 38.86 38.86 38.86 38.87 38.86 38.86 38.86 38.85 38.86 38.88 38.9 38.93 38.94 38.92 38.9 38.86 38.8 38.76 38.74 38.7 38.66 38.63 38.62 38.62 38.63 38.64 38.66 38.68 38.69 38.68 38.66 38.61 38.55 38.53 38.52 38.54 38.56 38.55 38.52 38.52 38.53 38.52 38.49 38.46
39.11 39.1 39.1 39.12 39.12 39.12 39.12 39.1 39.08 39.08 39.09 39.08 39.09 39.12 39.17 39.16 39.15 39.14 39.13 39.13 39.12 39.12 39.1 39.09 39.08 39.07 39.05 39.01 39.01 38.98 38.92 38.88 38.87 38.87 38.86 38.85 38.85 38.86 38.87 38.87 38.84 38.81 38.86 38.88 38.89 38.9 38.92 38.91 38.89 38.86 38.81 38.76 38.73 38.7 38.66 38.64 38.63 38.61 38.61 38.61 38.61 38.63 38.63 38.63 38.63 38.58 38.54 38.52 38.51 38.53 38.55 38.54 38.52 38.52 38.51 38.5 38.47 38.45
39.12 39.11 39.11 39.12 39.12 39.12 39.13 39.13 39.12 39.12 39.14 39.14 39.15 39.17 39.21 39.19 39.17 39.16 39.14 39.12 39.12 39.11 39.11 39.11 39.1 39.09 39.06 39.02 39.02 38.99 38.93 38.87 38.86 38.86 38.85 38.84 38.84 38.85 38.86 38.87 38.83 38.79 38.85 38.88 38.87 38.86 38.89 38.9 38.88 38.85 38.81 38.77 38.73 38.7 38.66 38.65 38.64 38.6 38.59 38.59 38.58 38.58 38.58 38.58 38.59 38.54 38.51 38.51 38.49 38.49 38.51 38.51 38.51 38.51 38.49 38.48 38.47 38.45
39.12 39.11 39.12 39.14 39.15 39.15 39.15 39.16 39.17 39.19 39.21 39.22 39.22 39.23 39.23 39.2 39.18 39.17 39.15 39.13 39.12 39.11 39.1 39.1 39.09 39.1 39.07 39.03 39.02 38.99 38.93 38.87 38.86 38.86 38.86 38.84 38.84 38.85 38.85 38.88 38.84 38.79 38.83 38.88 38.85 38.83 38.85 38.87 38.86 38.84 38.81 38.79 38.74 38.71 38.68 38.67 38.64 38.61 38.59 38.59 38.57 38.54 38.54 38.55 38.55 38.52 38.49 38.5 38.5 38.47 38.47 38.49 38.49 38.48 38.48 38.48 38.46 38.44
39.16 39.14 39.14 39.17 39.2 39.2 39.19 39.19 39.22 39.24 39.28 39.27 39.27 39.26 39.24 39.2 39.19 39.18 39.16 39.14 39.12 39.11 39.1 39.08 39.08 39.09 39.08 39.05 39.03 38.99 38.94 38.88 38.87 38.87 38.86 38.83 38.83 38.84 38.86 38.9 38.86 38.81 38.82 38.87 38.84 38.8 38.81 38.82 38.82 38.82 38.8 38.79 38.75 38.72 38.69 38.68 38.65 38.61 38.6 38.59 38.55 38.51 38.49 38.49 38.49 38.48 38.46 38.47 38.48 38.47 38.47 38.49 38.48 38.46 38.46 38.47 38.46 38.43
39.28 39.25 39.21 39.21 39.22 39.22 39.21 39.22 39.27 39.29 39.32 39.31 39.31 39.29 39.24 39.21 39.2 39.19 39.17 39.15 39.13 39.12 39.1 39.09 39.08 39.07 39.06 39.04 39.03 39 38.96 38.91 38.9 38.89 38.87 38.82 38.82 38.83 38.85 38.89 38.87 38.83 38.83 38.86 38.85 38.8 38.78 38.78 38.78 38.79 38.8 38.78 38.75 38.71 38.68 38.66 38.63 38.58 38.57 38.56 38.53 38.48 38.45 38.45 38.45 38.43 38.42 38.44 38.46 38.46 38.47 38.48 38.48 38.45 38.46 38.45 38.45 38.47
39.41 39.39 39.33 39.28 39.23 39.23 39.23 39.25 39.29 39.31 39.35 39.34 39.32 39.28 39.24 39.22 39.21 39.2 39.18 39.16 39.15 39.13 39.11 39.09 39.08 39.07 39.05 39.03 39.02 38.99 38.98 38.95 38.93 38.92 38.89 38.83 38.82 38.82 38.85 38.88 38.87 38.86 38.84 38.85 38.84 38.79 38.76 38.75 38.76 38.78 38.81 38.79 38.73 38.69 38.66 38.64 38.59 38.54 38.53 38.52 38.51 38.48 38.46 38.45 38.45 38.44 38.43 38.44 38.48 38.48 38.49 38.5 38.49 38.47 38.47 38.46 38.45 38.49
39.5 39.48 39.43 39.36 39.28 39.25 39.22 39.25 39.3 39.32 39.35 39.35 39.3 39.28 39.24 39.23 39.22 39.21 39.19 39.16 39.16 39.14 39.12 39.1 39.09 39.07 39.04 39.02 39.01 38.97 38.97 38.95 38.95 38.94 38.92 38.88 38.84 38.8 38.84 38.86 38.87 38.86 38.84 38.84 38.83 38.79 38.76 38.75 38.74 38.75 38.77 38.76 38.71 38.65 38.64 38.61 38.56 38.54 38.54 38.53 38.51 38.5 38.49 38.47 38.46 38.45 38.44 38.46 38.49 38.51 38.52 38.53 38.52 38.48 38.48 38.48 38.48 38.5
39.51 39.49 39.46 39.4 39.32 39.27 39.2 39.23 39.3 39.32 39.34 39.34 39.3 39.28 39.26 39.23 39.23 39.21 39.19 39.17 39.17 39.15 39.13 39.12 39.11 39.09 39.06 39.03 39.01 38.97 38.95 38.94 38.93 38.93 38.94 38.92 38.89 38.83 38.86 38.86 38.84 38.82 38.83 38.84 38.84 38.8 38.77 38.76 38.74 38.72 38.7 38.69 38.66 38.62 38.62 38.59 38.56 38.56 38.56 38.55 38.53 38.5 38.49 38.47 38.45 38.45 38.46 38.47 38.51 38.54 38.54 38.55 38.53 38.5 38.5 38.51 38.52 38.52
39.51 39.5 39.47 39.42 39.33 39.28 39.21 39.23 39.28 39.3 39.33 39.34 39.32 39.28 39.26 39.24 39.24 39.22 39.2 39.19 39.18 39.16 39.15 39.14 39.14 39.11 39.08 39.07 39.04 38.97 38.93 38.92 38.91 38.89 38.9 38.9 38.9 38.88 38.89 38.86 38.81 38.81 38.83 38.84 38.84 38.8 38.77 38.75 38.72 38.69 38.67 38.65 38.62 38.6 38.59 38.57 38.54 38.55 38.55 38.54 38.53 38.51 38.49 38.47 38.46 38.47 38.47 38.49 38.53 38.55 38.56 38.56 38.53 38.52 38.52 38.53 38.53 38.52
39.51 39.5 39.47 39.42 39.33 39.29 39.23 39.23 39.27 39.31 39.33 39.35 39.34 39.29 39.27 39.26 39.25 39.23 39.22 39.21 39.21 39.19 39.17 39.17 39.16 39.12 39.12 39.14 39.07 38.97 38.94 38.93 38.9 38.87 38.85 38.85 38.85 38.87 38.86 38.85 38.83 38.82 38.82 38.82 38.81 38.78 38.75 38.73 38.7 38.67 38.65 38.63 38.59 38.57 38.57 38.54 38.51 38.5 38.5 38.51 38.51 38.5 38.49 38.48 38.48 38.49 38.49 38.52 38.55 38.57 38.57 38.56 38.53 38.53 38.53 38.52 38.52 38.51
39.52 39.5 39.47 39.43 39.35 39.3 39.25 39.26 39.27 39.32 39.34 39.35 39.34 39.3 39.28 39.27 39.27 39.26 39.25 39.24 39.23 39.22 39.21 39.19 39.17 39.14 39.18 39.19 39.1 38.98 38.95 38.94 38.9 38.86 38.82 38.82 38.84 38.87 38.86 38.85 38.83 38.8 38.8 38.78 38.75 38.74 38.71 38.7 38.68 38.67 38.66 38.62 38.56 38.53 38.52 38.48 38.46 38.46 38.46 38.47 38.47 38.46 38.47 38.48 38.49 38.51 38.52 38.54 38.56 38.58 38.58 38.55 38.54 38.53 38.53 38.52 38.51 38.51
39.53 39.51 39.48 39.44 39.39 39.32 39.28 39.29 39.29 39.32 39.34 39.33 39.31 39.28 39.28 39.27 39.27 39.28 39.27 39.26 39.25 39.24 39.22 39.2 39.18 39.19 39.23 39.2 39.09 38.97 38.93 38.93 38.9 38.84 38.8 38.81 38.84 38.86 38.86 38.84 38.81 38.78 38.76 38.74 38.71 38.69 38.68 38.68 38.66 38.66 38.64 38.58 38.52 38.5 38.48 38.44 38.43 38.44 38.43 38.41 38.41 38.42 38.42 38.45 38.48 38.51 38.53 38.55 38.53 38.54 38.55 38.54 38.53 38.52 38.52 38.52 38.51 38.51
39.51 39.52 39.48 39.45 39.43 39.34 39.28 39.27 39.28 39.31 39.34 39.31 39.29 39.26 39.25 39.24 39.25 39.27 39.28 39.28 39.27 39.26 39.24 39.21 39.19 39.21 39.22 39.18 39.06 38.97 38.92 38.91 38.89 38.85 38.8 38.8 38.81 38.82 38.82 38.81 38.79 38.76 38.74 38.72 38.69 38.68 38.67 38.65 38.62 38.62 38.59 38.53 38.48 38.48 38.47 38.45 38.45 38.44 38.41 38.36 38.36 38.38 38.38 38.4 38.45 38.51 38.54 38.56 38.53 38.53 38.54 38.52 38.51 38.51 38.52 38.53 38.51 38.5
39.49 39.5 39.47 39.45 39.43 39.35 39.27 39.23 39.24 39.29 39.35 39.31 39.28 39.24 39.24 39.23 39.21 39.21 39.23 39.25 39.26 39.25 39.23 39.21 39.19 39.18 39.19 39.16 39.07 38.99 38.92 38.9 38.89 38.85 38.79 38.78 38.78 38.79 38.78 38.78 38.77 38.76 38.73 38.69 38.67 38.66 38.64 38.6 38.57 38.56 38.54 38.5 38.48 38.48 38.48 38.48 38.47 38.45 38.42 38.36 38.33 38.34 38.34 38.35 38.43 38.51 38.56 38.57 38.53 38.52 38.52 38.52 38.53 38.53 38.52 38.53 38.49 38.49
39.49 39.47 39.45 39.44 39.42 39.36 39.28 39.23 39.24 39.27 39.33 39.35 39.3 39.24 39.24 39.24 39.21 39.18 39.17 39.19 39.23 39.22 39.2 39.2 39.18 39.17 39.17 39.16 39.09 39.01 38.97 38.94 38.89 38.85 38.78 38.76 38.76 38.77 38.77 38.77 38.76 38.75 38.71 38.64 38.61 38.59 38.58 38.54 38.52 38.52 38.51 38.51 38.5 38.5 38.5 38.51 38.49 38.46 38.44 38.38 38.32 38.3 38.29 38.32 38.39 38.44 38.53 38.56 38.52 38.51 38.51 38.51 38.52 38.52 38.52 38.53 38.5 38.5
39.49 39.47 39.45 39.43 39.42 39.36 39.29 39.24 39.23 39.24 39.31 39.37 39.33 39.26 39.24 39.23 39.2 39.19 39.16 39.17 39.21 39.21 39.21 39.2 39.16 39.14 39.13 39.13 39.11 39.08 39.06 39 38.9 38.85 38.81 38.78 38.75 38.77 38.79 38.79 38.76 38.72 38.68 38.6 38.55 38.54 38.52 38.49 38.49 38.5 38.51 38.52 38.51 38.5 38.51 38.52 38.49 38.46 38.46 38.41 38.35 38.32 38.28 38.29 38.35 38.39 38.5 38.55 38.52 38.52 38.51 38.51 38.5 38.5 38.5 38.53 38.53 38.52
39.48 39.47 39.44 39.43 39.41 39.35 39.29 39.24 39.23 39.23 39.27 39.31 39.29 39.24 39.21 39.2 39.18 39.19 39.17 39.18 39.19 39.18 39.17 39.15 39.12 39.11 39.11 39.11 39.12 39.12 39.1 39.02 38.89 38.85 38.84 38.82 38.77 38.77 38.8 38.78 38.72 38.67 38.64 38.57 38.54 38.52 38.52 38.51 38.5 38.5 38.51 38.54 38.52 38.5 38.5 38.49 38.46 38.45 38.46 38.43 38.39 38.34 38.27 38.27 38.33 38.38 38.48 38.53 38.52 38.52 38.52 38.51 38.48 38.48 38.49 38.52 38.54 38.53
39.46 39.44 39.43 39.42 39.4 39.36 39.31 39.26 39.25 39.25 39.26 39.27 39.25 39.22 39.2 39.19 39.17 39.17 39.17 39.17 39.16 39.14 39.12 39.11 39.1 39.12 39.14 39.14 39.15 39.15 39.11 39.03 38.89 38.86 38.86 38.85 38.8 38.76 38.76 38.72 38.66 38.64 38.61 38.54 38.53 38.53 38.53 38.53 38.51 38.53 38.54 38.54 38.52 38.51 38.5 38.47 38.45 38.45 38.46 38.44 38.4 38.36 38.27 38.24 38.31 38.37 38.46 38.52 38.53 38.53 38.54 38.51 38.48 38.48 38.48 38.51 38.53 38.53
39.52 39.45 39.42 39.41 39.39 39.35 39.32 39.29 39.25 39.25 39.24 39.25 39.26 39.23 39.19 39.19 39.18 39.17 39.16 39.15 39.14 39.12 39.12 39.12 39.15 39.19 39.23 39.23 39.22 39.19 39.15 39.05 38.92 38.87 38.87 38.86 38.81 38.75 38.74 38.7 38.66 38.64 38.61 38.56 38.57 38.6 38.58 38.55 38.53 38.52 38.53 38.52 38.51 38.5 38.49 38.48 38.45 38.46 38.46 38.43 38.39 38.36 38.28 38.22 38.27 38.33 38.45 38.53 38.55 38.55 38.54 38.52 38.5 38.5 38.5 38.5 38.52 38.52
39.62 39.53 39.46 39.42 39.4 39.37 39.33 39.3 39.24 39.22 39.19 39.22 39.27 39.25 39.21 39.21 39.2 39.18 39.16 39.15 39.15 39.15 39.19 39.22 39.27 39.3 39.32 39.31 39.26 39.2 39.15 39.03 38.92 38.87 38.87 38.86 38.83 38.76 38.74 38.69 38.66 38.64 38.63 38.6 38.61 38.62 38.59 38.56 38.53 38.53 38.52 38.51 38.51 38.51 38.5 38.48 38.47 38.47 38.46 38.43 38.39 38.37 38.29 38.22 38.24 38.3 38.43 38.53 38.57 38.56 38.54 38.52 38.51 38.52 38.52 38.52 38.52 38.52
39.65 39.63 39.58 39.53 39.46 39.41 39.38 39.34 39.26 39.21 39.16 39.2 39.26 39.24 39.21 39.21 39.21 39.21 39.2 39.19 39.21 39.24 39.3 39.34 39.37 39.35 39.34 39.31 39.25 39.18 39.14 39.02 38.91 38.88 38.88 38.86 38.84 38.78 38.75 38.69 38.67 38.66 38.65 38.64 38.62 38.61 38.59 38.55 38.53 38.53 38.53 38.5 38.51 38.5 38.5 38.49 38.48 38.47 38.45 38.43 38.39 38.38 38.32 38.24 38.24 38.29 38.4 38.51 38.58 38.57 38.55 38.52 38.51 38.51 38.52 38.53 38.53 38.52
39.63 39.65 39.65 39.63 39.57 39.49 39.44 39.39 39.31 39.26 39.19 39.2 39.23 39.24 39.22 39.22 39.23 39.28 39.31 39.33 39.35 39.35 39.36 39.37 39.38 39.35 39.34 39.31 39.25 39.18 39.14 39.03 38.9 38.87 38.86 38.86 38.84 38.8 38.75 38.68 38.68 38.69 38.67 38.63 38.62 38.61 38.58 38.55 38.53 38.54 38.54 38.51 38.51 38.51 38.5 38.49 38.48 38.47 38.44 38.44 38.42 38.41 38.34 38.26 38.25 38.29 38.39 38.49 38.54 38.56 38.57 38.55 38.54 38.53 38.52 38.53 38.53 38.52
39.61 39.62 39.65 39.65 39.63 39.58 39.5 39.45 39.35 39.3 39.26 39.24 39.23 39.25 39.24 39.25 39.3 39.4 39.43 39.44 39.44 39.42 39.41 39.41 39.4 39.37 39.35 39.3 39.24 39.19 39.14 39.01 38.9 38.86 38.85 38.84 38.85 38.82 38.76 38.67 38.67 38.71 38.67 38.62 38.61 38.6 38.57 38.56 38.54 38.54 38.54 38.52 38.52 38.52 38.52 38.5 38.49 38.48 38.45 38.45 38.46 38.45 38.37 38.29 38.28 38.29 38.38 38.47 38.5 38.55 38.57 38.54 38.54 38.54 38.53 38.53 38.53 38.52
39.59 39.6 39.61 39.61 39.62 39.62 39.57 39.5 39.37 39.32 39.32 39.28 39.24 39.25 39.24 39.28 39.37 39.43 39.45 39.44 39.43 39.43 39.42 39.4 39.4 39.39 39.36 39.3 39.24 39.18 39.14 39.02 38.91 38.87 38.85 38.84 38.86 38.85 38.78 38.67 38.67 38.69 38.66 38.61 38.62 38.59 38.55 38.56 38.57 38.56 38.53 38.52 38.54 38.54 38.52 38.52 38.51 38.5 38.47 38.48 38.46 38.45 38.39 38.32 38.29 38.28 38.38 38.47 38.5 38.55 38.56 38.53 38.54 38.53 38.53 38.53 38.51 38.5
39.57 39.58 39.59 39.6 39.61 39.62 39.6 39.54 39.41 39.35 39.34 39.31 39.26 39.26 39.27 39.34 39.4 39.43 39.44 39.43 39.43 39.43 39.41 39.37 39.38 39.41 39.39 39.32 39.23 39.15 39.11 39 38.91 38.88 38.86 38.84 38.87 38.88 38.81 38.7 38.67 38.67 38.65 38.63 38.63 38.61 38.56 38.56 38.6 38.59 38.56 38.54 38.57 38.56 38.54 38.52 38.49 38.5 38.51 38.51 38.49 38.46 38.41 38.34 38.3 38.27 38.35 38.44 38.47 38.53 38.56 38.56 38.54 38.52 38.52 38.51 38.5 38.5
39.57 39.58 39.6 39.6 39.62 39.62 39.61 39.58 39.48 39.36 39.34 39.3 39.25 39.26 39.29 39.37 39.42 39.44 39.44 39.43 39.42 39.4 39.38 39.35 39.36 39.39 39.38 39.31 39.21 39.13 39.09 38.99 38.91 38.89 38.85 38.84 38.86 38.87 38.83 38.71 38.65 38.65 38.66 38.65 38.63 38.61 38.58 38.58 38.6 38.61 38.6 38.59 38.58 38.57 38.56 38.52 38.49 38.49 38.51 38.53 38.51 38.48 38.44 38.36 38.32 38.26 38.31 38.4 38.45 38.52 38.57 38.57 38.55 38.53 38.52 38.52 38.51 38.51
39.57 39.59 39.6 39.6 39.62 39.62 39.6 39.61 39.55 39.41 39.35 39.26 39.23 39.25 39.29 39.36 39.42 39.46 39.46 39.45 39.42 39.37 39.37 39.35 39.34 39.33 39.32 39.26 39.18 39.12 39.08 39.01 38.95 38.93 38.86 38.83 38.86 38.86 38.84 38.73 38.63 38.64 38.67 38.66 38.64 38.63 38.6 38.6 38.62 38.61 38.61 38.6 38.59 38.58 38.56 38.54 38.53 38.51 38.52 38.52 38.5 38.48 38.46 38.39 38.35 38.27 38.29 38.37 38.42 38.51 38.56 38.57 38.56 38.54 38.53 38.53 38.53 38.52
39.57 39.59 39.6 39.61 39.63 39.62 39.6 39.61 39.61 39.51 39.42 39.27 39.24 39.25 39.27 39.34 39.42 39.47 39.49 39.5 39.44 39.38 39.39 39.37 39.31 39.28 39.26 39.21 39.16 39.14 39.11 39.09 39.08 39.04 38.93 38.86 38.86 38.86 38.86 38.78 38.65 38.66 38.68 38.67 38.65 38.65 38.64 38.63 38.63 38.62 38.62 38.61 38.6 38.59 38.56 38.56 38.55 38.53 38.54 38.52 38.5 38.48 38.48 38.44 38.39 38.29 38.27 38.33 38.39 38.5 38.56 38.58 38.57 38.55 38.53 38.54 38.55 38.54
39.58 39.59 39.6 39.62 39.63 39.63 39.6 39.59 39.6 39.54 39.46 39.31 39.25 39.23 39.24 39.31 39.41 39.49 39.51 39.53 39.47 39.42 39.41 39.37 39.29 39.26 39.23 39.19 39.17 39.18 39.19 39.17 39.18 39.15 39.04 38.92 38.84 38.86 38.88 38.81 38.66 38.66 38.69 38.69 38.65 38.66 38.67 38.65 38.63 38.63 38.64 38.63 38.62 38.59 38.57 38.57 38.56 38.54 38.53 38.51 38.5 38.49 38.49 38.47 38.43 38.31 38.25 38.3 38.36 38.48 38.54 38.57 38.58 38.56 38.55 38.55 38.54 38.54
39.58 39.59 39.6 39.62 39.64 39.63 39.61 39.57 39.56 39.53 39.47 39.34 39.25 39.19 39.2 39.25 39.35 39.46 39.47 39.47 39.46 39.43 39.4 39.34 39.27 39.24 39.22 39.21 39.24 39.27 39.29 39.22 39.19 39.18 39.13 38.98 38.85 38.86 38.88 38.84 38.73 38.7 38.68 38.7 38.67 38.68 38.68 38.67 38.65 38.64 38.66 38.66 38.64 38.59 38.58 38.59 38.58 38.54 38.52 38.52 38.52 38.51 38.51 38.49 38.45 38.34 38.26 38.28 38.31 38.42 38.5 38.53 38.57 38.57 38.57 38.56 38.54 38.54
39.58 39.59 39.61 39.63 39.65 39.63 39.6 39.56 39.54 39.53 39.49 39.37 39.24 39.16 39.16 39.17 39.24 39.35 39.37 39.39 39.4 39.39 39.34 39.29 39.23 39.22 39.23 39.28 39.37 39.4 39.35 39.22 39.2 39.18 39.14 39 38.87 38.87 38.87 38.86 38.8 38.73 38.67 38.7 38.7 38.71 38.7 38.7 38.68 38.65 38.66 38.67 38.65 38.61 38.61 38.62 38.6 38.56 38.53 38.54 38.53 38.51 38.52 38.51 38.47 38.37 38.28 38.27 38.27 38.35 38.46 38.5 38.55 38.55 38.56 38.56 38.55 38.54
