slabs/89.grd
DSAA
631 301
647040 647670
4948400 4948700
37.29 42.75
[rows 170 to 203 of 300, columns 312 to 389 of 631]
38.72 38.69 38.64 38.59 38.66 38.75 38.81 38.96 39.1 39.19 39.2 39.18 39.01 38.83 38.73 38.59 38.52 38.52 38.57 38.52 38.45 38.42 38.4 38.41 38.42 38.42 38.43 38.47 38.5 38.52 38.53 38.55 38.56 38.56 38.57 38.58 38.58 38.57 38.56 38.58 38.6 38.59 38.59 38.61 38.61 38.59 38.52 38.48 38.5 38.55 38.58 38.58 38.59 38.61 38.65 38.72 38.74 38.73 38.61 38.55 38.72 39.01 39.07 39.06 39.04 38.98 38.93 38.89 38.82 38.73 38.69 38.68 38.69 38.7 38.68 38.67 38.66 38.65
38.78 38.74 38.69 38.64 38.75 38.89 38.96 39.11 39.25 39.34 39.35 39.35 39.28 39.2 39.07 38.8 38.64 38.65 38.7 38.66 38.57 38.53 38.46 38.45 38.44 38.44 38.45 38.47 38.5 38.51 38.53 38.55 38.57 38.57 38.58 38.59 38.59 38.58 38.57 38.59 38.6 38.59 38.59 38.61 38.62 38.61 38.54 38.5 38.5 38.54 38.58 38.6 38.6 38.61 38.64 38.69 38.73 38.74 38.63 38.55 38.68 38.95 39.06 39.06 39.06 39.03 39 38.97 38.87 38.75 38.69 38.7 38.71 38.71 38.69 38.69 38.68 38.67
38.88 38.81 38.78 38.75 38.82 38.93 39.01 39.18 39.32 39.41 39.46 39.53 39.53 39.52 39.37 39.01 38.76 38.74 38.73 38.73 38.65 38.6 38.51 38.5 38.47 38.47 38.47 38.47 38.5 38.51 38.54 38.57 38.58 38.58 38.58 38.59 38.59 38.59 38.59 38.58 38.59 38.6 38.61 38.62 38.62 38.61 38.56 38.51 38.51 38.53 38.59 38.61 38.61 38.61 38.63 38.67 38.7 38.73 38.66 38.58 38.65 38.89 39.06 39.07 39.07 39.07 39.04 39.01 38.92 38.79 38.71 38.72 38.74 38.72 38.71 38.71 38.7 38.69
39.11 39 39 38.99 38.96 38.95 38.98 39.1 39.28 39.4 39.47 39.61 39.64 39.58 39.41 39.06 38.83 38.77 38.71 38.7 38.65 38.61 38.54 38.53 38.51 38.52 38.53 38.52 38.51 38.52 38.54 38.57 38.57 38.58 38.6 38.59 38.59 38.6 38.6 38.58 38.59 38.61 38.61 38.62 38.63 38.62 38.57 38.53 38.51 38.52 38.59 38.62 38.62 38.61 38.63 38.64 38.67 38.72 38.72 38.66 38.64 38.82 39.08 39.1 39.08 39.08 39.06 39.03 38.94 38.84 38.73 38.74 38.74 38.74 38.74 38.73 38.7 38.69
39.59 39.4 39.35 39.26 39.14 39.03 39.01 39.04 39.18 39.31 39.38 39.5 39.54 39.52 39.38 39.11 38.93 38.87 38.74 38.68 38.64 38.63 38.62 38.58 38.56 38.56 38.58 38.58 38.57 38.56 38.55 38.57 38.56 38.58 38.61 38.61 38.61 38.6 38.61 38.6 38.6 38.61 38.61 38.61 38.62 38.62 38.59 38.56 38.53 38.51 38.58 38.63 38.63 38.62 38.63 38.62 38.65 38.71 38.75 38.72 38.65 38.77 39.09 39.12 39.11 39.07 39.06 39.03 38.95 38.87 38.74 38.74 38.75 38.75 38.77 38.74 38.68 38.66
40.2 39.93 39.8 39.52 39.28 39.16 39.16 39.13 39.12 39.19 39.26 39.35 39.4 39.4 39.33 39.18 39.06 39 38.87 38.77 38.69 38.68 38.65 38.62 38.62 38.62 38.61 38.61 38.62 38.61 38.59 38.58 38.58 38.59 38.62 38.62 38.61 38.6 38.61 38.61 38.6 38.6 38.61 38.61 38.61 38.62 38.6 38.57 38.54 38.51 38.57 38.63 38.64 38.64 38.63 38.63 38.66 38.7 38.76 38.75 38.68 38.76 39.03 39.1 39.15 39.1 39.09 39.06 38.96 38.85 38.75 38.74 38.74 38.75 38.77 38.75 38.69 38.66
40.67 40.4 40.27 39.94 39.6 39.45 39.34 39.25 39.14 39.15 39.18 39.22 39.3 39.32 39.3 39.23 39.16 39.12 39.02 38.91 38.83 38.78 38.68 38.63 38.66 38.67 38.66 38.63 38.65 38.65 38.65 38.63 38.61 38.61 38.63 38.62 38.62 38.61 38.61 38.61 38.6 38.58 38.6 38.61 38.61 38.62 38.6 38.57 38.54 38.51 38.55 38.6 38.62 38.63 38.61 38.61 38.65 38.72 38.77 38.76 38.71 38.74 38.94 39.03 39.15 39.15 39.14 39.1 38.96 38.83 38.77 38.77 38.75 38.75 38.77 38.76 38.72 38.68
41.13 40.85 40.72 40.42 40.12 39.95 39.62 39.42 39.33 39.31 39.25 39.17 39.18 39.19 39.2 39.19 39.19 39.17 39.14 39.04 38.95 38.89 38.76 38.71 38.75 38.75 38.73 38.7 38.7 38.71 38.7 38.67 38.65 38.65 38.65 38.64 38.63 38.63 38.63 38.62 38.61 38.59 38.59 38.61 38.6 38.61 38.62 38.6 38.56 38.51 38.53 38.56 38.61 38.62 38.6 38.61 38.64 38.72 38.76 38.75 38.7 38.73 38.88 38.99 39.15 39.18 39.18 39.13 38.96 38.83 38.8 38.8 38.76 38.74 38.75 38.76 38.74 38.7
41.61 41.4 41.23 40.94 40.66 40.47 40.04 39.71 39.6 39.57 39.43 39.21 39.07 39.06 39.05 39.09 39.13 39.19 39.26 39.18 39.06 38.98 38.85 38.82 38.83 38.8 38.78 38.82 38.83 38.82 38.76 38.71 38.7 38.72 38.7 38.68 38.66 38.63 38.63 38.62 38.61 38.59 38.59 38.62 38.6 38.61 38.61 38.61 38.58 38.53 38.53 38.56 38.61 38.62 38.62 38.63 38.65 38.7 38.77 38.76 38.71 38.72 38.83 38.95 39.15 39.23 39.24 39.17 39.01 38.83 38.81 38.82 38.77 38.74 38.73 38.74 38.77 38.72
41.89 41.81 41.69 41.49 41.21 40.99 40.5 40.1 39.92 39.83 39.58 39.27 39.05 39.02 38.97 38.97 39.02 39.13 39.28 39.25 39.15 39.06 38.9 38.87 38.86 38.82 38.82 38.91 38.92 38.89 38.81 38.78 38.77 38.77 38.76 38.75 38.72 38.66 38.63 38.62 38.62 38.59 38.58 38.61 38.62 38.63 38.63 38.62 38.59 38.54 38.52 38.55 38.6 38.61 38.63 38.63 38.64 38.68 38.76 38.76 38.74 38.73 38.78 38.91 39.17 39.28 39.29 39.23 39.08 38.89 38.87 38.87 38.81 38.76 38.74 38.73 38.78 38.78
41.99 41.98 41.96 41.87 41.67 41.47 40.99 40.57 40.32 40.18 39.84 39.48 39.26 39.25 39.12 39 39 39.04 39.1 39.09 39.09 39.07 38.93 38.86 38.85 38.84 38.85 38.87 38.86 38.83 38.81 38.83 38.82 38.81 38.8 38.8 38.77 38.72 38.68 38.66 38.65 38.61 38.58 38.59 38.63 38.65 38.65 38.63 38.58 38.52 38.49 38.52 38.58 38.59 38.63 38.63 38.63 38.67 38.75 38.77 38.79 38.75 38.74 38.9 39.17 39.29 39.3 39.26 39.17 39.04 39 38.94 38.85 38.77 38.75 38.72 38.78 38.81
42.03 42.03 42.05 42.05 41.98 41.82 41.45 41.1 40.86 40.69 40.31 39.94 39.77 39.82 39.63 39.38 39.28 39.14 39 38.91 38.94 39.01 38.94 38.84 38.83 38.83 38.83 38.83 38.82 38.81 38.82 38.83 38.83 38.82 38.81 38.81 38.79 38.77 38.74 38.7 38.67 38.61 38.58 38.59 38.61 38.64 38.65 38.64 38.58 38.53 38.5 38.51 38.55 38.58 38.61 38.62 38.64 38.68 38.72 38.74 38.76 38.69 38.68 38.81 39.06 39.22 39.26 39.31 39.28 39.18 39.1 38.96 38.84 38.78 38.75 38.74 38.77 38.82
42.05 42.04 42.05 42.07 42.08 41.99 41.78 41.59 41.47 41.35 41.05 40.69 40.45 40.47 40.24 39.94 39.77 39.46 39.22 38.99 38.96 38.96 38.92 38.84 38.82 38.81 38.81 38.81 38.81 38.81 38.81 38.81 38.82 38.82 38.82 38.81 38.8 38.8 38.79 38.78 38.73 38.62 38.59 38.59 38.61 38.63 38.66 38.65 38.6 38.55 38.5 38.51 38.54 38.57 38.58 38.6 38.64 38.68 38.67 38.65 38.63 38.56 38.56 38.65 38.87 39.09 39.19 39.35 39.36 39.27 39.18 38.99 38.87 38.83 38.79 38.74 38.75 38.79
42.04 42.04 42.04 42.06 42.07 42.05 41.98 41.91 41.9 41.86 41.71 41.44 41.13 40.91 40.7 40.42 40.23 39.86 39.55 39.24 39.14 38.99 38.9 38.82 38.8 38.78 38.8 38.8 38.8 38.8 38.82 38.82 38.83 38.84 38.84 38.84 38.82 38.82 38.82 38.82 38.78 38.68 38.63 38.62 38.62 38.64 38.67 38.66 38.61 38.58 38.53 38.53 38.53 38.57 38.58 38.58 38.62 38.66 38.64 38.58 38.52 38.47 38.46 38.52 38.73 38.95 39.09 39.35 39.45 39.39 39.3 39.08 38.94 38.9 38.83 38.74 38.75 38.76
41.91 41.95 42.01 42.05 42.08 42.09 42.07 42.02 42 41.98 41.92 41.8 41.66 41.36 41.16 40.98 40.81 40.42 39.99 39.6 39.45 39.18 38.97 38.82 38.8 38.76 38.78 38.8 38.8 38.81 38.83 38.84 38.86 38.87 38.88 38.87 38.87 38.86 38.86 38.85 38.81 38.72 38.67 38.66 38.66 38.67 38.69 38.69 38.65 38.62 38.57 38.54 38.53 38.57 38.58 38.58 38.62 38.65 38.63 38.58 38.53 38.49 38.47 38.46 38.61 38.85 39.02 39.36 39.5 39.48 39.41 39.2 38.99 38.9 38.83 38.74 38.75 38.76
41.53 41.64 41.82 41.95 42.03 42.08 42.05 42.02 42.01 42.01 42.01 41.97 41.91 41.76 41.59 41.47 41.33 40.97 40.51 40.12 39.92 39.55 39.24 38.97 38.9 38.79 38.79 38.81 38.82 38.84 38.86 38.87 38.89 38.91 38.92 38.92 38.93 38.94 38.93 38.92 38.85 38.75 38.69 38.7 38.73 38.72 38.72 38.72 38.68 38.64 38.6 38.55 38.52 38.56 38.57 38.6 38.64 38.67 38.66 38.62 38.57 38.54 38.51 38.46 38.58 38.86 39.04 39.38 39.5 39.5 39.46 39.28 39.05 38.94 38.85 38.77 38.75 38.76
40.99 41.15 41.44 41.66 41.79 42.01 42.03 42.03 42.03 42.05 42.06 42.03 42.03 41.98 41.89 41.81 41.71 41.44 41.06 40.7 40.46 39.99 39.62 39.31 39.12 38.92 38.85 38.85 38.85 38.88 38.9 38.91 38.93 38.94 38.95 38.97 39 39.04 39.08 39.06 38.96 38.79 38.69 38.72 38.75 38.7 38.67 38.68 38.69 38.65 38.62 38.55 38.51 38.53 38.55 38.61 38.66 38.7 38.69 38.65 38.61 38.58 38.56 38.52 38.67 38.96 39.12 39.39 39.49 39.52 39.49 39.33 39.13 39.04 38.9 38.8 38.77 38.77
40.39 40.65 40.99 41.26 41.47 41.85 41.95 41.98 42 42.05 42.07 42.07 42.06 42.03 42.01 42.01 41.97 41.83 41.55 41.24 40.97 40.45 40.1 39.85 39.5 39.17 39 39 38.94 38.94 38.95 38.97 39 38.97 38.98 39 39.06 39.12 39.2 39.17 39.06 38.86 38.72 38.74 38.73 38.63 38.57 38.61 38.67 38.66 38.63 38.56 38.5 38.5 38.53 38.6 38.66 38.72 38.71 38.68 38.66 38.64 38.61 38.59 38.75 39.02 39.14 39.35 39.47 39.52 39.53 39.38 39.22 39.14 38.97 38.83 38.79 38.78
39.76 40.14 40.5 40.82 41.04 41.5 41.77 41.87 41.9 41.99 42.06 42.06 42.05 42.03 42.03 42.07 42.06 42.03 41.9 41.7 41.45 40.93 40.61 40.45 40.06 39.64 39.37 39.42 39.17 39.06 39.06 39.06 39.03 38.98 38.99 39.03 39.1 39.15 39.19 39.15 39.06 38.93 38.81 38.76 38.73 38.67 38.65 38.65 38.69 38.7 38.66 38.57 38.51 38.49 38.51 38.58 38.65 38.72 38.72 38.72 38.71 38.7 38.66 38.64 38.77 38.96 39.1 39.34 39.52 39.57 39.59 39.46 39.32 39.24 39.06 38.88 38.8 38.8
39.35 39.69 40.07 40.36 40.55 40.98 41.39 41.63 41.68 41.83 41.99 42.04 42.04 42.03 42.02 42.05 42.06 42.08 42.07 42 41.84 41.48 41.29 41.19 40.89 40.41 40.03 40 39.57 39.28 39.16 39.1 39.01 38.98 39.01 39.05 39.12 39.15 39.13 39.08 39 38.95 38.89 38.8 38.78 38.77 38.76 38.75 38.76 38.73 38.69 38.59 38.53 38.51 38.53 38.57 38.61 38.68 38.7 38.73 38.74 38.73 38.69 38.66 38.76 38.88 39.11 39.38 39.58 39.63 39.67 39.58 39.45 39.38 39.18 38.96 38.82 38.82
39.04 39.28 39.64 39.91 40.06 40.43 40.85 41.14 41.25 41.54 41.84 41.97 41.97 41.98 41.99 42.01 42.03 42.05 42.07 42.07 42.03 41.92 41.89 41.85 41.65 41.16 40.7 40.49 40.04 39.61 39.33 39.21 39.01 38.99 39.03 39.07 39.13 39.12 39.08 39.01 38.92 38.88 38.86 38.82 38.82 38.82 38.82 38.82 38.79 38.74 38.7 38.62 38.55 38.51 38.54 38.58 38.59 38.63 38.66 38.71 38.73 38.73 38.7 38.67 38.73 38.84 39.09 39.35 39.55 39.64 39.77 39.72 39.58 39.51 39.29 39.01 38.83 38.81
38.89 39 39.24 39.44 39.56 39.88 40.27 40.56 40.68 41.09 41.47 41.68 41.69 41.75 41.89 41.93 41.99 42.02 42.03 42.03 42.04 42.06 42.05 42.04 41.93 41.55 41.18 40.99 40.59 40.15 39.8 39.59 39.22 39.09 39.09 39.08 39.14 39.12 39.07 38.94 38.85 38.82 38.82 38.81 38.82 38.84 38.84 38.84 38.79 38.74 38.72 38.65 38.58 38.55 38.57 38.6 38.59 38.6 38.63 38.69 38.71 38.71 38.69 38.67 38.72 38.8 39.02 39.27 39.49 39.63 39.86 39.83 39.69 39.61 39.39 39.08 38.88 38.83
38.84 38.88 38.98 39.08 39.17 39.41 39.74 39.94 39.93 40.3 40.67 40.89 41.08 41.32 41.62 41.74 41.93 42.01 42.05 42.05 42.05 42.05 42.06 42.05 42 41.82 41.6 41.49 41.23 40.82 40.42 40.18 39.7 39.39 39.28 39.16 39.2 39.18 39.1 38.93 38.84 38.81 38.81 38.79 38.8 38.83 38.84 38.84 38.77 38.74 38.73 38.69 38.62 38.6 38.61 38.63 38.59 38.58 38.61 38.67 38.68 38.69 38.7 38.7 38.72 38.78 38.97 39.24 39.49 39.64 39.89 39.91 39.8 39.73 39.52 39.25 39.03 38.93
38.83 38.86 38.87 38.9 38.95 39.08 39.23 39.3 39.25 39.54 39.84 40.01 40.39 40.8 41.15 41.36 41.74 41.95 42.04 42.05 42.04 42.04 42.04 42.03 42.01 41.97 41.88 41.83 41.7 41.43 41.08 40.76 40.25 39.87 39.69 39.42 39.34 39.28 39.2 39.04 38.93 38.85 38.84 38.8 38.79 38.81 38.83 38.84 38.77 38.74 38.73 38.7 38.66 38.64 38.66 38.68 38.63 38.6 38.58 38.63 38.64 38.66 38.73 38.76 38.76 38.8 38.96 39.23 39.49 39.63 39.89 39.93 39.84 39.78 39.62 39.38 39.15 38.97
38.81 38.81 38.84 38.86 38.88 38.91 38.91 38.91 38.98 39.17 39.41 39.54 39.86 40.25 40.6 40.83 41.33 41.72 41.94 41.96 42 42.03 42.02 42.01 42.01 42 42 41.98 41.93 41.83 41.63 41.25 40.81 40.49 40.29 39.89 39.62 39.46 39.38 39.23 39.12 38.99 38.95 38.86 38.77 38.76 38.76 38.77 38.76 38.73 38.73 38.7 38.68 38.68 38.71 38.75 38.72 38.66 38.57 38.59 38.6 38.62 38.71 38.81 38.82 38.86 38.98 39.22 39.48 39.63 39.89 39.94 39.87 39.83 39.69 39.46 39.27 38.97
38.79 38.77 38.84 38.89 38.91 38.89 38.87 38.88 38.89 38.97 39.09 39.17 39.37 39.72 40.09 40.3 40.78 41.27 41.66 41.71 41.85 41.99 42.02 42.01 42 42.01 42.01 42.02 42.02 41.99 41.91 41.65 41.34 41.1 40.9 40.47 40.11 39.9 39.77 39.51 39.31 39.19 39.11 38.93 38.77 38.69 38.67 38.67 38.69 38.7 38.71 38.69 38.69 38.7 38.73 38.78 38.78 38.72 38.61 38.6 38.62 38.63 38.67 38.78 38.83 38.87 39 39.21 39.43 39.65 39.95 40.03 40.01 39.97 39.75 39.49 39.31 38.98
38.82 38.76 38.82 38.85 38.88 38.86 38.85 38.86 38.88 38.92 38.95 38.96 39.05 39.3 39.62 39.83 40.26 40.71 41.11 41.22 41.5 41.79 41.93 42 41.99 42 42 42.01 42.03 42.02 42 41.91 41.75 41.56 41.41 41.05 40.78 40.75 40.53 40.08 39.69 39.45 39.32 39.1 38.9 38.78 38.68 38.61 38.61 38.63 38.66 38.69 38.72 38.73 38.75 38.78 38.79 38.74 38.65 38.65 38.67 38.66 38.67 38.73 38.8 38.87 39.01 39.19 39.36 39.72 40.07 40.16 40.16 40.07 39.78 39.5 39.33 39.02
38.86 38.75 38.75 38.78 38.8 38.79 38.82 38.84 38.87 38.91 38.93 38.91 38.92 39.03 39.2 39.37 39.73 40.1 40.43 40.63 41 41.38 41.6 41.87 41.94 41.99 41.99 42 42.02 42.03 42.03 42.01 41.97 41.88 41.81 41.63 41.52 41.57 41.34 40.82 40.35 40.03 39.74 39.44 39.16 39.03 38.79 38.63 38.59 38.58 38.56 38.61 38.7 38.72 38.75 38.78 38.79 38.75 38.7 38.7 38.71 38.7 38.68 38.69 38.77 38.86 39.03 39.18 39.36 39.81 40.18 40.24 40.23 40.13 39.81 39.54 39.41 39.1
38.9 38.81 38.79 38.8 38.8 38.78 38.81 38.83 38.89 38.9 38.91 38.9 38.89 38.92 38.96 39.04 39.28 39.55 39.75 40.04 40.44 40.79 40.98 41.43 41.7 41.86 41.87 41.89 41.98 42.02 42.02 42.03 42.04 42.02 42.02 42.01 41.96 41.9 41.76 41.37 41.01 40.81 40.34 39.9 39.5 39.33 39.02 38.79 38.7 38.68 38.59 38.55 38.61 38.65 38.72 38.76 38.78 38.76 38.74 38.75 38.75 38.74 38.72 38.7 38.74 38.85 39.02 39.18 39.39 39.9 40.27 40.3 40.29 40.2 39.92 39.69 39.6 39.24
38.9 38.89 38.87 38.85 38.82 38.81 38.82 38.84 38.87 38.87 38.88 38.89 38.88 38.88 38.88 38.89 38.99 39.15 39.25 39.5 39.83 40.07 40.1 40.59 41.02 41.31 41.4 41.6 41.84 41.94 41.96 42.01 42.02 42.02 42.02 42.02 42 42.01 41.97 41.76 41.51 41.35 40.93 40.43 40.06 39.86 39.47 39.12 38.96 38.92 38.8 38.63 38.55 38.56 38.62 38.71 38.76 38.76 38.77 38.78 38.78 38.78 38.77 38.76 38.77 38.83 38.96 39.14 39.36 39.92 40.36 40.43 40.42 40.36 40.15 39.95 39.86 39.45
38.88 38.91 38.9 38.89 38.88 38.89 38.91 38.9 38.88 38.86 38.87 38.87 38.88 38.88 38.88 38.86 38.88 38.94 38.97 39.06 39.21 39.34 39.34 39.77 40.22 40.56 40.74 41.13 41.48 41.68 41.77 41.93 41.98 41.98 41.99 42 41.99 42 42.02 41.95 41.83 41.72 41.4 40.97 40.61 40.43 40.04 39.64 39.37 39.27 39.05 38.81 38.64 38.6 38.55 38.63 38.7 38.7 38.72 38.75 38.76 38.78 38.82 38.83 38.83 38.82 38.9 39.02 39.25 39.87 40.43 40.56 40.55 40.51 40.38 40.22 40.09 39.72
38.86 38.9 38.88 38.9 38.92 38.95 38.98 38.96 38.92 38.89 38.88 38.84 38.83 38.85 38.85 38.86 38.88 38.87 38.86 38.85 38.86 38.91 39.01 39.32 39.74 40.09 40.24 40.58 40.95 41.27 41.44 41.74 41.9 41.92 41.94 41.98 42 42 42.02 42.04 42.03 41.96 41.77 41.47 41.15 40.97 40.59 40.16 39.8 39.65 39.33 39.09 38.94 38.83 38.65 38.63 38.66 38.63 38.62 38.65 38.65 38.7 38.82 38.87 38.86 38.84 38.85 38.89 39.12 39.82 40.48 40.65 40.62 40.58 40.53 40.45 40.35 40.02
38.86 38.88 38.87 38.88 38.91 38.94 38.96 38.96 38.97 38.96 38.94 38.87 38.8 38.8 38.8 38.81 38.86 38.85 38.84 38.84 38.84 38.84 38.86 38.98 39.29 39.59 39.73 40.05 40.44 40.74 41.01 41.42 41.66 41.74 41.86 41.94 41.98 41.99 42.01 42.05 42.08 42.06 41.99 41.84 41.64 41.47 41.08 40.66 40.29 40.1 39.74 39.54 39.43 39.22 38.96 38.86 38.88 38.74 38.59 38.51 38.51 38.58 38.78 38.87 38.87 38.86 38.82 38.84 39.05 39.72 40.45 40.7 40.68 40.65 40.65 40.65 40.57 40.23
38.85 38.86 38.86 38.86 38.87 38.88 38.89 38.92 38.95 38.97 38.98 38.94 38.88 38.87 38.84 38.79 38.8 38.82 38.82 38.82 38.83 38.84 38.83 38.84 38.95 39.1 39.25 39.59 39.94 40.12 40.46 40.89 41.17 41.33 41.64 41.82 41.94 41.96 41.99 42.03 42.07 42.07 42.06 42.01 41.95 41.83 41.53 41.19 40.89 40.69 40.35 40.26 40.14 39.8 39.44 39.26 39.25 39.04 38.76 38.53 38.49 38.5 38.66 38.81 38.82 38.84 38.83 38.84 38.98 39.54 40.23 40.53 40.65 40.71 40.72 40.72 40.65 40.35
