slabs/89.grd
DSAA
631 301
647040 647670
4948400 4948700
37.29 42.75
[rows 136 to 169 of 300, columns 0 to 77 of 631]
38.19 38.1 38.02 37.99 38.01 38.08 38.18 38.25 38.24 38.21 38.2 38.2 38.2 38.19 38.19 38.18 38.17 38.18 38.16 38.14 38.09 38.01 37.98 37.97 37.92 37.89 37.89 37.87 37.85 37.83 37.8 37.79 37.78 37.74 37.74 37.75 37.75 37.76 37.77 37.79 37.8 37.81 37.82 37.83 37.82 37.76 37.72 37.67 37.71 37.79 37.83 37.93 37.99 38.02 38.03 38.04 38.02 38.01 38 38.01 38.03 38.04 38.06 38.08 38.07 38.1 38.16 38.19 38.21 38.22 38.26 38.29 38.33 38.34 38.37 38.46 38.64 38.66
38.21 38.13 38.04 37.98 38 38.05 38.14 38.21 38.22 38.22 38.22 38.22 38.19 38.17 38.16 38.16 38.17 38.17 38.15 38.14 38.11 38.05 38.01 37.99 37.94 37.9 37.88 37.87 37.84 37.84 37.83 37.81 37.79 37.76 37.75 37.74 37.74 37.75 37.76 37.78 37.8 37.83 37.83 37.82 37.82 37.77 37.74 37.69 37.69 37.74 37.78 37.88 37.96 38 38.01 38.02 38 38.01 38 37.99 38.02 38.02 38.04 38.08 38.08 38.1 38.14 38.16 38.2 38.21 38.23 38.27 38.32 38.33 38.35 38.41 38.52 38.58
38.22 38.16 38.07 37.99 37.99 38.02 38.09 38.14 38.2 38.23 38.24 38.23 38.19 38.15 38.15 38.15 38.16 38.16 38.13 38.12 38.1 38.07 38.03 37.99 37.94 37.91 37.87 37.87 37.85 37.84 37.83 37.81 37.79 37.78 37.76 37.73 37.74 37.75 37.76 37.79 37.8 37.83 37.82 37.81 37.82 37.8 37.77 37.72 37.68 37.69 37.73 37.84 37.93 37.97 37.98 38 38.01 38.01 38 37.98 38 38 38 38.05 38.05 38.06 38.12 38.16 38.19 38.19 38.2 38.25 38.32 38.32 38.34 38.36 38.42 38.51
38.24 38.19 38.09 37.99 38 38.02 38.04 38.09 38.18 38.22 38.23 38.24 38.21 38.17 38.16 38.16 38.15 38.17 38.14 38.12 38.1 38.08 38.05 38.01 37.94 37.92 37.9 37.88 37.87 37.86 37.85 37.82 37.8 37.79 37.77 37.74 37.75 37.76 37.77 37.79 37.8 37.81 37.8 37.79 37.81 37.83 37.8 37.73 37.67 37.66 37.7 37.8 37.89 37.93 37.97 38 38.01 38.01 38 37.99 37.99 37.99 38 38.03 38.02 38.04 38.1 38.15 38.17 38.17 38.19 38.23 38.29 38.31 38.32 38.33 38.37 38.46
38.25 38.21 38.12 38.04 38.01 38.02 38.04 38.08 38.18 38.21 38.21 38.22 38.21 38.18 38.17 38.16 38.16 38.17 38.15 38.12 38.09 38.09 38.07 38.03 37.96 37.95 37.94 37.9 37.88 37.87 37.86 37.83 37.79 37.79 37.78 37.75 37.75 37.76 37.77 37.79 37.81 37.81 37.8 37.78 37.8 37.85 37.81 37.74 37.68 37.68 37.69 37.76 37.86 37.9 37.98 38 37.99 37.98 37.98 37.97 37.97 37.97 37.98 38.02 38.02 38.03 38.08 38.12 38.15 38.15 38.17 38.21 38.24 38.28 38.3 38.3 38.33 38.44
38.24 38.21 38.17 38.13 38.03 38.01 38.04 38.08 38.16 38.21 38.21 38.22 38.21 38.19 38.18 38.17 38.17 38.17 38.13 38.12 38.1 38.08 38.08 38.05 38 37.97 37.96 37.92 37.9 37.88 37.88 37.85 37.8 37.78 37.77 37.75 37.73 37.73 37.75 37.79 37.8 37.8 37.81 37.8 37.79 37.82 37.82 37.75 37.69 37.67 37.67 37.73 37.84 37.89 37.96 37.98 37.98 37.98 37.99 37.97 37.93 37.94 37.96 38 38.01 38.03 38.06 38.09 38.12 38.13 38.15 38.2 38.21 38.24 38.28 38.3 38.32 38.42
38.24 38.22 38.18 38.14 38.05 38.01 38.03 38.06 38.13 38.18 38.21 38.22 38.21 38.2 38.2 38.19 38.18 38.18 38.14 38.13 38.1 38.07 38.07 38.07 38.02 37.97 37.96 37.94 37.91 37.88 37.87 37.85 37.8 37.76 37.76 37.75 37.73 37.74 37.75 37.78 37.79 37.8 37.8 37.78 37.77 37.79 37.81 37.75 37.69 37.67 37.65 37.7 37.8 37.85 37.93 37.95 37.96 37.97 37.98 37.95 37.92 37.93 37.95 37.97 37.99 38.01 38.04 38.07 38.08 38.1 38.13 38.18 38.19 38.21 38.26 38.31 38.33 38.38
38.25 38.24 38.21 38.17 38.08 38.02 38.01 38.03 38.08 38.16 38.21 38.21 38.21 38.2 38.19 38.19 38.18 38.19 38.17 38.15 38.09 38.05 38.06 38.07 38.02 37.97 37.96 37.95 37.92 37.88 37.87 37.83 37.8 37.77 37.78 37.78 37.75 37.73 37.74 37.76 37.78 37.8 37.8 37.78 37.76 37.77 37.79 37.76 37.7 37.68 37.64 37.67 37.74 37.8 37.91 37.94 37.95 37.96 37.96 37.94 37.92 37.93 37.93 37.95 37.97 37.98 38.01 38.04 38.05 38.08 38.11 38.14 38.15 38.19 38.24 38.32 38.32 38.34
38.25 38.25 38.23 38.19 38.11 38.03 37.99 38.01 38.07 38.14 38.2 38.21 38.22 38.21 38.18 38.17 38.17 38.19 38.18 38.16 38.1 38.06 38.05 38.05 38.03 37.99 37.98 37.95 37.93 37.89 37.88 37.85 37.81 37.78 37.79 37.8 37.76 37.72 37.72 37.74 37.76 37.78 37.8 37.77 37.76 37.77 37.79 37.77 37.71 37.68 37.64 37.64 37.69 37.75 37.88 37.94 37.94 37.95 37.94 37.92 37.92 37.92 37.92 37.92 37.93 37.96 37.99 38.01 38.03 38.07 38.1 38.12 38.13 38.18 38.23 38.28 38.3 38.33
38.24 38.25 38.25 38.21 38.13 38.04 38 38.01 38.06 38.12 38.2 38.22 38.23 38.23 38.2 38.16 38.15 38.15 38.15 38.16 38.12 38.08 38.06 38.05 38.06 38.02 38 37.97 37.93 37.88 37.88 37.86 37.82 37.8 37.8 37.8 37.77 37.75 37.73 37.74 37.74 37.76 37.79 37.76 37.74 37.74 37.76 37.76 37.71 37.69 37.64 37.62 37.64 37.71 37.86 37.93 37.94 37.94 37.94 37.92 37.91 37.91 37.91 37.9 37.91 37.96 37.98 37.99 38.01 38.05 38.07 38.09 38.11 38.17 38.23 38.26 38.28 38.32
38.24 38.25 38.26 38.23 38.15 38.06 38.01 38.01 38.02 38.07 38.15 38.22 38.24 38.24 38.22 38.18 38.16 38.14 38.14 38.16 38.15 38.11 38.08 38.05 38.06 38.05 38.02 37.98 37.95 37.88 37.88 37.86 37.81 37.81 37.81 37.8 37.77 37.76 37.74 37.75 37.73 37.74 37.77 37.76 37.73 37.73 37.73 37.74 37.71 37.69 37.63 37.6 37.61 37.68 37.82 37.9 37.92 37.94 37.94 37.92 37.91 37.9 37.9 37.9 37.91 37.94 37.97 37.99 38.01 38.05 38.06 38.06 38.09 38.15 38.21 38.26 38.27 38.3
38.25 38.24 38.26 38.25 38.17 38.08 38.01 38 37.99 38.03 38.08 38.2 38.24 38.22 38.21 38.19 38.16 38.15 38.15 38.16 38.17 38.13 38.1 38.04 38.05 38.06 38.04 38 37.97 37.93 37.91 37.87 37.82 37.82 37.82 37.79 37.77 37.76 37.75 37.75 37.73 37.74 37.75 37.76 37.74 37.73 37.72 37.71 37.7 37.68 37.62 37.59 37.61 37.67 37.79 37.87 37.89 37.92 37.93 37.91 37.9 37.89 37.9 37.91 37.92 37.94 37.96 37.99 38 38.05 38.09 38.08 38.11 38.16 38.19 38.22 38.26 38.31
38.27 38.23 38.25 38.26 38.2 38.13 38.06 38.02 37.99 38.01 38.05 38.16 38.21 38.2 38.19 38.17 38.15 38.15 38.15 38.17 38.16 38.13 38.1 38.06 38.05 38.08 38.06 38.01 37.98 37.95 37.91 37.88 37.83 37.83 37.82 37.79 37.77 37.77 37.75 37.74 37.73 37.74 37.75 37.75 37.74 37.73 37.71 37.7 37.7 37.67 37.62 37.58 37.6 37.69 37.78 37.85 37.88 37.92 37.93 37.9 37.9 37.92 37.93 37.94 37.94 37.95 37.98 37.99 38 38.05 38.09 38.09 38.1 38.13 38.16 38.19 38.25 38.32
38.28 38.25 38.25 38.24 38.2 38.16 38.13 38.06 37.99 37.99 38.02 38.13 38.2 38.19 38.19 38.19 38.16 38.11 38.13 38.16 38.16 38.13 38.1 38.05 38.04 38.05 38.05 38.01 37.99 37.97 37.92 37.88 37.84 37.84 37.82 37.79 37.78 37.77 37.74 37.73 37.74 37.74 37.75 37.73 37.71 37.71 37.7 37.69 37.69 37.68 37.62 37.57 37.6 37.69 37.77 37.83 37.86 37.93 37.95 37.92 37.93 37.95 37.95 37.94 37.94 37.96 37.99 37.99 38 38.05 38.11 38.1 38.09 38.1 38.14 38.16 38.22 38.31
38.29 38.28 38.27 38.24 38.21 38.17 38.15 38.08 38 37.98 38 38.1 38.18 38.19 38.18 38.17 38.16 38.11 38.13 38.15 38.14 38.14 38.12 38.06 38.01 38.02 38.03 38.01 37.99 37.98 37.94 37.89 37.86 37.84 37.81 37.78 37.78 37.78 37.73 37.72 37.75 37.75 37.73 37.7 37.69 37.71 37.72 37.7 37.7 37.69 37.61 37.56 37.6 37.69 37.77 37.83 37.86 37.93 37.95 37.94 37.94 37.95 37.95 37.94 37.94 37.95 37.97 37.98 38.01 38.05 38.09 38.08 38.05 38.06 38.1 38.13 38.19 38.28
38.32 38.3 38.28 38.24 38.22 38.19 38.16 38.08 38.01 37.98 38.01 38.08 38.15 38.18 38.17 38.16 38.16 38.15 38.15 38.14 38.12 38.13 38.13 38.08 38.01 38 38 37.99 37.98 37.98 37.96 37.91 37.89 37.87 37.82 37.8 37.8 37.79 37.75 37.73 37.75 37.75 37.73 37.73 37.73 37.74 37.75 37.74 37.74 37.71 37.64 37.58 37.61 37.7 37.79 37.84 37.86 37.91 37.93 37.95 37.95 37.96 37.96 37.96 37.95 37.94 37.95 37.96 37.97 38 38.03 38.02 38 38.02 38.07 38.1 38.17 38.25
38.31 38.28 38.27 38.23 38.2 38.19 38.17 38.09 38.02 37.99 38 38.05 38.13 38.17 38.16 38.15 38.15 38.15 38.15 38.13 38.11 38.11 38.13 38.1 38.02 38 37.99 37.99 37.97 37.98 37.97 37.95 37.94 37.92 37.88 37.85 37.84 37.82 37.79 37.77 37.76 37.76 37.77 37.8 37.8 37.78 37.77 37.77 37.76 37.74 37.68 37.62 37.65 37.72 37.8 37.84 37.86 37.92 37.95 37.97 37.97 37.97 37.97 37.96 37.94 37.93 37.93 37.93 37.94 37.95 37.98 37.98 37.99 38.01 38.06 38.09 38.17 38.25
38.31 38.27 38.26 38.23 38.2 38.21 38.19 38.12 38.05 38 38 38.03 38.1 38.16 38.17 38.17 38.15 38.15 38.14 38.12 38.11 38.11 38.12 38.11 38.05 38.03 38.01 38.01 37.99 37.99 38 37.99 37.98 37.97 37.94 37.91 37.9 37.87 37.82 37.79 37.79 37.79 37.81 37.84 37.83 37.8 37.79 37.8 37.8 37.77 37.71 37.66 37.67 37.72 37.8 37.84 37.86 37.93 37.97 37.98 37.98 37.97 37.95 37.94 37.92 37.92 37.92 37.92 37.93 37.93 37.97 38 38.04 38.05 38.08 38.11 38.18 38.24
38.31 38.31 38.29 38.24 38.21 38.23 38.2 38.14 38.07 38.02 38 38.01 38.06 38.11 38.17 38.19 38.18 38.17 38.14 38.13 38.13 38.12 38.11 38.13 38.09 38.06 38.03 38.02 38.01 38.01 38.01 38.01 37.99 37.98 37.96 37.93 37.93 37.9 37.86 37.82 37.81 37.82 37.84 37.84 37.83 37.82 37.81 37.83 37.82 37.78 37.73 37.7 37.7 37.73 37.8 37.83 37.86 37.92 37.96 37.97 37.96 37.93 37.89 37.89 37.89 37.89 37.92 37.93 37.95 37.98 38.01 38.05 38.11 38.11 38.13 38.13 38.16 38.23
38.31 38.31 38.3 38.26 38.22 38.24 38.22 38.15 38.09 38.05 38.02 38 38 38.04 38.15 38.18 38.19 38.18 38.15 38.13 38.13 38.12 38.11 38.15 38.14 38.11 38.06 38.03 38.02 38.01 38.02 38.03 38.02 37.99 37.96 37.94 37.94 37.92 37.88 37.84 37.83 37.83 37.85 37.85 37.84 37.82 37.81 37.83 37.82 37.79 37.74 37.72 37.71 37.75 37.81 37.82 37.85 37.88 37.9 37.92 37.91 37.85 37.79 37.82 37.87 37.9 37.92 37.95 38 38.05 38.07 38.08 38.1 38.11 38.12 38.12 38.14 38.22
38.3 38.31 38.29 38.25 38.21 38.23 38.23 38.18 38.12 38.1 38.05 38 37.97 38 38.11 38.17 38.18 38.17 38.14 38.12 38.13 38.12 38.11 38.14 38.16 38.13 38.08 38.02 38.02 38.02 38.01 38.03 38.03 37.99 37.95 37.95 37.94 37.91 37.89 37.86 37.85 37.84 37.86 37.87 37.86 37.81 37.8 37.81 37.8 37.78 37.74 37.71 37.72 37.75 37.79 37.79 37.81 37.83 37.84 37.85 37.86 37.82 37.8 37.82 37.87 37.92 37.96 37.98 38.03 38.07 38.11 38.11 38.1 38.09 38.08 38.09 38.13 38.21
38.3 38.31 38.28 38.23 38.2 38.22 38.23 38.21 38.17 38.14 38.06 38 37.98 38 38.08 38.15 38.17 38.15 38.12 38.12 38.13 38.13 38.12 38.1 38.12 38.12 38.08 38.02 38.01 38 37.97 37.99 37.99 37.97 37.94 37.95 37.93 37.9 37.88 37.84 37.84 37.83 37.84 37.85 37.84 37.8 37.77 37.77 37.76 37.75 37.72 37.7 37.71 37.74 37.76 37.76 37.78 37.81 37.83 37.84 37.86 37.87 37.87 37.88 37.9 37.95 37.98 38 38.03 38.06 38.11 38.11 38.1 38.1 38.09 38.08 38.11 38.19
38.32 38.32 38.28 38.24 38.22 38.22 38.23 38.23 38.2 38.16 38.05 37.99 37.98 37.99 38.05 38.14 38.16 38.16 38.14 38.13 38.13 38.13 38.11 38.07 38.08 38.1 38.08 38.04 38.02 37.98 37.95 37.96 37.97 37.95 37.93 37.92 37.91 37.88 37.85 37.81 37.82 37.81 37.79 37.8 37.8 37.79 37.74 37.71 37.7 37.69 37.67 37.68 37.71 37.74 37.77 37.79 37.81 37.86 37.88 37.88 37.89 37.88 37.88 37.89 37.92 37.96 37.97 37.98 38 38.03 38.07 38.08 38.08 38.07 38.07 38.05 38.09 38.16
38.33 38.33 38.29 38.26 38.23 38.23 38.22 38.23 38.21 38.17 38.07 38 37.96 37.97 38.02 38.12 38.17 38.16 38.15 38.14 38.13 38.12 38.1 38.05 38.05 38.07 38.07 38.05 38.03 37.97 37.95 37.94 37.95 37.96 37.93 37.91 37.89 37.86 37.84 37.81 37.81 37.8 37.77 37.76 37.75 37.73 37.69 37.66 37.65 37.63 37.63 37.66 37.73 37.79 37.81 37.83 37.87 37.9 37.9 37.9 37.89 37.87 37.86 37.88 37.91 37.95 37.95 37.95 37.97 37.99 38 38.03 38.03 38.04 38.04 38.04 38.1 38.16
38.31 38.31 38.29 38.26 38.23 38.23 38.23 38.23 38.21 38.18 38.1 38.01 37.98 37.97 38 38.09 38.17 38.16 38.15 38.14 38.13 38.12 38.11 38.07 38.07 38.06 38.05 38.05 38.03 37.98 37.95 37.94 37.95 37.96 37.93 37.9 37.89 37.87 37.86 37.83 37.81 37.78 37.76 37.73 37.7 37.66 37.63 37.63 37.65 37.67 37.7 37.72 37.77 37.82 37.82 37.84 37.87 37.88 37.88 37.89 37.89 37.85 37.85 37.87 37.89 37.93 37.93 37.92 37.93 37.94 37.95 37.97 37.99 38.01 38.02 38.05 38.11 38.16
38.29 38.3 38.29 38.27 38.22 38.23 38.23 38.23 38.23 38.2 38.11 38.03 38 37.98 37.99 38.07 38.16 38.16 38.14 38.13 38.13 38.12 38.12 38.1 38.09 38.05 38.03 38.03 38.02 38 37.96 37.95 37.96 37.94 37.92 37.9 37.9 37.88 37.86 37.83 37.79 37.74 37.72 37.71 37.68 37.66 37.68 37.68 37.71 37.76 37.8 37.81 37.82 37.83 37.84 37.85 37.85 37.84 37.84 37.85 37.84 37.82 37.83 37.85 37.87 37.91 37.91 37.9 37.9 37.9 37.91 37.93 37.96 37.98 38 38.05 38.11 38.15
38.29 38.31 38.32 38.28 38.23 38.22 38.22 38.22 38.22 38.19 38.12 38.06 38.02 37.99 37.98 38.06 38.12 38.16 38.14 38.13 38.13 38.12 38.12 38.1 38.09 38.05 38.04 38.04 38.04 38.01 37.98 37.98 37.98 37.96 37.94 37.93 37.91 37.87 37.83 37.8 37.76 37.73 37.72 37.72 37.72 37.74 37.79 37.78 37.77 37.8 37.83 37.84 37.84 37.83 37.83 37.82 37.82 37.83 37.82 37.82 37.81 37.8 37.81 37.83 37.87 37.91 37.9 37.89 37.9 37.89 37.89 37.9 37.93 37.96 38 38.06 38.11 38.16
38.3 38.31 38.32 38.28 38.23 38.22 38.21 38.21 38.2 38.19 38.13 38.08 38.05 38 37.98 38.04 38.09 38.16 38.16 38.15 38.15 38.13 38.12 38.12 38.11 38.09 38.07 38.08 38.06 38.03 38.01 38.02 38 37.96 37.93 37.92 37.89 37.83 37.77 37.76 37.75 37.78 37.83 37.81 37.78 37.79 37.79 37.79 37.78 37.8 37.83 37.84 37.82 37.79 37.78 37.78 37.8 37.79 37.79 37.8 37.8 37.82 37.82 37.83 37.88 37.92 37.92 37.91 37.9 37.89 37.87 37.85 37.89 37.95 37.99 38.07 38.12 38.15
38.3 38.3 38.3 38.28 38.24 38.24 38.23 38.21 38.21 38.22 38.16 38.11 38.08 38.02 37.98 38.02 38.07 38.17 38.19 38.18 38.17 38.15 38.13 38.14 38.14 38.13 38.11 38.1 38.08 38.03 38.01 38 37.97 37.9 37.86 37.85 37.83 37.79 37.78 37.79 37.82 37.83 37.84 37.82 37.78 37.78 37.79 37.78 37.76 37.78 37.8 37.8 37.78 37.75 37.74 37.73 37.75 37.74 37.76 37.79 37.81 37.83 37.84 37.87 37.9 37.92 37.93 37.93 37.89 37.85 37.83 37.81 37.85 37.92 37.97 38.07 38.13 38.14
38.31 38.3 38.29 38.27 38.25 38.25 38.25 38.21 38.22 38.24 38.19 38.13 38.11 38.05 38.01 38.03 38.07 38.15 38.22 38.2 38.18 38.17 38.17 38.14 38.13 38.13 38.13 38.12 38.07 38.01 37.97 37.96 37.92 37.88 37.86 37.86 37.85 37.83 37.85 37.85 37.86 37.84 37.82 37.81 37.78 37.76 37.77 37.77 37.75 37.77 37.77 37.76 37.73 37.7 37.7 37.71 37.73 37.73 37.76 37.8 37.82 37.84 37.86 37.9 37.91 37.91 37.92 37.93 37.88 37.83 37.79 37.77 37.81 37.87 37.96 38.07 38.12 38.13
38.32 38.3 38.28 38.28 38.27 38.26 38.24 38.22 38.25 38.25 38.22 38.17 38.14 38.09 38.06 38.06 38.07 38.12 38.19 38.19 38.18 38.17 38.19 38.15 38.14 38.11 38.09 38.07 38.02 37.98 37.97 37.95 37.92 37.91 37.93 37.93 37.91 37.89 37.87 37.86 37.83 37.81 37.81 37.8 37.79 37.75 37.75 37.74 37.73 37.73 37.73 37.7 37.68 37.67 37.68 37.71 37.75 37.77 37.79 37.83 37.85 37.86 37.87 37.89 37.9 37.89 37.9 37.91 37.88 37.84 37.79 37.76 37.81 37.84 37.94 38.05 38.1 38.12
38.31 38.3 38.29 38.29 38.29 38.28 38.25 38.25 38.27 38.26 38.25 38.19 38.18 38.13 38.09 38.06 38.06 38.1 38.16 38.19 38.18 38.15 38.15 38.13 38.1 38.06 38.01 38 37.97 37.96 37.97 37.96 37.95 37.96 37.97 37.97 37.94 37.91 37.87 37.85 37.81 37.8 37.79 37.8 37.79 37.73 37.71 37.7 37.68 37.67 37.68 37.68 37.68 37.67 37.69 37.73 37.78 37.81 37.84 37.87 37.87 37.85 37.85 37.87 37.88 37.88 37.89 37.91 37.92 37.87 37.81 37.75 37.79 37.82 37.91 38.05 38.1 38.11
38.32 38.31 38.31 38.31 38.32 38.31 38.28 38.28 38.28 38.3 38.29 38.22 38.19 38.15 38.1 38.07 38.08 38.1 38.14 38.16 38.15 38.13 38.11 38.09 38.04 38.02 38 37.99 37.98 38 38.02 38.01 38 37.99 37.97 37.96 37.92 37.88 37.85 37.84 37.81 37.79 37.78 37.79 37.77 37.7 37.67 37.64 37.64 37.65 37.66 37.69 37.71 37.71 37.73 37.75 37.79 37.83 37.86 37.88 37.86 37.86 37.85 37.85 37.88 37.88 37.89 37.91 37.93 37.9 37.81 37.74 37.75 37.78 37.87 38.02 38.09 38.1
38.33 38.33 38.32 38.34 38.34 38.33 38.32 38.3 38.3 38.32 38.34 38.28 38.25 38.19 38.13 38.07 38.08 38.1 38.11 38.11 38.09 38.09 38.06 38.05 38.02 38.02 38.03 38.03 38.04 38.06 38.06 38.04 38.02 37.98 37.94 37.93 37.9 37.85 37.84 37.83 37.8 37.76 37.74 37.72 37.71 37.66 37.64 37.63 37.64 37.66 37.67 37.7 37.72 37.75 37.76 37.77 37.78 37.77 37.81 37.87 37.86 37.85 37.83 37.83 37.87 37.88 37.88 37.88 37.91 37.89 37.81 37.73 37.74 37.75 37.83 37.97 38.07 38.09
