slabs/89.grd
DSAA
631 301
647040 647670
4948400 4948700
37.29 42.75
[rows 34 to 67 of 300, columns 390 to 467 of 631]
38.46 38.5 38.52 38.48 38.48 38.44 38.37 38.34 38.35 38.36 38.35 38.35 38.34 38.34 38.35 38.34 38.33 38.31 38.3 38.33 38.34 38.35 38.33 38.33 38.38 38.4 38.42 38.43 38.41 38.38 38.37 38.38 38.38 38.38 38.39 38.4 38.43 38.42 38.42 38.42 38.4 38.35 38.33 38.34 38.34 38.34 38.31 38.31 38.3 38.31 38.29 38.19 38.06 38.09 38.13 38.21 38.27 38.32 38.31 38.31 38.35 38.36 38.34 38.31 38.3 38.32 38.31 38.3 38.33 38.37 38.38 38.41 38.4 38.4 38.42 38.4 38.41 38.42
38.48 38.5 38.53 38.49 38.49 38.46 38.39 38.36 38.36 38.37 38.37 38.36 38.36 38.36 38.35 38.35 38.34 38.34 38.37 38.41 38.41 38.42 38.4 38.39 38.38 38.38 38.39 38.39 38.4 38.4 38.4 38.4 38.4 38.42 38.45 38.45 38.44 38.41 38.39 38.39 38.36 38.33 38.33 38.32 38.31 38.32 38.3 38.31 38.32 38.33 38.31 38.22 38.1 38.09 38.13 38.21 38.27 38.31 38.31 38.32 38.35 38.35 38.35 38.32 38.31 38.32 38.3 38.29 38.32 38.34 38.36 38.38 38.37 38.39 38.43 38.43 38.4 38.43
38.52 38.5 38.53 38.51 38.5 38.47 38.42 38.39 38.39 38.41 38.42 38.41 38.41 38.4 38.39 38.41 38.4 38.41 38.46 38.48 38.46 38.43 38.4 38.4 38.39 38.37 38.38 38.4 38.41 38.42 38.45 38.45 38.43 38.42 38.43 38.42 38.38 38.35 38.34 38.34 38.34 38.33 38.34 38.31 38.28 38.29 38.29 38.29 38.31 38.31 38.31 38.26 38.15 38.12 38.14 38.2 38.28 38.32 38.31 38.33 38.33 38.34 38.35 38.35 38.33 38.32 38.32 38.31 38.31 38.32 38.34 38.36 38.37 38.38 38.43 38.43 38.42 38.45
38.56 38.51 38.53 38.53 38.52 38.5 38.48 38.45 38.45 38.44 38.44 38.46 38.47 38.46 38.46 38.51 38.48 38.47 38.49 38.48 38.47 38.44 38.42 38.42 38.42 38.42 38.42 38.43 38.44 38.44 38.46 38.44 38.4 38.38 38.39 38.38 38.36 38.34 38.33 38.33 38.33 38.33 38.34 38.33 38.29 38.28 38.28 38.3 38.3 38.3 38.31 38.3 38.21 38.14 38.14 38.17 38.26 38.32 38.31 38.33 38.32 38.32 38.33 38.33 38.35 38.34 38.35 38.35 38.34 38.34 38.36 38.4 38.4 38.4 38.41 38.41 38.45 38.47
38.57 38.51 38.51 38.53 38.53 38.52 38.55 38.54 38.51 38.47 38.48 38.53 38.54 38.53 38.51 38.54 38.51 38.48 38.49 38.49 38.48 38.47 38.47 38.46 38.45 38.47 38.5 38.49 38.46 38.44 38.43 38.41 38.36 38.35 38.37 38.37 38.35 38.33 38.33 38.34 38.34 38.34 38.34 38.33 38.3 38.28 38.29 38.3 38.3 38.29 38.3 38.31 38.26 38.16 38.12 38.11 38.22 38.32 38.32 38.33 38.35 38.35 38.33 38.32 38.37 38.37 38.37 38.39 38.38 38.37 38.38 38.43 38.43 38.44 38.43 38.42 38.48 38.49
38.58 38.52 38.5 38.53 38.53 38.54 38.59 38.57 38.54 38.51 38.54 38.56 38.56 38.55 38.53 38.52 38.51 38.5 38.49 38.49 38.5 38.51 38.51 38.49 38.46 38.49 38.52 38.51 38.44 38.39 38.38 38.36 38.34 38.35 38.37 38.37 38.36 38.33 38.33 38.36 38.36 38.36 38.36 38.34 38.31 38.29 38.3 38.32 38.3 38.29 38.29 38.31 38.29 38.19 38.13 38.09 38.21 38.32 38.33 38.34 38.34 38.34 38.33 38.33 38.35 38.36 38.39 38.42 38.42 38.41 38.4 38.44 38.45 38.46 38.46 38.45 38.47 38.49
38.61 38.53 38.5 38.55 38.56 38.59 38.61 38.59 38.57 38.54 38.54 38.53 38.54 38.54 38.51 38.51 38.52 38.51 38.5 38.51 38.53 38.55 38.54 38.49 38.44 38.48 38.5 38.47 38.4 38.34 38.32 38.32 38.34 38.36 38.37 38.38 38.37 38.34 38.35 38.38 38.38 38.38 38.38 38.38 38.35 38.32 38.32 38.33 38.32 38.33 38.33 38.33 38.32 38.25 38.16 38.11 38.22 38.3 38.31 38.32 38.32 38.33 38.36 38.34 38.32 38.34 38.39 38.42 38.42 38.41 38.41 38.43 38.49 38.49 38.48 38.47 38.45 38.48
38.61 38.55 38.52 38.55 38.56 38.59 38.61 38.61 38.6 38.57 38.56 38.55 38.54 38.52 38.5 38.52 38.54 38.52 38.5 38.53 38.56 38.55 38.53 38.48 38.42 38.44 38.45 38.42 38.36 38.31 38.3 38.32 38.35 38.37 38.38 38.4 38.39 38.37 38.37 38.39 38.4 38.41 38.4 38.4 38.39 38.34 38.34 38.33 38.33 38.34 38.33 38.33 38.34 38.3 38.21 38.15 38.23 38.27 38.32 38.34 38.35 38.37 38.39 38.35 38.32 38.35 38.4 38.42 38.44 38.42 38.4 38.41 38.49 38.5 38.49 38.47 38.44 38.47
38.56 38.56 38.55 38.57 38.58 38.6 38.61 38.61 38.6 38.58 38.58 38.57 38.54 38.53 38.54 38.54 38.54 38.52 38.5 38.52 38.55 38.53 38.49 38.45 38.39 38.4 38.4 38.38 38.33 38.29 38.29 38.32 38.37 38.37 38.39 38.43 38.42 38.41 38.4 38.39 38.41 38.44 38.43 38.41 38.39 38.37 38.36 38.35 38.35 38.34 38.34 38.35 38.37 38.35 38.25 38.19 38.25 38.28 38.34 38.37 38.42 38.42 38.39 38.36 38.36 38.38 38.4 38.41 38.45 38.43 38.4 38.41 38.48 38.5 38.53 38.5 38.47 38.46
38.56 38.58 38.57 38.58 38.59 38.59 38.59 38.59 38.59 38.57 38.57 38.57 38.56 38.54 38.55 38.54 38.52 38.5 38.48 38.49 38.5 38.49 38.46 38.43 38.38 38.38 38.38 38.36 38.32 38.27 38.27 38.31 38.37 38.4 38.41 38.44 38.44 38.43 38.42 38.41 38.43 38.47 38.46 38.42 38.39 38.39 38.37 38.36 38.37 38.36 38.35 38.37 38.39 38.37 38.29 38.22 38.26 38.29 38.35 38.37 38.42 38.41 38.39 38.4 38.44 38.42 38.39 38.39 38.45 38.44 38.42 38.41 38.45 38.5 38.55 38.53 38.51 38.48
38.57 38.59 38.57 38.57 38.59 38.58 38.57 38.58 38.58 38.56 38.56 38.57 38.58 38.54 38.51 38.5 38.47 38.47 38.46 38.46 38.47 38.47 38.47 38.44 38.4 38.38 38.38 38.35 38.32 38.28 38.28 38.3 38.38 38.44 38.43 38.43 38.45 38.43 38.42 38.41 38.42 38.45 38.44 38.43 38.42 38.42 38.39 38.37 38.4 38.38 38.33 38.35 38.37 38.36 38.31 38.24 38.26 38.29 38.34 38.35 38.38 38.39 38.39 38.42 38.48 38.45 38.4 38.39 38.45 38.45 38.43 38.4 38.41 38.46 38.52 38.51 38.5 38.49
38.58 38.57 38.56 38.57 38.58 38.58 38.58 38.58 38.58 38.57 38.57 38.58 38.57 38.51 38.46 38.45 38.45 38.45 38.45 38.44 38.45 38.48 38.48 38.46 38.44 38.41 38.38 38.35 38.33 38.31 38.3 38.3 38.37 38.43 38.44 38.44 38.46 38.43 38.43 38.42 38.42 38.44 38.44 38.44 38.44 38.43 38.41 38.39 38.38 38.36 38.33 38.34 38.35 38.35 38.33 38.26 38.23 38.27 38.34 38.37 38.38 38.39 38.41 38.42 38.46 38.46 38.43 38.43 38.46 38.45 38.42 38.38 38.39 38.44 38.5 38.48 38.47 38.46
38.58 38.57 38.57 38.58 38.59 38.59 38.6 38.59 38.56 38.54 38.55 38.54 38.52 38.49 38.44 38.44 38.44 38.44 38.44 38.43 38.44 38.46 38.46 38.46 38.46 38.43 38.41 38.38 38.35 38.32 38.3 38.3 38.37 38.44 38.44 38.45 38.48 38.46 38.45 38.44 38.42 38.43 38.44 38.44 38.44 38.44 38.42 38.4 38.37 38.36 38.34 38.34 38.36 38.37 38.35 38.27 38.18 38.23 38.34 38.38 38.4 38.4 38.42 38.43 38.44 38.46 38.48 38.49 38.49 38.47 38.44 38.4 38.41 38.46 38.53 38.52 38.51 38.48
38.57 38.57 38.59 38.59 38.59 38.6 38.61 38.59 38.53 38.49 38.5 38.49 38.48 38.48 38.46 38.45 38.43 38.41 38.42 38.44 38.43 38.44 38.44 38.45 38.46 38.47 38.45 38.42 38.37 38.32 38.31 38.31 38.37 38.47 38.47 38.46 38.46 38.47 38.47 38.46 38.44 38.44 38.45 38.46 38.45 38.45 38.45 38.41 38.37 38.36 38.35 38.35 38.36 38.39 38.37 38.3 38.21 38.22 38.29 38.38 38.42 38.42 38.44 38.46 38.46 38.48 38.53 38.53 38.52 38.49 38.46 38.41 38.41 38.46 38.56 38.58 38.58 38.54
38.55 38.55 38.58 38.58 38.58 38.6 38.62 38.58 38.52 38.49 38.5 38.49 38.49 38.49 38.48 38.46 38.43 38.4 38.43 38.45 38.43 38.44 38.45 38.47 38.47 38.48 38.47 38.44 38.38 38.34 38.32 38.31 38.36 38.46 38.48 38.48 38.46 38.47 38.48 38.47 38.47 38.46 38.45 38.45 38.45 38.46 38.46 38.41 38.39 38.38 38.37 38.35 38.36 38.39 38.39 38.37 38.28 38.22 38.21 38.36 38.41 38.43 38.45 38.48 38.48 38.49 38.51 38.5 38.49 38.48 38.46 38.42 38.43 38.47 38.57 38.59 38.6 38.56
38.54 38.54 38.56 38.56 38.57 38.58 38.59 38.56 38.51 38.49 38.5 38.49 38.49 38.49 38.49 38.48 38.43 38.41 38.44 38.46 38.45 38.44 38.45 38.47 38.49 38.5 38.49 38.45 38.41 38.37 38.34 38.31 38.34 38.42 38.46 38.48 38.47 38.47 38.49 38.49 38.48 38.47 38.46 38.46 38.47 38.47 38.47 38.43 38.41 38.41 38.39 38.36 38.36 38.37 38.38 38.38 38.32 38.22 38.19 38.34 38.38 38.42 38.44 38.47 38.47 38.48 38.5 38.5 38.5 38.49 38.44 38.44 38.46 38.5 38.56 38.6 38.6 38.58
38.55 38.56 38.55 38.55 38.55 38.54 38.55 38.53 38.5 38.49 38.48 38.48 38.47 38.45 38.46 38.47 38.43 38.42 38.44 38.47 38.47 38.44 38.44 38.46 38.48 38.52 38.5 38.47 38.45 38.42 38.38 38.33 38.33 38.38 38.45 38.49 38.49 38.49 38.5 38.51 38.5 38.49 38.49 38.48 38.49 38.49 38.47 38.45 38.42 38.42 38.4 38.37 38.37 38.36 38.36 38.38 38.36 38.29 38.23 38.32 38.36 38.42 38.44 38.46 38.47 38.49 38.52 38.53 38.53 38.51 38.45 38.46 38.49 38.53 38.54 38.6 38.6 38.57
38.55 38.57 38.54 38.54 38.52 38.5 38.5 38.5 38.49 38.47 38.47 38.47 38.44 38.4 38.42 38.46 38.44 38.44 38.45 38.47 38.47 38.45 38.45 38.47 38.49 38.53 38.52 38.51 38.51 38.49 38.42 38.35 38.34 38.36 38.43 38.51 38.52 38.52 38.52 38.53 38.52 38.52 38.49 38.47 38.47 38.48 38.48 38.45 38.42 38.42 38.41 38.38 38.36 38.34 38.36 38.38 38.38 38.33 38.24 38.29 38.35 38.43 38.44 38.44 38.46 38.5 38.53 38.53 38.54 38.52 38.47 38.48 38.5 38.53 38.53 38.57 38.59 38.57
38.58 38.58 38.54 38.52 38.5 38.48 38.48 38.47 38.48 38.46 38.46 38.45 38.45 38.44 38.44 38.45 38.45 38.45 38.46 38.47 38.47 38.47 38.47 38.47 38.49 38.53 38.54 38.52 38.53 38.51 38.45 38.37 38.34 38.35 38.42 38.5 38.54 38.53 38.53 38.53 38.5 38.5 38.48 38.45 38.46 38.47 38.47 38.45 38.43 38.41 38.41 38.4 38.38 38.34 38.35 38.38 38.38 38.35 38.27 38.3 38.36 38.45 38.45 38.45 38.46 38.5 38.53 38.56 38.55 38.53 38.49 38.49 38.53 38.54 38.51 38.53 38.59 38.58
38.58 38.58 38.55 38.51 38.5 38.47 38.47 38.46 38.47 38.46 38.46 38.45 38.46 38.46 38.45 38.44 38.45 38.46 38.46 38.48 38.49 38.48 38.48 38.47 38.49 38.51 38.53 38.52 38.52 38.52 38.49 38.39 38.35 38.35 38.39 38.49 38.53 38.52 38.51 38.53 38.49 38.5 38.49 38.47 38.48 38.48 38.47 38.46 38.45 38.42 38.4 38.43 38.4 38.36 38.35 38.36 38.37 38.36 38.31 38.33 38.38 38.46 38.47 38.48 38.48 38.5 38.52 38.56 38.56 38.54 38.52 38.52 38.55 38.55 38.53 38.54 38.59 38.6
38.58 38.58 38.56 38.53 38.51 38.47 38.46 38.47 38.48 38.47 38.46 38.46 38.47 38.47 38.45 38.44 38.47 38.48 38.46 38.47 38.51 38.5 38.48 38.47 38.49 38.49 38.52 38.53 38.53 38.55 38.53 38.43 38.37 38.35 38.37 38.48 38.54 38.53 38.53 38.53 38.51 38.51 38.5 38.48 38.48 38.49 38.48 38.46 38.46 38.44 38.41 38.44 38.42 38.37 38.35 38.35 38.36 38.37 38.33 38.3 38.36 38.46 38.5 38.5 38.5 38.51 38.5 38.53 38.54 38.55 38.56 38.56 38.55 38.54 38.53 38.54 38.56 38.59
38.57 38.57 38.56 38.55 38.53 38.48 38.47 38.47 38.48 38.48 38.47 38.48 38.49 38.48 38.47 38.46 38.5 38.5 38.47 38.46 38.5 38.5 38.49 38.47 38.49 38.49 38.52 38.54 38.55 38.55 38.54 38.46 38.37 38.36 38.38 38.46 38.52 38.53 38.54 38.52 38.53 38.53 38.5 38.47 38.47 38.49 38.48 38.47 38.47 38.44 38.42 38.44 38.42 38.37 38.34 38.33 38.34 38.37 38.33 38.23 38.31 38.45 38.5 38.49 38.5 38.51 38.51 38.52 38.52 38.55 38.59 38.58 38.55 38.52 38.48 38.49 38.53 38.56
38.56 38.54 38.55 38.56 38.55 38.5 38.49 38.48 38.47 38.47 38.48 38.49 38.51 38.48 38.48 38.48 38.51 38.51 38.48 38.46 38.48 38.48 38.49 38.47 38.5 38.51 38.52 38.54 38.55 38.54 38.53 38.46 38.37 38.35 38.35 38.41 38.47 38.51 38.53 38.52 38.53 38.54 38.51 38.48 38.47 38.48 38.48 38.48 38.47 38.44 38.42 38.42 38.41 38.38 38.35 38.33 38.33 38.37 38.36 38.24 38.26 38.37 38.46 38.48 38.48 38.49 38.52 38.53 38.53 38.55 38.59 38.59 38.56 38.52 38.46 38.48 38.52 38.57
38.56 38.54 38.54 38.55 38.55 38.52 38.51 38.48 38.47 38.47 38.47 38.5 38.52 38.5 38.49 38.48 38.52 38.51 38.47 38.46 38.45 38.47 38.49 38.48 38.5 38.51 38.53 38.55 38.55 38.55 38.54 38.47 38.38 38.37 38.36 38.38 38.43 38.53 38.53 38.52 38.53 38.54 38.52 38.49 38.49 38.48 38.48 38.48 38.47 38.45 38.42 38.4 38.4 38.38 38.35 38.34 38.33 38.35 38.38 38.32 38.26 38.3 38.43 38.45 38.46 38.46 38.5 38.52 38.54 38.54 38.57 38.58 38.56 38.52 38.46 38.48 38.52 38.56
38.56 38.54 38.54 38.53 38.53 38.52 38.51 38.48 38.49 38.49 38.48 38.51 38.55 38.54 38.5 38.49 38.53 38.51 38.47 38.45 38.46 38.48 38.5 38.5 38.51 38.52 38.54 38.54 38.57 38.56 38.53 38.49 38.42 38.4 38.37 38.36 38.41 38.52 38.54 38.52 38.53 38.54 38.53 38.49 38.49 38.48 38.47 38.48 38.48 38.46 38.43 38.4 38.4 38.38 38.36 38.35 38.34 38.35 38.38 38.36 38.3 38.33 38.44 38.46 38.47 38.47 38.49 38.51 38.54 38.55 38.56 38.57 38.57 38.53 38.48 38.51 38.54 38.54
38.56 38.55 38.54 38.52 38.52 38.53 38.51 38.49 38.5 38.49 38.48 38.52 38.56 38.54 38.48 38.48 38.49 38.49 38.48 38.47 38.48 38.49 38.51 38.52 38.54 38.54 38.54 38.55 38.58 38.56 38.53 38.5 38.46 38.43 38.39 38.37 38.41 38.5 38.55 38.53 38.53 38.54 38.52 38.49 38.48 38.47 38.47 38.49 38.49 38.47 38.45 38.43 38.41 38.38 38.36 38.35 38.34 38.35 38.38 38.37 38.33 38.34 38.43 38.47 38.5 38.5 38.52 38.53 38.55 38.55 38.55 38.57 38.58 38.55 38.54 38.55 38.55 38.53
38.56 38.57 38.55 38.52 38.53 38.53 38.51 38.49 38.49 38.47 38.46 38.49 38.5 38.5 38.5 38.48 38.49 38.49 38.49 38.49 38.49 38.5 38.51 38.51 38.53 38.53 38.52 38.55 38.56 38.55 38.53 38.49 38.48 38.45 38.4 38.38 38.4 38.48 38.54 38.55 38.54 38.53 38.52 38.51 38.49 38.46 38.47 38.49 38.48 38.47 38.46 38.45 38.42 38.38 38.35 38.34 38.33 38.34 38.37 38.37 38.32 38.28 38.37 38.42 38.49 38.51 38.52 38.53 38.55 38.56 38.56 38.57 38.59 38.57 38.57 38.56 38.56 38.54
38.57 38.57 38.54 38.51 38.51 38.51 38.49 38.48 38.48 38.48 38.48 38.49 38.48 38.49 38.5 38.48 38.48 38.49 38.5 38.51 38.5 38.5 38.51 38.52 38.52 38.53 38.52 38.53 38.55 38.55 38.53 38.5 38.49 38.46 38.4 38.37 38.38 38.44 38.53 38.56 38.54 38.51 38.51 38.53 38.51 38.48 38.47 38.47 38.46 38.47 38.46 38.46 38.43 38.39 38.37 38.37 38.35 38.33 38.35 38.36 38.33 38.27 38.34 38.39 38.48 38.5 38.49 38.51 38.55 38.56 38.56 38.58 38.59 38.58 38.57 38.57 38.56 38.56
38.54 38.54 38.52 38.5 38.48 38.48 38.48 38.48 38.49 38.49 38.49 38.5 38.49 38.49 38.5 38.49 38.47 38.48 38.5 38.52 38.52 38.52 38.52 38.52 38.53 38.54 38.53 38.53 38.54 38.55 38.53 38.53 38.52 38.48 38.4 38.37 38.36 38.39 38.51 38.55 38.54 38.51 38.52 38.56 38.54 38.5 38.48 38.47 38.46 38.47 38.45 38.46 38.44 38.41 38.38 38.37 38.35 38.32 38.35 38.36 38.35 38.29 38.32 38.38 38.48 38.51 38.5 38.52 38.55 38.56 38.57 38.6 38.6 38.59 38.58 38.58 38.57 38.59
38.52 38.52 38.53 38.51 38.46 38.46 38.47 38.48 38.49 38.49 38.5 38.51 38.51 38.51 38.5 38.49 38.47 38.48 38.5 38.52 38.53 38.52 38.53 38.52 38.52 38.54 38.54 38.53 38.54 38.54 38.52 38.54 38.54 38.5 38.43 38.37 38.35 38.37 38.48 38.54 38.54 38.53 38.53 38.55 38.54 38.5 38.47 38.46 38.46 38.47 38.45 38.45 38.45 38.39 38.36 38.37 38.36 38.33 38.35 38.36 38.36 38.3 38.32 38.37 38.48 38.54 38.54 38.54 38.56 38.55 38.56 38.6 38.6 38.6 38.59 38.58 38.58 38.63
38.5 38.5 38.51 38.5 38.46 38.45 38.46 38.46 38.48 38.48 38.5 38.52 38.52 38.52 38.51 38.51 38.5 38.5 38.51 38.52 38.52 38.51 38.53 38.52 38.52 38.53 38.54 38.55 38.54 38.52 38.52 38.52 38.53 38.5 38.43 38.37 38.35 38.36 38.44 38.5 38.54 38.53 38.51 38.52 38.53 38.51 38.48 38.47 38.46 38.47 38.45 38.46 38.45 38.39 38.38 38.37 38.36 38.33 38.33 38.35 38.36 38.32 38.33 38.37 38.48 38.55 38.56 38.55 38.56 38.55 38.56 38.59 38.59 38.61 38.6 38.58 38.58 38.62
38.48 38.48 38.48 38.47 38.46 38.45 38.45 38.45 38.47 38.48 38.5 38.52 38.52 38.51 38.51 38.52 38.52 38.52 38.52 38.5 38.51 38.53 38.52 38.51 38.52 38.52 38.53 38.55 38.54 38.53 38.54 38.53 38.54 38.52 38.44 38.38 38.36 38.36 38.41 38.47 38.54 38.53 38.5 38.51 38.53 38.52 38.5 38.49 38.47 38.48 38.46 38.46 38.44 38.4 38.39 38.38 38.35 38.33 38.33 38.34 38.35 38.33 38.31 38.3 38.4 38.53 38.55 38.57 38.57 38.55 38.56 38.58 38.6 38.63 38.62 38.6 38.59 38.6
38.47 38.47 38.46 38.45 38.44 38.44 38.43 38.43 38.46 38.47 38.5 38.5 38.5 38.5 38.5 38.52 38.52 38.53 38.52 38.5 38.51 38.54 38.5 38.49 38.5 38.52 38.52 38.53 38.53 38.53 38.53 38.52 38.54 38.53 38.47 38.43 38.38 38.37 38.4 38.45 38.53 38.54 38.52 38.52 38.53 38.52 38.5 38.49 38.48 38.48 38.46 38.46 38.45 38.42 38.4 38.38 38.35 38.34 38.34 38.34 38.35 38.33 38.29 38.23 38.31 38.47 38.52 38.57 38.58 38.56 38.57 38.6 38.62 38.62 38.62 38.61 38.6 38.58
38.47 38.46 38.45 38.43 38.41 38.4 38.38 38.39 38.42 38.46 38.5 38.49 38.49 38.5 38.51 38.52 38.53 38.54 38.53 38.52 38.53 38.53 38.49 38.47 38.49 38.52 38.53 38.55 38.54 38.53 38.5 38.5 38.53 38.55 38.53 38.48 38.4 38.37 38.38 38.43 38.53 38.56 38.52 38.52 38.53 38.52 38.5 38.49 38.48 38.48 38.46 38.46 38.46 38.44 38.41 38.37 38.36 38.35 38.36 38.35 38.35 38.35 38.31 38.25 38.32 38.43 38.48 38.56 38.58 38.56 38.59 38.62 38.63 38.59 38.61 38.6 38.58 38.57
