slabs/9.grd
DSAA
631 301
642000 642630
4948400 4948700
44.53 46.96
[rows 62 to 92 of 301, columns 138 to 206 of 631]
46.59 46.57 46.53 46.48 46.41 46.37 46.3 46.2 46.21 46.27 46.29 46.28 46.29 46.31 46.25 46.14 46.05 46.05 46.06 46.07 46.11 46.14 46.16 46.17 46.18 46.19 46.17 46.12 46.08 46.07 46.06 46.06 46.07 46.05 46.05 46.07 46.08 46.06 46.05 46.04 46.05 46.06 46.06 46.04 46.03 46.03 46.01 46.01 46.02 46.02 46 45.98 45.98 45.99 45.97 45.97 45.99 46.01 46 45.99 45.98 45.97 45.96 45.96 45.97 45.98 45.99 45.97 45.96
46.49 46.47 46.42 46.38 46.38 46.37 46.31 46.21 46.18 46.19 46.21 46.2 46.17 46.15 46.09 46.02 45.99 46.04 46.09 46.13 46.17 46.17 46.16 46.15 46.14 46.14 46.12 46.08 46.06 46.06 46.06 46.07 46.09 46.07 46.07 46.09 46.09 46.07 46.05 46.06 46.05 46.05 46.05 46.04 46.04 46.02 46.01 46 46.01 46 45.97 45.95 45.97 45.99 46 46 45.97 45.96 45.96 45.95 45.95 45.95 45.95 45.94 45.95 45.97 45.98 45.96 45.95
46.42 46.35 46.28 46.18 46.17 46.2 46.2 46.17 46.13 46.1 46.12 46.12 46.08 46.03 46 46.03 46.06 46.1 46.14 46.18 46.2 46.19 46.16 46.12 46.1 46.1 46.09 46.08 46.08 46.08 46.07 46.08 46.09 46.08 46.07 46.08 46.07 46.06 46.06 46.08 46.05 46.03 46.02 46.02 46.02 46.02 46.01 46.02 46.01 45.99 45.97 45.97 45.97 45.98 45.97 45.96 45.95 45.96 45.96 45.95 45.94 45.93 45.93 45.93 45.95 45.96 45.97 45.96 45.95
46.37 46.33 46.27 46.2 46.18 46.2 46.2 46.17 46.13 46.07 46.02 46.01 46 45.99 46.02 46.08 46.12 46.15 46.18 46.2 46.2 46.17 46.14 46.11 46.09 46.09 46.09 46.08 46.08 46.09 46.09 46.07 46.06 46.07 46.06 46.04 46.04 46.04 46.04 46.04 46.02 46.01 46.04 46.06 46.03 45.99 45.98 45.98 45.98 45.97 45.97 45.97 45.97 45.97 45.96 45.95 45.94 45.95 45.97 45.95 45.94 45.94 45.95 45.95 45.95 45.95 45.95 45.96 45.96
46.35 46.35 46.32 46.32 46.33 46.31 46.27 46.18 46.12 46.04 45.96 45.97 46 46.04 46.1 46.15 46.17 46.18 46.19 46.19 46.17 46.15 46.12 46.1 46.1 46.1 46.09 46.08 46.07 46.09 46.1 46.09 46.07 46.08 46.08 46.06 46.04 46.04 46.03 46.03 46.02 46.02 46.03 46.03 46 45.99 45.98 45.97 45.97 45.97 45.96 45.96 45.97 45.97 45.96 45.95 45.94 45.95 45.95 45.95 45.94 45.95 45.95 45.95 45.95 45.94 45.94 45.96 45.97
46.34 46.36 46.35 46.38 46.42 46.37 46.27 46.15 46.07 46.01 45.97 46.03 46.09 46.12 46.15 46.19 46.22 46.2 46.18 46.16 46.14 46.12 46.11 46.11 46.12 46.12 46.11 46.11 46.09 46.09 46.09 46.09 46.09 46.08 46.06 46.05 46.03 46.02 46.03 46.01 46 46 46 46.01 45.99 45.97 45.97 45.96 45.96 45.95 45.95 45.96 45.96 45.96 45.94 45.94 45.94 45.95 45.95 45.94 45.93 45.93 45.93 45.94 45.95 45.95 45.96 45.96 45.97
46.36 46.37 46.4 46.42 46.41 46.32 46.19 46.08 46.03 46.02 46.05 46.12 46.17 46.19 46.19 46.21 46.23 46.2 46.16 46.13 46.1 46.1 46.12 46.15 46.15 46.13 46.11 46.09 46.07 46.07 46.09 46.1 46.08 46.05 46.05 46.07 46.04 46.02 46 45.98 45.98 45.99 45.99 45.99 45.98 45.97 45.97 45.98 45.96 45.95 45.94 45.94 45.94 45.93 45.92 45.92 45.93 45.94 45.95 45.94 45.92 45.92 45.92 45.93 45.96 45.97 45.96 45.95 45.96
46.38 46.4 46.45 46.43 46.33 46.22 46.08 46.03 46.04 46.08 46.13 46.17 46.18 46.2 46.21 46.21 46.21 46.18 46.15 46.14 46.12 46.12 46.13 46.15 46.15 46.13 46.11 46.11 46.1 46.06 46.03 46.03 46.05 46.06 46.04 46.04 46.03 46.02 45.99 45.98 45.98 45.98 45.98 45.98 45.98 45.97 45.97 45.98 45.97 45.94 45.94 45.93 45.92 45.92 45.91 45.92 45.93 45.93 45.93 45.93 45.93 45.92 45.92 45.93 45.95 45.96 45.96 45.97 45.96
46.36 46.38 46.4 46.32 46.21 46.1 46.02 46.04 46.09 46.11 46.15 46.19 46.2 46.2 46.2 46.2 46.19 46.17 46.16 46.16 46.15 46.13 46.11 46.11 46.12 46.11 46.09 46.09 46.08 46.06 46.03 46.01 46.03 46.04 46.02 46.01 46.01 46.02 46.01 45.99 45.98 45.98 45.97 45.98 45.99 45.98 45.95 45.97 45.97 45.93 45.93 45.93 45.93 45.94 45.94 45.94 45.93 45.93 45.92 45.93 45.96 45.94 45.92 45.93 45.95 45.97 45.99 45.99 45.97
46.29 46.29 46.25 46.13 46.02 46 46.04 46.1 46.14 46.15 46.18 46.21 46.22 46.21 46.19 46.17 46.16 46.14 46.14 46.14 46.13 46.11 46.12 46.13 46.12 46.1 46.08 46.07 46.07 46.06 46.03 46.01 46.01 46.02 46.01 46 46.01 46.02 46.01 45.99 45.99 45.98 45.97 45.98 46 45.98 45.95 45.95 45.96 45.94 45.92 45.93 45.92 45.92 45.93 45.93 45.93 45.93 45.93 45.94 45.94 45.92 45.91 45.93 45.95 45.93 45.97 45.99 45.95
46.2 46.14 46.06 46.03 46.02 46.04 46.08 46.15 46.19 46.2 46.21 46.21 46.19 46.17 46.14 46.11 46.1 46.12 46.14 46.15 46.16 46.14 46.12 46.13 46.12 46.09 46.07 46.07 46.06 46.04 46.02 46.01 46 46.01 46.01 45.99 46.01 46.02 46 46 45.99 45.98 45.97 45.95 45.95 45.95 45.95 45.94 45.96 45.96 45.96 45.92 45.9 45.92 45.93 45.93 45.91 45.9 45.9 45.91 45.92 45.91 45.93 45.95 45.93 45.89 45.91 45.95 45.95
46.14 46.05 46 46.03 46.05 46.08 46.14 46.18 46.19 46.16 46.14 46.14 46.13 46.11 46.1 46.1 46.11 46.14 46.16 46.15 46.15 46.14 46.11 46.12 46.11 46.08 46.07 46.07 46.05 46.01 46.01 46.01 46 46 45.99 45.98 46 46.02 46 45.99 45.98 45.96 45.95 45.94 45.92 45.92 45.94 45.95 45.95 45.94 45.92 45.92 45.92 45.91 45.91 45.92 45.91 45.89 45.89 45.91 45.91 45.91 45.91 45.92 45.91 45.9 45.91 45.93 45.94
45.97 45.97 46.04 46.1 46.12 46.13 46.15 46.16 46.15 46.13 46.12 46.13 46.12 46.11 46.13 46.15 46.16 46.16 46.15 46.13 46.12 46.1 46.09 46.09 46.08 46.06 46.06 46.06 46.04 46.01 46.01 46.02 46.01 46 45.99 45.98 46 46 45.99 46 45.99 45.96 45.94 45.94 45.93 45.92 45.93 45.94 45.93 45.92 45.92 45.92 45.91 45.91 45.89 45.9 45.91 45.91 45.9 45.9 45.9 45.91 45.91 45.9 45.9 45.9 45.92 45.93 45.94
46.06 46.08 46.13 46.17 46.17 46.14 46.13 46.14 46.13 46.12 46.12 46.12 46.12 46.13 46.14 46.16 46.16 46.15 46.12 46.11 46.1 46.08 46.07 46.07 46.06 46.06 46.06 46.06 46.04 46.01 46.02 46.02 46.01 46 46 46 46 46 45.99 45.98 45.97 45.97 45.96 45.98 45.95 45.9 45.9 45.91 45.93 45.91 45.9 45.91 45.92 45.91 45.91 45.9 45.9 45.92 45.9 45.89 45.9 45.9 45.91 45.9 45.89 45.9 45.92 45.94 45.95
46.13 46.15 46.17 46.17 46.16 46.12 46.1 46.12 46.12 46.12 46.12 46.12 46.11 46.12 46.13 46.13 46.14 46.12 46.11 46.1 46.1 46.09 46.07 46.05 46.04 46.05 46.06 46.04 46.02 45.99 45.98 45.98 46 46.01 46.02 46.01 45.98 45.94 45.92 45.95 45.97 45.97 45.96 45.95 45.92 45.91 45.91 45.91 45.91 45.89 45.89 45.91 45.92 45.92 45.91 45.9 45.9 45.9 45.9 45.89 45.9 45.9 45.9 45.9 45.89 45.91 45.94 45.96 45.96
46.14 46.17 46.18 46.16 46.13 46.1 46.1 46.11 46.12 46.15 46.14 46.12 46.11 46.11 46.12 46.11 46.12 46.11 46.1 46.09 46.09 46.1 46.09 46.06 46.05 46.04 46.04 46.01 45.99 45.98 45.97 45.96 45.98 45.99 45.97 45.97 45.96 45.94 45.93 45.94 45.95 45.93 45.9 45.91 45.92 45.92 45.9 45.9 45.9 45.89 45.9 45.93 45.92 45.91 45.9 45.89 45.9 45.91 45.9 45.89 45.88 45.89 45.9 45.89 45.9 45.93 45.96 45.97 45.96
46.16 46.18 46.16 46.14 46.1 46.08 46.1 46.13 46.15 46.16 46.14 46.12 46.11 46.11 46.11 46.09 46.1 46.1 46.09 46.08 46.08 46.1 46.09 46.07 46.03 46 45.99 45.99 45.99 45.99 45.98 45.97 45.96 45.95 45.95 45.96 45.95 45.94 45.94 45.94 45.93 45.92 45.91 45.91 45.91 45.91 45.9 45.9 45.91 45.91 45.91 45.92 45.91 45.89 45.89 45.89 45.9 45.91 45.9 45.88 45.87 45.89 45.9 45.91 45.92 45.94 45.96 45.96 45.95
46.16 46.14 46.11 46.09 46.08 46.07 46.11 46.15 46.14 46.13 46.12 46.1 46.11 46.13 46.13 46.12 46.1 46.09 46.08 46.06 46.09 46.12 46.12 46.08 46.03 46 45.98 45.98 45.98 45.98 45.97 45.96 45.95 45.95 45.95 45.94 45.93 45.94 45.94 45.94 45.93 45.92 45.93 45.92 45.91 45.91 45.9 45.91 45.91 45.91 45.91 45.91 45.9 45.88 45.88 45.9 45.9 45.88 45.88 45.87 45.88 45.91 45.92 45.92 45.92 45.93 45.94 45.95 45.96
46.13 46.1 46.07 46.06 46.05 46.06 46.08 46.1 46.09 46.08 46.08 46.08 46.1 46.11 46.1 46.1 46.1 46.08 46.07 46.07 46.08 46.08 46.08 46.06 46.04 45.99 45.95 45.96 45.98 45.97 45.97 45.96 45.94 45.95 45.95 45.94 45.94 45.94 45.96 45.96 45.94 45.92 45.92 45.92 45.91 45.91 45.91 45.9 45.9 45.9 45.91 45.91 45.9 45.88 45.87 45.88 45.88 45.88 45.88 45.88 45.89 45.89 45.9 45.92 45.92 45.93 45.94 45.97 46
46.1 46.07 46.04 46.03 46.05 46.07 46.07 46.08 46.08 46.1 46.1 46.07 46.07 46.08 46.1 46.11 46.09 46.08 46.08 46.07 46.05 46.06 46.09 46.06 46.02 45.99 45.96 45.97 45.99 45.98 45.98 45.96 45.94 45.94 45.94 45.94 45.95 45.95 45.96 45.95 45.93 45.92 45.92 45.92 45.91 45.9 45.91 45.9 45.89 45.9 45.91 45.91 45.9 45.89 45.87 45.86 45.86 45.86 45.88 45.89 45.89 45.9 45.91 45.93 45.95 45.96 45.96 45.97 45.98
46.06 46.02 46.02 46.03 46.05 46.06 46.06 46.06 46.06 46.06 46.04 46.03 46.04 46.06 46.08 46.09 46.08 46.08 46.09 46.05 46.02 46.02 46.02 46.02 46 45.99 45.98 45.99 45.99 45.96 45.96 45.96 45.95 45.95 45.94 45.94 45.94 45.94 45.94 45.93 45.91 45.92 45.92 45.92 45.9 45.88 45.88 45.9 45.91 45.92 45.94 45.92 45.9 45.91 45.9 45.88 45.85 45.84 45.86 45.89 45.89 45.9 45.93 45.95 45.96 45.95 45.96 45.97 45.97
46.03 46.02 46.03 46.03 46.05 46.07 46.07 46.05 46.04 46.05 46.05 46.05 46.06 46.07 46.06 46.06 46.06 46.07 46.08 46.05 46.01 45.99 45.99 45.98 45.99 45.99 45.99 45.98 45.96 45.95 45.94 45.94 45.95 45.95 45.95 45.93 45.93 45.94 45.95 45.92 45.91 45.94 45.93 45.9 45.9 45.9 45.9 45.89 45.89 45.9 45.92 45.92 45.91 45.91 45.9 45.88 45.86 45.85 45.86 45.89 45.93 45.94 45.94 45.95 45.96 45.96 45.94 45.92 45.93
46.02 46.04 46.07 46.07 46.05 46.05 46.05 46.03 46.04 46.06 46.05 46.06 46.07 46.06 46.05 46.04 46.03 46.03 46.04 46.03 46 45.98 45.98 45.99 45.99 45.99 45.97 45.95 45.94 45.95 45.94 45.94 45.95 45.96 45.95 45.94 45.95 45.96 45.95 45.92 45.91 45.91 45.91 45.89 45.89 45.91 45.9 45.9 45.91 45.91 45.91 45.92 45.93 45.93 45.93 45.92 45.91 45.92 45.92 45.92 45.94 45.95 45.96 45.96 45.96 45.95 45.93 45.92 45.94
46.06 46.06 46.06 46.06 46.04 46.03 46.02 46.02 46.03 46.04 46.04 46.04 46.04 46.05 46.05 46.04 46.01 46 46 45.99 45.98 45.98 45.98 45.98 45.98 45.96 45.95 45.95 45.95 45.94 45.94 45.94 45.95 45.96 45.95 45.94 45.96 45.97 45.94 45.89 45.88 45.89 45.9 45.9 45.89 45.86 45.88 45.9 45.9 45.91 45.91 45.9 45.89 45.9 45.94 45.96 45.94 45.93 45.92 45.94 45.96 45.95 45.96 45.95 45.94 45.93 45.92 45.93 45.95
46.07 46.06 46.04 46.04 46.04 46.04 46.04 46.03 46.03 46.03 46.04 46.03 46.02 46.02 46.04 46.02 46 46 46 45.99 45.98 45.98 45.97 45.97 45.96 45.96 45.95 45.95 45.96 45.96 45.96 45.95 45.95 45.95 45.93 45.92 45.92 45.91 45.89 45.89 45.89 45.9 45.89 45.9 45.89 45.88 45.9 45.91 45.9 45.91 45.91 45.9 45.89 45.9 45.93 45.94 45.94 45.92 45.93 45.97 45.97 45.95 45.93 45.93 45.92 45.92 45.92 45.94 45.95
46.06 46.06 46.06 46.06 46.04 46.05 46.04 46.03 46.01 46.01 46.03 46.02 46 46 46 46 46 46.02 46.03 46.02 45.99 45.96 45.95 45.96 45.95 45.94 45.95 45.94 45.94 45.95 45.94 45.93 45.92 45.92 45.91 45.9 45.9 45.9 45.88 45.88 45.9 45.9 45.9 45.9 45.89 45.89 45.89 45.9 45.9 45.91 45.93 45.94 45.94 45.94 45.92 45.92 45.92 45.93 45.95 45.97 45.96 45.94 45.92 45.92 45.92 45.92 45.94 45.96 45.95
46.06 46.08 46.08 46.06 46.04 46.05 46.05 46.04 46.01 46 46.01 46.01 46 45.99 45.99 46 46 46 46 45.99 45.97 45.97 45.95 45.93 45.93 45.92 45.93 45.93 45.94 45.95 45.93 45.92 45.91 45.88 45.9 45.91 45.89 45.88 45.89 45.89 45.9 45.9 45.9 45.9 45.88 45.88 45.89 45.9 45.91 45.93 45.95 45.95 45.95 45.96 45.94 45.93 45.92 45.93 45.95 45.95 45.94 45.93 45.93 45.93 45.92 45.92 45.94 45.95 45.94
46.08 46.07 46.05 46.04 46.05 46.07 46.07 46.06 46.03 46.01 46.01 46.01 46 45.99 45.99 45.98 45.96 45.94 45.95 45.97 45.96 45.95 45.96 45.95 45.92 45.91 45.93 45.95 45.94 45.92 45.9 45.89 45.89 45.89 45.9 45.91 45.9 45.9 45.91 45.92 45.92 45.9 45.89 45.89 45.88 45.89 45.9 45.93 45.94 45.95 45.95 45.94 45.94 45.96 45.97 45.96 45.94 45.93 45.93 45.94 45.95 45.94 45.93 45.93 45.9 45.89 45.91 45.92 45.92
46.06 46.05 46.03 46.01 46.03 46.07 46.08 46.04 46.01 46.03 46.04 46.02 46.01 46 45.99 45.97 45.94 45.93 45.94 45.94 45.94 45.93 45.93 45.93 45.93 45.93 45.93 45.92 45.91 45.92 45.92 45.93 45.93 45.93 45.92 45.91 45.91 45.9 45.91 45.92 45.92 45.91 45.91 45.91 45.92 45.91 45.92 45.94 45.95 45.95 45.94 45.94 45.95 45.96 45.98 45.96 45.94 45.93 45.93 45.93 45.94 45.94 45.91 45.9 45.9 45.91 45.92 45.91 45.9
46.04 46.03 46.02 46 46 46 46 45.99 45.99 46.02 46.05 46.02 45.97 45.95 45.95 45.97 45.96 45.96 45.95 45.92 45.93 45.94 45.92 45.92 45.92 45.92 45.92 45.91 45.91 45.92 45.94 45.94 45.93 45.93 45.92 45.91 45.91 45.9 45.91 45.91 45.91 45.91 45.93 45.94 45.94 45.93 45.92 45.94 45.95 45.96 45.97 45.97 45.96 45.96 45.95 45.94 45.94 45.94 45.92 45.92 45.92 45.92 45.91 45.91 45.93 45.93 45.92 45.92 45.91
46.04 46.02 46.01 46 45.99 45.99 45.99 45.98 45.98 45.98 45.98 45.98 45.97 45.96 45.95 45.96 45.96 45.96 45.94 45.91 45.92 45.94 45.94 45.92 45.91 45.91 45.91 45.91 45.9 45.9 45.92 45.93 45.93 45.93 45.92 45.91 45.91 45.91 45.91 45.91 45.91 45.92 45.93 45.93 45.93 45.93 45.93 45.96 45.99 46 46.01 45.99 45.96 45.95 45.92 45.91 45.94 45.96 45.92 45.9 45.9 45.9 45.92 45.94 45.93 45.91 45.9 45.9 45.88
