slabs/9.grd
DSAA
631 301
642000 642630
4948400 4948700
44.53 46.96
[rows 93 to 123 of 301, columns 483 to 551 of 631]
45.91 45.92 45.91 45.89 45.88 45.88 45.86 45.83 45.82 45.83 45.84 45.82 45.82 45.82 45.83 45.83 45.82 45.82 45.82 45.84 45.85 45.86 45.86 45.86 45.84 45.84 45.87 45.84 45.78 45.78 45.77 45.77 45.77 45.78 45.8 45.86 45.92 45.97 46 46.01 46.02 46.04 46.05 46.09 46.13 46.09 46.05 46.06 46.07 46.05 46.05 46.05 46.07 46.04 45.96 45.93 45.93 45.95 45.99 46.02 46 45.94 45.91 45.91 45.89 45.87 45.87 45.83 45.8
45.88 45.9 45.93 45.92 45.87 45.85 45.86 45.85 45.82 45.8 45.82 45.82 45.79 45.79 45.81 45.83 45.82 45.8 45.8 45.82 45.85 45.84 45.84 45.84 45.82 45.82 45.85 45.85 45.82 45.79 45.77 45.77 45.77 45.77 45.78 45.83 45.87 45.92 45.95 45.97 46 46.05 46.05 46.02 46.03 46.01 46.03 46.06 46.06 46.04 46.05 46.08 46.08 46.03 45.96 45.94 45.93 45.94 45.97 45.99 45.98 45.95 45.93 45.91 45.9 45.87 45.84 45.8 45.79
45.86 45.88 45.91 45.92 45.89 45.86 45.87 45.86 45.83 45.8 45.8 45.8 45.79 45.78 45.8 45.82 45.81 45.78 45.78 45.81 45.83 45.84 45.83 45.83 45.83 45.81 45.82 45.84 45.83 45.8 45.76 45.78 45.8 45.79 45.78 45.81 45.82 45.86 45.9 45.93 45.97 46.02 46.06 46.06 46.03 45.98 46 46.04 46.04 46.02 46.01 46.01 46.01 45.99 45.97 45.96 45.95 45.94 45.98 46.02 46.01 45.98 45.95 45.92 45.89 45.85 45.81 45.8 45.82
45.86 45.86 45.88 45.9 45.9 45.89 45.87 45.86 45.85 45.83 45.81 45.79 45.79 45.79 45.79 45.8 45.81 45.79 45.79 45.81 45.83 45.83 45.81 45.81 45.83 45.81 45.81 45.83 45.83 45.81 45.78 45.8 45.83 45.81 45.78 45.8 45.82 45.84 45.87 45.9 45.94 46 46.05 46.08 46.03 46 46.03 46.05 46.03 45.99 45.98 45.97 45.98 45.99 45.99 45.99 45.96 45.92 45.94 45.99 46.02 46 45.95 45.94 45.93 45.89 45.84 45.83 45.86
45.82 45.83 45.85 45.9 45.92 45.91 45.88 45.86 45.84 45.82 45.81 45.79 45.78 45.8 45.79 45.79 45.81 45.81 45.79 45.81 45.84 45.84 45.82 45.81 45.8 45.81 45.83 45.83 45.84 45.83 45.79 45.78 45.81 45.8 45.78 45.78 45.79 45.82 45.85 45.89 45.93 45.98 46.02 46.06 46.04 46.02 46.03 46.05 46.05 46.04 46.02 46 46 46 46 45.99 45.96 45.91 45.9 45.94 45.99 45.99 45.95 45.97 45.98 45.93 45.88 45.84 45.85
45.8 45.81 45.83 45.88 45.91 45.91 45.89 45.86 45.83 45.83 45.82 45.8 45.78 45.81 45.79 45.78 45.8 45.81 45.8 45.81 45.84 45.85 45.84 45.81 45.79 45.82 45.84 45.83 45.83 45.83 45.79 45.76 45.75 45.76 45.78 45.79 45.79 45.79 45.81 45.83 45.91 46 46.02 46.03 46.01 46.01 46.03 46.05 46.05 46.05 46.03 46.03 46.02 46 45.98 45.97 45.96 45.9 45.86 45.88 45.93 45.95 45.94 45.96 45.96 45.92 45.89 45.83 45.83
45.79 45.81 45.82 45.85 45.89 45.91 45.9 45.86 45.84 45.84 45.83 45.81 45.8 45.81 45.8 45.78 45.77 45.79 45.81 45.82 45.84 45.86 45.85 45.81 45.8 45.83 45.85 45.83 45.82 45.81 45.79 45.77 45.75 45.74 45.76 45.77 45.78 45.78 45.78 45.8 45.87 45.95 45.99 46.03 46.02 46.02 46.03 46.03 46.03 46.02 46.01 46.01 46 45.97 45.94 45.94 45.96 45.9 45.83 45.85 45.88 45.9 45.89 45.9 45.92 45.9 45.87 45.82 45.81
45.78 45.8 45.8 45.82 45.87 45.91 45.91 45.88 45.86 45.84 45.83 45.82 45.82 45.81 45.81 45.8 45.79 45.8 45.82 45.81 45.79 45.81 45.83 45.82 45.81 45.85 45.87 45.84 45.81 45.8 45.8 45.82 45.79 45.75 45.74 45.74 45.74 45.75 45.76 45.77 45.81 45.88 45.97 46.03 46.05 46.06 46.04 46.02 46 45.99 46.01 45.99 45.96 45.95 45.95 45.97 46 45.95 45.87 45.86 45.87 45.85 45.84 45.87 45.91 45.91 45.88 45.81 45.79
45.76 45.77 45.78 45.8 45.83 45.87 45.9 45.9 45.88 45.86 45.84 45.83 45.81 45.79 45.8 45.8 45.78 45.77 45.79 45.79 45.77 45.78 45.82 45.82 45.79 45.8 45.84 45.87 45.85 45.81 45.81 45.82 45.8 45.76 45.75 45.75 45.75 45.74 45.75 45.75 45.78 45.84 45.94 46.01 46.04 46.06 46.03 46 45.97 45.97 46 45.97 45.93 45.96 45.98 46.02 46.04 45.99 45.93 45.9 45.86 45.84 45.82 45.87 45.91 45.92 45.92 45.87 45.81
45.76 45.77 45.78 45.8 45.8 45.84 45.9 45.91 45.9 45.87 45.84 45.83 45.8 45.78 45.79 45.81 45.81 45.79 45.79 45.8 45.78 45.77 45.79 45.8 45.8 45.8 45.81 45.83 45.84 45.83 45.82 45.82 45.81 45.78 45.75 45.74 45.75 45.74 45.74 45.75 45.77 45.81 45.89 45.94 45.98 46.02 46 45.97 45.97 45.97 45.98 45.96 45.94 45.94 45.93 45.97 46.01 45.97 45.91 45.88 45.85 45.85 45.88 45.87 45.86 45.86 45.86 45.86 45.85
45.77 45.76 45.77 45.8 45.8 45.83 45.87 45.89 45.89 45.86 45.82 45.81 45.81 45.79 45.78 45.81 45.82 45.8 45.79 45.79 45.79 45.78 45.77 45.78 45.8 45.82 45.8 45.8 45.82 45.83 45.81 45.79 45.79 45.78 45.76 45.74 45.73 45.73 45.73 45.74 45.76 45.8 45.85 45.87 45.92 45.97 45.99 45.98 45.97 45.98 45.99 45.98 45.99 45.97 45.92 45.94 45.99 46 45.99 45.93 45.86 45.83 45.81 45.8 45.8 45.82 45.82 45.8 45.8
45.77 45.75 45.76 45.82 45.87 45.86 45.85 45.88 45.9 45.89 45.85 45.82 45.81 45.8 45.78 45.78 45.79 45.78 45.78 45.78 45.78 45.77 45.77 45.77 45.79 45.82 45.8 45.78 45.79 45.81 45.8 45.77 45.77 45.78 45.77 45.76 45.73 45.71 45.72 45.74 45.75 45.78 45.81 45.84 45.89 45.94 45.95 45.96 45.99 46 45.98 45.96 45.98 45.99 45.96 45.97 46 45.99 45.96 45.93 45.88 45.83 45.8 45.78 45.79 45.79 45.8 45.8 45.79
45.77 45.77 45.76 45.79 45.85 45.85 45.85 45.86 45.88 45.9 45.87 45.83 45.82 45.81 45.79 45.79 45.78 45.76 45.77 45.77 45.76 45.76 45.76 45.77 45.77 45.8 45.8 45.77 45.77 45.79 45.79 45.77 45.77 45.79 45.78 45.76 45.74 45.71 45.72 45.73 45.73 45.75 45.78 45.79 45.86 45.94 45.94 45.94 45.97 45.96 45.93 45.91 45.97 45.98 45.92 45.94 45.96 45.97 45.98 45.95 45.91 45.87 45.81 45.78 45.79 45.81 45.8 45.79 45.79
45.73 45.76 45.77 45.76 45.78 45.8 45.83 45.85 45.86 45.87 45.86 45.84 45.82 45.81 45.8 45.79 45.78 45.76 45.76 45.76 45.76 45.76 45.77 45.78 45.77 45.79 45.79 45.77 45.76 45.78 45.79 45.78 45.77 45.78 45.78 45.78 45.75 45.71 45.7 45.71 45.73 45.76 45.77 45.78 45.84 45.94 45.97 45.97 45.98 45.94 45.89 45.9 45.92 45.93 45.93 45.93 45.93 45.93 45.95 45.94 45.92 45.91 45.86 45.81 45.8 45.83 45.81 45.78 45.77
45.75 45.75 45.76 45.76 45.77 45.78 45.82 45.85 45.85 45.86 45.86 45.85 45.82 45.8 45.8 45.8 45.79 45.77 45.76 45.75 45.75 45.76 45.78 45.79 45.79 45.8 45.8 45.78 45.77 45.78 45.8 45.81 45.78 45.76 45.77 45.78 45.77 45.71 45.68 45.69 45.72 45.75 45.77 45.77 45.83 45.92 45.95 45.95 45.95 45.94 45.93 45.93 45.94 45.96 45.98 45.97 45.94 45.93 45.92 45.9 45.9 45.9 45.86 45.81 45.8 45.81 45.81 45.79 45.77
45.74 45.74 45.76 45.77 45.76 45.76 45.8 45.85 45.85 45.85 45.86 45.87 45.84 45.82 45.82 45.83 45.8 45.77 45.75 45.75 45.76 45.75 45.76 45.77 45.77 45.78 45.8 45.81 45.79 45.78 45.78 45.79 45.79 45.78 45.79 45.82 45.78 45.72 45.69 45.7 45.72 45.73 45.73 45.74 45.79 45.88 45.91 45.92 45.93 45.94 45.93 45.95 45.97 45.99 46.03 45.99 45.93 45.93 45.91 45.9 45.89 45.86 45.84 45.82 45.8 45.8 45.81 45.79 45.79
45.72 45.72 45.76 45.77 45.74 45.74 45.78 45.82 45.83 45.83 45.85 45.87 45.87 45.85 45.83 45.83 45.81 45.78 45.77 45.78 45.78 45.76 45.77 45.79 45.78 45.77 45.77 45.77 45.78 45.77 45.74 45.74 45.77 45.79 45.8 45.8 45.77 45.74 45.71 45.71 45.73 45.73 45.72 45.72 45.75 45.8 45.84 45.87 45.91 45.92 45.93 45.96 46 46.02 46.02 45.97 45.91 45.9 45.89 45.9 45.88 45.83 45.82 45.82 45.84 45.85 45.83 45.79 45.78
45.73 45.73 45.76 45.76 45.74 45.73 45.76 45.78 45.8 45.81 45.83 45.86 45.88 45.85 45.81 45.79 45.79 45.78 45.77 45.78 45.81 45.78 45.75 45.76 45.78 45.78 45.76 45.76 45.78 45.77 45.73 45.73 45.77 45.8 45.81 45.79 45.78 45.77 45.74 45.72 45.72 45.72 45.71 45.71 45.73 45.75 45.77 45.83 45.9 45.93 45.97 46.01 46.01 46 45.96 45.92 45.89 45.87 45.86 45.88 45.85 45.8 45.78 45.8 45.85 45.89 45.85 45.78 45.78
45.75 45.75 45.75 45.75 45.75 45.74 45.74 45.75 45.79 45.81 45.81 45.83 45.84 45.84 45.81 45.77 45.77 45.79 45.77 45.75 45.78 45.79 45.77 45.77 45.78 45.77 45.74 45.73 45.75 45.77 45.76 45.75 45.75 45.79 45.8 45.79 45.79 45.78 45.77 45.74 45.71 45.7 45.71 45.71 45.72 45.73 45.75 45.79 45.86 45.9 45.97 46.02 45.99 45.94 45.92 45.9 45.89 45.86 45.89 45.9 45.84 45.78 45.78 45.82 45.85 45.85 45.83 45.8 45.78
45.72 45.73 45.74 45.74 45.75 45.75 45.75 45.75 45.77 45.8 45.82 45.83 45.82 45.82 45.81 45.79 45.79 45.81 45.78 45.75 45.75 45.77 45.77 45.76 45.75 45.74 45.73 45.73 45.75 45.77 45.78 45.76 45.74 45.76 45.79 45.78 45.77 45.78 45.78 45.76 45.72 45.7 45.7 45.71 45.71 45.71 45.73 45.76 45.79 45.82 45.88 45.97 45.98 45.95 45.92 45.9 45.88 45.86 45.89 45.9 45.83 45.78 45.82 45.88 45.85 45.8 45.81 45.79 45.77
45.7 45.72 45.74 45.74 45.74 45.74 45.74 45.74 45.74 45.76 45.8 45.83 45.84 45.86 45.84 45.81 45.79 45.79 45.78 45.77 45.75 45.75 45.75 45.74 45.74 45.74 45.74 45.74 45.74 45.75 45.76 45.76 45.75 45.75 45.77 45.77 45.75 45.75 45.76 45.77 45.74 45.7 45.69 45.69 45.7 45.68 45.7 45.73 45.79 45.83 45.86 45.93 45.97 45.96 45.94 45.9 45.86 45.84 45.87 45.9 45.89 45.88 45.87 45.87 45.85 45.81 45.79 45.77 45.76
45.71 45.73 45.75 45.74 45.73 45.74 45.74 45.74 45.74 45.75 45.78 45.8 45.82 45.84 45.86 45.87 45.83 45.78 45.78 45.77 45.74 45.73 45.73 45.74 45.73 45.73 45.74 45.74 45.73 45.73 45.74 45.77 45.77 45.74 45.74 45.75 45.75 45.73 45.73 45.76 45.75 45.71 45.68 45.68 45.69 45.68 45.69 45.71 45.79 45.87 45.88 45.93 45.96 45.96 45.98 45.93 45.85 45.83 45.86 45.87 45.85 45.86 45.86 45.85 45.85 45.83 45.79 45.75 45.75
45.72 45.74 45.76 45.75 45.73 45.73 45.74 45.75 45.73 45.73 45.78 45.82 45.83 45.83 45.84 45.87 45.85 45.79 45.77 45.76 45.73 45.72 45.72 45.74 45.73 45.72 45.73 45.73 45.73 45.74 45.74 45.77 45.77 45.74 45.72 45.73 45.75 45.74 45.73 45.75 45.75 45.71 45.68 45.68 45.71 45.71 45.7 45.69 45.75 45.84 45.87 45.85 45.89 45.95 45.98 45.96 45.93 45.92 45.88 45.84 45.83 45.85 45.85 45.86 45.87 45.86 45.8 45.75 45.74
45.74 45.72 45.74 45.77 45.75 45.73 45.74 45.73 45.72 45.71 45.73 45.76 45.79 45.82 45.83 45.84 45.85 45.81 45.79 45.76 45.73 45.73 45.73 45.73 45.73 45.72 45.71 45.72 45.73 45.74 45.74 45.75 45.76 45.77 45.74 45.73 45.74 45.74 45.73 45.74 45.73 45.7 45.68 45.68 45.69 45.72 45.7 45.68 45.7 45.75 45.81 45.86 45.91 45.97 45.92 45.86 45.89 45.91 45.9 45.89 45.88 45.86 45.84 45.86 45.89 45.85 45.78 45.74 45.74
45.74 45.72 45.74 45.77 45.76 45.74 45.72 45.71 45.71 45.7 45.69 45.72 45.77 45.8 45.82 45.84 45.84 45.82 45.8 45.78 45.76 45.75 45.75 45.73 45.71 45.71 45.7 45.71 45.72 45.73 45.73 45.74 45.78 45.8 45.76 45.73 45.73 45.74 45.73 45.73 45.74 45.75 45.74 45.69 45.67 45.69 45.68 45.66 45.68 45.71 45.74 45.81 45.87 45.92 45.89 45.82 45.83 45.88 45.92 45.93 45.93 45.89 45.85 45.86 45.89 45.84 45.76 45.74 45.73
45.72 45.73 45.74 45.75 45.76 45.75 45.72 45.7 45.7 45.7 45.69 45.72 45.76 45.79 45.81 45.82 45.84 45.83 45.8 45.79 45.79 45.78 45.75 45.73 45.72 45.74 45.75 45.74 45.74 45.76 45.75 45.74 45.77 45.8 45.78 45.73 45.71 45.7 45.71 45.71 45.72 45.72 45.7 45.68 45.67 45.68 45.67 45.66 45.67 45.68 45.72 45.77 45.79 45.85 45.88 45.85 45.81 45.83 45.89 45.94 45.94 45.91 45.86 45.86 45.89 45.87 45.82 45.75 45.71
45.71 45.73 45.73 45.74 45.75 45.74 45.72 45.71 45.7 45.71 45.71 45.72 45.75 45.79 45.82 45.82 45.85 45.86 45.84 45.8 45.78 45.78 45.77 45.74 45.73 45.76 45.77 45.74 45.73 45.74 45.74 45.73 45.74 45.75 45.74 45.71 45.7 45.7 45.72 45.73 45.71 45.69 45.69 45.69 45.69 45.68 45.67 45.65 45.64 45.66 45.71 45.74 45.74 45.79 45.87 45.87 45.84 45.83 45.91 45.98 45.96 45.93 45.88 45.89 45.92 45.92 45.88 45.8 45.74
45.7 45.71 45.72 45.74 45.75 45.73 45.73 45.72 45.71 45.71 45.71 45.71 45.74 45.8 45.83 45.82 45.84 45.87 45.89 45.84 45.77 45.74 45.74 45.73 45.73 45.74 45.77 45.76 45.72 45.72 45.73 45.73 45.72 45.71 45.7 45.71 45.72 45.72 45.73 45.74 45.71 45.69 45.69 45.7 45.7 45.69 45.67 45.64 45.62 45.65 45.69 45.7 45.69 45.73 45.83 45.89 45.9 45.92 45.98 46.01 46 45.97 45.91 45.91 45.93 45.89 45.86 45.83 45.8
45.67 45.69 45.72 45.74 45.74 45.73 45.73 45.73 45.72 45.71 45.7 45.7 45.71 45.75 45.78 45.78 45.81 45.84 45.84 45.83 45.78 45.73 45.71 45.72 45.73 45.73 45.73 45.73 45.72 45.71 45.73 45.75 45.74 45.71 45.7 45.72 45.74 45.72 45.72 45.73 45.72 45.7 45.7 45.71 45.71 45.7 45.67 45.64 45.63 45.65 45.68 45.67 45.65 45.69 45.78 45.87 45.9 45.94 45.96 45.95 45.95 45.93 45.89 45.88 45.9 45.85 45.81 45.83 45.81
45.67 45.69 45.7 45.72 45.72 45.72 45.72 45.72 45.72 45.72 45.71 45.72 45.71 45.71 45.72 45.75 45.79 45.81 45.83 45.82 45.8 45.77 45.76 45.74 45.73 45.71 45.7 45.71 45.72 45.7 45.71 45.73 45.75 45.75 45.73 45.73 45.74 45.72 45.71 45.71 45.72 45.72 45.72 45.71 45.71 45.7 45.67 45.65 45.65 45.67 45.67 45.66 45.67 45.68 45.74 45.81 45.84 45.84 45.83 45.85 45.88 45.88 45.86 45.85 45.88 45.85 45.8 45.79 45.78
45.66 45.69 45.7 45.72 45.72 45.7 45.7 45.72 45.73 45.73 45.74 45.73 45.71 45.71 45.73 45.76 45.78 45.77 45.77 45.8 45.81 45.81 45.78 45.75 45.72 45.7 45.68 45.69 45.72 45.72 45.71 45.72 45.76 45.78 45.74 45.71 45.72 45.73 45.72 45.7 45.71 45.72 45.72 45.72 45.71 45.69 45.67 45.66 45.65 45.66 45.65 45.63 45.64 45.65 45.71 45.77 45.78 45.76 45.75 45.79 45.81 45.82 45.84 45.86 45.85 45.81 45.76 45.73 45.7
