slabs/9.grd
DSAA
631 301
642000 642630
4948400 4948700
44.53 46.96
[rows 0 to 30 of 301, columns 483 to 551 of 631]
46.11 46.1 46.13 46.16 46.16 46.11 46.06 46.05 46.07 46.09 46.12 46.14 46.21 46.28 46.28 46.27 46.25 46.23 46.21 46.19 46.15 46.11 46.13 46.13 46.13 46.16 46.22 46.25 46.23 46.17 46.13 46.14 46.15 46.17 46.18 46.17 46.18 46.2 46.2 46.19 46.19 46.19 46.19 46.22 46.28 46.32 46.32 46.28 46.19 46.17 46.2 46.24 46.21 46.06 45.9 45.64 45.3 45.08 44.86 44.76 44.9 45 45 44.99 45.03 45.07 45.08 45.07 45.01
46.12 46.1 46.12 46.18 46.2 46.15 46.09 46.06 46.09 46.12 46.11 46.1 46.18 46.28 46.3 46.29 46.29 46.28 46.25 46.22 46.15 46.11 46.12 46.11 46.11 46.14 46.18 46.21 46.22 46.16 46.11 46.1 46.13 46.16 46.16 46.15 46.13 46.13 46.14 46.14 46.15 46.15 46.15 46.16 46.21 46.28 46.3 46.26 46.17 46.14 46.18 46.24 46.26 46.21 46.07 45.79 45.47 45.28 45.06 44.78 44.82 44.98 45.02 45.01 45.01 45.03 45.04 45.06 45.07
46.13 46.13 46.15 46.18 46.19 46.17 46.11 46.08 46.08 46.11 46.11 46.09 46.16 46.27 46.31 46.33 46.33 46.31 46.28 46.25 46.19 46.12 46.1 46.09 46.1 46.11 46.13 46.15 46.17 46.14 46.11 46.11 46.11 46.14 46.16 46.14 46.12 46.11 46.12 46.13 46.15 46.14 46.12 46.12 46.17 46.25 46.29 46.25 46.17 46.12 46.15 46.23 46.26 46.23 46.15 45.95 45.7 45.53 45.28 44.89 44.8 44.93 45 45.02 45.01 45.03 45.04 45.06 45.09
46.11 46.14 46.17 46.19 46.21 46.2 46.14 46.1 46.08 46.07 46.07 46.08 46.11 46.21 46.29 46.29 46.3 46.33 46.33 46.31 46.25 46.16 46.1 46.09 46.09 46.09 46.09 46.12 46.14 46.13 46.14 46.12 46.09 46.1 46.12 46.13 46.12 46.12 46.14 46.15 46.17 46.14 46.11 46.12 46.19 46.27 46.28 46.25 46.2 46.16 46.17 46.23 46.27 46.27 46.23 46.11 45.89 45.73 45.49 45.05 44.77 44.76 44.91 45.03 45.04 45.06 45.08 45.08 45.09
46.09 46.12 46.17 46.22 46.23 46.23 46.17 46.11 46.06 46.03 46.05 46.06 46.09 46.15 46.24 46.3 46.31 46.32 46.34 46.33 46.27 46.16 46.1 46.09 46.09 46.09 46.08 46.1 46.12 46.13 46.15 46.13 46.08 46.05 46.05 46.09 46.12 46.13 46.15 46.17 46.17 46.12 46.08 46.11 46.21 46.27 46.26 46.21 46.21 46.21 46.21 46.22 46.26 46.29 46.27 46.17 46.03 45.96 45.73 45.24 44.81 44.67 44.82 45 45.04 45.07 45.06 45.07 45.06
46.07 46.13 46.16 46.2 46.22 46.23 46.2 46.18 46.13 46.07 46.07 46.08 46.08 46.11 46.2 46.27 46.28 46.3 46.33 46.33 46.26 46.14 46.09 46.09 46.09 46.07 46.06 46.07 46.1 46.12 46.13 46.11 46.07 46.04 46.02 46.06 46.11 46.13 46.13 46.15 46.14 46.09 46.06 46.07 46.13 46.17 46.13 46.11 46.17 46.2 46.21 46.22 46.24 46.27 46.26 46.17 46.11 46.12 45.98 45.57 45.06 44.79 44.76 44.85 44.96 45.03 45.06 45.06 45.06
46.05 46.11 46.14 46.16 46.19 46.23 46.24 46.25 46.2 46.12 46.1 46.11 46.09 46.08 46.15 46.22 46.25 46.29 46.33 46.33 46.27 46.18 46.13 46.13 46.1 46.06 46.05 46.05 46.07 46.09 46.09 46.08 46.07 46.06 46.05 46.08 46.12 46.15 46.15 46.14 46.09 46.04 46.02 46.03 46.04 46.04 46.03 46.06 46.14 46.18 46.19 46.2 46.18 46.17 46.17 46.18 46.19 46.21 46.12 45.81 45.45 45.08 44.75 44.71 44.82 44.95 45.04 45.05 45.05
46.01 46.07 46.13 46.16 46.19 46.24 46.28 46.31 46.25 46.15 46.1 46.11 46.09 46.06 46.1 46.16 46.23 46.3 46.34 46.34 46.31 46.25 46.19 46.16 46.12 46.06 46.04 46.03 46.05 46.06 46.07 46.07 46.06 46.05 46.04 46.06 46.11 46.14 46.16 46.13 46.05 46 45.98 45.99 46.01 46.02 46.02 46.05 46.13 46.2 46.19 46.15 46.12 46.1 46.07 46.1 46.17 46.19 46.16 45.99 45.78 45.39 44.87 44.66 44.68 44.85 45.02 45.06 45.06
45.98 46.02 46.11 46.18 46.2 46.23 46.27 46.31 46.28 46.19 46.13 46.1 46.07 46.05 46.07 46.11 46.2 46.3 46.36 46.35 46.32 46.26 46.21 46.19 46.14 46.07 46.03 46.03 46.02 46.03 46.04 46.05 46.06 46.05 46.04 46.04 46.08 46.12 46.14 46.11 46.02 45.95 45.99 46.03 46 46 46.01 46.03 46.09 46.15 46.14 46.1 46.1 46.11 46.06 46.03 46.07 46.11 46.14 46.07 45.95 45.6 45.04 44.67 44.57 44.77 45.03 45.09 45.08
45.96 46 46.1 46.17 46.19 46.19 46.23 46.27 46.28 46.23 46.17 46.11 46.06 46.05 46.06 46.08 46.16 46.28 46.34 46.35 46.33 46.29 46.26 46.23 46.17 46.1 46.07 46.04 46.02 46.02 46.03 46.06 46.08 46.07 46.04 46.01 46.04 46.06 46.09 46.09 46.06 46.06 46.06 46.04 45.99 45.97 45.99 46.01 46.03 46.04 46.04 46.03 46.06 46.09 46.07 46.03 46.04 46.06 46.06 46.01 45.94 45.71 45.21 44.73 44.53 44.7 44.99 45.09 45.08
45.94 46 46.09 46.13 46.15 46.16 46.19 46.23 46.27 46.26 46.21 46.14 46.07 46.05 46.06 46.07 46.12 46.22 46.28 46.32 46.34 46.3 46.27 46.22 46.17 46.13 46.09 46.06 46.03 46.01 46.03 46.08 46.1 46.09 46.06 46.01 45.99 45.99 46.03 46.06 46.09 46.11 46.09 46.03 45.98 45.95 45.96 45.97 45.96 45.95 45.93 45.93 45.96 45.99 46.04 46.07 46.07 46.06 45.99 45.93 45.92 45.82 45.41 44.85 44.58 44.64 44.89 45.07 45.09
45.94 45.99 46.04 46.08 46.13 46.16 46.16 46.2 46.25 46.28 46.26 46.2 46.11 46.08 46.08 46.08 46.1 46.16 46.22 46.28 46.33 46.31 46.28 46.23 46.18 46.15 46.11 46.06 46.05 46.05 46.08 46.11 46.09 46.05 46.05 46.01 45.97 45.96 45.99 46.03 46.07 46.11 46.09 46.02 45.96 45.93 45.93 45.92 45.9 45.88 45.84 45.83 45.86 45.91 46.03 46.11 46.11 46.05 45.95 45.96 46.03 45.98 45.63 45.05 44.69 44.65 44.82 45.03 45.08
45.94 45.96 45.99 46.03 46.12 46.16 46.16 46.17 46.23 46.28 46.31 46.26 46.14 46.08 46.06 46.08 46.09 46.11 46.16 46.24 46.33 46.32 46.29 46.26 46.2 46.16 46.13 46.09 46.09 46.11 46.13 46.14 46.1 46.07 46.04 45.99 45.96 45.95 45.97 46 46.05 46.09 46.09 46.04 45.98 45.93 45.9 45.88 45.85 45.83 45.8 45.83 45.88 45.95 46.06 46.12 46.11 46.05 45.97 46 46.07 46.05 45.8 45.23 44.81 44.67 44.71 44.9 44.96
45.95 45.98 46 46 46.07 46.16 46.18 46.17 46.2 46.27 46.32 46.3 46.19 46.09 46.05 46.04 46.05 46.07 46.09 46.15 46.26 46.3 46.3 46.28 46.23 46.18 46.15 46.12 46.12 46.13 46.14 46.15 46.1 46.05 46.01 45.96 45.95 45.95 45.96 45.99 46.06 46.09 46.11 46.07 46.01 45.94 45.9 45.88 45.85 45.83 45.86 45.98 46.06 46.09 46.11 46.11 46.1 46.05 45.99 46 46.05 46.06 45.92 45.46 45.08 44.81 44.66 44.74 44.8
45.98 46.01 46.01 46 46.06 46.14 46.15 46.14 46.16 46.23 46.27 46.29 46.25 46.15 46.09 46.05 46.02 46.05 46.06 46.09 46.19 46.26 46.3 46.29 46.24 46.19 46.17 46.15 46.12 46.11 46.13 46.15 46.08 46 45.97 45.95 45.95 45.94 45.94 45.97 46.04 46.09 46.11 46.07 46.01 45.94 45.9 45.9 45.88 45.87 45.95 46.11 46.19 46.17 46.12 46.1 46.09 46.06 46.03 46.03 46.04 46.04 46 45.84 45.59 45.14 44.79 44.76 44.89
45.96 45.99 46.02 46.04 46.06 46.1 46.14 46.13 46.16 46.23 46.28 46.3 46.29 46.22 46.15 46.08 46.03 46.03 46.04 46.07 46.14 46.22 46.29 46.31 46.27 46.25 46.21 46.16 46.12 46.11 46.12 46.14 46.08 45.99 45.96 45.95 45.94 45.94 45.94 45.96 45.99 46.03 46.08 46.07 46 45.93 45.9 45.92 45.92 45.92 46.03 46.18 46.24 46.2 46.14 46.09 46.08 46.06 46.05 46.02 45.99 46.02 46.02 45.98 45.81 45.38 45.03 44.97 45.1
45.96 45.99 46 46.02 46.03 46.03 46.05 46.07 46.13 46.2 46.24 46.27 46.29 46.27 46.23 46.14 46.05 46.02 46.04 46.06 46.1 46.16 46.24 46.3 46.3 46.29 46.24 46.16 46.12 46.11 46.11 46.12 46.09 46.04 45.99 45.95 45.95 45.95 45.95 45.96 45.99 46.02 46.07 46.05 45.99 45.91 45.88 45.93 45.95 45.98 46.06 46.15 46.21 46.18 46.12 46.08 46.07 46.06 46.03 46 46.01 46.04 46.04 46.01 45.89 45.55 45.28 45.23 45.33
45.99 45.99 45.97 45.99 46 45.99 45.99 46.05 46.11 46.13 46.17 46.22 46.27 46.3 46.31 46.22 46.08 46.03 46.04 46.04 46.06 46.1 46.18 46.29 46.3 46.27 46.22 46.16 46.12 46.09 46.09 46.11 46.1 46.09 46.03 45.97 45.94 45.95 45.96 45.97 45.98 45.98 46.02 46.02 45.98 45.9 45.87 45.94 46 46 46.01 46.06 46.1 46.1 46.09 46.07 46.08 46.07 46.04 46.01 46.03 46.05 46.04 46.02 45.95 45.73 45.57 45.56 45.61
46 45.98 45.96 45.95 45.96 45.98 45.99 46.03 46.08 46.1 46.14 46.22 46.31 46.35 46.39 46.31 46.13 46.05 46.03 46.02 46.04 46.06 46.14 46.27 46.32 46.29 46.24 46.19 46.15 46.12 46.12 46.1 46.06 46.06 46.07 46.01 45.94 45.93 45.96 45.98 45.98 45.97 45.99 46.02 46.02 46.02 46.02 46.01 46 45.99 45.99 46.02 46.03 46.05 46.05 46.04 46.04 46.05 46.03 46.02 46.04 46.04 46.03 46.02 45.99 45.9 45.84 45.85 45.86
46 45.99 45.97 45.95 45.97 46 45.99 45.99 46.04 46.09 46.16 46.25 46.34 46.4 46.43 46.35 46.17 46.08 46.05 46.01 46.01 46.02 46.08 46.21 46.28 46.29 46.27 46.23 46.2 46.15 46.11 46.07 46.05 46.05 46.05 46.04 46.02 45.94 45.9 45.94 45.96 45.99 46 46.01 46.03 46.05 46.07 46.03 46 46 46 46.01 46.03 46.02 46 45.98 45.98 46.01 46.03 46.02 46.02 46.02 46.02 46.02 46.02 46.02 45.99 45.97 45.98
46 45.97 45.97 45.97 45.98 45.99 45.98 45.97 46.02 46.09 46.16 46.23 46.31 46.36 46.4 46.35 46.2 46.12 46.07 46.03 46.02 46.02 46.06 46.15 46.25 46.29 46.28 46.23 46.21 46.17 46.11 46.07 46.06 46.06 46.04 46.04 46.03 45.97 45.9 45.9 45.92 45.97 46 45.99 46 46.03 46.04 46.02 46.01 46.01 46.02 46.03 46.03 46 45.95 45.93 45.92 45.98 46.05 46.05 46.03 46.02 46.02 46.03 46.04 46.06 46.04 46.02 46.04
45.99 45.95 45.95 45.96 45.96 45.95 45.97 45.98 46 46.05 46.11 46.19 46.26 46.31 46.36 46.36 46.26 46.19 46.11 46.02 46.03 46.06 46.09 46.12 46.16 46.24 46.27 46.25 46.23 46.19 46.14 46.09 46.06 46.05 46.05 46.04 46.03 45.99 45.92 45.89 45.89 45.94 45.97 45.97 45.97 46 46.02 46.01 46.01 46.02 46.04 46.05 46.03 45.98 45.91 45.87 45.87 45.94 46.04 46.07 46.06 46.04 46.04 46.05 46.07 46.09 46.1 46.11 46.11
46 45.97 45.96 45.95 45.95 45.95 45.96 45.96 45.96 45.98 46.04 46.12 46.2 46.25 46.31 46.36 46.32 46.27 46.17 46.06 46.03 46.05 46.08 46.08 46.08 46.15 46.23 46.22 46.19 46.18 46.17 46.11 46.07 46.07 46.07 46.05 46.03 46.02 45.96 45.9 45.88 45.91 45.96 45.98 45.97 45.99 46.02 46.03 46.03 46.04 46.06 46.06 46.02 45.95 45.88 45.84 45.81 45.87 45.99 46.05 46.05 46.04 46.04 46.05 46.08 46.11 46.12 46.1 46.06
46.02 46 45.97 45.94 45.94 45.96 45.97 45.96 45.96 45.96 45.98 46.04 46.14 46.21 46.26 46.33 46.31 46.28 46.23 46.12 46.05 46.03 46.02 46.03 46.05 46.09 46.15 46.18 46.18 46.19 46.19 46.14 46.1 46.09 46.08 46.05 46.04 46.04 46 45.94 45.9 45.92 45.97 45.99 45.98 45.99 46.02 46.05 46.05 46.07 46.06 46.05 46.01 45.94 45.86 45.81 45.78 45.8 45.95 46.06 46.07 46.04 46.03 46.05 46.08 46.1 46.11 46.07 46.03
45.98 45.98 45.96 45.92 45.93 45.95 45.94 45.95 45.98 45.98 45.97 45.99 46.07 46.11 46.15 46.2 46.21 46.23 46.24 46.17 46.1 46.04 46.01 46.01 46.02 46.04 46.1 46.17 46.22 46.23 46.21 46.17 46.13 46.11 46.07 46.05 46.06 46.04 46.01 45.99 45.94 45.92 45.95 45.96 45.97 45.99 46.01 46.03 46.05 46.08 46.06 46.03 45.99 45.92 45.84 45.8 45.77 45.8 45.91 45.98 46.02 46.02 46 46.03 46.06 46.07 46.08 46.06 46.04
45.97 45.98 45.97 45.93 45.92 45.93 45.93 45.93 45.94 45.95 45.96 45.97 46.01 46.06 46.11 46.15 46.17 46.21 46.23 46.19 46.14 46.08 46.02 46 45.99 46.01 46.08 46.18 46.24 46.26 46.23 46.18 46.14 46.1 46.07 46.05 46.05 46.04 46.02 46.02 45.98 45.94 45.93 45.94 45.97 45.99 45.99 46 46.03 46.08 46.06 46.02 45.97 45.9 45.85 45.83 45.82 45.83 45.88 45.98 46.07 46.08 46.07 46.06 46.06 46.07 46.08 46.05 46.02
45.93 45.91 45.96 46.01 46.03 46.03 46.02 46 45.96 45.93 45.95 45.97 45.98 46.02 46.09 46.14 46.16 46.19 46.21 46.21 46.18 46.12 46.03 45.99 45.98 45.99 46.06 46.15 46.22 46.25 46.25 46.2 46.16 46.12 46.07 46.05 46.04 46.04 46.06 46.07 46.04 45.98 45.93 45.94 45.97 46 46.02 46.04 46.05 46.07 46.04 46 45.96 45.94 45.93 45.93 45.92 45.92 45.93 46.01 46.09 46.12 46.13 46.1 46.08 46.09 46.1 46.06 46.03
45.94 45.94 45.99 46.06 46.09 46.08 46.06 46.05 46.01 45.95 45.94 45.96 45.97 45.99 46.06 46.12 46.14 46.15 46.19 46.22 46.23 46.17 46.07 46 45.98 45.99 46.03 46.11 46.17 46.22 46.25 46.22 46.19 46.14 46.09 46.07 46.07 46.08 46.08 46.09 46.09 46.02 45.95 45.94 45.98 46.02 46.03 46.02 46.01 46.03 46.04 46.02 45.99 45.97 45.96 45.95 45.94 45.91 45.9 45.99 46.09 46.12 46.14 46.14 46.11 46.08 46.08 46.06 46.04
45.94 45.94 46.01 46.1 46.13 46.11 46.09 46.07 46.05 45.99 45.94 45.95 45.96 45.97 46.04 46.1 46.11 46.12 46.17 46.23 46.25 46.21 46.12 46.04 46 45.98 46.01 46.07 46.12 46.18 46.22 46.22 46.2 46.14 46.09 46.09 46.1 46.09 46.09 46.09 46.1 46.07 46.01 45.99 46 46.03 46.04 46.02 46 46.01 46.02 46.03 46.02 46 45.98 45.96 45.95 45.92 45.86 45.96 46.09 46.12 46.13 46.14 46.11 46.05 46.03 46.03 46.02
45.97 45.96 46.04 46.11 46.11 46.1 46.08 46.07 46.07 46.02 45.96 45.95 45.96 45.96 46.01 46.07 46.09 46.11 46.16 46.21 46.23 46.22 46.16 46.06 46 45.98 45.99 46.02 46.05 46.13 46.2 46.21 46.19 46.14 46.09 46.06 46.06 46.07 46.07 46.08 46.08 46.05 46.02 46.03 46.01 46.01 46.04 46.02 45.99 45.99 46.01 46.02 46.03 46.02 46.01 45.99 45.98 45.95 45.89 45.98 46.11 46.14 46.14 46.12 46.06 46.01 46 46.02 46.03
45.96 45.97 46.05 46.09 46.07 46.06 46.05 46.05 46.05 46.01 45.96 45.94 45.95 45.96 45.98 46.04 46.07 46.09 46.13 46.18 46.22 46.23 46.18 46.1 46.03 45.98 45.98 46.01 46.03 46.09 46.17 46.2 46.19 46.16 46.13 46.1 46.08 46.05 46.04 46.04 46.03 46.01 46.03 46.05 46.01 46.01 46.04 46.03 46 45.99 46.01 46.01 46.02 46.03 46.03 46.02 46 45.95 45.92 46 46.12 46.15 46.14 46.08 46.02 46 46 46.01 46.02
