slabs/9.grd
DSAA
631 301
642000 642630
4948400 4948700
44.53 46.96
[rows 31 to 61 of 301, columns 207 to 275 of 631]
46.05 46.05 46.05 46.03 46 45.98 45.94 45.93 45.95 45.96 45.96 45.96 45.95 45.96 45.98 45.99 45.99 45.97 45.95 45.95 45.96 45.96 45.97 45.97 45.97 45.95 45.92 45.92 45.93 45.94 45.95 45.95 45.94 45.94 45.94 45.94 45.96 45.96 45.94 45.92 45.93 45.93 45.95 45.97 45.97 45.96 45.96 45.95 45.93 45.92 45.93 45.93 45.94 45.94 45.95 45.93 45.93 45.94 45.94 45.95 45.96 45.96 45.96 45.98 45.97 45.95 45.94 45.94 45.95
46.06 46.04 46.02 45.99 45.95 45.95 45.95 45.95 45.96 45.97 45.97 45.97 45.97 45.98 45.99 45.99 45.98 45.97 45.96 45.95 45.94 45.97 45.97 45.96 45.95 45.94 45.93 45.92 45.95 45.96 45.94 45.93 45.92 45.94 45.96 45.96 45.96 45.95 45.93 45.92 45.94 45.96 45.96 45.97 45.96 45.95 45.96 45.96 45.93 45.92 45.92 45.93 45.93 45.93 45.92 45.93 45.93 45.94 45.94 45.94 45.95 45.95 45.94 45.96 45.96 45.95 45.96 45.96 45.96
46.05 46 45.97 45.96 45.94 45.96 45.97 45.97 45.96 45.97 45.98 45.98 45.97 45.98 45.99 45.98 45.98 45.98 45.97 45.96 45.95 45.96 45.96 45.95 45.95 45.96 45.94 45.92 45.94 45.95 45.94 45.94 45.93 45.93 45.94 45.94 45.93 45.93 45.92 45.92 45.93 45.94 45.94 45.94 45.95 45.96 45.96 45.94 45.92 45.93 45.94 45.95 45.94 45.92 45.92 45.93 45.94 45.94 45.95 45.94 45.92 45.93 45.93 45.93 45.94 45.96 45.98 45.98 45.96
46 45.96 45.93 45.95 45.96 45.97 45.98 45.98 45.97 45.99 45.99 45.97 45.96 45.97 45.99 45.99 45.99 45.99 45.98 45.96 45.96 45.96 45.97 45.98 46 45.98 45.95 45.95 45.94 45.93 45.94 45.95 45.95 45.93 45.92 45.93 45.93 45.92 45.92 45.92 45.93 45.96 45.98 45.95 45.94 45.94 45.94 45.93 45.94 45.95 45.96 45.95 45.93 45.92 45.92 45.93 45.94 45.95 45.95 45.93 45.91 45.92 45.93 45.93 45.93 45.95 45.99 45.98 45.97
45.96 45.94 45.94 45.96 45.97 45.98 45.98 45.99 45.99 45.99 45.98 45.97 45.96 45.97 45.99 45.99 46 45.99 45.97 45.95 45.95 45.97 45.97 45.97 45.95 45.93 45.93 45.92 45.94 45.95 45.93 45.91 45.91 45.92 45.93 45.93 45.93 45.92 45.92 45.93 45.94 45.96 45.97 45.96 45.95 45.94 45.94 45.95 45.97 45.96 45.95 45.94 45.93 45.92 45.92 45.92 45.93 45.93 45.93 45.93 45.91 45.92 45.93 45.94 45.96 45.98 46 46 46
45.95 45.95 45.96 45.97 45.97 45.98 46 45.99 45.98 45.97 45.96 45.98 45.99 45.99 45.98 45.95 45.96 45.97 45.96 45.93 45.93 45.95 45.94 45.93 45.94 45.94 45.93 45.91 45.91 45.91 45.9 45.91 45.91 45.92 45.93 45.92 45.92 45.93 45.94 45.94 45.93 45.93 45.94 45.95 45.96 45.95 45.95 45.96 45.97 45.96 45.94 45.93 45.92 45.91 45.92 45.92 45.93 45.93 45.93 45.91 45.91 45.92 45.95 45.97 45.99 46 45.99 45.99 45.99
45.96 45.98 45.99 45.99 45.99 45.99 45.98 45.98 45.98 45.99 46 46.02 46.02 45.99 45.97 45.96 45.95 45.96 45.96 45.96 45.95 45.94 45.94 45.93 45.93 45.93 45.91 45.89 45.91 45.91 45.91 45.91 45.91 45.91 45.91 45.91 45.91 45.91 45.92 45.93 45.93 45.93 45.94 45.95 45.97 45.96 45.94 45.94 45.95 45.94 45.93 45.92 45.91 45.91 45.91 45.92 45.95 45.96 45.94 45.92 45.91 45.92 45.95 45.98 45.98 45.98 45.97 45.96 45.95
45.95 45.97 46 45.99 45.98 45.97 45.95 45.94 45.97 45.99 46 45.99 46 45.99 45.97 45.96 45.96 45.96 45.95 45.94 45.95 45.94 45.92 45.91 45.91 45.91 45.9 45.9 45.91 45.92 45.91 45.91 45.9 45.9 45.91 45.91 45.91 45.89 45.89 45.91 45.94 45.94 45.94 45.96 45.98 45.95 45.92 45.93 45.95 45.95 45.95 45.93 45.91 45.91 45.91 45.93 45.95 45.98 45.96 45.94 45.94 45.93 45.95 46 46 45.97 45.97 45.96 45.96
45.96 45.96 45.98 45.97 45.94 45.95 45.97 45.96 45.96 45.97 46 46.02 46.01 45.99 45.96 45.96 45.96 45.95 45.93 45.92 45.92 45.91 45.9 45.91 45.91 45.92 45.95 45.93 45.9 45.9 45.91 45.91 45.9 45.9 45.91 45.91 45.91 45.9 45.9 45.92 45.95 45.96 45.94 45.96 45.97 45.95 45.95 45.96 45.97 45.95 45.95 45.92 45.89 45.88 45.91 45.94 45.96 45.97 45.96 45.95 45.96 45.98 45.97 45.96 45.97 45.98 45.99 45.98 45.97
45.98 45.98 45.98 45.98 45.96 45.97 45.97 45.97 45.97 45.99 46 46 45.99 45.98 45.96 45.96 45.96 45.95 45.92 45.9 45.91 45.92 45.9 45.9 45.9 45.92 45.96 45.93 45.89 45.9 45.9 45.92 45.92 45.89 45.9 45.91 45.91 45.91 45.92 45.94 45.96 45.97 45.96 45.96 45.95 45.95 45.95 45.97 45.95 45.91 45.91 45.89 45.88 45.9 45.93 45.94 45.95 45.95 45.94 45.94 45.94 45.94 45.95 45.95 45.98 45.99 46 45.99 45.97
46.02 46.03 46.01 45.99 45.99 45.99 45.98 45.99 45.99 45.99 45.98 45.97 45.97 45.97 45.96 45.95 45.94 45.93 45.92 45.9 45.91 45.93 45.93 45.9 45.88 45.89 45.91 45.91 45.9 45.9 45.89 45.92 45.92 45.89 45.89 45.91 45.91 45.91 45.93 45.94 45.94 45.94 45.93 45.93 45.95 45.96 45.95 45.94 45.94 45.92 45.93 45.93 45.91 45.9 45.92 45.95 45.95 45.95 45.93 45.92 45.92 45.92 45.94 45.97 45.98 45.99 46 45.99 45.98
46.06 46.04 46.01 45.99 45.99 45.99 45.99 45.99 45.99 45.97 45.96 45.97 45.97 45.96 45.94 45.93 45.92 45.91 45.92 45.92 45.91 45.92 45.93 45.91 45.87 45.88 45.9 45.9 45.89 45.89 45.9 45.9 45.9 45.89 45.89 45.91 45.92 45.92 45.92 45.93 45.93 45.95 45.96 45.95 45.93 45.92 45.92 45.92 45.92 45.92 45.94 45.95 45.93 45.92 45.92 45.94 45.94 45.92 45.92 45.92 45.92 45.92 45.95 45.97 45.97 45.98 45.98 45.98 45.99
46.04 46.01 45.98 45.97 45.98 45.99 45.98 45.97 45.97 45.96 45.97 45.98 45.98 45.95 45.93 45.92 45.91 45.9 45.91 45.91 45.89 45.9 45.91 45.91 45.9 45.9 45.91 45.91 45.89 45.88 45.89 45.89 45.89 45.9 45.93 45.94 45.93 45.91 45.9 45.93 45.95 45.92 45.92 45.92 45.91 45.91 45.92 45.92 45.91 45.91 45.93 45.95 45.95 45.94 45.93 45.93 45.93 45.91 45.92 45.92 45.92 45.92 45.94 45.96 45.96 45.97 45.97 45.96 45.97
46.02 45.98 45.96 45.97 45.97 45.98 45.97 45.95 45.96 45.97 45.97 45.97 45.97 45.95 45.92 45.92 45.91 45.89 45.88 45.89 45.9 45.9 45.9 45.9 45.9 45.89 45.88 45.87 45.87 45.89 45.89 45.9 45.91 45.92 45.92 45.92 45.92 45.92 45.91 45.91 45.92 45.91 45.91 45.93 45.93 45.93 45.92 45.92 45.91 45.92 45.93 45.94 45.95 45.95 45.94 45.93 45.94 45.94 45.94 45.93 45.93 45.92 45.94 45.95 45.95 45.97 45.97 45.96 45.96
46.02 45.98 45.97 45.98 45.98 45.97 45.96 45.94 45.96 45.96 45.94 45.93 45.93 45.93 45.92 45.91 45.9 45.89 45.88 45.89 45.91 45.91 45.9 45.9 45.89 45.88 45.89 45.89 45.89 45.91 45.93 45.92 45.91 45.92 45.94 45.92 45.91 45.9 45.9 45.9 45.91 45.91 45.92 45.93 45.94 45.94 45.94 45.93 45.93 45.95 45.94 45.93 45.93 45.94 45.94 45.94 45.94 45.96 45.95 45.93 45.93 45.94 45.97 45.98 45.97 45.96 45.95 45.95 45.96
46.02 45.98 45.97 45.99 45.98 45.96 45.94 45.93 45.93 45.93 45.92 45.92 45.9 45.91 45.92 45.9 45.9 45.91 45.9 45.91 45.93 45.93 45.91 45.9 45.89 45.88 45.88 45.88 45.88 45.89 45.91 45.91 45.9 45.91 45.92 45.9 45.89 45.9 45.9 45.9 45.91 45.92 45.92 45.93 45.93 45.94 45.96 45.95 45.94 45.96 45.94 45.93 45.93 45.92 45.92 45.93 45.92 45.93 45.93 45.91 45.91 45.94 45.96 45.96 45.96 45.95 45.95 45.95 45.95
46.01 45.99 45.98 45.98 45.96 45.94 45.93 45.93 45.93 45.93 45.92 45.92 45.9 45.88 45.88 45.89 45.91 45.93 45.93 45.91 45.88 45.88 45.88 45.87 45.87 45.86 45.85 45.86 45.89 45.92 45.92 45.9 45.88 45.88 45.88 45.87 45.88 45.9 45.9 45.91 45.92 45.92 45.94 45.94 45.94 45.95 45.96 45.96 45.95 45.95 45.94 45.95 45.95 45.93 45.92 45.92 45.92 45.93 45.94 45.94 45.93 45.94 45.95 45.96 45.98 45.95 45.93 45.93 45.93
45.99 46 45.99 45.97 45.93 45.91 45.92 45.93 45.94 45.95 45.94 45.93 45.9 45.88 45.89 45.9 45.91 45.91 45.91 45.9 45.89 45.89 45.89 45.87 45.86 45.85 45.84 45.85 45.88 45.91 45.9 45.88 45.88 45.88 45.88 45.87 45.89 45.9 45.9 45.92 45.93 45.94 45.95 45.96 45.95 45.95 45.95 45.96 45.97 45.97 45.97 45.96 45.96 45.95 45.94 45.93 45.93 45.94 45.94 45.94 45.94 45.95 45.97 45.97 45.98 45.95 45.91 45.9 45.91
45.99 45.99 45.97 45.94 45.92 45.91 45.92 45.93 45.93 45.93 45.92 45.91 45.9 45.89 45.88 45.88 45.89 45.88 45.87 45.88 45.9 45.89 45.88 45.87 45.87 45.87 45.86 45.86 45.87 45.88 45.89 45.89 45.9 45.91 45.9 45.89 45.9 45.91 45.91 45.93 45.93 45.93 45.95 45.97 45.96 45.96 45.95 45.96 45.99 45.98 45.94 45.95 45.98 45.98 45.95 45.93 45.93 45.94 45.94 45.94 45.93 45.94 45.93 45.93 45.94 45.93 45.9 45.87 45.87
45.99 45.98 45.98 45.96 45.95 45.94 45.92 45.93 45.94 45.93 45.91 45.9 45.89 45.89 45.88 45.88 45.88 45.87 45.86 45.86 45.87 45.86 45.86 45.87 45.88 45.88 45.87 45.87 45.88 45.89 45.9 45.91 45.9 45.9 45.89 45.89 45.92 45.93 45.93 45.93 45.92 45.92 45.92 45.93 45.95 45.95 45.95 45.94 45.96 45.96 45.94 45.93 45.94 45.96 45.95 45.92 45.91 45.92 45.92 45.92 45.93 45.92 45.91 45.9 45.9 45.89 45.87 45.86 45.85
45.97 45.97 45.96 45.93 45.92 45.94 45.94 45.94 45.95 45.94 45.92 45.9 45.89 45.88 45.87 45.88 45.88 45.88 45.89 45.87 45.86 45.86 45.85 45.86 45.88 45.88 45.87 45.87 45.89 45.89 45.9 45.9 45.89 45.89 45.89 45.9 45.92 45.94 45.93 45.9 45.89 45.88 45.9 45.93 45.95 45.95 45.95 45.96 45.97 45.96 45.95 45.94 45.92 45.93 45.94 45.93 45.93 45.93 45.92 45.93 45.94 45.93 45.9 45.88 45.87 45.86 45.85 45.85 45.85
45.97 45.95 45.94 45.93 45.94 45.96 45.98 45.97 45.95 45.93 45.92 45.91 45.9 45.89 45.87 45.88 45.88 45.89 45.9 45.89 45.87 45.87 45.86 45.86 45.87 45.88 45.87 45.87 45.88 45.87 45.88 45.89 45.89 45.89 45.91 45.93 45.92 45.92 45.91 45.91 45.91 45.91 45.92 45.94 45.95 45.96 45.95 45.95 45.95 45.95 45.94 45.93 45.92 45.93 45.94 45.93 45.92 45.93 45.94 45.94 45.95 45.93 45.9 45.87 45.87 45.86 45.85 45.86 45.86
45.97 45.95 45.94 45.95 45.96 45.95 45.96 45.95 45.94 45.91 45.9 45.91 45.91 45.9 45.89 45.88 45.89 45.89 45.9 45.89 45.87 45.86 45.86 45.86 45.87 45.89 45.9 45.89 45.89 45.89 45.89 45.9 45.9 45.91 45.92 45.92 45.91 45.91 45.91 45.92 45.92 45.93 45.94 45.96 45.98 45.98 45.95 45.92 45.92 45.93 45.94 45.93 45.93 45.94 45.94 45.92 45.92 45.93 45.94 45.94 45.93 45.9 45.88 45.88 45.87 45.85 45.86 45.87 45.86
45.97 45.97 45.96 45.96 45.96 45.94 45.93 45.93 45.93 45.91 45.9 45.91 45.91 45.9 45.9 45.9 45.88 45.87 45.88 45.88 45.86 45.85 45.85 45.86 45.88 45.9 45.92 45.92 45.91 45.91 45.91 45.91 45.9 45.89 45.9 45.92 45.95 45.94 45.93 45.93 45.95 45.96 45.98 45.98 45.99 45.97 45.92 45.91 45.91 45.92 45.93 45.93 45.92 45.92 45.92 45.93 45.94 45.93 45.92 45.92 45.9 45.88 45.88 45.89 45.89 45.87 45.85 45.86 45.85
45.98 45.97 45.97 45.96 45.95 45.94 45.92 45.92 45.92 45.9 45.89 45.9 45.91 45.9 45.9 45.89 45.87 45.85 45.86 45.86 45.86 45.86 45.86 45.86 45.87 45.88 45.9 45.9 45.89 45.89 45.89 45.89 45.89 45.91 45.93 45.94 45.95 45.95 45.95 45.97 45.98 45.98 45.99 45.98 45.96 45.94 45.92 45.91 45.92 45.91 45.9 45.9 45.89 45.89 45.9 45.92 45.93 45.92 45.9 45.9 45.9 45.88 45.89 45.9 45.89 45.87 45.86 45.86 45.85
45.98 45.97 45.96 45.95 45.95 45.94 45.9 45.9 45.91 45.89 45.87 45.89 45.91 45.92 45.9 45.89 45.87 45.87 45.88 45.88 45.88 45.86 45.87 45.88 45.87 45.87 45.9 45.91 45.89 45.89 45.9 45.92 45.94 45.94 45.93 45.94 45.96 45.97 45.98 45.98 45.98 45.97 45.97 45.96 45.95 45.94 45.93 45.92 45.92 45.91 45.9 45.89 45.89 45.88 45.89 45.89 45.9 45.89 45.88 45.89 45.9 45.88 45.87 45.88 45.87 45.85 45.84 45.85 45.86
45.96 45.96 45.97 45.97 45.96 45.95 45.92 45.91 45.91 45.89 45.87 45.9 45.91 45.91 45.9 45.88 45.88 45.88 45.89 45.89 45.88 45.86 45.86 45.88 45.91 45.92 45.91 45.9 45.9 45.9 45.92 45.94 45.95 45.95 45.94 45.94 45.96 45.95 45.95 45.95 45.95 45.95 45.95 45.96 45.97 45.96 45.94 45.92 45.92 45.91 45.9 45.89 45.89 45.87 45.87 45.89 45.91 45.9 45.89 45.91 45.9 45.88 45.87 45.87 45.87 45.87 45.84 45.82 45.84
45.96 45.98 46 45.99 45.96 45.93 45.93 45.92 45.92 45.92 45.91 45.9 45.9 45.91 45.89 45.88 45.89 45.9 45.89 45.89 45.89 45.87 45.87 45.89 45.92 45.94 45.93 45.91 45.93 45.92 45.92 45.94 45.94 45.95 45.95 45.94 45.93 45.93 45.92 45.93 45.93 45.94 45.96 45.96 45.94 45.92 45.92 45.93 45.94 45.91 45.87 45.84 45.86 45.87 45.88 45.89 45.89 45.9 45.89 45.86 45.86 45.87 45.87 45.87 45.86 45.85 45.84 45.81 45.82
45.98 45.97 45.96 45.94 45.92 45.93 45.93 45.93 45.93 45.92 45.92 45.93 45.92 45.9 45.89 45.87 45.87 45.89 45.89 45.89 45.87 45.86 45.87 45.89 45.92 45.93 45.92 45.92 45.93 45.92 45.92 45.94 45.94 45.93 45.93 45.92 45.91 45.92 45.94 45.94 45.94 45.95 45.96 45.94 45.92 45.91 45.91 45.93 45.92 45.89 45.86 45.84 45.85 45.87 45.87 45.86 45.87 45.88 45.87 45.86 45.85 45.84 45.82 45.81 45.82 45.82 45.82 45.82 45.82
45.96 45.95 45.96 45.96 45.96 45.95 45.95 45.95 45.93 45.91 45.93 45.93 45.92 45.91 45.91 45.89 45.87 45.87 45.88 45.88 45.86 45.86 45.87 45.9 45.92 45.92 45.91 45.92 45.93 45.92 45.93 45.93 45.92 45.91 45.9 45.91 45.91 45.93 45.95 45.94 45.93 45.94 45.93 45.9 45.9 45.9 45.89 45.88 45.87 45.86 45.86 45.85 45.86 45.87 45.85 45.83 45.85 45.87 45.87 45.89 45.87 45.83 45.81 45.8 45.8 45.8 45.79 45.8 45.81
45.97 45.97 45.97 45.96 45.95 45.96 45.95 45.95 45.94 45.92 45.92 45.91 45.91 45.91 45.93 45.91 45.89 45.87 45.87 45.87 45.86 45.88 45.9 45.91 45.92 45.92 45.91 45.92 45.93 45.93 45.92 45.92 45.92 45.92 45.91 45.92 45.93 45.94 45.94 45.93 45.93 45.93 45.91 45.91 45.9 45.89 45.87 45.85 45.85 45.86 45.87 45.85 45.85 45.86 45.85 45.83 45.85 45.87 45.86 45.85 45.84 45.83 45.83 45.82 45.8 45.79 45.77 45.78 45.79
