slabs/90.grd
DSAA
631 301
647040 647670
4948700 4949000
28.79 42.43
[rows 68 to 101 of 301, columns 234 to 311 of 631]
37.51 37.52 37.54 37.53 37.55 37.53 37.51 37.53 37.55 37.54 37.55 37.57 37.58 37.56 37.54 37.54 37.54 37.56 37.57 37.58 37.58 37.6 37.59 37.6 37.61 37.62 37.61 37.62 37.62 37.63 37.63 37.65 37.66 37.67 37.66 37.64 37.65 37.68 37.7 37.71 37.72 37.74 37.75 37.76 37.77 37.79 37.78 37.77 37.76 37.76 37.74 37.72 37.68 37.66 37.64 37.63 37.63 37.65 37.68 37.67 37.67 37.69 37.71 37.74 37.76 37.76 37.77 37.8 37.83 37.85 37.87 37.91 37.9 37.88 37.88 37.9 37.95 37.98
37.55 37.56 37.55 37.54 37.54 37.53 37.51 37.51 37.52 37.51 37.52 37.55 37.55 37.53 37.53 37.55 37.56 37.57 37.59 37.6 37.6 37.6 37.59 37.6 37.6 37.6 37.59 37.6 37.61 37.62 37.62 37.65 37.65 37.67 37.69 37.69 37.68 37.68 37.71 37.72 37.72 37.72 37.73 37.74 37.76 37.76 37.76 37.75 37.73 37.71 37.69 37.66 37.62 37.61 37.59 37.59 37.59 37.6 37.64 37.66 37.67 37.69 37.7 37.73 37.74 37.75 37.76 37.78 37.81 37.85 37.85 37.85 37.86 37.85 37.85 37.88 37.94 37.97
37.59 37.58 37.55 37.53 37.52 37.52 37.52 37.51 37.5 37.51 37.53 37.52 37.51 37.51 37.52 37.53 37.55 37.57 37.57 37.58 37.59 37.59 37.57 37.58 37.58 37.58 37.59 37.59 37.59 37.6 37.62 37.65 37.65 37.68 37.69 37.7 37.7 37.69 37.72 37.72 37.7 37.68 37.69 37.7 37.71 37.72 37.73 37.72 37.68 37.67 37.67 37.65 37.61 37.58 37.57 37.58 37.58 37.58 37.6 37.64 37.67 37.68 37.69 37.71 37.73 37.74 37.74 37.75 37.76 37.78 37.79 37.81 37.83 37.83 37.83 37.85 37.91 37.95
37.57 37.57 37.55 37.52 37.52 37.51 37.5 37.49 37.48 37.5 37.53 37.52 37.51 37.51 37.53 37.52 37.53 37.55 37.56 37.56 37.57 37.58 37.57 37.56 37.56 37.58 37.6 37.6 37.6 37.6 37.63 37.64 37.64 37.66 37.67 37.67 37.68 37.68 37.7 37.69 37.67 37.65 37.66 37.66 37.66 37.66 37.66 37.65 37.63 37.64 37.66 37.65 37.61 37.56 37.56 37.56 37.56 37.55 37.57 37.61 37.64 37.66 37.66 37.69 37.71 37.71 37.71 37.72 37.73 37.75 37.75 37.77 37.81 37.83 37.83 37.84 37.88 37.92
37.54 37.54 37.53 37.52 37.52 37.5 37.51 37.51 37.51 37.52 37.53 37.52 37.52 37.51 37.53 37.53 37.52 37.54 37.56 37.56 37.56 37.57 37.57 37.57 37.57 37.58 37.6 37.6 37.6 37.61 37.64 37.64 37.63 37.64 37.65 37.64 37.63 37.63 37.63 37.63 37.64 37.63 37.62 37.62 37.62 37.61 37.6 37.59 37.59 37.6 37.61 37.61 37.59 37.56 37.56 37.55 37.53 37.54 37.56 37.59 37.6 37.63 37.63 37.65 37.68 37.69 37.68 37.69 37.71 37.73 37.74 37.76 37.8 37.82 37.83 37.84 37.87 37.89
37.55 37.55 37.54 37.53 37.52 37.5 37.52 37.52 37.53 37.54 37.53 37.53 37.52 37.51 37.53 37.54 37.53 37.53 37.54 37.55 37.55 37.55 37.57 37.58 37.59 37.58 37.59 37.59 37.59 37.61 37.62 37.61 37.6 37.61 37.6 37.59 37.58 37.56 37.56 37.57 37.6 37.6 37.58 37.57 37.56 37.56 37.56 37.56 37.56 37.58 37.58 37.57 37.55 37.55 37.55 37.55 37.53 37.54 37.56 37.58 37.59 37.61 37.61 37.62 37.63 37.66 37.66 37.67 37.69 37.71 37.73 37.76 37.79 37.8 37.83 37.84 37.85 37.88
37.56 37.56 37.54 37.53 37.53 37.53 37.54 37.54 37.55 37.54 37.52 37.51 37.51 37.51 37.52 37.54 37.54 37.53 37.52 37.52 37.53 37.55 37.56 37.57 37.59 37.58 37.58 37.58 37.59 37.58 37.56 37.55 37.55 37.55 37.54 37.55 37.56 37.54 37.52 37.52 37.55 37.55 37.53 37.53 37.52 37.52 37.53 37.55 37.56 37.56 37.56 37.56 37.54 37.52 37.52 37.53 37.53 37.55 37.56 37.58 37.6 37.61 37.6 37.6 37.62 37.65 37.65 37.67 37.69 37.69 37.72 37.74 37.77 37.79 37.82 37.85 37.85 37.87
37.58 37.58 37.55 37.54 37.54 37.54 37.54 37.55 37.55 37.53 37.51 37.51 37.5 37.5 37.51 37.53 37.54 37.54 37.53 37.52 37.54 37.55 37.55 37.55 37.57 37.56 37.55 37.56 37.56 37.53 37.49 37.5 37.52 37.53 37.52 37.53 37.54 37.53 37.52 37.52 37.54 37.53 37.53 37.52 37.52 37.5 37.51 37.52 37.52 37.53 37.53 37.54 37.53 37.5 37.5 37.51 37.51 37.55 37.56 37.58 37.59 37.6 37.59 37.6 37.62 37.63 37.65 37.67 37.68 37.67 37.69 37.72 37.74 37.76 37.8 37.85 37.85 37.87
37.61 37.6 37.56 37.54 37.55 37.56 37.55 37.55 37.54 37.52 37.5 37.5 37.5 37.51 37.51 37.51 37.53 37.56 37.55 37.55 37.54 37.53 37.53 37.53 37.54 37.52 37.5 37.5 37.51 37.49 37.48 37.48 37.5 37.53 37.54 37.53 37.51 37.5 37.49 37.51 37.52 37.52 37.52 37.52 37.5 37.47 37.48 37.49 37.49 37.51 37.52 37.53 37.52 37.5 37.5 37.49 37.49 37.53 37.55 37.57 37.57 37.58 37.59 37.59 37.6 37.61 37.62 37.64 37.65 37.65 37.67 37.71 37.73 37.74 37.79 37.84 37.85 37.86
37.61 37.59 37.57 37.54 37.55 37.55 37.54 37.54 37.53 37.51 37.49 37.5 37.5 37.51 37.51 37.51 37.52 37.56 37.55 37.55 37.53 37.53 37.53 37.52 37.51 37.48 37.45 37.46 37.47 37.49 37.49 37.48 37.48 37.48 37.51 37.51 37.48 37.46 37.46 37.48 37.48 37.48 37.48 37.49 37.49 37.46 37.47 37.49 37.5 37.51 37.53 37.54 37.53 37.52 37.51 37.49 37.49 37.52 37.53 37.54 37.54 37.56 37.59 37.59 37.6 37.6 37.59 37.61 37.63 37.65 37.67 37.71 37.74 37.75 37.79 37.83 37.84 37.85
37.58 37.58 37.56 37.54 37.54 37.52 37.51 37.51 37.5 37.51 37.49 37.51 37.52 37.52 37.5 37.5 37.5 37.52 37.53 37.52 37.52 37.53 37.53 37.52 37.49 37.46 37.44 37.46 37.48 37.48 37.48 37.47 37.46 37.45 37.46 37.48 37.45 37.45 37.44 37.44 37.45 37.45 37.45 37.47 37.48 37.48 37.48 37.49 37.51 37.52 37.53 37.54 37.54 37.53 37.52 37.51 37.5 37.51 37.52 37.52 37.52 37.55 37.59 37.59 37.6 37.6 37.61 37.63 37.65 37.66 37.68 37.69 37.72 37.72 37.76 37.8 37.82 37.82
37.57 37.56 37.55 37.53 37.53 37.52 37.5 37.5 37.5 37.51 37.53 37.53 37.54 37.52 37.49 37.49 37.48 37.48 37.49 37.49 37.51 37.51 37.5 37.49 37.47 37.45 37.45 37.45 37.45 37.45 37.45 37.45 37.45 37.43 37.43 37.44 37.43 37.44 37.43 37.43 37.43 37.44 37.45 37.45 37.47 37.49 37.48 37.49 37.51 37.5 37.51 37.51 37.52 37.52 37.52 37.52 37.51 37.51 37.53 37.53 37.54 37.55 37.57 37.57 37.59 37.6 37.61 37.62 37.64 37.65 37.66 37.67 37.69 37.7 37.74 37.77 37.79 37.8
37.55 37.54 37.54 37.54 37.54 37.54 37.55 37.54 37.53 37.52 37.53 37.53 37.52 37.51 37.51 37.51 37.49 37.47 37.47 37.48 37.48 37.47 37.48 37.48 37.46 37.44 37.43 37.42 37.42 37.42 37.43 37.44 37.44 37.42 37.42 37.42 37.41 37.42 37.43 37.43 37.43 37.44 37.45 37.46 37.47 37.48 37.48 37.48 37.5 37.49 37.49 37.5 37.52 37.51 37.51 37.52 37.52 37.52 37.53 37.55 37.55 37.56 37.56 37.57 37.6 37.59 37.57 37.57 37.61 37.62 37.65 37.66 37.67 37.69 37.73 37.75 37.78 37.8
37.53 37.53 37.54 37.57 37.58 37.59 37.6 37.58 37.55 37.53 37.52 37.51 37.5 37.49 37.5 37.49 37.47 37.46 37.46 37.47 37.46 37.44 37.44 37.45 37.45 37.43 37.42 37.41 37.41 37.4 37.4 37.42 37.43 37.41 37.4 37.4 37.41 37.42 37.42 37.43 37.43 37.44 37.46 37.48 37.47 37.46 37.47 37.48 37.48 37.5 37.51 37.51 37.52 37.51 37.51 37.52 37.52 37.52 37.53 37.53 37.53 37.54 37.54 37.54 37.55 37.55 37.55 37.55 37.58 37.6 37.63 37.64 37.65 37.69 37.71 37.75 37.77 37.79
37.56 37.57 37.57 37.58 37.6 37.59 37.58 37.57 37.54 37.52 37.48 37.49 37.5 37.49 37.49 37.48 37.46 37.44 37.45 37.46 37.46 37.44 37.45 37.44 37.43 37.42 37.41 37.4 37.39 37.37 37.37 37.4 37.41 37.4 37.4 37.4 37.41 37.43 37.43 37.43 37.43 37.44 37.46 37.46 37.44 37.44 37.46 37.47 37.47 37.48 37.52 37.52 37.52 37.52 37.52 37.52 37.51 37.5 37.5 37.51 37.5 37.51 37.51 37.51 37.51 37.52 37.52 37.53 37.56 37.59 37.6 37.61 37.63 37.68 37.7 37.73 37.74 37.76
37.6 37.6 37.58 37.58 37.58 37.56 37.53 37.52 37.5 37.49 37.46 37.48 37.49 37.48 37.47 37.47 37.44 37.42 37.41 37.43 37.44 37.45 37.45 37.43 37.4 37.39 37.39 37.38 37.37 37.36 37.35 37.38 37.41 37.39 37.4 37.41 37.42 37.44 37.42 37.41 37.43 37.46 37.45 37.44 37.43 37.44 37.46 37.47 37.47 37.48 37.51 37.51 37.51 37.52 37.51 37.5 37.49 37.49 37.48 37.48 37.48 37.49 37.5 37.49 37.49 37.49 37.5 37.52 37.54 37.58 37.59 37.59 37.61 37.65 37.67 37.67 37.69 37.71
37.6 37.58 37.57 37.56 37.55 37.54 37.52 37.51 37.48 37.45 37.45 37.46 37.46 37.45 37.45 37.44 37.42 37.38 37.38 37.41 37.42 37.42 37.42 37.4 37.38 37.36 37.36 37.36 37.36 37.37 37.35 37.39 37.42 37.4 37.4 37.41 37.43 37.44 37.42 37.41 37.44 37.46 37.46 37.45 37.47 37.48 37.51 37.51 37.48 37.49 37.53 37.53 37.51 37.52 37.52 37.5 37.48 37.48 37.48 37.46 37.45 37.47 37.49 37.48 37.48 37.48 37.49 37.52 37.53 37.56 37.57 37.56 37.58 37.6 37.61 37.59 37.6 37.64
37.59 37.58 37.58 37.57 37.55 37.53 37.51 37.5 37.47 37.44 37.43 37.43 37.43 37.42 37.42 37.42 37.39 37.35 37.36 37.39 37.38 37.38 37.38 37.38 37.36 37.34 37.35 37.36 37.38 37.39 37.39 37.39 37.39 37.38 37.39 37.41 37.43 37.43 37.43 37.44 37.43 37.45 37.48 37.49 37.51 37.51 37.54 37.54 37.51 37.51 37.53 37.53 37.51 37.51 37.51 37.48 37.45 37.46 37.47 37.46 37.45 37.46 37.48 37.48 37.47 37.48 37.5 37.51 37.51 37.5 37.52 37.52 37.53 37.55 37.55 37.56 37.57 37.59
37.58 37.58 37.58 37.57 37.54 37.5 37.49 37.48 37.47 37.44 37.41 37.41 37.41 37.41 37.41 37.41 37.38 37.34 37.35 37.36 37.37 37.38 37.38 37.38 37.36 37.35 37.36 37.39 37.4 37.41 37.41 37.39 37.37 37.37 37.37 37.38 37.4 37.4 37.42 37.45 37.46 37.48 37.5 37.52 37.51 37.52 37.53 37.53 37.51 37.52 37.51 37.5 37.51 37.5 37.49 37.46 37.45 37.45 37.46 37.46 37.46 37.46 37.47 37.45 37.43 37.44 37.47 37.48 37.47 37.46 37.47 37.48 37.5 37.52 37.54 37.57 37.56 37.56
37.57 37.56 37.54 37.54 37.52 37.49 37.48 37.47 37.44 37.43 37.4 37.39 37.4 37.4 37.4 37.4 37.38 37.35 37.34 37.35 37.37 37.4 37.39 37.37 37.36 37.34 37.36 37.39 37.39 37.4 37.41 37.4 37.38 37.38 37.39 37.38 37.39 37.4 37.45 37.47 37.49 37.5 37.51 37.52 37.51 37.51 37.52 37.51 37.51 37.51 37.5 37.48 37.5 37.5 37.49 37.45 37.45 37.47 37.47 37.44 37.43 37.43 37.43 37.41 37.39 37.4 37.43 37.45 37.45 37.46 37.46 37.45 37.46 37.48 37.51 37.53 37.52 37.52
37.54 37.51 37.5 37.5 37.49 37.46 37.47 37.45 37.41 37.4 37.39 37.38 37.38 37.38 37.38 37.38 37.39 37.36 37.35 37.36 37.38 37.37 37.37 37.37 37.38 37.36 37.37 37.39 37.38 37.38 37.39 37.39 37.38 37.39 37.41 37.41 37.41 37.43 37.47 37.48 37.48 37.49 37.49 37.5 37.51 37.51 37.51 37.51 37.5 37.5 37.49 37.49 37.49 37.49 37.49 37.46 37.45 37.44 37.42 37.36 37.36 37.38 37.39 37.39 37.39 37.39 37.42 37.43 37.44 37.43 37.42 37.42 37.42 37.46 37.49 37.5 37.5 37.53
37.49 37.47 37.49 37.48 37.46 37.44 37.44 37.44 37.4 37.39 37.38 37.38 37.37 37.37 37.37 37.37 37.38 37.36 37.37 37.38 37.39 37.36 37.36 37.38 37.4 37.4 37.4 37.39 37.37 37.38 37.4 37.39 37.39 37.4 37.42 37.44 37.44 37.45 37.47 37.48 37.45 37.45 37.47 37.48 37.51 37.51 37.51 37.52 37.52 37.5 37.49 37.49 37.48 37.47 37.46 37.45 37.42 37.39 37.36 37.32 37.33 37.36 37.36 37.38 37.38 37.4 37.41 37.41 37.41 37.41 37.4 37.4 37.41 37.44 37.48 37.48 37.48 37.52
37.45 37.44 37.45 37.45 37.43 37.42 37.43 37.44 37.41 37.39 37.39 37.37 37.36 37.36 37.36 37.36 37.36 37.36 37.37 37.39 37.4 37.38 37.39 37.39 37.38 37.36 37.38 37.39 37.39 37.4 37.41 37.4 37.39 37.4 37.42 37.44 37.45 37.44 37.45 37.46 37.43 37.44 37.45 37.47 37.5 37.5 37.51 37.51 37.51 37.5 37.49 37.49 37.47 37.44 37.42 37.42 37.4 37.37 37.36 37.34 37.34 37.35 37.36 37.37 37.37 37.38 37.38 37.4 37.39 37.38 37.38 37.38 37.39 37.43 37.48 37.48 37.48 37.5
37.43 37.41 37.41 37.42 37.43 37.42 37.42 37.43 37.41 37.4 37.4 37.39 37.39 37.37 37.37 37.36 37.35 37.36 37.36 37.38 37.4 37.39 37.39 37.38 37.37 37.36 37.38 37.4 37.42 37.42 37.41 37.4 37.4 37.41 37.43 37.42 37.42 37.42 37.42 37.44 37.45 37.44 37.44 37.47 37.49 37.48 37.49 37.49 37.49 37.49 37.48 37.48 37.46 37.42 37.4 37.4 37.39 37.38 37.37 37.35 37.35 37.36 37.37 37.36 37.36 37.36 37.39 37.41 37.39 37.35 37.35 37.36 37.39 37.43 37.47 37.47 37.47 37.48
37.42 37.42 37.42 37.42 37.42 37.42 37.42 37.43 37.43 37.43 37.43 37.43 37.41 37.39 37.39 37.38 37.37 37.38 37.38 37.4 37.39 37.39 37.4 37.4 37.39 37.39 37.39 37.41 37.43 37.43 37.41 37.4 37.4 37.4 37.42 37.41 37.4 37.41 37.42 37.44 37.45 37.44 37.44 37.47 37.48 37.46 37.47 37.46 37.47 37.48 37.47 37.46 37.45 37.42 37.38 37.37 37.37 37.36 37.36 37.36 37.35 37.35 37.35 37.36 37.36 37.37 37.4 37.41 37.38 37.36 37.35 37.36 37.37 37.4 37.44 37.45 37.46 37.47
37.45 37.44 37.43 37.43 37.44 37.44 37.44 37.45 37.45 37.44 37.46 37.47 37.43 37.4 37.41 37.41 37.4 37.4 37.4 37.41 37.39 37.39 37.41 37.42 37.4 37.4 37.41 37.42 37.42 37.42 37.41 37.39 37.38 37.38 37.4 37.41 37.4 37.42 37.43 37.45 37.46 37.43 37.44 37.45 37.44 37.43 37.43 37.43 37.43 37.45 37.43 37.42 37.41 37.38 37.35 37.36 37.36 37.36 37.36 37.35 37.35 37.34 37.33 37.33 37.34 37.37 37.4 37.4 37.38 37.37 37.36 37.36 37.36 37.38 37.42 37.43 37.44 37.46
37.45 37.42 37.42 37.45 37.48 37.47 37.46 37.47 37.47 37.46 37.48 37.5 37.47 37.43 37.44 37.44 37.42 37.42 37.43 37.43 37.42 37.42 37.42 37.41 37.41 37.4 37.41 37.42 37.41 37.41 37.4 37.38 37.38 37.38 37.38 37.39 37.39 37.41 37.44 37.46 37.45 37.42 37.41 37.41 37.41 37.4 37.41 37.4 37.42 37.43 37.42 37.42 37.4 37.36 37.35 37.36 37.37 37.38 37.37 37.36 37.35 37.33 37.32 37.32 37.33 37.36 37.4 37.4 37.37 37.36 37.35 37.35 37.36 37.37 37.4 37.4 37.4 37.4
37.46 37.46 37.46 37.49 37.5 37.49 37.48 37.48 37.49 37.48 37.49 37.5 37.49 37.46 37.45 37.45 37.42 37.42 37.44 37.45 37.46 37.45 37.44 37.42 37.41 37.4 37.41 37.4 37.41 37.41 37.4 37.39 37.39 37.39 37.38 37.39 37.4 37.41 37.42 37.42 37.41 37.39 37.37 37.38 37.38 37.38 37.39 37.39 37.4 37.4 37.39 37.39 37.38 37.36 37.36 37.36 37.37 37.38 37.36 37.35 37.34 37.32 37.33 37.34 37.33 37.34 37.38 37.39 37.37 37.36 37.36 37.35 37.35 37.35 37.35 37.35 37.35 37.35
37.49 37.5 37.5 37.51 37.52 37.51 37.51 37.51 37.51 37.5 37.49 37.5 37.49 37.48 37.46 37.47 37.44 37.44 37.45 37.46 37.47 37.46 37.43 37.42 37.4 37.41 37.42 37.39 37.4 37.39 37.39 37.4 37.41 37.4 37.39 37.4 37.4 37.39 37.38 37.37 37.36 37.35 37.35 37.37 37.37 37.37 37.37 37.36 37.37 37.37 37.36 37.37 37.36 37.35 37.35 37.36 37.36 37.35 37.34 37.34 37.33 37.32 37.34 37.34 37.33 37.33 37.34 37.36 37.36 37.35 37.36 37.34 37.32 37.31 37.3 37.31 37.33 37.32
37.51 37.51 37.51 37.51 37.52 37.52 37.51 37.5 37.49 37.49 37.5 37.52 37.52 37.51 37.49 37.49 37.48 37.47 37.45 37.46 37.47 37.45 37.43 37.44 37.42 37.41 37.41 37.41 37.4 37.39 37.39 37.4 37.4 37.39 37.37 37.36 37.36 37.35 37.33 37.33 37.34 37.34 37.35 37.37 37.37 37.37 37.37 37.34 37.35 37.35 37.34 37.35 37.35 37.33 37.32 37.33 37.34 37.34 37.33 37.33 37.34 37.33 37.32 37.32 37.33 37.32 37.32 37.33 37.33 37.33 37.31 37.31 37.29 37.28 37.28 37.29 37.31 37.32
37.52 37.51 37.51 37.51 37.51 37.52 37.51 37.5 37.5 37.51 37.53 37.55 37.55 37.54 37.52 37.51 37.48 37.46 37.45 37.45 37.47 37.46 37.46 37.47 37.44 37.42 37.41 37.41 37.41 37.41 37.38 37.36 37.37 37.37 37.36 37.35 37.34 37.33 37.32 37.34 37.34 37.35 37.36 37.36 37.36 37.37 37.36 37.35 37.35 37.34 37.33 37.34 37.34 37.31 37.29 37.29 37.32 37.33 37.33 37.33 37.32 37.33 37.3 37.31 37.34 37.35 37.35 37.33 37.31 37.31 37.28 37.28 37.28 37.28 37.28 37.28 37.31 37.34
37.51 37.51 37.53 37.52 37.52 37.53 37.55 37.55 37.56 37.57 37.56 37.56 37.55 37.53 37.51 37.49 37.47 37.46 37.45 37.47 37.48 37.47 37.47 37.45 37.43 37.42 37.39 37.37 37.37 37.38 37.35 37.33 37.35 37.36 37.35 37.34 37.34 37.33 37.32 37.34 37.34 37.35 37.34 37.33 37.33 37.35 37.36 37.35 37.34 37.32 37.31 37.32 37.33 37.3 37.28 37.29 37.31 37.31 37.33 37.32 37.32 37.32 37.32 37.33 37.35 37.35 37.36 37.33 37.3 37.29 37.27 37.28 37.29 37.27 37.28 37.29 37.32 37.33
37.52 37.53 37.55 37.54 37.54 37.56 37.59 37.58 37.58 37.58 37.57 37.55 37.53 37.52 37.49 37.46 37.45 37.45 37.46 37.47 37.47 37.46 37.45 37.43 37.42 37.4 37.36 37.33 37.34 37.35 37.34 37.34 37.34 37.34 37.33 37.33 37.33 37.32 37.32 37.33 37.33 37.33 37.32 37.3 37.3 37.31 37.32 37.32 37.32 37.31 37.29 37.3 37.31 37.29 37.29 37.3 37.31 37.31 37.33 37.33 37.32 37.32 37.32 37.32 37.32 37.31 37.33 37.31 37.29 37.29 37.28 37.29 37.3 37.29 37.29 37.3 37.32 37.32
37.57 37.57 37.57 37.56 37.56 37.56 37.57 37.58 37.58 37.56 37.53 37.52 37.52 37.51 37.48 37.46 37.46 37.46 37.46 37.46 37.45 37.44 37.42 37.41 37.41 37.39 37.36 37.35 37.35 37.35 37.34 37.34 37.33 37.34 37.34 37.32 37.31 37.31 37.31 37.32 37.31 37.3 37.28 37.28 37.28 37.29 37.31 37.31 37.32 37.31 37.29 37.3 37.31 37.29 37.3 37.3 37.31 37.32 37.34 37.32 37.3 37.29 37.31 37.31 37.3 37.3 37.31 37.32 37.32 37.31 37.31 37.31 37.32 37.31 37.31 37.3 37.31 37.31
