slabs/90.grd
DSAA
631 301
647040 647670
4948700 4949000
28.79 42.43
[rows 238 to 271 of 301, columns 156 to 233 of 631]
38.61 38.61 38.63 38.6 38.56 38.54 38.52 38.54 38.57 38.58 38.51 38.47 38.44 38.44 38.43 38.39 38.37 38.36 38.34 38.32 38.28 38.23 38.22 38.21 38.19 38.2 38.2 38.2 38.21 38.23 38.23 38.24 38.25 38.27 38.3 38.32 38.33 38.34 38.39 38.41 38.39 38.38 38.38 38.41 38.38 38.39 38.4 38.4 38.4 38.42 38.47 38.45 38.4 38.38 38.33 38.3 38.32 38.34 38.38 38.41 38.45 38.51 38.51 38.46 38.45 38.45 38.4 38.33 38.31 38.31 38.37 38.46 38.5 38.55 38.5 38.41 38.45 38.53
38.63 38.61 38.62 38.6 38.58 38.55 38.51 38.53 38.58 38.63 38.59 38.51 38.48 38.52 38.51 38.46 38.42 38.43 38.4 38.35 38.31 38.28 38.27 38.26 38.23 38.23 38.23 38.22 38.22 38.22 38.22 38.2 38.2 38.18 38.19 38.22 38.22 38.25 38.32 38.35 38.36 38.37 38.4 38.39 38.34 38.35 38.37 38.37 38.38 38.39 38.4 38.39 38.4 38.4 38.35 38.3 38.31 38.33 38.35 38.39 38.42 38.51 38.52 38.44 38.43 38.43 38.38 38.31 38.3 38.3 38.37 38.5 38.53 38.53 38.45 38.4 38.43 38.5
38.65 38.61 38.59 38.59 38.58 38.55 38.51 38.52 38.58 38.61 38.6 38.55 38.54 38.56 38.55 38.52 38.5 38.5 38.46 38.38 38.35 38.34 38.34 38.32 38.28 38.27 38.27 38.26 38.23 38.22 38.22 38.2 38.19 38.18 38.17 38.18 38.17 38.19 38.23 38.3 38.37 38.38 38.37 38.34 38.33 38.33 38.33 38.35 38.38 38.38 38.36 38.35 38.38 38.4 38.38 38.33 38.32 38.32 38.34 38.38 38.42 38.51 38.52 38.43 38.41 38.38 38.34 38.29 38.29 38.31 38.37 38.47 38.49 38.49 38.45 38.43 38.43 38.47
38.65 38.61 38.59 38.59 38.57 38.55 38.53 38.54 38.57 38.58 38.58 38.57 38.55 38.55 38.55 38.54 38.52 38.53 38.49 38.42 38.41 38.41 38.41 38.38 38.31 38.29 38.29 38.28 38.25 38.25 38.25 38.23 38.22 38.2 38.18 38.19 38.19 38.18 38.18 38.23 38.28 38.29 38.32 38.34 38.35 38.33 38.33 38.37 38.4 38.39 38.36 38.32 38.34 38.39 38.4 38.38 38.35 38.31 38.34 38.38 38.42 38.47 38.47 38.41 38.39 38.36 38.31 38.25 38.27 38.32 38.39 38.43 38.46 38.47 38.47 38.45 38.42 38.46
38.65 38.62 38.61 38.61 38.58 38.54 38.55 38.58 38.6 38.59 38.58 38.56 38.53 38.54 38.53 38.53 38.52 38.52 38.48 38.44 38.45 38.45 38.46 38.44 38.35 38.3 38.29 38.3 38.27 38.28 38.28 38.26 38.25 38.24 38.23 38.22 38.2 38.19 38.18 38.17 38.18 38.2 38.26 38.32 38.33 38.33 38.36 38.42 38.43 38.4 38.37 38.33 38.35 38.41 38.42 38.4 38.37 38.34 38.34 38.37 38.38 38.39 38.42 38.4 38.38 38.33 38.3 38.24 38.26 38.33 38.4 38.43 38.47 38.47 38.48 38.45 38.41 38.46
38.67 38.66 38.65 38.62 38.58 38.56 38.57 38.61 38.63 38.62 38.6 38.57 38.55 38.57 38.55 38.53 38.53 38.51 38.48 38.44 38.45 38.46 38.48 38.5 38.41 38.37 38.31 38.28 38.26 38.25 38.27 38.28 38.26 38.26 38.27 38.25 38.22 38.2 38.18 38.17 38.17 38.18 38.21 38.27 38.28 38.29 38.34 38.4 38.41 38.39 38.38 38.37 38.39 38.44 38.43 38.42 38.41 38.38 38.36 38.36 38.35 38.33 38.35 38.35 38.33 38.3 38.3 38.28 38.27 38.33 38.4 38.43 38.46 38.47 38.5 38.47 38.41 38.43
38.66 38.68 38.67 38.63 38.6 38.59 38.59 38.6 38.64 38.66 38.64 38.59 38.57 38.59 38.58 38.54 38.51 38.5 38.49 38.48 38.48 38.46 38.47 38.54 38.51 38.45 38.33 38.25 38.25 38.25 38.25 38.28 38.26 38.25 38.26 38.27 38.24 38.23 38.21 38.18 38.19 38.19 38.19 38.23 38.23 38.24 38.29 38.34 38.35 38.36 38.4 38.41 38.43 38.48 38.46 38.46 38.44 38.4 38.39 38.37 38.35 38.31 38.31 38.3 38.29 38.3 38.35 38.33 38.28 38.32 38.38 38.4 38.44 38.5 38.52 38.49 38.45 38.47
38.63 38.64 38.64 38.62 38.63 38.63 38.62 38.62 38.67 38.73 38.71 38.63 38.56 38.57 38.58 38.55 38.5 38.49 38.5 38.53 38.5 38.46 38.44 38.53 38.55 38.5 38.36 38.27 38.27 38.27 38.28 38.28 38.26 38.24 38.24 38.27 38.27 38.26 38.24 38.2 38.2 38.22 38.23 38.22 38.22 38.22 38.27 38.29 38.31 38.34 38.39 38.4 38.42 38.48 38.48 38.47 38.45 38.39 38.36 38.36 38.35 38.32 38.33 38.34 38.32 38.31 38.35 38.33 38.29 38.32 38.36 38.38 38.43 38.51 38.53 38.48 38.45 38.5
38.66 38.61 38.6 38.6 38.62 38.65 38.65 38.67 38.72 38.81 38.79 38.71 38.59 38.58 38.59 38.58 38.52 38.49 38.48 38.5 38.43 38.38 38.38 38.5 38.54 38.52 38.42 38.3 38.29 38.3 38.3 38.3 38.27 38.25 38.23 38.25 38.26 38.25 38.25 38.24 38.23 38.24 38.28 38.28 38.27 38.26 38.27 38.28 38.3 38.32 38.35 38.35 38.36 38.42 38.45 38.45 38.43 38.37 38.35 38.37 38.39 38.39 38.37 38.38 38.35 38.29 38.29 38.3 38.31 38.34 38.37 38.37 38.4 38.47 38.5 38.46 38.45 38.52
38.74 38.63 38.62 38.6 38.6 38.6 38.62 38.68 38.74 38.81 38.81 38.73 38.63 38.61 38.6 38.59 38.56 38.52 38.48 38.46 38.37 38.34 38.35 38.46 38.51 38.5 38.44 38.34 38.33 38.33 38.32 38.3 38.31 38.28 38.25 38.24 38.25 38.24 38.24 38.25 38.24 38.25 38.3 38.36 38.35 38.32 38.3 38.29 38.29 38.3 38.3 38.3 38.31 38.35 38.39 38.39 38.39 38.36 38.37 38.38 38.42 38.43 38.43 38.42 38.38 38.29 38.3 38.32 38.32 38.32 38.35 38.34 38.38 38.45 38.47 38.46 38.46 38.48
38.8 38.69 38.67 38.64 38.59 38.57 38.58 38.62 38.68 38.72 38.77 38.73 38.68 38.66 38.62 38.6 38.6 38.58 38.53 38.5 38.43 38.4 38.38 38.44 38.47 38.46 38.4 38.35 38.37 38.37 38.35 38.33 38.35 38.35 38.3 38.29 38.28 38.27 38.26 38.27 38.26 38.25 38.26 38.32 38.33 38.34 38.34 38.34 38.34 38.31 38.27 38.25 38.28 38.31 38.33 38.33 38.32 38.32 38.34 38.37 38.42 38.45 38.46 38.45 38.4 38.32 38.33 38.34 38.33 38.32 38.32 38.33 38.38 38.44 38.44 38.46 38.48 38.47
38.84 38.75 38.73 38.67 38.61 38.59 38.59 38.6 38.63 38.65 38.69 38.69 38.7 38.67 38.63 38.63 38.64 38.62 38.59 38.56 38.49 38.45 38.41 38.44 38.43 38.41 38.38 38.36 38.39 38.4 38.39 38.35 38.36 38.37 38.36 38.36 38.35 38.32 38.29 38.3 38.28 38.26 38.25 38.25 38.27 38.34 38.4 38.44 38.42 38.38 38.31 38.27 38.29 38.34 38.33 38.31 38.28 38.3 38.33 38.35 38.42 38.45 38.47 38.46 38.41 38.33 38.33 38.35 38.35 38.34 38.34 38.35 38.39 38.42 38.43 38.48 38.53 38.51
38.83 38.76 38.73 38.69 38.66 38.64 38.6 38.6 38.6 38.61 38.61 38.61 38.65 38.64 38.63 38.65 38.69 38.67 38.63 38.58 38.51 38.49 38.46 38.45 38.42 38.41 38.41 38.41 38.41 38.4 38.38 38.34 38.35 38.37 38.38 38.39 38.38 38.35 38.3 38.29 38.29 38.28 38.27 38.26 38.28 38.34 38.42 38.47 38.46 38.41 38.38 38.36 38.36 38.36 38.34 38.32 38.29 38.3 38.3 38.32 38.37 38.43 38.45 38.46 38.44 38.36 38.32 38.34 38.37 38.38 38.4 38.41 38.44 38.45 38.47 38.52 38.55 38.53
38.81 38.78 38.74 38.72 38.7 38.68 38.63 38.61 38.6 38.59 38.58 38.57 38.58 38.6 38.63 38.67 38.7 38.68 38.62 38.56 38.54 38.54 38.54 38.5 38.46 38.44 38.46 38.49 38.47 38.43 38.4 38.35 38.35 38.37 38.38 38.36 38.35 38.33 38.32 38.3 38.3 38.29 38.28 38.27 38.29 38.33 38.39 38.43 38.45 38.39 38.38 38.4 38.42 38.38 38.35 38.34 38.32 38.33 38.32 38.32 38.33 38.36 38.41 38.44 38.45 38.4 38.36 38.35 38.38 38.42 38.44 38.46 38.5 38.52 38.54 38.57 38.56 38.53
38.8 38.78 38.77 38.75 38.74 38.71 38.66 38.63 38.62 38.6 38.59 38.57 38.56 38.58 38.61 38.63 38.63 38.61 38.58 38.56 38.58 38.59 38.59 38.55 38.53 38.52 38.54 38.58 38.55 38.48 38.45 38.38 38.37 38.38 38.39 38.39 38.37 38.34 38.35 38.37 38.35 38.31 38.3 38.3 38.31 38.34 38.36 38.38 38.41 38.4 38.42 38.44 38.44 38.39 38.39 38.38 38.38 38.37 38.37 38.36 38.34 38.33 38.39 38.41 38.43 38.39 38.37 38.34 38.39 38.44 38.44 38.47 38.54 38.59 38.6 38.62 38.6 38.58
38.8 38.8 38.79 38.77 38.75 38.73 38.67 38.65 38.63 38.62 38.61 38.6 38.59 38.6 38.6 38.59 38.57 38.57 38.57 38.57 38.58 38.59 38.6 38.57 38.57 38.58 38.6 38.62 38.58 38.52 38.53 38.45 38.43 38.41 38.41 38.42 38.39 38.35 38.36 38.41 38.38 38.34 38.34 38.33 38.33 38.35 38.35 38.36 38.39 38.42 38.44 38.46 38.45 38.44 38.45 38.44 38.43 38.39 38.38 38.4 38.42 38.4 38.42 38.43 38.42 38.37 38.35 38.34 38.41 38.47 38.48 38.53 38.62 38.62 38.62 38.61 38.58 38.59
38.82 38.82 38.81 38.78 38.74 38.71 38.68 38.66 38.63 38.63 38.66 38.65 38.63 38.62 38.61 38.61 38.6 38.59 38.59 38.58 38.58 38.58 38.57 38.55 38.55 38.56 38.58 38.58 38.57 38.56 38.57 38.52 38.49 38.43 38.4 38.42 38.4 38.38 38.38 38.41 38.4 38.37 38.39 38.38 38.35 38.37 38.38 38.39 38.4 38.41 38.42 38.44 38.49 38.51 38.5 38.49 38.46 38.42 38.42 38.46 38.49 38.46 38.45 38.43 38.42 38.4 38.37 38.37 38.44 38.48 38.51 38.57 38.63 38.62 38.62 38.6 38.56 38.56
38.85 38.85 38.82 38.76 38.71 38.7 38.68 38.66 38.64 38.66 38.7 38.69 38.67 38.65 38.63 38.63 38.63 38.61 38.61 38.59 38.6 38.59 38.57 38.56 38.55 38.53 38.53 38.53 38.53 38.54 38.56 38.54 38.51 38.46 38.43 38.45 38.46 38.47 38.45 38.45 38.44 38.42 38.44 38.43 38.4 38.41 38.42 38.41 38.41 38.41 38.42 38.44 38.49 38.51 38.48 38.49 38.47 38.44 38.45 38.48 38.5 38.46 38.45 38.42 38.41 38.42 38.4 38.39 38.44 38.47 38.48 38.53 38.58 38.63 38.65 38.66 38.59 38.55
38.89 38.88 38.82 38.75 38.7 38.7 38.69 38.67 38.69 38.7 38.72 38.71 38.7 38.68 38.66 38.66 38.66 38.64 38.63 38.62 38.62 38.6 38.58 38.57 38.55 38.51 38.51 38.52 38.52 38.53 38.54 38.54 38.52 38.49 38.49 38.5 38.53 38.54 38.52 38.51 38.49 38.47 38.47 38.47 38.45 38.45 38.46 38.45 38.43 38.43 38.45 38.45 38.45 38.46 38.45 38.47 38.47 38.43 38.43 38.47 38.51 38.49 38.48 38.47 38.47 38.45 38.43 38.42 38.45 38.48 38.49 38.51 38.56 38.65 38.67 38.68 38.62 38.56
38.91 38.88 38.8 38.74 38.71 38.71 38.7 38.7 38.72 38.73 38.73 38.72 38.71 38.71 38.7 38.69 38.69 38.67 38.65 38.63 38.63 38.61 38.58 38.58 38.56 38.54 38.54 38.53 38.54 38.55 38.55 38.56 38.55 38.54 38.55 38.56 38.56 38.54 38.52 38.53 38.54 38.53 38.51 38.51 38.49 38.49 38.51 38.48 38.43 38.44 38.45 38.46 38.46 38.47 38.47 38.48 38.5 38.51 38.53 38.56 38.55 38.54 38.55 38.55 38.52 38.49 38.47 38.45 38.47 38.51 38.52 38.56 38.61 38.7 38.69 38.69 38.65 38.6
38.91 38.87 38.79 38.74 38.73 38.72 38.71 38.73 38.74 38.74 38.74 38.73 38.73 38.73 38.73 38.72 38.71 38.69 38.67 38.65 38.64 38.62 38.6 38.59 38.59 38.58 38.57 38.55 38.57 38.59 38.59 38.59 38.59 38.59 38.61 38.6 38.57 38.54 38.53 38.52 38.53 38.54 38.52 38.51 38.52 38.54 38.51 38.48 38.43 38.42 38.42 38.44 38.46 38.46 38.47 38.5 38.55 38.65 38.69 38.69 38.62 38.58 38.58 38.57 38.53 38.52 38.51 38.49 38.5 38.53 38.57 38.65 38.71 38.75 38.72 38.7 38.67 38.65
38.87 38.84 38.78 38.75 38.74 38.73 38.73 38.75 38.75 38.76 38.75 38.73 38.74 38.75 38.75 38.74 38.73 38.71 38.69 38.67 38.66 38.64 38.62 38.62 38.61 38.61 38.6 38.58 38.6 38.62 38.62 38.62 38.62 38.62 38.63 38.62 38.6 38.57 38.55 38.54 38.52 38.5 38.49 38.5 38.54 38.56 38.52 38.51 38.46 38.41 38.41 38.44 38.45 38.47 38.48 38.53 38.62 38.71 38.76 38.78 38.69 38.63 38.61 38.57 38.57 38.56 38.56 38.56 38.57 38.58 38.63 38.73 38.78 38.77 38.74 38.71 38.7 38.69
38.85 38.82 38.78 38.76 38.75 38.74 38.75 38.77 38.77 38.77 38.76 38.75 38.75 38.77 38.77 38.76 38.74 38.73 38.72 38.71 38.69 38.67 38.66 38.67 38.66 38.65 38.64 38.64 38.65 38.65 38.64 38.64 38.63 38.63 38.63 38.63 38.62 38.6 38.57 38.57 38.56 38.55 38.54 38.54 38.53 38.53 38.53 38.54 38.5 38.44 38.43 38.43 38.46 38.48 38.5 38.57 38.66 38.7 38.73 38.75 38.72 38.66 38.64 38.62 38.62 38.58 38.6 38.64 38.69 38.71 38.76 38.8 38.78 38.77 38.75 38.74 38.74 38.71
38.88 38.84 38.79 38.75 38.73 38.74 38.77 38.79 38.79 38.78 38.77 38.77 38.78 38.8 38.79 38.77 38.76 38.76 38.77 38.77 38.75 38.73 38.72 38.73 38.74 38.77 38.77 38.74 38.69 38.67 38.65 38.64 38.63 38.63 38.64 38.63 38.62 38.6 38.57 38.58 38.59 38.59 38.57 38.57 38.56 38.52 38.53 38.53 38.52 38.48 38.46 38.46 38.46 38.48 38.51 38.6 38.67 38.68 38.69 38.7 38.71 38.67 38.67 38.66 38.64 38.61 38.65 38.75 38.83 38.86 38.91 38.88 38.8 38.8 38.8 38.78 38.78 38.73
38.91 38.87 38.8 38.7 38.67 38.69 38.78 38.8 38.8 38.79 38.78 38.79 38.81 38.83 38.81 38.78 38.78 38.8 38.83 38.83 38.81 38.79 38.78 38.78 38.81 38.89 38.92 38.85 38.71 38.68 38.66 38.66 38.64 38.63 38.65 38.64 38.63 38.61 38.58 38.59 38.62 38.61 38.6 38.6 38.59 38.56 38.55 38.55 38.54 38.51 38.51 38.5 38.49 38.49 38.51 38.57 38.64 38.67 38.68 38.69 38.72 38.71 38.74 38.67 38.63 38.65 38.71 38.8 38.88 38.9 38.93 38.9 38.8 38.82 38.84 38.79 38.78 38.74
38.94 38.89 38.8 38.68 38.65 38.67 38.76 38.82 38.82 38.81 38.81 38.83 38.84 38.85 38.82 38.8 38.81 38.84 38.88 38.87 38.85 38.83 38.82 38.82 38.88 38.95 38.93 38.85 38.69 38.66 38.68 38.67 38.65 38.64 38.64 38.65 38.66 38.64 38.62 38.6 38.63 38.64 38.63 38.62 38.61 38.6 38.59 38.57 38.56 38.55 38.55 38.53 38.53 38.53 38.53 38.56 38.61 38.66 38.68 38.73 38.75 38.78 38.83 38.72 38.65 38.67 38.73 38.79 38.85 38.85 38.86 38.85 38.77 38.78 38.82 38.78 38.76 38.74
38.98 38.92 38.82 38.73 38.73 38.75 38.81 38.86 38.85 38.83 38.82 38.84 38.87 38.86 38.82 38.82 38.85 38.89 38.91 38.91 38.89 38.88 38.87 38.88 38.94 38.98 38.89 38.8 38.64 38.65 38.71 38.69 38.68 38.66 38.64 38.66 38.67 38.65 38.64 38.63 38.65 38.66 38.65 38.63 38.63 38.63 38.61 38.59 38.59 38.6 38.59 38.57 38.58 38.6 38.6 38.61 38.62 38.65 38.67 38.72 38.75 38.78 38.82 38.74 38.71 38.7 38.69 38.74 38.82 38.83 38.84 38.81 38.77 38.77 38.79 38.76 38.75 38.76
39.01 38.95 38.85 38.81 38.83 38.88 38.92 38.91 38.89 38.85 38.83 38.84 38.88 38.85 38.83 38.84 38.89 38.94 38.95 38.95 38.93 38.91 38.92 38.94 38.99 38.97 38.84 38.75 38.63 38.7 38.76 38.74 38.71 38.68 38.68 38.67 38.67 38.67 38.67 38.67 38.69 38.69 38.67 38.65 38.66 38.66 38.65 38.64 38.63 38.64 38.64 38.62 38.63 38.65 38.66 38.66 38.65 38.65 38.66 38.66 38.68 38.71 38.75 38.74 38.76 38.74 38.7 38.72 38.79 38.82 38.83 38.81 38.81 38.8 38.78 38.75 38.77 38.8
39.04 38.99 38.9 38.88 38.91 38.96 38.99 38.96 38.91 38.87 38.86 38.87 38.88 38.87 38.86 38.88 38.93 38.99 39 38.99 38.97 38.95 38.96 38.99 39.02 38.94 38.79 38.72 38.68 38.77 38.8 38.79 38.76 38.72 38.71 38.69 38.68 38.69 38.69 38.7 38.71 38.71 38.71 38.7 38.7 38.7 38.71 38.71 38.71 38.7 38.7 38.68 38.66 38.67 38.69 38.7 38.7 38.69 38.69 38.68 38.68 38.69 38.72 38.75 38.8 38.78 38.75 38.76 38.8 38.81 38.81 38.8 38.8 38.82 38.81 38.77 38.8 38.85
39.06 39.02 38.97 38.96 38.99 39.03 39.02 38.99 38.93 38.9 38.9 38.91 38.92 38.91 38.9 38.92 38.98 39.04 39.05 39.04 39 38.99 39.02 39.04 39.03 38.9 38.77 38.72 38.74 38.82 38.83 38.82 38.8 38.78 38.75 38.73 38.72 38.72 38.72 38.72 38.73 38.73 38.74 38.75 38.74 38.74 38.75 38.75 38.74 38.74 38.75 38.74 38.71 38.71 38.72 38.72 38.74 38.74 38.74 38.74 38.74 38.74 38.74 38.74 38.77 38.77 38.81 38.87 38.87 38.85 38.84 38.83 38.85 38.87 38.87 38.85 38.86 38.89
39.1 39.07 39.04 39.04 39.08 39.08 39.02 39 38.95 38.93 38.94 38.94 38.95 38.94 38.93 38.96 39.03 39.09 39.1 39.08 39.04 39.04 39.07 39.07 39.01 38.88 38.8 38.76 38.8 38.84 38.85 38.84 38.83 38.82 38.81 38.8 38.79 38.78 38.77 38.76 38.75 38.74 38.75 38.76 38.77 38.76 38.76 38.76 38.75 38.76 38.77 38.77 38.76 38.76 38.76 38.74 38.75 38.76 38.78 38.79 38.77 38.77 38.77 38.76 38.77 38.78 38.87 38.97 38.96 38.95 38.94 38.93 38.95 38.96 38.95 38.96 38.97 38.97
39.14 39.13 39.11 39.12 39.14 39.09 39.01 39 38.98 38.97 38.98 38.97 38.97 38.96 38.94 38.98 39.06 39.12 39.13 39.1 39.07 39.09 39.1 39.07 38.98 38.87 38.84 38.82 38.87 38.88 38.88 38.87 38.85 38.84 38.84 38.84 38.84 38.84 38.83 38.8 38.79 38.77 38.77 38.78 38.79 38.78 38.78 38.79 38.79 38.79 38.79 38.79 38.81 38.81 38.8 38.79 38.8 38.8 38.82 38.82 38.81 38.81 38.81 38.81 38.81 38.82 38.91 39.01 39.02 39.03 39.04 39.06 39.07 39.09 39.1 39.13 39.15 39.17
39.16 39.19 39.19 39.19 39.17 39.08 39.03 39.02 39.01 39 39.01 39.01 39 38.98 38.95 39 39.09 39.14 39.15 39.13 39.11 39.13 39.12 39.07 38.97 38.88 38.88 38.89 38.92 38.91 38.91 38.89 38.86 38.86 38.87 38.88 38.87 38.87 38.86 38.85 38.83 38.83 38.81 38.79 38.81 38.81 38.82 38.83 38.82 38.82 38.83 38.83 38.84 38.84 38.83 38.84 38.85 38.85 38.85 38.84 38.84 38.84 38.84 38.85 38.85 38.85 38.92 39 39.02 39.04 39.09 39.15 39.2 39.27 39.34 39.37 39.38 39.41
39.14 39.2 39.22 39.23 39.18 39.08 39.06 39.06 39.04 39.04 39.04 39.03 39.02 39 38.98 39.03 39.11 39.16 39.15 39.14 39.15 39.16 39.14 39.07 38.98 38.92 38.92 38.93 38.94 38.94 38.93 38.9 38.88 38.89 38.9 38.91 38.9 38.91 38.9 38.88 38.87 38.86 38.83 38.82 38.83 38.84 38.85 38.86 38.87 38.87 38.87 38.87 38.86 38.85 38.85 38.88 38.89 38.89 38.89 38.88 38.88 38.88 38.88 38.87 38.87 38.88 38.93 38.99 39.01 39.05 39.12 39.22 39.28 39.4 39.5 39.53 39.56 39.6
