slabs/90.grd
DSAA
631 301
647040 647670
4948700 4949000
28.79 42.43
[rows 102 to 135 of 301, columns 156 to 233 of 631]
37.49 37.46 37.45 37.45 37.45 37.46 37.47 37.48 37.5 37.51 37.51 37.52 37.52 37.51 37.51 37.52 37.52 37.52 37.52 37.52 37.52 37.54 37.54 37.56 37.57 37.57 37.58 37.59 37.59 37.59 37.6 37.59 37.58 37.59 37.6 37.59 37.58 37.58 37.58 37.58 37.58 37.58 37.58 37.58 37.57 37.57 37.57 37.56 37.56 37.56 37.54 37.55 37.55 37.54 37.53 37.53 37.54 37.54 37.55 37.57 37.57 37.57 37.54 37.53 37.53 37.53 37.53 37.52 37.52 37.52 37.53 37.54 37.55 37.56 37.56 37.55 37.55 37.59
37.47 37.45 37.44 37.45 37.46 37.46 37.47 37.48 37.49 37.49 37.48 37.49 37.5 37.51 37.5 37.49 37.49 37.51 37.51 37.5 37.52 37.54 37.53 37.55 37.55 37.56 37.57 37.59 37.59 37.58 37.58 37.59 37.57 37.57 37.58 37.58 37.57 37.57 37.57 37.58 37.58 37.58 37.58 37.56 37.53 37.53 37.54 37.53 37.54 37.54 37.53 37.55 37.55 37.53 37.52 37.52 37.53 37.55 37.55 37.57 37.56 37.56 37.54 37.53 37.53 37.54 37.53 37.51 37.51 37.53 37.55 37.55 37.55 37.57 37.58 37.57 37.56 37.57
37.47 37.46 37.45 37.46 37.46 37.47 37.47 37.48 37.48 37.45 37.44 37.45 37.46 37.49 37.49 37.48 37.51 37.53 37.52 37.5 37.51 37.53 37.54 37.53 37.53 37.54 37.56 37.57 37.57 37.57 37.57 37.57 37.55 37.54 37.55 37.57 37.58 37.57 37.56 37.57 37.57 37.56 37.55 37.54 37.52 37.5 37.51 37.51 37.51 37.52 37.53 37.55 37.54 37.53 37.52 37.53 37.53 37.53 37.53 37.55 37.54 37.52 37.52 37.53 37.53 37.54 37.54 37.54 37.52 37.53 37.58 37.57 37.57 37.58 37.57 37.57 37.56 37.54
37.44 37.45 37.45 37.46 37.46 37.47 37.47 37.47 37.45 37.43 37.44 37.46 37.46 37.47 37.48 37.49 37.51 37.53 37.52 37.51 37.52 37.53 37.54 37.53 37.54 37.54 37.56 37.56 37.56 37.56 37.57 37.57 37.53 37.52 37.53 37.56 37.58 37.57 37.55 37.55 37.54 37.53 37.52 37.51 37.5 37.47 37.48 37.5 37.5 37.5 37.52 37.53 37.53 37.52 37.52 37.53 37.53 37.52 37.51 37.52 37.52 37.52 37.52 37.52 37.51 37.52 37.53 37.53 37.51 37.53 37.57 37.58 37.58 37.57 37.55 37.55 37.53 37.51
37.42 37.42 37.43 37.44 37.43 37.45 37.45 37.44 37.43 37.43 37.45 37.48 37.48 37.46 37.46 37.49 37.51 37.51 37.52 37.53 37.53 37.54 37.54 37.54 37.55 37.56 37.56 37.56 37.56 37.56 37.56 37.56 37.53 37.52 37.52 37.53 37.53 37.52 37.5 37.51 37.51 37.51 37.5 37.49 37.48 37.46 37.48 37.49 37.49 37.49 37.5 37.48 37.49 37.49 37.49 37.51 37.52 37.51 37.5 37.49 37.49 37.52 37.51 37.51 37.52 37.52 37.52 37.52 37.52 37.53 37.55 37.55 37.55 37.54 37.5 37.5 37.48 37.48
37.44 37.43 37.42 37.39 37.39 37.41 37.42 37.43 37.45 37.44 37.45 37.45 37.44 37.44 37.46 37.48 37.49 37.5 37.52 37.54 37.55 37.54 37.55 37.56 37.56 37.56 37.55 37.54 37.55 37.55 37.55 37.54 37.52 37.51 37.49 37.49 37.48 37.47 37.47 37.47 37.47 37.48 37.48 37.47 37.47 37.46 37.47 37.47 37.48 37.47 37.46 37.45 37.46 37.48 37.48 37.5 37.49 37.49 37.48 37.48 37.49 37.52 37.53 37.52 37.51 37.52 37.53 37.53 37.51 37.5 37.5 37.51 37.5 37.49 37.46 37.45 37.45 37.45
37.44 37.41 37.39 37.36 37.36 37.38 37.4 37.43 37.46 37.47 37.46 37.45 37.41 37.42 37.45 37.48 37.5 37.5 37.52 37.54 37.54 37.53 37.53 37.54 37.55 37.55 37.53 37.53 37.53 37.54 37.52 37.49 37.49 37.48 37.46 37.46 37.46 37.46 37.45 37.43 37.43 37.45 37.47 37.46 37.46 37.46 37.44 37.45 37.45 37.45 37.43 37.44 37.47 37.49 37.49 37.5 37.48 37.48 37.48 37.48 37.5 37.52 37.54 37.52 37.5 37.52 37.51 37.52 37.5 37.47 37.45 37.46 37.46 37.44 37.43 37.43 37.44 37.44
37.39 37.36 37.36 37.38 37.39 37.42 37.43 37.45 37.45 37.45 37.46 37.46 37.44 37.44 37.45 37.46 37.5 37.5 37.5 37.5 37.5 37.51 37.52 37.53 37.52 37.52 37.51 37.5 37.49 37.49 37.47 37.44 37.45 37.45 37.44 37.44 37.44 37.45 37.44 37.41 37.42 37.44 37.45 37.43 37.44 37.44 37.44 37.46 37.46 37.44 37.43 37.44 37.46 37.48 37.48 37.49 37.49 37.48 37.47 37.48 37.49 37.51 37.53 37.51 37.48 37.49 37.48 37.49 37.49 37.46 37.44 37.43 37.43 37.42 37.41 37.43 37.45 37.45
37.39 37.39 37.39 37.41 37.42 37.44 37.44 37.45 37.44 37.44 37.46 37.47 37.47 37.46 37.46 37.48 37.5 37.5 37.48 37.48 37.47 37.49 37.5 37.5 37.48 37.45 37.46 37.45 37.44 37.43 37.42 37.4 37.41 37.42 37.4 37.4 37.41 37.42 37.43 37.41 37.42 37.44 37.44 37.41 37.42 37.42 37.43 37.44 37.44 37.43 37.43 37.44 37.46 37.47 37.47 37.48 37.49 37.5 37.49 37.49 37.48 37.48 37.5 37.5 37.49 37.47 37.45 37.45 37.46 37.45 37.43 37.42 37.42 37.42 37.41 37.41 37.42 37.42
37.4 37.41 37.42 37.43 37.42 37.43 37.44 37.44 37.44 37.45 37.46 37.46 37.47 37.46 37.46 37.47 37.49 37.49 37.48 37.47 37.45 37.45 37.45 37.45 37.42 37.39 37.39 37.39 37.39 37.38 37.37 37.38 37.39 37.39 37.38 37.36 37.37 37.4 37.41 37.41 37.42 37.43 37.43 37.42 37.42 37.42 37.4 37.4 37.41 37.42 37.43 37.44 37.46 37.47 37.46 37.47 37.48 37.49 37.49 37.49 37.47 37.45 37.46 37.46 37.46 37.45 37.44 37.44 37.44 37.43 37.41 37.41 37.41 37.41 37.4 37.37 37.35 37.35
37.41 37.42 37.42 37.42 37.4 37.4 37.43 37.44 37.45 37.45 37.44 37.44 37.45 37.44 37.42 37.42 37.46 37.47 37.46 37.45 37.43 37.42 37.4 37.4 37.39 37.37 37.36 37.36 37.36 37.34 37.35 37.36 37.36 37.36 37.36 37.35 37.37 37.39 37.41 37.4 37.41 37.42 37.41 37.39 37.4 37.41 37.4 37.39 37.4 37.42 37.44 37.43 37.44 37.46 37.46 37.46 37.47 37.47 37.47 37.46 37.44 37.43 37.43 37.43 37.42 37.41 37.42 37.42 37.42 37.4 37.39 37.38 37.37 37.36 37.34 37.32 37.31 37.33
37.41 37.41 37.4 37.39 37.38 37.39 37.42 37.44 37.44 37.43 37.42 37.42 37.41 37.4 37.39 37.39 37.43 37.43 37.43 37.43 37.41 37.4 37.4 37.39 37.38 37.38 37.37 37.36 37.35 37.32 37.32 37.33 37.33 37.32 37.32 37.34 37.36 37.38 37.39 37.4 37.4 37.37 37.37 37.37 37.4 37.41 37.4 37.4 37.39 37.42 37.45 37.43 37.42 37.43 37.44 37.44 37.45 37.44 37.44 37.42 37.42 37.42 37.41 37.4 37.39 37.38 37.38 37.38 37.38 37.36 37.35 37.33 37.32 37.29 37.29 37.3 37.31 37.32
37.42 37.41 37.38 37.38 37.41 37.41 37.41 37.42 37.41 37.41 37.4 37.39 37.36 37.35 37.35 37.38 37.4 37.4 37.41 37.4 37.39 37.37 37.38 37.39 37.39 37.38 37.37 37.36 37.35 37.34 37.33 37.34 37.34 37.31 37.31 37.34 37.34 37.36 37.39 37.41 37.39 37.36 37.36 37.36 37.38 37.39 37.4 37.4 37.39 37.41 37.43 37.42 37.41 37.41 37.4 37.41 37.42 37.41 37.41 37.41 37.42 37.41 37.4 37.39 37.37 37.35 37.34 37.33 37.33 37.33 37.32 37.3 37.29 37.27 37.29 37.31 37.32 37.31
37.43 37.43 37.4 37.39 37.43 37.43 37.41 37.39 37.36 37.36 37.35 37.34 37.32 37.32 37.34 37.37 37.38 37.37 37.37 37.36 37.35 37.35 37.36 37.38 37.38 37.38 37.38 37.36 37.35 37.34 37.34 37.34 37.33 37.31 37.31 37.34 37.34 37.36 37.39 37.39 37.37 37.36 37.36 37.36 37.37 37.38 37.38 37.38 37.38 37.39 37.39 37.39 37.39 37.37 37.35 37.38 37.41 37.4 37.4 37.41 37.41 37.39 37.38 37.36 37.33 37.31 37.3 37.29 37.29 37.3 37.3 37.3 37.3 37.28 37.29 37.31 37.32 37.31
37.43 37.44 37.43 37.39 37.41 37.41 37.39 37.35 37.32 37.32 37.31 37.31 37.29 37.3 37.32 37.33 37.33 37.32 37.31 37.31 37.31 37.32 37.34 37.36 37.36 37.36 37.37 37.36 37.34 37.32 37.32 37.32 37.31 37.29 37.31 37.32 37.33 37.35 37.37 37.37 37.36 37.36 37.37 37.37 37.35 37.36 37.35 37.36 37.36 37.36 37.37 37.37 37.37 37.35 37.34 37.36 37.4 37.4 37.39 37.39 37.37 37.33 37.32 37.31 37.28 37.27 37.27 37.27 37.26 37.28 37.28 37.29 37.29 37.28 37.28 37.29 37.3 37.29
37.42 37.41 37.39 37.36 37.36 37.35 37.34 37.33 37.32 37.31 37.31 37.29 37.28 37.29 37.28 37.27 37.28 37.29 37.28 37.3 37.3 37.31 37.34 37.35 37.35 37.34 37.34 37.34 37.32 37.31 37.31 37.32 37.31 37.3 37.31 37.31 37.32 37.33 37.34 37.35 37.36 37.35 37.36 37.36 37.34 37.35 37.36 37.35 37.35 37.36 37.37 37.37 37.38 37.38 37.37 37.36 37.37 37.36 37.36 37.36 37.33 37.29 37.29 37.29 37.27 37.27 37.27 37.27 37.27 37.28 37.28 37.29 37.28 37.27 37.27 37.27 37.27 37.27
37.37 37.36 37.34 37.3 37.29 37.28 37.28 37.31 37.31 37.29 37.28 37.27 37.28 37.3 37.28 37.27 37.28 37.3 37.3 37.31 37.31 37.32 37.35 37.35 37.34 37.33 37.32 37.32 37.32 37.3 37.3 37.31 37.33 37.33 37.32 37.32 37.33 37.32 37.33 37.32 37.32 37.3 37.31 37.31 37.32 37.32 37.34 37.34 37.34 37.36 37.37 37.37 37.37 37.37 37.36 37.34 37.33 37.31 37.32 37.33 37.31 37.28 37.28 37.29 37.28 37.28 37.28 37.28 37.27 37.27 37.27 37.28 37.27 37.24 37.25 37.27 37.28 37.28
37.31 37.31 37.3 37.29 37.26 37.25 37.26 37.29 37.29 37.28 37.27 37.27 37.28 37.29 37.29 37.31 37.31 37.32 37.32 37.32 37.32 37.32 37.34 37.34 37.34 37.33 37.32 37.32 37.33 37.32 37.32 37.33 37.35 37.34 37.33 37.33 37.32 37.31 37.31 37.31 37.3 37.27 37.25 37.27 37.3 37.31 37.34 37.33 37.33 37.36 37.36 37.36 37.35 37.34 37.32 37.31 37.3 37.29 37.29 37.3 37.31 37.3 37.29 37.27 37.27 37.28 37.28 37.27 37.25 37.23 37.24 37.25 37.26 37.25 37.25 37.26 37.28 37.28
37.29 37.29 37.29 37.28 37.27 37.27 37.27 37.29 37.29 37.29 37.29 37.29 37.28 37.29 37.32 37.33 37.33 37.33 37.32 37.31 37.31 37.32 37.33 37.34 37.34 37.35 37.34 37.33 37.34 37.36 37.38 37.38 37.37 37.35 37.33 37.32 37.31 37.32 37.31 37.31 37.3 37.28 37.27 37.29 37.32 37.33 37.34 37.33 37.32 37.32 37.31 37.31 37.32 37.31 37.3 37.28 37.27 37.29 37.29 37.29 37.3 37.29 37.28 37.26 37.24 37.26 37.26 37.25 37.22 37.19 37.2 37.23 37.25 37.24 37.24 37.25 37.25 37.26
37.26 37.28 37.28 37.27 37.27 37.27 37.26 37.28 37.3 37.32 37.29 37.27 37.27 37.29 37.32 37.33 37.32 37.31 37.32 37.32 37.31 37.32 37.32 37.33 37.34 37.35 37.34 37.34 37.33 37.35 37.38 37.38 37.35 37.33 37.33 37.31 37.3 37.31 37.31 37.3 37.29 37.29 37.31 37.31 37.33 37.33 37.32 37.3 37.29 37.26 37.26 37.27 37.28 37.3 37.29 37.27 37.27 37.27 37.28 37.29 37.29 37.26 37.26 37.24 37.22 37.24 37.23 37.22 37.2 37.18 37.19 37.21 37.23 37.21 37.23 37.25 37.24 37.25
37.26 37.27 37.26 37.25 37.25 37.26 37.27 37.27 37.3 37.32 37.28 37.26 37.26 37.28 37.3 37.3 37.29 37.3 37.33 37.33 37.3 37.31 37.31 37.32 37.33 37.32 37.33 37.32 37.31 37.32 37.34 37.34 37.33 37.32 37.31 37.3 37.28 37.28 37.27 37.28 37.28 37.28 37.3 37.31 37.31 37.29 37.29 37.27 37.26 37.24 37.24 37.24 37.25 37.27 37.27 37.26 37.27 37.26 37.27 37.29 37.26 37.23 37.24 37.22 37.21 37.23 37.21 37.19 37.17 37.18 37.19 37.21 37.22 37.22 37.23 37.25 37.26 37.26
37.26 37.26 37.24 37.23 37.24 37.26 37.28 37.27 37.27 37.28 37.29 37.29 37.28 37.28 37.29 37.31 37.3 37.32 37.35 37.33 37.3 37.31 37.31 37.31 37.3 37.29 37.29 37.3 37.31 37.31 37.32 37.31 37.31 37.31 37.3 37.3 37.28 37.27 37.26 37.27 37.29 37.28 37.29 37.29 37.28 37.26 37.26 37.26 37.26 37.23 37.24 37.24 37.24 37.24 37.24 37.24 37.26 37.26 37.26 37.25 37.23 37.21 37.21 37.22 37.2 37.2 37.19 37.17 37.16 37.16 37.19 37.22 37.23 37.23 37.21 37.22 37.23 37.22
37.22 37.22 37.21 37.22 37.24 37.27 37.27 37.26 37.25 37.25 37.29 37.28 37.28 37.28 37.29 37.31 37.32 37.33 37.32 37.32 37.3 37.31 37.31 37.29 37.27 37.27 37.27 37.28 37.31 37.31 37.29 37.29 37.29 37.3 37.3 37.29 37.27 37.26 37.25 37.25 37.26 37.27 37.27 37.26 37.25 37.25 37.25 37.26 37.26 37.24 37.24 37.24 37.22 37.22 37.24 37.22 37.23 37.24 37.22 37.21 37.2 37.2 37.2 37.19 37.19 37.18 37.16 37.17 37.18 37.18 37.18 37.19 37.22 37.21 37.2 37.19 37.17 37.17
37.19 37.2 37.21 37.23 37.24 37.25 37.26 37.25 37.24 37.23 37.26 37.25 37.27 37.27 37.29 37.29 37.3 37.3 37.29 37.29 37.28 37.28 37.3 37.29 37.27 37.27 37.27 37.29 37.31 37.3 37.29 37.29 37.29 37.29 37.3 37.29 37.27 37.25 37.24 37.23 37.22 37.23 37.24 37.24 37.22 37.23 37.23 37.24 37.25 37.23 37.23 37.22 37.2 37.22 37.23 37.21 37.2 37.2 37.2 37.19 37.18 37.19 37.19 37.17 37.18 37.17 37.16 37.16 37.18 37.19 37.18 37.18 37.18 37.17 37.15 37.14 37.13 37.12
37.19 37.2 37.21 37.23 37.23 37.24 37.24 37.23 37.23 37.25 37.26 37.28 37.29 37.27 37.29 37.29 37.29 37.28 37.27 37.27 37.27 37.27 37.29 37.28 37.27 37.28 37.28 37.29 37.3 37.3 37.29 37.28 37.28 37.29 37.29 37.29 37.26 37.25 37.23 37.21 37.2 37.21 37.21 37.22 37.19 37.2 37.2 37.22 37.21 37.2 37.2 37.19 37.19 37.19 37.19 37.19 37.17 37.18 37.19 37.18 37.17 37.17 37.18 37.17 37.16 37.16 37.16 37.15 37.17 37.16 37.16 37.15 37.15 37.14 37.13 37.12 37.1 37.09
37.21 37.21 37.22 37.23 37.23 37.23 37.23 37.22 37.23 37.24 37.27 37.28 37.29 37.27 37.29 37.29 37.28 37.28 37.26 37.27 37.27 37.27 37.28 37.27 37.27 37.27 37.27 37.28 37.29 37.3 37.29 37.28 37.26 37.27 37.26 37.27 37.25 37.25 37.24 37.2 37.19 37.19 37.19 37.2 37.17 37.16 37.18 37.2 37.18 37.17 37.16 37.16 37.17 37.18 37.18 37.19 37.18 37.17 37.17 37.18 37.17 37.16 37.16 37.16 37.13 37.14 37.13 37.11 37.13 37.12 37.11 37.09 37.1 37.1 37.1 37.1 37.09 37.08
37.22 37.22 37.24 37.24 37.23 37.22 37.24 37.25 37.26 37.25 37.25 37.27 37.29 37.28 37.29 37.28 37.27 37.27 37.26 37.27 37.27 37.28 37.3 37.29 37.28 37.28 37.28 37.28 37.28 37.28 37.27 37.26 37.24 37.22 37.2 37.22 37.22 37.23 37.22 37.2 37.18 37.17 37.18 37.2 37.18 37.16 37.17 37.18 37.17 37.16 37.16 37.15 37.16 37.17 37.18 37.18 37.18 37.17 37.15 37.16 37.15 37.15 37.14 37.14 37.12 37.13 37.11 37.08 37.08 37.07 37.05 37.03 37.04 37.07 37.09 37.1 37.09 37.07
37.23 37.23 37.23 37.24 37.24 37.24 37.25 37.27 37.29 37.28 37.27 37.28 37.3 37.28 37.27 37.27 37.27 37.26 37.25 37.26 37.29 37.29 37.3 37.3 37.3 37.3 37.3 37.29 37.27 37.25 37.24 37.22 37.2 37.17 37.16 37.19 37.21 37.2 37.2 37.18 37.19 37.19 37.19 37.2 37.2 37.18 37.17 37.16 37.15 37.15 37.15 37.14 37.16 37.17 37.16 37.15 37.14 37.14 37.14 37.14 37.15 37.14 37.12 37.13 37.11 37.11 37.08 37.04 37.03 37.03 37.01 37 37.01 37.05 37.07 37.06 37.06 37.03
37.24 37.24 37.24 37.24 37.25 37.24 37.25 37.26 37.29 37.29 37.29 37.29 37.29 37.28 37.26 37.26 37.26 37.26 37.25 37.27 37.29 37.29 37.29 37.29 37.28 37.28 37.28 37.28 37.24 37.22 37.21 37.19 37.18 37.15 37.16 37.2 37.23 37.2 37.2 37.19 37.19 37.2 37.2 37.2 37.19 37.18 37.16 37.14 37.13 37.13 37.14 37.15 37.16 37.15 37.15 37.13 37.11 37.12 37.14 37.14 37.14 37.12 37.09 37.09 37.08 37.08 37.05 37.02 37.01 37.02 37.01 36.99 37 37.02 37.02 37.01 37 36.98
37.25 37.24 37.24 37.25 37.27 37.26 37.26 37.27 37.28 37.28 37.28 37.27 37.27 37.27 37.27 37.26 37.25 37.27 37.27 37.27 37.28 37.27 37.27 37.26 37.25 37.26 37.27 37.26 37.24 37.21 37.21 37.2 37.21 37.19 37.2 37.22 37.24 37.2 37.21 37.2 37.18 37.18 37.19 37.18 37.18 37.17 37.14 37.13 37.14 37.14 37.14 37.15 37.15 37.15 37.15 37.11 37.08 37.1 37.13 37.12 37.09 37.08 37.05 37.05 37.05 37.05 37.04 37.02 37 37 36.99 36.97 36.98 36.96 36.94 36.96 36.96 36.94
37.27 37.25 37.25 37.26 37.29 37.29 37.28 37.28 37.28 37.27 37.27 37.27 37.27 37.26 37.27 37.28 37.27 37.27 37.27 37.27 37.27 37.25 37.25 37.24 37.25 37.27 37.27 37.26 37.25 37.21 37.22 37.24 37.26 37.24 37.24 37.24 37.22 37.19 37.2 37.21 37.17 37.17 37.17 37.16 37.17 37.16 37.15 37.14 37.14 37.13 37.14 37.15 37.15 37.15 37.13 37.1 37.06 37.08 37.08 37.06 37.04 37.04 37.03 37.02 37.02 37.02 37.01 36.98 36.95 36.95 36.94 36.94 36.93 36.89 36.88 36.92 36.91 36.9
37.27 37.27 37.28 37.28 37.28 37.28 37.28 37.28 37.28 37.28 37.28 37.28 37.27 37.26 37.26 37.27 37.27 37.25 37.25 37.25 37.24 37.23 37.23 37.24 37.25 37.25 37.25 37.25 37.25 37.23 37.24 37.27 37.27 37.24 37.24 37.23 37.19 37.18 37.18 37.18 37.17 37.17 37.17 37.16 37.16 37.16 37.16 37.16 37.15 37.13 37.12 37.13 37.12 37.11 37.1 37.08 37.05 37.04 37.01 36.98 36.97 36.98 36.98 36.98 36.98 36.96 36.94 36.92 36.91 36.89 36.89 36.88 36.87 36.83 36.83 36.87 36.85 36.84
37.26 37.27 37.29 37.27 37.25 37.26 37.27 37.28 37.29 37.29 37.29 37.27 37.25 37.26 37.26 37.25 37.24 37.21 37.22 37.23 37.23 37.22 37.23 37.24 37.25 37.24 37.25 37.25 37.24 37.25 37.25 37.26 37.25 37.23 37.23 37.21 37.17 37.16 37.16 37.17 37.17 37.17 37.17 37.16 37.16 37.16 37.15 37.15 37.13 37.11 37.08 37.08 37.06 37.05 37.04 37.02 37 36.99 36.96 36.93 36.92 36.92 36.93 36.93 36.93 36.93 36.91 36.89 36.88 36.86 36.84 36.84 36.82 36.8 36.79 36.79 36.78 36.78
37.23 37.25 37.26 37.25 37.24 37.25 37.26 37.27 37.29 37.28 37.27 37.26 37.24 37.23 37.24 37.24 37.23 37.23 37.23 37.23 37.24 37.25 37.25 37.25 37.26 37.26 37.25 37.24 37.24 37.24 37.24 37.23 37.2 37.2 37.19 37.18 37.16 37.16 37.15 37.15 37.15 37.15 37.15 37.14 37.12 37.11 37.1 37.1 37.08 37.04 37.03 37.02 37 36.98 36.95 36.94 36.94 36.94 36.94 36.94 36.92 36.89 36.88 36.89 36.89 36.88 36.85 36.83 36.83 36.82 36.83 36.82 36.8 36.77 36.75 36.76 36.75 36.75
