slabs/90.grd
DSAA
631 301
647040 647670
4948700 4949000
28.79 42.43
[rows 170 to 203 of 301, columns 156 to 233 of 631]
29.5 29.48 29.54 29.58 29.66 29.72 29.79 29.85 29.88 29.81 29.73 29.62 29.59 29.59 29.62 29.75 29.88 29.85 29.84 29.84 29.87 29.9 29.89 29.87 29.91 29.91 29.89 29.77 29.62 29.63 29.67 29.78 29.9 29.9 29.85 29.88 29.96 29.95 29.89 29.85 29.88 29.9 29.9 29.86 29.83 29.77 29.68 29.72 29.74 29.75 29.79 29.86 29.94 29.93 29.83 29.74 29.7 29.67 29.75 29.8 29.82 29.86 29.85 29.79 29.76 29.67 29.6 29.6 29.63 29.65 29.73 29.77 29.79 29.78 29.71 29.74 29.78 29.87
29.48 29.5 29.56 29.61 29.69 29.73 29.78 29.87 29.89 29.82 29.76 29.63 29.6 29.6 29.63 29.75 29.87 29.86 29.85 29.85 29.88 29.91 29.9 29.89 29.92 29.91 29.89 29.76 29.59 29.6 29.64 29.75 29.87 29.88 29.86 29.9 29.98 29.97 29.91 29.86 29.88 29.9 29.9 29.86 29.82 29.77 29.67 29.7 29.72 29.73 29.78 29.85 29.91 29.95 29.86 29.78 29.72 29.67 29.73 29.8 29.82 29.86 29.86 29.82 29.81 29.79 29.73 29.74 29.83 29.84 29.9 29.97 29.96 29.92 29.86 29.85 29.91 30.08
29.48 29.52 29.58 29.64 29.72 29.75 29.79 29.88 29.89 29.82 29.76 29.64 29.6 29.62 29.64 29.73 29.87 29.88 29.87 29.86 29.89 29.92 29.92 29.92 29.93 29.92 29.87 29.74 29.56 29.56 29.62 29.72 29.84 29.86 29.86 29.92 30 29.99 29.93 29.87 29.88 29.89 29.89 29.85 29.82 29.76 29.65 29.66 29.69 29.73 29.78 29.85 29.9 29.97 29.91 29.85 29.78 29.7 29.81 29.89 29.92 29.96 29.98 30.1 30.12 30.17 30.18 30.21 30.28 30.24 30.25 30.28 30.23 30.23 30.23 30.24 30.34 30.53
29.48 29.54 29.59 29.67 29.75 29.79 29.82 29.89 29.89 29.82 29.76 29.65 29.61 29.63 29.64 29.71 29.86 29.89 29.88 29.88 29.89 29.91 29.93 29.93 29.94 29.93 29.86 29.73 29.54 29.54 29.6 29.69 29.81 29.84 29.87 29.94 30.02 30.01 29.96 29.88 29.88 29.89 29.89 29.84 29.82 29.78 29.7 29.71 29.75 29.82 29.87 29.91 29.96 30.07 30.11 30.09 30.02 30 30.23 30.33 30.35 30.39 30.45 30.62 30.68 30.8 30.89 30.92 30.87 30.81 30.75 30.7 30.63 30.63 30.64 30.69 30.85 31.07
29.5 29.57 29.61 29.7 29.79 29.84 29.86 29.92 29.89 29.81 29.76 29.66 29.63 29.63 29.64 29.71 29.87 29.9 29.89 29.89 29.9 29.91 29.93 29.94 29.95 29.93 29.86 29.72 29.52 29.52 29.58 29.66 29.78 29.82 29.88 29.96 30.05 30.04 29.98 29.89 29.89 29.92 29.93 29.88 29.89 29.93 29.94 30.03 30.11 30.17 30.23 30.28 30.34 30.53 30.69 30.71 30.68 30.76 31 31.03 31.04 31.11 31.22 31.33 31.38 31.51 31.59 31.56 31.46 31.36 31.26 31.21 31.13 31.12 31.14 31.2 31.36 31.52
29.54 29.62 29.66 29.75 29.84 29.88 29.91 29.94 29.9 29.81 29.76 29.66 29.63 29.64 29.65 29.72 29.88 29.91 29.9 29.9 29.91 29.92 29.94 29.94 29.95 29.93 29.86 29.72 29.53 29.53 29.58 29.66 29.78 29.82 29.9 29.98 30.07 30.07 30.05 29.97 29.99 30.06 30.16 30.2 30.23 30.34 30.43 30.63 30.86 30.93 31.05 31.15 31.18 31.31 31.43 31.44 31.49 31.64 31.77 31.73 31.73 31.82 32 32.14 32.17 32.25 32.29 32.22 32.07 31.99 31.84 31.79 31.71 31.69 31.72 31.77 31.9 32.08
29.62 29.71 29.73 29.79 29.87 29.92 29.94 29.96 29.9 29.81 29.76 29.67 29.64 29.66 29.7 29.75 29.87 29.9 29.94 29.95 29.93 29.95 29.99 30 30 29.99 29.94 29.84 29.72 29.72 29.75 29.8 29.89 29.95 30.03 30.07 30.15 30.21 30.3 30.33 30.36 30.47 30.67 30.91 30.99 31.15 31.28 31.49 31.7 31.81 31.98 32.04 32.03 32.03 32.02 32.01 32.07 32.25 32.4 32.44 32.49 32.59 32.73 32.76 32.84 32.96 32.97 32.87 32.76 32.71 32.46 32.39 32.31 32.28 32.31 32.35 32.48 32.7
29.75 29.81 29.83 29.87 29.91 29.95 29.96 29.97 29.91 29.82 29.78 29.74 29.76 29.78 29.83 29.88 29.94 30 30.1 30.13 30.09 30.12 30.2 30.24 30.23 30.22 30.2 30.18 30.15 30.16 30.17 30.15 30.21 30.33 30.43 30.43 30.5 30.68 30.94 31.1 31.14 31.29 31.52 31.78 31.87 32.06 32.25 32.39 32.42 32.51 32.58 32.59 32.6 32.67 32.69 32.67 32.71 32.85 32.95 33.01 33.14 33.27 33.35 33.37 33.45 33.61 33.61 33.51 33.43 33.41 33.09 32.98 32.85 32.85 32.87 32.92 33.05 33.22
29.87 29.94 29.97 30.01 30.02 30.06 30.07 30.08 30.04 29.97 29.96 30.01 30.11 30.12 30.13 30.19 30.27 30.32 30.45 30.49 30.47 30.51 30.61 30.65 30.65 30.62 30.6 30.67 30.74 30.81 30.77 30.71 30.78 31.01 31.21 31.2 31.27 31.53 31.82 32.01 32.08 32.28 32.47 32.55 32.59 32.74 32.92 33.04 33.11 33.21 33.18 33.17 33.21 33.31 33.34 33.31 33.38 33.51 33.56 33.59 33.72 33.87 33.94 33.97 34.07 34.2 34.2 34.14 34.1 34.04 33.69 33.54 33.36 33.41 33.45 33.5 33.62 33.77
30.11 30.17 30.2 30.27 30.35 30.39 30.39 30.41 30.42 30.4 30.4 30.49 30.6 30.62 30.64 30.68 30.75 30.79 30.88 30.94 30.95 31 31.12 31.15 31.2 31.17 31.18 31.32 31.53 31.75 31.66 31.62 31.68 31.89 32.06 32.1 32.2 32.46 32.67 32.84 32.89 33.03 33.18 33.24 33.25 33.37 33.55 33.64 33.74 33.87 33.84 33.8 33.85 33.92 33.96 33.96 34.01 34.12 34.19 34.21 34.28 34.4 34.47 34.49 34.58 34.71 34.75 34.7 34.65 34.58 34.25 34.1 33.96 34.05 34.09 34.15 34.33 34.62
30.64 30.62 30.65 30.78 30.91 30.92 30.9 30.94 30.94 30.96 31.02 31.09 31.17 31.19 31.21 31.22 31.28 31.31 31.4 31.56 31.61 31.65 31.71 31.79 32.04 32.05 32.12 32.27 32.47 32.68 32.6 32.62 32.63 32.67 32.73 32.82 32.92 33.2 33.46 33.63 33.64 33.72 33.83 33.86 33.84 33.92 34.13 34.24 34.31 34.41 34.4 34.39 34.43 34.48 34.52 34.54 34.58 34.64 34.73 34.73 34.78 34.88 34.96 34.96 35.03 35.19 35.29 35.26 35.21 35.13 34.88 34.76 34.76 34.91 34.95 35.06 35.23 35.52
31.29 31.29 31.33 31.44 31.55 31.55 31.56 31.54 31.49 31.54 31.65 31.69 31.71 31.72 31.8 31.89 31.93 31.94 32.08 32.43 32.54 32.53 32.54 32.65 32.91 32.98 33.09 33.19 33.23 33.27 33.25 33.26 33.27 33.32 33.41 33.51 33.61 33.87 34.13 34.25 34.28 34.36 34.41 34.44 34.43 34.53 34.71 34.78 34.81 34.88 34.9 34.9 34.9 34.91 34.95 35.01 35.12 35.16 35.2 35.2 35.24 35.37 35.48 35.53 35.57 35.72 35.86 35.93 35.98 35.9 35.76 35.63 35.68 35.81 35.87 35.99 36.02 36.09
31.99 32 32.06 32.16 32.27 32.28 32.28 32.22 32.17 32.26 32.34 32.36 32.34 32.38 32.62 32.85 32.87 32.87 33 33.27 33.35 33.33 33.36 33.43 33.47 33.58 33.69 33.72 33.75 33.81 33.83 33.84 33.87 34 34.17 34.23 34.3 34.51 34.72 34.78 34.83 34.91 34.93 34.93 34.96 35.11 35.32 35.34 35.31 35.3 35.33 35.35 35.35 35.34 35.41 35.5 35.67 35.73 35.77 35.76 35.8 35.94 36.11 36.31 36.32 36.41 36.5 36.61 36.72 36.69 36.63 36.48 36.44 36.51 36.54 36.59 36.57 36.62
32.69 32.71 32.78 32.9 33.08 33.09 33.08 33.04 33.09 33.29 33.29 33.33 33.34 33.39 33.6 33.77 33.79 33.8 33.83 33.86 33.85 33.84 33.91 34 34.06 34.21 34.26 34.24 34.26 34.32 34.37 34.42 34.46 34.6 34.77 34.81 34.89 35.11 35.29 35.29 35.33 35.4 35.45 35.45 35.48 35.65 35.87 35.87 35.81 35.74 35.79 35.82 35.88 35.95 36.05 36.13 36.27 36.39 36.57 36.58 36.63 36.71 36.83 37.04 37.08 37.13 37.14 37.18 37.24 37.2 37.15 37.04 37.02 37.09 37.12 37.17 37.11 37.05
33.43 33.46 33.53 33.69 34.01 34.04 34.07 34.06 34.1 34.23 34.19 34.29 34.36 34.35 34.33 34.33 34.36 34.35 34.36 34.4 34.4 34.43 34.53 34.63 34.69 34.82 34.84 34.83 34.83 34.87 34.94 34.98 35 35.09 35.21 35.29 35.41 35.7 35.88 35.86 35.9 35.93 35.96 35.97 36.01 36.14 36.31 36.32 36.31 36.31 36.39 36.43 36.53 36.72 36.87 36.92 37.04 37.12 37.29 37.32 37.39 37.4 37.43 37.48 37.55 37.58 37.57 37.6 37.68 37.59 37.53 37.45 37.43 37.47 37.51 37.53 37.37 37.19
34.32 34.35 34.42 34.54 34.81 34.88 34.96 34.91 34.83 34.78 34.77 34.83 34.87 34.85 34.83 34.84 34.85 34.89 34.93 34.97 35 35.1 35.19 35.26 35.3 35.4 35.44 35.43 35.43 35.48 35.55 35.54 35.55 35.6 35.68 35.78 35.92 36.19 36.36 36.39 36.46 36.45 36.49 36.53 36.56 36.64 36.73 36.76 36.89 37.02 37.09 37.12 37.21 37.41 37.56 37.6 37.69 37.68 37.65 37.67 37.73 37.75 37.75 37.76 37.78 37.78 37.77 37.78 37.8 37.74 37.7 37.66 37.65 37.62 37.63 37.6 37.38 37.15
35.15 35.2 35.3 35.35 35.36 35.41 35.44 35.35 35.31 35.31 35.33 35.35 35.33 35.31 35.31 35.32 35.35 35.43 35.48 35.53 35.57 35.69 35.79 35.85 35.88 35.94 35.96 35.96 35.98 36.07 36.16 36.15 36.16 36.17 36.21 36.28 36.42 36.64 36.81 36.86 36.93 36.95 37.04 37.18 37.21 37.26 37.33 37.35 37.48 37.61 37.62 37.62 37.66 37.76 37.83 37.85 37.88 37.89 37.88 37.88 37.91 37.91 37.89 37.85 37.84 37.83 37.83 37.81 37.81 37.81 37.77 37.72 37.71 37.67 37.66 37.62 37.41 37.18
35.81 35.85 35.96 35.97 35.91 35.92 35.87 35.78 35.82 35.86 35.88 35.93 35.92 35.86 35.87 35.91 35.93 36 36.08 36.15 36.19 36.3 36.39 36.45 36.46 36.47 36.48 36.51 36.53 36.63 36.72 36.74 36.77 36.78 36.79 36.82 36.96 37.17 37.36 37.38 37.41 37.46 37.54 37.67 37.69 37.74 37.81 37.8 37.79 37.8 37.79 37.78 37.8 37.85 37.88 37.9 37.91 37.91 37.91 37.9 37.9 37.89 37.89 37.87 37.85 37.84 37.84 37.82 37.82 37.85 37.81 37.74 37.72 37.7 37.7 37.66 37.52 37.36
36.53 36.55 36.61 36.52 36.39 36.4 36.38 36.29 36.31 36.41 36.47 36.51 36.49 36.46 36.49 36.5 36.52 36.6 36.7 36.8 36.83 36.89 36.93 36.96 36.99 37.01 36.99 37.01 37.06 37.15 37.21 37.24 37.3 37.36 37.41 37.42 37.48 37.62 37.75 37.76 37.77 37.79 37.81 37.81 37.81 37.8 37.81 37.81 37.83 37.82 37.79 37.82 37.86 37.87 37.89 37.91 37.9 37.91 37.91 37.92 37.91 37.9 37.9 37.92 37.89 37.88 37.88 37.87 37.86 37.86 37.82 37.75 37.71 37.71 37.72 37.71 37.65 37.51
37.12 37.16 37.21 37.09 36.93 36.91 36.92 36.87 36.86 36.9 36.97 37.03 37.02 37.02 37.05 37.04 37.06 37.11 37.2 37.27 37.32 37.38 37.38 37.37 37.4 37.44 37.42 37.43 37.51 37.59 37.6 37.61 37.65 37.72 37.8 37.78 37.75 37.8 37.81 37.81 37.82 37.82 37.83 37.83 37.82 37.8 37.79 37.81 37.84 37.85 37.85 37.88 37.89 37.88 37.89 37.91 37.93 37.94 37.94 37.93 37.91 37.92 37.93 37.94 37.94 37.96 37.95 37.94 37.92 37.89 37.84 37.76 37.74 37.73 37.73 37.75 37.74 37.62
37.55 37.59 37.63 37.58 37.48 37.38 37.4 37.41 37.39 37.38 37.44 37.5 37.48 37.48 37.5 37.5 37.5 37.52 37.59 37.63 37.66 37.7 37.68 37.67 37.69 37.72 37.73 37.75 37.8 37.82 37.8 37.79 37.79 37.81 37.84 37.8 37.77 37.82 37.83 37.82 37.82 37.82 37.79 37.8 37.81 37.81 37.81 37.83 37.87 37.88 37.89 37.92 37.9 37.89 37.9 37.93 37.96 37.96 37.96 37.95 37.93 37.93 37.93 37.94 37.95 37.98 37.97 37.96 37.96 37.93 37.85 37.81 37.82 37.81 37.78 37.77 37.76 37.71
37.93 37.95 37.95 37.92 37.85 37.73 37.73 37.77 37.77 37.78 37.82 37.82 37.8 37.78 37.79 37.79 37.77 37.76 37.82 37.86 37.86 37.85 37.83 37.82 37.83 37.86 37.88 37.88 37.87 37.85 37.84 37.82 37.82 37.83 37.82 37.8 37.78 37.81 37.82 37.81 37.81 37.83 37.83 37.83 37.83 37.84 37.84 37.86 37.88 37.88 37.89 37.92 37.91 37.9 37.92 37.96 37.98 37.96 37.95 37.93 37.92 37.91 37.91 37.9 37.89 37.91 37.92 37.92 37.95 37.94 37.9 37.89 37.88 37.87 37.81 37.76 37.74 37.73
38.18 38.16 38.11 38.04 38 37.93 37.92 37.95 37.96 38 38 37.95 37.94 37.91 37.9 37.9 37.91 37.9 37.9 37.93 37.92 37.91 37.89 37.87 37.85 37.87 37.88 37.87 37.86 37.87 37.85 37.84 37.84 37.83 37.82 37.82 37.82 37.83 37.83 37.82 37.84 37.85 37.86 37.86 37.87 37.86 37.87 37.89 37.88 37.88 37.89 37.91 37.9 37.89 37.92 37.96 37.97 37.95 37.92 37.88 37.88 37.89 37.9 37.88 37.85 37.86 37.91 37.91 37.92 37.93 37.96 37.95 37.9 37.88 37.83 37.76 37.74 37.75
38.22 38.18 38.11 38.06 38.05 38.03 38.01 38.01 38.02 38.05 38.05 38.01 38 37.97 37.93 37.94 37.97 37.97 37.95 37.95 37.95 37.92 37.91 37.9 37.88 37.89 37.89 37.88 37.89 37.9 37.88 37.87 37.86 37.86 37.88 37.88 37.86 37.86 37.85 37.85 37.86 37.85 37.86 37.88 37.9 37.87 37.89 37.91 37.89 37.89 37.9 37.9 37.88 37.88 37.9 37.92 37.92 37.9 37.89 37.86 37.84 37.86 37.88 37.89 37.88 37.9 37.95 37.93 37.91 37.92 37.96 37.96 37.92 37.91 37.85 37.8 37.78 37.79
38.17 38.11 38.08 38.08 38.11 38.08 38.05 38.03 38.02 38.03 38.06 38.04 38.04 38.03 38 38 38 37.97 37.95 37.95 37.95 37.94 37.94 37.95 37.94 37.92 37.9 37.9 37.92 37.94 37.91 37.9 37.88 37.88 37.9 37.9 37.9 37.9 37.89 37.9 37.89 37.87 37.87 37.88 37.9 37.89 37.89 37.91 37.9 37.9 37.91 37.91 37.91 37.91 37.91 37.91 37.89 37.88 37.88 37.88 37.85 37.85 37.87 37.9 37.93 37.94 37.95 37.94 37.93 37.94 37.96 37.98 37.96 37.93 37.86 37.82 37.8 37.81
38.13 38.1 38.1 38.12 38.14 38.11 38.1 38.06 38.06 38.07 38.09 38.06 38.07 38.06 38.05 38.05 38.06 38.01 37.99 37.97 37.96 37.98 37.99 37.98 37.94 37.91 37.89 37.91 37.94 37.94 37.92 37.91 37.9 37.88 37.89 37.91 37.92 37.94 37.93 37.92 37.93 37.94 37.92 37.91 37.92 37.9 37.9 37.92 37.92 37.92 37.92 37.93 37.94 37.95 37.94 37.93 37.93 37.92 37.92 37.93 37.91 37.9 37.91 37.94 37.95 37.96 37.97 37.97 37.98 37.98 37.99 38 37.99 37.96 37.91 37.87 37.85 37.87
38.17 38.16 38.16 38.17 38.17 38.15 38.14 38.11 38.1 38.12 38.13 38.12 38.12 38.09 38.05 38.05 38.05 38.03 38.02 38 37.97 37.99 38.02 37.99 37.94 37.9 37.89 37.91 37.94 37.95 37.94 37.93 37.91 37.89 37.89 37.92 37.94 37.94 37.93 37.91 37.94 37.96 37.96 37.94 37.94 37.93 37.93 37.93 37.95 37.95 37.94 37.93 37.93 37.94 37.94 37.96 37.97 37.96 37.95 37.97 37.97 37.96 37.96 37.99 37.99 37.98 37.97 37.99 38.01 38 37.98 37.99 37.98 37.97 37.96 37.93 37.92 37.93
38.24 38.23 38.21 38.22 38.22 38.18 38.15 38.13 38.1 38.12 38.12 38.11 38.11 38.09 38.07 38.06 38.04 38.02 38.02 38.01 37.99 37.99 37.99 37.98 37.95 37.91 37.89 37.91 37.94 37.95 37.96 37.97 37.95 37.93 37.94 37.95 37.93 37.92 37.92 37.93 37.93 37.94 37.95 37.95 37.95 37.97 37.96 37.95 37.98 38.01 37.99 37.96 37.96 37.96 37.96 37.99 37.99 37.97 37.96 38 38.01 38 37.99 38.02 38.02 38 37.97 37.99 38.01 38 37.98 37.97 37.96 37.96 37.97 37.96 37.95 37.94
38.25 38.23 38.2 38.23 38.22 38.18 38.16 38.14 38.12 38.13 38.14 38.14 38.13 38.11 38.12 38.1 38.06 38.04 38.03 38.03 38.01 37.99 37.99 37.97 37.96 37.95 37.94 37.96 37.99 37.99 38 38.01 38 38 38.01 38.01 37.97 37.93 37.94 37.95 37.96 37.97 37.97 37.97 37.96 37.96 37.97 37.99 38.02 38.04 38.03 38.02 38.02 38.02 38.02 38.03 38.01 38 37.99 38.01 38 38.01 38.04 38.06 38.04 38.02 37.98 37.98 38 37.99 37.99 37.97 37.95 37.94 37.95 37.95 37.94 37.92
38.26 38.23 38.22 38.23 38.22 38.2 38.2 38.19 38.16 38.16 38.16 38.16 38.15 38.14 38.13 38.11 38.07 38.06 38.07 38.06 38.03 38 37.99 37.98 37.97 37.98 38.01 38.06 38.11 38.12 38.11 38.09 38.07 38.04 38.06 38.08 38.03 37.97 37.97 37.97 37.99 38.02 38.02 38.01 37.99 37.97 37.98 38.01 38.03 38.03 38.02 38.03 38.02 38.02 38.03 38.05 38.04 38.03 38.03 38.05 38.01 38.03 38.05 38.05 38.03 38.03 38.01 38 38 37.98 37.99 38 37.98 37.94 37.95 37.93 37.92 37.91
38.27 38.26 38.27 38.27 38.25 38.22 38.21 38.2 38.18 38.18 38.16 38.16 38.15 38.14 38.11 38.1 38.08 38.08 38.1 38.08 38.05 38.03 38.02 38.03 38.04 38.05 38.08 38.17 38.24 38.24 38.22 38.16 38.1 38.06 38.07 38.07 38.05 38.01 38.02 38.01 38.02 38.05 38.05 38.04 38.02 38.01 38.02 38.03 38.03 38.03 38.03 38.04 38.04 38.04 38.04 38.07 38.04 38.04 38.05 38.06 38.03 38.04 38.05 38.04 38.04 38.04 38.02 38 37.99 37.97 38 38.01 38 37.97 37.96 37.94 37.92 37.91
38.28 38.27 38.31 38.29 38.25 38.23 38.21 38.2 38.18 38.17 38.14 38.14 38.16 38.15 38.1 38.11 38.1 38.1 38.1 38.08 38.06 38.05 38.05 38.08 38.11 38.1 38.12 38.2 38.24 38.21 38.19 38.14 38.1 38.08 38.08 38.07 38.05 38.05 38.05 38.05 38.06 38.07 38.08 38.04 38.02 38.02 38.03 38.04 38.03 38.03 38.02 38.04 38.09 38.08 38.07 38.08 38.04 38.04 38.04 38.04 38.03 38.04 38.05 38.04 38.04 38.02 38 37.97 37.97 37.98 38.01 38.02 38.01 38 37.99 37.96 37.94 37.91
38.27 38.26 38.29 38.28 38.25 38.23 38.21 38.2 38.17 38.16 38.14 38.15 38.17 38.17 38.14 38.14 38.11 38.1 38.09 38.08 38.08 38.07 38.08 38.1 38.12 38.1 38.11 38.14 38.17 38.13 38.14 38.17 38.15 38.12 38.11 38.09 38.07 38.07 38.07 38.08 38.09 38.09 38.08 38.04 38.03 38.03 38.06 38.07 38.05 38.05 38.04 38.05 38.09 38.08 38.08 38.07 38.05 38.04 38.04 38.03 38.03 38.05 38.07 38.08 38.05 37.99 37.98 37.95 37.96 37.99 38.02 38.03 38.04 38.04 38 37.98 37.98 37.96
38.28 38.27 38.27 38.26 38.24 38.21 38.19 38.19 38.18 38.16 38.16 38.16 38.17 38.17 38.16 38.16 38.13 38.12 38.11 38.1 38.13 38.16 38.14 38.12 38.15 38.16 38.15 38.14 38.14 38.14 38.16 38.19 38.19 38.15 38.13 38.09 38.07 38.08 38.09 38.08 38.08 38.07 38.06 38.05 38.05 38.06 38.08 38.1 38.07 38.07 38.08 38.06 38.07 38.06 38.06 38.06 38.06 38.06 38.05 38.03 38.03 38.04 38.06 38.07 38.04 37.97 37.96 37.95 37.97 38 38.02 38.03 38.05 38.07 38.02 38.02 38.03 38.02
