slabs/91.grd
DSAA
631 301
647670 648300
4946000 4946300
38.71 42.81
[rows 275 to 299 of 301, columns 228 to 284 of 631]
39.29 39.29 39.29 39.3 39.25 39.12 39.01 39 39.11 39.14 39.11 39.15 39.19 39.22 39.24 39.26 39.29 39.31 39.29 39.29 39.28 39.27 39.27 39.27 39.29 39.3 39.29 39.27 1.70141e38 1.70141e38 1.70141e38 1.70141e38 1.70141e38 1.70141e38 1.70141e38 1.70141e38 1.70141e38 1.70141e38 1.70141e38 1.70141e38 1.70141e38 1.70141e38 1.70141e38 1.70141e38 1.70141e38 1.70141e38 1.70141e38 1.70141e38 1.70141e38 1.70141e38 1.70141e38 1.70141e38 1.70141e38 1.70141e38 1.70141e38 1.70141e38 1.70141e38
39.23 39.27 39.21 39.15 39.13 39.11 39.1 39.15 39.22 39.25 39.26 39.26 39.28 39.31 39.31 39.33 39.34 39.35 39.33 39.32 39.32 39.3 39.29 39.28 39.27 39.29 39.33 39.34 39.29 39.24 39.21 39.2 39.21 39.23 1.70141e38 1.70141e38 1.70141e38 1.70141e38 1.70141e38 1.70141e38 1.70141e38 1.70141e38 1.70141e38 1.70141e38 1.70141e38 1.70141e38 1.70141e38 1.70141e38 1.70141e38 1.70141e38 1.70141e38 1.70141e38 1.70141e38 1.70141e38 1.70141e38 1.70141e38 1.70141e38
39.09 39.1 39.16 39.17 39.16 39.18 39.23 39.29 39.31 39.32 39.31 39.33 39.37 39.39 39.38 39.38 39.37 39.33 39.35 39.35 39.34 39.32 39.32 39.32 39.28 39.28 39.3 39.29 39.27 39.24 39.22 39.24 39.22 39.23 39.24 39.24 39.23 39.21 39.19 1.70141e38 1.70141e38 1.70141e38 1.70141e38 1.70141e38 1.70141e38 1.70141e38 1.70141e38 1.70141e38 1.70141e38 1.70141e38 1.70141e38 1.70141e38 1.70141e38 1.70141e38 1.70141e38 1.70141e38 1.70141e38
39.11 39.1 39.19 39.25 39.24 39.27 39.32 39.35 39.35 39.37 39.38 39.41 39.43 39.42 39.4 39.38 39.39 39.34 39.35 39.35 39.36 39.33 39.36 39.35 39.31 39.28 39.29 39.28 39.28 39.29 39.27 39.24 39.26 39.27 39.26 39.26 39.24 39.25 39.23 39.23 39.2 39.2 39.17 39.15 39.14 39.14 39.11 39.11 39.09 39.15 1.70141e38 1.70141e38 1.70141e38 1.70141e38 1.70141e38 1.70141e38 1.70141e38
39.22 39.25 39.28 39.28 39.28 39.32 39.4 39.4 39.39 39.4 39.4 39.44 39.45 39.41 39.4 39.38 39.38 39.39 39.38 39.37 39.37 39.35 39.36 39.38 39.37 39.37 39.34 39.3 39.3 39.32 39.31 39.29 39.27 39.26 39.29 39.29 39.26 39.25 39.22 39.2 39.18 39.17 39.17 39.14 39.11 39.1 39.09 39.09 39.1 39.16 1.70141e38 1.70141e38 1.70141e38 1.70141e38 1.70141e38 1.70141e38 1.70141e38
39.27 39.3 39.35 39.35 39.35 39.39 39.45 39.44 39.44 39.47 39.45 39.42 39.44 39.43 39.4 39.38 39.38 39.37 39.41 39.4 39.38 39.37 39.36 39.39 39.4 39.4 39.37 39.36 39.38 39.35 39.31 39.3 39.28 39.28 39.29 39.29 39.26 39.23 39.22 39.2 39.16 39.15 39.16 39.14 39.1 39.1 39.11 39.11 39.12 39.15 39.16 39.15 39.16 39.17 39.16 39.12 1.70141e38
39.36 39.36 39.44 39.45 39.44 39.45 39.47 39.46 39.47 39.48 39.5 39.48 39.48 39.47 39.44 39.44 39.46 39.41 39.43 39.45 39.39 39.37 39.37 39.38 39.39 39.39 39.37 39.39 39.39 39.36 39.33 39.33 39.31 39.29 39.28 39.28 39.26 39.23 39.23 39.2 39.15 39.15 39.15 39.14 39.12 39.14 39.17 39.15 39.15 39.13 39.16 39.16 39.14 39.12 39.14 39.15 39.13
39.45 39.45 39.48 39.49 39.49 39.5 39.46 39.48 39.51 39.52 39.51 39.51 39.51 39.5 39.48 39.46 39.49 39.45 39.46 39.47 39.44 39.42 39.41 39.41 39.4 39.42 39.39 39.4 39.4 39.36 39.34 39.34 39.33 39.3 39.28 39.28 39.25 39.23 39.23 39.2 39.17 39.15 39.14 39.15 39.13 39.15 39.16 39.14 39.16 39.15 39.16 39.16 39.16 39.13 39.12 39.12 39.14
39.47 39.5 39.51 39.53 39.52 39.53 39.51 39.49 39.52 39.54 39.53 39.5 39.49 39.5 39.5 39.49 39.53 39.52 39.5 39.48 39.48 39.46 39.45 39.46 39.44 39.44 39.42 39.41 39.41 39.37 39.34 39.32 39.32 39.29 39.28 39.26 39.23 39.23 39.21 39.19 39.2 39.17 39.16 39.15 39.17 39.16 39.18 39.18 39.18 39.13 39.13 39.16 39.16 39.13 39.11 39.08 39.05
39.47 39.51 39.5 39.5 39.52 39.55 39.52 39.51 39.52 39.52 39.54 39.53 39.55 39.56 39.55 39.54 39.56 39.53 39.51 39.5 39.49 39.47 39.47 39.47 39.47 39.45 39.43 39.43 39.4 39.36 39.33 39.32 39.28 39.27 39.25 39.24 39.2 39.21 39.21 39.21 39.2 39.19 39.17 39.15 39.16 39.14 39.15 39.13 39.2 39.18 39.15 39.14 39.14 39.12 39.09 39.07 39
39.49 39.52 39.53 39.54 39.56 39.56 39.55 39.58 39.56 39.56 39.56 39.56 39.57 39.58 39.58 39.58 39.57 39.51 39.5 39.5 39.49 39.47 39.45 39.45 39.48 39.46 39.43 39.43 39.39 39.34 39.32 39.3 39.26 39.25 39.24 39.23 39.24 39.22 39.21 39.16 39.14 39.17 39.17 39.15 39.11 39.1 39.14 39.17 39.21 39.2 39.19 39.16 39.13 39.05 39.06 39.01 39.1
39.53 39.52 39.55 39.56 39.56 39.54 39.57 39.59 39.59 39.61 39.6 39.6 39.59 39.57 39.57 39.59 39.57 39.53 39.49 39.48 39.49 39.47 39.44 39.44 39.47 39.48 39.45 39.42 39.36 39.32 39.29 39.27 39.25 39.24 39.29 39.27 39.24 39.24 39.24 39.22 39.22 39.2 39.16 39.16 39.15 39.16 39.17 39.19 39.2 39.19 39.14 39.13 39.12 39.11 39.15 39.12 39.2
39.54 39.54 39.56 39.57 39.56 39.55 39.57 39.58 39.58 39.62 39.63 39.62 39.61 39.59 39.59 39.59 39.58 39.54 39.49 39.49 39.5 39.48 39.45 39.43 39.44 39.45 39.42 39.34 39.34 39.3 39.25 39.27 39.29 39.28 39.3 39.25 39.24 39.24 39.23 39.21 39.21 39.2 39.19 39.19 39.2 39.19 39.17 39.12 39.07 39.1 39.07 39.12 39.17 39.21 39.21 39.23 39.26
39.53 39.55 39.58 39.58 39.58 39.58 39.61 39.61 39.6 39.62 39.63 39.62 39.62 39.59 39.63 39.62 39.58 39.52 39.49 39.5 39.5 39.49 39.46 39.43 39.41 39.42 39.41 39.35 39.33 39.3 39.26 39.29 39.31 39.29 39.26 39.23 39.23 39.24 39.23 39.21 39.22 39.22 39.21 39.19 39.12 39.04 39.02 39.08 39.08 39.12 39.13 39.19 39.25 39.25 39.25 39.26 39.3
39.54 39.57 39.6 39.61 39.61 39.64 39.67 39.67 39.65 39.63 39.63 39.63 39.6 39.59 39.61 39.61 39.56 39.53 39.5 39.5 39.51 39.5 39.49 39.48 39.43 39.4 39.37 39.36 39.33 39.3 39.3 39.27 39.28 39.29 39.27 39.31 39.31 39.28 39.27 39.24 39.24 39.21 39.11 39.03 38.99 38.95 38.99 39.17 39.21 39.21 39.24 39.26 39.3 39.3 39.32 39.31 39.34
39.59 39.59 39.61 39.63 39.64 39.65 39.67 39.68 39.66 39.66 39.67 39.66 39.63 39.62 39.62 39.59 39.55 39.53 39.53 39.52 39.46 39.45 39.44 39.41 39.36 39.35 39.36 39.37 39.34 39.31 39.3 39.27 39.3 39.31 39.3 39.33 39.33 39.3 39.27 39.24 39.17 39.07 38.96 38.92 39.02 39.08 39.14 39.26 39.27 39.27 39.29 39.3 39.33 39.33 39.32 39.38 39.38
39.59 39.6 39.61 39.64 39.65 39.66 39.67 39.68 39.66 39.66 39.68 39.66 39.63 39.6 39.56 39.57 39.55 39.51 39.49 39.47 39.45 39.46 39.44 39.41 39.36 39.35 39.35 39.39 39.37 39.33 39.3 39.29 39.32 39.33 39.32 39.31 39.28 39.22 39.2 39.13 39.05 38.93 38.96 39.06 39.2 39.26 39.24 39.25 39.26 39.3 39.34 39.34 39.33 39.33 39.35 39.4 39.42
39.6 39.63 39.66 39.66 39.64 39.65 39.66 39.65 39.66 39.65 39.65 39.65 39.63 39.59 39.58 39.57 39.54 39.5 39.48 39.47 39.44 39.45 39.44 39.43 39.41 39.38 39.38 39.4 39.37 39.34 39.32 39.32 39.33 39.35 39.32 39.28 39.2 39.13 39.07 39 39.05 39.01 39.17 39.29 39.29 39.29 39.28 39.28 39.3 39.31 39.34 39.37 39.43 39.4 39.37 39.4 39.41
39.63 39.65 39.66 39.63 39.66 39.67 39.65 39.64 39.62 39.6 39.58 39.58 39.57 39.54 39.53 39.53 39.53 39.5 39.49 39.46 39.43 39.43 39.44 39.45 39.42 39.41 39.41 39.4 39.37 39.35 39.35 39.35 39.34 39.33 39.27 39.18 39.1 39.09 39 39.08 39.18 39.24 39.29 39.34 39.34 39.33 39.34 39.33 39.34 39.35 39.35 39.38 39.4 39.37 39.37 39.41 39.43
39.64 39.61 39.62 39.62 39.66 39.68 39.65 39.63 39.6 39.62 39.59 39.55 39.54 39.51 39.49 39.5 39.49 39.47 39.48 39.45 39.43 39.45 39.45 39.46 39.43 39.41 39.41 39.4 39.37 39.35 39.35 39.34 39.28 39.23 39.14 39.05 39.06 39.09 39.17 39.29 39.31 39.31 39.34 39.37 39.34 39.34 39.33 39.34 39.37 39.39 39.36 39.39 39.38 39.41 39.41 39.45 39.49
39.65 39.6 39.61 39.62 39.66 39.65 39.64 39.58 39.57 39.58 39.58 39.55 39.52 39.5 39.49 39.5 39.49 39.47 39.47 39.46 39.46 39.49 39.47 39.46 39.43 39.4 39.39 39.38 39.35 39.35 39.29 39.21 39.12 39.05 39.01 39.11 39.27 39.32 39.31 39.3 39.33 39.36 39.38 39.37 39.33 39.34 39.37 39.36 39.37 39.38 39.39 39.41 39.41 39.42 39.45 39.46 39.48
39.64 39.62 39.63 39.62 39.61 39.59 39.59 39.55 39.53 39.54 39.55 39.53 39.52 39.5 39.48 39.5 39.52 39.5 39.49 39.48 39.49 39.5 39.49 39.47 39.43 39.42 39.4 39.36 39.34 39.33 39.23 39.09 39.09 39.22 39.3 39.29 39.32 39.35 39.34 39.32 39.35 39.36 39.41 39.41 39.36 39.37 39.4 39.4 39.4 39.41 39.43 39.46 39.48 39.46 39.47 39.46 39.48
39.61 39.6 39.59 39.59 39.56 39.55 39.55 39.53 39.5 39.52 39.53 39.51 39.5 39.5 39.48 39.5 39.52 39.49 39.49 39.48 39.48 39.5 39.49 39.47 39.41 39.4 39.37 39.26 39.21 39.23 39.19 39.17 39.26 39.32 39.32 39.38 39.38 39.4 39.4 39.39 39.35 39.36 39.41 39.42 39.4 39.41 39.43 39.44 39.45 39.46 39.46 39.47 39.46 39.48 39.49 39.46 39.48
39.6 39.6 39.57 39.58 39.56 39.55 39.54 39.53 39.51 39.51 39.53 39.5 39.47 39.53 39.52 39.49 39.49 39.44 39.44 39.48 39.49 39.54 39.5 39.43 39.38 39.32 39.28 39.18 39.21 39.27 39.32 39.35 39.35 39.38 39.38 39.42 39.44 39.43 39.42 39.43 39.41 39.42 39.44 39.43 39.41 39.43 39.47 39.47 39.48 39.49 39.47 39.49 39.47 39.49 39.51 39.47 39.49
39.6 39.6 39.58 39.56 39.55 39.56 39.53 39.53 39.52 39.52 39.52 39.5 39.48 39.51 39.52 39.52 39.49 39.49 39.48 39.46 39.46 39.46 39.46 39.35 39.24 39.23 39.25 39.29 39.34 39.36 39.37 39.42 39.41 39.41 39.43 39.41 39.43 39.46 39.45 39.47 39.46 39.46 39.46 39.45 39.43 39.46 39.49 39.47 39.48 39.5 39.5 39.52 39.51 39.51 39.54 39.53 39.52
