slabs/91.grd
DSAA
631 301
647670 648300
4946000 4946300
38.71 42.81
[rows 275 to 299 of 301, columns 114 to 170 of 631]
39.91 39.93 39.96 39.99 40.02 40.06 40.1 40.13 40.16 40.19 40.12 40.08 40.13 40.18 40.2 40.2 40.15 40.12 40.1 40.07 40.04 40.16 40.21 40.22 40.21 40.22 40.21 40.22 40.23 40.24 40.21 40.24 40.21 40.09 40.02 39.93 39.74 39.94 40.23 40.73 41.29 41.73 41.79 41.77 41.8 41.85 41.9 41.95 41.98 42.02 42.07 42.1 42.09 42.08 42.15 42.19 42.18
39.96 39.99 40.01 40.03 40.04 40.07 40.09 40.11 40.13 40.15 40.1 40.03 40.13 40.15 40.19 40.19 40.17 40.14 40.12 40.08 40.05 40.1 40.17 40.19 40.19 40.19 40.19 40.15 40.2 40.22 40.2 40.2 40.12 39.97 39.84 39.75 39.71 39.9 40.19 40.89 41.44 41.78 41.8 41.81 41.82 41.87 41.92 41.96 41.96 42.01 42.05 42.08 42.14 42.17 42.19 42.2 42.2
40.01 40.03 40.06 40.07 40.09 40.11 40.14 40.16 40.21 40.24 40.21 40.09 40.15 40.21 40.22 40.19 40.19 40.17 40.12 40.06 40.07 40.1 40.15 40.15 40.13 40.17 40.17 40.11 40.15 40.16 40.15 40.14 40.06 39.92 39.76 39.65 39.82 40.06 40.35 41.09 41.54 41.74 41.75 41.77 41.84 41.89 41.94 41.98 41.98 42.01 42.04 42.06 42.13 42.16 42.18 42.2 42.21
40.06 40.08 40.1 40.12 40.13 40.17 40.21 40.23 40.28 40.32 40.34 40.28 40.25 40.27 40.25 40.22 40.25 40.2 40.13 40.1 40.15 40.17 40.18 40.16 40.13 40.16 40.15 40.09 40.07 40.12 40.1 40.06 40 39.87 39.68 39.64 39.96 40.27 40.62 41.3 41.67 41.75 41.75 41.78 41.8 41.83 41.92 41.97 41.99 42.01 42.03 42.04 42.09 42.12 42.15 42.17 42.2
40.1 40.13 40.16 40.17 40.2 40.27 40.31 40.32 40.35 40.37 40.35 40.33 40.29 40.26 40.23 40.21 40.3 40.26 40.2 40.17 40.2 40.18 40.18 40.2 40.19 40.16 40.13 40.07 40.05 40.06 40.03 39.99 39.93 39.75 39.55 39.69 40.11 40.47 40.85 41.4 41.66 41.73 41.76 41.78 41.79 41.81 41.86 41.91 41.94 41.94 41.98 42.02 42.05 42.09 42.12 42.14 42.18
40.18 40.22 40.24 40.25 40.28 40.33 40.35 40.37 40.39 40.33 40.28 40.26 40.23 40.21 40.15 40.16 40.31 40.32 40.28 40.21 40.16 40.12 40.11 40.16 40.18 40.15 40.12 40.06 40.07 40.02 39.99 39.94 39.83 39.63 39.58 39.78 40.26 40.7 41.05 41.47 41.69 41.73 41.73 41.76 41.79 41.82 41.9 41.96 41.96 41.97 42.02 42.05 42.07 42.09 42.12 42.1 42.12
40.22 40.26 40.28 40.3 40.32 40.35 40.37 40.38 40.36 40.24 40.2 40.2 40.16 40.11 40.06 40.09 40.26 40.3 40.29 40.26 40.15 40.09 40.09 40.14 40.16 40.18 40.15 40.09 40.05 40.03 40.01 39.96 39.76 39.56 39.6 39.83 40.42 40.81 41.08 41.44 41.68 41.71 41.73 41.77 41.8 41.83 41.9 41.94 41.93 41.94 41.99 42.04 42.07 42.09 42.11 42.06 42.07
40.25 40.28 40.29 40.31 40.34 40.36 40.38 40.38 40.27 40.15 40.13 40.14 40.1 40.04 40.02 40.08 40.21 40.23 40.24 40.22 40.15 40.05 40.04 40.09 40.12 40.17 40.19 40.18 40.14 40.09 40.05 39.9 39.69 39.55 39.67 39.99 40.64 40.99 41.2 41.53 41.66 41.7 41.73 41.75 41.77 41.83 41.86 41.89 41.88 41.89 41.93 41.98 42.02 42.05 42.08 42.04 42.06
40.26 40.3 40.31 40.32 40.35 40.37 40.38 40.32 40.15 40.07 40.06 40.06 40.07 40.13 40.18 40.22 40.11 40.02 40.02 40.02 39.99 39.95 39.95 40 40.03 40.09 40.15 40.15 40.09 40.04 39.98 39.79 39.67 39.64 39.89 40.38 41.01 41.32 41.47 41.59 41.65 41.68 41.72 41.74 41.75 41.83 41.88 41.9 41.88 41.88 41.94 41.97 41.98 42.02 42.05 42.07 42.08
40.27 40.31 40.32 40.33 40.36 40.37 40.35 40.23 40.03 40 40 40 40.01 40.08 40.14 40.23 40.02 39.84 39.8 39.84 39.89 39.93 39.91 39.95 40 40.04 40.09 40.08 40.03 40 39.86 39.65 39.73 39.85 40.15 40.72 41.24 41.47 41.59 41.57 41.59 41.62 41.69 41.75 41.8 41.85 41.93 41.9 41.86 41.85 41.93 41.99 42.01 42.09 42.12 42.09 42.07
40.28 40.33 40.34 40.35 40.37 40.33 40.22 40.08 39.95 39.93 39.93 39.94 39.97 40 40.03 40.08 39.89 39.8 39.81 39.87 39.94 39.96 39.92 39.91 39.97 40.07 40.09 40.02 39.99 39.97 39.8 39.64 39.85 40.06 40.36 40.98 41.36 41.48 41.52 41.54 41.56 41.6 41.68 41.77 41.84 41.88 41.92 41.84 41.8 41.81 41.93 42.03 42.1 42.17 42.16 42.11 42.06
40.29 40.35 40.36 40.37 40.37 40.22 40.09 39.94 39.87 39.87 39.88 39.9 39.93 39.95 39.97 39.98 39.88 39.86 39.89 39.94 40.04 40.07 40.07 40.02 40.04 40.11 40.12 40.06 39.99 39.92 39.76 39.73 39.95 40.17 40.57 41.21 41.49 41.53 41.49 41.54 41.59 41.65 41.73 41.77 41.81 41.84 41.87 41.84 41.78 41.81 41.97 42.04 42.08 42.14 42.16 42.12 42.04
40.25 40.27 40.28 40.3 40.24 40.12 40 39.84 39.81 39.82 39.83 39.86 39.88 39.9 39.89 39.94 39.97 39.99 40.02 40.06 40.16 40.22 40.21 40.1 40.06 40.08 40.11 40.09 39.94 39.85 39.71 39.83 40.02 40.24 40.78 41.38 41.54 41.54 41.52 41.56 41.61 41.66 41.71 41.78 41.87 41.82 41.77 41.84 41.84 41.85 41.98 42.02 42.07 42.11 42.13 42.1 42.07
40.1 40.14 40.17 40.12 39.99 39.88 39.83 39.76 39.75 39.76 39.74 39.75 39.77 39.79 39.79 39.84 40.03 40.1 40.13 40.18 40.26 40.31 40.26 40.1 40.03 40.02 40.05 40.01 39.87 39.78 39.71 39.91 40.16 40.37 40.89 41.41 41.52 41.55 41.56 41.59 41.62 41.64 41.73 41.82 41.87 41.85 41.86 41.86 41.84 41.84 41.92 41.92 41.98 42.04 42.09 42.11 42.09
39.97 40.03 40 39.91 39.83 39.79 39.77 39.77 39.75 39.74 39.72 39.69 39.68 39.68 39.69 39.74 40 40.11 40.17 40.24 40.3 40.33 40.25 40.09 40.03 40 40.02 39.93 39.79 39.73 39.77 40.02 40.27 40.55 40.98 41.36 41.48 41.54 41.61 41.61 41.6 41.59 41.65 41.78 41.84 41.83 41.84 41.87 41.89 41.89 41.94 41.96 41.99 42.02 42.02 42.04 42.06
39.9 39.91 39.88 39.82 39.79 39.78 39.78 39.8 39.78 39.76 39.74 39.71 39.68 39.65 39.65 39.66 39.87 40.03 40.13 40.22 40.28 40.3 40.22 40.08 40.03 40.02 39.99 39.78 39.61 39.71 39.86 40.18 40.58 40.87 41.28 41.49 41.5 41.54 41.59 41.61 41.58 41.56 41.6 41.74 41.81 41.82 41.84 41.89 41.88 41.9 41.95 41.98 42.01 42.03 42.02 42.03 42.05
39.87 39.86 39.84 39.82 39.8 39.78 39.79 39.81 39.81 39.79 39.77 39.74 39.71 39.68 39.65 39.62 39.73 39.86 40.02 40.17 40.25 40.26 40.17 40.07 40.02 40 39.97 39.72 39.6 39.7 39.94 40.36 40.8 41.13 41.49 41.54 41.51 41.53 41.55 41.6 41.58 41.59 41.65 41.76 41.78 41.78 41.8 41.83 41.83 41.88 41.93 41.96 42 42.02 42 42.01 42.05
39.85 39.86 39.84 39.82 39.8 39.8 39.81 39.82 39.83 39.81 39.79 39.76 39.73 39.69 39.65 39.63 39.69 39.76 39.9 40.08 40.22 40.22 40.12 40.04 39.99 39.98 39.91 39.68 39.65 39.81 40.08 40.55 41 41.24 41.45 41.49 41.5 41.52 41.54 41.57 41.58 41.6 41.65 41.72 41.74 41.74 41.77 41.8 41.79 41.85 41.91 41.92 41.95 41.97 41.96 41.99 42.04
39.86 39.87 39.85 39.83 39.81 39.81 39.83 39.84 39.85 39.84 39.82 39.8 39.74 39.69 39.61 39.64 39.71 39.77 39.88 40.04 40.16 40.12 40.01 39.98 39.95 39.92 39.79 39.65 39.7 39.87 40.23 40.81 41.25 41.36 41.4 41.41 41.44 41.5 41.55 41.57 41.59 41.62 41.65 41.69 41.72 41.74 41.78 41.81 41.78 41.84 41.91 41.9 41.9 41.92 41.96 42 42.04
39.9 39.91 39.88 39.84 39.82 39.83 39.84 39.86 39.87 39.87 39.85 39.81 39.74 39.67 39.59 39.66 39.73 39.79 39.89 40.01 40.1 40 39.85 39.89 39.92 39.89 39.78 39.71 39.82 40.12 40.6 41.16 41.44 41.44 41.41 41.42 41.46 41.52 41.57 41.56 41.58 41.63 41.65 41.69 41.7 41.75 41.84 41.84 41.77 41.86 41.93 41.93 41.89 41.89 41.96 42.02 42.05
39.91 39.95 39.92 39.87 39.85 39.85 39.86 39.87 39.89 39.89 39.86 39.77 39.68 39.62 39.6 39.69 39.76 39.82 39.92 40.03 40.07 39.94 39.8 39.86 39.88 39.85 39.8 39.9 40.06 40.42 40.93 41.34 41.46 41.42 41.41 41.44 41.5 41.54 41.57 41.56 41.58 41.64 41.65 41.65 41.66 41.77 41.84 41.84 41.82 41.87 41.88 41.89 41.86 41.87 41.95 42.01 42.05
39.93 39.96 39.95 39.9 39.89 39.89 39.89 39.9 39.9 39.91 39.83 39.72 39.64 39.58 39.61 39.71 39.78 39.84 39.94 40.05 40.05 39.93 39.88 39.91 39.89 39.86 39.84 40.06 40.27 40.69 41.11 41.33 41.38 41.37 41.38 41.42 41.5 41.53 41.54 41.56 41.58 41.64 41.64 41.61 41.62 41.75 41.84 41.87 41.85 41.82 41.82 41.82 41.85 41.93 41.98 41.99 41.97
39.96 40.02 39.99 39.94 39.93 39.94 39.94 39.94 39.93 39.91 39.79 39.66 39.58 39.57 39.64 39.75 39.82 39.89 39.99 40.07 40.06 39.99 39.97 39.95 39.91 39.87 39.91 40.17 40.43 40.95 41.23 41.29 41.33 41.36 41.38 41.42 41.48 41.51 41.5 41.53 41.58 41.62 41.66 41.66 41.67 41.72 41.8 41.82 41.84 41.85 41.85 41.86 41.85 41.9 41.94 41.98 41.96
39.89 39.98 40.03 39.98 39.96 39.95 39.95 39.95 39.96 39.92 39.77 39.62 39.57 39.61 39.71 39.83 39.89 39.96 40.03 40.08 40.07 40.06 40.03 39.94 39.88 39.86 39.99 40.31 40.63 41.18 41.31 41.32 41.34 41.36 41.39 41.43 41.49 41.57 41.56 41.57 41.65 41.65 41.67 41.69 41.71 41.75 41.77 41.78 41.84 41.88 41.86 41.89 41.91 41.93 41.95 41.98 41.95
39.91 39.98 40.03 40.01 39.98 39.97 39.97 39.99 40 39.92 39.75 39.65 39.63 39.68 39.8 39.91 39.98 40.02 40.03 40.04 40.06 40.07 40.03 39.92 39.82 39.81 40.06 40.46 40.79 41.29 41.33 41.31 41.36 41.37 41.39 41.43 41.49 41.52 41.54 41.56 41.62 41.63 41.66 41.66 41.7 41.75 41.73 41.75 41.76 41.82 41.86 41.86 41.88 41.93 41.95 41.94 41.93
