slabs/91.grd
DSAA
631 301
647670 648300
4946000 4946300
38.71 42.81
[rows 275 to 299 of 301, columns 171 to 227 of 631]
42.2 42.25 42.29 42.32 42.37 42.41 42.43 42.42 42.42 42.48 42.45 42.45 42.46 42.43 42.4 42.41 42.41 42.37 42.32 42.32 42.31 42.31 42.29 42.28 42.28 42.3 42.23 42.21 42.22 42.22 42.19 42.17 42.12 42.15 42.18 41.91 41.33 40.62 40.13 39.75 39.3 38.99 38.85 38.85 39.02 39.25 39.29 39.27 39.3 39.34 39.33 39.28 39.22 39.19 39.18 39.18 39.25
42.2 42.22 42.24 42.27 42.31 42.38 42.41 42.43 42.4 42.41 42.42 42.43 42.39 42.37 42.38 42.38 42.36 42.3 42.25 42.26 42.28 42.32 42.31 42.27 42.25 42.25 42.21 42.18 42.17 42.18 42.15 42.12 42.08 42.14 42.09 41.76 41.09 40.34 39.88 39.56 39.2 38.9 38.84 38.93 39.14 39.26 39.28 39.26 39.3 39.33 39.33 39.28 39.24 39.23 39.22 39.22 39.2
42.23 42.26 42.27 42.3 42.31 42.34 42.37 42.41 42.38 42.34 42.37 42.38 42.35 42.34 42.36 42.38 42.38 42.32 42.25 42.24 42.29 42.37 42.32 42.27 42.23 42.18 42.17 42.18 42.14 42.13 42.14 42.11 42.02 42.1 42 41.62 40.89 40.12 39.71 39.45 39.1 38.81 38.88 39.05 39.2 39.29 39.28 39.26 39.29 39.32 39.34 39.29 39.24 39.25 39.26 39.15 39.09
42.22 42.22 42.26 42.29 42.32 42.34 42.37 42.4 42.36 42.3 42.32 42.35 42.34 42.3 42.36 42.37 42.36 42.32 42.26 42.25 42.28 42.34 42.28 42.24 42.21 42.19 42.16 42.15 42.16 42.12 42.14 42.09 42.03 42.05 41.85 41.4 40.66 39.92 39.61 39.36 38.99 38.79 38.93 39.13 39.28 39.31 39.29 39.27 39.31 39.31 39.31 39.27 39.2 39.14 39.18 39.13 39.11
42.18 42.2 42.26 42.27 42.3 42.33 42.37 42.41 42.37 42.29 42.31 42.33 42.32 42.25 42.3 42.31 42.28 42.28 42.26 42.28 42.31 42.3 42.26 42.22 42.19 42.16 42.14 42.15 42.2 42.14 42.15 42.08 42.06 42.02 41.71 41.21 40.49 39.76 39.48 39.24 38.87 38.78 38.95 39.18 39.28 39.3 39.3 39.3 39.3 39.28 39.23 39.19 39.15 39.08 39.11 39.19 39.19
42.15 42.2 42.27 42.25 42.27 42.3 42.35 42.4 42.35 42.3 42.32 42.32 42.28 42.21 42.2 42.22 42.23 42.25 42.24 42.25 42.29 42.27 42.21 42.18 42.16 42.16 42.13 42.13 42.12 42.06 42.05 42.04 42.05 41.91 41.53 40.99 40.27 39.66 39.41 39.15 38.83 38.91 39.09 39.22 39.29 39.28 39.26 39.24 39.22 39.15 39.05 39.06 39.13 39.14 39.15 39.24 39.25
42.13 42.18 42.24 42.23 42.24 42.26 42.28 42.34 42.29 42.26 42.32 42.31 42.28 42.25 42.24 42.22 42.24 42.27 42.26 42.23 42.21 42.2 42.17 42.16 42.15 42.15 42.12 42.06 42.03 42.03 42.02 42.01 41.98 41.72 41.35 40.69 39.96 39.53 39.32 39.04 38.85 39 39.17 39.26 39.29 39.27 39.24 39.18 39.1 39.01 38.96 39.05 39.16 39.21 39.24 39.27 39.32
42.14 42.17 42.21 42.23 42.24 42.23 42.22 42.24 42.26 42.28 42.29 42.31 42.27 42.26 42.24 42.21 42.2 42.25 42.28 42.25 42.22 42.2 42.17 42.16 42.12 42.11 42.1 42.07 42.05 41.99 41.99 41.95 41.81 41.42 41.05 40.39 39.74 39.46 39.24 38.97 38.92 39.06 39.18 39.28 39.27 39.26 39.23 39.19 39.1 39.06 39.11 39.24 39.25 39.26 39.3 39.34 39.4
42.13 42.19 42.2 42.22 42.23 42.22 42.22 42.23 42.23 42.24 42.25 42.25 42.23 42.19 42.2 42.21 42.2 42.21 42.25 42.24 42.25 42.18 42.1 42.12 42.08 42.06 42.07 42.04 42.04 41.99 41.99 41.91 41.65 41.17 40.77 40.16 39.63 39.42 39.23 38.95 38.98 39.13 39.21 39.29 39.28 39.24 39.21 39.2 39.22 39.24 39.28 39.32 39.3 39.29 39.36 39.4 39.44
42.14 42.21 42.2 42.2 42.22 42.23 42.23 42.23 42.22 42.16 42.19 42.23 42.21 42.17 42.18 42.19 42.16 42.16 42.2 42.18 42.2 42.15 42.1 42.1 42.07 42.06 42.08 42.03 42.02 41.99 41.99 41.88 41.52 41 40.57 39.96 39.52 39.33 39.18 38.89 39.01 39.15 39.19 39.28 39.26 39.22 39.24 39.27 39.26 39.25 39.28 39.36 39.37 39.37 39.44 39.44 39.44
42.12 42.22 42.23 42.23 42.21 42.19 42.17 42.21 42.25 42.18 42.16 42.19 42.2 42.16 42.14 42.11 42.1 42.12 42.15 42.11 42.11 42.11 42.1 42.08 42.07 42.05 42.06 42.01 41.96 41.97 41.95 41.81 41.35 40.83 40.4 39.78 39.4 39.19 39.04 38.87 39.04 39.16 39.16 39.14 39.23 39.26 39.28 39.29 39.31 39.31 39.31 39.37 39.44 39.44 39.46 39.48 39.47
42.05 42.14 42.18 42.21 42.22 42.16 42.13 42.15 42.19 42.17 42.17 42.13 42.12 42.12 42.13 42.08 42.08 42.08 42.09 42.06 42.07 42.07 42.08 42.05 42.05 42.02 42.01 41.96 41.92 41.96 41.91 41.72 41.15 40.64 40.2 39.6 39.26 39.05 38.93 38.89 39.08 39.19 39.18 39.17 39.27 39.26 39.3 39.33 39.34 39.35 39.37 39.42 39.46 39.47 39.48 39.51 39.52
42.14 42.16 42.17 42.21 42.19 42.09 42.09 42.11 42.13 42.13 42.13 42.1 42.07 42.1 42.13 42.09 42.06 42.06 42.07 42.04 42.05 42.03 42.05 42.02 42.01 42.02 42 41.95 41.93 41.96 41.89 41.63 40.95 40.42 40.03 39.5 39.14 38.95 38.88 38.98 39.13 39.19 39.16 39.18 39.22 39.26 39.34 39.37 39.36 39.36 39.39 39.46 39.48 39.49 39.51 39.5 39.52
42.12 42.13 42.16 42.19 42.19 42.06 42.07 42.09 42.1 42.12 42.11 42.11 42.05 42.08 42.11 42.06 42.03 42.05 42.07 42.01 42.02 42.02 42.02 42.01 42 42.02 42 41.95 41.92 41.9 41.8 41.49 40.76 40.24 39.86 39.4 39.12 38.96 38.87 38.99 39.1 39.14 39.11 39.19 39.28 39.33 39.42 39.43 39.41 39.41 39.41 39.47 39.47 39.48 39.49 39.5 39.51
42.09 42.15 42.17 42.14 42.14 42.07 42.07 42.09 42.07 42.1 42.11 42.12 42.04 42.05 42.08 42.03 42.01 42.01 42.02 42.01 42.01 42.01 42.02 42.02 41.99 41.99 41.98 41.86 41.9 41.92 41.78 41.33 40.56 40.07 39.68 39.33 39.13 38.95 38.9 39.03 39.14 39.13 39.07 39.17 39.24 39.38 39.48 39.47 39.43 39.4 39.44 39.5 39.49 39.48 39.49 39.52 39.55
42.1 42.15 42.14 42.1 42.06 42.05 42.04 42.07 42.04 42.04 42.06 42.05 42.02 42.02 42.03 42.02 42.05 42.02 42.03 42.03 42.02 42.03 42.02 42.02 41.98 41.91 41.87 41.82 41.87 41.89 41.76 41.24 40.45 39.98 39.57 39.28 39.08 38.96 38.94 39.07 39.16 39.13 39.09 39.12 39.22 39.39 39.5 39.48 39.45 39.43 39.48 39.52 39.51 39.51 39.52 39.55 39.58
42.09 42.1 42.08 42.05 42.03 42.03 42.02 42.05 42.05 42.01 42 41.98 41.96 41.93 41.96 42.02 42.06 42.07 42.04 42 41.97 41.98 41.96 41.95 41.98 41.95 41.93 41.88 41.89 41.86 41.73 41.15 40.48 40.05 39.51 39.19 38.98 38.93 38.96 39.09 39.14 39.11 39.07 39.1 39.25 39.41 39.51 39.48 39.47 39.46 39.5 39.53 39.52 39.54 39.55 39.56 39.58
42.07 42.06 42.06 42.03 42.04 42.05 42.05 42.05 42.03 41.99 41.96 41.96 41.97 41.94 41.96 41.98 42 42 42.01 42 41.98 41.98 41.99 42 41.99 41.96 41.92 41.85 41.85 41.78 41.41 40.73 40.18 39.88 39.44 39.14 38.95 38.9 38.97 39.08 39.12 39.11 39.06 39.15 39.3 39.43 39.5 39.48 39.47 39.45 39.48 39.51 39.52 39.54 39.55 39.55 39.56
42.05 42.02 42.04 42.06 42.07 42.08 42.01 41.96 41.97 42.01 41.96 41.9 41.93 41.9 41.92 41.97 41.98 41.94 41.96 41.97 41.98 41.98 41.96 41.95 41.97 41.95 41.9 41.86 41.85 41.7 41.19 40.43 39.93 39.69 39.37 39.1 38.94 38.91 38.97 39.07 39.11 39.13 39.12 39.22 39.34 39.45 39.5 39.47 39.44 39.46 39.5 39.51 39.5 39.52 39.55 39.56 39.59
42.03 41.94 42 42.06 42.04 42.03 42.01 41.96 41.94 42.01 41.99 41.95 41.92 41.91 41.93 41.96 41.95 41.94 41.94 41.93 41.94 41.94 41.92 41.93 41.94 41.94 41.86 41.84 41.8 41.64 41.1 40.32 39.89 39.64 39.36 39.09 38.96 38.93 39 39.08 39.12 39.13 39.17 39.3 39.41 39.48 39.5 39.47 39.44 39.49 39.55 39.56 39.55 39.58 39.6 39.61 39.62
42.02 42.03 42 41.97 41.99 42 42.01 41.99 41.98 42 41.98 41.97 41.92 41.91 41.93 41.93 41.91 41.91 41.91 41.89 41.9 41.91 41.93 41.92 41.91 41.89 41.84 41.81 41.72 41.56 40.97 40.18 39.83 39.6 39.38 39.13 38.97 38.96 39.04 39.12 39.16 39.19 39.19 39.32 39.43 39.47 39.46 39.44 39.44 39.49 39.53 39.54 39.55 39.58 39.61 39.62 39.63
41.98 41.97 41.94 41.94 41.96 42 42.01 42 41.99 41.96 41.91 41.9 41.88 41.89 41.9 41.89 41.86 41.88 41.88 41.88 41.89 41.91 41.94 41.9 41.87 41.83 41.82 41.78 41.66 41.46 40.77 40.01 39.7 39.51 39.34 39.12 38.96 38.99 39.09 39.14 39.14 39.16 39.24 39.33 39.41 39.46 39.5 39.49 39.49 39.53 39.54 39.52 39.54 39.61 39.63 39.61 39.61
41.95 41.98 41.94 41.9 41.91 41.93 41.94 41.95 41.95 41.91 41.86 41.83 41.84 41.84 41.85 41.86 41.85 41.87 41.87 41.88 41.9 41.92 41.94 41.89 41.85 41.8 41.75 41.73 41.61 41.37 40.59 39.93 39.66 39.46 39.3 39.09 38.96 39.05 39.13 39.18 39.18 39.16 39.22 39.33 39.4 39.45 39.49 39.48 39.49 39.54 39.53 39.5 39.53 39.6 39.63 39.59 39.6
41.94 41.95 41.91 41.9 41.89 41.88 41.87 41.88 41.88 41.85 41.83 41.81 41.81 41.82 41.8 41.82 41.85 41.87 41.88 41.88 41.9 41.93 41.93 41.92 41.89 41.82 41.75 41.71 41.6 41.3 40.46 39.8 39.52 39.38 39.2 39.05 39.02 39.11 39.2 39.2 39.2 39.22 39.27 39.38 39.44 39.47 39.47 39.47 39.5 39.56 39.58 39.56 39.57 39.57 39.6 39.59 39.59
41.88 41.89 41.88 41.88 41.88 41.86 41.83 41.84 41.84 41.84 41.82 41.84 41.83 41.84 41.81 41.79 41.82 41.85 41.87 41.9 41.92 41.94 41.86 41.83 41.81 41.77 41.78 41.71 41.64 41.24 40.38 39.75 39.51 39.35 39.09 38.99 39.03 39.13 39.21 39.22 39.19 39.21 39.3 39.46 39.48 39.47 39.47 39.48 39.51 39.54 39.56 39.57 39.58 39.56 39.58 39.59 39.59
