slabs/92.grd
DSAA
631 301
647670 648300
4946300 4946600
37.5 46.72
[rows 0 to 33 of 301, columns 390 to 467 of 631]
38.9 38.96 38.98 39.07 1.70141e38 1.70141e38 1.70141e38 1.70141e38 1.70141e38 1.70141e38 1.70141e38 1.70141e38 1.70141e38 1.70141e38 1.70141e38 1.70141e38 1.70141e38 1.70141e38 1.70141e38 1.70141e38 1.70141e38 1.70141e38 1.70141e38 1.70141e38 1.70141e38 1.70141e38 1.70141e38 1.70141e38 1.70141e38 1.70141e38 1.70141e38 1.70141e38 1.70141e38 1.70141e38 1.70141e38 1.70141e38 1.70141e38 1.70141e38 1.70141e38 1.70141e38 1.70141e38 1.70141e38 1.70141e38 1.70141e38 1.70141e38 1.70141e38 1.70141e38 1.70141e38 1.70141e38 1.70141e38 1.70141e38 1.70141e38 1.70141e38 1.70141e38 1.70141e38 1.70141e38 1.70141e38 1.70141e38 1.70141e38 1.70141e38 1.70141e38 1.70141e38 1.70141e38 1.70141e38 1.70141e38 1.70141e38 1.70141e38 1.70141e38 1.70141e38 1.70141e38 1.70141e38 1.70141e38 1.70141e38 1.70141e38 1.70141e38 1.70141e38 1.70141e38 1.70141e38
39.06 39.08 39.12 39.16 39.17 39.18 39.21 39.18 39.21 39.25 39.29 39.31 39.31 39.31 39.34 1.70141e38 1.70141e38 1.70141e38 1.70141e38 1.70141e38 1.70141e38 1.70141e38 1.70141e38 1.70141e38 1.70141e38 1.70141e38 1.70141e38 1.70141e38 1.70141e38 1.70141e38 1.70141e38 1.70141e38 1.70141e38 1.70141e38 1.70141e38 1.70141e38 1.70141e38 1.70141e38 1.70141e38 1.70141e38 1.70141e38 1.70141e38 1.70141e38 1.70141e38 1.70141e38 1.70141e38 1.70141e38 1.70141e38 1.70141e38 1.70141e38 1.70141e38 1.70141e38 1.70141e38 1.70141e38 1.70141e38 1.70141e38 1.70141e38 1.70141e38 1.70141e38 1.70141e38 1.70141e38 1.70141e38 1.70141e38 1.70141e38 1.70141e38 1.70141e38 1.70141e38 1.70141e38 1.70141e38 1.70141e38 1.70141e38 1.70141e38 1.70141e38 1.70141e38 1.70141e38 1.70141e38 1.70141e38 1.70141e38
39.12 39.14 39.12 39.15 39.14 39.16 39.22 39.22 39.24 39.27 39.29 39.32 39.32 39.32 39.34 1.70141e38 1.70141e38 1.70141e38 1.70141e38 1.70141e38 1.70141e38 1.70141e38 1.70141e38 1.70141e38 1.70141e38 1.70141e38 1.70141e38 1.70141e38 1.70141e38 1.70141e38 1.70141e38 1.70141e38 1.70141e38 1.70141e38 1.70141e38 1.70141e38 1.70141e38 1.70141e38 1.70141e38 1.70141e38 1.70141e38 1.70141e38 1.70141e38 1.70141e38 1.70141e38 1.70141e38 1.70141e38 1.70141e38 1.70141e38 1.70141e38 1.70141e38 1.70141e38 1.70141e38 1.70141e38 1.70141e38 1.70141e38 1.70141e38 1.70141e38 1.70141e38 1.70141e38 1.70141e38 1.70141e38 1.70141e38 1.70141e38 1.70141e38 1.70141e38 1.70141e38 1.70141e38 1.70141e38 1.70141e38 1.70141e38 1.70141e38 1.70141e38 1.70141e38 1.70141e38 1.70141e38 1.70141e38 1.70141e38
39.14 39.15 39.14 39.16 39.15 39.19 39.23 39.27 39.31 39.31 39.29 39.31 39.31 39.33 39.35 39.38 39.38 39.39 39.37 39.38 39.4 1.70141e38 1.70141e38 1.70141e38 1.70141e38 1.70141e38 1.70141e38 1.70141e38 1.70141e38 1.70141e38 1.70141e38 1.70141e38 1.70141e38 1.70141e38 1.70141e38 1.70141e38 1.70141e38 1.70141e38 1.70141e38 1.70141e38 1.70141e38 1.70141e38 1.70141e38 1.70141e38 1.70141e38 1.70141e38 1.70141e38 1.70141e38 1.70141e38 1.70141e38 1.70141e38 1.70141e38 1.70141e38 1.70141e38 1.70141e38 1.70141e38 1.70141e38 1.70141e38 1.70141e38 1.70141e38 1.70141e38 1.70141e38 1.70141e38 1.70141e38 1.70141e38 1.70141e38 1.70141e38 1.70141e38 1.70141e38 1.70141e38 1.70141e38 1.70141e38 1.70141e38 1.70141e38 1.70141e38 1.70141e38 1.70141e38 1.70141e38
39.16 39.17 39.19 39.21 39.2 39.23 39.27 39.3 39.32 39.32 39.3 39.3 39.3 39.32 39.36 39.38 39.37 39.4 39.39 39.39 39.42 39.43 39.43 39.44 39.44 39.44 1.70141e38 1.70141e38 1.70141e38 1.70141e38 1.70141e38 1.70141e38 1.70141e38 1.70141e38 1.70141e38 1.70141e38 1.70141e38 1.70141e38 1.70141e38 1.70141e38 1.70141e38 1.70141e38 1.70141e38 1.70141e38 1.70141e38 1.70141e38 1.70141e38 1.70141e38 1.70141e38 1.70141e38 1.70141e38 1.70141e38 1.70141e38 1.70141e38 1.70141e38 1.70141e38 1.70141e38 1.70141e38 1.70141e38 1.70141e38 1.70141e38 1.70141e38 1.70141e38 1.70141e38 1.70141e38 1.70141e38 1.70141e38 1.70141e38 1.70141e38 1.70141e38 1.70141e38 1.70141e38 1.70141e38 1.70141e38 1.70141e38 1.70141e38 1.70141e38 1.70141e38
39.2 39.2 39.23 39.26 39.25 39.29 39.31 39.3 39.3 39.31 39.31 39.31 39.32 39.32 39.37 39.39 39.4 39.41 39.4 39.42 39.42 39.42 39.43 39.42 39.4 39.39 39.37 39.4 39.42 39.39 39.35 39.35 1.70141e38 1.70141e38 1.70141e38 1.70141e38 1.70141e38 1.70141e38 1.70141e38 1.70141e38 1.70141e38 1.70141e38 1.70141e38 1.70141e38 1.70141e38 1.70141e38 1.70141e38 1.70141e38 1.70141e38 1.70141e38 1.70141e38 1.70141e38 1.70141e38 1.70141e38 1.70141e38 1.70141e38 1.70141e38 1.70141e38 1.70141e38 1.70141e38 1.70141e38 1.70141e38 1.70141e38 1.70141e38 1.70141e38 1.70141e38 1.70141e38 1.70141e38 1.70141e38 1.70141e38 1.70141e38 1.70141e38 1.70141e38 1.70141e38 1.70141e38 1.70141e38 1.70141e38 1.70141e38
39.23 39.24 39.27 39.28 39.31 39.33 39.34 39.32 39.32 39.34 39.36 39.37 39.36 39.39 39.39 39.4 39.4 39.42 39.41 39.41 39.43 39.44 39.45 39.44 39.42 39.41 39.39 39.4 39.36 39.34 39.34 39.35 39.37 39.41 39.39 39.25 39.05 38.94 38.88 38.85 38.88 39.08 39.14 1.70141e38 1.70141e38 1.70141e38 1.70141e38 1.70141e38 1.70141e38 1.70141e38 1.70141e38 1.70141e38 1.70141e38 1.70141e38 1.70141e38 1.70141e38 1.70141e38 1.70141e38 1.70141e38 1.70141e38 1.70141e38 1.70141e38 1.70141e38 1.70141e38 1.70141e38 1.70141e38 1.70141e38 1.70141e38 1.70141e38 1.70141e38 1.70141e38 1.70141e38 1.70141e38 1.70141e38 1.70141e38 1.70141e38 1.70141e38 1.70141e38
39.24 39.27 39.29 39.27 39.3 39.32 39.33 39.33 39.32 39.33 39.37 39.37 39.39 39.41 39.44 39.46 39.47 39.46 39.44 39.46 39.43 39.4 39.42 39.41 39.41 39.39 39.36 39.34 39.31 39.37 39.33 39.28 39.32 39.26 39.14 39.01 38.94 38.99 39 38.96 39.08 39.21 39.27 1.70141e38 1.70141e38 1.70141e38 1.70141e38 1.70141e38 1.70141e38 1.70141e38 1.70141e38 1.70141e38 1.70141e38 1.70141e38 1.70141e38 1.70141e38 1.70141e38 1.70141e38 1.70141e38 1.70141e38 1.70141e38 1.70141e38 1.70141e38 1.70141e38 1.70141e38 1.70141e38 1.70141e38 1.70141e38 1.70141e38 1.70141e38 1.70141e38 1.70141e38 1.70141e38 1.70141e38 1.70141e38 1.70141e38 1.70141e38 1.70141e38
39.28 39.27 39.26 39.28 39.3 39.33 39.33 39.36 39.36 39.37 39.4 39.39 39.42 39.45 39.45 39.46 39.46 39.46 39.43 39.43 39.41 39.38 39.37 39.35 39.32 39.24 39.22 39.23 39.26 39.31 39.24 39.15 39.11 38.96 38.89 38.91 39.04 39.16 39.19 39.19 39.32 39.45 39.52 39.62 39.74 39.8 39.83 39.87 1.70141e38 1.70141e38 1.70141e38 1.70141e38 1.70141e38 1.70141e38 1.70141e38 1.70141e38 1.70141e38 1.70141e38 1.70141e38 1.70141e38 1.70141e38 1.70141e38 1.70141e38 1.70141e38 1.70141e38 1.70141e38 1.70141e38 1.70141e38 1.70141e38 1.70141e38 1.70141e38 1.70141e38 1.70141e38 1.70141e38 1.70141e38 1.70141e38 1.70141e38 1.70141e38
39.3 39.3 39.29 39.3 39.31 39.35 39.38 39.37 39.4 39.38 39.41 39.43 39.44 39.45 39.46 39.45 39.45 39.44 39.42 39.42 39.37 39.33 39.33 39.33 39.18 39.09 39.06 39.08 39.15 39.14 39.03 38.98 38.94 38.91 38.98 39.08 39.28 39.36 39.35 39.4 39.56 39.7 39.8 39.88 40.07 40.2 40.25 40.31 40.41 40.5 40.56 40.67 40.74 40.76 1.70141e38 1.70141e38 1.70141e38 1.70141e38 1.70141e38 1.70141e38 1.70141e38 1.70141e38 1.70141e38 1.70141e38 1.70141e38 1.70141e38 1.70141e38 1.70141e38 1.70141e38 1.70141e38 1.70141e38 1.70141e38 1.70141e38 1.70141e38 1.70141e38 1.70141e38 1.70141e38 1.70141e38
39.29 39.29 39.3 39.33 39.35 39.38 39.37 39.37 39.4 39.43 39.46 39.47 39.43 39.41 39.42 39.39 39.39 39.35 39.35 39.35 39.33 39.37 39.37 39.34 39.07 38.97 38.93 38.92 38.94 38.92 38.89 38.94 39.04 39.22 39.31 39.34 39.41 39.48 39.54 39.64 39.87 40.04 40.17 40.28 40.46 40.59 40.63 40.67 40.73 40.77 40.83 40.91 40.93 40.85 40.83 40.78 40.78 40.8 40.79 40.77 40.76 40.74 40.73 40.71 40.69 1.70141e38 1.70141e38 1.70141e38 1.70141e38 1.70141e38 1.70141e38 1.70141e38 1.70141e38 1.70141e38 1.70141e38 1.70141e38 1.70141e38 1.70141e38
39.31 39.36 39.34 39.37 39.38 39.39 39.38 39.4 39.42 39.44 39.45 39.43 39.39 39.37 39.36 39.35 39.32 39.28 39.27 39.26 39.27 39.41 39.38 39.32 38.98 38.88 38.82 38.82 38.81 38.87 39.02 39.12 39.26 39.38 39.41 39.45 39.61 39.77 39.94 40.07 40.25 40.45 40.56 40.72 40.83 40.82 40.81 40.84 40.9 40.93 40.92 40.9 40.85 40.81 40.79 40.76 40.78 40.81 40.81 40.78 40.76 40.73 40.72 40.75 40.73 40.74 40.75 1.70141e38 1.70141e38 1.70141e38 1.70141e38 1.70141e38 1.70141e38 1.70141e38 1.70141e38 1.70141e38 1.70141e38 1.70141e38
39.34 39.4 39.37 39.39 39.4 39.43 39.42 39.42 39.42 39.39 39.4 39.39 39.35 39.32 39.32 39.33 39.29 39.22 39.19 39.17 39.15 39.27 39.24 39.19 38.92 38.86 38.84 38.88 39 39.13 39.24 39.3 39.35 39.46 39.57 39.7 39.95 40.19 40.39 40.53 40.69 40.81 40.91 40.99 41.07 41.02 40.92 40.87 40.91 40.92 40.89 40.84 40.82 40.79 40.8 40.81 40.81 40.81 40.78 40.75 40.76 40.75 40.74 40.77 40.76 40.75 40.77 40.78 40.79 40.78 1.70141e38 1.70141e38 1.70141e38 1.70141e38 1.70141e38 1.70141e38 1.70141e38 1.70141e38
39.39 39.4 39.39 39.42 39.42 39.43 39.41 39.38 39.38 39.37 39.34 39.33 39.31 39.28 39.3 39.3 39.26 39.16 39.1 39.06 38.98 39.02 39 38.98 38.96 39.01 39.15 39.2 39.23 39.33 39.35 39.41 39.56 39.78 39.96 40.14 40.37 40.59 40.73 40.86 40.98 41.06 41.12 41.15 41.13 41.06 40.97 40.88 40.88 40.88 40.87 40.85 40.83 40.79 40.81 40.83 40.82 40.81 40.79 40.77 40.79 40.79 40.78 40.81 40.8 40.78 40.77 40.79 40.79 40.8 40.79 40.8 40.81 40.83 40.85 40.82 1.70141e38 1.70141e38
39.4 39.42 39.41 39.42 39.39 39.38 39.36 39.34 39.35 39.35 39.3 39.25 39.24 39.25 39.27 39.25 39.2 39.1 39.03 38.96 38.88 38.87 38.86 38.98 39.11 39.25 39.36 39.38 39.43 39.56 39.63 39.75 39.95 40.21 40.38 40.59 40.8 40.93 41.02 41.14 41.19 41.18 41.19 41.13 41.02 41 40.97 40.89 40.89 40.9 40.88 40.88 40.83 40.78 40.79 40.82 40.83 40.82 40.81 40.82 40.83 40.81 40.78 40.85 40.85 40.82 40.79 40.8 40.8 40.81 40.82 40.84 40.85 40.86 40.85 40.83 40.83 40.85
39.38 39.4 39.39 39.38 39.34 39.34 39.31 39.32 39.31 39.26 39.21 39.18 39.14 39.13 39.18 39.16 39.1 39.02 38.96 38.88 38.88 38.98 39.1 39.24 39.32 39.41 39.48 39.56 39.71 39.84 39.94 40.09 40.36 40.59 40.76 40.99 41.15 41.2 41.23 41.21 41.14 41.09 41.08 41.03 40.97 40.98 40.97 40.9 40.91 40.9 40.89 40.88 40.84 40.8 40.81 40.83 40.84 40.84 40.84 40.85 40.83 40.82 40.77 40.83 40.88 40.86 40.8 40.8 40.8 40.81 40.81 40.83 40.85 40.87 40.85 40.83 40.81 40.84
39.36 39.35 39.34 39.33 39.31 39.32 39.28 39.25 39.23 39.17 39.11 39.07 39.02 39.01 39.04 39.05 38.91 38.88 38.91 39.02 39.12 39.15 39.22 39.33 39.45 39.64 39.78 39.89 40.11 40.22 40.38 40.61 40.8 40.99 41.16 41.31 41.33 41.29 41.24 41.16 41.08 41.04 41 40.98 41.01 40.99 40.98 40.93 40.9 40.87 40.87 40.9 40.87 40.85 40.87 40.84 40.86 40.87 40.87 40.87 40.85 40.82 40.83 40.81 40.81 40.83 40.77 40.76 40.81 40.83 40.84 40.79 40.8 40.86 40.84 40.84 40.82 40.83
39.34 39.3 39.3 39.3 39.31 39.3 39.3 39.27 39.16 39.07 39.02 38.96 38.9 38.88 38.87 38.88 38.93 39.09 39.12 39.14 39.18 39.32 39.44 39.55 39.71 39.98 40.18 40.36 40.6 40.78 41.04 41.21 41.26 41.33 41.37 41.35 41.3 41.2 41.15 41.11 41.08 41.06 41.01 40.99 41.02 41.01 40.98 40.95 40.9 40.87 40.85 40.9 40.88 40.89 40.9 40.86 40.89 40.89 40.87 40.86 40.85 40.83 40.85 40.82 40.81 40.83 40.84 40.81 40.81 40.79 40.78 40.78 40.78 40.82 40.83 40.79 40.78 40.81
39.27 39.27 39.27 39.27 39.26 39.27 39.26 39.21 39.1 38.98 38.93 38.87 38.8 38.84 38.92 39.04 39.17 39.25 39.24 39.27 39.39 39.59 39.72 39.85 40.13 40.66 40.85 41.03 41.19 41.29 41.43 41.48 41.45 41.42 41.38 41.27 41.21 41.13 41.12 41.11 41.08 41.07 41.05 41.02 41.04 41.03 40.97 40.98 40.93 40.9 40.86 40.86 40.84 40.85 40.87 40.89 40.91 40.9 40.89 40.88 40.87 40.86 40.84 40.8 40.81 40.82 40.81 40.78 40.78 40.81 40.8 40.78 40.77 40.78 40.72 40.71 40.76 40.83
39.25 39.28 39.27 39.27 39.3 39.27 39.24 39.12 39.01 38.91 38.85 38.85 38.95 39.09 39.12 39.16 39.26 39.31 39.36 39.49 39.95 40.22 40.38 40.56 40.83 41.16 41.27 41.38 41.46 41.5 41.51 41.45 41.38 41.34 41.31 41.24 41.2 41.17 41.18 41.16 41.09 41.06 41.07 41.06 41.06 41.04 41.02 41.02 41.01 40.97 40.92 40.87 40.86 40.86 40.88 40.91 40.9 40.91 40.93 40.88 40.85 40.84 40.86 40.84 40.84 40.82 40.79 40.77 40.79 40.82 40.79 40.76 40.78 40.81 40.7 40.7 40.78 40.86
39.29 39.31 39.31 39.28 39.32 39.23 39.16 38.99 38.87 38.83 38.9 38.97 39.1 39.25 39.25 39.43 39.62 39.82 39.97 40.14 40.54 40.81 40.96 41.16 41.33 41.4 41.4 41.42 41.44 41.48 41.49 41.35 41.29 41.28 41.26 41.25 41.23 41.19 41.18 41.18 41.14 41.12 41.09 41.09 41.08 41.06 41.03 40.96 40.98 40.93 40.91 40.94 40.92 40.92 40.86 40.9 40.91 40.93 40.9 40.85 40.83 40.83 40.86 40.84 40.82 40.8 40.78 40.79 40.78 40.81 40.79 40.77 40.81 40.85 40.77 40.75 40.82 40.88
39.29 39.35 39.35 39.31 39.24 39.07 38.99 38.89 38.89 39.01 39.15 39.26 39.4 39.56 39.63 39.83 40.08 40.33 40.54 40.8 41.02 41.22 41.3 41.4 41.49 41.51 41.48 41.42 41.39 41.4 41.41 41.29 41.3 41.3 41.26 41.24 41.23 41.2 41.22 41.21 41.17 41.15 41.08 41.12 41.1 41.07 41.05 41.02 40.99 40.96 40.92 40.94 40.93 40.94 40.92 40.92 40.93 40.95 40.92 40.9 40.92 40.87 40.83 40.82 40.81 40.81 40.81 40.82 40.8 40.81 40.8 40.81 40.84 40.87 40.84 40.82 40.87 40.93
39.24 39.35 39.28 39.18 39.01 38.97 39.05 39.05 39.09 39.24 39.4 39.57 39.75 39.93 40.05 40.27 40.54 40.74 40.93 41.2 41.35 41.48 41.49 41.48 41.51 41.53 41.46 41.36 41.34 41.34 41.34 41.29 41.31 41.3 41.25 41.27 41.28 41.28 41.25 41.2 41.15 41.12 41.11 41.12 41.1 41.09 41.08 41.03 41 40.97 40.91 40.95 40.95 40.96 40.99 40.95 40.92 40.91 40.92 40.95 40.97 40.9 40.82 40.83 40.84 40.84 40.83 40.84 40.82 40.83 40.83 40.84 40.86 40.9 40.9 40.88 40.93 41
39.14 39.09 39.07 39.09 39.08 39.14 39.23 39.29 39.38 39.48 39.65 39.9 40.13 40.3 40.46 40.72 40.97 41.16 41.28 41.44 41.5 41.56 41.55 41.5 41.48 41.46 41.39 41.33 41.32 41.32 41.34 41.35 41.34 41.31 41.28 41.27 41.25 41.27 41.24 41.2 41.18 41.17 41.17 41.14 41.11 41.11 41.07 41.04 41.02 41 40.97 40.99 40.98 40.99 41.01 40.98 40.95 40.91 40.94 40.97 40.96 40.89 40.86 40.88 40.88 40.87 40.82 40.82 40.81 40.83 40.87 40.88 40.9 40.9 40.93 40.94 40.92 41
39.03 39.04 39.09 39.17 39.27 39.35 39.43 39.53 39.72 39.85 40.01 40.29 40.54 40.73 40.89 41.12 41.3 41.42 41.46 41.49 41.51 41.54 41.53 41.46 41.38 41.37 41.36 41.35 41.34 41.33 41.35 41.34 41.31 41.32 41.32 41.29 41.29 41.31 41.3 41.27 41.25 41.23 41.21 41.17 41.14 41.13 41.11 41.07 41.06 41.03 41.01 41.01 41 41.03 41.02 41.01 40.99 40.94 40.96 40.97 40.95 40.87 40.9 40.93 40.93 40.9 40.83 40.83 40.86 40.85 40.9 40.93 40.92 40.86 40.92 40.97 40.98 41.02
39.09 39.18 39.26 39.33 39.43 39.55 39.68 39.85 40.13 40.34 40.47 40.72 40.96 41.1 41.22 41.38 41.48 41.49 41.48 41.47 41.45 41.45 41.4 41.4 41.4 41.4 41.39 41.41 41.38 41.35 41.34 41.37 41.35 41.34 41.32 41.29 41.32 41.33 41.31 41.28 41.29 41.27 41.26 41.21 41.16 41.14 41.13 41.09 41.08 41.06 41.03 41.03 41.03 41.05 41.05 41.05 41.03 40.95 40.93 40.93 40.94 40.86 40.91 40.93 40.92 40.87 40.82 40.84 40.88 40.91 40.95 40.97 40.96 40.91 40.92 40.94 40.97 41.02
39.27 39.34 39.41 39.51 39.7 39.87 40.02 40.25 40.56 40.76 40.9 41.1 41.26 41.35 41.39 41.46 41.49 41.49 41.45 41.4 41.38 41.38 41.38 41.38 41.39 41.41 41.36 41.37 41.38 41.38 41.4 41.4 41.39 41.38 41.41 41.41 41.33 41.34 41.32 41.28 41.29 41.3 41.27 41.2 41.16 41.15 41.13 41.1 41.08 41.09 41.05 41.05 41.06 41.05 41.07 41.08 41.06 40.99 40.94 40.95 40.95 40.9 40.94 40.94 40.93 40.92 40.91 40.94 40.97 40.97 40.98 40.97 40.98 41 40.99 40.98 40.99 41.06
39.43 39.54 39.62 39.8 40.1 40.26 40.42 40.67 40.95 41.1 41.21 41.32 41.38 41.41 41.42 41.44 41.44 41.36 41.33 41.35 41.37 41.32 41.33 41.36 41.37 41.38 41.36 41.38 41.38 41.4 41.42 41.46 41.46 41.46 41.49 41.44 41.33 41.33 41.32 41.28 41.29 41.3 41.27 41.21 41.19 41.17 41.17 41.14 41.11 41.11 41.08 41.06 41.04 41.06 41.09 41.1 41.08 41.04 41.01 40.99 40.99 40.98 40.99 40.98 40.91 40.88 40.91 40.95 40.99 41.01 41 41 41.03 41.04 41.05 41.04 41.03 41.12
39.64 39.78 39.9 40.16 40.43 40.68 40.86 41.06 41.19 41.25 41.29 41.36 41.4 41.4 41.39 41.37 41.34 41.31 41.32 41.32 41.34 41.35 41.38 41.37 41.37 41.38 41.39 41.4 41.38 41.4 41.42 41.48 41.52 41.51 41.48 41.39 41.32 41.33 41.32 41.3 41.31 41.3 41.29 41.28 41.25 41.21 41.23 41.2 41.16 41.13 41.13 41.09 41.06 41.08 41.12 41.1 41.08 41.06 41.04 41.04 41.02 40.99 40.96 40.97 40.93 40.9 40.94 40.98 41.02 41.02 41 41.01 41.04 41.08 41.09 41.1 41.11 41.15
39.92 40.06 40.23 40.56 40.85 41.01 41.13 41.22 41.26 41.29 41.33 41.39 41.35 41.29 41.31 41.33 41.3 41.28 41.32 41.34 41.35 41.37 41.4 41.39 41.4 41.42 41.42 41.41 41.4 41.4 41.4 41.45 41.49 41.45 41.42 41.37 41.35 41.35 41.33 41.31 41.32 41.34 41.32 41.3 41.27 41.24 41.24 41.22 41.18 41.14 41.12 41.1 41.08 41.11 41.14 41.11 41.07 41.03 41.05 41.03 41.02 40.98 40.94 40.97 40.98 40.95 40.97 41 41.03 41.06 41.05 41.03 41.07 41.11 41.14 41.16 41.18 41.16
40.36 40.53 40.66 40.91 41.1 41.18 41.22 41.29 41.3 41.31 41.32 41.31 41.27 41.24 41.26 41.27 41.29 41.3 41.31 41.34 41.35 41.37 41.4 41.42 41.43 41.44 41.43 41.42 41.41 41.41 41.39 41.4 41.42 41.39 41.35 41.36 41.39 41.38 41.31 41.26 41.27 41.3 41.33 41.3 41.27 41.27 41.21 41.13 41.16 41.14 41.13 41.13 41.12 41.12 41.13 41.11 41.07 41.03 41.04 41.04 41.05 41 40.95 40.97 41.02 41.01 40.99 41.01 41.03 41.08 41.12 41.1 41.1 41.12 41.15 41.18 41.17 41.15
40.77 40.87 40.94 41.12 41.21 41.25 41.24 41.31 41.26 41.27 41.25 41.25 41.25 41.26 41.27 41.31 41.34 41.35 41.33 41.34 41.34 41.37 41.42 41.44 41.43 41.43 41.42 41.41 41.4 41.4 41.39 41.38 41.39 41.39 41.35 41.36 41.41 41.44 41.38 41.25 41.27 41.3 41.3 41.26 41.26 41.27 41.26 41.25 41.23 41.23 41.2 41.19 41.17 41.17 41.14 41.15 41.12 41.07 41.05 41.04 41.04 41.03 41.02 41.01 41.05 41.07 41.05 41.04 41.03 41.09 41.15 41.15 41.11 41.11 41.13 41.15 41.15 41.16
41.06 41.09 41.09 41.2 41.27 41.26 41.19 41.23 41.22 41.21 41.21 41.23 41.24 41.26 41.3 41.34 41.36 41.37 41.35 41.35 41.34 41.4 41.45 41.44 41.42 41.42 41.41 41.41 41.4 41.39 41.38 41.4 41.42 41.45 41.43 41.46 41.5 41.52 41.43 41.34 41.34 41.36 41.31 41.24 41.24 41.26 41.29 41.28 41.26 41.24 41.22 41.21 41.18 41.2 41.14 41.12 41.11 41.09 41.08 41.09 41.07 41.06 41.07 41.06 41.08 41.11 41.11 41.08 41.07 41.1 41.12 41.15 41.14 41.11 41.11 41.12 41.18 41.25
41.23 41.22 41.16 41.16 41.19 41.16 41.14 41.17 41.18 41.18 41.21 41.22 41.23 41.25 41.28 41.32 41.32 41.33 41.36 41.38 41.35 41.4 41.44 41.43 41.42 41.41 41.41 41.4 41.39 41.38 41.38 41.46 41.48 41.5 41.52 41.54 41.58 41.5 41.38 41.38 41.39 41.36 41.32 41.25 41.26 41.25 41.28 41.3 41.27 41.23 41.2 41.17 41.16 41.18 41.16 41.14 41.12 41.12 41.12 41.13 41.1 41.08 41.07 41.08 41.1 41.11 41.11 41.08 41.13 41.13 41.1 41.12 41.18 41.13 41.12 41.14 41.21 41.26
