slabs/92.grd
DSAA
631 301
647670 648300
4946300 4946600
37.5 46.72
[rows 102 to 135 of 301, columns 156 to 233 of 631]
46.31 46.28 46.29 46.26 46.23 46.22 46.2 46.14 46.09 46.08 46.08 46.02 45.99 45.94 45.92 45.89 45.83 45.82 45.77 45.72 45.68 45.64 45.62 45.57 45.54 45.51 45.44 45.38 45.37 45.33 45.32 45.26 45.22 45.19 45.14 45.1 45.07 45 44.96 44.94 44.88 44.7 44.49 44.34 44.31 44.08 43.73 43.46 43.22 43.03 42.67 42.4 42.16 41.8 41.49 41.29 40.99 40.69 40.52 40.4 40.23 40.16 40.21 40.24 40.31 40.64 40.94 41.34 42.05 42.6 42.65 42.58 42.56 42.54 42.53 42.53 42.51 42.49
46.27 46.22 46.23 46.25 46.22 46.2 46.17 46.1 46.07 46.06 46.02 45.99 45.99 45.92 45.88 45.86 45.83 45.8 45.74 45.68 45.66 45.63 45.59 45.54 45.52 45.49 45.41 45.37 45.35 45.31 45.27 45.23 45.2 45.17 45.12 45.09 45.04 44.99 44.93 44.9 44.87 44.76 44.68 44.63 44.65 44.56 44.36 44.17 43.96 43.6 43.24 42.99 42.69 42.29 41.98 41.76 41.44 41.11 40.93 40.78 40.52 40.32 40.25 40.27 40.35 40.51 40.73 41.12 41.85 42.49 42.64 42.65 42.63 42.58 42.54 42.55 42.55 42.54
46.3 46.23 46.2 46.21 46.19 46.17 46.14 46.07 46.08 46.05 45.98 46.02 45.99 45.91 45.88 45.82 45.81 45.78 45.76 45.7 45.69 45.61 45.56 45.52 45.5 45.47 45.38 45.34 45.34 45.29 45.24 45.21 45.19 45.14 45.09 45.05 45.01 44.96 44.91 44.88 44.84 44.78 44.74 44.7 44.68 44.65 44.56 44.48 44.35 44.06 43.8 43.57 43.21 42.8 42.52 42.29 41.95 41.58 41.36 41.2 40.94 40.63 40.44 40.37 40.41 40.53 40.63 40.98 41.68 42.36 42.72 42.72 42.64 42.61 42.59 42.58 42.6 42.6
46.37 46.31 46.22 46.23 46.21 46.18 46.12 46.06 46.05 45.97 45.93 45.98 46 45.93 45.87 45.79 45.77 45.74 45.73 45.73 45.69 45.59 45.54 45.52 45.53 45.48 45.39 45.33 45.3 45.29 45.21 45.18 45.15 45.09 45.03 45 44.98 44.93 44.89 44.86 44.82 44.77 44.73 44.7 44.66 44.62 44.57 44.57 44.55 44.38 44.17 44.02 43.72 43.35 43.08 42.85 42.5 42.11 41.86 41.63 41.33 41.07 40.9 40.75 40.54 40.57 40.69 40.96 41.63 42.25 42.63 42.78 42.69 42.66 42.65 42.64 42.64 42.64
46.43 46.37 46.27 46.24 46.2 46.16 46.1 46.03 46.01 45.99 45.93 45.95 45.95 45.92 45.82 45.77 45.73 45.71 45.68 45.66 45.64 45.54 45.51 45.49 45.47 45.41 45.33 45.28 45.26 45.25 45.18 45.14 45.11 45.04 44.99 44.96 44.94 44.9 44.86 44.83 44.8 44.76 44.73 44.71 44.66 44.59 44.55 44.51 44.52 44.47 44.34 44.33 44.17 43.85 43.6 43.39 43.03 42.64 42.43 42.22 41.84 41.53 41.35 41.23 40.94 40.72 40.8 41.11 41.74 42.31 42.68 42.85 42.78 42.75 42.76 42.75 42.74 42.72
46.4 46.41 46.31 46.19 46.15 46.15 46.13 46.05 46 46.02 46 45.96 45.94 45.9 45.8 45.78 45.74 45.72 45.67 45.63 45.64 45.53 45.48 45.47 45.42 45.35 45.31 45.25 45.21 45.19 45.15 45.11 45.09 45.02 44.97 44.93 44.9 44.86 44.82 44.79 44.77 44.73 44.68 44.69 44.69 44.63 44.55 44.52 44.48 44.43 44.41 44.45 44.38 44.23 44.03 43.83 43.52 43.19 42.98 42.78 42.4 42.07 41.87 41.7 41.34 41.04 41.08 41.36 41.9 42.45 42.78 43 42.93 42.87 42.86 42.86 42.83 42.8
46.22 46.25 46.23 46.19 46.18 46.13 46.09 46.03 46.03 46.02 45.96 45.93 45.92 45.88 45.77 45.76 45.72 45.68 45.65 45.6 45.6 45.55 45.48 45.45 45.4 45.34 45.3 45.26 45.18 45.13 45.11 45.08 45.07 45 44.96 44.92 44.88 44.84 44.81 44.78 44.74 44.7 44.66 44.65 44.64 44.6 44.55 44.52 44.45 44.42 44.41 44.37 44.34 44.25 44.13 44.05 43.9 43.66 43.52 43.34 42.99 42.72 42.52 42.26 42.22 41.96 41.81 41.89 42.28 42.68 42.94 43.15 43.06 43 42.96 42.94 42.91 42.88
45.82 45.96 46.11 46.16 46.15 46.1 46.06 46.01 45.99 45.97 45.92 45.91 45.87 45.82 45.77 45.73 45.7 45.65 45.6 45.56 45.54 45.51 45.47 45.43 45.38 45.31 45.28 45.29 45.18 45.09 45.09 45.06 45.03 44.96 44.93 44.91 44.85 44.83 44.82 44.78 44.71 44.69 44.65 44.63 44.61 44.54 44.51 44.5 44.47 44.42 44.4 44.36 44.32 44.26 44.2 44.14 44.07 44.05 43.96 43.85 43.71 43.56 43.39 43.12 43 42.79 42.56 42.47 42.69 42.94 43.1 43.21 43.12 43.1 43.06 43.01 42.97 42.95
45.32 45.5 45.71 45.9 45.97 45.85 45.88 45.94 45.95 45.95 45.93 45.89 45.83 45.77 45.76 45.72 45.72 45.64 45.55 45.53 45.53 45.5 45.45 45.41 45.35 45.29 45.26 45.27 45.19 45.11 45.07 45.05 45 44.92 44.94 44.92 44.86 44.81 44.83 44.77 44.72 44.66 44.65 44.63 44.6 44.54 44.52 44.49 44.45 44.43 44.4 44.35 44.32 44.29 44.24 44.19 44.15 44.14 44.1 44.05 44.03 43.99 43.92 43.78 43.51 43.32 43.14 42.96 43.01 43.18 43.24 43.26 43.21 43.19 43.14 43.09 43.05 43.02
44.6 44.63 44.84 45.07 45.23 45.31 45.51 45.68 45.78 45.9 45.92 45.86 45.82 45.75 45.74 45.74 45.71 45.62 45.55 45.53 45.55 45.53 45.44 45.38 45.34 45.3 45.26 45.21 45.15 45.1 45.07 45.05 45.02 44.95 44.93 44.91 44.92 44.8 44.8 44.76 44.72 44.69 44.69 44.63 44.59 44.53 44.5 44.47 44.44 44.4 44.37 44.34 44.31 44.28 44.25 44.21 44.17 44.12 44.09 44.05 44.05 44.04 43.99 43.98 43.82 43.69 43.59 43.39 43.3 43.37 43.41 43.35 43.32 43.28 43.24 43.2 43.14 43.12
43.76 43.89 44.11 44.32 44.5 44.73 45.02 45.24 45.39 45.64 45.78 45.78 45.78 45.77 45.74 45.74 45.69 45.63 45.59 45.53 45.53 45.48 45.4 45.35 45.32 45.29 45.26 45.23 45.16 45.11 45.09 45.07 45 44.92 44.89 44.87 44.85 44.8 44.79 44.77 44.71 44.66 44.64 44.61 44.57 44.54 44.52 44.48 44.44 44.4 44.36 44.33 44.3 44.28 44.26 44.23 44.17 44.13 44.09 44.04 44.05 44.03 43.97 43.96 43.89 43.82 43.8 43.71 43.6 43.54 43.54 43.47 43.42 43.38 43.29 43.26 43.24 43.19
43.06 43.3 43.6 43.82 43.98 44.22 44.49 44.68 44.85 45.15 45.42 45.54 45.65 45.73 45.71 45.72 45.69 45.62 45.56 45.49 45.46 45.45 45.45 45.4 45.3 45.29 45.27 45.23 45.17 45.11 45.07 45.05 45.02 44.95 44.93 44.91 44.86 44.78 44.75 44.74 44.72 44.63 44.6 44.59 44.57 44.57 44.55 44.5 44.45 44.4 44.36 44.32 44.31 44.28 44.25 44.22 44.18 44.13 44.09 44.06 44.03 43.99 43.95 43.91 43.88 43.84 43.86 43.84 43.73 43.66 43.58 43.52 43.5 43.45 43.4 43.35 43.32 43.26
42.51 42.74 43.06 43.29 43.46 43.74 43.96 44.13 44.3 44.6 44.91 45.1 45.27 45.5 45.63 45.68 45.68 45.6 45.53 45.49 45.46 45.38 45.35 45.34 45.31 45.28 45.26 45.23 45.17 45.1 45.07 45.03 44.98 44.95 44.92 44.9 44.87 44.82 44.75 44.74 44.72 44.65 44.63 44.59 44.58 44.6 44.58 44.5 44.43 44.38 44.33 44.29 44.3 44.27 44.23 44.2 44.19 44.14 44.1 44.07 44.04 44 43.97 43.95 43.89 43.84 43.84 43.78 43.72 43.69 43.63 43.58 43.56 43.54 43.49 43.42 43.38 43.36
42.01 42.23 42.49 42.71 42.9 43.21 43.45 43.61 43.79 44.07 44.38 44.57 44.77 45.02 45.26 45.42 45.53 45.54 45.48 45.48 45.46 45.38 45.35 45.33 45.3 45.24 45.23 45.21 45.15 45.11 45.03 44.99 44.96 44.93 44.91 44.87 44.87 44.82 44.75 44.72 44.7 44.68 44.66 44.6 44.59 44.58 44.55 44.48 44.41 44.36 44.29 44.27 44.3 44.29 44.27 44.21 44.18 44.14 44.11 44.08 44.04 44.03 43.99 43.95 43.91 43.88 43.84 43.81 43.76 43.73 43.66 43.62 43.61 43.6 43.54 43.47 43.44 43.41
41.51 41.75 42.02 42.21 42.35 42.63 42.91 43.09 43.28 43.54 43.87 44.02 44.18 44.44 44.69 44.86 45.11 45.33 45.38 45.4 45.44 45.37 45.35 45.33 45.28 45.21 45.18 45.18 45.14 45.08 45.03 45 44.95 44.91 44.89 44.84 44.85 44.82 44.77 44.73 44.68 44.68 44.65 44.61 44.56 44.5 44.47 44.44 44.39 44.33 44.26 44.27 44.31 44.32 44.29 44.2 44.15 44.12 44.12 44.1 44.04 43.99 43.98 43.93 43.9 43.88 43.85 43.82 43.79 43.75 43.72 43.68 43.66 43.64 43.61 43.54 43.51 43.49
41 41.27 41.57 41.75 41.94 42.14 42.39 42.54 42.75 43.02 43.28 43.45 43.61 43.88 44.11 44.3 44.58 44.88 45.05 45.14 45.03 45.13 45.22 45.24 45.22 45.19 45.15 45.16 45.13 45.08 45.06 45.01 44.95 44.9 44.87 44.83 44.83 44.82 44.79 44.76 44.67 44.63 44.63 44.59 44.55 44.53 44.5 44.43 44.35 44.29 44.25 44.28 44.33 44.35 44.27 44.2 44.15 44.12 44.09 44.1 44.1 44.04 43.97 43.94 43.94 43.91 43.85 43.81 43.8 43.76 43.7 43.69 43.69 43.66 43.66 43.59 43.56 43.55
40.5 40.79 41.07 41.24 41.42 41.68 41.91 42.03 42.2 42.44 42.67 42.84 43.07 43.35 43.41 43.39 43.61 43.94 44.18 44.35 44.38 44.65 44.85 44.93 45.04 45.12 45.12 45.15 45.11 45.08 45.06 45 44.94 44.9 44.88 44.85 44.82 44.76 44.74 44.72 44.67 44.6 44.59 44.55 44.52 44.48 44.47 44.44 44.37 44.31 44.3 44.31 44.29 44.25 44.2 44.18 44.16 44.13 44.06 44.07 44.09 44.06 44.01 43.98 43.94 43.91 43.84 43.81 43.8 43.77 43.7 43.69 43.68 43.66 43.68 43.62 43.59 43.61
40.04 40.28 40.54 40.7 40.87 41.13 41.32 41.44 41.67 41.85 41.78 41.9 42.17 42.45 42.58 42.62 42.82 43.15 43.38 43.55 43.75 44.09 44.29 44.43 44.65 44.86 44.96 45.02 45.04 45.04 45.03 44.96 44.91 44.87 44.86 44.87 44.8 44.75 44.72 44.72 44.67 44.63 44.59 44.59 44.55 44.5 44.44 44.42 44.38 44.37 44.32 44.28 44.26 44.24 44.19 44.15 44.13 44.12 44.05 44.04 44.03 44.01 43.97 43.94 43.91 43.88 43.84 43.83 43.78 43.76 43.74 43.71 43.68 43.66 43.67 43.64 43.61 43.63
39.69 39.85 40.02 40.13 40.33 40.27 40.36 40.5 40.77 40.99 41.01 41.15 41.4 41.68 41.88 42.06 42.28 42.6 42.82 42.98 43.21 43.52 43.68 43.83 44.08 44.35 44.51 44.67 44.84 44.94 44.99 44.97 44.92 44.88 44.89 44.85 44.77 44.72 44.69 44.67 44.66 44.61 44.56 44.57 44.51 44.45 44.43 44.41 44.36 44.35 44.32 44.26 44.25 44.21 44.18 44.14 44.14 44.11 44.08 44.05 44.03 43.99 43.92 43.89 43.9 43.86 43.84 43.82 43.75 43.73 43.75 43.73 43.71 43.69 43.65 43.63 43.61 43.62
39.43 39.44 39.5 39.56 39.69 39.65 39.7 39.82 40 40.25 40.42 40.59 40.85 41.13 41.31 41.51 41.74 42.06 42.26 42.46 42.68 42.94 43.06 43.21 43.49 43.72 43.87 44.14 44.41 44.6 44.72 44.85 44.85 44.84 44.86 44.85 44.78 44.73 44.68 44.65 44.62 44.58 44.53 44.5 44.45 44.4 44.4 44.39 44.37 44.32 44.28 44.26 44.23 44.18 44.18 44.16 44.17 44.11 44.1 44.05 44.03 44.01 43.94 43.91 43.93 43.91 43.86 43.83 43.77 43.76 43.74 43.73 43.75 43.72 43.64 43.64 43.64 43.64
39.31 39.26 39.24 39.26 39.32 39.36 39.4 39.47 39.52 39.72 39.89 40.04 40.27 40.56 40.74 40.94 41.19 41.49 41.67 41.85 42.1 42.33 42.45 42.63 42.9 43.12 43.27 43.55 43.8 44.04 44.21 44.4 44.54 44.64 44.74 44.79 44.78 44.77 44.71 44.67 44.6 44.56 44.53 44.49 44.43 44.4 44.35 44.35 44.34 44.31 44.24 44.22 44.21 44.18 44.17 44.17 44.16 44.1 44.07 44.01 43.99 44.01 43.99 43.91 43.94 43.92 43.85 43.83 43.84 43.83 43.77 43.74 43.72 43.71 43.66 43.63 43.64 43.65
39.32 39.25 39.22 39.23 39.25 39.24 39.25 39.26 39.21 39.31 39.4 39.54 39.74 40.02 40.18 40.36 40.62 40.87 41.08 41.28 41.51 41.72 41.87 42.06 42.35 42.54 42.69 42.94 43.23 43.44 43.61 43.86 44.11 44.27 44.37 44.47 44.58 44.59 44.61 44.49 44.48 44.5 44.48 44.45 44.42 44.4 44.35 44.33 44.32 44.34 44.25 44.19 44.18 44.15 44.13 44.14 44.1 44.06 44.05 43.99 43.97 43.98 43.97 43.91 43.9 43.89 43.84 43.83 43.84 43.85 43.74 43.73 43.72 43.75 43.67 43.65 43.64 43.61
39.35 39.28 39.26 39.23 39.23 39.24 39.25 39.23 39.19 39.17 39.14 39.16 39.35 39.56 39.7 39.86 40.07 40.28 40.46 40.69 40.93 41.1 41.22 41.5 41.77 41.94 42.1 42.34 42.66 42.83 43 43.21 43.49 43.67 43.51 43.63 43.86 43.98 44.1 44.13 44.18 44.23 44.31 44.34 44.35 44.34 44.35 44.33 44.33 44.37 44.29 44.21 44.16 44.11 44.09 44.08 44.04 44.05 44.05 43.98 43.96 43.95 43.91 43.86 43.87 43.9 43.88 43.83 43.82 43.81 43.78 43.73 43.7 43.7 43.7 43.66 43.62 43.58
39.34 39.31 39.29 39.26 39.26 39.26 39.26 39.24 39.18 39.15 39.13 39.12 39.17 39.17 39.22 39.4 39.62 39.78 39.92 40.16 40.41 40.59 40.7 40.95 41.17 41.34 41.5 41.74 42.03 42.01 41.99 42.22 42.51 42.72 42.7 42.88 43.11 43.28 43.45 43.64 43.71 43.77 43.96 44.1 44.15 44.18 44.24 44.26 44.28 44.33 44.29 44.24 44.17 44.11 44.08 44.04 43.99 44 43.99 43.99 44 43.95 43.88 43.85 43.85 43.87 43.83 43.83 43.8 43.77 43.76 43.73 43.69 43.65 43.65 43.62 43.62 43.59
39.32 39.32 39.32 39.28 39.28 39.27 39.3 39.28 39.22 39.2 39.15 39.12 39.1 39.12 39.15 39.23 39.35 39.44 39.55 39.72 39.92 40.07 40.2 40.44 40.56 40.45 40.56 40.79 41.08 41.1 41.16 41.44 41.75 41.93 42.14 42.37 42.54 42.68 42.88 43.12 43.22 43.32 43.52 43.69 43.78 43.85 43.97 44.09 44.12 44.14 44.18 44.17 44.12 44.06 44.11 44.01 43.95 43.91 43.87 43.93 43.94 43.88 43.81 43.8 43.8 43.82 43.79 43.81 43.8 43.74 43.73 43.72 43.69 43.65 43.63 43.61 43.61 43.58
39.34 39.31 39.32 39.29 39.25 39.3 39.3 39.33 39.33 39.29 39.25 39.15 39.13 39.11 39.14 39.19 39.25 39.29 39.37 39.46 39.51 39.57 39.66 39.8 39.92 39.89 39.97 40.18 40.41 40.54 40.72 41.01 41.29 41.46 41.71 41.96 42.14 42.27 42.49 42.7 42.84 42.98 43.15 43.28 43.39 43.47 43.6 43.79 43.85 43.89 43.94 43.96 43.94 43.96 44 43.87 43.78 43.79 43.75 43.81 43.78 43.71 43.65 43.68 43.67 43.7 43.69 43.71 43.65 43.62 43.62 43.61 43.61 43.59 43.6 43.61 43.6 43.57
39.33 39.28 39.26 39.24 39.2 39.27 39.28 39.3 39.33 39.3 39.26 39.18 39.16 39.14 39.16 39.19 39.21 39.24 39.28 39.31 39.35 39.39 39.43 39.51 39.68 39.8 39.92 40.12 40.29 40.41 40.64 40.89 41.08 41.26 41.49 41.79 42.02 42.17 42.4 42.57 42.71 42.85 43.02 43.16 43.25 43.33 43.36 43.51 43.57 43.65 43.64 43.63 43.62 43.64 43.64 43.57 43.55 43.56 43.54 43.56 43.53 43.52 43.54 43.53 43.53 43.54 43.54 43.54 43.52 43.52 43.55 43.54 43.53 43.51 43.58 43.6 43.59 43.54
39.34 39.32 39.29 39.26 39.24 39.27 39.28 39.28 39.29 39.28 39.24 39.2 39.19 39.18 39.18 39.2 39.21 39.26 39.29 39.32 39.43 39.5 39.57 39.7 39.86 39.97 40.18 40.37 40.5 40.63 40.94 41.16 41.32 41.47 41.73 42.05 42.25 42.36 42.6 42.76 42.88 43.01 43.19 43.33 43.4 43.36 43.31 43.41 43.42 43.45 43.44 43.44 43.44 43.44 43.43 43.42 43.43 43.42 43.43 43.44 43.46 43.47 43.48 43.42 43.45 43.48 43.47 43.47 43.48 43.5 43.54 43.55 43.5 43.48 43.55 43.58 43.58 43.53
39.33 39.33 39.3 39.28 39.26 39.26 39.26 39.25 39.26 39.24 39.21 39.18 39.2 39.21 39.2 39.24 39.29 39.34 39.4 39.52 39.67 39.78 39.91 40.06 40.23 40.38 40.67 40.86 41.04 41.21 41.53 41.76 41.94 42.07 42.28 42.55 42.7 42.78 42.96 42.99 43.02 43.1 43.23 43.28 43.3 43.31 43.28 43.3 43.3 43.31 43.34 43.37 43.36 43.36 43.35 43.37 43.37 43.38 43.4 43.4 43.43 43.45 43.43 43.41 43.43 43.51 43.48 43.47 43.48 43.51 43.55 43.54 43.51 43.49 43.51 43.54 43.56 43.51
39.25 39.26 39.27 39.28 39.26 39.25 39.24 39.22 39.22 39.2 39.18 39.14 39.2 39.24 39.27 39.34 39.45 39.5 39.64 39.83 40.08 40.23 40.41 40.57 40.77 40.95 41.22 41.47 41.69 41.87 42.13 42.39 42.56 42.66 42.82 43 43.06 43.02 43.1 43.1 43.09 43.14 43.19 43.19 43.21 43.22 43.21 43.23 43.25 43.25 43.27 43.29 43.29 43.29 43.32 43.36 43.36 43.37 43.37 43.35 43.38 43.42 43.41 43.42 43.43 43.5 43.48 43.47 43.48 43.5 43.54 43.5 43.49 43.5 43.49 43.5 43.5 43.49
39.2 39.22 39.24 39.25 39.26 39.24 39.24 39.22 39.21 39.2 39.21 39.19 39.3 39.35 39.44 39.58 39.74 39.85 40.04 40.3 40.56 40.71 40.98 41.18 41.37 41.55 41.84 42.09 42.3 42.42 42.61 42.84 42.96 42.96 43.06 43.09 43.09 43.07 43.08 43.13 43.14 43.17 43.18 43.17 43.16 43.17 43.2 43.22 43.22 43.2 43.21 43.23 43.25 43.24 43.3 43.33 43.36 43.34 43.34 43.35 43.39 43.42 43.4 43.43 43.46 43.46 43.49 43.5 43.53 43.49 43.45 43.52 43.55 43.59 43.58 43.56 43.35 43.49
39.2 39.19 39.21 39.22 39.24 39.23 39.25 39.26 39.27 39.26 39.32 39.38 39.52 39.58 39.71 39.99 40.19 40.3 40.56 40.84 41.07 41.22 41.49 41.74 41.92 42.09 42.33 42.57 42.69 42.76 42.85 42.97 42.99 42.99 43.02 43.03 43.01 43.01 43.04 43.08 43.09 43.1 43.1 43.11 43.12 43.13 43.19 43.19 43.18 43.18 43.2 43.22 43.23 43.24 43.3 43.32 43.36 43.34 43.34 43.38 43.42 43.43 43.42 43.45 43.51 43.51 43.52 43.54 43.55 43.38 43.25 43.43 43.55 43.53 43.46 43.41 43.17 43.38
39.2 39.17 39.19 39.19 39.2 39.22 39.27 39.31 39.38 39.42 39.51 39.6 39.81 39.91 40.14 40.48 40.72 40.86 41.12 41.39 41.57 41.71 41.97 42.22 42.4 42.53 42.64 42.75 42.82 42.83 42.86 42.94 42.96 42.97 42.95 42.95 42.96 42.98 43.01 43.03 43.03 43.05 43.06 43.08 43.09 43.09 43.13 43.14 43.16 43.17 43.19 43.19 43.19 43.25 43.31 43.33 43.35 43.37 43.33 43.33 43.41 43.46 43.45 43.47 43.5 43.43 43.35 43.26 43.17 43.07 42.98 43 43.08 42.99 42.96 42.97 42.96 43.13
39.2 39.19 39.19 39.19 39.17 39.22 39.31 39.41 39.53 39.59 39.76 40 40.25 40.39 40.68 41.04 41.23 41.37 41.63 41.89 42.02 42.16 42.42 42.53 42.67 42.72 42.78 42.79 42.82 42.82 42.84 42.89 42.91 42.92 42.92 42.89 42.92 42.96 42.98 42.99 42.98 43.01 43.08 43.08 43.05 43.03 43.02 43.08 43.12 43.15 43.14 43.11 43.12 43.23 43.23 43.26 43.3 43.32 43.26 43.26 43.34 43.41 43.46 43.44 43.32 43.14 43.01 42.89 42.78 42.63 42.52 42.48 42.47 42.46 42.45 42.48 42.53 42.45
