slabs/92.grd
DSAA
631 301
647670 648300
4946300 4946600
37.5 46.72
[rows 34 to 67 of 301, columns 0 to 77 of 631]
44.71 44.72 44.73 44.75 44.78 44.81 44.85 44.89 44.92 44.93 44.93 44.94 44.97 44.97 44.98 45.02 45.05 45.07 45.07 45.07 45.13 45.17 45.2 45.19 45.17 45.2 45.24 45.23 45.28 45.28 45.28 45.32 45.37 45.39 45.41 45.43 45.48 45.49 45.5 45.52 45.56 45.6 45.61 45.62 45.64 45.66 45.68 45.73 45.76 45.74 45.8 45.8 45.71 45.58 45.41 45.14 44.82 44.59 44.33 43.93 43.57 43.34 43.1 42.81 42.56 42.39 42.09 41.79 41.57 41.38 40.99 40.61 40.37 40.22 40.05 39.91 39.77 39.61
44.64 44.66 44.69 44.72 44.76 44.8 44.84 44.88 44.9 44.91 44.9 44.9 44.93 44.96 44.96 44.98 45.02 45.05 45.04 45.04 45.07 45.1 45.12 45.15 45.18 45.19 45.22 45.25 45.27 45.28 45.29 45.31 45.34 45.37 45.39 45.39 45.45 45.47 45.48 45.48 45.53 45.55 45.56 45.59 45.61 45.63 45.62 45.64 45.69 45.71 45.76 45.82 45.84 45.79 45.7 45.56 45.29 45.1 44.87 44.47 44.15 43.95 43.66 43.35 43.12 42.96 42.67 42.38 42.1 41.9 41.46 41.05 40.77 40.6 40.36 40.17 40.04 39.96
44.61 44.64 44.69 44.72 44.74 44.81 44.86 44.88 44.87 44.88 44.88 44.87 44.86 44.93 44.92 44.96 45.02 45.03 45 44.98 45.04 45.08 45.07 45.08 45.15 45.15 45.16 45.18 45.22 45.23 45.25 45.27 45.3 45.33 45.35 45.36 45.38 45.4 45.42 45.45 45.48 45.5 45.51 45.55 45.56 45.59 45.6 45.61 45.63 45.65 45.69 45.72 45.77 45.8 45.81 45.81 45.63 45.51 45.38 45.01 44.69 44.5 44.22 43.87 43.64 43.48 43.17 42.92 42.69 42.39 41.97 41.53 41.23 41.07 40.79 40.52 40.37 40.24
44.56 44.63 44.68 44.69 44.7 44.74 44.8 44.84 44.86 44.84 44.86 44.88 44.89 44.9 44.88 44.91 44.99 45.02 44.99 45 45.02 45.03 45.05 45.07 45.11 45.13 45.14 45.16 45.19 45.21 45.23 45.28 45.29 45.3 45.29 45.3 45.33 45.36 45.38 45.42 45.43 45.46 45.47 45.5 45.53 45.57 45.59 45.59 45.61 45.63 45.65 45.66 45.68 45.73 45.78 45.85 45.8 45.77 45.71 45.49 45.28 45.09 44.79 44.45 44.21 44.03 43.72 43.43 43.18 42.89 42.52 42.09 41.81 41.57 41.31 40.98 40.79 40.58
44.55 44.64 44.68 44.68 44.7 44.71 44.72 44.77 44.83 44.84 44.83 44.86 44.89 44.87 44.83 44.86 44.93 44.96 44.98 45.02 45.02 45.02 45.04 45.05 45.06 45.08 45.11 45.15 45.18 45.17 45.2 45.27 45.29 45.26 45.24 45.25 45.29 45.32 45.34 45.37 45.38 45.42 45.44 45.46 45.5 45.53 45.55 45.58 45.59 45.61 45.62 45.64 45.67 45.68 45.71 45.77 45.77 45.8 45.75 45.66 45.61 45.53 45.33 45.02 44.81 44.57 44.23 43.92 43.69 43.4 43.03 42.66 42.43 42.17 41.9 41.89 41.73 41.41
44.56 44.65 44.69 44.68 44.7 44.69 44.67 44.7 44.79 44.82 44.83 44.85 44.86 44.85 44.83 44.84 44.91 44.91 44.92 45 45.04 45 45 45.01 45.03 45.06 45.1 45.13 45.16 45.15 45.17 45.24 45.26 45.24 45.22 45.23 45.25 45.27 45.29 45.31 45.34 45.38 45.41 45.43 45.46 45.5 45.51 45.55 45.56 45.58 45.6 45.65 45.68 45.66 45.67 45.69 45.67 45.72 45.75 45.71 45.7 45.7 45.68 45.47 45.3 45.09 44.81 44.46 44.22 43.92 43.87 43.63 43.39 43.06 42.76 42.69 42.53 42.17
44.5 44.61 44.65 44.65 44.67 44.64 44.63 44.66 44.71 44.76 44.78 44.78 44.8 44.82 44.83 44.84 44.85 44.88 44.91 44.96 44.97 44.95 44.97 44.99 45.01 45.05 45.07 45.09 45.12 45.13 45.14 45.17 45.22 45.21 45.22 45.21 45.23 45.26 45.27 45.28 45.32 45.35 45.37 45.38 45.42 45.44 45.47 45.49 45.52 45.54 45.58 45.62 45.62 45.64 45.64 45.66 45.66 45.72 45.75 45.75 45.77 45.8 45.81 45.7 45.65 45.59 45.53 45.28 45.08 44.8 44.67 44.43 44.2 43.84 43.52 43.27 43.06 42.72
44.5 44.53 44.54 44.56 44.61 44.64 44.66 44.66 44.71 44.73 44.73 44.74 44.76 44.78 44.79 44.81 44.81 44.86 44.89 44.92 44.9 44.92 44.94 44.97 44.99 45.03 45.03 45.04 45.06 45.08 45.07 45.09 45.16 45.2 45.2 45.22 45.27 45.29 45.29 45.28 45.3 45.32 45.34 45.34 45.37 45.39 45.45 45.48 45.46 45.5 45.54 45.56 45.58 45.59 45.64 45.64 45.66 45.7 45.72 45.73 45.75 45.77 45.78 45.76 45.79 45.78 45.82 45.79 45.72 45.54 45.26 45 44.77 44.42 44.06 43.8 43.57 43.25
44.46 44.48 44.48 44.53 44.59 44.63 44.64 44.63 44.68 44.7 44.72 44.72 44.73 44.74 44.75 44.79 44.8 44.82 44.84 44.89 44.88 44.91 44.92 44.95 44.98 45.01 45.01 45.02 45.05 45.06 45.04 45.09 45.15 45.16 45.19 45.22 45.29 45.32 45.28 45.31 45.28 45.26 45.29 45.32 45.35 45.36 45.38 45.42 45.42 45.45 45.5 45.53 45.56 45.58 45.6 45.62 45.64 45.67 45.69 45.72 45.72 45.74 45.74 45.76 45.79 45.78 45.8 45.87 45.89 45.84 45.67 45.49 45.31 45 44.62 44.35 44.12 43.78
44.41 44.44 44.46 44.48 44.52 44.56 44.59 44.59 44.63 44.66 44.68 44.7 44.7 44.7 44.71 44.78 44.79 44.79 44.82 44.88 44.88 44.91 44.89 44.93 44.98 44.99 44.98 45.02 45.06 45.08 45.05 45.08 45.12 45.15 45.16 45.18 45.21 45.24 45.25 45.28 45.3 45.31 45.28 45.28 45.28 45.33 45.35 45.38 45.41 45.44 45.46 45.49 45.52 45.54 45.57 45.61 45.62 45.63 45.64 45.68 45.69 45.7 45.73 45.76 45.78 45.77 45.77 45.83 45.85 45.9 45.89 45.82 45.7 45.5 45.18 44.92 44.68 44.3
44.39 44.44 44.47 44.46 44.47 44.5 44.53 44.56 44.59 44.62 44.63 44.66 44.67 44.67 44.69 44.74 44.76 44.8 44.83 44.83 44.86 44.9 44.87 44.89 45 44.99 44.98 44.94 45.01 45.05 45.04 45.03 45.13 45.16 45.17 45.16 45.18 45.2 45.2 45.22 45.26 45.28 45.27 45.29 45.31 45.33 45.31 45.38 45.41 45.43 45.45 45.46 45.47 45.5 45.54 45.58 45.59 45.6 45.6 45.62 45.65 45.67 45.73 45.75 45.76 45.76 45.78 45.8 45.8 45.83 45.87 45.93 45.88 45.87 45.66 45.44 45.2 44.87
44.37 44.44 44.47 44.49 44.49 44.49 44.47 44.53 44.57 44.6 44.61 44.61 44.65 44.67 44.67 44.66 44.73 44.79 44.82 44.8 44.83 44.86 44.85 44.89 44.93 44.96 44.99 45.02 45.03 45.06 45.06 45.09 45.12 45.14 45.12 45.15 45.17 45.19 45.18 45.21 45.23 45.23 45.25 45.28 45.3 45.32 45.31 45.39 45.41 45.41 45.45 45.44 45.44 45.47 45.51 45.54 45.55 45.56 45.6 45.61 45.63 45.66 45.7 45.72 45.73 45.75 45.76 45.77 45.79 45.82 45.81 45.86 45.88 45.94 45.92 45.85 45.68 45.38
44.36 44.36 44.41 44.47 44.47 44.45 44.4 44.4 44.49 44.57 44.57 44.55 44.59 44.58 44.56 44.57 44.71 44.76 44.74 44.66 44.74 44.83 44.85 44.88 44.93 44.95 44.98 45.01 45.02 45.04 45.06 45.09 45.12 45.12 45.14 45.16 45.18 45.21 45.21 45.24 45.26 45.24 45.24 45.27 45.29 45.31 45.32 45.38 45.39 45.38 45.44 45.42 45.42 45.45 45.51 45.53 45.52 45.53 45.57 45.6 45.62 45.65 45.67 45.67 45.7 45.75 45.76 45.78 45.79 45.78 45.79 45.82 45.87 45.9 45.93 45.95 45.98 45.81
44.29 44.2 44.24 44.29 44.26 44.26 44.19 44.16 44.24 44.33 44.34 44.34 44.31 44.36 44.33 44.4 44.52 44.53 44.47 44.45 44.54 44.65 44.77 44.86 44.94 44.92 44.92 44.98 45.02 45.03 45.04 45.08 45.1 45.11 45.13 45.15 45.17 45.2 45.24 45.26 45.27 45.25 45.26 45.28 45.29 45.29 45.31 45.34 45.35 45.37 45.38 45.4 45.41 45.42 45.49 45.52 45.53 45.49 45.55 45.57 45.6 45.62 45.65 45.7 45.73 45.73 45.77 45.8 45.81 45.8 45.82 45.84 45.85 45.88 45.89 45.9 45.98 45.95
44.02 43.94 43.92 43.89 43.82 43.79 43.81 43.82 43.84 43.86 43.9 43.9 43.85 43.87 43.92 43.95 44.04 44.09 44.1 44.2 44.29 44.37 44.53 44.71 44.81 44.85 44.74 44.86 44.97 45.02 45.11 45.1 45.09 45.1 45.1 45.12 45.16 45.18 45.24 45.22 45.24 45.22 45.29 45.28 45.27 45.3 45.31 45.33 45.33 45.37 45.37 45.43 45.41 45.41 45.47 45.49 45.51 45.53 45.54 45.57 45.6 45.62 45.64 45.67 45.69 45.74 45.79 45.8 45.78 45.8 45.84 45.86 45.86 45.88 45.86 45.87 45.94 45.95
43.55 43.48 43.42 43.32 43.26 43.23 43.26 43.25 43.26 43.29 43.33 43.34 43.34 43.35 43.38 43.42 43.47 43.53 43.58 43.69 43.7 43.56 43.71 43.93 44.08 44.22 44.3 44.52 44.67 44.79 45.01 45.07 45.08 45.09 45.11 45.12 45.16 45.18 45.22 45.2 45.22 45.24 45.29 45.31 45.31 45.3 45.3 45.33 45.36 45.39 45.42 45.44 45.34 45.33 45.42 45.49 45.48 45.51 45.49 45.51 45.56 45.57 45.61 45.64 45.67 45.71 45.75 45.77 45.78 45.79 45.81 45.83 45.85 45.86 45.85 45.84 45.91 45.95
42.97 42.89 42.86 42.8 42.76 42.74 42.77 42.76 42.71 42.72 42.75 42.75 42.77 42.8 42.81 42.82 42.6 42.61 42.67 42.82 42.87 42.82 42.98 43.19 43.35 43.5 43.76 44.01 44.19 44.36 44.65 44.86 44.97 45.04 45.11 45.15 45.17 45.21 45.21 45.2 45.21 45.22 45.24 45.26 45.28 45.32 45.29 45.31 45.32 45.36 45.37 45.39 45.38 45.33 45.38 45.46 45.5 45.48 45.46 45.47 45.51 45.57 45.61 45.63 45.65 45.67 45.7 45.72 45.73 45.76 45.78 45.79 45.81 45.83 45.86 45.86 45.89 45.94
42.49 42.42 42.38 42.3 42.18 42.18 42.15 42.13 42.1 42.13 42.16 41.86 41.86 41.91 41.94 41.94 41.83 41.86 41.93 42.08 42.17 42.27 42.49 42.7 42.83 42.97 43.25 43.48 43.67 43.87 44.16 44.48 44.63 44.81 45.02 45.14 45.16 45.23 45.19 45.21 45.24 45.23 45.24 45.25 45.28 45.34 45.34 45.34 45.34 45.33 45.34 45.41 45.42 45.4 45.41 45.43 45.49 45.47 45.45 45.43 45.44 45.51 45.56 45.58 45.62 45.65 45.67 45.68 45.7 45.73 45.76 45.76 45.78 45.81 45.87 45.88 45.9 45.93
41.96 41.88 41.84 41.73 41.59 41.58 41.32 41.22 41.24 41.28 41.34 41.2 41.21 41.21 41.18 41.22 41.28 41.33 41.42 41.56 41.64 41.75 41.96 42.17 42.3 42.47 42.73 42.98 43.15 43.35 43.65 43.97 44.14 44.38 44.69 44.91 44.98 45.15 45.26 45.24 45.26 45.27 45.3 45.29 45.28 45.3 45.35 45.36 45.35 45.35 45.36 45.38 45.38 45.41 45.41 45.42 45.44 45.45 45.45 45.45 45.44 45.49 45.52 45.55 45.62 45.64 45.65 45.65 45.69 45.73 45.72 45.74 45.77 45.8 45.86 45.86 45.89 45.92
41.38 41.13 40.93 40.81 40.73 40.75 40.6 40.55 40.58 40.6 40.65 40.73 40.77 40.74 40.65 40.73 40.77 40.82 40.91 41.02 41.14 41.26 41.41 41.61 41.78 41.95 42.17 42.46 42.66 42.86 43.14 43.48 43.65 43.91 44.21 44.45 44.61 44.89 45.12 45.22 45.26 45.27 45.3 45.32 45.32 45.31 45.34 45.34 45.36 45.36 45.38 45.38 45.36 45.4 45.4 45.41 45.41 45.43 45.46 45.49 45.51 45.52 45.51 45.55 45.61 45.62 45.61 45.61 45.68 45.71 45.7 45.74 45.77 45.82 45.84 45.82 45.84 45.88
40.57 40.38 40.26 40.2 40.18 40.2 40.21 40.2 40.23 40.25 40.28 40.33 40.36 40.34 40.26 40.31 40.35 40.38 40.46 40.54 40.63 40.76 40.92 41.12 41.27 41.44 41.68 41.94 42.13 42.34 42.69 42.92 43.08 43.38 43.73 43.94 44.15 44.46 44.73 44.91 45.01 45.16 45.28 45.32 45.33 45.32 45.34 45.34 45.35 45.38 45.4 45.4 45.38 45.43 45.41 45.41 45.4 45.42 45.45 45.48 45.52 45.52 45.52 45.55 45.57 45.59 45.59 45.61 45.66 45.7 45.69 45.73 45.75 45.78 45.8 45.81 45.86 45.88
40.08 40.02 40 39.99 40 40.01 40.02 40.02 40.03 40.05 40.07 40.09 40.09 40.11 40.08 40.11 40.13 40.12 40.14 40.21 40.25 40.33 40.47 40.65 40.79 40.93 41.17 41.4 41.54 41.74 42.09 42.34 42.53 42.81 43.18 43.39 43.57 43.93 44.23 44.47 44.4 44.55 44.83 44.99 45.11 45.24 45.33 45.37 45.37 45.39 45.4 45.4 45.41 45.44 45.42 45.43 45.43 45.41 45.42 45.45 45.48 45.49 45.54 45.57 45.56 45.58 45.6 45.64 45.66 45.68 45.7 45.7 45.71 45.77 45.8 45.79 45.82 45.85
39.98 39.95 39.89 39.85 39.86 39.86 39.85 39.87 39.88 39.89 39.91 39.91 39.89 39.9 39.93 39.95 39.97 39.96 39.97 40.01 40.05 40.08 40.1 40.23 40.34 40.52 40.73 40.92 41.06 41.27 41.54 41.74 41.95 42.25 42.59 42.66 42.66 43 43.35 43.62 43.68 43.94 44.3 44.51 44.71 44.97 45.17 45.27 45.36 45.39 45.41 45.4 45.43 45.42 45.41 45.43 45.46 45.42 45.4 45.45 45.48 45.5 45.53 45.55 45.55 45.56 45.59 45.62 45.61 45.62 45.71 45.75 45.75 45.77 45.78 45.79 45.82 45.83
39.87 39.86 39.78 39.69 39.71 39.7 39.68 39.67 39.68 39.67 39.68 39.72 39.73 39.69 39.69 39.66 39.68 39.72 39.74 39.82 39.86 39.89 39.9 39.93 39.99 40.13 40.31 40.49 40.61 40.8 40.99 40.93 41.08 41.36 41.7 41.81 41.9 42.22 42.59 42.85 43.09 43.43 43.78 44.01 44.24 44.52 44.75 44.9 45.14 45.33 45.39 45.39 45.43 45.43 45.42 45.4 45.38 45.41 45.41 45.4 45.44 45.49 45.53 45.53 45.52 45.53 45.59 45.61 45.63 45.65 45.7 45.73 45.75 45.76 45.77 45.79 45.82 45.82
39.69 39.68 39.71 39.7 39.72 39.73 39.74 39.75 39.78 39.73 39.74 39.75 39.73 39.77 39.81 39.84 39.82 39.77 39.72 39.68 39.67 39.67 39.71 39.75 39.83 39.91 39.95 40.01 40.07 40.19 40.32 40.3 40.42 40.65 40.93 41.11 41.32 41.68 42.08 42.32 42.56 42.89 43.23 43.44 43.72 44.02 44.2 44.38 44.69 45.02 45.19 45.33 45.44 45.44 45.43 45.42 45.4 45.41 45.42 45.44 45.46 45.49 45.53 45.53 45.51 45.56 45.64 45.63 45.62 45.65 45.69 45.7 45.71 45.72 45.72 45.78 45.83 45.84
39.83 39.8 39.87 39.93 39.92 39.92 39.91 39.89 39.86 39.87 39.89 39.87 39.84 39.85 39.89 39.92 39.9 39.89 39.88 39.85 39.82 39.8 39.75 39.78 39.78 39.69 39.66 39.63 39.71 39.81 39.93 40.01 40.1 40.25 40.4 40.55 40.76 41.15 41.53 41.78 42.01 42.35 42.63 42.83 43.16 43.51 43.7 43.92 44.23 44.55 44.77 45.01 45.31 45.43 45.45 45.46 45.43 45.46 45.51 45.49 45.43 45.5 45.53 45.53 45.51 45.56 45.63 45.63 45.65 45.65 45.67 45.68 45.73 45.74 45.73 45.8 45.86 45.88
39.95 39.94 39.94 39.94 39.93 39.91 39.91 39.89 39.89 39.88 39.89 39.87 39.85 39.87 39.89 39.91 39.88 39.89 39.92 39.89 39.88 39.87 39.82 39.83 39.8 39.66 39.59 39.54 39.56 39.61 39.79 39.86 39.9 39.94 40 40.1 40.26 40.61 40.96 41.23 41.47 41.84 42.1 42.32 42.61 42.99 43.21 43.42 43.71 44.05 44.28 44.51 44.85 45.16 45.34 45.45 45.47 45.46 45.47 45.48 45.49 45.51 45.53 45.53 45.51 45.56 45.62 45.65 45.64 45.64 45.66 45.69 45.73 45.75 45.74 45.8 45.85 45.87
39.94 39.93 39.92 39.91 39.91 39.9 39.89 39.88 39.9 39.91 39.92 39.88 39.86 39.85 39.87 39.86 39.86 39.88 39.9 39.87 39.86 39.84 39.82 39.83 39.83 39.79 39.72 39.68 39.57 39.49 39.59 39.64 39.69 39.77 39.83 39.86 39.94 40.16 40.38 40.6 40.95 41.32 41.55 41.74 42.09 42.44 42.65 42.89 43.17 43.55 43.77 43.96 44.32 44.7 44.97 45.15 45.34 45.42 45.45 45.47 45.49 45.51 45.49 45.49 45.51 45.54 45.58 45.62 45.61 45.64 45.67 45.71 45.73 45.74 45.75 45.78 45.81 45.83
39.94 39.94 39.93 39.94 39.94 39.91 39.89 39.88 39.87 39.89 39.87 39.85 39.85 39.85 39.86 39.84 39.84 39.87 39.86 39.84 39.83 39.81 39.8 39.78 39.79 39.8 39.78 39.77 39.75 39.65 39.5 39.43 39.51 39.66 39.7 39.71 39.76 39.85 39.96 40.07 40.45 40.81 41.01 41.23 41.52 41.9 42.15 42.36 42.69 43.03 43.25 43.46 43.81 44.17 44.43 44.44 44.68 44.9 45.02 45.22 45.37 45.49 45.51 45.48 45.51 45.52 45.55 45.59 45.61 45.64 45.7 45.74 45.76 45.78 45.79 45.79 45.81 45.81
39.94 39.95 39.93 39.92 39.91 39.91 39.88 39.86 39.85 39.86 39.83 39.82 39.83 39.84 39.85 39.84 39.82 39.84 39.82 39.8 39.78 39.8 39.79 39.77 39.75 39.75 39.76 39.78 39.78 39.75 39.74 39.73 39.55 39.48 39.4 39.52 39.63 39.7 39.77 39.86 40.01 40.26 40.47 40.68 41.03 41.35 41.57 41.77 42.13 42.39 42.38 42.55 42.95 43.29 43.54 43.7 44 44.26 44.46 44.79 45.08 45.31 45.41 45.46 45.51 45.51 45.53 45.57 45.61 45.65 45.71 45.76 45.79 45.81 45.81 45.8 45.82 45.84
39.94 39.95 39.94 39.9 39.88 39.89 39.85 39.83 39.84 39.84 39.83 39.83 39.82 39.82 39.84 39.86 39.84 39.86 39.84 39.81 39.79 39.78 39.78 39.78 39.78 39.76 39.73 39.71 39.72 39.74 39.76 39.78 39.73 39.6 39.42 39.43 39.44 39.53 39.63 39.67 39.8 39.94 40.04 40.15 40.47 40.49 40.66 40.9 41.26 41.54 41.62 41.84 42.23 42.52 42.76 43.11 43.46 43.74 43.96 44.3 44.66 44.91 45.1 45.28 45.45 45.49 45.49 45.5 45.59 45.64 45.69 45.76 45.8 45.81 45.73 45.75 45.79 45.82
39.94 39.94 39.92 39.9 39.88 39.86 39.83 39.8 39.81 39.81 39.84 39.84 39.85 39.85 39.83 39.82 39.83 39.85 39.84 39.81 39.78 39.77 39.75 39.77 39.78 39.75 39.71 39.71 39.69 39.71 39.74 39.76 39.77 39.73 39.67 39.58 39.48 39.43 39.44 39.49 39.53 39.69 39.76 39.83 39.97 39.93 40 40.17 40.5 40.77 40.99 41.32 41.67 41.97 42.21 42.58 42.96 43.23 43.45 43.78 44.18 44.41 44.64 44.95 45.29 45.43 45.48 45.45 45.58 45.65 45.69 45.72 45.75 45.77 45.74 45.78 45.8 45.81
39.93 39.92 39.9 39.9 39.89 39.85 39.82 39.8 39.81 39.81 39.85 39.86 39.85 39.87 39.82 39.83 39.85 39.84 39.82 39.79 39.78 39.78 39.78 39.77 39.76 39.75 39.73 39.71 39.67 39.69 39.71 39.72 39.73 39.75 39.76 39.71 39.65 39.59 39.56 39.56 39.53 39.57 39.6 39.67 39.7 39.69 39.72 39.81 40.03 40.2 40.4 40.74 41.11 41.42 41.67 42.07 42.47 42.72 42.93 43.24 43.66 43.91 44.1 44.44 44.85 45.05 45.23 45.37 45.56 45.69 45.69 45.7 45.72 45.75 45.78 45.8 45.79 45.8
39.92 39.89 39.89 39.9 39.9 39.87 39.83 39.81 39.81 39.8 39.82 39.85 39.8 39.83 39.85 39.85 39.84 39.83 39.82 39.8 39.8 39.81 39.8 39.78 39.75 39.73 39.75 39.73 39.68 39.66 39.67 39.69 39.7 39.72 39.74 39.71 39.71 39.68 39.67 39.68 39.66 39.61 39.6 39.59 39.53 39.52 39.57 39.66 39.74 39.83 39.97 40.24 40.62 40.91 41.21 41.57 41.99 42.25 42.48 42.77 43.14 43.36 43.61 43.92 44.33 44.54 44.78 45.06 45.24 45.36 45.57 45.66 45.69 45.72 45.77 45.81 45.82 45.82
