slabs/92.grd
DSAA
631 301
647670 648300
4946300 4946600
37.5 46.72
[rows 170 to 203 of 301, columns 468 to 545 of 631]
39.24 39.27 39.28 39.28 39.29 39.28 39.28 39.24 39.22 39.2 39.15 39.08 39.03 39 39.02 39.02 39.03 39.14 39.3 39.37 39.4 39.43 39.36 39.35 39.45 39.65 39.81 39.86 39.88 39.89 39.91 39.91 39.94 39.98 40 40.01 40.04 40.07 40.08 40.09 40.09 40.1 40.11 40.11 40.12 40.13 40.13 40.13 40.13 40.08 40.05 40.03 40.02 39.99 40 39.98 39.95 39.93 39.93 39.91 39.95 39.99 39.95 39.9 39.85 39.82 39.82 39.79 39.77 39.76 39.78 39.78 39.75 39.74 39.73 39.71 39.72 39.71
39.23 39.26 39.26 39.24 39.23 39.17 39.21 39.19 39.17 39.16 39.12 39.06 39.02 38.99 39.01 39.02 39.03 39.17 39.27 39.32 39.35 39.42 39.38 39.36 39.38 39.59 39.76 39.8 39.84 39.87 39.91 39.92 39.94 40.01 40.03 40.05 40.07 40.08 40.09 40.09 40.1 40.11 40.11 40.12 40.13 40.13 40.14 40.14 40.13 40.09 40.06 40.04 40.07 40.02 39.99 39.99 39.96 39.96 39.93 39.94 40.01 40.05 39.97 39.87 39.83 39.81 39.78 39.79 39.79 39.76 39.76 39.75 39.74 39.72 39.72 39.69 39.68 39.69
39.23 39.24 39.24 39.2 39.17 39.12 39.13 39.14 39.1 39.1 39.09 39.06 39.04 39.01 39.02 39.02 39.06 39.19 39.27 39.31 39.34 39.4 39.4 39.37 39.35 39.46 39.64 39.72 39.83 39.89 39.92 39.91 39.92 39.98 40.04 40.07 40.08 40.09 40.09 40.1 40.1 40.12 40.12 40.12 40.13 40.14 40.14 40.15 40.13 40.09 40.07 40.07 40.09 40.07 40.01 39.98 39.96 39.95 39.94 39.95 40.03 40.07 40.01 39.86 39.82 39.8 39.77 39.75 39.75 39.74 39.73 39.73 39.7 39.7 39.67 39.65 39.66 39.7
39.22 39.18 39.19 39.16 39.12 39.08 39.04 39.01 38.99 39.02 39.08 39.08 39.08 39.05 39.03 39.04 39.09 39.18 39.23 39.27 39.33 39.43 39.4 39.38 39.31 39.4 39.54 39.64 39.8 39.89 39.92 39.89 39.89 39.94 40.03 40.06 40.08 40.09 40.09 40.1 40.11 40.12 40.12 40.13 40.13 40.14 40.14 40.15 40.13 40.09 40.09 40.09 40.05 39.99 39.98 39.95 39.96 39.95 39.93 39.99 40.06 40.02 39.92 39.82 39.79 39.78 39.76 39.73 39.73 39.72 39.73 39.71 39.67 39.66 39.65 39.65 39.69 39.73
39.22 39.18 39.14 39.1 39.08 39.03 38.96 38.95 39.01 39.04 39.07 39.08 39.1 39.13 39.09 39.07 39.09 39.14 39.17 39.22 39.31 39.46 39.47 39.42 39.35 39.4 39.48 39.57 39.73 39.83 39.88 39.88 39.88 39.91 39.97 39.99 40.05 40.08 40.09 40.1 40.11 40.12 40.12 40.13 40.14 40.14 40.14 40.16 40.13 40.1 40.06 40.02 39.97 39.95 39.94 39.91 39.92 39.9 39.88 39.93 39.97 39.91 39.84 39.8 39.76 39.74 39.75 39.73 39.71 39.7 39.72 39.7 39.66 39.63 39.65 39.69 39.72 39.74
39.2 39.19 39.1 39.04 39 38.94 38.91 38.93 39.02 39.1 39.07 39.06 39.08 39.1 39.12 39.11 39.13 39.12 39.14 39.19 39.32 39.5 39.55 39.47 39.43 39.41 39.44 39.51 39.63 39.77 39.86 39.89 39.89 39.88 39.9 39.93 39.97 40.02 40.05 40.1 40.12 40.12 40.13 40.13 40.14 40.14 40.14 40.14 40.08 40.06 40 39.97 40.01 39.99 39.94 39.87 39.88 39.88 39.88 39.87 39.88 39.84 39.8 39.77 39.74 39.72 39.74 39.72 39.69 39.69 39.7 39.68 39.62 39.61 39.65 39.72 39.74 39.74
39.19 39.16 39.06 39.01 38.98 38.97 39 39.03 39.09 39.16 39.13 39.1 39.07 39.07 39.13 39.16 39.19 39.17 39.17 39.22 39.37 39.51 39.52 39.45 39.41 39.41 39.42 39.45 39.51 39.68 39.78 39.82 39.87 39.86 39.89 39.89 39.94 39.97 39.98 40.01 40.07 40.1 40.13 40.14 40.14 40.14 40.12 40.08 40 39.98 39.96 39.94 39.95 39.93 39.88 39.8 39.82 39.85 39.86 39.83 39.83 39.81 39.77 39.75 39.73 39.71 39.72 39.7 39.69 39.67 39.68 39.65 39.61 39.63 39.68 39.71 39.74 39.72
39.2 39.14 39.06 39.02 39.02 39.06 39.11 39.14 39.17 39.2 39.18 39.16 39.1 39.1 39.15 39.17 39.19 39.21 39.23 39.27 39.37 39.49 39.47 39.39 39.41 39.43 39.39 39.37 39.42 39.61 39.72 39.79 39.83 39.84 39.87 39.91 39.97 40 40.01 40.04 40.06 40.09 40.1 40.12 40.13 40.12 40.07 40.01 39.95 39.96 39.95 39.95 39.91 39.88 39.85 39.79 39.8 39.83 39.84 39.81 39.8 39.77 39.75 39.73 39.72 39.72 39.7 39.68 39.68 39.68 39.66 39.66 39.71 39.75 39.73 39.69 39.66 39.68
39.22 39.14 39.07 39.06 39.09 39.13 39.16 39.18 39.19 39.2 39.19 39.17 39.13 39.13 39.15 39.13 39.15 39.19 39.21 39.17 39.22 39.35 39.41 39.35 39.45 39.41 39.33 39.4 39.45 39.52 39.6 39.7 39.8 39.87 39.89 39.92 39.95 40 40.03 40.04 40.06 40.08 40.07 40.05 40.05 40.03 40 39.96 39.94 39.96 39.97 40.01 40 39.96 39.91 39.86 39.83 39.84 39.84 39.81 39.8 39.77 39.76 39.73 39.72 39.72 39.7 39.68 39.68 39.68 39.66 39.69 39.77 39.74 39.68 39.66 39.67 39.65
39.22 39.15 39.11 39.11 39.14 39.16 39.17 39.18 39.19 39.2 39.18 39.17 39.14 39.12 39.12 39.12 39.15 39.18 39.22 39.11 39.04 39.16 39.28 39.36 39.4 39.44 39.42 39.44 39.46 39.47 39.54 39.64 39.79 39.9 39.9 39.93 39.95 39.97 40.01 40.05 40.07 40.07 40.05 40.01 39.98 39.96 39.97 39.94 39.94 39.95 39.98 40.06 40.09 40.05 39.95 39.89 39.85 39.84 39.82 39.8 39.8 39.77 39.74 39.73 39.74 39.72 39.71 39.67 39.62 39.61 39.62 39.66 39.73 39.7 39.66 39.65 39.66 39.65
39.22 39.18 39.16 39.15 39.15 39.16 39.17 39.18 39.19 39.2 39.17 39.16 39.13 39.16 39.16 39.14 39.15 39.18 39.21 39.14 38.94 39.04 39.2 39.36 39.41 39.48 39.46 39.42 39.43 39.44 39.5 39.62 39.79 39.94 39.93 39.88 39.91 39.95 39.99 40.02 40.04 40.05 40.03 39.99 39.97 39.96 39.97 39.93 39.94 39.95 39.97 40.02 40.04 39.98 39.85 39.82 39.78 39.78 39.78 39.79 39.76 39.74 39.73 39.71 39.7 39.7 39.68 39.64 39.61 39.6 39.61 39.63 39.67 39.66 39.65 39.64 39.67 39.65
39.24 39.28 39.26 39.22 39.18 39.17 39.17 39.18 39.2 39.19 39.17 39.16 39.12 39.19 39.19 39.17 39.15 39.17 39.2 39.14 39 39.05 39.18 39.36 39.45 39.42 39.41 39.37 39.38 39.4 39.44 39.54 39.76 39.91 39.91 39.85 39.89 39.94 39.97 39.98 39.98 39.99 39.99 39.96 39.98 40 39.97 39.95 39.96 39.94 39.93 39.93 39.9 39.85 39.77 39.75 39.74 39.74 39.8 39.77 39.75 39.76 39.73 39.69 39.67 39.66 39.64 39.62 39.61 39.59 39.59 39.61 39.64 39.65 39.64 39.62 39.66 39.68
39.23 39.3 39.35 39.35 39.3 39.23 39.18 39.18 39.2 39.19 39.16 39.12 39.11 39.21 39.22 39.2 39.17 39.14 39.14 39.14 39.13 39.19 39.3 39.46 39.41 39.37 39.38 39.37 39.38 39.41 39.4 39.46 39.67 39.81 39.88 39.87 39.89 39.92 39.94 39.95 39.92 39.94 39.95 39.96 39.98 39.99 39.97 39.94 39.94 39.92 39.83 39.8 39.83 39.79 39.74 39.75 39.75 39.76 39.75 39.74 39.75 39.74 39.7 39.66 39.66 39.65 39.62 39.65 39.64 39.59 39.57 39.6 39.62 39.63 39.64 39.65 39.68 39.7
39.21 39.25 39.33 39.32 39.3 39.27 39.24 39.22 39.2 39.16 39.12 39.07 39.1 39.22 39.24 39.2 39.19 39.14 39.18 39.18 39.19 39.24 39.37 39.49 39.35 39.35 39.39 39.42 39.42 39.44 39.41 39.41 39.57 39.7 39.82 39.87 39.9 39.93 39.92 39.92 39.9 39.92 39.92 39.92 39.97 40 39.98 39.92 39.87 39.83 39.77 39.75 39.75 39.73 39.73 39.73 39.73 39.74 39.7 39.71 39.69 39.69 39.64 39.63 39.61 39.64 39.67 39.7 39.69 39.67 39.62 39.6 39.61 39.61 39.65 39.68 39.69 39.67
39.27 39.22 39.29 39.3 39.28 39.26 39.25 39.24 39.18 39.15 39.11 39.07 39.1 39.18 39.19 39.16 39.13 39.11 39.17 39.2 39.19 39.22 39.33 39.42 39.31 39.36 39.44 39.48 39.47 39.46 39.43 39.4 39.5 39.61 39.73 39.82 39.89 39.96 39.95 39.92 39.92 39.92 39.9 39.92 39.97 40.01 39.98 39.87 39.79 39.75 39.71 39.69 39.69 39.7 39.7 39.72 39.72 39.73 39.68 39.68 39.66 39.64 39.62 39.6 39.6 39.63 39.67 39.69 39.7 39.7 39.65 39.63 39.63 39.65 39.67 39.68 39.66 39.62
39.28 39.23 39.24 39.29 39.3 39.28 39.27 39.21 39.1 39.08 39.09 39.12 39.17 39.17 39.16 39.14 39.1 39.08 39.11 39.16 39.17 39.18 39.25 39.32 39.3 39.38 39.47 39.52 39.51 39.47 39.44 39.42 39.48 39.52 39.63 39.76 39.83 39.91 40.01 39.94 39.92 39.91 39.88 39.9 39.97 40 39.94 39.8 39.73 39.7 39.69 39.68 39.67 39.7 39.7 39.71 39.68 39.67 39.62 39.63 39.62 39.61 39.64 39.63 39.61 39.63 39.63 39.63 39.64 39.65 39.64 39.66 39.65 39.66 39.67 39.64 39.62 39.61
39.23 39.24 39.25 39.27 39.27 39.27 39.29 39.29 39.18 39.11 39.11 39.15 39.19 39.17 39.16 39.15 39.1 39.08 39.08 39.11 39.13 39.14 39.16 39.2 39.27 39.36 39.47 39.57 39.52 39.43 39.41 39.4 39.42 39.45 39.53 39.64 39.73 39.82 39.93 39.91 39.9 39.88 39.8 39.9 39.95 39.99 39.84 39.72 39.67 39.67 39.66 39.68 39.66 39.69 39.67 39.66 39.65 39.64 39.6 39.59 39.59 39.62 39.67 39.66 39.64 39.63 39.6 39.59 39.6 39.61 39.63 39.67 39.65 39.62 39.64 39.61 39.64 39.67
39.17 39.25 39.27 39.26 39.24 39.24 39.27 39.35 39.31 39.24 39.21 39.18 39.17 39.16 39.15 39.13 39.11 39.1 39.09 39.09 39.09 39.09 39.08 39.09 39.2 39.31 39.45 39.59 39.48 39.37 39.28 39.39 39.41 39.42 39.49 39.53 39.65 39.76 39.86 39.88 39.86 39.81 39.75 39.85 39.85 39.83 39.7 39.64 39.63 39.65 39.65 39.67 39.64 39.66 39.64 39.63 39.62 39.63 39.61 39.6 39.61 39.64 39.69 39.68 39.66 39.63 39.59 39.57 39.57 39.59 39.62 39.67 39.66 39.63 39.62 39.59 39.7 39.78
39.13 39.18 39.2 39.22 39.24 39.25 39.28 39.32 39.35 39.34 39.32 39.24 39.16 39.16 39.14 39.13 39.13 39.16 39.15 39.13 39.07 39.05 39.06 39.09 39.12 39.2 39.33 39.44 39.49 39.49 39.39 39.4 39.43 39.44 39.47 39.47 39.53 39.59 39.71 39.8 39.8 39.74 39.67 39.71 39.69 39.69 39.63 39.61 39.61 39.63 39.62 39.64 39.63 39.64 39.63 39.62 39.6 39.63 39.62 39.64 39.65 39.67 39.68 39.67 39.65 39.61 39.58 39.56 39.56 39.58 39.62 39.65 39.65 39.63 39.66 39.67 39.79 39.84
39.12 39.12 39.14 39.18 39.25 39.29 39.32 39.34 39.33 39.34 39.32 39.24 39.18 39.17 39.17 39.17 39.16 39.17 39.17 39.15 39.11 39.09 39.1 39.11 39.11 39.17 39.25 39.3 39.34 39.37 39.39 39.41 39.44 39.47 39.44 39.43 39.46 39.48 39.53 39.59 39.61 39.59 39.56 39.59 39.61 39.61 39.6 39.59 39.6 39.61 39.6 39.62 39.61 39.63 39.63 39.6 39.59 39.62 39.66 39.67 39.67 39.66 39.64 39.61 39.62 39.6 39.59 39.59 39.63 39.64 39.62 39.62 39.56 39.63 39.72 39.77 39.85 39.88
39.13 39.13 39.14 39.18 39.29 39.33 39.35 39.37 39.35 39.33 39.32 39.25 39.22 39.21 39.2 39.17 39.14 39.13 39.16 39.11 39.04 39.04 39.11 39.14 39.17 39.2 39.24 39.28 39.31 39.34 39.37 39.4 39.42 39.45 39.45 39.42 39.44 39.44 39.46 39.49 39.48 39.48 39.51 39.54 39.58 39.56 39.58 39.56 39.57 39.59 39.59 39.59 39.6 39.63 39.65 39.61 39.59 39.64 39.67 39.69 39.64 39.59 39.59 39.56 39.58 39.6 39.63 39.64 39.65 39.61 39.56 39.55 39.59 39.68 39.77 39.83 39.88 39.9
39.15 39.12 39.15 39.22 39.34 39.36 39.36 39.36 39.36 39.37 39.37 39.27 39.24 39.22 39.2 39.18 39.16 39.2 39.16 39.08 39 39.04 39.11 39.15 39.18 39.2 39.24 39.28 39.29 39.3 39.32 39.36 39.39 39.42 39.45 39.43 39.42 39.44 39.46 39.48 39.46 39.45 39.51 39.51 39.53 39.52 39.56 39.56 39.56 39.58 39.58 39.61 39.6 39.65 39.7 39.69 39.63 39.64 39.66 39.66 39.62 39.61 39.6 39.6 39.54 39.59 39.63 39.64 39.64 39.59 39.52 39.52 39.56 39.68 39.77 39.83 39.83 39.86
39.16 39.15 39.17 39.21 39.25 39.31 39.34 39.34 39.36 39.36 39.36 39.33 39.29 39.27 39.24 39.2 39.16 39.17 39.14 39.09 39.06 39.08 39.11 39.15 39.18 39.2 39.22 39.25 39.26 39.27 39.29 39.32 39.35 39.39 39.44 39.43 39.41 39.44 39.45 39.46 39.44 39.43 39.47 39.49 39.51 39.5 39.55 39.57 39.55 39.58 39.62 39.63 39.63 39.66 39.73 39.73 39.65 39.62 39.63 39.63 39.6 39.6 39.62 39.6 39.56 39.61 39.61 39.62 39.6 39.54 39.52 39.5 39.53 39.62 39.69 39.74 39.77 39.79
39.18 39.17 39.17 39.18 39.2 39.25 39.33 39.37 39.38 39.36 39.38 39.4 39.34 39.31 39.26 39.2 39.15 39.14 39.12 39.09 39.09 39.11 39.12 39.14 39.16 39.17 39.19 39.21 39.22 39.24 39.26 39.3 39.33 39.36 39.42 39.45 39.42 39.44 39.46 39.47 39.45 39.43 39.43 39.45 39.47 39.47 39.52 39.54 39.53 39.59 39.65 39.63 39.62 39.64 39.66 39.62 39.6 39.58 39.58 39.6 39.61 39.58 39.59 39.61 39.61 39.61 39.63 39.63 39.6 39.54 39.52 39.5 39.52 39.59 39.65 39.69 39.72 39.72
39.19 39.17 39.17 39.16 39.19 39.23 39.3 39.37 39.38 39.37 39.39 39.39 39.38 39.34 39.29 39.19 39.14 39.12 39.11 39.08 39.06 39.11 39.1 39.12 39.13 39.14 39.16 39.18 39.19 39.21 39.24 39.27 39.29 39.33 39.39 39.44 39.46 39.45 39.46 39.48 39.46 39.43 39.43 39.45 39.45 39.48 39.5 39.51 39.6 39.67 39.63 39.61 39.59 39.61 39.63 39.63 39.62 39.6 39.6 39.59 39.61 39.59 39.59 39.56 39.59 39.64 39.67 39.65 39.61 39.58 39.55 39.53 39.53 39.61 39.66 39.68 39.65 39.64
39.16 39.17 39.17 39.14 39.17 39.2 39.26 39.34 39.36 39.36 39.39 39.41 39.41 39.4 39.34 39.2 39.14 39.12 39.11 39.09 39.03 39.08 39.06 39.09 39.09 39.11 39.13 39.15 39.17 39.18 39.21 39.24 39.26 39.3 39.37 39.4 39.43 39.47 39.5 39.44 39.43 39.42 39.38 39.39 39.4 39.49 39.58 39.62 39.64 39.68 39.59 39.57 39.57 39.62 39.61 39.63 39.65 39.63 39.61 39.63 39.61 39.59 39.57 39.55 39.58 39.68 39.71 39.67 39.63 39.61 39.6 39.59 39.56 39.63 39.64 39.63 39.58 39.57
39.18 39.18 39.19 39.16 39.18 39.19 39.22 39.3 39.36 39.39 39.41 39.42 39.44 39.46 39.36 39.18 39.12 39.12 39.11 39.09 39.07 39.07 39.05 39.08 39.08 39.09 39.1 39.12 39.14 39.16 39.19 39.22 39.24 39.28 39.34 39.37 39.41 39.49 39.47 39.42 39.41 39.45 39.38 39.38 39.45 39.56 39.6 39.59 39.58 39.65 39.59 39.58 39.59 39.63 39.63 39.64 39.67 39.64 39.62 39.63 39.59 39.56 39.54 39.56 39.6 39.73 39.74 39.7 39.62 39.62 39.63 39.62 39.58 39.62 39.6 39.59 39.55 39.52
39.21 39.23 39.23 39.21 39.19 39.19 39.2 39.28 39.34 39.38 39.43 39.43 39.45 39.45 39.33 39.15 39.11 39.1 39.09 39.08 39.1 39.09 39.07 39.09 39.08 39.06 39.08 39.09 39.1 39.12 39.16 39.19 39.22 39.25 39.3 39.36 39.4 39.49 39.47 39.43 39.43 39.45 39.43 39.48 39.54 39.6 39.57 39.56 39.58 39.63 39.6 39.61 39.64 39.64 39.63 39.64 39.65 39.61 39.58 39.56 39.55 39.53 39.53 39.54 39.57 39.72 39.77 39.74 39.67 39.62 39.6 39.62 39.59 39.6 39.59 39.57 39.56 39.52
39.22 39.25 39.25 39.22 39.19 39.17 39.2 39.27 39.3 39.34 39.46 39.48 39.46 39.39 39.29 39.13 39.1 39.09 39.06 39.04 39.06 39.11 39.21 39.16 39.1 39.07 39.05 39.06 39.07 39.09 39.13 39.16 39.19 39.22 39.3 39.35 39.4 39.48 39.45 39.45 39.44 39.45 39.47 39.49 39.54 39.62 39.61 39.59 39.6 39.62 39.62 39.64 39.66 39.66 39.64 39.64 39.6 39.56 39.54 39.54 39.57 39.55 39.55 39.55 39.55 39.63 39.75 39.76 39.72 39.68 39.65 39.64 39.59 39.56 39.58 39.52 39.54 39.52
39.2 39.22 39.23 39.21 39.18 39.16 39.23 39.3 39.3 39.33 39.44 39.49 39.48 39.4 39.24 39.12 39.08 39.06 39.03 39.01 39.03 39.11 39.22 39.26 39.2 39.11 39.04 39.03 39.04 39.07 39.12 39.16 39.2 39.22 39.29 39.34 39.38 39.47 39.46 39.43 39.4 39.44 39.49 39.51 39.53 39.6 39.63 39.61 39.61 39.63 39.65 39.65 39.66 39.67 39.65 39.63 39.57 39.53 39.56 39.61 39.6 39.58 39.58 39.58 39.58 39.58 39.61 39.68 39.76 39.73 39.67 39.63 39.59 39.56 39.59 39.58 39.54 39.55
39.18 39.18 39.2 39.2 39.2 39.21 39.26 39.32 39.33 39.35 39.41 39.44 39.5 39.45 39.27 39.18 39.11 39.08 39.04 39.02 39.04 39.13 39.23 39.3 39.28 39.15 39.06 39.03 39.05 39.11 39.17 39.23 39.25 39.25 39.28 39.31 39.36 39.45 39.48 39.46 39.43 39.49 39.54 39.55 39.55 39.59 39.61 39.6 39.62 39.64 39.67 39.63 39.61 39.62 39.62 39.57 39.55 39.53 39.57 39.64 39.63 39.61 39.61 39.6 39.6 39.58 39.61 39.68 39.69 39.64 39.61 39.59 39.58 39.57 39.59 39.59 39.55 39.53
39.13 39.11 39.15 39.21 39.27 39.19 39.21 39.26 39.28 39.32 39.37 39.41 39.46 39.42 39.28 39.25 39.22 39.11 39.06 39.06 39.09 39.15 39.25 39.3 39.29 39.18 39.11 39.13 39.19 39.24 39.28 39.3 39.3 39.3 39.29 39.3 39.34 39.43 39.52 39.51 39.51 39.55 39.58 39.58 39.59 39.62 39.65 39.65 39.64 39.63 39.66 39.62 39.56 39.55 39.5 39.47 39.62 39.61 39.59 39.67 39.66 39.67 39.65 39.64 39.63 39.61 39.64 39.68 39.67 39.66 39.62 39.63 39.6 39.6 39.62 39.57 39.57 39.6
39.02 39.05 39.18 39.2 39.21 39.11 39.1 39.18 39.24 39.3 39.35 39.38 39.41 39.37 39.36 39.35 39.32 39.2 39.14 39.14 39.15 39.19 39.26 39.26 39.27 39.25 39.24 39.26 39.3 39.34 39.35 39.34 39.34 39.33 39.32 39.32 39.33 39.41 39.54 39.53 39.55 39.58 39.61 39.59 39.61 39.65 39.65 39.66 39.66 39.62 39.62 39.57 39.48 39.44 39.4 39.47 39.61 39.68 39.65 39.68 39.67 39.67 39.68 39.67 39.65 39.63 39.64 39.63 39.64 39.66 39.64 39.63 39.61 39.63 39.66 39.63 39.64 39.69
39.03 39.1 39.18 39.16 39.22 39.22 39.2 39.2 39.22 39.27 39.32 39.35 39.38 39.43 39.47 39.4 39.36 39.29 39.33 39.38 39.39 39.39 39.36 39.25 39.24 39.29 39.32 39.32 39.34 39.38 39.4 39.39 39.38 39.37 39.36 39.35 39.35 39.41 39.5 39.52 39.56 39.61 39.61 39.62 39.61 39.63 39.62 39.62 39.61 39.56 39.51 39.45 39.42 39.41 39.42 39.5 39.59 39.68 39.72 39.71 39.7 39.68 39.7 39.7 39.65 39.62 39.61 39.6 39.61 39.62 39.6 39.61 39.65 39.69 39.65 39.66 39.72 39.77
