slabs/93.grd
DSAA
631 301
647670 648300
4946600 4946900
37.11 46.36
[rows 102 to 135 of 300, columns 546 to 623 of 631]
38.81 38.84 38.83 38.81 38.8 38.79 38.8 38.81 38.78 38.76 38.78 38.78 38.79 38.79 38.76 38.74 38.75 38.76 38.77 38.74 38.75 38.73 38.72 38.72 38.72 38.71 38.71 38.69 38.67 38.67 38.69 38.69 38.67 38.65 38.66 38.65 38.64 38.63 38.64 38.63 38.63 38.63 38.61 38.59 38.61 38.59 38.59 38.57 38.57 38.53 38.5 38.48 38.47 38.46 38.45 38.44 38.42 38.42 38.4 38.39 38.38 38.37 38.38 38.36 38.36 38.36 38.39 38.45 38.55 38.66 38.82 39.13 39.69 39.86 40 39.98 39.92 39.86
38.82 38.84 38.82 38.81 38.8 38.79 38.79 38.78 38.77 38.76 38.79 38.8 38.78 38.77 38.76 38.75 38.76 38.77 38.75 38.74 38.73 38.73 38.71 38.72 38.71 38.7 38.71 38.69 38.68 38.66 38.69 38.69 38.66 38.65 38.66 38.64 38.61 38.62 38.61 38.6 38.62 38.63 38.63 38.61 38.61 38.6 38.6 38.58 38.56 38.54 38.53 38.51 38.45 38.43 38.43 38.42 38.41 38.43 38.41 38.38 38.37 38.35 38.37 38.34 38.3 38.29 38.36 38.45 38.58 38.73 38.94 39.25 39.55 39.81 39.99 39.99 39.92 39.88
38.83 38.83 38.82 38.83 38.8 38.8 38.75 38.76 38.77 38.78 38.81 38.82 38.79 38.78 38.77 38.77 38.77 38.77 38.77 38.75 38.73 38.75 38.72 38.7 38.7 38.69 38.7 38.7 38.69 38.68 38.69 38.67 38.66 38.66 38.66 38.64 38.61 38.59 38.57 38.56 38.58 38.59 38.6 38.62 38.59 38.6 38.6 38.58 38.56 38.54 38.53 38.52 38.48 38.44 38.44 38.41 38.41 38.4 38.38 38.35 38.35 38.34 38.34 38.31 38.32 38.31 38.39 38.48 38.47 38.58 38.82 39.13 39.4 39.7 39.98 40 39.97 39.92
38.83 38.84 38.83 38.84 38.78 38.82 38.78 38.79 38.79 38.8 38.78 38.8 38.77 38.8 38.79 38.77 38.77 38.76 38.79 38.76 38.73 38.73 38.71 38.7 38.7 38.68 38.7 38.7 38.68 38.68 38.67 38.67 38.66 38.64 38.64 38.64 38.6 38.58 38.58 38.56 38.56 38.58 38.59 38.62 38.59 38.61 38.59 38.57 38.55 38.56 38.54 38.51 38.49 38.46 38.43 38.44 38.43 38.4 38.39 38.37 38.36 38.38 38.37 38.3 38.29 38.3 38.41 38.45 38.43 38.5 38.73 39.03 39.29 39.58 39.84 39.98 40 39.92
38.86 38.88 38.85 38.84 38.81 38.79 38.78 38.81 38.8 38.78 38.78 38.76 38.75 38.78 38.78 38.79 38.77 38.79 38.81 38.76 38.75 38.74 38.73 38.71 38.72 38.7 38.7 38.69 38.67 38.67 38.68 38.68 38.68 38.63 38.63 38.63 38.62 38.61 38.61 38.59 38.61 38.61 38.61 38.6 38.57 38.59 38.57 38.58 38.52 38.54 38.55 38.52 38.48 38.48 38.48 38.46 38.43 38.4 38.42 38.41 38.39 38.38 38.36 38.31 38.3 38.3 38.37 38.4 38.41 38.45 38.65 38.88 39.12 39.41 39.72 39.96 40.01 39.9
38.86 38.85 38.84 38.82 38.81 38.8 38.81 38.82 38.81 38.81 38.78 38.76 38.76 38.77 38.79 38.79 38.79 38.79 38.8 38.77 38.76 38.74 38.76 38.73 38.73 38.73 38.71 38.69 38.69 38.69 38.7 38.71 38.69 38.66 38.67 38.65 38.65 38.61 38.59 38.6 38.62 38.61 38.6 38.59 38.57 38.59 38.57 38.52 38.52 38.53 38.53 38.52 38.49 38.47 38.47 38.45 38.41 38.38 38.4 38.4 38.41 38.39 38.38 38.33 38.34 38.33 38.35 38.37 38.4 38.42 38.54 38.71 38.91 39.24 39.62 39.91 39.98 39.9
38.83 38.85 38.84 38.83 38.81 38.78 38.8 38.81 38.81 38.8 38.78 38.78 38.78 38.77 38.79 38.81 38.79 38.79 38.78 38.76 38.73 38.74 38.76 38.73 38.74 38.73 38.73 38.7 38.72 38.69 38.68 38.71 38.69 38.7 38.67 38.64 38.65 38.61 38.6 38.62 38.61 38.62 38.6 38.63 38.59 38.58 38.56 38.57 38.53 38.5 38.52 38.5 38.48 38.47 38.47 38.45 38.42 38.4 38.42 38.4 38.39 38.39 38.38 38.35 38.37 38.35 38.34 38.36 38.39 38.42 38.49 38.63 38.78 39.13 39.57 39.88 39.97 39.91
38.8 38.82 38.85 38.83 38.8 38.78 38.8 38.8 38.8 38.78 38.79 38.79 38.8 38.79 38.78 38.8 38.79 38.77 38.77 38.76 38.71 38.73 38.75 38.73 38.74 38.72 38.73 38.7 38.73 38.69 38.67 38.68 38.69 38.69 38.66 38.66 38.63 38.64 38.63 38.63 38.62 38.62 38.61 38.63 38.59 38.57 38.58 38.59 38.53 38.53 38.53 38.5 38.5 38.49 38.48 38.46 38.45 38.44 38.41 38.39 38.39 38.39 38.4 38.38 38.37 38.37 38.37 38.35 38.38 38.43 38.53 38.65 38.76 39.1 39.62 39.95 40.02 39.94
38.78 38.8 38.82 38.81 38.8 38.79 38.79 38.8 38.79 38.77 38.77 38.77 38.79 38.78 38.76 38.78 38.8 38.76 38.77 38.78 38.74 38.74 38.75 38.73 38.69 38.7 38.67 38.68 38.69 38.69 38.68 38.65 38.69 38.71 38.67 38.66 38.63 38.6 38.59 38.62 38.62 38.62 38.59 38.6 38.58 38.56 38.57 38.57 38.53 38.54 38.53 38.51 38.5 38.52 38.49 38.48 38.46 38.44 38.42 38.39 38.38 38.39 38.41 38.38 38.37 38.38 38.38 38.35 38.38 38.46 38.59 38.71 38.78 39.11 39.7 40 40.02 39.94
38.77 38.79 38.81 38.8 38.8 38.8 38.81 38.81 38.8 38.78 38.75 38.75 38.76 38.75 38.77 38.77 38.76 38.74 38.75 38.77 38.76 38.76 38.76 38.73 38.7 38.7 38.69 38.66 38.63 38.65 38.67 38.67 38.67 38.69 38.67 38.65 38.63 38.59 38.56 38.6 38.63 38.63 38.59 38.6 38.6 38.58 38.57 38.58 38.56 38.55 38.53 38.52 38.5 38.53 38.51 38.48 38.45 38.43 38.45 38.41 38.38 38.39 38.4 38.38 38.37 38.38 38.36 38.34 38.34 38.44 38.6 38.74 38.82 39.1 39.64 39.97 40.01 39.99
38.78 38.8 38.82 38.8 38.8 38.82 38.83 38.81 38.8 38.78 38.76 38.76 38.74 38.75 38.78 38.79 38.76 38.75 38.74 38.74 38.72 38.75 38.75 38.73 38.7 38.7 38.68 38.66 38.64 38.64 38.65 38.64 38.65 38.66 38.67 38.65 38.63 38.61 38.59 38.63 38.64 38.64 38.62 38.62 38.6 38.6 38.59 38.6 38.58 38.56 38.54 38.54 38.52 38.53 38.51 38.49 38.46 38.45 38.47 38.45 38.42 38.43 38.4 38.37 38.37 38.38 38.38 38.36 38.38 38.39 38.46 38.61 38.73 38.98 39.51 39.95 40.03 40
38.78 38.79 38.8 38.8 38.82 38.82 38.82 38.8 38.79 38.81 38.8 38.78 38.77 38.75 38.76 38.77 38.76 38.75 38.73 38.73 38.74 38.77 38.76 38.74 38.72 38.69 38.69 38.67 38.65 38.66 38.65 38.64 38.63 38.63 38.65 38.63 38.65 38.64 38.63 38.65 38.63 38.63 38.63 38.63 38.61 38.61 38.6 38.58 38.58 38.56 38.54 38.54 38.52 38.52 38.5 38.49 38.47 38.45 38.47 38.46 38.44 38.42 38.4 38.4 38.4 38.4 38.39 38.38 38.4 38.41 38.45 38.47 38.55 38.92 39.39 39.84 40.02 40.02
38.77 38.76 38.77 38.79 38.82 38.81 38.8 38.8 38.82 38.81 38.79 38.79 38.78 38.73 38.74 38.72 38.75 38.75 38.74 38.71 38.74 38.76 38.77 38.75 38.73 38.72 38.7 38.7 38.68 38.67 38.66 38.64 38.65 38.63 38.63 38.63 38.65 38.65 38.64 38.64 38.61 38.62 38.61 38.63 38.63 38.61 38.6 38.56 38.58 38.58 38.56 38.54 38.53 38.56 38.51 38.49 38.49 38.47 38.47 38.46 38.44 38.42 38.4 38.4 38.39 38.39 38.37 38.36 38.38 38.38 38.36 38.35 38.36 38.73 39.31 39.74 39.9 39.99
38.74 38.77 38.76 38.77 38.79 38.8 38.8 38.8 38.79 38.8 38.81 38.79 38.79 38.81 38.8 38.78 38.73 38.79 38.77 38.74 38.76 38.78 38.77 38.75 38.74 38.76 38.73 38.71 38.72 38.7 38.67 38.65 38.66 38.64 38.63 38.65 38.65 38.65 38.62 38.63 38.61 38.62 38.6 38.62 38.63 38.62 38.6 38.58 38.56 38.59 38.58 38.56 38.56 38.55 38.52 38.51 38.52 38.49 38.46 38.44 38.45 38.42 38.42 38.41 38.41 38.42 38.39 38.39 38.38 38.36 38.35 38.36 38.36 38.53 39.1 39.48 39.77 39.99
38.74 38.76 38.77 38.76 38.76 38.78 38.81 38.8 38.81 38.79 38.78 38.78 38.8 38.78 38.77 38.78 38.75 38.77 38.77 38.74 38.76 38.78 38.77 38.76 38.77 38.76 38.74 38.73 38.72 38.7 38.68 38.68 38.67 38.67 38.65 38.65 38.68 38.65 38.62 38.61 38.62 38.62 38.6 38.61 38.63 38.62 38.6 38.59 38.56 38.57 38.58 38.56 38.56 38.54 38.52 38.5 38.5 38.49 38.47 38.45 38.43 38.41 38.44 38.41 38.4 38.43 38.39 38.38 38.38 38.37 38.45 38.49 38.38 38.47 38.93 39.22 39.62 39.96
38.74 38.74 38.75 38.75 38.77 38.75 38.79 38.79 38.79 38.81 38.81 38.78 38.77 38.79 38.77 38.77 38.74 38.73 38.76 38.76 38.77 38.78 38.79 38.77 38.77 38.76 38.74 38.74 38.71 38.7 38.69 38.7 38.69 38.68 38.65 38.66 38.68 38.65 38.6 38.61 38.64 38.63 38.61 38.59 38.61 38.62 38.62 38.59 38.56 38.57 38.57 38.55 38.56 38.54 38.52 38.51 38.51 38.52 38.49 38.47 38.46 38.44 38.45 38.44 38.42 38.42 38.38 38.37 38.39 38.39 38.52 38.58 38.42 38.42 38.83 39.09 39.51 39.93
38.7 38.75 38.75 38.75 38.75 38.77 38.78 38.8 38.8 38.78 38.8 38.77 38.77 38.78 38.76 38.76 38.74 38.74 38.77 38.76 38.77 38.79 38.78 38.76 38.76 38.77 38.74 38.72 38.71 38.7 38.69 38.7 38.72 38.69 38.66 38.63 38.65 38.64 38.64 38.63 38.64 38.64 38.63 38.6 38.62 38.61 38.61 38.58 38.58 38.56 38.54 38.55 38.54 38.54 38.52 38.52 38.5 38.48 38.5 38.48 38.47 38.48 38.45 38.43 38.42 38.43 38.4 38.38 38.4 38.41 38.53 38.58 38.46 38.32 38.68 38.94 39.43 39.92
38.71 38.73 38.73 38.75 38.75 38.76 38.77 38.77 38.78 38.79 38.78 38.77 38.75 38.75 38.74 38.74 38.75 38.75 38.77 38.74 38.76 38.77 38.76 38.75 38.76 38.74 38.73 38.72 38.73 38.72 38.69 38.7 38.68 38.68 38.66 38.64 38.64 38.65 38.66 38.63 38.59 38.61 38.58 38.59 38.58 38.6 38.59 38.58 38.56 38.53 38.52 38.51 38.51 38.53 38.52 38.52 38.5 38.48 38.5 38.49 38.48 38.5 38.46 38.44 38.43 38.45 38.43 38.41 38.42 38.41 38.5 38.52 38.44 38.27 38.48 38.72 39.27 39.85
38.7 38.72 38.71 38.73 38.7 38.72 38.74 38.75 38.76 38.78 38.76 38.75 38.74 38.73 38.74 38.71 38.73 38.74 38.75 38.73 38.75 38.76 38.74 38.75 38.77 38.75 38.76 38.74 38.73 38.72 38.71 38.69 38.68 38.66 38.65 38.66 38.69 38.67 38.63 38.63 38.63 38.61 38.61 38.62 38.61 38.58 38.58 38.55 38.54 38.53 38.52 38.5 38.49 38.53 38.52 38.53 38.5 38.48 38.5 38.5 38.49 38.48 38.45 38.45 38.44 38.45 38.44 38.45 38.43 38.41 38.42 38.44 38.4 38.28 38.32 38.57 39.21 39.78
38.7 38.7 38.7 38.69 38.69 38.71 38.72 38.74 38.74 38.76 38.76 38.75 38.76 38.74 38.73 38.71 38.73 38.74 38.75 38.73 38.75 38.75 38.75 38.73 38.73 38.75 38.76 38.75 38.73 38.72 38.73 38.71 38.73 38.68 38.64 38.65 38.65 38.64 38.63 38.62 38.63 38.61 38.62 38.6 38.59 38.55 38.56 38.52 38.53 38.55 38.53 38.52 38.5 38.53 38.52 38.52 38.5 38.48 38.48 38.49 38.48 38.46 38.43 38.41 38.44 38.46 38.45 38.44 38.42 38.41 38.42 38.42 38.33 38.25 38.21 38.45 39.02 39.74
38.7 38.7 38.69 38.65 38.67 38.68 38.7 38.73 38.74 38.75 38.76 38.77 38.74 38.75 38.73 38.72 38.73 38.71 38.74 38.72 38.73 38.75 38.74 38.73 38.71 38.73 38.71 38.69 38.72 38.7 38.71 38.7 38.69 38.64 38.62 38.65 38.66 38.65 38.63 38.64 38.62 38.6 38.59 38.58 38.57 38.56 38.54 38.51 38.53 38.53 38.52 38.54 38.52 38.51 38.52 38.5 38.5 38.48 38.47 38.47 38.48 38.48 38.46 38.45 38.45 38.45 38.46 38.45 38.43 38.45 38.42 38.42 38.41 38.36 38.23 38.36 38.89 39.62
38.68 38.7 38.69 38.62 38.63 38.65 38.68 38.71 38.72 38.74 38.75 38.75 38.74 38.74 38.72 38.71 38.7 38.71 38.73 38.71 38.7 38.73 38.7 38.72 38.74 38.73 38.71 38.72 38.72 38.7 38.68 38.68 38.66 38.62 38.62 38.64 38.67 38.66 38.64 38.63 38.63 38.62 38.59 38.58 38.57 38.56 38.53 38.51 38.53 38.52 38.49 38.51 38.52 38.52 38.52 38.52 38.51 38.52 38.49 38.47 38.49 38.48 38.5 38.48 38.46 38.45 38.45 38.44 38.44 38.42 38.42 38.45 38.48 38.45 38.32 38.34 38.82 39.47
38.64 38.65 38.67 38.62 38.63 38.67 38.7 38.71 38.7 38.71 38.73 38.72 38.7 38.71 38.7 38.71 38.73 38.72 38.7 38.7 38.71 38.73 38.66 38.68 38.72 38.72 38.72 38.72 38.71 38.69 38.69 38.67 38.66 38.64 38.61 38.63 38.65 38.65 38.64 38.62 38.63 38.63 38.6 38.58 38.56 38.53 38.52 38.51 38.52 38.51 38.49 38.48 38.5 38.53 38.52 38.53 38.53 38.53 38.5 38.51 38.52 38.52 38.5 38.47 38.47 38.47 38.47 38.47 38.45 38.43 38.43 38.48 38.54 38.48 38.36 38.27 38.68 39.33
38.64 38.67 38.67 38.65 38.64 38.67 38.71 38.67 38.68 38.71 38.7 38.71 38.69 38.69 38.74 38.72 38.7 38.68 38.7 38.69 38.72 38.72 38.64 38.69 38.72 38.71 38.7 38.71 38.7 38.69 38.71 38.69 38.68 38.66 38.62 38.62 38.61 38.63 38.65 38.64 38.63 38.61 38.59 38.57 38.56 38.54 38.53 38.52 38.49 38.5 38.49 38.47 38.49 38.49 38.51 38.53 38.52 38.48 38.48 38.49 38.47 38.48 38.45 38.44 38.44 38.47 38.48 38.47 38.46 38.45 38.45 38.46 38.53 38.5 38.46 38.28 38.45 39.1
38.62 38.64 38.65 38.67 38.71 38.72 38.69 38.64 38.68 38.69 38.71 38.7 38.72 38.72 38.71 38.69 38.7 38.69 38.69 38.68 38.69 38.67 38.65 38.69 38.72 38.69 38.69 38.7 38.68 38.7 38.7 38.71 38.69 38.66 38.64 38.62 38.61 38.63 38.65 38.65 38.62 38.6 38.6 38.58 38.57 38.55 38.52 38.48 38.47 38.46 38.46 38.46 38.47 38.45 38.48 38.5 38.49 38.46 38.47 38.5 38.49 38.46 38.45 38.45 38.43 38.47 38.49 38.46 38.48 38.45 38.46 38.44 38.49 38.48 38.48 38.36 38.38 38.83
38.61 38.63 38.64 38.65 38.71 38.71 38.69 38.68 38.69 38.69 38.69 38.69 38.72 38.72 38.7 38.67 38.65 38.66 38.67 38.68 38.67 38.66 38.67 38.69 38.69 38.67 38.69 38.68 38.67 38.7 38.7 38.69 38.67 38.65 38.66 38.64 38.63 38.62 38.63 38.63 38.6 38.59 38.59 38.57 38.55 38.53 38.52 38.52 38.5 38.49 38.49 38.47 38.48 38.49 38.48 38.46 38.48 38.47 38.47 38.48 38.48 38.46 38.45 38.47 38.46 38.47 38.47 38.45 38.46 38.45 38.46 38.44 38.47 38.49 38.49 38.48 38.44 38.62
38.62 38.6 38.6 38.62 38.66 38.69 38.69 38.7 38.68 38.7 38.67 38.67 38.7 38.69 38.66 38.65 38.64 38.65 38.67 38.67 38.66 38.67 38.66 38.67 38.66 38.65 38.67 38.66 38.68 38.7 38.72 38.67 38.67 38.65 38.62 38.64 38.63 38.62 38.61 38.61 38.59 38.56 38.54 38.52 38.55 38.53 38.51 38.53 38.5 38.46 38.46 38.46 38.47 38.49 38.48 38.46 38.46 38.47 38.49 38.51 38.51 38.48 38.46 38.46 38.46 38.46 38.47 38.45 38.46 38.47 38.47 38.45 38.46 38.49 38.53 38.55 38.46 38.52
38.62 38.6 38.59 38.61 38.64 38.66 38.68 38.7 38.68 38.68 38.65 38.66 38.66 38.66 38.65 38.64 38.65 38.65 38.67 38.64 38.64 38.64 38.66 38.68 38.66 38.62 38.67 38.67 38.67 38.67 38.69 38.68 38.68 38.61 38.61 38.62 38.61 38.6 38.6 38.58 38.56 38.56 38.54 38.51 38.55 38.53 38.54 38.51 38.49 38.47 38.44 38.46 38.47 38.48 38.5 38.48 38.46 38.46 38.47 38.49 38.51 38.47 38.44 38.45 38.45 38.46 38.48 38.46 38.45 38.46 38.46 38.45 38.42 38.45 38.52 38.55 38.47 38.47
38.61 38.6 38.59 38.59 38.61 38.63 38.64 38.68 38.68 38.65 38.64 38.66 38.64 38.65 38.67 38.65 38.64 38.65 38.65 38.63 38.62 38.61 38.66 38.67 38.67 38.69 38.69 38.66 38.65 38.68 38.67 38.65 38.65 38.64 38.61 38.62 38.61 38.6 38.61 38.62 38.59 38.56 38.56 38.54 38.53 38.5 38.52 38.51 38.48 38.49 38.45 38.44 38.43 38.47 38.49 38.49 38.48 38.49 38.48 38.49 38.49 38.46 38.44 38.45 38.45 38.45 38.47 38.43 38.43 38.43 38.43 38.42 38.42 38.44 38.49 38.55 38.47 38.39
38.6 38.6 38.57 38.55 38.57 38.6 38.61 38.66 38.66 38.64 38.65 38.65 38.65 38.65 38.66 38.65 38.63 38.63 38.64 38.63 38.63 38.63 38.64 38.65 38.66 38.69 38.66 38.66 38.68 38.66 38.64 38.61 38.59 38.6 38.59 38.6 38.59 38.6 38.58 38.6 38.57 38.59 38.57 38.54 38.51 38.49 38.5 38.47 38.46 38.5 38.49 38.47 38.42 38.46 38.49 38.49 38.49 38.5 38.49 38.49 38.5 38.48 38.46 38.45 38.44 38.44 38.44 38.43 38.42 38.41 38.41 38.41 38.44 38.44 38.48 38.58 38.42 38.33
38.6 38.59 38.57 38.55 38.57 38.59 38.6 38.64 38.64 38.64 38.65 38.62 38.63 38.65 38.66 38.62 38.61 38.63 38.67 38.65 38.63 38.59 38.62 38.64 38.64 38.65 38.62 38.63 38.64 38.63 38.64 38.61 38.62 38.59 38.6 38.57 38.57 38.57 38.55 38.57 38.57 38.56 38.54 38.52 38.51 38.49 38.49 38.47 38.45 38.5 38.51 38.48 38.45 38.46 38.48 38.48 38.48 38.45 38.43 38.44 38.49 38.47 38.44 38.44 38.43 38.44 38.44 38.42 38.4 38.37 38.39 38.41 38.43 38.44 38.47 38.61 38.49 38.32
38.6 38.59 38.59 38.58 38.6 38.6 38.61 38.62 38.62 38.62 38.63 38.62 38.63 38.65 38.67 38.66 38.64 38.65 38.64 38.63 38.63 38.61 38.62 38.65 38.63 38.61 38.61 38.59 38.59 38.59 38.59 38.6 38.58 38.59 38.57 38.56 38.54 38.54 38.55 38.57 38.55 38.52 38.5 38.49 38.51 38.48 38.48 38.47 38.45 38.47 38.47 38.44 38.42 38.44 38.45 38.44 38.47 38.45 38.43 38.46 38.48 38.46 38.44 38.43 38.41 38.42 38.45 38.41 38.4 38.39 38.41 38.41 38.43 38.42 38.44 38.58 38.55 38.4
38.57 38.59 38.6 38.59 38.59 38.6 38.58 38.6 38.63 38.63 38.61 38.63 38.61 38.62 38.6 38.62 38.62 38.63 38.61 38.63 38.65 38.62 38.62 38.63 38.6 38.61 38.59 38.57 38.58 38.55 38.54 38.53 38.52 38.55 38.56 38.56 38.53 38.51 38.52 38.54 38.53 38.5 38.48 38.49 38.48 38.46 38.48 38.47 38.45 38.45 38.45 38.43 38.42 38.44 38.45 38.46 38.46 38.46 38.47 38.48 38.46 38.47 38.45 38.44 38.43 38.41 38.43 38.41 38.38 38.39 38.39 38.41 38.41 38.39 38.42 38.47 38.42 38.31
38.57 38.56 38.55 38.56 38.58 38.59 38.61 38.63 38.63 38.61 38.62 38.62 38.6 38.63 38.59 38.61 38.59 38.61 38.62 38.63 38.63 38.61 38.61 38.61 38.59 38.59 38.58 38.56 38.55 38.53 38.53 38.52 38.5 38.52 38.53 38.53 38.51 38.48 38.49 38.51 38.53 38.49 38.47 38.49 38.45 38.46 38.48 38.49 38.45 38.45 38.49 38.45 38.44 38.44 38.44 38.44 38.46 38.48 38.48 38.48 38.48 38.47 38.43 38.42 38.45 38.44 38.42 38.39 38.37 38.37 38.38 38.44 38.42 38.41 38.41 38.38 38.31 38.23
