slabs/93.grd
DSAA
631 301
647670 648300
4946600 4946900
37.11 46.36
[rows 170 to 203 of 300, columns 78 to 155 of 631]
41.07 41.12 41.21 41.18 41.14 41.17 41.13 41.15 41.11 41.03 40.95 40.94 40.95 40.85 40.8 40.8 40.76 40.7 40.59 40.5 40.45 40.36 40.31 40.28 40.27 40.14 40.06 40.04 40.02 39.94 39.88 39.86 39.82 39.74 39.7 39.67 39.59 39.54 39.5 39.49 39.41 39.41 39.39 39.36 39.29 39.22 39.22 39.2 39.17 39.14 39.12 39.12 39.04 38.98 38.99 38.96 38.95 38.94 38.93 38.9 38.87 38.87 38.86 38.85 38.85 38.83 38.84 38.89 38.83 38.84 38.84 38.87 38.91 38.94 38.95 39.07 39.12 39.16
40.67 40.84 41 41.07 41.05 41.06 41.07 41.06 41.03 41.03 40.95 40.89 40.89 40.85 40.78 40.78 40.73 40.64 40.56 40.48 40.43 40.35 40.3 40.28 40.24 40.14 40.09 40.08 40.05 39.97 39.92 39.89 39.82 39.74 39.7 39.66 39.57 39.53 39.49 39.45 39.41 39.38 39.39 39.37 39.34 39.27 39.27 39.25 39.18 39.18 39.21 39.24 39.18 39.04 39.02 39 38.96 38.96 38.96 38.92 38.9 38.91 38.9 38.87 38.84 38.85 38.9 38.96 38.9 38.96 38.93 38.96 39.01 39 39.01 39.02 39.03 39.04
40.01 40.34 40.6 40.79 40.85 40.82 40.87 40.9 40.94 41.02 40.91 40.84 40.85 40.83 40.76 40.72 40.68 40.63 40.57 40.52 40.47 40.38 40.33 40.28 40.21 40.13 40.11 40.11 40.07 39.98 39.94 39.91 39.83 39.75 39.72 39.66 39.57 39.51 39.48 39.43 39.4 39.39 39.38 39.34 39.35 39.3 39.28 39.26 39.23 39.26 39.28 39.28 39.29 39.24 39.22 39.17 39.01 39.04 39.04 38.98 38.97 38.95 38.94 38.88 38.86 38.91 38.97 39.01 39 39.06 39.05 39.02 39.02 39 39.02 38.99 38.99 38.98
39.48 39.78 39.99 40.17 40.31 40.39 40.56 40.66 40.77 40.83 40.79 40.8 40.87 40.86 40.74 40.69 40.64 40.59 40.52 40.49 40.43 40.38 40.32 40.26 40.2 40.14 40.13 40.11 40.06 39.97 39.94 39.91 39.82 39.76 39.72 39.67 39.6 39.54 39.5 39.44 39.39 39.4 39.37 39.31 39.31 39.35 39.31 39.3 39.32 39.28 39.28 39.27 39.24 39.24 39.26 39.25 39.14 39.15 39.1 39.07 39.08 39.05 39 38.97 38.96 39 39 39.03 39.03 39.05 39.07 39.04 39.03 39.02 39.01 39 39.03 39.01
39.55 39.45 39.52 39.64 39.81 39.86 40.16 40.29 40.46 40.62 40.67 40.72 40.75 40.79 40.77 40.7 40.61 40.53 40.49 40.46 40.38 40.34 40.29 40.25 40.21 40.14 40.12 40.1 40.03 39.97 39.94 39.91 39.81 39.75 39.71 39.67 39.63 39.6 39.55 39.49 39.43 39.38 39.35 39.32 39.27 39.24 39.23 39.22 39.2 39.17 39.18 39.19 39.19 39.19 39.2 39.21 39.18 39.17 39.14 39.12 39.09 39.05 39.03 39.02 39 39.02 39.01 39.04 39.03 39.01 39.04 39.05 39.07 39.04 39.02 39.05 39.05 39.04
39.72 39.53 39.55 39.61 39.66 39.56 39.54 39.7 39.99 40.19 40.39 40.52 40.54 40.62 40.69 40.64 40.56 40.5 40.48 40.44 40.36 40.32 40.27 40.23 40.19 40.14 40.1 40.06 39.99 39.95 39.95 39.89 39.81 39.73 39.68 39.65 39.6 39.6 39.57 39.49 39.45 39.44 39.39 39.35 39.33 39.32 39.31 39.26 39.23 39.19 39.17 39.16 39.15 39.14 39.14 39.16 39.16 39.15 39.13 39.1 39.07 39.05 39.06 39.06 39.03 39.02 39.04 39.05 39.03 39.02 39.05 39.06 39.07 39.04 39.06 39.08 39.05 39.07
39.82 39.75 39.73 39.73 39.7 39.53 39.45 39.55 39.72 39.76 39.97 40.18 40.32 40.4 40.45 40.48 40.51 40.47 40.44 40.41 40.36 40.29 40.24 40.2 40.13 40.08 40.02 40.03 39.99 39.96 39.92 39.89 39.82 39.77 39.73 39.67 39.61 39.57 39.54 39.5 39.46 39.44 39.4 39.36 39.36 39.35 39.33 39.29 39.23 39.21 39.24 39.23 39.2 39.16 39.17 39.16 39.14 39.13 39.13 39.11 39.08 39.08 39.08 39.08 39.06 39.06 39.07 39.05 39.03 39.04 39.07 39.05 39.03 39.05 39.08 39.06 39.04 39.06
39.81 39.82 39.8 39.8 39.76 39.67 39.69 39.73 39.7 39.54 39.6 39.8 40.02 40.08 40.1 40.21 40.36 40.41 40.42 40.39 40.34 40.24 40.19 40.17 40.1 40.04 40.03 40.03 40.02 39.97 39.92 39.88 39.85 39.77 39.73 39.67 39.61 39.56 39.52 39.49 39.48 39.46 39.42 39.39 39.38 39.37 39.34 39.31 39.27 39.25 39.27 39.24 39.21 39.18 39.2 39.19 39.15 39.14 39.15 39.12 39.11 39.09 39.1 39.1 39.08 39.09 39.1 39.08 39.05 39.07 39.09 39.07 39.05 39.05 39.09 39.08 39.08 39.14
39.75 39.78 39.78 39.79 39.75 39.77 39.8 39.81 39.71 39.49 39.43 39.5 39.55 39.6 39.67 39.79 40 40.21 40.33 40.31 40.29 40.21 40.15 40.17 40.12 40.03 39.97 39.95 39.95 39.9 39.86 39.82 39.83 39.78 39.74 39.67 39.6 39.57 39.53 39.51 39.48 39.43 39.39 39.39 39.37 39.35 39.33 39.3 39.27 39.26 39.25 39.22 39.19 39.18 39.19 39.21 39.17 39.15 39.12 39.12 39.12 39.1 39.11 39.09 39.08 39.1 39.12 39.1 39.06 39.09 39.09 39.11 39.09 39.05 39.15 39.18 39.21 39.24
39.71 39.74 39.74 39.73 39.71 39.75 39.76 39.76 39.66 39.51 39.44 39.32 39.09 39.21 39.32 39.45 39.65 39.87 40.01 39.9 40.12 40.1 40.05 40.13 40.21 40.14 40.04 39.93 39.88 39.84 39.8 39.78 39.78 39.75 39.72 39.66 39.6 39.58 39.54 39.5 39.46 39.42 39.39 39.38 39.36 39.35 39.32 39.28 39.25 39.24 39.23 39.22 39.2 39.18 39.18 39.17 39.16 39.15 39.13 39.11 39.11 39.12 39.12 39.1 39.09 39.1 39.1 39.1 39.09 39.15 39.16 39.16 39.21 39.21 39.25 39.25 39.27 39.26
39.68 39.69 39.69 39.68 39.71 39.71 39.72 39.72 39.7 39.59 39.52 39.4 39.16 39.07 39.09 39.21 39.42 39.57 39.54 39.23 39.32 39.74 39.91 40.09 40.27 40.18 40.07 39.9 39.85 39.83 39.79 39.76 39.71 39.67 39.67 39.61 39.61 39.62 39.57 39.48 39.44 39.41 39.4 39.37 39.37 39.35 39.32 39.26 39.25 39.24 39.21 39.23 39.26 39.25 39.23 39.21 39.22 39.21 39.19 39.15 39.16 39.13 39.14 39.19 39.17 39.19 39.22 39.23 39.21 39.22 39.24 39.23 39.26 39.26 39.27 39.29 39.28 39.26
39.67 39.65 39.65 39.66 39.7 39.71 39.74 39.7 39.65 39.62 39.59 39.47 39.26 39.04 38.94 39 39.18 39.11 38.85 38.51 38.52 39.04 39.46 39.99 40.23 40.15 40.01 39.8 39.76 39.75 39.75 39.75 39.67 39.66 39.64 39.57 39.61 39.61 39.56 39.47 39.42 39.38 39.4 39.37 39.36 39.34 39.31 39.27 39.26 39.24 39.21 39.23 39.3 39.32 39.33 39.35 39.35 39.35 39.33 39.28 39.27 39.26 39.28 39.31 39.3 39.29 39.31 39.31 39.3 39.31 39.29 39.27 39.27 39.28 39.27 39.26 39.23 39.17
39.61 39.64 39.64 39.62 39.62 39.64 39.62 39.64 39.66 39.63 39.65 39.57 39.38 39.11 38.96 38.85 38.92 38.6 38.27 38.11 38.31 38.7 39.12 39.68 40.02 40.02 39.88 39.68 39.65 39.65 39.66 39.71 39.67 39.65 39.62 39.55 39.56 39.55 39.5 39.43 39.39 39.36 39.4 39.36 39.33 39.33 39.31 39.24 39.23 39.22 39.22 39.19 39.23 39.25 39.33 39.36 39.37 39.38 39.35 39.33 39.34 39.32 39.32 39.33 39.35 39.38 39.37 39.36 39.36 39.33 39.33 39.33 39.31 39.32 39.28 39.19 39.15 39.09
39.47 39.56 39.65 39.63 39.63 39.6 39.59 39.62 39.64 39.61 39.63 39.62 39.48 39.28 39.13 38.97 38.98 38.51 38.3 38.32 38.52 38.72 39.04 39.56 39.83 39.83 39.72 39.58 39.57 39.58 39.59 39.64 39.64 39.61 39.6 39.53 39.52 39.48 39.44 39.4 39.37 39.36 39.38 39.35 39.31 39.32 39.27 39.26 39.26 39.23 39.21 39.18 39.16 39.17 39.22 39.24 39.29 39.31 39.31 39.33 39.31 39.31 39.33 39.34 39.33 39.35 39.34 39.38 39.37 39.33 39.35 39.35 39.34 39.32 39.24 39.16 39.12 39.09
39.25 39.39 39.5 39.55 39.6 39.58 39.57 39.59 39.57 39.58 39.6 39.58 39.52 39.47 39.4 39.25 39.21 38.89 38.69 38.59 38.72 38.86 39.14 39.57 39.68 39.64 39.56 39.49 39.52 39.52 39.53 39.55 39.57 39.59 39.61 39.54 39.5 39.46 39.41 39.38 39.36 39.35 39.35 39.32 39.29 39.29 39.26 39.23 39.23 39.22 39.22 39.21 39.19 39.17 39.21 39.15 39.16 39.18 39.19 39.21 39.16 39.21 39.26 39.27 39.27 39.31 39.31 39.37 39.36 39.32 39.32 39.3 39.29 39.24 39.17 39.14 39.13 39.11
39.03 39.17 39.26 39.35 39.56 39.61 39.59 39.62 39.57 39.57 39.57 39.56 39.53 39.55 39.53 39.44 39.41 39.29 39.08 38.82 38.81 38.97 39.24 39.46 39.51 39.47 39.41 39.44 39.48 39.47 39.49 39.5 39.48 39.52 39.57 39.57 39.54 39.47 39.39 39.35 39.36 39.35 39.34 39.31 39.28 39.24 39.23 39.25 39.27 39.25 39.23 39.21 39.19 39.17 39.16 39.14 39.13 39.11 39.13 39.14 39.11 39.13 39.13 39.16 39.16 39.21 39.23 39.29 39.3 39.27 39.23 39.19 39.19 39.15 39.11 39.11 39.14 39.16
38.79 38.85 38.73 38.94 39.28 39.53 39.57 39.61 39.57 39.53 39.53 39.54 39.51 39.52 39.51 39.47 39.45 39.42 39.29 39.07 38.92 39.05 39.25 39.36 39.39 39.38 39.36 39.41 39.4 39.42 39.48 39.44 39.42 39.44 39.5 39.55 39.53 39.51 39.46 39.38 39.35 39.33 39.28 39.28 39.25 39.22 39.21 39.23 39.25 39.24 39.23 39.22 39.22 39.2 39.16 39.16 39.16 39.14 39.14 39.13 39.12 39.1 39.07 39.1 39.07 39.08 39.11 39.17 39.17 39.16 39.08 39.08 39.08 39.09 39.11 39.13 39.16 39.18
38.36 38.38 38.34 38.59 38.91 39.23 39.35 39.44 39.51 39.53 39.52 39.5 39.49 39.48 39.48 39.44 39.45 39.42 39.29 39.1 39.02 39.09 39.22 39.3 39.33 39.35 39.35 39.43 39.41 39.42 39.43 39.43 39.44 39.42 39.44 39.5 39.53 39.55 39.54 39.43 39.34 39.29 39.22 39.23 39.22 39.22 39.21 39.19 39.22 39.22 39.2 39.21 39.21 39.2 39.18 39.16 39.17 39.16 39.13 39.13 39.1 39.09 39.1 39.1 39.08 39.06 39.07 39.08 39.06 39.08 39.03 39.02 39.06 39.1 39.12 39.14 39.17 39.2
38.16 38.13 38.16 38.32 38.6 38.85 38.99 39.17 39.38 39.5 39.5 39.47 39.48 39.46 39.45 39.44 39.46 39.43 39.34 39.21 39.13 39.15 39.23 39.26 39.27 39.3 39.34 39.37 39.38 39.37 39.39 39.41 39.4 39.39 39.38 39.39 39.44 39.49 39.56 39.53 39.47 39.42 39.29 39.21 39.19 39.22 39.2 39.18 39.21 39.21 39.2 39.2 39.19 39.19 39.18 39.16 39.16 39.15 39.12 39.12 39.1 39.07 39.11 39.1 39.12 39.1 39.08 39.08 39.06 39.08 39.05 39.04 39.1 39.16 39.11 39.14 39.21 39.22
38.26 38.17 38.13 38.16 38.34 38.54 38.68 38.88 39.23 39.34 39.38 39.41 39.43 39.44 39.43 39.44 39.43 39.45 39.43 39.32 39.23 39.21 39.23 39.22 39.24 39.28 39.33 39.35 39.37 39.37 39.37 39.38 39.38 39.37 39.34 39.32 39.33 39.35 39.46 39.52 39.55 39.51 39.39 39.3 39.26 39.22 39.19 39.18 39.19 39.2 39.21 39.23 39.21 39.18 39.18 39.17 39.16 39.15 39.15 39.12 39.11 39.09 39.11 39.14 39.13 39.1 39.04 39.03 39.04 39.07 39.07 39.09 39.15 39.14 39.13 39.17 39.22 39.2
38.34 38.29 38.3 38.22 38.15 38.28 38.41 38.68 39.1 39.25 39.33 39.38 39.38 39.4 39.43 39.41 39.41 39.44 39.46 39.38 39.32 39.27 39.22 39.22 39.26 39.29 39.3 39.35 39.35 39.34 39.3 39.28 39.29 39.28 39.26 39.23 39.25 39.24 39.32 39.41 39.48 39.46 39.42 39.38 39.35 39.27 39.19 39.16 39.16 39.16 39.17 39.22 39.2 39.19 39.18 39.18 39.16 39.17 39.14 39.12 39.14 39.11 39.12 39.13 39.15 39.11 39.08 39.09 39.1 39.1 39.09 39.1 39.13 39.18 39.2 39.19 39.17 39.17
38.38 38.38 38.41 38.36 38.09 38.07 38.23 38.54 39.01 39.25 39.34 39.42 39.41 39.39 39.41 39.42 39.42 39.45 39.46 39.39 39.34 39.27 39.23 39.23 39.3 39.33 39.31 39.31 39.29 39.27 39.23 39.2 39.2 39.19 39.2 39.17 39.18 39.18 39.2 39.27 39.33 39.38 39.39 39.37 39.36 39.32 39.25 39.18 39.17 39.11 39.14 39.13 39.16 39.18 39.2 39.18 39.16 39.23 39.2 39.19 39.15 39.09 39.11 39.11 39.12 39.12 39.11 39.12 39.12 39.11 39.13 39.13 39.16 39.2 39.23 39.21 39.19 39.2
38.38 38.36 38.38 38.39 38.24 38.2 38.19 38.36 38.78 39.02 39.18 39.3 39.4 39.38 39.37 39.38 39.4 39.43 39.41 39.38 39.35 39.31 39.24 39.24 39.29 39.29 39.29 39.26 39.26 39.24 39.2 39.17 39.15 39.15 39.16 39.14 39.13 39.13 39.13 39.17 39.22 39.29 39.34 39.37 39.31 39.28 39.3 39.25 39.19 39.17 39.15 39.15 39.15 39.17 39.17 39.17 39.16 39.21 39.23 39.27 39.24 39.2 39.18 39.17 39.13 39.11 39.1 39.09 39.11 39.13 39.16 39.15 39.19 39.23 39.25 39.23 39.21 39.23
38.36 38.31 38.29 38.34 38.35 38.35 38.25 38.18 38.46 38.68 38.95 39.18 39.29 39.3 39.31 39.34 39.35 39.36 39.36 39.36 39.33 39.3 39.24 39.22 39.22 39.19 39.23 39.23 39.22 39.19 39.16 39.15 39.1 39.1 39.11 39.11 39.12 39.12 39.12 39.18 39.18 39.2 39.24 39.29 39.28 39.27 39.29 39.28 39.27 39.22 39.17 39.16 39.18 39.17 39.17 39.17 39.16 39.17 39.19 39.24 39.28 39.29 39.26 39.26 39.25 39.24 39.21 39.16 39.12 39.15 39.17 39.17 39.21 39.24 39.26 39.24 39.21 39.22
38.29 38.24 38.24 38.36 38.42 38.43 38.35 38.3 38.19 38.29 38.73 39.11 39.23 39.25 39.27 39.3 39.32 39.32 39.33 39.34 39.32 39.28 39.26 39.2 39.15 39.12 39.17 39.18 39.14 39.1 39.07 39.07 39.04 39.07 39.09 39.09 39.09 39.09 39.1 39.13 39.17 39.17 39.17 39.18 39.22 39.27 39.26 39.22 39.25 39.27 39.17 39.13 39.14 39.12 39.13 39.12 39.16 39.15 39.15 39.17 39.24 39.31 39.35 39.37 39.34 39.3 39.24 39.16 39.11 39.14 39.17 39.18 39.19 39.21 39.23 39.24 39.22 39.2
38.27 38.24 38.29 38.38 38.43 38.42 38.51 38.63 38.62 38.7 38.91 39.15 39.25 39.25 39.25 39.27 39.29 39.3 39.31 39.33 39.33 39.3 39.27 39.18 39.11 39.09 39.11 39.13 39.11 39.07 39.01 39 39.02 39.07 39.06 39.05 39.07 39.07 39.07 39.08 39.11 39.13 39.15 39.14 39.19 39.23 39.21 39.22 39.27 39.26 39.21 39.16 39.14 39.14 39.12 39.11 39.13 39.16 39.16 39.14 39.19 39.29 39.39 39.38 39.34 39.25 39.15 39.11 39.09 39.12 39.16 39.17 39.17 39.17 39.19 39.23 39.2 39.18
38.31 38.34 38.4 38.52 38.66 38.73 38.8 38.89 39.03 39.09 39.09 39.17 39.27 39.26 39.24 39.26 39.27 39.29 39.31 39.32 39.32 39.31 39.24 39.15 39.09 39.06 39.09 39.12 39.12 39.09 39.08 39.05 39.03 39.02 39.01 39.03 39.02 39.02 39.04 39.05 39.07 39.08 39.1 39.11 39.13 39.19 39.2 39.18 39.22 39.25 39.28 39.26 39.19 39.13 39.13 39.13 39.13 39.15 39.17 39.15 39.15 39.26 39.39 39.36 39.3 39.2 39.11 39.12 39.11 39.15 39.19 39.21 39.21 39.19 39.22 39.25 39.2 39.22
38.42 38.54 38.63 38.82 38.99 39.07 39.02 39.02 39.11 39.1 39.1 39.17 39.25 39.23 39.22 39.25 39.26 39.27 39.31 39.31 39.33 39.34 39.25 39.18 39.13 39.03 39.07 39.1 39.09 39.09 39.06 39.02 39 39.01 39.01 39 38.98 39.01 39.04 39.03 39.05 39.07 39.07 39.08 39.11 39.14 39.12 39.12 39.15 39.19 39.26 39.29 39.24 39.17 39.14 39.14 39.14 39.13 39.15 39.15 39.13 39.21 39.32 39.33 39.23 39.18 39.14 39.13 39.15 39.18 39.22 39.25 39.22 39.22 39.24 39.23 39.23 39.22
38.65 38.77 38.9 39.06 39.17 39.15 39.08 39.08 39.1 39.09 39.11 39.19 39.22 39.19 39.17 39.19 39.21 39.23 39.29 39.33 39.38 39.37 39.24 39.1 39.08 39.03 39.05 39.12 39.12 39.09 39.05 39 39 38.98 38.95 38.95 38.96 39.02 39.04 39.05 39.06 39.07 39.08 39.08 39.1 39.12 39.12 39.1 39.12 39.16 39.2 39.26 39.27 39.24 39.17 39.14 39.13 39.13 39.15 39.15 39.12 39.16 39.19 39.21 39.15 39.14 39.14 39.13 39.13 39.18 39.2 39.23 39.2 39.26 39.25 39.21 39.2 39.18
38.97 39.02 39.08 39.11 39.13 39.12 39.07 39.1 39.1 39.08 39.09 39.11 39.14 39.15 39.14 39.19 39.18 39.22 39.29 39.27 39.3 39.35 39.25 39.16 39.12 39.03 39.05 39.1 39.11 39.08 39.02 39 38.99 38.99 38.98 39.01 39.01 39.06 39.11 39.14 39.15 39.15 39.15 39.14 39.1 39.11 39.13 39.11 39.14 39.17 39.18 39.19 39.27 39.26 39.23 39.18 39.11 39.11 39.13 39.13 39.11 39.13 39.16 39.15 39.18 39.09 39.11 39.14 39.15 39.21 39.21 39.24 39.22 39.23 39.24 39.17 39.16 39.15
39.16 39.17 39.12 39.08 39.04 39.06 39.09 39.12 39.12 39.1 39.13 39.11 39.08 39.11 39.18 39.22 39.2 39.2 39.23 39.27 39.31 39.34 39.22 39.15 39.12 39.05 39.05 39.05 39.06 39.09 39.07 39.05 39.06 39.08 39.07 39.08 39.05 39.08 39.16 39.21 39.26 39.24 39.19 39.17 39.13 39.1 39.12 39.15 39.16 39.14 39.15 39.15 39.24 39.23 39.23 39.18 39.13 39.12 39.11 39.11 39.12 39.12 39.12 39.19 39.17 39.12 39.12 39.14 39.17 39.17 39.21 39.25 39.18 39.19 39.2 39.17 39.16 39.14
39.14 39.11 39.08 39.06 39.08 39.07 39.08 39.09 39.09 39.14 39.17 39.14 39.07 39.13 39.13 39.12 39.14 39.15 39.19 39.23 39.28 39.29 39.15 39.1 39.11 39.1 39.08 39.09 39.09 39.09 39.05 39.04 39.05 39.07 39.1 39.1 39.06 39.08 39.17 39.22 39.29 39.24 39.16 39.15 39.13 39.11 39.14 39.17 39.14 39.12 39.14 39.17 39.2 39.22 39.24 39.23 39.16 39.09 39.07 39.1 39.16 39.16 39.14 39.17 39.13 39.1 39.12 39.15 39.19 39.21 39.22 39.23 39.18 39.19 39.19 39.14 39.11 39.1
39.11 39.15 39.1 39.1 39.09 39.08 39.03 39.1 39.15 39.21 39.17 39.1 39.08 39.1 39.12 39.12 39.14 39.16 39.18 39.25 39.29 39.2 39.11 39.07 39.07 39.1 39.07 39.09 39.1 39.05 39 39.01 39.02 39.04 39.1 39.1 39.06 39.08 39.16 39.17 39.24 39.22 39.18 39.15 39.13 39.16 39.18 39.16 39.14 39.12 39.11 39.16 39.21 39.22 39.23 39.21 39.18 39.14 39.12 39.12 39.16 39.15 39.14 39.16 39.1 39.1 39.13 39.15 39.19 39.21 39.21 39.18 39.2 39.21 39.2 39.16 39.08 39.04
39.2 39.2 39.2 39.18 39.18 39.19 39.16 39.14 39.19 39.29 39.2 39.1 39.09 39.07 39.09 39.1 39.11 39.13 39.17 39.22 39.24 39.13 39.07 39.04 39.03 39.05 39.03 39.04 39.07 39.04 39.01 39.01 39.04 39.08 39.11 39.1 39.08 39.07 39.12 39.12 39.19 39.23 39.23 39.23 39.16 39.18 39.2 39.16 39.11 39.12 39.12 39.17 39.15 39.17 39.18 39.19 39.19 39.17 39.14 39.11 39.1 39.12 39.14 39.17 39.11 39.12 39.15 39.17 39.18 39.17 39.2 39.19 39.21 39.23 39.23 39.22 39.15 39.08
