slabs/93.grd
DSAA
631 301
647670 648300
4946600 4946900
37.11 46.36
[rows 170 to 203 of 300, columns 0 to 77 of 631]
38.63 38.58 38.57 38.64 38.66 38.68 38.78 38.86 38.97 39.04 39.05 39.11 38.98 39.07 39.21 39.29 39.37 39.35 39.39 39.45 39.55 39.68 39.8 39.81 39.81 39.84 39.82 39.78 39.78 39.75 39.77 39.82 39.83 39.81 39.82 39.84 39.85 39.83 39.85 39.86 39.87 39.89 39.89 39.87 39.9 39.94 39.94 39.96 39.96 39.88 39.82 39.8 39.83 39.83 39.91 39.99 40.06 39.97 39.75 39.62 39.58 39.42 39.24 39.16 39.11 38.92 38.95 39.07 39.17 39.23 39.31 39.43 39.64 40.14 40.48 40.45 40.7 40.96
38.74 38.69 38.69 38.76 38.71 38.63 38.72 38.67 38.7 38.71 38.68 38.67 38.55 38.57 38.69 38.8 38.91 38.95 39.05 39.18 39.32 39.5 39.7 39.73 39.74 39.81 39.85 39.78 39.77 39.76 39.77 39.82 39.8 39.83 39.81 39.82 39.81 39.82 39.83 39.85 39.83 39.86 39.85 39.87 39.9 39.88 39.92 39.9 39.9 39.89 39.88 39.86 39.89 39.87 39.93 39.95 39.99 39.97 39.87 39.81 39.81 39.73 39.67 39.56 39.31 39.16 39.17 39.22 39.15 39.11 39.14 39.19 39.28 39.72 40.03 39.94 40.08 40.44
38.89 38.91 38.96 39 38.97 38.88 38.85 38.73 38.73 38.75 38.69 38.59 38.51 38.45 38.47 38.52 38.56 38.56 38.68 38.86 39.03 39.18 39.36 39.5 39.53 39.65 39.74 39.7 39.69 39.71 39.72 39.76 39.73 39.69 39.78 39.8 39.8 39.79 39.77 39.79 39.82 39.82 39.84 39.85 39.87 39.85 39.88 39.89 39.88 39.89 39.86 39.83 39.86 39.85 39.89 39.89 39.88 39.9 39.89 39.88 39.85 39.79 39.77 39.72 39.53 39.45 39.48 39.46 39.35 39.29 39.31 39.34 39.37 39.57 39.65 39.53 39.45 39.72
39.01 39.02 39.05 39.06 39.07 39.04 38.99 38.91 38.92 38.95 38.94 38.86 38.77 38.65 38.53 38.46 38.4 38.37 38.43 38.51 38.61 38.72 38.85 38.98 39.08 39.31 39.52 39.57 39.56 39.5 39.48 39.5 39.47 39.57 39.79 39.81 39.8 39.76 39.76 39.76 39.8 39.82 39.8 39.78 39.82 39.81 39.81 39.82 39.84 39.86 39.83 39.81 39.83 39.83 39.83 39.84 39.83 39.84 39.86 39.86 39.85 39.83 39.83 39.83 39.77 39.71 39.72 39.67 39.55 39.51 39.53 39.58 39.62 39.59 39.55 39.35 39.24 39.23
39.07 39.05 39.03 39.04 39.04 39.03 39.03 39.01 39.02 38.99 39.03 39 38.97 38.89 38.79 38.75 38.72 38.62 38.46 38.35 38.34 38.38 38.45 38.49 38.55 38.73 38.94 39.13 39.19 39.2 39.19 39.2 39.21 39.31 39.56 39.69 39.7 39.67 39.65 39.68 39.64 39.66 39.72 39.74 39.75 39.78 39.77 39.78 39.81 39.82 39.81 39.8 39.81 39.82 39.79 39.81 39.79 39.81 39.82 39.81 39.81 39.82 39.83 39.84 39.88 39.87 39.89 39.83 39.74 39.71 39.72 39.72 39.7 39.63 39.63 39.45 39.45 39.54
39.08 39.08 39.06 39.04 39.04 39.03 39.01 39.01 39.02 38.99 39.01 38.99 39 38.98 38.95 38.97 38.98 38.94 38.84 38.74 38.66 38.55 38.44 38.38 38.33 38.33 38.45 38.54 38.65 38.8 38.84 38.89 38.92 38.97 39.24 39.26 39.16 39.23 39.23 39.3 39.36 39.47 39.57 39.59 39.59 39.66 39.7 39.75 39.79 39.79 39.79 39.79 39.77 39.78 39.77 39.78 39.78 39.8 39.78 39.78 39.8 39.8 39.78 39.76 39.77 39.75 39.77 39.82 39.84 39.89 39.87 39.79 39.75 39.67 39.68 39.57 39.64 39.78
39.08 39.09 39.08 39.04 39.05 39.07 39.03 39.04 39.02 38.99 38.95 38.97 38.96 38.96 38.94 38.93 38.91 38.93 38.9 38.88 38.86 38.82 38.71 38.59 38.5 38.44 38.45 38.35 38.39 38.45 38.45 38.48 38.46 38.46 38.64 38.62 38.61 38.72 38.82 38.92 39.04 39.2 39.27 39.28 39.33 39.44 39.52 39.63 39.73 39.71 39.77 39.78 39.76 39.75 39.73 39.75 39.76 39.78 39.79 39.79 39.79 39.78 39.81 39.77 39.73 39.74 39.76 39.78 39.76 39.8 39.8 39.8 39.79 39.71 39.72 39.72 39.79 39.84
39.08 39.08 39.06 39.07 39.05 39.07 39.05 39.03 39.02 38.99 38.99 38.98 38.98 38.97 38.9 38.9 38.88 38.88 38.87 38.88 38.88 38.85 38.8 38.75 38.7 38.65 38.66 38.61 38.58 38.56 38.54 38.5 38.43 38.39 38.34 38.3 38.31 38.33 38.44 38.55 38.65 38.84 38.91 38.93 39.05 39.18 39.24 39.39 39.56 39.5 39.67 39.73 39.74 39.74 39.73 39.71 39.72 39.72 39.67 39.73 39.75 39.76 39.74 39.72 39.71 39.73 39.74 39.75 39.76 39.76 39.77 39.77 39.74 39.72 39.75 39.78 39.8 39.81
39.07 39.08 39.04 39.06 39.06 39.05 39.01 39 39.01 38.99 39.01 38.98 38.97 38.96 38.94 38.93 38.9 38.88 38.86 38.87 38.85 38.85 38.83 38.8 38.78 38.75 38.76 38.77 38.75 38.75 38.74 38.71 38.67 38.64 38.5 38.42 38.33 38.23 38.2 38.23 38.3 38.45 38.56 38.62 38.75 38.85 38.87 39.02 39.19 39.18 39.33 39.47 39.44 39.42 39.46 39.47 39.56 39.63 39.55 39.58 39.67 39.73 39.72 39.73 39.73 39.7 39.69 39.72 39.74 39.72 39.73 39.7 39.71 39.7 39.73 39.75 39.75 39.76
39.07 39.09 39.07 39.08 39.07 39.06 39.03 39 38.98 39 39 38.97 38.97 38.97 38.95 38.94 38.92 38.92 38.89 38.86 38.85 38.84 38.85 38.83 38.8 38.77 38.77 38.77 38.78 38.79 38.78 38.78 38.78 38.76 38.72 38.68 38.6 38.52 38.43 38.37 38.29 38.21 38.27 38.3 38.41 38.5 38.56 38.63 38.7 38.78 38.86 38.97 39.05 39.07 39.13 39.19 39.3 39.39 39.37 39.42 39.55 39.66 39.66 39.69 39.69 39.69 39.68 39.68 39.69 39.66 39.68 39.65 39.67 39.68 39.7 39.7 39.7 39.72
39.11 39.09 39.09 39.07 39.04 39.06 39.05 39.02 39 38.99 38.97 38.96 38.96 38.94 38.96 38.95 38.93 38.93 38.91 38.89 38.88 38.84 38.85 38.84 38.82 38.8 38.79 38.77 38.8 38.79 38.8 38.81 38.82 38.82 38.8 38.79 38.77 38.73 38.68 38.66 38.56 38.49 38.42 38.39 38.29 38.25 38.23 38.26 38.29 38.36 38.44 38.54 38.71 38.77 38.82 38.89 38.95 39.05 39.12 39.22 39.2 39.29 39.35 39.5 39.52 39.53 39.54 39.55 39.58 39.61 39.62 39.62 39.65 39.67 39.66 39.68 39.69 39.7
39.07 39.07 39.08 39.07 39.07 39.05 39.05 39.02 39 39 38.97 38.96 38.97 38.95 38.95 38.92 38.93 38.92 38.91 38.91 38.91 38.87 38.84 38.82 38.84 38.85 38.82 38.8 38.82 38.79 38.83 38.84 38.81 38.82 38.81 38.79 38.77 38.77 38.73 38.79 38.74 38.72 38.71 38.66 38.62 38.47 38.37 38.38 38.35 38.31 38.27 38.25 38.34 38.41 38.48 38.45 38.42 38.49 38.59 38.73 38.79 38.86 38.95 39.07 39.14 39.25 39.28 39.32 39.39 39.45 39.46 39.53 39.63 39.67 39.66 39.66 39.66 39.7
39.05 39.06 39.07 39.05 39.06 39.03 39.03 39.01 39 39.02 38.98 38.96 38.98 38.96 38.94 38.91 38.93 38.91 38.91 38.91 38.93 38.9 38.85 38.83 38.82 38.83 38.84 38.83 38.85 38.83 38.82 38.84 38.83 38.82 38.82 38.81 38.79 38.76 38.74 38.77 38.76 38.76 38.76 38.72 38.71 38.62 38.54 38.58 38.56 38.52 38.5 38.49 38.5 38.49 38.48 38.4 38.27 38.22 38.24 38.31 38.43 38.47 38.54 38.63 38.73 38.9 38.98 39.04 39.1 39.14 39.2 39.37 39.53 39.62 39.66 39.62 39.59 39.61
39.06 39.05 39.05 39.03 39.03 39.01 39.03 39.01 38.99 39 38.97 38.97 38.99 38.97 38.94 38.95 38.93 38.9 38.9 38.91 38.9 38.88 38.88 38.88 38.88 38.86 38.84 38.83 38.84 38.85 38.83 38.81 38.83 38.84 38.84 38.82 38.79 38.76 38.76 38.78 38.78 38.76 38.77 38.74 38.71 38.7 38.67 38.69 38.68 38.67 38.65 38.67 38.68 38.66 38.61 38.59 38.45 38.36 38.32 38.29 38.25 38.22 38.26 38.36 38.42 38.52 38.62 38.73 38.76 38.8 38.95 39.18 39.33 39.38 39.43 39.43 39.45 39.47
39.05 39.03 39.05 39.04 39.03 39.01 39.02 39.01 39 38.98 38.98 38.98 38.99 38.98 38.95 38.95 38.94 38.91 38.9 38.9 38.91 38.9 38.9 38.88 38.91 38.89 38.85 38.85 38.87 38.85 38.84 38.84 38.83 38.81 38.83 38.83 38.82 38.79 38.76 38.77 38.75 38.75 38.75 38.73 38.7 38.71 38.7 38.69 38.69 38.7 38.68 38.67 38.69 38.67 38.66 38.67 38.61 38.56 38.54 38.51 38.38 38.26 38.24 38.22 38.19 38.2 38.27 38.39 38.37 38.45 38.6 38.8 38.96 38.99 39.07 39.17 39.28 39.29
39.04 39.04 39.07 39.06 39.04 39.01 39.01 39 39.01 39.02 39.03 39.01 38.99 38.99 38.95 38.93 38.92 38.91 38.94 38.93 38.96 38.94 38.92 38.91 38.92 38.89 38.87 38.86 38.85 38.86 38.85 38.84 38.82 38.81 38.81 38.83 38.82 38.79 38.77 38.77 38.75 38.75 38.73 38.71 38.7 38.71 38.71 38.68 38.69 38.7 38.7 38.68 38.69 38.67 38.66 38.65 38.63 38.61 38.6 38.58 38.55 38.5 38.49 38.45 38.39 38.38 38.27 38.2 38.16 38.21 38.28 38.4 38.54 38.6 38.63 38.76 38.87 38.98
39.03 39.06 39.08 39.05 39.05 39.04 39.01 39 38.99 39.02 39.03 39.04 39.02 39.03 38.99 38.97 38.95 38.93 38.94 38.97 38.99 38.96 38.95 38.93 38.9 38.88 38.89 38.88 38.88 38.88 38.88 38.86 38.84 38.82 38.81 38.82 38.81 38.77 38.77 38.77 38.76 38.75 38.73 38.72 38.7 38.72 38.71 38.68 38.71 38.7 38.72 38.7 38.67 38.67 38.66 38.66 38.64 38.66 38.63 38.58 38.56 38.58 38.59 38.57 38.56 38.55 38.47 38.43 38.36 38.33 38.23 38.22 38.21 38.22 38.34 38.55 38.63 38.71
39.03 39.05 39.06 39.06 39.04 39.03 39.01 39.02 39.01 39.04 39.05 39.06 39.04 39.04 39.02 39.01 38.99 38.96 38.96 39 38.98 38.95 38.94 38.94 38.89 38.88 38.9 38.88 38.87 38.86 38.87 38.86 38.84 38.82 38.82 38.81 38.8 38.77 38.76 38.76 38.75 38.74 38.74 38.76 38.72 38.72 38.69 38.68 38.72 38.7 38.71 38.7 38.67 38.64 38.66 38.65 38.67 38.68 38.62 38.62 38.61 38.63 38.6 38.61 38.61 38.59 38.57 38.53 38.51 38.49 38.43 38.38 38.33 38.28 38.37 38.44 38.44 38.37
39.04 39.04 39.05 39.05 39.06 39.05 39.04 39.05 39.03 39.05 39.04 39.03 39.05 39.04 39.06 39.04 39.02 38.99 39.01 39.01 38.98 38.99 38.95 38.96 38.93 38.91 38.9 38.88 38.85 38.84 38.84 38.84 38.82 38.8 38.8 38.79 38.76 38.77 38.76 38.75 38.75 38.76 38.76 38.74 38.73 38.71 38.68 38.69 38.72 38.71 38.7 38.71 38.68 38.66 38.63 38.64 38.66 38.67 38.64 38.62 38.61 38.6 38.58 38.6 38.61 38.59 38.58 38.54 38.54 38.54 38.52 38.52 38.48 38.43 38.45 38.44 38.41 38.26
39.05 39.03 39.04 39.03 39.03 39.06 39.04 39.04 39.03 39.05 39.04 39.03 39.06 39.04 39.05 39.04 39.06 39.03 39.04 39.02 39.01 39.02 38.97 38.97 38.94 38.92 38.92 38.89 38.86 38.85 38.83 38.82 38.8 38.77 38.77 38.78 38.75 38.76 38.76 38.74 38.72 38.73 38.73 38.7 38.72 38.74 38.71 38.68 38.7 38.73 38.71 38.72 38.69 38.68 38.67 38.65 38.64 38.66 38.64 38.63 38.65 38.63 38.6 38.59 38.6 38.6 38.57 38.55 38.55 38.55 38.55 38.55 38.52 38.48 38.47 38.45 38.43 38.34
39.04 39 39.06 39.07 39.04 39.03 39.04 39.06 39.06 39.06 39.08 39.09 39.08 39.06 39.05 39.05 39.07 39.04 39.03 39.02 39.01 39.01 38.99 38.97 38.92 38.91 38.92 38.91 38.87 38.87 38.83 38.8 38.79 38.76 38.77 38.76 38.76 38.76 38.76 38.75 38.73 38.73 38.7 38.67 38.7 38.71 38.69 38.7 38.7 38.72 38.71 38.7 38.69 38.67 38.66 38.65 38.65 38.64 38.64 38.63 38.65 38.65 38.63 38.61 38.61 38.6 38.57 38.56 38.53 38.53 38.53 38.51 38.51 38.48 38.47 38.44 38.42 38.36
39.05 39.03 39.06 39.06 39.08 39.06 39.06 39.08 39.11 39.1 39.08 39.1 39.1 39.09 39.06 39.05 39.07 39.03 39.02 39.02 39 38.99 39.01 38.98 38.92 38.91 38.9 38.91 38.86 38.85 38.83 38.81 38.79 38.78 38.75 38.74 38.75 38.76 38.73 38.76 38.75 38.74 38.72 38.7 38.68 38.68 38.67 38.69 38.7 38.72 38.72 38.7 38.67 38.68 38.66 38.67 38.66 38.64 38.61 38.61 38.63 38.62 38.63 38.62 38.63 38.6 38.58 38.55 38.52 38.51 38.49 38.48 38.49 38.47 38.45 38.46 38.45 38.36
39.05 39.05 39.08 39.07 39.1 39.09 39.09 39.1 39.12 39.11 39.08 39.08 39.1 39.1 39.07 39.05 39.06 39.03 39.03 39.01 39.01 38.98 39 38.97 38.92 38.91 38.89 38.86 38.84 38.84 38.84 38.79 38.78 38.75 38.74 38.76 38.74 38.71 38.73 38.72 38.73 38.74 38.72 38.71 38.7 38.7 38.71 38.71 38.72 38.72 38.69 38.71 38.71 38.69 38.68 38.66 38.65 38.64 38.6 38.59 38.6 38.58 38.6 38.59 38.61 38.58 38.57 38.52 38.51 38.5 38.5 38.48 38.46 38.42 38.41 38.41 38.4 38.36
39.06 39.06 39.08 39.09 39.11 39.1 39.09 39.09 39.12 39.12 39.09 39.09 39.09 39.09 39.06 39.06 39.06 39.03 39.01 39.01 38.99 38.97 38.96 38.96 38.92 38.84 38.83 38.85 38.84 38.84 38.84 38.8 38.77 38.78 38.8 38.75 38.73 38.73 38.72 38.73 38.74 38.74 38.73 38.73 38.72 38.7 38.7 38.7 38.72 38.7 38.69 38.7 38.7 38.68 38.69 38.68 38.68 38.67 38.62 38.61 38.6 38.57 38.58 38.55 38.56 38.52 38.53 38.51 38.49 38.47 38.48 38.51 38.49 38.41 38.38 38.39 38.4 38.38
39.08 39.07 39.07 39.09 39.1 39.08 39.07 39.07 39.13 39.13 39.11 39.1 39.1 39.08 39.06 39.07 39.04 39.02 39.03 39.04 39 38.99 38.95 38.92 38.93 38.87 38.84 38.82 38.81 38.81 38.81 38.82 38.78 38.77 38.79 38.75 38.72 38.7 38.7 38.72 38.71 38.72 38.73 38.73 38.72 38.69 38.67 38.69 38.7 38.69 38.69 38.67 38.66 38.67 38.67 38.71 38.73 38.71 38.65 38.63 38.62 38.58 38.56 38.53 38.53 38.5 38.51 38.52 38.51 38.47 38.44 38.45 38.46 38.4 38.38 38.38 38.34 38.32
39.09 39.07 39.05 39.08 39.08 39.09 39.09 39.08 39.1 39.08 39.1 39.09 39.08 39.05 39.05 39.06 39.04 39.03 39.01 38.98 38.95 38.94 38.92 38.91 38.91 38.91 38.88 38.84 38.81 38.77 38.77 38.79 38.75 38.74 38.79 38.76 38.74 38.72 38.7 38.68 38.68 38.69 38.7 38.73 38.71 38.69 38.68 38.7 38.7 38.69 38.69 38.67 38.67 38.69 38.67 38.71 38.74 38.71 38.62 38.62 38.59 38.58 38.55 38.52 38.51 38.52 38.53 38.5 38.47 38.46 38.46 38.44 38.43 38.4 38.34 38.31 38.28 38.3
39.11 39.1 39.04 39.07 39.09 39.11 39.1 39.11 39.08 39.06 39.07 39.07 39.08 39.05 39.03 39.02 39.02 39.02 39.01 39.02 38.95 38.95 38.94 38.93 38.91 38.92 38.89 38.84 38.81 38.79 38.77 38.76 38.76 38.74 38.76 38.74 38.72 38.72 38.7 38.68 38.66 38.66 38.69 38.72 38.73 38.71 38.71 38.73 38.72 38.7 38.7 38.71 38.7 38.71 38.69 38.69 38.73 38.71 38.63 38.63 38.59 38.56 38.54 38.53 38.52 38.5 38.49 38.47 38.48 38.45 38.44 38.43 38.43 38.39 38.29 38.25 38.25 38.27
39.12 39.13 39.1 39.09 39.09 39.09 39.11 39.09 39.08 39.06 39.07 39.04 39.06 39.03 39.02 39.02 39.02 39 38.99 38.99 38.98 38.97 38.97 38.93 38.91 38.93 38.9 38.86 38.84 38.84 38.81 38.77 38.78 38.76 38.74 38.72 38.71 38.71 38.69 38.7 38.67 38.66 38.69 38.71 38.72 38.7 38.72 38.71 38.71 38.71 38.74 38.72 38.72 38.7 38.69 38.7 38.72 38.66 38.62 38.59 38.56 38.54 38.52 38.49 38.49 38.49 38.47 38.47 38.48 38.43 38.37 38.36 38.37 38.34 38.28 38.28 38.35 38.39
39.12 39.12 39.1 39.09 39.06 39.06 39.07 39.09 39.09 39.05 39.07 39.04 39.06 39.03 39.03 38.99 38.99 38.98 38.95 38.95 38.94 38.93 38.93 38.91 38.91 38.9 38.88 38.86 38.86 38.84 38.81 38.78 38.77 38.75 38.75 38.73 38.74 38.72 38.71 38.7 38.67 38.68 38.72 38.7 38.69 38.69 38.7 38.71 38.7 38.72 38.74 38.72 38.7 38.68 38.66 38.66 38.67 38.64 38.58 38.58 38.56 38.52 38.5 38.47 38.47 38.48 38.47 38.46 38.44 38.39 38.31 38.28 38.32 38.36 38.35 38.36 38.49 38.62
39.13 39.12 39.13 39.1 39.06 39.05 39.07 39.07 39.07 39.02 39.04 39.03 39.02 39.02 39.04 39.01 38.97 38.94 38.95 38.96 38.94 38.91 38.9 38.92 38.92 38.9 38.89 38.87 38.85 38.83 38.8 38.8 38.78 38.76 38.76 38.74 38.74 38.72 38.73 38.71 38.68 38.71 38.73 38.71 38.72 38.71 38.7 38.7 38.72 38.7 38.69 38.71 38.69 38.68 38.66 38.63 38.64 38.62 38.61 38.6 38.56 38.51 38.48 38.45 38.43 38.39 38.35 38.36 38.35 38.34 38.3 38.29 38.37 38.5 38.52 38.52 38.7 38.9
39.1 39.08 39.09 39.08 39.06 39.05 39.05 39.07 39.04 39.01 39.02 39.03 38.99 39 39 38.99 38.95 38.92 38.95 38.96 38.94 38.92 38.91 38.92 38.9 38.91 38.9 38.89 38.86 38.82 38.77 38.8 38.8 38.78 38.75 38.74 38.74 38.74 38.71 38.71 38.7 38.73 38.68 38.69 38.7 38.69 38.7 38.71 38.69 38.7 38.68 38.68 38.68 38.67 38.65 38.63 38.6 38.6 38.57 38.56 38.52 38.47 38.44 38.43 38.37 38.32 38.31 38.3 38.32 38.38 38.41 38.45 38.6 38.73 38.79 38.82 39.03 39.12
39.1 39.07 39.07 39.07 39.06 39.05 39.04 39.04 39.01 39 38.98 39 38.96 38.97 38.96 38.97 38.95 38.93 38.95 38.93 38.92 38.92 38.91 38.91 38.89 38.9 38.9 38.89 38.86 38.83 38.79 38.79 38.78 38.76 38.73 38.73 38.73 38.71 38.69 38.69 38.66 38.7 38.68 38.69 38.69 38.69 38.69 38.72 38.72 38.7 38.66 38.66 38.65 38.63 38.64 38.63 38.6 38.57 38.53 38.5 38.46 38.42 38.38 38.38 38.33 38.31 38.32 38.33 38.39 38.5 38.57 38.67 38.85 38.98 39.08 39.15 39.22 39.18
39.09 39.06 39.04 39.04 39.03 39.03 39.04 39.02 38.99 38.99 38.97 38.98 38.96 38.95 38.94 38.96 38.97 38.95 38.94 38.91 38.9 38.91 38.91 38.91 38.9 38.91 38.89 38.87 38.88 38.86 38.79 38.77 38.75 38.73 38.77 38.76 38.72 38.73 38.73 38.71 38.71 38.7 38.69 38.71 38.69 38.68 38.7 38.72 38.7 38.68 38.65 38.66 38.64 38.61 38.61 38.62 38.57 38.53 38.48 38.46 38.42 38.39 38.36 38.34 38.35 38.39 38.44 38.43 38.49 38.6 38.66 38.76 38.96 39.11 39.19 39.21 39.17 39.12
39.03 39.03 39 39.01 39 39.01 39 39 38.99 38.98 38.98 38.96 38.96 38.95 38.95 38.96 38.96 38.95 38.91 38.91 38.91 38.93 38.91 38.92 38.91 38.88 38.86 38.87 38.86 38.87 38.84 38.79 38.77 38.75 38.76 38.77 38.75 38.74 38.76 38.73 38.72 38.69 38.69 38.71 38.7 38.67 38.68 38.67 38.66 38.64 38.63 38.62 38.6 38.57 38.56 38.56 38.51 38.47 38.44 38.44 38.41 38.41 38.41 38.39 38.48 38.65 38.76 38.66 38.61 38.67 38.73 38.84 39.01 39.12 39.2 39.29 39.27 39.22
