slabs/93.grd
DSAA
631 301
647670 648300
4946600 4946900
37.11 46.36
[rows 68 to 101 of 300, columns 390 to 467 of 631]
38.19 38.23 38.25 38.23 38.23 38.29 38.33 38.29 38.31 38.33 38.32 38.34 38.39 38.37 38.35 38.34 38.34 38.34 38.36 38.42 38.46 38.47 38.49 38.58 38.61 38.59 38.57 38.54 38.56 38.61 38.65 38.69 38.67 38.63 38.55 38.51 38.55 38.59 38.59 38.61 38.68 38.65 38.55 38.46 38.39 38.39 38.5 38.57 38.59 38.62 38.65 38.71 38.76 38.72 38.68 38.57 38.56 38.55 38.52 38.61 38.7 38.64 38.53 38.56 38.62 38.69 38.64 38.59 38.61 38.67 38.78 38.84 38.81 38.83 38.7 38.66 38.69 38.73
38.17 38.17 38.19 38.22 38.25 38.25 38.26 38.25 38.29 38.29 38.31 38.31 38.32 38.35 38.33 38.35 38.36 38.39 38.41 38.47 38.44 38.41 38.47 38.55 38.6 38.63 38.6 38.57 38.58 38.61 38.66 38.66 38.67 38.64 38.57 38.56 38.6 38.6 38.63 38.64 38.67 38.66 38.57 38.49 38.47 38.36 38.42 38.5 38.54 38.57 38.59 38.62 38.63 38.64 38.65 38.61 38.58 38.55 38.53 38.52 38.59 38.62 38.6 38.63 38.65 38.65 38.59 38.58 38.58 38.59 38.71 38.82 38.8 38.85 38.73 38.62 38.65 38.74
38.12 38.18 38.19 38.23 38.25 38.18 38.17 38.23 38.29 38.29 38.3 38.28 38.31 38.36 38.35 38.38 38.47 38.51 38.54 38.59 38.52 38.47 38.49 38.51 38.59 38.64 38.64 38.61 38.63 38.63 38.66 38.6 38.61 38.61 38.59 38.68 38.67 38.66 38.65 38.67 38.64 38.6 38.56 38.51 38.48 38.41 38.36 38.43 38.48 38.54 38.57 38.56 38.55 38.64 38.58 38.58 38.58 38.55 38.54 38.5 38.53 38.56 38.62 38.66 38.66 38.63 38.58 38.61 38.58 38.57 38.68 38.74 38.74 38.79 38.71 38.6 38.62 38.74
38.1 38.18 38.21 38.23 38.21 38.16 38.19 38.25 38.29 38.26 38.28 38.29 38.31 38.33 38.33 38.43 38.66 38.74 38.74 38.77 38.69 38.61 38.53 38.49 38.58 38.66 38.68 38.66 38.66 38.66 38.63 38.6 38.63 38.67 38.65 38.67 38.64 38.66 38.6 38.64 38.62 38.57 38.56 38.58 38.51 38.46 38.37 38.4 38.46 38.54 38.55 38.53 38.52 38.59 38.54 38.53 38.53 38.54 38.55 38.55 38.54 38.53 38.6 38.65 38.7 38.66 38.59 38.61 38.59 38.6 38.64 38.65 38.69 38.73 38.67 38.63 38.59 38.65
38.14 38.16 38.14 38.17 38.23 38.22 38.22 38.23 38.26 38.22 38.24 38.28 38.31 38.29 38.29 38.52 38.82 38.96 38.95 38.96 38.84 38.72 38.6 38.5 38.56 38.63 38.69 38.67 38.68 38.65 38.65 38.61 38.62 38.64 38.65 38.61 38.59 38.64 38.61 38.67 38.6 38.56 38.51 38.56 38.53 38.52 38.46 38.39 38.43 38.52 38.55 38.63 38.61 38.56 38.52 38.52 38.51 38.52 38.53 38.55 38.56 38.52 38.61 38.68 38.73 38.68 38.59 38.54 38.57 38.6 38.6 38.59 38.6 38.66 38.66 38.67 38.6 38.5
38.18 38.11 38.12 38.16 38.23 38.24 38.24 38.24 38.26 38.23 38.24 38.27 38.34 38.33 38.31 38.53 38.8 38.99 39.02 39.02 38.89 38.79 38.61 38.52 38.52 38.59 38.67 38.67 38.65 38.66 38.67 38.64 38.55 38.6 38.61 38.6 38.62 38.68 38.58 38.62 38.63 38.58 38.58 38.58 38.52 38.57 38.53 38.46 38.43 38.44 38.55 38.68 38.65 38.53 38.52 38.56 38.55 38.52 38.53 38.53 38.56 38.54 38.67 38.73 38.72 38.67 38.58 38.52 38.56 38.55 38.55 38.55 38.55 38.59 38.59 38.63 38.59 38.49
38.07 38.09 38.17 38.21 38.22 38.24 38.27 38.3 38.3 38.29 38.28 38.29 38.39 38.42 38.36 38.43 38.7 38.83 38.9 38.89 38.83 38.78 38.57 38.56 38.55 38.62 38.66 38.74 38.78 38.75 38.74 38.66 38.63 38.65 38.63 38.61 38.62 38.68 38.58 38.58 38.62 38.58 38.56 38.58 38.57 38.61 38.57 38.55 38.5 38.42 38.49 38.6 38.58 38.5 38.56 38.61 38.6 38.54 38.55 38.55 38.57 38.62 38.68 38.7 38.71 38.67 38.6 38.55 38.58 38.56 38.57 38.56 38.55 38.56 38.57 38.57 38.51 38.49
38.04 38.15 38.25 38.25 38.23 38.24 38.26 38.31 38.31 38.32 38.34 38.32 38.38 38.41 38.39 38.42 38.64 38.75 38.79 38.74 38.71 38.68 38.45 38.46 38.51 38.55 38.58 38.63 38.75 38.72 38.69 38.66 38.64 38.67 38.72 38.67 38.64 38.72 38.63 38.61 38.62 38.57 38.51 38.55 38.59 38.64 38.61 38.6 38.57 38.49 38.42 38.47 38.5 38.5 38.58 38.65 38.61 38.56 38.55 38.5 38.53 38.59 38.6 38.6 38.64 38.65 38.63 38.6 38.55 38.6 38.59 38.59 38.61 38.61 38.58 38.55 38.51 38.6
38.17 38.26 38.3 38.3 38.26 38.25 38.26 38.29 38.34 38.37 38.35 38.34 38.35 38.39 38.42 38.4 38.55 38.62 38.62 38.51 38.51 38.5 38.39 38.41 38.5 38.52 38.57 38.63 38.7 38.68 38.62 38.67 38.69 38.7 38.73 38.74 38.7 38.72 38.63 38.64 38.63 38.57 38.53 38.56 38.59 38.68 38.64 38.6 38.58 38.54 38.42 38.41 38.45 38.55 38.58 38.64 38.61 38.63 38.59 38.55 38.5 38.55 38.62 38.66 38.68 38.65 38.62 38.58 38.59 38.62 38.61 38.62 38.61 38.65 38.6 38.54 38.52 38.59
38.17 38.25 38.33 38.35 38.29 38.28 38.3 38.33 38.35 38.35 38.35 38.34 38.33 38.39 38.4 38.4 38.49 38.51 38.46 38.36 38.36 38.4 38.4 38.45 38.53 38.52 38.53 38.59 38.63 38.64 38.63 38.71 38.74 38.7 38.72 38.76 38.73 38.69 38.62 38.65 38.64 38.61 38.59 38.63 38.6 38.69 38.68 38.61 38.55 38.54 38.49 38.43 38.44 38.51 38.54 38.57 38.62 38.61 38.61 38.57 38.5 38.49 38.56 38.61 38.67 38.64 38.59 38.61 38.58 38.59 38.59 38.57 38.64 38.68 38.63 38.53 38.5 38.56
38.16 38.24 38.3 38.34 38.36 38.37 38.35 38.35 38.37 38.38 38.39 38.33 38.34 38.35 38.34 38.36 38.42 38.43 38.41 38.34 38.35 38.34 38.4 38.47 38.52 38.51 38.47 38.52 38.55 38.59 38.61 38.67 38.69 38.66 38.72 38.75 38.72 38.69 38.64 38.65 38.66 38.63 38.63 38.66 38.63 38.61 38.68 38.62 38.58 38.54 38.52 38.49 38.43 38.49 38.51 38.52 38.59 38.61 38.57 38.6 38.49 38.48 38.54 38.55 38.61 38.63 38.6 38.59 38.54 38.56 38.62 38.6 38.64 38.62 38.57 38.54 38.5 38.53
38.18 38.25 38.29 38.33 38.37 38.37 38.32 38.32 38.33 38.34 38.37 38.35 38.32 38.33 38.35 38.33 38.35 38.36 38.41 38.38 38.35 38.34 38.36 38.43 38.47 38.48 38.44 38.48 38.51 38.53 38.57 38.6 38.59 38.61 38.67 38.73 38.7 38.67 38.64 38.63 38.66 38.61 38.67 38.7 38.71 38.61 38.66 38.67 38.67 38.6 38.55 38.54 38.46 38.4 38.49 38.51 38.58 38.62 38.6 38.59 38.52 38.51 38.57 38.57 38.57 38.58 38.57 38.55 38.55 38.55 38.59 38.61 38.62 38.6 38.53 38.54 38.52 38.5
38.06 38.11 38.17 38.35 38.41 38.39 38.37 38.36 38.31 38.32 38.34 38.35 38.34 38.34 38.33 38.32 38.31 38.3 38.36 38.38 38.37 38.37 38.35 38.37 38.41 38.42 38.42 38.49 38.5 38.46 38.58 38.56 38.57 38.59 38.67 38.71 38.69 38.66 38.68 38.66 38.67 38.61 38.63 38.62 38.65 38.58 38.68 38.7 38.69 38.63 38.53 38.51 38.47 38.41 38.43 38.45 38.54 38.59 38.63 38.61 38.54 38.55 38.55 38.57 38.54 38.53 38.54 38.53 38.55 38.55 38.54 38.55 38.62 38.65 38.56 38.52 38.55 38.51
38 37.97 38.07 38.29 38.4 38.4 38.38 38.37 38.34 38.31 38.3 38.3 38.34 38.36 38.3 38.32 38.3 38.27 38.3 38.38 38.41 38.4 38.36 38.34 38.36 38.35 38.39 38.48 38.53 38.47 38.57 38.51 38.54 38.57 38.65 38.66 38.67 38.71 38.69 38.69 38.65 38.65 38.62 38.63 38.61 38.58 38.68 38.77 38.74 38.64 38.64 38.61 38.54 38.46 38.41 38.39 38.44 38.51 38.6 38.6 38.53 38.53 38.51 38.53 38.48 38.47 38.49 38.51 38.53 38.55 38.51 38.5 38.61 38.65 38.59 38.55 38.55 38.54
38.01 37.99 38.02 38.16 38.34 38.38 38.39 38.39 38.37 38.34 38.34 38.27 38.3 38.33 38.3 38.32 38.31 38.28 38.32 38.4 38.44 38.43 38.38 38.35 38.37 38.39 38.43 38.51 38.6 38.62 38.56 38.52 38.51 38.55 38.6 38.6 38.64 38.71 38.67 38.67 38.63 38.66 38.62 38.6 38.62 38.68 38.62 38.68 38.74 38.67 38.63 38.65 38.63 38.54 38.45 38.4 38.38 38.45 38.58 38.58 38.55 38.53 38.53 38.52 38.42 38.41 38.43 38.47 38.52 38.54 38.49 38.49 38.55 38.59 38.55 38.58 38.62 38.6
38.07 38.05 38.04 38.09 38.23 38.33 38.4 38.43 38.41 38.39 38.38 38.28 38.28 38.31 38.31 38.33 38.32 38.31 38.31 38.37 38.43 38.44 38.41 38.39 38.43 38.46 38.52 38.7 38.78 38.75 38.63 38.5 38.51 38.54 38.54 38.53 38.55 38.67 38.7 38.67 38.65 38.65 38.61 38.59 38.66 38.67 38.62 38.63 38.64 38.62 38.58 38.61 38.64 38.61 38.5 38.43 38.38 38.41 38.53 38.57 38.59 38.56 38.56 38.54 38.42 38.41 38.42 38.47 38.55 38.54 38.49 38.54 38.53 38.51 38.49 38.48 38.59 38.61
38.13 38.12 38.09 38.09 38.14 38.25 38.36 38.41 38.43 38.41 38.36 38.29 38.28 38.32 38.33 38.31 38.3 38.31 38.32 38.32 38.36 38.41 38.42 38.44 38.45 38.46 38.62 38.84 38.88 38.82 38.66 38.56 38.53 38.57 38.6 38.55 38.58 38.63 38.65 38.64 38.69 38.68 38.59 38.58 38.63 38.61 38.59 38.61 38.56 38.57 38.55 38.57 38.61 38.63 38.55 38.5 38.45 38.39 38.44 38.52 38.57 38.56 38.56 38.55 38.47 38.44 38.46 38.47 38.53 38.56 38.53 38.49 38.54 38.56 38.56 38.56 38.57 38.55
38.18 38.16 38.13 38.11 38.09 38.14 38.26 38.33 38.35 38.38 38.38 38.35 38.31 38.27 38.28 38.27 38.28 38.31 38.36 38.35 38.35 38.38 38.4 38.42 38.45 38.47 38.73 38.99 39 38.91 38.7 38.57 38.5 38.51 38.59 38.56 38.54 38.59 38.61 38.59 38.65 38.66 38.59 38.59 38.61 38.59 38.58 38.61 38.58 38.57 38.55 38.59 38.62 38.63 38.59 38.59 38.57 38.4 38.35 38.42 38.54 38.56 38.61 38.61 38.52 38.44 38.46 38.47 38.47 38.5 38.47 38.46 38.55 38.58 38.6 38.62 38.55 38.54
38.2 38.19 38.15 38.13 38.11 38.09 38.15 38.23 38.27 38.33 38.31 38.33 38.32 38.31 38.28 38.3 38.27 38.29 38.37 38.38 38.37 38.37 38.38 38.38 38.49 38.53 38.71 38.93 38.96 38.85 38.67 38.6 38.49 38.48 38.55 38.55 38.55 38.6 38.61 38.61 38.59 38.61 38.6 38.61 38.64 38.61 38.6 38.62 38.61 38.59 38.6 38.63 38.62 38.64 38.63 38.63 38.58 38.44 38.35 38.38 38.45 38.48 38.51 38.55 38.51 38.46 38.47 38.47 38.45 38.45 38.45 38.51 38.53 38.54 38.55 38.57 38.55 38.54
38.19 38.18 38.19 38.17 38.15 38.12 38.08 38.15 38.25 38.33 38.26 38.29 38.32 38.36 38.27 38.26 38.24 38.29 38.35 38.37 38.34 38.35 38.33 38.3 38.45 38.52 38.56 38.67 38.71 38.65 38.54 38.55 38.49 38.49 38.55 38.56 38.55 38.61 38.62 38.64 38.58 38.59 38.6 38.58 38.66 38.6 38.63 38.6 38.56 38.62 38.67 38.66 38.62 38.62 38.65 38.63 38.58 38.5 38.42 38.38 38.39 38.47 38.49 38.53 38.44 38.47 38.47 38.46 38.46 38.44 38.46 38.49 38.48 38.49 38.52 38.54 38.55 38.57
38.21 38.22 38.23 38.2 38.17 38.14 38.1 38.07 38.12 38.28 38.32 38.36 38.37 38.4 38.3 38.24 38.23 38.23 38.34 38.37 38.36 38.35 38.3 38.28 38.37 38.41 38.44 38.51 38.55 38.52 38.46 38.47 38.48 38.51 38.58 38.56 38.5 38.56 38.58 38.62 38.6 38.58 38.55 38.53 38.66 38.61 38.63 38.63 38.59 38.6 38.65 38.66 38.59 38.62 38.67 38.6 38.59 38.54 38.48 38.36 38.38 38.45 38.48 38.52 38.52 38.5 38.49 38.5 38.47 38.46 38.48 38.49 38.49 38.5 38.54 38.58 38.57 38.59
38.27 38.27 38.26 38.23 38.21 38.17 38.14 38.08 38.05 38.14 38.27 38.36 38.39 38.41 38.38 38.35 38.32 38.28 38.34 38.35 38.37 38.38 38.33 38.34 38.32 38.32 38.39 38.47 38.52 38.49 38.45 38.43 38.46 38.52 38.53 38.51 38.48 38.54 38.52 38.54 38.59 38.59 38.53 38.52 38.66 38.62 38.64 38.62 38.62 38.63 38.64 38.66 38.6 38.52 38.58 38.59 38.56 38.55 38.5 38.44 38.37 38.37 38.42 38.49 38.57 38.59 38.57 38.56 38.48 38.46 38.45 38.47 38.51 38.52 38.58 38.64 38.6 38.6
38.31 38.32 38.29 38.26 38.24 38.22 38.15 38.07 38.04 38.07 38.17 38.24 38.29 38.35 38.4 38.42 38.39 38.32 38.33 38.33 38.34 38.36 38.35 38.36 38.31 38.3 38.36 38.43 38.46 38.43 38.44 38.45 38.49 38.51 38.43 38.44 38.49 38.54 38.47 38.47 38.53 38.59 38.58 38.55 38.64 38.64 38.64 38.61 38.59 38.58 38.59 38.65 38.61 38.52 38.52 38.59 38.58 38.53 38.52 38.59 38.48 38.37 38.32 38.42 38.53 38.59 38.61 38.59 38.52 38.46 38.43 38.47 38.52 38.55 38.63 38.67 38.62 38.6
38.38 38.36 38.33 38.31 38.29 38.26 38.15 38.11 38.1 38.09 38.12 38.15 38.21 38.29 38.39 38.43 38.43 38.37 38.34 38.33 38.32 38.35 38.35 38.32 38.32 38.33 38.35 38.37 38.39 38.39 38.41 38.47 38.57 38.48 38.39 38.46 38.51 38.45 38.42 38.4 38.53 38.55 38.56 38.54 38.59 38.64 38.61 38.61 38.61 38.62 38.63 38.61 38.63 38.6 38.56 38.59 38.59 38.51 38.51 38.57 38.5 38.38 38.25 38.35 38.53 38.6 38.61 38.61 38.55 38.49 38.46 38.5 38.57 38.61 38.63 38.61 38.58 38.54
38.47 38.46 38.43 38.41 38.35 38.24 38.17 38.16 38.15 38.14 38.12 38.13 38.18 38.26 38.36 38.41 38.46 38.43 38.38 38.34 38.33 38.36 38.36 38.33 38.34 38.34 38.33 38.32 38.35 38.42 38.4 38.42 38.46 38.4 38.37 38.43 38.48 38.44 38.39 38.37 38.41 38.45 38.5 38.54 38.56 38.61 38.61 38.64 38.68 38.66 38.67 38.67 38.64 38.65 38.61 38.6 38.57 38.56 38.53 38.5 38.49 38.42 38.31 38.34 38.53 38.61 38.58 38.59 38.55 38.54 38.49 38.52 38.64 38.62 38.6 38.54 38.51 38.49
38.48 38.52 38.5 38.44 38.34 38.22 38.2 38.2 38.19 38.18 38.16 38.14 38.17 38.24 38.33 38.38 38.42 38.41 38.36 38.33 38.33 38.32 38.34 38.33 38.32 38.31 38.29 38.31 38.35 38.39 38.39 38.38 38.38 38.4 38.39 38.39 38.47 38.51 38.5 38.44 38.44 38.47 38.5 38.54 38.56 38.58 38.6 38.6 38.66 38.69 38.69 38.7 38.64 38.65 38.62 38.57 38.56 38.59 38.57 38.53 38.55 38.53 38.44 38.38 38.42 38.48 38.51 38.52 38.54 38.55 38.48 38.48 38.57 38.55 38.57 38.51 38.49 38.46
38.48 38.54 38.49 38.4 38.31 38.25 38.24 38.23 38.22 38.21 38.2 38.18 38.17 38.22 38.3 38.35 38.36 38.34 38.29 38.26 38.3 38.28 38.33 38.36 38.33 38.31 38.31 38.32 38.39 38.38 38.38 38.39 38.4 38.43 38.44 38.45 38.43 38.51 38.53 38.52 38.51 38.5 38.49 38.54 38.52 38.53 38.55 38.51 38.59 38.64 38.65 38.63 38.63 38.63 38.59 38.52 38.57 38.57 38.55 38.58 38.61 38.62 38.58 38.47 38.32 38.33 38.44 38.45 38.5 38.52 38.47 38.48 38.48 38.53 38.56 38.51 38.43 38.4
38.49 38.52 38.46 38.4 38.33 38.29 38.28 38.27 38.26 38.25 38.23 38.22 38.21 38.2 38.25 38.29 38.28 38.28 38.2 38.1 38.28 38.33 38.36 38.35 38.34 38.27 38.23 38.29 38.38 38.4 38.42 38.44 38.45 38.53 38.56 38.55 38.48 38.5 38.52 38.53 38.55 38.51 38.49 38.54 38.49 38.5 38.5 38.47 38.54 38.56 38.58 38.57 38.63 38.61 38.58 38.5 38.57 38.59 38.57 38.64 38.63 38.61 38.63 38.47 38.33 38.31 38.37 38.41 38.43 38.46 38.45 38.44 38.49 38.5 38.51 38.42 38.39 38.41
38.52 38.53 38.48 38.45 38.38 38.34 38.32 38.31 38.3 38.29 38.27 38.26 38.25 38.23 38.23 38.24 38.17 38.23 38.2 38.08 38.31 38.35 38.32 38.29 38.29 38.29 38.25 38.26 38.28 38.38 38.41 38.41 38.41 38.5 38.57 38.58 38.54 38.51 38.48 38.49 38.52 38.51 38.49 38.55 38.5 38.5 38.5 38.48 38.51 38.55 38.56 38.56 38.63 38.61 38.57 38.49 38.52 38.56 38.62 38.64 38.62 38.6 38.59 38.45 38.4 38.35 38.37 38.38 38.4 38.43 38.52 38.43 38.41 38.45 38.45 38.36 38.33 38.35
38.51 38.53 38.53 38.48 38.42 38.4 38.36 38.35 38.34 38.32 38.31 38.3 38.29 38.28 38.28 38.19 38.1 38.15 38.19 38.14 38.28 38.33 38.33 38.3 38.3 38.31 38.22 38.23 38.24 38.32 38.35 38.37 38.37 38.46 38.54 38.58 38.56 38.53 38.49 38.47 38.5 38.52 38.51 38.52 38.49 38.49 38.53 38.49 38.51 38.56 38.57 38.61 38.62 38.62 38.55 38.5 38.49 38.51 38.59 38.57 38.53 38.51 38.59 38.48 38.46 38.45 38.38 38.34 38.39 38.48 38.54 38.42 38.39 38.44 38.41 38.37 38.36 38.3
38.47 38.49 38.55 38.5 38.45 38.46 38.42 38.39 38.38 38.34 38.3 38.28 38.33 38.36 38.38 38.34 38.27 38.24 38.22 38.18 38.19 38.18 38.25 38.3 38.32 38.26 38.2 38.2 38.22 38.27 38.3 38.34 38.36 38.41 38.48 38.58 38.56 38.55 38.51 38.5 38.53 38.58 38.56 38.52 38.46 38.47 38.5 38.5 38.52 38.54 38.53 38.57 38.53 38.54 38.48 38.47 38.47 38.5 38.54 38.51 38.49 38.47 38.5 38.49 38.46 38.49 38.4 38.3 38.28 38.36 38.43 38.43 38.46 38.45 38.38 38.39 38.38 38.28
38.45 38.49 38.53 38.5 38.47 38.54 38.52 38.41 38.31 38.32 38.33 38.35 38.39 38.38 38.41 38.38 38.33 38.27 38.23 38.15 38.07 38.06 38.15 38.28 38.32 38.25 38.21 38.19 38.21 38.23 38.25 38.31 38.31 38.33 38.41 38.55 38.56 38.55 38.51 38.57 38.61 38.69 38.73 38.68 38.52 38.52 38.49 38.46 38.52 38.54 38.55 38.56 38.55 38.54 38.52 38.57 38.56 38.53 38.48 38.48 38.5 38.49 38.51 38.49 38.45 38.47 38.4 38.29 38.21 38.2 38.31 38.41 38.47 38.42 38.35 38.37 38.37 38.28
38.45 38.5 38.55 38.51 38.48 38.53 38.51 38.43 38.35 38.37 38.39 38.36 38.38 38.41 38.41 38.38 38.33 38.26 38.21 38.11 38.03 38.01 38.06 38.2 38.29 38.26 38.22 38.18 38.19 38.2 38.2 38.22 38.27 38.31 38.39 38.48 38.54 38.53 38.48 38.55 38.67 38.76 38.89 38.91 38.7 38.58 38.47 38.43 38.49 38.48 38.49 38.54 38.59 38.56 38.54 38.55 38.56 38.51 38.44 38.46 38.52 38.52 38.46 38.48 38.52 38.47 38.43 38.37 38.27 38.16 38.23 38.38 38.42 38.37 38.32 38.34 38.35 38.26
38.47 38.47 38.46 38.45 38.47 38.49 38.51 38.49 38.43 38.41 38.37 38.33 38.38 38.44 38.42 38.38 38.32 38.26 38.19 38.11 38.05 38.02 38 38.11 38.25 38.23 38.21 38.16 38.16 38.12 38.14 38.19 38.23 38.29 38.35 38.46 38.49 38.51 38.48 38.54 38.73 38.84 39.01 38.97 38.78 38.66 38.51 38.52 38.47 38.46 38.46 38.48 38.53 38.53 38.52 38.5 38.52 38.47 38.44 38.47 38.51 38.52 38.48 38.51 38.55 38.46 38.44 38.44 38.35 38.23 38.19 38.31 38.37 38.34 38.31 38.3 38.28 38.24
