slabs/94.grd
DSAA
631 301
647670 648300
4946900 4947200
29.93 45.31
[rows 102 to 135 of 300, columns 156 to 233 of 631]
39.08 39.24 39.29 39.24 39.25 39.24 39.31 39.47 39.57 39.62 39.48 39.43 39.33 39.03 38.83 38.77 38.76 38.76 38.82 38.84 38.79 38.84 38.86 38.88 38.74 38.59 38.52 38.5 38.49 38.47 38.48 38.51 38.53 38.53 38.56 38.57 38.58 38.6 38.6 38.63 38.65 38.67 38.65 38.65 38.63 38.62 38.63 38.62 38.64 38.63 38.62 38.6 38.62 38.61 38.59 38.58 38.58 38.57 38.59 38.56 38.58 38.62 38.65 38.64 38.6 38.6 38.56 38.48 38.36 38.35 38.41 38.5 38.55 38.58 38.61 38.61 38.63 38.63
38.92 39.07 39.12 39.02 39.04 39.01 39.07 39.17 39.34 39.45 39.4 39.6 39.64 39.3 39.02 38.82 38.74 38.75 38.83 38.79 38.7 38.91 38.92 38.87 38.67 38.55 38.48 38.48 38.5 38.5 38.5 38.51 38.52 38.54 38.58 38.57 38.59 38.6 38.61 38.64 38.66 38.66 38.66 38.67 38.66 38.63 38.61 38.61 38.61 38.63 38.63 38.61 38.63 38.62 38.59 38.58 38.56 38.56 38.58 38.56 38.57 38.59 38.62 38.63 38.59 38.58 38.57 38.51 38.46 38.4 38.4 38.48 38.52 38.55 38.58 38.59 38.62 38.62
38.8 38.94 38.96 38.85 38.79 38.74 38.79 38.83 38.99 39.21 39.35 39.69 39.89 39.82 39.38 38.99 38.8 38.8 38.84 38.81 38.69 38.79 38.85 38.78 38.59 38.51 38.47 38.48 38.5 38.48 38.5 38.51 38.5 38.52 38.55 38.54 38.59 38.61 38.61 38.64 38.66 38.65 38.64 38.67 38.69 38.63 38.62 38.62 38.6 38.6 38.62 38.63 38.64 38.64 38.6 38.59 38.58 38.58 38.58 38.58 38.59 38.6 38.62 38.59 38.6 38.64 38.63 38.6 38.56 38.51 38.4 38.44 38.48 38.51 38.55 38.57 38.6 38.6
38.77 38.86 38.83 38.74 38.69 38.63 38.66 38.64 38.67 38.78 39.07 39.4 39.75 39.83 39.45 39.13 38.9 38.83 38.85 38.86 38.74 38.71 38.73 38.62 38.51 38.48 38.48 38.49 38.48 38.48 38.5 38.5 38.51 38.51 38.51 38.52 38.58 38.59 38.59 38.62 38.65 38.65 38.65 38.68 38.7 38.64 38.63 38.63 38.62 38.62 38.61 38.63 38.64 38.65 38.63 38.61 38.61 38.59 38.57 38.6 38.59 38.59 38.62 38.62 38.62 38.65 38.66 38.62 38.58 38.55 38.48 38.4 38.42 38.47 38.51 38.54 38.56 38.59
38.8 38.76 38.74 38.68 38.65 38.66 38.69 38.67 38.66 38.67 38.82 38.93 39.35 39.74 39.61 39.43 39.16 38.98 38.97 38.95 38.79 38.63 38.57 38.48 38.47 38.48 38.48 38.47 38.47 38.5 38.52 38.52 38.51 38.52 38.51 38.53 38.6 38.56 38.56 38.61 38.65 38.65 38.64 38.66 38.7 38.68 38.63 38.61 38.64 38.64 38.62 38.59 38.62 38.65 38.65 38.63 38.61 38.61 38.59 38.6 38.59 38.59 38.61 38.59 38.61 38.64 38.64 38.63 38.61 38.59 38.55 38.44 38.36 38.38 38.44 38.51 38.54 38.58
38.77 38.74 38.74 38.72 38.67 38.68 38.67 38.66 38.69 38.73 38.78 38.79 39.02 39.26 39.48 39.56 39.53 39.39 39.2 39.02 38.73 38.53 38.46 38.43 38.45 38.48 38.49 38.46 38.47 38.5 38.52 38.54 38.52 38.54 38.54 38.53 38.58 38.57 38.56 38.58 38.61 38.63 38.63 38.65 38.7 38.71 38.68 38.65 38.69 38.67 38.63 38.6 38.62 38.65 38.68 38.67 38.63 38.6 38.59 38.6 38.6 38.6 38.58 38.6 38.61 38.63 38.62 38.63 38.62 38.63 38.59 38.52 38.42 38.35 38.36 38.47 38.51 38.56
38.79 38.75 38.73 38.72 38.7 38.66 38.66 38.66 38.71 38.78 38.8 38.78 38.84 38.97 39.34 39.61 39.79 39.74 39.47 39.15 38.68 38.46 38.42 38.42 38.43 38.47 38.5 38.5 38.49 38.5 38.51 38.53 38.54 38.55 38.53 38.53 38.57 38.59 38.57 38.6 38.6 38.6 38.6 38.63 38.67 38.69 38.67 38.63 38.64 38.66 38.64 38.63 38.62 38.62 38.66 38.63 38.63 38.61 38.6 38.6 38.62 38.61 38.6 38.62 38.62 38.6 38.61 38.63 38.63 38.65 38.63 38.58 38.54 38.43 38.33 38.42 38.49 38.52
38.77 38.73 38.72 38.74 38.73 38.71 38.71 38.71 38.77 38.82 38.83 38.82 38.83 38.92 39.23 39.51 39.78 39.83 39.62 39.28 38.68 38.43 38.42 38.41 38.42 38.46 38.49 38.5 38.52 38.53 38.53 38.52 38.52 38.52 38.55 38.59 38.58 38.57 38.59 38.61 38.59 38.58 38.61 38.63 38.66 38.66 38.67 38.66 38.64 38.62 38.63 38.63 38.62 38.62 38.64 38.61 38.6 38.59 38.6 38.59 38.61 38.62 38.63 38.63 38.63 38.59 38.59 38.62 38.64 38.64 38.63 38.61 38.59 38.53 38.44 38.39 38.46 38.5
38.74 38.73 38.74 38.77 38.77 38.77 38.77 38.78 38.82 38.85 38.87 38.86 38.89 38.93 39.1 39.32 39.62 39.8 39.63 39.24 38.67 38.41 38.39 38.41 38.45 38.47 38.47 38.5 38.52 38.5 38.52 38.51 38.51 38.54 38.56 38.57 38.59 38.57 38.56 38.59 38.58 38.58 38.63 38.67 38.68 38.68 38.69 38.7 38.66 38.63 38.63 38.65 38.63 38.64 38.63 38.6 38.57 38.59 38.62 38.61 38.61 38.6 38.62 38.64 38.61 38.59 38.58 38.63 38.65 38.65 38.65 38.64 38.62 38.56 38.49 38.38 38.38 38.45
38.76 38.75 38.77 38.8 38.81 38.8 38.81 38.83 38.85 38.87 38.89 38.9 38.92 38.97 39.01 39.25 39.63 39.84 39.68 39.31 38.9 38.51 38.39 38.4 38.46 38.45 38.48 38.53 38.52 38.5 38.5 38.51 38.51 38.55 38.56 38.57 38.59 38.56 38.59 38.6 38.6 38.59 38.61 38.63 38.65 38.65 38.67 38.69 38.65 38.63 38.65 38.67 38.66 38.65 38.63 38.6 38.58 38.59 38.63 38.65 38.64 38.62 38.62 38.62 38.61 38.6 38.59 38.62 38.65 38.62 38.64 38.66 38.65 38.62 38.53 38.49 38.45 38.42
38.8 38.77 38.78 38.8 38.83 38.83 38.84 38.85 38.86 38.87 38.88 38.89 38.91 38.95 38.96 39.28 39.86 40.23 40.12 39.72 39.23 38.81 38.66 38.46 38.44 38.45 38.48 38.55 38.54 38.5 38.5 38.48 38.54 38.57 38.55 38.57 38.55 38.57 38.6 38.6 38.59 38.6 38.59 38.61 38.64 38.63 38.63 38.65 38.66 38.65 38.67 38.67 38.67 38.67 38.64 38.61 38.59 38.59 38.6 38.68 38.67 38.67 38.65 38.64 38.63 38.61 38.61 38.63 38.65 38.61 38.62 38.65 38.63 38.6 38.57 38.55 38.49 38.31
38.79 38.77 38.78 38.79 38.82 38.85 38.86 38.87 38.89 38.9 38.91 38.92 38.94 38.99 39.05 39.34 39.9 40.29 40.32 39.97 39.51 39.18 39 38.69 38.44 38.44 38.47 38.51 38.52 38.53 38.5 38.48 38.52 38.55 38.56 38.56 38.59 38.61 38.62 38.61 38.58 38.6 38.57 38.59 38.64 38.63 38.61 38.62 38.66 38.68 38.69 38.69 38.68 38.67 38.66 38.63 38.6 38.6 38.59 38.65 38.67 38.66 38.61 38.61 38.61 38.62 38.62 38.63 38.65 38.62 38.61 38.64 38.64 38.64 38.62 38.58 38.55 38.43
38.78 38.77 38.77 38.79 38.82 38.85 38.87 38.88 38.91 38.94 38.94 38.95 38.96 39 39.05 39.31 39.91 40.22 40.29 40.06 39.69 39.46 39.32 39.07 38.57 38.41 38.45 38.53 38.51 38.51 38.5 38.49 38.51 38.54 38.58 38.61 38.62 38.62 38.61 38.62 38.59 38.61 38.57 38.59 38.62 38.61 38.62 38.62 38.64 38.7 38.71 38.71 38.74 38.69 38.65 38.63 38.62 38.61 38.6 38.63 38.65 38.68 38.66 38.62 38.61 38.6 38.62 38.63 38.63 38.61 38.64 38.62 38.62 38.63 38.64 38.59 38.59 38.55
38.79 38.82 38.85 38.86 38.88 38.9 38.9 38.92 38.94 38.96 38.96 38.98 38.99 39.01 39.02 39.21 39.66 39.98 40.1 40.11 39.87 39.7 39.56 39.22 38.68 38.44 38.41 38.48 38.51 38.5 38.5 38.53 38.52 38.53 38.56 38.61 38.6 38.58 38.56 38.58 38.59 38.61 38.6 38.6 38.62 38.63 38.63 38.63 38.64 38.65 38.64 38.66 38.75 38.75 38.7 38.64 38.61 38.6 38.62 38.64 38.64 38.7 38.7 38.66 38.65 38.64 38.64 38.66 38.64 38.65 38.64 38.61 38.6 38.63 38.63 38.61 38.63 38.61
38.81 38.84 38.85 38.87 38.88 38.9 38.9 38.91 38.93 38.95 38.95 38.97 38.99 39 39.01 39.07 39.29 39.57 39.66 39.82 39.95 39.91 39.74 39.23 38.8 38.56 38.42 38.41 38.48 38.48 38.49 38.54 38.53 38.53 38.53 38.56 38.58 38.57 38.55 38.55 38.53 38.57 38.61 38.6 38.59 38.6 38.59 38.62 38.63 38.6 38.6 38.65 38.69 38.72 38.66 38.63 38.63 38.63 38.65 38.66 38.66 38.7 38.69 38.66 38.66 38.66 38.64 38.65 38.64 38.68 38.64 38.6 38.6 38.63 38.63 38.64 38.65 38.63
38.83 38.85 38.86 38.87 38.88 38.88 38.88 38.88 38.9 38.91 38.92 38.94 38.96 38.96 38.96 38.97 39.03 39.15 39.25 39.47 39.87 40.01 39.85 39.34 39 38.76 38.57 38.42 38.43 38.45 38.49 38.52 38.53 38.55 38.54 38.56 38.57 38.57 38.56 38.56 38.57 38.59 38.59 38.62 38.61 38.6 38.59 38.63 38.62 38.6 38.6 38.64 38.65 38.7 38.67 38.64 38.64 38.67 38.64 38.63 38.64 38.66 38.66 38.65 38.66 38.65 38.65 38.66 38.67 38.68 38.64 38.61 38.62 38.64 38.62 38.64 38.64 38.65
38.84 38.85 38.86 38.87 38.88 38.9 38.9 38.91 38.92 38.93 38.94 38.95 38.97 38.97 38.97 38.97 38.97 38.98 39.05 39.2 39.7 40 39.94 39.58 39.28 39.06 38.87 38.57 38.46 38.45 38.48 38.48 38.52 38.53 38.54 38.57 38.58 38.55 38.57 38.56 38.56 38.57 38.58 38.62 38.63 38.6 38.59 38.61 38.62 38.63 38.61 38.62 38.64 38.68 38.7 38.68 38.67 38.68 38.66 38.66 38.67 38.66 38.64 38.65 38.65 38.64 38.66 38.66 38.68 38.67 38.65 38.63 38.63 38.65 38.62 38.61 38.63 38.67
38.84 38.85 38.86 38.87 38.89 38.9 38.91 38.92 38.94 38.95 38.96 38.97 39 39 39.01 39.01 39.02 39.02 39.03 39.03 39.46 39.86 39.99 39.84 39.64 39.46 39.26 38.86 38.54 38.47 38.47 38.48 38.5 38.52 38.5 38.53 38.53 38.55 38.55 38.56 38.57 38.59 38.58 38.6 38.61 38.58 38.6 38.61 38.59 38.63 38.62 38.62 38.64 38.66 38.69 38.7 38.7 38.7 38.69 38.69 38.71 38.69 38.66 38.64 38.65 38.63 38.65 38.64 38.66 38.68 38.65 38.62 38.6 38.66 38.63 38.62 38.65 38.67
38.84 38.84 38.86 38.87 38.89 38.9 38.91 38.92 38.94 38.95 38.96 38.97 39 39 39.01 39.02 39.05 39.05 39.06 38.99 39.14 39.47 39.88 39.99 40.03 39.87 39.51 39.01 38.67 38.52 38.47 38.46 38.48 38.5 38.49 38.53 38.52 38.54 38.56 38.54 38.54 38.57 38.58 38.59 38.6 38.57 38.59 38.6 38.58 38.6 38.59 38.6 38.62 38.61 38.66 38.69 38.7 38.7 38.69 38.69 38.71 38.69 38.66 38.63 38.65 38.64 38.65 38.65 38.69 38.67 38.62 38.61 38.59 38.61 38.61 38.61 38.65 38.64
38.84 38.84 38.86 38.87 38.89 38.89 38.91 38.92 38.94 38.95 38.96 38.98 39 39 39.01 39.02 39.04 39.05 39.05 39.02 38.92 39.01 39.55 39.97 40.05 39.93 39.6 39.07 38.78 38.66 38.46 38.46 38.47 38.46 38.48 38.52 38.54 38.54 38.53 38.56 38.55 38.56 38.59 38.62 38.62 38.59 38.6 38.59 38.58 38.59 38.59 38.58 38.59 38.58 38.65 38.68 38.67 38.69 38.69 38.69 38.71 38.69 38.66 38.63 38.65 38.65 38.65 38.67 38.75 38.68 38.61 38.61 38.59 38.61 38.6 38.6 38.63 38.63
38.84 38.84 38.86 38.87 38.89 38.89 38.91 38.92 38.94 38.95 38.96 38.98 39 39 39.01 39.03 39.04 39.04 39.03 39.01 39 38.96 39.16 39.72 39.9 39.91 39.68 39.19 38.95 38.84 38.67 38.5 38.44 38.45 38.47 38.52 38.56 38.53 38.51 38.55 38.54 38.57 38.6 38.62 38.6 38.59 38.6 38.57 38.58 38.6 38.62 38.59 38.59 38.61 38.63 38.65 38.66 38.69 38.71 38.7 38.69 38.69 38.67 38.66 38.66 38.65 38.64 38.66 38.67 38.64 38.66 38.64 38.61 38.63 38.62 38.63 38.63 38.62
38.84 38.84 38.86 38.87 38.89 38.89 38.91 38.92 38.94 38.95 38.96 38.98 38.99 39 39.01 39.03 39.03 39.03 39.01 38.99 38.98 38.97 38.93 39.29 39.5 39.73 39.86 39.5 39.19 39.05 38.84 38.57 38.44 38.43 38.47 38.51 38.54 38.52 38.52 38.54 38.53 38.56 38.59 38.58 38.56 38.58 38.59 38.57 38.58 38.6 38.61 38.6 38.59 38.65 38.62 38.6 38.62 38.68 38.71 38.73 38.72 38.7 38.68 38.7 38.68 38.67 38.65 38.66 38.67 38.66 38.61 38.62 38.65 38.63 38.62 38.61 38.62 38.61
38.84 38.84 38.86 38.87 38.89 38.89 38.91 38.92 38.94 38.95 38.96 38.98 38.98 39 39.02 39.02 39.01 39 38.98 38.98 38.98 38.96 38.94 39.07 39.32 39.65 39.98 39.81 39.7 39.48 39.13 38.81 38.64 38.46 38.44 38.49 38.51 38.5 38.54 38.57 38.55 38.56 38.55 38.56 38.55 38.57 38.57 38.58 38.6 38.6 38.62 38.61 38.59 38.6 38.61 38.57 38.6 38.64 38.67 38.67 38.68 38.7 38.68 38.7 38.68 38.67 38.68 38.68 38.69 38.7 38.7 38.67 38.67 38.64 38.62 38.62 38.63 38.61
38.84 38.84 38.85 38.88 38.89 38.89 38.91 38.92 38.93 38.95 38.96 38.98 38.99 39 39.02 39 38.99 38.98 38.97 38.97 38.96 38.95 38.93 39.01 39.12 39.32 39.75 40.01 40.07 39.85 39.42 39.08 38.91 38.61 38.42 38.44 38.46 38.48 38.53 38.55 38.56 38.56 38.56 38.54 38.53 38.56 38.56 38.58 38.61 38.58 38.61 38.59 38.58 38.6 38.58 38.6 38.6 38.64 38.71 38.69 38.71 38.7 38.68 38.68 38.7 38.68 38.65 38.67 38.66 38.68 38.69 38.67 38.68 38.65 38.63 38.62 38.61 38.61
38.84 38.84 38.85 38.88 38.89 38.89 38.91 38.92 38.93 38.94 38.96 38.98 38.99 39 38.99 38.97 38.96 38.96 38.97 38.95 38.94 38.93 38.96 39 39.02 39.06 39.39 39.92 40.11 40.03 39.64 39.3 39.14 38.84 38.49 38.39 38.41 38.47 38.49 38.48 38.5 38.52 38.57 38.55 38.56 38.56 38.56 38.56 38.58 38.58 38.6 38.58 38.62 38.62 38.56 38.58 38.61 38.63 38.66 38.66 38.68 38.7 38.69 38.66 38.69 38.69 38.67 38.64 38.66 38.66 38.67 38.67 38.66 38.65 38.65 38.63 38.6 38.6
38.84 38.84 38.85 38.88 38.88 38.89 38.91 38.93 38.93 38.94 38.96 38.98 38.99 38.97 38.95 38.95 38.96 38.96 38.95 38.93 38.92 38.94 38.99 39.02 39.01 38.99 39.12 39.51 39.83 40.07 39.87 39.55 39.34 39.06 38.71 38.43 38.39 38.41 38.46 38.47 38.49 38.48 38.54 38.53 38.54 38.57 38.57 38.55 38.57 38.56 38.62 38.6 38.62 38.63 38.6 38.6 38.59 38.61 38.62 38.61 38.64 38.67 38.67 38.67 38.7 38.69 38.68 38.65 38.66 38.66 38.68 38.69 38.66 38.68 38.67 38.65 38.61 38.59
38.84 38.84 38.85 38.88 38.88 38.89 38.91 38.93 38.94 38.95 38.96 38.96 38.96 38.94 38.92 38.94 38.96 38.96 38.94 38.93 38.94 38.98 39 39.01 39 39 38.99 39.12 39.43 40 40.06 39.81 39.54 39.28 38.96 38.67 38.49 38.41 38.43 38.46 38.49 38.52 38.52 38.52 38.52 38.52 38.55 38.55 38.56 38.57 38.59 38.58 38.61 38.63 38.59 38.6 38.58 38.6 38.62 38.6 38.6 38.63 38.63 38.65 38.69 38.67 38.66 38.65 38.67 38.66 38.68 38.69 38.67 38.69 38.69 38.65 38.63 38.62
38.83 38.84 38.85 38.88 38.88 38.89 38.91 38.93 38.95 38.96 38.95 38.93 38.92 38.92 38.92 38.95 38.96 38.94 38.93 38.94 38.97 39 39 38.99 38.99 39.01 39.04 39.11 39.22 39.73 40.12 40.03 39.84 39.53 39.17 38.88 38.67 38.38 38.39 38.45 38.47 38.52 38.53 38.52 38.53 38.51 38.53 38.55 38.53 38.54 38.55 38.54 38.56 38.59 38.57 38.58 38.58 38.6 38.61 38.61 38.59 38.61 38.6 38.63 38.66 38.66 38.66 38.66 38.68 38.65 38.66 38.67 38.66 38.67 38.67 38.65 38.6 38.61
38.83 38.84 38.85 38.88 38.88 38.9 38.92 38.94 38.95 38.94 38.93 38.91 38.9 38.91 38.94 38.95 38.94 38.93 38.93 38.96 38.99 38.99 38.98 38.99 39 39.02 39.05 39.07 39.06 39.32 39.95 40.11 40.07 39.76 39.35 39.12 38.79 38.36 38.35 38.41 38.46 38.51 38.49 38.51 38.53 38.51 38.53 38.52 38.5 38.52 38.52 38.53 38.54 38.58 38.57 38.58 38.59 38.6 38.59 38.62 38.62 38.6 38.59 38.62 38.63 38.66 38.69 38.67 38.66 38.65 38.66 38.65 38.66 38.67 38.66 38.65 38.63 38.62
38.83 38.84 38.85 38.88 38.89 38.9 38.93 38.93 38.93 38.92 38.9 38.89 38.89 38.91 38.94 38.94 38.93 38.92 38.95 38.98 38.99 38.98 38.99 39.01 39.02 39.04 39.06 39.07 39.1 39.07 39.59 39.97 40.09 40.06 39.65 39.37 39 38.58 38.42 38.4 38.43 38.46 38.45 38.47 38.51 38.5 38.52 38.51 38.5 38.52 38.52 38.55 38.55 38.57 38.57 38.58 38.59 38.61 38.61 38.62 38.63 38.61 38.59 38.62 38.65 38.67 38.66 38.67 38.65 38.66 38.66 38.63 38.63 38.65 38.66 38.67 38.64 38.6
38.83 38.84 38.86 38.88 38.9 38.91 38.93 38.91 38.91 38.9 38.88 38.89 38.91 38.93 38.94 38.93 38.92 38.95 38.97 38.98 38.98 38.98 39.01 39.02 39.04 39.05 39.06 39.06 39.05 38.99 39.33 39.75 40.04 40.11 39.86 39.65 39.28 38.85 38.63 38.55 38.48 38.41 38.42 38.43 38.5 38.52 38.52 38.51 38.51 38.53 38.55 38.56 38.54 38.57 38.57 38.59 38.59 38.59 38.61 38.61 38.59 38.59 38.6 38.63 38.64 38.65 38.64 38.66 38.67 38.66 38.68 38.66 38.63 38.63 38.63 38.68 38.64 38.6
38.83 38.84 38.87 38.89 38.91 38.92 38.91 38.89 38.88 38.87 38.87 38.9 38.91 38.93 38.93 38.91 38.93 38.97 38.97 38.97 38.98 39 39.03 39.04 39.04 39.05 39.06 39.06 39.03 38.98 39.12 39.38 39.61 39.85 39.87 39.87 39.61 39.13 38.8 38.69 38.54 38.4 38.4 38.4 38.48 38.52 38.52 38.51 38.48 38.52 38.58 38.58 38.55 38.56 38.57 38.59 38.58 38.56 38.55 38.57 38.59 38.59 38.62 38.64 38.62 38.59 38.63 38.65 38.65 38.65 38.64 38.67 38.66 38.63 38.62 38.64 38.6 38.59
38.84 38.85 38.88 38.9 38.91 38.9 38.88 38.87 38.86 38.85 38.88 38.9 38.92 38.93 38.93 38.93 38.96 38.97 38.97 38.98 38.99 39.02 39.03 39.04 39.04 39.05 39.05 39.04 39.01 38.96 39.02 39.1 39.18 39.58 39.79 39.98 39.86 39.36 38.92 38.74 38.56 38.45 38.41 38.38 38.44 38.48 38.51 38.52 38.48 38.49 38.56 38.58 38.59 38.54 38.53 38.57 38.59 38.57 38.56 38.54 38.56 38.59 38.61 38.62 38.6 38.58 38.6 38.64 38.66 38.66 38.67 38.66 38.68 38.66 38.63 38.62 38.6 38.61
38.84 38.86 38.88 38.89 38.89 38.88 38.86 38.85 38.85 38.86 38.89 38.92 38.93 38.93 38.94 38.96 38.96 38.96 38.98 39 39.01 39.02 39.03 39.03 39.03 39.04 39.04 39.04 39 38.96 38.99 39 38.98 39.37 39.77 40.06 40.05 39.57 39.08 38.82 38.62 38.53 38.45 38.38 38.38 38.47 38.5 38.51 38.5 38.48 38.5 38.51 38.54 38.54 38.54 38.56 38.56 38.55 38.55 38.54 38.53 38.56 38.58 38.61 38.61 38.56 38.58 38.63 38.64 38.66 38.67 38.65 38.67 38.66 38.64 38.61 38.6 38.6
