slabs/94.grd
DSAA
631 301
647670 648300
4946900 4947200
29.93 45.31
[rows 238 to 271 of 300, columns 156 to 233 of 631]
39.08 39.08 39.07 39.08 39.08 39.08 39.12 39.09 39.13 39.1 39.08 39.09 39.11 39.14 39.15 39.16 39.16 39.17 39.12 39.11 39.11 39.09 39.1 39.05 39.07 39.13 39.15 39.12 39.11 39.08 39.11 39.11 39.07 39.07 39.07 39.06 39.06 39.05 39.03 39.03 39.05 39.01 38.97 38.97 39 39.02 38.96 38.95 38.96 38.9 38.97 38.96 38.94 38.93 38.88 38.9 38.91 38.95 38.94 38.91 38.9 38.86 38.88 38.89 38.93 38.97 38.94 38.88 38.89 38.87 38.89 38.92 38.96 38.92 38.86 38.84 38.82 38.84
39.06 39.07 39.05 39.1 39.13 39.11 39.11 39.1 39.09 39.06 39.08 39.07 39.08 39.13 39.19 39.18 39.17 39.15 39.13 39.14 39.13 39.12 39.13 39.06 39.07 39.1 39.16 39.1 39.11 39.1 39.08 39.07 39.03 39.08 39.08 39.07 39.05 39.06 39.01 39 39.01 39.02 38.97 38.96 39 39.02 38.98 38.97 38.96 38.95 38.95 38.94 38.94 38.94 38.92 38.91 38.89 38.92 38.91 38.89 38.88 38.85 38.85 38.85 38.88 38.94 38.92 38.86 38.86 38.87 38.91 38.94 38.95 38.9 38.89 38.84 38.83 38.85
39.04 39.06 39.06 39.1 39.13 39.13 39.1 39.14 39.14 39.08 39.07 39.09 39.09 39.1 39.18 39.16 39.15 39.13 39.15 39.15 39.15 39.13 39.12 39.09 39.09 39.12 39.16 39.14 39.14 39.13 39.07 39.07 39.05 39.06 39.03 39.03 39.04 39.03 39 38.98 38.99 39.01 38.96 38.97 38.98 39 38.99 38.99 38.95 38.97 38.94 38.91 38.94 38.96 38.94 38.91 38.88 38.89 38.89 38.87 38.9 38.89 38.88 38.86 38.87 38.89 38.87 38.85 38.88 38.87 38.88 38.89 38.9 38.84 38.83 38.79 38.85 38.86
39.03 39.05 39.06 39.07 39.08 39.12 39.12 39.14 39.16 39.12 39.1 39.11 39.11 39.1 39.17 39.15 39.13 39.11 39.14 39.13 39.14 39.1 39.1 39.12 39.12 39.12 39.16 39.14 39.13 39.12 39.08 39.06 39.07 39.07 39.04 39.03 39.02 39.02 39.03 39 38.98 38.99 38.97 38.98 38.98 38.98 38.97 38.99 38.96 38.94 38.93 38.91 38.93 38.93 38.9 38.9 38.89 38.86 38.87 38.86 38.91 38.91 38.89 38.86 38.87 38.88 38.88 38.86 38.86 38.86 38.88 38.9 38.89 38.85 38.83 38.87 38.85 38.86
39.04 39.03 39.08 39.09 39.08 39.11 39.13 39.08 39.12 39.17 39.15 39.16 39.16 39.13 39.14 39.17 39.16 39.11 39.14 39.12 39.14 39.12 39.13 39.14 39.13 39.12 39.16 39.14 39.11 39.1 39.09 39.08 39.09 39.06 39.02 39.03 39.04 39.06 39.06 39.03 39 38.99 38.98 38.99 38.99 38.95 38.95 38.97 38.96 38.91 38.92 38.91 38.9 38.9 38.89 38.89 38.88 38.83 38.85 38.88 38.89 38.88 38.86 38.84 38.85 38.87 38.88 38.88 38.83 38.85 38.86 38.87 38.88 38.86 38.84 38.87 38.87 38.86
39.06 39.04 39.09 39.11 39.09 39.07 39.13 39.1 39.13 39.15 39.13 39.14 39.15 39.14 39.15 39.22 39.16 39.11 39.16 39.16 39.17 39.17 39.13 39.14 39.13 39.11 39.12 39.11 39.1 39.08 39.1 39.09 39.09 39.07 39.01 39.03 39.07 39.13 39.09 39.06 38.99 38.98 38.98 38.97 38.97 38.95 38.95 38.94 38.94 38.91 38.92 38.93 38.9 38.9 38.91 38.91 38.88 38.84 38.85 38.9 38.89 38.86 38.85 38.85 38.83 38.85 38.88 38.87 38.83 38.85 38.82 38.83 38.86 38.84 38.81 38.85 38.89 38.88
39.07 39.05 39.09 39.14 39.12 39.08 39.14 39.12 39.13 39.12 39.11 39.1 39.14 39.13 39.15 39.22 39.15 39.12 39.16 39.19 39.18 39.15 39.11 39.13 39.14 39.09 39.09 39.08 39.09 39.07 39.1 39.09 39.09 39.07 39.06 39.06 39.1 39.18 39.13 39.06 38.98 38.96 38.99 38.97 38.95 38.96 38.95 38.91 38.97 38.95 38.94 38.94 38.91 38.87 38.91 38.9 38.85 38.84 38.83 38.88 38.88 38.83 38.84 38.82 38.84 38.85 38.86 38.86 38.88 38.86 38.81 38.82 38.84 38.83 38.82 38.84 38.86 38.86
39.09 39.08 39.13 39.12 39.11 39.08 39.08 39.1 39.1 39.11 39.12 39.09 39.13 39.13 39.13 39.16 39.14 39.13 39.17 39.19 39.17 39.13 39.1 39.12 39.12 39.11 39.09 39.08 39.08 39.06 39.11 39.1 39.09 39.06 39.09 39.1 39.12 39.15 39.12 39.04 39.01 38.93 38.96 38.94 38.92 38.95 38.94 38.93 38.99 38.95 38.92 38.92 38.96 38.85 38.89 38.9 38.83 38.85 38.84 38.85 38.87 38.86 38.84 38.82 38.82 38.83 38.85 38.84 38.86 38.85 38.82 38.81 38.83 38.82 38.82 38.82 38.81 38.83
39.09 39.09 39.11 39.08 39.08 39.09 39.07 39.1 39.11 39.11 39.11 39.1 39.11 39.12 39.15 39.15 39.14 39.13 39.18 39.18 39.15 39.11 39.09 39.1 39.1 39.14 39.12 39.1 39.07 39.06 39.11 39.11 39.11 39.07 39.05 39.08 39.12 39.09 39.08 39.05 39.05 39 39.01 38.98 38.95 38.95 38.95 38.96 38.98 38.97 38.94 38.92 38.98 38.9 38.9 38.91 38.83 38.84 38.85 38.83 38.87 38.87 38.84 38.83 38.82 38.82 38.83 38.86 38.84 38.85 38.83 38.8 38.82 38.81 38.81 38.82 38.79 38.81
39.07 39.06 39.07 39.1 39.1 39.11 39.09 39.1 39.12 39.14 39.12 39.12 39.12 39.1 39.15 39.15 39.16 39.12 39.14 39.14 39.13 39.09 39.07 39.08 39.1 39.13 39.15 39.13 39.09 39.08 39.09 39.09 39.09 39.09 39.08 39.08 39.1 39.04 39.04 39.03 39.02 39.05 39.04 38.98 38.97 38.96 38.95 38.97 38.98 38.97 38.95 38.89 38.96 38.92 38.93 38.9 38.86 38.85 38.86 38.84 38.84 38.85 38.86 38.87 38.83 38.84 38.8 38.88 38.86 38.87 38.85 38.8 38.78 38.79 38.81 38.81 38.79 38.81
39.05 39.04 39.06 39.09 39.1 39.14 39.15 39.13 39.13 39.16 39.14 39.14 39.12 39.12 39.14 39.14 39.14 39.1 39.06 39.07 39.12 39.12 39.08 39.08 39.09 39.11 39.13 39.13 39.15 39.11 39.1 39.09 39.06 39.09 39.09 39.09 39.14 39.04 39.04 39.03 38.99 39.04 39.03 39 38.95 38.96 38.96 38.98 38.94 38.95 38.94 38.89 38.93 38.9 38.91 38.9 38.89 38.86 38.85 38.83 38.8 38.83 38.86 38.87 38.83 38.83 38.82 38.87 38.85 38.86 38.83 38.78 38.76 38.75 38.79 38.77 38.78 38.8
39.07 39.04 39.1 39.12 39.19 39.25 39.16 39.14 39.11 39.15 39.14 39.12 39.15 39.17 39.16 39.15 39.11 39.09 39.08 39.08 39.12 39.16 39.09 39.09 39.11 39.11 39.1 39.12 39.13 39.12 39.11 39.07 39.05 39.09 39.09 39.04 39.11 39.02 39.03 39.03 38.99 39.02 39.02 39 38.96 39.02 39.01 38.96 38.92 38.92 38.91 38.89 38.9 38.87 38.87 38.89 38.88 38.85 38.82 38.79 38.78 38.79 38.81 38.81 38.84 38.83 38.85 38.84 38.8 38.8 38.78 38.78 38.77 38.73 38.79 38.79 38.78 38.75
39.11 39.1 39.13 39.16 39.32 39.36 39.12 39.1 39.09 39.12 39.09 39.11 39.2 39.22 39.16 39.14 39.11 39.08 39.1 39.09 39.08 39.13 39.06 39.09 39.14 39.09 39.08 39.09 39.11 39.07 39.09 39.1 39.06 39.09 39.1 39.05 39.09 39.04 39.04 39.04 39.01 39.02 39.01 38.99 39.01 39.05 39 38.94 38.9 38.9 38.89 38.91 38.9 38.86 38.85 38.91 38.87 38.84 38.81 38.8 38.78 38.78 38.82 38.8 38.81 38.82 38.84 38.81 38.77 38.8 38.8 38.77 38.76 38.75 38.74 38.74 38.74 38.74
39.16 39.18 39.13 39.15 39.31 39.35 39.1 39.09 39.09 39.1 39.09 39.12 39.2 39.25 39.18 39.13 39.13 39.09 39.09 39.09 39.08 39.16 39.14 39.13 39.11 39.08 39.07 39.07 39.1 39.07 39.07 39.08 39.06 39.08 39.09 39.07 39.08 39.05 39.04 39.02 38.99 38.98 38.96 38.97 39.01 39 38.97 38.94 38.88 38.89 38.88 38.9 38.92 38.88 38.85 38.89 38.85 38.82 38.87 38.86 38.82 38.81 38.81 38.78 38.75 38.79 38.81 38.76 38.78 38.81 38.77 38.76 38.74 38.73 38.73 38.75 38.75 38.74
39.16 39.22 39.16 39.15 39.18 39.27 39.1 39.1 39.08 39.08 39.11 39.12 39.16 39.22 39.19 39.13 39.09 39.12 39.11 39.1 39.06 39.13 39.15 39.15 39.09 39.08 39.06 39.04 39.06 39.05 39.05 39.06 39.07 39.06 39.08 39.08 39.04 39.03 39.02 38.99 38.97 38.95 38.93 38.95 38.99 38.97 38.97 38.96 38.88 38.87 38.85 38.87 38.89 38.87 38.83 38.84 38.81 38.8 38.89 38.9 38.86 38.83 38.78 38.8 38.74 38.79 38.79 38.75 38.77 38.77 38.76 38.74 38.73 38.73 38.75 38.76 38.74 38.73
39.13 39.25 39.22 39.19 39.13 39.17 39.08 39.1 39.1 39.09 39.13 39.14 39.16 39.16 39.14 39.11 39.1 39.12 39.1 39.07 39.04 39.07 39.1 39.14 39.08 39.04 39.04 39.03 39.02 39.04 39.05 39.06 39.08 39.07 39.06 39.06 39.03 39.02 38.98 38.98 38.96 38.97 38.96 38.96 38.99 38.98 38.96 38.94 38.86 38.86 38.84 38.83 38.81 38.82 38.83 38.81 38.81 38.81 38.88 38.82 38.81 38.79 38.76 38.76 38.75 38.75 38.77 38.8 38.8 38.76 38.73 38.75 38.74 38.74 38.78 38.75 38.74 38.72
39.14 39.26 39.23 39.2 39.13 39.09 39.1 39.13 39.12 39.07 39.15 39.16 39.13 39.14 39.13 39.1 39.09 39.13 39.1 39.06 39.05 39.05 39.06 39.08 39.08 39.03 39.02 39.03 39 39.06 39.06 39.05 39.06 39.08 39.05 39.04 39.03 39 38.95 38.99 38.95 38.96 38.98 38.96 38.93 38.95 38.94 38.89 38.85 38.86 38.85 38.79 38.82 38.83 38.82 38.8 38.86 38.85 38.85 38.84 38.84 38.8 38.78 38.77 38.77 38.76 38.77 38.81 38.78 38.72 38.71 38.74 38.74 38.75 38.78 38.74 38.73 38.73
39.21 39.24 39.23 39.2 39.13 39.12 39.17 39.18 39.16 39.07 39.1 39.14 39.15 39.16 39.15 39.08 39.06 39.09 39.07 39.06 39.07 39.07 39.04 39.03 39.06 39.05 39.04 39.02 39 39.09 39.07 39.03 39.03 39.06 39.05 39.03 38.98 38.97 38.95 39 38.97 38.95 38.97 38.94 38.88 38.89 38.87 38.82 38.82 38.81 38.84 38.81 38.8 38.81 38.82 38.82 38.84 38.86 38.88 38.88 38.86 38.78 38.78 38.77 38.77 38.76 38.78 38.77 38.74 38.7 38.71 38.74 38.75 38.76 38.78 38.74 38.74 38.76
39.24 39.23 39.27 39.25 39.17 39.16 39.19 39.22 39.2 39.12 39.11 39.12 39.13 39.15 39.14 39.09 39.06 39.05 39.06 39.09 39.1 39.09 39.05 39.03 39.06 39.04 39.02 39.01 39.02 39.09 39.08 39.05 39.01 39.03 39.03 38.98 38.95 38.96 38.96 38.98 38.98 38.94 38.96 38.92 38.88 38.87 38.86 38.87 38.84 38.83 38.85 38.81 38.76 38.79 38.84 38.83 38.83 38.86 38.85 38.86 38.83 38.76 38.77 38.75 38.75 38.74 38.76 38.72 38.72 38.7 38.7 38.73 38.73 38.74 38.76 38.76 38.75 38.77
39.21 39.24 39.32 39.29 39.19 39.18 39.2 39.22 39.2 39.14 39.13 39.1 39.12 39.11 39.09 39.08 39.08 39.08 39.08 39.1 39.11 39.07 39.07 39.06 39.08 39.04 39 38.98 39.02 39.03 39.05 39.05 39.01 39.02 39.02 38.97 38.94 38.96 38.99 38.97 38.98 38.96 38.94 38.92 38.89 38.89 38.88 38.88 38.86 38.86 38.87 38.82 38.8 38.78 38.82 38.83 38.84 38.84 38.83 38.81 38.79 38.78 38.77 38.74 38.74 38.72 38.74 38.7 38.71 38.72 38.71 38.71 38.71 38.69 38.72 38.75 38.75 38.75
39.25 39.25 39.28 39.22 39.17 39.18 39.18 39.2 39.16 39.11 39.12 39.11 39.1 39.06 39.05 39.06 39.09 39.12 39.11 39.09 39.06 39.04 39.07 39.08 39.07 39.05 39.02 38.99 39.03 39.02 39 39.02 39.04 39.03 39.01 39 38.93 38.97 39.01 38.98 39.01 38.98 38.92 38.92 38.9 38.91 38.9 38.91 38.89 38.87 38.85 38.84 38.83 38.8 38.8 38.81 38.81 38.82 38.8 38.79 38.78 38.81 38.77 38.74 38.74 38.73 38.73 38.72 38.72 38.71 38.72 38.71 38.7 38.7 38.71 38.73 38.77 38.74
39.27 39.26 39.24 39.18 39.17 39.21 39.2 39.2 39.12 39.1 39.11 39.12 39.06 39.05 39.06 39.06 39.09 39.13 39.14 39.09 39.04 39.07 39.1 39.12 39.07 39.06 39.04 39 39 39 38.97 38.98 38.98 38.99 39.01 39.03 38.96 38.98 39 38.95 39 38.97 38.93 38.92 38.9 38.92 38.92 38.95 38.91 38.86 38.84 38.84 38.83 38.83 38.8 38.79 38.79 38.8 38.76 38.77 38.79 38.81 38.76 38.75 38.75 38.74 38.75 38.74 38.75 38.7 38.71 38.71 38.68 38.71 38.74 38.74 38.76 38.73
39.25 39.27 39.25 39.21 39.22 39.23 39.22 39.21 39.14 39.12 39.13 39.13 39.05 39.06 39.08 39.08 39.1 39.15 39.17 39.11 39.02 39.07 39.08 39.05 39.03 39.04 39.06 39 38.96 38.98 38.97 38.96 38.95 38.94 38.98 39.02 38.98 38.97 38.98 38.94 38.95 38.93 38.92 38.92 38.91 38.91 38.91 38.93 38.9 38.85 38.85 38.84 38.83 38.85 38.79 38.81 38.8 38.8 38.77 38.77 38.81 38.81 38.77 38.77 38.76 38.74 38.76 38.76 38.77 38.74 38.7 38.69 38.66 38.7 38.76 38.75 38.75 38.72
39.25 39.27 39.26 39.24 39.23 39.21 39.2 39.19 39.17 39.14 39.14 39.13 39.06 39.06 39.08 39.12 39.13 39.15 39.18 39.13 39.04 39.06 39.03 39.03 39.04 39.05 39.08 39.04 38.97 38.98 38.97 38.94 38.94 38.92 38.93 38.97 38.98 38.95 38.94 38.93 38.92 38.9 38.94 38.92 38.91 38.89 38.89 38.89 38.89 38.85 38.85 38.85 38.84 38.84 38.78 38.8 38.81 38.83 38.8 38.77 38.81 38.81 38.75 38.75 38.74 38.75 38.72 38.73 38.75 38.72 38.67 38.66 38.64 38.69 38.78 38.77 38.76 38.72
39.25 39.26 39.25 39.22 39.21 39.18 39.18 39.16 39.16 39.19 39.16 39.12 39.09 39.08 39.09 39.1 39.12 39.16 39.17 39.13 39.08 39.07 39.05 39.03 39.06 39.06 39.04 39.06 38.99 38.98 38.99 38.95 38.94 38.93 38.92 38.92 38.93 38.93 38.93 38.93 38.91 38.87 38.94 38.93 38.92 38.89 38.89 38.87 38.88 38.86 38.85 38.87 38.85 38.82 38.79 38.78 38.8 38.82 38.82 38.79 38.81 38.79 38.75 38.75 38.74 38.76 38.75 38.75 38.75 38.72 38.65 38.65 38.65 38.69 38.81 38.79 38.76 38.73
39.22 39.24 39.24 39.24 39.23 39.17 39.18 39.14 39.13 39.19 39.17 39.15 39.16 39.13 39.08 39.15 39.13 39.14 39.12 39.09 39.07 39.05 39.06 39.05 39.09 39.06 39.01 39.01 38.98 38.99 39.01 39 38.96 38.95 38.93 38.89 38.88 38.91 38.94 38.9 38.9 38.87 38.91 38.94 38.93 38.91 38.9 38.86 38.88 38.87 38.86 38.88 38.86 38.81 38.8 38.81 38.81 38.81 38.82 38.83 38.82 38.8 38.8 38.8 38.79 38.78 38.77 38.75 38.7 38.68 38.67 38.67 38.67 38.7 38.8 38.79 38.77 38.75
39.26 39.22 39.22 39.24 39.29 39.17 39.17 39.12 39.13 39.13 39.14 39.14 39.18 39.16 39.09 39.15 39.14 39.13 39.1 39.09 39.08 39.05 39.08 39.05 39.07 39.04 39.02 38.97 38.98 39 38.99 39 38.97 38.95 38.91 38.87 38.88 38.91 38.92 38.84 38.85 38.86 38.89 38.93 38.91 38.89 38.88 38.85 38.86 38.88 38.88 38.83 38.83 38.8 38.81 38.85 38.82 38.8 38.8 38.81 38.8 38.78 38.79 38.78 38.78 38.75 38.75 38.73 38.68 38.67 38.72 38.71 38.7 38.74 38.78 38.77 38.77 38.76
39.24 39.23 39.23 39.25 39.29 39.2 39.16 39.1 39.14 39.15 39.14 39.1 39.14 39.15 39.13 39.13 39.13 39.13 39.14 39.11 39.08 39.06 39.1 39.06 39.02 39.03 39.03 38.97 38.99 39.01 38.98 38.97 38.97 38.94 38.89 38.85 38.86 38.9 38.89 38.81 38.84 38.87 38.89 38.88 38.88 38.87 38.86 38.83 38.84 38.85 38.85 38.83 38.82 38.8 38.81 38.82 38.79 38.77 38.8 38.79 38.77 38.77 38.81 38.8 38.77 38.73 38.73 38.72 38.7 38.67 38.74 38.75 38.74 38.77 38.78 38.76 38.74 38.74
39.24 39.24 39.28 39.3 39.27 39.24 39.19 39.11 39.17 39.15 39.13 39.1 39.11 39.13 39.13 39.11 39.13 39.14 39.15 39.12 39.08 39.07 39.09 39.07 39.01 39.05 39.05 39 39 39.01 39 38.98 38.99 38.96 38.89 38.87 38.88 38.89 38.87 38.86 38.89 38.92 38.9 38.87 38.88 38.84 38.8 38.81 38.84 38.84 38.86 38.84 38.83 38.82 38.82 38.81 38.79 38.78 38.78 38.78 38.77 38.78 38.81 38.81 38.78 38.75 38.72 38.72 38.72 38.7 38.76 38.77 38.78 38.79 38.78 38.77 38.72 38.72
39.28 39.28 39.29 39.35 39.29 39.27 39.22 39.15 39.21 39.18 39.16 39.14 39.12 39.12 39.11 39.11 39.13 39.14 39.12 39.12 39.08 39.08 39.06 39.06 39.03 39.05 39.07 39.05 39.03 38.99 39 38.98 38.99 38.96 38.91 38.92 38.91 38.85 38.85 38.88 38.9 38.91 38.89 38.87 38.87 38.83 38.8 38.82 38.86 38.83 38.83 38.82 38.8 38.81 38.85 38.83 38.8 38.76 38.79 38.78 38.76 38.77 38.77 38.79 38.8 38.78 38.74 38.72 38.73 38.76 38.77 38.75 38.75 38.76 38.75 38.74 38.72 38.72
39.25 39.26 39.28 39.34 39.3 39.3 39.29 39.25 39.24 39.21 39.18 39.16 39.15 39.13 39.13 39.14 39.14 39.13 39.12 39.12 39.09 39.11 39.09 39.05 39.05 39.03 39 39.04 39.04 39 39.03 39.03 39 38.94 38.89 38.92 38.91 38.88 38.9 38.9 38.88 38.86 38.86 38.85 38.88 38.87 38.87 38.86 38.84 38.81 38.8 38.8 38.78 38.83 38.86 38.84 38.78 38.74 38.77 38.77 38.76 38.75 38.74 38.77 38.8 38.79 38.76 38.74 38.73 38.76 38.75 38.72 38.73 38.73 38.73 38.73 38.71 38.72
39.26 39.27 39.27 39.29 39.27 39.28 39.31 39.32 39.26 39.23 39.2 39.15 39.17 39.15 39.18 39.16 39.17 39.15 39.14 39.14 39.13 39.16 39.14 39.03 39.04 38.99 38.96 39.05 39.04 39 39.05 39.03 39 38.95 38.87 38.91 38.91 38.9 38.92 38.91 38.86 38.84 38.85 38.85 38.87 38.88 38.88 38.86 38.82 38.8 38.78 38.78 38.79 38.83 38.82 38.82 38.75 38.71 38.73 38.77 38.78 38.74 38.74 38.74 38.77 38.78 38.78 38.77 38.74 38.72 38.72 38.71 38.76 38.73 38.74 38.73 38.72 38.71
39.34 39.34 39.29 39.27 39.24 39.26 39.25 39.29 39.26 39.25 39.24 39.17 39.18 39.17 39.18 39.16 39.16 39.14 39.13 39.13 39.12 39.14 39.15 39.04 39.07 39.03 38.99 39.02 39.03 39.01 39.05 39.03 39.02 38.97 38.91 38.89 38.89 38.9 38.89 38.88 38.84 38.86 38.84 38.83 38.82 38.84 38.87 38.85 38.81 38.79 38.81 38.8 38.8 38.81 38.77 38.79 38.77 38.72 38.72 38.76 38.79 38.75 38.77 38.72 38.75 38.76 38.75 38.75 38.74 38.7 38.71 38.74 38.74 38.74 38.74 38.74 38.73 38.7
39.37 39.37 39.35 39.29 39.26 39.26 39.22 39.25 39.25 39.25 39.23 39.19 39.17 39.18 39.18 39.12 39.13 39.13 39.11 39.1 39.12 39.14 39.12 39.07 39.08 39.06 39.03 39.03 39.05 39.06 39.05 39.05 39.03 38.99 38.93 38.9 38.88 38.91 38.89 38.88 38.87 38.86 38.82 38.8 38.79 38.81 38.86 38.84 38.82 38.8 38.83 38.81 38.8 38.8 38.77 38.8 38.81 38.72 38.75 38.79 38.84 38.82 38.79 38.76 38.75 38.71 38.71 38.68 38.74 38.71 38.71 38.74 38.74 38.73 38.73 38.73 38.72 38.71
