slabs/94.grd
DSAA
631 301
647670 648300
4946900 4947200
29.93 45.31
[rows 170 to 203 of 300, columns 312 to 389 of 631]
38.61 38.64 38.63 38.65 38.62 38.6 38.59 38.56 38.48 38.43 38.36 38.26 38.32 38.43 38.52 38.57 38.59 38.58 38.54 38.53 38.54 38.52 38.48 38.44 38.44 38.46 38.51 38.52 38.5 38.52 38.54 38.49 38.46 38.45 38.51 38.53 38.52 38.5 38.49 38.49 38.48 38.5 38.51 38.51 38.5 38.5 38.52 38.55 38.52 38.51 38.44 38.45 38.41 38.33 38.34 38.35 38.39 38.37 38.33 38.23 37.74 37.53 37.92 38.1 38.35 38.49 38.5 38.47 38.45 38.47 38.48 38.45 38.43 38.44 38.45 38.41 38.34 38.34
38.6 38.62 38.61 38.63 38.61 38.6 38.61 38.6 38.53 38.48 38.43 38.31 38.25 38.31 38.44 38.51 38.56 38.56 38.53 38.51 38.51 38.52 38.5 38.44 38.45 38.45 38.49 38.52 38.5 38.51 38.51 38.49 38.47 38.46 38.5 38.48 38.49 38.48 38.5 38.49 38.48 38.5 38.52 38.52 38.52 38.52 38.52 38.53 38.52 38.5 38.45 38.44 38.41 38.35 38.34 38.34 38.39 38.37 38.36 38.26 37.85 37.69 37.82 38.01 38.25 38.42 38.49 38.47 38.46 38.45 38.47 38.44 38.42 38.41 38.42 38.41 38.37 38.34
1.70141e38 1.70141e38 1.70141e38 1.70141e38 1.70141e38 1.70141e38 1.70141e38 1.70141e38 1.70141e38 1.70141e38 1.70141e38 1.70141e38 1.70141e38 1.70141e38 1.70141e38 1.70141e38 1.70141e38 1.70141e38 1.70141e38 1.70141e38 1.70141e38 1.70141e38 1.70141e38 1.70141e38 1.70141e38 1.70141e38 1.70141e38 1.70141e38 1.70141e38 38.53 38.5 38.48 38.49 38.49 38.48 38.46 38.48 38.49 38.51 38.5 38.48 38.49 38.49 38.49 38.5 38.5 38.51 38.49 38.49 38.48 38.46 38.44 38.39 38.36 38.34 38.32 38.35 38.37 38.37 38.34 38.1 37.41 37.5 37.89 38.22 38.4 38.46 38.47 38.48 38.45 38.44 38.43 38.43 38.41 38.4 38.38 38.39 38.37
38.51 38.56 38.59 38.63 38.64 38.62 38.6 38.58 38.59 38.57 38.52 38.45 38.41 38.33 38.23 38.38 38.51 38.48 38.48 38.52 38.49 38.51 1.70141e38 1.70141e38 1.70141e38 1.70141e38 1.70141e38 1.70141e38 1.70141e38 1.70141e38 1.70141e38 1.70141e38 1.70141e38 1.70141e38 1.70141e38 1.70141e38 1.70141e38 1.70141e38 1.70141e38 1.70141e38 1.70141e38 1.70141e38 1.70141e38 1.70141e38 1.70141e38 1.70141e38 1.70141e38 1.70141e38 1.70141e38 1.70141e38 1.70141e38 1.70141e38 1.70141e38 1.70141e38 1.70141e38 1.70141e38 1.70141e38 1.70141e38 1.70141e38 1.70141e38 1.70141e38 1.70141e38 1.70141e38 1.70141e38 1.70141e38 1.70141e38 1.70141e38 1.70141e38 1.70141e38 1.70141e38 1.70141e38 1.70141e38 1.70141e38 38.43 38.4 38.39 38.38 38.37
38.48 38.55 38.56 38.59 38.65 38.62 38.61 38.6 38.59 38.58 38.55 38.51 38.47 38.41 38.3 38.3 38.45 38.44 38.48 38.51 38.51 38.52 38.52 38.49 38.49 38.47 38.45 38.45 38.46 38.5 38.53 38.51 38.5 38.5 38.48 38.5 38.5 38.5 38.47 38.47 38.47 38.47 38.43 38.46 38.47 38.5 38.48 38.45 38.49 38.51 38.53 38.49 38.43 38.39 38.35 38.35 38.32 38.38 38.4 38.39 38.26 37.74 37.29 37.66 38.16 38.34 1.70141e38 1.70141e38 1.70141e38 1.70141e38 1.70141e38 1.70141e38 1.70141e38 1.70141e38 1.70141e38 1.70141e38 1.70141e38 1.70141e38
38.52 38.52 38.53 38.55 38.59 38.59 38.59 38.59 38.58 38.59 38.57 38.54 38.53 38.5 38.41 38.3 38.35 38.37 38.45 38.51 38.52 38.51 38.53 38.52 38.52 38.5 38.46 38.43 38.43 38.46 38.5 38.51 38.49 38.51 38.52 38.49 38.5 38.48 38.44 38.45 38.46 38.47 38.47 38.46 38.47 38.5 38.48 38.47 38.49 38.5 38.52 38.49 38.44 38.41 38.35 38.35 38.35 38.38 38.39 38.38 38.31 37.82 37.33 37.62 38.12 38.3 38.42 38.45 38.45 38.44 38.44 38.45 38.46 38.42 38.41 38.36 38.32 38.34
38.56 38.53 38.51 38.51 38.54 38.55 38.58 38.59 38.57 38.58 38.58 38.57 38.56 38.54 38.5 38.38 38.3 38.3 38.4 38.49 38.5 38.49 38.52 38.54 38.54 38.53 38.49 38.44 38.43 38.43 38.45 38.47 38.47 38.47 38.54 38.48 38.49 38.47 38.43 38.45 38.47 38.48 38.48 38.48 38.48 38.49 38.49 38.48 38.48 38.5 38.51 38.49 38.44 38.4 38.36 38.37 38.38 38.38 38.38 38.38 38.34 37.94 37.42 37.55 38.03 38.23 38.34 38.42 38.46 38.45 38.45 38.45 38.46 38.43 38.42 38.37 38.35 38.34
38.57 38.55 38.51 38.48 38.51 38.51 38.56 38.6 38.58 38.58 38.6 38.59 38.56 38.55 38.54 38.46 38.38 38.28 38.35 38.42 38.43 38.46 38.5 38.54 38.54 38.52 38.49 38.44 38.42 38.4 38.43 38.44 38.45 38.48 38.5 38.48 38.48 38.46 38.45 38.44 38.47 38.49 38.47 38.47 38.48 38.48 38.46 38.46 38.47 38.51 38.5 38.48 38.44 38.4 38.37 38.38 38.4 38.38 38.4 38.38 38.34 38.05 37.55 37.45 37.91 38.17 38.22 38.37 38.47 38.46 38.45 38.45 38.46 38.42 38.43 38.4 38.42 38.4
38.57 38.57 38.53 38.49 38.49 38.48 38.53 38.59 38.56 38.57 38.6 38.62 38.58 38.56 38.54 38.53 38.49 38.37 38.31 38.33 38.39 38.46 38.47 38.52 38.53 38.51 38.49 38.46 38.45 38.42 38.42 38.42 38.44 38.49 38.49 38.48 38.48 38.46 38.47 38.45 38.46 38.47 38.5 38.49 38.48 38.47 38.43 38.44 38.46 38.5 38.49 38.48 38.45 38.4 38.39 38.38 38.39 38.38 38.4 38.39 38.35 38.21 37.75 37.28 37.8 38.15 38.2 38.37 38.48 38.48 38.46 38.45 38.48 38.44 38.43 38.42 38.4 38.39
38.56 38.58 38.55 38.52 38.5 38.49 38.51 38.56 38.53 38.56 38.6 38.63 38.59 38.56 38.55 38.54 38.51 38.44 38.3 38.22 38.3 38.43 38.47 38.51 38.52 38.52 38.52 38.48 38.48 38.44 38.42 38.43 38.44 38.46 38.48 38.48 38.49 38.48 38.47 38.47 38.46 38.44 38.47 38.47 38.47 38.46 38.43 38.45 38.46 38.47 38.48 38.48 38.45 38.42 38.41 38.39 38.36 38.37 38.38 38.39 38.36 38.32 38.05 37.29 37.66 38.12 38.18 38.37 38.47 38.5 38.47 38.43 38.44 38.48 38.44 38.42 38.4 38.42
38.57 38.56 38.57 38.54 38.52 38.51 38.53 38.5 38.51 38.58 38.62 38.65 38.64 38.6 38.56 38.57 38.54 38.49 38.39 38.31 38.31 38.36 38.44 38.48 38.5 38.52 38.51 38.49 38.49 38.45 38.43 38.43 38.43 38.45 38.49 38.49 38.49 38.49 38.49 38.48 38.46 38.46 38.45 38.45 38.47 38.48 38.45 38.46 38.47 38.45 38.5 38.48 38.45 38.42 38.4 38.4 38.37 38.35 38.37 38.4 38.37 38.32 38.17 37.64 37.57 38.03 38.11 38.33 38.45 38.49 38.49 38.46 38.43 38.43 38.42 38.43 38.44 38.42
38.58 38.56 38.54 38.53 38.52 38.51 38.51 38.44 38.48 38.57 38.63 38.62 38.61 38.59 38.54 38.56 38.55 38.5 38.45 38.39 38.34 38.3 38.36 38.46 38.48 38.51 38.51 38.51 38.5 38.47 38.44 38.44 38.44 38.44 38.46 38.46 38.48 38.5 38.51 38.49 38.46 38.48 38.48 38.47 38.47 38.5 38.48 38.47 38.46 38.46 38.51 38.49 38.48 38.44 38.42 38.39 38.36 38.35 38.36 38.37 38.39 38.33 38.24 37.71 37.31 37.92 38.07 38.31 38.43 38.46 38.45 38.44 38.43 38.42 38.41 38.41 38.43 38.42
38.54 38.55 38.54 38.52 38.52 38.5 38.51 38.46 38.46 38.53 38.57 38.6 38.6 38.59 38.57 38.56 38.55 38.52 38.49 38.43 38.38 38.27 38.29 38.41 38.44 38.48 38.49 38.51 38.51 38.48 38.47 38.47 38.46 38.43 38.42 38.42 38.45 38.47 38.5 38.49 38.47 38.49 38.48 38.48 38.48 38.49 38.48 38.47 38.44 38.47 38.5 38.47 38.49 38.44 38.44 38.42 38.37 38.37 38.37 38.37 38.37 38.34 38.28 37.82 37.26 37.77 37.98 38.28 38.43 38.44 38.43 38.42 38.4 38.41 38.43 38.4 38.43 38.43
38.53 38.55 38.56 38.54 38.54 38.54 38.52 38.49 38.48 38.51 38.54 38.57 38.58 38.6 38.6 38.58 38.56 38.54 38.52 38.48 38.44 38.32 38.29 38.29 38.34 38.42 38.46 38.48 38.5 38.49 38.52 38.5 38.48 38.44 38.44 38.43 38.43 38.43 38.47 38.47 38.48 38.47 38.49 38.49 38.49 38.48 38.47 38.46 38.41 38.46 38.45 38.45 38.47 38.46 38.44 38.41 38.38 38.36 38.35 38.35 38.35 38.33 38.29 37.98 37.37 37.68 37.9 38.22 38.36 38.41 38.42 38.41 38.39 38.4 38.44 38.41 38.43 38.44
38.56 38.57 38.57 38.56 38.56 38.57 38.52 38.49 38.48 38.48 38.48 38.51 38.52 38.57 38.62 38.6 38.58 38.54 38.52 38.51 38.49 38.42 38.35 38.26 38.25 38.35 38.43 38.46 38.48 38.5 38.52 38.51 38.5 38.46 38.45 38.43 38.41 38.44 38.44 38.45 38.47 38.47 38.49 38.49 38.49 38.52 38.51 38.48 38.42 38.44 38.44 38.43 38.45 38.47 38.44 38.4 38.36 38.36 38.35 38.33 38.33 38.31 38.3 38.15 37.53 37.55 37.73 38.12 38.27 38.34 38.41 38.41 38.41 38.42 38.43 38.42 38.42 38.42
38.56 38.57 38.56 38.54 38.54 38.55 38.54 38.52 38.49 38.47 38.44 38.46 38.49 38.53 38.6 38.6 38.59 38.55 38.52 38.53 38.52 38.48 38.42 38.38 38.26 38.26 38.39 38.42 38.46 38.49 38.49 38.5 38.52 38.49 38.43 38.41 38.42 38.43 38.45 38.46 38.48 38.46 38.48 38.47 38.48 38.5 38.49 38.45 38.45 38.47 38.46 38.44 38.45 38.46 38.44 38.4 38.39 38.37 38.37 38.34 38.34 38.34 38.31 38.21 37.73 37.57 37.59 38.06 38.2 38.26 38.39 38.4 38.42 38.43 38.44 38.46 38.44 38.45
38.56 38.57 38.55 38.52 38.53 38.53 38.52 38.51 38.5 38.47 38.45 38.44 38.46 38.48 38.54 38.56 38.59 38.56 38.56 38.55 38.53 38.48 38.46 38.43 38.34 38.21 38.3 38.35 38.43 38.48 38.49 38.5 38.52 38.46 38.45 38.44 38.41 38.43 38.45 38.44 38.46 38.46 38.47 38.47 38.49 38.48 38.48 38.45 38.46 38.49 38.48 38.46 38.45 38.45 38.45 38.41 38.41 38.37 38.37 38.35 38.37 38.38 38.35 38.21 37.9 37.74 37.57 38.02 38.17 38.23 38.38 38.4 38.36 38.4 38.45 38.49 38.48 38.47
38.57 38.56 38.55 38.54 38.54 38.53 38.51 38.49 38.5 38.49 38.47 38.45 38.44 38.46 38.48 38.51 38.57 38.56 38.56 38.56 38.56 38.5 38.48 38.47 38.39 38.27 38.22 38.26 38.37 38.45 38.46 38.48 38.5 38.49 38.48 38.47 38.44 38.45 38.45 38.44 38.44 38.47 38.48 38.48 38.48 38.48 38.47 38.45 38.45 38.47 38.46 38.48 38.47 38.47 38.46 38.42 38.42 38.38 38.36 38.35 38.38 38.39 38.36 38.22 38.01 37.82 37.53 37.91 38.18 38.22 38.35 38.41 38.38 38.4 38.41 38.46 38.48 38.47
38.56 38.55 38.54 38.54 38.54 38.54 38.51 38.49 38.49 38.51 38.49 38.48 38.46 38.45 38.45 38.48 38.54 38.57 38.56 38.56 38.57 38.51 38.49 38.49 38.44 38.34 38.2 38.18 38.25 38.39 38.43 38.45 38.48 38.49 38.49 38.48 38.46 38.45 38.44 38.43 38.43 38.46 38.47 38.46 38.46 38.48 38.46 38.44 38.43 38.44 38.44 38.47 38.48 38.47 38.46 38.43 38.45 38.41 38.36 38.36 38.37 38.36 38.32 38.26 38.15 37.88 37.45 37.87 38.18 38.22 38.31 38.42 38.43 38.42 38.42 38.44 38.46 38.46
38.54 38.54 38.51 38.52 38.52 38.54 38.5 38.5 38.51 38.5 38.5 38.5 38.48 38.43 38.41 38.43 38.48 38.58 38.58 38.57 38.56 38.52 38.51 38.53 38.49 38.4 38.33 38.29 38.22 38.33 38.4 38.43 38.46 38.48 38.47 38.47 38.46 38.46 38.44 38.42 38.41 38.44 38.43 38.44 38.44 38.48 38.46 38.43 38.42 38.42 38.42 38.45 38.46 38.46 38.45 38.44 38.46 38.43 38.37 38.38 38.36 38.35 38.33 38.29 38.16 37.9 37.52 37.84 38.14 38.17 38.29 38.41 38.42 38.43 38.42 38.43 38.44 38.46
38.54 38.54 38.49 38.51 38.52 38.53 38.5 38.51 38.53 38.52 38.51 38.5 38.48 38.43 38.39 38.4 38.42 38.53 38.55 38.55 38.54 38.53 38.5 38.52 38.5 38.43 38.4 38.34 38.23 38.23 38.3 38.39 38.44 38.47 38.47 38.48 38.47 38.47 38.45 38.45 38.43 38.42 38.41 38.42 38.45 38.48 38.47 38.44 38.43 38.4 38.4 38.43 38.45 38.46 38.46 38.43 38.4 38.4 38.4 38.39 38.38 38.37 38.36 38.34 38.22 38.04 37.67 37.72 38.07 38.12 38.25 38.39 38.41 38.41 38.4 38.41 38.42 38.44
38.54 38.54 38.49 38.52 38.53 38.54 38.57 38.55 38.52 38.5 38.5 38.5 38.5 38.47 38.42 38.41 38.4 38.49 38.53 38.54 38.53 38.55 38.52 38.53 38.5 38.46 38.45 38.38 38.25 38.14 38.21 38.32 38.4 38.43 38.44 38.48 38.49 38.48 38.47 38.47 38.45 38.42 38.41 38.42 38.44 38.46 38.46 38.45 38.43 38.39 38.4 38.42 38.43 38.44 38.48 38.47 38.41 38.42 38.41 38.4 38.41 38.4 38.38 38.34 38.24 38.14 37.71 37.61 38 38.07 38.21 38.36 38.39 38.39 38.4 38.4 38.41 38.44
38.52 38.53 38.49 38.51 38.54 38.52 38.57 38.56 38.52 38.49 38.51 38.5 38.49 38.52 38.44 38.42 38.4 38.47 38.51 38.53 38.54 38.54 38.53 38.52 38.5 38.48 38.48 38.43 38.34 38.26 38.26 38.24 38.33 38.38 38.41 38.46 38.51 38.49 38.49 38.47 38.44 38.44 38.43 38.4 38.42 38.44 38.42 38.46 38.43 38.43 38.44 38.44 38.43 38.44 38.47 38.48 38.43 38.41 38.38 38.38 38.34 38.35 38.37 38.36 38.26 38.16 37.62 37.41 37.83 38.02 38.2 38.32 38.36 38.39 38.4 38.41 38.42 38.43
38.53 38.55 38.51 38.53 38.55 38.51 38.53 38.53 38.52 38.49 38.5 38.5 38.48 38.52 38.46 38.44 38.41 38.42 38.48 38.5 38.51 38.51 38.48 38.49 38.51 38.5 38.49 38.46 38.44 38.44 38.39 38.22 38.23 38.34 38.38 38.43 38.5 38.51 38.51 38.48 38.44 38.46 38.44 38.41 38.44 38.43 38.43 38.5 38.45 38.44 38.45 38.47 38.44 38.46 38.47 38.47 38.45 38.42 38.39 38.38 38.34 38.35 38.37 38.36 38.29 38.15 37.67 37.3 37.58 37.96 38.18 38.28 38.33 38.39 38.38 38.4 38.41 38.41
38.53 38.52 38.51 38.52 38.53 38.52 38.52 38.51 38.5 38.5 38.52 38.52 38.49 38.48 38.46 38.46 38.42 38.4 38.43 38.44 38.47 38.48 38.47 38.48 38.52 38.51 38.49 38.47 38.5 38.48 38.44 38.28 38.14 38.23 38.3 38.39 38.45 38.49 38.51 38.49 38.45 38.45 38.42 38.41 38.42 38.41 38.41 38.45 38.44 38.44 38.46 38.49 38.47 38.47 38.47 38.45 38.44 38.41 38.37 38.37 38.38 38.38 38.35 38.34 38.31 38.22 37.91 37.39 37.49 37.87 38.15 38.26 38.3 38.38 38.37 38.39 38.39 38.39
38.52 38.51 38.51 38.53 38.53 38.53 38.51 38.49 38.48 38.51 38.52 38.51 38.49 38.49 38.47 38.47 38.45 38.43 38.42 38.42 38.46 38.49 38.48 38.49 38.5 38.51 38.5 38.51 38.53 38.52 38.47 38.37 38.22 38.13 38.21 38.34 38.38 38.41 38.46 38.48 38.45 38.45 38.44 38.42 38.4 38.39 38.41 38.41 38.41 38.42 38.45 38.47 38.46 38.46 38.46 38.44 38.43 38.41 38.36 38.36 38.4 38.4 38.35 38.35 38.34 38.31 38.07 37.55 37.51 37.73 38.12 38.23 38.27 38.37 38.38 38.4 38.39 38.4
38.49 38.51 38.51 38.53 38.53 38.55 38.52 38.49 38.5 38.51 38.51 38.5 38.5 38.51 38.48 38.46 38.47 38.46 38.45 38.45 38.45 38.47 38.47 38.47 38.48 38.51 38.5 38.49 38.51 38.48 38.46 38.41 38.32 38.26 38.21 38.25 38.32 38.36 38.45 38.47 38.46 38.45 38.45 38.44 38.4 38.4 38.4 38.38 38.39 38.41 38.43 38.44 38.44 38.44 38.45 38.44 38.45 38.44 38.39 38.37 38.4 38.4 38.38 38.38 38.37 38.33 38.11 37.72 37.56 37.61 38.06 38.18 38.23 38.37 38.36 38.4 38.39 38.38
38.46 38.49 38.49 38.5 38.51 38.54 38.52 38.5 38.52 38.49 38.5 38.49 38.49 38.5 38.49 38.47 38.46 38.47 38.45 38.43 38.47 38.42 38.42 38.45 38.5 38.51 38.51 38.49 38.5 38.47 38.48 38.45 38.38 38.37 38.29 38.16 38.25 38.31 38.43 38.45 38.46 38.45 38.46 38.44 38.4 38.4 38.39 38.36 38.38 38.4 38.41 38.41 38.42 38.41 38.42 38.45 38.46 38.47 38.41 38.4 38.39 38.4 38.4 38.39 38.38 38.34 38.25 38.02 37.76 37.58 38 38.19 38.23 38.32 38.37 38.36 38.38 38.36
38.4 38.44 38.46 38.47 38.48 38.5 38.51 38.51 38.52 38.49 38.5 38.49 38.48 38.48 38.48 38.46 38.46 38.46 38.45 38.44 38.49 38.42 38.4 38.43 38.53 38.54 38.52 38.5 38.5 38.49 38.48 38.47 38.44 38.42 38.35 38.21 38.14 38.22 38.38 38.44 38.46 38.45 38.44 38.44 38.41 38.42 38.41 38.38 38.39 38.4 38.39 38.4 38.4 38.39 38.4 38.45 38.46 38.47 38.42 38.42 38.41 38.41 38.41 38.39 38.38 38.36 38.29 38.07 37.75 37.4 37.91 38.22 38.27 38.32 38.37 38.38 38.4 38.4
38.33 38.39 38.4 38.43 38.49 38.49 38.5 38.51 38.5 38.47 38.49 38.49 38.49 38.49 38.48 38.46 38.47 38.44 38.45 38.46 38.46 38.41 38.39 38.41 38.48 38.54 38.52 38.5 38.52 38.51 38.49 38.47 38.5 38.47 38.4 38.28 38.13 38.17 38.3 38.4 38.44 38.43 38.44 38.46 38.46 38.45 38.44 38.43 38.4 38.4 38.39 38.4 38.38 38.38 38.41 38.47 38.47 38.47 38.42 38.43 38.41 38.41 38.41 38.38 38.4 38.41 38.31 38.08 37.83 37.46 37.84 38.16 38.23 38.32 38.36 38.37 38.39 38.41
38.29 38.37 38.37 38.41 38.48 38.51 38.51 38.51 38.48 38.49 38.5 38.52 38.5 38.51 38.5 38.48 38.49 38.46 38.47 38.46 38.46 38.41 38.4 38.41 38.42 38.45 38.49 38.49 38.5 38.51 38.5 38.49 38.52 38.5 38.43 38.36 38.27 38.25 38.2 38.29 38.37 38.39 38.45 38.47 38.48 38.48 38.47 38.46 38.42 38.4 38.39 38.4 38.38 38.39 38.42 38.44 38.44 38.45 38.41 38.42 38.41 38.41 38.43 38.42 38.41 38.41 38.35 38.2 38.01 37.47 37.62 37.97 38.14 38.3 38.4 38.39 38.37 38.4
38.29 38.36 38.37 38.41 38.45 38.47 38.48 38.51 38.5 38.51 38.51 38.53 38.52 38.51 38.5 38.49 38.52 38.5 38.49 38.48 38.46 38.43 38.42 38.42 38.4 38.42 38.48 38.5 38.5 38.5 38.5 38.5 38.51 38.49 38.48 38.45 38.41 38.36 38.19 38.17 38.3 38.36 38.42 38.44 38.45 38.46 38.47 38.45 38.44 38.4 38.38 38.42 38.39 38.37 38.41 38.4 38.41 38.44 38.44 38.41 38.4 38.41 38.41 38.41 38.41 38.4 38.35 38.29 38.15 37.47 37.38 37.65 38.09 38.29 38.39 38.39 38.38 38.39
38.3 38.3 38.33 38.39 38.43 38.45 38.47 38.5 38.46 38.49 38.49 38.5 38.51 38.5 38.49 38.49 38.51 38.51 38.49 38.49 38.47 38.45 38.44 38.41 38.41 38.41 38.44 38.47 38.46 38.47 38.51 38.51 38.52 38.49 38.5 38.54 38.45 38.41 38.29 38.16 38.25 38.32 38.38 38.41 38.41 38.43 38.45 38.43 38.42 38.39 38.36 38.37 38.36 38.35 38.41 38.38 38.41 38.42 38.45 38.42 38.41 38.39 38.4 38.37 38.39 38.4 38.38 38.33 38.17 37.44 37.26 37.5 38.06 38.27 38.35 38.35 38.39 38.39
38.35 38.25 38.28 38.37 38.41 38.44 38.45 38.48 38.45 38.48 38.47 38.47 38.5 38.52 38.5 38.47 38.51 38.5 38.49 38.5 38.47 38.46 38.44 38.43 38.44 38.41 38.42 38.42 38.41 38.43 38.51 38.52 38.54 38.52 38.49 38.54 38.49 38.44 38.35 38.29 38.27 38.26 38.33 38.39 38.41 38.44 38.44 38.44 38.43 38.4 38.38 38.37 38.34 38.34 38.36 38.37 38.39 38.39 38.42 38.41 38.42 38.38 38.4 38.37 38.38 38.4 38.38 38.34 38.2 37.6 37.31 37.46 37.96 38.23 38.29 38.31 38.38 38.39
