slabs/94.grd
DSAA
631 301
647670 648300
4946900 4947200
29.93 45.31
[rows 204 to 237 of 300, columns 390 to 467 of 631]
38.37 38.37 38.37 38.39 38.39 38.4 38.4 38.42 38.41 38.4 38.37 38.34 38.34 38.32 38.32 38.33 38.32 38.33 38.35 38.35 38.34 38.34 38.34 38.3 38.28 38.27 38.26 38.26 38.26 38.27 38.26 38.26 38.25 38.24 38.23 38.24 38.25 38.23 38.22 38.24 38.23 38.2 38.22 38.22 38.21 38.19 38.18 38.19 38.17 38.17 38.18 38.19 38.18 38.15 38.16 38.15 38.14 38.14 38.15 38.15 38.13 38.15 38.16 38.18 38.17 38.17 38.2 38.21 38.19 38.19 38.21 38.22 38.18 38.18 38.19 38.2 38.19 38.19
38.38 38.39 38.39 38.39 38.39 38.38 38.39 38.4 38.41 38.42 38.38 38.39 38.37 38.34 38.32 38.3 38.31 38.35 38.35 38.34 38.34 38.34 38.35 38.31 38.29 38.28 38.28 38.27 38.26 38.26 38.24 38.23 38.21 38.2 38.21 38.23 38.26 38.2 38.2 38.22 38.21 38.18 38.23 38.22 38.2 38.19 38.19 38.18 38.17 38.18 38.18 38.2 38.18 38.15 38.15 38.13 38.12 38.12 38.12 38.13 38.12 38.16 38.16 38.18 38.18 38.17 38.19 38.19 38.18 38.19 38.22 38.23 38.2 38.19 38.2 38.22 38.19 38.2
38.4 38.4 38.4 38.39 38.39 38.39 38.4 38.38 38.4 38.42 38.4 38.37 38.36 38.33 38.3 38.32 38.32 38.35 38.34 38.33 38.34 38.34 38.34 38.31 38.3 38.29 38.3 38.28 38.25 38.24 38.23 38.21 38.2 38.18 38.19 38.21 38.24 38.17 38.19 38.19 38.18 38.18 38.23 38.21 38.2 38.21 38.21 38.19 38.17 38.16 38.16 38.17 38.17 38.14 38.13 38.1 38.11 38.1 38.11 38.13 38.12 38.16 38.16 38.18 38.18 38.19 38.2 38.19 38.19 38.2 38.21 38.22 38.22 38.21 38.24 38.26 38.26 38.26
38.43 38.38 38.39 38.41 38.41 38.4 38.39 38.36 38.38 38.38 38.38 38.35 38.34 38.32 38.28 38.3 38.29 38.3 38.32 38.34 38.36 38.34 38.32 38.3 38.29 38.29 38.28 38.26 38.24 38.21 38.21 38.2 38.19 38.18 38.19 38.2 38.2 38.16 38.19 38.17 38.16 38.16 38.19 38.19 38.19 38.16 38.18 38.19 38.16 38.18 38.17 38.17 38.14 38.13 38.12 38.11 38.11 38.12 38.12 38.14 38.14 38.17 38.17 38.17 38.21 38.23 38.22 38.2 38.22 38.23 38.26 38.25 38.27 38.26 38.29 38.3 38.34 38.33
38.41 38.4 38.4 38.39 38.39 38.4 38.39 38.36 38.37 38.39 38.38 38.34 38.34 38.31 38.28 38.29 38.27 38.28 38.31 38.33 38.33 38.31 38.29 38.29 38.28 38.27 38.26 38.25 38.25 38.21 38.2 38.19 38.17 38.15 38.2 38.2 38.21 38.17 38.16 38.17 38.15 38.18 38.17 38.17 38.18 38.16 38.18 38.19 38.17 38.2 38.19 38.17 38.12 38.13 38.13 38.12 38.13 38.14 38.14 38.16 38.19 38.2 38.22 38.21 38.25 38.27 38.27 38.27 38.27 38.28 38.32 38.31 38.33 38.31 38.3 38.3 38.35 38.33
38.4 38.41 38.41 38.4 38.39 38.39 38.39 38.37 38.37 38.37 38.38 38.35 38.33 38.31 38.28 38.29 38.28 38.27 38.3 38.29 38.28 38.27 38.27 38.27 38.27 38.27 38.27 38.26 38.24 38.22 38.18 38.18 38.16 38.13 38.19 38.18 38.18 38.17 38.15 38.18 38.2 38.2 38.19 38.18 38.17 38.19 38.19 38.19 38.18 38.2 38.19 38.19 38.13 38.14 38.15 38.16 38.18 38.19 38.2 38.22 38.29 38.29 38.3 38.31 38.31 38.33 38.33 38.33 38.32 38.32 38.33 38.3 38.31 38.29 38.26 38.24 38.26 38.25
38.41 38.41 38.41 38.39 38.39 38.38 38.37 38.35 38.34 38.35 38.35 38.34 38.32 38.31 38.29 38.3 38.28 38.25 38.28 38.27 38.26 38.29 38.28 38.28 38.26 38.27 38.28 38.26 38.23 38.21 38.18 38.18 38.16 38.16 38.19 38.19 38.19 38.14 38.15 38.21 38.22 38.19 38.18 38.17 38.16 38.16 38.18 38.2 38.19 38.2 38.21 38.21 38.2 38.21 38.22 38.26 38.28 38.29 38.3 38.3 38.37 38.36 38.35 38.36 38.35 38.35 38.33 38.31 38.32 38.32 38.26 38.18 38.2 38.19 38.16 38.06 38.02 38
38.42 38.41 38.39 38.38 38.37 38.36 38.34 38.32 38.32 38.34 38.31 38.33 38.33 38.32 38.3 38.29 38.27 38.25 38.25 38.26 38.27 38.29 38.28 38.28 38.28 38.28 38.28 38.27 38.28 38.25 38.23 38.22 38.19 38.21 38.23 38.21 38.18 38.17 38.18 38.23 38.24 38.22 38.21 38.21 38.2 38.2 38.21 38.24 38.23 38.23 38.25 38.25 38.26 38.26 38.28 38.33 38.34 38.34 38.36 38.36 38.35 38.34 38.32 38.31 38.31 38.29 38.23 38.17 38.18 38.2 38.11 37.93 37.99 37.95 37.85 37.68 37.45 37.41
38.42 38.4 38.38 38.38 38.37 38.35 38.33 38.32 38.31 38.32 38.3 38.31 38.31 38.32 38.29 38.28 38.26 38.27 38.28 38.28 38.28 38.31 38.29 38.31 38.3 38.29 38.28 38.28 38.27 38.27 38.25 38.22 38.2 38.23 38.23 38.24 38.21 38.21 38.22 38.25 38.27 38.28 38.28 38.28 38.29 38.32 38.31 38.31 38.28 38.25 38.27 38.27 38.27 38.26 38.27 38.28 38.28 38.29 38.3 38.29 38.25 38.22 38.17 38.18 38.19 38.16 38.01 37.85 37.85 37.89 37.79 37.55 37.58 37.47 37.27 37.3 37.01 37.06
38.43 38.39 38.37 38.38 38.37 38.35 38.34 38.33 38.31 38.31 38.31 38.31 38.31 38.31 38.29 38.29 38.28 38.28 38.3 38.3 38.29 38.34 38.31 38.33 38.32 38.3 38.28 38.28 38.29 38.29 38.28 38.25 38.25 38.27 38.26 38.26 38.24 38.23 38.25 38.3 38.3 38.32 38.33 38.34 38.36 38.37 38.36 38.35 38.29 38.26 38.25 38.23 38.17 38.19 38.16 38.11 38.11 38.09 38.07 38.01 37.98 37.94 37.83 37.85 37.85 37.81 37.64 37.43 37.36 37.32 37.27 37.37 37.27 37.31 37.37 37.41 37.36 37.47
38.42 38.38 38.39 38.36 38.35 38.33 38.33 38.32 38.31 38.3 38.29 38.29 38.3 38.32 38.32 38.31 38.3 38.3 38.29 38.3 38.32 38.36 38.35 38.35 38.34 38.32 38.32 38.33 38.33 38.31 38.31 38.28 38.31 38.3 38.29 38.28 38.28 38.28 38.28 38.31 38.3 38.29 38.3 38.31 38.32 38.28 38.24 38.26 38.24 38.2 38.12 38.05 37.92 37.94 37.87 37.7 37.71 37.67 37.58 37.53 37.51 37.48 37.4 37.42 37.26 37.24 37.19 37.23 37.2 37.24 37.44 37.54 37.63 37.63 37.75 37.8 37.82 37.88
38.42 38.39 38.38 38.36 38.34 38.38 38.35 38.33 38.32 38.3 38.32 38.31 38.33 38.33 38.34 38.32 38.31 38.33 38.31 38.31 38.33 38.34 38.35 38.34 38.34 38.34 38.34 38.34 38.34 38.32 38.29 38.27 38.31 38.27 38.27 38.23 38.26 38.25 38.24 38.19 38.14 38.1 38.1 38.06 38.08 38.02 37.91 37.92 37.93 37.88 37.73 37.58 37.47 37.5 37.43 37.19 37.22 37.21 37.16 37.2 37.26 37.23 37.29 37.52 37.45 37.46 37.6 37.67 37.68 37.71 37.88 37.85 37.91 37.89 37.97 38.02 38.04 38.04
38.42 38.37 38.37 38.36 38.34 38.38 38.34 38.34 38.34 38.32 38.32 38.31 38.32 38.31 38.36 38.33 38.33 38.34 38.33 38.31 38.31 38.32 38.32 38.3 38.3 38.32 38.3 38.26 38.25 38.23 38.19 38.14 38.14 38.06 38.05 37.97 38.02 37.95 37.94 37.85 37.79 37.69 37.67 37.6 37.59 37.55 37.44 37.35 37.27 37.28 37.27 37.13 37.07 37.15 37.25 37.15 37.32 37.35 37.44 37.56 37.6 37.62 37.74 37.95 37.97 37.95 38.02 38.04 38.04 38.02 38.07 38.03 38.03 38.03 38.1 38.11 38.11 38.09
38.37 38.35 38.35 38.35 38.36 38.36 38.31 38.31 38.33 38.34 38.34 38.33 38.31 38.3 38.34 38.31 38.26 38.25 38.26 38.25 38.24 38.17 38.16 38.11 38.09 38.13 38.1 37.97 37.98 37.93 37.85 37.73 37.68 37.6 37.56 37.46 37.5 37.37 37.37 37.33 37.39 37.28 37.31 37.27 37.21 37.21 37.24 37.25 37.37 37.41 37.43 37.41 37.53 37.56 37.66 37.65 37.78 37.79 37.89 37.9 37.94 37.98 38.08 38.18 38.2 38.19 38.19 38.19 38.18 38.19 38.17 38.18 38.16 38.16 38.22 38.2 38.17 38.12
38.29 38.27 38.3 38.31 38.32 38.3 38.26 38.26 38.26 38.3 38.28 38.23 38.18 38.19 38.21 38.19 37.96 37.9 37.89 37.89 37.9 37.77 37.76 37.69 37.6 37.63 37.6 37.49 37.51 37.4 37.34 37.17 37.13 37.15 37.12 37.12 37.21 37.11 37.14 37.2 37.31 37.37 37.5 37.48 37.64 37.66 37.76 37.72 37.84 37.85 37.83 37.86 37.96 37.96 38.03 38.02 38.04 38.03 38.06 38.07 38.11 38.15 38.2 38.23 38.26 38.29 38.29 38.28 38.29 38.35 38.33 38.32 38.3 38.27 38.29 38.29 38.25 38.14
38.08 38.1 38.15 38.16 38.18 38.14 38.07 38.06 38.09 38.1 38.05 37.85 37.72 37.72 37.72 37.74 37.52 37.47 37.45 37.45 37.45 37.39 37.37 37.3 37.19 37.17 37.17 37.14 37.2 37.14 37.19 37.17 37.28 37.36 37.37 37.55 37.7 37.68 37.72 37.89 37.84 37.85 37.92 37.89 38.01 38.02 38.06 38.11 38.1 38.09 38.08 38.1 38.15 38.15 38.17 38.18 38.13 38.13 38.13 38.17 38.2 38.24 38.27 38.29 38.32 38.39 38.41 38.39 38.39 38.44 38.46 38.39 38.37 38.36 38.35 38.35 38.29 38.16
37.75 37.81 37.87 37.9 37.89 37.83 37.72 37.67 37.71 37.7 37.68 37.55 37.43 37.38 37.37 37.39 37.37 37.4 37.38 37.4 37.43 37.45 37.42 37.38 37.46 37.43 37.43 37.45 37.53 37.61 37.67 37.69 37.8 37.87 37.83 37.93 38.07 38.04 38.03 38.1 38.1 38.15 38.22 38.15 38.2 38.2 38.19 38.25 38.23 38.22 38.21 38.22 38.24 38.24 38.25 38.23 38.21 38.22 38.22 38.26 38.28 38.33 38.36 38.37 38.37 38.44 38.47 38.45 38.43 38.45 38.49 38.42 38.43 38.47 38.42 38.38 38.3 38.15
37.46 37.5 37.68 37.72 37.7 37.66 37.57 37.53 37.54 37.52 37.55 37.64 37.62 37.59 37.61 37.64 37.62 37.66 37.66 37.71 37.76 37.77 37.78 37.75 37.85 37.82 37.84 37.92 37.93 37.9 37.99 38.05 38.09 38.11 38.11 38.11 38.17 38.15 38.14 38.18 38.23 38.27 38.31 38.27 38.27 38.27 38.26 38.29 38.3 38.29 38.31 38.3 38.3 38.32 38.37 38.33 38.34 38.35 38.34 38.4 38.4 38.44 38.44 38.45 38.46 38.48 38.46 38.45 38.45 38.44 38.46 38.42 38.45 38.52 38.52 38.44 38.31 38.08
37.57 37.56 37.74 37.77 37.77 37.79 37.78 37.78 37.79 37.78 37.79 37.85 37.86 37.82 37.85 37.88 37.88 37.92 37.88 37.9 37.93 37.96 37.95 37.96 38 38.01 37.99 38.02 38.05 38.06 38.13 38.15 38.19 38.18 38.2 38.2 38.26 38.25 38.24 38.28 38.31 38.37 38.41 38.37 38.33 38.34 38.36 38.4 38.41 38.41 38.43 38.42 38.42 38.43 38.5 38.49 38.49 38.49 38.52 38.57 38.59 38.59 38.57 38.56 38.56 38.54 38.52 38.49 38.48 38.43 38.45 38.48 38.47 38.47 38.5 38.48 38.34 38.07
37.89 37.87 37.91 37.91 37.92 38.02 38 37.97 37.98 37.98 37.99 38.02 38.02 37.98 37.99 38.02 38.03 38.05 38.01 37.98 38.01 38.04 38.01 38.03 38.02 38.04 38.04 38.06 38.11 38.12 38.19 38.2 38.25 38.25 38.27 38.3 38.35 38.34 38.36 38.4 38.44 38.51 38.54 38.51 38.44 38.45 38.48 38.52 38.53 38.54 38.55 38.56 38.57 38.56 38.57 38.6 38.6 38.59 38.62 38.63 38.66 38.64 38.63 38.63 38.63 38.54 38.52 38.5 38.46 38.44 38.48 38.45 38.43 38.44 38.45 38.44 38.33 38.05
38 37.98 37.98 37.99 38.02 38.1 38.08 38.06 38.06 38.1 38.08 38.08 38.05 38.04 38.06 38.09 38.09 38.08 38.06 38.04 38.08 38.1 38.07 38.07 38.07 38.08 38.08 38.1 38.16 38.17 38.23 38.26 38.29 38.29 38.34 38.48 38.51 38.5 38.5 38.52 38.55 38.6 38.6 38.59 38.53 38.55 38.56 38.56 38.58 38.62 38.65 38.63 38.65 38.68 38.6 38.62 38.62 38.6 38.59 38.57 38.62 38.63 38.63 38.62 38.63 38.58 38.57 38.57 38.56 38.51 38.48 38.47 38.41 38.42 38.42 38.42 38.31 38.05
38.08 38.05 38.05 38.06 38.15 38.15 38.14 38.11 38.09 38.13 38.11 38.11 38.11 38.15 38.14 38.16 38.13 38.14 38.15 38.11 38.13 38.14 38.11 38.11 38.11 38.11 38.12 38.16 38.26 38.26 38.28 38.32 38.39 38.39 38.44 38.6 38.64 38.63 38.58 38.56 38.6 38.62 38.6 38.58 38.56 38.57 38.58 38.58 38.61 38.67 38.7 38.68 38.69 38.69 38.67 38.62 38.61 38.59 38.58 38.56 38.6 38.61 38.61 38.63 38.63 38.6 38.58 38.58 38.59 38.57 38.5 38.49 38.43 38.42 38.45 38.44 38.35 38.16
38.08 38.08 38.11 38.13 38.23 38.2 38.18 38.18 38.17 38.17 38.17 38.17 38.17 38.2 38.16 38.19 38.17 38.19 38.24 38.21 38.18 38.18 38.18 38.16 38.19 38.19 38.21 38.26 38.38 38.37 38.29 38.34 38.43 38.47 38.55 38.61 38.67 38.66 38.58 38.53 38.6 38.61 38.63 38.62 38.62 38.61 38.61 38.64 38.66 38.73 38.72 38.71 38.69 38.67 38.68 38.64 38.63 38.61 38.58 38.58 38.62 38.63 38.62 38.63 38.61 38.57 38.56 38.56 38.59 38.55 38.49 38.47 38.46 38.46 38.48 38.48 38.42 38.31
38.12 38.13 38.14 38.16 38.21 38.21 38.21 38.25 38.23 38.24 38.23 38.23 38.26 38.26 38.23 38.28 38.29 38.31 38.35 38.31 38.26 38.28 38.26 38.24 38.28 38.25 38.25 38.33 38.47 38.44 38.28 38.29 38.39 38.43 38.58 38.63 38.65 38.67 38.63 38.55 38.57 38.63 38.66 38.69 38.69 38.66 38.67 38.67 38.67 38.72 38.73 38.73 38.71 38.68 38.71 38.68 38.65 38.63 38.6 38.61 38.63 38.62 38.62 38.63 38.6 38.54 38.56 38.56 38.57 38.51 38.47 38.45 38.47 38.48 38.49 38.49 38.44 38.38
38.16 38.18 38.18 38.18 38.23 38.26 38.25 38.28 38.28 38.31 38.3 38.32 38.37 38.37 38.33 38.34 38.33 38.34 38.39 38.37 38.34 38.36 38.32 38.32 38.29 38.24 38.24 38.33 38.43 38.41 38.32 38.24 38.33 38.39 38.54 38.59 38.62 38.68 38.65 38.6 38.62 38.66 38.67 38.69 38.68 38.7 38.69 38.7 38.67 38.66 38.72 38.7 38.71 38.7 38.7 38.7 38.65 38.65 38.62 38.62 38.61 38.6 38.63 38.64 38.6 38.55 38.56 38.56 38.56 38.49 38.43 38.43 38.46 38.47 38.48 38.47 38.43 38.38
38.23 38.26 38.27 38.26 38.3 38.33 38.33 38.35 38.36 38.38 38.36 38.4 38.46 38.45 38.41 38.36 38.33 38.33 38.4 38.43 38.38 38.38 38.33 38.35 38.28 38.27 38.28 38.3 38.31 38.35 38.36 38.21 38.27 38.31 38.45 38.54 38.56 38.62 38.64 38.61 38.62 38.65 38.69 38.69 38.69 38.7 38.71 38.71 38.68 38.63 38.71 38.71 38.72 38.71 38.71 38.69 38.67 38.67 38.64 38.64 38.63 38.64 38.64 38.65 38.63 38.57 38.54 38.56 38.55 38.45 38.41 38.42 38.47 38.46 38.45 38.46 38.42 38.38
38.3 38.35 38.35 38.35 38.38 38.41 38.4 38.46 38.49 38.46 38.41 38.44 38.49 38.48 38.46 38.41 38.39 38.37 38.44 38.51 38.41 38.38 38.32 38.37 38.34 38.3 38.29 38.32 38.33 38.38 38.4 38.29 38.22 38.22 38.39 38.51 38.53 38.6 38.64 38.6 38.61 38.65 38.68 38.71 38.71 38.72 38.72 38.7 38.68 38.67 38.69 38.69 38.71 38.72 38.69 38.69 38.68 38.67 38.64 38.65 38.65 38.67 38.66 38.65 38.62 38.56 38.52 38.54 38.51 38.42 38.4 38.42 38.47 38.48 38.42 38.45 38.45 38.42
38.43 38.43 38.41 38.43 38.47 38.46 38.42 38.52 38.58 38.52 38.44 38.44 38.48 38.48 38.47 38.46 38.43 38.42 38.44 38.53 38.45 38.4 38.36 38.39 38.4 38.37 38.3 38.35 38.37 38.36 38.37 38.39 38.3 38.2 38.34 38.51 38.51 38.53 38.62 38.63 38.62 38.64 38.7 38.72 38.73 38.72 38.73 38.72 38.7 38.69 38.68 38.67 38.7 38.71 38.7 38.7 38.69 38.66 38.65 38.66 38.66 38.66 38.68 38.66 38.6 38.56 38.53 38.53 38.49 38.49 38.42 38.44 38.46 38.47 38.39 38.44 38.46 38.47
38.5 38.47 38.42 38.46 38.49 38.47 38.43 38.51 38.56 38.52 38.46 38.44 38.45 38.45 38.46 38.46 38.44 38.44 38.46 38.47 38.46 38.43 38.44 38.44 38.44 38.43 38.34 38.37 38.4 38.38 38.36 38.44 38.33 38.14 38.27 38.46 38.49 38.51 38.57 38.61 38.6 38.63 38.67 38.71 38.71 38.69 38.71 38.72 38.72 38.69 38.67 38.68 38.71 38.69 38.72 38.7 38.68 38.67 38.66 38.67 38.67 38.65 38.66 38.64 38.61 38.6 38.62 38.57 38.5 38.52 38.44 38.43 38.47 38.45 38.45 38.46 38.46 38.47
38.49 38.47 38.43 38.46 38.47 38.47 38.47 38.48 38.52 38.51 38.48 38.43 38.38 38.43 38.5 38.52 38.47 38.49 38.49 38.47 38.47 38.45 38.45 38.44 38.41 38.37 38.34 38.35 38.39 38.41 38.36 38.45 38.39 38.14 38.24 38.42 38.46 38.5 38.52 38.58 38.58 38.59 38.6 38.68 38.66 38.66 38.67 38.68 38.71 38.7 38.68 38.69 38.7 38.66 38.7 38.67 38.65 38.66 38.65 38.68 38.65 38.62 38.6 38.61 38.62 38.62 38.61 38.55 38.49 38.53 38.49 38.41 38.42 38.41 38.42 38.47 38.48 38.48
38.48 38.47 38.44 38.49 38.48 38.5 38.51 38.47 38.49 38.48 38.49 38.4 38.39 38.45 38.5 38.54 38.51 38.52 38.54 38.47 38.45 38.42 38.44 38.48 38.45 38.39 38.33 38.36 38.4 38.42 38.39 38.44 38.4 38.21 38.24 38.37 38.41 38.47 38.48 38.53 38.54 38.55 38.59 38.63 38.63 38.65 38.61 38.63 38.68 38.67 38.65 38.65 38.68 38.67 38.67 38.65 38.62 38.66 38.6 38.61 38.6 38.65 38.58 38.61 38.62 38.57 38.57 38.54 38.51 38.57 38.52 38.45 38.45 38.4 38.4 38.45 38.49 38.46
38.43 38.43 38.45 38.51 38.5 38.52 38.54 38.47 38.55 38.52 38.47 38.43 38.43 38.45 38.5 38.5 38.51 38.53 38.56 38.51 38.46 38.39 38.43 38.55 38.51 38.45 38.32 38.37 38.38 38.39 38.4 38.41 38.4 38.24 38.13 38.29 38.33 38.41 38.46 38.48 38.51 38.55 38.62 38.61 38.61 38.6 38.55 38.58 38.61 38.65 38.62 38.6 38.61 38.66 38.63 38.63 38.63 38.65 38.58 38.53 38.52 38.64 38.59 38.56 38.56 38.54 38.55 38.58 38.51 38.55 38.52 38.48 38.48 38.45 38.43 38.44 38.48 38.48
38.44 38.5 38.53 38.51 38.51 38.53 38.52 38.48 38.57 38.54 38.5 38.47 38.45 38.44 38.46 38.45 38.47 38.5 38.51 38.5 38.46 38.4 38.42 38.56 38.5 38.43 38.39 38.41 38.4 38.39 38.4 38.39 38.39 38.25 38.02 38.18 38.25 38.33 38.46 38.46 38.5 38.56 38.6 38.6 38.59 38.61 38.59 38.62 38.6 38.61 38.64 38.62 38.61 38.66 38.64 38.63 38.61 38.6 38.61 38.56 38.52 38.62 38.62 38.57 38.51 38.51 38.53 38.56 38.51 38.51 38.51 38.5 38.48 38.46 38.45 38.45 38.48 38.49
38.46 38.52 38.54 38.45 38.46 38.45 38.44 38.47 38.56 38.53 38.51 38.49 38.48 38.45 38.44 38.42 38.43 38.47 38.45 38.51 38.5 38.43 38.44 38.49 38.47 38.43 38.48 38.47 38.42 38.41 38.41 38.39 38.39 38.29 38.11 38.12 38.19 38.29 38.43 38.44 38.48 38.52 38.61 38.59 38.6 38.62 38.59 38.62 38.61 38.62 38.63 38.62 38.61 38.61 38.62 38.64 38.64 38.61 38.62 38.62 38.59 38.61 38.61 38.58 38.51 38.53 38.54 38.54 38.49 38.49 38.49 38.48 38.47 38.44 38.44 38.45 38.46 38.47
