slabs/95.grd
DSAA
631 301
647670 648300
4947200 4947500
27.57 44.31
[rows 68 to 101 of 301, columns 390 to 467 of 631]
38.37 38.35 38.34 38.36 38.41 38.42 38.39 38.38 38.35 38.38 38.38 38.34 38.23 38.23 38.3 38.31 38.29 38.28 38.27 38.34 38.32 38.3 38.22 38.27 38.25 38.2 38.21 38.2 38.16 38.17 38.13 38.17 38.15 37.97 37.87 37.9 37.93 38 37.99 38.05 38.08 38.12 38.24 38.19 38.13 38.13 38.21 38.23 38.21 38.2 38.2 38.2 38.18 38.18 38.19 38.24 38.25 38.22 38.23 38.24 38.25 38.22 38.21 38.25 38.29 38.33 38.35 38.34 38.3 38.16 38.17 38.21 38.24 38.21 38.2 38.2 38.2 38.16
38.33 38.39 38.39 38.41 38.42 38.43 38.43 38.38 38.35 38.37 38.39 38.38 38.27 38.27 38.32 38.3 38.28 38.28 38.27 38.35 38.31 38.28 38.22 38.23 38.24 38.22 38.26 38.17 38.18 38.17 38.15 38.12 38.1 38.03 37.96 37.92 37.95 37.98 37.96 38 38.03 38.09 38.2 38.18 38.16 38.14 38.19 38.24 38.22 38.18 38.17 38.21 38.19 38.17 38.21 38.22 38.21 38.2 38.18 38.2 38.24 38.2 38.22 38.25 38.28 38.3 38.32 38.32 38.28 38.15 38.17 38.2 38.23 38.2 38.18 38.2 38.18 38.18
38.34 38.39 38.4 38.43 38.44 38.42 38.45 38.4 38.36 38.37 38.37 38.39 38.34 38.31 38.31 38.27 38.26 38.26 38.28 38.34 38.26 38.25 38.21 38.21 38.26 38.25 38.24 38.2 38.2 38.14 38.12 38.08 38.08 38.06 37.95 37.87 37.9 37.94 37.97 37.96 38 38.07 38.13 38.13 38.16 38.18 38.15 38.16 38.18 38.17 38.14 38.17 38.17 38.16 38.22 38.21 38.18 38.17 38.18 38.21 38.25 38.2 38.24 38.25 38.25 38.29 38.29 38.31 38.28 38.21 38.2 38.21 38.25 38.21 38.22 38.24 38.21 38.21
38.34 38.37 38.39 38.4 38.42 38.4 38.43 38.4 38.38 38.36 38.36 38.41 38.33 38.31 38.31 38.28 38.27 38.26 38.31 38.34 38.27 38.26 38.22 38.27 38.26 38.22 38.2 38.19 38.2 38.22 38.15 38.05 38.05 38.04 37.97 37.82 37.85 37.91 37.96 37.93 37.97 38.06 38.15 38.13 38.16 38.19 38.13 38.12 38.16 38.15 38.11 38.13 38.16 38.16 38.2 38.18 38.17 38.17 38.2 38.23 38.3 38.25 38.26 38.26 38.27 38.32 38.28 38.3 38.27 38.26 38.21 38.16 38.24 38.21 38.22 38.24 38.24 38.24
38.34 38.35 38.37 38.33 38.36 38.38 38.39 38.37 38.39 38.37 38.37 38.39 38.33 38.3 38.32 38.29 38.3 38.28 38.29 38.31 38.26 38.25 38.27 38.29 38.24 38.18 38.2 38.22 38.21 38.21 38.18 38.12 38.11 38.05 37.99 37.87 37.85 37.86 37.93 37.91 37.96 38.05 38.17 38.15 38.13 38.17 38.17 38.16 38.15 38.13 38.09 38.12 38.15 38.15 38.18 38.17 38.18 38.24 38.23 38.25 38.32 38.26 38.25 38.27 38.32 38.29 38.23 38.26 38.27 38.25 38.22 38.16 38.17 38.22 38.23 38.22 38.24 38.16
38.37 38.36 38.35 38.31 38.33 38.38 38.39 38.4 38.41 38.39 38.35 38.33 38.35 38.32 38.31 38.3 38.33 38.28 38.29 38.21 38.22 38.25 38.33 38.29 38.23 38.17 38.21 38.24 38.21 38.19 38.17 38.16 38.14 38.08 38.02 37.96 37.93 37.84 37.87 37.91 37.95 38.03 38.14 38.13 38.11 38.14 38.18 38.17 38.12 38.08 38.06 38.09 38.12 38.13 38.17 38.19 38.22 38.28 38.24 38.25 38.27 38.25 38.26 38.28 38.27 38.25 38.23 38.21 38.22 38.17 38.17 38.17 38.18 38.22 38.22 38.21 38.2 38.18
38.41 38.38 38.32 38.32 38.35 38.38 38.4 38.38 38.42 38.39 38.37 38.37 38.39 38.37 38.33 38.29 38.29 38.26 38.25 38.22 38.23 38.29 38.37 38.33 38.27 38.19 38.22 38.22 38.19 38.16 38.11 38.14 38.13 38.11 38.06 38.04 38.02 37.83 37.83 37.88 37.95 37.98 38.08 38.09 38.13 38.1 38.11 38.11 38.1 38.05 38.05 38.07 38.12 38.14 38.19 38.22 38.2 38.25 38.25 38.25 38.25 38.23 38.25 38.29 38.24 38.23 38.23 38.22 38.24 38.15 38.17 38.17 38.19 38.2 38.19 38.18 38.2 38.19
38.43 38.4 38.33 38.33 38.36 38.35 38.37 38.38 38.41 38.4 38.41 38.41 38.43 38.4 38.34 38.25 38.26 38.26 38.2 38.2 38.23 38.29 38.34 38.33 38.27 38.2 38.21 38.19 38.18 38.15 38.09 38.11 38.13 38.11 38.07 38.06 38.05 37.84 37.8 37.82 37.91 37.96 38.03 38.07 38.14 38.08 38.04 38.06 38.07 38.08 38.09 38.1 38.13 38.17 38.26 38.26 38.2 38.23 38.24 38.22 38.21 38.28 38.3 38.33 38.24 38.26 38.24 38.22 38.26 38.19 38.19 38.16 38.19 38.2 38.17 38.17 38.21 38.17
38.44 38.42 38.35 38.32 38.32 38.35 38.36 38.35 38.38 38.37 38.37 38.38 38.41 38.42 38.4 38.29 38.29 38.26 38.23 38.21 38.23 38.29 38.32 38.29 38.24 38.21 38.22 38.18 38.2 38.19 38.09 38.1 38.12 38.1 38.1 38.09 38.06 37.91 37.74 37.78 37.87 37.97 38 38.04 38.1 38.08 38.06 38.07 38.08 38.1 38.16 38.15 38.16 38.17 38.27 38.25 38.22 38.21 38.21 38.2 38.22 38.28 38.31 38.34 38.27 38.22 38.21 38.22 38.25 38.21 38.2 38.18 38.18 38.19 38.16 38.17 38.2 38.16
38.43 38.39 38.34 38.3 38.3 38.36 38.38 38.37 38.37 38.37 38.33 38.34 38.39 38.43 38.41 38.35 38.34 38.3 38.27 38.24 38.23 38.25 38.3 38.25 38.23 38.22 38.22 38.2 38.23 38.2 38.09 38.09 38.1 38.1 38.14 38.12 38.08 38 37.75 37.76 37.85 37.96 37.94 37.98 38.02 38.05 38.08 38.08 38.05 38.06 38.1 38.14 38.15 38.15 38.19 38.21 38.19 38.2 38.2 38.22 38.28 38.31 38.3 38.29 38.27 38.18 38.19 38.23 38.26 38.18 38.19 38.22 38.19 38.18 38.16 38.15 38.16 38.17
38.39 38.36 38.34 38.31 38.33 38.37 38.37 38.38 38.38 38.39 38.34 38.35 38.39 38.41 38.37 38.41 38.38 38.32 38.29 38.26 38.24 38.21 38.25 38.26 38.24 38.22 38.21 38.22 38.24 38.18 38.12 38.12 38.15 38.14 38.17 38.17 38.12 38.05 37.88 37.81 37.84 37.91 37.94 37.98 38.04 38.08 38.09 38.08 38.05 38.11 38.1 38.12 38.12 38.11 38.13 38.17 38.15 38.2 38.21 38.22 38.28 38.29 38.27 38.22 38.24 38.2 38.21 38.23 38.25 38.16 38.17 38.23 38.15 38.16 38.16 38.11 38.14 38.16
38.35 38.34 38.35 38.32 38.33 38.34 38.34 38.34 38.36 38.38 38.34 38.38 38.4 38.39 38.35 38.39 38.38 38.32 38.31 38.28 38.25 38.22 38.24 38.28 38.26 38.23 38.21 38.2 38.2 38.21 38.2 38.18 38.16 38.09 38.15 38.16 38.14 38.1 37.98 37.84 37.78 37.92 37.94 37.96 38.01 38.06 38.07 38.06 38.06 38.16 38.15 38.13 38.11 38.09 38.11 38.16 38.16 38.21 38.19 38.18 38.23 38.24 38.23 38.21 38.24 38.22 38.24 38.22 38.21 38.14 38.17 38.22 38.13 38.15 38.18 38.15 38.15 38.15
38.33 38.34 38.34 38.32 38.34 38.33 38.31 38.29 38.34 38.37 38.36 38.4 38.39 38.39 38.41 38.38 38.35 38.31 38.31 38.31 38.27 38.22 38.24 38.26 38.24 38.22 38.16 38.17 38.2 38.25 38.25 38.25 38.26 38.1 38.1 38.14 38.14 38.09 38.1 37.96 37.78 37.92 37.94 37.96 38.01 38.06 38.06 38.04 38.06 38.15 38.15 38.14 38.1 38.11 38.12 38.16 38.19 38.2 38.15 38.12 38.16 38.21 38.22 38.24 38.28 38.2 38.22 38.21 38.17 38.14 38.17 38.2 38.23 38.2 38.19 38.16 38.17 38.17
38.29 38.32 38.34 38.37 38.38 38.39 38.32 38.29 38.33 38.37 38.4 38.4 38.39 38.38 38.46 38.39 38.37 38.28 38.26 38.3 38.28 38.22 38.22 38.23 38.21 38.19 38.17 38.2 38.25 38.28 38.19 38.21 38.19 38.11 38.12 38.14 38.14 38.13 38.1 38.02 37.81 37.84 37.89 37.92 37.97 37.98 38 38.05 38.09 38.11 38.14 38.17 38.1 38.11 38.11 38.13 38.18 38.16 38.13 38.09 38.11 38.18 38.19 38.23 38.28 38.23 38.2 38.21 38.17 38.19 38.24 38.22 38.18 38.15 38.16 38.19 38.18 38.17
38.27 38.28 38.31 38.39 38.38 38.42 38.33 38.3 38.32 38.35 38.38 38.34 38.37 38.38 38.39 38.36 38.36 38.3 38.26 38.28 38.31 38.28 38.24 38.24 38.23 38.22 38.23 38.23 38.24 38.25 38.17 38.16 38.12 38.14 38.14 38.16 38.17 38.14 38.07 38.02 37.84 37.79 37.83 37.88 37.93 37.96 37.97 38.06 38.13 38.09 38.1 38.14 38.09 38.07 38.08 38.11 38.15 38.15 38.12 38.1 38.07 38.11 38.16 38.22 38.25 38.23 38.2 38.18 38.21 38.23 38.24 38.19 38.17 38.16 38.16 38.18 38.17 38.18
38.29 38.27 38.29 38.33 38.34 38.37 38.31 38.29 38.31 38.34 38.36 38.32 38.36 38.43 38.41 38.41 38.4 38.34 38.32 38.3 38.28 38.31 38.28 38.26 38.24 38.26 38.3 38.32 38.29 38.24 38.15 38.15 38.11 38.13 38.15 38.18 38.2 38.14 38.09 38.01 37.89 37.8 37.78 37.81 37.9 37.97 37.98 38.03 38.15 38.09 38.07 38.07 38.06 38.07 38.1 38.11 38.12 38.09 38.09 38.11 38.06 38.08 38.12 38.18 38.18 38.2 38.22 38.17 38.23 38.24 38.21 38.22 38.18 38.16 38.18 38.17 38.15 38.16
38.31 38.31 38.34 38.31 38.33 38.33 38.31 38.31 38.34 38.37 38.39 38.34 38.37 38.42 38.39 38.39 38.39 38.32 38.33 38.32 38.31 38.32 38.26 38.26 38.22 38.27 38.31 38.34 38.28 38.21 38.15 38.15 38.13 38.12 38.16 38.18 38.22 38.14 38.12 38.04 37.99 37.88 37.8 37.79 37.87 37.93 37.94 37.99 38.1 38.1 38.08 38.07 38.06 38.08 38.11 38.12 38.1 38.04 38.07 38.13 38.13 38.09 38.09 38.17 38.22 38.22 38.22 38.16 38.25 38.27 38.23 38.22 38.17 38.17 38.19 38.17 38.15 38.15
38.3 38.35 38.35 38.31 38.32 38.32 38.33 38.31 38.3 38.29 38.38 38.37 38.38 38.41 38.41 38.4 38.37 38.31 38.33 38.33 38.31 38.3 38.23 38.24 38.22 38.27 38.31 38.3 38.24 38.19 38.21 38.18 38.16 38.15 38.16 38.16 38.21 38.14 38.13 38.09 38.1 38.02 37.94 37.83 37.86 37.87 37.89 37.93 38 38.11 38.1 38.1 38.04 38.04 38.11 38.14 38.1 38.09 38.11 38.08 38.1 38.08 38.06 38.1 38.19 38.21 38.22 38.18 38.25 38.26 38.22 38.24 38.15 38.16 38.19 38.18 38.19 38.17
38.33 38.35 38.35 38.34 38.34 38.35 38.32 38.32 38.29 38.31 38.34 38.35 38.39 38.43 38.42 38.39 38.35 38.36 38.36 38.35 38.34 38.26 38.21 38.21 38.22 38.27 38.27 38.27 38.23 38.21 38.23 38.22 38.18 38.17 38.15 38.14 38.16 38.15 38.15 38.13 38.13 38.1 38.03 37.82 37.79 37.84 37.86 37.89 37.93 38.09 38.09 38.07 37.99 38 38.06 38.11 38.14 38.14 38.13 38.12 38.13 38.11 38.04 38.05 38.13 38.17 38.23 38.17 38.22 38.24 38.2 38.21 38.17 38.17 38.21 38.15 38.17 38.16
38.35 38.31 38.34 38.36 38.35 38.36 38.29 38.31 38.31 38.3 38.35 38.35 38.37 38.42 38.42 38.39 38.37 38.38 38.39 38.38 38.36 38.26 38.23 38.21 38.21 38.26 38.23 38.25 38.24 38.23 38.22 38.23 38.17 38.1 38.13 38.14 38.12 38.13 38.12 38.13 38.08 38.1 38.06 37.77 37.7 37.84 37.84 37.85 37.91 38.06 38.13 38.08 37.99 38 38.02 38.04 38.1 38.12 38.11 38.07 38.12 38.11 38.05 38.04 38.1 38.17 38.24 38.18 38.19 38.24 38.2 38.17 38.18 38.17 38.23 38.13 38.12 38.12
38.37 38.29 38.34 38.34 38.33 38.29 38.28 38.31 38.35 38.32 38.35 38.33 38.32 38.37 38.39 38.38 38.38 38.37 38.42 38.41 38.36 38.29 38.26 38.26 38.22 38.22 38.22 38.23 38.25 38.27 38.25 38.22 38.13 38.1 38.13 38.13 38.14 38.19 38.14 38.12 38.07 38.1 38.11 37.93 37.67 37.83 37.85 37.85 37.9 37.98 38.11 38.1 37.97 37.99 38.02 38.03 38.05 38.1 38.11 38.04 38.07 38.08 38.07 38.04 38.09 38.15 38.21 38.2 38.18 38.22 38.18 38.17 38.17 38.15 38.21 38.16 38.14 38.11
38.35 38.31 38.3 38.28 38.28 38.24 38.29 38.31 38.33 38.34 38.33 38.31 38.29 38.34 38.33 38.35 38.36 38.37 38.41 38.38 38.35 38.36 38.31 38.27 38.25 38.22 38.21 38.19 38.26 38.29 38.27 38.18 38.12 38.12 38.15 38.16 38.16 38.16 38.11 38.14 38.13 38.11 38.1 38 37.76 37.8 37.83 37.84 37.9 37.92 38.02 38.06 37.99 38.01 38.03 38.04 38.03 38.08 38.1 38.06 38.06 38.09 38.09 38.04 38.07 38.11 38.16 38.19 38.18 38.19 38.15 38.15 38.15 38.17 38.26 38.2 38.17 38.14
38.32 38.34 38.28 38.26 38.25 38.23 38.26 38.28 38.31 38.35 38.29 38.28 38.3 38.34 38.29 38.32 38.32 38.36 38.36 38.33 38.32 38.38 38.34 38.27 38.25 38.26 38.23 38.19 38.24 38.25 38.24 38.15 38.15 38.2 38.17 38.18 38.11 38.09 38.08 38.14 38.14 38.08 38.08 38.01 37.87 37.83 37.8 37.84 37.89 37.91 37.98 38.04 38.02 38.02 38.01 38.06 38.04 38.06 38.09 38.09 38.1 38.11 38.11 38.05 38.07 38.11 38.15 38.18 38.18 38.19 38.14 38.12 38.14 38.19 38.26 38.22 38.18 38.17
38.28 38.29 38.26 38.25 38.23 38.24 38.25 38.27 38.32 38.35 38.26 38.26 38.29 38.32 38.3 38.31 38.33 38.34 38.33 38.31 38.35 38.35 38.32 38.29 38.24 38.28 38.24 38.17 38.22 38.23 38.25 38.18 38.19 38.23 38.17 38.16 38.12 38.09 38.08 38.11 38.09 38.06 38.06 38.03 37.99 37.89 37.75 37.84 37.88 37.9 37.93 37.99 38.03 38.03 38.02 38.09 38.08 38.07 38.08 38.1 38.1 38.07 38.11 38.07 38.08 38.1 38.11 38.17 38.19 38.22 38.15 38.14 38.15 38.2 38.17 38.16 38.13 38.15
38.23 38.23 38.23 38.23 38.2 38.26 38.26 38.27 38.3 38.35 38.26 38.27 38.27 38.26 38.3 38.33 38.31 38.34 38.33 38.29 38.35 38.41 38.36 38.31 38.26 38.27 38.24 38.18 38.22 38.27 38.27 38.2 38.2 38.17 38.16 38.19 38.17 38.14 38.09 38.09 38.05 38.06 38.09 38.09 38.07 37.96 37.75 37.81 37.85 37.86 37.88 37.95 38.03 38.05 38.06 38.09 38.11 38.09 38.08 38.1 38.07 38.03 38.12 38.13 38.11 38.05 38.07 38.12 38.15 38.21 38.2 38.15 38.15 38.13 38.15 38.12 38.12 38.14
38.19 38.2 38.2 38.22 38.21 38.24 38.24 38.25 38.28 38.34 38.3 38.3 38.32 38.3 38.32 38.34 38.3 38.34 38.35 38.32 38.34 38.4 38.38 38.34 38.27 38.24 38.23 38.19 38.21 38.27 38.25 38.24 38.22 38.18 38.16 38.21 38.18 38.16 38.11 38.08 38.08 38.09 38.1 38.12 38.09 38.02 37.8 37.77 37.81 37.83 37.85 37.96 38 38.06 38.08 38.04 38.05 38.04 38.03 38.09 38.09 38.07 38.13 38.11 38.09 38.02 38.1 38.1 38.12 38.19 38.16 38.1 38.11 38.11 38.14 38.12 38.14 38.19
38.15 38.17 38.18 38.21 38.22 38.21 38.22 38.25 38.29 38.33 38.32 38.32 38.33 38.32 38.33 38.36 38.29 38.35 38.34 38.28 38.32 38.35 38.36 38.34 38.29 38.24 38.24 38.22 38.2 38.23 38.25 38.27 38.25 38.22 38.17 38.2 38.16 38.15 38.14 38.07 38.1 38.11 38.09 38.11 38.1 38.04 37.84 37.72 37.79 37.82 37.85 37.93 37.92 38.02 38.07 37.98 38.02 38.06 38.04 38.08 38.1 38.09 38.11 38.09 38.05 38.01 38.06 38.09 38.11 38.15 38.12 38.11 38.1 38.12 38.18 38.2 38.18 38.19
38.08 38.16 38.19 38.23 38.23 38.19 38.22 38.25 38.29 38.31 38.32 38.33 38.33 38.33 38.32 38.33 38.26 38.33 38.31 38.28 38.33 38.34 38.34 38.33 38.28 38.27 38.25 38.24 38.22 38.24 38.27 38.28 38.24 38.23 38.2 38.18 38.14 38.14 38.14 38.08 38.11 38.11 38.1 38.11 38.12 38.07 37.91 37.72 37.74 37.78 37.85 37.88 37.9 37.96 38.06 38.01 38.05 38.12 38.09 38.03 38.06 38.06 38.06 38.07 38.05 38.02 38 38.06 38.08 38.11 38.12 38.14 38.12 38.16 38.24 38.23 38.18 38.15
38.07 38.12 38.18 38.25 38.23 38.2 38.23 38.25 38.27 38.31 38.3 38.29 38.35 38.33 38.3 38.3 38.26 38.31 38.29 38.28 38.32 38.33 38.33 38.34 38.3 38.3 38.27 38.24 38.27 38.27 38.27 38.26 38.23 38.23 38.22 38.16 38.14 38.15 38.13 38.12 38.18 38.14 38.08 38.13 38.09 38.06 37.98 37.87 37.81 37.8 37.83 37.91 37.92 37.98 38.06 38.08 38.11 38.15 38.13 38.06 38.06 38.04 38.03 38.07 38.06 38.05 37.98 38.03 38.06 38.09 38.15 38.16 38.16 38.16 38.25 38.22 38.16 38.14
38.07 38.09 38.12 38.2 38.19 38.2 38.23 38.25 38.26 38.3 38.29 38.28 38.33 38.32 38.28 38.28 38.28 38.3 38.28 38.27 38.35 38.36 38.34 38.36 38.33 38.3 38.28 38.29 38.28 38.27 38.25 38.21 38.24 38.24 38.2 38.13 38.17 38.18 38.15 38.14 38.25 38.15 38.08 38.09 38.1 38.06 38.03 37.95 37.87 37.75 37.82 37.94 37.94 37.94 38 38.09 38.11 38.14 38.15 38.08 38.07 38.04 38.04 38.06 38.07 38.07 38 38.02 38.07 38.1 38.16 38.18 38.17 38.12 38.22 38.18 38.14 38.16
38.07 38.09 38.11 38.18 38.18 38.2 38.22 38.26 38.25 38.28 38.29 38.28 38.3 38.29 38.26 38.26 38.27 38.32 38.3 38.26 38.35 38.38 38.35 38.36 38.35 38.28 38.29 38.33 38.25 38.23 38.21 38.22 38.21 38.2 38.16 38.15 38.22 38.23 38.15 38.12 38.16 38.12 38.1 38.11 38.09 38.06 38.04 37.97 37.89 37.74 37.79 37.88 37.9 37.9 37.97 38.07 38.07 38.1 38.1 38.06 38.05 38.06 38.06 38.09 38.08 38.06 38.04 38.03 38.04 38.12 38.15 38.16 38.15 38.08 38.17 38.14 38.13 38.13
38.06 38.06 38.09 38.16 38.19 38.23 38.24 38.28 38.23 38.29 38.3 38.29 38.28 38.28 38.26 38.28 38.26 38.31 38.3 38.26 38.33 38.34 38.36 38.33 38.34 38.3 38.31 38.29 38.23 38.22 38.21 38.2 38.18 38.17 38.21 38.23 38.2 38.2 38.14 38.1 38.15 38.11 38.1 38.12 38.1 38.08 38.05 37.97 37.92 37.76 37.75 37.84 37.85 37.87 37.94 38.02 38.03 38.06 38.05 38.06 38.05 38.08 38.11 38.12 38.06 38.01 38.03 38.01 38.01 38.11 38.13 38.15 38.15 38.08 38.14 38.14 38.15 38.13
37.99 38.03 38.05 38.12 38.17 38.23 38.26 38.31 38.22 38.29 38.32 38.32 38.29 38.31 38.28 38.29 38.28 38.28 38.28 38.27 38.3 38.32 38.34 38.28 38.33 38.34 38.33 38.25 38.23 38.21 38.21 38.18 38.16 38.16 38.18 38.17 38.19 38.2 38.15 38.11 38.12 38.1 38.12 38.15 38.13 38.1 38.06 38.04 37.99 37.83 37.64 37.76 37.78 37.83 37.91 37.97 37.99 38.04 38.05 38.09 38.07 38.04 38.12 38.11 38.05 37.99 37.98 37.98 38.02 38.08 38.11 38.12 38.19 38.12 38.15 38.17 38.16 38.14
37.87 37.97 38.01 38.06 38.13 38.2 38.24 38.32 38.23 38.28 38.31 38.35 38.31 38.3 38.29 38.29 38.3 38.28 38.26 38.27 38.25 38.29 38.3 38.27 38.38 38.37 38.32 38.27 38.29 38.22 38.18 38.19 38.15 38.14 38.17 38.16 38.19 38.21 38.21 38.12 38.12 38.09 38.1 38.14 38.14 38.13 38.09 38.07 38.02 37.93 37.67 37.62 37.68 37.81 37.91 37.93 37.96 38.02 38.06 38.07 38.01 37.98 38.05 38.06 38.05 38.01 37.98 37.99 38.05 38.06 38.05 38.07 38.2 38.12 38.13 38.17 38.15 38.13
