slabs/95.grd
DSAA
631 301
647670 648300
4947200 4947500
27.57 44.31
[rows 68 to 101 of 301, columns 312 to 389 of 631]
38.86 38.82 38.72 38.67 38.49 38.26 38.46 38.52 38.61 38.62 38.68 38.66 38.62 38.64 38.62 38.62 38.65 38.6 38.6 38.59 38.58 38.68 38.66 38.63 38.65 38.61 38.6 38.63 38.62 38.66 38.65 38.63 38.64 38.66 38.66 38.64 38.6 38.61 38.62 38.62 38.61 38.6 38.58 38.53 38.53 38.54 38.54 38.51 38.48 38.46 38.41 38.43 38.48 38.46 38.36 38.23 38.1 38.06 37.98 37.88 37.94 38.03 38.13 38.22 38.24 38.36 38.43 38.36 38.38 38.37 38.37 38.34 38.37 38.38 38.4 38.37 38.39 38.42
38.84 38.86 38.79 38.73 38.58 38.3 38.38 38.42 38.52 38.55 38.61 38.6 38.64 38.65 38.62 38.61 38.61 38.59 38.59 38.6 38.61 38.64 38.63 38.6 38.6 38.59 38.58 38.58 38.62 38.63 38.63 38.66 38.66 38.68 38.68 38.65 38.63 38.64 38.63 38.61 38.6 38.59 38.58 38.57 38.58 38.57 38.53 38.51 38.48 38.46 38.4 38.43 38.47 38.44 38.36 38.28 38.16 38.12 38 37.9 37.93 38.02 38.1 38.19 38.22 38.3 38.41 38.39 38.4 38.35 38.36 38.36 38.35 38.36 38.39 38.39 38.41 38.44
38.84 38.9 38.82 38.77 38.65 38.4 38.44 38.45 38.49 38.53 38.54 38.53 38.61 38.64 38.61 38.6 38.59 38.61 38.61 38.61 38.58 38.55 38.58 38.62 38.59 38.59 38.59 38.58 38.63 38.63 38.62 38.64 38.66 38.67 38.67 38.66 38.68 38.66 38.63 38.6 38.58 38.58 38.58 38.59 38.59 38.58 38.53 38.53 38.51 38.5 38.44 38.39 38.45 38.45 38.4 38.34 38.27 38.19 38.05 37.96 37.93 37.99 38.11 38.14 38.18 38.29 38.3 38.36 38.39 38.36 38.39 38.41 38.37 38.36 38.35 38.4 38.41 38.41
38.89 38.88 38.84 38.78 38.7 38.5 38.5 38.47 38.51 38.54 38.54 38.52 38.57 38.58 38.59 38.6 38.58 38.6 38.6 38.6 38.56 38.53 38.56 38.64 38.59 38.64 38.62 38.59 38.61 38.62 38.61 38.61 38.63 38.64 38.65 38.66 38.69 38.67 38.62 38.59 38.59 38.57 38.58 38.54 38.52 38.54 38.53 38.52 38.53 38.52 38.46 38.33 38.39 38.45 38.46 38.4 38.33 38.18 38.06 37.99 37.97 37.96 38.09 38.09 38.14 38.24 38.27 38.33 38.37 38.34 38.39 38.39 38.37 38.37 38.34 38.38 38.4 38.37
38.94 38.86 38.87 38.78 38.71 38.61 38.53 38.42 38.46 38.53 38.56 38.54 38.55 38.51 38.51 38.57 38.6 38.59 38.58 38.59 38.58 38.58 38.59 38.65 38.61 38.65 38.62 38.57 38.59 38.59 38.58 38.59 38.59 38.61 38.65 38.65 38.66 38.66 38.62 38.6 38.62 38.58 38.56 38.5 38.45 38.48 38.48 38.5 38.52 38.51 38.45 38.38 38.37 38.43 38.45 38.41 38.35 38.2 38.11 38.02 37.98 37.9 38.03 38.09 38.13 38.22 38.28 38.31 38.34 38.33 38.34 38.37 38.37 38.35 38.31 38.33 38.37 38.34
38.94 38.92 38.88 38.82 38.76 38.71 38.59 38.39 38.38 38.55 38.58 38.58 38.55 38.5 38.5 38.51 38.54 38.55 38.57 38.59 38.6 38.63 38.63 38.63 38.63 38.62 38.6 38.57 38.58 38.57 38.55 38.6 38.6 38.61 38.62 38.65 38.65 38.66 38.64 38.61 38.61 38.58 38.53 38.52 38.44 38.45 38.48 38.52 38.52 38.51 38.46 38.4 38.4 38.44 38.47 38.43 38.37 38.24 38.16 38.06 38.03 37.92 37.88 38.04 38.09 38.19 38.26 38.32 38.32 38.34 38.35 38.37 38.38 38.35 38.3 38.31 38.34 38.33
38.9 38.91 38.89 38.86 38.76 38.73 38.63 38.4 38.34 38.53 38.57 38.61 38.59 38.56 38.57 38.57 38.53 38.48 38.49 38.51 38.56 38.59 38.6 38.6 38.63 38.61 38.59 38.58 38.56 38.56 38.56 38.6 38.63 38.61 38.59 38.68 38.68 38.67 38.63 38.61 38.6 38.58 38.55 38.55 38.54 38.53 38.53 38.54 38.53 38.51 38.48 38.39 38.41 38.45 38.45 38.46 38.42 38.28 38.21 38.13 38.08 37.99 37.84 37.93 38 38.12 38.23 38.27 38.28 38.33 38.39 38.38 38.37 38.34 38.33 38.34 38.36 38.37
38.81 38.89 38.89 38.86 38.75 38.74 38.68 38.5 38.43 38.58 38.62 38.63 38.64 38.64 38.65 38.67 38.6 38.49 38.45 38.42 38.47 38.49 38.55 38.59 38.63 38.63 38.59 38.54 38.58 38.58 38.56 38.58 38.58 38.57 38.6 38.66 38.65 38.65 38.63 38.62 38.66 38.62 38.57 38.54 38.54 38.55 38.54 38.57 38.54 38.5 38.48 38.39 38.42 38.43 38.44 38.45 38.43 38.33 38.29 38.21 38.14 38.04 37.95 37.88 37.92 38.04 38.19 38.18 38.21 38.25 38.35 38.36 38.33 38.26 38.29 38.33 38.37 38.42
38.72 38.84 38.84 38.82 38.77 38.74 38.72 38.6 38.53 38.62 38.63 38.64 38.69 38.7 38.7 38.69 38.67 38.62 38.56 38.48 38.41 38.43 38.51 38.57 38.61 38.61 38.59 38.58 38.62 38.6 38.57 38.58 38.58 38.54 38.54 38.62 38.64 38.65 38.66 38.66 38.66 38.62 38.57 38.56 38.55 38.57 38.52 38.55 38.53 38.49 38.48 38.44 38.44 38.43 38.43 38.44 38.44 38.4 38.35 38.25 38.21 38.08 38.06 37.96 37.91 37.99 38.13 38.15 38.17 38.19 38.27 38.29 38.31 38.25 38.32 38.35 38.4 38.41
38.69 38.73 38.73 38.74 38.75 38.73 38.7 38.63 38.58 38.59 38.58 38.64 38.69 38.75 38.73 38.7 38.67 38.66 38.64 38.62 38.47 38.46 38.47 38.5 38.55 38.57 38.59 38.59 38.58 38.58 38.59 38.54 38.55 38.52 38.56 38.63 38.66 38.65 38.63 38.65 38.64 38.6 38.55 38.56 38.55 38.55 38.52 38.53 38.51 38.47 38.49 38.5 38.48 38.45 38.46 38.44 38.44 38.43 38.37 38.29 38.26 38.14 38.08 38.04 37.89 37.89 38.07 38.09 38.15 38.2 38.21 38.24 38.29 38.3 38.37 38.36 38.36 38.36
38.75 38.7 38.68 38.69 38.72 38.71 38.67 38.62 38.62 38.59 38.56 38.65 38.68 38.74 38.75 38.72 38.68 38.69 38.71 38.66 38.63 38.61 38.52 38.44 38.43 38.46 38.52 38.59 38.6 38.59 38.6 38.58 38.57 38.58 38.64 38.61 38.63 38.63 38.59 38.64 38.62 38.57 38.53 38.54 38.55 38.53 38.53 38.5 38.49 38.47 38.5 38.52 38.51 38.47 38.48 38.43 38.44 38.45 38.4 38.36 38.27 38.19 38.08 38.04 37.88 37.81 38.04 38.06 38.12 38.16 38.22 38.26 38.32 38.37 38.37 38.32 38.31 38.32
38.86 38.8 38.77 38.73 38.71 38.69 38.65 38.64 38.66 38.61 38.58 38.66 38.72 38.72 38.72 38.73 38.75 38.74 38.72 38.63 38.62 38.63 38.6 38.53 38.43 38.4 38.44 38.52 38.57 38.57 38.59 38.56 38.59 38.61 38.66 38.59 38.6 38.61 38.57 38.64 38.62 38.56 38.54 38.53 38.56 38.54 38.55 38.5 38.5 38.51 38.48 38.55 38.53 38.48 38.49 38.46 38.44 38.46 38.47 38.43 38.3 38.18 38.14 38.09 37.94 37.86 37.98 38.02 38.08 38.18 38.19 38.23 38.32 38.41 38.38 38.32 38.27 38.29
38.9 38.86 38.82 38.77 38.73 38.69 38.66 38.69 38.72 38.69 38.63 38.68 38.71 38.7 38.64 38.66 38.71 38.7 38.67 38.61 38.61 38.62 38.62 38.58 38.52 38.46 38.43 38.42 38.47 38.49 38.55 38.54 38.56 38.59 38.64 38.6 38.6 38.6 38.59 38.64 38.63 38.59 38.57 38.58 38.59 38.56 38.58 38.56 38.53 38.55 38.52 38.57 38.52 38.49 38.5 38.48 38.43 38.44 38.48 38.48 38.38 38.21 38.16 38.13 38.04 37.92 37.92 37.97 38.04 38.16 38.19 38.2 38.28 38.4 38.43 38.35 38.29 38.32
38.88 38.84 38.81 38.82 38.81 38.78 38.71 38.68 38.68 38.66 38.63 38.68 38.67 38.66 38.6 38.59 38.56 38.6 38.64 38.66 38.64 38.63 38.65 38.62 38.63 38.58 38.49 38.42 38.43 38.43 38.45 38.46 38.49 38.55 38.61 38.61 38.61 38.6 38.62 38.61 38.62 38.62 38.63 38.62 38.61 38.57 38.59 38.61 38.56 38.56 38.53 38.51 38.49 38.51 38.51 38.49 38.44 38.45 38.46 38.48 38.44 38.32 38.25 38.19 38.08 37.96 37.96 38 38.08 38.11 38.2 38.21 38.27 38.36 38.4 38.37 38.33 38.34
38.76 38.82 38.82 38.82 38.72 38.74 38.77 38.72 38.69 38.67 38.64 38.65 38.62 38.6 38.59 38.57 38.51 38.53 38.57 38.63 38.62 38.63 38.65 38.63 38.66 38.66 38.6 38.54 38.51 38.47 38.42 38.37 38.4 38.5 38.55 38.57 38.58 38.6 38.63 38.59 38.6 38.64 38.65 38.58 38.57 38.57 38.56 38.58 38.55 38.51 38.53 38.52 38.51 38.52 38.51 38.51 38.44 38.43 38.44 38.48 38.47 38.36 38.27 38.23 38.13 37.99 37.98 37.96 38.02 38.04 38.16 38.19 38.26 38.29 38.32 38.34 38.35 38.31
38.6 38.64 38.7 38.72 38.53 38.65 38.81 38.78 38.74 38.71 38.65 38.63 38.63 38.6 38.58 38.56 38.54 38.54 38.54 38.57 38.56 38.59 38.62 38.63 38.64 38.66 38.67 38.63 38.62 38.56 38.51 38.41 38.4 38.44 38.47 38.51 38.54 38.57 38.61 38.6 38.6 38.64 38.65 38.6 38.59 38.6 38.58 38.58 38.55 38.53 38.55 38.53 38.47 38.47 38.53 38.53 38.49 38.43 38.42 38.46 38.46 38.37 38.3 38.26 38.19 38.03 38.01 37.94 37.88 37.96 38.05 38.13 38.22 38.22 38.25 38.31 38.36 38.27
38.05 38.1 38.25 38.32 38.5 38.67 38.82 38.79 38.73 38.72 38.69 38.66 38.66 38.63 38.58 38.54 38.55 38.54 38.53 38.54 38.53 38.55 38.56 38.63 38.62 38.67 38.7 38.65 38.63 38.6 38.61 38.56 38.52 38.45 38.37 38.46 38.49 38.51 38.59 38.59 38.59 38.64 38.66 38.63 38.61 38.6 38.58 38.57 38.56 38.56 38.57 38.56 38.51 38.48 38.52 38.52 38.52 38.45 38.4 38.42 38.45 38.4 38.34 38.31 38.25 38.11 38.1 38.02 37.8 37.9 37.96 38.13 38.18 38.17 38.2 38.31 38.35 38.28
37.64 37.68 37.7 37.7 38.27 38.49 38.7 38.7 38.73 38.75 38.75 38.76 38.71 38.68 38.63 38.56 38.55 38.52 38.52 38.53 38.54 38.52 38.48 38.56 38.57 38.66 38.68 38.69 38.66 38.62 38.58 38.6 38.57 38.53 38.44 38.41 38.41 38.47 38.58 38.54 38.58 38.58 38.64 38.64 38.63 38.59 38.6 38.58 38.54 38.59 38.57 38.57 38.55 38.52 38.51 38.52 38.53 38.46 38.42 38.45 38.47 38.44 38.42 38.37 38.27 38.19 38.18 38.12 37.89 37.85 37.94 38.16 38.15 38.15 38.18 38.3 38.33 38.26
37.68 37.65 37.52 37.52 37.92 37.98 38.21 38.25 38.54 38.62 38.74 38.82 38.77 38.72 38.68 38.62 38.59 38.54 38.55 38.57 38.56 38.51 38.42 38.48 38.5 38.56 38.58 38.67 38.64 38.63 38.61 38.6 38.55 38.56 38.59 38.55 38.51 38.46 38.46 38.47 38.54 38.56 38.61 38.62 38.63 38.59 38.61 38.59 38.55 38.63 38.57 38.56 38.55 38.56 38.54 38.53 38.52 38.48 38.48 38.51 38.5 38.48 38.47 38.41 38.3 38.25 38.22 38.15 38.02 37.82 37.93 38.13 38.12 38.17 38.19 38.26 38.35 38.29
38.25 38.13 37.88 37.73 37.68 37.56 37.65 37.65 38.05 38.22 38.55 38.74 38.75 38.75 38.69 38.65 38.63 38.58 38.59 38.6 38.59 38.54 38.47 38.5 38.49 38.51 38.54 38.6 38.62 38.65 38.66 38.63 38.55 38.55 38.62 38.61 38.57 38.51 38.43 38.45 38.49 38.54 38.57 38.58 38.61 38.61 38.63 38.61 38.57 38.62 38.57 38.55 38.53 38.57 38.57 38.53 38.5 38.5 38.51 38.53 38.49 38.46 38.46 38.42 38.36 38.28 38.25 38.16 38.07 37.95 37.95 38.02 38.07 38.19 38.18 38.25 38.31 38.36
38.65 38.56 38.36 38.03 37.79 37.66 37.54 37.41 37.56 37.68 38.15 38.48 38.58 38.78 38.73 38.68 38.67 38.64 38.6 38.56 38.55 38.51 38.5 38.52 38.51 38.55 38.53 38.53 38.57 38.63 38.68 38.68 38.65 38.63 38.65 38.65 38.62 38.59 38.52 38.52 38.51 38.52 38.51 38.5 38.52 38.56 38.61 38.6 38.58 38.59 38.56 38.55 38.52 38.54 38.57 38.53 38.48 38.5 38.51 38.51 38.44 38.42 38.43 38.44 38.4 38.32 38.28 38.21 38.13 38.08 37.9 37.92 38.07 38.15 38.15 38.24 38.28 38.38
38.57 38.57 38.53 38.36 38.18 38.01 37.93 37.59 37.5 37.37 37.61 38.02 38.23 38.68 38.69 38.68 38.7 38.71 38.66 38.6 38.58 38.53 38.51 38.49 38.5 38.57 38.51 38.47 38.52 38.57 38.62 38.64 38.67 38.68 38.68 38.68 38.66 38.64 38.61 38.61 38.61 38.57 38.54 38.5 38.46 38.46 38.54 38.57 38.59 38.59 38.55 38.54 38.5 38.52 38.53 38.52 38.5 38.49 38.5 38.49 38.45 38.46 38.45 38.43 38.41 38.38 38.35 38.27 38.18 38.12 38 37.9 38.03 38.11 38.12 38.19 38.26 38.32
38.48 38.49 38.52 38.52 38.44 38.38 38.53 38.14 37.97 37.64 37.52 37.59 37.74 38.28 38.49 38.55 38.55 38.66 38.75 38.64 38.62 38.56 38.53 38.48 38.5 38.53 38.5 38.47 38.46 38.47 38.52 38.55 38.61 38.66 38.69 38.69 38.7 38.68 38.65 38.67 38.67 38.63 38.63 38.6 38.51 38.43 38.46 38.52 38.57 38.57 38.56 38.54 38.52 38.52 38.54 38.52 38.51 38.42 38.45 38.48 38.48 38.49 38.47 38.44 38.47 38.44 38.41 38.32 38.22 38.17 38.11 37.96 37.92 38 38.08 38.12 38.21 38.25
38.44 38.42 38.44 38.52 38.56 38.68 38.77 38.6 38.43 38.07 37.79 37.54 37.54 37.74 38.03 38.2 38.24 38.4 38.65 38.71 38.67 38.6 38.57 38.54 38.52 38.5 38.48 38.46 38.43 38.43 38.46 38.47 38.5 38.54 38.63 38.66 38.72 38.71 38.7 38.7 38.69 38.64 38.64 38.65 38.6 38.5 38.47 38.48 38.5 38.54 38.56 38.55 38.57 38.54 38.55 38.55 38.52 38.41 38.44 38.5 38.5 38.5 38.48 38.48 38.51 38.52 38.46 38.37 38.26 38.2 38.17 37.99 37.81 37.91 38.04 38.08 38.14 38.19
38.42 38.4 38.4 38.45 38.46 38.55 38.66 38.63 38.57 38.4 38.07 37.71 37.61 37.52 37.59 37.84 37.91 38.12 38.44 38.62 38.64 38.63 38.62 38.61 38.58 38.55 38.52 38.5 38.45 38.44 38.44 38.42 38.41 38.42 38.53 38.58 38.68 38.68 38.72 38.72 38.72 38.68 38.63 38.64 38.67 38.63 38.61 38.55 38.47 38.47 38.5 38.54 38.56 38.56 38.55 38.53 38.53 38.47 38.47 38.51 38.5 38.48 38.49 38.49 38.52 38.52 38.47 38.38 38.32 38.28 38.2 38.03 37.85 37.93 38 38.1 38.1 38.15
38.44 38.41 38.4 38.4 38.39 38.43 38.52 38.54 38.54 38.55 38.21 37.84 37.76 37.67 37.63 37.7 37.75 37.9 38.17 38.32 38.5 38.58 38.6 38.62 38.66 38.63 38.6 38.57 38.51 38.44 38.44 38.43 38.43 38.43 38.46 38.51 38.6 38.64 38.69 38.71 38.73 38.72 38.65 38.66 38.67 38.63 38.63 38.61 38.55 38.46 38.46 38.47 38.49 38.55 38.54 38.51 38.53 38.49 38.49 38.53 38.51 38.46 38.47 38.49 38.52 38.52 38.47 38.39 38.39 38.35 38.24 38.12 38.03 38.01 37.97 38.15 38.1 38.13
38.44 38.41 38.41 38.39 38.38 38.41 38.43 38.45 38.47 38.52 38.26 38.02 38 38.07 38.04 38.15 38.03 37.91 37.88 37.96 38.22 38.38 38.45 38.55 38.7 38.67 38.63 38.61 38.58 38.49 38.47 38.48 38.47 38.46 38.44 38.45 38.49 38.57 38.61 38.65 38.71 38.7 38.7 38.69 38.66 38.64 38.63 38.64 38.6 38.54 38.5 38.43 38.39 38.48 38.49 38.52 38.52 38.51 38.52 38.52 38.49 38.45 38.48 38.5 38.54 38.54 38.51 38.44 38.43 38.39 38.28 38.19 38.15 38.05 37.95 38.13 38.08 38.09
38.31 38.39 38.42 38.39 38.4 38.42 38.41 38.43 38.43 38.46 38.33 38.27 38.29 38.42 38.44 38.57 38.31 37.98 37.72 37.73 37.86 38.02 38.17 38.32 38.64 38.67 38.68 38.67 38.64 38.57 38.52 38.51 38.49 38.45 38.43 38.44 38.46 38.5 38.54 38.58 38.59 38.6 38.63 38.68 38.73 38.7 38.66 38.65 38.63 38.59 38.57 38.52 38.38 38.44 38.48 38.51 38.5 38.5 38.5 38.49 38.5 38.48 38.52 38.51 38.53 38.53 38.53 38.5 38.43 38.4 38.29 38.18 38.14 38.09 37.91 37.97 38.02 38.04
37.84 38.14 38.3 38.33 38.37 38.43 38.42 38.45 38.44 38.45 38.43 38.45 38.45 38.53 38.55 38.49 38.24 37.96 37.77 37.69 37.63 37.67 37.85 38.01 38.4 38.6 38.71 38.71 38.68 38.6 38.58 38.56 38.54 38.49 38.47 38.46 38.46 38.49 38.5 38.48 38.47 38.52 38.55 38.64 38.74 38.73 38.7 38.65 38.66 38.63 38.6 38.61 38.51 38.51 38.57 38.53 38.49 38.47 38.45 38.45 38.52 38.52 38.55 38.5 38.5 38.51 38.52 38.53 38.47 38.44 38.33 38.2 38.17 38.14 37.94 37.79 37.99 38.04
37.19 37.42 37.73 37.94 38.1 38.34 38.4 38.45 38.45 38.45 38.47 38.47 38.44 38.47 38.5 38.44 38.21 38.03 37.84 37.82 37.78 37.58 37.62 37.75 38.06 38.34 38.53 38.61 38.67 38.63 38.6 38.61 38.6 38.56 38.54 38.5 38.47 38.44 38.44 38.42 38.41 38.48 38.5 38.55 38.64 38.7 38.7 38.69 38.71 38.68 38.65 38.67 38.63 38.62 38.64 38.58 38.54 38.49 38.45 38.41 38.49 38.51 38.55 38.51 38.52 38.52 38.52 38.56 38.55 38.48 38.36 38.24 38.14 38.14 38.04 37.83 37.96 38
36.75 36.77 37 37.27 37.52 38.02 38.25 38.32 38.44 38.45 38.45 38.46 38.45 38.45 38.45 38.41 38.29 38.14 38.04 38.05 37.98 37.68 37.58 37.58 37.79 37.98 38.15 38.35 38.57 38.62 38.63 38.64 38.62 38.61 38.59 38.55 38.5 38.43 38.44 38.41 38.42 38.45 38.45 38.48 38.53 38.57 38.59 38.64 38.72 38.69 38.7 38.7 38.66 38.66 38.64 38.63 38.63 38.6 38.51 38.39 38.44 38.46 38.51 38.52 38.5 38.51 38.5 38.55 38.54 38.51 38.42 38.33 38.22 38.17 38.09 37.97 37.91 37.87
36.43 36.57 36.65 36.74 36.9 37.41 37.8 37.97 38.32 38.42 38.45 38.46 38.45 38.44 38.42 38.42 38.37 38.29 38.29 38.29 38.17 37.87 37.75 37.72 37.74 37.76 37.84 38.1 38.41 38.53 38.58 38.63 38.63 38.63 38.62 38.58 38.54 38.49 38.5 38.48 38.46 38.43 38.43 38.44 38.48 38.43 38.44 38.51 38.61 38.62 38.67 38.71 38.68 38.68 38.67 38.69 38.71 38.68 38.57 38.46 38.47 38.43 38.44 38.49 38.47 38.5 38.54 38.58 38.59 38.58 38.49 38.39 38.31 38.23 38.11 38.02 37.91 37.81
35.85 36.25 36.49 36.5 36.5 36.71 37.09 37.31 37.85 38.27 38.44 38.44 38.46 38.45 38.45 38.44 38.4 38.38 38.4 38.43 38.37 38.24 38.15 38.03 37.83 37.72 37.76 37.88 38.1 38.29 38.39 38.46 38.51 38.58 38.58 38.61 38.6 38.55 38.57 38.55 38.5 38.47 38.45 38.42 38.47 38.4 38.37 38.42 38.46 38.5 38.57 38.63 38.66 38.67 38.71 38.7 38.76 38.72 38.62 38.59 38.5 38.47 38.37 38.38 38.43 38.46 38.53 38.59 38.56 38.56 38.54 38.45 38.39 38.28 38.14 38.08 38.02 37.83
35.17 35.67 36.13 36.24 36.37 36.29 36.47 36.6 37.04 37.59 38.09 38.21 38.43 38.45 38.46 38.46 38.45 38.43 38.41 38.4 38.4 38.45 38.4 38.22 37.95 37.9 37.92 37.85 37.87 38 38.05 38.07 38.22 38.35 38.4 38.53 38.63 38.6 38.62 38.59 38.53 38.54 38.51 38.45 38.45 38.42 38.34 38.37 38.37 38.4 38.46 38.53 38.63 38.65 38.7 38.71 38.72 38.69 38.65 38.63 38.6 38.56 38.48 38.41 38.39 38.39 38.48 38.58 38.56 38.58 38.58 38.5 38.45 38.34 38.22 38.13 38.11 37.93
