slabs/95.grd
DSAA
631 301
647670 648300
4947200 4947500
27.57 44.31
[rows 238 to 271 of 301, columns 312 to 389 of 631]
38.41 38.45 38.44 38.45 38.44 38.41 38.4 38.38 38.35 38.36 38.42 38.39 38.25 38.01 37.87 37.96 38.17 38.28 38.32 38.36 38.42 38.39 38.4 38.4 38.41 38.4 38.42 38.44 38.39 38.33 38.33 38.37 38.39 38.4 38.41 38.44 38.4 38.39 38.38 38.36 38.39 38.41 38.41 38.43 38.42 38.39 38.4 38.42 38.39 38.38 38.42 38.46 38.48 38.47 38.4 38.37 38.35 38.38 38.39 38.39 38.38 38.36 38.31 38.24 38.29 38.28 38.26 38.26 38.3 38.29 38.21 38.26 38.26 38.26 38.27 38.28 38.28 38.24
38.41 38.45 38.44 38.44 38.45 38.41 38.43 38.41 38.37 38.37 38.42 38.41 38.36 38.15 37.78 37.83 38.06 38.23 38.3 38.33 38.4 38.4 38.39 38.38 38.39 38.38 38.4 38.42 38.4 38.37 38.35 38.36 38.4 38.39 38.4 38.44 38.41 38.37 38.35 38.28 38.36 38.39 38.39 38.42 38.41 38.4 38.41 38.44 38.39 38.4 38.42 38.45 38.47 38.46 38.42 38.38 38.38 38.39 38.36 38.41 38.37 38.34 38.31 38.22 38.22 38.24 38.26 38.27 38.29 38.29 38.24 38.24 38.24 38.24 38.25 38.23 38.24 38.21
38.42 38.43 38.44 38.45 38.45 38.41 38.44 38.41 38.38 38.38 38.43 38.41 38.4 38.29 38 37.89 37.91 38.1 38.18 38.25 38.34 38.43 38.41 38.4 38.37 38.38 38.4 38.41 38.42 38.38 38.37 38.37 38.39 38.36 38.38 38.42 38.4 38.38 38.35 38.26 38.3 38.34 38.37 38.41 38.39 38.4 38.4 38.43 38.42 38.41 38.41 38.45 38.43 38.44 38.45 38.43 38.4 38.37 38.37 38.37 38.4 38.36 38.31 38.24 38.18 38.22 38.26 38.25 38.27 38.27 38.27 38.24 38.24 38.24 38.24 38.23 38.23 38.23
38.41 38.38 38.39 38.42 38.44 38.38 38.39 38.38 38.37 38.36 38.35 38.38 38.37 38.34 38.17 38.06 37.92 37.98 38.06 38.21 38.31 38.39 38.39 38.4 38.37 38.39 38.4 38.4 38.42 38.38 38.37 38.39 38.39 38.34 38.36 38.4 38.38 38.4 38.4 38.35 38.25 38.29 38.38 38.4 38.37 38.37 38.38 38.41 38.42 38.41 38.42 38.45 38.44 38.43 38.43 38.42 38.41 38.41 38.41 38.37 38.38 38.36 38.3 38.28 38.26 38.27 38.25 38.23 38.25 38.26 38.26 38.24 38.25 38.25 38.24 38.25 38.24 38.28
38.43 38.38 38.42 38.42 38.42 38.39 38.38 38.38 38.4 38.38 38.35 38.36 38.34 38.35 38.29 38.22 37.96 37.94 38.01 38.15 38.3 38.32 38.34 38.38 38.38 38.4 38.38 38.36 38.4 38.4 38.39 38.4 38.43 38.33 38.34 38.39 38.37 38.41 38.39 38.36 38.26 38.28 38.34 38.38 38.38 38.39 38.4 38.37 38.36 38.38 38.41 38.43 38.41 38.42 38.43 38.4 38.39 38.4 38.39 38.35 38.36 38.37 38.32 38.29 38.29 38.28 38.24 38.23 38.25 38.26 38.27 38.28 38.27 38.23 38.2 38.23 38.24 38.29
38.44 38.38 38.39 38.39 38.41 38.44 38.44 38.43 38.42 38.39 38.38 38.35 38.36 38.35 38.35 38.31 38.06 37.94 38.01 38.02 38.23 38.25 38.28 38.35 38.38 38.4 38.36 38.33 38.39 38.41 38.41 38.4 38.4 38.35 38.32 38.36 38.36 38.38 38.39 38.37 38.34 38.31 38.25 38.34 38.4 38.41 38.4 38.36 38.36 38.36 38.38 38.41 38.38 38.4 38.39 38.42 38.41 38.4 38.37 38.35 38.34 38.36 38.35 38.3 38.29 38.27 38.23 38.23 38.25 38.26 38.25 38.34 38.31 38.2 38.16 38.2 38.22 38.21
38.46 38.4 38.4 38.39 38.41 38.43 38.44 38.44 38.42 38.42 38.4 38.36 38.37 38.34 38.34 38.35 38.25 38.09 38.09 37.93 38.09 38.17 38.23 38.32 38.37 38.4 38.36 38.33 38.39 38.37 38.4 38.39 38.38 38.38 38.31 38.25 38.34 38.35 38.38 38.37 38.33 38.32 38.23 38.3 38.38 38.38 38.39 38.37 38.38 38.37 38.38 38.4 38.38 38.4 38.37 38.41 38.41 38.41 38.37 38.34 38.32 38.32 38.35 38.31 38.3 38.29 38.25 38.21 38.23 38.23 38.23 38.35 38.33 38.22 38.18 38.17 38.16 38.11
38.45 38.42 38.38 38.38 38.42 38.42 38.42 38.43 38.41 38.4 38.39 38.37 38.37 38.35 38.33 38.36 38.39 38.32 38.25 38.01 37.98 38.1 38.18 38.27 38.33 38.38 38.38 38.37 38.38 38.35 38.37 38.39 38.38 38.38 38.38 38.31 38.32 38.32 38.35 38.36 38.36 38.35 38.27 38.26 38.34 38.35 38.4 38.37 38.42 38.4 38.36 38.38 38.38 38.37 38.36 38.4 38.39 38.4 38.38 38.33 38.31 38.29 38.3 38.29 38.31 38.31 38.27 38.2 38.22 38.21 38.25 38.33 38.32 38.24 38.19 38.1 38.07 38.01
38.45 38.43 38.4 38.39 38.4 38.39 38.4 38.42 38.41 38.37 38.37 38.39 38.39 38.37 38.33 38.35 38.38 38.39 38.35 38.19 37.97 38.02 38.12 38.26 38.29 38.33 38.35 38.4 38.38 38.36 38.36 38.38 38.37 38.38 38.37 38.33 38.31 38.3 38.31 38.37 38.37 38.37 38.3 38.25 38.28 38.32 38.39 38.39 38.4 38.38 38.33 38.35 38.36 38.35 38.36 38.38 38.36 38.37 38.37 38.33 38.32 38.29 38.26 38.27 38.28 38.28 38.26 38.22 38.23 38.22 38.24 38.27 38.26 38.22 38.13 38.09 37.98 37.86
38.45 38.45 38.42 38.39 38.37 38.36 38.38 38.41 38.4 38.38 38.38 38.39 38.39 38.39 38.34 38.33 38.36 38.4 38.41 38.32 38.04 38 38.04 38.17 38.2 38.24 38.34 38.37 38.36 38.35 38.38 38.4 38.4 38.41 38.37 38.33 38.29 38.28 38.26 38.33 38.34 38.36 38.35 38.28 38.28 38.29 38.34 38.36 38.35 38.33 38.31 38.34 38.36 38.34 38.33 38.34 38.33 38.33 38.36 38.35 38.34 38.31 38.27 38.25 38.25 38.23 38.25 38.26 38.22 38.18 38.22 38.24 38.26 38.18 38 37.97 37.89 37.81
38.44 38.48 38.44 38.38 38.37 38.36 38.37 38.39 38.41 38.42 38.42 38.4 38.38 38.41 38.36 38.33 38.37 38.37 38.38 38.37 38.18 37.97 37.91 38.03 38.17 38.21 38.28 38.32 38.34 38.34 38.37 38.41 38.38 38.39 38.39 38.36 38.31 38.3 38.22 38.27 38.32 38.34 38.38 38.33 38.32 38.31 38.29 38.27 38.28 38.3 38.32 38.37 38.37 38.33 38.31 38.3 38.31 38.33 38.33 38.38 38.34 38.29 38.28 38.24 38.23 38.23 38.26 38.25 38.21 38.24 38.15 38.16 38.16 38.08 37.91 37.89 37.84 37.79
38.45 38.49 38.46 38.41 38.41 38.38 38.38 38.37 38.41 38.43 38.42 38.41 38.4 38.37 38.36 38.34 38.38 38.37 38.36 38.4 38.32 38.21 37.92 37.89 38.08 38.15 38.26 38.28 38.35 38.34 38.35 38.36 38.33 38.33 38.37 38.36 38.34 38.32 38.24 38.25 38.33 38.34 38.37 38.34 38.34 38.34 38.28 38.17 38.21 38.27 38.33 38.38 38.36 38.35 38.32 38.26 38.26 38.3 38.3 38.34 38.31 38.28 38.33 38.26 38.24 38.23 38.27 38.25 38.24 38.24 38.1 38.07 38.04 37.99 37.83 37.82 37.81 37.79
38.44 38.43 38.44 38.44 38.38 38.36 38.36 38.35 38.37 38.44 38.42 38.42 38.4 38.4 38.38 38.36 38.36 38.34 38.32 38.36 38.35 38.3 38.06 37.79 37.99 38.07 38.2 38.25 38.31 38.31 38.33 38.29 38.28 38.28 38.34 38.36 38.37 38.35 38.31 38.25 38.32 38.33 38.35 38.33 38.32 38.35 38.3 38.14 38.17 38.23 38.33 38.38 38.36 38.35 38.3 38.28 38.26 38.29 38.28 38.33 38.33 38.29 38.3 38.28 38.23 38.19 38.24 38.25 38.24 38.23 38.07 38.01 37.94 37.91 37.81 37.81 37.79 37.75
38.43 38.43 38.45 38.42 38.38 38.33 38.35 38.37 38.34 38.38 38.37 38.41 38.43 38.42 38.4 38.4 38.35 38.34 38.31 38.31 38.31 38.31 38.18 37.91 37.93 37.99 38.1 38.18 38.24 38.25 38.27 38.22 38.26 38.3 38.36 38.37 38.38 38.35 38.34 38.27 38.28 38.29 38.3 38.31 38.32 38.33 38.3 38.18 38.15 38.16 38.26 38.36 38.34 38.32 38.28 38.31 38.3 38.3 38.29 38.31 38.31 38.27 38.27 38.28 38.24 38.14 38.18 38.21 38.2 38.15 38 37.94 37.87 37.83 37.8 37.78 37.74 37.65
38.45 38.46 38.45 38.43 38.41 38.41 38.38 38.33 38.34 38.37 38.35 38.41 38.44 38.42 38.39 38.42 38.42 38.39 38.33 38.33 38.33 38.33 38.28 38.17 38.07 38.03 38.01 38.06 38.18 38.19 38.21 38.19 38.26 38.35 38.37 38.35 38.35 38.33 38.33 38.31 38.31 38.3 38.28 38.29 38.27 38.28 38.28 38.2 38.2 38.18 38.23 38.3 38.3 38.32 38.3 38.33 38.32 38.29 38.28 38.29 38.28 38.28 38.25 38.27 38.24 38.15 38.13 38.13 38.1 38.01 37.9 37.86 37.81 37.76 37.74 37.7 37.61 37.52
38.43 38.46 38.45 38.45 38.42 38.41 38.38 38.36 38.38 38.38 38.34 38.39 38.42 38.4 38.38 38.41 38.44 38.41 38.35 38.36 38.35 38.36 38.33 38.32 38.28 38.15 37.91 37.92 38.11 38.13 38.18 38.15 38.2 38.34 38.38 38.33 38.34 38.34 38.33 38.34 38.31 38.29 38.3 38.3 38.29 38.26 38.25 38.27 38.26 38.25 38.21 38.25 38.26 38.27 38.31 38.32 38.34 38.33 38.29 38.27 38.26 38.3 38.26 38.26 38.21 38.13 38.02 37.99 37.95 37.9 37.82 37.79 37.76 37.7 37.65 37.59 37.51 37.47
38.44 38.42 38.43 38.44 38.45 38.43 38.41 38.39 38.39 38.37 38.35 38.35 38.39 38.33 38.35 38.39 38.41 38.4 38.36 38.36 38.34 38.36 38.35 38.34 38.33 38.22 37.89 37.75 37.93 38.05 38.13 38.14 38.18 38.32 38.39 38.33 38.33 38.32 38.3 38.37 38.34 38.31 38.29 38.27 38.28 38.27 38.23 38.25 38.27 38.27 38.24 38.25 38.21 38.18 38.26 38.29 38.31 38.31 38.26 38.26 38.26 38.29 38.24 38.23 38.15 38.05 37.89 37.86 37.84 37.83 37.78 37.76 37.7 37.61 37.56 37.5 37.54 37.6
38.44 38.42 38.43 38.44 38.46 38.45 38.43 38.41 38.41 38.38 38.37 38.32 38.32 38.27 38.32 38.36 38.38 38.38 38.37 38.34 38.33 38.35 38.35 38.33 38.32 38.26 38.02 37.68 37.76 37.99 38.13 38.17 38.2 38.27 38.36 38.38 38.37 38.35 38.34 38.37 38.35 38.33 38.29 38.27 38.26 38.27 38.24 38.21 38.24 38.25 38.24 38.23 38.18 38.16 38.24 38.26 38.28 38.29 38.3 38.29 38.27 38.27 38.21 38.17 38.06 37.96 37.83 37.82 37.83 37.79 37.77 37.73 37.63 37.48 37.46 37.51 37.64 37.7
38.43 38.44 38.45 38.46 38.47 38.46 38.44 38.43 38.44 38.4 38.38 38.31 38.28 38.27 38.32 38.34 38.37 38.37 38.36 38.35 38.31 38.34 38.36 38.34 38.34 38.3 38.16 37.93 37.9 37.88 38.06 38.12 38.15 38.2 38.26 38.35 38.34 38.34 38.36 38.35 38.34 38.32 38.31 38.29 38.27 38.27 38.26 38.22 38.21 38.24 38.23 38.17 38.12 38.17 38.2 38.22 38.27 38.3 38.38 38.34 38.27 38.21 38.16 38.1 37.97 37.9 37.82 37.8 37.8 37.77 37.74 37.64 37.54 37.49 37.54 37.65 37.75 37.75
38.45 38.46 38.47 38.47 38.46 38.46 38.43 38.41 38.43 38.4 38.37 38.35 38.31 38.29 38.32 38.32 38.35 38.36 38.37 38.35 38.34 38.33 38.35 38.31 38.3 38.31 38.26 38.13 38.03 37.78 37.95 38.07 38.1 38.16 38.23 38.3 38.31 38.34 38.37 38.32 38.32 38.31 38.31 38.3 38.28 38.27 38.23 38.2 38.19 38.22 38.21 38.13 38.08 38.14 38.09 38.13 38.23 38.29 38.33 38.28 38.19 38.11 38.11 38.04 37.91 37.86 37.78 37.75 37.73 37.69 37.64 37.51 37.5 37.61 37.66 37.76 37.82 37.83
38.47 38.47 38.47 38.49 38.45 38.44 38.42 38.39 38.41 38.39 38.36 38.35 38.33 38.31 38.31 38.31 38.29 38.32 38.35 38.34 38.34 38.35 38.34 38.32 38.32 38.33 38.28 38.22 38.13 37.88 37.88 38.03 38.05 38.11 38.23 38.23 38.27 38.33 38.34 38.31 38.3 38.33 38.33 38.32 38.3 38.3 38.16 38.15 38.18 38.17 38.15 38.11 38.11 38.13 38 38.05 38.15 38.25 38.2 38.16 38.07 38.02 38.08 38 37.82 37.76 37.73 37.69 37.66 37.58 37.52 37.49 37.63 37.79 37.81 37.84 37.85 37.89
38.44 38.44 38.44 38.5 38.47 38.44 38.42 38.41 38.43 38.41 38.39 38.35 38.33 38.33 38.37 38.34 38.34 38.33 38.33 38.32 38.32 38.36 38.33 38.31 38.31 38.33 38.29 38.28 38.22 37.99 37.78 37.91 37.96 38.02 38.12 38.15 38.21 38.27 38.28 38.29 38.28 38.31 38.33 38.33 38.31 38.3 38.15 38.14 38.13 38.12 38.1 38.09 38.16 38.18 38.04 38.05 38.1 38.2 38.13 38.1 37.99 37.99 37.97 37.88 37.77 37.7 37.69 37.63 37.57 37.46 37.49 37.6 37.76 37.84 37.86 37.89 37.87 37.92
38.42 38.42 38.42 38.47 38.47 38.43 38.44 38.44 38.46 38.43 38.41 38.4 38.38 38.33 38.33 38.36 38.35 38.32 38.33 38.32 38.32 38.36 38.36 38.32 38.31 38.32 38.27 38.27 38.26 38.1 37.85 37.83 37.88 37.9 37.97 38.02 38.11 38.19 38.24 38.27 38.29 38.29 38.3 38.29 38.28 38.27 38.21 38.15 38.07 38.08 38.04 38.04 38.1 38.16 38.16 38.1 38.05 38.09 38.04 38.01 37.93 37.9 37.88 37.81 37.74 37.67 37.64 37.54 37.5 37.56 37.58 37.68 37.8 37.85 37.87 37.92 37.93 37.99
38.46 38.44 38.4 38.47 38.42 38.41 38.42 38.43 38.45 38.41 38.38 38.37 38.37 38.35 38.3 38.31 38.31 38.31 38.32 38.29 38.32 38.36 38.38 38.34 38.33 38.3 38.27 38.21 38.24 38.22 38.06 37.94 37.87 37.77 37.87 37.9 38.01 38.17 38.24 38.27 38.32 38.3 38.28 38.25 38.22 38.26 38.25 38.2 38.14 38.02 38.03 38.03 38.03 38.14 38.15 38.09 37.99 38.01 37.99 37.94 37.85 37.82 37.79 37.73 37.69 37.62 37.6 37.54 37.54 37.65 37.67 37.76 37.8 37.83 37.88 37.95 38.03 38.07
38.44 38.47 38.43 38.45 38.42 38.42 38.42 38.43 38.44 38.43 38.38 38.37 38.38 38.35 38.3 38.29 38.3 38.31 38.29 38.27 38.29 38.33 38.36 38.32 38.31 38.27 38.24 38.18 38.23 38.27 38.23 38.15 37.95 37.67 37.8 37.83 37.95 38.14 38.21 38.25 38.3 38.28 38.22 38.19 38.17 38.27 38.29 38.24 38.22 38.1 38.12 38.13 38.1 38.14 38.12 38.04 37.94 37.96 37.93 37.85 37.77 37.77 37.73 37.66 37.6 37.54 37.56 37.61 37.64 37.73 37.77 37.87 37.87 37.91 37.96 38.02 38.08 38.11
38.46 38.48 38.44 38.42 38.42 38.41 38.42 38.41 38.42 38.43 38.4 38.41 38.4 38.38 38.33 38.3 38.31 38.31 38.27 38.26 38.28 38.3 38.31 38.31 38.3 38.28 38.25 38.24 38.25 38.25 38.27 38.24 38.08 37.72 37.72 37.73 37.84 38 38.15 38.2 38.24 38.26 38.15 38.13 38.14 38.31 38.32 38.26 38.21 38.2 38.17 38.13 38.12 38.1 38.07 37.97 37.87 37.86 37.84 37.77 37.71 37.72 37.67 37.57 37.58 37.6 37.67 37.72 37.76 37.82 37.85 37.94 37.96 38.01 38.07 38.09 38.06 38.1
38.47 38.47 38.45 38.44 38.44 38.42 38.41 38.41 38.42 38.43 38.41 38.43 38.42 38.41 38.37 38.33 38.32 38.29 38.27 38.25 38.28 38.28 38.29 38.32 38.32 38.31 38.31 38.31 38.28 38.24 38.26 38.26 38.18 37.96 37.7 37.66 37.77 37.98 38.14 38.17 38.18 38.22 38.17 38.17 38.16 38.26 38.26 38.26 38.24 38.25 38.21 38.09 38.04 37.96 37.95 37.88 37.76 37.75 37.74 37.71 37.66 37.62 37.6 37.57 37.66 37.72 37.78 37.81 37.86 37.89 37.9 37.96 38 38.03 38.1 38.12 38.09 38.11
38.46 38.47 38.49 38.46 38.45 38.43 38.39 38.39 38.41 38.45 38.42 38.4 38.41 38.42 38.4 38.38 38.35 38.28 38.28 38.24 38.25 38.26 38.26 38.28 38.3 38.3 38.29 38.29 38.27 38.23 38.23 38.24 38.21 38.11 37.88 37.74 37.71 37.92 38.07 38.1 38.13 38.21 38.17 38.17 38.15 38.16 38.19 38.25 38.24 38.19 38.14 37.98 37.95 37.89 37.85 37.75 37.62 37.64 37.63 37.61 37.6 37.57 37.59 37.65 37.74 37.75 37.78 37.86 37.94 37.96 37.98 38.01 38.06 38.08 38.13 38.15 38.18 38.18
38.44 38.45 38.48 38.45 38.45 38.43 38.39 38.36 38.38 38.44 38.41 38.38 38.4 38.4 38.4 38.4 38.36 38.31 38.27 38.23 38.2 38.2 38.23 38.25 38.26 38.29 38.28 38.28 38.25 38.25 38.18 38.19 38.22 38.21 38.05 37.9 37.71 37.83 37.95 37.99 38.09 38.19 38.17 38.2 38.22 38.17 38.18 38.2 38.18 38.09 38.04 37.88 37.83 37.78 37.74 37.65 37.55 37.57 37.52 37.53 37.62 37.64 37.65 37.72 37.78 37.76 37.82 37.97 38.04 38.05 38.06 38.07 38.11 38.13 38.15 38.14 38.19 38.2
38.43 38.43 38.44 38.46 38.46 38.44 38.38 38.35 38.38 38.42 38.4 38.4 38.41 38.39 38.4 38.39 38.36 38.37 38.27 38.24 38.17 38.18 38.22 38.24 38.25 38.27 38.27 38.27 38.25 38.28 38.22 38.23 38.24 38.19 38.15 38.06 37.8 37.77 37.83 37.89 38.03 38.14 38.17 38.23 38.28 38.15 38.13 38.07 38.05 37.96 37.92 37.8 37.74 37.68 37.66 37.59 37.52 37.54 37.5 37.58 37.74 37.74 37.74 37.8 37.8 37.82 37.93 38.08 38.09 38.1 38.1 38.08 38.15 38.16 38.2 38.16 38.23 38.24
38.44 38.44 38.43 38.48 38.47 38.44 38.38 38.37 38.39 38.39 38.42 38.41 38.41 38.4 38.38 38.38 38.35 38.37 38.33 38.29 38.24 38.21 38.17 38.21 38.24 38.27 38.27 38.27 38.26 38.29 38.22 38.23 38.23 38.18 38.18 38.14 37.94 37.78 37.79 37.81 37.95 38.07 38.12 38.22 38.27 38.09 38.04 37.93 37.94 37.87 37.83 37.74 37.68 37.63 37.62 37.53 37.44 37.55 37.61 37.72 37.81 37.82 37.84 37.88 37.88 37.94 38.08 38.11 38.1 38.1 38.14 38.11 38.16 38.17 38.2 38.21 38.21 38.25
38.46 38.47 38.45 38.46 38.46 38.44 38.42 38.39 38.4 38.41 38.43 38.42 38.41 38.39 38.36 38.37 38.36 38.33 38.32 38.3 38.26 38.21 38.23 38.24 38.25 38.28 38.27 38.26 38.24 38.28 38.27 38.25 38.23 38.2 38.19 38.15 38.05 37.92 37.86 37.72 37.8 37.96 38.02 38.17 38.19 38.04 37.97 37.86 37.85 37.81 37.78 37.7 37.59 37.52 37.54 37.47 37.44 37.62 37.7 37.84 37.88 37.9 37.97 37.99 37.99 38.04 38.13 38.14 38.16 38.15 38.2 38.17 38.19 38.19 38.24 38.23 38.24 38.27
38.47 38.48 38.47 38.45 38.41 38.41 38.44 38.39 38.43 38.42 38.44 38.44 38.45 38.4 38.35 38.36 38.37 38.34 38.3 38.29 38.26 38.25 38.28 38.26 38.24 38.24 38.25 38.24 38.23 38.26 38.28 38.25 38.24 38.24 38.22 38.16 38.1 38.07 37.99 37.72 37.66 37.84 37.9 38.04 38.03 37.94 37.89 37.81 37.75 37.71 37.7 37.64 37.54 37.45 37.52 37.6 37.61 37.65 37.79 37.95 37.96 37.99 38.09 38.12 38.13 38.15 38.18 38.16 38.19 38.2 38.24 38.22 38.24 38.23 38.26 38.25 38.26 38.28
38.47 38.48 38.47 38.45 38.4 38.35 38.4 38.4 38.43 38.4 38.43 38.42 38.43 38.42 38.4 38.37 38.36 38.34 38.32 38.31 38.28 38.24 38.26 38.24 38.23 38.19 38.23 38.23 38.21 38.23 38.25 38.24 38.28 38.29 38.25 38.19 38.11 38.12 38.07 37.88 37.65 37.76 37.8 37.87 37.85 37.82 37.79 37.73 37.69 37.65 37.63 37.54 37.57 37.56 37.61 37.7 37.72 37.76 37.9 38.03 38.03 38.07 38.14 38.19 38.25 38.23 38.23 38.21 38.21 38.24 38.26 38.27 38.26 38.25 38.25 38.27 38.28 38.29
