slabs/95.grd
DSAA
631 301
647670 648300
4947200 4947500
27.57 44.31
[rows 102 to 135 of 301, columns 78 to 155 of 631]
38.43 38.38 38.39 38.4 38.36 38.32 38.36 38.36 38.36 38.37 38.33 38.32 38.33 38.44 38.36 38.32 38.27 38.28 38.29 38.31 38.33 38.29 38.3 38.34 38.32 38.28 38.27 38.25 38.28 38.36 38.32 38.26 38.24 38.29 38.3 38.3 38.3 38.3 38.33 38.38 38.28 38.26 38.27 38.32 38.33 38.31 38.24 38.21 38.27 38.27 38.24 38.21 38.19 38.12 38.04 38.17 38.24 38.23 38.22 38.23 38.2 38.24 38.31 38.32 38.32 38.34 38.35 38.39 38.41 38.51 38.69 38.81 38.83 38.86 38.89 38.85 38.85 38.83
38.42 38.36 38.36 38.36 38.33 38.33 38.34 38.34 38.36 38.39 38.33 38.34 38.32 38.39 38.38 38.35 38.29 38.29 38.29 38.32 38.34 38.3 38.28 38.29 38.31 38.34 38.31 38.25 38.23 38.34 38.32 38.28 38.23 38.22 38.28 38.32 38.29 38.26 38.25 38.33 38.34 38.31 38.26 38.28 38.3 38.3 38.27 38.24 38.24 38.25 38.25 38.19 38.19 38.17 38.14 38.14 38.17 38.16 38.14 38.22 38.24 38.28 38.33 38.31 38.32 38.35 38.38 38.44 38.49 38.64 38.8 38.84 38.87 38.88 38.89 38.94 38.93 38.91
38.41 38.36 38.36 38.34 38.32 38.39 38.35 38.35 38.35 38.36 38.34 38.35 38.3 38.31 38.33 38.37 38.33 38.28 38.29 38.33 38.36 38.35 38.31 38.27 38.29 38.34 38.33 38.25 38.22 38.26 38.3 38.33 38.25 38.23 38.26 38.31 38.31 38.28 38.26 38.29 38.32 38.32 38.28 38.26 38.26 38.28 38.31 38.26 38.22 38.22 38.24 38.2 38.19 38.21 38.22 38.18 38.1 38.08 38.16 38.28 38.31 38.32 38.33 38.32 38.33 38.37 38.44 38.57 38.63 38.75 38.84 38.86 38.86 38.86 38.92 38.92 38.91 38.89
38.39 38.4 38.41 38.38 38.34 38.42 38.39 38.39 38.34 38.31 38.33 38.34 38.31 38.31 38.32 38.36 38.36 38.31 38.3 38.31 38.36 38.43 38.37 38.25 38.26 38.31 38.32 38.26 38.22 38.26 38.29 38.32 38.26 38.24 38.26 38.27 38.32 38.31 38.27 38.27 38.29 38.31 38.3 38.24 38.24 38.25 38.3 38.25 38.22 38.22 38.23 38.22 38.21 38.22 38.22 38.22 38.11 38.09 38.25 38.31 38.31 38.32 38.31 38.34 38.35 38.42 38.57 38.7 38.74 38.83 38.85 38.9 38.92 38.9 38.89 38.89 38.87 38.88
38.37 38.42 38.44 38.41 38.35 38.39 38.39 38.4 38.38 38.31 38.31 38.33 38.36 38.32 38.31 38.3 38.35 38.32 38.31 38.28 38.3 38.36 38.34 38.26 38.25 38.26 38.27 38.28 38.25 38.25 38.26 38.29 38.24 38.24 38.24 38.24 38.29 38.3 38.29 38.26 38.26 38.28 38.27 38.23 38.24 38.23 38.25 38.23 38.24 38.24 38.23 38.24 38.22 38.21 38.2 38.18 38.17 38.21 38.3 38.3 38.3 38.3 38.3 38.37 38.39 38.52 38.69 38.8 38.83 38.87 38.84 38.87 38.92 38.95 38.86 38.83 38.8 38.83
38.37 38.38 38.43 38.41 38.36 38.34 38.34 38.38 38.42 38.37 38.35 38.33 38.36 38.33 38.31 38.3 38.33 38.31 38.31 38.29 38.27 38.28 38.28 38.31 38.26 38.24 38.25 38.28 38.33 38.29 38.24 38.25 38.22 38.22 38.21 38.24 38.25 38.26 38.28 38.24 38.22 38.22 38.21 38.23 38.23 38.21 38.2 38.21 38.23 38.22 38.23 38.23 38.24 38.22 38.18 38.16 38.2 38.28 38.29 38.29 38.28 38.3 38.34 38.45 38.45 38.59 38.8 38.9 38.9 38.89 38.83 38.91 38.92 38.89 38.79 38.79 38.77 38.84
38.36 38.36 38.38 38.35 38.33 38.33 38.33 38.35 38.43 38.46 38.4 38.3 38.29 38.3 38.3 38.3 38.29 38.3 38.31 38.32 38.29 38.3 38.29 38.3 38.26 38.22 38.24 38.28 38.35 38.31 38.23 38.22 38.2 38.2 38.19 38.24 38.23 38.23 38.23 38.21 38.16 38.17 38.19 38.24 38.21 38.2 38.2 38.21 38.21 38.23 38.22 38.24 38.24 38.21 38.21 38.27 38.28 38.3 38.27 38.3 38.29 38.32 38.4 38.61 38.54 38.57 38.92 38.9 38.88 38.87 38.83 38.88 38.87 38.79 38.78 38.78 38.77 38.82
38.38 38.37 38.33 38.29 38.31 38.38 38.36 38.35 38.36 38.49 38.44 38.33 38.3 38.29 38.31 38.3 38.28 38.28 38.31 38.33 38.29 38.29 38.28 38.31 38.25 38.22 38.21 38.25 38.29 38.27 38.21 38.21 38.2 38.19 38.19 38.24 38.25 38.22 38.19 38.17 38.13 38.14 38.19 38.22 38.19 38.19 38.21 38.2 38.22 38.23 38.21 38.21 38.19 38.17 38.25 38.31 38.31 38.29 38.27 38.28 38.29 38.33 38.45 38.71 38.66 38.66 38.89 38.84 38.83 38.87 38.83 38.84 38.81 38.75 38.78 38.78 38.77 38.77
38.4 38.37 38.33 38.29 38.35 38.41 38.38 38.36 38.35 38.43 38.43 38.36 38.29 38.33 38.35 38.32 38.3 38.29 38.3 38.32 38.31 38.3 38.27 38.28 38.24 38.22 38.23 38.22 38.24 38.23 38.23 38.24 38.22 38.21 38.2 38.26 38.28 38.25 38.2 38.18 38.14 38.15 38.18 38.2 38.19 38.21 38.26 38.24 38.24 38.24 38.22 38.2 38.19 38.2 38.29 38.34 38.32 38.28 38.32 38.3 38.3 38.35 38.51 38.74 38.74 38.72 38.82 38.79 38.81 38.85 38.81 38.8 38.76 38.72 38.7 38.71 38.74 38.75
38.4 38.39 38.36 38.32 38.34 38.4 38.4 38.37 38.35 38.36 38.4 38.39 38.3 38.31 38.32 38.3 38.31 38.3 38.28 38.3 38.33 38.32 38.31 38.26 38.23 38.21 38.24 38.2 38.23 38.21 38.23 38.26 38.23 38.22 38.21 38.26 38.3 38.29 38.23 38.19 38.16 38.17 38.19 38.21 38.21 38.23 38.29 38.25 38.24 38.22 38.2 38.17 38.21 38.28 38.33 38.33 38.3 38.28 38.34 38.3 38.32 38.41 38.54 38.65 38.68 38.72 38.77 38.77 38.81 38.8 38.75 38.75 38.73 38.7 38.64 38.65 38.7 38.74
38.34 38.4 38.38 38.33 38.33 38.4 38.42 38.39 38.35 38.33 38.37 38.39 38.32 38.29 38.28 38.28 38.29 38.3 38.28 38.28 38.3 38.32 38.34 38.29 38.22 38.22 38.24 38.24 38.26 38.23 38.21 38.25 38.23 38.22 38.2 38.24 38.23 38.28 38.32 38.18 38.18 38.18 38.21 38.26 38.24 38.22 38.25 38.25 38.24 38.21 38.18 38.18 38.24 38.3 38.3 38.3 38.28 38.29 38.33 38.31 38.31 38.39 38.49 38.47 38.45 38.63 38.71 38.74 38.8 38.77 38.72 38.73 38.72 38.69 38.66 38.67 38.69 38.7
38.3 38.4 38.39 38.33 38.32 38.35 38.38 38.41 38.37 38.34 38.35 38.35 38.32 38.32 38.3 38.28 38.27 38.29 38.29 38.27 38.25 38.28 38.32 38.29 38.22 38.22 38.25 38.31 38.33 38.29 38.23 38.24 38.25 38.22 38.18 38.23 38.23 38.26 38.31 38.18 38.17 38.19 38.23 38.26 38.25 38.22 38.24 38.27 38.27 38.23 38.19 38.22 38.26 38.29 38.27 38.3 38.29 38.32 38.32 38.31 38.29 38.3 38.37 38.3 38.24 38.51 38.67 38.7 38.76 38.77 38.73 38.73 38.7 38.68 38.67 38.71 38.7 38.66
38.3 38.33 38.34 38.31 38.29 38.31 38.32 38.38 38.4 38.38 38.35 38.32 38.31 38.34 38.35 38.29 38.28 38.28 38.31 38.29 38.23 38.24 38.26 38.25 38.24 38.24 38.25 38.28 38.36 38.32 38.24 38.23 38.25 38.23 38.24 38.25 38.24 38.23 38.23 38.24 38.23 38.2 38.19 38.24 38.25 38.22 38.24 38.27 38.27 38.25 38.24 38.28 38.29 38.29 38.29 38.33 38.34 38.36 38.31 38.29 38.24 38.24 38.25 38.22 38.16 38.36 38.61 38.66 38.73 38.76 38.72 38.73 38.68 38.69 38.74 38.73 38.72 38.7
38.31 38.27 38.28 38.29 38.3 38.32 38.3 38.32 38.4 38.4 38.37 38.32 38.31 38.34 38.36 38.3 38.26 38.28 38.33 38.34 38.26 38.25 38.24 38.25 38.3 38.28 38.25 38.23 38.28 38.29 38.24 38.27 38.27 38.25 38.28 38.23 38.22 38.21 38.18 38.26 38.26 38.2 38.2 38.22 38.24 38.24 38.24 38.23 38.23 38.28 38.28 38.29 38.3 38.3 38.33 38.36 38.4 38.39 38.3 38.28 38.2 38.21 38.2 38.19 38.13 38.15 38.42 38.55 38.67 38.74 38.73 38.76 38.72 38.68 38.73 38.73 38.63 38.63
38.32 38.28 38.27 38.27 38.33 38.34 38.31 38.29 38.36 38.36 38.37 38.34 38.3 38.31 38.31 38.28 38.27 38.27 38.33 38.31 38.26 38.25 38.23 38.22 38.28 38.29 38.27 38.25 38.25 38.26 38.29 38.31 38.29 38.25 38.27 38.25 38.24 38.22 38.2 38.24 38.23 38.19 38.2 38.22 38.23 38.26 38.27 38.25 38.25 38.33 38.3 38.29 38.3 38.31 38.35 38.38 38.44 38.38 38.28 38.27 38.21 38.19 38.17 38.16 38.16 38.08 38.17 38.34 38.58 38.68 38.71 38.74 38.71 38.64 38.69 38.71 38.6 38.64
38.32 38.32 38.31 38.28 38.32 38.33 38.33 38.3 38.31 38.31 38.34 38.37 38.32 38.31 38.29 38.26 38.23 38.24 38.26 38.24 38.27 38.27 38.23 38.21 38.25 38.26 38.25 38.22 38.22 38.22 38.27 38.33 38.31 38.26 38.24 38.28 38.27 38.23 38.22 38.22 38.22 38.2 38.18 38.21 38.21 38.26 38.29 38.3 38.32 38.34 38.3 38.3 38.32 38.33 38.35 38.37 38.39 38.31 38.24 38.24 38.22 38.23 38.19 38.18 38.17 38.11 38.03 38.16 38.46 38.65 38.67 38.69 38.7 38.64 38.67 38.71 38.68 38.64
38.29 38.32 38.34 38.3 38.28 38.3 38.34 38.32 38.3 38.28 38.3 38.39 38.34 38.33 38.31 38.3 38.24 38.26 38.26 38.24 38.26 38.28 38.27 38.22 38.23 38.22 38.21 38.19 38.19 38.22 38.24 38.31 38.32 38.28 38.21 38.25 38.25 38.21 38.2 38.22 38.23 38.2 38.17 38.2 38.19 38.24 38.31 38.31 38.34 38.34 38.31 38.32 38.33 38.4 38.36 38.34 38.31 38.28 38.24 38.22 38.21 38.23 38.19 38.18 38.18 38.12 38.1 38.07 38.23 38.58 38.62 38.67 38.68 38.65 38.67 38.7 38.71 38.66
38.28 38.31 38.33 38.3 38.27 38.29 38.34 38.38 38.31 38.3 38.3 38.36 38.34 38.33 38.3 38.29 38.27 38.31 38.27 38.25 38.25 38.26 38.29 38.25 38.23 38.2 38.18 38.17 38.17 38.21 38.22 38.27 38.29 38.28 38.21 38.21 38.21 38.2 38.17 38.21 38.22 38.21 38.19 38.21 38.21 38.27 38.33 38.33 38.33 38.36 38.36 38.35 38.37 38.44 38.36 38.34 38.31 38.27 38.22 38.22 38.22 38.18 38.17 38.16 38.17 38.15 38.13 38.09 38.08 38.39 38.47 38.63 38.66 38.65 38.67 38.69 38.7 38.67
38.29 38.31 38.31 38.29 38.3 38.3 38.33 38.42 38.36 38.32 38.29 38.34 38.36 38.36 38.31 38.29 38.28 38.3 38.26 38.27 38.26 38.26 38.28 38.27 38.25 38.2 38.17 38.17 38.18 38.21 38.2 38.21 38.23 38.26 38.27 38.23 38.22 38.22 38.16 38.2 38.22 38.2 38.21 38.21 38.23 38.3 38.31 38.32 38.33 38.38 38.39 38.37 38.37 38.32 38.3 38.3 38.27 38.23 38.2 38.2 38.22 38.17 38.18 38.17 38.2 38.17 38.16 38.11 38.08 38.14 38.27 38.56 38.64 38.63 38.66 38.69 38.67 38.64
38.29 38.3 38.3 38.27 38.3 38.3 38.28 38.35 38.37 38.35 38.3 38.32 38.34 38.38 38.33 38.29 38.29 38.28 38.25 38.29 38.28 38.28 38.24 38.26 38.27 38.21 38.16 38.19 38.19 38.22 38.23 38.2 38.21 38.23 38.3 38.27 38.24 38.23 38.17 38.19 38.24 38.18 38.21 38.23 38.26 38.3 38.29 38.31 38.33 38.39 38.39 38.41 38.38 38.3 38.28 38.3 38.27 38.23 38.19 38.2 38.24 38.19 38.18 38.18 38.22 38.18 38.16 38.12 38.11 38.07 38.11 38.34 38.57 38.61 38.64 38.65 38.64 38.62
38.33 38.34 38.33 38.28 38.34 38.31 38.28 38.27 38.32 38.34 38.32 38.3 38.3 38.34 38.31 38.3 38.29 38.27 38.26 38.29 38.29 38.29 38.22 38.23 38.23 38.21 38.17 38.19 38.19 38.21 38.26 38.25 38.22 38.21 38.28 38.26 38.24 38.21 38.2 38.21 38.24 38.19 38.24 38.25 38.26 38.3 38.29 38.32 38.35 38.39 38.41 38.45 38.38 38.3 38.29 38.28 38.27 38.21 38.2 38.21 38.22 38.21 38.18 38.16 38.2 38.19 38.17 38.13 38.13 38.09 38.05 38.14 38.42 38.57 38.58 38.61 38.62 38.59
38.29 38.3 38.33 38.31 38.35 38.33 38.27 38.25 38.28 38.32 38.33 38.33 38.32 38.29 38.29 38.32 38.31 38.27 38.26 38.26 38.28 38.27 38.22 38.21 38.22 38.21 38.2 38.19 38.19 38.21 38.27 38.28 38.24 38.21 38.21 38.22 38.25 38.23 38.2 38.21 38.23 38.24 38.26 38.27 38.27 38.3 38.31 38.34 38.37 38.38 38.41 38.42 38.38 38.28 38.28 38.27 38.26 38.2 38.21 38.21 38.21 38.21 38.19 38.14 38.16 38.18 38.19 38.16 38.14 38.1 38.09 38.13 38.19 38.42 38.51 38.65 38.59 38.58
38.3 38.31 38.33 38.31 38.33 38.32 38.29 38.27 38.27 38.29 38.32 38.35 38.33 38.28 38.27 38.31 38.31 38.28 38.27 38.25 38.26 38.26 38.28 38.23 38.21 38.22 38.24 38.2 38.19 38.19 38.25 38.26 38.24 38.21 38.23 38.24 38.26 38.25 38.19 38.17 38.2 38.28 38.3 38.3 38.31 38.31 38.34 38.35 38.39 38.37 38.37 38.37 38.35 38.28 38.27 38.26 38.25 38.21 38.21 38.2 38.2 38.2 38.2 38.15 38.14 38.15 38.16 38.19 38.13 38.12 38.09 38.1 38.07 38.26 38.41 38.66 38.61 38.6
38.31 38.31 38.32 38.32 38.32 38.28 38.31 38.33 38.32 38.27 38.28 38.32 38.32 38.29 38.26 38.28 38.28 38.3 38.3 38.28 38.26 38.24 38.33 38.28 38.23 38.22 38.25 38.25 38.23 38.19 38.23 38.24 38.23 38.22 38.23 38.23 38.23 38.22 38.22 38.21 38.24 38.29 38.32 38.32 38.33 38.33 38.35 38.37 38.41 38.33 38.34 38.34 38.32 38.28 38.27 38.24 38.24 38.23 38.22 38.2 38.18 38.2 38.19 38.16 38.13 38.14 38.13 38.16 38.12 38.11 38.1 38.09 38.07 38.1 38.22 38.55 38.59 38.62
38.31 38.31 38.32 38.34 38.31 38.27 38.29 38.35 38.35 38.29 38.26 38.28 38.3 38.32 38.27 38.27 38.27 38.31 38.33 38.25 38.25 38.27 38.3 38.31 38.27 38.22 38.2 38.21 38.21 38.19 38.22 38.22 38.23 38.22 38.21 38.21 38.19 38.19 38.21 38.23 38.27 38.3 38.32 38.32 38.36 38.39 38.36 38.37 38.4 38.3 38.32 38.32 38.3 38.24 38.24 38.21 38.22 38.21 38.2 38.21 38.18 38.19 38.18 38.17 38.14 38.13 38.13 38.16 38.14 38.16 38.12 38.09 38.07 38.05 38.03 38.36 38.55 38.58
38.34 38.33 38.3 38.32 38.29 38.26 38.25 38.29 38.32 38.34 38.3 38.26 38.28 38.37 38.32 38.28 38.28 38.29 38.33 38.3 38.27 38.28 38.29 38.29 38.26 38.23 38.21 38.23 38.2 38.21 38.2 38.2 38.22 38.21 38.21 38.21 38.16 38.19 38.21 38.25 38.29 38.32 38.33 38.34 38.39 38.4 38.36 38.36 38.36 38.31 38.3 38.28 38.27 38.22 38.21 38.18 38.2 38.18 38.18 38.19 38.2 38.19 38.18 38.19 38.18 38.15 38.12 38.11 38.12 38.15 38.15 38.09 38.06 38.04 37.95 38.16 38.45 38.52
38.36 38.33 38.31 38.29 38.27 38.24 38.23 38.26 38.29 38.35 38.36 38.25 38.28 38.37 38.37 38.29 38.28 38.25 38.3 38.32 38.31 38.28 38.23 38.24 38.25 38.23 38.24 38.25 38.21 38.23 38.22 38.21 38.21 38.2 38.24 38.24 38.21 38.25 38.26 38.29 38.32 38.36 38.36 38.37 38.41 38.36 38.36 38.35 38.33 38.33 38.28 38.22 38.23 38.23 38.22 38.19 38.22 38.18 38.18 38.2 38.19 38.23 38.21 38.18 38.17 38.21 38.18 38.09 38.11 38.13 38.15 38.11 38.06 38.05 38.02 38.04 38.25 38.37
38.35 38.35 38.3 38.25 38.23 38.24 38.23 38.24 38.25 38.31 38.37 38.26 38.28 38.31 38.36 38.33 38.3 38.25 38.26 38.28 38.3 38.27 38.23 38.24 38.26 38.28 38.27 38.26 38.22 38.24 38.24 38.21 38.19 38.19 38.23 38.25 38.28 38.31 38.31 38.31 38.32 38.38 38.38 38.4 38.41 38.37 38.38 38.39 38.32 38.32 38.27 38.19 38.23 38.22 38.21 38.2 38.19 38.17 38.17 38.19 38.23 38.27 38.23 38.2 38.14 38.16 38.16 38.14 38.12 38.12 38.13 38.14 38.1 38.09 38.07 38.03 38.05 38.21
38.31 38.36 38.32 38.27 38.25 38.25 38.26 38.26 38.24 38.27 38.27 38.3 38.29 38.28 38.3 38.31 38.32 38.27 38.25 38.26 38.3 38.29 38.27 38.26 38.25 38.29 38.29 38.25 38.23 38.25 38.22 38.2 38.18 38.2 38.21 38.24 38.3 38.33 38.34 38.32 38.31 38.41 38.43 38.43 38.4 38.38 38.38 38.42 38.33 38.3 38.28 38.22 38.29 38.24 38.22 38.19 38.24 38.2 38.18 38.16 38.23 38.24 38.22 38.2 38.14 38.14 38.15 38.16 38.14 38.13 38.12 38.13 38.13 38.12 38.09 38.06 38 38.09
38.27 38.34 38.31 38.28 38.26 38.23 38.28 38.3 38.26 38.24 38.24 38.27 38.31 38.26 38.26 38.28 38.31 38.27 38.25 38.25 38.28 38.3 38.32 38.29 38.24 38.27 38.28 38.26 38.24 38.24 38.21 38.19 38.19 38.22 38.27 38.29 38.32 38.36 38.35 38.35 38.35 38.41 38.42 38.37 38.37 38.36 38.35 38.35 38.34 38.28 38.27 38.26 38.28 38.23 38.22 38.21 38.2 38.19 38.17 38.13 38.2 38.2 38.19 38.18 38.15 38.14 38.13 38.15 38.12 38.12 38.12 38.12 38.11 38.11 38.1 38.1 38.06 38.05
38.27 38.28 38.28 38.27 38.26 38.24 38.26 38.33 38.27 38.22 38.22 38.24 38.31 38.27 38.24 38.25 38.26 38.25 38.27 38.26 38.25 38.26 38.33 38.31 38.28 38.26 38.26 38.25 38.25 38.22 38.2 38.18 38.2 38.26 38.29 38.32 38.33 38.34 38.34 38.38 38.38 38.39 38.37 38.32 38.33 38.37 38.34 38.34 38.35 38.28 38.26 38.24 38.27 38.24 38.26 38.23 38.19 38.19 38.2 38.16 38.18 38.19 38.17 38.15 38.16 38.16 38.13 38.14 38.1 38.11 38.12 38.1 38.07 38.08 38.09 38.12 38.09 38.08
38.28 38.23 38.24 38.27 38.27 38.25 38.25 38.28 38.27 38.21 38.21 38.22 38.26 38.25 38.27 38.26 38.23 38.22 38.25 38.26 38.25 38.23 38.28 38.29 38.29 38.24 38.26 38.25 38.24 38.21 38.19 38.17 38.22 38.29 38.3 38.31 38.31 38.33 38.35 38.41 38.44 38.41 38.38 38.35 38.34 38.36 38.34 38.33 38.32 38.32 38.28 38.22 38.24 38.23 38.24 38.22 38.19 38.2 38.2 38.2 38.21 38.21 38.16 38.15 38.16 38.16 38.16 38.13 38.1 38.11 38.13 38.09 38.06 38.07 38.08 38.12 38.11 38.09
38.3 38.25 38.21 38.24 38.25 38.26 38.27 38.27 38.26 38.19 38.2 38.21 38.23 38.24 38.3 38.28 38.24 38.2 38.19 38.25 38.28 38.24 38.26 38.26 38.26 38.25 38.28 38.26 38.22 38.21 38.2 38.23 38.28 38.28 38.3 38.33 38.31 38.35 38.36 38.39 38.46 38.43 38.4 38.33 38.31 38.28 38.31 38.32 38.3 38.33 38.3 38.23 38.24 38.23 38.22 38.2 38.21 38.21 38.18 38.18 38.21 38.22 38.18 38.16 38.16 38.15 38.16 38.13 38.13 38.11 38.12 38.09 38.08 38.08 38.06 38.09 38.12 38.12
38.33 38.28 38.23 38.23 38.23 38.28 38.3 38.29 38.25 38.18 38.2 38.22 38.24 38.27 38.29 38.3 38.27 38.2 38.2 38.25 38.27 38.26 38.27 38.26 38.27 38.27 38.27 38.25 38.2 38.2 38.22 38.27 38.3 38.29 38.3 38.32 38.35 38.38 38.38 38.38 38.41 38.41 38.39 38.32 38.28 38.28 38.31 38.32 38.3 38.32 38.29 38.24 38.27 38.26 38.23 38.23 38.24 38.23 38.19 38.16 38.16 38.2 38.2 38.15 38.15 38.16 38.18 38.15 38.16 38.15 38.11 38.08 38.07 38.05 38.06 38.07 38.11 38.13
