slabs/96.grd
DSAA
631 301
647670 648300
4947500 4947800
34.35 40.14
[rows 170 to 203 of 301, columns 312 to 389 of 631]
38 37.97 37.95 37.96 37.98 37.91 37.81 37.8 37.79 37.82 37.88 37.9 37.92 37.99 38 38.01 38.02 38.04 38.06 38.07 38.06 38.02 37.98 37.94 37.92 37.9 37.94 38.08 38.13 38.23 38.25 38.26 38.27 38.27 38.26 38.26 38.25 38.23 38.24 38.24 38.24 38.24 38.26 38.27 38.26 38.25 38.2 38.21 38.19 38.17 38.13 38.16 38.17 38.11 38.08 37.97 37.91 37.87 37.87 37.86 37.85 37.81 37.81 37.8 37.83 37.84 37.84 37.85 37.86 37.86 37.85 37.82 37.79 37.76 37.76 37.78 37.77 37.8
38.01 37.99 37.93 37.96 37.97 37.94 37.85 37.79 37.78 37.79 37.87 37.91 37.92 37.97 37.97 37.99 38.01 38.03 38.04 38.05 38.04 38.03 37.99 37.96 37.95 37.95 37.98 38.04 38.13 38.23 38.24 38.25 38.26 38.27 38.26 38.26 38.25 38.24 38.23 38.23 38.23 38.23 38.26 38.25 38.24 38.22 38.2 38.19 38.16 38.15 38.15 38.16 38.14 38.03 37.99 37.9 37.89 37.83 37.84 37.85 37.84 37.82 37.82 37.82 37.84 37.85 37.86 37.85 37.85 37.85 37.84 37.81 37.79 37.78 37.78 37.77 37.75 37.77
38.02 37.99 37.92 37.92 37.93 37.95 37.88 37.8 37.79 37.8 37.88 37.93 37.95 37.95 37.95 37.97 37.98 38.01 38.01 38.02 38.01 38.01 38 37.98 37.97 38 38.01 38.04 38.13 38.2 38.22 38.24 38.25 38.26 38.26 38.25 38.25 38.24 38.23 38.22 38.22 38.23 38.25 38.24 38.23 38.19 38.17 38.15 38.1 38.11 38.11 38.08 38.01 37.92 37.89 37.85 37.85 37.81 37.82 37.83 37.83 37.84 37.84 37.84 37.83 37.85 37.86 37.87 37.86 37.84 37.83 37.82 37.8 37.8 37.8 37.75 37.74 37.75
38.05 38 37.93 37.9 37.93 37.97 37.88 37.8 37.8 37.83 37.88 37.93 37.94 37.92 37.93 37.94 37.95 37.97 37.98 37.98 37.98 37.99 38 37.99 37.98 38.01 38.03 38.06 38.13 38.17 38.2 38.21 38.24 38.26 38.26 38.25 38.24 38.24 38.23 38.22 38.21 38.23 38.24 38.23 38.21 38.16 38.15 38.1 38.05 38.04 38.04 37.99 37.9 37.85 37.85 37.85 37.84 37.82 37.82 37.83 37.84 37.84 37.84 37.85 37.85 37.87 37.86 37.88 37.86 37.84 37.84 37.83 37.81 37.81 37.79 37.74 37.75 37.75
38.12 38.04 37.94 37.9 37.91 37.95 37.88 37.82 37.82 37.83 37.85 37.9 37.9 37.89 37.9 37.9 37.92 37.94 37.94 37.95 37.96 37.97 37.98 37.98 37.99 38.01 38.04 38.06 38.13 38.16 38.19 38.19 38.23 38.25 38.26 38.25 38.24 38.24 38.23 38.23 38.21 38.21 38.21 38.19 38.16 38.15 38.13 38.06 37.99 37.96 37.95 37.92 37.86 37.84 37.83 37.84 37.84 37.84 37.85 37.85 37.85 37.86 37.84 37.86 37.89 37.89 37.87 37.89 37.86 37.86 37.85 37.82 37.82 37.81 37.79 37.76 37.75 37.76
38.13 38.04 37.96 37.93 37.92 37.95 37.93 37.87 37.84 37.8 37.81 37.86 37.86 37.86 37.85 37.87 37.9 37.92 37.92 37.93 37.94 37.95 37.96 37.96 37.99 37.99 37.99 38.03 38.11 38.16 38.18 38.2 38.23 38.24 38.25 38.26 38.24 38.24 38.23 38.21 38.19 38.17 38.17 38.15 38.14 38.14 38.11 38.02 37.94 37.9 37.9 37.88 37.85 37.85 37.84 37.85 37.86 37.86 37.87 37.86 37.87 37.87 37.85 37.86 37.89 37.88 37.88 37.89 37.87 37.86 37.84 37.82 37.81 37.8 37.78 37.77 37.77 37.77
38.1 38.04 37.98 37.95 37.93 37.95 37.95 37.88 37.85 37.79 37.79 37.81 37.81 37.83 37.83 37.84 37.87 37.9 37.91 37.91 37.92 37.94 37.94 37.95 37.98 38.02 38.02 38.02 38.08 38.13 38.14 38.18 38.23 38.26 38.27 38.28 38.26 38.25 38.24 38.2 38.16 38.13 38.12 38.09 38.1 38.11 38.07 37.97 37.91 37.88 37.89 37.87 37.84 37.85 37.85 37.86 37.88 37.89 37.88 37.87 37.88 37.87 37.87 37.86 37.88 37.88 37.87 37.89 37.86 37.86 37.85 37.81 37.8 37.8 37.78 37.78 37.77 37.76
38.06 38.04 38 37.95 37.93 37.91 37.9 37.85 37.85 37.81 37.81 37.8 37.81 37.82 37.84 37.83 37.85 37.88 37.89 37.89 37.91 37.92 37.94 37.95 37.97 38 38.01 38.01 38.04 38.08 38.11 38.15 38.22 38.24 38.25 38.29 38.28 38.26 38.25 38.19 38.14 38.09 38.08 38.04 38.01 38.02 37.99 37.93 37.89 37.89 37.89 37.86 37.85 37.83 37.85 37.86 37.87 37.89 37.88 37.87 37.9 37.89 37.86 37.86 37.88 37.89 37.88 37.88 37.87 37.88 37.87 37.83 37.82 37.83 37.79 37.8 37.79 37.78
38.05 38.06 38.03 37.99 37.95 37.91 37.89 37.85 37.86 37.82 37.77 37.79 37.8 37.8 37.82 37.82 37.84 37.87 37.88 37.88 37.89 37.91 37.93 37.94 37.97 38.01 38.02 38.01 38.01 38.05 38.09 38.11 38.19 38.23 38.25 38.26 38.25 38.23 38.22 38.13 38.07 38.05 38.03 38.01 37.97 37.94 37.92 37.9 37.88 37.89 37.88 37.86 37.84 37.82 37.84 37.85 37.87 37.87 37.87 37.89 37.89 37.88 37.84 37.83 37.85 37.86 37.88 37.87 37.87 37.88 37.87 37.83 37.83 37.82 37.77 37.78 37.79 37.77
38.05 38.09 38.06 38.03 37.98 37.9 37.87 37.87 37.88 37.83 37.82 37.8 37.78 37.78 37.8 37.8 37.82 37.85 37.86 37.86 37.88 37.9 37.93 37.94 37.98 38.02 38.06 38.03 38.02 38.05 38.06 38.09 38.15 38.22 38.21 38.16 38.14 38.13 38.12 38.02 37.97 37.98 37.98 37.98 37.99 37.94 37.93 37.91 37.9 37.88 37.88 37.85 37.83 37.83 37.85 37.86 37.87 37.87 37.88 37.88 37.88 37.88 37.84 37.84 37.87 37.88 37.91 37.88 37.86 37.87 37.88 37.84 37.84 37.82 37.79 37.79 37.8 37.78
38.02 38.11 38.07 38.05 37.99 37.93 37.88 37.9 37.92 37.86 37.83 37.82 37.77 37.76 37.78 37.79 37.82 37.84 37.84 37.84 37.87 37.91 37.94 37.95 37.99 38.04 38.06 38.05 38.03 38.04 38.03 38.05 38.11 38.15 38.12 38.05 38 37.99 37.97 37.92 37.9 37.92 37.93 37.97 37.99 37.95 37.94 37.93 37.92 37.89 37.88 37.86 37.84 37.85 37.87 37.86 37.87 37.89 37.89 37.86 37.86 37.87 37.85 37.86 37.87 37.88 37.91 37.89 37.89 37.9 37.89 37.85 37.85 37.82 37.8 37.8 37.81 37.78
38.01 38.08 38.03 38.01 37.98 37.93 37.9 37.91 37.95 37.91 37.85 37.82 37.77 37.76 37.8 37.8 37.81 37.85 37.85 37.86 37.9 37.93 37.95 37.97 38.01 38.06 38.07 38.08 38.05 38.02 38.01 38 38.05 38.05 38.03 37.97 37.9 37.89 37.88 37.88 37.89 37.93 37.94 37.97 37.95 37.94 37.93 37.93 37.92 37.91 37.88 37.88 37.86 37.87 37.87 37.86 37.85 37.88 37.9 37.89 37.87 37.87 37.86 37.87 37.87 37.87 37.9 37.9 37.9 37.9 37.89 37.87 37.87 37.83 37.81 37.81 37.81 37.81
38.04 38.06 38.03 38.01 38 37.94 37.88 37.89 37.94 37.99 37.9 37.86 37.8 37.77 37.81 37.8 37.79 37.82 37.86 37.9 37.94 37.97 37.98 38 38.03 38.08 38.09 38.11 38.07 38 37.98 37.96 37.99 37.97 37.96 37.9 37.85 37.83 37.84 37.87 37.93 37.94 37.94 37.94 37.95 37.95 37.93 37.93 37.93 37.91 37.89 37.88 37.86 37.86 37.87 37.86 37.86 37.86 37.89 37.91 37.88 37.86 37.85 37.88 37.89 37.88 37.88 37.9 37.89 37.88 37.89 37.89 37.89 37.85 37.83 37.83 37.83 37.83
38.01 38.05 38.05 38.03 38.01 37.94 37.9 37.9 37.94 38.02 37.93 37.88 37.8 37.78 37.79 37.79 37.77 37.78 37.83 37.89 37.94 37.97 37.98 38.01 38.04 38.08 38.1 38.12 38.08 38 37.97 37.94 37.94 37.9 37.89 37.86 37.86 37.85 37.86 37.88 37.93 37.94 37.93 37.92 37.94 37.94 37.93 37.91 37.9 37.9 37.89 37.89 37.91 37.9 37.88 37.88 37.88 37.88 37.9 37.91 37.9 37.88 37.86 37.87 37.89 37.89 37.89 37.91 37.9 37.9 37.88 37.9 37.89 37.87 37.84 37.84 37.85 37.83
37.96 38 38.04 38.03 38.02 37.97 37.92 37.9 37.92 37.97 37.92 37.87 37.78 37.77 37.77 37.8 37.77 37.77 37.79 37.83 37.89 37.92 37.94 37.98 38.03 38.08 38.1 38.1 38.1 38.02 37.97 37.91 37.88 37.85 37.85 37.85 37.84 37.87 37.86 37.87 37.9 37.91 37.93 37.91 37.91 37.91 37.93 37.9 37.88 37.89 37.88 37.9 37.93 37.9 37.9 37.9 37.9 37.91 37.91 37.93 37.92 37.9 37.89 37.89 37.9 37.89 37.9 37.91 37.9 37.9 37.89 37.9 37.9 37.89 37.85 37.86 37.86 37.84
37.96 37.96 38.01 38.02 38.02 37.98 37.92 37.91 37.88 37.9 37.91 37.87 37.78 37.76 37.77 37.79 37.79 37.78 37.79 37.8 37.86 37.88 37.91 37.95 38 38.06 38.08 38.09 38.04 38.02 37.97 37.84 37.82 37.85 37.85 37.83 37.82 37.82 37.82 37.84 37.85 37.86 37.9 37.91 37.88 37.88 37.9 37.9 37.89 37.9 37.9 37.91 37.92 37.91 37.9 37.92 37.92 37.92 37.91 37.92 37.92 37.91 37.92 37.92 37.92 37.91 37.91 37.91 37.91 37.9 37.91 37.9 37.89 37.89 37.87 37.87 37.86 37.85
38.01 37.95 38.02 38.04 38.04 37.98 37.92 37.91 37.86 37.87 37.89 37.88 37.8 37.74 37.75 37.76 37.77 37.8 37.8 37.8 37.83 37.86 37.88 37.94 38 38.05 38.08 38.12 38.09 38.08 38 37.77 37.74 37.78 37.83 37.8 37.83 37.82 37.82 37.86 37.86 37.86 37.89 37.89 37.88 37.87 37.89 37.91 37.91 37.91 37.92 37.92 37.92 37.93 37.92 37.93 37.93 37.91 37.9 37.9 37.91 37.92 37.94 37.94 37.94 37.92 37.9 37.9 37.91 37.91 37.9 37.9 37.91 37.91 37.91 37.9 37.85 37.8
38.04 37.98 38.02 38.04 38.04 37.98 37.94 37.91 37.87 37.85 37.86 37.9 37.83 37.76 37.74 37.74 37.75 37.79 37.79 37.78 37.82 37.85 37.87 37.94 37.99 38.04 38.06 38.1 38.11 38.11 38.02 37.78 37.73 37.75 37.8 37.78 37.82 37.82 37.82 37.85 37.85 37.86 37.89 37.87 37.89 37.88 37.9 37.92 37.92 37.91 37.92 37.92 37.91 37.92 37.94 37.95 37.94 37.92 37.91 37.92 37.92 37.9 37.94 37.94 37.93 37.92 37.91 37.9 37.91 37.91 37.92 37.92 37.9 37.91 37.9 37.9 37.86 37.8
38.02 37.98 37.98 37.98 37.98 37.97 37.96 37.91 37.87 37.83 37.84 37.88 37.84 37.78 37.76 37.72 37.77 37.77 37.77 37.76 37.79 37.84 37.87 37.93 37.99 38.02 38.05 38.09 38.1 38.11 38.06 37.89 37.79 37.79 37.79 37.78 37.8 37.8 37.83 37.83 37.84 37.86 37.87 37.86 37.89 37.89 37.91 37.91 37.92 37.9 37.9 37.9 37.89 37.9 37.95 37.96 37.95 37.92 37.92 37.94 37.93 37.91 37.92 37.94 37.93 37.91 37.89 37.9 37.91 37.92 37.94 37.94 37.92 37.91 37.9 37.9 37.87 37.83
37.99 37.96 37.94 37.94 37.95 37.95 37.95 37.91 37.86 37.8 37.81 37.84 37.84 37.79 37.76 37.71 37.75 37.74 37.76 37.75 37.78 37.84 37.87 37.92 37.97 37.99 38.03 38.1 38.12 38.12 38.11 38.01 37.82 37.79 37.79 37.79 37.8 37.8 37.82 37.82 37.84 37.86 37.86 37.86 37.87 37.9 37.91 37.9 37.92 37.9 37.91 37.9 37.9 37.91 37.93 37.94 37.94 37.92 37.93 37.93 37.92 37.92 37.93 37.95 37.95 37.93 37.89 37.93 37.93 37.93 37.94 37.93 37.92 37.91 37.89 37.89 37.88 37.86
38.01 37.98 37.95 37.93 37.96 37.96 37.95 37.91 37.86 37.79 37.81 37.87 37.91 37.82 37.78 37.72 37.73 37.74 37.74 37.75 37.78 37.83 37.86 37.92 37.95 37.97 38.01 38.06 38.08 38.09 38.12 38.09 37.88 37.81 37.77 37.79 37.8 37.8 37.8 37.81 37.85 37.86 37.84 37.86 37.86 37.88 37.89 37.9 37.91 37.91 37.91 37.89 37.89 37.92 37.93 37.94 37.93 37.93 37.95 37.92 37.93 37.92 37.93 37.95 37.95 37.92 37.89 37.91 37.91 37.94 37.92 37.92 37.92 37.91 37.9 37.91 37.9 37.88
38.03 38 37.97 37.91 37.93 37.94 37.95 37.93 37.88 37.81 37.81 37.85 37.93 37.86 37.8 37.72 37.73 37.73 37.75 37.77 37.78 37.8 37.83 37.89 37.92 37.94 37.97 37.97 37.97 38.01 38.1 38.12 37.99 37.86 37.75 37.79 37.79 37.78 37.82 37.81 37.85 37.86 37.84 37.83 37.85 37.87 37.9 37.91 37.91 37.91 37.93 37.9 37.89 37.91 37.95 37.94 37.94 37.93 37.94 37.93 37.91 37.89 37.91 37.93 37.94 37.93 37.9 37.9 37.91 37.95 37.93 37.93 37.93 37.93 37.92 37.92 37.92 37.88
38.05 38.02 37.98 37.91 37.92 37.93 37.94 37.93 37.88 37.83 37.82 37.81 37.87 37.88 37.81 37.71 37.71 37.71 37.74 37.78 37.77 37.77 37.8 37.86 37.89 37.91 37.92 37.88 37.89 37.95 38.08 38.14 38.05 37.91 37.76 37.79 37.8 37.79 37.8 37.82 37.85 37.85 37.84 37.81 37.81 37.84 37.9 37.91 37.91 37.91 37.9 37.88 37.88 37.91 37.94 37.92 37.93 37.94 37.95 37.94 37.93 37.89 37.9 37.91 37.93 37.93 37.9 37.91 37.92 37.94 37.94 37.94 37.93 37.92 37.91 37.91 37.92 37.88
38.08 38.03 37.99 37.91 37.89 37.91 37.93 37.92 37.87 37.84 37.82 37.8 37.84 37.87 37.81 37.72 37.69 37.69 37.7 37.76 37.78 37.77 37.78 37.83 37.87 37.88 37.85 37.83 37.89 37.94 38.05 38.15 38.07 37.97 37.77 37.74 37.76 37.78 37.78 37.81 37.82 37.85 37.82 37.82 37.83 37.84 37.88 37.92 37.92 37.89 37.89 37.88 37.89 37.91 37.93 37.92 37.91 37.92 37.94 37.95 37.95 37.91 37.9 37.91 37.92 37.91 37.9 37.9 37.92 37.92 37.92 37.92 37.92 37.89 37.9 37.89 37.92 37.91
38.06 38.04 38 37.93 37.86 37.87 37.9 37.91 37.86 37.83 37.82 37.79 37.81 37.82 37.79 37.73 37.67 37.67 37.67 37.73 37.78 37.78 37.78 37.81 37.84 37.82 37.8 37.81 37.89 37.95 38.06 38.16 38.1 38.04 37.77 37.69 37.71 37.76 37.79 37.82 37.83 37.83 37.8 37.84 37.84 37.84 37.88 37.92 37.91 37.89 37.88 37.9 37.89 37.9 37.92 37.92 37.91 37.91 37.95 37.96 37.96 37.91 37.91 37.91 37.91 37.9 37.91 37.91 37.91 37.9 37.91 37.9 37.89 37.9 37.91 37.89 37.89 37.88
38.02 38.01 37.99 37.94 37.84 37.84 37.86 37.9 37.9 37.86 37.82 37.78 37.79 37.78 37.77 37.72 37.65 37.65 37.66 37.69 37.72 37.74 37.76 37.79 37.78 37.77 37.75 37.81 37.89 37.95 38.08 38.17 38.1 38.07 37.83 37.71 37.72 37.75 37.76 37.8 37.81 37.82 37.81 37.83 37.82 37.82 37.87 37.89 37.9 37.9 37.89 37.91 37.9 37.9 37.91 37.92 37.92 37.92 37.96 37.97 37.95 37.91 37.92 37.92 37.89 37.91 37.92 37.92 37.92 37.89 37.9 37.88 37.88 37.91 37.92 37.91 37.88 37.89
38.01 37.99 37.98 37.93 37.86 37.85 37.83 37.87 37.92 37.9 37.82 37.79 37.76 37.76 37.77 37.72 37.67 37.67 37.65 37.67 37.7 37.72 37.75 37.77 37.73 37.72 37.71 37.81 37.89 37.98 38.13 38.18 38.16 38.11 37.94 37.73 37.72 37.75 37.76 37.79 37.8 37.8 37.81 37.82 37.82 37.83 37.88 37.87 37.88 37.89 37.9 37.9 37.91 37.9 37.9 37.91 37.92 37.91 37.94 37.94 37.94 37.91 37.93 37.91 37.88 37.92 37.89 37.91 37.93 37.88 37.86 37.85 37.91 37.9 37.89 37.88 37.88 37.85
37.99 37.99 38 37.97 37.91 37.87 37.83 37.84 37.89 37.88 37.82 37.78 37.74 37.73 37.76 37.77 37.71 37.69 37.65 37.68 37.71 37.73 37.75 37.76 37.7 37.68 37.71 37.82 37.88 38.03 38.18 38.19 38.16 38.12 37.98 37.73 37.72 37.74 37.77 37.77 37.79 37.79 37.8 37.83 37.84 37.83 37.86 37.87 37.88 37.88 37.9 37.88 37.89 37.9 37.9 37.9 37.9 37.92 37.93 37.93 37.93 37.92 37.91 37.9 37.88 37.89 37.88 37.9 37.92 37.93 37.91 37.89 37.9 37.92 37.91 37.9 37.86 37.85
37.96 37.97 38.01 38.05 37.93 37.89 37.83 37.82 37.81 37.8 37.8 37.78 37.76 37.74 37.75 37.85 37.77 37.71 37.65 37.64 37.68 37.7 37.71 37.73 37.69 37.66 37.74 37.87 37.93 38.09 38.23 38.21 38.18 38.13 38.01 37.82 37.77 37.71 37.77 37.76 37.77 37.76 37.79 37.83 37.84 37.83 37.84 37.86 37.87 37.88 37.9 37.89 37.9 37.91 37.91 37.91 37.91 37.92 37.95 37.95 37.95 37.93 37.89 37.88 37.89 37.89 37.9 37.92 37.93 37.93 37.92 37.91 37.9 37.91 37.9 37.88 37.85 37.86
37.95 37.96 38 38.04 37.92 37.88 37.81 37.79 37.78 37.77 37.76 37.78 37.77 37.76 37.73 37.78 37.73 37.7 37.67 37.63 37.62 37.64 37.64 37.61 37.61 37.66 37.81 37.94 38 38.14 38.23 38.18 38.15 38.11 38.01 37.96 37.86 37.72 37.77 37.76 37.76 37.75 37.8 37.82 37.83 37.82 37.84 37.84 37.85 37.88 37.88 37.9 37.91 37.91 37.91 37.91 37.9 37.93 37.95 37.93 37.94 37.93 37.91 37.89 37.88 37.9 37.91 37.92 37.91 37.91 37.91 37.9 37.89 37.88 37.88 37.87 37.86 37.86
37.98 37.97 37.97 37.99 37.91 37.88 37.82 37.79 37.8 37.79 37.77 37.76 37.75 37.75 37.71 37.72 37.7 37.68 37.65 37.61 37.6 37.59 37.59 37.55 37.55 37.67 37.89 38.02 38.06 38.13 38.15 38.11 38.09 38.06 37.99 38.02 37.92 37.72 37.75 37.77 37.76 37.78 37.81 37.81 37.83 37.83 37.82 37.82 37.85 37.87 37.86 37.88 37.91 37.92 37.92 37.91 37.9 37.92 37.94 37.94 37.92 37.94 37.92 37.89 37.87 37.91 37.92 37.93 37.93 37.93 37.92 37.9 37.87 37.86 37.86 37.86 37.85 37.84
37.98 37.97 37.95 37.93 37.92 37.89 37.81 37.78 37.77 37.78 37.77 37.74 37.72 37.72 37.69 37.67 37.66 37.64 37.62 37.6 37.6 37.58 37.56 37.55 37.56 37.65 37.9 38.04 38.06 38.06 38.04 38.02 38 37.97 37.96 37.95 37.9 37.73 37.7 37.75 37.77 37.78 37.8 37.79 37.82 37.84 37.82 37.83 37.86 37.86 37.86 37.88 37.91 37.92 37.91 37.91 37.9 37.93 37.93 37.93 37.92 37.93 37.92 37.89 37.87 37.91 37.91 37.93 37.95 37.94 37.92 37.88 37.87 37.85 37.85 37.85 37.85 37.86
37.95 37.95 37.95 37.91 37.9 37.88 37.8 37.73 37.73 37.75 37.73 37.71 37.68 37.69 37.68 37.65 37.64 37.63 37.62 37.63 37.65 37.64 37.63 37.64 37.66 37.69 37.88 38.01 38 37.98 37.95 37.94 37.94 37.92 37.92 37.92 37.88 37.79 37.7 37.73 37.78 37.77 37.78 37.78 37.79 37.81 37.82 37.84 37.84 37.86 37.87 37.88 37.9 37.91 37.91 37.9 37.92 37.92 37.89 37.91 37.92 37.92 37.91 37.91 37.89 37.9 37.9 37.91 37.94 37.93 37.92 37.88 37.89 37.88 37.86 37.85 37.86 37.9
37.96 37.95 37.95 37.92 37.87 37.87 37.8 37.72 37.71 37.71 37.69 37.69 37.67 37.65 37.66 37.63 37.63 37.64 37.65 37.69 37.7 37.7 37.76 37.81 37.81 37.79 37.87 37.94 37.93 37.9 37.88 37.89 37.9 37.92 37.92 37.9 37.85 37.79 37.71 37.73 37.76 37.77 37.78 37.78 37.77 37.81 37.8 37.83 37.84 37.84 37.86 37.87 37.91 37.91 37.89 37.9 37.94 37.92 37.91 37.91 37.91 37.92 37.91 37.92 37.91 37.89 37.89 37.91 37.92 37.91 37.92 37.89 37.9 37.91 37.88 37.86 37.88 37.92
