slabs/96.grd
DSAA
631 301
647670 648300
4947500 4947800
34.35 40.14
[rows 102 to 135 of 301, columns 546 to 623 of 631]
37.67 37.67 37.71 37.7 37.69 37.67 37.67 37.63 37.63 37.64 37.65 37.64 37.63 37.56 37.52 37.47 37.43 37.43 37.53 37.58 37.56 37.61 37.67 37.66 37.65 37.68 37.72 37.71 37.69 37.71 37.7 37.74 37.77 37.78 37.81 37.8 37.79 37.79 37.79 37.8 37.8 37.76 37.83 37.86 37.89 37.85 37.84 37.84 37.82 37.73 37.76 37.82 37.8 37.73 37.73 37.74 37.8 37.76 37.78 37.75 37.77 37.76 37.77 37.76 37.72 37.67 37.67 37.65 37.67 37.66 37.66 37.52 37.35 37.38 37.41 37.42 37.45 37.45
37.69 37.69 37.7 37.69 37.69 37.69 37.67 37.66 37.65 37.62 37.65 37.66 37.65 37.59 37.55 37.5 37.47 37.4 37.47 37.54 37.56 37.58 37.64 37.64 37.65 37.69 37.75 37.75 37.73 37.72 37.71 37.73 37.74 37.74 37.76 37.79 37.81 37.81 37.8 37.8 37.79 37.76 37.77 37.83 37.88 37.87 37.86 37.82 37.8 37.78 37.79 37.82 37.74 37.72 37.74 37.73 37.78 37.77 37.79 37.79 37.76 37.77 37.76 37.76 37.75 37.7 37.67 37.66 37.69 37.68 37.69 37.63 37.45 37.45 37.38 37.42 37.43 37.43
37.69 37.69 37.7 37.69 37.69 37.71 37.66 37.64 37.65 37.63 37.64 37.66 37.65 37.62 37.58 37.53 37.51 37.41 37.44 37.47 37.51 37.54 37.59 37.6 37.66 37.7 37.75 37.77 37.77 37.73 37.71 37.72 37.73 37.73 37.73 37.77 37.8 37.8 37.8 37.78 37.76 37.76 37.76 37.81 37.87 37.86 37.86 37.82 37.8 37.8 37.78 37.81 37.78 37.74 37.74 37.7 37.73 37.77 37.77 37.77 37.77 37.79 37.78 37.79 37.78 37.76 37.69 37.69 37.69 37.68 37.69 37.7 37.63 37.58 37.39 37.42 37.41 37.41
37.71 37.69 37.69 37.68 37.69 37.71 37.67 37.65 37.64 37.63 37.64 37.64 37.64 37.64 37.6 37.59 37.53 37.46 37.42 37.4 37.45 37.52 37.53 37.56 37.64 37.66 37.71 37.72 37.74 37.74 37.7 37.7 37.71 37.72 37.73 37.75 37.78 37.73 37.74 37.74 37.76 37.81 37.81 37.78 37.82 37.89 37.89 37.85 37.82 37.77 37.75 37.77 37.81 37.81 37.77 37.7 37.73 37.77 37.77 37.75 37.78 37.78 37.8 37.79 37.78 37.78 37.71 37.71 37.69 37.68 37.67 37.71 37.75 37.7 37.49 37.43 37.42 37.42
37.7 37.68 37.67 37.69 37.68 37.7 37.66 37.66 37.65 37.63 37.63 37.62 37.63 37.64 37.63 37.63 37.55 37.51 37.46 37.39 37.42 37.53 37.53 37.55 37.61 37.63 37.65 37.65 37.67 37.72 37.7 37.72 37.71 37.7 37.72 37.76 37.77 37.75 37.74 37.76 37.77 37.8 37.8 37.79 37.81 37.9 37.89 37.86 37.82 37.76 37.75 37.8 37.81 37.83 37.79 37.74 37.74 37.77 37.77 37.78 37.82 37.8 37.78 37.78 37.76 37.75 37.73 37.72 37.71 37.71 37.68 37.7 37.72 37.73 37.62 37.43 37.43 37.43
37.68 37.68 37.66 37.69 37.68 37.7 37.68 37.68 37.67 37.65 37.64 37.63 37.63 37.64 37.64 37.63 37.57 37.53 37.52 37.44 37.42 37.52 37.54 37.55 37.58 37.64 37.63 37.65 37.69 37.71 37.75 37.74 37.7 37.69 37.7 37.74 37.76 37.74 37.72 37.74 37.78 37.75 37.78 37.82 37.77 37.87 37.87 37.85 37.82 37.78 37.76 37.8 37.8 37.8 37.79 37.79 37.76 37.76 37.77 37.82 37.84 37.82 37.77 37.77 37.76 37.74 37.76 37.75 37.72 37.73 37.7 37.72 37.68 37.69 37.69 37.48 37.4 37.41
37.66 37.66 37.67 37.68 37.68 37.69 37.69 37.7 37.69 37.66 37.65 37.64 37.63 37.66 37.63 37.63 37.61 37.53 37.49 37.46 37.42 37.47 37.51 37.53 37.54 37.6 37.6 37.62 37.65 37.68 37.74 37.73 37.71 37.72 37.72 37.74 37.75 37.74 37.74 37.74 37.75 37.8 37.81 37.82 37.77 37.83 37.84 37.83 37.83 37.8 37.8 37.82 37.81 37.8 37.8 37.81 37.8 37.78 37.77 37.82 37.81 37.8 37.78 37.76 37.78 37.75 37.76 37.76 37.71 37.72 37.71 37.72 37.68 37.67 37.73 37.55 37.37 37.38
37.64 37.64 37.68 37.68 37.68 37.67 37.67 37.69 37.69 37.65 37.64 37.63 37.64 37.66 37.64 37.64 37.64 37.56 37.48 37.47 37.46 37.48 37.51 37.53 37.51 37.52 37.59 37.63 37.65 37.69 37.72 37.74 37.72 37.71 37.73 37.74 37.74 37.75 37.75 37.75 37.75 37.86 37.83 37.82 37.8 37.81 37.82 37.84 37.84 37.8 37.84 37.87 37.82 37.81 37.8 37.8 37.84 37.81 37.76 37.77 37.8 37.78 37.77 37.76 37.8 37.8 37.81 37.77 37.71 37.72 37.72 37.69 37.71 37.7 37.7 37.69 37.6 37.45
37.62 37.63 37.66 37.67 37.67 37.66 37.67 37.68 37.68 37.67 37.65 37.64 37.64 37.66 37.63 37.62 37.63 37.58 37.55 37.52 37.47 37.48 37.5 37.52 37.54 37.49 37.53 37.59 37.63 37.66 37.69 37.73 37.71 37.69 37.71 37.73 37.73 37.75 37.75 37.74 37.72 37.8 37.81 37.8 37.81 37.83 37.83 37.85 37.84 37.81 37.85 37.88 37.8 37.78 37.77 37.74 37.85 37.82 37.77 37.77 37.81 37.78 37.78 37.76 37.8 37.81 37.8 37.77 37.75 37.74 37.73 37.69 37.7 37.69 37.69 37.68 37.6 37.44
37.6 37.63 37.65 37.67 37.66 37.67 37.68 37.67 37.66 37.66 37.67 37.66 37.63 37.65 37.63 37.63 37.65 37.6 37.56 37.53 37.49 37.47 37.46 37.5 37.53 37.51 37.52 37.57 37.62 37.62 37.64 37.69 37.73 37.7 37.7 37.73 37.76 37.74 37.73 37.73 37.71 37.74 37.77 37.79 37.8 37.83 37.84 37.83 37.86 37.85 37.85 37.82 37.79 37.75 37.74 37.72 37.86 37.85 37.81 37.8 37.8 37.79 37.79 37.81 37.8 37.8 37.79 37.78 37.77 37.75 37.72 37.7 37.69 37.69 37.69 37.68 37.64 37.5
37.6 37.62 37.62 37.64 37.65 37.68 37.67 37.66 37.66 37.66 37.67 37.65 37.64 37.62 37.64 37.64 37.64 37.63 37.58 37.55 37.51 37.48 37.47 37.48 37.52 37.52 37.52 37.56 37.59 37.59 37.61 37.65 37.72 37.72 37.71 37.72 37.77 37.73 37.74 37.72 37.74 37.74 37.74 37.8 37.82 37.84 37.85 37.82 37.86 37.87 37.87 37.78 37.8 37.77 37.74 37.77 37.81 37.83 37.85 37.79 37.78 37.77 37.77 37.78 37.77 37.78 37.78 37.82 37.81 37.79 37.73 37.73 37.71 37.69 37.7 37.71 37.7 37.58
37.6 37.61 37.6 37.62 37.66 37.67 37.65 37.66 37.65 37.64 37.64 37.64 37.64 37.63 37.65 37.65 37.63 37.63 37.61 37.58 37.52 37.49 37.47 37.45 37.5 37.5 37.5 37.52 37.56 37.57 37.6 37.64 37.69 37.72 37.71 37.71 37.73 37.74 37.75 37.73 37.72 37.7 37.7 37.77 37.8 37.81 37.84 37.88 37.87 37.88 37.84 37.79 37.79 37.81 37.83 37.78 37.77 37.78 37.85 37.83 37.78 37.78 37.79 37.79 37.79 37.77 37.77 37.83 37.83 37.82 37.77 37.74 37.73 37.71 37.69 37.71 37.71 37.65
37.6 37.62 37.6 37.61 37.66 37.68 37.67 37.68 37.68 37.67 37.66 37.66 37.65 37.66 37.65 37.64 37.64 37.62 37.61 37.6 37.56 37.52 37.49 37.44 37.45 37.47 37.48 37.49 37.53 37.56 37.6 37.64 37.69 37.73 37.74 37.72 37.7 37.72 37.73 37.75 37.71 37.7 37.7 37.77 37.8 37.8 37.85 37.88 37.85 37.85 37.86 37.81 37.81 37.83 37.86 37.72 37.71 37.72 37.84 37.85 37.8 37.79 37.78 37.79 37.8 37.78 37.75 37.79 37.81 37.83 37.79 37.74 37.74 37.75 37.7 37.71 37.71 37.71
37.61 37.63 37.62 37.63 37.67 37.67 37.67 37.67 37.66 37.68 37.67 37.67 37.65 37.65 37.64 37.62 37.62 37.61 37.61 37.61 37.59 37.55 37.52 37.46 37.41 37.43 37.45 37.47 37.49 37.56 37.6 37.62 37.65 37.7 37.71 37.71 37.7 37.71 37.73 37.75 37.7 37.7 37.76 37.8 37.81 37.82 37.84 37.88 37.84 37.84 37.85 37.83 37.81 37.81 37.85 37.78 37.7 37.72 37.83 37.84 37.82 37.8 37.76 37.77 37.79 37.8 37.77 37.77 37.8 37.82 37.77 37.76 37.76 37.75 37.74 37.73 37.73 37.71
37.61 37.6 37.61 37.63 37.66 37.64 37.66 37.66 37.64 37.66 37.67 37.67 37.65 37.64 37.64 37.62 37.61 37.61 37.61 37.6 37.6 37.56 37.52 37.47 37.4 37.39 37.43 37.47 37.47 37.53 37.57 37.62 37.62 37.64 37.69 37.7 37.74 37.74 37.74 37.7 37.69 37.71 37.75 37.77 37.8 37.83 37.86 37.87 37.84 37.86 37.85 37.84 37.83 37.82 37.82 37.81 37.76 37.77 37.8 37.83 37.83 37.81 37.78 37.78 37.79 37.81 37.79 37.77 37.78 37.8 37.76 37.75 37.77 37.74 37.72 37.72 37.73 37.72
37.59 37.57 37.59 37.62 37.65 37.62 37.63 37.65 37.64 37.65 37.66 37.66 37.66 37.66 37.65 37.63 37.61 37.62 37.6 37.59 37.59 37.57 37.54 37.48 37.43 37.4 37.45 37.46 37.46 37.49 37.5 37.58 37.61 37.63 37.68 37.71 37.71 37.72 37.72 37.69 37.71 37.72 37.73 37.72 37.82 37.84 37.87 37.86 37.86 37.87 37.84 37.83 37.84 37.84 37.82 37.81 37.81 37.78 37.77 37.8 37.81 37.82 37.83 37.8 37.8 37.8 37.76 37.77 37.76 37.79 37.76 37.73 37.76 37.76 37.71 37.71 37.72 37.71
37.56 37.56 37.58 37.61 37.63 37.62 37.63 37.64 37.64 37.64 37.64 37.64 37.65 37.66 37.65 37.62 37.61 37.61 37.61 37.61 37.61 37.6 37.56 37.51 37.46 37.41 37.43 37.46 37.47 37.47 37.48 37.54 37.59 37.6 37.66 37.72 37.68 37.69 37.71 37.69 37.73 37.73 37.72 37.71 37.83 37.83 37.85 37.85 37.87 37.87 37.85 37.83 37.83 37.85 37.84 37.82 37.82 37.8 37.75 37.75 37.76 37.79 37.82 37.8 37.8 37.8 37.77 37.78 37.77 37.78 37.8 37.75 37.75 37.77 37.73 37.73 37.7 37.71
37.54 37.57 37.58 37.59 37.61 37.62 37.63 37.64 37.63 37.63 37.63 37.64 37.66 37.67 37.66 37.63 37.63 37.6 37.6 37.6 37.6 37.6 37.58 37.52 37.46 37.42 37.35 37.37 37.49 37.48 37.48 37.51 37.57 37.6 37.65 37.7 37.68 37.69 37.7 37.71 37.74 37.75 37.75 37.71 37.8 37.8 37.83 37.83 37.86 37.87 37.88 37.84 37.83 37.86 37.84 37.8 37.81 37.83 37.79 37.72 37.72 37.75 37.81 37.79 37.78 37.79 37.8 37.77 37.77 37.77 37.78 37.77 37.76 37.79 37.76 37.75 37.72 37.72
37.53 37.57 37.58 37.58 37.56 37.59 37.6 37.63 37.64 37.62 37.62 37.65 37.67 37.66 37.66 37.63 37.63 37.59 37.6 37.59 37.57 37.6 37.58 37.53 37.49 37.47 37.41 37.35 37.5 37.5 37.5 37.48 37.52 37.57 37.63 37.68 37.68 37.7 37.7 37.72 37.75 37.76 37.78 37.73 37.76 37.76 37.78 37.8 37.81 37.86 37.88 37.84 37.82 37.84 37.86 37.83 37.83 37.86 37.84 37.77 37.76 37.79 37.81 37.79 37.79 37.79 37.81 37.79 37.79 37.77 37.74 37.75 37.77 37.77 37.78 37.77 37.74 37.74
37.53 37.55 37.56 37.58 37.55 37.59 37.6 37.61 37.65 37.66 37.63 37.62 37.65 37.64 37.63 37.61 37.61 37.59 37.58 37.6 37.59 37.6 37.57 37.56 37.52 37.5 37.44 37.33 37.46 37.49 37.52 37.49 37.5 37.52 37.58 37.65 37.65 37.69 37.7 37.72 37.74 37.76 37.8 37.76 37.74 37.71 37.71 37.76 37.78 37.83 37.85 37.85 37.85 37.83 37.87 37.87 37.86 37.85 37.78 37.69 37.75 37.82 37.82 37.83 37.84 37.83 37.81 37.8 37.81 37.8 37.77 37.78 37.79 37.77 37.79 37.79 37.78 37.75
37.53 37.52 37.54 37.58 37.59 37.6 37.61 37.62 37.63 37.64 37.63 37.62 37.64 37.64 37.64 37.62 37.59 37.6 37.58 37.59 37.63 37.62 37.59 37.59 37.56 37.53 37.47 37.37 37.39 37.44 37.5 37.49 37.47 37.48 37.52 37.6 37.61 37.66 37.69 37.73 37.74 37.76 37.79 37.74 37.73 37.71 37.69 37.75 37.76 37.82 37.83 37.85 37.85 37.83 37.83 37.86 37.85 37.86 37.84 37.77 37.77 37.81 37.82 37.83 37.84 37.8 37.8 37.8 37.79 37.79 37.78 37.79 37.81 37.78 37.79 37.81 37.8 37.74
37.53 37.51 37.53 37.59 37.59 37.58 37.59 37.61 37.62 37.61 37.61 37.6 37.63 37.62 37.64 37.64 37.61 37.62 37.58 37.59 37.62 37.62 37.61 37.59 37.58 37.56 37.51 37.44 37.39 37.41 37.47 37.47 37.44 37.46 37.48 37.54 37.57 37.62 37.66 37.7 37.72 37.75 37.75 37.71 37.72 37.73 37.71 37.76 37.77 37.84 37.81 37.79 37.81 37.85 37.79 37.87 37.85 37.83 37.84 37.85 37.84 37.8 37.8 37.81 37.8 37.78 37.75 37.75 37.75 37.77 37.79 37.8 37.8 37.79 37.8 37.81 37.81 37.77
37.52 37.54 37.53 37.57 37.58 37.58 37.59 37.59 37.62 37.6 37.6 37.6 37.62 37.62 37.62 37.64 37.62 37.62 37.58 37.59 37.58 37.59 37.6 37.59 37.58 37.58 37.55 37.49 37.46 37.44 37.46 37.45 37.42 37.44 37.45 37.51 37.53 37.58 37.65 37.68 37.69 37.73 37.72 37.73 37.73 37.74 37.71 37.8 37.82 37.83 37.8 37.78 37.81 37.84 37.84 37.84 37.84 37.82 37.83 37.85 37.85 37.78 37.79 37.8 37.8 37.78 37.73 37.73 37.74 37.76 37.79 37.81 37.82 37.79 37.82 37.83 37.82 37.79
37.53 37.56 37.54 37.54 37.56 37.57 37.57 37.6 37.61 37.6 37.6 37.61 37.62 37.62 37.62 37.63 37.62 37.62 37.59 37.59 37.56 37.57 37.6 37.61 37.59 37.58 37.56 37.51 37.48 37.46 37.47 37.47 37.44 37.45 37.45 37.47 37.51 37.56 37.63 37.66 37.68 37.76 37.77 37.7 37.7 37.74 37.72 37.79 37.83 37.83 37.76 37.76 37.78 37.83 37.87 37.86 37.85 37.85 37.84 37.83 37.82 37.81 37.81 37.84 37.83 37.8 37.77 37.78 37.77 37.76 37.79 37.82 37.83 37.79 37.83 37.84 37.82 37.78
37.53 37.54 37.53 37.52 37.55 37.56 37.57 37.59 37.59 37.59 37.59 37.61 37.63 37.63 37.62 37.62 37.63 37.62 37.6 37.6 37.57 37.58 37.59 37.61 37.61 37.59 37.58 37.54 37.51 37.47 37.42 37.44 37.45 37.46 37.46 37.47 37.5 37.55 37.6 37.64 37.65 37.71 37.75 37.68 37.67 37.74 37.74 37.72 37.78 37.82 37.77 37.77 37.78 37.84 37.88 37.88 37.85 37.86 37.85 37.83 37.8 37.84 37.85 37.86 37.87 37.83 37.81 37.83 37.81 37.77 37.8 37.83 37.82 37.8 37.81 37.83 37.82 37.79
37.5 37.52 37.53 37.51 37.55 37.55 37.57 37.58 37.57 37.57 37.58 37.6 37.61 37.62 37.61 37.61 37.61 37.61 37.63 37.6 37.57 37.58 37.58 37.61 37.6 37.58 37.58 37.56 37.54 37.48 37.43 37.4 37.41 37.4 37.44 37.47 37.47 37.52 37.57 37.63 37.63 37.67 37.72 37.7 37.69 37.72 37.76 37.71 37.73 37.8 37.78 37.78 37.79 37.82 37.88 37.87 37.82 37.83 37.86 37.83 37.8 37.84 37.86 37.87 37.87 37.84 37.81 37.82 37.8 37.77 37.8 37.82 37.81 37.81 37.8 37.82 37.85 37.82
37.43 37.47 37.53 37.52 37.53 37.54 37.56 37.57 37.56 37.56 37.56 37.59 37.59 37.61 37.6 37.6 37.61 37.62 37.63 37.6 37.59 37.59 37.6 37.62 37.61 37.6 37.59 37.55 37.54 37.49 37.46 37.42 37.4 37.37 37.42 37.45 37.45 37.49 37.55 37.61 37.62 37.66 37.71 37.71 37.7 37.69 37.76 37.74 37.73 37.74 37.72 37.74 37.76 37.8 37.86 37.85 37.79 37.78 37.8 37.79 37.77 37.84 37.88 37.88 37.86 37.83 37.82 37.82 37.82 37.77 37.81 37.82 37.83 37.8 37.81 37.83 37.86 37.86
37.36 37.39 37.5 37.53 37.51 37.52 37.55 37.55 37.55 37.55 37.56 37.58 37.59 37.61 37.6 37.6 37.61 37.6 37.6 37.6 37.6 37.61 37.59 37.58 37.59 37.6 37.59 37.57 37.56 37.52 37.5 37.43 37.4 37.37 37.44 37.43 37.44 37.46 37.52 37.59 37.61 37.63 37.68 37.69 37.69 37.68 37.73 37.74 37.76 37.68 37.67 37.71 37.74 37.78 37.81 37.81 37.78 37.8 37.77 37.77 37.81 37.86 37.88 37.88 37.85 37.84 37.84 37.84 37.84 37.79 37.76 37.77 37.83 37.82 37.84 37.81 37.8 37.81
37.36 37.36 37.47 37.53 37.51 37.51 37.52 37.53 37.53 37.53 37.56 37.56 37.57 37.56 37.58 37.61 37.6 37.59 37.61 37.62 37.61 37.6 37.59 37.59 37.59 37.6 37.6 37.58 37.58 37.54 37.5 37.46 37.44 37.45 37.5 37.44 37.44 37.45 37.48 37.53 37.57 37.6 37.63 37.65 37.68 37.7 37.71 37.72 37.77 37.71 37.69 37.73 37.75 37.75 37.73 37.77 37.81 37.84 37.87 37.88 37.92 37.92 37.89 37.85 37.86 37.85 37.85 37.83 37.82 37.81 37.78 37.75 37.82 37.82 37.83 37.82 37.8 37.82
37.44 37.41 37.43 37.52 37.52 37.51 37.52 37.53 37.53 37.53 37.54 37.55 37.57 37.57 37.58 37.59 37.59 37.6 37.59 37.6 37.61 37.6 37.58 37.57 37.57 37.61 37.6 37.59 37.58 37.55 37.51 37.48 37.47 37.49 37.49 37.44 37.43 37.42 37.44 37.47 37.52 37.59 37.62 37.63 37.67 37.72 37.72 37.72 37.76 37.77 37.72 37.73 37.73 37.76 37.7 37.74 37.75 37.76 37.88 37.89 37.93 37.95 37.93 37.86 37.83 37.84 37.83 37.81 37.78 37.82 37.81 37.79 37.8 37.84 37.83 37.83 37.81 37.81
37.47 37.4 37.28 37.49 37.55 37.53 37.51 37.5 37.54 37.55 37.56 37.56 37.56 37.57 37.57 37.55 37.56 37.6 37.59 37.61 37.61 37.61 37.6 37.55 37.57 37.59 37.59 37.6 37.58 37.56 37.53 37.52 37.49 37.49 37.45 37.44 37.44 37.4 37.42 37.44 37.51 37.58 37.62 37.64 37.67 37.74 37.74 37.72 37.73 37.78 37.76 37.76 37.75 37.76 37.72 37.74 37.77 37.8 37.86 37.87 37.9 37.93 37.92 37.87 37.81 37.81 37.82 37.83 37.81 37.84 37.83 37.83 37.8 37.82 37.82 37.81 37.82 37.8
37.51 37.45 37.33 37.43 37.54 37.53 37.52 37.52 37.55 37.56 37.54 37.55 37.55 37.57 37.56 37.57 37.57 37.59 37.6 37.6 37.59 37.61 37.6 37.57 37.58 37.58 37.57 37.58 37.57 37.56 37.54 37.54 37.52 37.49 37.45 37.46 37.46 37.41 37.42 37.43 37.48 37.54 37.58 37.61 37.66 37.72 37.74 37.74 37.73 37.79 37.76 37.75 37.75 37.8 37.78 37.79 37.83 37.84 37.84 37.85 37.88 37.89 37.89 37.86 37.84 37.81 37.81 37.82 37.81 37.82 37.83 37.84 37.81 37.81 37.8 37.78 37.8 37.81
37.5 37.47 37.42 37.41 37.47 37.5 37.51 37.5 37.52 37.54 37.55 37.56 37.55 37.56 37.58 37.59 37.58 37.58 37.59 37.6 37.59 37.59 37.59 37.58 37.59 37.57 37.56 37.57 37.55 37.54 37.53 37.54 37.51 37.51 37.46 37.45 37.42 37.42 37.39 37.4 37.44 37.54 37.57 37.59 37.66 37.7 37.73 37.73 37.7 37.74 37.72 37.73 37.77 37.85 37.84 37.81 37.84 37.84 37.84 37.87 37.9 37.87 37.88 37.87 37.88 37.83 37.82 37.82 37.83 37.81 37.81 37.82 37.82 37.81 37.8 37.76 37.76 37.79
37.48 37.46 37.41 37.29 37.38 37.46 37.52 37.51 37.51 37.52 37.56 37.59 37.57 37.55 37.58 37.59 37.58 37.58 37.59 37.59 37.58 37.57 37.57 37.59 37.59 37.58 37.57 37.57 37.55 37.54 37.58 37.57 37.53 37.5 37.45 37.44 37.39 37.42 37.38 37.39 37.43 37.5 37.58 37.61 37.63 37.65 37.69 37.69 37.7 37.69 37.68 37.7 37.74 37.81 37.82 37.82 37.82 37.84 37.84 37.85 37.9 37.89 37.87 37.88 37.91 37.86 37.85 37.85 37.86 37.83 37.82 37.82 37.84 37.84 37.82 37.76 37.73 37.74
