slabs/96.grd
DSAA
631 301
647670 648300
4947500 4947800
34.35 40.14
[rows 34 to 67 of 301, columns 156 to 233 of 631]
37.96 37.94 37.95 37.95 37.99 38.01 38.03 38.06 38.16 38.33 38.55 38.65 38.79 38.99 39.03 38.94 38.65 38.44 38.4 38.33 38.31 38.32 38.31 38.3 38.2 38.1 38.05 37.92 37.71 37.66 37.67 37.7 37.72 37.77 37.79 37.85 37.85 37.87 37.88 37.9 37.87 37.88 37.87 37.88 37.84 37.84 37.85 37.83 37.85 37.88 37.9 37.89 37.88 37.9 37.92 37.92 37.92 37.93 37.98 37.97 37.95 37.94 37.93 37.97 37.98 37.98 37.96 37.95 37.97 38.03 38 37.95 37.96 37.95 37.97 37.95 37.95 37.96
38.01 37.99 37.97 37.98 37.98 38.02 38.01 38.02 38.1 38.21 38.3 38.4 38.56 38.83 38.93 39.01 38.88 38.79 38.74 38.6 38.35 38.32 38.31 38.29 38.27 38.26 38.25 38.19 37.93 37.77 37.72 37.68 37.7 37.74 37.77 37.83 37.84 37.86 37.87 37.87 37.85 37.86 37.89 37.88 37.86 37.85 37.85 37.84 37.9 37.89 37.89 37.88 37.89 37.89 37.93 37.91 37.9 37.93 37.97 37.95 37.94 37.93 37.93 37.99 38.01 38.02 37.97 37.94 37.95 38 38 37.94 37.94 37.93 37.97 37.93 37.94 37.96
38.03 38.02 38 38 37.99 38 38 38.01 38.06 38.12 38.16 38.25 38.31 38.53 38.64 38.81 38.89 39 39.02 38.94 38.54 38.38 38.35 38.29 38.27 38.25 38.26 38.25 38.18 38 37.89 37.69 37.67 37.71 37.76 37.81 37.82 37.83 37.85 37.88 37.87 37.89 37.88 37.87 37.88 37.88 37.87 37.83 37.85 37.87 37.91 37.88 37.87 37.9 37.95 37.89 37.88 37.9 37.93 37.93 37.92 37.93 37.95 37.97 37.97 37.98 37.96 37.92 37.93 37.94 37.98 37.96 37.95 37.95 37.96 37.95 37.96 37.98
38.05 38.05 38.03 38.03 38.02 38 37.99 38.01 38.03 38.05 38.08 38.14 38.16 38.29 38.38 38.55 38.71 38.88 38.96 39.04 38.83 38.59 38.48 38.31 38.3 38.3 38.3 38.28 38.26 38.19 38.12 37.83 37.65 37.67 37.74 37.8 37.82 37.81 37.82 37.86 37.92 37.94 37.9 37.86 37.89 37.9 37.86 37.86 37.83 37.84 37.9 37.89 37.89 37.9 37.91 37.9 37.87 37.9 37.91 37.91 37.9 37.92 37.94 37.93 37.92 37.93 37.97 37.92 37.93 37.91 37.96 37.97 37.97 37.97 37.95 37.94 37.96 37.98
38.05 38.08 38.06 38.07 38.08 38.05 38.03 38.03 38.01 38.03 38.05 38.08 38.14 38.19 38.26 38.41 38.52 38.66 38.75 38.93 39 38.87 38.66 38.38 38.31 38.32 38.31 38.3 38.27 38.27 38.24 38.08 37.77 37.73 37.71 37.74 37.77 37.78 37.82 37.84 37.9 37.94 37.92 37.86 37.89 37.88 37.87 37.88 37.85 37.84 37.86 37.87 37.9 37.92 37.88 37.89 37.88 37.91 37.9 37.89 37.89 37.92 37.93 37.91 37.91 37.92 37.97 37.96 37.95 37.91 37.91 37.94 37.97 38.01 37.98 37.93 37.94 37.97
38.07 38.08 38.08 38.08 38.1 38.1 38.09 38.06 38.03 38.03 38.04 38.07 38.14 38.16 38.18 38.24 38.33 38.41 38.49 38.71 38.92 38.85 38.69 38.6 38.44 38.33 38.28 38.28 38.28 38.27 38.27 38.2 38.1 37.98 37.77 37.66 37.72 37.75 37.8 37.81 37.84 37.88 37.89 37.84 37.88 37.87 37.87 37.87 37.86 37.84 37.84 37.85 37.87 37.93 37.88 37.88 37.87 37.87 37.88 37.9 37.9 37.91 37.93 37.93 37.92 37.89 37.94 37.96 37.96 37.92 37.89 37.9 37.93 37.97 38 37.98 37.95 37.95
38.09 38.06 38.07 38.08 38.11 38.12 38.12 38.1 38.07 38.06 38.04 38.05 38.09 38.11 38.14 38.19 38.22 38.3 38.39 38.53 38.75 38.76 38.69 38.76 38.75 38.61 38.35 38.27 38.3 38.29 38.25 38.25 38.22 38.17 37.99 37.69 37.72 37.76 37.78 37.78 37.81 37.82 37.84 37.84 37.87 37.86 37.85 37.87 37.87 37.85 37.83 37.84 37.85 37.9 37.9 37.89 37.89 37.88 37.88 37.9 37.91 37.91 37.93 37.99 37.94 37.89 37.9 37.89 37.94 37.94 37.92 37.92 37.92 37.93 37.95 37.95 37.95 37.94
38.09 38.07 38.08 38.09 38.12 38.12 38.12 38.14 38.1 38.1 38.09 38.08 38.05 38.06 38.08 38.13 38.2 38.22 38.28 38.43 38.61 38.62 38.65 38.83 38.97 38.89 38.64 38.35 38.29 38.28 38.26 38.27 38.24 38.23 38.16 37.91 37.85 37.9 37.77 37.76 37.79 37.8 37.81 37.84 37.86 37.86 37.86 37.88 37.88 37.85 37.84 37.84 37.84 37.88 37.92 37.9 37.89 37.89 37.87 37.88 37.9 37.9 37.89 37.94 37.93 37.93 37.88 37.88 37.91 37.96 37.96 37.94 37.9 37.91 37.93 37.93 37.92 37.92
38.08 38.06 38.07 38.08 38.08 38.06 38.07 38.11 38.13 38.13 38.13 38.08 38.08 38.08 38.09 38.12 38.13 38.15 38.18 38.28 38.43 38.46 38.59 38.8 39.02 39.03 38.91 38.57 38.32 38.32 38.29 38.25 38.24 38.25 38.24 38.14 38.07 38.08 37.87 37.76 37.78 37.78 37.79 37.82 37.82 37.84 37.85 37.86 37.86 37.85 37.84 37.8 37.8 37.84 37.9 37.91 37.91 37.91 37.89 37.9 37.91 37.91 37.86 37.89 37.9 37.93 37.9 37.89 37.89 37.93 37.94 37.92 37.89 37.9 37.9 37.89 37.89 37.9
38.06 38.07 38.08 38.1 38.07 38.08 38.09 38.12 38.16 38.15 38.16 38.11 38.11 38.09 38.08 38.1 38.08 38.09 38.12 38.19 38.28 38.32 38.48 38.67 38.89 38.95 38.98 38.85 38.61 38.58 38.41 38.26 38.25 38.26 38.26 38.24 38.22 38.19 38.05 37.84 37.81 37.76 37.79 37.81 37.8 37.81 37.83 37.84 37.84 37.87 37.87 37.81 37.82 37.85 37.86 37.9 37.89 37.91 37.88 37.92 37.92 37.91 37.9 37.9 37.9 37.92 37.88 37.88 37.9 37.91 37.91 37.91 37.9 37.89 37.89 37.87 37.89 37.9
38.06 38.07 38.08 38.11 38.09 38.1 38.1 38.13 38.15 38.17 38.16 38.13 38.13 38.11 38.09 38.09 38.09 38.08 38.09 38.13 38.19 38.22 38.3 38.41 38.59 38.68 38.85 39 38.92 38.87 38.64 38.39 38.29 38.27 38.25 38.24 38.24 38.24 38.17 37.96 37.9 37.79 37.75 37.81 37.79 37.79 37.84 37.82 37.84 37.88 37.9 37.86 37.86 37.86 37.85 37.88 37.88 37.89 37.87 37.87 37.87 37.9 37.9 37.89 37.88 37.89 37.9 37.89 37.88 37.87 37.89 37.89 37.9 37.89 37.88 37.87 37.91 37.9
38.07 38.08 38.07 38.07 38.08 38.1 38.11 38.15 38.16 38.18 38.16 38.14 38.15 38.15 38.12 38.11 38.11 38.08 38.06 38.09 38.13 38.14 38.17 38.22 38.32 38.39 38.66 38.94 38.92 38.91 38.85 38.66 38.5 38.33 38.22 38.25 38.25 38.26 38.23 38.09 38.06 37.96 37.76 37.77 37.77 37.79 37.83 37.82 37.85 37.86 37.89 37.88 37.87 37.85 37.84 37.89 37.88 37.88 37.87 37.85 37.84 37.87 37.87 37.87 37.86 37.87 37.87 37.87 37.87 37.86 37.87 37.87 37.88 37.87 37.86 37.86 37.88 37.88
38.08 38.08 38.09 38.08 38.08 38.11 38.11 38.15 38.17 38.17 38.16 38.16 38.16 38.17 38.16 38.13 38.12 38.1 38.07 38.06 38.08 38.09 38.13 38.18 38.22 38.27 38.5 38.79 38.78 38.86 38.96 38.92 38.82 38.48 38.19 38.22 38.23 38.25 38.25 38.23 38.2 38.12 37.95 37.81 37.78 37.78 37.82 37.81 37.82 37.85 37.87 37.87 37.87 37.86 37.86 37.87 37.86 37.87 37.89 37.87 37.84 37.85 37.85 37.86 37.88 37.89 37.84 37.84 37.88 37.88 37.89 37.87 37.86 37.85 37.85 37.86 37.85 37.86
38.09 38.08 38.1 38.1 38.09 38.1 38.1 38.14 38.15 38.14 38.15 38.17 38.16 38.17 38.18 38.15 38.14 38.13 38.09 38.07 38.07 38.07 38.09 38.12 38.18 38.22 38.34 38.57 38.63 38.81 38.9 38.9 38.9 38.71 38.38 38.23 38.24 38.24 38.25 38.24 38.23 38.22 38.13 37.97 37.9 37.81 37.8 37.8 37.79 37.83 37.84 37.84 37.85 37.87 37.87 37.86 37.86 37.89 37.9 37.89 37.84 37.84 37.83 37.85 37.88 37.88 37.84 37.85 37.86 37.9 37.91 37.89 37.85 37.84 37.85 37.86 37.86 37.86
38.11 38.09 38.09 38.08 38.08 38.07 38.1 38.13 38.13 38.12 38.15 38.18 38.15 38.16 38.2 38.17 38.16 38.15 38.12 38.11 38.09 38.09 38.07 38.1 38.12 38.14 38.22 38.32 38.39 38.59 38.65 38.78 38.85 38.9 38.64 38.39 38.32 38.24 38.25 38.23 38.22 38.23 38.2 38.13 38.06 37.91 37.81 37.78 37.77 37.82 37.81 37.8 37.83 37.85 37.86 37.86 37.89 37.9 37.87 37.88 37.85 37.83 37.83 37.83 37.85 37.84 37.85 37.87 37.85 37.89 37.89 37.88 37.86 37.85 37.86 37.88 37.85 37.86
38.13 38.11 38.08 38.08 38.07 38.08 38.11 38.12 38.11 38.12 38.15 38.19 38.18 38.18 38.21 38.19 38.17 38.17 38.15 38.16 38.12 38.1 38.08 38.08 38.09 38.12 38.15 38.21 38.23 38.32 38.39 38.68 38.77 38.92 38.81 38.65 38.57 38.32 38.23 38.21 38.21 38.24 38.23 38.21 38.19 38.07 38.01 37.93 37.82 37.77 37.76 37.76 37.81 37.83 37.85 37.86 37.9 37.9 37.83 37.85 37.88 37.87 37.87 37.84 37.83 37.82 37.83 37.85 37.84 37.84 37.85 37.88 37.85 37.84 37.84 37.85 37.87 37.87
38.12 38.11 38.1 38.1 38.09 38.1 38.1 38.12 38.1 38.13 38.14 38.14 38.16 38.16 38.18 38.19 38.16 38.14 38.18 38.17 38.15 38.11 38.07 38.07 38.08 38.1 38.1 38.15 38.16 38.21 38.32 38.54 38.56 38.67 38.77 38.86 38.79 38.52 38.29 38.27 38.25 38.24 38.25 38.25 38.24 38.19 38.2 38.13 37.96 37.78 37.71 37.73 37.79 37.82 37.84 37.85 37.87 37.89 37.83 37.83 37.86 37.91 37.89 37.86 37.81 37.8 37.83 37.83 37.86 37.82 37.83 37.88 37.85 37.85 37.84 37.81 37.82 37.84
38.09 38.1 38.1 38.09 38.11 38.12 38.1 38.11 38.14 38.15 38.1 38.12 38.15 38.17 38.18 38.18 38.18 38.16 38.17 38.19 38.17 38.15 38.11 38.1 38.09 38.08 38.09 38.11 38.12 38.16 38.23 38.37 38.38 38.46 38.61 38.85 38.78 38.75 38.66 38.62 38.43 38.23 38.24 38.24 38.23 38.22 38.21 38.19 38.1 37.92 37.74 37.72 37.75 37.81 37.82 37.83 37.84 37.84 37.85 37.85 37.86 37.88 37.85 37.86 37.83 37.82 37.81 37.8 37.84 37.83 37.82 37.84 37.87 37.87 37.85 37.8 37.78 37.82
38.12 38.11 38.11 38.1 38.11 38.12 38.1 38.11 38.14 38.14 38.15 38.15 38.16 38.18 38.2 38.19 38.18 38.18 38.2 38.2 38.18 38.15 38.14 38.12 38.1 38.08 38.09 38.07 38.08 38.11 38.14 38.22 38.23 38.3 38.37 38.54 38.57 38.82 38.99 38.95 38.69 38.32 38.22 38.22 38.22 38.24 38.21 38.2 38.17 38.09 37.95 37.83 37.73 37.79 37.82 37.81 37.81 37.81 37.84 37.84 37.84 37.84 37.84 37.85 37.86 37.81 37.8 37.78 37.8 37.82 37.8 37.81 37.87 37.89 37.88 37.82 37.76 37.8
38.16 38.14 38.13 38.12 38.11 38.12 38.12 38.1 38.09 38.11 38.14 38.15 38.16 38.18 38.18 38.16 38.16 38.19 38.18 38.19 38.18 38.16 38.17 38.11 38.12 38.1 38.08 38.06 38.06 38.06 38.08 38.1 38.11 38.18 38.19 38.23 38.4 38.7 38.87 38.89 38.82 38.53 38.31 38.26 38.22 38.23 38.22 38.22 38.18 38.15 38.12 38.06 37.84 37.74 37.76 37.76 37.78 37.79 37.81 37.8 37.82 37.83 37.84 37.86 37.91 37.84 37.82 37.77 37.81 37.81 37.8 37.8 37.83 37.89 37.89 37.84 37.76 37.77
38.16 38.14 38.11 38.1 38.11 38.1 38.12 38.13 38.11 38.13 38.14 38.17 38.17 38.17 38.16 38.14 38.14 38.17 38.18 38.17 38.17 38.18 38.17 38.14 38.15 38.12 38.09 38.09 38.07 38.05 38.06 38.05 38.06 38.13 38.15 38.18 38.31 38.53 38.68 38.75 38.84 38.67 38.51 38.4 38.24 38.22 38.22 38.21 38.18 38.22 38.19 38.15 38.03 37.84 37.78 37.74 37.77 37.76 37.77 37.77 37.79 37.81 37.83 37.87 37.88 37.87 37.85 37.78 37.79 37.8 37.81 37.78 37.79 37.84 37.84 37.8 37.75 37.74
38.14 38.13 38.1 38.06 38.08 38.1 38.13 38.14 38.14 38.16 38.16 38.17 38.17 38.15 38.15 38.13 38.13 38.15 38.17 38.16 38.17 38.2 38.17 38.16 38.17 38.15 38.11 38.13 38.1 38.1 38.08 38.06 38.05 38.1 38.11 38.13 38.2 38.38 38.57 38.67 38.75 38.69 38.67 38.59 38.43 38.27 38.19 38.19 38.2 38.21 38.22 38.18 38.14 38.04 37.97 37.83 37.75 37.77 37.76 37.74 37.76 37.79 37.81 37.85 37.84 37.87 37.84 37.79 37.76 37.78 37.79 37.79 37.79 37.78 37.77 37.76 37.75 37.75
38.11 38.12 38.1 38.07 38.08 38.09 38.14 38.13 38.15 38.18 38.18 38.16 38.18 38.15 38.15 38.15 38.15 38.14 38.15 38.15 38.16 38.2 38.19 38.16 38.16 38.15 38.12 38.12 38.11 38.13 38.1 38.09 38.06 38.05 38.09 38.1 38.14 38.22 38.37 38.48 38.54 38.54 38.7 38.71 38.72 38.45 38.25 38.21 38.18 38.21 38.22 38.22 38.19 38.14 38.1 37.96 37.79 37.77 37.75 37.73 37.74 37.77 37.77 37.81 37.83 37.85 37.82 37.79 37.77 37.77 37.78 37.8 37.81 37.78 37.76 37.79 37.79 37.79
38.12 38.12 38.12 38.12 38.11 38.09 38.12 38.14 38.15 38.17 38.18 38.17 38.18 38.17 38.17 38.17 38.17 38.17 38.16 38.14 38.15 38.18 38.19 38.16 38.16 38.16 38.13 38.14 38.16 38.17 38.15 38.13 38.08 38.05 38.05 38.06 38.07 38.12 38.21 38.28 38.34 38.39 38.55 38.67 38.86 38.65 38.44 38.33 38.21 38.21 38.22 38.23 38.19 38.19 38.17 38.11 38 37.94 37.88 37.78 37.71 37.73 37.72 37.75 37.79 37.82 37.8 37.78 37.81 37.8 37.79 37.82 37.84 37.82 37.78 37.81 37.81 37.8
38.14 38.15 38.15 38.16 38.14 38.1 38.14 38.15 38.15 38.15 38.17 38.19 38.18 38.19 38.19 38.16 38.18 38.19 38.19 38.16 38.15 38.16 38.19 38.18 38.18 38.21 38.19 38.19 38.17 38.16 38.14 38.12 38.1 38.09 38.06 38.07 38.07 38.09 38.14 38.18 38.23 38.29 38.39 38.51 38.74 38.77 38.66 38.51 38.33 38.24 38.24 38.23 38.2 38.21 38.2 38.2 38.2 38.12 38.06 37.89 37.72 37.7 37.7 37.72 37.76 37.78 37.77 37.77 37.84 37.83 37.8 37.82 37.83 37.83 37.78 37.76 37.77 37.78
38.16 38.16 38.17 38.17 38.16 38.11 38.16 38.16 38.15 38.15 38.18 38.2 38.19 38.18 38.18 38.17 38.19 38.2 38.2 38.17 38.16 38.16 38.17 38.17 38.19 38.17 38.18 38.18 38.16 38.17 38.15 38.13 38.12 38.12 38.09 38.07 38.04 38.07 38.12 38.12 38.18 38.2 38.25 38.37 38.53 38.68 38.62 38.67 38.56 38.48 38.43 38.3 38.21 38.21 38.22 38.22 38.23 38.16 38.16 38.03 37.85 37.75 37.71 37.72 37.74 37.77 37.77 37.77 37.81 37.81 37.81 37.79 37.81 37.8 37.77 37.79 37.78 37.79
38.18 38.17 38.16 38.16 38.16 38.13 38.15 38.17 38.15 38.15 38.16 38.19 38.18 38.17 38.16 38.18 38.17 38.19 38.19 38.17 38.17 38.17 38.15 38.16 38.18 38.19 38.18 38.17 38.17 38.17 38.15 38.15 38.15 38.16 38.12 38.09 38.05 38.06 38.1 38.08 38.13 38.11 38.14 38.22 38.31 38.42 38.41 38.62 38.72 38.78 38.71 38.48 38.29 38.24 38.22 38.24 38.23 38.2 38.2 38.13 38.05 37.91 37.79 37.72 37.72 37.72 37.75 37.77 37.78 37.79 37.82 37.79 37.82 37.81 37.8 37.8 37.79 37.77
38.19 38.17 38.15 38.17 38.16 38.15 38.16 38.18 38.17 38.15 38.16 38.18 38.2 38.19 38.17 38.16 38.14 38.18 38.17 38.18 38.17 38.16 38.17 38.16 38.17 38.18 38.17 38.17 38.19 38.17 38.17 38.17 38.16 38.17 38.14 38.12 38.11 38.1 38.1 38.07 38.08 38.07 38.08 38.12 38.14 38.19 38.25 38.42 38.64 38.83 38.83 38.73 38.56 38.36 38.26 38.22 38.2 38.18 38.17 38.15 38.13 38.1 38 37.84 37.71 37.71 37.74 37.74 37.78 37.78 37.8 37.8 37.81 37.81 37.79 37.78 37.78 37.76
38.2 38.18 38.14 38.15 38.15 38.14 38.17 38.15 38.16 38.16 38.14 38.16 38.18 38.18 38.18 38.16 38.13 38.16 38.15 38.16 38.17 38.18 38.16 38.17 38.17 38.17 38.16 38.16 38.19 38.19 38.19 38.18 38.17 38.16 38.15 38.14 38.16 38.15 38.12 38.09 38.07 38.06 38.06 38.09 38.1 38.11 38.14 38.26 38.47 38.65 38.77 38.9 38.86 38.58 38.44 38.26 38.16 38.17 38.16 38.17 38.15 38.15 38.11 37.97 37.79 37.76 37.73 37.74 37.74 37.76 37.79 37.78 37.77 37.78 37.77 37.75 37.75 37.73
38.21 38.21 38.17 38.17 38.15 38.13 38.16 38.13 38.15 38.2 38.19 38.18 38.15 38.18 38.19 38.18 38.15 38.15 38.16 38.17 38.18 38.18 38.17 38.18 38.17 38.17 38.15 38.14 38.19 38.19 38.18 38.17 38.17 38.15 38.14 38.15 38.17 38.17 38.15 38.12 38.09 38.04 38.04 38.05 38.07 38.08 38.1 38.13 38.25 38.39 38.51 38.76 38.94 38.78 38.71 38.52 38.31 38.25 38.17 38.19 38.2 38.2 38.16 38.07 38 37.91 37.76 37.7 37.71 37.74 37.76 37.75 37.75 37.75 37.75 37.73 37.72 37.7
38.18 38.19 38.19 38.19 38.19 38.17 38.17 38.16 38.17 38.21 38.19 38.17 38.16 38.17 38.16 38.16 38.15 38.14 38.16 38.17 38.17 38.17 38.18 38.18 38.17 38.17 38.17 38.15 38.17 38.18 38.18 38.16 38.16 38.17 38.15 38.14 38.19 38.19 38.18 38.17 38.13 38.07 38.06 38.03 38.03 38.04 38.05 38.1 38.15 38.25 38.34 38.57 38.8 38.83 38.87 38.82 38.61 38.45 38.21 38.18 38.2 38.2 38.16 38.14 38.12 38.05 37.88 37.72 37.72 37.73 37.73 37.72 37.72 37.72 37.72 37.7 37.7 37.68
38.16 38.19 38.15 38.16 38.17 38.18 38.17 38.17 38.18 38.2 38.17 38.16 38.16 38.16 38.15 38.15 38.14 38.15 38.16 38.18 38.18 38.18 38.18 38.18 38.17 38.2 38.2 38.18 38.16 38.16 38.16 38.16 38.14 38.16 38.16 38.17 38.22 38.19 38.19 38.2 38.18 38.12 38.09 38.03 38 38 38.01 38.04 38.08 38.13 38.24 38.44 38.65 38.71 38.82 38.87 38.76 38.58 38.29 38.18 38.21 38.23 38.19 38.16 38.15 38.15 38.05 37.93 37.86 37.8 37.73 37.69 37.69 37.69 37.67 37.68 37.68 37.67
38.17 38.19 38.14 38.15 38.15 38.15 38.18 38.18 38.18 38.19 38.17 38.16 38.15 38.16 38.14 38.13 38.14 38.16 38.17 38.19 38.2 38.19 38.16 38.15 38.18 38.22 38.2 38.2 38.16 38.14 38.13 38.13 38.12 38.14 38.15 38.17 38.2 38.15 38.16 38.18 38.17 38.15 38.12 38.07 38.03 38 37.99 38.01 38.05 38.08 38.16 38.21 38.37 38.47 38.67 38.77 38.75 38.63 38.39 38.22 38.26 38.31 38.24 38.17 38.18 38.19 38.16 38.12 38.05 37.96 37.81 37.63 37.62 37.65 37.68 37.67 37.68 37.71
38.16 38.19 38.15 38.16 38.16 38.13 38.17 38.17 38.16 38.17 38.17 38.15 38.14 38.19 38.13 38.12 38.15 38.17 38.18 38.19 38.18 38.17 38.16 38.16 38.16 38.2 38.19 38.19 38.16 38.19 38.17 38.14 38.12 38.15 38.15 38.16 38.19 38.16 38.16 38.15 38.17 38.16 38.15 38.11 38.05 38.03 38 37.98 38.03 38.03 38.08 38.1 38.2 38.26 38.45 38.56 38.52 38.52 38.43 38.33 38.35 38.38 38.28 38.2 38.21 38.19 38.19 38.16 38.15 38.09 37.96 37.63 37.57 37.56 37.63 37.67 37.7 37.76
