slabs/96.grd
DSAA
631 301
647670 648300
4947500 4947800
34.35 40.14
[rows 238 to 271 of 301, columns 390 to 467 of 631]
38.15 38.16 38.16 38.16 38.17 38.18 38.19 38.18 38.19 38.2 38.2 38.21 38.21 38.22 38.22 38.23 38.23 38.25 38.24 38.25 38.26 38.27 38.29 38.29 38.29 38.3 38.3 38.29 38.25 38.18 38.18 38.18 38.09 38.03 38.03 38.01 38.02 37.98 38 38.01 38.02 38 38.01 38.01 38.01 38.03 38.02 38 38.02 38.05 38.06 38.09 38.1 38.1 38.12 38.07 37.88 37.83 37.64 37.43 37.29 37.27 37.23 37.26 37.4 37.5 37.58 37.67 37.88 38 38.12 38.11 38.11 38.07 38.06 38.07 38.07 38.08
38.16 38.17 38.17 38.17 38.18 38.19 38.2 38.2 38.2 38.21 38.22 38.22 38.23 38.23 38.23 38.24 38.24 38.25 38.25 38.26 38.27 38.28 38.29 38.28 38.28 38.27 38.29 38.27 38.21 38.19 38.18 38.19 38.14 38.06 38.05 38.03 38.03 38.02 38.01 38.01 38.04 38.03 38.04 38.03 38.04 38.04 38.05 38.04 38.03 38.05 38.05 38.07 38.1 38.1 38.13 38.14 38.08 38.04 37.78 37.46 37.28 37.25 37.34 37.56 37.76 37.88 37.99 38 38.16 38.15 38.12 38.09 38.09 38.08 38.07 38.05 38.05 38.04
38.17 38.17 38.18 38.18 38.19 38.2 38.21 38.21 38.22 38.22 38.23 38.23 38.24 38.24 38.25 38.25 38.25 38.26 38.27 38.27 38.28 38.28 38.28 38.26 38.23 38.24 38.23 38.21 38.18 38.19 38.19 38.17 38.11 38.06 38.05 38.02 38.02 38.02 38.03 38.03 38.06 38.07 38.07 38.06 38.07 38.06 38.05 38.06 38.04 38.05 38.05 38.04 38.1 38.11 38.15 38.16 38.2 38.11 37.67 37.4 37.42 37.46 37.68 38.06 38.18 38.14 38.15 38.14 38.14 38.14 38.11 38.08 38.07 38.05 38.07 38.03 38.05 38.05
38.17 38.18 38.19 38.19 38.2 38.2 38.2 38.2 38.21 38.21 38.21 38.22 38.22 38.23 38.23 38.23 38.24 38.25 38.25 38.25 38.25 38.24 38.23 38.21 38.2 38.2 38.19 38.17 38.16 38.17 38.16 38.13 38.1 38.07 38.06 38.04 38.03 38.03 38.05 38.07 38.05 38.07 38.08 38.08 38.09 38.08 38.06 38.06 38.05 38.04 38.05 38.02 38.1 38.12 38.16 38.17 38.22 38.1 37.49 37.33 37.67 37.84 38.02 38.17 38.16 38.12 38.13 38.12 38.12 38.15 38.09 38.05 38.05 38.05 38.03 38.02 38.02 38.02
38.18 38.19 38.19 38.19 38.19 38.19 38.18 38.18 38.19 38.18 38.18 38.18 38.18 38.18 38.18 38.18 38.18 38.18 38.18 38.18 38.19 38.22 38.22 38.17 38.16 38.17 38.17 38.16 38.15 38.15 38.14 38.11 38.09 38.09 38.07 38.06 38.04 38.04 38.04 38.05 38.06 38.06 38.07 38.1 38.1 38.09 38.07 38.07 38.06 38.05 38.04 38.01 38.09 38.12 38.16 38.17 38.18 38.15 37.75 37.67 37.93 38.07 38.17 38.15 38.13 38.12 38.14 38.12 38.11 38.09 38.05 38.04 38.05 38.05 38.01 38.01 38 37.96
38.16 38.17 38.17 38.16 38.17 38.16 38.16 38.16 38.16 38.16 38.15 38.16 38.16 38.17 38.17 38.18 38.19 38.19 38.19 38.15 38.17 38.2 38.2 38.15 38.12 38.13 38.14 38.15 38.13 38.14 38.13 38.1 38.11 38.11 38.09 38.06 38.01 38.01 38.02 38.03 38.06 38.06 38.08 38.1 38.12 38.1 38.07 38.08 38.08 38.07 38.05 38.01 38.05 38.11 38.16 38.16 38.16 38.15 38.11 38.02 38.06 38.13 38.16 38.11 38.11 38.08 38.09 38.07 38.05 38.03 38.05 38.01 38.03 38.02 38 37.99 37.97 37.94
38.15 38.15 38.15 38.14 38.15 38.15 38.16 38.16 38.17 38.18 38.17 38.18 38.19 38.19 38.19 38.2 38.2 38.21 38.21 38.16 38.15 38.15 38.15 38.11 38.09 38.13 38.14 38.14 38.14 38.15 38.14 38.1 38.13 38.12 38.11 38.04 37.99 37.99 38.01 38.04 38.08 38.12 38.19 38.15 38.15 38.15 38.12 38.1 38.09 38.07 38.06 38.03 38.06 38.09 38.14 38.13 38.13 38.11 38.12 38.15 38.16 38.14 38.11 38.12 38.1 38.06 38.06 38.03 38.03 38.01 38.02 37.97 37.99 37.96 37.96 37.95 37.93 37.91
38.16 38.15 38.16 38.16 38.16 38.17 38.17 38.18 38.18 38.19 38.19 38.19 38.2 38.21 38.21 38.21 38.21 38.21 38.2 38.17 38.13 38.11 38.11 38.1 38.11 38.14 38.15 38.15 38.16 38.17 38.15 38.11 38.12 38.13 38.1 38.03 38 38 38.03 38.09 38.22 38.32 38.45 38.32 38.24 38.22 38.18 38.09 38.06 38.06 38.08 38.07 38.07 38.07 38.09 38.09 38.08 38.05 38.1 38.16 38.15 38.11 38.06 38.07 38.06 38.04 38.03 38.01 38.01 38 37.98 37.95 37.94 37.91 37.9 37.89 37.87 37.89
38.17 38.17 38.17 38.17 38.17 38.16 38.17 38.18 38.19 38.2 38.2 38.2 38.2 38.21 38.21 38.2 38.2 38.19 38.18 38.16 38.14 38.1 38.09 38.1 38.12 38.14 38.14 38.17 38.17 38.17 38.15 38.12 38.13 38.11 38.06 38.01 37.99 38.02 38.09 38.27 38.49 38.59 38.64 38.48 38.48 38.41 38.29 38.17 38.09 38.08 38.1 38.07 38.08 38.07 38.08 38.07 38.07 38.05 38.06 38.13 38.12 38.08 38.03 38.03 38.04 38.02 38.01 37.98 37.97 37.96 37.94 37.92 37.88 37.87 37.85 37.84 37.81 37.87
38.15 38.15 38.16 38.17 38.18 38.18 38.18 38.19 38.2 38.2 38.2 38.2 38.2 38.2 38.19 38.18 38.18 38.17 38.16 38.15 38.14 38.12 38.11 38.12 38.12 38.13 38.13 38.16 38.16 38.15 38.16 38.14 38.12 38.1 38.05 38.01 38 38.08 38.27 38.57 38.81 38.82 38.81 38.71 38.76 38.64 38.42 38.25 38.18 38.1 38.11 38.1 38.11 38.09 38.07 38.05 38.06 38.06 38.06 38.1 38.09 38.05 37.98 37.99 38.01 37.98 37.95 37.96 37.93 37.91 37.88 37.87 37.82 37.81 37.81 37.8 37.79 37.87
38.15 38.17 38.18 38.18 38.19 38.2 38.2 38.2 38.2 38.19 38.19 38.2 38.19 38.19 38.18 38.17 38.16 38.15 38.15 38.14 38.13 38.12 38.12 38.13 38.14 38.13 38.14 38.17 38.18 38.17 38.18 38.17 38.12 38.09 38.06 38.11 38.16 38.28 38.51 38.74 38.94 38.91 38.81 38.86 38.87 38.75 38.46 38.22 38.17 38.1 38.1 38.11 38.1 38.08 38.06 38.03 38.04 38.05 38.04 38.05 38.05 38.01 37.94 37.95 37.97 37.92 37.9 37.93 37.91 37.88 37.83 37.83 37.81 37.79 37.79 37.78 37.77 37.83
38.16 38.2 38.2 38.2 38.19 38.19 38.19 38.19 38.2 38.19 38.19 38.19 38.18 38.17 38.17 38.16 38.15 38.14 38.14 38.13 38.13 38.12 38.12 38.12 38.14 38.14 38.15 38.18 38.18 38.19 38.18 38.18 38.14 38.12 38.13 38.28 38.37 38.46 38.67 38.88 39.02 38.96 38.82 38.83 38.83 38.7 38.43 38.22 38.16 38.1 38.1 38.1 38.09 38.08 38.04 38.01 38.01 38.01 38.02 38.02 38 37.97 37.92 37.93 37.93 37.89 37.86 37.86 37.86 37.82 37.8 37.81 37.8 37.79 37.79 37.76 37.73 37.71
38.15 38.18 38.18 38.19 38.19 38.19 38.19 38.19 38.19 38.19 38.19 38.18 38.17 38.16 38.15 38.15 38.14 38.14 38.13 38.13 38.12 38.12 38.12 38.11 38.12 38.15 38.15 38.18 38.17 38.19 38.2 38.17 38.14 38.15 38.22 38.38 38.48 38.57 38.75 38.99 39.04 38.99 38.83 38.72 38.69 38.55 38.33 38.21 38.15 38.11 38.12 38.11 38.09 38.06 38.01 38 37.99 37.98 38.01 38 37.98 37.93 37.91 37.91 37.9 37.88 37.82 37.81 37.79 37.75 37.75 37.77 37.8 37.81 37.83 37.78 37.73 37.72
38.12 38.15 38.16 38.18 38.18 38.19 38.19 38.19 38.19 38.18 38.17 38.17 38.16 38.15 38.15 38.14 38.14 38.13 38.13 38.13 38.14 38.15 38.15 38.12 38.12 38.15 38.14 38.17 38.18 38.2 38.22 38.2 38.16 38.16 38.21 38.39 38.46 38.58 38.71 38.95 38.98 38.96 38.81 38.51 38.44 38.3 38.21 38.16 38.14 38.13 38.11 38.1 38.08 38.03 38 38.02 38.01 38 37.99 37.95 37.94 37.92 37.88 37.88 37.86 37.84 37.81 37.8 37.78 37.79 37.73 37.74 37.77 37.78 37.81 37.76 37.73 37.74
38.1 38.13 38.15 38.19 38.19 38.2 38.19 38.18 38.18 38.17 38.16 38.16 38.15 38.15 38.14 38.13 38.13 38.13 38.14 38.16 38.17 38.18 38.18 38.14 38.13 38.16 38.14 38.18 38.17 38.18 38.21 38.22 38.17 38.17 38.19 38.33 38.37 38.5 38.57 38.67 38.71 38.73 38.65 38.31 38.24 38.14 38.16 38.16 38.14 38.13 38.1 38.09 38.06 38.02 38.02 38.02 37.99 38 37.95 37.94 37.93 37.91 37.86 37.85 37.82 37.82 37.81 37.79 37.82 37.85 37.78 37.75 37.72 37.72 37.76 37.71 37.67 37.7
38.08 38.13 38.15 38.18 38.2 38.19 38.18 38.17 38.17 38.16 38.16 38.15 38.14 38.14 38.13 38.13 38.14 38.15 38.17 38.18 38.19 38.2 38.2 38.14 38.14 38.16 38.15 38.16 38.16 38.17 38.22 38.23 38.19 38.18 38.16 38.21 38.25 38.37 38.42 38.43 38.45 38.44 38.42 38.22 38.19 38.14 38.18 38.19 38.16 38.13 38.12 38.09 38.06 38.02 38.03 38.01 37.98 37.98 37.94 37.93 37.91 37.88 37.86 37.84 37.8 37.81 37.78 37.77 37.79 37.81 37.77 37.75 37.71 37.7 37.71 37.69 37.67 37.7
38.05 38.09 38.12 38.16 38.18 38.18 38.17 38.16 38.16 38.15 38.15 38.14 38.13 38.13 38.14 38.15 38.17 38.17 38.19 38.2 38.21 38.21 38.22 38.16 38.15 38.17 38.17 38.15 38.16 38.16 38.22 38.21 38.2 38.17 38.14 38.13 38.15 38.21 38.29 38.39 38.39 38.35 38.3 38.16 38.14 38.15 38.16 38.17 38.16 38.15 38.15 38.1 38.09 38.03 38.01 38 37.97 37.95 37.92 37.91 37.87 37.8 37.83 37.82 37.8 37.82 37.76 37.76 37.76 37.79 37.78 37.77 37.73 37.71 37.7 37.68 37.68 37.67
38 38.05 38.1 38.15 38.16 38.17 38.16 38.15 38.14 38.14 38.13 38.13 38.13 38.14 38.16 38.18 38.19 38.2 38.21 38.22 38.22 38.23 38.23 38.21 38.2 38.19 38.19 38.15 38.15 38.16 38.2 38.19 38.18 38.16 38.15 38.12 38.13 38.14 38.2 38.29 38.27 38.27 38.2 38.14 38.13 38.14 38.16 38.16 38.16 38.18 38.19 38.15 38.1 38.05 38.01 38 37.97 37.93 37.91 37.9 37.85 37.78 37.79 37.8 37.78 37.78 37.78 37.78 37.78 37.78 37.77 37.76 37.72 37.7 37.69 37.65 37.66 37.63
37.97 37.99 38.07 38.15 38.15 38.15 38.15 38.14 38.13 38.13 38.14 38.15 38.16 38.17 38.19 38.2 38.2 38.21 38.22 38.22 38.22 38.23 38.23 38.23 38.23 38.21 38.18 38.16 38.16 38.17 38.18 38.18 38.17 38.14 38.14 38.13 38.14 38.15 38.17 38.16 38.14 38.16 38.16 38.19 38.19 38.16 38.16 38.16 38.18 38.22 38.17 38.14 38.09 38.08 38.04 38.03 37.99 37.94 37.91 37.9 37.85 37.8 37.75 37.78 37.76 37.75 37.79 37.8 37.81 37.78 37.77 37.74 37.67 37.66 37.64 37.62 37.62 37.61
37.98 37.99 38.06 38.15 38.17 38.16 38.14 38.13 38.13 38.14 38.16 38.17 38.18 38.19 38.2 38.21 38.21 38.21 38.21 38.2 38.21 38.22 38.23 38.23 38.23 38.22 38.19 38.18 38.18 38.18 38.16 38.17 38.17 38.15 38.15 38.14 38.15 38.16 38.19 38.15 38.14 38.13 38.17 38.18 38.18 38.15 38.14 38.15 38.16 38.19 38.13 38.12 38.09 38.08 38.06 38.04 38 37.95 37.91 37.9 37.85 37.81 37.75 37.78 37.79 37.78 37.8 37.8 37.81 37.8 37.76 37.7 37.63 37.61 37.6 37.59 37.59 37.57
37.96 37.97 38.05 38.16 38.16 38.15 38.14 38.15 38.16 38.18 38.18 38.19 38.2 38.2 38.2 38.21 38.2 38.2 38.2 38.2 38.2 38.21 38.22 38.23 38.23 38.24 38.22 38.18 38.17 38.15 38.15 38.15 38.15 38.14 38.16 38.16 38.17 38.17 38.18 38.17 38.15 38.13 38.15 38.16 38.17 38.15 38.15 38.16 38.15 38.17 38.13 38.12 38.09 38.07 38.06 38.04 38 37.96 37.92 37.9 37.85 37.81 37.78 37.77 37.85 37.83 37.81 37.78 37.78 37.81 37.74 37.65 37.62 37.6 37.6 37.59 37.57 37.53
37.97 37.97 38.01 38.13 38.13 38.14 38.16 38.17 38.18 38.2 38.2 38.2 38.2 38.2 38.2 38.19 38.19 38.18 38.19 38.2 38.2 38.21 38.22 38.23 38.23 38.24 38.24 38.18 38.16 38.17 38.18 38.17 38.14 38.12 38.15 38.18 38.19 38.17 38.18 38.17 38.15 38.15 38.18 38.17 38.18 38.17 38.15 38.14 38.14 38.15 38.14 38.13 38.1 38.07 38.05 38.04 38.01 37.97 37.93 37.91 37.87 37.82 37.8 37.74 37.85 37.87 37.83 37.76 37.73 37.74 37.69 37.62 37.62 37.59 37.57 37.56 37.55 37.52
37.99 37.98 38 38.07 38.09 38.12 38.17 38.19 38.19 38.19 38.19 38.19 38.19 38.19 38.18 38.17 38.17 38.17 38.19 38.19 38.19 38.21 38.22 38.22 38.23 38.23 38.23 38.2 38.17 38.16 38.2 38.15 38.14 38.12 38.13 38.16 38.18 38.17 38.16 38.17 38.17 38.16 38.19 38.18 38.16 38.15 38.13 38.12 38.12 38.13 38.15 38.14 38.11 38.07 38.05 38.04 38.01 37.98 37.95 37.92 37.87 37.82 37.8 37.73 37.79 37.89 37.82 37.72 37.67 37.6 37.6 37.59 37.58 37.6 37.55 37.54 37.56 37.56
37.96 37.97 38 38.03 38.06 38.09 38.15 38.17 38.18 38.18 38.18 38.19 38.19 38.17 38.16 38.16 38.16 38.18 38.18 38.19 38.19 38.2 38.21 38.21 38.21 38.2 38.19 38.18 38.15 38.14 38.18 38.14 38.16 38.14 38.13 38.15 38.17 38.17 38.16 38.16 38.17 38.16 38.18 38.17 38.15 38.14 38.11 38.1 38.1 38.1 38.12 38.13 38.12 38.08 38.06 38.04 38.01 37.98 37.97 37.92 37.88 37.83 37.8 37.72 37.77 37.84 37.76 37.64 37.63 37.6 37.58 37.56 37.55 37.55 37.53 37.53 37.58 37.62
37.89 37.91 37.97 38 38.03 38.05 38.09 38.15 38.16 38.19 38.18 38.16 38.15 38.15 38.15 38.16 38.16 38.17 38.18 38.18 38.18 38.18 38.21 38.2 38.18 38.17 38.15 38.15 38.14 38.15 38.16 38.15 38.16 38.15 38.15 38.16 38.17 38.16 38.17 38.16 38.16 38.15 38.16 38.16 38.16 38.13 38.1 38.09 38.08 38.08 38.09 38.12 38.13 38.09 38.08 38.04 38.01 37.99 37.97 37.93 37.88 37.82 37.77 37.7 37.72 37.69 37.66 37.61 37.6 37.58 37.56 37.56 37.57 37.56 37.57 37.56 37.58 37.6
37.84 37.85 37.95 37.95 37.98 37.99 38.04 38.11 38.14 38.17 38.14 38.13 38.13 38.14 38.15 38.15 38.15 38.15 38.16 38.16 38.17 38.19 38.18 38.17 38.15 38.14 38.14 38.13 38.13 38.14 38.15 38.16 38.15 38.16 38.16 38.17 38.17 38.14 38.15 38.15 38.16 38.16 38.17 38.17 38.17 38.13 38.09 38.07 38.06 38.06 38.06 38.1 38.13 38.1 38.08 38.04 38.01 37.99 37.98 37.94 37.88 37.79 37.73 37.67 37.64 37.65 37.64 37.6 37.57 37.56 37.56 37.58 37.63 37.64 37.64 37.6 37.59 37.59
37.86 37.85 37.95 37.97 37.96 37.96 38 38.04 38.08 38.12 38.12 38.12 38.13 38.13 38.13 38.13 38.13 38.14 38.16 38.18 38.17 38.16 38.15 38.14 38.13 38.12 38.12 38.11 38.1 38.1 38.14 38.14 38.15 38.16 38.15 38.16 38.17 38.14 38.15 38.14 38.15 38.15 38.17 38.18 38.16 38.12 38.09 38.06 38.05 38.04 38.04 38.07 38.13 38.11 38.09 38.04 38.01 37.99 37.98 37.94 37.86 37.73 37.68 37.63 37.59 37.63 37.63 37.6 37.57 37.59 37.6 37.63 37.69 37.7 37.68 37.63 37.58 37.59
37.98 37.95 38.01 38 37.98 37.96 37.98 38.02 38.06 38.1 38.1 38.1 38.1 38.11 38.11 38.12 38.13 38.15 38.16 38.16 38.15 38.14 38.12 38.11 38.1 38.1 38.09 38.09 38.07 38.06 38.11 38.12 38.15 38.15 38.15 38.16 38.16 38.15 38.16 38.16 38.16 38.17 38.19 38.19 38.16 38.12 38.09 38.05 38.03 38.03 38.03 38.04 38.11 38.12 38.1 38.05 38.01 37.99 37.97 37.92 37.79 37.66 37.64 37.62 37.59 37.61 37.62 37.63 37.62 37.64 37.65 37.67 37.76 37.76 37.72 37.67 37.58 37.59
38.05 38.06 38.06 38.02 37.99 37.96 37.95 38.02 38.05 38.07 38.07 38.08 38.08 38.1 38.12 38.13 38.14 38.15 38.14 38.13 38.12 38.1 38.1 38.09 38.07 38.06 38.06 38.06 38.05 38.04 38.09 38.11 38.15 38.15 38.15 38.15 38.14 38.12 38.13 38.14 38.16 38.18 38.2 38.19 38.15 38.11 38.09 38.05 38.02 38.01 38.01 38.01 38.07 38.13 38.11 38.05 38 37.97 37.94 37.85 37.73 37.64 37.63 37.64 37.61 37.63 37.64 37.69 37.69 37.7 37.71 37.7 37.8 37.79 37.78 37.71 37.62 37.6
38.02 38.05 38.05 38.03 38.01 37.96 37.95 37.99 38.02 38.04 38.06 38.08 38.09 38.11 38.13 38.14 38.13 38.12 38.1 38.09 38.09 38.08 38.07 38.07 38.06 38.05 38.04 38.04 38.05 38.06 38.1 38.13 38.15 38.15 38.17 38.16 38.13 38.1 38.11 38.12 38.16 38.18 38.19 38.19 38.15 38.1 38.08 38.04 38 37.99 37.99 37.98 38.04 38.1 38.09 38.01 37.93 37.9 37.86 37.78 37.69 37.63 37.64 37.69 37.67 37.69 37.7 37.74 37.75 37.75 37.75 37.73 37.74 37.75 37.77 37.76 37.71 37.67
38 38.03 38.03 38.02 38.01 37.95 37.96 37.96 38 38.02 38.08 38.1 38.11 38.12 38.12 38.11 38.1 38.09 38.08 38.08 38.07 38.07 38.06 38.06 38.06 38.06 38.06 38.07 38.08 38.08 38.09 38.11 38.14 38.14 38.14 38.12 38.11 38.11 38.11 38.11 38.16 38.18 38.18 38.19 38.15 38.1 38.08 38.03 37.99 37.98 37.97 37.96 37.99 38 37.98 37.92 37.85 37.82 37.77 37.72 37.69 37.66 37.67 37.73 37.73 37.74 37.76 37.76 37.77 37.76 37.76 37.74 37.73 37.73 37.77 37.82 37.81 37.72
37.98 38.01 38.02 38.02 38.01 37.98 37.97 37.98 38 38 38.09 38.1 38.11 38.1 38.1 38.09 38.08 38.08 38.07 38.07 38.07 38.07 38.07 38.08 38.07 38.08 38.09 38.09 38.1 38.11 38.11 38.12 38.15 38.15 38.12 38.1 38.1 38.09 38.09 38.12 38.18 38.19 38.19 38.18 38.15 38.11 38.08 38.02 37.97 37.96 37.95 37.92 37.87 37.85 37.85 37.83 37.8 37.78 37.73 37.72 37.7 37.7 37.71 37.72 37.75 37.75 37.78 37.77 37.77 37.76 37.76 37.75 37.76 37.77 37.78 37.87 37.86 37.73
37.99 38 38.01 38.01 38.02 38.02 37.98 38 38.01 38.02 38.07 38.08 38.09 38.09 38.08 38.08 38.07 38.07 38.08 38.09 38.09 38.09 38.09 38.09 38.1 38.11 38.11 38.11 38.12 38.13 38.13 38.11 38.12 38.11 38.1 38.09 38.09 38.09 38.09 38.13 38.19 38.19 38.18 38.16 38.14 38.09 38.06 37.98 37.92 37.89 37.89 37.84 37.77 37.76 37.77 37.79 37.81 37.8 37.75 37.74 37.71 37.71 37.72 37.72 37.76 37.75 37.78 37.77 37.77 37.76 37.77 37.74 37.77 37.78 37.78 37.85 37.81 37.72
38 37.99 38.01 38.03 38.05 38.04 37.99 38 38.01 38.02 38.04 38.05 38.08 38.07 38.08 38.09 38.1 38.1 38.11 38.11 38.1 38.1 38.1 38.11 38.11 38.12 38.13 38.13 38.13 38.12 38.12 38.11 38.11 38.09 38.08 38.07 38.06 38.08 38.08 38.1 38.17 38.17 38.14 38.11 38.09 38.01 37.99 37.91 37.87 37.83 37.8 37.76 37.74 37.74 37.77 37.79 37.85 37.85 37.8 37.77 37.74 37.74 37.72 37.77 37.78 37.76 37.76 37.78 37.78 37.77 37.79 37.77 37.76 37.76 37.77 37.82 37.8 37.72
