slabs/97.grd
DSAA
631 301
647670 648300
4947800 4948100
36.05 39.82
[rows 175 to 209 of 301, columns 78 to 155 of 631]
38.89 38.85 38.84 38.85 38.85 38.84 38.84 38.84 38.84 38.83 38.8 38.8 38.83 38.83 38.81 38.8 38.83 38.83 38.84 38.78 38.77 38.79 38.78 38.79 38.8 38.81 38.84 38.84 38.84 38.86 38.9 38.91 38.93 38.92 38.93 38.95 38.94 38.92 38.9 38.92 38.9 38.91 38.89 38.92 38.91 38.87 38.87 38.87 38.86 38.86 38.85 38.85 38.84 38.83 38.85 38.84 38.82 38.81 38.8 38.8 38.8 38.83 38.83 38.85 38.86 38.88 38.88 38.86 38.85 38.87 38.85 38.86 38.87 38.86 38.87 38.87 38.89 38.9
38.88 38.84 38.85 38.85 38.84 38.83 38.82 38.83 38.8 38.8 38.79 38.81 38.81 38.82 38.85 38.8 38.76 38.76 38.77 38.76 38.77 38.78 38.78 38.8 38.81 38.83 38.86 38.88 38.87 38.89 38.91 38.89 38.91 38.93 38.92 38.95 38.95 38.92 38.93 38.95 38.93 38.95 38.92 38.95 38.93 38.88 38.88 38.89 38.88 38.88 38.89 38.88 38.85 38.84 38.85 38.86 38.84 38.85 38.82 38.83 38.83 38.87 38.85 38.86 38.88 38.89 38.84 38.84 38.84 38.83 38.86 38.86 38.86 38.87 38.88 38.88 38.89 38.91
38.86 38.85 38.85 38.82 38.8 38.8 38.81 38.8 38.82 38.81 38.8 38.79 38.8 38.8 38.8 38.79 38.79 38.77 38.78 38.77 38.77 38.77 38.8 38.82 38.83 38.84 38.88 38.93 38.9 38.9 38.92 38.88 38.9 38.93 38.94 38.97 38.96 38.93 38.99 39.01 38.99 38.98 38.94 38.95 38.93 38.91 38.91 38.91 38.91 38.91 38.93 38.91 38.88 38.86 38.88 38.87 38.85 38.88 38.85 38.88 38.87 38.88 38.84 38.84 38.84 38.85 38.83 38.84 38.85 38.84 38.85 38.85 38.87 38.9 38.9 38.9 38.89 38.88
38.84 38.83 38.8 38.81 38.82 38.81 38.83 38.84 38.81 38.8 38.79 38.77 38.8 38.78 38.78 38.78 38.8 38.78 38.78 38.76 38.77 38.79 38.84 38.85 38.84 38.84 38.88 38.92 38.91 38.91 38.93 38.9 38.91 38.94 38.96 38.97 38.96 38.97 39 39.02 39 38.97 38.96 38.95 38.94 38.94 38.92 38.93 38.93 38.92 38.95 38.93 38.9 38.89 38.92 38.92 38.89 38.88 38.86 38.86 38.87 38.86 38.83 38.83 38.83 38.84 38.84 38.85 38.86 38.86 38.86 38.86 38.9 38.91 38.91 38.89 38.87 38.86
38.84 38.83 38.81 38.81 38.8 38.8 38.81 38.82 38.8 38.79 38.8 38.79 38.79 38.78 38.77 38.78 38.79 38.79 38.8 38.79 38.79 38.81 38.84 38.82 38.83 38.83 38.85 38.91 38.9 38.91 38.94 38.92 38.93 38.95 38.98 38.95 38.94 38.97 38.96 38.97 38.97 38.96 38.95 38.95 38.93 38.93 38.94 38.94 38.95 38.94 38.96 38.96 38.9 38.93 38.94 38.93 38.89 38.88 38.87 38.86 38.84 38.84 38.85 38.84 38.83 38.84 38.84 38.84 38.84 38.86 38.85 38.84 38.86 38.86 38.84 38.83 38.85 38.84
38.84 38.83 38.82 38.79 38.77 38.78 38.79 38.82 38.82 38.81 38.82 38.82 38.82 38.81 38.79 38.81 38.81 38.81 38.81 38.81 38.81 38.82 38.82 38.81 38.82 38.84 38.85 38.9 38.89 38.88 38.93 38.93 38.94 38.95 38.99 38.96 38.94 38.95 38.96 38.96 38.96 38.95 38.97 38.97 38.95 38.93 38.95 38.95 38.96 38.96 38.97 38.97 38.91 38.92 38.88 38.88 38.88 38.88 38.86 38.85 38.82 38.82 38.84 38.83 38.82 38.84 38.84 38.81 38.8 38.84 38.83 38.82 38.79 38.78 38.79 38.8 38.84 38.83
38.83 38.84 38.84 38.81 38.78 38.79 38.81 38.82 38.83 38.84 38.85 38.86 38.86 38.84 38.83 38.84 38.83 38.83 38.8 38.81 38.81 38.82 38.81 38.82 38.83 38.86 38.85 38.88 38.88 38.89 38.94 38.91 38.93 38.93 38.98 38.97 38.95 38.96 38.97 38.97 38.96 38.96 38.98 38.97 38.95 38.98 38.97 38.95 38.94 38.93 38.93 38.93 38.89 38.9 38.86 38.86 38.86 38.86 38.85 38.84 38.84 38.81 38.82 38.82 38.8 38.83 38.82 38.78 38.77 38.78 38.8 38.81 38.79 38.79 38.81 38.86 38.89 38.83
38.85 38.85 38.84 38.81 38.81 38.83 38.84 38.84 38.86 38.88 38.87 38.86 38.87 38.85 38.84 38.86 38.85 38.83 38.81 38.8 38.81 38.82 38.83 38.84 38.85 38.86 38.86 38.86 38.88 38.91 38.92 38.91 38.9 38.9 38.94 38.93 38.92 38.96 38.95 38.94 38.94 38.95 39.02 39 38.98 39.01 38.96 38.94 38.92 38.91 38.92 38.91 38.9 38.89 38.88 38.88 38.85 38.85 38.84 38.83 38.84 38.82 38.81 38.81 38.81 38.81 38.8 38.78 38.79 38.76 38.79 38.83 38.82 38.83 38.85 38.92 38.91 38.85
38.85 38.85 38.83 38.83 38.83 38.84 38.88 38.87 38.88 38.88 38.87 38.84 38.84 38.85 38.85 38.84 38.84 38.84 38.82 38.81 38.82 38.84 38.82 38.85 38.86 38.86 38.84 38.8 38.82 38.84 38.89 38.89 38.89 38.89 38.9 38.92 38.92 38.98 38.97 38.98 38.98 38.97 39 38.98 38.96 38.96 38.93 38.93 38.92 38.9 38.9 38.89 38.88 38.86 38.87 38.86 38.83 38.82 38.82 38.82 38.83 38.81 38.81 38.8 38.82 38.81 38.8 38.81 38.84 38.82 38.81 38.82 38.85 38.87 38.85 38.87 38.87 38.86
38.85 38.83 38.81 38.85 38.84 38.82 38.88 38.85 38.86 38.87 38.86 38.83 38.84 38.84 38.83 38.82 38.82 38.83 38.81 38.79 38.82 38.83 38.81 38.81 38.81 38.8 38.81 38.8 38.81 38.82 38.85 38.88 38.91 38.9 38.89 38.91 38.93 38.97 38.96 38.97 38.96 38.95 38.96 38.94 38.93 38.93 38.91 38.91 38.91 38.89 38.88 38.88 38.86 38.84 38.84 38.82 38.82 38.8 38.81 38.8 38.83 38.8 38.79 38.79 38.8 38.82 38.82 38.85 38.88 38.85 38.82 38.83 38.85 38.82 38.81 38.82 38.85 38.85
38.84 38.82 38.8 38.83 38.83 38.81 38.82 38.81 38.83 38.86 38.84 38.84 38.83 38.83 38.84 38.85 38.84 38.82 38.83 38.79 38.81 38.78 38.81 38.79 38.79 38.82 38.82 38.81 38.82 38.83 38.85 38.86 38.9 38.91 38.91 38.93 38.93 38.93 38.93 38.95 38.94 38.93 38.9 38.9 38.91 38.93 38.91 38.91 38.9 38.88 38.87 38.87 38.85 38.84 38.83 38.81 38.82 38.81 38.81 38.8 38.79 38.8 38.8 38.8 38.82 38.83 38.83 38.86 38.85 38.82 38.81 38.82 38.81 38.81 38.82 38.83 38.83 38.84
38.83 38.81 38.8 38.81 38.81 38.82 38.83 38.81 38.83 38.85 38.84 38.86 38.85 38.85 38.86 38.88 38.85 38.83 38.82 38.8 38.79 38.78 38.8 38.79 38.78 38.8 38.8 38.81 38.85 38.82 38.83 38.83 38.88 38.91 38.88 38.9 38.91 38.88 38.91 38.92 38.92 38.92 38.9 38.89 38.91 38.92 38.92 38.9 38.9 38.87 38.86 38.83 38.84 38.86 38.85 38.81 38.84 38.8 38.8 38.82 38.79 38.8 38.8 38.8 38.82 38.83 38.83 38.84 38.82 38.81 38.82 38.79 38.8 38.81 38.81 38.84 38.86 38.86
38.82 38.82 38.81 38.8 38.82 38.84 38.83 38.81 38.83 38.85 38.84 38.84 38.83 38.85 38.83 38.83 38.83 38.84 38.8 38.8 38.78 38.78 38.79 38.78 38.78 38.8 38.81 38.81 38.86 38.81 38.8 38.79 38.81 38.86 38.84 38.85 38.87 38.86 38.9 38.91 38.89 38.92 38.92 38.9 38.92 38.92 38.91 38.89 38.89 38.86 38.88 38.87 38.87 38.84 38.85 38.82 38.86 38.8 38.81 38.83 38.81 38.82 38.81 38.8 38.8 38.81 38.81 38.82 38.81 38.79 38.81 38.81 38.84 38.84 38.83 38.85 38.88 38.9
38.82 38.8 38.79 38.78 38.8 38.81 38.84 38.84 38.86 38.87 38.83 38.82 38.82 38.82 38.82 38.81 38.81 38.83 38.79 38.79 38.79 38.76 38.77 38.78 38.78 38.78 38.79 38.77 38.81 38.79 38.77 38.77 38.79 38.83 38.84 38.85 38.86 38.86 38.9 38.91 38.88 38.9 38.9 38.9 38.9 38.9 38.91 38.91 38.9 38.86 38.87 38.87 38.88 38.87 38.89 38.86 38.86 38.82 38.83 38.82 38.81 38.83 38.82 38.79 38.81 38.81 38.81 38.81 38.8 38.8 38.83 38.84 38.86 38.85 38.84 38.85 38.88 38.89
38.81 38.8 38.78 38.82 38.81 38.79 38.85 38.82 38.81 38.82 38.83 38.84 38.84 38.83 38.82 38.82 38.81 38.81 38.81 38.81 38.83 38.77 38.75 38.76 38.77 38.76 38.76 38.74 38.76 38.77 38.75 38.77 38.84 38.87 38.88 38.87 38.87 38.86 38.88 38.89 38.87 38.88 38.89 38.9 38.91 38.92 38.91 38.91 38.89 38.88 38.91 38.92 38.91 38.87 38.86 38.86 38.85 38.84 38.84 38.8 38.81 38.82 38.83 38.82 38.82 38.83 38.83 38.8 38.78 38.81 38.83 38.84 38.84 38.83 38.82 38.81 38.84 38.83
38.84 38.83 38.78 38.81 38.8 38.78 38.81 38.8 38.79 38.8 38.82 38.83 38.83 38.82 38.81 38.8 38.81 38.79 38.79 38.8 38.82 38.79 38.76 38.76 38.76 38.76 38.74 38.74 38.76 38.75 38.76 38.77 38.84 38.88 38.86 38.85 38.83 38.85 38.86 38.88 38.88 38.9 38.9 38.91 38.9 38.92 38.93 38.93 38.89 38.91 38.94 38.93 38.89 38.86 38.85 38.86 38.87 38.85 38.84 38.82 38.84 38.84 38.84 38.85 38.83 38.83 38.84 38.8 38.78 38.8 38.82 38.82 38.8 38.8 38.79 38.79 38.81 38.81
38.86 38.83 38.79 38.79 38.78 38.77 38.79 38.78 38.78 38.79 38.8 38.81 38.82 38.79 38.78 38.77 38.79 38.77 38.76 38.77 38.78 38.77 38.78 38.78 38.75 38.78 38.73 38.74 38.75 38.73 38.77 38.77 38.77 38.8 38.79 38.78 38.8 38.84 38.85 38.87 38.87 38.88 38.89 38.92 38.95 38.96 38.96 38.95 38.89 38.88 38.9 38.89 38.86 38.85 38.86 38.87 38.87 38.86 38.86 38.85 38.87 38.86 38.85 38.86 38.84 38.84 38.86 38.8 38.8 38.8 38.81 38.82 38.8 38.8 38.77 38.8 38.81 38.82
38.82 38.79 38.78 38.76 38.76 38.78 38.77 38.76 38.75 38.76 38.77 38.78 38.78 38.77 38.76 38.75 38.77 38.76 38.74 38.76 38.77 38.75 38.76 38.79 38.78 38.79 38.75 38.75 38.75 38.72 38.73 38.75 38.73 38.78 38.79 38.81 38.85 38.86 38.87 38.88 38.9 38.88 38.91 38.95 38.99 38.97 38.96 38.95 38.91 38.89 38.89 38.89 38.86 38.87 38.88 38.85 38.87 38.87 38.88 38.88 38.88 38.87 38.85 38.85 38.86 38.85 38.85 38.79 38.82 38.81 38.8 38.81 38.79 38.79 38.78 38.79 38.81 38.82
38.79 38.76 38.76 38.73 38.74 38.77 38.75 38.74 38.72 38.73 38.71 38.72 38.72 38.73 38.74 38.75 38.75 38.75 38.75 38.76 38.76 38.77 38.77 38.76 38.8 38.78 38.76 38.77 38.76 38.74 38.75 38.76 38.77 38.78 38.8 38.82 38.87 38.88 38.88 38.92 38.93 38.93 38.95 38.96 38.97 38.96 38.95 38.94 38.9 38.9 38.91 38.92 38.88 38.89 38.89 38.86 38.88 38.88 38.9 38.91 38.86 38.85 38.83 38.84 38.86 38.85 38.81 38.8 38.81 38.78 38.78 38.8 38.78 38.78 38.78 38.76 38.78 38.77
38.77 38.75 38.74 38.72 38.72 38.75 38.73 38.72 38.71 38.72 38.68 38.69 38.7 38.71 38.74 38.75 38.74 38.73 38.75 38.76 38.75 38.79 38.79 38.77 38.78 38.76 38.76 38.77 38.76 38.77 38.77 38.77 38.78 38.8 38.81 38.82 38.86 38.9 38.9 38.93 38.93 38.94 38.95 38.94 38.95 38.94 38.94 38.93 38.91 38.92 38.93 38.94 38.89 38.9 38.89 38.86 38.85 38.86 38.89 38.89 38.83 38.82 38.8 38.82 38.82 38.82 38.79 38.79 38.78 38.75 38.75 38.76 38.76 38.77 38.77 38.76 38.76 38.75
38.74 38.74 38.73 38.74 38.73 38.73 38.71 38.71 38.72 38.73 38.69 38.7 38.72 38.72 38.75 38.75 38.72 38.71 38.73 38.73 38.78 38.78 38.78 38.77 38.77 38.78 38.77 38.79 38.77 38.77 38.78 38.79 38.8 38.84 38.84 38.84 38.87 38.91 38.91 38.92 38.92 38.94 38.94 38.94 38.94 38.94 38.93 38.91 38.92 38.91 38.93 38.9 38.91 38.89 38.87 38.84 38.83 38.81 38.8 38.81 38.8 38.78 38.76 38.78 38.74 38.75 38.75 38.74 38.74 38.73 38.72 38.73 38.72 38.72 38.72 38.72 38.72 38.73
38.73 38.73 38.72 38.73 38.73 38.69 38.7 38.72 38.71 38.7 38.72 38.72 38.71 38.7 38.73 38.72 38.71 38.72 38.73 38.74 38.76 38.77 38.77 38.76 38.75 38.77 38.78 38.78 38.79 38.79 38.8 38.82 38.83 38.87 38.86 38.85 38.86 38.9 38.89 38.89 38.92 38.92 38.91 38.93 38.92 38.92 38.9 38.88 38.88 38.88 38.9 38.85 38.88 38.86 38.82 38.81 38.81 38.79 38.78 38.75 38.75 38.73 38.72 38.73 38.74 38.74 38.75 38.74 38.73 38.72 38.69 38.69 38.69 38.69 38.69 38.69 38.69 38.71
38.71 38.72 38.71 38.7 38.7 38.7 38.68 38.69 38.71 38.69 38.69 38.71 38.73 38.7 38.74 38.74 38.73 38.74 38.75 38.75 38.75 38.76 38.76 38.76 38.77 38.79 38.8 38.79 38.79 38.8 38.82 38.85 38.81 38.84 38.84 38.83 38.83 38.86 38.85 38.87 38.89 38.89 38.88 38.86 38.89 38.88 38.84 38.85 38.85 38.85 38.84 38.83 38.82 38.81 38.78 38.78 38.76 38.77 38.76 38.72 38.71 38.72 38.72 38.71 38.71 38.71 38.73 38.72 38.71 38.7 38.67 38.67 38.67 38.67 38.67 38.67 38.66 38.67
38.7 38.7 38.7 38.7 38.72 38.72 38.68 38.68 38.68 38.7 38.67 38.72 38.73 38.7 38.72 38.74 38.74 38.72 38.74 38.75 38.77 38.77 38.77 38.78 38.78 38.8 38.8 38.79 38.76 38.77 38.79 38.82 38.78 38.78 38.79 38.79 38.82 38.81 38.8 38.84 38.83 38.85 38.84 38.8 38.85 38.83 38.82 38.84 38.83 38.83 38.83 38.82 38.8 38.79 38.77 38.74 38.71 38.72 38.74 38.73 38.72 38.72 38.72 38.66 38.66 38.68 38.69 38.67 38.66 38.65 38.64 38.65 38.65 38.66 38.65 38.64 38.62 38.63
38.7 38.67 38.68 38.71 38.7 38.7 38.72 38.7 38.69 38.7 38.7 38.71 38.71 38.72 38.72 38.73 38.73 38.72 38.72 38.72 38.75 38.76 38.74 38.75 38.76 38.76 38.76 38.77 38.74 38.74 38.76 38.75 38.75 38.75 38.77 38.76 38.79 38.78 38.77 38.79 38.79 38.79 38.78 38.8 38.79 38.78 38.81 38.8 38.81 38.8 38.79 38.79 38.75 38.75 38.74 38.73 38.71 38.7 38.71 38.72 38.71 38.69 38.68 38.66 38.65 38.65 38.67 38.63 38.62 38.62 38.59 38.62 38.61 38.63 38.63 38.61 38.59 38.58
38.69 38.69 38.66 38.69 38.69 38.68 38.71 38.71 38.7 38.7 38.69 38.68 38.7 38.72 38.71 38.7 38.72 38.69 38.69 38.69 38.71 38.71 38.69 38.71 38.7 38.71 38.71 38.72 38.72 38.73 38.73 38.71 38.72 38.72 38.75 38.72 38.71 38.71 38.72 38.73 38.74 38.74 38.74 38.76 38.76 38.75 38.75 38.74 38.76 38.76 38.75 38.74 38.73 38.73 38.72 38.72 38.72 38.71 38.69 38.7 38.7 38.66 38.64 38.64 38.63 38.62 38.64 38.58 38.59 38.6 38.56 38.6 38.59 38.59 38.59 38.58 38.57 38.57
38.66 38.67 38.65 38.67 38.69 38.68 38.68 38.69 38.68 38.67 38.67 38.65 38.67 38.67 38.67 38.67 38.7 38.66 38.66 38.65 38.66 38.67 38.66 38.68 38.66 38.7 38.68 38.67 38.65 38.66 38.66 38.65 38.67 38.67 38.69 38.63 38.67 38.67 38.68 38.71 38.72 38.72 38.72 38.71 38.72 38.73 38.72 38.73 38.74 38.73 38.74 38.71 38.72 38.72 38.72 38.71 38.71 38.69 38.67 38.7 38.67 38.61 38.61 38.6 38.6 38.61 38.59 38.56 38.57 38.58 38.58 38.59 38.58 38.57 38.56 38.56 38.54 38.55
38.66 38.65 38.65 38.66 38.67 38.65 38.65 38.65 38.65 38.62 38.62 38.62 38.6 38.61 38.62 38.62 38.65 38.65 38.62 38.61 38.62 38.65 38.64 38.63 38.65 38.64 38.62 38.61 38.59 38.59 38.6 38.6 38.64 38.64 38.66 38.64 38.65 38.65 38.68 38.67 38.68 38.7 38.71 38.71 38.69 38.72 38.72 38.72 38.73 38.74 38.73 38.72 38.71 38.7 38.71 38.68 38.67 38.65 38.63 38.64 38.63 38.59 38.59 38.59 38.59 38.6 38.58 38.57 38.57 38.56 38.59 38.58 38.57 38.58 38.53 38.53 38.55 38.55
38.66 38.66 38.65 38.62 38.62 38.6 38.59 38.6 38.6 38.58 38.57 38.56 38.56 38.58 38.58 38.6 38.59 38.61 38.6 38.58 38.59 38.6 38.59 38.58 38.61 38.6 38.58 38.58 38.56 38.58 38.59 38.58 38.62 38.63 38.64 38.62 38.63 38.64 38.65 38.66 38.68 38.69 38.71 38.71 38.68 38.7 38.7 38.69 38.7 38.72 38.71 38.7 38.69 38.65 38.67 38.65 38.64 38.63 38.6 38.59 38.59 38.59 38.58 38.59 38.6 38.59 38.57 38.57 38.57 38.56 38.56 38.55 38.57 38.55 38.54 38.54 38.54 38.53
38.62 38.61 38.6 38.58 38.57 38.58 38.58 38.58 38.57 38.57 38.56 38.56 38.57 38.56 38.56 38.59 38.59 38.59 38.59 38.57 38.59 38.58 38.56 38.55 38.56 38.58 38.58 38.59 38.59 38.59 38.59 38.58 38.6 38.6 38.61 38.6 38.62 38.62 38.63 38.65 38.64 38.65 38.68 38.69 38.68 38.67 38.66 38.65 38.66 38.67 38.66 38.65 38.64 38.62 38.63 38.63 38.63 38.62 38.58 38.59 38.59 38.58 38.57 38.57 38.59 38.58 38.56 38.56 38.55 38.54 38.51 38.52 38.56 38.54 38.57 38.56 38.57 38.54
38.57 38.56 38.56 38.57 38.57 38.6 38.59 38.58 38.57 38.58 38.58 38.57 38.55 38.55 38.55 38.57 38.57 38.56 38.57 38.56 38.57 38.55 38.54 38.57 38.56 38.56 38.56 38.56 38.59 38.56 38.55 38.55 38.56 38.58 38.58 38.58 38.58 38.59 38.62 38.63 38.62 38.61 38.63 38.66 38.65 38.63 38.64 38.63 38.63 38.65 38.63 38.62 38.62 38.6 38.62 38.6 38.6 38.58 38.57 38.57 38.56 38.55 38.53 38.57 38.58 38.57 38.55 38.55 38.56 38.56 38.52 38.54 38.56 38.57 38.56 38.57 38.58 38.56
38.56 38.56 38.57 38.57 38.56 38.58 38.57 38.55 38.54 38.56 38.56 38.53 38.56 38.53 38.54 38.51 38.54 38.53 38.52 38.54 38.52 38.51 38.53 38.54 38.53 38.53 38.54 38.54 38.57 38.54 38.53 38.55 38.55 38.55 38.56 38.55 38.56 38.57 38.59 38.6 38.6 38.59 38.61 38.63 38.62 38.61 38.62 38.6 38.62 38.63 38.6 38.59 38.6 38.59 38.59 38.58 38.56 38.58 38.6 38.57 38.55 38.56 38.57 38.58 38.56 38.56 38.55 38.54 38.54 38.56 38.54 38.55 38.54 38.55 38.57 38.57 38.57 38.58
38.54 38.53 38.54 38.56 38.53 38.55 38.53 38.52 38.51 38.55 38.54 38.52 38.54 38.53 38.51 38.52 38.5 38.52 38.52 38.52 38.52 38.51 38.52 38.52 38.51 38.51 38.52 38.5 38.51 38.51 38.53 38.53 38.53 38.52 38.54 38.53 38.54 38.56 38.55 38.56 38.57 38.59 38.59 38.6 38.6 38.59 38.58 38.57 38.58 38.6 38.6 38.56 38.58 38.58 38.57 38.56 38.54 38.56 38.56 38.57 38.55 38.53 38.54 38.54 38.54 38.56 38.54 38.53 38.55 38.57 38.57 38.57 38.58 38.58 38.61 38.61 38.6 38.6
38.49 38.5 38.5 38.52 38.51 38.51 38.5 38.51 38.49 38.53 38.53 38.52 38.52 38.52 38.51 38.51 38.51 38.51 38.51 38.51 38.49 38.5 38.51 38.5 38.51 38.5 38.49 38.48 38.47 38.48 38.51 38.51 38.52 38.5 38.52 38.52 38.53 38.54 38.52 38.54 38.55 38.57 38.57 38.58 38.58 38.58 38.59 38.55 38.56 38.56 38.56 38.55 38.57 38.56 38.57 38.55 38.56 38.56 38.58 38.58 38.55 38.55 38.56 38.57 38.56 38.6 38.61 38.6 38.6 38.63 38.62 38.62 38.65 38.67 38.68 38.67 38.66 38.66
38.49 38.49 38.5 38.5 38.49 38.49 38.51 38.52 38.5 38.51 38.52 38.54 38.53 38.51 38.5 38.49 38.49 38.49 38.51 38.51 38.47 38.48 38.49 38.48 38.5 38.48 38.48 38.48 38.48 38.47 38.49 38.5 38.5 38.49 38.49 38.54 38.52 38.53 38.52 38.55 38.56 38.56 38.6 38.57 38.58 38.59 38.61 38.58 38.58 38.6 38.59 38.58 38.61 38.6 38.58 38.56 38.59 38.59 38.59 38.61 38.6 38.62 38.62 38.62 38.6 38.66 38.67 38.67 38.64 38.68 38.68 38.68 38.7 38.7 38.69 38.68 38.69 38.69
