slabs/97.grd
DSAA
631 301
647670 648300
4947800 4948100
36.05 39.82
[rows 140 to 174 of 301, columns 234 to 311 of 631]
38.41 38.42 38.43 38.45 38.48 38.48 38.47 38.48 38.5 38.52 38.51 38.48 38.48 38.47 38.46 38.51 38.58 38.49 38.47 38.43 38.42 38.42 38.4 38.37 38.34 38.35 38.35 38.32 38.28 38.26 38.27 38.26 38.31 38.32 38.33 38.33 38.4 38.41 38.45 38.42 38.38 38.37 38.33 38.32 38.37 38.33 38.3 38.32 38.31 38.32 38.32 38.3 38.33 38.34 38.35 38.35 38.34 38.34 38.32 38.33 38.33 38.33 38.31 38.33 38.32 38.33 38.38 38.34 38.32 38.33 38.32 38.3 38.33 38.32 38.19 38.16 38.17 38.2
38.41 38.42 38.42 38.43 38.5 38.49 38.48 38.49 38.48 38.52 38.51 38.5 38.5 38.47 38.46 38.5 38.59 38.49 38.48 38.44 38.41 38.42 38.4 38.37 38.37 38.35 38.36 38.37 38.31 38.3 38.29 38.25 38.32 38.34 38.34 38.35 38.38 38.4 38.44 38.45 38.4 38.38 38.34 38.33 38.33 38.31 38.29 38.3 38.31 38.31 38.32 38.36 38.34 38.35 38.36 38.35 38.37 38.38 38.33 38.32 38.32 38.32 38.32 38.31 38.31 38.33 38.32 38.34 38.31 38.32 38.31 38.32 38.36 38.37 38.2 38.19 38.18 38.16
38.42 38.43 38.44 38.44 38.51 38.51 38.5 38.51 38.49 38.53 38.52 38.52 38.52 38.48 38.47 38.48 38.5 38.47 38.47 38.46 38.43 38.42 38.4 38.39 38.4 38.36 38.35 38.4 38.3 38.3 38.3 38.28 38.3 38.34 38.34 38.34 38.36 38.38 38.41 38.43 38.42 38.4 38.34 38.32 38.3 38.3 38.31 38.28 38.32 38.32 38.36 38.42 38.37 38.36 38.35 38.35 38.38 38.41 38.34 38.34 38.33 38.31 38.35 38.33 38.33 38.34 38.33 38.36 38.33 38.3 38.3 38.34 38.38 38.42 38.25 38.24 38.19 38.17
38.44 38.44 38.45 38.45 38.47 38.49 38.49 38.51 38.5 38.5 38.51 38.54 38.56 38.47 38.48 38.48 38.5 38.46 38.47 38.47 38.43 38.42 38.41 38.42 38.39 38.35 38.35 38.37 38.33 38.32 38.31 38.29 38.29 38.31 38.32 38.32 38.33 38.35 38.4 38.42 38.43 38.41 38.36 38.31 38.28 38.32 38.32 38.29 38.3 38.31 38.35 38.39 38.37 38.34 38.33 38.35 38.38 38.4 38.38 38.34 38.33 38.33 38.36 38.32 38.33 38.33 38.33 38.35 38.35 38.32 38.31 38.34 38.34 38.4 38.27 38.25 38.21 38.2
38.46 38.45 38.44 38.42 38.43 38.45 38.46 38.5 38.51 38.49 38.51 38.54 38.52 38.49 38.47 38.49 38.52 38.5 38.49 38.48 38.47 38.42 38.42 38.44 38.4 38.38 38.35 38.36 38.34 38.33 38.31 38.29 38.27 38.29 38.3 38.33 38.31 38.33 38.39 38.41 38.44 38.42 38.38 38.32 38.29 38.31 38.31 38.31 38.3 38.3 38.31 38.33 38.33 38.34 38.33 38.34 38.34 38.36 38.39 38.34 38.35 38.34 38.35 38.35 38.33 38.34 38.34 38.35 38.35 38.32 38.32 38.33 38.33 38.35 38.3 38.27 38.2 38.18
38.51 38.46 38.43 38.4 38.44 38.47 38.48 38.49 38.49 38.52 38.52 38.51 38.5 38.5 38.48 38.48 38.5 38.49 38.49 38.48 38.47 38.44 38.44 38.48 38.44 38.41 38.37 38.35 38.36 38.35 38.31 38.3 38.27 38.28 38.27 38.32 38.3 38.32 38.37 38.41 38.46 38.44 38.4 38.34 38.31 38.29 38.3 38.33 38.32 38.32 38.3 38.34 38.35 38.34 38.35 38.36 38.35 38.39 38.43 38.34 38.35 38.34 38.34 38.36 38.33 38.34 38.35 38.35 38.34 38.33 38.31 38.31 38.33 38.34 38.36 38.31 38.22 38.16
38.54 38.49 38.46 38.44 38.45 38.5 38.5 38.48 38.47 38.52 38.53 38.53 38.51 38.51 38.51 38.49 38.49 38.5 38.52 38.51 38.47 38.46 38.44 38.49 38.47 38.43 38.39 38.36 38.36 38.33 38.31 38.3 38.29 38.28 38.28 38.34 38.32 38.33 38.37 38.42 38.45 38.46 38.43 38.36 38.36 38.32 38.3 38.35 38.35 38.34 38.31 38.3 38.34 38.38 38.34 38.36 38.36 38.43 38.47 38.36 38.36 38.37 38.34 38.36 38.34 38.36 38.36 38.36 38.35 38.33 38.31 38.32 38.33 38.34 38.38 38.32 38.23 38.17
38.53 38.5 38.48 38.45 38.47 38.48 38.48 38.47 38.5 38.5 38.51 38.52 38.54 38.54 38.54 38.51 38.5 38.51 38.57 38.54 38.48 38.47 38.45 38.47 38.47 38.44 38.39 38.36 38.34 38.32 38.31 38.29 38.28 38.29 38.3 38.4 38.35 38.35 38.37 38.43 38.43 38.49 38.47 38.37 38.36 38.31 38.31 38.37 38.37 38.34 38.33 38.34 38.34 38.37 38.34 38.35 38.36 38.38 38.4 38.37 38.38 38.37 38.36 38.35 38.34 38.37 38.36 38.36 38.36 38.33 38.33 38.33 38.32 38.34 38.34 38.33 38.25 38.2
38.48 38.52 38.5 38.46 38.46 38.44 38.45 38.47 38.49 38.52 38.51 38.51 38.55 38.56 38.56 38.52 38.51 38.51 38.55 38.53 38.5 38.49 38.47 38.44 38.45 38.44 38.38 38.35 38.33 38.33 38.33 38.31 38.28 38.28 38.29 38.38 38.38 38.35 38.36 38.4 38.41 38.44 38.46 38.4 38.38 38.33 38.32 38.35 38.34 38.34 38.33 38.34 38.33 38.37 38.35 38.35 38.35 38.37 38.35 38.36 38.38 38.36 38.35 38.34 38.34 38.35 38.36 38.37 38.37 38.35 38.35 38.34 38.32 38.34 38.32 38.34 38.28 38.21
38.47 38.51 38.53 38.5 38.43 38.42 38.45 38.52 38.49 38.52 38.52 38.5 38.54 38.55 38.55 38.51 38.5 38.5 38.5 38.51 38.53 38.5 38.47 38.42 38.43 38.42 38.39 38.36 38.35 38.36 38.35 38.31 38.28 38.3 38.28 38.31 38.31 38.33 38.35 38.35 38.38 38.4 38.43 38.45 38.41 38.35 38.31 38.34 38.36 38.38 38.33 38.34 38.33 38.38 38.37 38.36 38.36 38.38 38.34 38.36 38.39 38.37 38.36 38.34 38.34 38.35 38.37 38.38 38.37 38.37 38.35 38.34 38.33 38.34 38.33 38.35 38.29 38.24
38.47 38.49 38.53 38.52 38.42 38.42 38.46 38.54 38.53 38.51 38.51 38.5 38.52 38.53 38.54 38.52 38.49 38.5 38.51 38.52 38.55 38.5 38.47 38.42 38.44 38.43 38.41 38.38 38.37 38.37 38.34 38.3 38.3 38.3 38.27 38.26 38.27 38.31 38.32 38.33 38.35 38.38 38.39 38.47 38.43 38.37 38.32 38.33 38.37 38.41 38.34 38.34 38.33 38.36 38.38 38.38 38.36 38.37 38.36 38.39 38.41 38.4 38.38 38.36 38.36 38.37 38.38 38.37 38.37 38.38 38.37 38.36 38.35 38.32 38.33 38.33 38.3 38.28
38.46 38.47 38.5 38.52 38.41 38.42 38.45 38.5 38.57 38.53 38.49 38.5 38.5 38.52 38.53 38.53 38.49 38.52 38.51 38.5 38.54 38.53 38.48 38.44 38.43 38.43 38.4 38.4 38.39 38.36 38.34 38.32 38.32 38.3 38.29 38.27 38.28 38.3 38.34 38.34 38.35 38.38 38.39 38.43 38.42 38.39 38.35 38.35 38.36 38.42 38.36 38.36 38.33 38.34 38.39 38.4 38.38 38.37 38.38 38.4 38.43 38.42 38.38 38.38 38.38 38.37 38.37 38.37 38.38 38.38 38.42 38.41 38.37 38.32 38.35 38.36 38.34 38.33
38.45 38.46 38.47 38.5 38.41 38.42 38.43 38.46 38.55 38.52 38.5 38.51 38.5 38.52 38.53 38.54 38.53 38.54 38.51 38.5 38.53 38.53 38.48 38.47 38.45 38.43 38.4 38.38 38.38 38.35 38.35 38.34 38.36 38.34 38.3 38.27 38.29 38.33 38.39 38.36 38.35 38.36 38.4 38.41 38.41 38.41 38.37 38.36 38.34 38.38 38.38 38.38 38.34 38.34 38.4 38.42 38.4 38.37 38.37 38.38 38.44 38.43 38.4 38.4 38.38 38.35 38.39 38.37 38.38 38.39 38.42 38.41 38.39 38.34 38.35 38.36 38.31 38.32
38.46 38.46 38.45 38.46 38.42 38.43 38.42 38.43 38.51 38.5 38.51 38.5 38.51 38.52 38.53 38.54 38.54 38.53 38.51 38.5 38.52 38.54 38.5 38.49 38.47 38.46 38.43 38.41 38.39 38.37 38.33 38.34 38.35 38.34 38.3 38.28 38.28 38.33 38.4 38.35 38.35 38.35 38.4 38.4 38.41 38.42 38.39 38.37 38.33 38.34 38.4 38.37 38.34 38.34 38.38 38.4 38.4 38.36 38.37 38.38 38.41 38.41 38.4 38.41 38.38 38.33 38.4 38.38 38.4 38.4 38.39 38.38 38.41 38.36 38.37 38.35 38.31 38.34
38.48 38.47 38.45 38.46 38.43 38.43 38.43 38.44 38.46 38.48 38.5 38.5 38.51 38.53 38.54 38.54 38.53 38.53 38.53 38.51 38.51 38.59 38.57 38.49 38.49 38.45 38.44 38.43 38.41 38.38 38.34 38.35 38.36 38.37 38.32 38.3 38.28 38.31 38.37 38.37 38.37 38.35 38.38 38.38 38.43 38.45 38.4 38.38 38.36 38.35 38.4 38.37 38.34 38.35 38.36 38.37 38.39 38.38 38.35 38.37 38.4 38.42 38.42 38.43 38.4 38.33 38.36 38.38 38.38 38.37 38.37 38.37 38.37 38.34 38.35 38.35 38.36 38.34
38.46 38.46 38.47 38.47 38.44 38.45 38.45 38.44 38.46 38.47 38.52 38.53 38.52 38.53 38.52 38.52 38.53 38.55 38.55 38.51 38.52 38.61 38.64 38.5 38.49 38.44 38.43 38.44 38.42 38.39 38.34 38.34 38.37 38.4 38.36 38.32 38.3 38.3 38.34 38.37 38.38 38.34 38.36 38.39 38.44 38.47 38.42 38.41 38.37 38.35 38.4 38.39 38.37 38.37 38.38 38.38 38.41 38.4 38.36 38.38 38.39 38.47 38.46 38.42 38.4 38.34 38.35 38.4 38.37 38.37 38.37 38.36 38.36 38.37 38.36 38.36 38.38 38.34
38.46 38.46 38.46 38.47 38.47 38.49 38.44 38.43 38.44 38.47 38.52 38.52 38.52 38.51 38.53 38.54 38.54 38.57 38.54 38.52 38.52 38.59 38.65 38.53 38.5 38.45 38.43 38.43 38.42 38.4 38.37 38.36 38.38 38.39 38.41 38.35 38.33 38.31 38.32 38.35 38.37 38.35 38.36 38.39 38.41 38.45 38.45 38.42 38.37 38.35 38.39 38.39 38.37 38.36 38.36 38.37 38.42 38.39 38.39 38.39 38.39 38.45 38.45 38.44 38.4 38.35 38.35 38.4 38.36 38.38 38.39 38.37 38.38 38.4 38.37 38.35 38.36 38.35
38.49 38.49 38.47 38.46 38.48 38.55 38.47 38.44 38.44 38.48 38.52 38.52 38.53 38.52 38.53 38.53 38.55 38.59 38.57 38.54 38.55 38.55 38.58 38.61 38.57 38.48 38.46 38.44 38.43 38.41 38.4 38.4 38.39 38.37 38.43 38.4 38.36 38.32 38.33 38.34 38.34 38.33 38.34 38.37 38.39 38.44 38.47 38.44 38.4 38.35 38.34 38.35 38.37 38.34 38.34 38.36 38.41 38.42 38.41 38.39 38.41 38.4 38.42 38.43 38.4 38.38 38.36 38.4 38.38 38.39 38.39 38.38 38.38 38.38 38.37 38.34 38.35 38.36
38.47 38.49 38.49 38.44 38.48 38.53 38.49 38.45 38.45 38.47 38.52 38.56 38.55 38.52 38.54 38.54 38.55 38.6 38.6 38.56 38.56 38.53 38.53 38.66 38.62 38.53 38.49 38.46 38.45 38.43 38.42 38.41 38.4 38.36 38.42 38.42 38.37 38.33 38.33 38.34 38.35 38.36 38.35 38.36 38.4 38.45 38.44 38.42 38.4 38.36 38.35 38.36 38.38 38.35 38.35 38.36 38.39 38.42 38.41 38.4 38.42 38.39 38.41 38.45 38.41 38.4 38.39 38.38 38.4 38.4 38.39 38.38 38.37 38.36 38.36 38.35 38.36 38.35
38.47 38.48 38.49 38.44 38.45 38.49 38.48 38.45 38.46 38.48 38.49 38.53 38.53 38.52 38.55 38.56 38.56 38.57 38.59 38.58 38.56 38.54 38.54 38.62 38.63 38.52 38.49 38.48 38.46 38.46 38.45 38.44 38.4 38.38 38.39 38.4 38.36 38.33 38.32 38.32 38.36 38.44 38.36 38.36 38.4 38.43 38.43 38.42 38.4 38.38 38.37 38.37 38.38 38.35 38.36 38.37 38.39 38.4 38.42 38.41 38.41 38.42 38.42 38.48 38.45 38.41 38.41 38.37 38.41 38.4 38.4 38.39 38.38 38.38 38.39 38.37 38.35 38.36
38.5 38.49 38.49 38.46 38.46 38.47 38.5 38.46 38.47 38.48 38.47 38.49 38.5 38.53 38.52 38.54 38.54 38.54 38.57 38.6 38.57 38.56 38.56 38.59 38.63 38.55 38.51 38.5 38.48 38.5 38.51 38.49 38.42 38.41 38.38 38.4 38.39 38.33 38.34 38.33 38.36 38.41 38.36 38.36 38.37 38.42 38.44 38.45 38.43 38.4 38.39 38.38 38.4 38.36 38.37 38.38 38.39 38.38 38.41 38.43 38.4 38.43 38.42 38.49 38.5 38.42 38.42 38.38 38.38 38.39 38.39 38.39 38.38 38.4 38.44 38.41 38.37 38.38
38.53 38.5 38.49 38.48 38.47 38.46 38.48 38.46 38.47 38.47 38.47 38.5 38.51 38.52 38.51 38.54 38.55 38.54 38.56 38.61 38.58 38.55 38.54 38.55 38.59 38.55 38.5 38.5 38.48 38.49 38.55 38.53 38.44 38.4 38.4 38.42 38.42 38.35 38.33 38.33 38.33 38.4 38.41 38.38 38.37 38.43 38.45 38.47 38.45 38.41 38.4 38.37 38.39 38.38 38.38 38.38 38.38 38.37 38.4 38.44 38.41 38.42 38.42 38.46 38.5 38.46 38.44 38.4 38.38 38.42 38.41 38.41 38.39 38.41 38.46 38.46 38.4 38.4
38.52 38.5 38.49 38.49 38.48 38.46 38.45 38.46 38.46 38.47 38.48 38.5 38.51 38.52 38.54 38.55 38.56 38.56 38.56 38.59 38.58 38.57 38.55 38.55 38.58 38.55 38.52 38.51 38.5 38.48 38.53 38.51 38.44 38.4 38.41 38.41 38.42 38.37 38.34 38.34 38.33 38.38 38.4 38.39 38.35 38.41 38.43 38.46 38.48 38.42 38.41 38.37 38.38 38.4 38.4 38.4 38.39 38.37 38.41 38.46 38.42 38.41 38.42 38.44 38.49 38.48 38.45 38.42 38.41 38.43 38.42 38.42 38.43 38.43 38.45 38.52 38.39 38.4
38.51 38.53 38.52 38.51 38.5 38.48 38.46 38.49 38.5 38.47 38.48 38.48 38.51 38.53 38.54 38.55 38.56 38.54 38.55 38.57 38.6 38.58 38.56 38.55 38.54 38.56 38.56 38.54 38.49 38.48 38.52 38.51 38.46 38.42 38.41 38.39 38.42 38.42 38.36 38.35 38.33 38.36 38.37 38.4 38.36 38.39 38.41 38.45 38.51 38.46 38.44 38.38 38.37 38.4 38.41 38.41 38.4 38.38 38.39 38.46 38.46 38.42 38.41 38.44 38.47 38.46 38.45 38.41 38.4 38.4 38.41 38.4 38.4 38.41 38.45 38.51 38.45 38.44
38.52 38.58 38.6 38.51 38.5 38.48 38.46 38.49 38.48 38.45 38.46 38.49 38.5 38.54 38.58 38.54 38.55 38.55 38.54 38.55 38.59 38.58 38.53 38.54 38.55 38.58 38.59 38.56 38.49 38.48 38.52 38.53 38.5 38.44 38.4 38.39 38.44 38.46 38.42 38.37 38.34 38.35 38.37 38.42 38.39 38.38 38.41 38.45 38.51 38.48 38.45 38.4 38.36 38.38 38.42 38.44 38.38 38.4 38.39 38.47 38.5 38.41 38.42 38.43 38.45 38.47 38.48 38.43 38.43 38.42 38.42 38.39 38.42 38.42 38.44 38.48 38.49 38.47
38.52 38.59 38.66 38.51 38.49 38.48 38.47 38.47 38.46 38.46 38.46 38.48 38.51 38.52 38.56 38.55 38.53 38.56 38.55 38.55 38.58 38.6 38.55 38.55 38.55 38.56 38.57 38.56 38.52 38.47 38.5 38.52 38.52 38.46 38.4 38.4 38.44 38.47 38.45 38.39 38.34 38.34 38.36 38.4 38.4 38.37 38.41 38.45 38.47 38.48 38.46 38.42 38.37 38.38 38.43 38.5 38.37 38.39 38.4 38.41 38.46 38.44 38.43 38.46 38.46 38.47 38.49 38.45 38.45 38.44 38.43 38.4 38.42 38.42 38.42 38.46 38.49 38.46
38.51 38.57 38.64 38.52 38.5 38.46 38.47 38.45 38.44 38.44 38.44 38.45 38.49 38.51 38.55 38.56 38.54 38.55 38.54 38.54 38.57 38.58 38.57 38.57 38.56 38.55 38.55 38.55 38.55 38.5 38.49 38.49 38.5 38.49 38.45 38.42 38.42 38.43 38.41 38.39 38.36 38.32 38.33 38.38 38.39 38.38 38.39 38.46 38.46 38.51 38.51 38.45 38.4 38.4 38.42 38.49 38.42 38.41 38.39 38.4 38.49 38.48 38.45 38.48 38.47 38.48 38.51 38.46 38.45 38.44 38.43 38.42 38.43 38.43 38.41 38.45 38.48 38.45
38.48 38.52 38.55 38.51 38.51 38.47 38.46 38.45 38.44 38.46 38.46 38.46 38.47 38.5 38.52 38.55 38.56 38.55 38.54 38.54 38.56 38.58 38.61 38.6 38.58 38.58 38.56 38.56 38.56 38.55 38.52 38.48 38.49 38.49 38.49 38.44 38.41 38.39 38.39 38.39 38.37 38.34 38.35 38.38 38.4 38.37 38.39 38.46 38.48 38.5 38.51 38.49 38.43 38.43 38.42 38.5 38.43 38.42 38.4 38.42 38.43 38.45 38.46 38.46 38.44 38.45 38.49 38.48 38.47 38.46 38.43 38.44 38.45 38.44 38.42 38.44 38.47 38.48
38.48 38.53 38.54 38.52 38.49 38.46 38.48 38.47 38.45 38.5 38.48 38.47 38.47 38.49 38.49 38.54 38.57 38.56 38.54 38.55 38.55 38.59 38.64 38.62 38.59 38.6 38.56 38.58 38.59 38.58 38.56 38.5 38.51 38.47 38.48 38.47 38.42 38.39 38.4 38.41 38.4 38.38 38.39 38.39 38.39 38.38 38.41 38.45 38.47 38.49 38.51 38.52 38.46 38.45 38.42 38.49 38.46 38.44 38.41 38.41 38.41 38.43 38.45 38.45 38.46 38.46 38.49 38.53 38.52 38.49 38.46 38.44 38.45 38.44 38.44 38.44 38.46 38.5
38.46 38.51 38.52 38.51 38.48 38.46 38.46 38.47 38.46 38.48 38.47 38.47 38.47 38.48 38.5 38.53 38.56 38.56 38.55 38.56 38.55 38.59 38.64 38.64 38.6 38.61 38.58 38.59 38.62 38.6 38.57 38.52 38.48 38.46 38.47 38.47 38.44 38.4 38.4 38.45 38.38 38.36 38.37 38.41 38.41 38.43 38.42 38.45 38.46 38.47 38.51 38.54 38.46 38.46 38.42 38.45 38.47 38.45 38.41 38.41 38.42 38.43 38.46 38.46 38.48 38.48 38.51 38.55 38.58 38.53 38.48 38.46 38.44 38.43 38.44 38.46 38.47 38.48
38.45 38.48 38.49 38.49 38.48 38.48 38.44 38.45 38.45 38.45 38.45 38.46 38.46 38.48 38.51 38.52 38.56 38.57 38.56 38.56 38.55 38.57 38.61 38.63 38.59 38.58 38.59 38.58 38.58 38.59 38.58 38.55 38.5 38.5 38.51 38.49 38.47 38.47 38.44 38.46 38.41 38.38 38.38 38.41 38.41 38.45 38.44 38.45 38.46 38.47 38.5 38.52 38.48 38.46 38.43 38.43 38.44 38.45 38.44 38.44 38.41 38.43 38.46 38.47 38.48 38.48 38.51 38.53 38.56 38.53 38.49 38.48 38.45 38.42 38.44 38.48 38.48 38.48
38.46 38.46 38.48 38.48 38.5 38.51 38.45 38.44 38.44 38.45 38.44 38.45 38.46 38.47 38.5 38.51 38.57 38.58 38.55 38.55 38.55 38.55 38.56 38.63 38.6 38.56 38.58 38.6 38.59 38.63 38.6 38.55 38.52 38.55 38.55 38.52 38.49 38.46 38.44 38.45 38.44 38.42 38.4 38.41 38.41 38.44 38.46 38.46 38.46 38.48 38.5 38.51 38.51 38.49 38.45 38.43 38.43 38.49 38.48 38.46 38.41 38.43 38.44 38.47 38.47 38.48 38.51 38.5 38.52 38.52 38.5 38.46 38.44 38.44 38.44 38.47 38.47 38.51
38.48 38.46 38.49 38.49 38.51 38.54 38.47 38.46 38.45 38.43 38.43 38.45 38.47 38.45 38.49 38.48 38.55 38.58 38.55 38.56 38.57 38.59 38.58 38.62 38.63 38.57 38.58 38.6 38.6 38.68 38.63 38.55 38.53 38.57 38.57 38.56 38.51 38.46 38.46 38.44 38.49 38.46 38.43 38.41 38.4 38.42 38.46 38.48 38.46 38.48 38.51 38.52 38.57 38.54 38.47 38.45 38.44 38.5 38.49 38.46 38.45 38.46 38.46 38.47 38.48 38.48 38.51 38.49 38.51 38.52 38.53 38.45 38.45 38.47 38.48 38.44 38.47 38.51
38.48 38.48 38.47 38.48 38.51 38.56 38.48 38.46 38.44 38.44 38.43 38.45 38.48 38.46 38.48 38.48 38.52 38.55 38.56 38.57 38.58 38.58 38.57 38.6 38.62 38.59 38.58 38.59 38.61 38.68 38.66 38.58 38.54 38.56 38.56 38.57 38.51 38.49 38.48 38.45 38.5 38.46 38.45 38.41 38.41 38.43 38.46 38.49 38.46 38.48 38.52 38.52 38.62 38.58 38.49 38.48 38.42 38.46 38.48 38.45 38.46 38.47 38.47 38.46 38.47 38.49 38.48 38.53 38.53 38.54 38.53 38.48 38.46 38.47 38.54 38.45 38.47 38.48
38.43 38.49 38.44 38.45 38.48 38.56 38.53 38.48 38.44 38.44 38.45 38.46 38.46 38.47 38.48 38.49 38.51 38.57 38.57 38.55 38.56 38.56 38.56 38.58 38.6 38.61 38.61 38.6 38.63 38.68 38.67 38.61 38.55 38.55 38.56 38.61 38.53 38.53 38.51 38.45 38.46 38.45 38.48 38.44 38.43 38.44 38.47 38.48 38.47 38.48 38.52 38.51 38.58 38.58 38.53 38.49 38.43 38.45 38.52 38.45 38.45 38.45 38.46 38.5 38.5 38.5 38.51 38.52 38.52 38.53 38.54 38.5 38.48 38.47 38.55 38.46 38.46 38.46
