slabs/97.grd
DSAA
631 301
647670 648300
4947800 4948100
36.05 39.82
[rows 175 to 209 of 301, columns 312 to 389 of 631]
38.49 38.5 38.51 38.49 38.51 38.5 38.48 38.48 38.48 38.46 38.38 38.35 38.34 38.34 38.35 38.33 38.32 38.35 38.42 38.35 38.36 38.39 38.43 38.53 38.6 38.52 38.45 38.46 38.44 38.44 38.43 38.44 38.45 38.46 38.47 38.5 38.48 38.49 38.48 38.49 38.51 38.51 38.45 38.45 38.46 38.49 38.5 38.45 38.39 38.37 38.35 38.35 38.36 38.33 38.3 38.34 38.37 38.42 38.44 38.44 38.45 38.44 38.43 38.43 38.41 38.42 38.38 38.38 38.39 38.44 38.43 38.4 38.41 38.43 38.45 38.46 38.38 38.38
38.47 38.48 38.52 38.51 38.51 38.51 38.49 38.49 38.51 38.48 38.41 38.36 38.37 38.36 38.36 38.34 38.34 38.37 38.39 38.37 38.37 38.39 38.42 38.47 38.5 38.49 38.46 38.47 38.46 38.44 38.47 38.43 38.46 38.48 38.46 38.48 38.47 38.48 38.5 38.5 38.5 38.5 38.48 38.46 38.48 38.51 38.5 38.48 38.42 38.39 38.38 38.37 38.38 38.37 38.31 38.33 38.37 38.43 38.47 38.46 38.46 38.46 38.45 38.44 38.41 38.42 38.4 38.39 38.37 38.46 38.45 38.42 38.43 38.43 38.44 38.44 38.37 38.39
38.45 38.48 38.51 38.5 38.5 38.51 38.5 38.49 38.55 38.52 38.44 38.38 38.39 38.37 38.35 38.36 38.37 38.38 38.41 38.43 38.42 38.41 38.46 38.46 38.48 38.49 38.45 38.45 38.46 38.46 38.53 38.46 38.47 38.49 38.47 38.49 38.47 38.47 38.51 38.49 38.5 38.49 38.52 38.51 38.51 38.5 38.48 38.49 38.46 38.41 38.4 38.38 38.39 38.39 38.31 38.32 38.35 38.44 38.49 38.48 38.48 38.48 38.46 38.45 38.43 38.41 38.42 38.41 38.38 38.43 38.43 38.44 38.45 38.41 38.43 38.44 38.41 38.42
38.47 38.49 38.5 38.53 38.53 38.53 38.51 38.51 38.53 38.51 38.48 38.4 38.39 38.39 38.37 38.35 38.37 38.38 38.42 38.45 38.44 38.4 38.45 38.46 38.48 38.47 38.46 38.48 38.46 38.46 38.53 38.49 38.49 38.5 38.49 38.5 38.49 38.49 38.5 38.49 38.51 38.5 38.58 38.56 38.52 38.48 38.49 38.5 38.47 38.43 38.4 38.39 38.35 38.36 38.3 38.3 38.35 38.43 38.49 38.48 38.48 38.48 38.46 38.45 38.45 38.43 38.43 38.41 38.42 38.41 38.43 38.45 38.44 38.43 38.44 38.43 38.43 38.41
38.51 38.5 38.51 38.55 38.54 38.54 38.53 38.53 38.52 38.54 38.53 38.41 38.41 38.4 38.4 38.35 38.36 38.38 38.39 38.44 38.43 38.41 38.43 38.47 38.48 38.46 38.46 38.52 38.49 38.48 38.53 38.52 38.52 38.51 38.5 38.5 38.51 38.51 38.5 38.5 38.52 38.52 38.59 38.57 38.52 38.5 38.48 38.48 38.47 38.44 38.42 38.41 38.36 38.39 38.38 38.34 38.34 38.41 38.46 38.48 38.49 38.49 38.48 38.46 38.46 38.45 38.45 38.43 38.41 38.4 38.44 38.44 38.44 38.45 38.45 38.45 38.45 38.43
38.49 38.5 38.53 38.54 38.54 38.53 38.51 38.51 38.51 38.54 38.56 38.44 38.43 38.4 38.38 38.36 38.36 38.37 38.38 38.42 38.42 38.42 38.44 38.48 38.48 38.48 38.5 38.55 38.52 38.5 38.51 38.53 38.53 38.52 38.52 38.52 38.52 38.52 38.51 38.51 38.51 38.51 38.52 38.53 38.53 38.53 38.49 38.48 38.46 38.45 38.43 38.42 38.38 38.43 38.46 38.39 38.33 38.39 38.41 38.48 38.49 38.46 38.47 38.48 38.48 38.46 38.46 38.44 38.42 38.4 38.42 38.43 38.45 38.46 38.46 38.47 38.47 38.48
38.51 38.51 38.52 38.56 38.53 38.54 38.53 38.52 38.52 38.52 38.54 38.48 38.45 38.39 38.4 38.39 38.38 38.39 38.38 38.41 38.42 38.46 38.45 38.48 38.48 38.51 38.55 38.55 38.53 38.52 38.48 38.49 38.52 38.53 38.53 38.51 38.5 38.52 38.54 38.52 38.51 38.52 38.51 38.53 38.54 38.55 38.52 38.49 38.48 38.48 38.45 38.44 38.41 38.42 38.42 38.4 38.34 38.37 38.39 38.47 38.52 38.48 38.48 38.5 38.48 38.48 38.47 38.44 38.44 38.42 38.43 38.45 38.53 38.48 38.47 38.49 38.49 38.5
38.55 38.54 38.52 38.55 38.55 38.56 38.53 38.52 38.53 38.53 38.54 38.47 38.45 38.41 38.41 38.39 38.39 38.4 38.39 38.43 38.44 38.5 38.46 38.47 38.48 38.52 38.57 38.55 38.56 38.53 38.49 38.49 38.53 38.52 38.53 38.52 38.51 38.54 38.58 38.55 38.52 38.55 38.53 38.55 38.57 38.54 38.54 38.51 38.49 38.53 38.49 38.47 38.42 38.4 38.41 38.44 38.36 38.34 38.37 38.45 38.52 38.5 38.49 38.5 38.5 38.48 38.48 38.45 38.46 38.45 38.46 38.48 38.58 38.5 38.48 38.5 38.5 38.52
38.59 38.55 38.52 38.54 38.55 38.56 38.54 38.54 38.54 38.53 38.53 38.47 38.45 38.44 38.4 38.38 38.4 38.41 38.4 38.44 38.45 38.5 38.48 38.46 38.48 38.52 38.56 38.58 38.58 38.53 38.5 38.49 38.51 38.53 38.54 38.53 38.53 38.54 38.59 38.56 38.54 38.56 38.56 38.55 38.6 38.57 38.56 38.53 38.51 38.61 38.56 38.49 38.44 38.41 38.42 38.45 38.38 38.35 38.35 38.41 38.48 38.52 38.51 38.5 38.51 38.49 38.5 38.48 38.46 38.48 38.49 38.47 38.51 38.52 38.51 38.51 38.52 38.54
38.55 38.53 38.52 38.54 38.55 38.59 38.58 38.54 38.55 38.55 38.53 38.49 38.48 38.47 38.42 38.39 38.41 38.42 38.39 38.43 38.43 38.46 38.49 38.49 38.48 38.51 38.56 38.59 38.6 38.52 38.55 38.54 38.52 38.56 38.51 38.52 38.55 38.52 38.54 38.55 38.55 38.54 38.55 38.54 38.59 38.6 38.57 38.54 38.51 38.56 38.55 38.52 38.48 38.41 38.41 38.42 38.4 38.37 38.35 38.38 38.45 38.5 38.51 38.5 38.5 38.5 38.51 38.5 38.46 38.49 38.51 38.48 38.51 38.52 38.53 38.54 38.55 38.57
38.51 38.52 38.53 38.54 38.55 38.6 38.62 38.56 38.57 38.58 38.55 38.52 38.51 38.47 38.46 38.41 38.41 38.41 38.41 38.43 38.44 38.47 38.54 38.51 38.48 38.5 38.54 38.57 38.61 38.54 38.54 38.54 38.53 38.52 38.5 38.52 38.55 38.52 38.54 38.56 38.55 38.54 38.53 38.54 38.6 38.64 38.6 38.55 38.52 38.52 38.54 38.55 38.48 38.43 38.41 38.4 38.39 38.37 38.36 38.39 38.44 38.47 38.5 38.51 38.52 38.52 38.53 38.52 38.49 38.49 38.5 38.48 38.52 38.53 38.56 38.57 38.57 38.58
38.54 38.56 38.55 38.55 38.56 38.56 38.61 38.58 38.59 38.59 38.59 38.55 38.53 38.5 38.48 38.44 38.43 38.44 38.43 38.44 38.46 38.5 38.57 38.53 38.49 38.49 38.52 38.54 38.6 38.56 38.53 38.53 38.53 38.52 38.52 38.53 38.56 38.53 38.52 38.55 38.55 38.56 38.55 38.54 38.56 38.65 38.61 38.55 38.54 38.52 38.54 38.55 38.48 38.45 38.43 38.39 38.4 38.4 38.38 38.4 38.42 38.44 38.52 38.53 38.53 38.53 38.54 38.54 38.56 38.53 38.51 38.5 38.53 38.55 38.58 38.57 38.59 38.59
38.55 38.59 38.56 38.56 38.58 38.57 38.58 38.6 38.6 38.61 38.59 38.58 38.56 38.53 38.49 38.47 38.45 38.46 38.46 38.45 38.45 38.47 38.52 38.5 38.48 38.5 38.53 38.54 38.59 38.57 38.56 38.55 38.52 38.52 38.54 38.54 38.55 38.54 38.53 38.54 38.55 38.58 38.55 38.52 38.51 38.61 38.58 38.55 38.54 38.51 38.52 38.54 38.5 38.46 38.42 38.4 38.42 38.43 38.41 38.42 38.43 38.45 38.53 38.56 38.5 38.51 38.51 38.52 38.54 38.54 38.54 38.53 38.54 38.56 38.57 38.6 38.61 38.62
38.56 38.58 38.57 38.55 38.56 38.58 38.59 38.63 38.61 38.59 38.58 38.55 38.54 38.58 38.52 38.5 38.45 38.44 38.48 38.47 38.45 38.46 38.49 38.49 38.49 38.51 38.53 38.53 38.57 38.57 38.56 38.55 38.54 38.54 38.55 38.56 38.54 38.55 38.55 38.56 38.58 38.61 38.57 38.52 38.51 38.56 38.56 38.56 38.53 38.5 38.5 38.51 38.51 38.46 38.42 38.4 38.43 38.45 38.42 38.41 38.45 38.45 38.51 38.59 38.49 38.5 38.53 38.54 38.56 38.58 38.57 38.57 38.56 38.57 38.58 38.59 38.64 38.64
38.58 38.56 38.56 38.56 38.56 38.57 38.57 38.57 38.6 38.58 38.57 38.57 38.58 38.59 38.58 38.54 38.46 38.45 38.49 38.48 38.48 38.49 38.48 38.49 38.49 38.5 38.52 38.52 38.55 38.6 38.57 38.55 38.56 38.55 38.55 38.58 38.56 38.55 38.55 38.56 38.61 38.66 38.6 38.53 38.52 38.55 38.55 38.55 38.51 38.52 38.5 38.5 38.53 38.48 38.45 38.43 38.42 38.43 38.45 38.43 38.43 38.44 38.48 38.52 38.55 38.55 38.54 38.55 38.55 38.57 38.56 38.58 38.59 38.59 38.6 38.59 38.61 38.63
38.59 38.56 38.58 38.6 38.57 38.58 38.58 38.56 38.61 38.61 38.59 38.59 38.57 38.57 38.6 38.56 38.48 38.46 38.5 38.51 38.51 38.51 38.47 38.48 38.48 38.48 38.52 38.51 38.54 38.59 38.57 38.56 38.55 38.53 38.52 38.57 38.58 38.54 38.53 38.56 38.59 38.63 38.58 38.52 38.51 38.56 38.57 38.57 38.51 38.52 38.5 38.5 38.51 38.51 38.48 38.44 38.41 38.42 38.48 38.46 38.45 38.46 38.49 38.5 38.58 38.57 38.55 38.57 38.57 38.58 38.58 38.59 38.59 38.6 38.59 38.58 38.59 38.61
38.6 38.56 38.59 38.64 38.59 38.56 38.56 38.57 38.65 38.62 38.6 38.61 38.59 38.58 38.62 38.57 38.49 38.48 38.5 38.52 38.52 38.5 38.49 38.49 38.48 38.49 38.51 38.5 38.54 38.54 38.55 38.57 38.56 38.52 38.52 38.55 38.6 38.54 38.55 38.56 38.57 38.6 38.57 38.52 38.5 38.53 38.56 38.56 38.54 38.51 38.51 38.5 38.49 38.5 38.47 38.44 38.43 38.43 38.45 38.48 38.47 38.48 38.5 38.52 38.56 38.57 38.57 38.58 38.58 38.58 38.58 38.57 38.56 38.57 38.57 38.57 38.58 38.6
38.59 38.57 38.58 38.6 38.6 38.56 38.56 38.58 38.63 38.61 38.6 38.61 38.6 38.59 38.63 38.58 38.51 38.49 38.49 38.49 38.5 38.49 38.51 38.5 38.48 38.51 38.5 38.52 38.53 38.52 38.53 38.55 38.56 38.56 38.55 38.53 38.58 38.56 38.57 38.56 38.57 38.6 38.58 38.53 38.53 38.51 38.54 38.55 38.53 38.52 38.5 38.49 38.5 38.49 38.47 38.43 38.44 38.43 38.43 38.49 38.49 38.49 38.5 38.53 38.54 38.55 38.58 38.59 38.58 38.56 38.55 38.56 38.53 38.52 38.55 38.6 38.58 38.59
38.61 38.59 38.59 38.61 38.63 38.56 38.57 38.58 38.62 38.61 38.6 38.61 38.62 38.6 38.64 38.6 38.53 38.5 38.48 38.46 38.49 38.5 38.51 38.49 38.49 38.54 38.52 38.53 38.54 38.55 38.53 38.54 38.56 38.54 38.55 38.52 38.53 38.56 38.56 38.57 38.54 38.55 38.54 38.51 38.51 38.51 38.52 38.5 38.52 38.52 38.51 38.5 38.52 38.49 38.47 38.45 38.45 38.44 38.44 38.47 38.49 38.5 38.49 38.5 38.52 38.53 38.56 38.56 38.56 38.53 38.49 38.55 38.54 38.54 38.57 38.62 38.6 38.59
38.64 38.6 38.59 38.6 38.64 38.57 38.58 38.58 38.62 38.62 38.62 38.62 38.64 38.61 38.63 38.61 38.56 38.51 38.48 38.48 38.53 38.53 38.51 38.49 38.52 38.56 38.56 38.54 38.56 38.56 38.54 38.57 38.57 38.55 38.56 38.55 38.52 38.56 38.56 38.54 38.56 38.57 38.53 38.5 38.5 38.5 38.5 38.48 38.51 38.51 38.51 38.52 38.53 38.51 38.5 38.49 38.48 38.47 38.46 38.49 38.48 38.48 38.47 38.46 38.49 38.5 38.5 38.48 38.51 38.53 38.5 38.56 38.56 38.57 38.59 38.62 38.62 38.63
38.67 38.61 38.62 38.6 38.63 38.6 38.57 38.57 38.62 38.64 38.66 38.64 38.64 38.65 38.63 38.62 38.56 38.51 38.5 38.48 38.54 38.55 38.52 38.48 38.48 38.51 38.57 38.55 38.54 38.56 38.56 38.58 38.62 38.56 38.57 38.57 38.53 38.54 38.55 38.55 38.58 38.57 38.53 38.49 38.49 38.5 38.49 38.5 38.53 38.53 38.53 38.55 38.52 38.52 38.52 38.51 38.5 38.49 38.5 38.5 38.47 38.46 38.45 38.45 38.46 38.47 38.47 38.47 38.51 38.56 38.55 38.56 38.56 38.59 38.66 38.66 38.66 38.67
38.68 38.62 38.63 38.61 38.6 38.65 38.58 38.59 38.6 38.65 38.68 38.66 38.64 38.66 38.65 38.65 38.59 38.52 38.51 38.48 38.49 38.5 38.49 38.48 38.49 38.48 38.55 38.57 38.5 38.58 38.57 38.57 38.61 38.58 38.58 38.58 38.54 38.55 38.56 38.55 38.55 38.54 38.52 38.48 38.51 38.51 38.52 38.52 38.55 38.55 38.55 38.56 38.51 38.52 38.51 38.52 38.52 38.5 38.52 38.45 38.43 38.42 38.42 38.45 38.46 38.46 38.5 38.53 38.56 38.58 38.56 38.6 38.61 38.64 38.73 38.71 38.71 38.7
38.67 38.62 38.62 38.6 38.6 38.69 38.6 38.59 38.58 38.62 38.65 38.63 38.62 38.63 38.64 38.65 38.61 38.53 38.52 38.49 38.5 38.48 38.49 38.48 38.48 38.48 38.52 38.54 38.53 38.55 38.55 38.55 38.6 38.6 38.58 38.56 38.53 38.53 38.54 38.54 38.53 38.52 38.52 38.5 38.54 38.53 38.54 38.54 38.57 38.56 38.55 38.55 38.52 38.52 38.5 38.52 38.52 38.48 38.47 38.41 38.4 38.38 38.4 38.43 38.46 38.52 38.56 38.59 38.61 38.65 38.63 38.67 38.68 38.71 38.75 38.75 38.75 38.74
38.66 38.63 38.61 38.61 38.59 38.66 38.6 38.58 38.58 38.6 38.62 38.65 38.62 38.62 38.62 38.63 38.6 38.53 38.51 38.48 38.5 38.48 38.5 38.49 38.48 38.49 38.49 38.52 38.53 38.52 38.53 38.56 38.59 38.6 38.58 38.56 38.53 38.53 38.53 38.52 38.52 38.51 38.53 38.54 38.57 38.56 38.57 38.59 38.57 38.58 38.57 38.53 38.52 38.51 38.47 38.49 38.47 38.44 38.43 38.4 38.4 38.41 38.46 38.48 38.49 38.55 38.57 38.62 38.63 38.68 38.67 38.7 38.71 38.73 38.78 38.8 38.8 38.76
38.65 38.63 38.61 38.61 38.59 38.59 38.63 38.6 38.57 38.6 38.63 38.7 38.65 38.64 38.64 38.64 38.6 38.56 38.54 38.5 38.49 38.45 38.49 38.51 38.49 38.48 38.48 38.52 38.52 38.51 38.51 38.57 38.57 38.59 38.59 38.58 38.55 38.55 38.53 38.5 38.53 38.53 38.55 38.56 38.59 38.58 38.6 38.63 38.61 38.6 38.56 38.5 38.51 38.5 38.47 38.45 38.46 38.45 38.44 38.46 38.45 38.47 38.52 38.49 38.52 38.6 38.65 38.7 38.7 38.69 38.69 38.71 38.72 38.74 38.79 38.81 38.79 38.79
38.64 38.65 38.63 38.62 38.61 38.6 38.62 38.59 38.59 38.58 38.6 38.68 38.64 38.64 38.64 38.63 38.6 38.56 38.56 38.53 38.49 38.47 38.48 38.52 38.47 38.48 38.49 38.52 38.54 38.52 38.5 38.54 38.55 38.59 38.6 38.58 38.57 38.55 38.53 38.52 38.57 38.57 38.58 38.59 38.64 38.61 38.61 38.61 38.59 38.58 38.55 38.5 38.5 38.49 38.49 38.51 38.5 38.51 38.49 38.5 38.52 38.54 38.59 38.58 38.6 38.65 38.73 38.78 38.76 38.71 38.71 38.73 38.73 38.74 38.78 38.77 38.78 38.81
38.61 38.66 38.65 38.63 38.6 38.6 38.61 38.61 38.58 38.59 38.6 38.65 38.63 38.66 38.65 38.63 38.6 38.57 38.57 38.55 38.5 38.49 38.49 38.49 38.48 38.5 38.5 38.51 38.54 38.52 38.51 38.51 38.55 38.58 38.6 38.59 38.56 38.55 38.56 38.54 38.55 38.58 38.59 38.63 38.64 38.61 38.61 38.58 38.57 38.55 38.52 38.51 38.51 38.52 38.54 38.55 38.55 38.55 38.54 38.56 38.58 38.62 38.64 38.64 38.66 38.7 38.79 38.81 38.78 38.74 38.75 38.75 38.75 38.75 38.76 38.75 38.79 38.81
38.59 38.66 38.67 38.66 38.61 38.58 38.6 38.62 38.6 38.6 38.6 38.63 38.65 38.64 38.65 38.64 38.63 38.59 38.59 38.55 38.53 38.53 38.5 38.49 38.51 38.52 38.51 38.47 38.49 38.51 38.5 38.51 38.53 38.53 38.55 38.59 38.59 38.58 38.58 38.57 38.57 38.6 38.6 38.61 38.6 38.58 38.57 38.55 38.55 38.54 38.54 38.55 38.56 38.55 38.57 38.58 38.58 38.6 38.61 38.63 38.66 38.71 38.68 38.68 38.7 38.74 38.8 38.79 38.77 38.76 38.77 38.77 38.77 38.76 38.75 38.76 38.78 38.8
38.61 38.63 38.67 38.67 38.63 38.6 38.61 38.64 38.58 38.6 38.6 38.61 38.67 38.67 38.65 38.63 38.62 38.61 38.62 38.59 38.55 38.55 38.52 38.52 38.51 38.51 38.5 38.45 38.47 38.5 38.52 38.49 38.51 38.51 38.57 38.62 38.63 38.62 38.6 38.63 38.62 38.62 38.59 38.6 38.59 38.56 38.53 38.51 38.52 38.55 38.57 38.59 38.59 38.59 38.61 38.62 38.63 38.64 38.67 38.7 38.74 38.77 38.72 38.73 38.74 38.76 38.78 38.78 38.77 38.75 38.75 38.74 38.75 38.75 38.76 38.77 38.79 38.8
38.6 38.62 38.65 38.68 38.63 38.62 38.62 38.63 38.57 38.58 38.59 38.6 38.65 38.68 38.66 38.63 38.6 38.61 38.64 38.61 38.56 38.56 38.52 38.5 38.48 38.49 38.47 38.49 38.48 38.5 38.52 38.48 38.49 38.51 38.57 38.62 38.65 38.64 38.65 38.66 38.64 38.61 38.59 38.57 38.56 38.53 38.53 38.54 38.56 38.6 38.6 38.62 38.63 38.65 38.7 38.68 38.7 38.69 38.72 38.74 38.78 38.78 38.75 38.76 38.77 38.75 38.76 38.76 38.75 38.74 38.72 38.72 38.73 38.74 38.75 38.76 38.78 38.82
38.6 38.62 38.63 38.68 38.63 38.62 38.6 38.6 38.59 38.59 38.6 38.6 38.61 38.66 38.66 38.65 38.61 38.62 38.63 38.62 38.56 38.56 38.54 38.45 38.5 38.5 38.5 38.48 38.49 38.5 38.51 38.49 38.47 38.5 38.56 38.66 38.67 38.66 38.67 38.67 38.65 38.61 38.58 38.56 38.55 38.53 38.56 38.58 38.6 38.63 38.66 38.67 38.7 38.7 38.76 38.74 38.76 38.74 38.74 38.75 38.77 38.77 38.76 38.77 38.77 38.76 38.75 38.75 38.73 38.74 38.71 38.72 38.74 38.72 38.74 38.76 38.79 38.82
38.62 38.62 38.62 38.65 38.63 38.63 38.62 38.6 38.61 38.63 38.61 38.62 38.61 38.64 38.7 38.65 38.62 38.61 38.61 38.68 38.58 38.58 38.54 38.44 38.49 38.49 38.52 38.48 38.48 38.49 38.53 38.48 38.49 38.5 38.57 38.65 38.64 38.65 38.68 38.65 38.65 38.6 38.58 38.57 38.57 38.59 38.63 38.64 38.65 38.65 38.69 38.69 38.73 38.73 38.77 38.75 38.78 38.78 38.75 38.75 38.77 38.77 38.78 38.78 38.76 38.76 38.77 38.76 38.73 38.74 38.74 38.74 38.75 38.74 38.77 38.78 38.82 38.88
38.63 38.62 38.61 38.62 38.64 38.65 38.64 38.61 38.64 38.63 38.6 38.62 38.61 38.63 38.68 38.64 38.63 38.62 38.61 38.67 38.58 38.57 38.53 38.46 38.48 38.49 38.5 38.5 38.5 38.49 38.53 38.49 38.5 38.51 38.56 38.61 38.61 38.63 38.66 38.65 38.65 38.61 38.58 38.59 38.62 38.69 38.69 38.68 38.68 38.7 38.68 38.69 38.71 38.73 38.76 38.76 38.79 38.8 38.75 38.75 38.77 38.77 38.78 38.78 38.77 38.75 38.79 38.79 38.77 38.76 38.75 38.78 38.82 38.82 38.8 38.82 38.86 38.89
38.61 38.6 38.61 38.62 38.64 38.64 38.64 38.58 38.59 38.59 38.59 38.61 38.59 38.59 38.63 38.62 38.62 38.63 38.62 38.67 38.6 38.58 38.56 38.51 38.49 38.48 38.46 38.48 38.49 38.49 38.52 38.49 38.49 38.51 38.53 38.57 38.58 38.61 38.65 38.66 38.65 38.62 38.57 38.59 38.66 38.75 38.7 38.66 38.67 38.74 38.68 38.72 38.71 38.72 38.73 38.73 38.77 38.79 38.73 38.74 38.76 38.74 38.73 38.73 38.75 38.76 38.81 38.79 38.77 38.77 38.77 38.79 38.83 38.84 38.83 38.86 38.89 38.9
38.61 38.6 38.6 38.59 38.62 38.62 38.63 38.6 38.6 38.59 38.59 38.61 38.58 38.59 38.62 38.64 38.64 38.63 38.62 38.63 38.6 38.59 38.57 38.53 38.5 38.47 38.47 38.48 38.48 38.48 38.51 38.49 38.5 38.51 38.52 38.54 38.56 38.59 38.66 38.64 38.65 38.62 38.55 38.56 38.63 38.73 38.69 38.67 38.71 38.79 38.74 38.74 38.71 38.7 38.71 38.72 38.74 38.74 38.72 38.72 38.72 38.73 38.74 38.74 38.75 38.76 38.79 38.8 38.8 38.8 38.79 38.8 38.84 38.84 38.84 38.88 38.91 38.91
