slabs/98.grd
DSAA
631 301
647670 648300
4948100 4948400
34.57 40.23
[rows 204 to 237 of 300, columns 156 to 233 of 631]
37.96 37.93 37.91 37.86 37.85 37.85 37.84 37.84 37.86 37.88 37.88 37.9 37.91 37.93 37.93 37.93 37.93 37.94 37.94 37.95 37.93 37.92 37.92 37.94 37.96 37.94 37.89 37.86 37.87 37.87 37.84 37.84 37.86 37.87 37.88 37.87 37.89 37.88 37.86 37.88 37.88 37.86 37.84 37.84 37.83 37.8 37.82 37.85 37.85 37.84 37.84 37.86 37.86 37.82 37.73 37.67 37.68 37.69 37.72 37.71 37.69 37.67 37.68 37.71 37.73 37.75 37.75 37.73 37.71 37.67 37.64 37.65 37.69 37.7 37.69 37.67 37.65 37.66
37.96 37.93 37.91 37.87 37.85 37.85 37.84 37.84 37.85 37.87 37.88 37.9 37.92 37.94 37.94 37.94 37.94 37.94 37.95 37.96 37.95 37.94 37.93 37.96 37.97 37.95 37.9 37.89 37.9 37.9 37.88 37.86 37.85 37.86 37.87 37.87 37.87 37.87 37.86 37.89 37.88 37.86 37.85 37.84 37.82 37.8 37.82 37.84 37.84 37.84 37.83 37.85 37.85 37.83 37.77 37.69 37.69 37.71 37.78 37.77 37.73 37.68 37.68 37.67 37.7 37.76 37.77 37.75 37.71 37.68 37.65 37.67 37.71 37.7 37.69 37.67 37.65 37.69
37.96 37.95 37.94 37.9 37.87 37.85 37.85 37.83 37.84 37.86 37.88 37.91 37.92 37.93 37.93 37.92 37.92 37.93 37.95 37.97 37.97 37.96 37.94 37.95 37.97 37.95 37.91 37.91 37.92 37.91 37.88 37.84 37.83 37.85 37.88 37.89 37.88 37.87 37.87 37.89 37.88 37.85 37.85 37.83 37.83 37.81 37.82 37.83 37.84 37.83 37.82 37.85 37.84 37.84 37.81 37.75 37.73 37.73 37.8 37.79 37.74 37.69 37.66 37.66 37.68 37.74 37.77 37.76 37.72 37.7 37.65 37.68 37.74 37.72 37.67 37.67 37.66 37.65
37.97 37.97 37.97 37.94 37.9 37.89 37.86 37.81 37.83 37.86 37.88 37.91 37.91 37.92 37.94 37.93 37.92 37.93 37.95 37.96 37.95 37.95 37.94 37.95 37.96 37.94 37.91 37.91 37.92 37.91 37.87 37.84 37.84 37.85 37.88 37.89 37.89 37.89 37.88 37.88 37.87 37.85 37.85 37.85 37.84 37.81 37.82 37.84 37.85 37.85 37.84 37.84 37.84 37.84 37.84 37.8 37.77 37.72 37.75 37.74 37.71 37.68 37.68 37.68 37.7 37.74 37.76 37.75 37.73 37.72 37.65 37.66 37.72 37.74 37.68 37.68 37.66 37.62
37.97 37.97 37.97 37.94 37.91 37.89 37.85 37.81 37.83 37.85 37.88 37.89 37.9 37.91 37.94 37.94 37.94 37.94 37.95 37.95 37.93 37.94 37.95 37.95 37.93 37.92 37.92 37.91 37.92 37.92 37.89 37.86 37.86 37.86 37.88 37.88 37.89 37.89 37.88 37.88 37.87 37.86 37.85 37.86 37.85 37.82 37.83 37.87 37.87 37.86 37.86 37.83 37.83 37.84 37.86 37.83 37.79 37.73 37.71 37.71 37.7 37.7 37.71 37.72 37.72 37.76 37.79 37.77 37.73 37.73 37.67 37.67 37.69 37.72 37.68 37.68 37.67 37.62
37.97 37.98 37.96 37.94 37.93 37.9 37.86 37.81 37.82 37.84 37.89 37.9 37.9 37.91 37.93 37.94 37.95 37.95 37.95 37.95 37.94 37.94 37.94 37.93 37.91 37.92 37.94 37.93 37.94 37.94 37.92 37.9 37.89 37.87 37.87 37.87 37.87 37.88 37.88 37.87 37.86 37.85 37.85 37.85 37.85 37.83 37.84 37.88 37.87 37.86 37.86 37.84 37.82 37.84 37.88 37.87 37.81 37.74 37.7 37.7 37.71 37.71 37.72 37.72 37.71 37.75 37.81 37.78 37.74 37.74 37.73 37.7 37.69 37.7 37.68 37.69 37.68 37.64
37.97 37.99 37.98 37.97 37.95 37.93 37.87 37.84 37.83 37.85 37.88 37.9 37.91 37.91 37.92 37.94 37.97 37.96 37.96 37.96 37.95 37.95 37.94 37.92 37.9 37.93 37.96 37.95 37.95 37.95 37.94 37.93 37.91 37.88 37.87 37.86 37.86 37.87 37.87 37.85 37.85 37.86 37.85 37.84 37.83 37.83 37.84 37.86 37.86 37.86 37.86 37.85 37.83 37.84 37.87 37.87 37.83 37.74 37.69 37.71 37.74 37.73 37.71 37.71 37.71 37.74 37.8 37.78 37.75 37.74 37.75 37.72 37.68 37.67 37.68 37.7 37.69 37.65
37.96 37.99 38 37.98 37.95 37.92 37.87 37.85 37.82 37.84 37.87 37.87 37.88 37.89 37.92 37.95 37.98 37.97 37.96 37.96 37.95 37.95 37.93 37.92 37.92 37.94 37.96 37.95 37.96 37.95 37.94 37.95 37.92 37.87 37.86 37.87 37.87 37.87 37.87 37.85 37.86 37.86 37.85 37.84 37.83 37.83 37.84 37.84 37.85 37.85 37.85 37.85 37.85 37.84 37.85 37.86 37.85 37.75 37.69 37.7 37.74 37.75 37.72 37.72 37.71 37.71 37.74 37.75 37.75 37.74 37.74 37.72 37.67 37.64 37.65 37.69 37.69 37.67
37.95 37.97 38 38 37.98 37.94 37.87 37.85 37.84 37.85 37.86 37.87 37.89 37.89 37.92 37.96 37.97 37.96 37.94 37.95 37.96 37.95 37.94 37.94 37.94 37.95 37.96 37.97 37.97 37.96 37.95 37.94 37.92 37.86 37.84 37.87 37.87 37.87 37.87 37.85 37.86 37.86 37.86 37.85 37.84 37.84 37.83 37.83 37.85 37.86 37.85 37.85 37.86 37.84 37.85 37.86 37.87 37.79 37.73 37.72 37.73 37.75 37.73 37.72 37.72 37.72 37.72 37.74 37.76 37.75 37.76 37.75 37.69 37.63 37.64 37.67 37.68 37.68
37.95 37.96 37.99 38 37.99 37.96 37.89 37.86 37.84 37.85 37.86 37.88 37.9 37.9 37.92 37.95 37.95 37.94 37.94 37.94 37.95 37.94 37.94 37.95 37.94 37.94 37.96 37.99 37.98 37.97 37.96 37.93 37.91 37.86 37.83 37.85 37.86 37.87 37.86 37.85 37.85 37.86 37.87 37.86 37.85 37.86 37.85 37.85 37.86 37.88 37.87 37.87 37.86 37.84 37.85 37.87 37.88 37.82 37.76 37.74 37.72 37.73 37.73 37.72 37.72 37.74 37.74 37.75 37.78 37.78 37.79 37.79 37.71 37.64 37.64 37.66 37.68 37.69
37.95 37.96 37.99 38 37.99 37.96 37.91 37.86 37.83 37.84 37.85 37.88 37.89 37.9 37.93 37.95 37.94 37.94 37.95 37.94 37.93 37.92 37.92 37.93 37.93 37.93 37.95 37.99 37.99 37.97 37.95 37.94 37.92 37.87 37.85 37.86 37.86 37.87 37.86 37.86 37.88 37.87 37.87 37.87 37.86 37.86 37.85 37.85 37.87 37.88 37.87 37.87 37.86 37.85 37.86 37.86 37.87 37.84 37.78 37.75 37.71 37.72 37.72 37.72 37.7 37.71 37.71 37.73 37.78 37.8 37.81 37.8 37.7 37.65 37.63 37.64 37.68 37.67
37.94 37.96 37.99 38 37.98 37.97 37.94 37.88 37.85 37.85 37.85 37.87 37.9 37.91 37.94 37.95 37.94 37.94 37.96 37.96 37.94 37.92 37.93 37.93 37.93 37.94 37.95 37.97 37.98 37.98 37.96 37.94 37.93 37.89 37.86 37.84 37.85 37.85 37.83 37.84 37.88 37.87 37.87 37.86 37.86 37.86 37.85 37.85 37.86 37.86 37.86 37.86 37.87 37.86 37.86 37.87 37.88 37.86 37.82 37.78 37.72 37.71 37.72 37.72 37.67 37.66 37.67 37.69 37.73 37.78 37.79 37.78 37.7 37.67 37.65 37.62 37.65 37.68
37.92 37.94 37.99 38.01 38 37.99 37.97 37.92 37.87 37.87 37.86 37.87 37.89 37.91 37.93 37.94 37.94 37.94 37.95 37.95 37.94 37.93 37.95 37.97 37.95 37.94 37.96 37.96 37.97 37.96 37.94 37.93 37.91 37.88 37.87 37.86 37.86 37.84 37.83 37.84 37.86 37.86 37.86 37.85 37.84 37.87 37.87 37.86 37.85 37.86 37.88 37.87 37.88 37.88 37.87 37.87 37.88 37.86 37.85 37.82 37.73 37.7 37.71 37.72 37.68 37.67 37.67 37.67 37.68 37.73 37.76 37.78 37.72 37.68 37.66 37.63 37.65 37.69
37.93 37.95 37.98 38.01 38 38 37.98 37.92 37.88 37.87 37.85 37.86 37.87 37.9 37.93 37.94 37.95 37.95 37.95 37.95 37.94 37.93 37.94 37.96 37.95 37.95 37.95 37.95 37.95 37.95 37.93 37.93 37.91 37.9 37.89 37.88 37.86 37.83 37.84 37.85 37.86 37.87 37.87 37.86 37.85 37.88 37.87 37.86 37.85 37.87 37.89 37.89 37.9 37.88 37.87 37.88 37.87 37.85 37.85 37.83 37.75 37.71 37.72 37.73 37.71 37.69 37.69 37.68 37.67 37.71 37.74 37.78 37.73 37.68 37.66 37.63 37.64 37.66
37.95 37.96 37.99 38.01 38 38 37.98 37.94 37.92 37.89 37.86 37.86 37.87 37.91 37.94 37.95 37.95 37.95 37.95 37.96 37.95 37.93 37.93 37.94 37.94 37.94 37.93 37.94 37.94 37.95 37.93 37.93 37.93 37.92 37.91 37.89 37.85 37.83 37.85 37.86 37.88 37.87 37.87 37.87 37.88 37.88 37.85 37.85 37.85 37.87 37.88 37.89 37.9 37.87 37.86 37.86 37.88 37.87 37.88 37.87 37.78 37.73 37.72 37.73 37.72 37.69 37.69 37.68 37.67 37.69 37.72 37.75 37.72 37.69 37.69 37.66 37.63 37.63
37.93 37.95 37.99 38.01 38.01 38 37.99 37.98 37.96 37.92 37.87 37.87 37.87 37.89 37.92 37.94 37.94 37.94 37.97 37.98 37.97 37.95 37.95 37.95 37.95 37.94 37.94 37.94 37.94 37.95 37.94 37.94 37.94 37.94 37.91 37.89 37.85 37.83 37.86 37.87 37.88 37.87 37.87 37.88 37.9 37.89 37.87 37.86 37.85 37.85 37.86 37.88 37.9 37.89 37.87 37.86 37.88 37.88 37.9 37.89 37.81 37.76 37.74 37.71 37.71 37.69 37.69 37.68 37.67 37.67 37.69 37.73 37.72 37.72 37.72 37.68 37.61 37.61
37.94 37.95 37.99 38.01 38.01 38.02 38.01 38 37.98 37.95 37.89 37.86 37.87 37.9 37.93 37.94 37.94 37.94 37.97 37.98 37.97 37.95 37.96 37.95 37.95 37.95 37.95 37.94 37.94 37.95 37.95 37.95 37.94 37.93 37.89 37.87 37.85 37.84 37.85 37.86 37.88 37.87 37.88 37.88 37.89 37.87 37.87 37.88 37.86 37.84 37.85 37.88 37.9 37.89 37.89 37.89 37.89 37.88 37.9 37.91 37.84 37.78 37.75 37.71 37.7 37.7 37.7 37.7 37.71 37.71 37.71 37.75 37.76 37.76 37.74 37.68 37.6 37.59
37.93 37.94 37.96 38 38.01 38.01 38.02 38.02 38 37.94 37.89 37.86 37.87 37.91 37.94 37.95 37.95 37.94 37.95 37.96 37.96 37.95 37.96 37.95 37.94 37.96 37.94 37.93 37.92 37.93 37.93 37.94 37.94 37.93 37.89 37.87 37.84 37.83 37.82 37.84 37.87 37.88 37.88 37.87 37.89 37.88 37.88 37.88 37.87 37.86 37.87 37.89 37.9 37.9 37.9 37.9 37.9 37.89 37.9 37.91 37.85 37.77 37.75 37.72 37.72 37.73 37.72 37.7 37.73 37.73 37.72 37.76 37.8 37.79 37.75 37.69 37.61 37.59
37.95 37.95 37.96 38 38 38.01 38.02 38.05 38.02 37.95 37.92 37.9 37.9 37.9 37.92 37.95 37.96 37.96 37.95 37.96 37.97 37.95 37.95 37.95 37.94 37.95 37.94 37.93 37.91 37.91 37.92 37.93 37.95 37.94 37.92 37.88 37.84 37.84 37.81 37.82 37.86 37.88 37.87 37.86 37.88 37.89 37.89 37.88 37.87 37.87 37.87 37.88 37.9 37.91 37.9 37.89 37.89 37.88 37.88 37.9 37.87 37.8 37.76 37.73 37.74 37.75 37.74 37.7 37.7 37.7 37.7 37.73 37.79 37.79 37.76 37.71 37.65 37.62
37.97 37.94 37.94 37.98 37.99 38 38.01 38.04 38.03 37.98 37.94 37.93 37.92 37.9 37.9 37.92 37.94 37.95 37.95 37.96 37.97 37.94 37.94 37.95 37.94 37.95 37.95 37.93 37.91 37.92 37.93 37.95 37.97 37.94 37.89 37.88 37.86 37.86 37.85 37.84 37.83 37.85 37.85 37.86 37.87 37.88 37.88 37.87 37.86 37.86 37.86 37.88 37.89 37.9 37.89 37.88 37.88 37.88 37.87 37.89 37.91 37.86 37.78 37.75 37.73 37.74 37.74 37.7 37.67 37.67 37.66 37.69 37.77 37.77 37.76 37.73 37.69 37.65
37.97 37.95 37.96 37.99 37.99 38 38.01 38.01 38.01 37.99 37.94 37.93 37.92 37.9 37.9 37.91 37.92 37.94 37.94 37.95 37.96 37.95 37.94 37.94 37.94 37.95 37.94 37.93 37.92 37.93 37.94 37.95 37.97 37.94 37.9 37.89 37.88 37.86 37.85 37.84 37.82 37.83 37.84 37.86 37.88 37.88 37.88 37.87 37.85 37.83 37.84 37.88 37.9 37.89 37.89 37.88 37.87 37.87 37.88 37.89 37.93 37.91 37.83 37.77 37.72 37.72 37.74 37.74 37.68 37.66 37.65 37.66 37.72 37.73 37.74 37.72 37.68 37.64
37.96 37.96 37.98 37.99 38 38.02 38.02 38.01 38.01 38 37.97 37.95 37.92 37.9 37.89 37.9 37.9 37.93 37.93 37.93 37.93 37.94 37.94 37.94 37.92 37.92 37.91 37.91 37.91 37.91 37.91 37.93 37.95 37.93 37.91 37.89 37.88 37.85 37.85 37.83 37.82 37.82 37.83 37.86 37.89 37.9 37.89 37.88 37.86 37.82 37.84 37.87 37.88 37.86 37.88 37.89 37.86 37.85 37.87 37.89 37.92 37.91 37.87 37.79 37.73 37.73 37.76 37.77 37.69 37.67 37.65 37.65 37.65 37.69 37.73 37.7 37.66 37.63
37.96 37.97 37.98 37.98 38 38.02 38.03 38.03 38.03 38.01 38.01 37.98 37.93 37.9 37.9 37.9 37.89 37.92 37.92 37.92 37.92 37.93 37.94 37.94 37.93 37.91 37.9 37.9 37.9 37.92 37.92 37.94 37.95 37.93 37.91 37.89 37.88 37.85 37.85 37.84 37.82 37.82 37.83 37.86 37.89 37.9 37.89 37.88 37.88 37.83 37.85 37.87 37.87 37.86 37.89 37.9 37.86 37.85 37.85 37.88 37.9 37.9 37.89 37.81 37.74 37.73 37.76 37.76 37.7 37.67 37.65 37.65 37.66 37.7 37.72 37.69 37.65 37.63
37.98 37.98 37.97 37.97 37.98 38.01 38.02 38.04 38.04 38.03 38.02 38 37.95 37.92 37.92 37.9 37.89 37.91 37.92 37.92 37.93 37.94 37.94 37.94 37.93 37.91 37.89 37.9 37.91 37.93 37.94 37.95 37.94 37.93 37.92 37.91 37.88 37.86 37.86 37.84 37.82 37.83 37.84 37.87 37.88 37.89 37.88 37.88 37.89 37.86 37.87 37.88 37.87 37.88 37.92 37.92 37.89 37.87 37.85 37.88 37.89 37.9 37.89 37.83 37.75 37.74 37.74 37.72 37.71 37.68 37.66 37.66 37.65 37.67 37.71 37.7 37.68 37.66
37.99 37.97 37.97 37.96 37.98 37.99 38.01 38.02 38.04 38.05 38.04 38.01 37.96 37.93 37.89 37.89 37.89 37.91 37.9 37.91 37.92 37.93 37.92 37.92 37.92 37.9 37.89 37.91 37.92 37.92 37.93 37.94 37.94 37.93 37.93 37.92 37.89 37.87 37.87 37.86 37.83 37.83 37.85 37.88 37.88 37.87 37.87 37.89 37.89 37.89 37.88 37.88 37.89 37.89 37.91 37.93 37.92 37.89 37.86 37.87 37.87 37.88 37.9 37.85 37.78 37.76 37.73 37.71 37.7 37.67 37.65 37.65 37.64 37.64 37.7 37.72 37.72 37.72
37.97 37.96 37.97 37.98 37.99 37.99 38 38.01 38.03 38.04 38.04 38.03 37.99 37.93 37.89 37.89 37.89 37.89 37.9 37.91 37.91 37.9 37.9 37.91 37.91 37.9 37.9 37.92 37.92 37.9 37.91 37.93 37.94 37.94 37.93 37.92 37.9 37.87 37.87 37.88 37.84 37.84 37.85 37.88 37.88 37.86 37.86 37.89 37.91 37.91 37.9 37.89 37.89 37.89 37.89 37.91 37.93 37.91 37.87 37.86 37.86 37.88 37.91 37.88 37.81 37.78 37.73 37.71 37.71 37.7 37.65 37.63 37.62 37.62 37.67 37.72 37.73 37.74
37.97 37.98 37.98 37.98 38 37.98 37.97 37.99 38.04 38.04 38.03 38.02 37.99 37.94 37.89 37.88 37.87 37.87 37.9 37.9 37.89 37.88 37.89 37.91 37.91 37.9 37.9 37.91 37.91 37.89 37.89 37.91 37.92 37.92 37.92 37.91 37.9 37.87 37.88 37.89 37.86 37.86 37.85 37.87 37.86 37.85 37.86 37.89 37.92 37.93 37.94 37.9 37.89 37.89 37.89 37.9 37.92 37.91 37.88 37.86 37.86 37.88 37.9 37.89 37.85 37.8 37.73 37.71 37.74 37.76 37.66 37.61 37.61 37.6 37.65 37.72 37.73 37.73
37.98 37.99 37.97 37.97 37.99 37.97 37.96 37.99 38.04 38.05 38.05 38.04 38.01 37.96 37.91 37.91 37.87 37.87 37.88 37.89 37.9 37.89 37.9 37.9 37.9 37.9 37.9 37.91 37.91 37.9 37.89 37.88 37.89 37.9 37.9 37.91 37.91 37.89 37.89 37.88 37.88 37.87 37.85 37.86 37.85 37.85 37.87 37.89 37.94 37.95 37.93 37.89 37.87 37.88 37.89 37.89 37.88 37.88 37.88 37.86 37.86 37.88 37.9 37.9 37.89 37.84 37.74 37.71 37.73 37.75 37.67 37.61 37.61 37.6 37.65 37.73 37.74 37.74
37.96 37.98 37.98 37.98 37.98 37.98 38 38.01 38.03 38.05 38.06 38.05 38.01 37.95 37.93 37.93 37.89 37.87 37.86 37.88 37.89 37.9 37.9 37.89 37.88 37.89 37.9 37.9 37.9 37.91 37.91 37.89 37.9 37.91 37.91 37.92 37.93 37.92 37.9 37.88 37.87 37.86 37.85 37.86 37.85 37.86 37.89 37.91 37.95 37.94 37.92 37.9 37.89 37.89 37.9 37.89 37.87 37.87 37.87 37.86 37.87 37.88 37.89 37.89 37.9 37.88 37.77 37.72 37.71 37.7 37.67 37.63 37.63 37.61 37.64 37.69 37.73 37.77
37.97 37.97 37.97 37.97 37.98 37.99 38 38.01 38.03 38.06 38.07 38.06 38.02 37.97 37.96 37.94 37.89 37.86 37.84 37.85 37.86 37.87 37.88 37.89 37.88 37.9 37.89 37.89 37.89 37.92 37.91 37.91 37.9 37.91 37.91 37.93 37.94 37.93 37.9 37.88 37.87 37.87 37.86 37.85 37.84 37.85 37.88 37.9 37.92 37.92 37.91 37.92 37.91 37.92 37.92 37.9 37.87 37.86 37.87 37.86 37.87 37.87 37.87 37.87 37.88 37.88 37.81 37.74 37.72 37.69 37.67 37.65 37.64 37.63 37.63 37.63 37.7 37.78
37.99 37.97 37.97 37.97 37.98 37.98 37.99 38 38.03 38.06 38.07 38.06 38.04 38.01 37.98 37.92 37.87 37.83 37.82 37.82 37.83 37.85 37.86 37.87 37.88 37.9 37.89 37.87 37.88 37.9 37.89 37.89 37.89 37.89 37.88 37.9 37.92 37.92 37.91 37.89 37.9 37.89 37.87 37.85 37.86 37.86 37.86 37.89 37.9 37.9 37.91 37.93 37.94 37.95 37.93 37.91 37.89 37.87 37.87 37.89 37.87 37.85 37.85 37.86 37.87 37.87 37.83 37.78 37.74 37.69 37.68 37.65 37.64 37.64 37.65 37.64 37.69 37.77
37.97 37.96 37.96 37.96 37.97 37.98 37.99 38 38.01 38.03 38.04 38.06 38.05 38.02 38 37.93 37.86 37.82 37.82 37.81 37.82 37.84 37.86 37.88 37.89 37.89 37.88 37.85 37.86 37.87 37.87 37.86 37.87 37.87 37.88 37.88 37.91 37.91 37.91 37.89 37.91 37.9 37.87 37.85 37.87 37.87 37.88 37.9 37.89 37.89 37.91 37.92 37.94 37.96 37.94 37.92 37.91 37.89 37.89 37.91 37.9 37.85 37.86 37.88 37.88 37.87 37.84 37.81 37.77 37.7 37.68 37.66 37.65 37.65 37.66 37.67 37.68 37.76
37.95 37.93 37.93 37.95 37.97 37.97 37.99 38.01 38 38 38.01 38.04 38.04 38.02 37.99 37.93 37.87 37.83 37.83 37.82 37.83 37.85 37.86 37.89 37.89 37.89 37.88 37.85 37.84 37.84 37.85 37.84 37.84 37.85 37.87 37.87 37.89 37.9 37.89 37.88 37.89 37.88 37.87 37.86 37.87 37.87 37.88 37.91 37.9 37.9 37.91 37.94 37.95 37.98 37.96 37.94 37.93 37.9 37.89 37.91 37.9 37.87 37.86 37.88 37.88 37.87 37.84 37.83 37.8 37.73 37.7 37.69 37.67 37.66 37.66 37.67 37.69 37.74
37.95 37.93 37.93 37.94 37.96 37.97 37.99 38.01 38 37.99 38 38.02 38.03 38.02 37.99 37.91 37.87 37.83 37.82 37.82 37.84 37.87 37.86 37.86 37.87 37.87 37.87 37.85 37.84 37.83 37.83 37.83 37.84 37.85 37.85 37.84 37.87 37.88 37.87 37.86 37.86 37.86 37.85 37.86 37.87 37.87 37.88 37.91 37.92 37.91 37.94 37.97 37.98 37.98 37.98 37.96 37.95 37.9 37.89 37.91 37.9 37.88 37.86 37.85 37.86 37.87 37.86 37.85 37.82 37.74 37.7 37.68 37.67 37.66 37.64 37.65 37.67 37.71
