slabs/98.grd
DSAA
631 301
647670 648300
4948100 4948400
34.57 40.23
[rows 102 to 135 of 300, columns 78 to 155 of 631]
38 37.82 37.51 37.5 37.68 37.92 38.03 38.02 37.97 37.97 37.98 37.97 37.97 38 38.03 38.04 38.05 38.05 38.05 38.05 38.06 38.08 38.09 38.1 38.11 38.12 38.12 38.13 38.14 38.16 38.16 38.16 38.15 38.15 38.15 38.14 38.13 38.12 38.1 38.08 38.08 38.09 38.09 38.1 38.11 38.11 38.12 38.13 38.13 38.11 38.09 38.09 38.09 38.1 38.12 38.11 38.11 38.11 38.12 38.14 38.16 38.21 38.28 38.27 38.22 38.19 38.17 38.19 38.2 38.21 38.22 38.2 38.19 38.16 38.12 38.12 38.11 38.09
38.02 37.97 37.77 37.66 37.63 37.86 38.02 38.03 37.99 37.97 38.01 38.01 37.99 37.98 37.98 38 38.04 38.05 38.04 38.05 38.06 38.06 38.07 38.1 38.1 38.1 38.11 38.13 38.13 38.15 38.15 38.15 38.14 38.15 38.14 38.13 38.12 38.1 38.09 38.08 38.08 38.07 38.08 38.1 38.12 38.12 38.13 38.14 38.13 38.11 38.1 38.08 38.09 38.1 38.12 38.09 38.09 38.1 38.12 38.12 38.13 38.17 38.25 38.25 38.22 38.2 38.17 38.18 38.19 38.21 38.2 38.19 38.18 38.16 38.13 38.13 38.12 38.09
38.06 38.07 37.97 37.81 37.6 37.79 37.97 38 38 37.97 38.02 38.02 38.01 37.99 37.97 38 38.04 38.06 38.05 38.06 38.07 38.06 38.07 38.09 38.1 38.1 38.1 38.11 38.11 38.12 38.14 38.16 38.15 38.15 38.15 38.14 38.12 38.11 38.1 38.09 38.08 38.06 38.07 38.1 38.11 38.11 38.12 38.14 38.13 38.11 38.11 38.09 38.1 38.11 38.11 38.09 38.09 38.1 38.11 38.13 38.14 38.16 38.18 38.19 38.22 38.21 38.15 38.15 38.16 38.18 38.2 38.18 38.18 38.16 38.13 38.11 38.1 38.08
38.1 38.11 38.03 37.88 37.65 37.77 37.94 37.98 38.01 37.98 38 38.01 38.01 37.98 37.97 37.99 38.03 38.06 38.06 38.07 38.07 38.06 38.06 38.08 38.09 38.09 38.09 38.1 38.1 38.12 38.13 38.15 38.14 38.15 38.15 38.14 38.12 38.12 38.12 38.11 38.09 38.08 38.07 38.08 38.08 38.08 38.12 38.15 38.16 38.14 38.11 38.11 38.12 38.12 38.11 38.1 38.09 38.1 38.1 38.11 38.13 38.13 38.15 38.17 38.19 38.22 38.17 38.14 38.16 38.19 38.19 38.18 38.18 38.17 38.12 38.09 38.09 38.09
38.15 38.17 38.11 37.98 37.74 37.79 37.95 37.99 38.04 38.02 38 38.01 38.01 37.99 37.98 37.99 38.02 38.04 38.05 38.06 38.06 38.06 38.06 38.07 38.08 38.07 38.07 38.08 38.11 38.11 38.12 38.14 38.13 38.14 38.14 38.13 38.12 38.12 38.12 38.12 38.11 38.11 38.09 38.05 38.03 38.05 38.11 38.16 38.18 38.16 38.11 38.09 38.1 38.11 38.12 38.11 38.08 38.08 38.08 38.09 38.11 38.13 38.15 38.16 38.18 38.21 38.15 38.1 38.13 38.18 38.18 38.18 38.18 38.17 38.13 38.1 38.1 38.08
38.12 38.16 38.12 38.03 37.81 37.75 37.88 37.94 38.04 38.06 38.02 38.01 38.01 38 37.99 37.99 38.02 38.04 38.05 38.05 38.04 38.06 38.06 38.06 38.07 38.06 38.07 38.08 38.1 38.1 38.11 38.13 38.11 38.12 38.12 38.12 38.12 38.12 38.12 38.11 38.12 38.12 38.09 38.06 38.03 38.05 38.1 38.13 38.16 38.14 38.1 38.09 38.09 38.11 38.13 38.12 38.09 38.07 38.08 38.09 38.11 38.13 38.16 38.19 38.2 38.21 38.14 38.1 38.12 38.17 38.17 38.16 38.16 38.15 38.13 38.12 38.11 38.08
38.02 38.08 38.1 38.06 37.9 37.7 37.77 37.87 38.01 38.07 38.05 38.01 38.01 37.99 37.97 37.97 38.01 38.04 38.05 38.06 38.04 38.06 38.06 38.05 38.06 38.08 38.08 38.08 38.09 38.08 38.1 38.12 38.1 38.1 38.11 38.13 38.13 38.13 38.13 38.12 38.11 38.11 38.09 38.06 38.06 38.07 38.1 38.12 38.15 38.14 38.11 38.09 38.09 38.11 38.12 38.12 38.1 38.07 38.07 38.09 38.1 38.13 38.17 38.24 38.24 38.22 38.16 38.12 38.13 38.16 38.17 38.16 38.15 38.12 38.12 38.12 38.11 38.08
38 38.06 38.11 38.13 38 37.71 37.7 37.8 37.97 38.04 38.03 38 38.01 38.01 37.98 37.96 37.99 38.02 38.04 38.06 38.05 38.06 38.05 38.04 38.05 38.08 38.07 38.07 38.07 38.07 38.09 38.12 38.12 38.12 38.13 38.15 38.17 38.17 38.15 38.14 38.13 38.12 38.09 38.07 38.06 38.08 38.11 38.12 38.13 38.13 38.12 38.12 38.12 38.12 38.12 38.11 38.1 38.08 38.08 38.1 38.1 38.11 38.17 38.24 38.23 38.22 38.19 38.15 38.14 38.15 38.17 38.16 38.15 38.11 38.1 38.1 38.09 38.06
37.99 38.04 38.09 38.17 38.14 37.9 37.79 37.75 37.93 38.02 38.02 38 38.01 38.04 38.01 37.97 37.96 37.99 38.02 38.06 38.05 38.04 38.04 38.04 38.05 38.06 38.05 38.06 38.06 38.07 38.1 38.13 38.15 38.15 38.13 38.14 38.18 38.18 38.16 38.14 38.12 38.11 38.1 38.08 38.07 38.08 38.1 38.11 38.12 38.11 38.13 38.14 38.13 38.11 38.1 38.08 38.09 38.09 38.09 38.09 38.09 38.09 38.14 38.16 38.14 38.18 38.22 38.19 38.15 38.12 38.15 38.14 38.13 38.1 38.08 38.08 38.08 38.05
38 38.03 38.08 38.2 38.25 38.12 37.96 37.75 37.91 38.02 38.03 38.02 38 38.03 38.03 38 37.96 37.97 38 38.03 38.03 38.02 38.04 38.06 38.09 38.08 38.06 38.06 38.06 38.07 38.11 38.14 38.15 38.14 38.13 38.15 38.18 38.17 38.15 38.14 38.12 38.11 38.09 38.09 38.09 38.08 38.09 38.1 38.11 38.11 38.13 38.13 38.12 38.11 38.09 38.07 38.08 38.1 38.09 38.08 38.08 38.09 38.1 38.07 38.05 38.16 38.27 38.24 38.16 38.1 38.09 38.1 38.11 38.1 38.08 38.08 38.07 38.05
38.02 38.03 38.07 38.2 38.26 38.19 38.06 37.82 37.87 37.99 38.01 38.03 38 38 38.01 38.01 37.99 37.99 38 38.03 38.04 38.05 38.06 38.07 38.1 38.09 38.06 38.06 38.07 38.08 38.1 38.13 38.15 38.14 38.13 38.15 38.19 38.17 38.15 38.15 38.14 38.11 38.09 38.09 38.09 38.08 38.08 38.09 38.1 38.11 38.12 38.12 38.12 38.11 38.1 38.08 38.09 38.09 38.09 38.09 38.09 38.09 38.09 38.06 38.07 38.15 38.25 38.24 38.17 38.09 38.06 38.08 38.1 38.08 38.07 38.06 38.04 38.02
38.03 38.03 38.06 38.14 38.19 38.16 38.09 37.88 37.8 37.92 37.97 38.04 38.01 38 38.01 38.01 38 37.99 38 38.04 38.06 38.06 38.06 38.07 38.09 38.08 38.06 38.07 38.09 38.08 38.08 38.13 38.15 38.15 38.13 38.14 38.18 38.17 38.16 38.16 38.15 38.13 38.11 38.09 38.09 38.07 38.07 38.08 38.09 38.1 38.11 38.1 38.11 38.11 38.1 38.08 38.08 38.09 38.09 38.08 38.09 38.09 38.1 38.1 38.07 38.08 38.17 38.2 38.19 38.09 38.07 38.08 38.09 38.07 38.06 38.05 38.01 38
37.99 38.01 38.04 38.1 38.14 38.14 38.09 37.9 37.76 37.88 37.96 38.05 38.03 38.02 38.02 38.03 38.01 37.99 37.99 38.04 38.06 38.07 38.06 38.07 38.08 38.07 38.05 38.05 38.07 38.07 38.07 38.11 38.14 38.12 38.11 38.12 38.15 38.15 38.16 38.15 38.15 38.14 38.13 38.1 38.09 38.07 38.06 38.07 38.07 38.08 38.1 38.08 38.09 38.1 38.09 38.09 38.08 38.08 38.07 38.07 38.08 38.09 38.09 38.08 38.06 38.1 38.22 38.23 38.2 38.12 38.08 38.08 38.08 38.06 38.04 38.03 38.01 37.99
37.98 37.99 38.02 38.09 38.13 38.15 38.13 37.96 37.73 37.89 37.99 38.1 38.06 38.05 38.03 38.02 38.01 37.99 37.97 38.02 38.06 38.07 38.07 38.08 38.08 38.06 38.03 38.03 38.03 38.04 38.07 38.09 38.11 38.1 38.1 38.1 38.12 38.14 38.15 38.14 38.13 38.12 38.13 38.11 38.09 38.07 38.06 38.05 38.06 38.06 38.08 38.09 38.1 38.11 38.09 38.09 38.08 38.07 38.07 38.07 38.07 38.07 38.08 38.08 38.07 38.14 38.24 38.24 38.21 38.14 38.08 38.08 38.07 38.05 38.02 38.01 37.99 37.98
38.02 38.01 38.03 38.07 38.11 38.14 38.17 38.05 37.76 37.92 38.06 38.14 38.07 38.06 38.04 38.02 38.03 38 37.96 37.98 38.03 38.05 38.08 38.09 38.07 38.05 38.03 38.03 38.03 38.05 38.07 38.08 38.1 38.1 38.1 38.11 38.12 38.13 38.14 38.13 38.12 38.12 38.11 38.1 38.09 38.08 38.07 38.04 38.05 38.06 38.06 38.07 38.09 38.1 38.08 38.07 38.06 38.06 38.07 38.07 38.06 38.06 38.08 38.07 38.07 38.12 38.19 38.21 38.23 38.15 38.06 38.06 38.06 38.04 38.03 38.01 37.96 37.94
38 38.02 38.02 38.05 38.11 38.13 38.19 38.15 37.89 37.91 38.01 38.12 38.07 38.07 38.05 38.02 38.04 38.03 37.98 37.97 38.01 38.03 38.06 38.06 38.04 38.04 38.03 38.03 38.04 38.04 38.06 38.09 38.09 38.09 38.1 38.13 38.13 38.13 38.14 38.13 38.13 38.13 38.12 38.1 38.09 38.07 38.07 38.06 38.07 38.08 38.06 38.06 38.07 38.08 38.08 38.08 38.07 38.06 38.07 38.07 38.06 38.06 38.09 38.08 38.08 38.14 38.21 38.23 38.24 38.16 38.08 38.06 38.04 38.02 38.01 37.99 37.95 37.93
37.99 38.04 38.03 38.03 38.08 38.11 38.19 38.2 38.05 37.97 37.93 38.06 38.08 38.08 38.07 38.03 38.04 38.03 38 37.97 37.98 38.01 38.05 38.05 38.03 38.06 38.05 38.03 38.03 38.04 38.05 38.08 38.08 38.07 38.1 38.13 38.14 38.13 38.13 38.13 38.14 38.14 38.12 38.1 38.09 38.06 38.07 38.08 38.08 38.08 38.06 38.05 38.06 38.08 38.09 38.09 38.06 38.07 38.08 38.07 38.06 38.05 38.07 38.07 38.09 38.16 38.22 38.23 38.22 38.16 38.1 38.07 38.03 38.01 37.99 37.97 37.96 37.95
37.95 37.99 37.98 37.98 38 38.05 38.15 38.19 38.11 37.99 37.84 37.97 38.06 38.07 38.08 38.05 38.02 38.02 38 37.95 37.95 37.99 38.05 38.05 38.05 38.07 38.05 38.04 38.04 38.04 38.05 38.06 38.06 38.06 38.09 38.14 38.14 38.13 38.13 38.14 38.14 38.13 38.12 38.1 38.09 38.07 38.07 38.07 38.07 38.07 38.06 38.05 38.05 38.07 38.08 38.08 38.05 38.05 38.06 38.06 38.05 38.04 38.04 38.06 38.1 38.15 38.21 38.22 38.22 38.16 38.12 38.08 38.02 37.99 37.98 37.97 37.99 38
37.93 37.94 37.92 37.92 37.93 37.98 38.09 38.16 38.16 38.04 37.83 37.89 38.03 38.05 38.08 38.07 38.01 38.01 37.99 37.95 37.94 37.98 38.03 38.05 38.06 38.06 38.05 38.06 38.05 38.03 38.05 38.05 38.05 38.06 38.08 38.13 38.13 38.13 38.13 38.15 38.14 38.12 38.12 38.11 38.09 38.07 38.05 38.05 38.06 38.05 38.05 38.04 38.04 38.07 38.08 38.07 38.04 38.02 38.03 38.03 38.02 38.01 38.03 38.06 38.09 38.13 38.19 38.2 38.2 38.16 38.14 38.09 38.03 38.02 38.01 38 38.02 38.02
37.94 37.94 37.92 37.91 37.92 37.95 38.04 38.13 38.19 38.13 37.95 37.89 38.01 38.04 38.08 38.07 38.02 38 37.97 37.95 37.96 37.97 38 38.04 38.05 38.06 38.06 38.07 38.06 38.04 38.05 38.06 38.05 38.05 38.07 38.11 38.11 38.12 38.13 38.14 38.14 38.13 38.13 38.12 38.09 38.06 38.05 38.04 38.04 38.04 38.02 38.02 38.03 38.06 38.06 38.05 38.01 37.99 37.99 38.01 38.01 38 38.03 38.04 38.06 38.09 38.13 38.14 38.14 38.13 38.12 38.09 38.06 38.05 38.05 38.04 38.03 38.02
37.96 37.96 37.95 37.94 37.93 37.95 38 38.08 38.14 38.14 38.07 37.93 37.96 38.01 38.07 38.08 38.04 37.99 37.94 37.96 37.97 37.96 37.98 38.05 38.05 38.04 38.03 38.05 38.05 38.05 38.06 38.07 38.06 38.05 38.06 38.07 38.09 38.11 38.12 38.13 38.13 38.12 38.11 38.11 38.1 38.06 38.04 38.03 38.01 38.01 38 38 38.02 38.02 38.03 38.02 38 37.96 37.95 37.99 38.01 38.01 38.01 38.03 38.06 38.07 38.08 38.1 38.12 38.12 38.11 38.08 38.06 38.04 38.03 38.03 38.02 38.01
37.97 37.96 37.94 37.93 37.95 37.97 38.01 38.04 38.09 38.12 38.08 37.93 37.91 37.94 38.04 38.08 38.08 38.04 37.97 37.97 37.96 37.95 37.99 38.04 38.04 38.03 38.04 38.03 38.03 38.05 38.07 38.07 38.06 38.05 38.06 38.06 38.08 38.1 38.13 38.13 38.12 38.11 38.1 38.11 38.1 38.06 38.03 38.02 37.98 37.98 37.99 37.99 38 38.01 38.03 38.01 37.98 37.95 37.95 37.99 38 38 38.01 38.04 38.06 38.08 38.08 38.09 38.11 38.14 38.11 38.07 38.04 38.01 38.01 37.99 37.98 37.98
37.98 37.96 37.91 37.92 37.98 38.01 38.05 38.04 38.08 38.1 38.06 37.93 37.88 37.86 38 38.08 38.09 38.08 38 37.96 37.95 37.95 37.99 38.03 38.03 38.03 38.05 38.04 38.04 38.06 38.07 38.07 38.05 38.05 38.06 38.07 38.08 38.11 38.13 38.12 38.11 38.1 38.11 38.1 38.08 38.05 38.02 38.02 38 37.98 37.97 37.98 38.01 38.04 38.04 38.02 37.97 37.96 37.98 38.02 38.01 38 38.02 38.04 38.06 38.09 38.09 38.08 38.09 38.09 38.07 38.03 38 37.98 37.98 37.97 37.97 37.96
37.97 37.96 37.93 37.94 38 38.01 38.03 38.01 38.03 38.07 38.05 37.97 37.88 37.78 37.92 38.07 38.09 38.08 38.02 37.99 37.98 37.97 38 38.02 38.02 38.04 38.06 38.06 38.07 38.08 38.08 38.06 38.04 38.06 38.07 38.07 38.08 38.11 38.12 38.1 38.08 38.07 38.1 38.09 38.06 38.04 38.01 38.02 38.01 37.97 37.95 37.96 38.01 38.04 38.03 38.01 37.99 38.02 38.02 38.02 38.02 38 38.01 38.03 38.04 38.07 38.07 38.07 38.06 38.03 38.01 37.99 37.98 37.97 37.97 37.97 37.97 37.97
37.94 37.95 37.94 37.94 37.95 37.96 37.95 37.95 37.97 38.04 38.08 38.06 37.94 37.73 37.83 38.03 38.07 38.09 38.03 37.97 37.97 37.98 37.98 37.97 37.99 38.03 38.04 38.05 38.06 38.07 38.07 38.05 38.03 38.06 38.06 38.06 38.07 38.08 38.08 38.06 38.05 38.05 38.07 38.06 38.04 38.02 38.02 38.01 37.98 37.96 37.95 37.96 37.98 37.98 37.99 38.01 38.02 38.05 38.06 38.07 38.05 38.01 38.01 38.01 38.01 38.05 38.05 38.04 38.01 37.98 37.99 38 37.99 37.98 37.98 37.98 37.97 37.98
37.91 37.93 37.95 37.94 37.94 37.94 37.93 37.95 37.97 38.02 38.1 38.15 38.03 37.77 37.81 38.02 38.07 38.11 38.01 37.93 37.96 37.99 37.97 37.95 37.98 38.02 38.02 38.02 38.04 38.05 38.05 38.04 38.05 38.05 38.05 38.05 38.05 38.04 38.04 38.04 38.03 38.03 38.04 38.03 38 37.99 38 37.98 37.97 37.97 37.97 37.96 37.97 37.97 37.99 38.03 38.07 38.1 38.11 38.13 38.07 37.99 38 38 38 38.02 38.02 38 37.98 37.97 37.99 38.01 38 37.98 37.96 37.96 37.94 37.94
37.88 37.91 37.95 37.96 37.95 37.93 37.96 37.99 38 38.03 38.12 38.21 38.12 37.9 37.86 38.01 38.06 38.09 38.01 37.94 37.97 38 37.97 37.97 37.96 38 38.01 38.02 38.03 38.03 38.02 38.04 38.05 38.03 38.03 38.04 38.04 38.02 38 38.01 38.01 38.01 38.03 38.01 37.99 37.99 37.99 37.97 37.96 37.97 37.96 37.97 37.98 37.98 38 38.06 38.11 38.13 38.14 38.13 38.03 37.93 37.96 37.99 37.98 38.01 37.99 37.98 37.98 37.98 37.99 38 37.99 37.95 37.93 37.92 37.91 37.9
37.81 37.86 37.92 37.91 37.91 37.93 37.99 38.03 38.02 38.04 38.12 38.21 38.17 38.02 37.9 37.95 38 38.07 38.04 37.99 38 37.98 37.98 37.97 37.94 37.98 38.02 38.02 38.03 38.02 38.02 38.03 38.04 38.02 38.03 38.02 38.01 38 37.97 37.97 37.98 37.98 38 37.99 37.98 37.99 37.99 37.97 37.96 37.97 37.98 38 38.02 38.01 38.03 38.08 38.1 38.1 38.1 38.06 37.97 37.91 37.94 37.98 37.96 37.98 37.98 37.97 37.98 37.97 37.97 37.97 37.96 37.92 37.9 37.9 37.9 37.88
37.78 37.83 37.92 37.92 37.93 37.97 38.01 38.02 38.01 38.02 38.08 38.13 38.13 38.05 37.88 37.83 37.89 38.02 38.05 38.03 38.01 37.96 37.96 37.95 37.94 37.97 38 38.02 38.03 38.02 38.01 38.02 38.03 38.01 38.01 38 37.98 37.97 37.96 37.96 37.96 37.96 37.96 37.96 37.97 37.98 37.98 37.98 37.98 38 38.01 38.02 38.03 38.02 38.04 38.05 38.04 38.04 38.03 37.99 37.95 37.93 37.96 37.98 37.98 37.98 37.97 37.96 37.95 37.95 37.95 37.95 37.92 37.91 37.88 37.88 37.87 37.87
37.76 37.81 37.91 37.95 37.96 37.97 37.98 37.97 37.97 37.97 38.01 38.05 38.08 38.08 37.92 37.8 37.78 37.94 38.04 38.05 38.01 37.95 37.93 37.93 37.93 37.94 37.98 37.99 38.02 38.02 37.99 37.99 38 38 37.97 37.97 37.97 37.96 37.95 37.95 37.95 37.95 37.95 37.94 37.96 37.98 37.99 37.99 37.99 38.01 38.02 38.03 38.02 38.02 38.01 38.01 38 38 37.99 37.98 37.98 37.99 37.99 37.99 38 38 37.98 37.95 37.92 37.92 37.93 37.94 37.92 37.91 37.89 37.86 37.86 37.87
37.73 37.79 37.87 37.94 37.94 37.95 37.96 37.94 37.94 37.94 37.98 38.01 38.07 38.14 38.09 37.95 37.74 37.87 38.01 38.04 38.04 37.96 37.93 37.93 37.92 37.91 37.95 37.98 38.01 38 37.98 37.98 37.97 37.97 37.94 37.94 37.94 37.94 37.93 37.94 37.96 37.95 37.94 37.93 37.96 37.99 38 38 38 38.02 38.02 38.02 38.01 38 37.98 37.98 37.99 38 38 38.01 38.03 38.03 38.02 37.99 37.99 37.99 37.96 37.93 37.9 37.9 37.91 37.92 37.91 37.91 37.92 37.9 37.89 37.89
37.73 37.76 37.82 37.91 37.92 37.97 37.98 37.96 37.95 37.96 37.98 38.01 38.07 38.16 38.21 38.07 37.79 37.85 37.98 38.02 38.04 37.96 37.92 37.94 37.95 37.92 37.94 37.97 38.01 38 37.97 37.96 37.95 37.94 37.93 37.93 37.94 37.93 37.93 37.93 37.96 37.95 37.95 37.94 37.97 38.01 38.01 38.01 38 38.02 38.02 38.01 38.01 38.01 37.99 37.99 37.99 38 37.99 37.99 38 38 37.99 37.98 37.96 37.95 37.93 37.91 37.91 37.91 37.92 37.93 37.94 37.94 37.95 37.95 37.93 37.93
37.73 37.74 37.78 37.9 37.93 37.98 38 37.99 37.98 37.95 37.95 37.97 38.04 38.13 38.19 38.1 37.9 37.89 38 38.02 38.03 37.95 37.91 37.92 37.95 37.94 37.93 37.96 38.01 38 37.98 37.97 37.95 37.94 37.94 37.94 37.93 37.94 37.93 37.94 37.97 37.97 37.97 37.96 37.98 38 38 38.01 38.01 38.02 38.02 38.02 38.03 38.03 38 38 37.99 37.99 37.98 37.95 37.95 37.94 37.93 37.93 37.93 37.93 37.92 37.92 37.94 37.93 37.94 37.96 37.99 37.99 37.98 37.97 37.95 37.94
37.69 37.71 37.79 37.88 37.9 37.94 37.98 37.98 37.96 37.94 37.95 37.97 38.03 38.11 38.15 38.1 37.94 37.88 37.96 37.99 38.01 37.97 37.91 37.92 37.95 37.97 37.94 37.96 38 38 37.99 37.97 37.96 37.95 37.95 37.94 37.94 37.94 37.95 37.96 37.97 37.99 37.98 37.97 37.97 37.99 37.99 38.01 38.02 38.03 38.02 38.02 38.03 38.03 38 37.98 37.98 37.97 37.95 37.93 37.92 37.92 37.91 37.92 37.92 37.93 37.93 37.93 37.95 37.95 37.96 37.98 37.99 38 38 37.98 37.97 37.96
