slabs/98.grd
DSAA
631 301
647670 648300
4948100 4948400
34.57 40.23
[rows 238 to 271 of 300, columns 234 to 311 of 631]
37.76 37.79 37.83 37.79 37.75 37.76 37.73 37.65 37.66 37.68 37.69 37.67 37.66 37.66 37.62 37.6 37.56 37.48 37.54 37.67 37.69 37.68 37.65 37.61 37.62 37.64 37.67 37.65 37.62 37.59 37.61 37.64 37.62 37.6 37.66 37.75 37.79 37.74 37.71 37.68 37.61 37.58 37.54 37.52 37.49 37.51 37.54 37.57 37.6 37.6 37.65 37.65 37.64 37.71 37.82 37.76 37.73 37.8 37.82 37.78 37.62 37.5 37.59 38.01 38.67 39.04 39.05 38.99 38.99 38.95 38.88 38.75 38.61 38.48 38.48 38.5 38.52 38.53
37.72 37.76 37.83 37.8 37.75 37.77 37.76 37.66 37.63 37.64 37.67 37.67 37.67 37.67 37.63 37.61 37.58 37.5 37.51 37.66 37.7 37.72 37.64 37.59 37.6 37.63 37.67 37.67 37.64 37.61 37.63 37.67 37.65 37.63 37.64 37.69 37.77 37.75 37.7 37.69 37.66 37.63 37.57 37.54 37.5 37.51 37.53 37.56 37.6 37.62 37.64 37.65 37.63 37.66 37.75 37.73 37.73 37.77 37.78 37.79 37.72 37.6 37.56 37.75 38.44 38.93 38.96 38.96 39 39 38.95 38.83 38.67 38.51 38.5 38.49 38.51 38.52
37.68 37.72 37.8 37.79 37.78 37.78 37.76 37.68 37.64 37.62 37.65 37.68 37.67 37.65 37.63 37.57 37.55 37.51 37.5 37.62 37.68 37.72 37.64 37.62 37.62 37.64 37.67 37.66 37.64 37.61 37.63 37.66 37.67 37.64 37.62 37.65 37.72 37.72 37.68 37.67 37.66 37.61 37.57 37.56 37.53 37.55 37.57 37.59 37.62 37.64 37.64 37.65 37.64 37.63 37.66 37.68 37.73 37.74 37.74 37.75 37.77 37.72 37.62 37.66 38.3 38.81 38.86 38.93 38.96 38.97 38.95 38.85 38.7 38.59 38.54 38.52 38.51 38.52
37.66 37.69 37.75 37.77 37.78 37.76 37.73 37.71 37.69 37.65 37.66 37.7 37.68 37.64 37.62 37.59 37.56 37.52 37.49 37.52 37.61 37.73 37.69 37.67 37.66 37.66 37.67 37.67 37.66 37.61 37.59 37.61 37.64 37.62 37.61 37.63 37.68 37.7 37.68 37.66 37.63 37.58 37.56 37.57 37.58 37.61 37.67 37.69 37.69 37.65 37.64 37.64 37.64 37.61 37.6 37.64 37.7 37.72 37.72 37.74 37.77 37.78 37.67 37.58 38.06 38.62 38.74 38.91 38.93 38.91 38.9 38.85 38.75 38.68 38.59 38.55 38.53 38.53
37.68 37.71 37.75 37.81 37.8 37.76 37.74 37.75 37.75 37.7 37.65 37.68 37.67 37.63 37.63 37.61 37.58 37.55 37.51 37.42 37.51 37.68 37.72 37.7 37.69 37.68 37.66 37.66 37.66 37.62 37.59 37.6 37.63 37.62 37.62 37.63 37.67 37.71 37.73 37.7 37.64 37.59 37.62 37.63 37.63 37.65 37.71 37.75 37.72 37.63 37.62 37.61 37.61 37.58 37.59 37.63 37.68 37.71 37.71 37.71 37.73 37.77 37.71 37.59 37.77 38.32 38.54 38.87 38.93 38.91 38.9 38.85 38.78 38.73 38.62 38.55 38.52 38.52
37.67 37.71 37.73 37.8 37.81 37.8 37.79 37.8 37.79 37.73 37.63 37.65 37.65 37.65 37.65 37.63 37.61 37.58 37.54 37.48 37.5 37.6 37.7 37.7 37.7 37.68 37.66 37.66 37.66 37.64 37.63 37.62 37.63 37.65 37.62 37.62 37.66 37.74 37.8 37.77 37.7 37.63 37.69 37.69 37.66 37.62 37.66 37.73 37.69 37.61 37.6 37.61 37.61 37.6 37.6 37.62 37.67 37.69 37.7 37.7 37.71 37.75 37.75 37.65 37.6 37.93 38.23 38.71 38.83 38.86 38.89 38.85 38.81 38.77 38.68 38.59 38.51 38.51
37.65 37.67 37.69 37.74 37.76 37.79 37.78 37.8 37.8 37.74 37.63 37.62 37.65 37.67 37.65 37.64 37.63 37.6 37.57 37.54 37.5 37.53 37.67 37.7 37.7 37.68 37.67 37.66 37.67 37.66 37.63 37.63 37.63 37.65 37.61 37.61 37.64 37.72 37.79 37.79 37.75 37.68 37.69 37.67 37.63 37.6 37.64 37.73 37.71 37.65 37.65 37.64 37.63 37.63 37.62 37.61 37.67 37.72 37.71 37.7 37.71 37.74 37.79 37.76 37.6 37.66 37.9 38.41 38.59 38.68 38.82 38.85 38.83 38.82 38.78 38.69 38.59 38.56
37.65 37.66 37.68 37.72 37.74 37.77 37.78 37.82 37.82 37.77 37.66 37.62 37.64 37.66 37.64 37.64 37.64 37.61 37.59 37.57 37.51 37.5 37.63 37.67 37.7 37.68 37.66 37.65 37.66 37.66 37.61 37.61 37.62 37.62 37.6 37.6 37.61 37.64 37.67 37.72 37.73 37.73 37.7 37.62 37.62 37.65 37.68 37.74 37.74 37.72 37.7 37.64 37.62 37.63 37.62 37.63 37.69 37.75 37.73 37.69 37.68 37.71 37.81 37.86 37.7 37.62 37.66 38.07 38.3 38.42 38.69 38.83 38.84 38.85 38.87 38.83 38.76 38.68
37.66 37.67 37.68 37.7 37.72 37.77 37.8 37.84 37.83 37.79 37.7 37.64 37.65 37.67 37.65 37.65 37.65 37.62 37.59 37.58 37.53 37.49 37.57 37.6 37.7 37.69 37.66 37.64 37.64 37.67 37.62 37.63 37.63 37.61 37.6 37.6 37.61 37.6 37.62 37.68 37.72 37.75 37.71 37.62 37.63 37.65 37.67 37.73 37.76 37.74 37.7 37.62 37.59 37.6 37.62 37.67 37.74 37.76 37.72 37.67 37.64 37.67 37.79 37.88 37.79 37.69 37.56 37.77 38.03 38.18 38.53 38.76 38.83 38.86 38.92 38.94 38.9 38.8
37.68 37.68 37.69 37.67 37.7 37.76 37.79 37.81 37.8 37.79 37.78 37.72 37.65 37.67 37.68 37.68 37.66 37.64 37.61 37.6 37.57 37.51 37.48 37.54 37.71 37.74 37.68 37.65 37.62 37.65 37.65 37.64 37.63 37.62 37.6 37.61 37.6 37.6 37.62 37.65 37.71 37.76 37.73 37.66 37.62 37.59 37.62 37.69 37.72 37.71 37.68 37.61 37.57 37.57 37.61 37.71 37.79 37.78 37.72 37.68 37.63 37.64 37.74 37.84 37.85 37.77 37.6 37.6 37.83 37.99 38.33 38.61 38.77 38.82 38.91 38.96 38.92 38.82
37.68 37.68 37.68 37.66 37.69 37.75 37.79 37.79 37.78 37.8 37.83 37.77 37.65 37.64 37.68 37.69 37.69 37.66 37.63 37.63 37.6 37.54 37.46 37.53 37.7 37.75 37.67 37.64 37.61 37.63 37.65 37.65 37.63 37.6 37.61 37.63 37.6 37.61 37.61 37.64 37.68 37.7 37.69 37.66 37.6 37.55 37.56 37.6 37.64 37.66 37.64 37.61 37.57 37.55 37.6 37.72 37.8 37.78 37.73 37.69 37.63 37.64 37.69 37.78 37.85 37.82 37.7 37.56 37.65 37.79 38.11 38.41 38.62 38.73 38.88 38.9 38.89 38.83
37.68 37.68 37.67 37.66 37.69 37.75 37.78 37.79 37.8 37.81 37.83 37.78 37.67 37.62 37.65 37.68 37.69 37.67 37.65 37.63 37.58 37.53 37.5 37.52 37.63 37.7 37.63 37.62 37.63 37.65 37.66 37.67 37.64 37.62 37.61 37.61 37.6 37.6 37.6 37.6 37.64 37.65 37.66 37.66 37.59 37.56 37.55 37.56 37.58 37.59 37.59 37.6 37.58 37.56 37.59 37.67 37.74 37.73 37.7 37.69 37.65 37.66 37.68 37.72 37.8 37.82 37.77 37.59 37.49 37.62 37.93 38.24 38.45 38.61 38.86 38.88 38.88 38.86
37.68 37.67 37.66 37.67 37.71 37.74 37.77 37.81 37.85 37.82 37.82 37.8 37.72 37.65 37.64 37.67 37.69 37.67 37.68 37.65 37.59 37.55 37.5 37.49 37.55 37.61 37.6 37.63 37.64 37.66 37.68 37.69 37.65 37.64 37.62 37.59 37.59 37.58 37.57 37.56 37.59 37.62 37.66 37.69 37.61 37.59 37.59 37.57 37.56 37.55 37.55 37.58 37.6 37.59 37.58 37.61 37.68 37.69 37.7 37.71 37.65 37.66 37.68 37.71 37.75 37.8 37.82 37.66 37.51 37.57 37.79 38.05 38.25 38.52 38.85 38.91 38.91 38.9
37.72 37.69 37.66 37.67 37.71 37.73 37.76 37.81 37.86 37.82 37.81 37.8 37.75 37.67 37.65 37.68 37.7 37.67 37.68 37.66 37.62 37.61 37.54 37.5 37.49 37.55 37.59 37.64 37.65 37.66 37.69 37.71 37.66 37.65 37.63 37.6 37.59 37.57 37.55 37.53 37.56 37.6 37.65 37.7 37.64 37.62 37.62 37.59 37.58 37.57 37.56 37.57 37.59 37.58 37.55 37.6 37.7 37.71 37.72 37.69 37.6 37.64 37.71 37.72 37.71 37.79 37.88 37.8 37.69 37.62 37.67 37.87 38.06 38.5 38.85 38.92 38.93 38.93
37.77 37.72 37.66 37.66 37.67 37.69 37.72 37.77 37.84 37.82 37.8 37.8 37.78 37.72 37.65 37.67 37.7 37.68 37.68 37.65 37.62 37.63 37.6 37.53 37.51 37.54 37.59 37.66 37.65 37.64 37.67 37.7 37.67 37.64 37.63 37.61 37.6 37.56 37.54 37.53 37.57 37.59 37.62 37.67 37.65 37.65 37.63 37.6 37.61 37.61 37.57 37.54 37.56 37.56 37.54 37.59 37.69 37.7 37.69 37.67 37.61 37.66 37.76 37.76 37.73 37.79 37.9 37.92 37.86 37.71 37.63 37.73 37.95 38.47 38.82 38.89 38.9 38.94
37.76 37.72 37.67 37.66 37.66 37.66 37.67 37.73 37.84 37.84 37.85 37.86 37.85 37.78 37.69 37.67 37.67 37.67 37.66 37.65 37.63 37.62 37.61 37.56 37.53 37.53 37.58 37.65 37.66 37.65 37.66 37.67 37.65 37.62 37.62 37.61 37.59 37.55 37.56 37.58 37.58 37.58 37.58 37.62 37.64 37.64 37.66 37.66 37.67 37.62 37.53 37.52 37.54 37.56 37.58 37.61 37.65 37.66 37.68 37.69 37.7 37.72 37.75 37.75 37.74 37.77 37.88 37.95 37.93 37.82 37.62 37.54 37.75 38.31 38.71 38.84 38.86 38.91
37.74 37.72 37.69 37.67 37.66 37.66 37.66 37.71 37.81 37.85 37.89 37.91 37.9 37.8 37.74 37.69 37.64 37.66 37.66 37.65 37.64 37.62 37.61 37.58 37.54 37.51 37.54 37.6 37.65 37.67 37.67 37.66 37.65 37.63 37.64 37.63 37.59 37.56 37.57 37.6 37.59 37.57 37.57 37.61 37.61 37.62 37.65 37.71 37.73 37.65 37.53 37.52 37.56 37.59 37.65 37.68 37.65 37.64 37.65 37.7 37.73 37.73 37.72 37.71 37.71 37.75 37.85 37.94 37.96 37.89 37.61 37.35 37.55 38.09 38.54 38.76 38.78 38.86
37.74 37.72 37.71 37.68 37.65 37.66 37.67 37.69 37.76 37.83 37.85 37.85 37.84 37.8 37.77 37.71 37.65 37.66 37.67 37.66 37.64 37.64 37.62 37.58 37.54 37.48 37.48 37.53 37.62 37.67 37.67 37.66 37.65 37.64 37.65 37.64 37.61 37.6 37.58 37.6 37.63 37.62 37.61 37.61 37.59 37.59 37.6 37.65 37.68 37.64 37.56 37.55 37.6 37.61 37.68 37.72 37.68 37.68 37.7 37.72 37.73 37.74 37.72 37.73 37.72 37.73 37.8 37.9 37.92 37.88 37.61 37.37 37.51 37.93 38.36 38.6 38.63 38.81
37.74 37.72 37.71 37.68 37.65 37.66 37.67 37.68 37.74 37.83 37.83 37.79 37.77 37.8 37.8 37.75 37.67 37.66 37.67 37.67 37.64 37.65 37.63 37.58 37.55 37.51 37.47 37.47 37.59 37.65 37.66 37.66 37.65 37.64 37.62 37.61 37.62 37.62 37.61 37.63 37.69 37.68 37.64 37.61 37.6 37.6 37.6 37.6 37.64 37.61 37.56 37.58 37.64 37.65 37.71 37.75 37.73 37.71 37.73 37.73 37.74 37.73 37.73 37.77 37.76 37.72 37.76 37.81 37.82 37.77 37.62 37.49 37.57 37.83 38.14 38.34 38.45 38.75
37.75 37.71 37.69 37.67 37.65 37.66 37.67 37.67 37.72 37.83 37.83 37.78 37.77 37.83 37.83 37.78 37.68 37.64 37.65 37.65 37.64 37.64 37.63 37.59 37.58 37.57 37.51 37.45 37.52 37.59 37.64 37.66 37.67 37.65 37.6 37.6 37.61 37.61 37.61 37.61 37.65 37.65 37.65 37.64 37.63 37.64 37.64 37.6 37.63 37.61 37.58 37.6 37.66 37.68 37.76 37.83 37.8 37.73 37.73 37.74 37.75 37.74 37.73 37.79 37.78 37.75 37.75 37.73 37.7 37.64 37.6 37.57 37.62 37.77 37.94 38.08 38.32 38.67
37.75 37.72 37.7 37.68 37.65 37.64 37.65 37.67 37.72 37.81 37.82 37.79 37.78 37.84 37.84 37.8 37.72 37.65 37.64 37.64 37.65 37.63 37.63 37.61 37.6 37.61 37.56 37.45 37.45 37.51 37.62 37.63 37.62 37.61 37.61 37.63 37.6 37.6 37.59 37.57 37.59 37.61 37.65 37.66 37.63 37.64 37.64 37.63 37.62 37.63 37.63 37.63 37.65 37.67 37.79 37.85 37.82 37.72 37.7 37.73 37.74 37.74 37.72 37.75 37.73 37.7 37.67 37.63 37.6 37.56 37.58 37.63 37.65 37.72 37.81 37.91 38.2 38.55
37.76 37.73 37.71 37.69 37.66 37.64 37.65 37.66 37.69 37.74 37.78 37.8 37.79 37.81 37.83 37.83 37.76 37.69 37.66 37.64 37.67 37.64 37.65 37.64 37.61 37.64 37.6 37.49 37.4 37.45 37.58 37.59 37.57 37.58 37.63 37.64 37.6 37.61 37.6 37.58 37.58 37.59 37.65 37.67 37.63 37.63 37.64 37.65 37.63 37.64 37.66 37.68 37.67 37.69 37.76 37.78 37.75 37.68 37.67 37.7 37.7 37.69 37.66 37.66 37.62 37.54 37.53 37.54 37.55 37.56 37.58 37.61 37.65 37.69 37.73 37.81 38.06 38.39
37.79 37.74 37.73 37.72 37.7 37.67 37.66 37.65 37.65 37.66 37.71 37.8 37.79 37.77 37.81 37.84 37.77 37.72 37.68 37.64 37.67 37.66 37.67 37.64 37.62 37.62 37.61 37.52 37.38 37.41 37.53 37.59 37.62 37.62 37.63 37.64 37.61 37.61 37.61 37.58 37.56 37.58 37.63 37.67 37.64 37.64 37.66 37.69 37.68 37.67 37.67 37.7 37.72 37.73 37.69 37.67 37.67 37.67 37.66 37.65 37.65 37.61 37.55 37.53 37.51 37.49 37.52 37.57 37.57 37.57 37.58 37.61 37.67 37.7 37.71 37.76 37.94 38.22
37.82 37.76 37.75 37.74 37.73 37.69 37.68 37.66 37.64 37.65 37.69 37.76 37.75 37.73 37.76 37.79 37.78 37.78 37.73 37.65 37.65 37.67 37.68 37.64 37.62 37.61 37.6 37.56 37.46 37.45 37.5 37.61 37.68 37.68 37.66 37.65 37.62 37.62 37.61 37.6 37.59 37.58 37.6 37.64 37.65 37.67 37.71 37.72 37.73 37.73 37.67 37.66 37.7 37.74 37.68 37.65 37.67 37.7 37.65 37.59 37.57 37.5 37.44 37.43 37.47 37.53 37.54 37.56 37.58 37.59 37.62 37.65 37.72 37.73 37.73 37.74 37.84 38.06
37.85 37.78 37.76 37.73 37.72 37.7 37.69 37.66 37.65 37.66 37.69 37.74 37.77 37.75 37.75 37.74 37.77 37.8 37.75 37.66 37.64 37.66 37.67 37.64 37.63 37.61 37.59 37.57 37.51 37.49 37.52 37.65 37.73 37.71 37.68 37.64 37.61 37.61 37.63 37.65 37.64 37.6 37.59 37.64 37.68 37.73 37.74 37.72 37.75 37.78 37.67 37.62 37.66 37.73 37.76 37.73 37.72 37.7 37.62 37.5 37.48 37.43 37.43 37.48 37.51 37.55 37.55 37.56 37.6 37.63 37.66 37.68 37.74 37.75 37.74 37.75 37.8 37.93
37.89 37.83 37.79 37.73 37.72 37.72 37.7 37.66 37.65 37.65 37.67 37.74 37.8 37.81 37.76 37.74 37.79 37.8 37.74 37.67 37.63 37.65 37.67 37.65 37.62 37.61 37.57 37.55 37.54 37.53 37.56 37.65 37.73 37.71 37.67 37.63 37.59 37.6 37.63 37.65 37.65 37.63 37.63 37.65 37.69 37.75 37.73 37.7 37.72 37.74 37.67 37.62 37.64 37.7 37.77 37.73 37.69 37.6 37.51 37.44 37.45 37.47 37.51 37.53 37.55 37.57 37.57 37.59 37.64 37.66 37.66 37.69 37.74 37.76 37.76 37.77 37.81 37.89
37.91 37.87 37.82 37.73 37.72 37.73 37.72 37.68 37.65 37.66 37.68 37.72 37.79 37.81 37.78 37.76 37.83 37.82 37.76 37.69 37.64 37.64 37.66 37.65 37.62 37.61 37.58 37.56 37.57 37.56 37.59 37.65 37.7 37.68 37.65 37.63 37.62 37.61 37.6 37.64 37.66 37.68 37.66 37.65 37.66 37.69 37.7 37.69 37.68 37.67 37.65 37.63 37.62 37.63 37.67 37.58 37.54 37.47 37.44 37.44 37.49 37.52 37.55 37.56 37.58 37.6 37.62 37.64 37.66 37.67 37.66 37.69 37.75 37.76 37.77 37.79 37.83 37.87
37.9 37.89 37.84 37.75 37.73 37.75 37.73 37.69 37.66 37.67 37.66 37.68 37.76 37.8 37.83 37.8 37.84 37.82 37.77 37.72 37.66 37.64 37.63 37.65 37.63 37.63 37.61 37.59 37.59 37.58 37.59 37.62 37.65 37.66 37.66 37.65 37.64 37.61 37.61 37.66 37.7 37.72 37.66 37.66 37.65 37.65 37.68 37.68 37.68 37.67 37.65 37.63 37.61 37.57 37.52 37.45 37.44 37.45 37.47 37.49 37.53 37.55 37.56 37.58 37.61 37.63 37.66 37.66 37.67 37.67 37.66 37.69 37.74 37.75 37.74 37.77 37.81 37.83
37.89 37.89 37.86 37.78 37.74 37.76 37.73 37.7 37.69 37.68 37.64 37.65 37.7 37.76 37.84 37.83 37.81 37.79 37.77 37.76 37.69 37.66 37.62 37.63 37.62 37.63 37.63 37.63 37.62 37.59 37.58 37.56 37.58 37.63 37.67 37.67 37.65 37.63 37.63 37.64 37.67 37.7 37.63 37.63 37.64 37.65 37.67 37.67 37.68 37.66 37.6 37.57 37.55 37.5 37.44 37.42 37.44 37.49 37.5 37.52 37.55 37.56 37.59 37.6 37.62 37.64 37.66 37.67 37.68 37.68 37.67 37.7 37.74 37.74 37.73 37.76 37.8 37.8
37.89 37.88 37.86 37.81 37.77 37.76 37.72 37.7 37.71 37.69 37.65 37.64 37.66 37.7 37.79 37.81 37.77 37.76 37.76 37.77 37.74 37.7 37.62 37.61 37.61 37.63 37.64 37.64 37.63 37.61 37.59 37.57 37.57 37.62 37.67 37.66 37.67 37.67 37.66 37.64 37.64 37.63 37.6 37.58 37.58 37.6 37.6 37.61 37.63 37.59 37.53 37.49 37.46 37.45 37.46 37.46 37.48 37.52 37.54 37.55 37.57 37.58 37.61 37.61 37.62 37.63 37.66 37.67 37.69 37.68 37.69 37.72 37.75 37.76 37.77 37.81 37.83 37.82
37.88 37.88 37.88 37.83 37.78 37.75 37.71 37.7 37.73 37.7 37.66 37.66 37.64 37.68 37.76 37.79 37.76 37.77 37.78 37.77 37.75 37.7 37.62 37.6 37.62 37.64 37.65 37.63 37.63 37.61 37.62 37.63 37.61 37.61 37.68 37.69 37.7 37.71 37.68 37.65 37.64 37.6 37.57 37.55 37.55 37.54 37.51 37.53 37.57 37.51 37.46 37.45 37.45 37.47 37.5 37.5 37.52 37.55 37.58 37.58 37.59 37.6 37.6 37.61 37.63 37.64 37.66 37.69 37.72 37.68 37.69 37.73 37.76 37.78 37.79 37.82 37.84 37.82
37.89 37.89 37.89 37.84 37.78 37.75 37.71 37.71 37.74 37.72 37.68 37.68 37.67 37.69 37.73 37.79 37.8 37.81 37.83 37.78 37.7 37.65 37.6 37.59 37.61 37.65 37.63 37.64 37.63 37.6 37.62 37.64 37.63 37.63 37.7 37.73 37.73 37.72 37.68 37.65 37.63 37.58 37.55 37.55 37.54 37.49 37.43 37.45 37.49 37.46 37.44 37.45 37.48 37.51 37.53 37.53 37.55 37.59 37.61 37.6 37.6 37.6 37.6 37.63 37.66 37.65 37.67 37.71 37.74 37.71 37.71 37.74 37.76 37.79 37.79 37.82 37.83 37.79
37.89 37.9 37.9 37.87 37.82 37.79 37.72 37.71 37.73 37.72 37.69 37.67 37.69 37.67 37.7 37.78 37.8 37.82 37.82 37.73 37.68 37.63 37.6 37.59 37.6 37.62 37.62 37.64 37.63 37.61 37.63 37.65 37.64 37.64 37.72 37.79 37.76 37.7 37.66 37.62 37.61 37.57 37.53 37.54 37.53 37.45 37.39 37.4 37.45 37.46 37.46 37.47 37.5 37.53 37.54 37.55 37.57 37.59 37.6 37.59 37.59 37.63 37.65 37.65 37.66 37.66 37.66 37.7 37.74 37.74 37.74 37.73 37.75 37.77 37.78 37.8 37.81 37.77
37.88 37.89 37.89 37.88 37.87 37.82 37.74 37.71 37.72 37.72 37.7 37.67 37.67 37.67 37.7 37.77 37.75 37.77 37.77 37.72 37.7 37.68 37.66 37.61 37.61 37.6 37.62 37.66 37.65 37.63 37.64 37.65 37.65 37.64 37.7 37.8 37.75 37.68 37.64 37.62 37.59 37.53 37.5 37.5 37.49 37.44 37.43 37.44 37.48 37.48 37.47 37.48 37.51 37.54 37.56 37.56 37.55 37.55 37.56 37.56 37.6 37.64 37.67 37.68 37.67 37.66 37.67 37.7 37.73 37.77 37.76 37.74 37.75 37.76 37.77 37.79 37.8 37.78
