slabs/98.grd
DSAA
631 301
647670 648300
4948100 4948400
34.57 40.23
[rows 102 to 135 of 300, columns 312 to 389 of 631]
35.39 35.38 35.38 35.37 35.37 35.36 35.35 35.34 35.34 35.33 35.33 35.32 35.32 35.31 35.3 35.29 35.29 35.28 35.27 35.27 35.26 35.26 35.25 35.24 35.23 35.23 35.23 35.22 35.22 35.22 35.16 35.04 35.02 35.05 35.05 35.05 35.07 35.1 35.1 35.11 35.12 35.12 35.13 35.13 35.14 35.14 35.15 35.16 35.16 35.16 35.17 35.18 35.19 35.19 35.15 35.06 34.98 34.97 34.96 34.96 34.96 34.96 34.96 34.96 34.96 34.97 34.97 34.97 34.97 34.97 34.97 34.97 34.98 35.04 35.18 35.37 35.51 35.87
35.38 35.38 35.37 35.37 35.35 35.35 35.34 35.34 35.33 35.32 35.32 35.31 35.3 35.3 35.29 35.28 35.27 35.27 35.27 35.26 35.25 35.25 35.24 35.23 35.23 35.23 35.22 35.21 35.21 35.2 35.17 35.07 35.02 35.03 35.04 35.05 35.06 35.08 35.09 35.1 35.11 35.11 35.12 35.13 35.13 35.13 35.15 35.15 35.16 35.16 35.17 35.18 35.18 35.17 35.12 35.03 34.97 34.97 34.96 34.96 34.96 34.97 34.97 34.97 34.97 34.97 34.98 34.98 34.98 34.98 34.97 34.97 34.98 35.01 35.08 35.19 35.33 35.72
35.37 35.36 35.36 35.36 35.34 35.33 35.33 35.33 35.32 35.31 35.31 35.3 35.29 35.28 35.28 35.27 35.26 35.26 35.26 35.25 35.24 35.24 35.23 35.23 35.22 35.22 35.21 35.2 35.2 35.2 35.18 35.1 35.01 35.02 35.03 35.05 35.05 35.06 35.09 35.1 35.11 35.11 35.12 35.12 35.13 35.13 35.14 35.15 35.16 35.16 35.16 35.17 35.17 35.14 35.07 34.99 34.96 34.97 34.97 34.97 34.97 34.97 34.98 34.98 34.98 34.98 34.98 34.98 34.98 34.98 34.97 34.96 34.97 35.01 35.06 35.09 35.2 35.55
35.36 35.35 35.35 35.34 35.33 35.32 35.32 35.31 35.3 35.3 35.3 35.29 35.28 35.28 35.27 35.27 35.26 35.26 35.25 35.24 35.23 35.23 35.23 35.22 35.21 35.21 35.2 35.19 35.19 35.19 35.18 35.12 35.03 35.02 35.02 35.05 35.05 35.06 35.08 35.09 35.1 35.11 35.11 35.12 35.13 35.13 35.14 35.15 35.15 35.15 35.16 35.16 35.16 35.11 35.02 34.98 34.97 34.97 34.98 34.98 34.98 34.98 34.98 34.98 34.98 34.98 34.98 34.98 34.98 34.97 34.96 34.96 34.97 35.01 35.06 35.09 35.14 35.39
35.34 35.34 35.34 35.33 35.32 35.31 35.31 35.31 35.3 35.3 35.29 35.28 35.27 35.27 35.27 35.26 35.25 35.25 35.24 35.23 35.23 35.22 35.22 35.21 35.2 35.2 35.19 35.19 35.18 35.17 35.17 35.14 35.07 35.04 35.01 35.04 35.05 35.05 35.07 35.09 35.1 35.1 35.11 35.12 35.12 35.12 35.13 35.14 35.14 35.14 35.15 35.15 35.13 35.08 35 34.98 34.98 34.98 34.98 34.98 34.98 34.98 34.98 34.98 34.99 34.99 34.99 34.98 34.98 34.97 34.96 34.96 34.97 35 35.05 35.09 35.13 35.3
35.34 35.33 35.33 35.32 35.31 35.31 35.31 35.3 35.29 35.29 35.28 35.27 35.27 35.26 35.26 35.25 35.24 35.24 35.23 35.23 35.22 35.21 35.21 35.2 35.19 35.19 35.18 35.18 35.17 35.16 35.16 35.15 35.12 35.07 35 35.03 35.05 35.05 35.06 35.08 35.09 35.09 35.1 35.11 35.11 35.11 35.12 35.13 35.14 35.14 35.15 35.14 35.11 35.04 34.99 34.98 34.98 34.98 34.98 34.98 34.99 34.99 34.99 34.99 34.99 34.99 34.98 34.98 34.98 34.97 34.96 34.95 34.96 35 35.05 35.07 35.11 35.23
35.33 35.32 35.32 35.31 35.31 35.3 35.3 35.29 35.28 35.28 35.27 35.27 35.26 35.25 35.25 35.24 35.23 35.23 35.22 35.22 35.21 35.2 35.2 35.19 35.19 35.18 35.17 35.17 35.16 35.16 35.15 35.15 35.14 35.11 35.02 35.01 35.03 35.04 35.05 35.07 35.08 35.08 35.09 35.1 35.11 35.11 35.12 35.13 35.13 35.13 35.14 35.14 35.1 35.02 34.99 34.99 34.99 34.99 34.99 34.99 34.99 34.99 34.99 34.99 34.99 34.99 34.98 34.98 34.97 34.96 34.95 34.95 34.96 35 35.04 35.06 35.11 35.19
35.32 35.32 35.31 35.31 35.3 35.29 35.29 35.28 35.27 35.27 35.26 35.26 35.25 35.24 35.24 35.23 35.23 35.22 35.22 35.21 35.2 35.2 35.19 35.18 35.18 35.17 35.17 35.16 35.15 35.14 35.14 35.13 35.13 35.12 35.05 35 35.01 35.02 35.04 35.06 35.08 35.08 35.09 35.1 35.1 35.1 35.11 35.12 35.12 35.13 35.13 35.1 35.07 35 34.99 34.99 34.99 34.99 34.99 34.99 35 35 34.99 34.99 34.99 34.99 34.98 34.97 34.97 34.96 34.95 34.95 34.96 34.99 35.03 35.06 35.11 35.17
35.31 35.31 35.3 35.3 35.29 35.28 35.28 35.27 35.26 35.26 35.25 35.25 35.24 35.23 35.23 35.23 35.22 35.21 35.21 35.2 35.19 35.19 35.18 35.17 35.17 35.16 35.15 35.15 35.14 35.13 35.13 35.12 35.12 35.11 35.07 35 35 35.01 35.04 35.05 35.07 35.07 35.09 35.09 35.1 35.1 35.11 35.12 35.12 35.13 35.11 35.07 35.04 34.99 34.99 34.99 34.99 34.99 34.99 35 35 35 35 34.99 34.99 34.98 34.98 34.97 34.97 34.96 34.95 34.95 34.95 34.99 35.03 35.05 35.11 35.16
35.3 35.3 35.29 35.29 35.28 35.27 35.27 35.26 35.26 35.25 35.24 35.24 35.23 35.23 35.22 35.21 35.21 35.2 35.19 35.19 35.18 35.17 35.17 35.16 35.16 35.15 35.14 35.13 35.13 35.13 35.12 35.11 35.11 35.1 35.08 35.01 34.98 35 35.03 35.05 35.06 35.06 35.08 35.09 35.09 35.09 35.1 35.11 35.11 35.12 35.09 35.03 35.02 35 34.99 35 35 35 35 35 35 35 35 34.99 34.99 34.98 34.98 34.97 34.96 34.95 34.95 34.95 34.95 34.98 35.02 35.05 35.1 35.16
35.3 35.29 35.28 35.28 35.27 35.27 35.26 35.26 35.25 35.24 35.24 35.23 35.23 35.22 35.21 35.2 35.2 35.19 35.18 35.17 35.17 35.16 35.16 35.15 35.15 35.14 35.13 35.12 35.12 35.12 35.11 35.1 35.1 35.09 35.08 35.04 34.99 34.98 35.02 35.04 35.05 35.06 35.08 35.08 35.08 35.09 35.1 35.1 35.1 35.11 35.06 35.01 35 35 35 35 35 35 35 35 35 35 34.99 34.99 34.98 34.98 34.97 34.97 34.96 34.95 34.95 34.94 34.94 34.98 35.02 35.05 35.1 35.16
35.29 35.28 35.28 35.27 35.26 35.26 35.25 35.25 35.24 35.23 35.22 35.22 35.21 35.21 35.2 35.19 35.19 35.18 35.17 35.16 35.16 35.16 35.15 35.14 35.14 35.13 35.13 35.12 35.12 35.11 35.1 35.09 35.09 35.09 35.08 35.07 35.04 34.99 35 35.03 35.04 35.05 35.07 35.08 35.08 35.09 35.09 35.1 35.1 35.09 35.04 35 35 35 35 35 35.01 35.01 35.01 35 35 35 34.99 34.99 34.98 34.97 34.97 34.97 34.95 34.95 34.94 34.94 34.94 34.98 35.02 35.04 35.1 35.15
35.28 35.27 35.27 35.26 35.25 35.24 35.24 35.23 35.23 35.22 35.21 35.2 35.2 35.2 35.19 35.18 35.18 35.17 35.17 35.16 35.16 35.15 35.14 35.13 35.13 35.13 35.12 35.11 35.11 35.1 35.09 35.09 35.08 35.08 35.07 35.07 35.05 35 34.99 35.02 35.03 35.05 35.06 35.07 35.08 35.08 35.09 35.09 35.09 35.07 35.02 35 35.01 35.01 35.01 35.01 35.01 35.01 35.01 35.01 35.01 35 34.99 34.99 34.98 34.97 34.97 34.96 34.95 34.94 34.94 34.94 34.94 34.97 35.01 35.04 35.09 35.14
35.26 35.26 35.26 35.25 35.24 35.23 35.23 35.22 35.22 35.21 35.2 35.2 35.2 35.19 35.18 35.17 35.17 35.17 35.16 35.15 35.15 35.14 35.13 35.12 35.12 35.12 35.11 35.1 35.1 35.09 35.09 35.08 35.07 35.07 35.06 35.06 35.04 35 34.99 35 35.01 35.04 35.06 35.07 35.07 35.08 35.09 35.09 35.08 35.05 35.02 35.01 35.01 35.02 35.02 35.02 35.01 35.01 35.01 35.01 35.01 34.99 34.99 34.99 34.98 34.97 34.96 34.96 34.95 34.94 34.94 34.93 34.93 34.97 35 35.04 35.09 35.14
35.25 35.25 35.24 35.24 35.23 35.23 35.22 35.21 35.21 35.2 35.2 35.19 35.19 35.18 35.17 35.16 35.16 35.16 35.15 35.14 35.14 35.13 35.12 35.12 35.11 35.11 35.1 35.09 35.09 35.08 35.08 35.07 35.06 35.06 35.05 35.05 35.04 35.02 34.98 34.98 35 35.03 35.05 35.07 35.07 35.07 35.08 35.08 35.06 35.03 35.02 35.02 35.02 35.02 35.02 35.02 35.02 35.01 35.01 35.01 35 34.99 34.99 34.98 34.97 34.96 34.96 34.96 34.95 34.94 34.93 34.93 34.93 34.96 34.98 35.03 35.09 35.13
35.24 35.24 35.24 35.23 35.23 35.22 35.21 35.2 35.2 35.2 35.19 35.18 35.18 35.17 35.16 35.16 35.15 35.15 35.14 35.13 35.13 35.12 35.12 35.11 35.1 35.1 35.09 35.09 35.09 35.08 35.07 35.06 35.06 35.05 35.04 35.04 35.04 35.02 34.99 34.96 34.98 35.01 35.03 35.05 35.06 35.06 35.07 35.07 35.05 35.02 35.02 35.02 35.02 35.02 35.02 35.02 35.02 35.01 35.01 35.01 34.99 34.99 34.98 34.98 34.97 34.96 34.96 34.95 34.94 34.93 34.93 34.93 34.93 34.95 34.97 35.03 35.09 35.13
35.24 35.24 35.23 35.22 35.22 35.21 35.2 35.2 35.19 35.19 35.18 35.17 35.17 35.16 35.16 35.15 35.14 35.14 35.13 35.13 35.12 35.11 35.11 35.1 35.09 35.09 35.09 35.09 35.08 35.07 35.06 35.06 35.05 35.04 35.03 35.03 35.02 35.01 34.99 34.95 34.96 34.99 35.02 35.04 35.05 35.06 35.07 35.06 35.04 35.03 35.03 35.03 35.03 35.02 35.02 35.02 35.02 35.01 35.01 35 34.99 34.98 34.98 34.98 34.97 34.96 34.95 34.95 34.94 34.93 34.93 34.92 34.92 34.95 34.97 35.03 35.08 35.12
35.23 35.23 35.22 35.21 35.21 35.2 35.2 35.19 35.18 35.18 35.17 35.16 35.16 35.15 35.15 35.14 35.13 35.13 35.13 35.12 35.12 35.1 35.1 35.09 35.09 35.08 35.07 35.07 35.07 35.05 35.05 35.04 35.04 35.03 35.02 35.02 35.01 35 34.99 34.96 34.96 34.98 35.01 35.03 35.04 35.06 35.06 35.05 35.03 35.03 35.03 35.03 35.03 35.02 35.02 35.02 35.02 35.01 35 35 34.99 34.98 34.98 34.97 34.96 34.95 34.95 34.95 34.94 34.93 34.93 34.92 34.92 34.94 34.97 35.02 35.07 35.08
35.22 35.22 35.21 35.2 35.2 35.19 35.19 35.18 35.17 35.17 35.16 35.16 35.15 35.15 35.14 35.13 35.13 35.12 35.11 35.11 35.11 35.1 35.09 35.08 35.07 35.07 35.06 35.06 35.05 35.04 35.03 35.03 35.02 35.02 35.01 35.01 35 34.99 34.99 34.98 34.97 34.96 34.99 35 35.03 35.05 35.05 35.05 35.03 35.03 35.03 35.03 35.03 35.03 35.02 35.02 35.01 35.01 35 35 34.99 34.98 34.97 34.97 34.96 34.95 34.95 34.94 34.93 34.93 34.92 34.92 34.92 34.94 34.96 35.02 35.06 35.03
35.21 35.21 35.2 35.19 35.19 35.18 35.18 35.17 35.17 35.16 35.16 35.15 35.14 35.14 35.13 35.12 35.12 35.11 35.1 35.1 35.09 35.08 35.08 35.07 35.06 35.06 35.05 35.05 35.04 35.03 35.02 35.02 35.02 35.01 35 35 34.99 34.98 34.98 34.97 34.96 34.96 34.98 34.99 35.02 35.04 35.04 35.04 35.03 35.03 35.03 35.03 35.03 35.03 35.02 35.02 35.01 35 35 34.99 34.98 34.98 34.97 34.97 34.96 34.95 34.95 34.94 34.93 34.92 34.92 34.91 34.91 34.94 34.96 35.02 35.05 35.01
35.2 35.19 35.19 35.18 35.18 35.17 35.17 35.16 35.15 35.15 35.14 35.14 35.13 35.12 35.12 35.11 35.1 35.1 35.09 35.09 35.08 35.07 35.06 35.06 35.06 35.05 35.04 35.04 35.03 35.02 35.02 35.02 35.01 35 34.99 34.99 34.98 34.98 34.97 34.97 34.96 34.95 34.96 34.98 35.01 35.04 35.04 35.04 35.04 35.03 35.03 35.03 35.03 35.03 35.02 35.02 35.01 35 34.99 34.99 34.98 34.98 34.97 34.96 34.95 34.95 34.95 34.94 34.93 34.92 34.92 34.91 34.91 34.93 34.96 35.02 35.05 35.01
35.19 35.18 35.17 35.17 35.16 35.16 35.15 35.15 35.14 35.13 35.13 35.12 35.12 35.11 35.1 35.1 35.09 35.08 35.07 35.07 35.07 35.06 35.05 35.05 35.05 35.04 35.03 35.03 35.02 35.01 35.01 35.01 35 34.99 34.99 34.98 34.98 34.97 34.96 34.96 34.95 34.94 34.95 34.97 35.03 35.09 35.07 35.05 35.04 35.04 35.03 35.03 35.03 35.02 35.02 35.01 35 34.99 34.99 34.98 34.98 34.97 34.97 34.96 34.95 34.95 34.94 34.93 34.92 34.92 34.92 34.9 34.91 34.93 34.95 35.01 35.03 35.02
35.18 35.18 35.17 35.16 35.15 35.15 35.14 35.14 35.13 35.12 35.11 35.11 35.1 35.09 35.08 35.08 35.08 35.07 35.06 35.06 35.06 35.05 35.04 35.04 35.03 35.03 35.02 35.02 35.01 35 35 35 34.99 34.98 34.98 34.97 34.97 34.96 34.95 34.95 34.94 34.94 34.94 35.01 35.17 35.26 35.2 35.17 35.1 35.04 35.03 35.03 35.02 35.02 35.02 35.01 35 34.99 34.99 34.98 34.97 34.97 34.97 34.95 34.95 34.94 34.94 34.93 34.92 34.92 34.91 34.9 34.9 34.92 34.95 35.01 35.02 35.01
35.22 35.18 35.18 35.17 35.17 35.17 35.16 35.16 35.16 35.15 35.15 35.14 35.14 35.13 35.13 35.12 35.12 35.12 35.11 35.11 35.1 35.1 35.09 35.09 35.08 35.08 35.07 35.06 35.06 35.05 35.04 35.04 35.03 35.02 35.01 35.01 35 34.99 34.98 34.98 34.97 34.97 35.02 35.21 35.54 35.68 35.6 35.54 35.33 35.1 35.06 35.04 35.03 35.02 35.02 35.01 35 34.99 34.99 34.98 34.97 34.97 34.96 34.95 34.94 34.94 34.94 34.92 34.92 34.91 34.91 34.9 34.89 34.91 34.96 35.01 35.02 34.99
35.39 35.21 35.21 35.21 35.2 35.2 35.21 35.21 35.21 35.21 35.21 35.21 35.21 35.21 35.21 35.21 35.21 35.21 35.21 35.21 35.21 35.2 35.2 35.2 35.2 35.2 35.19 35.19 35.18 35.17 35.17 35.16 35.15 35.14 35.14 35.13 35.12 35.11 35.11 35.1 35.09 35.13 35.32 35.69 36.18 36.38 36.31 36.14 35.72 35.28 35.19 35.11 35.08 35.06 35.05 35.02 35.01 34.99 34.99 34.98 34.97 34.96 34.96 34.95 34.94 34.94 34.93 34.92 34.91 34.91 34.91 34.9 34.89 34.9 34.95 35.01 34.99 34.95
35.68 35.27 35.23 35.23 35.23 35.23 35.23 35.24 35.24 35.24 35.24 35.24 35.24 35.24 35.24 35.24 35.24 35.24 35.25 35.25 35.25 35.25 35.25 35.25 35.25 35.26 35.26 35.26 35.25 35.26 35.26 35.26 35.25 35.25 35.24 35.24 35.24 35.24 35.25 35.25 35.25 35.33 35.63 36.07 36.68 36.91 36.87 36.63 36.11 35.64 35.48 35.25 35.19 35.17 35.14 35.11 35.08 35.05 35.05 35.03 35.02 35 35 34.98 34.96 34.95 34.94 34.92 34.91 34.91 34.9 34.89 34.89 34.9 34.96 35.01 34.98 34.94
35.95 35.44 35.27 35.26 35.26 35.26 35.26 35.27 35.27 35.27 35.26 35.27 35.27 35.27 35.27 35.27 35.27 35.27 35.28 35.28 35.28 35.28 35.28 35.28 35.29 35.29 35.28 35.28 35.28 35.28 35.29 35.29 35.29 35.28 35.27 35.27 35.28 35.28 35.29 35.29 35.31 35.38 35.63 36.12 36.76 36.96 36.94 36.81 36.43 35.99 35.75 35.35 35.22 35.2 35.19 35.17 35.15 35.13 35.12 35.11 35.09 35.08 35.07 35.05 35.03 35.01 34.99 34.97 34.95 34.94 34.93 34.92 34.92 34.94 35.01 35.09 35.1 35.1
36.25 35.68 35.34 35.29 35.29 35.29 35.29 35.29 35.29 35.29 35.29 35.3 35.3 35.3 35.31 35.31 35.3 35.3 35.3 35.3 35.3 35.3 35.3 35.31 35.31 35.31 35.3 35.29 35.28 35.26 35.27 35.27 35.27 35.26 35.25 35.25 35.26 35.26 35.27 35.27 35.29 35.31 35.5 36.1 36.71 36.96 36.95 36.86 36.61 36.23 35.95 35.4 35.18 35.16 35.16 35.15 35.13 35.12 35.12 35.12 35.12 35.11 35.11 35.1 35.09 35.09 35.08 35.07 35.07 35.06 35.06 35.07 35.08 35.11 35.2 35.31 35.39 35.48
36.49 35.95 35.46 35.32 35.32 35.32 35.32 35.32 35.32 35.32 35.32 35.32 35.32 35.32 35.33 35.32 35.32 35.31 35.3 35.3 35.29 35.29 35.29 35.28 35.27 35.26 35.26 35.25 35.24 35.22 35.22 35.21 35.21 35.21 35.22 35.22 35.23 35.24 35.24 35.25 35.26 35.28 35.46 36.01 36.62 36.94 36.95 36.92 36.77 36.48 36.17 35.54 35.2 35.16 35.16 35.16 35.16 35.16 35.16 35.16 35.16 35.16 35.16 35.16 35.16 35.16 35.18 35.21 35.22 35.23 35.24 35.29 35.39 35.45 35.57 35.65 35.71 35.83
36.65 36.24 35.66 35.35 35.34 35.33 35.33 35.32 35.32 35.31 35.3 35.3 35.29 35.29 35.29 35.29 35.28 35.27 35.26 35.24 35.23 35.22 35.22 35.21 35.19 35.18 35.18 35.18 35.18 35.18 35.18 35.17 35.17 35.18 35.18 35.2 35.21 35.22 35.22 35.22 35.23 35.24 35.38 35.87 36.51 36.88 36.94 36.98 36.9 36.72 36.42 35.75 35.26 35.16 35.16 35.16 35.17 35.17 35.19 35.19 35.21 35.21 35.22 35.23 35.23 35.23 35.27 35.33 35.35 35.36 35.38 35.47 35.68 35.76 35.89 35.91 35.92 35.99
36.78 36.48 35.9 35.41 35.35 35.28 35.28 35.27 35.27 35.26 35.25 35.25 35.24 35.22 35.2 35.2 35.19 35.19 35.18 35.16 35.16 35.15 35.15 35.15 35.14 35.14 35.14 35.14 35.13 35.13 35.14 35.14 35.15 35.16 35.16 35.17 35.18 35.18 35.19 35.19 35.21 35.22 35.31 35.67 36.26 36.71 36.85 37.03 36.99 36.86 36.62 35.98 35.38 35.19 35.13 35.14 35.15 35.16 35.18 35.2 35.22 35.25 35.29 35.31 35.31 35.32 35.34 35.38 35.4 35.4 35.44 35.61 35.84 35.92 36.02 36.02 36.05 36.16
36.86 36.63 36.14 35.63 35.44 35.23 35.21 35.2 35.19 35.17 35.16 35.16 35.16 35.15 35.13 35.13 35.12 35.12 35.11 35.11 35.11 35.11 35.11 35.11 35.1 35.09 35.09 35.09 35.09 35.1 35.1 35.11 35.12 35.13 35.14 35.14 35.15 35.16 35.16 35.18 35.2 35.21 35.25 35.45 35.95 36.47 36.69 37.02 37.04 36.95 36.78 36.23 35.63 35.43 35.2 35.17 35.18 35.2 35.26 35.27 35.28 35.3 35.34 35.36 35.36 35.36 35.36 35.35 35.35 35.37 35.48 35.76 35.94 36.02 36.14 36.19 36.23 36.37
36.91 36.74 36.41 36.06 35.64 35.25 35.14 35.13 35.11 35.1 35.09 35.09 35.09 35.08 35.08 35.08 35.08 35.08 35.07 35.07 35.07 35.06 35.06 35.06 35.05 35.05 35.06 35.06 35.07 35.08 35.08 35.09 35.09 35.1 35.11 35.12 35.14 35.15 35.16 35.18 35.19 35.21 35.22 35.32 35.74 36.28 36.55 36.97 37.06 37.03 36.93 36.51 36.02 35.91 35.52 35.32 35.28 35.3 35.33 35.32 35.32 35.32 35.32 35.31 35.32 35.32 35.31 35.31 35.31 35.37 35.58 35.86 35.97 36.06 36.25 36.4 36.48 36.66
36.93 36.86 36.73 36.5 35.91 35.37 35.1 35.07 35.05 35.05 35.05 35.05 35.04 35.04 35.04 35.04 35.03 35.03 35.02 35.02 35.02 35.02 35.02 35.02 35.02 35.02 35.02 35.03 35.04 35.05 35.05 35.06 35.08 35.09 35.09 35.12 35.14 35.15 35.16 35.18 35.19 35.2 35.21 35.27 35.59 36.11 36.46 36.93 37.06 37.07 37.04 36.81 36.51 36.4 35.89 35.5 35.35 35.33 35.31 35.3 35.29 35.29 35.28 35.27 35.27 35.27 35.26 35.26 35.28 35.43 35.74 35.99 36.04 36.15 36.41 36.67 36.77 36.96
