slabs/99.grd
DSAA
631 301
647670 648300
4948400 4948700
35.54 42.81
[rows 238 to 271 of 300, columns 390 to 467 of 631]
39.01 39.04 39.09 39.1 39.15 39.22 39.26 39.28 39.31 39.29 39.28 39.24 39.12 38.97 38.86 38.79 38.62 38.43 38.3 38.22 38.06 37.98 38.01 38.07 38.11 38.07 38.07 38.09 38.07 38.06 38.07 38.09 38.11 38.12 38.12 38.1 38.11 38.13 38.14 38.14 38.11 38.06 38.06 38.09 38.11 38.13 38.15 38.2 38.28 38.33 38.5 38.71 38.87 39.01 39.35 39.61 39.71 39.75 39.79 39.73 39.61 39.51 39.33 39.32 39.28 39.21 39.06 38.93 38.86 38.81 38.91 39.21 39.4 39.7 39.83 39.85 39.85 39.7
38.95 39.03 39.09 39.11 39.15 39.21 39.25 39.27 39.31 39.33 39.33 39.29 39.17 39.01 38.87 38.8 38.63 38.47 38.36 38.29 38.1 37.92 37.92 37.98 38.02 38.05 38.07 38.12 38.13 38.1 38.1 38.09 38.1 38.12 38.12 38.13 38.15 38.17 38.18 38.16 38.13 38.09 38.07 38.09 38.16 38.23 38.42 38.59 38.73 38.85 39.13 39.23 39.17 39.27 39.57 39.75 39.78 39.77 39.71 39.52 39.3 39.18 38.98 38.97 38.93 38.84 38.68 38.54 38.48 38.4 38.52 38.8 39.03 39.51 39.79 39.83 39.82 39.74
38.98 39.02 39.05 39.07 39.12 39.18 39.22 39.26 39.33 39.36 39.35 39.32 39.2 39.04 38.92 38.85 38.7 38.57 38.47 38.36 38.17 37.99 37.94 37.93 38.03 38.14 38.18 38.24 38.25 38.2 38.17 38.12 38.12 38.13 38.13 38.14 38.14 38.16 38.19 38.19 38.18 38.17 38.18 38.26 38.42 38.56 38.89 39.08 39.25 39.39 39.63 39.61 39.51 39.57 39.73 39.75 39.69 39.65 39.49 39.21 38.97 38.84 38.62 38.61 38.59 38.47 38.31 38.18 38.12 38.06 38.26 38.57 38.8 39.34 39.71 39.81 39.8 39.77
38.93 38.97 39 39.03 39.1 39.18 39.22 39.25 39.33 39.35 39.35 39.34 39.25 39.12 39.03 38.94 38.79 38.65 38.57 38.41 38.23 38.1 38.03 37.96 38.13 38.26 38.3 38.37 38.37 38.29 38.24 38.17 38.16 38.14 38.11 38.1 38.12 38.15 38.22 38.25 38.31 38.35 38.48 38.7 38.88 39.04 39.35 39.5 39.65 39.74 39.86 39.83 39.78 39.76 39.71 39.61 39.5 39.41 39.18 38.9 38.69 38.5 38.27 38.24 38.21 38.09 37.96 37.82 37.8 37.88 38.17 38.4 38.63 39.19 39.6 39.71 39.74 39.79
38.87 38.94 39.01 39.04 39.1 39.18 39.23 39.26 39.32 39.36 39.36 39.36 39.33 39.24 39.17 39 38.84 38.7 38.62 38.44 38.29 38.19 38.12 38.07 38.22 38.31 38.35 38.41 38.42 38.32 38.28 38.22 38.17 38.13 38.1 38.09 38.15 38.21 38.34 38.51 38.68 38.76 38.99 39.28 39.43 39.51 39.69 39.79 39.87 39.92 39.96 39.9 39.81 39.69 39.44 39.28 39.17 39.05 38.82 38.6 38.45 38.17 37.92 37.86 37.83 37.71 37.59 37.48 37.54 37.79 38.08 38.16 38.4 38.99 39.42 39.55 39.63 39.77
38.87 38.95 39.01 39.04 39.1 39.16 39.21 39.25 39.32 39.37 39.38 39.38 39.38 39.31 39.23 39.04 38.87 38.73 38.65 38.5 38.38 38.3 38.25 38.21 38.27 38.3 38.33 38.38 38.4 38.33 38.3 38.24 38.18 38.16 38.19 38.25 38.37 38.45 38.68 39.06 39.26 39.35 39.58 39.81 39.87 39.87 39.92 39.99 39.97 39.99 40 39.83 39.57 39.42 39.11 38.92 38.83 38.66 38.43 38.24 38.13 37.83 37.57 37.48 37.44 37.33 37.22 37.12 37.26 37.62 37.9 37.92 38.14 38.58 38.99 39.21 39.39 39.7
38.9 38.95 38.98 39.01 39.07 39.14 39.19 39.24 39.31 39.36 39.37 39.4 39.39 39.31 39.23 39.06 38.89 38.76 38.72 38.62 38.54 38.45 38.41 38.37 38.33 38.27 38.3 38.35 38.38 38.35 38.3 38.25 38.22 38.25 38.38 38.56 38.77 38.88 39.18 39.58 39.76 39.84 39.99 40.05 40.02 40.02 40.04 40 39.89 39.91 39.91 39.68 39.33 39.11 38.79 38.57 38.48 38.28 38.05 37.85 37.75 37.47 37.2 37.07 37.03 36.94 36.84 36.73 36.87 37.22 37.52 37.67 37.8 38.07 38.45 38.73 39.15 39.64
38.89 38.9 38.94 38.98 39.06 39.13 39.17 39.23 39.29 39.33 39.35 39.39 39.37 39.29 39.2 39.03 38.91 38.84 38.82 38.77 38.67 38.54 38.5 38.47 38.42 38.29 38.31 38.35 38.39 38.38 38.35 38.38 38.42 38.51 38.76 38.98 39.17 39.3 39.59 39.83 39.94 40.01 40.12 40.1 40.04 40.03 39.98 39.86 39.75 39.73 39.66 39.42 39.15 38.79 38.48 38.25 38.13 37.87 37.61 37.39 37.3 37.07 36.79 36.6 36.57 36.55 36.52 36.44 36.53 36.76 37.05 37.35 37.44 37.79 38.22 38.49 39.11 39.63
38.87 38.87 38.91 38.97 39.05 39.12 39.15 39.21 39.23 39.25 39.27 39.29 39.26 39.21 39.13 39 38.93 38.92 38.91 38.86 38.73 38.56 38.52 38.49 38.49 38.4 38.35 38.34 38.42 38.46 38.54 38.69 38.86 38.99 39.24 39.42 39.56 39.66 39.89 40 40.02 40.05 40.08 40.05 40.01 39.96 39.81 39.63 39.55 39.44 39.25 38.97 38.76 38.4 38.11 37.89 37.74 37.37 37.01 36.74 36.7 36.62 36.46 36.31 36.3 36.31 36.36 36.38 36.42 36.55 36.74 37 37.22 37.69 38.18 38.47 39.14 39.63
38.88 38.87 38.89 38.96 39.02 39.07 39.09 39.13 39.14 39.15 39.16 39.14 39.08 39.06 39.05 38.99 38.94 38.94 38.94 38.9 38.78 38.62 38.53 38.47 38.46 38.43 38.35 38.38 38.52 38.65 38.92 39.14 39.3 39.43 39.67 39.78 39.85 39.91 40.02 40.05 40.06 40.05 40.03 40 39.97 39.86 39.57 39.27 39.18 39.01 38.75 38.43 38.13 37.81 37.54 37.32 37.17 36.79 36.42 36.17 36.2 36.29 36.31 36.29 36.28 36.27 36.26 36.29 36.32 36.41 36.54 36.68 37.05 37.64 38.18 38.51 39.24 39.68
38.87 38.87 38.88 38.93 38.97 39.01 39.02 39.07 39.11 39.14 39.12 39.04 38.93 38.9 38.94 38.98 38.95 38.92 38.89 38.82 38.78 38.71 38.6 38.51 38.47 38.45 38.43 38.56 38.77 38.96 39.38 39.63 39.69 39.77 39.94 40.01 40.04 40.04 40.05 40.05 40.09 40.05 39.93 39.87 39.82 39.61 39.19 38.73 38.62 38.42 38.13 37.85 37.57 37.23 36.95 36.75 36.62 36.37 36.19 36.06 36.13 36.22 36.21 36.22 36.22 36.19 36.16 36.17 36.23 36.3 36.38 36.5 36.89 37.56 38.17 38.51 39.26 39.72
38.86 38.88 38.88 38.91 38.97 39.02 39.04 39.09 39.15 39.17 39.13 39.01 38.93 38.9 38.92 38.94 38.9 38.86 38.81 38.71 38.69 38.7 38.69 38.58 38.56 38.57 38.67 38.91 39.14 39.34 39.74 39.95 39.96 39.99 40.06 40.1 40.1 40.09 40.06 40.07 40.09 39.96 39.6 39.37 39.29 39.02 38.66 38.22 38.09 37.83 37.53 37.32 37.19 36.85 36.58 36.44 36.37 36.25 36.21 36.14 36.17 36.19 36.11 36.12 36.13 36.08 36.03 36.09 36.21 36.22 36.23 36.37 36.8 37.42 38.02 38.34 39.11 39.73
38.85 38.87 38.89 38.94 38.98 39.03 39.06 39.11 39.14 39.12 39.08 39.01 38.99 38.96 38.93 38.87 38.81 38.79 38.74 38.66 38.65 38.69 38.75 38.74 38.82 38.87 39.03 39.29 39.51 39.64 39.91 40.03 40.04 40.06 40.09 40.08 40.09 40.09 40.04 39.98 39.93 39.62 39.08 38.77 38.65 38.38 38.14 37.87 37.74 37.42 37.12 36.93 36.79 36.49 36.33 36.28 36.25 36.21 36.18 36.14 36.11 36.1 36.05 36.03 35.99 35.88 35.83 35.93 36.14 36.16 36.17 36.31 36.71 37.25 37.75 38.09 38.95 39.73
38.83 38.84 38.86 38.91 38.94 38.97 39 39.04 39.05 39.03 39 38.93 38.9 38.89 38.87 38.8 38.74 38.74 38.72 38.69 38.73 38.78 38.9 39.03 39.18 39.26 39.41 39.59 39.75 39.82 39.95 40.01 40.01 40.05 40.07 40.04 40.07 40.07 39.96 39.79 39.64 39.21 38.73 38.46 38.33 38.03 37.7 37.42 37.3 37 36.68 36.5 36.42 36.26 36.24 36.26 36.22 36.14 36.04 36 35.95 35.97 35.98 35.95 35.84 35.75 35.81 35.88 36.05 36.15 36.08 36.2 36.58 37.07 37.5 37.82 38.7 39.59
38.8 38.8 38.83 38.88 38.91 38.92 38.93 38.94 38.92 38.9 38.88 38.82 38.77 38.78 38.8 38.78 38.75 38.75 38.79 38.87 38.99 39.05 39.22 39.4 39.53 39.59 39.7 39.79 39.86 39.87 39.93 39.97 39.97 40 40.03 40.03 40.04 40.05 39.91 39.7 39.52 39.06 38.59 38.25 38.1 37.68 37.18 36.86 36.78 36.55 36.31 36.19 36.2 36.21 36.26 36.25 36.15 35.98 35.82 35.82 35.86 35.91 35.98 35.98 35.89 35.72 35.8 35.81 35.97 36.18 36.07 36.16 36.45 36.88 37.23 37.53 38.3 39.16
38.77 38.75 38.78 38.83 38.86 38.87 38.87 38.86 38.84 38.82 38.8 38.78 38.76 38.78 38.83 38.88 38.91 38.95 39.07 39.25 39.39 39.46 39.61 39.71 39.74 39.8 39.87 39.86 39.85 39.77 39.77 39.8 39.81 39.84 39.96 40.03 40.05 40.07 39.99 39.81 39.59 39.07 38.55 38.15 37.89 37.27 36.68 36.41 36.38 36.28 36.19 36.15 36.18 36.21 36.23 36.2 36.03 35.81 35.7 35.75 35.89 35.97 36.04 36.07 35.97 35.72 35.72 35.71 35.84 36.13 36.18 36.2 36.36 36.66 36.9 37.3 37.99 38.68
38.78 38.76 38.76 38.79 38.82 38.83 38.84 38.85 38.83 38.83 38.84 38.88 38.9 38.94 39.04 39.17 39.26 39.33 39.54 39.72 39.79 39.8 39.83 39.82 39.79 39.82 39.85 39.76 39.69 39.54 39.51 39.52 39.53 39.61 39.84 40 40.03 40.08 40.08 39.95 39.7 39.13 38.62 38.2 37.82 36.96 36.35 36.22 36.23 36.23 36.18 36.18 36.21 36.21 36.2 36.16 35.96 35.72 35.66 35.75 35.95 36.07 36.1 36.1 35.97 35.72 35.65 35.63 35.72 36.03 36.21 36.22 36.28 36.48 36.68 37.22 37.9 38.47
38.82 38.79 38.76 38.79 38.83 38.83 38.85 38.9 38.93 38.96 39.05 39.15 39.2 39.27 39.45 39.64 39.76 39.79 39.89 39.98 39.99 39.94 39.82 39.71 39.68 39.65 39.6 39.51 39.46 39.38 39.37 39.38 39.39 39.47 39.68 39.92 39.95 40.01 40.07 40.02 39.8 39.24 38.66 38.23 37.84 36.96 36.35 36.24 36.2 36.25 36.2 36.22 36.24 36.21 36.18 36.13 35.94 35.73 35.67 35.74 35.94 36.13 36.15 36.08 35.91 35.75 35.6 35.58 35.65 35.84 35.97 36.11 36.26 36.44 36.63 37.16 37.82 38.32
38.9 38.86 38.78 38.76 38.79 38.79 38.83 38.99 39.14 39.27 39.47 39.57 39.63 39.68 39.82 39.98 40.05 40.03 39.97 39.91 39.92 39.92 39.73 39.53 39.49 39.44 39.39 39.38 39.37 39.37 39.38 39.39 39.38 39.39 39.53 39.76 39.81 39.92 40.04 40.08 39.89 39.31 38.65 38.23 37.84 37.06 36.48 36.31 36.16 36.29 36.32 36.31 36.3 36.22 36.13 36.08 35.96 35.86 35.79 35.8 35.94 36.19 36.2 36.06 35.85 35.74 35.59 35.56 35.59 35.63 35.7 35.94 36.25 36.47 36.62 37.05 37.68 38.2
38.99 38.95 38.8 38.69 38.65 38.68 38.82 39.13 39.38 39.55 39.8 39.88 39.94 39.94 39.95 39.95 39.93 39.95 39.89 39.73 39.74 39.75 39.57 39.41 39.38 39.37 39.37 39.37 39.38 39.39 39.38 39.4 39.39 39.37 39.42 39.54 39.65 39.87 40.03 40.07 39.91 39.36 38.67 38.34 37.86 37.22 36.66 36.43 36.19 36.33 36.41 36.41 36.35 36.21 36.04 36.02 36 36 35.92 35.92 36.03 36.22 36.21 36.05 35.8 35.66 35.61 35.57 35.6 35.64 35.68 35.89 36.24 36.44 36.55 36.91 37.56 38.18
39.11 39.06 38.87 38.65 38.58 38.68 38.97 39.36 39.61 39.7 39.86 39.92 39.97 40.01 40 39.88 39.81 39.78 39.7 39.55 39.53 39.48 39.4 39.37 39.37 39.37 39.37 39.36 39.37 39.38 39.37 39.39 39.38 39.37 39.38 39.42 39.53 39.8 39.98 40.01 39.91 39.47 38.84 38.54 38.01 37.51 37 36.76 36.41 36.39 36.4 36.4 36.35 36.18 35.98 35.98 36.02 36.06 35.96 35.93 35.98 36.13 36.15 35.99 35.73 35.62 35.6 35.58 35.62 35.66 35.68 35.85 36.18 36.36 36.46 36.81 37.47 38.05
39.22 39.18 39 38.75 38.7 38.87 39.28 39.62 39.77 39.8 39.88 39.94 39.95 40 39.96 39.78 39.69 39.56 39.51 39.43 39.41 39.38 39.37 39.36 39.36 39.36 39.37 39.36 39.36 39.37 39.37 39.37 39.37 39.37 39.38 39.39 39.45 39.68 39.92 39.95 39.93 39.66 39.17 38.85 38.28 37.89 37.42 37.14 36.63 36.41 36.38 36.38 36.34 36.21 36.04 36.06 36.11 36.12 36.04 35.99 35.97 36.11 36.11 35.98 35.74 35.6 35.59 35.58 35.64 35.68 35.68 35.78 36.08 36.33 36.41 36.73 37.34 37.87
39.24 39.22 39.14 39 38.98 39.16 39.55 39.77 39.81 39.82 39.84 39.88 39.91 39.93 39.78 39.59 39.52 39.41 39.4 39.4 39.39 39.37 39.38 39.37 39.37 39.37 39.37 39.36 39.36 39.37 39.37 39.37 39.37 39.37 39.38 39.38 39.41 39.57 39.81 39.91 40 39.83 39.52 39.2 38.59 38.22 37.76 37.4 36.68 36.34 36.33 36.35 36.35 36.29 36.22 36.21 36.21 36.19 36.15 36.11 36.13 36.18 36.14 35.99 35.77 35.61 35.59 35.61 35.67 35.73 35.72 35.76 36 36.26 36.35 36.63 37.1 37.58
39.29 39.29 39.3 39.33 39.38 39.51 39.79 39.91 39.9 39.85 39.77 39.74 39.75 39.71 39.52 39.43 39.41 39.37 39.37 39.38 39.37 39.36 39.36 39.37 39.37 39.37 39.37 39.35 39.37 39.38 39.37 39.37 39.37 39.37 39.38 39.38 39.39 39.48 39.68 39.85 40.06 39.93 39.74 39.45 38.84 38.43 38.02 37.64 36.84 36.37 36.28 36.3 36.31 36.28 36.29 36.28 36.26 36.23 36.19 36.13 36.21 36.24 36.17 35.96 35.76 35.66 35.65 35.66 35.71 35.76 35.75 35.8 36.02 36.22 36.32 36.52 36.8 37.17
39.42 39.44 39.49 39.6 39.68 39.8 39.99 40.08 40.05 39.91 39.74 39.6 39.58 39.51 39.4 39.37 39.37 39.37 39.37 39.37 39.37 39.35 39.34 39.35 39.36 39.37 39.37 39.36 39.37 39.38 39.37 39.37 39.36 39.38 39.39 39.38 39.37 39.4 39.54 39.76 40.08 40 39.84 39.58 39.01 38.53 38.11 37.77 37.03 36.51 36.33 36.26 36.27 36.27 36.29 36.29 36.24 36.24 36.2 36.15 36.21 36.24 36.15 35.94 35.77 35.72 35.73 35.75 35.75 35.76 35.79 35.9 36.11 36.27 36.36 36.5 36.62 36.84
39.58 39.6 39.64 39.69 39.78 39.97 40.12 40.2 40.15 39.96 39.69 39.48 39.46 39.41 39.38 39.38 39.37 39.36 39.37 39.37 39.37 39.35 39.33 39.35 39.36 39.37 39.36 39.37 39.37 39.37 39.38 39.37 39.35 39.37 39.4 39.39 39.36 39.37 39.45 39.66 40.02 40.04 39.91 39.7 39.18 38.65 38.24 37.92 37.21 36.66 36.44 36.2 36.27 36.32 36.32 36.28 36.22 36.2 36.19 36.18 36.2 36.21 36.15 36.02 35.89 35.81 35.83 35.86 35.86 35.86 35.95 36.12 36.25 36.35 36.43 36.51 36.59 36.7
39.69 39.69 39.71 39.72 39.82 40.05 40.17 40.22 40.16 39.93 39.6 39.41 39.4 39.4 39.39 39.39 39.38 39.37 39.38 39.35 39.36 39.37 39.35 39.37 39.37 39.37 39.35 39.35 39.36 39.37 39.39 39.39 39.37 39.36 39.37 39.36 39.36 39.38 39.45 39.62 39.94 40.04 39.94 39.77 39.31 38.83 38.5 38.13 37.43 36.86 36.6 36.26 36.32 36.32 36.3 36.26 36.22 36.19 36.18 36.16 36.17 36.18 36.17 36.12 36.01 35.9 35.92 36 36.06 36.09 36.23 36.39 36.38 36.4 36.47 36.51 36.59 36.68
39.72 39.73 39.77 39.82 39.89 40.08 40.2 40.22 40.12 39.8 39.47 39.37 39.38 39.39 39.4 39.37 39.37 39.38 39.38 39.35 39.37 39.38 39.37 39.37 39.38 39.36 39.36 39.36 39.36 39.37 39.41 39.4 39.38 39.37 39.35 39.36 39.37 39.37 39.43 39.58 39.89 40.04 39.98 39.83 39.44 39.03 38.78 38.27 37.55 36.95 36.7 36.34 36.32 36.27 36.23 36.2 36.21 36.19 36.17 36.14 36.15 36.17 36.18 36.15 36.03 35.96 36 36.13 36.24 36.3 36.43 36.5 36.4 36.4 36.45 36.57 36.72 36.82
39.67 39.75 39.83 39.93 39.97 40.08 40.2 40.21 40.05 39.64 39.39 39.36 39.36 39.38 39.39 39.37 39.37 39.38 39.38 39.38 39.37 39.36 39.35 39.37 39.39 39.37 39.38 39.38 39.37 39.37 39.38 39.38 39.38 39.37 39.36 39.37 39.37 39.36 39.39 39.53 39.85 40.05 40.04 39.91 39.58 39.19 38.93 38.27 37.5 36.9 36.7 36.38 36.27 36.21 36.18 36.15 36.19 36.17 36.15 36.11 36.12 36.11 36.1 36.11 36.08 36.08 36.12 36.22 36.32 36.37 36.5 36.55 36.47 36.44 36.5 36.68 36.87 36.99
39.69 39.8 39.87 39.97 40 40.09 40.17 40.15 39.99 39.59 39.37 39.36 39.37 39.37 39.37 39.37 39.38 39.37 39.37 39.37 39.37 39.35 39.35 39.36 39.38 39.37 39.37 39.36 39.35 39.36 39.35 39.35 39.37 39.38 39.39 39.39 39.37 39.36 39.37 39.51 39.84 40.08 40.08 39.96 39.66 39.28 38.98 38.26 37.51 36.97 36.77 36.41 36.22 36.16 36.16 36.19 36.18 36.08 36.04 36.02 36.02 35.99 35.95 36.02 36.14 36.17 36.23 36.29 36.35 36.43 36.58 36.64 36.65 36.67 36.73 36.83 37.04 37.2
39.82 39.85 39.9 39.97 40.02 40.11 40.14 40.11 40.02 39.69 39.4 39.36 39.37 39.38 39.36 39.36 39.37 39.36 39.34 39.35 39.35 39.34 39.36 39.37 39.38 39.38 39.36 39.35 39.36 39.37 39.37 39.36 39.36 39.38 39.39 39.38 39.36 39.36 39.37 39.48 39.8 40.07 40.06 39.98 39.74 39.41 39.13 38.46 37.82 37.34 37.11 36.58 36.22 36.16 36.19 36.25 36.19 36.01 35.85 35.87 35.95 35.95 35.93 36 36.15 36.2 36.28 36.36 36.39 36.47 36.66 36.78 36.86 36.92 37 37.06 37.26 37.48
39.93 39.91 39.95 39.99 40.03 40.1 40.14 40.14 40.05 39.73 39.4 39.36 39.36 39.38 39.37 39.37 39.36 39.35 39.34 39.34 39.34 39.33 39.37 39.38 39.39 39.38 39.37 39.36 39.36 39.38 39.38 39.37 39.37 39.38 39.38 39.37 39.36 39.37 39.37 39.44 39.71 39.99 40.01 39.99 39.87 39.64 39.38 38.8 38.22 37.76 37.5 36.87 36.33 36.2 36.22 36.22 36.12 35.97 35.74 35.84 35.99 36.02 36.06 36.12 36.22 36.28 36.39 36.45 36.47 36.55 36.76 36.97 37.1 37.16 37.3 37.44 37.65 37.95
40 39.99 40.01 40.04 40.07 40.11 40.15 40.15 40.02 39.67 39.37 39.35 39.37 39.4 39.39 39.38 39.36 39.37 39.37 39.35 39.34 39.34 39.36 39.37 39.38 39.38 39.38 39.37 39.36 39.37 39.37 39.37 39.38 39.39 39.39 39.37 39.37 39.39 39.38 39.4 39.56 39.81 39.9 40.02 39.99 39.84 39.58 39.01 38.47 38.02 37.74 37.11 36.55 36.33 36.2 36.08 35.94 35.87 35.82 35.98 36.12 36.14 36.19 36.25 36.33 36.4 36.54 36.59 36.58 36.67 36.93 37.18 37.32 37.42 37.67 37.94 38.13 38.52
40.09 40.07 40.07 40.09 40.1 40.14 40.17 40.18 40.08 39.7 39.39 39.36 39.36 39.38 39.39 39.38 39.36 39.36 39.38 39.37 39.36 39.36 39.35 39.37 39.39 39.38 39.38 39.37 39.36 39.36 39.36 39.37 39.39 39.4 39.39 39.37 39.37 39.39 39.39 39.38 39.42 39.59 39.76 40.01 40.04 39.99 39.74 39.22 38.77 38.39 37.99 37.34 36.82 36.6 36.23 35.99 35.9 35.91 35.99 36.14 36.22 36.24 36.33 36.51 36.66 36.74 36.87 36.86 36.79 36.9 37.2 37.45 37.6 37.78 38.16 38.53 38.69 39.03
