slabs/99.grd
DSAA
631 301
647670 648300
4948400 4948700
35.54 42.81
[rows 102 to 135 of 300, columns 468 to 545 of 631]
37.88 37.89 37.9 37.91 37.91 37.91 37.91 37.92 37.93 37.95 38 38.02 38 37.97 37.87 37.81 37.82 37.82 37.82 37.87 37.87 37.84 37.81 37.82 37.82 37.82 37.82 37.82 37.83 37.84 37.87 37.89 37.89 37.88 37.88 37.88 37.88 37.89 37.91 37.91 37.91 37.89 37.85 37.87 37.86 37.85 37.86 37.89 37.9 37.93 37.93 37.91 37.9 37.9 37.91 37.91 37.92 37.96 37.97 37.98 37.99 38 38.03 38.05 38.09 38.06 38.05 38.07 38.09 38.05 38.02 38.03 38.04 38.04 38.05 38.07 38.08 38.08
37.89 37.88 37.89 37.92 37.92 37.91 37.92 37.94 37.95 37.96 38.01 38.03 38.03 38 37.91 37.83 37.84 37.84 37.83 37.84 37.87 37.84 37.8 37.79 37.8 37.81 37.81 37.81 37.82 37.84 37.86 37.88 37.88 37.88 37.88 37.88 37.88 37.89 37.91 37.91 37.91 37.89 37.85 37.85 37.85 37.86 37.86 37.88 37.89 37.93 37.94 37.93 37.91 37.9 37.91 37.91 37.93 37.96 37.96 37.96 37.97 37.99 38.03 38.05 38.07 38.06 38.06 38.08 38.1 38.07 38.03 38.01 38.01 38.02 38.04 38.05 38.07 38.09
37.91 37.89 37.9 37.92 37.93 37.93 37.93 37.95 37.95 37.96 38 38.02 38.04 38.02 37.94 37.85 37.83 37.84 37.84 37.82 37.85 37.84 37.8 37.78 37.79 37.81 37.81 37.81 37.81 37.83 37.86 37.88 37.88 37.87 37.88 37.9 37.9 37.91 37.92 37.92 37.91 37.9 37.88 37.85 37.85 37.86 37.86 37.87 37.89 37.92 37.95 37.94 37.91 37.91 37.92 37.92 37.93 37.95 37.95 37.95 37.98 38 38 38.03 38.06 38.06 38.05 38.05 38.06 38.06 38.04 38.02 38 38.02 38.03 38.06 38.07 38.09
37.95 37.93 37.9 37.92 37.94 37.94 37.93 37.94 37.93 37.95 37.99 38.03 38.04 38.02 37.95 37.86 37.82 37.84 37.85 37.82 37.83 37.83 37.81 37.8 37.81 37.82 37.81 37.81 37.81 37.82 37.85 37.87 37.87 37.87 37.88 37.92 37.93 37.94 37.92 37.91 37.91 37.91 37.88 37.85 37.85 37.86 37.86 37.86 37.87 37.91 37.96 37.95 37.91 37.9 37.91 37.91 37.92 37.93 37.94 37.95 37.98 38 38 38.02 38.06 38.07 38.05 38.04 38.04 38.05 38.05 38.04 38.01 38.02 38.03 38.06 38.08 38.07
38 37.97 37.9 37.92 37.95 37.94 37.92 37.91 37.92 37.93 37.99 38.03 38.05 38.02 37.96 37.87 37.83 37.84 37.85 37.82 37.81 37.81 37.82 37.85 37.84 37.83 37.8 37.8 37.8 37.82 37.83 37.85 37.86 37.87 37.88 37.94 37.97 37.99 37.93 37.92 37.92 37.91 37.88 37.85 37.85 37.85 37.87 37.87 37.87 37.92 37.96 37.95 37.93 37.91 37.9 37.9 37.91 37.91 37.93 37.95 37.98 38.02 38.03 38.03 38.04 38.05 38.04 38.04 38.04 38.05 38.06 38.05 38.01 38.01 38.03 38.05 38.06 38.06
38.05 38 37.91 37.92 37.96 37.95 37.93 37.92 37.92 37.93 37.96 38.02 38.06 38.05 38 37.91 37.85 37.82 37.8 37.8 37.79 37.79 37.82 37.85 37.84 37.81 37.8 37.81 37.82 37.82 37.82 37.82 37.84 37.87 37.88 37.92 37.97 38 37.95 37.94 37.92 37.91 37.9 37.88 37.86 37.86 37.86 37.87 37.89 37.92 37.96 37.96 37.95 37.92 37.9 37.9 37.9 37.91 37.93 37.93 37.97 38.01 38.03 38.02 38.01 38.01 38.02 38.04 38.05 38.06 38.05 38.04 38.01 38.01 38.03 38.05 38.04 38.03
38.06 38.02 37.93 37.92 37.95 37.95 37.94 37.92 37.91 37.91 37.95 38.01 38.06 38.06 38.04 37.96 37.89 37.81 37.76 37.75 37.76 37.79 37.8 37.82 37.82 37.81 37.82 37.83 37.83 37.83 37.83 37.82 37.83 37.87 37.88 37.89 37.92 37.95 37.93 37.92 37.91 37.91 37.89 37.87 37.86 37.85 37.84 37.86 37.88 37.91 37.95 37.96 37.96 37.93 37.91 37.9 37.9 37.91 37.91 37.92 37.94 37.97 37.99 37.99 37.99 37.99 38.02 38.04 38.04 38.04 38.03 38.03 38.02 38 38.01 38.04 38.03 38.03
38.05 38.02 37.94 37.91 37.92 37.94 37.95 37.92 37.9 37.91 37.94 38 38.03 38.04 38.03 37.99 37.94 37.83 37.77 37.74 37.76 37.81 37.81 37.81 37.81 37.83 37.83 37.82 37.82 37.83 37.83 37.82 37.84 37.87 37.88 37.87 37.89 37.91 37.91 37.91 37.91 37.91 37.89 37.88 37.87 37.84 37.84 37.85 37.89 37.91 37.94 37.95 37.96 37.93 37.91 37.89 37.89 37.91 37.91 37.9 37.92 37.94 37.96 37.98 37.98 37.99 38.01 38.04 38.04 38.03 38.02 38.03 38.03 37.99 38 38.03 38.04 38.06
38.01 38 37.96 37.91 37.91 37.93 37.96 37.93 37.91 37.91 37.94 37.97 37.99 38.03 38.04 38.01 37.97 37.88 37.82 37.8 37.81 37.82 37.81 37.82 37.82 37.83 37.82 37.81 37.81 37.82 37.83 37.83 37.84 37.87 37.88 37.89 37.89 37.91 37.93 37.93 37.92 37.91 37.91 37.89 37.86 37.83 37.83 37.85 37.9 37.91 37.92 37.94 37.95 37.94 37.92 37.9 37.89 37.9 37.9 37.9 37.92 37.93 37.95 37.98 37.99 37.98 38 38.03 38.06 38.04 38.04 38.04 38.02 37.99 38.01 38.04 38.05 38.05
37.98 37.98 37.96 37.92 37.92 37.91 37.94 37.93 37.91 37.91 37.93 37.95 37.98 38.03 38.05 38.03 38 37.92 37.86 37.84 37.83 37.82 37.8 37.81 37.81 37.81 37.83 37.83 37.84 37.82 37.86 37.86 37.85 37.86 37.88 37.89 37.9 37.91 37.93 37.93 37.92 37.91 37.91 37.89 37.85 37.83 37.83 37.87 37.92 37.89 37.91 37.93 37.96 37.96 37.95 37.94 37.9 37.9 37.9 37.91 37.94 37.93 37.94 37.97 37.99 38 38.01 38.05 38.07 38.06 38.05 38.04 38.05 38.02 38.01 38.03 38.06 38.05
37.98 37.97 37.95 37.92 37.92 37.89 37.91 37.92 37.92 37.91 37.94 37.97 37.98 38.01 38.02 38.02 38 37.95 37.87 37.83 37.83 37.83 37.81 37.8 37.79 37.8 37.84 37.87 37.89 37.85 37.87 37.87 37.84 37.84 37.86 37.87 37.89 37.9 37.92 37.92 37.92 37.9 37.9 37.88 37.86 37.84 37.85 37.88 37.9 37.87 37.88 37.91 37.95 37.98 37.98 37.96 37.91 37.9 37.9 37.91 37.93 37.94 37.94 37.95 37.99 38.01 38.02 38.04 38.04 38.04 38.03 38.04 38.07 38.05 38.02 38.03 38.05 38.05
37.99 37.98 37.95 37.91 37.9 37.9 37.92 37.94 37.94 37.92 37.93 37.94 37.95 37.99 38.01 38 37.99 37.94 37.86 37.82 37.83 37.84 37.83 37.8 37.79 37.79 37.82 37.85 37.9 37.85 37.82 37.82 37.82 37.83 37.84 37.85 37.87 37.89 37.91 37.91 37.91 37.91 37.91 37.89 37.88 37.85 37.86 37.86 37.85 37.84 37.85 37.88 37.92 37.96 37.96 37.95 37.9 37.87 37.89 37.91 37.92 37.95 37.95 37.95 37.99 38.01 38.01 38.01 38.02 38.03 38.03 38.03 38.05 38.05 38.02 38.02 38.04 38.05
37.99 37.98 37.95 37.9 37.89 37.91 37.93 37.95 37.94 37.92 37.91 37.92 37.94 37.97 38 38.01 38 37.96 37.89 37.84 37.83 37.84 37.85 37.83 37.79 37.79 37.8 37.83 37.89 37.85 37.78 37.78 37.79 37.81 37.84 37.85 37.86 37.89 37.9 37.91 37.93 37.92 37.91 37.9 37.88 37.88 37.87 37.84 37.83 37.86 37.86 37.88 37.9 37.93 37.93 37.92 37.9 37.87 37.89 37.93 37.93 37.95 37.95 37.95 37.98 38.01 38.02 38.01 38.02 38.03 38.02 38.02 38.03 38.04 38.02 38.01 38.03 38.04
37.98 37.97 37.95 37.9 37.9 37.9 37.9 37.9 37.91 37.93 37.92 37.93 37.94 37.96 38 38.05 38.04 38.01 37.95 37.9 37.83 37.83 37.84 37.82 37.8 37.79 37.8 37.83 37.87 37.85 37.78 37.77 37.77 37.81 37.84 37.86 37.87 37.88 37.89 37.9 37.94 37.93 37.92 37.91 37.89 37.89 37.88 37.83 37.83 37.87 37.88 37.88 37.9 37.92 37.92 37.93 37.92 37.89 37.91 37.95 37.93 37.95 37.94 37.95 37.97 38 38.02 38.01 38.02 38.02 38.02 38.01 38.01 38.02 38.02 38 38.01 38.02
37.97 37.97 37.96 37.94 37.93 37.91 37.89 37.88 37.9 37.93 37.94 37.93 37.94 37.96 38 38.06 38.07 38.05 37.99 37.94 37.84 37.81 37.82 37.81 37.8 37.8 37.81 37.83 37.86 37.85 37.8 37.79 37.78 37.81 37.83 37.85 37.87 37.86 37.86 37.88 37.92 37.92 37.92 37.91 37.9 37.88 37.87 37.84 37.83 37.88 37.88 37.87 37.89 37.9 37.92 37.93 37.93 37.89 37.9 37.91 37.92 37.94 37.94 37.95 37.97 37.99 38.01 38 38.01 38.01 38.02 38.01 38.01 38.01 38.01 37.98 37.98 38
37.96 37.97 37.97 37.97 37.95 37.91 37.89 37.89 37.91 37.94 37.94 37.95 37.96 37.97 37.99 38.02 38.06 38.05 38.01 37.97 37.86 37.82 37.81 37.81 37.8 37.81 37.83 37.84 37.86 37.86 37.81 37.8 37.8 37.81 37.83 37.84 37.86 37.86 37.86 37.87 37.9 37.91 37.9 37.89 37.9 37.89 37.88 37.85 37.84 37.88 37.87 37.87 37.89 37.9 37.92 37.94 37.94 37.91 37.9 37.89 37.9 37.92 37.94 37.94 37.96 37.98 38 37.99 38.01 38.02 38.01 38 38 38 38 37.98 37.96 37.98
37.97 37.97 37.98 37.99 37.97 37.92 37.9 37.91 37.92 37.94 37.93 37.94 37.96 37.96 37.97 37.99 38.03 38.03 38.04 38.01 37.91 37.83 37.81 37.81 37.82 37.82 37.84 37.84 37.86 37.85 37.81 37.8 37.81 37.83 37.84 37.84 37.86 37.88 37.87 37.87 37.89 37.89 37.89 37.9 37.91 37.9 37.89 37.86 37.84 37.86 37.85 37.84 37.87 37.9 37.92 37.94 37.95 37.93 37.9 37.88 37.88 37.9 37.93 37.94 37.94 37.96 37.99 38 38.02 38.02 38.02 38 37.99 37.98 38 38.01 37.99 37.98
37.97 37.98 37.98 37.97 37.97 37.94 37.92 37.91 37.93 37.94 37.93 37.93 37.94 37.94 37.96 37.97 38 38.03 38.07 38.04 37.95 37.86 37.82 37.82 37.83 37.81 37.82 37.84 37.86 37.84 37.83 37.82 37.81 37.83 37.83 37.84 37.85 37.87 37.87 37.87 37.87 37.87 37.88 37.91 37.92 37.9 37.89 37.86 37.84 37.83 37.83 37.83 37.86 37.89 37.91 37.95 37.95 37.93 37.9 37.88 37.88 37.9 37.93 37.93 37.92 37.94 38 38.02 38.02 38.02 38.02 38 37.98 37.98 38.02 38.06 38.06 38.01
37.96 37.98 37.98 37.97 37.96 37.95 37.93 37.92 37.93 37.94 37.94 37.94 37.92 37.92 37.95 37.96 37.99 38.04 38.08 38.05 37.97 37.88 37.83 37.83 37.82 37.81 37.82 37.83 37.85 37.84 37.83 37.82 37.81 37.8 37.81 37.83 37.83 37.84 37.85 37.86 37.85 37.86 37.88 37.91 37.9 37.89 37.89 37.87 37.86 37.84 37.83 37.83 37.86 37.88 37.92 37.95 37.96 37.95 37.92 37.89 37.88 37.9 37.92 37.91 37.9 37.93 38.01 38.04 38.01 38.01 38.01 37.99 37.97 37.98 38.03 38.1 38.09 38.02
37.96 37.97 37.99 37.98 37.96 37.96 37.94 37.93 37.92 37.93 37.95 37.94 37.93 37.92 37.92 37.95 37.99 38.05 38.07 38.05 37.99 37.91 37.84 37.84 37.83 37.81 37.82 37.82 37.83 37.82 37.83 37.82 37.79 37.78 37.79 37.81 37.81 37.83 37.84 37.86 37.86 37.88 37.88 37.89 37.89 37.89 37.89 37.89 37.88 37.86 37.84 37.83 37.84 37.87 37.91 37.94 37.95 37.96 37.95 37.91 37.89 37.9 37.93 37.92 37.91 37.93 37.99 38.01 37.97 37.98 38.01 37.99 37.96 37.97 38.01 38.07 38.06 38.01
37.96 37.98 38 37.99 37.97 37.97 37.96 37.94 37.92 37.93 37.95 37.95 37.94 37.92 37.93 37.94 37.99 38.06 38.07 38.05 38 37.94 37.87 37.84 37.84 37.83 37.82 37.81 37.81 37.82 37.83 37.83 37.8 37.78 37.8 37.81 37.81 37.82 37.83 37.86 37.87 37.87 37.88 37.89 37.89 37.89 37.89 37.9 37.88 37.87 37.83 37.82 37.82 37.84 37.86 37.91 37.94 37.95 37.96 37.92 37.9 37.91 37.93 37.93 37.93 37.93 37.94 37.97 37.95 37.96 37.98 37.99 37.98 37.99 38 38.03 38.03 38
37.95 37.97 37.98 37.98 37.98 37.98 37.96 37.95 37.93 37.95 37.96 37.96 37.95 37.93 37.94 37.95 37.98 38.03 38.05 38.05 38.03 37.98 37.93 37.85 37.83 37.84 37.83 37.81 37.8 37.81 37.81 37.83 37.81 37.79 37.8 37.82 37.8 37.8 37.82 37.85 37.87 37.86 37.88 37.89 37.89 37.89 37.9 37.88 37.85 37.84 37.82 37.83 37.83 37.83 37.84 37.9 37.95 37.94 37.94 37.94 37.91 37.92 37.93 37.93 37.93 37.93 37.94 37.97 37.97 37.97 37.98 38.01 38.01 38.01 38 38.01 38.02 38
37.96 37.97 37.97 37.98 37.99 37.98 37.95 37.94 37.94 37.96 37.94 37.95 37.95 37.94 37.95 37.95 37.97 37.99 38.01 38.05 38.05 38.01 37.96 37.87 37.83 37.83 37.83 37.82 37.81 37.81 37.81 37.82 37.81 37.8 37.8 37.79 37.78 37.78 37.79 37.82 37.86 37.86 37.88 37.9 37.89 37.89 37.89 37.86 37.82 37.81 37.81 37.83 37.83 37.83 37.85 37.9 37.95 37.94 37.93 37.95 37.93 37.92 37.92 37.93 37.93 37.92 37.94 37.97 37.97 37.97 37.98 38.02 38.02 38.01 37.98 38.01 38.01 38
37.95 37.98 37.98 37.99 38.01 37.99 37.96 37.95 37.94 37.97 37.95 37.95 37.96 37.96 37.96 37.96 37.97 37.99 38.02 38.06 38.06 38.02 37.98 37.9 37.85 37.83 37.84 37.84 37.83 37.83 37.82 37.81 37.82 37.83 37.8 37.77 37.76 37.77 37.76 37.78 37.85 37.86 37.89 37.9 37.89 37.88 37.88 37.88 37.84 37.83 37.81 37.8 37.81 37.81 37.83 37.88 37.93 37.94 37.95 37.94 37.92 37.92 37.92 37.93 37.92 37.92 37.94 37.95 37.96 37.97 37.99 38.02 38.01 38 37.98 37.99 37.99 37.99
37.94 37.95 37.97 37.98 38 37.98 37.95 37.94 37.93 37.94 37.93 37.95 37.96 37.97 37.97 37.96 37.97 37.99 38.02 38.07 38.07 38.03 38 37.92 37.86 37.85 37.85 37.83 37.83 37.83 37.83 37.82 37.84 37.86 37.82 37.77 37.76 37.76 37.76 37.78 37.83 37.85 37.88 37.88 37.87 37.87 37.88 37.87 37.84 37.83 37.81 37.81 37.81 37.81 37.81 37.86 37.91 37.95 37.97 37.96 37.95 37.92 37.91 37.92 37.92 37.92 37.93 37.94 37.96 37.97 37.99 38 38 37.99 37.97 37.96 37.96 37.96
37.91 37.92 37.96 37.96 37.98 37.99 37.96 37.95 37.92 37.92 37.93 37.94 37.96 37.97 37.97 37.97 37.97 37.98 38.01 38.07 38.08 38.05 38.02 37.94 37.86 37.84 37.84 37.83 37.83 37.83 37.83 37.82 37.84 37.86 37.83 37.79 37.78 37.78 37.78 37.81 37.85 37.86 37.86 37.86 37.87 37.87 37.87 37.86 37.85 37.84 37.82 37.82 37.82 37.81 37.81 37.84 37.89 37.96 37.96 37.97 37.97 37.94 37.91 37.92 37.93 37.92 37.94 37.94 37.95 37.96 37.97 37.97 37.99 38 37.98 37.96 37.94 37.92
37.9 37.92 37.95 37.95 37.98 38 37.99 37.97 37.94 37.92 37.93 37.94 37.96 37.97 37.97 37.96 37.95 37.96 37.99 38.05 38.08 38.07 38.05 37.97 37.88 37.83 37.83 37.83 37.84 37.84 37.83 37.81 37.82 37.83 37.82 37.8 37.78 37.78 37.79 37.83 37.88 37.88 37.86 37.85 37.86 37.86 37.85 37.85 37.85 37.85 37.84 37.82 37.8 37.79 37.8 37.83 37.87 37.93 37.94 37.96 37.97 37.96 37.91 37.91 37.92 37.92 37.94 37.94 37.93 37.94 37.96 37.97 37.99 38.02 38.01 37.97 37.94 37.92
37.92 37.95 37.98 37.97 37.99 38.01 38.01 37.99 37.96 37.94 37.94 37.95 37.96 37.96 37.97 37.96 37.96 37.97 37.99 38.02 38.07 38.08 38.07 38.01 37.9 37.84 37.84 37.83 37.83 37.83 37.82 37.82 37.81 37.81 37.82 37.8 37.77 37.77 37.78 37.8 37.83 37.83 37.83 37.85 37.87 37.87 37.86 37.85 37.86 37.86 37.85 37.82 37.8 37.79 37.8 37.82 37.86 37.91 37.92 37.94 37.95 37.95 37.91 37.89 37.9 37.92 37.93 37.93 37.92 37.93 37.95 37.97 37.98 38.01 37.99 37.96 37.93 37.93
37.92 37.95 37.98 37.99 37.99 38.02 38.01 37.99 37.98 37.95 37.95 37.96 37.96 37.96 37.96 37.97 37.98 37.99 38 38.01 38.04 38.06 38.06 38.03 37.94 37.88 37.86 37.83 37.82 37.82 37.82 37.84 37.83 37.82 37.82 37.8 37.79 37.79 37.79 37.78 37.79 37.8 37.82 37.85 37.86 37.86 37.86 37.84 37.85 37.87 37.86 37.83 37.82 37.81 37.82 37.82 37.85 37.89 37.91 37.93 37.93 37.94 37.92 37.88 37.9 37.93 37.93 37.92 37.92 37.92 37.93 37.93 37.96 37.99 37.98 37.94 37.9 37.91
37.91 37.93 37.95 37.98 37.98 38.01 38.01 37.99 37.97 37.95 37.95 37.96 37.96 37.98 37.97 37.97 37.97 37.98 37.99 38 38.02 38.05 38.07 38.03 37.97 37.93 37.87 37.84 37.84 37.84 37.83 37.82 37.81 37.81 37.82 37.81 37.83 37.82 37.79 37.78 37.79 37.8 37.82 37.83 37.83 37.84 37.84 37.82 37.83 37.87 37.87 37.84 37.82 37.81 37.82 37.82 37.84 37.87 37.91 37.93 37.94 37.95 37.94 37.9 37.9 37.93 37.94 37.92 37.92 37.92 37.92 37.92 37.95 37.98 37.98 37.95 37.9 37.9
37.9 37.9 37.92 37.95 37.96 37.98 37.99 38 37.98 37.96 37.95 37.95 37.96 37.97 37.97 37.95 37.95 37.95 37.96 37.98 38.01 38.03 38.07 38.03 37.98 37.94 37.87 37.85 37.86 37.85 37.83 37.83 37.82 37.81 37.81 37.8 37.81 37.8 37.78 37.77 37.79 37.81 37.83 37.81 37.81 37.83 37.83 37.81 37.82 37.86 37.87 37.84 37.83 37.81 37.81 37.81 37.82 37.86 37.91 37.93 37.94 37.95 37.93 37.91 37.9 37.9 37.93 37.93 37.92 37.92 37.93 37.93 37.93 37.96 37.98 37.97 37.93 37.9
37.92 37.89 37.9 37.91 37.94 37.96 37.98 38 38 37.98 37.97 37.96 37.96 37.97 37.96 37.95 37.95 37.94 37.95 37.99 38.01 38.03 38.05 38.03 37.98 37.95 37.88 37.86 37.87 37.85 37.82 37.85 37.84 37.83 37.83 37.82 37.79 37.78 37.77 37.76 37.77 37.81 37.82 37.81 37.81 37.82 37.82 37.82 37.82 37.86 37.87 37.86 37.84 37.82 37.8 37.8 37.81 37.84 37.88 37.92 37.93 37.94 37.92 37.91 37.9 37.91 37.92 37.93 37.91 37.91 37.93 37.93 37.93 37.95 37.98 37.98 37.96 37.89
37.92 37.9 37.9 37.91 37.94 37.96 37.97 37.99 38 37.98 37.98 37.97 37.97 37.97 37.96 37.96 37.97 37.96 37.96 37.99 38 38.01 38.03 38.03 38.01 37.98 37.9 37.85 37.84 37.83 37.81 37.83 37.84 37.83 37.85 37.85 37.79 37.78 37.78 37.77 37.77 37.78 37.8 37.81 37.81 37.81 37.83 37.83 37.82 37.83 37.86 37.87 37.85 37.82 37.79 37.79 37.81 37.83 37.85 37.88 37.91 37.92 37.91 37.91 37.9 37.91 37.91 37.91 37.92 37.9 37.9 37.92 37.93 37.93 37.95 37.96 37.95 37.88
37.91 37.9 37.9 37.92 37.97 37.98 37.98 37.99 38 37.99 37.99 37.98 37.97 37.96 37.94 37.96 37.98 37.97 37.96 37.98 38 38 38.03 38.05 38.04 38 37.92 37.84 37.82 37.81 37.8 37.81 37.82 37.81 37.83 37.85 37.8 37.78 37.78 37.79 37.78 37.77 37.78 37.8 37.8 37.81 37.83 37.84 37.83 37.82 37.85 37.86 37.85 37.82 37.78 37.77 37.82 37.87 37.84 37.86 37.9 37.92 37.91 37.9 37.9 37.9 37.9 37.9 37.91 37.9 37.89 37.9 37.91 37.91 37.92 37.93 37.92 37.86
