slabs/99.grd
DSAA
631 301
647670 648300
4948400 4948700
35.54 42.81
[rows 34 to 67 of 300, columns 234 to 311 of 631]
37.86 37.85 37.85 37.87 37.87 37.86 37.85 37.83 37.81 37.8 37.81 37.82 37.8 37.8 37.8 37.78 37.75 37.75 37.74 37.75 37.75 37.74 37.75 37.77 37.77 37.76 37.75 37.74 37.72 37.73 37.74 37.76 37.75 37.74 37.75 37.81 37.83 37.78 37.71 37.7 37.7 37.69 37.66 37.65 37.69 37.77 37.79 37.77 37.8 37.84 37.85 37.91 37.9 37.83 37.73 37.72 37.72 37.74 37.75 37.75 37.77 37.78 37.72 37.73 37.76 37.81 37.84 37.85 37.8 37.59 37.43 37.51 37.81 38.16 38.24 38.24 38.24 38.23
37.85 37.84 37.84 37.86 37.87 37.85 37.85 37.84 37.83 37.82 37.8 37.81 37.81 37.8 37.8 37.79 37.76 37.75 37.74 37.75 37.74 37.73 37.72 37.74 37.75 37.74 37.71 37.71 37.7 37.7 37.72 37.75 37.76 37.75 37.76 37.81 37.81 37.79 37.74 37.73 37.72 37.69 37.65 37.63 37.67 37.75 37.77 37.76 37.78 37.82 37.84 37.86 37.85 37.82 37.78 37.76 37.74 37.75 37.73 37.73 37.78 37.81 37.76 37.76 37.8 37.83 37.83 37.83 37.75 37.54 37.5 37.65 37.99 38.2 38.26 38.25 38.22 38.18
37.85 37.87 37.86 37.87 37.87 37.87 37.85 37.84 37.84 37.83 37.8 37.8 37.81 37.81 37.79 37.79 37.78 37.76 37.73 37.73 37.72 37.7 37.68 37.69 37.72 37.71 37.7 37.71 37.71 37.72 37.74 37.79 37.79 37.77 37.77 37.79 37.81 37.83 37.77 37.76 37.74 37.69 37.64 37.63 37.65 37.72 37.8 37.83 37.81 37.81 37.82 37.82 37.81 37.83 37.85 37.82 37.75 37.74 37.72 37.73 37.79 37.83 37.79 37.78 37.81 37.83 37.78 37.74 37.63 37.58 37.8 37.94 38.14 38.21 38.25 38.24 38.18 38.12
37.84 37.87 37.87 37.87 37.86 37.86 37.84 37.83 37.82 37.81 37.79 37.79 37.78 37.78 37.79 37.79 37.78 37.75 37.72 37.69 37.68 37.67 37.65 37.66 37.69 37.7 37.71 37.74 37.75 37.76 37.78 37.81 37.8 37.79 37.8 37.82 37.85 37.86 37.78 37.75 37.74 37.71 37.67 37.64 37.66 37.72 37.81 37.85 37.84 37.81 37.81 37.81 37.84 37.86 37.86 37.84 37.78 37.73 37.74 37.75 37.8 37.83 37.8 37.8 37.8 37.77 37.69 37.6 37.53 37.74 38.03 38.17 38.24 38.26 38.26 38.23 38.15 38.09
37.83 37.85 37.86 37.86 37.85 37.84 37.83 37.82 37.8 37.79 37.78 37.77 37.74 37.76 37.79 37.79 37.75 37.72 37.7 37.67 37.65 37.65 37.66 37.66 37.68 37.71 37.73 37.77 37.78 37.79 37.8 37.79 37.8 37.83 37.84 37.83 37.86 37.89 37.84 37.79 37.77 37.73 37.69 37.66 37.66 37.7 37.79 37.82 37.84 37.82 37.84 37.84 37.87 37.89 37.88 37.85 37.79 37.75 37.75 37.76 37.8 37.81 37.82 37.82 37.79 37.68 37.56 37.54 37.68 37.99 38.1 38.23 38.25 38.27 38.26 38.2 38.11 38.08
37.83 37.83 37.85 37.85 37.84 37.83 37.83 37.82 37.79 37.79 37.78 37.76 37.74 37.74 37.75 37.76 37.75 37.73 37.7 37.69 37.68 37.67 37.67 37.68 37.7 37.73 37.77 37.79 37.8 37.82 37.81 37.79 37.81 37.86 37.87 37.84 37.87 37.91 37.9 37.84 37.81 37.76 37.73 37.7 37.66 37.68 37.74 37.78 37.83 37.83 37.87 37.86 37.86 37.88 37.86 37.83 37.75 37.74 37.78 37.79 37.81 37.82 37.83 37.83 37.74 37.58 37.49 37.62 37.97 38.22 38.24 38.26 38.26 38.24 38.22 38.17 38.1 38.1
37.83 37.84 37.86 37.85 37.84 37.83 37.82 37.81 37.78 37.78 37.77 37.75 37.71 37.71 37.72 37.74 37.75 37.73 37.73 37.73 37.71 37.71 37.72 37.72 37.74 37.78 37.81 37.82 37.82 37.83 37.84 37.84 37.85 37.88 37.9 37.87 37.88 37.9 37.91 37.86 37.82 37.78 37.77 37.74 37.67 37.67 37.71 37.76 37.84 37.86 37.89 37.87 37.82 37.81 37.77 37.73 37.7 37.74 37.8 37.82 37.84 37.83 37.82 37.79 37.63 37.45 37.5 37.77 38.13 38.27 38.28 38.29 38.27 38.24 38.21 38.14 38.11 38.12
37.84 37.85 37.87 37.85 37.84 37.84 37.82 37.8 37.78 37.77 37.74 37.73 37.71 37.71 37.72 37.73 37.73 37.72 37.74 37.75 37.74 37.75 37.77 37.77 37.79 37.82 37.84 37.86 37.86 37.86 37.87 37.87 37.87 37.89 37.91 37.89 37.89 37.89 37.89 37.86 37.83 37.8 37.79 37.76 37.69 37.7 37.74 37.78 37.85 37.9 37.9 37.86 37.79 37.73 37.65 37.65 37.69 37.77 37.8 37.81 37.84 37.85 37.83 37.74 37.53 37.44 37.59 37.98 38.23 38.28 38.29 38.28 38.24 38.21 38.18 38.12 38.12 38.14
37.86 37.86 37.86 37.85 37.85 37.84 37.81 37.78 37.76 37.74 37.7 37.69 37.72 37.73 37.73 37.75 37.75 37.75 37.76 37.78 37.78 37.79 37.82 37.82 37.83 37.86 37.87 37.88 37.88 37.88 37.89 37.91 37.91 37.9 37.92 37.91 37.9 37.89 37.87 37.87 37.86 37.83 37.8 37.77 37.74 37.76 37.78 37.79 37.82 37.9 37.88 37.84 37.78 37.71 37.64 37.66 37.73 37.78 37.8 37.82 37.84 37.83 37.79 37.64 37.53 37.66 37.82 38.15 38.27 38.28 38.27 38.25 38.21 38.18 38.16 38.12 38.12 38.14
37.86 37.87 37.88 37.88 37.86 37.84 37.79 37.76 37.73 37.73 37.72 37.7 37.72 37.74 37.75 37.76 37.77 37.79 37.8 37.83 37.83 37.84 37.87 37.86 37.86 37.87 37.88 37.87 37.87 37.89 37.92 37.93 37.93 37.92 37.91 37.91 37.91 37.9 37.89 37.9 37.91 37.87 37.81 37.79 37.77 37.78 37.77 37.76 37.78 37.85 37.87 37.84 37.76 37.69 37.68 37.71 37.77 37.79 37.8 37.84 37.83 37.75 37.68 37.57 37.66 37.94 38.05 38.23 38.28 38.28 38.27 38.25 38.19 38.16 38.15 38.14 38.14 38.14
37.91 37.9 37.9 37.88 37.84 37.82 37.8 37.77 37.75 37.74 37.76 37.76 37.76 37.78 37.8 37.82 37.83 37.85 37.87 37.89 37.89 37.88 37.88 37.86 37.86 37.86 37.88 37.86 37.87 37.89 37.92 37.91 37.92 37.91 37.88 37.88 37.9 37.92 37.94 37.94 37.94 37.88 37.82 37.8 37.77 37.77 37.77 37.76 37.75 37.8 37.84 37.81 37.74 37.69 37.7 37.75 37.79 37.81 37.83 37.86 37.79 37.65 37.59 37.57 37.83 38.1 38.16 38.25 38.29 38.3 38.29 38.26 38.2 38.17 38.18 38.17 38.15 38.15
37.95 37.93 37.89 37.89 37.87 37.83 37.81 37.81 37.8 37.79 37.81 37.82 37.82 37.84 37.86 37.89 37.9 37.92 37.93 37.97 37.95 37.91 37.89 37.85 37.86 37.88 37.88 37.88 37.9 37.91 37.92 37.92 37.94 37.92 37.89 37.9 37.92 37.92 37.93 37.94 37.94 37.89 37.85 37.83 37.78 37.77 37.77 37.76 37.75 37.76 37.77 37.77 37.72 37.71 37.74 37.81 37.82 37.83 37.85 37.85 37.7 37.51 37.51 37.65 37.99 38.2 38.23 38.27 38.3 38.3 38.3 38.29 38.25 38.24 38.24 38.21 38.16 38.15
37.99 37.95 37.91 37.89 37.88 37.87 37.87 37.88 37.87 37.85 37.85 37.88 37.89 37.91 37.93 37.95 37.96 37.98 37.99 38.01 37.98 37.95 37.93 37.92 37.93 37.93 37.87 37.9 37.99 38 38.03 38.04 38.06 38.01 37.97 37.97 37.96 37.93 37.91 37.91 37.91 37.9 37.87 37.85 37.8 37.78 37.78 37.78 37.77 37.74 37.74 37.74 37.73 37.75 37.79 37.84 37.85 37.86 37.87 37.82 37.62 37.41 37.51 37.8 38.11 38.26 38.27 38.29 38.29 38.29 38.31 38.33 38.33 38.32 38.31 38.27 38.18 38.17
38.05 37.99 37.93 37.9 37.91 37.93 37.93 37.93 37.92 37.92 37.92 37.93 37.94 37.96 37.97 37.98 38.03 38.08 38.06 38.04 38.02 38.02 38 38.01 38.02 37.97 37.85 37.92 38.09 38.13 38.16 38.17 38.17 38.1 38.03 38.02 37.99 37.94 37.92 37.91 37.9 37.9 37.88 37.86 37.82 37.79 37.79 37.79 37.78 37.74 37.74 37.74 37.77 37.81 37.83 37.86 37.88 37.89 37.86 37.77 37.58 37.48 37.65 38 38.21 38.29 38.29 38.28 38.27 38.29 38.31 38.35 38.37 38.37 38.35 38.32 38.24 38.21
38.11 38.04 37.97 37.94 37.96 37.99 37.98 37.97 37.96 37.96 37.99 37.97 37.96 37.99 38.01 38.04 38.12 38.2 38.14 38.09 38.07 38.06 38.04 38.06 38.09 38.02 37.89 37.97 38.16 38.22 38.21 38.21 38.23 38.2 38.12 38.1 38.05 37.97 37.92 37.9 37.9 37.9 37.9 37.88 37.85 37.8 37.79 37.77 37.77 37.74 37.75 37.76 37.81 37.84 37.85 37.89 37.91 37.89 37.81 37.66 37.65 37.78 37.94 38.19 38.29 38.32 38.3 38.27 38.25 38.26 38.29 38.33 38.35 38.35 38.35 38.34 38.27 38.25
38.13 38.06 38.01 38 38.01 38.03 38.02 38.01 37.98 37.99 38.05 38 37.97 37.99 38.05 38.1 38.18 38.23 38.16 38.12 38.07 38.08 38.07 38.1 38.15 38.1 38 38.04 38.19 38.25 38.22 38.23 38.26 38.24 38.16 38.15 38.11 38.03 37.96 37.91 37.88 37.89 37.9 37.91 37.87 37.82 37.8 37.77 37.77 37.77 37.77 37.81 37.86 37.87 37.88 37.92 37.91 37.87 37.74 37.6 37.81 38.03 38.2 38.29 38.33 38.32 38.31 38.28 38.25 38.26 38.3 38.33 38.33 38.34 38.34 38.34 38.3 38.28
38.14 38.08 38.06 38.05 38.06 38.05 38.04 38.02 38.02 38.06 38.14 38.07 38.04 38.02 38.05 38.08 38.16 38.17 38.11 38.08 38.05 38.07 38.09 38.1 38.15 38.15 38.09 38.11 38.19 38.23 38.19 38.2 38.24 38.22 38.14 38.14 38.14 38.13 38.06 37.95 37.89 37.9 37.91 37.92 37.88 37.84 37.81 37.78 37.8 37.8 37.82 37.88 37.92 37.92 37.93 37.92 37.86 37.78 37.69 37.71 38 38.12 38.29 38.32 38.34 38.34 38.32 38.3 38.28 38.29 38.32 38.33 38.33 38.33 38.33 38.32 38.32 38.31
38.17 38.11 38.09 38.09 38.07 38.06 38.05 38.04 38.08 38.15 38.2 38.16 38.1 38.05 38.04 38.06 38.11 38.08 38.02 37.99 37.97 38.03 38.07 38.08 38.12 38.15 38.14 38.14 38.16 38.14 38.12 38.14 38.16 38.15 38.11 38.09 38.13 38.2 38.15 38.01 37.92 37.93 37.95 37.95 37.89 37.86 37.83 37.81 37.84 37.85 37.88 37.93 37.96 37.97 37.95 37.86 37.69 37.6 37.65 37.93 38.19 38.26 38.33 38.34 38.32 38.32 38.32 38.32 38.31 38.3 38.29 38.32 38.34 38.33 38.32 38.33 38.34 38.33
38.22 38.16 38.12 38.1 38.08 38.07 38.07 38.06 38.1 38.17 38.21 38.18 38.08 38.01 37.99 38 38.03 37.99 37.93 37.9 37.88 37.97 38.03 38.06 38.1 38.13 38.12 38.13 38.13 38.09 38.09 38.11 38.13 38.14 38.12 38.08 38.13 38.22 38.18 38.02 37.89 37.91 37.93 37.95 37.9 37.88 37.85 37.85 37.9 37.92 37.94 37.96 37.97 37.98 37.93 37.71 37.42 37.44 37.71 38.11 38.29 38.31 38.33 38.32 38.29 38.28 38.27 38.31 38.33 38.31 38.28 38.34 38.39 38.37 38.34 38.34 38.35 38.35
38.28 38.21 38.17 38.14 38.11 38.08 38.08 38.09 38.13 38.18 38.21 38.17 38.05 37.97 37.94 37.95 37.95 37.93 37.89 37.86 37.86 37.95 38.04 38.05 38.09 38.1 38.09 38.11 38.11 38.09 38.1 38.11 38.14 38.17 38.16 38.15 38.2 38.24 38.17 37.97 37.82 37.85 37.88 37.92 37.91 37.87 37.87 37.88 37.94 37.95 37.96 37.98 38 37.97 37.82 37.52 37.31 37.46 37.9 38.22 38.31 38.31 38.32 38.31 38.29 38.26 38.22 38.27 38.32 38.3 38.28 38.35 38.42 38.41 38.36 38.35 38.35 38.36
38.34 38.25 38.18 38.19 38.16 38.12 38.11 38.12 38.16 38.2 38.2 38.14 38.01 37.93 37.91 37.92 37.94 37.93 37.9 37.89 37.91 38 38.07 38.07 38.05 38.04 38.05 38.1 38.11 38.1 38.11 38.13 38.14 38.16 38.18 38.23 38.29 38.26 38.17 37.93 37.77 37.82 37.86 37.93 37.94 37.87 37.87 37.89 37.94 37.98 37.99 38 37.98 37.91 37.66 37.42 37.51 37.68 38.07 38.28 38.33 38.32 38.31 38.3 38.28 38.25 38.22 38.26 38.29 38.28 38.27 38.32 38.38 38.4 38.38 38.37 38.36 38.36
38.39 38.3 38.21 38.21 38.21 38.17 38.14 38.14 38.16 38.19 38.17 38.11 37.97 37.89 37.89 37.91 37.94 37.96 37.93 37.93 37.97 38.05 38.09 38.07 38.03 38.01 38.03 38.09 38.13 38.14 38.14 38.15 38.15 38.16 38.18 38.24 38.3 38.25 38.17 37.95 37.78 37.79 37.84 37.95 37.99 37.93 37.9 37.92 37.97 37.99 38.04 37.99 37.88 37.78 37.55 37.51 37.8 37.95 38.22 38.3 38.32 38.32 38.31 38.29 38.27 38.25 38.23 38.27 38.29 38.26 38.24 38.29 38.33 38.38 38.39 38.4 38.39 38.37
38.39 38.32 38.26 38.26 38.26 38.24 38.23 38.2 38.17 38.16 38.15 38.09 37.95 37.87 37.88 37.91 37.95 37.98 37.98 37.97 37.99 38.02 38.05 38.05 38.03 38.02 38.05 38.11 38.15 38.17 38.17 38.17 38.16 38.16 38.18 38.22 38.25 38.22 38.15 37.98 37.82 37.83 37.88 37.98 38.06 38.02 37.95 37.97 38.01 38.03 38.01 37.87 37.7 37.63 37.53 37.7 38.03 38.13 38.28 38.3 38.3 38.31 38.31 38.29 38.27 38.26 38.26 38.29 38.29 38.27 38.26 38.27 38.29 38.33 38.37 38.4 38.4 38.38
38.38 38.32 38.28 38.27 38.26 38.26 38.26 38.25 38.21 38.16 38.12 38.08 37.96 37.88 37.9 37.91 37.97 38.02 38.03 38.02 37.96 37.95 37.96 38.01 38.05 38.06 38.08 38.13 38.14 38.18 38.18 38.18 38.18 38.16 38.17 38.18 38.2 38.18 38.14 38.01 37.9 37.89 37.94 38.03 38.09 38.07 38 38.01 38.04 38.04 37.94 37.71 37.53 37.53 37.64 37.93 38.18 38.22 38.29 38.29 38.28 38.29 38.29 38.29 38.28 38.26 38.26 38.28 38.28 38.28 38.27 38.24 38.24 38.27 38.33 38.35 38.35 38.35
38.36 38.3 38.25 38.23 38.21 38.23 38.25 38.26 38.24 38.18 38.13 38.11 38.04 37.97 37.95 37.92 37.98 38.04 38.07 38.08 37.98 37.93 37.96 38.06 38.09 38.09 38.1 38.13 38.12 38.16 38.17 38.17 38.17 38.15 38.15 38.16 38.17 38.17 38.14 38.06 37.99 37.98 37.99 38.06 38.1 38.08 38.03 38.04 38.06 38.03 37.88 37.59 37.4 37.52 37.85 38.13 38.25 38.27 38.3 38.3 38.29 38.28 38.27 38.27 38.27 38.25 38.25 38.26 38.27 38.27 38.25 38.22 38.23 38.27 38.3 38.28 38.29 38.32
38.34 38.28 38.22 38.2 38.18 38.22 38.26 38.29 38.26 38.21 38.14 38.13 38.1 38.04 38.01 37.95 37.99 38.05 38.09 38.14 38.11 38.07 38.1 38.16 38.14 38.11 38.12 38.15 38.15 38.16 38.16 38.16 38.16 38.15 38.15 38.16 38.17 38.17 38.14 38.11 38.07 38.06 38.05 38.08 38.1 38.09 38.06 38.06 38.05 38.02 37.89 37.63 37.45 37.64 38.03 38.23 38.29 38.29 38.29 38.29 38.3 38.29 38.27 38.25 38.25 38.26 38.26 38.25 38.25 38.25 38.25 38.27 38.28 38.3 38.3 38.26 38.27 38.3
38.33 38.26 38.21 38.2 38.2 38.27 38.34 38.33 38.27 38.22 38.16 38.12 38.03 37.97 37.97 37.98 38.04 38.11 38.13 38.16 38.18 38.19 38.2 38.21 38.18 38.17 38.17 38.2 38.21 38.19 38.18 38.17 38.17 38.16 38.15 38.16 38.18 38.17 38.16 38.14 38.13 38.13 38.11 38.1 38.1 38.09 38.09 38.08 38.06 38.05 37.99 37.88 37.82 37.94 38.17 38.27 38.3 38.3 38.3 38.29 38.28 38.27 38.27 38.26 38.26 38.29 38.28 38.24 38.24 38.23 38.26 38.29 38.25 38.2 38.24 38.27 38.28 38.31
38.31 38.25 38.19 38.2 38.25 38.32 38.36 38.32 38.26 38.22 38.2 38.12 37.95 37.86 37.88 37.95 38.09 38.17 38.16 38.15 38.15 38.16 38.18 38.21 38.2 38.2 38.2 38.23 38.25 38.22 38.21 38.2 38.18 38.16 38.14 38.15 38.18 38.18 38.17 38.15 38.15 38.15 38.14 38.11 38.1 38.11 38.13 38.13 38.12 38.11 38.11 38.13 38.16 38.22 38.28 38.3 38.3 38.31 38.3 38.3 38.29 38.26 38.25 38.25 38.26 38.28 38.28 38.25 38.25 38.25 38.29 38.29 38.19 38.09 38.18 38.26 38.3 38.33
38.3 38.27 38.21 38.22 38.24 38.27 38.27 38.25 38.21 38.18 38.18 38.13 37.98 37.91 37.89 37.92 38.06 38.18 38.17 38.13 38.11 38.13 38.15 38.19 38.22 38.2 38.21 38.24 38.26 38.24 38.23 38.22 38.18 38.16 38.13 38.13 38.15 38.16 38.18 38.15 38.13 38.12 38.11 38.11 38.12 38.13 38.16 38.17 38.17 38.16 38.16 38.18 38.21 38.26 38.29 38.3 38.3 38.29 38.27 38.26 38.26 38.26 38.24 38.23 38.23 38.26 38.28 38.27 38.27 38.29 38.32 38.28 38.2 38.13 38.19 38.24 38.31 38.34
38.31 38.32 38.27 38.22 38.2 38.19 38.19 38.16 38.16 38.16 38.17 38.18 38.11 38.06 38.01 37.96 38.04 38.15 38.15 38.11 38.1 38.15 38.15 38.18 38.23 38.23 38.25 38.26 38.26 38.26 38.24 38.21 38.16 38.15 38.12 38.12 38.13 38.15 38.17 38.14 38.11 38.1 38.1 38.11 38.12 38.13 38.16 38.18 38.18 38.18 38.19 38.21 38.24 38.29 38.32 38.31 38.29 38.27 38.23 38.23 38.24 38.25 38.24 38.24 38.24 38.25 38.29 38.31 38.32 38.35 38.35 38.32 38.25 38.23 38.24 38.27 38.33 38.37
38.29 38.33 38.31 38.23 38.16 38.17 38.17 38.16 38.15 38.16 38.18 38.21 38.19 38.16 38.1 38.02 38.07 38.15 38.16 38.13 38.16 38.22 38.18 38.15 38.21 38.24 38.27 38.27 38.27 38.27 38.26 38.2 38.13 38.13 38.12 38.11 38.14 38.15 38.15 38.12 38.11 38.12 38.14 38.12 38.12 38.14 38.16 38.18 38.18 38.2 38.22 38.24 38.26 38.31 38.32 38.3 38.27 38.23 38.2 38.22 38.24 38.25 38.26 38.24 38.24 38.26 38.32 38.35 38.37 38.4 38.39 38.36 38.32 38.3 38.26 38.28 38.33 38.37
38.24 38.27 38.29 38.26 38.18 38.19 38.18 38.16 38.15 38.16 38.18 38.23 38.24 38.23 38.17 38.09 38.12 38.16 38.18 38.19 38.24 38.27 38.23 38.13 38.19 38.23 38.27 38.26 38.26 38.24 38.21 38.18 38.13 38.12 38.11 38.12 38.15 38.16 38.16 38.16 38.18 38.2 38.2 38.14 38.15 38.19 38.18 38.18 38.19 38.2 38.23 38.26 38.28 38.31 38.3 38.25 38.22 38.17 38.18 38.21 38.22 38.26 38.29 38.29 38.28 38.28 38.32 38.35 38.38 38.4 38.39 38.38 38.35 38.32 38.25 38.27 38.3 38.33
38.2 38.22 38.25 38.28 38.23 38.2 38.2 38.19 38.17 38.16 38.18 38.23 38.26 38.25 38.21 38.16 38.18 38.19 38.21 38.23 38.25 38.25 38.24 38.17 38.22 38.24 38.26 38.24 38.22 38.19 38.15 38.16 38.16 38.13 38.1 38.14 38.18 38.19 38.23 38.26 38.28 38.3 38.27 38.19 38.2 38.24 38.21 38.19 38.2 38.23 38.26 38.29 38.3 38.31 38.27 38.22 38.18 38.13 38.17 38.2 38.22 38.26 38.31 38.32 38.32 38.3 38.32 38.34 38.36 38.37 38.37 38.35 38.32 38.31 38.27 38.27 38.25 38.26
38.18 38.2 38.22 38.26 38.26 38.2 38.21 38.22 38.2 38.17 38.19 38.23 38.25 38.23 38.21 38.2 38.22 38.22 38.22 38.21 38.2 38.2 38.21 38.23 38.26 38.25 38.21 38.19 38.18 38.17 38.15 38.16 38.17 38.13 38.11 38.16 38.22 38.27 38.34 38.37 38.38 38.39 38.3 38.19 38.21 38.27 38.21 38.19 38.2 38.24 38.28 38.29 38.29 38.29 38.24 38.19 38.16 38.13 38.17 38.21 38.23 38.27 38.31 38.32 38.34 38.34 38.35 38.36 38.37 38.37 38.35 38.33 38.29 38.29 38.29 38.28 38.25 38.22
