slabs/99.grd
DSAA
631 301
647670 648300
4948400 4948700
35.54 42.81
[rows 204 to 237 of 300, columns 468 to 545 of 631]
37.66 37.72 37.74 37.77 37.74 37.71 37.71 37.73 37.76 37.75 37.73 37.68 37.66 37.65 37.64 37.63 37.59 37.59 37.59 37.54 37.52 37.51 37.48 37.46 37.46 37.45 37.42 37.4 37.38 37.39 37.39 37.39 37.39 37.4 37.41 37.39 37.38 37.38 37.38 37.38 37.4 37.43 37.42 37.39 37.37 37.35 37.36 37.37 37.38 37.4 37.38 37.37 37.37 37.37 37.37 37.37 37.36 37.35 37.34 37.33 37.34 37.34 37.32 37.31 37.33 37.35 37.35 37.33 37.29 37.29 37.31 37.31 37.3 37.31 37.31 37.31 37.3 37.33
37.63 37.68 37.7 37.73 37.73 37.71 37.7 37.7 37.75 37.75 37.71 37.66 37.64 37.63 37.62 37.6 37.58 37.59 37.58 37.54 37.52 37.51 37.47 37.44 37.43 37.43 37.4 37.38 37.36 37.36 37.35 37.36 37.38 37.39 37.4 37.38 37.38 37.38 37.38 37.37 37.39 37.41 37.41 37.41 37.39 37.36 37.36 37.37 37.38 37.38 37.36 37.34 37.35 37.36 37.39 37.38 37.36 37.34 37.32 37.32 37.33 37.34 37.33 37.32 37.32 37.32 37.32 37.31 37.3 37.29 37.3 37.3 37.29 37.3 37.32 37.32 37.31 37.31
37.59 37.62 37.64 37.69 37.71 37.71 37.69 37.68 37.73 37.73 37.68 37.64 37.61 37.6 37.6 37.57 37.56 37.57 37.57 37.54 37.51 37.49 37.45 37.43 37.41 37.4 37.39 37.38 37.35 37.34 37.33 37.35 37.36 37.38 37.38 37.38 37.38 37.38 37.38 37.37 37.38 37.39 37.4 37.41 37.4 37.39 37.38 37.38 37.38 37.38 37.36 37.35 37.35 37.37 37.38 37.37 37.34 37.33 37.34 37.33 37.32 37.34 37.33 37.32 37.31 37.31 37.31 37.31 37.3 37.29 37.29 37.29 37.28 37.28 37.31 37.31 37.31 37.3
37.56 37.56 37.56 37.62 37.68 37.68 37.66 37.65 37.71 37.7 37.65 37.63 37.61 37.59 37.57 37.56 37.55 37.56 37.55 37.51 37.47 37.46 37.43 37.4 37.37 37.38 37.38 37.38 37.36 37.35 37.34 37.34 37.35 37.38 37.37 37.38 37.39 37.39 37.38 37.37 37.37 37.37 37.38 37.38 37.38 37.38 37.38 37.38 37.38 37.38 37.36 37.35 37.36 37.37 37.34 37.33 37.31 37.32 37.34 37.33 37.32 37.33 37.33 37.33 37.3 37.3 37.3 37.31 37.3 37.28 37.28 37.29 37.29 37.28 37.28 37.29 37.31 37.31
37.55 37.5 37.5 37.57 37.64 37.64 37.63 37.62 37.65 37.65 37.62 37.61 37.6 37.58 37.55 37.56 37.55 37.53 37.5 37.45 37.44 37.43 37.41 37.38 37.35 37.35 37.36 37.37 37.37 37.34 37.34 37.33 37.34 37.38 37.39 37.39 37.39 37.39 37.38 37.36 37.37 37.37 37.37 37.38 37.38 37.37 37.36 37.36 37.37 37.38 37.38 37.37 37.36 37.36 37.32 37.31 37.31 37.3 37.32 37.31 37.3 37.32 37.34 37.33 37.31 37.29 37.3 37.31 37.3 37.27 37.28 37.29 37.3 37.28 37.27 37.28 37.31 37.31
37.58 37.52 37.5 37.55 37.6 37.61 37.61 37.59 37.59 37.59 37.59 37.57 37.56 37.55 37.53 37.54 37.52 37.49 37.43 37.4 37.42 37.41 37.39 37.38 37.36 37.34 37.33 37.37 37.36 37.34 37.34 37.33 37.35 37.38 37.39 37.39 37.39 37.4 37.4 37.38 37.38 37.37 37.36 37.36 37.36 37.35 37.34 37.34 37.35 37.38 37.4 37.39 37.35 37.35 37.32 37.32 37.3 37.29 37.29 37.29 37.3 37.31 37.33 37.33 37.32 37.3 37.31 37.31 37.28 37.27 37.27 37.28 37.29 37.27 37.26 37.27 37.31 37.3
37.62 37.56 37.5 37.55 37.58 37.58 37.58 37.57 37.54 37.53 37.54 37.54 37.51 37.52 37.52 37.49 37.48 37.45 37.4 37.38 37.41 37.41 37.39 37.41 37.4 37.37 37.35 37.36 37.36 37.35 37.36 37.36 37.36 37.37 37.37 37.38 37.38 37.38 37.38 37.37 37.36 37.35 37.36 37.35 37.34 37.34 37.34 37.34 37.35 37.38 37.41 37.39 37.36 37.34 37.33 37.33 37.3 37.27 37.27 37.28 37.29 37.3 37.32 37.33 37.35 37.33 37.32 37.3 37.29 37.27 37.27 37.27 37.29 37.26 37.25 37.26 37.3 37.3
37.68 37.6 37.48 37.51 37.53 37.54 37.54 37.52 37.49 37.48 37.52 37.53 37.49 37.49 37.48 37.46 37.45 37.42 37.38 37.37 37.38 37.4 37.4 37.41 37.41 37.4 37.39 37.39 37.38 37.37 37.38 37.38 37.38 37.38 37.37 37.36 37.36 37.35 37.35 37.34 37.31 37.32 37.34 37.34 37.34 37.34 37.34 37.34 37.36 37.38 37.38 37.37 37.34 37.32 37.32 37.32 37.29 37.27 37.26 37.28 37.3 37.3 37.33 37.36 37.35 37.33 37.32 37.3 37.3 37.3 37.28 37.26 37.29 37.27 37.25 37.25 37.29 37.29
37.8 37.69 37.48 37.42 37.44 37.46 37.48 37.46 37.45 37.47 37.55 37.57 37.52 37.47 37.43 37.42 37.41 37.4 37.36 37.35 37.36 37.4 37.41 37.42 37.42 37.41 37.42 37.43 37.42 37.4 37.38 37.37 37.37 37.38 37.37 37.35 37.35 37.34 37.34 37.32 37.28 37.3 37.31 37.32 37.33 37.34 37.34 37.35 37.37 37.36 37.35 37.35 37.33 37.3 37.3 37.3 37.29 37.28 37.29 37.29 37.31 37.3 37.31 37.34 37.33 37.32 37.31 37.29 37.29 37.3 37.29 37.28 37.31 37.3 37.27 37.25 37.28 37.29
37.89 37.77 37.51 37.37 37.37 37.39 37.44 37.46 37.45 37.46 37.54 37.58 37.55 37.47 37.42 37.4 37.4 37.4 37.38 37.36 37.38 37.42 37.43 37.42 37.42 37.42 37.43 37.44 37.42 37.4 37.38 37.37 37.36 37.36 37.36 37.34 37.33 37.33 37.33 37.32 37.29 37.3 37.3 37.3 37.31 37.34 37.36 37.37 37.38 37.35 37.35 37.35 37.34 37.31 37.3 37.3 37.31 37.28 37.29 37.3 37.3 37.3 37.3 37.31 37.31 37.31 37.3 37.3 37.3 37.3 37.28 37.28 37.33 37.32 37.3 37.27 37.27 37.29
37.88 37.8 37.57 37.35 37.3 37.33 37.41 37.47 37.45 37.44 37.46 37.51 37.5 37.45 37.4 37.4 37.41 37.41 37.39 37.37 37.39 37.42 37.43 37.43 37.43 37.43 37.44 37.43 37.42 37.4 37.38 37.36 37.34 37.34 37.34 37.33 37.31 37.32 37.32 37.31 37.3 37.29 37.29 37.3 37.31 37.34 37.36 37.37 37.37 37.37 37.36 37.36 37.36 37.35 37.33 37.33 37.31 37.27 37.27 37.3 37.31 37.31 37.31 37.31 37.29 37.29 37.29 37.3 37.29 37.26 37.24 37.26 37.34 37.35 37.33 37.29 37.26 37.27
37.88 37.84 37.65 37.37 37.28 37.28 37.36 37.42 37.42 37.42 37.4 37.42 37.43 37.42 37.39 37.4 37.41 37.41 37.4 37.38 37.4 37.42 37.44 37.44 37.44 37.44 37.42 37.4 37.39 37.37 37.36 37.35 37.32 37.32 37.32 37.31 37.3 37.32 37.32 37.31 37.29 37.28 37.29 37.31 37.34 37.34 37.35 37.36 37.37 37.36 37.36 37.37 37.37 37.36 37.36 37.34 37.3 37.27 37.27 37.29 37.29 37.28 37.29 37.3 37.29 37.29 37.29 37.3 37.3 37.25 37.23 37.25 37.33 37.36 37.34 37.29 37.24 37.25
37.87 37.83 37.66 37.45 37.37 37.3 37.38 37.4 37.4 37.4 37.37 37.37 37.38 37.39 37.4 37.39 37.4 37.42 37.42 37.41 37.41 37.42 37.44 37.44 37.44 37.42 37.39 37.38 37.36 37.35 37.35 37.33 37.31 37.31 37.32 37.32 37.3 37.31 37.32 37.32 37.3 37.29 37.32 37.33 37.35 37.35 37.37 37.37 37.37 37.37 37.37 37.38 37.38 37.36 37.35 37.33 37.3 37.28 37.27 37.26 37.27 37.27 37.27 37.29 37.3 37.3 37.29 37.3 37.32 37.29 37.28 37.28 37.29 37.31 37.3 37.26 37.22 37.21
37.85 37.81 37.67 37.49 37.41 37.34 37.4 37.39 37.39 37.38 37.35 37.35 37.35 37.37 37.4 37.39 37.39 37.42 37.43 37.43 37.43 37.43 37.43 37.43 37.4 37.39 37.39 37.38 37.35 37.34 37.33 37.32 37.3 37.31 37.32 37.31 37.3 37.31 37.31 37.31 37.3 37.29 37.31 37.32 37.34 37.33 37.35 37.37 37.39 37.39 37.39 37.38 37.39 37.36 37.35 37.32 37.3 37.28 37.27 37.25 37.26 37.26 37.27 37.29 37.3 37.3 37.3 37.3 37.32 37.33 37.32 37.3 37.27 37.27 37.27 37.23 37.19 37.18
37.87 37.81 37.69 37.5 37.43 37.35 37.39 37.38 37.38 37.38 37.37 37.36 37.36 37.38 37.39 37.38 37.39 37.41 37.41 37.4 37.4 37.41 37.43 37.41 37.37 37.37 37.41 37.39 37.35 37.33 37.33 37.31 37.3 37.28 37.28 37.28 37.28 37.3 37.32 37.33 37.32 37.3 37.29 37.3 37.3 37.3 37.32 37.38 37.4 37.41 37.4 37.38 37.38 37.36 37.35 37.32 37.3 37.29 37.27 37.25 37.25 37.26 37.27 37.29 37.29 37.3 37.29 37.29 37.3 37.31 37.32 37.31 37.28 37.28 37.28 37.27 37.23 37.21
37.85 37.82 37.71 37.54 37.45 37.35 37.37 37.37 37.38 37.4 37.39 37.38 37.38 37.39 37.39 37.38 37.38 37.39 37.38 37.36 37.35 37.36 37.39 37.39 37.37 37.37 37.4 37.38 37.34 37.33 37.33 37.31 37.28 37.28 37.27 37.27 37.27 37.27 37.3 37.32 37.32 37.3 37.3 37.3 37.3 37.3 37.32 37.37 37.4 37.41 37.41 37.39 37.37 37.36 37.36 37.34 37.32 37.29 37.28 37.26 37.25 37.27 37.29 37.3 37.29 37.29 37.28 37.28 37.28 37.29 37.32 37.32 37.31 37.31 37.31 37.34 37.31 37.27
37.84 37.82 37.73 37.6 37.51 37.38 37.38 37.38 37.39 37.4 37.4 37.39 37.39 37.39 37.38 37.38 37.37 37.35 37.37 37.36 37.33 37.32 37.34 37.34 37.35 37.35 37.36 37.35 37.34 37.34 37.34 37.32 37.29 37.28 37.27 37.27 37.28 37.29 37.29 37.3 37.3 37.29 37.29 37.3 37.32 37.33 37.34 37.37 37.4 37.41 37.42 37.41 37.38 37.37 37.37 37.35 37.32 37.31 37.3 37.27 37.27 37.28 37.31 37.32 37.29 37.28 37.28 37.29 37.3 37.31 37.33 37.34 37.33 37.32 37.32 37.34 37.32 37.28
37.82 37.81 37.72 37.64 37.57 37.45 37.42 37.4 37.4 37.4 37.4 37.38 37.37 37.36 37.37 37.37 37.37 37.34 37.34 37.34 37.32 37.31 37.31 37.32 37.33 37.34 37.35 37.35 37.35 37.34 37.34 37.33 37.29 37.27 37.28 37.28 37.31 37.31 37.3 37.28 37.29 37.29 37.3 37.3 37.32 37.35 37.35 37.37 37.39 37.41 37.41 37.42 37.4 37.39 37.39 37.37 37.33 37.33 37.31 37.27 37.26 37.28 37.33 37.36 37.33 37.31 37.28 37.29 37.3 37.32 37.34 37.33 37.31 37.31 37.33 37.34 37.33 37.31
37.78 37.75 37.69 37.65 37.61 37.49 37.43 37.39 37.39 37.39 37.38 37.36 37.35 37.35 37.37 37.37 37.35 37.32 37.31 37.31 37.31 37.31 37.32 37.33 37.34 37.34 37.34 37.35 37.36 37.34 37.34 37.33 37.29 37.28 37.28 37.28 37.31 37.31 37.29 37.26 37.28 37.3 37.31 37.31 37.31 37.36 37.37 37.38 37.38 37.41 37.41 37.42 37.42 37.41 37.41 37.39 37.34 37.34 37.33 37.29 37.26 37.27 37.32 37.37 37.38 37.35 37.29 37.29 37.29 37.31 37.32 37.31 37.31 37.31 37.32 37.35 37.37 37.35
37.78 37.72 37.66 37.64 37.6 37.49 37.42 37.37 37.35 37.35 37.36 37.36 37.34 37.34 37.35 37.35 37.34 37.32 37.3 37.31 37.32 37.32 37.34 37.36 37.37 37.34 37.35 37.35 37.35 37.35 37.35 37.33 37.3 37.29 37.29 37.29 37.3 37.31 37.28 37.26 37.29 37.31 37.32 37.31 37.3 37.34 37.36 37.37 37.36 37.4 37.41 37.43 37.42 37.41 37.41 37.4 37.37 37.36 37.36 37.32 37.27 37.27 37.29 37.33 37.35 37.33 37.3 37.3 37.31 37.32 37.33 37.32 37.32 37.32 37.32 37.35 37.36 37.34
37.82 37.79 37.73 37.69 37.63 37.53 37.42 37.37 37.31 37.32 37.34 37.34 37.33 37.31 37.32 37.33 37.33 37.31 37.31 37.32 37.33 37.33 37.34 37.36 37.37 37.33 37.34 37.34 37.35 37.36 37.36 37.34 37.33 37.31 37.3 37.29 37.28 37.28 37.26 37.28 37.3 37.3 37.32 37.33 37.29 37.31 37.33 37.35 37.36 37.38 37.39 37.42 37.41 37.41 37.41 37.4 37.4 37.38 37.36 37.34 37.28 37.27 37.27 37.31 37.33 37.32 37.31 37.31 37.33 37.33 37.33 37.32 37.32 37.31 37.32 37.33 37.34 37.32
37.82 37.8 37.8 37.78 37.7 37.59 37.44 37.37 37.26 37.27 37.32 37.33 37.33 37.29 37.29 37.31 37.32 37.3 37.3 37.31 37.34 37.34 37.34 37.35 37.37 37.34 37.35 37.34 37.35 37.37 37.36 37.35 37.34 37.33 37.32 37.3 37.29 37.26 37.26 37.29 37.29 37.28 37.31 37.34 37.31 37.29 37.3 37.33 37.35 37.36 37.37 37.41 37.4 37.4 37.41 37.41 37.41 37.39 37.37 37.35 37.3 37.28 37.27 37.31 37.34 37.34 37.32 37.3 37.33 37.33 37.33 37.33 37.32 37.31 37.32 37.33 37.33 37.32
37.83 37.79 37.81 37.78 37.71 37.59 37.46 37.36 37.22 37.23 37.29 37.31 37.31 37.27 37.28 37.29 37.29 37.29 37.29 37.3 37.33 37.36 37.36 37.36 37.37 37.36 37.36 37.35 37.37 37.39 37.38 37.36 37.35 37.35 37.34 37.32 37.32 37.29 37.3 37.3 37.29 37.29 37.3 37.33 37.31 37.28 37.28 37.3 37.33 37.34 37.37 37.4 37.4 37.4 37.42 37.42 37.42 37.4 37.37 37.35 37.32 37.29 37.26 37.3 37.34 37.34 37.33 37.31 37.32 37.33 37.34 37.33 37.33 37.32 37.34 37.34 37.34 37.34
37.93 37.88 37.88 37.84 37.73 37.61 37.45 37.35 37.2 37.19 37.25 37.27 37.29 37.28 37.27 37.28 37.29 37.29 37.31 37.32 37.36 37.38 37.38 37.38 37.39 37.38 37.37 37.38 37.4 37.4 37.39 37.37 37.37 37.37 37.34 37.31 37.31 37.3 37.3 37.3 37.28 37.29 37.32 37.33 37.31 37.29 37.27 37.29 37.31 37.32 37.35 37.41 37.43 37.43 37.43 37.43 37.41 37.41 37.38 37.35 37.32 37.3 37.26 37.29 37.32 37.34 37.34 37.32 37.32 37.34 37.35 37.33 37.33 37.34 37.34 37.34 37.34 37.35
38.04 37.99 37.98 37.93 37.8 37.65 37.46 37.36 37.19 37.17 37.23 37.24 37.27 37.28 37.27 37.29 37.3 37.3 37.32 37.35 37.38 37.41 37.4 37.4 37.42 37.41 37.41 37.4 37.41 37.41 37.4 37.39 37.38 37.37 37.34 37.31 37.31 37.31 37.32 37.31 37.27 37.27 37.31 37.32 37.31 37.3 37.29 37.31 37.34 37.33 37.34 37.4 37.44 37.43 37.42 37.41 37.41 37.4 37.38 37.35 37.34 37.31 37.26 37.27 37.29 37.34 37.37 37.35 37.34 37.33 37.34 37.33 37.33 37.34 37.35 37.35 37.35 37.35
38.22 38.15 38.1 38.03 37.86 37.68 37.5 37.4 37.22 37.16 37.2 37.22 37.26 37.28 37.28 37.3 37.31 37.32 37.34 37.37 37.39 37.43 37.42 37.42 37.43 37.43 37.42 37.4 37.41 37.43 37.42 37.4 37.37 37.34 37.34 37.33 37.33 37.34 37.33 37.32 37.29 37.28 37.3 37.31 37.3 37.3 37.3 37.32 37.35 37.34 37.33 37.38 37.42 37.43 37.42 37.41 37.4 37.4 37.38 37.36 37.35 37.32 37.27 37.26 37.28 37.34 37.39 37.39 37.36 37.32 37.33 37.33 37.33 37.33 37.36 37.38 37.36 37.34
38.58 38.38 38.22 38.12 37.9 37.67 37.54 37.45 37.26 37.16 37.15 37.18 37.24 37.29 37.29 37.3 37.32 37.35 37.36 37.38 37.4 37.44 37.44 37.44 37.44 37.44 37.43 37.41 37.41 37.45 37.44 37.41 37.39 37.38 37.37 37.36 37.36 37.35 37.32 37.31 37.31 37.3 37.29 37.3 37.31 37.29 37.28 37.31 37.33 37.33 37.33 37.36 37.4 37.42 37.43 37.41 37.41 37.4 37.39 37.37 37.35 37.32 37.29 37.29 37.29 37.32 37.38 37.4 37.37 37.31 37.33 37.33 37.33 37.34 37.37 37.38 37.37 37.34
38.88 38.53 38.28 38.17 37.92 37.69 37.58 37.48 37.29 37.17 37.13 37.15 37.22 37.28 37.29 37.3 37.34 37.37 37.38 37.38 37.41 37.45 37.45 37.44 37.44 37.45 37.45 37.44 37.41 37.44 37.44 37.43 37.41 37.4 37.4 37.39 37.39 37.36 37.32 37.31 37.32 37.3 37.29 37.3 37.3 37.29 37.27 37.27 37.3 37.31 37.32 37.34 37.37 37.41 37.44 37.42 37.42 37.4 37.39 37.37 37.36 37.33 37.31 37.3 37.3 37.31 37.36 37.39 37.37 37.32 37.32 37.33 37.32 37.33 37.38 37.4 37.38 37.34
38.86 38.48 38.25 38.17 37.96 37.8 37.69 37.52 37.32 37.21 37.18 37.16 37.22 37.26 37.28 37.31 37.35 37.37 37.38 37.39 37.41 37.44 37.46 37.46 37.46 37.48 37.49 37.47 37.43 37.44 37.44 37.44 37.42 37.42 37.42 37.42 37.4 37.37 37.31 37.3 37.31 37.3 37.29 37.3 37.29 37.28 37.26 37.25 37.26 37.29 37.32 37.33 37.35 37.39 37.44 37.44 37.42 37.4 37.39 37.38 37.37 37.34 37.31 37.29 37.29 37.3 37.34 37.37 37.36 37.32 37.31 37.32 37.31 37.33 37.39 37.43 37.41 37.36
38.73 38.38 38.22 38.14 38 37.91 37.81 37.57 37.38 37.27 37.23 37.18 37.22 37.26 37.28 37.33 37.35 37.38 37.4 37.42 37.42 37.44 37.45 37.47 37.49 37.52 37.52 37.5 37.45 37.45 37.44 37.44 37.43 37.43 37.42 37.44 37.41 37.38 37.32 37.28 37.3 37.3 37.29 37.28 37.28 37.27 37.26 37.25 37.24 37.26 37.3 37.31 37.33 37.37 37.41 37.44 37.43 37.41 37.41 37.39 37.38 37.35 37.32 37.31 37.31 37.3 37.32 37.34 37.34 37.32 37.31 37.31 37.31 37.33 37.38 37.4 37.4 37.36
38.81 38.43 38.26 38.12 38.02 37.93 37.84 37.61 37.43 37.29 37.24 37.17 37.22 37.25 37.29 37.35 37.36 37.39 37.41 37.43 37.43 37.45 37.46 37.48 37.5 37.51 37.51 37.5 37.47 37.45 37.45 37.45 37.44 37.44 37.42 37.43 37.41 37.39 37.34 37.29 37.29 37.3 37.3 37.28 37.26 37.26 37.26 37.26 37.25 37.26 37.28 37.29 37.32 37.36 37.41 37.43 37.43 37.41 37.42 37.41 37.39 37.36 37.33 37.32 37.31 37.3 37.31 37.32 37.34 37.34 37.31 37.31 37.31 37.34 37.37 37.38 37.39 37.38
38.93 38.53 38.37 38.11 38.02 37.92 37.84 37.66 37.5 37.39 37.3 37.18 37.23 37.25 37.29 37.36 37.38 37.41 37.42 37.43 37.44 37.45 37.46 37.5 37.51 37.5 37.5 37.5 37.49 37.48 37.46 37.46 37.47 37.47 37.43 37.41 37.41 37.39 37.35 37.3 37.28 37.28 37.28 37.28 37.26 37.26 37.27 37.27 37.27 37.27 37.28 37.29 37.31 37.37 37.43 37.44 37.43 37.42 37.43 37.41 37.4 37.37 37.33 37.31 37.31 37.3 37.29 37.31 37.35 37.36 37.32 37.31 37.32 37.34 37.36 37.36 37.39 37.39
38.99 38.59 38.43 38.14 38.03 37.93 37.88 37.74 37.63 37.55 37.4 37.19 37.21 37.25 37.3 37.37 37.38 37.41 37.43 37.45 37.44 37.45 37.46 37.49 37.51 37.51 37.5 37.52 37.53 37.52 37.48 37.48 37.5 37.5 37.45 37.41 37.42 37.4 37.36 37.31 37.28 37.26 37.25 37.28 37.27 37.26 37.28 37.29 37.29 37.27 37.28 37.31 37.32 37.36 37.42 37.42 37.42 37.42 37.42 37.4 37.4 37.37 37.34 37.32 37.31 37.29 37.28 37.3 37.35 37.37 37.34 37.33 37.33 37.35 37.35 37.35 37.37 37.37
39.07 38.66 38.48 38.18 38.06 37.99 37.93 37.79 37.71 37.66 37.5 37.23 37.18 37.24 37.3 37.37 37.39 37.41 37.44 37.46 37.45 37.45 37.45 37.47 37.49 37.5 37.51 37.52 37.55 37.53 37.49 37.48 37.51 37.49 37.45 37.42 37.42 37.41 37.38 37.34 37.31 37.26 37.26 37.3 37.29 37.27 37.29 37.31 37.3 37.27 37.29 37.33 37.33 37.36 37.4 37.41 37.41 37.41 37.41 37.4 37.39 37.38 37.36 37.34 37.32 37.3 37.28 37.3 37.34 37.37 37.36 37.34 37.33 37.35 37.35 37.35 37.35 37.35
